date,county,fips,population,confirmed_cases,reported_cases,probable_cases,reported_and_probable_cases,reported_deaths
2022-04-28,Alameda,001,1643700,262068,262027,14632,276659,1851
2022-04-28,Alpine,003,1148,124,124,1,125,0
2022-04-28,Amador,005,37829,8571,8533,664,9197,86
2022-04-28,Butte,007,227075,33181,33172,6733,39905,418
2022-04-28,Calaveras,009,45235,7329,7328,363,7691,120
2022-04-28,Colusa,011,21464,3455,3457,1076,4533,21
2022-04-28,Contra Costa,013,1133247,192197,192136,13641,205777,1301
2022-04-28,Del Norte,015,27424,5843,5841,200,6041,50
2022-04-28,El Dorado,017,186661,26945,26946,3240,30186,210
2022-04-28,Fresno,019,978130,232075,232067,23882,255949,2748
2022-04-28,Glenn,021,27897,4994,4995,1625,6620,48
2022-04-28,Humboldt,023,135768,17195,17194,3031,20225,145
2022-04-28,Imperial,025,180216,55505,55503,10960,66463,910
2022-04-28,Inyo,027,18085,4085,4084,507,4591,56
2022-04-28,Kern,029,883053,192315,192250,46498,238748,2265
2022-04-28,Kings,031,150075,51649,51640,3631,55271,447
2022-04-28,Lake,033,64148,10745,10742,907,11649,137
2022-04-28,Lassen,035,31185,8967,8966,890,9856,65
2022-04-28,Los Angeles,037,10098052,2736632,2736900,127054,2863954,31712
2022-04-28,Madera,039,155013,37385,37360,6128,43488,365
2022-04-28,Marin,041,260295,34515,34519,2793,37312,291
2022-04-28,Mariposa,043,17540,2431,2430,205,2635,30
2022-04-28,Mendocino,045,87422,13218,13219,3099,16318,123
2022-04-28,Merced,047,269075,62370,62357,8788,71145,818
2022-04-28,Modoc,049,8938,745,745,253,998,8
2022-04-28,Mono,051,14174,2989,2989,127,3116,6
2022-04-28,Monterey,053,433212,79975,79881,14158,94039,731
2022-04-28,Napa,055,140530,26323,26319,1028,27347,143
2022-04-28,Nevada,057,99092,16094,16100,1233,17333,127
2022-04-28,Orange,059,3164182,551839,551822,42304,594126,6998
2022-04-28,Placer,061,380077,63284,63273,7477,70750,625
2022-04-28,Plumas,063,18699,2945,2946,365,3311,13
2022-04-28,Riverside,065,2383286,593979,593965,28444,622409,6457
2022-04-28,Sacramento,067,1510023,283072,283048,27649,310697,3007
2022-04-28,San Benito,069,59416,12987,12988,522,13510,98
2022-04-28,San Bernardino,071,2135413,568762,568758,25084,593842,7191
2022-04-28,San Diego,073,3302833,761254,761253,53039,814292,5238
2022-04-28,San Francisco,075,870044,130217,130241,8668,138909,860
2022-04-28,San Joaquin,077,732212,167062,167028,9698,176726,2225
2022-04-28,San Luis Obispo,079,281455,53029,53040,3882,56922,477
2022-04-28,San Mateo,081,765935,125810,125807,7374,133181,705
2022-04-28,Santa Barbara,083,443738,86787,86768,4910,91678,688
2022-04-28,Santa Clara,085,1922200,320730,320709,12856,333565,2281
2022-04-28,Santa Cruz,087,273765,48807,48798,2202,51000,262
2022-04-28,Shasta,089,179085,30652,30649,6177,36826,554
2022-04-28,Sierra,091,2930,274,274,48,322,4
2022-04-28,Siskiyou,093,43540,4458,4458,2775,7233,81
2022-04-28,Solano,095,438530,82468,82459,5617,88076,449
2022-04-28,Sonoma,097,501317,85290,85290,2803,88093,488
2022-04-28,Stanislaus,099,539301,117927,117943,17493,135436,1643
2022-04-28,Sutter,101,95872,20638,20644,2167,22811,224
2022-04-28,Tehama,103,63373,12074,12078,2637,14715,202
2022-04-28,Trinity,105,12862,1179,1179,295,1474,20
2022-04-28,Tulare,107,460477,106886,106856,28907,135763,1458
2022-04-28,Tuolumne,109,53932,12711,12713,575,13288,181
2022-04-28,Ventura,111,848112,174684,174679,9385,184064,1486
2022-04-28,Yolo,113,214977,37161,37173,3249,40422,314
2022-04-28,Yuba,115,75493,15916,15917,1229,17146,121
2022-04-27,Alameda,001,1643700,262068,260871,14632,275503,1843
2022-04-27,Alpine,003,1148,124,124,1,125,0
2022-04-27,Amador,005,37829,8571,8518,664,9182,86
2022-04-27,Butte,007,227075,33181,33118,6733,39851,411
2022-04-27,Calaveras,009,45235,7329,7307,363,7670,119
2022-04-27,Colusa,011,21464,3455,3457,1076,4533,21
2022-04-27,Contra Costa,013,1133247,192197,191412,13641,205053,1300
2022-04-27,Del Norte,015,27424,5843,5833,200,6033,50
2022-04-27,El Dorado,017,186661,26945,26898,3240,30138,209
2022-04-27,Fresno,019,978130,232075,231951,23882,255833,2744
2022-04-27,Glenn,021,27897,4994,4993,1625,6618,48
2022-04-27,Humboldt,023,135768,17195,17138,3031,20169,145
2022-04-27,Imperial,025,180216,55505,55480,10960,66440,910
2022-04-27,Inyo,027,18085,4085,4080,507,4587,56
2022-04-27,Kern,029,883053,192315,192157,46498,238655,2271
2022-04-27,Kings,031,150075,51649,51617,3631,55248,444
2022-04-27,Lake,033,64148,10745,10732,907,11639,135
2022-04-27,Lassen,035,31185,8967,8965,890,9855,65
2022-04-27,Los Angeles,037,10098052,2736632,2731988,127054,2859042,31691
2022-04-27,Madera,039,155013,37385,37339,6128,43467,354
2022-04-27,Marin,041,260295,34515,34354,2793,37147,288
2022-04-27,Mariposa,043,17540,2431,2427,205,2632,30
2022-04-27,Mendocino,045,87422,13218,13188,3099,16287,123
2022-04-27,Merced,047,269075,62370,62315,8788,71103,815
2022-04-27,Modoc,049,8938,745,745,253,998,8
2022-04-27,Mono,051,14174,2989,2989,127,3116,6
2022-04-27,Monterey,053,433212,79975,79695,14158,93853,729
2022-04-27,Napa,055,140530,26323,26210,1028,27238,143
2022-04-27,Nevada,057,99092,16094,16080,1233,17313,127
2022-04-27,Orange,059,3164182,551839,550859,42304,593163,6991
2022-04-27,Placer,061,380077,63284,63154,7477,70631,623
2022-04-27,Plumas,063,18699,2945,2934,365,3299,13
2022-04-27,Riverside,065,2383286,593979,593397,28444,621841,6453
2022-04-27,Sacramento,067,1510023,283072,281802,27649,309451,3001
2022-04-27,San Benito,069,59416,12987,12989,522,13511,98
2022-04-27,San Bernardino,071,2135413,568762,568018,25084,593102,7105
2022-04-27,San Diego,073,3302833,761254,759873,53039,812912,5236
2022-04-27,San Francisco,075,870044,130217,129284,8668,137952,857
2022-04-27,San Joaquin,077,732212,167062,166848,9698,176546,2225
2022-04-27,San Luis Obispo,079,281455,53029,52911,3882,56793,476
2022-04-27,San Mateo,081,765935,125810,125018,7374,132392,702
2022-04-27,Santa Barbara,083,443738,86787,86557,4910,91467,685
2022-04-27,Santa Clara,085,1922200,320730,319077,12856,331933,2282
2022-04-27,Santa Cruz,087,273765,48807,48500,2202,50702,262
2022-04-27,Shasta,089,179085,30652,30633,6177,36810,554
2022-04-27,Sierra,091,2930,274,276,48,324,4
2022-04-27,Siskiyou,093,43540,4458,4455,2775,7230,81
2022-04-27,Solano,095,438530,82468,82220,5617,87837,448
2022-04-27,Sonoma,097,501317,85290,84983,2803,87786,487
2022-04-27,Stanislaus,099,539301,117927,117841,17493,135334,1643
2022-04-27,Sutter,101,95872,20638,20627,2167,22794,224
2022-04-27,Tehama,103,63373,12074,12073,2637,14710,201
2022-04-27,Trinity,105,12862,1179,1179,295,1474,20
2022-04-27,Tulare,107,460477,106886,106580,28907,135487,1453
2022-04-27,Tuolumne,109,53932,12711,12684,575,13259,181
2022-04-27,Ventura,111,848112,174684,174425,9385,183810,1480
2022-04-27,Yolo,113,214977,37161,37096,3249,40345,314
2022-04-27,Yuba,115,75493,15916,15902,1229,17131,121
2022-04-26,Alameda,001,1643700,262022,260871,14632,275503,1843
2022-04-26,Alpine,003,1148,124,124,1,125,0
2022-04-26,Amador,005,37829,8571,8518,664,9182,86
2022-04-26,Butte,007,227075,33173,33118,6733,39851,411
2022-04-26,Calaveras,009,45235,7327,7307,363,7670,119
2022-04-26,Colusa,011,21464,3455,3457,1076,4533,21
2022-04-26,Contra Costa,013,1133247,192173,191412,13641,205053,1300
2022-04-26,Del Norte,015,27424,5842,5833,200,6033,50
2022-04-26,El Dorado,017,186661,26942,26898,3240,30138,209
2022-04-26,Fresno,019,978130,232061,231951,23882,255833,2744
2022-04-26,Glenn,021,27897,4994,4993,1625,6618,48
2022-04-26,Humboldt,023,135768,17191,17138,3031,20169,145
2022-04-26,Imperial,025,180216,55502,55480,10960,66440,910
2022-04-26,Inyo,027,18085,4085,4080,506,4586,56
2022-04-26,Kern,029,883053,192311,192157,46498,238655,2271
2022-04-26,Kings,031,150075,51647,51617,3631,55248,444
2022-04-26,Lake,033,64148,10742,10732,907,11639,135
2022-04-26,Lassen,035,31185,8967,8965,890,9855,65
2022-04-26,Los Angeles,037,10098052,2736607,2731988,127051,2859039,31691
2022-04-26,Madera,039,155013,37383,37339,6128,43467,354
2022-04-26,Marin,041,260295,34496,34354,2785,37139,288
2022-04-26,Mariposa,043,17540,2431,2427,205,2632,30
2022-04-26,Mendocino,045,87422,13216,13188,3099,16287,123
2022-04-26,Merced,047,269075,62369,62315,8777,71092,815
2022-04-26,Modoc,049,8938,745,745,253,998,8
2022-04-26,Mono,051,14174,2989,2989,127,3116,6
2022-04-26,Monterey,053,433212,79966,79695,14139,93834,729
2022-04-26,Napa,055,140530,26313,26210,1028,27238,143
2022-04-26,Nevada,057,99092,16094,16080,1233,17313,127
2022-04-26,Orange,059,3164182,551793,550859,42304,593163,6991
2022-04-26,Placer,061,380077,63279,63154,7477,70631,623
2022-04-26,Plumas,063,18699,2945,2934,365,3299,13
2022-04-26,Riverside,065,2383286,593947,593397,28444,621841,6453
2022-04-26,Sacramento,067,1510023,283044,281802,27649,309451,3001
2022-04-26,San Benito,069,59416,12986,12989,522,13511,98
2022-04-26,San Bernardino,071,2135413,568751,568018,25084,593102,7105
2022-04-26,San Diego,073,3302833,761197,759873,52999,812872,5236
2022-04-26,San Francisco,075,870044,130167,129284,8668,137952,857
2022-04-26,San Joaquin,077,732212,167048,166848,9692,176540,2225
2022-04-26,San Luis Obispo,079,281455,53022,52911,3882,56793,476
2022-04-26,San Mateo,081,765935,125783,125018,7374,132392,702
2022-04-26,Santa Barbara,083,443738,86776,86557,4910,91467,685
2022-04-26,Santa Clara,085,1922200,320686,319077,12855,331932,2282
2022-04-26,Santa Cruz,087,273765,48806,48500,2202,50702,262
2022-04-26,Shasta,089,179085,30652,30633,6177,36810,554
2022-04-26,Sierra,091,2930,274,276,48,324,4
2022-04-26,Siskiyou,093,43540,4457,4455,2774,7229,81
2022-04-26,Solano,095,438530,82461,82220,5617,87837,448
2022-04-26,Sonoma,097,501317,85277,84983,2800,87783,487
2022-04-26,Stanislaus,099,539301,117921,117841,17488,135329,1643
2022-04-26,Sutter,101,95872,20633,20627,2167,22794,224
2022-04-26,Tehama,103,63373,12074,12073,2637,14710,201
2022-04-26,Trinity,105,12862,1179,1179,295,1474,20
2022-04-26,Tulare,107,460477,106883,106580,28905,135485,1453
2022-04-26,Tuolumne,109,53932,12705,12684,575,13259,181
2022-04-26,Ventura,111,848112,174669,174425,9385,183810,1480
2022-04-26,Yolo,113,214977,37160,37096,3249,40345,314
2022-04-26,Yuba,115,75493,15915,15902,1229,17131,121
2022-04-25,Alameda,001,1643700,261738,260871,14632,275503,1843
2022-04-25,Alpine,003,1148,124,124,1,125,0
2022-04-25,Amador,005,37829,8569,8518,664,9182,86
2022-04-25,Butte,007,227075,33164,33118,6733,39851,411
2022-04-25,Calaveras,009,45235,7322,7307,363,7670,119
2022-04-25,Colusa,011,21464,3455,3457,1076,4533,21
2022-04-25,Contra Costa,013,1133247,192019,191412,13641,205053,1300
2022-04-25,Del Norte,015,27424,5838,5833,200,6033,50
2022-04-25,El Dorado,017,186661,26933,26898,3240,30138,209
2022-04-25,Fresno,019,978130,232026,231951,23882,255833,2744
2022-04-25,Glenn,021,27897,4993,4993,1625,6618,48
2022-04-25,Humboldt,023,135768,17175,17138,3030,20168,145
2022-04-25,Imperial,025,180216,55495,55480,10960,66440,910
2022-04-25,Inyo,027,18085,4085,4080,506,4586,56
2022-04-25,Kern,029,883053,192300,192157,46498,238655,2271
2022-04-25,Kings,031,150075,51640,51617,3631,55248,444
2022-04-25,Lake,033,64148,10740,10732,907,11639,135
2022-04-25,Lassen,035,31185,8967,8965,890,9855,65
2022-04-25,Los Angeles,037,10098052,2735734,2731988,126978,2858966,31691
2022-04-25,Madera,039,155013,37377,37339,6128,43467,354
2022-04-25,Marin,041,260295,34455,34354,2770,37124,288
2022-04-25,Mariposa,043,17540,2431,2427,205,2632,30
2022-04-25,Mendocino,045,87422,13207,13188,3099,16287,123
2022-04-25,Merced,047,269075,62363,62315,8777,71092,815
2022-04-25,Modoc,049,8938,745,745,253,998,8
2022-04-25,Mono,051,14174,2989,2989,127,3116,6
2022-04-25,Monterey,053,433212,79949,79695,14135,93830,729
2022-04-25,Napa,055,140530,26290,26210,1028,27238,143
2022-04-25,Nevada,057,99092,16090,16080,1233,17313,127
2022-04-25,Orange,059,3164182,551581,550859,42304,593163,6991
2022-04-25,Placer,061,380077,63261,63154,7477,70631,623
2022-04-25,Plumas,063,18699,2943,2934,365,3299,13
2022-04-25,Riverside,065,2383286,593845,593397,28444,621841,6453
2022-04-25,Sacramento,067,1510023,282945,281802,27649,309451,3001
2022-04-25,San Benito,069,59416,12984,12989,522,13511,98
2022-04-25,San Bernardino,071,2135413,568641,568018,25084,593102,7105
2022-04-25,San Diego,073,3302833,760828,759873,52943,812816,5236
2022-04-25,San Francisco,075,870044,129930,129284,8668,137952,857
2022-04-25,San Joaquin,077,732212,167007,166848,9688,176536,2225
2022-04-25,San Luis Obispo,079,281455,52994,52911,3877,56788,476
2022-04-25,San Mateo,081,765935,125650,125018,7373,132391,702
2022-04-25,Santa Barbara,083,443738,86724,86557,4910,91467,685
2022-04-25,Santa Clara,085,1922200,320240,319077,12855,331932,2282
2022-04-25,Santa Cruz,087,273765,48775,48500,2202,50702,262
2022-04-25,Shasta,089,179085,30646,30633,6177,36810,554
2022-04-25,Sierra,091,2930,274,276,48,324,4
2022-04-25,Siskiyou,093,43540,4457,4455,2774,7229,81
2022-04-25,Solano,095,438530,82395,82220,5617,87837,448
2022-04-25,Sonoma,097,501317,85215,84983,2798,87781,487
2022-04-25,Stanislaus,099,539301,117904,117841,17486,135327,1643
2022-04-25,Sutter,101,95872,20630,20627,2167,22794,224
2022-04-25,Tehama,103,63373,12073,12073,2637,14710,201
2022-04-25,Trinity,105,12862,1179,1179,295,1474,20
2022-04-25,Tulare,107,460477,106871,106580,28905,135485,1453
2022-04-25,Tuolumne,109,53932,12693,12684,575,13259,181
2022-04-25,Ventura,111,848112,174608,174425,9384,183809,1480
2022-04-25,Yolo,113,214977,37144,37096,3249,40345,314
2022-04-25,Yuba,115,75493,15907,15902,1229,17131,121
2022-04-24,Alameda,001,1643700,261239,259619,14630,274249,1837
2022-04-24,Alpine,003,1148,124,124,1,125,0
2022-04-24,Amador,005,37829,8560,8509,664,9173,86
2022-04-24,Butte,007,227075,33145,33105,6733,39838,411
2022-04-24,Calaveras,009,45235,7315,7296,363,7659,119
2022-04-24,Colusa,011,21464,3455,3453,1076,4529,21
2022-04-24,Contra Costa,013,1133247,191746,190611,13641,204252,1298
2022-04-24,Del Norte,015,27424,5835,5827,200,6027,50
2022-04-24,El Dorado,017,186661,26918,26837,3240,30077,209
2022-04-24,Fresno,019,978130,231954,231751,23882,255633,2744
2022-04-24,Glenn,021,27897,4993,4989,1623,6612,48
2022-04-24,Humboldt,023,135768,17151,17033,3030,20063,145
2022-04-24,Imperial,025,180216,55476,55434,10960,66394,910
2022-04-24,Inyo,027,18085,4082,4079,506,4585,56
2022-04-24,Kern,029,883053,192267,192012,46488,238500,2267
2022-04-24,Kings,031,150075,51631,51588,3631,55219,444
2022-04-24,Lake,033,64148,10735,10720,907,11627,134
2022-04-24,Lassen,035,31185,8966,8966,890,9856,65
2022-04-24,Los Angeles,037,10098052,2734043,2725630,126877,2852507,31667
2022-04-24,Madera,039,155013,37363,37333,6128,43461,354
2022-04-24,Marin,041,260295,34410,34150,2752,36902,288
2022-04-24,Mariposa,043,17540,2430,2422,205,2627,30
2022-04-24,Mendocino,045,87422,13200,13158,3099,16257,122
2022-04-24,Merced,047,269075,62338,62286,8777,71063,815
2022-04-24,Modoc,049,8938,745,745,253,998,8
2022-04-24,Mono,051,14174,2988,2986,127,3113,6
2022-04-24,Monterey,053,433212,79900,79560,14123,93683,729
2022-04-24,Napa,055,140530,26259,26093,1028,27121,143
2022-04-24,Nevada,057,99092,16077,16052,1232,17284,127
2022-04-24,Orange,059,3164182,551199,549765,42304,592069,6989
2022-04-24,Placer,061,380077,63212,63037,7477,70514,622
2022-04-24,Plumas,063,18699,2941,2934,365,3299,13
2022-04-24,Riverside,065,2383286,593631,592683,28444,621127,6450
2022-04-24,Sacramento,067,1510023,282771,280551,27649,308200,2993
2022-04-24,San Benito,069,59416,12979,12966,522,13488,98
2022-04-24,San Bernardino,071,2135413,568447,566806,25081,591887,7047
2022-04-24,San Diego,073,3302833,760249,758311,52884,811195,5233
2022-04-24,San Francisco,075,870044,129570,128323,8668,136991,857
2022-04-24,San Joaquin,077,732212,166933,166626,9650,176276,2224
2022-04-24,San Luis Obispo,079,281455,52924,52826,3870,56696,476
2022-04-24,San Mateo,081,765935,125392,124106,7373,131479,703
2022-04-24,Santa Barbara,083,443738,86661,86376,4910,91286,685
2022-04-24,Santa Clara,085,1922200,319676,317487,12854,330341,2277
2022-04-24,Santa Cruz,087,273765,48690,48255,2202,50457,261
2022-04-24,Shasta,089,179085,30641,30607,6177,36784,557
2022-04-24,Sierra,091,2930,274,276,48,324,4
2022-04-24,Siskiyou,093,43540,4457,4453,2774,7227,81
2022-04-24,Solano,095,438530,82301,81982,5617,87599,448
2022-04-24,Sonoma,097,501317,85085,84581,2796,87377,486
2022-04-24,Stanislaus,099,539301,117855,117737,17481,135218,1632
2022-04-24,Sutter,101,95872,20618,20605,2164,22769,224
2022-04-24,Tehama,103,63373,12071,12064,2637,14701,201
2022-04-24,Trinity,105,12862,1179,1177,295,1472,20
2022-04-24,Tulare,107,460477,106858,106354,28902,135256,1446
2022-04-24,Tuolumne,109,53932,12689,12664,575,13239,181
2022-04-24,Ventura,111,848112,174512,174091,9382,183473,1479
2022-04-24,Yolo,113,214977,37117,36990,3249,40239,314
2022-04-24,Yuba,115,75493,15903,15888,1227,17115,121
2022-04-23,Alameda,001,1643700,261098,259619,14625,274244,1837
2022-04-23,Alpine,003,1148,124,124,1,125,0
2022-04-23,Amador,005,37829,8557,8509,664,9173,86
2022-04-23,Butte,007,227075,33138,33105,6732,39837,411
2022-04-23,Calaveras,009,45235,7309,7296,363,7659,119
2022-04-23,Colusa,011,21464,3455,3453,1076,4529,21
2022-04-23,Contra Costa,013,1133247,191637,190611,13638,204249,1298
2022-04-23,Del Norte,015,27424,5834,5827,200,6027,50
2022-04-23,El Dorado,017,186661,26910,26837,3240,30077,209
2022-04-23,Fresno,019,978130,231940,231751,23881,255632,2744
2022-04-23,Glenn,021,27897,4993,4989,1623,6612,48
2022-04-23,Humboldt,023,135768,17147,17033,3030,20063,145
2022-04-23,Imperial,025,180216,55472,55434,10960,66394,910
2022-04-23,Inyo,027,18085,4082,4079,506,4585,56
2022-04-23,Kern,029,883053,192251,192012,46475,238487,2267
2022-04-23,Kings,031,150075,51626,51588,3631,55219,444
2022-04-23,Lake,033,64148,10735,10720,907,11627,134
2022-04-23,Lassen,035,31185,8966,8966,890,9856,65
2022-04-23,Los Angeles,037,10098052,2733282,2725630,126810,2852440,31667
2022-04-23,Madera,039,155013,37359,37333,6128,43461,354
2022-04-23,Marin,041,260295,34381,34150,2711,36861,288
2022-04-23,Mariposa,043,17540,2430,2422,205,2627,30
2022-04-23,Mendocino,045,87422,13198,13158,3099,16257,122
2022-04-23,Merced,047,269075,62330,62286,8777,71063,815
2022-04-23,Modoc,049,8938,745,745,253,998,8
2022-04-23,Mono,051,14174,2988,2986,127,3113,6
2022-04-23,Monterey,053,433212,79847,79560,14117,93677,729
2022-04-23,Napa,055,140530,26248,26093,1028,27121,143
2022-04-23,Nevada,057,99092,16077,16052,1231,17283,127
2022-04-23,Orange,059,3164182,551004,549765,42267,592032,6989
2022-04-23,Placer,061,380077,63188,63037,7477,70514,622
2022-04-23,Plumas,063,18699,2941,2934,365,3299,13
2022-04-23,Riverside,065,2383286,593554,592683,28436,621119,6450
2022-04-23,Sacramento,067,1510023,282696,280551,27647,308198,2993
2022-04-23,San Benito,069,59416,12977,12966,522,13488,98
2022-04-23,San Bernardino,071,2135413,568376,566806,25078,591884,7047
2022-04-23,San Diego,073,3302833,760014,758311,52866,811177,5233
2022-04-23,San Francisco,075,870044,129443,128323,8657,136980,857
2022-04-23,San Joaquin,077,732212,166908,166626,9644,176270,2224
2022-04-23,San Luis Obispo,079,281455,52909,52826,3867,56693,476
2022-04-23,San Mateo,081,765935,125288,124106,7367,131473,703
2022-04-23,Santa Barbara,083,443738,86637,86376,4910,91286,685
2022-04-23,Santa Clara,085,1922200,319401,317487,12847,330334,2277
2022-04-23,Santa Cruz,087,273765,48662,48255,2201,50456,261
2022-04-23,Shasta,089,179085,30640,30607,6177,36784,557
2022-04-23,Sierra,091,2930,274,276,48,324,4
2022-04-23,Siskiyou,093,43540,4455,4453,2774,7227,81
2022-04-23,Solano,095,438530,82275,81982,5615,87597,448
2022-04-23,Sonoma,097,501317,85038,84581,2793,87374,486
2022-04-23,Stanislaus,099,539301,117828,117737,17480,135217,1632
2022-04-23,Sutter,101,95872,20613,20605,2164,22769,224
2022-04-23,Tehama,103,63373,12071,12064,2637,14701,201
2022-04-23,Trinity,105,12862,1179,1177,295,1472,20
2022-04-23,Tulare,107,460477,106853,106354,28898,135252,1446
2022-04-23,Tuolumne,109,53932,12687,12664,575,13239,181
2022-04-23,Ventura,111,848112,174475,174091,9379,183470,1479
2022-04-23,Yolo,113,214977,37100,36990,3249,40239,314
2022-04-23,Yuba,115,75493,15901,15888,1227,17115,121
2022-04-22,Alameda,001,1643700,260914,259619,14611,274230,1837
2022-04-22,Alpine,003,1148,124,124,1,125,0
2022-04-22,Amador,005,37829,8556,8509,662,9171,86
2022-04-22,Butte,007,227075,33134,33105,6730,39835,411
2022-04-22,Calaveras,009,45235,7309,7296,363,7659,119
2022-04-22,Colusa,011,21464,3455,3453,1076,4529,21
2022-04-22,Contra Costa,013,1133247,191540,190611,13626,204237,1298
2022-04-22,Del Norte,015,27424,5834,5827,200,6027,50
2022-04-22,El Dorado,017,186661,26901,26837,3238,30075,209
2022-04-22,Fresno,019,978130,231922,231751,23878,255629,2744
2022-04-22,Glenn,021,27897,4992,4989,1623,6612,48
2022-04-22,Humboldt,023,135768,17137,17033,3028,20061,145
2022-04-22,Imperial,025,180216,55470,55434,10960,66394,910
2022-04-22,Inyo,027,18085,4082,4079,505,4584,56
2022-04-22,Kern,029,883053,192236,192012,46471,238483,2267
2022-04-22,Kings,031,150075,51622,51588,3631,55219,444
2022-04-22,Lake,033,64148,10734,10720,907,11627,134
2022-04-22,Lassen,035,31185,8966,8966,890,9856,65
2022-04-22,Los Angeles,037,10098052,2732325,2725630,126758,2852388,31667
2022-04-22,Madera,039,155013,37354,37333,6128,43461,354
2022-04-22,Marin,041,260295,34351,34150,2702,36852,288
2022-04-22,Mariposa,043,17540,2429,2422,205,2627,30
2022-04-22,Mendocino,045,87422,13191,13158,3098,16256,122
2022-04-22,Merced,047,269075,62327,62286,8764,71050,815
2022-04-22,Modoc,049,8938,745,745,253,998,8
2022-04-22,Mono,051,14174,2988,2986,127,3113,6
2022-04-22,Monterey,053,433212,79821,79560,14110,93670,729
2022-04-22,Napa,055,140530,26235,26093,1028,27121,143
2022-04-22,Nevada,057,99092,16077,16052,1231,17283,127
2022-04-22,Orange,059,3164182,550819,549765,42225,591990,6989
2022-04-22,Placer,061,380077,63171,63037,7475,70512,622
2022-04-22,Plumas,063,18699,2941,2934,365,3299,13
2022-04-22,Riverside,065,2383286,593455,592683,28425,621108,6450
2022-04-22,Sacramento,067,1510023,282623,280551,27637,308188,2993
2022-04-22,San Benito,069,59416,12972,12966,522,13488,98
2022-04-22,San Bernardino,071,2135413,568303,566806,25074,591880,7047
2022-04-22,San Diego,073,3302833,759724,758311,52846,811157,5233
2022-04-22,San Francisco,075,870044,129323,128323,8639,136962,857
2022-04-22,San Joaquin,077,732212,166891,166626,9643,176269,2224
2022-04-22,San Luis Obispo,079,281455,52903,52826,3866,56692,476
2022-04-22,San Mateo,081,765935,125147,124106,7355,131461,703
2022-04-22,Santa Barbara,083,443738,86602,86376,4910,91286,685
2022-04-22,Santa Clara,085,1922200,319131,317487,12835,330322,2277
2022-04-22,Santa Cruz,087,273765,48632,48255,2201,50456,261
2022-04-22,Shasta,089,179085,30636,30607,6177,36784,557
2022-04-22,Sierra,091,2930,274,276,48,324,4
2022-04-22,Siskiyou,093,43540,4455,4453,2774,7227,81
2022-04-22,Solano,095,438530,82229,81982,5613,87595,448
2022-04-22,Sonoma,097,501317,84998,84581,2791,87372,486
2022-04-22,Stanislaus,099,539301,117817,117737,17479,135216,1632
2022-04-22,Sutter,101,95872,20609,20605,2164,22769,224
2022-04-22,Tehama,103,63373,12068,12064,2636,14700,201
2022-04-22,Trinity,105,12862,1179,1177,295,1472,20
2022-04-22,Tulare,107,460477,106848,106354,28896,135250,1446
2022-04-22,Tuolumne,109,53932,12679,12664,574,13238,181
2022-04-22,Ventura,111,848112,174420,174091,9376,183467,1479
2022-04-22,Yolo,113,214977,37089,36990,3249,40239,314
2022-04-22,Yuba,115,75493,15899,15888,1227,17115,121
2022-04-21,Alameda,001,1643700,260610,259619,14572,274191,1837
2022-04-21,Alpine,003,1148,124,124,1,125,0
2022-04-21,Amador,005,37829,8553,8509,662,9171,86
2022-04-21,Butte,007,227075,33129,33105,6723,39828,411
2022-04-21,Calaveras,009,45235,7308,7296,363,7659,119
2022-04-21,Colusa,011,21464,3454,3453,1076,4529,21
2022-04-21,Contra Costa,013,1133247,191369,190611,13603,204214,1298
2022-04-21,Del Norte,015,27424,5833,5827,200,6027,50
2022-04-21,El Dorado,017,186661,26889,26837,3238,30075,209
2022-04-21,Fresno,019,978130,231882,231751,23874,255625,2744
2022-04-21,Glenn,021,27897,4992,4989,1622,6611,48
2022-04-21,Humboldt,023,135768,17119,17033,3022,20055,145
2022-04-21,Imperial,025,180216,55461,55434,10955,66389,910
2022-04-21,Inyo,027,18085,4082,4079,505,4584,56
2022-04-21,Kern,029,883053,192208,192012,46460,238472,2267
2022-04-21,Kings,031,150075,51615,51588,3631,55219,444
2022-04-21,Lake,033,64148,10731,10720,906,11626,134
2022-04-21,Lassen,035,31185,8966,8966,890,9856,65
2022-04-21,Los Angeles,037,10098052,2730794,2725630,126662,2852292,31667
2022-04-21,Madera,039,155013,37352,37333,6127,43460,354
2022-04-21,Marin,041,260295,34309,34150,2696,36846,288
2022-04-21,Mariposa,043,17540,2429,2422,205,2627,30
2022-04-21,Mendocino,045,87422,13187,13158,3094,16252,122
2022-04-21,Merced,047,269075,62314,62286,8762,71048,815
2022-04-21,Modoc,049,8938,745,745,253,998,8
2022-04-21,Mono,051,14174,2987,2986,127,3113,6
2022-04-21,Monterey,053,433212,79805,79560,14102,93662,729
2022-04-21,Napa,055,140530,26208,26093,1027,27120,143
2022-04-21,Nevada,057,99092,16075,16052,1231,17283,127
2022-04-21,Orange,059,3164182,550567,549765,42190,591955,6989
2022-04-21,Placer,061,380077,63144,63037,7472,70509,622
2022-04-21,Plumas,063,18699,2941,2934,365,3299,13
2022-04-21,Riverside,065,2383286,593319,592683,28411,621094,6450
2022-04-21,Sacramento,067,1510023,282480,280551,27617,308168,2993
2022-04-21,San Benito,069,59416,12967,12966,522,13488,98
2022-04-21,San Bernardino,071,2135413,568140,566806,25067,591873,7047
2022-04-21,San Diego,073,3302833,759307,758311,52812,811123,5233
2022-04-21,San Francisco,075,870044,129136,128323,8615,136938,857
2022-04-21,San Joaquin,077,732212,166851,166626,9627,176253,2224
2022-04-21,San Luis Obispo,079,281455,52884,52826,3861,56687,476
2022-04-21,San Mateo,081,765935,124965,124106,7336,131442,703
2022-04-21,Santa Barbara,083,443738,86554,86376,4908,91284,685
2022-04-21,Santa Clara,085,1922200,318725,317487,12814,330301,2277
2022-04-21,Santa Cruz,087,273765,48589,48255,2198,50453,261
2022-04-21,Shasta,089,179085,30629,30607,6177,36784,557
2022-04-21,Sierra,091,2930,274,276,48,324,4
2022-04-21,Siskiyou,093,43540,4455,4453,2774,7227,81
2022-04-21,Solano,095,438530,82170,81982,5606,87588,448
2022-04-21,Sonoma,097,501317,84905,84581,2776,87357,486
2022-04-21,Stanislaus,099,539301,117784,117737,17473,135210,1632
2022-04-21,Sutter,101,95872,20600,20605,2163,22768,224
2022-04-21,Tehama,103,63373,12067,12064,2636,14700,201
2022-04-21,Trinity,105,12862,1179,1177,295,1472,20
2022-04-21,Tulare,107,460477,106840,106354,28894,135248,1446
2022-04-21,Tuolumne,109,53932,12674,12664,573,13237,181
2022-04-21,Ventura,111,848112,174344,174091,9373,183464,1479
2022-04-21,Yolo,113,214977,37067,36990,3249,40239,314
2022-04-21,Yuba,115,75493,15897,15888,1227,17115,121
2022-04-20,Alameda,001,1643700,260294,258734,14547,273281,1832
2022-04-20,Alpine,003,1148,124,124,1,125,0
2022-04-20,Amador,005,37829,8552,8494,662,9156,86
2022-04-20,Butte,007,227075,33123,33083,6717,39800,408
2022-04-20,Calaveras,009,45235,7305,7288,362,7650,119
2022-04-20,Colusa,011,21464,3454,3453,1076,4529,21
2022-04-20,Contra Costa,013,1133247,191159,190042,13581,203623,1299
2022-04-20,Del Norte,015,27424,5829,5814,200,6014,50
2022-04-20,El Dorado,017,186661,26878,26821,3234,30055,209
2022-04-20,Fresno,019,978130,231836,231568,23872,255440,2740
2022-04-20,Glenn,021,27897,4991,4988,1619,6607,48
2022-04-20,Humboldt,023,135768,17099,16976,3017,19993,145
2022-04-20,Imperial,025,180216,55456,55405,10949,66354,910
2022-04-20,Inyo,027,18085,4082,4075,505,4580,56
2022-04-20,Kern,029,883053,192176,191915,46445,238360,2262
2022-04-20,Kings,031,150075,51606,51571,3629,55200,445
2022-04-20,Lake,033,64148,10730,10711,906,11617,134
2022-04-20,Lassen,035,31185,8966,8951,890,9841,65
2022-04-20,Los Angeles,037,10098052,2729086,2721699,126577,2848276,31630
2022-04-20,Madera,039,155013,37348,37333,6124,43457,354
2022-04-20,Marin,041,260295,34270,33985,2674,36659,288
2022-04-20,Mariposa,043,17540,2427,2412,205,2617,30
2022-04-20,Mendocino,045,87422,13183,13128,3086,16214,122
2022-04-20,Merced,047,269075,62306,62322,8746,71068,813
2022-04-20,Modoc,049,8938,745,744,253,997,8
2022-04-20,Mono,051,14174,2986,2984,127,3111,6
2022-04-20,Monterey,053,433212,79765,79419,14086,93505,727
2022-04-20,Napa,055,140530,26177,26016,1024,27040,143
2022-04-20,Nevada,057,99092,16068,16034,1229,17263,127
2022-04-20,Orange,059,3164182,550251,549136,42147,591283,6963
2022-04-20,Placer,061,380077,63117,62928,7469,70397,619
2022-04-20,Plumas,063,18699,2941,2932,365,3297,13
2022-04-20,Riverside,065,2383286,593151,592224,28395,620619,6447
2022-04-20,Sacramento,067,1510023,282358,279326,27600,306926,2987
2022-04-20,San Benito,069,59416,12961,12971,522,13493,98
2022-04-20,San Bernardino,071,2135413,567959,565405,25050,590455,6977
2022-04-20,San Diego,073,3302833,758883,757138,52756,809894,5231
2022-04-20,San Francisco,075,870044,128860,127594,8599,136193,854
2022-04-20,San Joaquin,077,732212,166798,166531,9604,176135,2222
2022-04-20,San Luis Obispo,079,281455,52857,52740,3853,56593,476
2022-04-20,San Mateo,081,765935,124756,123279,7299,130578,701
2022-04-20,Santa Barbara,083,443738,86521,86214,4903,91117,685
2022-04-20,Santa Clara,085,1922200,318351,316355,12787,329142,2274
2022-04-20,Santa Cruz,087,273765,48531,47997,2195,50192,261
2022-04-20,Shasta,089,179085,30625,30590,6176,36766,554
2022-04-20,Sierra,091,2930,274,276,48,324,4
2022-04-20,Siskiyou,093,43540,4454,4446,2774,7220,80
2022-04-20,Solano,095,438530,82101,81841,5604,87445,447
2022-04-20,Sonoma,097,501317,84829,84429,2755,87184,485
2022-04-20,Stanislaus,099,539301,117755,117540,17462,135002,1630
2022-04-20,Sutter,101,95872,20593,20632,2163,22795,224
2022-04-20,Tehama,103,63373,12065,12061,2635,14696,199
2022-04-20,Trinity,105,12862,1179,1178,295,1473,20
2022-04-20,Tulare,107,460477,106835,105974,28883,134857,1439
2022-04-20,Tuolumne,109,53932,12672,12648,571,13219,180
2022-04-20,Ventura,111,848112,174263,173904,9369,183273,1475
2022-04-20,Yolo,113,214977,37038,36785,3247,40032,311
2022-04-20,Yuba,115,75493,15895,15868,1226,17094,121
2022-04-19,Alameda,001,1643700,259989,258734,14517,273251,1832
2022-04-19,Alpine,003,1148,124,124,1,125,0
2022-04-19,Amador,005,37829,8549,8494,662,9156,86
2022-04-19,Butte,007,227075,33116,33083,6715,39798,408
2022-04-19,Calaveras,009,45235,7302,7288,362,7650,119
2022-04-19,Colusa,011,21464,3453,3453,1076,4529,21
2022-04-19,Contra Costa,013,1133247,190931,190042,13568,203610,1299
2022-04-19,Del Norte,015,27424,5827,5814,198,6012,50
2022-04-19,El Dorado,017,186661,26864,26821,3231,30052,209
2022-04-19,Fresno,019,978130,231780,231568,23865,255433,2740
2022-04-19,Glenn,021,27897,4990,4988,1618,6606,48
2022-04-19,Humboldt,023,135768,17068,16976,3011,19987,145
2022-04-19,Imperial,025,180216,55449,55405,10945,66350,910
2022-04-19,Inyo,027,18085,4079,4075,505,4580,56
2022-04-19,Kern,029,883053,192141,191915,46437,238352,2262
2022-04-19,Kings,031,150075,51593,51571,3628,55199,445
2022-04-19,Lake,033,64148,10727,10711,906,11617,134
2022-04-19,Lassen,035,31185,8966,8951,890,9841,65
2022-04-19,Los Angeles,037,10098052,2727409,2721699,126465,2848164,31630
2022-04-19,Madera,039,155013,37346,37333,6123,43456,354
2022-04-19,Marin,041,260295,34221,33985,2658,36643,288
2022-04-19,Mariposa,043,17540,2427,2412,205,2617,30
2022-04-19,Mendocino,045,87422,13176,13128,3077,16205,122
2022-04-19,Merced,047,269075,62287,62322,8744,71066,813
2022-04-19,Modoc,049,8938,745,744,253,997,8
2022-04-19,Mono,051,14174,2985,2984,127,3111,6
2022-04-19,Monterey,053,433212,79743,79419,14079,93498,727
2022-04-19,Napa,055,140530,26159,26016,1018,27034,143
2022-04-19,Nevada,057,99092,16064,16034,1227,17261,127
2022-04-19,Orange,059,3164182,549970,549136,42108,591244,6963
2022-04-19,Placer,061,380077,63087,62928,7466,70394,619
2022-04-19,Plumas,063,18699,2941,2932,365,3297,13
2022-04-19,Riverside,065,2383286,592981,592224,28381,620605,6447
2022-04-19,Sacramento,067,1510023,282196,279326,27576,306902,2987
2022-04-19,San Benito,069,59416,12955,12971,522,13493,98
2022-04-19,San Bernardino,071,2135413,567757,565405,25027,590432,6977
2022-04-19,San Diego,073,3302833,758436,757138,52709,809847,5231
2022-04-19,San Francisco,075,870044,128561,127594,8581,136175,854
2022-04-19,San Joaquin,077,732212,166749,166531,9595,176126,2222
2022-04-19,San Luis Obispo,079,281455,52823,52740,3845,56585,476
2022-04-19,San Mateo,081,765935,124532,123279,7279,130558,701
2022-04-19,Santa Barbara,083,443738,86471,86214,4895,91109,685
2022-04-19,Santa Clara,085,1922200,317963,316355,12760,329115,2274
2022-04-19,Santa Cruz,087,273765,48477,47997,2194,50191,261
2022-04-19,Shasta,089,179085,30613,30590,6175,36765,554
2022-04-19,Sierra,091,2930,274,276,48,324,4
2022-04-19,Siskiyou,093,43540,4453,4446,2773,7219,80
2022-04-19,Solano,095,438530,82024,81841,5600,87441,447
2022-04-19,Sonoma,097,501317,84737,84429,2733,87162,485
2022-04-19,Stanislaus,099,539301,117734,117540,17457,134997,1630
2022-04-19,Sutter,101,95872,20593,20632,2163,22795,224
2022-04-19,Tehama,103,63373,12063,12061,2635,14696,199
2022-04-19,Trinity,105,12862,1178,1178,295,1473,20
2022-04-19,Tulare,107,460477,106821,105974,28876,134850,1439
2022-04-19,Tuolumne,109,53932,12669,12648,571,13219,180
2022-04-19,Ventura,111,848112,174181,173904,9367,183271,1475
2022-04-19,Yolo,113,214977,37010,36785,3245,40030,311
2022-04-19,Yuba,115,75493,15888,15868,1226,17094,121
2022-04-18,Alameda,001,1643700,259664,258734,14494,273228,1832
2022-04-18,Alpine,003,1148,124,124,1,125,0
2022-04-18,Amador,005,37829,8548,8494,661,9155,86
2022-04-18,Butte,007,227075,33113,33083,6711,39794,408
2022-04-18,Calaveras,009,45235,7299,7288,361,7649,119
2022-04-18,Colusa,011,21464,3452,3453,1076,4529,21
2022-04-18,Contra Costa,013,1133247,190721,190042,13547,203589,1299
2022-04-18,Del Norte,015,27424,5823,5814,198,6012,50
2022-04-18,El Dorado,017,186661,26852,26821,3227,30048,209
2022-04-18,Fresno,019,978130,231733,231568,23855,255423,2740
2022-04-18,Glenn,021,27897,4989,4988,1617,6605,48
2022-04-18,Humboldt,023,135768,17037,16976,3009,19985,145
2022-04-18,Imperial,025,180216,55437,55405,10944,66349,910
2022-04-18,Inyo,027,18085,4079,4075,505,4580,56
2022-04-18,Kern,029,883053,192101,191915,46425,238340,2262
2022-04-18,Kings,031,150075,51588,51571,3628,55199,445
2022-04-18,Lake,033,64148,10723,10711,906,11617,134
2022-04-18,Lassen,035,31185,8966,8951,890,9841,65
2022-04-18,Los Angeles,037,10098052,2725797,2721699,126364,2848063,31630
2022-04-18,Madera,039,155013,37341,37333,6123,43456,354
2022-04-18,Marin,041,260295,34159,33985,2635,36620,288
2022-04-18,Mariposa,043,17540,2425,2412,205,2617,30
2022-04-18,Mendocino,045,87422,13163,13128,3071,16199,122
2022-04-18,Merced,047,269075,62276,62322,8738,71060,813
2022-04-18,Modoc,049,8938,744,744,253,997,8
2022-04-18,Mono,051,14174,2984,2984,127,3111,6
2022-04-18,Monterey,053,433212,79673,79419,14062,93481,727
2022-04-18,Napa,055,140530,26122,26016,1018,27034,143
2022-04-18,Nevada,057,99092,16055,16034,1225,17259,127
2022-04-18,Orange,059,3164182,549696,549136,42075,591211,6963
2022-04-18,Placer,061,380077,63057,62928,7465,70393,619
2022-04-18,Plumas,063,18699,2941,2932,365,3297,13
2022-04-18,Riverside,065,2383286,592776,592224,28361,620585,6447
2022-04-18,Sacramento,067,1510023,282044,279326,27566,306892,2987
2022-04-18,San Benito,069,59416,12949,12971,522,13493,98
2022-04-18,San Bernardino,071,2135413,567558,565405,25009,590414,6977
2022-04-18,San Diego,073,3302833,757979,757138,52657,809795,5231
2022-04-18,San Francisco,075,870044,128248,127594,8570,136164,854
2022-04-18,San Joaquin,077,732212,166692,166531,9589,176120,2222
2022-04-18,San Luis Obispo,079,281455,52795,52740,3840,56580,476
2022-04-18,San Mateo,081,765935,124310,123279,7260,130539,701
2022-04-18,Santa Barbara,083,443738,86412,86214,4893,91107,685
2022-04-18,Santa Clara,085,1922200,317530,316355,12739,329094,2274
2022-04-18,Santa Cruz,087,273765,48374,47997,2189,50186,261
2022-04-18,Shasta,089,179085,30608,30590,6173,36763,554
2022-04-18,Sierra,091,2930,274,276,48,324,4
2022-04-18,Siskiyou,093,43540,4453,4446,2772,7218,80
2022-04-18,Solano,095,438530,81963,81841,5595,87436,447
2022-04-18,Sonoma,097,501317,84647,84429,2722,87151,485
2022-04-18,Stanislaus,099,539301,117704,117540,17454,134994,1630
2022-04-18,Sutter,101,95872,20591,20632,2160,22792,224
2022-04-18,Tehama,103,63373,12061,12061,2635,14696,199
2022-04-18,Trinity,105,12862,1178,1178,295,1473,20
2022-04-18,Tulare,107,460477,106805,105974,28865,134839,1439
2022-04-18,Tuolumne,109,53932,12662,12648,570,13218,180
2022-04-18,Ventura,111,848112,174099,173904,9360,183264,1475
2022-04-18,Yolo,113,214977,36969,36785,3244,40029,311
2022-04-18,Yuba,115,75493,15882,15868,1223,17091,121
2022-04-17,Alameda,001,1643700,259317,257897,14466,272363,1829
2022-04-17,Alpine,003,1148,124,124,1,125,0
2022-04-17,Amador,005,37829,8543,8491,659,9150,86
2022-04-17,Butte,007,227075,33110,33053,6709,39762,405
2022-04-17,Calaveras,009,45235,7295,7275,359,7634,119
2022-04-17,Colusa,011,21464,3451,3450,1076,4526,21
2022-04-17,Contra Costa,013,1133247,190502,189742,13511,203253,1298
2022-04-17,Del Norte,015,27424,5817,5809,198,6007,50
2022-04-17,El Dorado,017,186661,26842,26796,3226,30022,209
2022-04-17,Fresno,019,978130,231660,231455,23849,255304,2739
2022-04-17,Glenn,021,27897,4989,4991,1617,6608,48
2022-04-17,Humboldt,023,135768,17008,16929,3006,19935,143
2022-04-17,Imperial,025,180216,55430,55371,10942,66313,910
2022-04-17,Inyo,027,18085,4076,4075,505,4580,56
2022-04-17,Kern,029,883053,192067,191866,46411,238277,2258
2022-04-17,Kings,031,150075,51577,51544,3627,55171,445
2022-04-17,Lake,033,64148,10722,10702,906,11608,134
2022-04-17,Lassen,035,31185,8966,8950,890,9840,65
2022-04-17,Los Angeles,037,10098052,2724003,2717479,126257,2843736,31598
2022-04-17,Madera,039,155013,37336,37362,6122,43484,354
2022-04-17,Marin,041,260295,34097,33829,2606,36435,288
2022-04-17,Mariposa,043,17540,2417,2406,205,2611,30
2022-04-17,Mendocino,045,87422,13148,13107,3066,16173,122
2022-04-17,Merced,047,269075,62258,62295,8737,71032,813
2022-04-17,Modoc,049,8938,744,743,253,996,8
2022-04-17,Mono,051,14174,2984,2977,127,3104,6
2022-04-17,Monterey,053,433212,79644,79311,14041,93352,727
2022-04-17,Napa,055,140530,26084,25929,1014,26943,143
2022-04-17,Nevada,057,99092,16041,16014,1222,17236,123
2022-04-17,Orange,059,3164182,549341,548311,42025,590336,6945
2022-04-17,Placer,061,380077,63022,62882,7461,70343,618
2022-04-17,Plumas,063,18699,2941,2929,365,3294,13
2022-04-17,Riverside,065,2383286,592565,591772,28338,620110,6443
2022-04-17,Sacramento,067,1510023,281889,278523,27542,306065,2978
2022-04-17,San Benito,069,59416,12946,12926,521,13447,98
2022-04-17,San Bernardino,071,2135413,567330,564397,24996,589393,6948
2022-04-17,San Diego,073,3302833,757514,756165,52595,808760,5229
2022-04-17,San Francisco,075,870044,127949,126976,8555,135531,854
2022-04-17,San Joaquin,077,732212,166644,166645,9582,176227,2220
2022-04-17,San Luis Obispo,079,281455,52726,52698,3836,56534,476
2022-04-17,San Mateo,081,765935,124082,122652,7245,129897,699
2022-04-17,Santa Barbara,083,443738,86354,86030,4886,90916,684
2022-04-17,Santa Clara,085,1922200,317053,315296,12710,328006,2268
2022-04-17,Santa Cruz,087,273765,48254,47895,2185,50080,261
2022-04-17,Shasta,089,179085,30597,30578,6169,36747,554
2022-04-17,Sierra,091,2930,274,276,48,324,4
2022-04-17,Siskiyou,093,43540,4449,4444,2771,7215,80
2022-04-17,Solano,095,438530,81900,81781,5592,87373,447
2022-04-17,Sonoma,097,501317,84538,84172,2715,86887,485
2022-04-17,Stanislaus,099,539301,117675,117567,17445,135012,1619
2022-04-17,Sutter,101,95872,20585,20621,2159,22780,224
2022-04-17,Tehama,103,63373,12059,12061,2635,14696,199
2022-04-17,Trinity,105,12862,1177,1178,295,1473,20
2022-04-17,Tulare,107,460477,106791,105757,28857,134614,1428
2022-04-17,Tuolumne,109,53932,12657,12640,570,13210,180
2022-04-17,Ventura,111,848112,174004,173665,9350,183015,1474
2022-04-17,Yolo,113,214977,36943,36752,3242,39994,311
2022-04-17,Yuba,115,75493,15874,15857,1223,17080,121
2022-04-16,Alameda,001,1643700,259190,257897,14460,272357,1829
2022-04-16,Alpine,003,1148,124,124,1,125,0
2022-04-16,Amador,005,37829,8542,8491,659,9150,86
2022-04-16,Butte,007,227075,33108,33053,6707,39760,405
2022-04-16,Calaveras,009,45235,7294,7275,359,7634,119
2022-04-16,Colusa,011,21464,3451,3450,1076,4526,21
2022-04-16,Contra Costa,013,1133247,190419,189742,13506,203248,1298
2022-04-16,Del Norte,015,27424,5817,5809,198,6007,50
2022-04-16,El Dorado,017,186661,26832,26796,3226,30022,209
2022-04-16,Fresno,019,978130,231635,231455,23848,255303,2739
2022-04-16,Glenn,021,27897,4989,4991,1617,6608,48
2022-04-16,Humboldt,023,135768,17001,16929,3001,19930,143
2022-04-16,Imperial,025,180216,55423,55371,10941,66312,910
2022-04-16,Inyo,027,18085,4076,4075,505,4580,56
2022-04-16,Kern,029,883053,192057,191866,46399,238265,2258
2022-04-16,Kings,031,150075,51574,51544,3626,55170,445
2022-04-16,Lake,033,64148,10721,10702,906,11608,134
2022-04-16,Lassen,035,31185,8966,8950,890,9840,65
2022-04-16,Los Angeles,037,10098052,2723423,2717479,126211,2843690,31598
2022-04-16,Madera,039,155013,37335,37362,6122,43484,354
2022-04-16,Marin,041,260295,34063,33829,2579,36408,288
2022-04-16,Mariposa,043,17540,2416,2406,205,2611,30
2022-04-16,Mendocino,045,87422,13143,13107,3065,16172,122
2022-04-16,Merced,047,269075,62255,62295,8737,71032,813
2022-04-16,Modoc,049,8938,744,743,253,996,8
2022-04-16,Mono,051,14174,2984,2977,127,3104,6
2022-04-16,Monterey,053,433212,79629,79311,14035,93346,727
2022-04-16,Napa,055,140530,26064,25929,1011,26940,143
2022-04-16,Nevada,057,99092,16038,16014,1221,17235,123
2022-04-16,Orange,059,3164182,549234,548311,41995,590306,6945
2022-04-16,Placer,061,380077,63007,62882,7459,70341,618
2022-04-16,Plumas,063,18699,2939,2929,365,3294,13
2022-04-16,Riverside,065,2383286,592497,591772,28332,620104,6443
2022-04-16,Sacramento,067,1510023,281841,278523,27535,306058,2978
2022-04-16,San Benito,069,59416,12945,12926,521,13447,98
2022-04-16,San Bernardino,071,2135413,567240,564397,24991,589388,6948
2022-04-16,San Diego,073,3302833,757374,756165,52585,808750,5229
2022-04-16,San Francisco,075,870044,127806,126976,8547,135523,854
2022-04-16,San Joaquin,077,732212,166612,166645,9577,176222,2220
2022-04-16,San Luis Obispo,079,281455,52721,52698,3835,56533,476
2022-04-16,San Mateo,081,765935,123990,122652,7240,129892,699
2022-04-16,Santa Barbara,083,443738,86327,86030,4886,90916,684
2022-04-16,Santa Clara,085,1922200,316826,315296,12701,327997,2268
2022-04-16,Santa Cruz,087,273765,48228,47895,2184,50079,261
2022-04-16,Shasta,089,179085,30594,30578,6169,36747,554
2022-04-16,Sierra,091,2930,274,276,48,324,4
2022-04-16,Siskiyou,093,43540,4449,4444,2771,7215,80
2022-04-16,Solano,095,438530,81885,81781,5589,87370,447
2022-04-16,Sonoma,097,501317,84488,84172,2705,86877,485
2022-04-16,Stanislaus,099,539301,117656,117567,17440,135007,1619
2022-04-16,Sutter,101,95872,20582,20621,2159,22780,224
2022-04-16,Tehama,103,63373,12059,12061,2635,14696,199
2022-04-16,Trinity,105,12862,1177,1178,295,1473,20
2022-04-16,Tulare,107,460477,106780,105757,28854,134611,1428
2022-04-16,Tuolumne,109,53932,12656,12640,570,13210,180
2022-04-16,Ventura,111,848112,173978,173665,9348,183013,1474
2022-04-16,Yolo,113,214977,36934,36752,3241,39993,311
2022-04-16,Yuba,115,75493,15872,15857,1223,17080,121
2022-04-15,Alameda,001,1643700,259031,257897,14453,272350,1829
2022-04-15,Alpine,003,1148,124,124,1,125,0
2022-04-15,Amador,005,37829,8541,8491,658,9149,86
2022-04-15,Butte,007,227075,33107,33053,6704,39757,405
2022-04-15,Calaveras,009,45235,7292,7275,359,7634,119
2022-04-15,Colusa,011,21464,3451,3450,1076,4526,21
2022-04-15,Contra Costa,013,1133247,190314,189742,13502,203244,1298
2022-04-15,Del Norte,015,27424,5817,5809,198,6007,50
2022-04-15,El Dorado,017,186661,26818,26796,3225,30021,209
2022-04-15,Fresno,019,978130,231607,231455,23848,255303,2739
2022-04-15,Glenn,021,27897,4989,4991,1617,6608,48
2022-04-15,Humboldt,023,135768,16989,16929,3001,19930,143
2022-04-15,Imperial,025,180216,55421,55371,10941,66312,910
2022-04-15,Inyo,027,18085,4076,4075,504,4579,56
2022-04-15,Kern,029,883053,192043,191866,46391,238257,2258
2022-04-15,Kings,031,150075,51570,51544,3626,55170,445
2022-04-15,Lake,033,64148,10716,10702,906,11608,134
2022-04-15,Lassen,035,31185,8966,8950,890,9840,65
2022-04-15,Los Angeles,037,10098052,2722701,2717479,126149,2843628,31598
2022-04-15,Madera,039,155013,37333,37362,6122,43484,354
2022-04-15,Marin,041,260295,34031,33829,2558,36387,288
2022-04-15,Mariposa,043,17540,2415,2406,205,2611,30
2022-04-15,Mendocino,045,87422,13138,13107,3065,16172,122
2022-04-15,Merced,047,269075,62251,62295,8737,71032,813
2022-04-15,Modoc,049,8938,744,743,253,996,8
2022-04-15,Mono,051,14174,2980,2977,127,3104,6
2022-04-15,Monterey,053,433212,79606,79311,14031,93342,727
2022-04-15,Napa,055,140530,26051,25929,1009,26938,143
2022-04-15,Nevada,057,99092,16036,16014,1220,17234,123
2022-04-15,Orange,059,3164182,549121,548311,41966,590277,6945
2022-04-15,Placer,061,380077,62994,62882,7458,70340,618
2022-04-15,Plumas,063,18699,2939,2929,365,3294,13
2022-04-15,Riverside,065,2383286,592399,591772,28327,620099,6443
2022-04-15,Sacramento,067,1510023,281765,278523,27532,306055,2978
2022-04-15,San Benito,069,59416,12943,12926,520,13446,98
2022-04-15,San Bernardino,071,2135413,567168,564397,24988,589385,6948
2022-04-15,San Diego,073,3302833,757186,756165,52573,808738,5229
2022-04-15,San Francisco,075,870044,127667,126976,8533,135509,854
2022-04-15,San Joaquin,077,732212,166589,166645,9574,176219,2220
2022-04-15,San Luis Obispo,079,281455,52713,52698,3835,56533,476
2022-04-15,San Mateo,081,765935,123865,122652,7231,129883,699
2022-04-15,Santa Barbara,083,443738,86295,86030,4885,90915,684
2022-04-15,Santa Clara,085,1922200,316548,315296,12694,327990,2268
2022-04-15,Santa Cruz,087,273765,48199,47895,2183,50078,261
2022-04-15,Shasta,089,179085,30586,30578,6169,36747,554
2022-04-15,Sierra,091,2930,274,276,48,324,4
2022-04-15,Siskiyou,093,43540,4447,4444,2771,7215,80
2022-04-15,Solano,095,438530,81859,81781,5589,87370,447
2022-04-15,Sonoma,097,501317,84439,84172,2691,86863,485
2022-04-15,Stanislaus,099,539301,117638,117567,17439,135006,1619
2022-04-15,Sutter,101,95872,20579,20621,2159,22780,224
2022-04-15,Tehama,103,63373,12059,12061,2635,14696,199
2022-04-15,Trinity,105,12862,1177,1178,295,1473,20
2022-04-15,Tulare,107,460477,106774,105757,28849,134606,1428
2022-04-15,Tuolumne,109,53932,12654,12640,569,13209,180
2022-04-15,Ventura,111,848112,173950,173665,9343,183008,1474
2022-04-15,Yolo,113,214977,36924,36752,3241,39993,311
2022-04-15,Yuba,115,75493,15869,15857,1223,17080,121
2022-04-14,Alameda,001,1643700,258788,257897,14442,272339,1829
2022-04-14,Alpine,003,1148,124,124,1,125,0
2022-04-14,Amador,005,37829,8541,8491,658,9149,86
2022-04-14,Butte,007,227075,33102,33053,6698,39751,405
2022-04-14,Calaveras,009,45235,7291,7275,359,7634,119
2022-04-14,Colusa,011,21464,3451,3450,1076,4526,21
2022-04-14,Contra Costa,013,1133247,190165,189742,13491,203233,1298
2022-04-14,Del Norte,015,27424,5815,5809,198,6007,50
2022-04-14,El Dorado,017,186661,26815,26796,3223,30019,209
2022-04-14,Fresno,019,978130,231583,231455,23847,255302,2739
2022-04-14,Glenn,021,27897,4988,4991,1615,6606,48
2022-04-14,Humboldt,023,135768,16977,16929,2999,19928,143
2022-04-14,Imperial,025,180216,55413,55371,10941,66312,910
2022-04-14,Inyo,027,18085,4076,4075,503,4578,56
2022-04-14,Kern,029,883053,192026,191866,46384,238250,2258
2022-04-14,Kings,031,150075,51562,51544,3626,55170,445
2022-04-14,Lake,033,64148,10714,10702,906,11608,134
2022-04-14,Lassen,035,31185,8966,8950,889,9839,65
2022-04-14,Los Angeles,037,10098052,2721656,2717479,126060,2843539,31598
2022-04-14,Madera,039,155013,37331,37362,6122,43484,354
2022-04-14,Marin,041,260295,33996,33829,2531,36360,288
2022-04-14,Mariposa,043,17540,2414,2406,205,2611,30
2022-04-14,Mendocino,045,87422,13133,13107,3065,16172,122
2022-04-14,Merced,047,269075,62247,62295,8737,71032,813
2022-04-14,Modoc,049,8938,743,743,253,996,8
2022-04-14,Mono,051,14174,2980,2977,125,3102,6
2022-04-14,Monterey,053,433212,79582,79311,14023,93334,727
2022-04-14,Napa,055,140530,26028,25929,1008,26937,143
2022-04-14,Nevada,057,99092,16029,16014,1219,17233,123
2022-04-14,Orange,059,3164182,548939,548311,41937,590248,6945
2022-04-14,Placer,061,380077,62977,62882,7453,70335,618
2022-04-14,Plumas,063,18699,2939,2929,365,3294,13
2022-04-14,Riverside,065,2383286,592286,591772,28317,620089,6443
2022-04-14,Sacramento,067,1510023,281650,278523,27519,306042,2978
2022-04-14,San Benito,069,59416,12938,12926,520,13446,98
2022-04-14,San Bernardino,071,2135413,566998,564397,24984,589381,6948
2022-04-14,San Diego,073,3302833,756916,756165,52541,808706,5229
2022-04-14,San Francisco,075,870044,127466,126976,8522,135498,854
2022-04-14,San Joaquin,077,732212,166562,166645,9572,176217,2220
2022-04-14,San Luis Obispo,079,281455,52697,52698,3832,56530,476
2022-04-14,San Mateo,081,765935,123709,122652,7207,129859,699
2022-04-14,Santa Barbara,083,443738,86249,86030,4884,90914,684
2022-04-14,Santa Clara,085,1922200,316256,315296,12686,327982,2268
2022-04-14,Santa Cruz,087,273765,48170,47895,2182,50077,261
2022-04-14,Shasta,089,179085,30584,30578,6168,36746,554
2022-04-14,Sierra,091,2930,274,276,48,324,4
2022-04-14,Siskiyou,093,43540,4447,4444,2770,7214,80
2022-04-14,Solano,095,438530,81823,81781,5587,87368,447
2022-04-14,Sonoma,097,501317,84352,84172,2686,86858,485
2022-04-14,Stanislaus,099,539301,117620,117567,17435,135002,1619
2022-04-14,Sutter,101,95872,20577,20621,2150,22771,224
2022-04-14,Tehama,103,63373,12058,12061,2634,14695,199
2022-04-14,Trinity,105,12862,1177,1178,295,1473,20
2022-04-14,Tulare,107,460477,106760,105757,28845,134602,1428
2022-04-14,Tuolumne,109,53932,12650,12640,569,13209,180
2022-04-14,Ventura,111,848112,173898,173665,9336,183001,1474
2022-04-14,Yolo,113,214977,36912,36752,3238,39990,311
2022-04-14,Yuba,115,75493,15866,15857,1223,17080,121
2022-04-13,Alameda,001,1643700,258563,257440,14423,271863,1833
2022-04-13,Alpine,003,1148,124,124,1,125,0
2022-04-13,Amador,005,37829,8539,8490,658,9148,86
2022-04-13,Butte,007,227075,33094,33044,6698,39742,402
2022-04-13,Calaveras,009,45235,7290,7270,359,7629,119
2022-04-13,Colusa,011,21464,3451,3451,1076,4527,21
2022-04-13,Contra Costa,013,1133247,190041,189471,13478,202949,1298
2022-04-13,Del Norte,015,27424,5813,5812,198,6010,50
2022-04-13,El Dorado,017,186661,26811,26794,3223,30017,208
2022-04-13,Fresno,019,978130,231550,231325,23835,255160,2738
2022-04-13,Glenn,021,27897,4987,4989,1615,6604,48
2022-04-13,Humboldt,023,135768,16965,16922,2998,19920,143
2022-04-13,Imperial,025,180216,55400,55353,10937,66290,910
2022-04-13,Inyo,027,18085,4076,4074,501,4575,56
2022-04-13,Kern,029,883053,192003,191859,46378,238237,2249
2022-04-13,Kings,031,150075,51556,51535,3626,55161,443
2022-04-13,Lake,033,64148,10712,10695,906,11601,134
2022-04-13,Lassen,035,31185,8965,8949,889,9838,65
2022-04-13,Los Angeles,037,10098052,2720424,2715722,125991,2841713,31578
2022-04-13,Madera,039,155013,37329,37361,6121,43482,354
2022-04-13,Marin,041,260295,33957,33747,2501,36248,288
2022-04-13,Mariposa,043,17540,2408,2402,205,2607,29
2022-04-13,Mendocino,045,87422,13124,13101,3063,16164,120
2022-04-13,Merced,047,269075,62236,62276,8736,71012,811
2022-04-13,Modoc,049,8938,743,743,253,996,8
2022-04-13,Mono,051,14174,2978,2971,125,3096,6
2022-04-13,Monterey,053,433212,79570,79179,14013,93192,727
2022-04-13,Napa,055,140530,26012,25892,1005,26897,143
2022-04-13,Nevada,057,99092,16023,16002,1219,17221,123
2022-04-13,Orange,059,3164182,548742,547783,41910,589693,6935
2022-04-13,Placer,061,380077,62950,62851,7449,70300,615
2022-04-13,Plumas,063,18699,2938,2923,365,3288,13
2022-04-13,Riverside,065,2383286,592156,591659,28309,619968,6437
2022-04-13,Sacramento,067,1510023,281568,277866,27516,305382,2974
2022-04-13,San Benito,069,59416,12932,12927,520,13447,98
2022-04-13,San Bernardino,071,2135413,566854,563709,24977,588686,6905
2022-04-13,San Diego,073,3302833,756635,755584,52512,808096,5223
2022-04-13,San Francisco,075,870044,127295,126608,8506,135114,850
2022-04-13,San Joaquin,077,732212,166529,166654,9570,176224,2219
2022-04-13,San Luis Obispo,079,281455,52673,52660,3832,56492,476
2022-04-13,San Mateo,081,765935,123561,122167,7184,129351,699
2022-04-13,Santa Barbara,083,443738,86209,85938,4880,90818,684
2022-04-13,Santa Clara,085,1922200,315992,314863,12670,327533,2267
2022-04-13,Santa Cruz,087,273765,48117,47765,2180,49945,260
2022-04-13,Shasta,089,179085,30582,30569,6168,36737,551
2022-04-13,Sierra,091,2930,274,276,48,324,4
2022-04-13,Siskiyou,093,43540,4446,4444,2769,7213,80
2022-04-13,Solano,095,438530,81785,81843,5584,87427,448
2022-04-13,Sonoma,097,501317,84287,84033,2672,86705,485
2022-04-13,Stanislaus,099,539301,117602,117573,17432,135005,1577
2022-04-13,Sutter,101,95872,20573,20610,2150,22760,223
2022-04-13,Tehama,103,63373,12057,12062,2633,14695,200
2022-04-13,Trinity,105,12862,1177,1177,295,1472,20
2022-04-13,Tulare,107,460477,106753,105519,28840,134359,1426
2022-04-13,Tuolumne,109,53932,12644,12639,569,13208,180
2022-04-13,Ventura,111,848112,173844,173558,9332,182890,1474
2022-04-13,Yolo,113,214977,36890,36684,3236,39920,311
2022-04-13,Yuba,115,75493,15862,15851,1223,17074,121
2022-04-12,Alameda,001,1643700,258339,257440,14413,271853,1833
2022-04-12,Alpine,003,1148,124,124,1,125,0
2022-04-12,Amador,005,37829,8538,8490,658,9148,86
2022-04-12,Butte,007,227075,33082,33044,6693,39737,402
2022-04-12,Calaveras,009,45235,7285,7270,358,7628,119
2022-04-12,Colusa,011,21464,3451,3451,1076,4527,21
2022-04-12,Contra Costa,013,1133247,189885,189471,13464,202935,1298
2022-04-12,Del Norte,015,27424,5810,5812,198,6010,50
2022-04-12,El Dorado,017,186661,26799,26794,3223,30017,208
2022-04-12,Fresno,019,978130,231520,231325,23828,255153,2738
2022-04-12,Glenn,021,27897,4987,4989,1615,6604,48
2022-04-12,Humboldt,023,135768,16957,16922,2997,19919,143
2022-04-12,Imperial,025,180216,55395,55353,10927,66280,910
2022-04-12,Inyo,027,18085,4076,4074,500,4574,56
2022-04-12,Kern,029,883053,191987,191859,46370,238229,2249
2022-04-12,Kings,031,150075,51548,51535,3624,55159,443
2022-04-12,Lake,033,64148,10708,10695,905,11600,134
2022-04-12,Lassen,035,31185,8965,8949,889,9838,65
2022-04-12,Los Angeles,037,10098052,2719209,2715722,125896,2841618,31578
2022-04-12,Madera,039,155013,37328,37361,6121,43482,354
2022-04-12,Marin,041,260295,33913,33747,2474,36221,288
2022-04-12,Mariposa,043,17540,2408,2402,205,2607,29
2022-04-12,Mendocino,045,87422,13115,13101,3058,16159,120
2022-04-12,Merced,047,269075,62222,62276,8733,71009,811
2022-04-12,Modoc,049,8938,743,743,253,996,8
2022-04-12,Mono,051,14174,2978,2971,125,3096,6
2022-04-12,Monterey,053,433212,79546,79179,14007,93186,727
2022-04-12,Napa,055,140530,25990,25892,996,26888,143
2022-04-12,Nevada,057,99092,16020,16002,1218,17220,123
2022-04-12,Orange,059,3164182,548490,547783,41875,589658,6935
2022-04-12,Placer,061,380077,62927,62851,7446,70297,615
2022-04-12,Plumas,063,18699,2936,2923,365,3288,13
2022-04-12,Riverside,065,2383286,592014,591659,28286,619945,6437
2022-04-12,Sacramento,067,1510023,281451,277866,27515,305381,2974
2022-04-12,San Benito,069,59416,12928,12927,519,13446,98
2022-04-12,San Bernardino,071,2135413,566683,563709,24972,588681,6905
2022-04-12,San Diego,073,3302833,756308,755584,52473,808057,5223
2022-04-12,San Francisco,075,870044,127092,126608,8491,135099,850
2022-04-12,San Joaquin,077,732212,166499,166654,9568,176222,2219
2022-04-12,San Luis Obispo,079,281455,52640,52660,3827,56487,476
2022-04-12,San Mateo,081,765935,123403,122167,7158,129325,699
2022-04-12,Santa Barbara,083,443738,86158,85938,4877,90815,684
2022-04-12,Santa Clara,085,1922200,315707,314863,12662,327525,2267
2022-04-12,Santa Cruz,087,273765,48038,47765,2177,49942,260
2022-04-12,Shasta,089,179085,30582,30569,6167,36736,551
2022-04-12,Sierra,091,2930,274,276,48,324,4
2022-04-12,Siskiyou,093,43540,4446,4444,2767,7211,80
2022-04-12,Solano,095,438530,81749,81843,5582,87425,448
2022-04-12,Sonoma,097,501317,84229,84033,2666,86699,485
2022-04-12,Stanislaus,099,539301,117583,117573,17425,134998,1577
2022-04-12,Sutter,101,95872,20570,20610,2150,22760,223
2022-04-12,Tehama,103,63373,12056,12062,2633,14695,200
2022-04-12,Trinity,105,12862,1177,1177,295,1472,20
2022-04-12,Tulare,107,460477,106739,105519,28836,134355,1426
2022-04-12,Tuolumne,109,53932,12642,12639,567,13206,180
2022-04-12,Ventura,111,848112,173798,173558,9328,182886,1474
2022-04-12,Yolo,113,214977,36876,36684,3229,39913,311
2022-04-12,Yuba,115,75493,15857,15851,1223,17074,121
2022-04-11,Alameda,001,1643700,258069,256649,14397,271046,1826
2022-04-11,Alpine,003,1148,124,124,1,125,0
2022-04-11,Amador,005,37829,8537,8489,658,9147,86
2022-04-11,Butte,007,227075,33069,33031,6690,39721,399
2022-04-11,Calaveras,009,45235,7282,7260,358,7618,119
2022-04-11,Colusa,011,21464,3449,3449,1076,4525,21
2022-04-11,Contra Costa,013,1133247,189715,189154,13448,202602,1296
2022-04-11,Del Norte,015,27424,5809,5811,198,6009,50
2022-04-11,El Dorado,017,186661,26787,26757,3222,29979,207
2022-04-11,Fresno,019,978130,231500,231090,23827,254917,2731
2022-04-11,Glenn,021,27897,4986,4988,1614,6602,47
2022-04-11,Humboldt,023,135768,16941,16913,2997,19910,141
2022-04-11,Imperial,025,180216,55390,55267,10925,66192,910
2022-04-11,Inyo,027,18085,4076,4071,500,4571,56
2022-04-11,Kern,029,883053,191963,191542,46366,237908,2244
2022-04-11,Kings,031,150075,51544,51519,3624,55143,443
2022-04-11,Lake,033,64148,10706,10690,904,11594,134
2022-04-11,Lassen,035,31185,8965,8948,889,9837,65
2022-04-11,Los Angeles,037,10098052,2717987,2709735,125826,2835561,31509
2022-04-11,Madera,039,155013,37321,37356,6121,43477,354
2022-04-11,Marin,041,260295,33857,33648,2455,36103,288
2022-04-11,Mariposa,043,17540,2407,2394,205,2599,29
2022-04-11,Mendocino,045,87422,13111,13087,3056,16143,120
2022-04-11,Merced,047,269075,62213,62231,8731,70962,811
2022-04-11,Modoc,049,8938,743,743,253,996,8
2022-04-11,Mono,051,14174,2977,2967,124,3091,6
2022-04-11,Monterey,053,433212,79528,79103,13997,93100,727
2022-04-11,Napa,055,140530,25974,25824,994,26818,144
2022-04-11,Nevada,057,99092,16016,15976,1218,17194,123
2022-04-11,Orange,059,3164182,548286,546983,41842,588825,6912
2022-04-11,Placer,061,380077,62905,62831,7443,70274,616
2022-04-11,Plumas,063,18699,2934,2887,365,3252,13
2022-04-11,Riverside,065,2383286,591886,591268,28266,619534,6429
2022-04-11,Sacramento,067,1510023,281353,277125,27512,304637,2972
2022-04-11,San Benito,069,59416,12926,12917,519,13436,98
2022-04-11,San Bernardino,071,2135413,566531,562571,24963,587534,6892
2022-04-11,San Diego,073,3302833,755984,754281,52442,806723,5210
2022-04-11,San Francisco,075,870044,126865,125963,8475,134438,844
2022-04-11,San Joaquin,077,732212,166461,166547,9562,176109,2212
2022-04-11,San Luis Obispo,079,281455,52617,52609,3826,56435,476
2022-04-11,San Mateo,081,765935,123214,121514,7149,128663,698
2022-04-11,Santa Barbara,083,443738,86112,85754,4872,90626,680
2022-04-11,Santa Clara,085,1922200,315363,313965,12646,326611,2266
2022-04-11,Santa Cruz,087,273765,47942,47624,2168,49792,259
2022-04-11,Shasta,089,179085,30577,30586,6166,36752,549
2022-04-11,Sierra,091,2930,274,272,48,320,4
2022-04-11,Siskiyou,093,43540,4446,4444,2765,7209,80
2022-04-11,Solano,095,438530,81725,81886,5581,87467,448
2022-04-11,Sonoma,097,501317,84157,83600,2658,86258,485
2022-04-11,Stanislaus,099,539301,117548,117528,17417,134945,1578
2022-04-11,Sutter,101,95872,20567,20591,2150,22741,223
2022-04-11,Tehama,103,63373,12055,12059,2633,14692,201
2022-04-11,Trinity,105,12862,1177,1177,295,1472,20
2022-04-11,Tulare,107,460477,106728,105278,28828,134106,1415
2022-04-11,Tuolumne,109,53932,12639,12632,567,13199,180
2022-04-11,Ventura,111,848112,173740,173343,9327,182670,1467
2022-04-11,Yolo,113,214977,36857,36587,3226,39813,312
2022-04-11,Yuba,115,75493,15854,15848,1222,17070,121
2022-04-10,Alameda,001,1643700,257750,256649,14384,271033,1826
2022-04-10,Alpine,003,1148,124,124,1,125,0
2022-04-10,Amador,005,37829,8535,8489,657,9146,86
2022-04-10,Butte,007,227075,33064,33031,6687,39718,399
2022-04-10,Calaveras,009,45235,7279,7260,358,7618,119
2022-04-10,Colusa,011,21464,3448,3449,1076,4525,21
2022-04-10,Contra Costa,013,1133247,189556,189154,13431,202585,1296
2022-04-10,Del Norte,015,27424,5806,5811,198,6009,50
2022-04-10,El Dorado,017,186661,26781,26757,3221,29978,207
2022-04-10,Fresno,019,978130,231460,231090,23825,254915,2731
2022-04-10,Glenn,021,27897,4986,4988,1614,6602,47
2022-04-10,Humboldt,023,135768,16930,16913,2996,19909,141
2022-04-10,Imperial,025,180216,55387,55267,10920,66187,910
2022-04-10,Inyo,027,18085,4076,4071,498,4569,56
2022-04-10,Kern,029,883053,191944,191542,46361,237903,2244
2022-04-10,Kings,031,150075,51542,51519,3624,55143,443
2022-04-10,Lake,033,64148,10702,10690,902,11592,134
2022-04-10,Lassen,035,31185,8964,8948,889,9837,65
2022-04-10,Los Angeles,037,10098052,2716762,2709735,125736,2835471,31509
2022-04-10,Madera,039,155013,37316,37356,6120,43476,354
2022-04-10,Marin,041,260295,33818,33648,2429,36077,288
2022-04-10,Mariposa,043,17540,2405,2394,205,2599,29
2022-04-10,Mendocino,045,87422,13104,13087,3055,16142,120
2022-04-10,Merced,047,269075,62201,62231,8728,70959,811
2022-04-10,Modoc,049,8938,743,743,253,996,8
2022-04-10,Mono,051,14174,2972,2967,124,3091,6
2022-04-10,Monterey,053,433212,79514,79103,13985,93088,727
2022-04-10,Napa,055,140530,25953,25824,992,26816,144
2022-04-10,Nevada,057,99092,15999,15976,1218,17194,123
2022-04-10,Orange,059,3164182,548035,546983,41802,588785,6912
2022-04-10,Placer,061,380077,62875,62831,7442,70273,616
2022-04-10,Plumas,063,18699,2933,2887,365,3252,13
2022-04-10,Riverside,065,2383286,591751,591268,28255,619523,6429
2022-04-10,Sacramento,067,1510023,281259,277125,27501,304626,2972
2022-04-10,San Benito,069,59416,12923,12917,519,13436,98
2022-04-10,San Bernardino,071,2135413,566301,562571,24953,587524,6892
2022-04-10,San Diego,073,3302833,755664,754281,52404,806685,5210
2022-04-10,San Francisco,075,870044,126632,125963,8459,134422,844
2022-04-10,San Joaquin,077,732212,166414,166547,9554,176101,2212
2022-04-10,San Luis Obispo,079,281455,52583,52609,3824,56433,476
2022-04-10,San Mateo,081,765935,123045,121514,7137,128651,698
2022-04-10,Santa Barbara,083,443738,86029,85754,4863,90617,680
2022-04-10,Santa Clara,085,1922200,315036,313965,12632,326597,2266
2022-04-10,Santa Cruz,087,273765,47853,47624,2165,49789,259
2022-04-10,Shasta,089,179085,30569,30586,6166,36752,549
2022-04-10,Sierra,091,2930,274,272,48,320,4
2022-04-10,Siskiyou,093,43540,4446,4444,2763,7207,80
2022-04-10,Solano,095,438530,81680,81886,5577,87463,448
2022-04-10,Sonoma,097,501317,84056,83600,2653,86253,485
2022-04-10,Stanislaus,099,539301,117524,117528,17411,134939,1578
2022-04-10,Sutter,101,95872,20563,20591,2146,22737,223
2022-04-10,Tehama,103,63373,12053,12059,2633,14692,201
2022-04-10,Trinity,105,12862,1177,1177,295,1472,20
2022-04-10,Tulare,107,460477,106712,105278,28823,134101,1415
2022-04-10,Tuolumne,109,53932,12632,12632,567,13199,180
2022-04-10,Ventura,111,848112,173663,173343,9324,182667,1467
2022-04-10,Yolo,113,214977,36838,36587,3220,39807,312
2022-04-10,Yuba,115,75493,15853,15848,1222,17070,121
2022-04-09,Alameda,001,1643700,257595,256649,14379,271028,1826
2022-04-09,Alpine,003,1148,124,124,1,125,0
2022-04-09,Amador,005,37829,8535,8489,656,9145,86
2022-04-09,Butte,007,227075,33061,33031,6686,39717,399
2022-04-09,Calaveras,009,45235,7278,7260,358,7618,119
2022-04-09,Colusa,011,21464,3447,3449,1076,4525,21
2022-04-09,Contra Costa,013,1133247,189460,189154,13423,202577,1296
2022-04-09,Del Norte,015,27424,5805,5811,198,6009,50
2022-04-09,El Dorado,017,186661,26774,26757,3221,29978,207
2022-04-09,Fresno,019,978130,231440,231090,23825,254915,2731
2022-04-09,Glenn,021,27897,4986,4988,1614,6602,47
2022-04-09,Humboldt,023,135768,16923,16913,2996,19909,141
2022-04-09,Imperial,025,180216,55383,55267,10919,66186,910
2022-04-09,Inyo,027,18085,4076,4071,498,4569,56
2022-04-09,Kern,029,883053,191933,191542,46356,237898,2244
2022-04-09,Kings,031,150075,51536,51519,3624,55143,443
2022-04-09,Lake,033,64148,10700,10690,902,11592,134
2022-04-09,Lassen,035,31185,8964,8948,889,9837,65
2022-04-09,Los Angeles,037,10098052,2716132,2709735,125666,2835401,31509
2022-04-09,Madera,039,155013,37313,37356,6120,43476,354
2022-04-09,Marin,041,260295,33784,33648,2386,36034,288
2022-04-09,Mariposa,043,17540,2405,2394,205,2599,29
2022-04-09,Mendocino,045,87422,13103,13087,3055,16142,120
2022-04-09,Merced,047,269075,62184,62231,8726,70957,811
2022-04-09,Modoc,049,8938,743,743,253,996,8
2022-04-09,Mono,051,14174,2971,2967,124,3091,6
2022-04-09,Monterey,053,433212,79505,79103,13981,93084,727
2022-04-09,Napa,055,140530,25930,25824,992,26816,144
2022-04-09,Nevada,057,99092,15997,15976,1218,17194,123
2022-04-09,Orange,059,3164182,547914,546983,41782,588765,6912
2022-04-09,Placer,061,380077,62860,62831,7442,70273,616
2022-04-09,Plumas,063,18699,2933,2887,365,3252,13
2022-04-09,Riverside,065,2383286,591662,591268,28246,619514,6429
2022-04-09,Sacramento,067,1510023,281213,277125,27499,304624,2972
2022-04-09,San Benito,069,59416,12922,12917,519,13436,98
2022-04-09,San Bernardino,071,2135413,566239,562571,24948,587519,6892
2022-04-09,San Diego,073,3302833,755515,754281,52389,806670,5210
2022-04-09,San Francisco,075,870044,126516,125963,8453,134416,844
2022-04-09,San Joaquin,077,732212,166400,166547,9550,176097,2212
2022-04-09,San Luis Obispo,079,281455,52583,52609,3821,56430,476
2022-04-09,San Mateo,081,765935,122956,121514,7131,128645,698
2022-04-09,Santa Barbara,083,443738,85998,85754,4863,90617,680
2022-04-09,Santa Clara,085,1922200,314844,313965,12627,326592,2266
2022-04-09,Santa Cruz,087,273765,47819,47624,2163,49787,259
2022-04-09,Shasta,089,179085,30567,30586,6166,36752,549
2022-04-09,Sierra,091,2930,274,272,48,320,4
2022-04-09,Siskiyou,093,43540,4445,4444,2762,7206,80
2022-04-09,Solano,095,438530,81662,81886,5576,87462,448
2022-04-09,Sonoma,097,501317,84019,83600,2649,86249,485
2022-04-09,Stanislaus,099,539301,117513,117528,17409,134937,1578
2022-04-09,Sutter,101,95872,20562,20591,2146,22737,223
2022-04-09,Tehama,103,63373,12053,12059,2633,14692,201
2022-04-09,Trinity,105,12862,1177,1177,295,1472,20
2022-04-09,Tulare,107,460477,106709,105278,28821,134099,1415
2022-04-09,Tuolumne,109,53932,12630,12632,567,13199,180
2022-04-09,Ventura,111,848112,173628,173343,9321,182664,1467
2022-04-09,Yolo,113,214977,36822,36587,3220,39807,312
2022-04-09,Yuba,115,75493,15851,15848,1222,17070,121
2022-04-08,Alameda,001,1643700,257446,256649,14373,271022,1826
2022-04-08,Alpine,003,1148,124,124,1,125,0
2022-04-08,Amador,005,37829,8533,8489,655,9144,86
2022-04-08,Butte,007,227075,33056,33031,6683,39714,399
2022-04-08,Calaveras,009,45235,7276,7260,358,7618,119
2022-04-08,Colusa,011,21464,3447,3449,1076,4525,21
2022-04-08,Contra Costa,013,1133247,189386,189154,13413,202567,1296
2022-04-08,Del Norte,015,27424,5803,5811,198,6009,50
2022-04-08,El Dorado,017,186661,26772,26757,3221,29978,207
2022-04-08,Fresno,019,978130,231420,231090,23824,254914,2731
2022-04-08,Glenn,021,27897,4986,4988,1614,6602,47
2022-04-08,Humboldt,023,135768,16919,16913,2994,19907,141
2022-04-08,Imperial,025,180216,55378,55267,10919,66186,910
2022-04-08,Inyo,027,18085,4075,4071,497,4568,56
2022-04-08,Kern,029,883053,191916,191542,46355,237897,2244
2022-04-08,Kings,031,150075,51531,51519,3624,55143,443
2022-04-08,Lake,033,64148,10700,10690,902,11592,134
2022-04-08,Lassen,035,31185,8964,8948,889,9837,65
2022-04-08,Los Angeles,037,10098052,2715536,2709735,125613,2835348,31509
2022-04-08,Madera,039,155013,37311,37356,6119,43475,354
2022-04-08,Marin,041,260295,33766,33648,2370,36018,288
2022-04-08,Mariposa,043,17540,2405,2394,205,2599,29
2022-04-08,Mendocino,045,87422,13101,13087,3055,16142,120
2022-04-08,Merced,047,269075,62177,62231,8724,70955,811
2022-04-08,Modoc,049,8938,743,743,253,996,8
2022-04-08,Mono,051,14174,2970,2967,124,3091,6
2022-04-08,Monterey,053,433212,79495,79103,13980,93083,727
2022-04-08,Napa,055,140530,25918,25824,985,26809,144
2022-04-08,Nevada,057,99092,15994,15976,1217,17193,123
2022-04-08,Orange,059,3164182,547795,546983,41767,588750,6912
2022-04-08,Placer,061,380077,62843,62831,7440,70271,616
2022-04-08,Plumas,063,18699,2930,2887,365,3252,13
2022-04-08,Riverside,065,2383286,591582,591268,28243,619511,6429
2022-04-08,Sacramento,067,1510023,281168,277125,27497,304622,2972
2022-04-08,San Benito,069,59416,12922,12917,519,13436,98
2022-04-08,San Bernardino,071,2135413,566186,562571,24945,587516,6892
2022-04-08,San Diego,073,3302833,755348,754281,52381,806662,5210
2022-04-08,San Francisco,075,870044,126419,125963,8449,134412,844
2022-04-08,San Joaquin,077,732212,166383,166547,9548,176095,2212
2022-04-08,San Luis Obispo,079,281455,52578,52609,3821,56430,476
2022-04-08,San Mateo,081,765935,122853,121514,7126,128640,698
2022-04-08,Santa Barbara,083,443738,85978,85754,4863,90617,680
2022-04-08,Santa Clara,085,1922200,314663,313965,12620,326585,2266
2022-04-08,Santa Cruz,087,273765,47803,47624,2160,49784,259
2022-04-08,Shasta,089,179085,30565,30586,6166,36752,549
2022-04-08,Sierra,091,2930,274,272,48,320,4
2022-04-08,Siskiyou,093,43540,4445,4444,2762,7206,80
2022-04-08,Solano,095,438530,81643,81886,5575,87461,448
2022-04-08,Sonoma,097,501317,83967,83600,2645,86245,485
2022-04-08,Stanislaus,099,539301,117498,117528,17408,134936,1578
2022-04-08,Sutter,101,95872,20562,20591,2146,22737,223
2022-04-08,Tehama,103,63373,12053,12059,2633,14692,201
2022-04-08,Trinity,105,12862,1177,1177,295,1472,20
2022-04-08,Tulare,107,460477,106705,105278,28817,134095,1415
2022-04-08,Tuolumne,109,53932,12629,12632,567,13199,180
2022-04-08,Ventura,111,848112,173599,173343,9319,182662,1467
2022-04-08,Yolo,113,214977,36813,36587,3219,39806,312
2022-04-08,Yuba,115,75493,15850,15848,1222,17070,121
2022-04-07,Alameda,001,1643700,257268,256649,14365,271014,1826
2022-04-07,Alpine,003,1148,124,124,1,125,0
2022-04-07,Amador,005,37829,8532,8489,653,9142,86
2022-04-07,Butte,007,227075,33053,33031,6682,39713,399
2022-04-07,Calaveras,009,45235,7274,7260,358,7618,119
2022-04-07,Colusa,011,21464,3446,3449,1076,4525,21
2022-04-07,Contra Costa,013,1133247,189266,189154,13403,202557,1296
2022-04-07,Del Norte,015,27424,5802,5811,198,6009,50
2022-04-07,El Dorado,017,186661,26760,26757,3219,29976,207
2022-04-07,Fresno,019,978130,231394,231090,23822,254912,2731
2022-04-07,Glenn,021,27897,4984,4988,1613,6601,47
2022-04-07,Humboldt,023,135768,16912,16913,2992,19905,141
2022-04-07,Imperial,025,180216,55376,55267,10916,66183,910
2022-04-07,Inyo,027,18085,4075,4071,497,4568,56
2022-04-07,Kern,029,883053,191892,191542,46351,237893,2244
2022-04-07,Kings,031,150075,51523,51519,3624,55143,443
2022-04-07,Lake,033,64148,10697,10690,901,11591,134
2022-04-07,Lassen,035,31185,8964,8948,889,9837,65
2022-04-07,Los Angeles,037,10098052,2714658,2709735,125540,2835275,31509
2022-04-07,Madera,039,155013,37306,37356,6119,43475,354
2022-04-07,Marin,041,260295,33748,33648,2351,35999,288
2022-04-07,Mariposa,043,17540,2402,2394,204,2598,29
2022-04-07,Mendocino,045,87422,13097,13087,3054,16141,120
2022-04-07,Merced,047,269075,62168,62231,8720,70951,811
2022-04-07,Modoc,049,8938,743,743,253,996,8
2022-04-07,Mono,051,14174,2970,2967,123,3090,6
2022-04-07,Monterey,053,433212,79476,79103,13976,93079,727
2022-04-07,Napa,055,140530,25902,25824,981,26805,144
2022-04-07,Nevada,057,99092,15987,15976,1216,17192,123
2022-04-07,Orange,059,3164182,547642,546983,41738,588721,6912
2022-04-07,Placer,061,380077,62826,62831,7438,70269,616
2022-04-07,Plumas,063,18699,2930,2887,365,3252,13
2022-04-07,Riverside,065,2383286,591477,591268,28230,619498,6429
2022-04-07,Sacramento,067,1510023,281104,277125,27490,304615,2972
2022-04-07,San Benito,069,59416,12921,12917,519,13436,98
2022-04-07,San Bernardino,071,2135413,566023,562571,24933,587504,6892
2022-04-07,San Diego,073,3302833,755084,754281,52358,806639,5210
2022-04-07,San Francisco,075,870044,126272,125963,8433,134396,844
2022-04-07,San Joaquin,077,732212,166346,166547,9545,176092,2212
2022-04-07,San Luis Obispo,079,281455,52560,52609,3819,56428,476
2022-04-07,San Mateo,081,765935,122735,121514,7111,128625,698
2022-04-07,Santa Barbara,083,443738,85935,85754,4861,90615,680
2022-04-07,Santa Clara,085,1922200,314442,313965,12608,326573,2266
2022-04-07,Santa Cruz,087,273765,47784,47624,2156,49780,259
2022-04-07,Shasta,089,179085,30564,30586,6166,36752,549
2022-04-07,Sierra,091,2930,274,272,48,320,4
2022-04-07,Siskiyou,093,43540,4445,4444,2760,7204,80
2022-04-07,Solano,095,438530,81617,81886,5574,87460,448
2022-04-07,Sonoma,097,501317,83924,83600,2639,86239,485
2022-04-07,Stanislaus,099,539301,117476,117528,17404,134932,1578
2022-04-07,Sutter,101,95872,20559,20591,2145,22736,223
2022-04-07,Tehama,103,63373,12050,12059,2633,14692,201
2022-04-07,Trinity,105,12862,1177,1177,295,1472,20
2022-04-07,Tulare,107,460477,106699,105278,28815,134093,1415
2022-04-07,Tuolumne,109,53932,12627,12632,566,13198,180
2022-04-07,Ventura,111,848112,173570,173343,9317,182660,1467
2022-04-07,Yolo,113,214977,36800,36587,3219,39806,312
2022-04-07,Yuba,115,75493,15848,15848,1222,17070,121
2022-04-06,Alameda,001,1643700,257100,256143,14358,270501,1814
2022-04-06,Alpine,003,1148,124,124,1,125,0
2022-04-06,Amador,005,37829,8531,8488,653,9141,86
2022-04-06,Butte,007,227075,33048,32997,6680,39677,396
2022-04-06,Calaveras,009,45235,7272,7258,358,7616,120
2022-04-06,Colusa,011,21464,3446,3447,1076,4523,21
2022-04-06,Contra Costa,013,1133247,189199,188850,13389,202239,1296
2022-04-06,Del Norte,015,27424,5801,5809,198,6007,50
2022-04-06,El Dorado,017,186661,26757,26744,3219,29963,205
2022-04-06,Fresno,019,978130,231357,230942,23820,254762,2725
2022-04-06,Glenn,021,27897,4984,4986,1612,6598,47
2022-04-06,Humboldt,023,135768,16908,16904,2991,19895,140
2022-04-06,Imperial,025,180216,55368,55294,10916,66210,908
2022-04-06,Inyo,027,18085,4074,4068,495,4563,56
2022-04-06,Kern,029,883053,191870,191449,46348,237797,2234
2022-04-06,Kings,031,150075,51522,51491,3623,55114,443
2022-04-06,Lake,033,64148,10695,10679,901,11580,136
2022-04-06,Lassen,035,31185,8964,8945,889,9834,65
2022-04-06,Los Angeles,037,10098052,2713646,2707306,125478,2832784,31465
2022-04-06,Madera,039,155013,37302,37349,6119,43468,354
2022-04-06,Marin,041,260295,33728,33566,2343,35909,288
2022-04-06,Mariposa,043,17540,2401,2392,204,2596,29
2022-04-06,Mendocino,045,87422,13093,13074,3053,16127,119
2022-04-06,Merced,047,269075,62159,62195,8717,70912,810
2022-04-06,Modoc,049,8938,743,741,253,994,8
2022-04-06,Mono,051,14174,2969,2967,123,3090,6
2022-04-06,Monterey,053,433212,79462,79019,13966,92985,727
2022-04-06,Napa,055,140530,25885,25790,978,26768,143
2022-04-06,Nevada,057,99092,15985,15974,1216,17190,123
2022-04-06,Orange,059,3164182,547471,546491,41710,588201,6887
2022-04-06,Placer,061,380077,62820,62787,7437,70224,615
2022-04-06,Plumas,063,18699,2930,2850,365,3215,13
2022-04-06,Riverside,065,2383286,591380,590826,28225,619051,6424
2022-04-06,Sacramento,067,1510023,281024,276567,27486,304053,2953
2022-04-06,San Benito,069,59416,12920,12908,519,13427,98
2022-04-06,San Bernardino,071,2135413,565888,561648,24931,586579,6883
2022-04-06,San Diego,073,3302833,754787,753402,52325,805727,5192
2022-04-06,San Francisco,075,870044,126116,125536,8426,133962,843
2022-04-06,San Joaquin,077,732212,166315,166415,9542,175957,2207
2022-04-06,San Luis Obispo,079,281455,52538,52557,3817,56374,475
2022-04-06,San Mateo,081,765935,122630,121041,7099,128140,693
2022-04-06,Santa Barbara,083,443738,85894,85630,4857,90487,679
2022-04-06,Santa Clara,085,1922200,314245,313278,12585,325863,2265
2022-04-06,Santa Cruz,087,273765,47729,47446,2150,49596,259
2022-04-06,Shasta,089,179085,30563,30565,6166,36731,529
2022-04-06,Sierra,091,2930,274,272,48,320,4
2022-04-06,Siskiyou,093,43540,4445,4442,2760,7202,80
2022-04-06,Solano,095,438530,81584,81789,5569,87358,447
2022-04-06,Sonoma,097,501317,83865,83361,2632,85993,485
2022-04-06,Stanislaus,099,539301,117460,117534,17398,134932,1578
2022-04-06,Sutter,101,95872,20554,20581,2145,22726,222
2022-04-06,Tehama,103,63373,12050,12049,2633,14682,198
2022-04-06,Trinity,105,12862,1177,1173,295,1468,20
2022-04-06,Tulare,107,460477,106694,104826,28810,133636,1414
2022-04-06,Tuolumne,109,53932,12625,12621,566,13187,180
2022-04-06,Ventura,111,848112,173517,173179,9313,182492,1460
2022-04-06,Yolo,113,214977,36780,36393,3218,39611,314
2022-04-06,Yuba,115,75493,15844,15839,1222,17061,121
2022-04-05,Alameda,001,1643700,256905,256143,14349,270492,1814
2022-04-05,Alpine,003,1148,124,124,1,125,0
2022-04-05,Amador,005,37829,8529,8488,653,9141,86
2022-04-05,Butte,007,227075,33042,32997,6676,39673,396
2022-04-05,Calaveras,009,45235,7269,7258,358,7616,120
2022-04-05,Colusa,011,21464,3444,3447,1075,4522,21
2022-04-05,Contra Costa,013,1133247,189109,188850,13384,202234,1296
2022-04-05,Del Norte,015,27424,5799,5809,198,6007,50
2022-04-05,El Dorado,017,186661,26745,26744,3219,29963,205
2022-04-05,Fresno,019,978130,231324,230942,23813,254755,2725
2022-04-05,Glenn,021,27897,4984,4986,1611,6597,47
2022-04-05,Humboldt,023,135768,16902,16904,2991,19895,140
2022-04-05,Imperial,025,180216,55366,55294,10916,66210,908
2022-04-05,Inyo,027,18085,4073,4068,494,4562,56
2022-04-05,Kern,029,883053,191849,191449,46345,237794,2234
2022-04-05,Kings,031,150075,51519,51491,3623,55114,443
2022-04-05,Lake,033,64148,10692,10679,901,11580,136
2022-04-05,Lassen,035,31185,8964,8945,889,9834,65
2022-04-05,Los Angeles,037,10098052,2712612,2707306,125404,2832710,31465
2022-04-05,Madera,039,155013,37295,37349,6117,43466,354
2022-04-05,Marin,041,260295,33673,33566,2328,35894,288
2022-04-05,Mariposa,043,17540,2401,2392,204,2596,29
2022-04-05,Mendocino,045,87422,13087,13074,3052,16126,119
2022-04-05,Merced,047,269075,62148,62195,8710,70905,810
2022-04-05,Modoc,049,8938,743,741,253,994,8
2022-04-05,Mono,051,14174,2968,2967,123,3090,6
2022-04-05,Monterey,053,433212,79439,79019,13953,92972,727
2022-04-05,Napa,055,140530,25876,25790,973,26763,143
2022-04-05,Nevada,057,99092,15977,15974,1216,17190,123
2022-04-05,Orange,059,3164182,547287,546491,41683,588174,6887
2022-04-05,Placer,061,380077,62797,62787,7437,70224,615
2022-04-05,Plumas,063,18699,2930,2850,365,3215,13
2022-04-05,Riverside,065,2383286,591262,590826,28213,619039,6424
2022-04-05,Sacramento,067,1510023,280946,276567,27480,304047,2953
2022-04-05,San Benito,069,59416,12912,12908,519,13427,98
2022-04-05,San Bernardino,071,2135413,565755,561648,24919,586567,6883
2022-04-05,San Diego,073,3302833,754477,753402,52283,805685,5192
2022-04-05,San Francisco,075,870044,125917,125536,8418,133954,843
2022-04-05,San Joaquin,077,732212,166272,166415,9539,175954,2207
2022-04-05,San Luis Obispo,079,281455,52521,52557,3812,56369,475
2022-04-05,San Mateo,081,765935,122513,121041,7087,128128,693
2022-04-05,Santa Barbara,083,443738,85858,85630,4854,90484,679
2022-04-05,Santa Clara,085,1922200,313988,313278,12572,325850,2265
2022-04-05,Santa Cruz,087,273765,47661,47446,2147,49593,259
2022-04-05,Shasta,089,179085,30563,30565,6164,36729,529
2022-04-05,Sierra,091,2930,274,272,48,320,4
2022-04-05,Siskiyou,093,43540,4445,4442,2760,7202,80
2022-04-05,Solano,095,438530,81535,81789,5566,87355,447
2022-04-05,Sonoma,097,501317,83802,83361,2623,85984,485
2022-04-05,Stanislaus,099,539301,117446,117534,17388,134922,1578
2022-04-05,Sutter,101,95872,20550,20581,2144,22725,222
2022-04-05,Tehama,103,63373,12048,12049,2632,14681,198
2022-04-05,Trinity,105,12862,1177,1173,295,1468,20
2022-04-05,Tulare,107,460477,106683,104826,28807,133633,1414
2022-04-05,Tuolumne,109,53932,12623,12621,566,13187,180
2022-04-05,Ventura,111,848112,173463,173179,9307,182486,1460
2022-04-05,Yolo,113,214977,36767,36393,3215,39608,314
2022-04-05,Yuba,115,75493,15842,15839,1222,17061,121
2022-04-04,Alameda,001,1643700,256690,256143,14335,270478,1814
2022-04-04,Alpine,003,1148,124,124,1,125,0
2022-04-04,Amador,005,37829,8528,8488,652,9140,86
2022-04-04,Butte,007,227075,33037,32997,6674,39671,396
2022-04-04,Calaveras,009,45235,7269,7258,358,7616,120
2022-04-04,Colusa,011,21464,3443,3447,1075,4522,21
2022-04-04,Contra Costa,013,1133247,189015,188850,13380,202230,1296
2022-04-04,Del Norte,015,27424,5799,5809,198,6007,50
2022-04-04,El Dorado,017,186661,26741,26744,3218,29962,205
2022-04-04,Fresno,019,978130,231307,230942,23810,254752,2725
2022-04-04,Glenn,021,27897,4983,4986,1611,6597,47
2022-04-04,Humboldt,023,135768,16894,16904,2986,19890,140
2022-04-04,Imperial,025,180216,55362,55294,10916,66210,908
2022-04-04,Inyo,027,18085,4073,4068,492,4560,56
2022-04-04,Kern,029,883053,191827,191449,46339,237788,2234
2022-04-04,Kings,031,150075,51512,51491,3623,55114,443
2022-04-04,Lake,033,64148,10687,10679,901,11580,136
2022-04-04,Lassen,035,31185,8964,8945,889,9834,65
2022-04-04,Los Angeles,037,10098052,2711537,2707306,125360,2832666,31465
2022-04-04,Madera,039,155013,37291,37349,6117,43466,354
2022-04-04,Marin,041,260295,33657,33566,2319,35885,288
2022-04-04,Mariposa,043,17540,2400,2392,204,2596,29
2022-04-04,Mendocino,045,87422,13081,13074,3052,16126,119
2022-04-04,Merced,047,269075,62138,62195,8706,70901,810
2022-04-04,Modoc,049,8938,743,741,253,994,8
2022-04-04,Mono,051,14174,2968,2967,123,3090,6
2022-04-04,Monterey,053,433212,79423,79019,13947,92966,727
2022-04-04,Napa,055,140530,25858,25790,973,26763,143
2022-04-04,Nevada,057,99092,15972,15974,1216,17190,123
2022-04-04,Orange,059,3164182,547124,546491,41660,588151,6887
2022-04-04,Placer,061,380077,62787,62787,7436,70223,615
2022-04-04,Plumas,063,18699,2929,2850,365,3215,13
2022-04-04,Riverside,065,2383286,591169,590826,28201,619027,6424
2022-04-04,Sacramento,067,1510023,280852,276567,27471,304038,2953
2022-04-04,San Benito,069,59416,12910,12908,519,13427,98
2022-04-04,San Bernardino,071,2135413,565622,561648,24912,586560,6883
2022-04-04,San Diego,073,3302833,754156,753402,52251,805653,5192
2022-04-04,San Francisco,075,870044,125717,125536,8409,133945,843
2022-04-04,San Joaquin,077,732212,166246,166415,9536,175951,2207
2022-04-04,San Luis Obispo,079,281455,52498,52557,3810,56367,475
2022-04-04,San Mateo,081,765935,122379,121041,7073,128114,693
2022-04-04,Santa Barbara,083,443738,85814,85630,4853,90483,679
2022-04-04,Santa Clara,085,1922200,313724,313278,12563,325841,2265
2022-04-04,Santa Cruz,087,273765,47614,47446,2146,49592,259
2022-04-04,Shasta,089,179085,30560,30565,6163,36728,529
2022-04-04,Sierra,091,2930,274,272,48,320,4
2022-04-04,Siskiyou,093,43540,4445,4442,2760,7202,80
2022-04-04,Solano,095,438530,81496,81789,5563,87352,447
2022-04-04,Sonoma,097,501317,83750,83361,2616,85977,485
2022-04-04,Stanislaus,099,539301,117424,117534,17380,134914,1578
2022-04-04,Sutter,101,95872,20547,20581,2144,22725,222
2022-04-04,Tehama,103,63373,12046,12049,2632,14681,198
2022-04-04,Trinity,105,12862,1177,1173,295,1468,20
2022-04-04,Tulare,107,460477,106674,104826,28803,133629,1414
2022-04-04,Tuolumne,109,53932,12617,12621,566,13187,180
2022-04-04,Ventura,111,848112,173421,173179,9305,182484,1460
2022-04-04,Yolo,113,214977,36757,36393,3212,39605,314
2022-04-04,Yuba,115,75493,15840,15839,1222,17061,121
2022-04-03,Alameda,001,1643700,256453,255650,14334,269984,1813
2022-04-03,Alpine,003,1148,124,124,1,125,0
2022-04-03,Amador,005,37829,8528,8485,652,9137,86
2022-04-03,Butte,007,227075,33030,32981,6672,39653,396
2022-04-03,Calaveras,009,45235,7269,7254,358,7612,119
2022-04-03,Colusa,011,21464,3443,3445,1075,4520,21
2022-04-03,Contra Costa,013,1133247,188911,188658,13371,202029,1291
2022-04-03,Del Norte,015,27424,5799,5812,198,6010,50
2022-04-03,El Dorado,017,186661,26727,26732,3217,29949,200
2022-04-03,Fresno,019,978130,231274,230559,23807,254366,2722
2022-04-03,Glenn,021,27897,4983,4982,1611,6593,47
2022-04-03,Humboldt,023,135768,16889,16898,2986,19884,140
2022-04-03,Imperial,025,180216,55359,55266,10913,66179,908
2022-04-03,Inyo,027,18085,4071,4063,492,4555,56
2022-04-03,Kern,029,883053,191801,191384,46333,237717,2224
2022-04-03,Kings,031,150075,51506,51470,3621,55091,443
2022-04-03,Lake,033,64148,10685,10674,901,11575,136
2022-04-03,Lassen,035,31185,8963,8943,889,9832,65
2022-04-03,Los Angeles,037,10098052,2710363,2703576,125278,2828854,31410
2022-04-03,Madera,039,155013,37289,37333,6115,43448,354
2022-04-03,Marin,041,260295,33622,33493,2309,35802,287
2022-04-03,Mariposa,043,17540,2399,2391,204,2595,29
2022-04-03,Mendocino,045,87422,13075,13058,3050,16108,119
2022-04-03,Merced,047,269075,62123,62149,8702,70851,808
2022-04-03,Modoc,049,8938,742,741,253,994,8
2022-04-03,Mono,051,14174,2968,2967,123,3090,6
2022-04-03,Monterey,053,433212,79406,78964,13923,92887,726
2022-04-03,Napa,055,140530,25838,25757,972,26729,143
2022-04-03,Nevada,057,99092,15964,15962,1216,17178,123
2022-04-03,Orange,059,3164182,546924,546047,41634,587681,6880
2022-04-03,Placer,061,380077,62761,62740,7432,70172,614
2022-04-03,Plumas,063,18699,2928,2803,365,3168,14
2022-04-03,Riverside,065,2383286,591012,590563,28184,618747,6418
2022-04-03,Sacramento,067,1510023,280778,276218,27456,303674,2950
2022-04-03,San Benito,069,59416,12906,12901,519,13420,98
2022-04-03,San Bernardino,071,2135413,565481,561362,24907,586269,6865
2022-04-03,San Diego,073,3302833,753825,752281,52214,804495,5178
2022-04-03,San Francisco,075,870044,125491,125075,8403,133478,843
2022-04-03,San Joaquin,077,732212,166194,166336,9530,175866,2202
2022-04-03,San Luis Obispo,079,281455,52479,52512,3809,56321,475
2022-04-03,San Mateo,081,765935,122244,120717,7066,127783,693
2022-04-03,Santa Barbara,083,443738,85771,85611,4851,90462,678
2022-04-03,Santa Clara,085,1922200,313427,312517,12553,325070,2258
2022-04-03,Santa Cruz,087,273765,47559,47371,2144,49515,259
2022-04-03,Shasta,089,179085,30550,30556,6162,36718,530
2022-04-03,Sierra,091,2930,274,273,48,321,4
2022-04-03,Siskiyou,093,43540,4445,4439,2760,7199,80
2022-04-03,Solano,095,438530,81460,81848,5558,87406,446
2022-04-03,Sonoma,097,501317,83670,83235,2610,85845,485
2022-04-03,Stanislaus,099,539301,117394,117536,17375,134911,1581
2022-04-03,Sutter,101,95872,20544,20570,2144,22714,222
2022-04-03,Tehama,103,63373,12043,12046,2632,14678,198
2022-04-03,Trinity,105,12862,1177,1173,295,1468,20
2022-04-03,Tulare,107,460477,106667,104736,28790,133526,1410
2022-04-03,Tuolumne,109,53932,12616,12618,566,13184,180
2022-04-03,Ventura,111,848112,173370,173044,9303,182347,1460
2022-04-03,Yolo,113,214977,36739,36347,3210,39557,313
2022-04-03,Yuba,115,75493,15838,15835,1222,17057,120
2022-04-02,Alameda,001,1643700,256365,255650,14333,269983,1813
2022-04-02,Alpine,003,1148,124,124,1,125,0
2022-04-02,Amador,005,37829,8528,8485,652,9137,86
2022-04-02,Butte,007,227075,33026,32981,6672,39653,396
2022-04-02,Calaveras,009,45235,7269,7254,358,7612,119
2022-04-02,Colusa,011,21464,3443,3445,1075,4520,21
2022-04-02,Contra Costa,013,1133247,188855,188658,13368,202026,1291
2022-04-02,Del Norte,015,27424,5798,5812,198,6010,50
2022-04-02,El Dorado,017,186661,26724,26732,3217,29949,200
2022-04-02,Fresno,019,978130,231246,230559,23807,254366,2722
2022-04-02,Glenn,021,27897,4983,4982,1611,6593,47
2022-04-02,Humboldt,023,135768,16885,16898,2986,19884,140
2022-04-02,Imperial,025,180216,55356,55266,10912,66178,908
2022-04-02,Inyo,027,18085,4071,4063,492,4555,56
2022-04-02,Kern,029,883053,191787,191384,46330,237714,2224
2022-04-02,Kings,031,150075,51503,51470,3621,55091,443
2022-04-02,Lake,033,64148,10684,10674,901,11575,136
2022-04-02,Lassen,035,31185,8963,8943,889,9832,65
2022-04-02,Los Angeles,037,10098052,2709876,2703576,125238,2828814,31410
2022-04-02,Madera,039,155013,37286,37333,6115,43448,354
2022-04-02,Marin,041,260295,33598,33493,2301,35794,287
2022-04-02,Mariposa,043,17540,2398,2391,204,2595,29
2022-04-02,Mendocino,045,87422,13073,13058,3050,16108,119
2022-04-02,Merced,047,269075,62120,62149,8702,70851,808
2022-04-02,Modoc,049,8938,742,741,253,994,8
2022-04-02,Mono,051,14174,2968,2967,122,3089,6
2022-04-02,Monterey,053,433212,79393,78964,13918,92882,726
2022-04-02,Napa,055,140530,25825,25757,971,26728,143
2022-04-02,Nevada,057,99092,15961,15962,1215,17177,123
2022-04-02,Orange,059,3164182,546819,546047,41623,587670,6880
2022-04-02,Placer,061,380077,62752,62740,7430,70170,614
2022-04-02,Plumas,063,18699,2928,2803,365,3168,14
2022-04-02,Riverside,065,2383286,590938,590563,28179,618742,6418
2022-04-02,Sacramento,067,1510023,280742,276218,27455,303673,2950
2022-04-02,San Benito,069,59416,12905,12901,519,13420,98
2022-04-02,San Bernardino,071,2135413,565432,561362,24903,586265,6865
2022-04-02,San Diego,073,3302833,753700,752281,52205,804486,5178
2022-04-02,San Francisco,075,870044,125393,125075,8393,133468,843
2022-04-02,San Joaquin,077,732212,166175,166336,9528,175864,2202
2022-04-02,San Luis Obispo,079,281455,52474,52512,3809,56321,475
2022-04-02,San Mateo,081,765935,122152,120717,7057,127774,693
2022-04-02,Santa Barbara,083,443738,85752,85611,4850,90461,678
2022-04-02,Santa Clara,085,1922200,313264,312517,12549,325066,2258
2022-04-02,Santa Cruz,087,273765,47548,47371,2143,49514,259
2022-04-02,Shasta,089,179085,30549,30556,6161,36717,530
2022-04-02,Sierra,091,2930,274,273,48,321,4
2022-04-02,Siskiyou,093,43540,4444,4439,2759,7198,80
2022-04-02,Solano,095,438530,81445,81848,5558,87406,446
2022-04-02,Sonoma,097,501317,83624,83235,2604,85839,485
2022-04-02,Stanislaus,099,539301,117384,117536,17373,134909,1581
2022-04-02,Sutter,101,95872,20539,20570,2144,22714,222
2022-04-02,Tehama,103,63373,12043,12046,2632,14678,198
2022-04-02,Trinity,105,12862,1177,1173,295,1468,20
2022-04-02,Tulare,107,460477,106664,104736,28790,133526,1410
2022-04-02,Tuolumne,109,53932,12614,12618,566,13184,180
2022-04-02,Ventura,111,848112,173332,173044,9303,182347,1460
2022-04-02,Yolo,113,214977,36730,36347,3208,39555,313
2022-04-02,Yuba,115,75493,15837,15835,1222,17057,120
2022-04-01,Alameda,001,1643700,256265,255650,14329,269979,1813
2022-04-01,Alpine,003,1148,124,124,1,125,0
2022-04-01,Amador,005,37829,8528,8485,652,9137,86
2022-04-01,Butte,007,227075,33022,32981,6668,39649,396
2022-04-01,Calaveras,009,45235,7267,7254,358,7612,119
2022-04-01,Colusa,011,21464,3442,3445,1075,4520,21
2022-04-01,Contra Costa,013,1133247,188808,188658,13367,202025,1291
2022-04-01,Del Norte,015,27424,5796,5812,198,6010,50
2022-04-01,El Dorado,017,186661,26721,26732,3216,29948,200
2022-04-01,Fresno,019,978130,231221,230559,23805,254364,2722
2022-04-01,Glenn,021,27897,4983,4982,1611,6593,47
2022-04-01,Humboldt,023,135768,16883,16898,2986,19884,140
2022-04-01,Imperial,025,180216,55354,55266,10912,66178,908
2022-04-01,Inyo,027,18085,4069,4063,491,4554,56
2022-04-01,Kern,029,883053,191776,191384,46327,237711,2224
2022-04-01,Kings,031,150075,51500,51470,3621,55091,443
2022-04-01,Lake,033,64148,10682,10674,901,11575,136
2022-04-01,Lassen,035,31185,8962,8943,889,9832,65
2022-04-01,Los Angeles,037,10098052,2709386,2703576,125195,2828771,31410
2022-04-01,Madera,039,155013,37285,37333,6115,43448,354
2022-04-01,Marin,041,260295,33580,33493,2294,35787,287
2022-04-01,Mariposa,043,17540,2395,2391,204,2595,29
2022-04-01,Mendocino,045,87422,13070,13058,3050,16108,119
2022-04-01,Merced,047,269075,62113,62149,8700,70849,808
2022-04-01,Modoc,049,8938,742,741,253,994,8
2022-04-01,Mono,051,14174,2968,2967,122,3089,6
2022-04-01,Monterey,053,433212,79378,78964,13915,92879,726
2022-04-01,Napa,055,140530,25817,25757,971,26728,143
2022-04-01,Nevada,057,99092,15961,15962,1214,17176,123
2022-04-01,Orange,059,3164182,546714,546047,41613,587660,6880
2022-04-01,Placer,061,380077,62739,62740,7430,70170,614
2022-04-01,Plumas,063,18699,2928,2803,364,3167,14
2022-04-01,Riverside,065,2383286,590879,590563,28165,618728,6418
2022-04-01,Sacramento,067,1510023,280708,276218,27451,303669,2950
2022-04-01,San Benito,069,59416,12904,12901,519,13420,98
2022-04-01,San Bernardino,071,2135413,565380,561362,24899,586261,6865
2022-04-01,San Diego,073,3302833,753552,752281,52193,804474,5178
2022-04-01,San Francisco,075,870044,125294,125075,8386,133461,843
2022-04-01,San Joaquin,077,732212,166156,166336,9527,175863,2202
2022-04-01,San Luis Obispo,079,281455,52468,52512,3808,56320,475
2022-04-01,San Mateo,081,765935,122096,120717,7051,127768,693
2022-04-01,Santa Barbara,083,443738,85732,85611,4849,90460,678
2022-04-01,Santa Clara,085,1922200,313122,312517,12548,325065,2258
2022-04-01,Santa Cruz,087,273765,47534,47371,2141,49512,259
2022-04-01,Shasta,089,179085,30549,30556,6161,36717,530
2022-04-01,Sierra,091,2930,274,273,48,321,4
2022-04-01,Siskiyou,093,43540,4444,4439,2758,7197,80
2022-04-01,Solano,095,438530,81431,81848,5558,87406,446
2022-04-01,Sonoma,097,501317,83580,83235,2603,85838,485
2022-04-01,Stanislaus,099,539301,117375,117536,17370,134906,1581
2022-04-01,Sutter,101,95872,20539,20570,2144,22714,222
2022-04-01,Tehama,103,63373,12042,12046,2632,14678,198
2022-04-01,Trinity,105,12862,1177,1173,295,1468,20
2022-04-01,Tulare,107,460477,106659,104736,28786,133522,1410
2022-04-01,Tuolumne,109,53932,12613,12618,566,13184,180
2022-04-01,Ventura,111,848112,173303,173044,9300,182344,1460
2022-04-01,Yolo,113,214977,36721,36347,3207,39554,313
2022-04-01,Yuba,115,75493,15837,15835,1222,17057,120
2022-03-31,Alameda,001,1643700,256115,255650,14317,269967,1813
2022-03-31,Alpine,003,1148,124,124,1,125,0
2022-03-31,Amador,005,37829,8528,8485,652,9137,86
2022-03-31,Butte,007,227075,33018,32981,6665,39646,396
2022-03-31,Calaveras,009,45235,7265,7254,358,7612,119
2022-03-31,Colusa,011,21464,3441,3445,1075,4520,21
2022-03-31,Contra Costa,013,1133247,188720,188658,13361,202019,1291
2022-03-31,Del Norte,015,27424,5795,5812,198,6010,50
2022-03-31,El Dorado,017,186661,26714,26732,3216,29948,200
2022-03-31,Fresno,019,978130,231185,230559,23781,254340,2722
2022-03-31,Glenn,021,27897,4981,4982,1611,6593,47
2022-03-31,Humboldt,023,135768,16879,16898,2986,19884,140
2022-03-31,Imperial,025,180216,55351,55266,10911,66177,908
2022-03-31,Inyo,027,18085,4068,4063,489,4552,56
2022-03-31,Kern,029,883053,191762,191384,46319,237703,2224
2022-03-31,Kings,031,150075,51491,51470,3621,55091,443
2022-03-31,Lake,033,64148,10682,10674,900,11574,136
2022-03-31,Lassen,035,31185,8960,8943,889,9832,65
2022-03-31,Los Angeles,037,10098052,2708638,2703576,125144,2828720,31410
2022-03-31,Madera,039,155013,37282,37333,6115,43448,354
2022-03-31,Marin,041,260295,33556,33493,2283,35776,287
2022-03-31,Mariposa,043,17540,2394,2391,204,2595,29
2022-03-31,Mendocino,045,87422,13066,13058,3050,16108,119
2022-03-31,Merced,047,269075,62108,62149,8697,70846,808
2022-03-31,Modoc,049,8938,742,741,253,994,8
2022-03-31,Mono,051,14174,2968,2967,122,3089,6
2022-03-31,Monterey,053,433212,79360,78964,13903,92867,726
2022-03-31,Napa,055,140530,25808,25757,969,26726,143
2022-03-31,Nevada,057,99092,15954,15962,1212,17174,123
2022-03-31,Orange,059,3164182,546566,546047,41597,587644,6880
2022-03-31,Placer,061,380077,62715,62740,7428,70168,614
2022-03-31,Plumas,063,18699,2928,2803,363,3166,14
2022-03-31,Riverside,065,2383286,590776,590563,28161,618724,6418
2022-03-31,Sacramento,067,1510023,280636,276218,27443,303661,2950
2022-03-31,San Benito,069,59416,12903,12901,519,13420,98
2022-03-31,San Bernardino,071,2135413,565283,561362,24886,586248,6865
2022-03-31,San Diego,073,3302833,753306,752281,52168,804449,5178
2022-03-31,San Francisco,075,870044,125144,125075,8374,133449,843
2022-03-31,San Joaquin,077,732212,166123,166336,9513,175849,2202
2022-03-31,San Luis Obispo,079,281455,52454,52512,3807,56319,475
2022-03-31,San Mateo,081,765935,121993,120717,7049,127766,693
2022-03-31,Santa Barbara,083,443738,85706,85611,4848,90459,678
2022-03-31,Santa Clara,085,1922200,312902,312517,12535,325052,2258
2022-03-31,Santa Cruz,087,273765,47514,47371,2139,49510,259
2022-03-31,Shasta,089,179085,30543,30556,6160,36716,530
2022-03-31,Sierra,091,2930,271,273,48,321,4
2022-03-31,Siskiyou,093,43540,4442,4439,2758,7197,80
2022-03-31,Solano,095,438530,81404,81848,5555,87403,446
2022-03-31,Sonoma,097,501317,83540,83235,2597,85832,485
2022-03-31,Stanislaus,099,539301,117357,117536,17364,134900,1581
2022-03-31,Sutter,101,95872,20536,20570,2143,22713,222
2022-03-31,Tehama,103,63373,12042,12046,2631,14677,198
2022-03-31,Trinity,105,12862,1177,1173,295,1468,20
2022-03-31,Tulare,107,460477,106649,104736,28778,133514,1410
2022-03-31,Tuolumne,109,53932,12612,12618,566,13184,180
2022-03-31,Ventura,111,848112,173265,173044,9297,182341,1460
2022-03-31,Yolo,113,214977,36710,36347,3207,39554,313
2022-03-31,Yuba,115,75493,15837,15835,1218,17053,120
2022-03-30,Alameda,001,1643700,255998,255467,14308,269775,1812
2022-03-30,Alpine,003,1148,124,124,1,125,0
2022-03-30,Amador,005,37829,8528,8485,652,9137,86
2022-03-30,Butte,007,227075,33012,32968,6659,39627,396
2022-03-30,Calaveras,009,45235,7263,7253,357,7610,119
2022-03-30,Colusa,011,21464,3441,3445,1075,4520,21
2022-03-30,Contra Costa,013,1133247,188659,188496,13352,201848,1291
2022-03-30,Del Norte,015,27424,5793,5808,198,6006,50
2022-03-30,El Dorado,017,186661,26706,26722,3216,29938,200
2022-03-30,Fresno,019,978130,231174,230448,23775,254223,2720
2022-03-30,Glenn,021,27897,4981,4982,1611,6593,47
2022-03-30,Humboldt,023,135768,16876,16894,2986,19880,140
2022-03-30,Imperial,025,180216,55347,55252,10908,66160,908
2022-03-30,Inyo,027,18085,4067,4062,487,4549,56
2022-03-30,Kern,029,883053,191734,191363,46314,237677,2219
2022-03-30,Kings,031,150075,51485,51446,3619,55065,443
2022-03-30,Lake,033,64148,10680,10674,900,11574,136
2022-03-30,Lassen,035,31185,8960,8943,889,9832,65
2022-03-30,Los Angeles,037,10098052,2707835,2702536,125090,2827626,31384
2022-03-30,Madera,039,155013,37277,37330,6114,43444,354
2022-03-30,Marin,041,260295,33537,33453,2263,35716,287
2022-03-30,Mariposa,043,17540,2394,2390,204,2594,27
2022-03-30,Mendocino,045,87422,13062,13055,3047,16102,118
2022-03-30,Merced,047,269075,62101,62136,8691,70827,808
2022-03-30,Modoc,049,8938,742,739,253,992,8
2022-03-30,Mono,051,14174,2967,2967,122,3089,6
2022-03-30,Monterey,053,433212,79343,78911,13897,92808,726
2022-03-30,Napa,055,140530,25796,25745,968,26713,141
2022-03-30,Nevada,057,99092,15951,15960,1210,17170,123
2022-03-30,Orange,059,3164182,546412,545895,41573,587468,6876
2022-03-30,Placer,061,380077,62700,62705,7424,70129,614
2022-03-30,Plumas,063,18699,2928,2762,361,3123,13
2022-03-30,Riverside,065,2383286,590697,590437,28147,618584,6411
2022-03-30,Sacramento,067,1510023,280566,276081,27436,303517,2949
2022-03-30,San Benito,069,59416,12899,12898,519,13417,98
2022-03-30,San Bernardino,071,2135413,565201,561153,24881,586034,6863
2022-03-30,San Diego,073,3302833,753072,751684,52143,803827,5169
2022-03-30,San Francisco,075,870044,125038,124930,8364,133294,841
2022-03-30,San Joaquin,077,732212,166095,166299,9507,175806,2201
2022-03-30,San Luis Obispo,079,281455,52441,52484,3803,56287,475
2022-03-30,San Mateo,081,765935,121891,120548,7049,127597,693
2022-03-30,Santa Barbara,083,443738,85684,85488,4845,90333,677
2022-03-30,Santa Clara,085,1922200,312722,312253,12514,324767,2258
2022-03-30,Santa Cruz,087,273765,47457,47340,2139,49479,259
2022-03-30,Shasta,089,179085,30540,30555,6160,36715,530
2022-03-30,Sierra,091,2930,271,273,48,321,4
2022-03-30,Siskiyou,093,43540,4442,4439,2758,7197,80
2022-03-30,Solano,095,438530,81387,81816,5552,87368,443
2022-03-30,Sonoma,097,501317,83503,83163,2596,85759,485
2022-03-30,Stanislaus,099,539301,117344,117593,17361,134954,1559
2022-03-30,Sutter,101,95872,20531,20565,2143,22708,222
2022-03-30,Tehama,103,63373,12041,12045,2630,14675,198
2022-03-30,Trinity,105,12862,1176,1173,295,1468,20
2022-03-30,Tulare,107,460477,106643,104667,28772,133439,1410
2022-03-30,Tuolumne,109,53932,12610,12616,566,13182,180
2022-03-30,Ventura,111,848112,173225,172984,9289,182273,1460
2022-03-30,Yolo,113,214977,36703,36325,3204,39529,313
2022-03-30,Yuba,115,75493,15835,15830,1218,17048,120
2022-03-29,Alameda,001,1643700,255888,255261,14297,269558,1810
2022-03-29,Alpine,003,1148,124,124,1,125,0
2022-03-29,Amador,005,37829,8528,8483,652,9135,86
2022-03-29,Butte,007,227075,33010,32954,6658,39612,396
2022-03-29,Calaveras,009,45235,7262,7250,356,7606,119
2022-03-29,Colusa,011,21464,3441,3445,1075,4520,21
2022-03-29,Contra Costa,013,1133247,188573,188359,13345,201704,1290
2022-03-29,Del Norte,015,27424,5792,5806,197,6003,50
2022-03-29,El Dorado,017,186661,26703,26706,3216,29922,200
2022-03-29,Fresno,019,978130,231145,230256,23770,254026,2718
2022-03-29,Glenn,021,27897,4980,4983,1611,6594,47
2022-03-29,Humboldt,023,135768,16873,16892,2983,19875,140
2022-03-29,Imperial,025,180216,55331,55233,10907,66140,908
2022-03-29,Inyo,027,18085,4065,4062,486,4548,56
2022-03-29,Kern,029,883053,191702,191338,46307,237645,2220
2022-03-29,Kings,031,150075,51477,51416,3618,55034,443
2022-03-29,Lake,033,64148,10676,10674,900,11574,136
2022-03-29,Lassen,035,31185,8959,8943,889,9832,65
2022-03-29,Los Angeles,037,10098052,2707010,2702005,125043,2827048,31378
2022-03-29,Madera,039,155013,37268,37325,6112,43437,354
2022-03-29,Marin,041,260295,33517,33431,2258,35689,287
2022-03-29,Mariposa,043,17540,2394,2388,203,2591,23
2022-03-29,Mendocino,045,87422,13059,13053,3046,16099,119
2022-03-29,Merced,047,269075,62089,62123,8690,70813,806
2022-03-29,Modoc,049,8938,740,737,253,990,8
2022-03-29,Mono,051,14174,2967,2966,122,3088,5
2022-03-29,Monterey,053,433212,79331,78774,13888,92662,725
2022-03-29,Napa,055,140530,25789,25732,968,26700,141
2022-03-29,Nevada,057,99092,15943,15956,1210,17166,123
2022-03-29,Orange,059,3164182,546266,545832,41557,587389,6871
2022-03-29,Placer,061,380077,62682,62687,7419,70106,614
2022-03-29,Plumas,063,18699,2926,2761,361,3122,13
2022-03-29,Riverside,065,2383286,590597,590359,28139,618498,6403
2022-03-29,Sacramento,067,1510023,280501,276040,27423,303463,2946
2022-03-29,San Benito,069,59416,12897,12892,519,13411,97
2022-03-29,San Bernardino,071,2135413,565110,561026,24872,585898,6860
2022-03-29,San Diego,073,3302833,752824,751240,52120,803360,5159
2022-03-29,San Francisco,075,870044,124889,124789,8358,133147,840
2022-03-29,San Joaquin,077,732212,166060,166241,9499,175740,2198
2022-03-29,San Luis Obispo,079,281455,52425,52455,3799,56254,472
2022-03-29,San Mateo,081,765935,121798,120435,7046,127481,686
2022-03-29,Santa Barbara,083,443738,85662,85464,4845,90309,676
2022-03-29,Santa Clara,085,1922200,312480,312067,12497,324564,2259
2022-03-29,Santa Cruz,087,273765,47437,47323,2138,49461,259
2022-03-29,Shasta,089,179085,30533,30552,6157,36709,529
2022-03-29,Sierra,091,2930,271,273,48,321,4
2022-03-29,Siskiyou,093,43540,4442,4439,2757,7196,80
2022-03-29,Solano,095,438530,81368,81713,5549,87262,441
2022-03-29,Sonoma,097,501317,83470,83130,2589,85719,485
2022-03-29,Stanislaus,099,539301,117325,117683,17355,135038,1559
2022-03-29,Sutter,101,95872,20529,20556,2142,22698,221
2022-03-29,Tehama,103,63373,12039,12045,2630,14675,198
2022-03-29,Trinity,105,12862,1176,1173,295,1468,20
2022-03-29,Tulare,107,460477,106638,104622,28766,133388,1406
2022-03-29,Tuolumne,109,53932,12607,12615,566,13181,180
2022-03-29,Ventura,111,848112,173169,172946,9288,182234,1460
2022-03-29,Yolo,113,214977,36695,36296,3203,39499,313
2022-03-29,Yuba,115,75493,15831,15824,1217,17041,117
2022-03-28,Alameda,001,1643700,255742,255192,14287,269479,1808
2022-03-28,Alpine,003,1148,124,124,1,125,0
2022-03-28,Amador,005,37829,8527,8480,652,9132,86
2022-03-28,Butte,007,227075,32993,32947,6657,39604,392
2022-03-28,Calaveras,009,45235,7262,7247,356,7603,119
2022-03-28,Colusa,011,21464,3441,3445,1075,4520,21
2022-03-28,Contra Costa,013,1133247,188493,188305,13340,201645,1290
2022-03-28,Del Norte,015,27424,5790,5834,197,6031,50
2022-03-28,El Dorado,017,186661,26697,26703,3214,29917,200
2022-03-28,Fresno,019,978130,231119,230144,23753,253897,2717
2022-03-28,Glenn,021,27897,4980,4983,1611,6594,47
2022-03-28,Humboldt,023,135768,16872,16916,2983,19899,140
2022-03-28,Imperial,025,180216,55319,55245,10907,66152,909
2022-03-28,Inyo,027,18085,4064,4062,486,4548,56
2022-03-28,Kern,029,883053,191678,191333,46297,237630,2212
2022-03-28,Kings,031,150075,51464,51405,3618,55023,443
2022-03-28,Lake,033,64148,10674,10673,900,11573,136
2022-03-28,Lassen,035,31185,8959,8946,889,9835,63
2022-03-28,Los Angeles,037,10098052,2706122,2700997,125004,2826001,31349
2022-03-28,Madera,039,155013,37265,37324,6112,43436,354
2022-03-28,Marin,041,260295,33493,33391,2253,35644,287
2022-03-28,Mariposa,043,17540,2393,2388,203,2591,23
2022-03-28,Mendocino,045,87422,13057,13046,3045,16091,118
2022-03-28,Merced,047,269075,62080,62116,8685,70801,805
2022-03-28,Modoc,049,8938,739,736,253,989,7
2022-03-28,Mono,051,14174,2967,2966,122,3088,5
2022-03-28,Monterey,053,433212,79296,78784,13883,92667,724
2022-03-28,Napa,055,140530,25783,25723,967,26690,140
2022-03-28,Nevada,057,99092,15941,15969,1210,17179,123
2022-03-28,Orange,059,3164182,546134,545700,41529,587229,6860
2022-03-28,Placer,061,380077,62661,62687,7417,70104,613
2022-03-28,Plumas,063,18699,2925,2760,361,3121,13
2022-03-28,Riverside,065,2383286,590501,590298,28129,618427,6397
2022-03-28,Sacramento,067,1510023,280430,275889,27412,303301,2946
2022-03-28,San Benito,069,59416,12897,12889,519,13408,97
2022-03-28,San Bernardino,071,2135413,565028,560836,24859,585695,6858
2022-03-28,San Diego,073,3302833,752577,750659,52088,802747,5155
2022-03-28,San Francisco,075,870044,124749,124678,8348,133026,839
2022-03-28,San Joaquin,077,732212,166029,166247,9495,175742,2196
2022-03-28,San Luis Obispo,079,281455,52400,52434,3796,56230,470
2022-03-28,San Mateo,081,765935,121684,120337,7039,127376,686
2022-03-28,Santa Barbara,083,443738,85634,85442,4843,90285,675
2022-03-28,Santa Clara,085,1922200,312246,311953,12488,324441,2257
2022-03-28,Santa Cruz,087,273765,47404,47324,2138,49462,259
2022-03-28,Shasta,089,179085,30532,30550,6156,36706,527
2022-03-28,Sierra,091,2930,271,273,48,321,4
2022-03-28,Siskiyou,093,43540,4441,4438,2757,7195,80
2022-03-28,Solano,095,438530,81345,81704,5544,87248,441
2022-03-28,Sonoma,097,501317,83427,83105,2584,85689,485
2022-03-28,Stanislaus,099,539301,117315,117783,17350,135133,1562
2022-03-28,Sutter,101,95872,20524,20549,2142,22691,221
2022-03-28,Tehama,103,63373,12038,12041,2629,14670,200
2022-03-28,Trinity,105,12862,1176,1173,295,1468,20
2022-03-28,Tulare,107,460477,106625,104576,28759,133335,1404
2022-03-28,Tuolumne,109,53932,12607,12627,566,13193,180
2022-03-28,Ventura,111,848112,173129,172867,9287,182154,1455
2022-03-28,Yolo,113,214977,36685,36282,3201,39483,312
2022-03-28,Yuba,115,75493,15830,15821,1215,17036,117
2022-03-27,Alameda,001,1643700,255566,255132,14278,269410,1809
2022-03-27,Alpine,003,1148,124,124,1,125,0
2022-03-27,Amador,005,37829,8524,8480,652,9132,86
2022-03-27,Butte,007,227075,32980,32943,6650,39593,392
2022-03-27,Calaveras,009,45235,7260,7245,356,7601,119
2022-03-27,Colusa,011,21464,3441,3445,1074,4519,21
2022-03-27,Contra Costa,013,1133247,188380,188251,13324,201575,1290
2022-03-27,Del Norte,015,27424,5789,5836,197,6033,50
2022-03-27,El Dorado,017,186661,26683,26699,3211,29910,200
2022-03-27,Fresno,019,978130,231073,230049,23736,253785,2717
2022-03-27,Glenn,021,27897,4979,4983,1611,6594,47
2022-03-27,Humboldt,023,135768,16868,16920,2983,19903,140
2022-03-27,Imperial,025,180216,55307,55240,10904,66144,909
2022-03-27,Inyo,027,18085,4063,4062,484,4546,56
2022-03-27,Kern,029,883053,191640,191332,46291,237623,2213
2022-03-27,Kings,031,150075,51455,51400,3618,55018,443
2022-03-27,Lake,033,64148,10673,10672,899,11571,136
2022-03-27,Lassen,035,31185,8959,8946,889,9835,63
2022-03-27,Los Angeles,037,10098052,2705329,2700983,124957,2825940,31348
2022-03-27,Madera,039,155013,37261,37323,6110,43433,354
2022-03-27,Marin,041,260295,33455,33391,2243,35634,287
2022-03-27,Mariposa,043,17540,2393,2390,203,2593,23
2022-03-27,Mendocino,045,87422,13051,13046,3043,16089,118
2022-03-27,Merced,047,269075,62069,62110,8683,70793,805
2022-03-27,Modoc,049,8938,738,736,251,987,7
2022-03-27,Mono,051,14174,2967,2966,122,3088,5
2022-03-27,Monterey,053,433212,79275,78778,13870,92648,724
2022-03-27,Napa,055,140530,25768,25723,967,26690,140
2022-03-27,Nevada,057,99092,15937,15967,1208,17175,123
2022-03-27,Orange,059,3164182,546000,545644,41493,587137,6860
2022-03-27,Placer,061,380077,62642,62680,7417,70097,613
2022-03-27,Plumas,063,18699,2924,2760,359,3119,13
2022-03-27,Riverside,065,2383286,590417,590251,28118,618369,6395
2022-03-27,Sacramento,067,1510023,280348,275854,27405,303259,2941
2022-03-27,San Benito,069,59416,12892,12889,518,13407,97
2022-03-27,San Bernardino,071,2135413,564913,560853,24855,585708,6862
2022-03-27,San Diego,073,3302833,752325,750659,52066,802725,5155
2022-03-27,San Francisco,075,870044,124567,124619,8337,132956,839
2022-03-27,San Joaquin,077,732212,165993,166238,9492,175730,2196
2022-03-27,San Luis Obispo,079,281455,52379,52430,3794,56224,470
2022-03-27,San Mateo,081,765935,121577,120324,7033,127357,686
2022-03-27,Santa Barbara,083,443738,85600,85434,4841,90275,675
2022-03-27,Santa Clara,085,1922200,312034,311822,12480,324302,2257
2022-03-27,Santa Cruz,087,273765,47371,47321,2133,49454,259
2022-03-27,Shasta,089,179085,30527,30550,6154,36704,527
2022-03-27,Sierra,091,2930,271,273,48,321,4
2022-03-27,Siskiyou,093,43540,4441,4436,2756,7192,80
2022-03-27,Solano,095,438530,81311,81691,5541,87232,441
2022-03-27,Sonoma,097,501317,83371,83088,2580,85668,485
2022-03-27,Stanislaus,099,539301,117294,117778,17347,135125,1562
2022-03-27,Sutter,101,95872,20518,20545,2142,22687,221
2022-03-27,Tehama,103,63373,12038,12040,2629,14669,200
2022-03-27,Trinity,105,12862,1176,1173,295,1468,20
2022-03-27,Tulare,107,460477,106616,104582,28750,133332,1404
2022-03-27,Tuolumne,109,53932,12605,12628,566,13194,180
2022-03-27,Ventura,111,848112,173082,172831,9285,182116,1455
2022-03-27,Yolo,113,214977,36673,36232,3198,39430,312
2022-03-27,Yuba,115,75493,15827,15821,1208,17029,117
2022-03-26,Alameda,001,1643700,255495,254691,14276,268967,1803
2022-03-26,Alpine,003,1148,124,124,1,125,0
2022-03-26,Amador,005,37829,8524,8476,652,9128,86
2022-03-26,Butte,007,227075,32975,32929,6648,39577,391
2022-03-26,Calaveras,009,45235,7258,7240,356,7596,120
2022-03-26,Colusa,011,21464,3439,3445,1074,4519,21
2022-03-26,Contra Costa,013,1133247,188326,187990,13321,201311,1285
2022-03-26,Del Norte,015,27424,5787,5831,197,6028,50
2022-03-26,El Dorado,017,186661,26675,26674,3209,29883,200
2022-03-26,Fresno,019,978130,231049,229799,23735,253534,2710
2022-03-26,Glenn,021,27897,4979,4978,1611,6589,47
2022-03-26,Humboldt,023,135768,16865,16911,2983,19894,139
2022-03-26,Imperial,025,180216,55301,55230,10903,66133,913
2022-03-26,Inyo,027,18085,4063,4060,483,4543,56
2022-03-26,Kern,029,883053,191626,191288,46286,237574,2201
2022-03-26,Kings,031,150075,51454,51397,3618,55015,444
2022-03-26,Lake,033,64148,10673,10659,899,11558,136
2022-03-26,Lassen,035,31185,8959,8944,889,9833,63
2022-03-26,Los Angeles,037,10098052,2704890,2698028,124915,2822943,31291
2022-03-26,Madera,039,155013,37258,37321,6108,43429,354
2022-03-26,Marin,041,260295,33445,33317,2239,35556,287
2022-03-26,Mariposa,043,17540,2393,2386,203,2589,23
2022-03-26,Mendocino,045,87422,13049,13038,3043,16081,118
2022-03-26,Merced,047,269075,62063,62083,8681,70764,805
2022-03-26,Modoc,049,8938,738,736,251,987,7
2022-03-26,Mono,051,14174,2967,2966,122,3088,5
2022-03-26,Monterey,053,433212,79268,78688,13868,92556,724
2022-03-26,Napa,055,140530,25765,25701,967,26668,139
2022-03-26,Nevada,057,99092,15933,15960,1208,17168,123
2022-03-26,Orange,059,3164182,545923,545294,41481,586775,6853
2022-03-26,Placer,061,380077,62630,62634,7413,70047,613
2022-03-26,Plumas,063,18699,2924,2758,358,3116,13
2022-03-26,Riverside,065,2383286,590349,590060,28117,618177,6397
2022-03-26,Sacramento,067,1510023,280317,275529,27403,302932,2935
2022-03-26,San Benito,069,59416,12892,12885,518,13403,97
2022-03-26,San Bernardino,071,2135413,564861,560742,24851,585593,6840
2022-03-26,San Diego,073,3302833,752197,750170,52059,802229,5146
2022-03-26,San Francisco,075,870044,124461,124265,8328,132593,839
2022-03-26,San Joaquin,077,732212,165972,166079,9491,175570,2195
2022-03-26,San Luis Obispo,079,281455,52373,52369,3794,56163,469
2022-03-26,San Mateo,081,765935,121520,120165,7025,127190,684
2022-03-26,Santa Barbara,083,443738,85579,85477,4839,90316,674
2022-03-26,Santa Clara,085,1922200,311880,311189,12471,323660,2250
2022-03-26,Santa Cruz,087,273765,47360,47329,2133,49462,259
2022-03-26,Shasta,089,179085,30525,30542,6153,36695,527
2022-03-26,Sierra,091,2930,271,273,48,321,4
2022-03-26,Siskiyou,093,43540,4440,4433,2756,7189,80
2022-03-26,Solano,095,438530,81301,81659,5541,87200,441
2022-03-26,Sonoma,097,501317,83342,83113,2576,85689,485
2022-03-26,Stanislaus,099,539301,117287,117962,17346,135308,1565
2022-03-26,Sutter,101,95872,20516,20536,2142,22678,221
2022-03-26,Tehama,103,63373,12038,12036,2628,14664,195
2022-03-26,Trinity,105,12862,1176,1174,295,1469,20
2022-03-26,Tulare,107,460477,106609,104538,28749,133287,1400
2022-03-26,Tuolumne,109,53932,12603,12628,566,13194,180
2022-03-26,Ventura,111,848112,173042,172690,9281,181971,1455
2022-03-26,Yolo,113,214977,36668,36234,3198,39432,311
2022-03-26,Yuba,115,75493,15826,15807,1208,17015,117
2022-03-25,Alameda,001,1643700,255431,254691,14274,268965,1803
2022-03-25,Alpine,003,1148,124,124,1,125,0
2022-03-25,Amador,005,37829,8523,8476,652,9128,86
2022-03-25,Butte,007,227075,32969,32929,6647,39576,391
2022-03-25,Calaveras,009,45235,7257,7240,356,7596,120
2022-03-25,Colusa,011,21464,3439,3445,1074,4519,21
2022-03-25,Contra Costa,013,1133247,188281,187990,13317,201307,1285
2022-03-25,Del Norte,015,27424,5787,5831,197,6028,50
2022-03-25,El Dorado,017,186661,26671,26674,3209,29883,200
2022-03-25,Fresno,019,978130,231021,229799,23726,253525,2710
2022-03-25,Glenn,021,27897,4979,4978,1611,6589,47
2022-03-25,Humboldt,023,135768,16865,16911,2983,19894,139
2022-03-25,Imperial,025,180216,55296,55230,10902,66132,913
2022-03-25,Inyo,027,18085,4062,4060,483,4543,56
2022-03-25,Kern,029,883053,191616,191288,46285,237573,2201
2022-03-25,Kings,031,150075,51453,51397,3618,55015,444
2022-03-25,Lake,033,64148,10673,10659,899,11558,136
2022-03-25,Lassen,035,31185,8958,8944,889,9833,63
2022-03-25,Los Angeles,037,10098052,2704476,2698028,124883,2822911,31291
2022-03-25,Madera,039,155013,37256,37321,6107,43428,354
2022-03-25,Marin,041,260295,33429,33317,2230,35547,287
2022-03-25,Mariposa,043,17540,2393,2386,203,2589,23
2022-03-25,Mendocino,045,87422,13049,13038,3043,16081,118
2022-03-25,Merced,047,269075,62056,62083,8680,70763,805
2022-03-25,Modoc,049,8938,738,736,251,987,7
2022-03-25,Mono,051,14174,2966,2966,122,3088,5
2022-03-25,Monterey,053,433212,79258,78688,13865,92553,724
2022-03-25,Napa,055,140530,25758,25701,967,26668,139
2022-03-25,Nevada,057,99092,15932,15960,1208,17168,123
2022-03-25,Orange,059,3164182,545848,545294,41465,586759,6853
2022-03-25,Placer,061,380077,62624,62634,7410,70044,613
2022-03-25,Plumas,063,18699,2923,2758,358,3116,13
2022-03-25,Riverside,065,2383286,590288,590060,28106,618166,6397
2022-03-25,Sacramento,067,1510023,280277,275529,27401,302930,2935
2022-03-25,San Benito,069,59416,12892,12885,518,13403,97
2022-03-25,San Bernardino,071,2135413,564824,560742,24849,585591,6840
2022-03-25,San Diego,073,3302833,752072,750170,52049,802219,5146
2022-03-25,San Francisco,075,870044,124380,124265,8314,132579,839
2022-03-25,San Joaquin,077,732212,165958,166079,9489,175568,2195
2022-03-25,San Luis Obispo,079,281455,52370,52369,3793,56162,469
2022-03-25,San Mateo,081,765935,121469,120165,7025,127190,684
2022-03-25,Santa Barbara,083,443738,85564,85477,4837,90314,674
2022-03-25,Santa Clara,085,1922200,311726,311189,12467,323656,2250
2022-03-25,Santa Cruz,087,273765,47352,47329,2133,49462,259
2022-03-25,Shasta,089,179085,30523,30542,6152,36694,527
2022-03-25,Sierra,091,2930,271,273,48,321,4
2022-03-25,Siskiyou,093,43540,4438,4433,2754,7187,80
2022-03-25,Solano,095,438530,81287,81659,5539,87198,441
2022-03-25,Sonoma,097,501317,83306,83113,2576,85689,485
2022-03-25,Stanislaus,099,539301,117272,117962,17345,135307,1565
2022-03-25,Sutter,101,95872,20511,20536,2142,22678,221
2022-03-25,Tehama,103,63373,12036,12036,2628,14664,195
2022-03-25,Trinity,105,12862,1176,1174,295,1469,20
2022-03-25,Tulare,107,460477,106604,104538,28745,133283,1400
2022-03-25,Tuolumne,109,53932,12602,12628,566,13194,180
2022-03-25,Ventura,111,848112,173004,172690,9281,181971,1455
2022-03-25,Yolo,113,214977,36655,36234,3198,39432,311
2022-03-25,Yuba,115,75493,15821,15807,1207,17014,117
2022-03-24,Alameda,001,1643700,255326,254691,14258,268949,1803
2022-03-24,Alpine,003,1148,124,124,1,125,0
2022-03-24,Amador,005,37829,8523,8476,652,9128,86
2022-03-24,Butte,007,227075,32962,32929,6647,39576,391
2022-03-24,Calaveras,009,45235,7254,7240,356,7596,120
2022-03-24,Colusa,011,21464,3439,3445,1074,4519,21
2022-03-24,Contra Costa,013,1133247,188202,187990,13316,201306,1285
2022-03-24,Del Norte,015,27424,5784,5831,197,6028,50
2022-03-24,El Dorado,017,186661,26661,26674,3209,29883,200
2022-03-24,Fresno,019,978130,230980,229799,23713,253512,2710
2022-03-24,Glenn,021,27897,4978,4978,1611,6589,47
2022-03-24,Humboldt,023,135768,16860,16911,2981,19892,139
2022-03-24,Imperial,025,180216,55290,55230,10902,66132,913
2022-03-24,Inyo,027,18085,4061,4060,483,4543,56
2022-03-24,Kern,029,883053,191605,191288,46282,237570,2201
2022-03-24,Kings,031,150075,51444,51397,3616,55013,444
2022-03-24,Lake,033,64148,10672,10659,899,11558,136
2022-03-24,Lassen,035,31185,8957,8944,889,9833,63
2022-03-24,Los Angeles,037,10098052,2703911,2698028,124839,2822867,31291
2022-03-24,Madera,039,155013,37254,37321,6105,43426,354
2022-03-24,Marin,041,260295,33405,33317,2221,35538,287
2022-03-24,Mariposa,043,17540,2393,2386,203,2589,23
2022-03-24,Mendocino,045,87422,13044,13038,3040,16078,118
2022-03-24,Merced,047,269075,62050,62083,8679,70762,805
2022-03-24,Modoc,049,8938,738,736,251,987,7
2022-03-24,Mono,051,14174,2966,2966,122,3088,5
2022-03-24,Monterey,053,433212,79232,78688,13850,92538,724
2022-03-24,Napa,055,140530,25749,25701,967,26668,139
2022-03-24,Nevada,057,99092,15928,15960,1207,17167,123
2022-03-24,Orange,059,3164182,545746,545294,41448,586742,6853
2022-03-24,Placer,061,380077,62604,62634,7409,70043,613
2022-03-24,Plumas,063,18699,2923,2758,358,3116,13
2022-03-24,Riverside,065,2383286,590212,590060,28097,618157,6397
2022-03-24,Sacramento,067,1510023,280206,275529,27396,302925,2935
2022-03-24,San Benito,069,59416,12891,12885,517,13402,97
2022-03-24,San Bernardino,071,2135413,564743,560742,24845,585587,6840
2022-03-24,San Diego,073,3302833,751859,750170,52038,802208,5146
2022-03-24,San Francisco,075,870044,124301,124265,8308,132573,839
2022-03-24,San Joaquin,077,732212,165931,166079,9488,175567,2195
2022-03-24,San Luis Obispo,079,281455,52355,52369,3792,56161,469
2022-03-24,San Mateo,081,765935,121422,120165,7020,127185,684
2022-03-24,Santa Barbara,083,443738,85549,85477,4834,90311,674
2022-03-24,Santa Clara,085,1922200,311581,311189,12449,323638,2250
2022-03-24,Santa Cruz,087,273765,47335,47329,2132,49461,259
2022-03-24,Shasta,089,179085,30515,30542,6152,36694,527
2022-03-24,Sierra,091,2930,271,273,48,321,4
2022-03-24,Siskiyou,093,43540,4435,4433,2754,7187,80
2022-03-24,Solano,095,438530,81268,81659,5538,87197,441
2022-03-24,Sonoma,097,501317,83270,83113,2574,85687,485
2022-03-24,Stanislaus,099,539301,117263,117962,17342,135304,1565
2022-03-24,Sutter,101,95872,20506,20536,2142,22678,221
2022-03-24,Tehama,103,63373,12035,12036,2626,14662,195
2022-03-24,Trinity,105,12862,1176,1174,295,1469,20
2022-03-24,Tulare,107,460477,106594,104538,28740,133278,1400
2022-03-24,Tuolumne,109,53932,12600,12628,566,13194,180
2022-03-24,Ventura,111,848112,172961,172690,9280,181970,1455
2022-03-24,Yolo,113,214977,36648,36234,3194,39428,311
2022-03-24,Yuba,115,75493,15816,15807,1204,17011,117
2022-03-23,Alameda,001,1643700,255189,254559,14246,268805,1802
2022-03-23,Alpine,003,1148,124,124,1,125,0
2022-03-23,Amador,005,37829,8523,8475,652,9127,86
2022-03-23,Butte,007,227075,32949,32920,6646,39566,387
2022-03-23,Calaveras,009,45235,7249,7237,356,7593,120
2022-03-23,Colusa,011,21464,3438,3444,1074,4518,21
2022-03-23,Contra Costa,013,1133247,188101,187898,13304,201202,1279
2022-03-23,Del Norte,015,27424,5783,5830,196,6026,50
2022-03-23,El Dorado,017,186661,26655,26670,3209,29879,200
2022-03-23,Fresno,019,978130,230944,229656,23697,253353,2710
2022-03-23,Glenn,021,27897,4978,4975,1611,6586,47
2022-03-23,Humboldt,023,135768,16859,16908,2979,19887,139
2022-03-23,Imperial,025,180216,55285,55211,10901,66112,909
2022-03-23,Inyo,027,18085,4061,4060,483,4543,56
2022-03-23,Kern,029,883053,191588,191241,46277,237518,2196
2022-03-23,Kings,031,150075,51432,51384,3615,54999,442
2022-03-23,Lake,033,64148,10668,10658,898,11556,135
2022-03-23,Lassen,035,31185,8956,8944,888,9832,63
2022-03-23,Los Angeles,037,10098052,2703235,2697227,124807,2822034,31267
2022-03-23,Madera,039,155013,37249,37317,6101,43418,354
2022-03-23,Marin,041,260295,33379,33274,2216,35490,287
2022-03-23,Mariposa,043,17540,2391,2382,202,2584,11
2022-03-23,Mendocino,045,87422,13040,13033,3039,16072,118
2022-03-23,Merced,047,269075,62040,62056,8675,70731,805
2022-03-23,Modoc,049,8938,738,736,251,987,7
2022-03-23,Mono,051,14174,2966,2966,122,3088,5
2022-03-23,Monterey,053,433212,79214,78655,13824,92479,724
2022-03-23,Napa,055,140530,25736,25691,965,26656,139
2022-03-23,Nevada,057,99092,15926,15958,1207,17165,123
2022-03-23,Orange,059,3164182,545617,545158,41435,586593,6852
2022-03-23,Placer,061,380077,62585,62622,7407,70029,613
2022-03-23,Plumas,063,18699,2923,2747,358,3105,13
2022-03-23,Riverside,065,2383286,590139,589947,28092,618039,6388
2022-03-23,Sacramento,067,1510023,280142,275398,27389,302787,2934
2022-03-23,San Benito,069,59416,12890,12884,517,13401,97
2022-03-23,San Bernardino,071,2135413,564669,560550,24840,585390,6828
2022-03-23,San Diego,073,3302833,751659,749871,52015,801886,5143
2022-03-23,San Francisco,075,870044,124186,124110,8302,132412,838
2022-03-23,San Joaquin,077,732212,165895,166041,9482,175523,2187
2022-03-23,San Luis Obispo,079,281455,52338,52344,3786,56130,469
2022-03-23,San Mateo,081,765935,121339,120080,7010,127090,685
2022-03-23,Santa Barbara,083,443738,85530,85464,4833,90297,673
2022-03-23,Santa Clara,085,1922200,311416,310956,12438,323394,2250
2022-03-23,Santa Cruz,087,273765,47313,47314,2126,49440,259
2022-03-23,Shasta,089,179085,30511,30524,6151,36675,526
2022-03-23,Sierra,091,2930,271,273,48,321,4
2022-03-23,Siskiyou,093,43540,4434,4433,2754,7187,80
2022-03-23,Solano,095,438530,81231,81615,5537,87152,441
2022-03-23,Sonoma,097,501317,83237,83074,2572,85646,482
2022-03-23,Stanislaus,099,539301,117246,118041,17339,135380,1568
2022-03-23,Sutter,101,95872,20503,20532,2142,22674,218
2022-03-23,Tehama,103,63373,12033,12035,2626,14661,195
2022-03-23,Trinity,105,12862,1176,1174,295,1469,20
2022-03-23,Tulare,107,460477,106575,104489,28734,133223,1394
2022-03-23,Tuolumne,109,53932,12599,12629,566,13195,180
2022-03-23,Ventura,111,848112,172912,172647,9278,181925,1455
2022-03-23,Yolo,113,214977,36632,36197,3192,39389,308
2022-03-23,Yuba,115,75493,15810,15801,1203,17004,117
2022-03-22,Alameda,001,1643700,255068,254467,13866,268333,1802
2022-03-22,Alpine,003,1148,124,122,1,123,0
2022-03-22,Amador,005,37829,8522,8462,651,9113,86
2022-03-22,Butte,007,227075,32939,32907,6641,39548,387
2022-03-22,Calaveras,009,45235,7247,7237,356,7593,120
2022-03-22,Colusa,011,21464,3437,3445,1074,4519,21
2022-03-22,Contra Costa,013,1133247,188024,187813,13282,201095,1279
2022-03-22,Del Norte,015,27424,5778,5824,196,6020,50
2022-03-22,El Dorado,017,186661,26648,26661,3209,29870,200
2022-03-22,Fresno,019,978130,230895,229551,23689,253240,2708
2022-03-22,Glenn,021,27897,4975,4971,1611,6582,47
2022-03-22,Humboldt,023,135768,16856,16911,2979,19890,139
2022-03-22,Imperial,025,180216,55274,55170,10898,66068,908
2022-03-22,Inyo,027,18085,4061,4060,483,4543,56
2022-03-22,Kern,029,883053,191564,191213,46268,237481,2195
2022-03-22,Kings,031,150075,51420,51369,3614,54983,442
2022-03-22,Lake,033,64148,10666,10657,897,11554,135
2022-03-22,Lassen,035,31185,8956,8940,887,9827,63
2022-03-22,Los Angeles,037,10098052,2702578,2696746,124760,2821506,31250
2022-03-22,Madera,039,155013,37245,37304,6098,43402,354
2022-03-22,Marin,041,260295,33354,33253,2212,35465,287
2022-03-22,Mariposa,043,17540,2389,2382,202,2584,6
2022-03-22,Mendocino,045,87422,13035,13030,3037,16067,118
2022-03-22,Merced,047,269075,62030,62056,8671,70727,805
2022-03-22,Modoc,049,8938,738,735,251,986,7
2022-03-22,Mono,051,14174,2966,2963,122,3085,5
2022-03-22,Monterey,053,433212,79198,78614,13813,92427,724
2022-03-22,Napa,055,140530,25726,25688,964,26652,139
2022-03-22,Nevada,057,99092,15918,15950,1207,17157,123
2022-03-22,Orange,059,3164182,545474,545075,41416,586491,6843
2022-03-22,Placer,061,380077,62570,62604,7404,70008,610
2022-03-22,Plumas,063,18699,2922,2744,358,3102,13
2022-03-22,Riverside,065,2383286,590065,589816,28089,617905,6383
2022-03-22,Sacramento,067,1510023,280064,275374,27376,302750,2927
2022-03-22,San Benito,069,59416,12889,12884,516,13400,97
2022-03-22,San Bernardino,071,2135413,564588,560371,24820,585191,6811
2022-03-22,San Diego,073,3302833,751450,749647,51995,801642,5141
2022-03-22,San Francisco,075,870044,124079,123998,8296,132294,838
2022-03-22,San Joaquin,077,732212,165868,165992,9478,175470,2187
2022-03-22,San Luis Obispo,079,281455,52330,52257,3786,56043,465
2022-03-22,San Mateo,081,765935,121268,119975,7005,126980,686
2022-03-22,Santa Barbara,083,443738,85514,85457,4832,90289,672
2022-03-22,Santa Clara,085,1922200,311244,310787,12428,323215,2249
2022-03-22,Santa Cruz,087,273765,47294,47287,2125,49412,259
2022-03-22,Shasta,089,179085,30505,30528,6150,36678,525
2022-03-22,Sierra,091,2930,271,273,48,321,4
2022-03-22,Siskiyou,093,43540,4434,4429,2753,7182,80
2022-03-22,Solano,095,438530,81208,81587,5536,87123,440
2022-03-22,Sonoma,097,501317,83208,83042,2568,85610,482
2022-03-22,Stanislaus,099,539301,117228,118025,17336,135361,1568
2022-03-22,Sutter,101,95872,20502,20525,2138,22663,218
2022-03-22,Tehama,103,63373,12031,12034,2626,14660,162
2022-03-22,Trinity,105,12862,1176,1174,295,1469,20
2022-03-22,Tulare,107,460477,106563,104431,28723,133154,1391
2022-03-22,Tuolumne,109,53932,12599,12628,566,13194,180
2022-03-22,Ventura,111,848112,172864,172590,9276,181866,1455
2022-03-22,Yolo,113,214977,36615,36184,3191,39375,308
2022-03-22,Yuba,115,75493,15807,15795,1202,16997,117
2022-03-21,Alameda,001,1643700,254850,254354,13858,268212,1799
2022-03-21,Alpine,003,1148,124,122,1,123,0
2022-03-21,Amador,005,37829,8520,8461,650,9111,85
2022-03-21,Butte,007,227075,32928,32895,6637,39532,385
2022-03-21,Calaveras,009,45235,7246,7237,356,7593,119
2022-03-21,Colusa,011,21464,3437,3445,1074,4519,21
2022-03-21,Contra Costa,013,1133247,187958,187509,13264,200773,1276
2022-03-21,Del Norte,015,27424,5777,5824,196,6020,50
2022-03-21,El Dorado,017,186661,26636,26610,3207,29817,199
2022-03-21,Fresno,019,978130,230846,229374,23680,253054,2707
2022-03-21,Glenn,021,27897,4973,4972,1605,6577,46
2022-03-21,Humboldt,023,135768,16846,16912,2966,19878,139
2022-03-21,Imperial,025,180216,55260,55133,10897,66030,908
2022-03-21,Inyo,027,18085,4060,4060,483,4543,56
2022-03-21,Kern,029,883053,191530,191184,46262,237446,2187
2022-03-21,Kings,031,150075,51406,51366,3612,54978,441
2022-03-21,Lake,033,64148,10664,10655,897,11552,135
2022-03-21,Lassen,035,31185,8955,8939,887,9826,63
2022-03-21,Los Angeles,037,10098052,2701721,2694711,124711,2819422,31218
2022-03-21,Madera,039,155013,37239,37288,6094,43382,354
2022-03-21,Marin,041,260295,33309,33242,2207,35449,287
2022-03-21,Mariposa,043,17540,2388,2383,201,2584,6
2022-03-21,Mendocino,045,87422,13027,13028,3035,16063,118
2022-03-21,Merced,047,269075,62016,62048,8666,70714,803
2022-03-21,Modoc,049,8938,736,734,251,985,7
2022-03-21,Mono,051,14174,2966,2962,122,3084,5
2022-03-21,Monterey,053,433212,79150,78572,13799,92371,724
2022-03-21,Napa,055,140530,25718,25684,962,26646,138
2022-03-21,Nevada,057,99092,15914,15963,1206,17169,123
2022-03-21,Orange,059,3164182,545319,544943,41399,586342,6841
2022-03-21,Placer,061,380077,62551,62550,7403,69953,610
2022-03-21,Plumas,063,18699,2922,2744,358,3102,13
2022-03-21,Riverside,065,2383286,589984,589707,28083,617790,6376
2022-03-21,Sacramento,067,1510023,279968,275334,27362,302696,2925
2022-03-21,San Benito,069,59416,12883,12872,516,13388,97
2022-03-21,San Bernardino,071,2135413,564500,560210,24808,585018,6807
2022-03-21,San Diego,073,3302833,751217,748833,51974,800807,5138
2022-03-21,San Francisco,075,870044,123909,123912,8288,132200,835
2022-03-21,San Joaquin,077,732212,165842,165939,9475,175414,2185
2022-03-21,San Luis Obispo,079,281455,52305,52219,3781,56000,463
2022-03-21,San Mateo,081,765935,121108,119899,7003,126902,684
2022-03-21,Santa Barbara,083,443738,85498,85416,4830,90246,672
2022-03-21,Santa Clara,085,1922200,310972,310509,12425,322934,2245
2022-03-21,Santa Cruz,087,273765,47257,47267,2124,49391,259
2022-03-21,Shasta,089,179085,30499,30523,6147,36670,525
2022-03-21,Sierra,091,2930,271,273,48,321,4
2022-03-21,Siskiyou,093,43540,4434,4426,2753,7179,80
2022-03-21,Solano,095,438530,81177,81399,5536,86935,441
2022-03-21,Sonoma,097,501317,83170,82979,2563,85542,482
2022-03-21,Stanislaus,099,539301,117193,118144,17333,135477,1571
2022-03-21,Sutter,101,95872,20499,20523,2124,22647,218
2022-03-21,Tehama,103,63373,12027,12030,2626,14656,160
2022-03-21,Trinity,105,12862,1176,1174,295,1469,20
2022-03-21,Tulare,107,460477,106543,104350,28717,133067,1389
2022-03-21,Tuolumne,109,53932,12599,12620,566,13186,180
2022-03-21,Ventura,111,848112,172795,172537,9272,181809,1452
2022-03-21,Yolo,113,214977,36600,36141,3189,39330,307
2022-03-21,Yuba,115,75493,15804,15790,1201,16991,117
2022-03-20,Alameda,001,1643700,254724,254293,13847,268140,1801
2022-03-20,Alpine,003,1148,122,122,1,123,0
2022-03-20,Amador,005,37829,8517,8460,650,9110,85
2022-03-20,Butte,007,227075,32914,32892,6632,39524,385
2022-03-20,Calaveras,009,45235,7245,7233,353,7586,119
2022-03-20,Colusa,011,21464,3437,3446,1074,4520,21
2022-03-20,Contra Costa,013,1133247,187849,187467,13252,200719,1276
2022-03-20,Del Norte,015,27424,5774,5821,196,6017,50
2022-03-20,El Dorado,017,186661,26629,26608,3207,29815,199
2022-03-20,Fresno,019,978130,230768,229297,23673,252970,2707
2022-03-20,Glenn,021,27897,4971,4972,1605,6577,46
2022-03-20,Humboldt,023,135768,16844,16913,2964,19877,139
2022-03-20,Imperial,025,180216,55249,55133,10896,66029,908
2022-03-20,Inyo,027,18085,4060,4060,483,4543,56
2022-03-20,Kern,029,883053,191485,191170,46257,237427,2187
2022-03-20,Kings,031,150075,51394,51360,3612,54972,441
2022-03-20,Lake,033,64148,10660,10652,897,11549,135
2022-03-20,Lassen,035,31185,8953,8938,887,9825,63
2022-03-20,Los Angeles,037,10098052,2700936,2694698,124663,2819361,31219
2022-03-20,Madera,039,155013,37234,37284,6090,43374,354
2022-03-20,Marin,041,260295,33293,33232,2206,35438,275
2022-03-20,Mariposa,043,17540,2388,2383,201,2584,6
2022-03-20,Mendocino,045,87422,13020,13027,3030,16057,118
2022-03-20,Merced,047,269075,62005,62041,8660,70701,803
2022-03-20,Modoc,049,8938,736,734,251,985,7
2022-03-20,Mono,051,14174,2964,2962,122,3084,5
2022-03-20,Monterey,053,433212,79117,78566,13788,92354,723
2022-03-20,Napa,055,140530,25706,25682,961,26643,138
2022-03-20,Nevada,057,99092,15910,15964,1206,17170,123
2022-03-20,Orange,059,3164182,545196,544862,41380,586242,6841
2022-03-20,Placer,061,380077,62530,62525,7403,69928,610
2022-03-20,Plumas,063,18699,2922,2744,358,3102,13
2022-03-20,Riverside,065,2383286,589887,589657,28078,617735,6376
2022-03-20,Sacramento,067,1510023,279886,275317,27347,302664,2927
2022-03-20,San Benito,069,59416,12883,12869,515,13384,97
2022-03-20,San Bernardino,071,2135413,564421,560220,24800,585020,6805
2022-03-20,San Diego,073,3302833,750970,748833,51941,800774,5138
2022-03-20,San Francisco,075,870044,123758,123858,8275,132133,835
2022-03-20,San Joaquin,077,732212,165808,165927,9471,175398,2185
2022-03-20,San Luis Obispo,079,281455,52281,52217,3778,55995,463
2022-03-20,San Mateo,081,765935,121048,119901,6997,126898,684
2022-03-20,Santa Barbara,083,443738,85471,85412,4828,90240,672
2022-03-20,Santa Clara,085,1922200,310754,310412,12418,322830,2243
2022-03-20,Santa Cruz,087,273765,47230,47265,2123,49388,259
2022-03-20,Shasta,089,179085,30489,30522,6146,36668,525
2022-03-20,Sierra,091,2930,271,273,48,321,4
2022-03-20,Siskiyou,093,43540,4433,4426,2753,7179,80
2022-03-20,Solano,095,438530,81145,81393,5534,86927,441
2022-03-20,Sonoma,097,501317,83127,82965,2562,85527,481
2022-03-20,Stanislaus,099,539301,117167,118146,17329,135475,1572
2022-03-20,Sutter,101,95872,20492,20519,2114,22633,218
2022-03-20,Tehama,103,63373,12024,12030,2626,14656,160
2022-03-20,Trinity,105,12862,1176,1174,295,1469,20
2022-03-20,Tulare,107,460477,106521,104353,28696,133049,1389
2022-03-20,Tuolumne,109,53932,12594,12617,566,13183,180
2022-03-20,Ventura,111,848112,172742,172514,9267,181781,1451
2022-03-20,Yolo,113,214977,36579,36135,3188,39323,307
2022-03-20,Yuba,115,75493,15796,15787,1199,16986,117
2022-03-19,Alameda,001,1643700,254653,253936,13845,267781,1797
2022-03-19,Alpine,003,1148,122,122,1,123,0
2022-03-19,Amador,005,37829,8514,8456,650,9106,85
2022-03-19,Butte,007,227075,32907,32856,6631,39487,385
2022-03-19,Calaveras,009,45235,7244,7229,353,7582,119
2022-03-19,Colusa,011,21464,3435,3445,1074,4519,21
2022-03-19,Contra Costa,013,1133247,187811,187225,13251,200476,1276
2022-03-19,Del Norte,015,27424,5771,5815,196,6011,48
2022-03-19,El Dorado,017,186661,26625,26618,3207,29825,199
2022-03-19,Fresno,019,978130,230745,228965,23673,252638,2694
2022-03-19,Glenn,021,27897,4971,4971,1605,6576,44
2022-03-19,Humboldt,023,135768,16838,16901,2964,19865,138
2022-03-19,Imperial,025,180216,55248,55038,10895,65933,898
2022-03-19,Inyo,027,18085,4060,4061,483,4544,56
2022-03-19,Kern,029,883053,191472,190943,46249,237192,2184
2022-03-19,Kings,031,150075,51389,51334,3612,54946,441
2022-03-19,Lake,033,64148,10660,10641,897,11538,135
2022-03-19,Lassen,035,31185,8953,8925,887,9812,63
2022-03-19,Los Angeles,037,10098052,2700571,2686759,124629,2811388,31133
2022-03-19,Madera,039,155013,37234,37273,6090,43363,354
2022-03-19,Marin,041,260295,33275,33163,2202,35365,272
2022-03-19,Mariposa,043,17540,2387,2378,201,2579,6
2022-03-19,Mendocino,045,87422,13020,13012,3030,16042,117
2022-03-19,Merced,047,269075,61999,61985,8658,70643,800
2022-03-19,Modoc,049,8938,736,734,251,985,7
2022-03-19,Mono,051,14174,2964,2961,122,3083,5
2022-03-19,Monterey,053,433212,79105,78483,13781,92264,720
2022-03-19,Napa,055,140530,25703,25654,961,26615,138
2022-03-19,Nevada,057,99092,15908,15960,1206,17166,123
2022-03-19,Orange,059,3164182,545125,543907,41364,585271,6817
2022-03-19,Placer,061,380077,62514,62483,7403,69886,605
2022-03-19,Plumas,063,18699,2922,2724,358,3082,13
2022-03-19,Riverside,065,2383286,589835,589017,28070,617087,6359
2022-03-19,Sacramento,067,1510023,279844,274855,27342,302197,2913
2022-03-19,San Benito,069,59416,12882,12859,515,13374,97
2022-03-19,San Bernardino,071,2135413,564375,559935,24799,584734,6778
2022-03-19,San Diego,073,3302833,750866,747344,51929,799273,5133
2022-03-19,San Francisco,075,870044,123693,123587,8272,131859,833
2022-03-19,San Joaquin,077,732212,165782,165765,9468,175233,2181
2022-03-19,San Luis Obispo,079,281455,52275,52174,3778,55952,463
2022-03-19,San Mateo,081,765935,121012,119782,6996,126778,667
2022-03-19,Santa Barbara,083,443738,85458,85336,4827,90163,671
2022-03-19,Santa Clara,085,1922200,310632,309918,12410,322328,2225
2022-03-19,Santa Cruz,087,273765,47222,47203,2119,49322,256
2022-03-19,Shasta,089,179085,30485,30495,6146,36641,525
2022-03-19,Sierra,091,2930,271,273,48,321,4
2022-03-19,Siskiyou,093,43540,4432,4422,2753,7175,76
2022-03-19,Solano,095,438530,81136,81340,5531,86871,441
2022-03-19,Sonoma,097,501317,83109,82838,2559,85397,472
2022-03-19,Stanislaus,099,539301,117157,118138,17327,135465,1568
2022-03-19,Sutter,101,95872,20489,20503,2114,22617,218
2022-03-19,Tehama,103,63373,12024,12007,2626,14633,160
2022-03-19,Trinity,105,12862,1176,1173,295,1468,20
2022-03-19,Tulare,107,460477,106512,104290,28691,132981,1384
2022-03-19,Tuolumne,109,53932,12594,12617,566,13183,180
2022-03-19,Ventura,111,848112,172711,172380,9266,181646,1451
2022-03-19,Yolo,113,214977,36570,36086,3188,39274,306
2022-03-19,Yuba,115,75493,15792,15768,1198,16966,117
2022-03-18,Alameda,001,1643700,254591,253936,13841,267777,1797
2022-03-18,Alpine,003,1148,122,122,1,123,0
2022-03-18,Amador,005,37829,8514,8456,650,9106,85
2022-03-18,Butte,007,227075,32902,32856,6628,39484,385
2022-03-18,Calaveras,009,45235,7244,7229,353,7582,119
2022-03-18,Colusa,011,21464,3435,3445,1074,4519,21
2022-03-18,Contra Costa,013,1133247,187777,187225,13249,200474,1276
2022-03-18,Del Norte,015,27424,5769,5815,195,6010,48
2022-03-18,El Dorado,017,186661,26620,26618,3205,29823,199
2022-03-18,Fresno,019,978130,230712,228965,23673,252638,2694
2022-03-18,Glenn,021,27897,4971,4971,1605,6576,44
2022-03-18,Humboldt,023,135768,16835,16901,2963,19864,138
2022-03-18,Imperial,025,180216,55246,55038,10895,65933,898
2022-03-18,Inyo,027,18085,4060,4061,483,4544,56
2022-03-18,Kern,029,883053,191461,190943,46246,237189,2184
2022-03-18,Kings,031,150075,51383,51334,3612,54946,441
2022-03-18,Lake,033,64148,10658,10641,895,11536,135
2022-03-18,Lassen,035,31185,8952,8925,887,9812,63
2022-03-18,Los Angeles,037,10098052,2700229,2686759,124603,2811362,31133
2022-03-18,Madera,039,155013,37229,37273,6090,43363,354
2022-03-18,Marin,041,260295,33261,33163,2202,35365,272
2022-03-18,Mariposa,043,17540,2386,2378,201,2579,6
2022-03-18,Mendocino,045,87422,13015,13012,3030,16042,117
2022-03-18,Merced,047,269075,61989,61985,8658,70643,800
2022-03-18,Modoc,049,8938,736,734,251,985,7
2022-03-18,Mono,051,14174,2963,2961,122,3083,5
2022-03-18,Monterey,053,433212,79087,78483,13778,92261,720
2022-03-18,Napa,055,140530,25700,25654,961,26615,138
2022-03-18,Nevada,057,99092,15905,15960,1205,17165,123
2022-03-18,Orange,059,3164182,545057,543907,41355,585262,6817
2022-03-18,Placer,061,380077,62506,62483,7403,69886,605
2022-03-18,Plumas,063,18699,2922,2724,358,3082,13
2022-03-18,Riverside,065,2383286,589778,589017,28066,617083,6359
2022-03-18,Sacramento,067,1510023,279809,274855,27337,302192,2913
2022-03-18,San Benito,069,59416,12880,12859,515,13374,97
2022-03-18,San Bernardino,071,2135413,564337,559935,24797,584732,6778
2022-03-18,San Diego,073,3302833,750756,747344,51914,799258,5133
2022-03-18,San Francisco,075,870044,123613,123587,8265,131852,833
2022-03-18,San Joaquin,077,732212,165768,165765,9463,175228,2181
2022-03-18,San Luis Obispo,079,281455,52269,52174,3778,55952,463
2022-03-18,San Mateo,081,765935,120975,119782,6993,126775,667
2022-03-18,Santa Barbara,083,443738,85449,85336,4826,90162,671
2022-03-18,Santa Clara,085,1922200,310527,309918,12407,322325,2225
2022-03-18,Santa Cruz,087,273765,47210,47203,2118,49321,256
2022-03-18,Shasta,089,179085,30484,30495,6146,36641,525
2022-03-18,Sierra,091,2930,271,273,48,321,4
2022-03-18,Siskiyou,093,43540,4432,4422,2753,7175,76
2022-03-18,Solano,095,438530,81124,81340,5525,86865,441
2022-03-18,Sonoma,097,501317,83087,82838,2558,85396,472
2022-03-18,Stanislaus,099,539301,117144,118138,17327,135465,1568
2022-03-18,Sutter,101,95872,20486,20503,2114,22617,218
2022-03-18,Tehama,103,63373,12023,12007,2626,14633,160
2022-03-18,Trinity,105,12862,1176,1173,295,1468,20
2022-03-18,Tulare,107,460477,106506,104290,28684,132974,1384
2022-03-18,Tuolumne,109,53932,12593,12617,566,13183,180
2022-03-18,Ventura,111,848112,172691,172380,9262,181642,1451
2022-03-18,Yolo,113,214977,36559,36086,3188,39274,306
2022-03-18,Yuba,115,75493,15790,15768,1198,16966,117
2022-03-17,Alameda,001,1643700,254496,253936,13834,267770,1797
2022-03-17,Alpine,003,1148,122,122,1,123,0
2022-03-17,Amador,005,37829,8507,8456,650,9106,85
2022-03-17,Butte,007,227075,32888,32856,6626,39482,385
2022-03-17,Calaveras,009,45235,7241,7229,353,7582,119
2022-03-17,Colusa,011,21464,3435,3445,1074,4519,21
2022-03-17,Contra Costa,013,1133247,187711,187225,13239,200464,1276
2022-03-17,Del Norte,015,27424,5767,5815,195,6010,48
2022-03-17,El Dorado,017,186661,26613,26618,3205,29823,199
2022-03-17,Fresno,019,978130,230663,228965,23670,252635,2694
2022-03-17,Glenn,021,27897,4971,4971,1605,6576,44
2022-03-17,Humboldt,023,135768,16831,16901,2961,19862,138
2022-03-17,Imperial,025,180216,55235,55038,10895,65933,898
2022-03-17,Inyo,027,18085,4060,4061,483,4544,56
2022-03-17,Kern,029,883053,191431,190943,46243,237186,2184
2022-03-17,Kings,031,150075,51380,51334,3611,54945,441
2022-03-17,Lake,033,64148,10655,10641,895,11536,135
2022-03-17,Lassen,035,31185,8950,8925,887,9812,63
2022-03-17,Los Angeles,037,10098052,2699582,2686759,124567,2811326,31133
2022-03-17,Madera,039,155013,37225,37273,6089,43362,354
2022-03-17,Marin,041,260295,33249,33163,2201,35364,272
2022-03-17,Mariposa,043,17540,2386,2378,201,2579,6
2022-03-17,Mendocino,045,87422,13012,13012,3027,16039,117
2022-03-17,Merced,047,269075,61983,61985,8656,70641,800
2022-03-17,Modoc,049,8938,736,734,251,985,7
2022-03-17,Mono,051,14174,2963,2961,121,3082,5
2022-03-17,Monterey,053,433212,79065,78483,13773,92256,720
2022-03-17,Napa,055,140530,25695,25654,961,26615,138
2022-03-17,Nevada,057,99092,15902,15960,1205,17165,123
2022-03-17,Orange,059,3164182,544963,543907,41344,585251,6817
2022-03-17,Placer,061,380077,62490,62483,7401,69884,605
2022-03-17,Plumas,063,18699,2921,2724,358,3082,13
2022-03-17,Riverside,065,2383286,589699,589017,28059,617076,6359
2022-03-17,Sacramento,067,1510023,279743,274855,27329,302184,2913
2022-03-17,San Benito,069,59416,12879,12859,515,13374,97
2022-03-17,San Bernardino,071,2135413,564272,559935,24794,584729,6778
2022-03-17,San Diego,073,3302833,750577,747344,51900,799244,5133
2022-03-17,San Francisco,075,870044,123533,123587,8260,131847,833
2022-03-17,San Joaquin,077,732212,165745,165765,9461,175226,2181
2022-03-17,San Luis Obispo,079,281455,52255,52174,3776,55950,463
2022-03-17,San Mateo,081,765935,120930,119782,6989,126771,667
2022-03-17,Santa Barbara,083,443738,85433,85336,4826,90162,671
2022-03-17,Santa Clara,085,1922200,310409,309918,12402,322320,2225
2022-03-17,Santa Cruz,087,273765,47194,47203,2116,49319,256
2022-03-17,Shasta,089,179085,30481,30495,6144,36639,525
2022-03-17,Sierra,091,2930,271,273,48,321,4
2022-03-17,Siskiyou,093,43540,4431,4422,2753,7175,76
2022-03-17,Solano,095,438530,81095,81340,5522,86862,441
2022-03-17,Sonoma,097,501317,83057,82838,2556,85394,472
2022-03-17,Stanislaus,099,539301,117131,118138,17322,135460,1568
2022-03-17,Sutter,101,95872,20476,20503,2100,22603,218
2022-03-17,Tehama,103,63373,12023,12007,2625,14632,160
2022-03-17,Trinity,105,12862,1176,1173,295,1468,20
2022-03-17,Tulare,107,460477,106491,104290,28673,132963,1384
2022-03-17,Tuolumne,109,53932,12591,12617,565,13182,180
2022-03-17,Ventura,111,848112,172644,172380,9260,181640,1451
2022-03-17,Yolo,113,214977,36546,36086,3188,39274,306
2022-03-17,Yuba,115,75493,15788,15768,1197,16965,117
2022-03-16,Alameda,001,1643700,254401,253792,13830,267622,1794
2022-03-16,Alpine,003,1148,122,122,1,123,0
2022-03-16,Amador,005,37829,8499,8449,650,9099,85
2022-03-16,Butte,007,227075,32876,32837,6621,39458,385
2022-03-16,Calaveras,009,45235,7239,7229,353,7582,120
2022-03-16,Colusa,011,21464,3435,3445,1073,4518,22
2022-03-16,Contra Costa,013,1133247,187652,187100,13230,200330,1266
2022-03-16,Del Norte,015,27424,5766,5811,193,6004,48
2022-03-16,El Dorado,017,186661,26601,26602,3204,29806,199
2022-03-16,Fresno,019,978130,230615,228786,23658,252444,2689
2022-03-16,Glenn,021,27897,4971,4969,1604,6573,44
2022-03-16,Humboldt,023,135768,16828,16893,2961,19854,138
2022-03-16,Imperial,025,180216,55223,55002,10894,65896,897
2022-03-16,Inyo,027,18085,4059,4061,483,4544,56
2022-03-16,Kern,029,883053,191388,190835,46236,237071,2170
2022-03-16,Kings,031,150075,51365,51321,3611,54932,437
2022-03-16,Lake,033,64148,10653,10633,894,11527,133
2022-03-16,Lassen,035,31185,8947,8924,887,9811,62
2022-03-16,Los Angeles,037,10098052,2698959,2685789,124526,2810315,31102
2022-03-16,Madera,039,155013,37217,37262,6088,43350,354
2022-03-16,Marin,041,260295,33227,33136,2199,35335,272
2022-03-16,Mariposa,043,17540,2384,2376,201,2577,6
2022-03-16,Mendocino,045,87422,13009,13011,3026,16037,117
2022-03-16,Merced,047,269075,61967,61959,8650,70609,798
2022-03-16,Modoc,049,8938,735,734,251,985,7
2022-03-16,Mono,051,14174,2963,2960,121,3081,5
2022-03-16,Monterey,053,433212,79043,78416,13768,92184,720
2022-03-16,Napa,055,140530,25686,25638,960,26598,138
2022-03-16,Nevada,057,99092,15900,15960,1205,17165,123
2022-03-16,Orange,059,3164182,544841,543326,41321,584647,6791
2022-03-16,Placer,061,380077,62475,62435,7399,69834,605
2022-03-16,Plumas,063,18699,2921,2723,358,3081,13
2022-03-16,Riverside,065,2383286,589599,588761,28056,616817,6351
2022-03-16,Sacramento,067,1510023,279675,274709,27323,302032,2910
2022-03-16,San Benito,069,59416,12874,12854,515,13369,97
2022-03-16,San Bernardino,071,2135413,564192,559746,24789,584535,6775
2022-03-16,San Diego,073,3302833,750366,746970,51876,798846,5126
2022-03-16,San Francisco,075,870044,123433,123446,8252,131698,831
2022-03-16,San Joaquin,077,732212,165698,165703,9458,175161,2169
2022-03-16,San Luis Obispo,079,281455,52237,52132,3773,55905,462
2022-03-16,San Mateo,081,765935,120868,119680,6980,126660,660
2022-03-16,Santa Barbara,083,443738,85400,85322,4821,90143,670
2022-03-16,Santa Clara,085,1922200,310225,309689,12387,322076,2224
2022-03-16,Santa Cruz,087,273765,47165,47161,2116,49277,255
2022-03-16,Shasta,089,179085,30472,30489,6140,36629,527
2022-03-16,Sierra,091,2930,271,273,48,321,4
2022-03-16,Siskiyou,093,43540,4428,4419,2751,7170,76
2022-03-16,Solano,095,438530,81072,81277,5520,86797,440
2022-03-16,Sonoma,097,501317,83012,82791,2548,85339,472
2022-03-16,Stanislaus,099,539301,117105,118072,17320,135392,1567
2022-03-16,Sutter,101,95872,20474,20494,2099,22593,218
2022-03-16,Tehama,103,63373,12021,11999,2625,14624,160
2022-03-16,Trinity,105,12862,1176,1173,295,1468,20
2022-03-16,Tulare,107,460477,106477,104217,28665,132882,1377
2022-03-16,Tuolumne,109,53932,12586,12610,565,13175,180
2022-03-16,Ventura,111,848112,172604,172212,9256,181468,1451
2022-03-16,Yolo,113,214977,36524,36079,3186,39265,307
2022-03-16,Yuba,115,75493,15783,15758,1197,16955,117
2022-03-15,Alameda,001,1643700,254272,253694,13820,267514,1793
2022-03-15,Alpine,003,1148,122,122,1,123,0
2022-03-15,Amador,005,37829,8496,8448,650,9098,85
2022-03-15,Butte,007,227075,32863,32822,6619,39441,385
2022-03-15,Calaveras,009,45235,7237,7236,353,7589,118
2022-03-15,Colusa,011,21464,3435,3445,1073,4518,21
2022-03-15,Contra Costa,013,1133247,187572,187021,13221,200242,1265
2022-03-15,Del Norte,015,27424,5763,5806,190,5996,48
2022-03-15,El Dorado,017,186661,26598,26596,3203,29799,199
2022-03-15,Fresno,019,978130,230572,228631,23648,252279,2689
2022-03-15,Glenn,021,27897,4969,4966,1604,6570,44
2022-03-15,Humboldt,023,135768,16822,16889,2960,19849,138
2022-03-15,Imperial,025,180216,55213,54981,10890,65871,896
2022-03-15,Inyo,027,18085,4059,4062,482,4544,56
2022-03-15,Kern,029,883053,191359,190645,46226,236871,2168
2022-03-15,Kings,031,150075,51345,51317,3607,54924,437
2022-03-15,Lake,033,64148,10649,10631,894,11525,131
2022-03-15,Lassen,035,31185,8945,8926,886,9812,62
2022-03-15,Los Angeles,037,10098052,2698294,2685071,124465,2809536,31077
2022-03-15,Madera,039,155013,37207,37258,6087,43345,354
2022-03-15,Marin,041,260295,33204,33111,2198,35309,272
2022-03-15,Mariposa,043,17540,2382,2377,201,2578,6
2022-03-15,Mendocino,045,87422,13004,13005,3025,16030,117
2022-03-15,Merced,047,269075,61949,61916,8640,70556,798
2022-03-15,Modoc,049,8938,735,733,251,984,7
2022-03-15,Mono,051,14174,2963,2961,121,3082,5
2022-03-15,Monterey,053,433212,79012,78400,13760,92160,718
2022-03-15,Napa,055,140530,25678,25657,958,26615,138
2022-03-15,Nevada,057,99092,15898,15960,1203,17163,123
2022-03-15,Orange,059,3164182,544699,543197,41314,584511,6780
2022-03-15,Placer,061,380077,62457,62398,7395,69793,604
2022-03-15,Plumas,063,18699,2921,2722,358,3080,13
2022-03-15,Riverside,065,2383286,589499,588622,28048,616670,6333
2022-03-15,Sacramento,067,1510023,279593,274633,27316,301949,2907
2022-03-15,San Benito,069,59416,12870,12849,515,13364,95
2022-03-15,San Bernardino,071,2135413,564119,559605,24784,584389,6770
2022-03-15,San Diego,073,3302833,750118,746474,51854,798328,5116
2022-03-15,San Francisco,075,870044,123318,123526,8243,131769,831
2022-03-15,San Joaquin,077,732212,165655,165664,9452,175116,2161
2022-03-15,San Luis Obispo,079,281455,52227,52060,3769,55829,458
2022-03-15,San Mateo,081,765935,120816,119586,6974,126560,649
2022-03-15,Santa Barbara,083,443738,85375,85353,4817,90170,668
2022-03-15,Santa Clara,085,1922200,310064,309535,12375,321910,2224
2022-03-15,Santa Cruz,087,273765,47112,47117,2116,49233,255
2022-03-15,Shasta,089,179085,30463,30476,6137,36613,524
2022-03-15,Sierra,091,2930,271,273,48,321,4
2022-03-15,Siskiyou,093,43540,4428,4420,2751,7171,76
2022-03-15,Solano,095,438530,81037,81260,5519,86779,440
2022-03-15,Sonoma,097,501317,82967,82737,2548,85285,472
2022-03-15,Stanislaus,099,539301,117086,118085,17316,135401,1567
2022-03-15,Sutter,101,95872,20471,20480,2089,22569,217
2022-03-15,Tehama,103,63373,12018,11997,2624,14621,160
2022-03-15,Trinity,105,12862,1176,1173,295,1468,20
2022-03-15,Tulare,107,460477,106458,104153,28653,132806,1375
2022-03-15,Tuolumne,109,53932,12582,12602,565,13167,180
2022-03-15,Ventura,111,848112,172559,172150,9252,181402,1451
2022-03-15,Yolo,113,214977,36511,36079,3180,39259,308
2022-03-15,Yuba,115,75493,15774,15756,1197,16953,116
2022-03-14,Alameda,001,1643700,254162,253629,13815,267444,1791
2022-03-14,Alpine,003,1148,122,122,1,123,0
2022-03-14,Amador,005,37829,8491,8448,650,9098,85
2022-03-14,Butte,007,227075,32845,32812,6618,39430,385
2022-03-14,Calaveras,009,45235,7236,7245,353,7598,118
2022-03-14,Colusa,011,21464,3434,3445,1073,4518,21
2022-03-14,Contra Costa,013,1133247,187481,186969,13212,200181,1265
2022-03-14,Del Norte,015,27424,5757,5807,190,5997,48
2022-03-14,El Dorado,017,186661,26593,26570,3203,29773,199
2022-03-14,Fresno,019,978130,230499,228470,23639,252109,2682
2022-03-14,Glenn,021,27897,4967,4966,1603,6569,44
2022-03-14,Humboldt,023,135768,16815,16890,2958,19848,137
2022-03-14,Imperial,025,180216,55200,54933,10889,65822,897
2022-03-14,Inyo,027,18085,4059,4062,482,4544,56
2022-03-14,Kern,029,883053,191326,190526,46215,236741,2166
2022-03-14,Kings,031,150075,51327,51293,3606,54899,437
2022-03-14,Lake,033,64148,10646,10631,894,11525,131
2022-03-14,Lassen,035,31185,8945,8927,885,9812,62
2022-03-14,Los Angeles,037,10098052,2697679,2683369,124396,2807765,31034
2022-03-14,Madera,039,155013,37201,37255,6086,43341,354
2022-03-14,Marin,041,260295,33175,33099,2198,35297,272
2022-03-14,Mariposa,043,17540,2381,2376,201,2577,6
2022-03-14,Mendocino,045,87422,12998,12992,3016,16008,117
2022-03-14,Merced,047,269075,61932,61905,8638,70543,795
2022-03-14,Modoc,049,8938,734,731,251,982,7
2022-03-14,Mono,051,14174,2962,2961,121,3082,5
2022-03-14,Monterey,053,433212,78998,78376,13721,92097,718
2022-03-14,Napa,055,140530,25663,25649,958,26607,138
2022-03-14,Nevada,057,99092,15896,15954,1203,17157,123
2022-03-14,Orange,059,3164182,544559,543099,41306,584405,6775
2022-03-14,Placer,061,380077,62439,62389,7393,69782,601
2022-03-14,Plumas,063,18699,2921,2711,358,3069,13
2022-03-14,Riverside,065,2383286,589362,588531,28036,616567,6332
2022-03-14,Sacramento,067,1510023,279513,274682,27311,301993,2899
2022-03-14,San Benito,069,59416,12865,12846,514,13360,95
2022-03-14,San Bernardino,071,2135413,564037,559505,24778,584283,6767
2022-03-14,San Diego,073,3302833,749809,745515,51827,797342,5108
2022-03-14,San Francisco,075,870044,123225,123575,8237,131812,824
2022-03-14,San Joaquin,077,732212,165617,165662,9451,175113,2142
2022-03-14,San Luis Obispo,079,281455,52200,52046,3766,55812,458
2022-03-14,San Mateo,081,765935,120742,119564,6971,126535,649
2022-03-14,Santa Barbara,083,443738,85338,85396,4816,90212,667
2022-03-14,Santa Clara,085,1922200,309877,309600,12372,321972,2223
2022-03-14,Santa Cruz,087,273765,47073,47107,2113,49220,255
2022-03-14,Shasta,089,179085,30458,30462,6134,36596,520
2022-03-14,Sierra,091,2930,271,273,48,321,4
2022-03-14,Siskiyou,093,43540,4423,4419,2750,7169,76
2022-03-14,Solano,095,438530,80990,81233,5514,86747,440
2022-03-14,Sonoma,097,501317,82934,82731,2544,85275,473
2022-03-14,Stanislaus,099,539301,117048,118088,17313,135401,1567
2022-03-14,Sutter,101,95872,20464,20478,2089,22567,217
2022-03-14,Tehama,103,63373,12016,11996,2624,14620,160
2022-03-14,Trinity,105,12862,1176,1172,295,1467,20
2022-03-14,Tulare,107,460477,106427,104121,28641,132762,1365
2022-03-14,Tuolumne,109,53932,12581,12567,564,13131,180
2022-03-14,Ventura,111,848112,172509,172107,9250,181357,1442
2022-03-14,Yolo,113,214977,36495,36059,3178,39237,308
2022-03-14,Yuba,115,75493,15763,15748,1197,16945,116
2022-03-13,Alameda,001,1643700,254044,253547,13806,267353,1792
2022-03-13,Alpine,003,1148,122,122,1,123,0
2022-03-13,Amador,005,37829,8489,8444,650,9094,85
2022-03-13,Butte,007,227075,32826,32806,6614,39420,384
2022-03-13,Calaveras,009,45235,7230,7253,353,7606,118
2022-03-13,Colusa,011,21464,3434,3444,1071,4515,21
2022-03-13,Contra Costa,013,1133247,187388,186911,13197,200108,1265
2022-03-13,Del Norte,015,27424,5753,5808,190,5998,48
2022-03-13,El Dorado,017,186661,26588,26563,3201,29764,199
2022-03-13,Fresno,019,978130,230420,228421,23626,252047,2683
2022-03-13,Glenn,021,27897,4963,4966,1602,6568,44
2022-03-13,Humboldt,023,135768,16807,16883,2958,19841,137
2022-03-13,Imperial,025,180216,55190,54934,10887,65821,897
2022-03-13,Inyo,027,18085,4059,4062,481,4543,56
2022-03-13,Kern,029,883053,191272,190495,46200,236695,2166
2022-03-13,Kings,031,150075,51320,51273,3605,54878,437
2022-03-13,Lake,033,64148,10643,10626,894,11520,131
2022-03-13,Lassen,035,31185,8944,8929,884,9813,62
2022-03-13,Los Angeles,037,10098052,2696957,2683351,124353,2807704,31034
2022-03-13,Madera,039,155013,37193,37248,6086,43334,354
2022-03-13,Marin,041,260295,33150,33083,2196,35279,272
2022-03-13,Mariposa,043,17540,2379,2376,201,2577,6
2022-03-13,Mendocino,045,87422,12992,12987,3011,15998,117
2022-03-13,Merced,047,269075,61908,61895,8626,70521,795
2022-03-13,Modoc,049,8938,734,731,251,982,7
2022-03-13,Mono,051,14174,2962,2961,121,3082,5
2022-03-13,Monterey,053,433212,78962,78366,13670,92036,718
2022-03-13,Napa,055,140530,25648,25639,957,26596,138
2022-03-13,Nevada,057,99092,15889,15959,1203,17162,123
2022-03-13,Orange,059,3164182,544438,543036,41282,584318,6774
2022-03-13,Placer,061,380077,62412,62372,7390,69762,601
2022-03-13,Plumas,063,18699,2921,2711,358,3069,13
2022-03-13,Riverside,065,2383286,589228,588487,28030,616517,6332
2022-03-13,Sacramento,067,1510023,279412,274715,27299,302014,2899
2022-03-13,San Benito,069,59416,12859,12844,512,13356,95
2022-03-13,San Bernardino,071,2135413,563944,559450,24769,584219,6767
2022-03-13,San Diego,073,3302833,749459,745515,51793,797308,5108
2022-03-13,San Francisco,075,870044,123101,123622,8231,131853,824
2022-03-13,San Joaquin,077,732212,165570,165641,9449,175090,2142
2022-03-13,San Luis Obispo,079,281455,52170,52040,3763,55803,458
2022-03-13,San Mateo,081,765935,120664,119521,6962,126483,649
2022-03-13,Santa Barbara,083,443738,85296,85453,4814,90267,667
2022-03-13,Santa Clara,085,1922200,309706,309493,12362,321855,2225
2022-03-13,Santa Cruz,087,273765,47022,47087,2112,49199,255
2022-03-13,Shasta,089,179085,30440,30457,6132,36589,520
2022-03-13,Sierra,091,2930,271,273,48,321,4
2022-03-13,Siskiyou,093,43540,4423,4418,2750,7168,76
2022-03-13,Solano,095,438530,80955,81217,5510,86727,440
2022-03-13,Sonoma,097,501317,82898,82711,2541,85252,473
2022-03-13,Stanislaus,099,539301,117017,118075,17310,135385,1567
2022-03-13,Sutter,101,95872,20461,20474,2088,22562,217
2022-03-13,Tehama,103,63373,12015,11997,2623,14620,160
2022-03-13,Trinity,105,12862,1176,1172,295,1467,20
2022-03-13,Tulare,107,460477,106389,104119,28628,132747,1365
2022-03-13,Tuolumne,109,53932,12578,12565,564,13129,180
2022-03-13,Ventura,111,848112,172451,172080,9244,181324,1442
2022-03-13,Yolo,113,214977,36479,36019,3174,39193,308
2022-03-13,Yuba,115,75493,15758,15741,1197,16938,116
2022-03-12,Alameda,001,1643700,253979,253079,13801,266880,1783
2022-03-12,Alpine,003,1148,122,122,1,123,0
2022-03-12,Amador,005,37829,8485,8427,650,9077,84
2022-03-12,Butte,007,227075,32822,32774,6612,39386,380
2022-03-12,Calaveras,009,45235,7229,7253,353,7606,118
2022-03-12,Colusa,011,21464,3434,3440,1071,4511,21
2022-03-12,Contra Costa,013,1133247,187344,186618,13196,199814,1256
2022-03-12,Del Norte,015,27424,5752,5791,190,5981,48
2022-03-12,El Dorado,017,186661,26584,26538,3201,29739,199
2022-03-12,Fresno,019,978130,230397,228041,23626,251667,2653
2022-03-12,Glenn,021,27897,4963,4955,1602,6557,44
2022-03-12,Humboldt,023,135768,16803,16862,2957,19819,137
2022-03-12,Imperial,025,180216,55186,54837,10883,65720,896
2022-03-12,Inyo,027,18085,4059,4056,481,4537,56
2022-03-12,Kern,029,883053,191255,190330,46195,236525,2162
2022-03-12,Kings,031,150075,51314,51145,3605,54750,436
2022-03-12,Lake,033,64148,10640,10594,893,11487,131
2022-03-12,Lassen,035,31185,8943,8915,884,9799,62
2022-03-12,Los Angeles,037,10098052,2696638,2678858,124334,2803192,30901
2022-03-12,Madera,039,155013,37189,37223,6086,43309,354
2022-03-12,Marin,041,260295,33126,33015,2195,35210,272
2022-03-12,Mariposa,043,17540,2379,2372,201,2573,6
2022-03-12,Mendocino,045,87422,12988,12965,3011,15976,117
2022-03-12,Merced,047,269075,61903,61840,8625,70465,795
2022-03-12,Modoc,049,8938,734,730,251,981,7
2022-03-12,Mono,051,14174,2962,2960,120,3080,5
2022-03-12,Monterey,053,433212,78955,78285,13668,91953,716
2022-03-12,Napa,055,140530,25638,25584,956,26540,138
2022-03-12,Nevada,057,99092,15882,15947,1203,17150,123
2022-03-12,Orange,059,3164182,544373,542354,41273,583627,6718
2022-03-12,Placer,061,380077,62403,62282,7390,69672,598
2022-03-12,Plumas,063,18699,2921,2707,358,3065,13
2022-03-12,Riverside,065,2383286,589165,588022,28025,616047,6317
2022-03-12,Sacramento,067,1510023,279371,274519,27294,301813,2886
2022-03-12,San Benito,069,59416,12856,12868,512,13380,95
2022-03-12,San Bernardino,071,2135413,563903,559013,24768,583781,6734
2022-03-12,San Diego,073,3302833,749332,744386,51771,796157,5090
2022-03-12,San Francisco,075,870044,123037,123610,8226,131836,823
2022-03-12,San Joaquin,077,732212,165553,165516,9446,174962,2117
2022-03-12,San Luis Obispo,079,281455,52161,51947,3760,55707,457
2022-03-12,San Mateo,081,765935,120627,119288,6961,126249,641
2022-03-12,Santa Barbara,083,443738,85278,85421,4814,90235,664
2022-03-12,Santa Clara,085,1922200,309608,308989,12356,321345,2208
2022-03-12,Santa Cruz,087,273765,47009,46982,2111,49093,254
2022-03-12,Shasta,089,179085,30428,30419,6130,36549,517
2022-03-12,Sierra,091,2930,271,273,48,321,4
2022-03-12,Siskiyou,093,43540,4423,4405,2750,7155,75
2022-03-12,Solano,095,438530,80941,81058,5510,86568,436
2022-03-12,Sonoma,097,501317,82881,82622,2539,85161,473
2022-03-12,Stanislaus,099,539301,117003,117884,17309,135193,1564
2022-03-12,Sutter,101,95872,20459,20429,2088,22517,217
2022-03-12,Tehama,103,63373,12015,11983,2623,14606,159
2022-03-12,Trinity,105,12862,1175,1172,295,1467,20
2022-03-12,Tulare,107,460477,106383,103994,28623,132617,1358
2022-03-12,Tuolumne,109,53932,12577,12476,564,13040,180
2022-03-12,Ventura,111,848112,172426,171932,9242,181174,1442
2022-03-12,Yolo,113,214977,36472,35982,3172,39154,308
2022-03-12,Yuba,115,75493,15758,15722,1197,16919,116
2022-03-11,Alameda,001,1643700,253913,253079,13801,266880,1783
2022-03-11,Alpine,003,1148,122,122,1,123,0
2022-03-11,Amador,005,37829,8483,8427,650,9077,84
2022-03-11,Butte,007,227075,32818,32774,6611,39385,380
2022-03-11,Calaveras,009,45235,7229,7253,353,7606,118
2022-03-11,Colusa,011,21464,3434,3440,1071,4511,21
2022-03-11,Contra Costa,013,1133247,187296,186618,13194,199812,1256
2022-03-11,Del Norte,015,27424,5748,5791,190,5981,48
2022-03-11,El Dorado,017,186661,26580,26538,3201,29739,199
2022-03-11,Fresno,019,978130,230341,228041,23623,251664,2653
2022-03-11,Glenn,021,27897,4963,4955,1602,6557,44
2022-03-11,Humboldt,023,135768,16798,16862,2955,19817,137
2022-03-11,Imperial,025,180216,55179,54837,10882,65719,896
2022-03-11,Inyo,027,18085,4059,4056,481,4537,56
2022-03-11,Kern,029,883053,191234,190330,46190,236520,2162
2022-03-11,Kings,031,150075,51294,51145,3605,54750,436
2022-03-11,Lake,033,64148,10636,10594,893,11487,131
2022-03-11,Lassen,035,31185,8942,8915,884,9799,62
2022-03-11,Los Angeles,037,10098052,2696316,2678858,124309,2803167,30901
2022-03-11,Madera,039,155013,37184,37223,6086,43309,354
2022-03-11,Marin,041,260295,33110,33015,2194,35209,272
2022-03-11,Mariposa,043,17540,2379,2372,201,2573,6
2022-03-11,Mendocino,045,87422,12982,12965,3011,15976,117
2022-03-11,Merced,047,269075,61893,61840,8623,70463,795
2022-03-11,Modoc,049,8938,734,730,251,981,7
2022-03-11,Mono,051,14174,2961,2960,120,3080,5
2022-03-11,Monterey,053,433212,78942,78285,13662,91947,716
2022-03-11,Napa,055,140530,25628,25584,956,26540,138
2022-03-11,Nevada,057,99092,15879,15947,1203,17150,123
2022-03-11,Orange,059,3164182,544302,542354,41259,583613,6718
2022-03-11,Placer,061,380077,62393,62282,7389,69671,598
2022-03-11,Plumas,063,18699,2919,2707,358,3065,13
2022-03-11,Riverside,065,2383286,589092,588022,28021,616043,6317
2022-03-11,Sacramento,067,1510023,279305,274519,27291,301810,2886
2022-03-11,San Benito,069,59416,12855,12868,512,13380,95
2022-03-11,San Bernardino,071,2135413,563847,559013,24762,583775,6734
2022-03-11,San Diego,073,3302833,749166,744386,51757,796143,5090
2022-03-11,San Francisco,075,870044,122987,123610,8222,131832,823
2022-03-11,San Joaquin,077,732212,165520,165516,9443,174959,2117
2022-03-11,San Luis Obispo,079,281455,52153,51947,3759,55706,457
2022-03-11,San Mateo,081,765935,120578,119288,6958,126246,641
2022-03-11,Santa Barbara,083,443738,85258,85421,4813,90234,664
2022-03-11,Santa Clara,085,1922200,309507,308989,12352,321341,2208
2022-03-11,Santa Cruz,087,273765,46994,46982,2111,49093,254
2022-03-11,Shasta,089,179085,30423,30419,6127,36546,517
2022-03-11,Sierra,091,2930,271,273,48,321,4
2022-03-11,Siskiyou,093,43540,4421,4405,2748,7153,75
2022-03-11,Solano,095,438530,80927,81058,5509,86567,436
2022-03-11,Sonoma,097,501317,82856,82622,2537,85159,473
2022-03-11,Stanislaus,099,539301,116990,117884,17308,135192,1564
2022-03-11,Sutter,101,95872,20457,20429,2088,22517,217
2022-03-11,Tehama,103,63373,12013,11983,2623,14606,159
2022-03-11,Trinity,105,12862,1175,1172,295,1467,20
2022-03-11,Tulare,107,460477,106370,103994,28617,132611,1358
2022-03-11,Tuolumne,109,53932,12575,12476,564,13040,180
2022-03-11,Ventura,111,848112,172390,171932,9237,181169,1442
2022-03-11,Yolo,113,214977,36460,35982,3172,39154,308
2022-03-11,Yuba,115,75493,15755,15722,1197,16919,116
2022-03-10,Alameda,001,1643700,253801,253079,13794,266873,1783
2022-03-10,Alpine,003,1148,122,122,1,123,0
2022-03-10,Amador,005,37829,8482,8427,650,9077,84
2022-03-10,Butte,007,227075,32804,32774,6609,39383,380
2022-03-10,Calaveras,009,45235,7228,7253,352,7605,118
2022-03-10,Colusa,011,21464,3434,3440,1071,4511,21
2022-03-10,Contra Costa,013,1133247,187211,186618,13184,199802,1256
2022-03-10,Del Norte,015,27424,5739,5791,190,5981,48
2022-03-10,El Dorado,017,186661,26568,26538,3200,29738,199
2022-03-10,Fresno,019,978130,230266,228041,23614,251655,2653
2022-03-10,Glenn,021,27897,4961,4955,1602,6557,44
2022-03-10,Humboldt,023,135768,16789,16862,2954,19816,137
2022-03-10,Imperial,025,180216,55169,54837,10881,65718,896
2022-03-10,Inyo,027,18085,4058,4056,481,4537,56
2022-03-10,Kern,029,883053,191200,190330,46175,236505,2162
2022-03-10,Kings,031,150075,51265,51145,3604,54749,436
2022-03-10,Lake,033,64148,10626,10594,892,11486,131
2022-03-10,Lassen,035,31185,8942,8915,884,9799,62
2022-03-10,Los Angeles,037,10098052,2695765,2678858,124270,2803128,30901
2022-03-10,Madera,039,155013,37177,37223,6079,43302,354
2022-03-10,Marin,041,260295,33096,33015,2190,35205,272
2022-03-10,Mariposa,043,17540,2379,2372,201,2573,6
2022-03-10,Mendocino,045,87422,12978,12965,3011,15976,117
2022-03-10,Merced,047,269075,61876,61840,8617,70457,795
2022-03-10,Modoc,049,8938,733,730,251,981,7
2022-03-10,Mono,051,14174,2961,2960,120,3080,5
2022-03-10,Monterey,053,433212,78919,78285,13636,91921,716
2022-03-10,Napa,055,140530,25619,25584,955,26539,138
2022-03-10,Nevada,057,99092,15872,15947,1203,17150,123
2022-03-10,Orange,059,3164182,544179,542354,41243,583597,6718
2022-03-10,Placer,061,380077,62372,62282,7383,69665,598
2022-03-10,Plumas,063,18699,2918,2707,358,3065,13
2022-03-10,Riverside,065,2383286,588978,588022,28014,616036,6317
2022-03-10,Sacramento,067,1510023,279226,274519,27285,301804,2886
2022-03-10,San Benito,069,59416,12854,12868,511,13379,95
2022-03-10,San Bernardino,071,2135413,563776,559013,24754,583767,6734
2022-03-10,San Diego,073,3302833,748899,744386,51724,796110,5090
2022-03-10,San Francisco,075,870044,122920,123610,8215,131825,823
2022-03-10,San Joaquin,077,732212,165492,165516,9441,174957,2117
2022-03-10,San Luis Obispo,079,281455,52130,51947,3756,55703,457
2022-03-10,San Mateo,081,765935,120514,119288,6955,126243,641
2022-03-10,Santa Barbara,083,443738,85226,85421,4812,90233,664
2022-03-10,Santa Clara,085,1922200,309378,308989,12342,321331,2208
2022-03-10,Santa Cruz,087,273765,46961,46982,2111,49093,254
2022-03-10,Shasta,089,179085,30417,30419,6125,36544,517
2022-03-10,Sierra,091,2930,271,273,48,321,4
2022-03-10,Siskiyou,093,43540,4421,4405,2748,7153,75
2022-03-10,Solano,095,438530,80891,81058,5508,86566,436
2022-03-10,Sonoma,097,501317,82829,82622,2537,85159,473
2022-03-10,Stanislaus,099,539301,116951,117884,17306,135190,1564
2022-03-10,Sutter,101,95872,20452,20429,2088,22517,217
2022-03-10,Tehama,103,63373,12012,11983,2623,14606,159
2022-03-10,Trinity,105,12862,1175,1172,295,1467,20
2022-03-10,Tulare,107,460477,106350,103994,28611,132605,1358
2022-03-10,Tuolumne,109,53932,12572,12476,564,13040,180
2022-03-10,Ventura,111,848112,172349,171932,9234,181166,1442
2022-03-10,Yolo,113,214977,36446,35982,3171,39153,308
2022-03-10,Yuba,115,75493,15745,15722,1196,16918,116
2022-03-09,Alameda,001,1643700,253675,252893,13787,266680,1781
2022-03-09,Alpine,003,1148,122,125,1,126,0
2022-03-09,Amador,005,37829,8476,8409,650,9059,84
2022-03-09,Butte,007,227075,32795,32767,6604,39371,380
2022-03-09,Calaveras,009,45235,7226,7249,352,7601,117
2022-03-09,Colusa,011,21464,3433,3439,1071,4510,21
2022-03-09,Contra Costa,013,1133247,187118,186483,13168,199651,1256
2022-03-09,Del Norte,015,27424,5735,5765,190,5955,48
2022-03-09,El Dorado,017,186661,26563,26515,3200,29715,198
2022-03-09,Fresno,019,978130,230168,227885,23605,251490,2653
2022-03-09,Glenn,021,27897,4959,4953,1601,6554,44
2022-03-09,Humboldt,023,135768,16784,16854,2951,19805,137
2022-03-09,Imperial,025,180216,55163,54764,10879,65643,894
2022-03-09,Inyo,027,18085,4058,4056,481,4537,56
2022-03-09,Kern,029,883053,191149,190254,46162,236416,2159
2022-03-09,Kings,031,150075,51245,51122,3604,54726,435
2022-03-09,Lake,033,64148,10620,10586,892,11478,130
2022-03-09,Lassen,035,31185,8942,8901,884,9785,62
2022-03-09,Los Angeles,037,10098052,2695123,2677901,124230,2802131,30842
2022-03-09,Madera,039,155013,37170,37207,6078,43285,354
2022-03-09,Marin,041,260295,33077,32967,2190,35157,272
2022-03-09,Mariposa,043,17540,2376,2372,201,2573,6
2022-03-09,Mendocino,045,87422,12974,12957,3006,15963,117
2022-03-09,Merced,047,269075,61860,61792,8611,70403,792
2022-03-09,Modoc,049,8938,732,730,250,980,7
2022-03-09,Mono,051,14174,2961,2962,120,3082,5
2022-03-09,Monterey,053,433212,78895,78258,13588,91846,716
2022-03-09,Napa,055,140530,25598,25561,954,26515,138
2022-03-09,Nevada,057,99092,15863,15938,1202,17140,123
2022-03-09,Orange,059,3164182,544046,542278,41230,583508,6700
2022-03-09,Placer,061,380077,62349,62242,7379,69621,598
2022-03-09,Plumas,063,18699,2917,2708,358,3066,13
2022-03-09,Riverside,065,2383286,588881,587833,28004,615837,6305
2022-03-09,Sacramento,067,1510023,279143,274373,27268,301641,2877
2022-03-09,San Benito,069,59416,12851,12864,511,13375,95
2022-03-09,San Bernardino,071,2135413,563685,558795,24742,583537,6723
2022-03-09,San Diego,073,3302833,748622,743956,51697,795653,5083
2022-03-09,San Francisco,075,870044,122832,123676,8210,131886,812
2022-03-09,San Joaquin,077,732212,165453,165444,9435,174879,2113
2022-03-09,San Luis Obispo,079,281455,52111,51923,3753,55676,457
2022-03-09,San Mateo,081,765935,120456,119194,6943,126137,639
2022-03-09,Santa Barbara,083,443738,85209,85382,4810,90192,661
2022-03-09,Santa Clara,085,1922200,309248,308765,12331,321096,2206
2022-03-09,Santa Cruz,087,273765,46921,46917,2110,49027,254
2022-03-09,Shasta,089,179085,30397,30407,6124,36531,493
2022-03-09,Sierra,091,2930,271,273,48,321,4
2022-03-09,Siskiyou,093,43540,4419,4403,2747,7150,75
2022-03-09,Solano,095,438530,80856,80984,5506,86490,436
2022-03-09,Sonoma,097,501317,82796,82574,2535,85109,473
2022-03-09,Stanislaus,099,539301,116913,117827,17301,135128,1541
2022-03-09,Sutter,101,95872,20441,20409,2084,22493,217
2022-03-09,Tehama,103,63373,12008,11980,2623,14603,159
2022-03-09,Trinity,105,12862,1175,1174,295,1469,20
2022-03-09,Tulare,107,460477,106322,103932,28596,132528,1350
2022-03-09,Tuolumne,109,53932,12570,12444,564,13008,180
2022-03-09,Ventura,111,848112,172300,171852,9231,181083,1448
2022-03-09,Yolo,113,214977,36427,35973,3156,39129,308
2022-03-09,Yuba,115,75493,15740,15714,1195,16909,115
2022-03-08,Alameda,001,1643700,253521,252744,13775,266519,1769
2022-03-08,Alpine,003,1148,122,125,1,126,0
2022-03-08,Amador,005,37829,8462,8407,650,9057,84
2022-03-08,Butte,007,227075,32781,32759,6599,39358,380
2022-03-08,Calaveras,009,45235,7222,7245,352,7597,117
2022-03-08,Colusa,011,21464,3430,3439,1070,4509,21
2022-03-08,Contra Costa,013,1133247,187032,186396,13154,199550,1256
2022-03-08,Del Norte,015,27424,5730,5763,190,5953,48
2022-03-08,El Dorado,017,186661,26553,26503,3194,29697,197
2022-03-08,Fresno,019,978130,230068,227808,23597,251405,2653
2022-03-08,Glenn,021,27897,4958,4944,1600,6544,43
2022-03-08,Humboldt,023,135768,16772,16837,2938,19775,137
2022-03-08,Imperial,025,180216,55147,54721,10877,65598,890
2022-03-08,Inyo,027,18085,4055,4056,481,4537,56
2022-03-08,Kern,029,883053,191088,190208,46147,236355,2154
2022-03-08,Kings,031,150075,51203,51089,3601,54690,434
2022-03-08,Lake,033,64148,10609,10571,892,11463,130
2022-03-08,Lassen,035,31185,8941,8897,884,9781,62
2022-03-08,Los Angeles,037,10098052,2694432,2677166,124191,2801357,30803
2022-03-08,Madera,039,155013,37158,37185,6077,43262,354
2022-03-08,Marin,041,260295,33038,32943,2189,35132,272
2022-03-08,Mariposa,043,17540,2374,2371,201,2572,6
2022-03-08,Mendocino,045,87422,12970,12950,3005,15955,117
2022-03-08,Merced,047,269075,61840,61767,8600,70367,791
2022-03-08,Modoc,049,8938,731,729,250,979,7
2022-03-08,Mono,051,14174,2960,2961,120,3081,5
2022-03-08,Monterey,053,433212,78875,78247,13548,91795,711
2022-03-08,Napa,055,140530,25573,25528,953,26481,137
2022-03-08,Nevada,057,99092,15853,15939,1201,17140,122
2022-03-08,Orange,059,3164182,543896,542164,41209,583373,6692
2022-03-08,Placer,061,380077,62321,62221,7378,69599,594
2022-03-08,Plumas,063,18699,2917,2703,358,3061,13
2022-03-08,Riverside,065,2383286,588772,587686,27995,615681,6294
2022-03-08,Sacramento,067,1510023,279050,274276,27247,301523,2872
2022-03-08,San Benito,069,59416,12848,12855,511,13366,94
2022-03-08,San Bernardino,071,2135413,563596,558512,24732,583244,6715
2022-03-08,San Diego,073,3302833,748265,743604,51680,795284,5077
2022-03-08,San Francisco,075,870044,122742,123675,8205,131880,807
2022-03-08,San Joaquin,077,732212,165416,165381,9431,174812,2104
2022-03-08,San Luis Obispo,079,281455,52085,51900,3750,55650,451
2022-03-08,San Mateo,081,765935,120373,119103,6933,126036,638
2022-03-08,Santa Barbara,083,443738,85177,85363,4810,90173,659
2022-03-08,Santa Clara,085,1922200,309040,308528,12322,320850,2206
2022-03-08,Santa Cruz,087,273765,46885,46875,2109,48984,254
2022-03-08,Shasta,089,179085,30378,30372,6121,36493,493
2022-03-08,Sierra,091,2930,271,273,48,321,4
2022-03-08,Siskiyou,093,43540,4415,4404,2747,7151,74
2022-03-08,Solano,095,438530,80828,80924,5502,86426,434
2022-03-08,Sonoma,097,501317,82748,82571,2534,85105,473
2022-03-08,Stanislaus,099,539301,116869,117782,17292,135074,1541
2022-03-08,Sutter,101,95872,20432,20403,2084,22487,217
2022-03-08,Tehama,103,63373,12004,11972,2622,14594,158
2022-03-08,Trinity,105,12862,1175,1174,295,1469,20
2022-03-08,Tulare,107,460477,106282,103893,28584,132477,1334
2022-03-08,Tuolumne,109,53932,12565,12427,562,12989,180
2022-03-08,Ventura,111,848112,172238,171806,9224,181030,1447
2022-03-08,Yolo,113,214977,36402,35946,3155,39101,306
2022-03-08,Yuba,115,75493,15733,15705,1194,16899,115
2022-03-07,Alameda,001,1643700,253320,252578,13757,266335,1766
2022-03-07,Alpine,003,1148,122,125,1,126,0
2022-03-07,Amador,005,37829,8459,8368,650,9018,84
2022-03-07,Butte,007,227075,32766,32734,6596,39330,378
2022-03-07,Calaveras,009,45235,7218,7242,352,7594,116
2022-03-07,Colusa,011,21464,3428,3437,1070,4507,21
2022-03-07,Contra Costa,013,1133247,186934,186087,13130,199217,1256
2022-03-07,Del Norte,015,27424,5726,5758,190,5948,48
2022-03-07,El Dorado,017,186661,26546,26487,3193,29680,196
2022-03-07,Fresno,019,978130,229979,227670,23575,251245,2653
2022-03-07,Glenn,021,27897,4952,4939,1600,6539,43
2022-03-07,Humboldt,023,135768,16759,16829,2933,19762,137
2022-03-07,Imperial,025,180216,55124,54712,10872,65584,890
2022-03-07,Inyo,027,18085,4053,4054,481,4535,56
2022-03-07,Kern,029,883053,191028,190163,46122,236285,2152
2022-03-07,Kings,031,150075,51173,51065,3595,54660,433
2022-03-07,Lake,033,64148,10599,10562,891,11453,130
2022-03-07,Lassen,035,31185,8940,8896,884,9780,62
2022-03-07,Los Angeles,037,10098052,2693617,2675497,124150,2799647,30759
2022-03-07,Madera,039,155013,37148,37164,6074,43238,354
2022-03-07,Marin,041,260295,33001,32919,2186,35105,272
2022-03-07,Mariposa,043,17540,2373,2369,201,2570,6
2022-03-07,Mendocino,045,87422,12962,12940,3004,15944,117
2022-03-07,Merced,047,269075,61801,61751,8593,70344,791
2022-03-07,Modoc,049,8938,731,729,250,979,7
2022-03-07,Mono,051,14174,2960,2960,120,3080,5
2022-03-07,Monterey,053,433212,78840,78161,13499,91660,706
2022-03-07,Napa,055,140530,25543,25500,953,26453,136
2022-03-07,Nevada,057,99092,15846,15935,1195,17130,122
2022-03-07,Orange,059,3164182,543721,542028,41183,583211,6687
2022-03-07,Placer,061,380077,62291,62215,7376,69591,591
2022-03-07,Plumas,063,18699,2917,2702,358,3060,13
2022-03-07,Riverside,065,2383286,588640,587537,27987,615524,6279
2022-03-07,Sacramento,067,1510023,278947,274079,27235,301314,2866
2022-03-07,San Benito,069,59416,12842,12843,511,13354,94
2022-03-07,San Bernardino,071,2135413,563489,558265,24720,582985,6703
2022-03-07,San Diego,073,3302833,747921,742287,51637,793924,5068
2022-03-07,San Francisco,075,870044,122640,123655,8199,131854,807
2022-03-07,San Joaquin,077,732212,165364,165343,9423,174766,2091
2022-03-07,San Luis Obispo,079,281455,52044,51874,3745,55619,448
2022-03-07,San Mateo,081,765935,120298,119035,6926,125961,630
2022-03-07,Santa Barbara,083,443738,85139,85345,4809,90154,659
2022-03-07,Santa Clara,085,1922200,308852,308517,12316,320833,2202
2022-03-07,Santa Cruz,087,273765,46834,46823,2108,48931,254
2022-03-07,Shasta,089,179085,30366,30352,6118,36470,493
2022-03-07,Sierra,091,2930,271,273,48,321,4
2022-03-07,Siskiyou,093,43540,4411,4398,2746,7144,74
2022-03-07,Solano,095,438530,80771,80886,5500,86386,435
2022-03-07,Sonoma,097,501317,82705,82530,2533,85063,473
2022-03-07,Stanislaus,099,539301,116831,117713,17284,134997,1537
2022-03-07,Sutter,101,95872,20421,20400,2083,22483,217
2022-03-07,Tehama,103,63373,11998,11966,2619,14585,158
2022-03-07,Trinity,105,12862,1173,1173,295,1468,20
2022-03-07,Tulare,107,460477,106245,103834,28572,132406,1316
2022-03-07,Tuolumne,109,53932,12557,12408,561,12969,179
2022-03-07,Ventura,111,848112,172187,171886,9222,181108,1436
2022-03-07,Yolo,113,214977,36378,35934,3149,39083,306
2022-03-07,Yuba,115,75493,15727,15701,1193,16894,115
2022-03-06,Alameda,001,1643700,253138,252460,13748,266208,1766
2022-03-06,Alpine,003,1148,122,125,1,126,0
2022-03-06,Amador,005,37829,8456,8367,648,9015,84
2022-03-06,Butte,007,227075,32757,32714,6592,39306,376
2022-03-06,Calaveras,009,45235,7216,7236,351,7587,116
2022-03-06,Colusa,011,21464,3428,3435,1069,4504,21
2022-03-06,Contra Costa,013,1133247,186817,185974,13104,199078,1256
2022-03-06,Del Norte,015,27424,5711,5744,188,5932,48
2022-03-06,El Dorado,017,186661,26537,26478,3191,29669,196
2022-03-06,Fresno,019,978130,229835,227514,23565,251079,2653
2022-03-06,Glenn,021,27897,4947,4939,1600,6539,43
2022-03-06,Humboldt,023,135768,16747,16813,2930,19743,137
2022-03-06,Imperial,025,180216,55108,54719,10860,65579,890
2022-03-06,Inyo,027,18085,4050,4053,481,4534,56
2022-03-06,Kern,029,883053,190972,190088,46100,236188,2152
2022-03-06,Kings,031,150075,51104,51050,3592,54642,432
2022-03-06,Lake,033,64148,10585,10539,890,11429,130
2022-03-06,Lassen,035,31185,8927,8887,883,9770,62
2022-03-06,Los Angeles,037,10098052,2692687,2675456,124094,2799550,30759
2022-03-06,Madera,039,155013,37120,37135,6066,43201,354
2022-03-06,Marin,041,260295,32975,32879,2185,35064,272
2022-03-06,Mariposa,043,17540,2372,2365,200,2565,6
2022-03-06,Mendocino,045,87422,12950,12923,3000,15923,116
2022-03-06,Merced,047,269075,61769,61722,8576,70298,791
2022-03-06,Modoc,049,8938,731,729,250,979,7
2022-03-06,Mono,051,14174,2960,2959,120,3079,5
2022-03-06,Monterey,053,433212,78793,78154,13467,91621,706
2022-03-06,Napa,055,140530,25508,25457,951,26408,136
2022-03-06,Nevada,057,99092,15835,15924,1194,17118,122
2022-03-06,Orange,059,3164182,543561,541903,41135,583038,6688
2022-03-06,Placer,061,380077,62259,62185,7372,69557,591
2022-03-06,Plumas,063,18699,2912,2704,358,3062,13
2022-03-06,Riverside,065,2383286,588478,587388,27965,615353,6279
2022-03-06,Sacramento,067,1510023,278811,273935,27211,301146,2869
2022-03-06,San Benito,069,59416,12831,12835,510,13345,94
2022-03-06,San Bernardino,071,2135413,563363,558139,24706,582845,6701
2022-03-06,San Diego,073,3302833,747523,742287,51588,793875,5068
2022-03-06,San Francisco,075,870044,122516,123742,8196,131938,806
2022-03-06,San Joaquin,077,732212,165281,165252,9417,174669,2091
2022-03-06,San Luis Obispo,079,281455,52006,51828,3742,55570,448
2022-03-06,San Mateo,081,765935,120215,118916,6917,125833,630
2022-03-06,Santa Barbara,083,443738,85098,85317,4804,90121,659
2022-03-06,Santa Clara,085,1922200,308593,308250,12314,320564,2201
2022-03-06,Santa Cruz,087,273765,46781,46755,2107,48862,254
2022-03-06,Shasta,089,179085,30341,30332,6101,36433,493
2022-03-06,Sierra,091,2930,271,273,48,321,4
2022-03-06,Siskiyou,093,43540,4407,4398,2744,7142,74
2022-03-06,Solano,095,438530,80715,80833,5494,86327,435
2022-03-06,Sonoma,097,501317,82666,82458,2528,84986,473
2022-03-06,Stanislaus,099,539301,116782,117680,17274,134954,1536
2022-03-06,Sutter,101,95872,20406,20390,2079,22469,217
2022-03-06,Tehama,103,63373,11990,11963,2619,14582,158
2022-03-06,Trinity,105,12862,1173,1172,294,1466,20
2022-03-06,Tulare,107,460477,106182,103794,28556,132350,1316
2022-03-06,Tuolumne,109,53932,12552,12379,559,12938,179
2022-03-06,Ventura,111,848112,172118,171819,9220,181039,1436
2022-03-06,Yolo,113,214977,36354,35882,3145,39027,306
2022-03-06,Yuba,115,75493,15722,15694,1192,16886,115
2022-03-05,Alameda,001,1643700,253024,251988,13742,265730,1760
2022-03-05,Alpine,003,1148,122,125,1,126,0
2022-03-05,Amador,005,37829,8453,8344,648,8992,83
2022-03-05,Butte,007,227075,32750,32663,6587,39250,372
2022-03-05,Calaveras,009,45235,7213,7236,351,7587,116
2022-03-05,Colusa,011,21464,3428,3433,1069,4502,21
2022-03-05,Contra Costa,013,1133247,186757,185734,13097,198831,1235
2022-03-05,Del Norte,015,27424,5708,5725,188,5913,48
2022-03-05,El Dorado,017,186661,26530,26446,3188,29634,193
2022-03-05,Fresno,019,978130,229783,227154,23563,250717,2640
2022-03-05,Glenn,021,27897,4946,4927,1600,6527,43
2022-03-05,Humboldt,023,135768,16740,16781,2928,19709,136
2022-03-05,Imperial,025,180216,55098,54650,10858,65508,880
2022-03-05,Inyo,027,18085,4049,4043,480,4523,56
2022-03-05,Kern,029,883053,190940,189817,46082,235899,2141
2022-03-05,Kings,031,150075,51097,50926,3590,54516,431
2022-03-05,Lake,033,64148,10577,10512,889,11401,130
2022-03-05,Lassen,035,31185,8918,8818,883,9701,62
2022-03-05,Los Angeles,037,10098052,2692334,2671564,124056,2795620,30608
2022-03-05,Madera,039,155013,37106,37100,6066,43166,354
2022-03-05,Marin,041,260295,32963,32829,2185,35014,272
2022-03-05,Mariposa,043,17540,2372,2363,200,2563,6
2022-03-05,Mendocino,045,87422,12947,12845,2999,15844,113
2022-03-05,Merced,047,269075,61759,61653,8576,70229,789
2022-03-05,Modoc,049,8938,731,729,250,979,7
2022-03-05,Mono,051,14174,2960,2961,120,3081,5
2022-03-05,Monterey,053,433212,78774,78028,13460,91488,704
2022-03-05,Napa,055,140530,25490,25405,950,26355,134
2022-03-05,Nevada,057,99092,15831,15907,1194,17101,122
2022-03-05,Orange,059,3164182,543437,541463,41124,582587,6638
2022-03-05,Placer,061,380077,62245,62117,7365,69482,591
2022-03-05,Plumas,063,18699,2911,2701,358,3059,13
2022-03-05,Riverside,065,2383286,588387,586785,27961,614746,6239
2022-03-05,Sacramento,067,1510023,278749,273487,27206,300693,2847
2022-03-05,San Benito,069,59416,12829,12820,510,13330,94
2022-03-05,San Bernardino,071,2135413,563308,557421,24700,582121,6641
2022-03-05,San Diego,073,3302833,747325,740747,51577,792324,5045
2022-03-05,San Francisco,075,870044,122452,123537,8191,131728,798
2022-03-05,San Joaquin,077,732212,165240,165085,9409,174494,2069
2022-03-05,San Luis Obispo,079,281455,51999,51739,3739,55478,446
2022-03-05,San Mateo,081,765935,120159,118646,6914,125560,621
2022-03-05,Santa Barbara,083,443738,85083,85249,4804,90053,655
2022-03-05,Santa Clara,085,1922200,308475,307689,12311,320000,2195
2022-03-05,Santa Cruz,087,273765,46761,46622,2107,48729,253
2022-03-05,Shasta,089,179085,30329,30282,6100,36382,492
2022-03-05,Sierra,091,2930,271,273,47,320,4
2022-03-05,Siskiyou,093,43540,4406,4389,2743,7132,74
2022-03-05,Solano,095,438530,80698,80690,5494,86184,435
2022-03-05,Sonoma,097,501317,82643,82313,2528,84841,473
2022-03-05,Stanislaus,099,539301,116757,117501,17272,134773,1531
2022-03-05,Sutter,101,95872,20399,20346,2079,22425,217
2022-03-05,Tehama,103,63373,11988,11939,2619,14558,158
2022-03-05,Trinity,105,12862,1173,1170,292,1462,20
2022-03-05,Tulare,107,460477,106169,103534,28546,132080,1305
2022-03-05,Tuolumne,109,53932,12548,12325,558,12883,178
2022-03-05,Ventura,111,848112,172076,171666,9218,180884,1436
2022-03-05,Yolo,113,214977,36340,35856,3144,39000,306
2022-03-05,Yuba,115,75493,15714,15666,1192,16858,115
2022-03-04,Alameda,001,1643700,252934,251988,13734,265722,1760
2022-03-04,Alpine,003,1148,122,125,1,126,0
2022-03-04,Amador,005,37829,8452,8344,648,8992,83
2022-03-04,Butte,007,227075,32744,32663,6581,39244,372
2022-03-04,Calaveras,009,45235,7212,7236,351,7587,116
2022-03-04,Colusa,011,21464,3426,3433,1069,4502,21
2022-03-04,Contra Costa,013,1133247,186689,185734,13095,198829,1235
2022-03-04,Del Norte,015,27424,5698,5725,188,5913,48
2022-03-04,El Dorado,017,186661,26526,26446,3188,29634,193
2022-03-04,Fresno,019,978130,229719,227154,23557,250711,2640
2022-03-04,Glenn,021,27897,4945,4927,1600,6527,43
2022-03-04,Humboldt,023,135768,16737,16781,2928,19709,136
2022-03-04,Imperial,025,180216,55091,54650,10854,65504,880
2022-03-04,Inyo,027,18085,4049,4043,480,4523,56
2022-03-04,Kern,029,883053,190899,189817,46070,235887,2141
2022-03-04,Kings,031,150075,51084,50926,3590,54516,431
2022-03-04,Lake,033,64148,10576,10512,889,11401,130
2022-03-04,Lassen,035,31185,8916,8818,883,9701,62
2022-03-04,Los Angeles,037,10098052,2691841,2671564,124027,2795591,30608
2022-03-04,Madera,039,155013,37096,37100,6066,43166,354
2022-03-04,Marin,041,260295,32942,32829,2183,35012,272
2022-03-04,Mariposa,043,17540,2367,2363,200,2563,6
2022-03-04,Mendocino,045,87422,12941,12845,2999,15844,113
2022-03-04,Merced,047,269075,61747,61653,8574,70227,789
2022-03-04,Modoc,049,8938,731,729,250,979,7
2022-03-04,Mono,051,14174,2960,2961,120,3081,5
2022-03-04,Monterey,053,433212,78754,78028,13453,91481,704
2022-03-04,Napa,055,140530,25475,25405,949,26354,134
2022-03-04,Nevada,057,99092,15826,15907,1194,17101,122
2022-03-04,Orange,059,3164182,543318,541463,41105,582568,6638
2022-03-04,Placer,061,380077,62236,62117,7361,69478,591
2022-03-04,Plumas,063,18699,2911,2701,357,3058,13
2022-03-04,Riverside,065,2383286,588299,586785,27960,614745,6239
2022-03-04,Sacramento,067,1510023,278679,273487,27202,300689,2847
2022-03-04,San Benito,069,59416,12825,12820,510,13330,94
2022-03-04,San Bernardino,071,2135413,563228,557421,24699,582120,6641
2022-03-04,San Diego,073,3302833,747085,740747,51560,792307,5045
2022-03-04,San Francisco,075,870044,122393,123537,8184,131721,798
2022-03-04,San Joaquin,077,732212,165209,165085,9408,174493,2069
2022-03-04,San Luis Obispo,079,281455,51991,51739,3738,55477,446
2022-03-04,San Mateo,081,765935,120101,118646,6912,125558,621
2022-03-04,Santa Barbara,083,443738,85061,85249,4804,90053,655
2022-03-04,Santa Clara,085,1922200,308326,307689,12308,319997,2195
2022-03-04,Santa Cruz,087,273765,46739,46622,2107,48729,253
2022-03-04,Shasta,089,179085,30320,30282,6097,36379,492
2022-03-04,Sierra,091,2930,271,273,47,320,4
2022-03-04,Siskiyou,093,43540,4404,4389,2739,7128,74
2022-03-04,Solano,095,438530,80665,80690,5491,86181,435
2022-03-04,Sonoma,097,501317,82614,82313,2527,84840,473
2022-03-04,Stanislaus,099,539301,116738,117501,17270,134771,1531
2022-03-04,Sutter,101,95872,20395,20346,2079,22425,217
2022-03-04,Tehama,103,63373,11985,11939,2619,14558,158
2022-03-04,Trinity,105,12862,1173,1170,292,1462,20
2022-03-04,Tulare,107,460477,106151,103534,28541,132075,1305
2022-03-04,Tuolumne,109,53932,12543,12325,558,12883,178
2022-03-04,Ventura,111,848112,172030,171666,9215,180881,1436
2022-03-04,Yolo,113,214977,36323,35856,3144,39000,306
2022-03-04,Yuba,115,75493,15709,15666,1191,16857,115
2022-03-03,Alameda,001,1643700,252814,251988,13722,265710,1760
2022-03-03,Alpine,003,1148,122,125,1,126,0
2022-03-03,Amador,005,37829,8451,8344,648,8992,83
2022-03-03,Butte,007,227075,32727,32663,6575,39238,372
2022-03-03,Calaveras,009,45235,7199,7236,351,7587,116
2022-03-03,Colusa,011,21464,3426,3433,1069,4502,21
2022-03-03,Contra Costa,013,1133247,186614,185734,13082,198816,1235
2022-03-03,Del Norte,015,27424,5691,5725,188,5913,48
2022-03-03,El Dorado,017,186661,26509,26446,3187,29633,193
2022-03-03,Fresno,019,978130,229589,227154,23548,250702,2640
2022-03-03,Glenn,021,27897,4943,4927,1599,6526,43
2022-03-03,Humboldt,023,135768,16723,16781,2927,19708,136
2022-03-03,Imperial,025,180216,55075,54650,10852,65502,880
2022-03-03,Inyo,027,18085,4048,4043,480,4523,56
2022-03-03,Kern,029,883053,190831,189817,46051,235868,2141
2022-03-03,Kings,031,150075,51061,50926,3587,54513,431
2022-03-03,Lake,033,64148,10569,10512,887,11399,130
2022-03-03,Lassen,035,31185,8908,8818,883,9701,62
2022-03-03,Los Angeles,037,10098052,2691121,2671564,123986,2795550,30608
2022-03-03,Madera,039,155013,37079,37100,6061,43161,354
2022-03-03,Marin,041,260295,32915,32829,2183,35012,272
2022-03-03,Mariposa,043,17540,2366,2363,200,2563,6
2022-03-03,Mendocino,045,87422,12930,12845,2996,15841,113
2022-03-03,Merced,047,269075,61730,61653,8568,70221,789
2022-03-03,Modoc,049,8938,731,729,250,979,7
2022-03-03,Mono,051,14174,2959,2961,120,3081,5
2022-03-03,Monterey,053,433212,78726,78028,13435,91463,704
2022-03-03,Napa,055,140530,25452,25405,948,26353,134
2022-03-03,Nevada,057,99092,15821,15907,1189,17096,122
2022-03-03,Orange,059,3164182,543141,541463,41079,582542,6638
2022-03-03,Placer,061,380077,62214,62117,7357,69474,591
2022-03-03,Plumas,063,18699,2910,2701,357,3058,13
2022-03-03,Riverside,065,2383286,588167,586785,27955,614740,6239
2022-03-03,Sacramento,067,1510023,278567,273487,27184,300671,2847
2022-03-03,San Benito,069,59416,12822,12820,510,13330,94
2022-03-03,San Bernardino,071,2135413,563120,557421,24693,582114,6641
2022-03-03,San Diego,073,3302833,746735,740747,51541,792288,5045
2022-03-03,San Francisco,075,870044,122320,123537,8173,131710,798
2022-03-03,San Joaquin,077,732212,165136,165085,9405,174490,2069
2022-03-03,San Luis Obispo,079,281455,51936,51739,3730,55469,446
2022-03-03,San Mateo,081,765935,120026,118646,6902,125548,621
2022-03-03,Santa Barbara,083,443738,85041,85249,4795,90044,655
2022-03-03,Santa Clara,085,1922200,308142,307689,12294,319983,2195
2022-03-03,Santa Cruz,087,273765,46691,46622,2105,48727,253
2022-03-03,Shasta,089,179085,30303,30282,6093,36375,492
2022-03-03,Sierra,091,2930,271,273,47,320,4
2022-03-03,Siskiyou,093,43540,4401,4389,2739,7128,74
2022-03-03,Solano,095,438530,80616,80690,5489,86179,435
2022-03-03,Sonoma,097,501317,82567,82313,2522,84835,473
2022-03-03,Stanislaus,099,539301,116705,117501,17263,134764,1531
2022-03-03,Sutter,101,95872,20387,20346,2079,22425,217
2022-03-03,Tehama,103,63373,11981,11939,2619,14558,158
2022-03-03,Trinity,105,12862,1172,1170,292,1462,20
2022-03-03,Tulare,107,460477,106105,103534,28531,132065,1305
2022-03-03,Tuolumne,109,53932,12533,12325,558,12883,178
2022-03-03,Ventura,111,848112,171977,171666,9213,180879,1436
2022-03-03,Yolo,113,214977,36300,35856,3137,38993,306
2022-03-03,Yuba,115,75493,15703,15666,1186,16852,115
2022-03-02,Alameda,001,1643700,252633,251886,13706,265592,1759
2022-03-02,Alpine,003,1148,122,125,1,126,0
2022-03-02,Amador,005,37829,8439,8341,648,8989,83
2022-03-02,Butte,007,227075,32715,32636,6570,39206,372
2022-03-02,Calaveras,009,45235,7198,7225,351,7576,116
2022-03-02,Colusa,011,21464,3423,3428,1069,4497,21
2022-03-02,Contra Costa,013,1133247,186522,185589,13065,198654,1236
2022-03-02,Del Norte,015,27424,5684,5708,186,5894,47
2022-03-02,El Dorado,017,186661,26495,26433,3184,29617,192
2022-03-02,Fresno,019,978130,229456,226932,23537,250469,2629
2022-03-02,Glenn,021,27897,4943,4922,1598,6520,43
2022-03-02,Humboldt,023,135768,16713,16747,2920,19667,135
2022-03-02,Imperial,025,180216,55048,54629,10847,65476,878
2022-03-02,Inyo,027,18085,4046,4041,479,4520,56
2022-03-02,Kern,029,883053,190765,189656,46031,235687,2136
2022-03-02,Kings,031,150075,51035,50819,3584,54403,431
2022-03-02,Lake,033,64148,10555,10495,885,11380,130
2022-03-02,Lassen,035,31185,8905,8811,882,9693,62
2022-03-02,Los Angeles,037,10098052,2690242,2670287,123939,2794226,30535
2022-03-02,Madera,039,155013,37061,37077,6060,43137,354
2022-03-02,Marin,041,260295,32898,32794,2182,34976,272
2022-03-02,Mariposa,043,17540,2366,2359,200,2559,6
2022-03-02,Mendocino,045,87422,12917,12832,2991,15823,112
2022-03-02,Merced,047,269075,61703,61606,8558,70164,785
2022-03-02,Modoc,049,8938,731,729,250,979,7
2022-03-02,Mono,051,14174,2959,2961,120,3081,5
2022-03-02,Monterey,053,433212,78691,77963,13412,91375,703
2022-03-02,Napa,055,140530,25401,25382,946,26328,134
2022-03-02,Nevada,057,99092,15810,15920,1188,17108,122
2022-03-02,Orange,059,3164182,542936,541230,41052,582282,6623
2022-03-02,Placer,061,380077,62192,62066,7354,69420,589
2022-03-02,Plumas,063,18699,2910,2700,356,3056,13
2022-03-02,Riverside,065,2383286,588015,586513,27944,614457,6229
2022-03-02,Sacramento,067,1510023,278449,273291,27173,300464,2837
2022-03-02,San Benito,069,59416,12811,12814,510,13324,94
2022-03-02,San Bernardino,071,2135413,563017,557082,24688,581770,6619
2022-03-02,San Diego,073,3302833,746370,739803,51493,791296,5034
2022-03-02,San Francisco,075,870044,122225,123442,8171,131613,792
2022-03-02,San Joaquin,077,732212,165074,164968,9399,174367,2063
2022-03-02,San Luis Obispo,079,281455,51898,51686,3725,55411,446
2022-03-02,San Mateo,081,765935,119939,118518,6886,125404,617
2022-03-02,Santa Barbara,083,443738,85016,85183,4794,89977,655
2022-03-02,Santa Clara,085,1922200,307921,307354,12280,319634,2184
2022-03-02,Santa Cruz,087,273765,46622,46534,2104,48638,253
2022-03-02,Shasta,089,179085,30281,30253,6083,36336,490
2022-03-02,Sierra,091,2930,271,273,47,320,4
2022-03-02,Siskiyou,093,43540,4399,4384,2736,7120,74
2022-03-02,Solano,095,438530,80550,80626,5486,86112,433
2022-03-02,Sonoma,097,501317,82521,82208,2518,84726,473
2022-03-02,Stanislaus,099,539301,116669,117411,17235,134646,1519
2022-03-02,Sutter,101,95872,20364,20317,2061,22378,216
2022-03-02,Tehama,103,63373,11976,11930,2618,14548,158
2022-03-02,Trinity,105,12862,1170,1160,292,1452,20
2022-03-02,Tulare,107,460477,106062,103451,28514,131965,1302
2022-03-02,Tuolumne,109,53932,12528,12297,558,12855,179
2022-03-02,Ventura,111,848112,171924,171770,9209,180979,1427
2022-03-02,Yolo,113,214977,36282,35799,3131,38930,305
2022-03-02,Yuba,115,75493,15690,15653,1181,16834,115
2022-03-01,Alameda,001,1643700,252467,251830,13695,265525,1749
2022-03-01,Alpine,003,1148,122,125,1,126,0
2022-03-01,Amador,005,37829,8391,8334,646,8980,83
2022-03-01,Butte,007,227075,32691,32575,6566,39141,372
2022-03-01,Calaveras,009,45235,7195,7223,350,7573,116
2022-03-01,Colusa,011,21464,3422,3423,1069,4492,21
2022-03-01,Contra Costa,013,1133247,186410,185378,13051,198429,1231
2022-03-01,Del Norte,015,27424,5681,5701,184,5885,45
2022-03-01,El Dorado,017,186661,26477,26413,3182,29595,192
2022-03-01,Fresno,019,978130,229312,226594,23524,250118,2628
2022-03-01,Glenn,021,27897,4942,4919,1596,6515,40
2022-03-01,Humboldt,023,135768,16692,16727,2913,19640,135
2022-03-01,Imperial,025,180216,55030,54570,10841,65411,875
2022-03-01,Inyo,027,18085,4042,4041,478,4519,56
2022-03-01,Kern,029,883053,190689,189365,46006,235371,2120
2022-03-01,Kings,031,150075,51013,50763,3580,54343,427
2022-03-01,Lake,033,64148,10543,10471,883,11354,128
2022-03-01,Lassen,035,31185,8901,8801,882,9683,61
2022-03-01,Los Angeles,037,10098052,2689295,2669489,123881,2793370,30486
2022-03-01,Madera,039,155013,37041,37046,6053,43099,354
2022-03-01,Marin,041,260295,32873,32764,2180,34944,272
2022-03-01,Mariposa,043,17540,2365,2357,199,2556,6
2022-03-01,Mendocino,045,87422,12905,12818,2989,15807,112
2022-03-01,Merced,047,269075,61675,61549,8543,70092,781
2022-03-01,Modoc,049,8938,731,729,250,979,7
2022-03-01,Mono,051,14174,2958,2960,120,3080,6
2022-03-01,Monterey,053,433212,78665,77911,13400,91311,696
2022-03-01,Napa,055,140530,25368,25344,946,26290,134
2022-03-01,Nevada,057,99092,15802,15916,1185,17101,121
2022-03-01,Orange,059,3164182,542714,541054,41016,582070,6612
2022-03-01,Placer,061,380077,62164,62021,7348,69369,583
2022-03-01,Plumas,063,18699,2910,2694,356,3050,13
2022-03-01,Riverside,065,2383286,587849,586184,27943,614127,6198
2022-03-01,Sacramento,067,1510023,278318,273089,27159,300248,2831
2022-03-01,San Benito,069,59416,12807,12806,510,13316,94
2022-03-01,San Bernardino,071,2135413,562882,556743,24685,581428,6588
2022-03-01,San Diego,073,3302833,745930,739136,51452,790588,5029
2022-03-01,San Francisco,075,870044,122122,123481,8165,131646,792
2022-03-01,San Joaquin,077,732212,165007,164894,9394,174288,2062
2022-03-01,San Luis Obispo,079,281455,51862,51592,3721,55313,445
2022-03-01,San Mateo,081,765935,119863,118358,6879,125237,613
2022-03-01,Santa Barbara,083,443738,84977,85134,4790,89924,654
2022-03-01,Santa Clara,085,1922200,307673,306978,12267,319245,2190
2022-03-01,Santa Cruz,087,273765,46572,46471,2101,48572,253
2022-03-01,Shasta,089,179085,30251,30227,6080,36307,489
2022-03-01,Sierra,091,2930,271,274,47,321,5
2022-03-01,Siskiyou,093,43540,4395,4384,2731,7115,74
2022-03-01,Solano,095,438530,80487,80556,5483,86039,434
2022-03-01,Sonoma,097,501317,82450,82103,2512,84615,477
2022-03-01,Stanislaus,099,539301,116616,117308,17210,134518,1521
2022-03-01,Sutter,101,95872,20350,20288,2057,22345,217
2022-03-01,Tehama,103,63373,11969,11923,2615,14538,158
2022-03-01,Trinity,105,12862,1169,1159,292,1451,20
2022-03-01,Tulare,107,460477,105981,103371,28494,131865,1302
2022-03-01,Tuolumne,109,53932,12521,12276,556,12832,175
2022-03-01,Ventura,111,848112,171855,171672,9202,180874,1427
2022-03-01,Yolo,113,214977,36257,35801,3125,38926,299
2022-03-01,Yuba,115,75493,15682,15637,1181,16818,116
2022-02-28,Alameda,001,1643700,252251,251714,13681,265395,1742
2022-02-28,Alpine,003,1148,122,125,1,126,0
2022-02-28,Amador,005,37829,8385,8308,645,8953,83
2022-02-28,Butte,007,227075,32667,32550,6561,39111,368
2022-02-28,Calaveras,009,45235,7192,7220,349,7569,110
2022-02-28,Colusa,011,21464,3419,3422,1067,4489,21
2022-02-28,Contra Costa,013,1133247,186304,185272,13031,198303,1231
2022-02-28,Del Norte,015,27424,5677,5699,183,5882,45
2022-02-28,El Dorado,017,186661,26469,26409,3177,29586,191
2022-02-28,Fresno,019,978130,229114,226519,23502,250021,2622
2022-02-28,Glenn,021,27897,4938,4918,1596,6514,40
2022-02-28,Humboldt,023,135768,16677,16717,2909,19626,135
2022-02-28,Imperial,025,180216,55005,54517,10836,65353,875
2022-02-28,Inyo,027,18085,4042,4041,477,4518,56
2022-02-28,Kern,029,883053,190594,189245,45975,235220,2115
2022-02-28,Kings,031,150075,50974,50741,3579,54320,427
2022-02-28,Lake,033,64148,10532,10468,879,11347,128
2022-02-28,Lassen,035,31185,8844,8794,882,9676,55
2022-02-28,Los Angeles,037,10098052,2688119,2666804,123785,2790589,30410
2022-02-28,Madera,039,155013,37014,37023,6036,43059,354
2022-02-28,Marin,041,260295,32847,32775,2180,34955,272
2022-02-28,Mariposa,043,17540,2362,2354,197,2551,6
2022-02-28,Mendocino,045,87422,12897,12800,2981,15781,112
2022-02-28,Merced,047,269075,61631,61519,8525,70044,781
2022-02-28,Modoc,049,8938,731,727,250,977,7
2022-02-28,Mono,051,14174,2958,2961,120,3081,5
2022-02-28,Monterey,053,433212,78598,77865,13377,91242,693
2022-02-28,Napa,055,140530,25344,25317,946,26263,129
2022-02-28,Nevada,057,99092,15796,15908,1179,17087,121
2022-02-28,Orange,059,3164182,542460,540839,41002,581841,6605
2022-02-28,Placer,061,380077,62132,61976,7342,69318,577
2022-02-28,Plumas,063,18699,2910,2691,355,3046,13
2022-02-28,Riverside,065,2383286,587651,585891,27910,613801,6179
2022-02-28,Sacramento,067,1510023,278182,273038,27133,300171,2825
2022-02-28,San Benito,069,59416,12803,12798,510,13308,94
2022-02-28,San Bernardino,071,2135413,562689,556540,24671,581211,6576
2022-02-28,San Diego,073,3302833,745530,737760,51423,789183,5018
2022-02-28,San Francisco,075,870044,121963,123402,8157,131559,792
2022-02-28,San Joaquin,077,732212,164923,164833,9385,174218,2060
2022-02-28,San Luis Obispo,079,281455,51803,51565,3713,55278,440
2022-02-28,San Mateo,081,765935,119761,118301,6873,125174,611
2022-02-28,Santa Barbara,083,443738,84934,85076,4785,89861,653
2022-02-28,Santa Clara,085,1922200,307397,306930,12245,319175,2180
2022-02-28,Santa Cruz,087,273765,46501,46447,2100,48547,253
2022-02-28,Shasta,089,179085,30226,30213,6076,36289,488
2022-02-28,Sierra,091,2930,271,273,47,320,4
2022-02-28,Siskiyou,093,43540,4392,4382,2725,7107,74
2022-02-28,Solano,095,438530,80422,80544,5472,86016,430
2022-02-28,Sonoma,097,501317,82386,82058,2509,84567,477
2022-02-28,Stanislaus,099,539301,116549,117231,17194,134425,1521
2022-02-28,Sutter,101,95872,20337,20285,2054,22339,214
2022-02-28,Tehama,103,63373,11956,11917,2614,14531,158
2022-02-28,Trinity,105,12862,1169,1160,292,1452,20
2022-02-28,Tulare,107,460477,105931,103304,28476,131780,1300
2022-02-28,Tuolumne,109,53932,12510,12247,555,12802,175
2022-02-28,Ventura,111,848112,171771,171614,9201,180815,1423
2022-02-28,Yolo,113,214977,36219,35754,3118,38872,299
2022-02-28,Yuba,115,75493,15668,15625,1180,16805,115
2022-02-27,Alameda,001,1643700,251972,251624,13672,265296,1744
2022-02-27,Alpine,003,1148,122,125,1,126,0
2022-02-27,Amador,005,37829,8381,8305,642,8947,83
2022-02-27,Butte,007,227075,32630,32551,6549,39100,368
2022-02-27,Calaveras,009,45235,7184,7214,349,7563,110
2022-02-27,Colusa,011,21464,3418,3422,1067,4489,21
2022-02-27,Contra Costa,013,1133247,186174,185185,13011,198196,1230
2022-02-27,Del Norte,015,27424,5659,5691,181,5872,45
2022-02-27,El Dorado,017,186661,26450,26410,3175,29585,191
2022-02-27,Fresno,019,978130,228914,226397,23475,249872,2621
2022-02-27,Glenn,021,27897,4936,4915,1596,6511,40
2022-02-27,Humboldt,023,135768,16655,16713,2902,19615,135
2022-02-27,Imperial,025,180216,54956,54509,10820,65329,875
2022-02-27,Inyo,027,18085,4041,4041,473,4514,56
2022-02-27,Kern,029,883053,190473,189219,45935,235154,2115
2022-02-27,Kings,031,150075,50945,50733,3577,54310,428
2022-02-27,Lake,033,64148,10513,10463,879,11342,128
2022-02-27,Lassen,035,31185,8836,8786,882,9668,55
2022-02-27,Los Angeles,037,10098052,2686822,2666789,123701,2790490,30410
2022-02-27,Madera,039,155013,36988,37009,6028,43037,354
2022-02-27,Marin,041,260295,32809,32756,2178,34934,272
2022-02-27,Mariposa,043,17540,2359,2352,197,2549,6
2022-02-27,Mendocino,045,87422,12878,12798,2968,15766,112
2022-02-27,Merced,047,269075,61580,61491,8508,69999,779
2022-02-27,Modoc,049,8938,730,727,250,977,7
2022-02-27,Mono,051,14174,2957,2960,120,3080,5
2022-02-27,Monterey,053,433212,78538,77851,13352,91203,693
2022-02-27,Napa,055,140530,25305,25316,946,26262,129
2022-02-27,Nevada,057,99092,15788,15900,1175,17075,121
2022-02-27,Orange,059,3164182,542213,540659,40972,581631,6605
2022-02-27,Placer,061,380077,62090,61965,7338,69303,577
2022-02-27,Plumas,063,18699,2907,2691,355,3046,13
2022-02-27,Riverside,065,2383286,587412,585833,27884,613717,6179
2022-02-27,Sacramento,067,1510023,277996,272927,27101,300028,2822
2022-02-27,San Benito,069,59416,12796,12798,510,13308,94
2022-02-27,San Bernardino,071,2135413,562507,556457,24661,581118,6572
2022-02-27,San Diego,073,3302833,745045,737760,51381,789141,5018
2022-02-27,San Francisco,075,870044,121841,123327,8145,131472,791
2022-02-27,San Joaquin,077,732212,164816,164814,9381,174195,2060
2022-02-27,San Luis Obispo,079,281455,51711,51564,3706,55270,439
2022-02-27,San Mateo,081,765935,119646,118244,6868,125112,611
2022-02-27,Santa Barbara,083,443738,84894,85050,4781,89831,653
2022-02-27,Santa Clara,085,1922200,307105,306756,12214,318970,2180
2022-02-27,Santa Cruz,087,273765,46440,46411,2099,48510,253
2022-02-27,Shasta,089,179085,30194,30206,6070,36276,488
2022-02-27,Sierra,091,2930,271,273,47,320,4
2022-02-27,Siskiyou,093,43540,4387,4378,2712,7090,74
2022-02-27,Solano,095,438530,80346,80515,5461,85976,430
2022-02-27,Sonoma,097,501317,82304,82041,2503,84544,476
2022-02-27,Stanislaus,099,539301,116480,117200,17176,134376,1522
2022-02-27,Sutter,101,95872,20320,20280,2049,22329,214
2022-02-27,Tehama,103,63373,11944,11915,2613,14528,158
2022-02-27,Trinity,105,12862,1168,1158,292,1450,20
2022-02-27,Tulare,107,460477,105856,103270,28422,131692,1300
2022-02-27,Tuolumne,109,53932,12496,12243,554,12797,175
2022-02-27,Ventura,111,848112,171695,171660,9199,180859,1423
2022-02-27,Yolo,113,214977,36192,35744,3113,38857,299
2022-02-27,Yuba,115,75493,15657,15619,1178,16797,113
2022-02-26,Alameda,001,1643700,251862,250867,13667,264534,1716
2022-02-26,Alpine,003,1148,122,125,1,126,0
2022-02-26,Amador,005,37829,8378,8282,641,8923,83
2022-02-26,Butte,007,227075,32616,32466,6547,39013,368
2022-02-26,Calaveras,009,45235,7183,7192,349,7541,110
2022-02-26,Colusa,011,21464,3418,3414,1067,4481,21
2022-02-26,Contra Costa,013,1133247,186104,184686,12992,197678,1209
2022-02-26,Del Norte,015,27424,5654,5639,181,5820,45
2022-02-26,El Dorado,017,186661,26439,26355,3171,29526,191
2022-02-26,Fresno,019,978130,228824,225679,23475,249154,2597
2022-02-26,Glenn,021,27897,4934,4909,1595,6504,40
2022-02-26,Humboldt,023,135768,16630,16619,2901,19520,133
2022-02-26,Imperial,025,180216,54929,54367,10818,65185,871
2022-02-26,Inyo,027,18085,4040,4034,468,4502,56
2022-02-26,Kern,029,883053,190424,188584,45915,234499,2106
2022-02-26,Kings,031,150075,50932,50579,3577,54156,423
2022-02-26,Lake,033,64148,10507,10383,879,11262,128
2022-02-26,Lassen,035,31185,8835,8761,882,9643,55
2022-02-26,Los Angeles,037,10098052,2686264,2660973,123659,2784632,30202
2022-02-26,Madera,039,155013,36974,36933,6026,42959,330
2022-02-26,Marin,041,260295,32795,32651,2176,34827,267
2022-02-26,Mariposa,043,17540,2358,2332,197,2529,6
2022-02-26,Mendocino,045,87422,12872,12762,2968,15730,111
2022-02-26,Merced,047,269075,61559,61348,8507,69855,775
2022-02-26,Modoc,049,8938,730,726,250,976,7
2022-02-26,Mono,051,14174,2957,2959,119,3078,5
2022-02-26,Monterey,053,433212,78507,77610,13346,90956,692
2022-02-26,Napa,055,140530,25290,25221,945,26166,130
2022-02-26,Nevada,057,99092,15784,15850,1173,17023,121
2022-02-26,Orange,059,3164182,542103,539992,40955,580947,6540
2022-02-26,Placer,061,380077,62071,61803,7335,69138,573
2022-02-26,Plumas,063,18699,2907,2673,355,3028,13
2022-02-26,Riverside,065,2383286,587294,584835,27876,612711,6143
2022-02-26,Sacramento,067,1510023,277902,272339,27088,299427,2793
2022-02-26,San Benito,069,59416,12792,12770,510,13280,92
2022-02-26,San Bernardino,071,2135413,562423,555668,24656,580324,6505
2022-02-26,San Diego,073,3302833,744812,736049,51361,787410,5002
2022-02-26,San Francisco,075,870044,121771,123079,8137,131216,769
2022-02-26,San Joaquin,077,732212,164781,164418,9380,173798,2048
2022-02-26,San Luis Obispo,079,281455,51697,51358,3703,55061,438
2022-02-26,San Mateo,081,765935,119592,117860,6867,124727,603
2022-02-26,Santa Barbara,083,443738,84863,84830,4781,89611,652
2022-02-26,Santa Clara,085,1922200,306953,305895,12211,318106,2166
2022-02-26,Santa Cruz,087,273765,46418,46186,2099,48285,251
2022-02-26,Shasta,089,179085,30186,30108,6064,36172,485
2022-02-26,Sierra,091,2930,271,270,47,317,1
2022-02-26,Siskiyou,093,43540,4387,4359,2710,7069,72
2022-02-26,Solano,095,438530,80312,80225,5458,85683,428
2022-02-26,Sonoma,097,501317,82268,81702,2501,84203,432
2022-02-26,Stanislaus,099,539301,116442,116896,17171,134067,1503
2022-02-26,Sutter,101,95872,20311,20230,2049,22279,214
2022-02-26,Tehama,103,63373,11938,11878,2611,14489,158
2022-02-26,Trinity,105,12862,1167,1156,292,1448,20
2022-02-26,Tulare,107,460477,105819,102983,28407,131390,1295
2022-02-26,Tuolumne,109,53932,12494,12169,554,12723,175
2022-02-26,Ventura,111,848112,171662,171292,9197,180489,1411
2022-02-26,Yolo,113,214977,36171,35615,3110,38725,296
2022-02-26,Yuba,115,75493,15646,15587,1178,16765,113
2022-02-25,Alameda,001,1643700,251736,250867,13657,264524,1716
2022-02-25,Alpine,003,1148,122,125,1,126,0
2022-02-25,Amador,005,37829,8367,8282,641,8923,83
2022-02-25,Butte,007,227075,32604,32466,6545,39011,368
2022-02-25,Calaveras,009,45235,7181,7192,349,7541,110
2022-02-25,Colusa,011,21464,3418,3414,1067,4481,21
2022-02-25,Contra Costa,013,1133247,186018,184686,12970,197656,1209
2022-02-25,Del Norte,015,27424,5644,5639,181,5820,45
2022-02-25,El Dorado,017,186661,26430,26355,3171,29526,191
2022-02-25,Fresno,019,978130,228727,225679,23469,249148,2597
2022-02-25,Glenn,021,27897,4932,4909,1595,6504,40
2022-02-25,Humboldt,023,135768,16619,16619,2901,19520,133
2022-02-25,Imperial,025,180216,54911,54367,10817,65184,871
2022-02-25,Inyo,027,18085,4039,4034,468,4502,56
2022-02-25,Kern,029,883053,190358,188584,45902,234486,2106
2022-02-25,Kings,031,150075,50918,50579,3576,54155,423
2022-02-25,Lake,033,64148,10492,10383,879,11262,128
2022-02-25,Lassen,035,31185,8833,8761,882,9643,55
2022-02-25,Los Angeles,037,10098052,2685675,2660973,123629,2784602,30202
2022-02-25,Madera,039,155013,36954,36933,6025,42958,330
2022-02-25,Marin,041,260295,32781,32651,2176,34827,267
2022-02-25,Mariposa,043,17540,2355,2332,197,2529,6
2022-02-25,Mendocino,045,87422,12869,12762,2968,15730,111
2022-02-25,Merced,047,269075,61527,61348,8502,69850,775
2022-02-25,Modoc,049,8938,730,726,250,976,7
2022-02-25,Mono,051,14174,2956,2959,119,3078,5
2022-02-25,Monterey,053,433212,78480,77610,13340,90950,692
2022-02-25,Napa,055,140530,25281,25221,945,26166,130
2022-02-25,Nevada,057,99092,15773,15850,1170,17020,121
2022-02-25,Orange,059,3164182,541970,539992,40932,580924,6540
2022-02-25,Placer,061,380077,62056,61803,7329,69132,573
2022-02-25,Plumas,063,18699,2905,2673,354,3027,13
2022-02-25,Riverside,065,2383286,587136,584835,27864,612699,6143
2022-02-25,Sacramento,067,1510023,277801,272339,27083,299422,2793
2022-02-25,San Benito,069,59416,12790,12770,510,13280,92
2022-02-25,San Bernardino,071,2135413,562320,555668,24649,580317,6505
2022-02-25,San Diego,073,3302833,744510,736049,51342,787391,5002
2022-02-25,San Francisco,075,870044,121692,123079,8133,131212,769
2022-02-25,San Joaquin,077,732212,164741,164418,9375,173793,2048
2022-02-25,San Luis Obispo,079,281455,51693,51358,3694,55052,438
2022-02-25,San Mateo,081,765935,119530,117860,6863,124723,603
2022-02-25,Santa Barbara,083,443738,84828,84830,4781,89611,652
2022-02-25,Santa Clara,085,1922200,306767,305895,12208,318103,2166
2022-02-25,Santa Cruz,087,273765,46384,46186,2097,48283,251
2022-02-25,Shasta,089,179085,30176,30108,6062,36170,485
2022-02-25,Sierra,091,2930,271,270,47,317,1
2022-02-25,Siskiyou,093,43540,4387,4359,2709,7068,72
2022-02-25,Solano,095,438530,80283,80225,5457,85682,428
2022-02-25,Sonoma,097,501317,82218,81702,2499,84201,432
2022-02-25,Stanislaus,099,539301,116415,116896,17167,134063,1503
2022-02-25,Sutter,101,95872,20302,20230,2049,22279,214
2022-02-25,Tehama,103,63373,11936,11878,2611,14489,158
2022-02-25,Trinity,105,12862,1167,1156,292,1448,20
2022-02-25,Tulare,107,460477,105783,102983,28384,131367,1295
2022-02-25,Tuolumne,109,53932,12492,12169,554,12723,175
2022-02-25,Ventura,111,848112,171611,171292,9197,180489,1411
2022-02-25,Yolo,113,214977,36156,35615,3110,38725,296
2022-02-25,Yuba,115,75493,15638,15587,1178,16765,113
2022-02-24,Alameda,001,1643700,251531,250867,13648,264515,1716
2022-02-24,Alpine,003,1148,122,125,1,126,0
2022-02-24,Amador,005,37829,8362,8282,640,8922,83
2022-02-24,Butte,007,227075,32583,32466,6540,39006,368
2022-02-24,Calaveras,009,45235,7178,7192,347,7539,110
2022-02-24,Colusa,011,21464,3417,3414,1066,4480,21
2022-02-24,Contra Costa,013,1133247,185890,184686,12962,197648,1209
2022-02-24,Del Norte,015,27424,5629,5639,180,5819,45
2022-02-24,El Dorado,017,186661,26416,26355,3171,29526,191
2022-02-24,Fresno,019,978130,228530,225679,23454,249133,2597
2022-02-24,Glenn,021,27897,4930,4909,1594,6503,40
2022-02-24,Humboldt,023,135768,16601,16619,2900,19519,133
2022-02-24,Imperial,025,180216,54873,54367,10807,65174,871
2022-02-24,Inyo,027,18085,4038,4034,467,4501,56
2022-02-24,Kern,029,883053,190215,188584,45868,234452,2106
2022-02-24,Kings,031,150075,50888,50579,3571,54150,423
2022-02-24,Lake,033,64148,10473,10383,879,11262,128
2022-02-24,Lassen,035,31185,8829,8761,881,9642,55
2022-02-24,Los Angeles,037,10098052,2684525,2660973,123573,2784546,30202
2022-02-24,Madera,039,155013,36927,36933,6023,42956,330
2022-02-24,Marin,041,260295,32760,32651,2175,34826,267
2022-02-24,Mariposa,043,17540,2349,2332,196,2528,6
2022-02-24,Mendocino,045,87422,12862,12762,2964,15726,111
2022-02-24,Merced,047,269075,61497,61348,8493,69841,775
2022-02-24,Modoc,049,8938,729,726,250,976,7
2022-02-24,Mono,051,14174,2955,2959,119,3078,5
2022-02-24,Monterey,053,433212,78427,77610,13331,90941,692
2022-02-24,Napa,055,140530,25240,25221,941,26162,130
2022-02-24,Nevada,057,99092,15759,15850,1170,17020,121
2022-02-24,Orange,059,3164182,541722,539992,40898,580890,6540
2022-02-24,Placer,061,380077,62018,61803,7327,69130,573
2022-02-24,Plumas,063,18699,2900,2673,352,3025,13
2022-02-24,Riverside,065,2383286,586882,584835,27838,612673,6143
2022-02-24,Sacramento,067,1510023,277627,272339,27065,299404,2793
2022-02-24,San Benito,069,59416,12779,12770,509,13279,92
2022-02-24,San Bernardino,071,2135413,562131,555668,24639,580307,6505
2022-02-24,San Diego,073,3302833,744073,736049,51298,787347,5002
2022-02-24,San Francisco,075,870044,121570,123079,8126,131205,769
2022-02-24,San Joaquin,077,732212,164609,164418,9370,173788,2048
2022-02-24,San Luis Obispo,079,281455,51647,51358,3692,55050,438
2022-02-24,San Mateo,081,765935,119439,117860,6856,124716,603
2022-02-24,Santa Barbara,083,443738,84765,84830,4780,89610,652
2022-02-24,Santa Clara,085,1922200,306522,305895,12194,318089,2166
2022-02-24,Santa Cruz,087,273765,46302,46186,2095,48281,251
2022-02-24,Shasta,089,179085,30157,30108,6056,36164,485
2022-02-24,Sierra,091,2930,271,270,47,317,1
2022-02-24,Siskiyou,093,43540,4384,4359,2705,7064,72
2022-02-24,Solano,095,438530,80204,80225,5454,85679,428
2022-02-24,Sonoma,097,501317,82164,81702,2494,84196,432
2022-02-24,Stanislaus,099,539301,116337,116896,17157,134053,1503
2022-02-24,Sutter,101,95872,20288,20230,2033,22263,214
2022-02-24,Tehama,103,63373,11930,11878,2610,14488,158
2022-02-24,Trinity,105,12862,1165,1156,292,1448,20
2022-02-24,Tulare,107,460477,105726,102983,28351,131334,1295
2022-02-24,Tuolumne,109,53932,12481,12169,552,12721,175
2022-02-24,Ventura,111,848112,171532,171292,9194,180486,1411
2022-02-24,Yolo,113,214977,36131,35615,3108,38723,296
2022-02-24,Yuba,115,75493,15625,15587,1178,16765,113
2022-02-23,Alameda,001,1643700,251303,247686,13630,261316,1713
2022-02-23,Alpine,003,1148,122,125,1,126,0
2022-02-23,Amador,005,37829,8345,8274,640,8914,79
2022-02-23,Butte,007,227075,32555,32417,6537,38954,367
2022-02-23,Calaveras,009,45235,7168,7182,346,7528,107
2022-02-23,Colusa,011,21464,3413,3411,1066,4477,21
2022-02-23,Contra Costa,013,1133247,185742,184013,12948,196961,1209
2022-02-23,Del Norte,015,27424,5617,5625,179,5804,45
2022-02-23,El Dorado,017,186661,26400,26317,3167,29484,189
2022-02-23,Fresno,019,978130,228339,225308,23431,248739,2596
2022-02-23,Glenn,021,27897,4926,4909,1592,6501,40
2022-02-23,Humboldt,023,135768,16585,16601,2897,19498,132
2022-02-23,Imperial,025,180216,54838,54292,10793,65085,871
2022-02-23,Inyo,027,18085,4037,4031,464,4495,54
2022-02-23,Kern,029,883053,190108,188432,45818,234250,2106
2022-02-23,Kings,031,150075,50855,50416,3569,53985,423
2022-02-23,Lake,033,64148,10455,10368,878,11246,126
2022-02-23,Lassen,035,31185,8813,8749,881,9630,55
2022-02-23,Los Angeles,037,10098052,2683166,2659569,123527,2783096,30167
2022-02-23,Madera,039,155013,36895,36876,6012,42888,330
2022-02-23,Marin,041,260295,32736,32625,2174,34799,267
2022-02-23,Mariposa,043,17540,2344,2325,195,2520,6
2022-02-23,Mendocino,045,87422,12854,12747,2960,15707,111
2022-02-23,Merced,047,269075,61468,61295,8488,69783,772
2022-02-23,Modoc,049,8938,729,723,249,972,7
2022-02-23,Mono,051,14174,2954,2960,119,3079,5
2022-02-23,Monterey,053,433212,78388,77472,13308,90780,691
2022-02-23,Napa,055,140530,25217,25185,936,26121,128
2022-02-23,Nevada,057,99092,15753,15825,1167,16992,121
2022-02-23,Orange,059,3164182,541414,539631,40875,580506,6520
2022-02-23,Placer,061,380077,61971,61758,7319,69077,573
2022-02-23,Plumas,063,18699,2896,2663,352,3015,13
2022-02-23,Riverside,065,2383286,586590,584381,27801,612182,6119
2022-02-23,Sacramento,067,1510023,277465,272057,27042,299099,2796
2022-02-23,San Benito,069,59416,12772,12756,508,13264,92
2022-02-23,San Bernardino,071,2135413,561968,555238,24623,579861,6479
2022-02-23,San Diego,073,3302833,743549,735406,51256,786662,4988
2022-02-23,San Francisco,075,870044,121444,122127,8124,130251,769
2022-02-23,San Joaquin,077,732212,164518,164257,9365,173622,2042
2022-02-23,San Luis Obispo,079,281455,51599,51264,3691,54955,434
2022-02-23,San Mateo,081,765935,119347,117585,6847,124432,603
2022-02-23,Santa Barbara,083,443738,84705,84760,4776,89536,651
2022-02-23,Santa Clara,085,1922200,306263,305484,12185,317669,2157
2022-02-23,Santa Cruz,087,273765,46233,46059,2094,48153,251
2022-02-23,Shasta,089,179085,30130,30066,6053,36119,481
2022-02-23,Sierra,091,2930,271,270,47,317,1
2022-02-23,Siskiyou,093,43540,4381,4356,2703,7059,71
2022-02-23,Solano,095,438530,80115,80103,5452,85555,427
2022-02-23,Sonoma,097,501317,82111,81594,2492,84086,432
2022-02-23,Stanislaus,099,539301,116261,116789,17148,133937,1482
2022-02-23,Sutter,101,95872,20271,20194,2029,22223,213
2022-02-23,Tehama,103,63373,11920,11863,2610,14473,154
2022-02-23,Trinity,105,12862,1165,1156,292,1448,20
2022-02-23,Tulare,107,460477,105660,102812,28322,131134,1290
2022-02-23,Tuolumne,109,53932,12471,12158,551,12709,175
2022-02-23,Ventura,111,848112,171446,171163,9187,180350,1401
2022-02-23,Yolo,113,214977,36094,35590,3101,38691,296
2022-02-23,Yuba,115,75493,15622,15571,1176,16747,113
2022-02-22,Alameda,001,1643700,251065,247434,13615,261049,1706
2022-02-22,Alpine,003,1148,122,124,1,125,0
2022-02-22,Amador,005,37829,8335,8243,640,8883,79
2022-02-22,Butte,007,227075,32520,32359,6532,38891,366
2022-02-22,Calaveras,009,45235,7159,7178,346,7524,107
2022-02-22,Colusa,011,21464,3413,3402,1064,4466,21
2022-02-22,Contra Costa,013,1133247,185588,183812,12929,196741,1201
2022-02-22,Del Norte,015,27424,5609,5611,178,5789,45
2022-02-22,El Dorado,017,186661,26390,26289,3167,29456,189
2022-02-22,Fresno,019,978130,228108,225104,23401,248505,2592
2022-02-22,Glenn,021,27897,4925,4900,1591,6491,40
2022-02-22,Humboldt,023,135768,16564,16559,2893,19452,132
2022-02-22,Imperial,025,180216,54802,54227,10789,65016,864
2022-02-22,Inyo,027,18085,4036,4026,462,4488,54
2022-02-22,Kern,029,883053,189966,188237,45781,234018,2102
2022-02-22,Kings,031,150075,50792,50359,3566,53925,423
2022-02-22,Lake,033,64148,10444,10353,876,11229,126
2022-02-22,Lassen,035,31185,8809,8730,881,9611,55
2022-02-22,Los Angeles,037,10098052,2681703,2658230,123439,2781669,30129
2022-02-22,Madera,039,155013,36863,36833,6002,42835,330
2022-02-22,Marin,041,260295,32711,32591,2173,34764,267
2022-02-22,Mariposa,043,17540,2336,2322,195,2517,6
2022-02-22,Mendocino,045,87422,12840,12714,2950,15664,110
2022-02-22,Merced,047,269075,61408,61241,8481,69722,770
2022-02-22,Modoc,049,8938,726,720,249,969,6
2022-02-22,Mono,051,14174,2954,2961,119,3080,5
2022-02-22,Monterey,053,433212,78334,77359,13288,90647,690
2022-02-22,Napa,055,140530,25188,25151,935,26086,128
2022-02-22,Nevada,057,99092,15737,15815,1166,16981,121
2022-02-22,Orange,059,3164182,541124,539390,40842,580232,6502
2022-02-22,Placer,061,380077,61933,61709,7314,69023,572
2022-02-22,Plumas,063,18699,2890,2659,350,3009,13
2022-02-22,Riverside,065,2383286,586333,583969,27778,611747,6097
2022-02-22,Sacramento,067,1510023,277274,271789,27018,298807,2775
2022-02-22,San Benito,069,59416,12761,12742,507,13249,92
2022-02-22,San Bernardino,071,2135413,561768,554903,24605,579508,6451
2022-02-22,San Diego,073,3302833,743014,734536,51207,785743,4974
2022-02-22,San Francisco,075,870044,121315,121954,8120,130074,769
2022-02-22,San Joaquin,077,732212,164398,164111,9354,173465,2040
2022-02-22,San Luis Obispo,079,281455,51514,51193,3685,54878,431
2022-02-22,San Mateo,081,765935,119252,117418,6842,124260,603
2022-02-22,Santa Barbara,083,443738,84642,84701,4770,89471,650
2022-02-22,Santa Clara,085,1922200,305982,305045,12179,317224,2155
2022-02-22,Santa Cruz,087,273765,46168,45958,2094,48052,251
2022-02-22,Shasta,089,179085,30106,30024,6048,36072,479
2022-02-22,Sierra,091,2930,271,269,46,315,0
2022-02-22,Siskiyou,093,43540,4378,4350,2698,7048,70
2022-02-22,Solano,095,438530,80039,79968,5450,85418,425
2022-02-22,Sonoma,097,501317,82044,81412,2488,83900,431
2022-02-22,Stanislaus,099,539301,116182,116676,17130,133806,1475
2022-02-22,Sutter,101,95872,20255,20164,2026,22190,210
2022-02-22,Tehama,103,63373,11912,11852,2609,14461,152
2022-02-22,Trinity,105,12862,1165,1147,291,1438,20
2022-02-22,Tulare,107,460477,105549,102717,28286,131003,1287
2022-02-22,Tuolumne,109,53932,12451,12136,550,12686,175
2022-02-22,Ventura,111,848112,171361,171064,9181,180245,1401
2022-02-22,Yolo,113,214977,36056,35527,3095,38622,292
2022-02-22,Yuba,115,75493,15612,15550,1175,16725,110
2022-02-21,Alameda,001,1643700,250777,247434,13599,261033,1704
2022-02-21,Alpine,003,1148,122,124,1,125,0
2022-02-21,Amador,005,37829,8329,8246,640,8886,79
2022-02-21,Butte,007,227075,32478,32356,6509,38865,366
2022-02-21,Calaveras,009,45235,7151,7175,346,7521,107
2022-02-21,Colusa,011,21464,3411,3401,1062,4463,21
2022-02-21,Contra Costa,013,1133247,185352,183701,12915,196616,1201
2022-02-21,Del Norte,015,27424,5591,5601,177,5778,45
2022-02-21,El Dorado,017,186661,26364,26273,3162,29435,189
2022-02-21,Fresno,019,978130,227788,224923,23342,248265,2592
2022-02-21,Glenn,021,27897,4921,4897,1591,6488,40
2022-02-21,Humboldt,023,135768,16520,16548,2885,19433,132
2022-02-21,Imperial,025,180216,54746,54208,10772,64980,864
2022-02-21,Inyo,027,18085,4032,4023,462,4485,54
2022-02-21,Kern,029,883053,189773,188188,45728,233916,2102
2022-02-21,Kings,031,150075,50726,50188,3563,53751,422
2022-02-21,Lake,033,64148,10421,10334,874,11208,126
2022-02-21,Lassen,035,31185,8801,8705,876,9581,55
2022-02-21,Los Angeles,037,10098052,2679906,2656873,123341,2780214,30108
2022-02-21,Madera,039,155013,36822,36796,5981,42777,330
2022-02-21,Marin,041,260295,32688,32570,2173,34743,258
2022-02-21,Mariposa,043,17540,2333,2321,195,2516,6
2022-02-21,Mendocino,045,87422,12814,12706,2938,15644,110
2022-02-21,Merced,047,269075,61351,61209,8464,69673,770
2022-02-21,Modoc,049,8938,725,718,249,967,6
2022-02-21,Mono,051,14174,2953,2960,119,3079,5
2022-02-21,Monterey,053,433212,78239,77354,13246,90600,690
2022-02-21,Napa,055,140530,25147,25126,935,26061,128
2022-02-21,Nevada,057,99092,15725,15810,1163,16973,121
2022-02-21,Orange,059,3164182,540768,539068,40817,579885,6502
2022-02-21,Placer,061,380077,61879,61727,7310,69037,572
2022-02-21,Plumas,063,18699,2886,2657,345,3002,13
2022-02-21,Riverside,065,2383286,585963,583712,27729,611441,6097
2022-02-21,Sacramento,067,1510023,277013,271588,26985,298573,2769
2022-02-21,San Benito,069,59416,12748,12731,507,13238,92
2022-02-21,San Bernardino,071,2135413,561531,554662,24583,579245,6441
2022-02-21,San Diego,073,3302833,742384,732298,51136,783434,4974
2022-02-21,San Francisco,075,870044,121133,121865,8116,129981,769
2022-02-21,San Joaquin,077,732212,164255,164036,9343,173379,2040
2022-02-21,San Luis Obispo,079,281455,51422,51184,3678,54862,429
2022-02-21,San Mateo,081,765935,119161,117259,6834,124093,605
2022-02-21,Santa Barbara,083,443738,84566,84626,4762,89388,650
2022-02-21,Santa Clara,085,1922200,305645,304858,12173,317031,2158
2022-02-21,Santa Cruz,087,273765,46043,45941,2093,48034,251
2022-02-21,Shasta,089,179085,30059,30004,6040,36044,479
2022-02-21,Sierra,091,2930,271,269,46,315,0
2022-02-21,Siskiyou,093,43540,4366,4337,2693,7030,70
2022-02-21,Solano,095,438530,79946,79906,5444,85350,425
2022-02-21,Sonoma,097,501317,81931,81361,2482,83843,431
2022-02-21,Stanislaus,099,539301,116074,116597,17106,133703,1475
2022-02-21,Sutter,101,95872,20228,20152,2024,22176,210
2022-02-21,Tehama,103,63373,11899,11842,2608,14450,152
2022-02-21,Trinity,105,12862,1164,1147,291,1438,20
2022-02-21,Tulare,107,460477,105451,102614,28235,130849,1287
2022-02-21,Tuolumne,109,53932,12442,12126,547,12673,175
2022-02-21,Ventura,111,848112,171221,170939,9172,180111,1401
2022-02-21,Yolo,113,214977,36014,35518,3086,38604,292
2022-02-21,Yuba,115,75493,15592,15546,1166,16712,110
2022-02-20,Alameda,001,1643700,250552,246028,13589,259617,1700
2022-02-20,Alpine,003,1148,122,124,1,125,0
2022-02-20,Amador,005,37829,8318,8203,640,8843,79
2022-02-20,Butte,007,227075,32448,32173,6504,38677,364
2022-02-20,Calaveras,009,45235,7148,7136,345,7481,107
2022-02-20,Colusa,011,21464,3408,3389,1061,4450,21
2022-02-20,Contra Costa,013,1133247,185225,182797,12910,195707,1190
2022-02-20,Del Norte,015,27424,5576,5511,177,5688,45
2022-02-20,El Dorado,017,186661,26342,26101,3161,29262,189
2022-02-20,Fresno,019,978130,227596,223594,23329,246923,2544
2022-02-20,Glenn,021,27897,4918,4881,1591,6472,39
2022-02-20,Humboldt,023,135768,16508,16393,2881,19274,132
2022-02-20,Imperial,025,180216,54686,53967,10759,64726,862
2022-02-20,Inyo,027,18085,4031,4018,461,4479,52
2022-02-20,Kern,029,883053,189640,187158,45684,232842,2095
2022-02-20,Kings,031,150075,50698,49724,3559,53283,421
2022-02-20,Lake,033,64148,10388,10184,873,11057,126
2022-02-20,Lassen,035,31185,8789,8640,876,9516,55
2022-02-20,Los Angeles,037,10098052,2678583,2642878,123255,2766133,29842
2022-02-20,Madera,039,155013,36791,36526,5977,42503,330
2022-02-20,Marin,041,260295,32671,32441,2172,34613,258
2022-02-20,Mariposa,043,17540,2327,2310,193,2503,6
2022-02-20,Mendocino,045,87422,12804,12625,2935,15560,110
2022-02-20,Merced,047,269075,61323,60886,8462,69348,769
2022-02-20,Modoc,049,8938,724,714,249,963,6
2022-02-20,Mono,051,14174,2953,2956,119,3075,5
2022-02-20,Monterey,053,433212,78180,76765,13232,89997,682
2022-02-20,Napa,055,140530,25127,24970,933,25903,127
2022-02-20,Nevada,057,99092,15714,15715,1162,16877,121
2022-02-20,Orange,059,3164182,540448,538019,40782,578801,6416
2022-02-20,Placer,061,380077,61847,61417,7302,68719,560
2022-02-20,Plumas,063,18699,2882,2646,343,2989,13
2022-02-20,Riverside,065,2383286,585690,581788,27701,609489,6087
2022-02-20,Sacramento,067,1510023,276834,270080,26960,297040,2747
2022-02-20,San Benito,069,59416,12745,12665,507,13172,92
2022-02-20,San Bernardino,071,2135413,561328,553151,24567,577718,6400
2022-02-20,San Diego,073,3302833,741786,729549,51081,780630,4947
2022-02-20,San Francisco,075,870044,120992,121197,8106,129303,756
2022-02-20,San Joaquin,077,732212,164132,163083,9332,172415,2033
2022-02-20,San Luis Obispo,079,281455,51391,50823,3674,54497,424
2022-02-20,San Mateo,081,765935,119089,116648,6826,123474,598
2022-02-20,Santa Barbara,083,443738,84521,83988,4761,88749,642
2022-02-20,Santa Clara,085,1922200,305366,303077,12165,315242,2138
2022-02-20,Santa Cruz,087,273765,45977,45532,2090,47622,250
2022-02-20,Shasta,089,179085,30027,29847,6033,35880,479
2022-02-20,Sierra,091,2930,271,269,46,315,0
2022-02-20,Siskiyou,093,43540,4360,4307,2692,6999,70
2022-02-20,Solano,095,438530,79871,78914,5440,84354,424
2022-02-20,Sonoma,097,501317,81855,80843,2479,83322,431
2022-02-20,Stanislaus,099,539301,116006,115976,17089,133065,1454
2022-02-20,Sutter,101,95872,20215,20060,2021,22081,210
2022-02-20,Tehama,103,63373,11887,11760,2605,14365,152
2022-02-20,Trinity,105,12862,1163,1130,291,1421,20
2022-02-20,Tulare,107,460477,105360,101996,28208,130204,1286
2022-02-20,Tuolumne,109,53932,12420,12036,546,12582,175
2022-02-20,Ventura,111,848112,171124,170331,9167,179498,1384
2022-02-20,Yolo,113,214977,35988,35363,3083,38446,293
2022-02-20,Yuba,115,75493,15576,15449,1165,16614,112
2022-02-19,Alameda,001,1643700,250381,246028,13587,259615,1700
2022-02-19,Alpine,003,1148,122,124,1,125,0
2022-02-19,Amador,005,37829,8314,8203,640,8843,79
2022-02-19,Butte,007,227075,32424,32173,6501,38674,364
2022-02-19,Calaveras,009,45235,7148,7136,345,7481,107
2022-02-19,Colusa,011,21464,3407,3389,1059,4448,21
2022-02-19,Contra Costa,013,1133247,185128,182797,12909,195706,1190
2022-02-19,Del Norte,015,27424,5566,5511,176,5687,45
2022-02-19,El Dorado,017,186661,26326,26101,3159,29260,189
2022-02-19,Fresno,019,978130,227478,223594,23322,246916,2544
2022-02-19,Glenn,021,27897,4914,4881,1591,6472,39
2022-02-19,Humboldt,023,135768,16493,16393,2881,19274,132
2022-02-19,Imperial,025,180216,54669,53967,10753,64720,862
2022-02-19,Inyo,027,18085,4030,4018,460,4478,52
2022-02-19,Kern,029,883053,189541,187158,45659,232817,2095
2022-02-19,Kings,031,150075,50675,49724,3557,53281,421
2022-02-19,Lake,033,64148,10380,10184,873,11057,126
2022-02-19,Lassen,035,31185,8777,8640,875,9515,55
2022-02-19,Los Angeles,037,10098052,2677801,2642878,123214,2766092,29842
2022-02-19,Madera,039,155013,36769,36526,5976,42502,330
2022-02-19,Marin,041,260295,32648,32441,2171,34612,258
2022-02-19,Mariposa,043,17540,2324,2310,193,2503,6
2022-02-19,Mendocino,045,87422,12794,12625,2935,15560,110
2022-02-19,Merced,047,269075,61278,60886,8458,69344,769
2022-02-19,Modoc,049,8938,724,714,248,962,6
2022-02-19,Mono,051,14174,2952,2956,119,3075,5
2022-02-19,Monterey,053,433212,78091,76765,13221,89986,682
2022-02-19,Napa,055,140530,25117,24970,933,25903,127
2022-02-19,Nevada,057,99092,15706,15715,1162,16877,121
2022-02-19,Orange,059,3164182,540249,538019,40758,578777,6416
2022-02-19,Placer,061,380077,61801,61417,7301,68718,560
2022-02-19,Plumas,063,18699,2881,2646,343,2989,13
2022-02-19,Riverside,065,2383286,585511,581788,27687,609475,6087
2022-02-19,Sacramento,067,1510023,276694,270080,26949,297029,2747
2022-02-19,San Benito,069,59416,12732,12665,506,13171,92
2022-02-19,San Bernardino,071,2135413,561169,553151,24561,577712,6400
2022-02-19,San Diego,073,3302833,741428,729549,51039,780588,4947
2022-02-19,San Francisco,075,870044,120906,121197,8102,129299,756
2022-02-19,San Joaquin,077,732212,164056,163083,9321,172404,2033
2022-02-19,San Luis Obispo,079,281455,51379,50823,3670,54493,424
2022-02-19,San Mateo,081,765935,119049,116648,6824,123472,598
2022-02-19,Santa Barbara,083,443738,84452,83988,4760,88748,642
2022-02-19,Santa Clara,085,1922200,305168,303077,12163,315240,2138
2022-02-19,Santa Cruz,087,273765,45939,45532,2088,47620,250
2022-02-19,Shasta,089,179085,30013,29847,6030,35877,479
2022-02-19,Sierra,091,2930,271,269,46,315,0
2022-02-19,Siskiyou,093,43540,4358,4307,2692,6999,70
2022-02-19,Solano,095,438530,79829,78914,5439,84353,424
2022-02-19,Sonoma,097,501317,81810,80843,2479,83322,431
2022-02-19,Stanislaus,099,539301,115936,115976,17083,133059,1454
2022-02-19,Sutter,101,95872,20207,20060,2021,22081,210
2022-02-19,Tehama,103,63373,11880,11760,2605,14365,152
2022-02-19,Trinity,105,12862,1161,1130,291,1421,20
2022-02-19,Tulare,107,460477,105310,101996,28181,130177,1286
2022-02-19,Tuolumne,109,53932,12412,12036,546,12582,175
2022-02-19,Ventura,111,848112,171049,170331,9164,179495,1384
2022-02-19,Yolo,113,214977,35957,35363,3079,38442,293
2022-02-19,Yuba,115,75493,15567,15449,1165,16614,112
2022-02-18,Alameda,001,1643700,250216,246028,13579,259607,1700
2022-02-18,Alpine,003,1148,121,124,1,125,0
2022-02-18,Amador,005,37829,8306,8203,638,8841,79
2022-02-18,Butte,007,227075,32404,32173,6496,38669,364
2022-02-18,Calaveras,009,45235,7143,7136,344,7480,107
2022-02-18,Colusa,011,21464,3405,3389,1059,4448,21
2022-02-18,Contra Costa,013,1133247,185021,182797,12903,195700,1190
2022-02-18,Del Norte,015,27424,5555,5511,176,5687,45
2022-02-18,El Dorado,017,186661,26315,26101,3158,29259,189
2022-02-18,Fresno,019,978130,227290,223594,23312,246906,2544
2022-02-18,Glenn,021,27897,4913,4881,1590,6471,39
2022-02-18,Humboldt,023,135768,16476,16393,2876,19269,132
2022-02-18,Imperial,025,180216,54646,53967,10742,64709,862
2022-02-18,Inyo,027,18085,4029,4018,460,4478,52
2022-02-18,Kern,029,883053,189426,187158,45614,232772,2095
2022-02-18,Kings,031,150075,50587,49724,3557,53281,421
2022-02-18,Lake,033,64148,10363,10184,871,11055,126
2022-02-18,Lassen,035,31185,8757,8640,874,9514,55
2022-02-18,Los Angeles,037,10098052,2676829,2642878,123159,2766037,29842
2022-02-18,Madera,039,155013,36746,36526,5974,42500,330
2022-02-18,Marin,041,260295,32630,32441,2169,34610,258
2022-02-18,Mariposa,043,17540,2322,2310,193,2503,6
2022-02-18,Mendocino,045,87422,12783,12625,2935,15560,110
2022-02-18,Merced,047,269075,61234,60886,8448,69334,769
2022-02-18,Modoc,049,8938,724,714,248,962,6
2022-02-18,Mono,051,14174,2952,2956,119,3075,5
2022-02-18,Monterey,053,433212,78019,76765,13213,89978,682
2022-02-18,Napa,055,140530,25099,24970,933,25903,127
2022-02-18,Nevada,057,99092,15698,15715,1162,16877,121
2022-02-18,Orange,059,3164182,540014,538019,40719,578738,6416
2022-02-18,Placer,061,380077,61771,61417,7293,68710,560
2022-02-18,Plumas,063,18699,2878,2646,343,2989,13
2022-02-18,Riverside,065,2383286,585330,581788,27678,609466,6087
2022-02-18,Sacramento,067,1510023,276499,270080,26941,297021,2747
2022-02-18,San Benito,069,59416,12724,12665,506,13171,92
2022-02-18,San Bernardino,071,2135413,560989,553151,24556,577707,6400
2022-02-18,San Diego,073,3302833,740996,729549,51016,780565,4947
2022-02-18,San Francisco,075,870044,120818,121197,8094,129291,756
2022-02-18,San Joaquin,077,732212,163989,163083,9313,172396,2033
2022-02-18,San Luis Obispo,079,281455,51363,50823,3667,54490,424
2022-02-18,San Mateo,081,765935,118984,116648,6821,123469,598
2022-02-18,Santa Barbara,083,443738,84412,83988,4758,88746,642
2022-02-18,Santa Clara,085,1922200,304929,303077,12162,315239,2138
2022-02-18,Santa Cruz,087,273765,45905,45532,2087,47619,250
2022-02-18,Shasta,089,179085,30001,29847,6029,35876,479
2022-02-18,Sierra,091,2930,271,269,46,315,0
2022-02-18,Siskiyou,093,43540,4355,4307,2690,6997,70
2022-02-18,Solano,095,438530,79759,78914,5438,84352,424
2022-02-18,Sonoma,097,501317,81752,80843,2478,83321,431
2022-02-18,Stanislaus,099,539301,115886,115976,17069,133045,1454
2022-02-18,Sutter,101,95872,20196,20060,2021,22081,210
2022-02-18,Tehama,103,63373,11869,11760,2605,14365,152
2022-02-18,Trinity,105,12862,1160,1130,290,1420,20
2022-02-18,Tulare,107,460477,105268,101996,28137,130133,1286
2022-02-18,Tuolumne,109,53932,12406,12036,545,12581,175
2022-02-18,Ventura,111,848112,170959,170331,9160,179491,1384
2022-02-18,Yolo,113,214977,35929,35363,3077,38440,293
2022-02-18,Yuba,115,75493,15554,15449,1165,16614,112
2022-02-17,Alameda,001,1643700,249953,246028,13557,259585,1700
2022-02-17,Alpine,003,1148,121,124,1,125,0
2022-02-17,Amador,005,37829,8302,8203,636,8839,79
2022-02-17,Butte,007,227075,32366,32173,6491,38664,364
2022-02-17,Calaveras,009,45235,7134,7136,341,7477,107
2022-02-17,Colusa,011,21464,3402,3389,1059,4448,21
2022-02-17,Contra Costa,013,1133247,184826,182797,12869,195666,1190
2022-02-17,Del Norte,015,27424,5534,5511,176,5687,45
2022-02-17,El Dorado,017,186661,26290,26101,3148,29249,189
2022-02-17,Fresno,019,978130,227000,223594,23282,246876,2544
2022-02-17,Glenn,021,27897,4911,4881,1587,6468,39
2022-02-17,Humboldt,023,135768,16435,16393,2875,19268,132
2022-02-17,Imperial,025,180216,54578,53967,10725,64692,862
2022-02-17,Inyo,027,18085,4028,4018,459,4477,52
2022-02-17,Kern,029,883053,189272,187158,45563,232721,2095
2022-02-17,Kings,031,150075,50522,49724,3551,53275,421
2022-02-17,Lake,033,64148,10333,10184,867,11051,126
2022-02-17,Lassen,035,31185,8747,8640,872,9512,55
2022-02-17,Los Angeles,037,10098052,2674995,2642878,123079,2765957,29842
2022-02-17,Madera,039,155013,36703,36526,5968,42494,330
2022-02-17,Marin,041,260295,32604,32441,2167,34608,258
2022-02-17,Mariposa,043,17540,2319,2310,192,2502,6
2022-02-17,Mendocino,045,87422,12766,12625,2932,15557,110
2022-02-17,Merced,047,269075,61158,60886,8430,69316,769
2022-02-17,Modoc,049,8938,723,714,248,962,6
2022-02-17,Mono,051,14174,2950,2956,119,3075,5
2022-02-17,Monterey,053,433212,77907,76765,13171,89936,682
2022-02-17,Napa,055,140530,25068,24970,931,25901,127
2022-02-17,Nevada,057,99092,15686,15715,1161,16876,121
2022-02-17,Orange,059,3164182,539678,538019,40691,578710,6416
2022-02-17,Placer,061,380077,61730,61417,7285,68702,560
2022-02-17,Plumas,063,18699,2875,2646,343,2989,13
2022-02-17,Riverside,065,2383286,584944,581788,27651,609439,6087
2022-02-17,Sacramento,067,1510023,276209,270080,26893,296973,2747
2022-02-17,San Benito,069,59416,12713,12665,506,13171,92
2022-02-17,San Bernardino,071,2135413,560689,553151,24545,577696,6400
2022-02-17,San Diego,073,3302833,740378,729549,50971,780520,4947
2022-02-17,San Francisco,075,870044,120683,121197,8083,129280,756
2022-02-17,San Joaquin,077,732212,163827,163083,9299,172382,2033
2022-02-17,San Luis Obispo,079,281455,51258,50823,3659,54482,424
2022-02-17,San Mateo,081,765935,118890,116648,6812,123460,598
2022-02-17,Santa Barbara,083,443738,84310,83988,4750,88738,642
2022-02-17,Santa Clara,085,1922200,304566,303077,12147,315224,2138
2022-02-17,Santa Cruz,087,273765,45824,45532,2085,47617,250
2022-02-17,Shasta,089,179085,29973,29847,6026,35873,479
2022-02-17,Sierra,091,2930,271,269,46,315,0
2022-02-17,Siskiyou,093,43540,4346,4307,2686,6993,70
2022-02-17,Solano,095,438530,79678,78914,5431,84345,424
2022-02-17,Sonoma,097,501317,81685,80843,2471,83314,431
2022-02-17,Stanislaus,099,539301,115782,115976,17052,133028,1454
2022-02-17,Sutter,101,95872,20181,20060,2013,22073,210
2022-02-17,Tehama,103,63373,11860,11760,2604,14364,152
2022-02-17,Trinity,105,12862,1158,1130,288,1418,20
2022-02-17,Tulare,107,460477,105153,101996,28109,130105,1286
2022-02-17,Tuolumne,109,53932,12395,12036,545,12581,175
2022-02-17,Ventura,111,848112,170819,170331,9159,179490,1384
2022-02-17,Yolo,113,214977,35891,35363,3076,38439,293
2022-02-17,Yuba,115,75493,15539,15449,1165,16614,112
2022-02-16,Alameda,001,1643700,249637,245662,13518,259180,1691
2022-02-16,Alpine,003,1148,121,124,1,125,0
2022-02-16,Amador,005,37829,8284,8197,634,8831,77
2022-02-16,Butte,007,227075,32324,32095,6479,38574,363
2022-02-16,Calaveras,009,45235,7128,7129,338,7467,107
2022-02-16,Colusa,011,21464,3397,3384,1059,4443,21
2022-02-16,Contra Costa,013,1133247,184587,182423,12832,195255,1179
2022-02-16,Del Norte,015,27424,5512,5473,172,5645,45
2022-02-16,El Dorado,017,186661,26262,26061,3144,29205,189
2022-02-16,Fresno,019,978130,226639,223056,23233,246289,2542
2022-02-16,Glenn,021,27897,4907,4873,1582,6455,39
2022-02-16,Humboldt,023,135768,16410,16342,2864,19206,132
2022-02-16,Imperial,025,180216,54507,53901,10695,64596,861
2022-02-16,Inyo,027,18085,4024,4013,456,4469,52
2022-02-16,Kern,029,883053,189054,186740,45472,232212,2084
2022-02-16,Kings,031,150075,50469,49575,3542,53117,420
2022-02-16,Lake,033,64148,10307,10145,867,11012,125
2022-02-16,Lassen,035,31185,8714,8618,872,9490,55
2022-02-16,Los Angeles,037,10098052,2672895,2640005,122966,2762971,29749
2022-02-16,Madera,039,155013,36635,36382,5953,42335,330
2022-02-16,Marin,041,260295,32568,32381,2164,34545,257
2022-02-16,Mariposa,043,17540,2317,2305,192,2497,6
2022-02-16,Mendocino,045,87422,12744,12605,2922,15527,108
2022-02-16,Merced,047,269075,61092,60776,8397,69173,767
2022-02-16,Modoc,049,8938,723,711,244,955,6
2022-02-16,Mono,051,14174,2948,2953,119,3072,5
2022-02-16,Monterey,053,433212,77759,76624,13130,89754,682
2022-02-16,Napa,055,140530,25029,24897,928,25825,128
2022-02-16,Nevada,057,99092,15670,15677,1157,16834,121
2022-02-16,Orange,059,3164182,539276,537934,40646,578580,6392
2022-02-16,Placer,061,380077,61687,61278,7272,68550,556
2022-02-16,Plumas,063,18699,2872,2644,341,2985,13
2022-02-16,Riverside,065,2383286,584551,580828,27604,608432,6064
2022-02-16,Sacramento,067,1510023,275884,269416,26837,296253,2736
2022-02-16,San Benito,069,59416,12687,12644,506,13150,92
2022-02-16,San Bernardino,071,2135413,560416,552353,24520,576873,6379
2022-02-16,San Diego,073,3302833,739593,728610,50896,779506,4931
2022-02-16,San Francisco,075,870044,120511,120987,8078,129065,756
2022-02-16,San Joaquin,077,732212,163658,162752,9289,172041,2032
2022-02-16,San Luis Obispo,079,281455,51188,50704,3646,54350,425
2022-02-16,San Mateo,081,765935,118772,116438,6794,123232,595
2022-02-16,Santa Barbara,083,443738,84235,83968,4737,88705,642
2022-02-16,Santa Clara,085,1922200,304183,302439,12111,314550,2130
2022-02-16,Santa Cruz,087,273765,45734,45274,2083,47357,250
2022-02-16,Shasta,089,179085,29934,29767,6014,35781,477
2022-02-16,Sierra,091,2930,270,269,46,315,0
2022-02-16,Siskiyou,093,43540,4339,4302,2680,6982,71
2022-02-16,Solano,095,438530,79563,78742,5424,84166,422
2022-02-16,Sonoma,097,501317,81564,80642,2461,83103,431
2022-02-16,Stanislaus,099,539301,115663,115751,17021,132772,1443
2022-02-16,Sutter,101,95872,20164,20020,2010,22030,210
2022-02-16,Tehama,103,63373,11842,11738,2602,14340,152
2022-02-16,Trinity,105,12862,1158,1130,287,1417,20
2022-02-16,Tulare,107,460477,105029,101817,28055,129872,1281
2022-02-16,Tuolumne,109,53932,12383,11991,544,12535,171
2022-02-16,Ventura,111,848112,170684,170117,9151,179268,1372
2022-02-16,Yolo,113,214977,35840,35284,3073,38357,292
2022-02-16,Yuba,115,75493,15517,15405,1162,16567,110
2022-02-15,Alameda,001,1643700,249288,245265,13489,258754,1683
2022-02-15,Alpine,003,1148,121,124,1,125,0
2022-02-15,Amador,005,37829,8273,8183,633,8816,77
2022-02-15,Butte,007,227075,32273,32011,6465,38476,361
2022-02-15,Calaveras,009,45235,7119,7115,338,7453,106
2022-02-15,Colusa,011,21464,3389,3374,1058,4432,21
2022-02-15,Contra Costa,013,1133247,184327,182041,12800,194841,1179
2022-02-15,Del Norte,015,27424,5486,5439,170,5609,45
2022-02-15,El Dorado,017,186661,26243,25988,3139,29127,189
2022-02-15,Fresno,019,978130,226255,222673,23168,245841,2543
2022-02-15,Glenn,021,27897,4898,4862,1581,6443,39
2022-02-15,Humboldt,023,135768,16367,16297,2849,19146,132
2022-02-15,Imperial,025,180216,54443,53813,10680,64493,860
2022-02-15,Inyo,027,18085,4023,4009,455,4464,52
2022-02-15,Kern,029,883053,188835,186324,45381,231705,2072
2022-02-15,Kings,031,150075,50375,49473,3533,53006,418
2022-02-15,Lake,033,64148,10274,10112,861,10973,123
2022-02-15,Lassen,035,31185,8699,8587,870,9457,55
2022-02-15,Los Angeles,037,10098052,2670644,2638266,122831,2761097,29691
2022-02-15,Madera,039,155013,36570,36260,5930,42190,330
2022-02-15,Marin,041,260295,32526,32355,2162,34517,255
2022-02-15,Mariposa,043,17540,2316,2302,192,2494,6
2022-02-15,Mendocino,045,87422,12727,12580,2903,15483,108
2022-02-15,Merced,047,269075,61008,60674,8366,69040,763
2022-02-15,Modoc,049,8938,721,710,241,951,6
2022-02-15,Mono,051,14174,2947,2952,119,3071,5
2022-02-15,Monterey,053,433212,77633,75530,13070,88600,682
2022-02-15,Napa,055,140530,24978,24832,921,25753,127
2022-02-15,Nevada,057,99092,15643,15643,1156,16799,121
2022-02-15,Orange,059,3164182,538816,537478,40601,578079,6374
2022-02-15,Placer,061,380077,61626,61170,7261,68431,554
2022-02-15,Plumas,063,18699,2868,2638,341,2979,13
2022-02-15,Riverside,065,2383286,584059,579940,27544,607484,6049
2022-02-15,Sacramento,067,1510023,275498,268950,26752,295702,2721
2022-02-15,San Benito,069,59416,12668,12616,506,13122,91
2022-02-15,San Bernardino,071,2135413,560048,551803,24497,576300,6372
2022-02-15,San Diego,073,3302833,738604,727486,50805,778291,4914
2022-02-15,San Francisco,075,870044,120339,120759,8066,128825,756
2022-02-15,San Joaquin,077,732212,163441,162518,9275,171793,2021
2022-02-15,San Luis Obispo,079,281455,51087,50534,3631,54165,419
2022-02-15,San Mateo,081,765935,118636,116253,6772,123025,595
2022-02-15,Santa Barbara,083,443738,84097,83734,4723,88457,640
2022-02-15,Santa Clara,085,1922200,303684,301831,12072,313903,2130
2022-02-15,Santa Cruz,087,273765,45630,45171,2078,47249,250
2022-02-15,Shasta,089,179085,29885,29684,6000,35684,477
2022-02-15,Sierra,091,2930,270,269,46,315,0
2022-02-15,Siskiyou,093,43540,4332,4288,2672,6960,70
2022-02-15,Solano,095,438530,79430,78626,5417,84043,426
2022-02-15,Sonoma,097,501317,81444,80433,2455,82888,431
2022-02-15,Stanislaus,099,539301,115523,115549,16987,132536,1429
2022-02-15,Sutter,101,95872,20137,19980,2005,21985,208
2022-02-15,Tehama,103,63373,11825,11717,2600,14317,151
2022-02-15,Trinity,105,12862,1152,1125,284,1409,20
2022-02-15,Tulare,107,460477,104874,101645,27997,129642,1278
2022-02-15,Tuolumne,109,53932,12363,11945,542,12487,171
2022-02-15,Ventura,111,848112,170512,169942,9142,179084,1372
2022-02-15,Yolo,113,214977,35789,35241,3063,38304,289
2022-02-15,Yuba,115,75493,15488,15372,1157,16529,109
2022-02-14,Alameda,001,1643700,248850,244315,13456,257771,1677
2022-02-14,Alpine,003,1148,121,125,1,126,0
2022-02-14,Amador,005,37829,8258,8164,630,8794,77
2022-02-14,Butte,007,227075,32214,31946,6451,38397,360
2022-02-14,Calaveras,009,45235,7107,7097,336,7433,106
2022-02-14,Colusa,011,21464,3386,3367,1054,4421,21
2022-02-14,Contra Costa,013,1133247,184036,181753,12759,194512,1167
2022-02-14,Del Norte,015,27424,5464,5426,169,5595,45
2022-02-14,El Dorado,017,186661,26209,25915,3131,29046,188
2022-02-14,Fresno,019,978130,225768,222360,23079,245439,2538
2022-02-14,Glenn,021,27897,4892,4854,1581,6435,39
2022-02-14,Humboldt,023,135768,16326,16264,2824,19088,132
2022-02-14,Imperial,025,180216,54373,53765,10649,64414,860
2022-02-14,Inyo,027,18085,4022,4010,454,4464,52
2022-02-14,Kern,029,883053,188488,186037,45272,231309,2063
2022-02-14,Kings,031,150075,50271,49395,3524,52919,419
2022-02-14,Lake,033,64148,10239,10090,858,10948,123
2022-02-14,Lassen,035,31185,8688,8539,868,9407,55
2022-02-14,Los Angeles,037,10098052,2668064,2636064,122701,2758765,29650
2022-02-14,Madera,039,155013,36504,36194,5907,42101,330
2022-02-14,Marin,041,260295,32490,32304,2159,34463,255
2022-02-14,Mariposa,043,17540,2310,2295,192,2487,6
2022-02-14,Mendocino,045,87422,12700,12541,2871,15412,108
2022-02-14,Merced,047,269075,60918,60591,8320,68911,758
2022-02-14,Modoc,049,8938,716,707,241,948,6
2022-02-14,Mono,051,14174,2946,2954,119,3073,5
2022-02-14,Monterey,053,433212,77458,75407,12986,88393,678
2022-02-14,Napa,055,140530,24919,24776,921,25697,127
2022-02-14,Nevada,057,99092,15624,15629,1155,16784,121
2022-02-14,Orange,059,3164182,538312,536924,40535,577459,6355
2022-02-14,Placer,061,380077,61556,61123,7246,68369,554
2022-02-14,Plumas,063,18699,2865,2631,341,2972,13
2022-02-14,Riverside,065,2383286,583507,579174,27474,606648,5994
2022-02-14,Sacramento,067,1510023,275050,268547,26638,295185,2717
2022-02-14,San Benito,069,59416,12644,12598,505,13103,91
2022-02-14,San Bernardino,071,2135413,559622,551338,24477,575815,6372
2022-02-14,San Diego,073,3302833,737615,723902,50715,774617,4894
2022-02-14,San Francisco,075,870044,120149,120581,8056,128637,756
2022-02-14,San Joaquin,077,732212,163201,162363,9252,171615,2018
2022-02-14,San Luis Obispo,079,281455,50975,50465,3621,54086,416
2022-02-14,San Mateo,081,765935,118468,116129,6763,122892,592
2022-02-14,Santa Barbara,083,443738,83951,83697,4713,88410,636
2022-02-14,Santa Clara,085,1922200,303140,301319,12048,313367,2127
2022-02-14,Santa Cruz,087,273765,45466,45042,2074,47116,250
2022-02-14,Shasta,089,179085,29800,29595,5982,35577,474
2022-02-14,Sierra,091,2930,270,269,46,315,0
2022-02-14,Siskiyou,093,43540,4319,4278,2658,6936,69
2022-02-14,Solano,095,438530,79253,78533,5405,83938,427
2022-02-14,Sonoma,097,501317,81298,80336,2444,82780,431
2022-02-14,Stanislaus,099,539301,115345,115426,16943,132369,1406
2022-02-14,Sutter,101,95872,20108,19957,1999,21956,209
2022-02-14,Tehama,103,63373,11802,11686,2599,14285,151
2022-02-14,Trinity,105,12862,1149,1123,284,1407,20
2022-02-14,Tulare,107,460477,104667,101448,27895,129343,1276
2022-02-14,Tuolumne,109,53932,12332,11920,539,12459,170
2022-02-14,Ventura,111,848112,170335,169725,9130,178855,1361
2022-02-14,Yolo,113,214977,35731,35112,3053,38165,286
2022-02-14,Yuba,115,75493,15458,15375,1153,16528,108
2022-02-13,Alameda,001,1643700,248347,243681,13423,257104,1677
2022-02-13,Alpine,003,1148,121,125,1,126,0
2022-02-13,Amador,005,37829,8229,8146,627,8773,77
2022-02-13,Butte,007,227075,32138,31865,6428,38293,360
2022-02-13,Calaveras,009,45235,7099,7083,333,7416,106
2022-02-13,Colusa,011,21464,3382,3366,1052,4418,21
2022-02-13,Contra Costa,013,1133247,183663,181313,12694,194007,1159
2022-02-13,Del Norte,015,27424,5432,5379,169,5548,45
2022-02-13,El Dorado,017,186661,26173,25871,3122,28993,188
2022-02-13,Fresno,019,978130,225224,221686,23021,244707,2537
2022-02-13,Glenn,021,27897,4882,4847,1578,6425,39
2022-02-13,Humboldt,023,135768,16280,16210,2796,19006,132
2022-02-13,Imperial,025,180216,54286,53658,10611,64269,860
2022-02-13,Inyo,027,18085,4019,4006,452,4458,52
2022-02-13,Kern,029,883053,188242,185640,45185,230825,2063
2022-02-13,Kings,031,150075,50144,49243,3510,52753,416
2022-02-13,Lake,033,64148,10177,10042,850,10892,123
2022-02-13,Lassen,035,31185,8657,8503,866,9369,55
2022-02-13,Los Angeles,037,10098052,2664896,2631267,122559,2753826,29595
2022-02-13,Madera,039,155013,36386,36054,5878,41932,330
2022-02-13,Marin,041,260295,32419,32222,2152,34374,255
2022-02-13,Mariposa,043,17540,2304,2292,190,2482,6
2022-02-13,Mendocino,045,87422,12669,12521,2830,15351,108
2022-02-13,Merced,047,269075,60774,60460,8266,68726,758
2022-02-13,Modoc,049,8938,714,704,234,938,6
2022-02-13,Mono,051,14174,2944,2949,119,3068,5
2022-02-13,Monterey,053,433212,77250,75295,12911,88206,678
2022-02-13,Napa,055,140530,24841,24743,918,25661,127
2022-02-13,Nevada,057,99092,15589,15590,1148,16738,121
2022-02-13,Orange,059,3164182,537681,536134,40473,576607,6355
2022-02-13,Placer,061,380077,61479,61020,7222,68242,554
2022-02-13,Plumas,063,18699,2856,2626,338,2964,13
2022-02-13,Riverside,065,2383286,582912,578363,27429,605792,5995
2022-02-13,Sacramento,067,1510023,274542,267947,26504,294451,2699
2022-02-13,San Benito,069,59416,12610,12578,504,13082,91
2022-02-13,San Bernardino,071,2135413,559114,550632,24444,575076,6367
2022-02-13,San Diego,073,3302833,736442,723902,50607,774509,4894
2022-02-13,San Francisco,075,870044,119894,120295,8044,128339,756
2022-02-13,San Joaquin,077,732212,162889,162028,9223,171251,2018
2022-02-13,San Luis Obispo,079,281455,50830,50384,3613,53997,415
2022-02-13,San Mateo,081,765935,118244,115876,6738,122614,592
2022-02-13,Santa Barbara,083,443738,83786,83547,4705,88252,635
2022-02-13,Santa Clara,085,1922200,302485,300412,12010,312422,2114
2022-02-13,Santa Cruz,087,273765,45310,44887,2072,46959,240
2022-02-13,Shasta,089,179085,29718,29531,5957,35488,474
2022-02-13,Sierra,091,2930,270,269,46,315,0
2022-02-13,Siskiyou,093,43540,4312,4264,2642,6906,69
2022-02-13,Solano,095,438530,79098,78424,5381,83805,426
2022-02-13,Sonoma,097,501317,81129,80172,2432,82604,431
2022-02-13,Stanislaus,099,539301,115143,115156,16902,132058,1406
2022-02-13,Sutter,101,95872,20067,19900,1999,21899,209
2022-02-13,Tehama,103,63373,11773,11644,2594,14238,151
2022-02-13,Trinity,105,12862,1146,1120,281,1401,20
2022-02-13,Tulare,107,460477,104444,101135,27800,128935,1276
2022-02-13,Tuolumne,109,53932,12307,11891,534,12425,170
2022-02-13,Ventura,111,848112,170140,169422,9110,178532,1361
2022-02-13,Yolo,113,214977,35664,35057,3041,38098,286
2022-02-13,Yuba,115,75493,15424,15346,1151,16497,107
2022-02-12,Alameda,001,1643700,248128,242137,13409,255546,1668
2022-02-12,Alpine,003,1148,121,124,1,125,0
2022-02-12,Amador,005,37829,8223,8091,627,8718,76
2022-02-12,Butte,007,227075,32112,31601,6423,38024,360
2022-02-12,Calaveras,009,45235,7096,7022,332,7354,106
2022-02-12,Colusa,011,21464,3378,3345,1052,4397,21
2022-02-12,Contra Costa,013,1133247,183472,180270,12687,192957,1141
2022-02-12,Del Norte,015,27424,5412,5262,169,5431,45
2022-02-12,El Dorado,017,186661,26157,25692,3122,28814,188
2022-02-12,Fresno,019,978130,225011,219909,23008,242917,2509
2022-02-12,Glenn,021,27897,4881,4818,1577,6395,39
2022-02-12,Humboldt,023,135768,16257,16058,2792,18850,132
2022-02-12,Imperial,025,180216,54243,53304,10600,63904,860
2022-02-12,Inyo,027,18085,4017,3991,452,4443,52
2022-02-12,Kern,029,883053,188135,184639,45148,229787,2037
2022-02-12,Kings,031,150075,50104,48893,3503,52396,415
2022-02-12,Lake,033,64148,10156,9926,845,10771,123
2022-02-12,Lassen,035,31185,8634,8477,865,9342,55
2022-02-12,Los Angeles,037,10098052,2663761,2616426,122482,2738908,29364
2022-02-12,Madera,039,155013,36353,35710,5870,41580,330
2022-02-12,Marin,041,260295,32386,32048,2149,34197,255
2022-02-12,Mariposa,043,17540,2304,2286,190,2476,6
2022-02-12,Mendocino,045,87422,12653,12439,2830,15269,107
2022-02-12,Merced,047,269075,60722,60187,8261,68448,758
2022-02-12,Modoc,049,8938,714,697,234,931,6
2022-02-12,Mono,051,14174,2944,2939,119,3058,5
2022-02-12,Monterey,053,433212,77190,74842,12886,87728,672
2022-02-12,Napa,055,140530,24813,24530,918,25448,124
2022-02-12,Nevada,057,99092,15577,15499,1146,16645,119
2022-02-12,Orange,059,3164182,537392,534503,40437,574940,6305
2022-02-12,Placer,061,380077,61420,60636,7219,67855,554
2022-02-12,Plumas,063,18699,2855,2617,337,2954,13
2022-02-12,Riverside,065,2383286,582556,575566,27405,602971,5961
2022-02-12,Sacramento,067,1510023,274305,266347,26495,292842,2686
2022-02-12,San Benito,069,59416,12598,12526,504,13030,91
2022-02-12,San Bernardino,071,2135413,558880,548822,24431,573253,6360
2022-02-12,San Diego,073,3302833,735918,720287,50561,770848,4854
2022-02-12,San Francisco,075,870044,119773,119113,8033,127146,740
2022-02-12,San Joaquin,077,732212,162760,161234,9216,170450,2014
2022-02-12,San Luis Obispo,079,281455,50794,50064,3609,53673,416
2022-02-12,San Mateo,081,765935,118153,115235,6730,121965,589
2022-02-12,Santa Barbara,083,443738,83698,83390,4695,88085,631
2022-02-12,Santa Clara,085,1922200,302137,298176,12002,310178,2093
2022-02-12,Santa Cruz,087,273765,45274,44447,2070,46517,239
2022-02-12,Shasta,089,179085,29690,29370,5953,35323,473
2022-02-12,Sierra,091,2930,270,268,46,314,0
2022-02-12,Siskiyou,093,43540,4305,4231,2639,6870,68
2022-02-12,Solano,095,438530,79056,77865,5378,83243,424
2022-02-12,Sonoma,097,501317,81024,79533,2430,81963,431
2022-02-12,Stanislaus,099,539301,115019,114531,16890,131421,1406
2022-02-12,Sutter,101,95872,20052,19800,1999,21799,211
2022-02-12,Tehama,103,63373,11759,11580,2594,14174,151
2022-02-12,Trinity,105,12862,1145,1115,281,1396,20
2022-02-12,Tulare,107,460477,104347,100434,27760,128194,1273
2022-02-12,Tuolumne,109,53932,12289,11754,534,12288,125
2022-02-12,Ventura,111,848112,170032,168736,9105,177841,1340
2022-02-12,Yolo,113,214977,35623,34773,3038,37811,286
2022-02-12,Yuba,115,75493,15408,15242,1150,16392,107
2022-02-11,Alameda,001,1643700,247848,242137,13395,255532,1668
2022-02-11,Alpine,003,1148,121,124,1,125,0
2022-02-11,Amador,005,37829,8210,8091,627,8718,76
2022-02-11,Butte,007,227075,32068,31601,6412,38013,360
2022-02-11,Calaveras,009,45235,7093,7022,332,7354,106
2022-02-11,Colusa,011,21464,3376,3345,1051,4396,21
2022-02-11,Contra Costa,013,1133247,183268,180270,12667,192937,1141
2022-02-11,Del Norte,015,27424,5397,5262,168,5430,45
2022-02-11,El Dorado,017,186661,26136,25692,3121,28813,188
2022-02-11,Fresno,019,978130,224715,219909,22993,242902,2509
2022-02-11,Glenn,021,27897,4877,4818,1577,6395,39
2022-02-11,Humboldt,023,135768,16227,16058,2787,18845,132
2022-02-11,Imperial,025,180216,54213,53304,10589,63893,860
2022-02-11,Inyo,027,18085,4014,3991,447,4438,52
2022-02-11,Kern,029,883053,187973,184639,45094,229733,2037
2022-02-11,Kings,031,150075,50065,48893,3502,52395,415
2022-02-11,Lake,033,64148,10130,9926,843,10769,123
2022-02-11,Lassen,035,31185,8594,8477,865,9342,55
2022-02-11,Los Angeles,037,10098052,2662128,2616426,122392,2738818,29364
2022-02-11,Madera,039,155013,36310,35710,5865,41575,330
2022-02-11,Marin,041,260295,32353,32048,2146,34194,255
2022-02-11,Mariposa,043,17540,2299,2286,190,2476,6
2022-02-11,Mendocino,045,87422,12637,12439,2830,15269,107
2022-02-11,Merced,047,269075,60672,60187,8254,68441,758
2022-02-11,Modoc,049,8938,712,697,234,931,6
2022-02-11,Mono,051,14174,2943,2939,119,3058,5
2022-02-11,Monterey,053,433212,77071,74842,12872,87714,672
2022-02-11,Napa,055,140530,24785,24530,918,25448,124
2022-02-11,Nevada,057,99092,15562,15499,1143,16642,119
2022-02-11,Orange,059,3164182,537041,534503,40372,574875,6305
2022-02-11,Placer,061,380077,61368,60636,7217,67853,554
2022-02-11,Plumas,063,18699,2851,2617,335,2952,13
2022-02-11,Riverside,065,2383286,582134,575566,27388,602954,5961
2022-02-11,Sacramento,067,1510023,274041,266347,26482,292829,2686
2022-02-11,San Benito,069,59416,12593,12526,504,13030,91
2022-02-11,San Bernardino,071,2135413,558562,548822,24416,573238,6360
2022-02-11,San Diego,073,3302833,735198,720287,50505,770792,4854
2022-02-11,San Francisco,075,870044,119653,119113,8016,127129,740
2022-02-11,San Joaquin,077,732212,162591,161234,9205,170439,2014
2022-02-11,San Luis Obispo,079,281455,50757,50064,3605,53669,416
2022-02-11,San Mateo,081,765935,118036,115235,6721,121956,589
2022-02-11,Santa Barbara,083,443738,83614,83390,4694,88084,631
2022-02-11,Santa Clara,085,1922200,301708,298176,11983,310159,2093
2022-02-11,Santa Cruz,087,273765,45182,44447,2070,46517,239
2022-02-11,Shasta,089,179085,29659,29370,5945,35315,473
2022-02-11,Sierra,091,2930,269,268,45,313,0
2022-02-11,Siskiyou,093,43540,4294,4231,2633,6864,68
2022-02-11,Solano,095,438530,78932,77865,5373,83238,424
2022-02-11,Sonoma,097,501317,80934,79533,2425,81958,431
2022-02-11,Stanislaus,099,539301,114918,114531,16877,131408,1406
2022-02-11,Sutter,101,95872,20029,19800,1997,21797,211
2022-02-11,Tehama,103,63373,11746,11580,2593,14173,151
2022-02-11,Trinity,105,12862,1144,1115,280,1395,20
2022-02-11,Tulare,107,460477,104230,100434,27706,128140,1273
2022-02-11,Tuolumne,109,53932,12274,11754,532,12286,125
2022-02-11,Ventura,111,848112,169892,168736,9100,177836,1340
2022-02-11,Yolo,113,214977,35590,34773,3036,37809,286
2022-02-11,Yuba,115,75493,15392,15242,1149,16391,107
2022-02-10,Alameda,001,1643700,247312,242137,13349,255486,1668
2022-02-10,Alpine,003,1148,121,124,1,125,0
2022-02-10,Amador,005,37829,8199,8091,620,8711,76
2022-02-10,Butte,007,227075,32015,31601,6400,38001,360
2022-02-10,Calaveras,009,45235,7081,7022,330,7352,106
2022-02-10,Colusa,011,21464,3370,3345,1049,4394,21
2022-02-10,Contra Costa,013,1133247,182896,180270,12602,192872,1141
2022-02-10,Del Norte,015,27424,5367,5262,166,5428,45
2022-02-10,El Dorado,017,186661,26091,25692,3114,28806,188
2022-02-10,Fresno,019,978130,224123,219909,22906,242815,2509
2022-02-10,Glenn,021,27897,4872,4818,1575,6393,39
2022-02-10,Humboldt,023,135768,16177,16058,2765,18823,132
2022-02-10,Imperial,025,180216,54144,53304,10547,63851,860
2022-02-10,Inyo,027,18085,4010,3991,447,4438,52
2022-02-10,Kern,029,883053,187665,184639,44982,229621,2037
2022-02-10,Kings,031,150075,49953,48893,3491,52384,415
2022-02-10,Lake,033,64148,10099,9926,841,10767,123
2022-02-10,Lassen,035,31185,8580,8477,863,9340,55
2022-02-10,Los Angeles,037,10098052,2658974,2616426,122204,2738630,29364
2022-02-10,Madera,039,155013,36213,35710,5832,41542,330
2022-02-10,Marin,041,260295,32295,32048,2134,34182,255
2022-02-10,Mariposa,043,17540,2295,2286,189,2475,6
2022-02-10,Mendocino,045,87422,12617,12439,2805,15244,107
2022-02-10,Merced,047,269075,60544,60187,8199,68386,758
2022-02-10,Modoc,049,8938,711,697,233,930,6
2022-02-10,Mono,051,14174,2941,2939,118,3057,5
2022-02-10,Monterey,053,433212,76888,74842,12785,87627,672
2022-02-10,Napa,055,140530,24718,24530,916,25446,124
2022-02-10,Nevada,057,99092,15537,15499,1142,16641,119
2022-02-10,Orange,059,3164182,536390,534503,40303,574806,6305
2022-02-10,Placer,061,380077,61287,60636,7208,67844,554
2022-02-10,Plumas,063,18699,2848,2617,328,2945,13
2022-02-10,Riverside,065,2383286,581400,575566,27330,602896,5961
2022-02-10,Sacramento,067,1510023,273559,266347,26390,292737,2686
2022-02-10,San Benito,069,59416,12572,12526,502,13028,91
2022-02-10,San Bernardino,071,2135413,558013,548822,24384,573206,6360
2022-02-10,San Diego,073,3302833,734047,720287,50384,770671,4854
2022-02-10,San Francisco,075,870044,119439,119113,7998,127111,740
2022-02-10,San Joaquin,077,732212,162275,161234,9198,170432,2014
2022-02-10,San Luis Obispo,079,281455,50658,50064,3594,53658,416
2022-02-10,San Mateo,081,765935,117810,115235,6704,121939,589
2022-02-10,Santa Barbara,083,443738,83430,83390,4687,88077,631
2022-02-10,Santa Clara,085,1922200,301019,298176,11925,310101,2093
2022-02-10,Santa Cruz,087,273765,45037,44447,2069,46516,239
2022-02-10,Shasta,089,179085,29597,29370,5925,35295,473
2022-02-10,Sierra,091,2930,269,268,45,313,0
2022-02-10,Siskiyou,093,43540,4289,4231,2620,6851,68
2022-02-10,Solano,095,438530,78741,77865,5356,83221,424
2022-02-10,Sonoma,097,501317,80799,79533,2409,81942,431
2022-02-10,Stanislaus,099,539301,114740,114531,16833,131364,1406
2022-02-10,Sutter,101,95872,19990,19800,1982,21782,211
2022-02-10,Tehama,103,63373,11713,11580,2590,14170,151
2022-02-10,Trinity,105,12862,1141,1115,279,1394,20
2022-02-10,Tulare,107,460477,104025,100434,27624,128058,1273
2022-02-10,Tuolumne,109,53932,12252,11754,527,12281,125
2022-02-10,Ventura,111,848112,169612,168736,9086,177822,1340
2022-02-10,Yolo,113,214977,35511,34773,3030,37803,286
2022-02-10,Yuba,115,75493,15362,15242,1143,16385,107
2022-02-09,Alameda,001,1643700,246782,241141,13290,254431,1668
2022-02-09,Alpine,003,1148,120,124,1,125,0
2022-02-09,Amador,005,37829,8185,8069,615,8684,76
2022-02-09,Butte,007,227075,31923,31433,6384,37817,359
2022-02-09,Calaveras,009,45235,7063,7005,326,7331,106
2022-02-09,Colusa,011,21464,3367,3331,1048,4379,21
2022-02-09,Contra Costa,013,1133247,182539,179695,12555,192250,1132
2022-02-09,Del Norte,015,27424,5320,5204,165,5369,45
2022-02-09,El Dorado,017,186661,26055,25572,3103,28675,186
2022-02-09,Fresno,019,978130,223511,218989,22824,241813,2502
2022-02-09,Glenn,021,27897,4861,4804,1574,6378,39
2022-02-09,Humboldt,023,135768,16130,15929,2740,18669,131
2022-02-09,Imperial,025,180216,54042,53102,10475,63577,858
2022-02-09,Inyo,027,18085,4004,3989,446,4435,52
2022-02-09,Kern,029,883053,187288,184068,44867,228935,2021
2022-02-09,Kings,031,150075,49841,48718,3485,52203,410
2022-02-09,Lake,033,64148,10059,9880,836,10716,124
2022-02-09,Lassen,035,31185,8552,8459,862,9321,55
2022-02-09,Los Angeles,037,10098052,2655303,2611611,122068,2733679,29263
2022-02-09,Madera,039,155013,36114,35559,5802,41361,330
2022-02-09,Marin,041,260295,32244,31965,2127,34092,255
2022-02-09,Mariposa,043,17540,2292,2279,189,2468,6
2022-02-09,Mendocino,045,87422,12583,12378,2776,15154,107
2022-02-09,Merced,047,269075,60415,59952,8147,68099,755
2022-02-09,Modoc,049,8938,707,691,232,923,6
2022-02-09,Mono,051,14174,2939,2937,118,3055,5
2022-02-09,Monterey,053,433212,76687,74500,12694,87194,670
2022-02-09,Napa,055,140530,24673,24429,911,25340,123
2022-02-09,Nevada,057,99092,15517,15446,1140,16586,119
2022-02-09,Orange,059,3164182,535757,534316,40223,574539,6263
2022-02-09,Placer,061,380077,61190,60490,7188,67678,553
2022-02-09,Plumas,063,18699,2843,2609,324,2933,13
2022-02-09,Riverside,065,2383286,580662,573907,27283,601190,5911
2022-02-09,Sacramento,067,1510023,272988,265624,26263,291887,2673
2022-02-09,San Benito,069,59416,12548,12492,502,12994,91
2022-02-09,San Bernardino,071,2135413,557403,547768,24354,572122,6349
2022-02-09,San Diego,073,3302833,732677,717896,50276,768172,4832
2022-02-09,San Francisco,075,870044,119190,118550,7987,126537,731
2022-02-09,San Joaquin,077,732212,161972,160618,9188,169806,2014
2022-02-09,San Luis Obispo,079,281455,50513,49833,3589,53422,414
2022-02-09,San Mateo,081,765935,117621,114890,6663,121553,589
2022-02-09,Santa Barbara,083,443738,83251,82830,4681,87511,629
2022-02-09,Santa Clara,085,1922200,300292,297157,11867,309024,2090
2022-02-09,Santa Cruz,087,273765,44854,44200,2062,46262,239
2022-02-09,Shasta,089,179085,29527,29215,5904,35119,471
2022-02-09,Sierra,091,2930,268,268,44,312,0
2022-02-09,Siskiyou,093,43540,4275,4217,2613,6830,68
2022-02-09,Solano,095,438530,78551,77299,5344,82643,423
2022-02-09,Sonoma,097,501317,80626,79165,2402,81567,431
2022-02-09,Stanislaus,099,539301,114492,114039,16582,130621,1406
2022-02-09,Sutter,101,95872,19948,19758,1969,21727,207
2022-02-09,Tehama,103,63373,11688,11542,2586,14128,149
2022-02-09,Trinity,105,12862,1137,1110,278,1388,20
2022-02-09,Tulare,107,460477,103812,100049,27524,127573,1271
2022-02-09,Tuolumne,109,53932,12215,11702,524,12226,95
2022-02-09,Ventura,111,848112,169376,168253,9074,177327,1325
2022-02-09,Yolo,113,214977,35441,34588,3015,37603,285
2022-02-09,Yuba,115,75493,15332,15187,1131,16318,105
2022-02-08,Alameda,001,1643700,246150,240587,13216,253803,1651
2022-02-08,Alpine,003,1148,120,124,1,125,0
2022-02-08,Amador,005,37829,8177,8050,608,8658,76
2022-02-08,Butte,007,227075,31839,31353,6361,37714,359
2022-02-08,Calaveras,009,45235,7047,6981,324,7305,101
2022-02-08,Colusa,011,21464,3358,3320,1047,4367,21
2022-02-08,Contra Costa,013,1133247,182111,179078,12477,191555,1132
2022-02-08,Del Norte,015,27424,5294,5156,160,5316,44
2022-02-08,El Dorado,017,186661,26008,25446,3093,28539,186
2022-02-08,Fresno,019,978130,222777,218416,22717,241133,2502
2022-02-08,Glenn,021,27897,4844,4784,1570,6354,39
2022-02-08,Humboldt,023,135768,16070,15865,2707,18572,130
2022-02-08,Imperial,025,180216,53913,52977,10431,63408,855
2022-02-08,Inyo,027,18085,3999,3983,446,4429,52
2022-02-08,Kern,029,883053,186960,183519,44733,228252,2010
2022-02-08,Kings,031,150075,49691,48479,3473,51952,411
2022-02-08,Lake,033,64148,10029,9806,830,10636,125
2022-02-08,Lassen,035,31185,8543,8423,858,9281,55
2022-02-08,Los Angeles,037,10098052,2651008,2611204,121877,2733081,29259
2022-02-08,Madera,039,155013,36007,35381,5745,41126,330
2022-02-08,Marin,041,260295,32169,31878,2122,34000,255
2022-02-08,Mariposa,043,17540,2290,2266,181,2447,6
2022-02-08,Mendocino,045,87422,12551,12336,2745,15081,107
2022-02-08,Merced,047,269075,60307,59789,8088,67877,751
2022-02-08,Modoc,049,8938,703,684,232,916,6
2022-02-08,Mono,051,14174,2938,2932,118,3050,5
2022-02-08,Monterey,053,433212,76480,74316,12603,86919,670
2022-02-08,Napa,055,140530,24599,24346,904,25250,121
2022-02-08,Nevada,057,99092,15490,15383,1137,16520,117
2022-02-08,Orange,059,3164182,535072,533507,40136,573643,6205
2022-02-08,Placer,061,380077,61082,60301,7175,67476,553
2022-02-08,Plumas,063,18699,2832,2596,318,2914,13
2022-02-08,Riverside,065,2383286,579839,571892,27207,599099,5908
2022-02-08,Sacramento,067,1510023,272333,264479,26086,290565,2664
2022-02-08,San Benito,069,59416,12524,12434,500,12934,91
2022-02-08,San Bernardino,071,2135413,556713,544658,24309,568967,6335
2022-02-08,San Diego,073,3302833,731081,717896,50147,768043,4832
2022-02-08,San Francisco,075,870044,118878,117942,7978,125920,731
2022-02-08,San Joaquin,077,732212,161596,160147,9169,169316,2005
2022-02-08,San Luis Obispo,079,281455,50346,49556,3557,53113,410
2022-02-08,San Mateo,081,765935,117400,114541,6633,121174,589
2022-02-08,Santa Barbara,083,443738,83084,82461,4655,87116,627
2022-02-08,Santa Clara,085,1922200,299412,295679,11818,307497,2091
2022-02-08,Santa Cruz,087,273765,44702,43884,2057,45941,239
2022-02-08,Shasta,089,179085,29441,29084,5875,34959,470
2022-02-08,Sierra,091,2930,268,267,44,311,0
2022-02-08,Siskiyou,093,43540,4265,4191,2603,6794,68
2022-02-08,Solano,095,438530,78320,77031,5330,82361,421
2022-02-08,Sonoma,097,501317,80409,78798,2380,81178,431
2022-02-08,Stanislaus,099,539301,114239,113733,16506,130239,1406
2022-02-08,Sutter,101,95872,19909,19717,1957,21674,203
2022-02-08,Tehama,103,63373,11664,11491,2577,14068,149
2022-02-08,Trinity,105,12862,1131,1110,278,1388,20
2022-02-08,Tulare,107,460477,103528,99694,27388,127082,1267
2022-02-08,Tuolumne,109,53932,12192,11665,522,12187,92
2022-02-08,Ventura,111,848112,169142,167830,9058,176888,1325
2022-02-08,Yolo,113,214977,35363,34462,3002,37464,281
2022-02-08,Yuba,115,75493,15287,15126,1109,16235,107
2022-02-07,Alameda,001,1643700,245445,238678,13148,251826,1643
2022-02-07,Alpine,003,1148,120,124,1,125,0
2022-02-07,Amador,005,37829,8149,7980,600,8580,75
2022-02-07,Butte,007,227075,31753,31184,6335,37519,355
2022-02-07,Calaveras,009,45235,7025,6910,323,7233,100
2022-02-07,Colusa,011,21464,3348,3283,1041,4324,21
2022-02-07,Contra Costa,013,1133247,181651,177767,12408,190175,1130
2022-02-07,Del Norte,015,27424,5255,5093,155,5248,44
2022-02-07,El Dorado,017,186661,25946,25257,3081,28338,185
2022-02-07,Fresno,019,978130,221929,216495,22584,239079,2493
2022-02-07,Glenn,021,27897,4838,4762,1566,6328,39
2022-02-07,Humboldt,023,135768,15996,15764,2682,18446,129
2022-02-07,Imperial,025,180216,53805,52689,10363,63052,853
2022-02-07,Inyo,027,18085,3994,3976,440,4416,51
2022-02-07,Kern,029,883053,186492,182047,44562,226609,1998
2022-02-07,Kings,031,150075,49510,48147,3457,51604,403
2022-02-07,Lake,033,64148,9983,9519,822,10341,125
2022-02-07,Lassen,035,31185,8524,8362,852,9214,55
2022-02-07,Los Angeles,037,10098052,2646584,2607438,121665,2729103,29210
2022-02-07,Madera,039,155013,35881,35083,5696,40779,330
2022-02-07,Marin,041,260295,32103,31670,2111,33781,255
2022-02-07,Mariposa,043,17540,2285,2253,177,2430,6
2022-02-07,Mendocino,045,87422,12493,12237,2707,14944,107
2022-02-07,Merced,047,269075,60181,59472,7996,67468,748
2022-02-07,Modoc,049,8938,699,679,232,911,6
2022-02-07,Mono,051,14174,2936,2917,118,3035,5
2022-02-07,Monterey,053,433212,76229,69433,12496,81929,670
2022-02-07,Napa,055,140530,24513,23237,894,24131,120
2022-02-07,Nevada,057,99092,15456,15268,1131,16399,113
2022-02-07,Orange,059,3164182,534312,531442,40053,571495,6179
2022-02-07,Placer,061,380077,60958,59894,7160,67054,546
2022-02-07,Plumas,063,18699,2822,2573,310,2883,13
2022-02-07,Riverside,065,2383286,578903,568874,27119,595993,5868
2022-02-07,Sacramento,067,1510023,271656,262834,25892,288726,2631
2022-02-07,San Benito,069,59416,12486,12285,498,12783,90
2022-02-07,San Bernardino,071,2135413,555924,542846,24269,567115,6335
2022-02-07,San Diego,073,3302833,729335,716244,49962,766206,4811
2022-02-07,San Francisco,075,870044,118541,113945,7953,121898,727
2022-02-07,San Joaquin,077,732212,161216,159358,9150,168508,1998
2022-02-07,San Luis Obispo,079,281455,50179,48994,3536,52530,406
2022-02-07,San Mateo,081,765935,117115,107060,6604,113664,589
2022-02-07,Santa Barbara,083,443738,82897,81608,4640,86248,624
2022-02-07,Santa Clara,085,1922200,298453,293360,11770,305130,2085
2022-02-07,Santa Cruz,087,273765,44487,43244,2053,45297,239
2022-02-07,Shasta,089,179085,29353,28900,5848,34748,468
2022-02-07,Sierra,091,2930,268,265,44,309,0
2022-02-07,Siskiyou,093,43540,4254,4157,2587,6744,68
2022-02-07,Solano,095,438530,78063,73934,5304,79238,420
2022-02-07,Sonoma,097,501317,80150,78296,2369,80665,431
2022-02-07,Stanislaus,099,539301,113979,113029,16352,129381,1406
2022-02-07,Sutter,101,95872,19877,19599,1929,21528,203
2022-02-07,Tehama,103,63373,11626,11418,2569,13987,146
2022-02-07,Trinity,105,12862,1127,1109,275,1384,20
2022-02-07,Tulare,107,460477,103169,98774,27241,126015,1263
2022-02-07,Tuolumne,109,53932,12144,11578,518,12096,92
2022-02-07,Ventura,111,848112,168825,166904,9045,175949,1324
2022-02-07,Yolo,113,214977,35257,34007,2987,36994,281
2022-02-07,Yuba,115,75493,15241,14998,1102,16100,105
2022-02-06,Alameda,001,1643700,244543,237188,13065,250253,1643
2022-02-06,Alpine,003,1148,120,123,1,124,0
2022-02-06,Amador,005,37829,8120,7922,588,8510,73
2022-02-06,Butte,007,227075,31626,31021,6289,37310,355
2022-02-06,Calaveras,009,45235,6998,6870,318,7188,99
2022-02-06,Colusa,011,21464,3339,3282,1040,4322,21
2022-02-06,Contra Costa,013,1133247,181024,176863,12251,189114,1128
2022-02-06,Del Norte,015,27424,5199,5038,153,5191,44
2022-02-06,El Dorado,017,186661,25884,25165,3069,28234,185
2022-02-06,Fresno,019,978130,221089,214726,22326,237052,2489
2022-02-06,Glenn,021,27897,4825,4738,1556,6294,39
2022-02-06,Humboldt,023,135768,15909,15658,2642,18300,128
2022-02-06,Imperial,025,180216,53616,52396,10313,62709,853
2022-02-06,Inyo,027,18085,3992,3970,437,4407,51
2022-02-06,Kern,029,883053,185944,181188,44320,225508,1996
2022-02-06,Kings,031,150075,49288,47669,3431,51100,401
2022-02-06,Lake,033,64148,9915,9468,804,10272,125
2022-02-06,Lassen,035,31185,8505,8326,847,9173,55
2022-02-06,Los Angeles,037,10098052,2641076,2602620,121398,2724018,29180
2022-02-06,Madera,039,155013,35696,34901,5595,40496,330
2022-02-06,Marin,041,260295,32006,31488,2098,33586,255
2022-02-06,Mariposa,043,17540,2277,2244,166,2410,6
2022-02-06,Mendocino,045,87422,12450,12169,2637,14806,107
2022-02-06,Merced,047,269075,59961,59112,7834,66946,748
2022-02-06,Modoc,049,8938,694,675,231,906,6
2022-02-06,Mono,051,14174,2931,2901,116,3017,5
2022-02-06,Monterey,053,433212,75864,67912,12333,80245,670
2022-02-06,Napa,055,140530,24394,23230,886,24116,120
2022-02-06,Nevada,057,99092,15391,15192,1118,16310,113
2022-02-06,Orange,059,3164182,533364,527906,39952,567858,6171
2022-02-06,Placer,061,380077,60782,59507,7134,66641,544
2022-02-06,Plumas,063,18699,2808,2559,301,2860,13
2022-02-06,Riverside,065,2383286,577769,568276,27040,595316,5865
2022-02-06,Sacramento,067,1510023,270778,261353,25620,286973,2631
2022-02-06,San Benito,069,59416,12431,12186,490,12676,90
2022-02-06,San Bernardino,071,2135413,554960,541103,24199,565302,6334
2022-02-06,San Diego,073,3302833,727252,709938,49723,759661,4786
2022-02-06,San Francisco,075,870044,118159,113115,7926,121041,728
2022-02-06,San Joaquin,077,732212,160656,158510,9110,167620,1997
2022-02-06,San Luis Obispo,079,281455,49955,48843,3479,52322,405
2022-02-06,San Mateo,081,765935,116776,105556,6564,112120,587
2022-02-06,Santa Barbara,083,443738,82580,81118,4601,85719,623
2022-02-06,Santa Clara,085,1922200,297325,291732,11648,303380,2075
2022-02-06,Santa Cruz,087,273765,44173,42952,2038,44990,239
2022-02-06,Shasta,089,179085,29225,28762,5798,34560,468
2022-02-06,Sierra,091,2930,268,265,44,309,0
2022-02-06,Siskiyou,093,43540,4233,4118,2561,6679,68
2022-02-06,Solano,095,438530,77764,73475,5264,78739,419
2022-02-06,Sonoma,097,501317,79814,77887,2354,80241,431
2022-02-06,Stanislaus,099,539301,113581,112521,16208,128729,1406
2022-02-06,Sutter,101,95872,19833,19523,1886,21409,203
2022-02-06,Tehama,103,63373,11586,11366,2549,13915,146
2022-02-06,Trinity,105,12862,1126,1102,274,1376,20
2022-02-06,Tulare,107,460477,102725,98260,27036,125296,1262
2022-02-06,Tuolumne,109,53932,12094,11507,501,12008,92
2022-02-06,Ventura,111,848112,168449,166235,9034,175269,1323
2022-02-06,Yolo,113,214977,35121,33784,2971,36755,281
2022-02-06,Yuba,115,75493,15194,14917,1093,16010,104
2022-02-05,Alameda,001,1643700,244132,235698,13056,248754,1638
2022-02-05,Alpine,003,1148,120,124,1,125,0
2022-02-05,Amador,005,37829,8111,7855,585,8440,71
2022-02-05,Butte,007,227075,31573,30733,6275,37008,355
2022-02-05,Calaveras,009,45235,6982,6789,318,7107,99
2022-02-05,Colusa,011,21464,3332,3234,1038,4272,21
2022-02-05,Contra Costa,013,1133247,180751,175871,12235,188106,1115
2022-02-05,Del Norte,015,27424,5159,4978,151,5129,44
2022-02-05,El Dorado,017,186661,25855,24813,3067,27880,185
2022-02-05,Fresno,019,978130,220746,213539,22311,235850,2477
2022-02-05,Glenn,021,27897,4823,4691,1549,6240,39
2022-02-05,Humboldt,023,135768,15862,15514,2638,18152,127
2022-02-05,Imperial,025,180216,53555,52153,10300,62453,853
2022-02-05,Inyo,027,18085,3989,3948,437,4385,51
2022-02-05,Kern,029,883053,185736,180296,44215,224511,1987
2022-02-05,Kings,031,150075,49204,47538,3424,50962,402
2022-02-05,Lake,033,64148,9896,9289,797,10086,124
2022-02-05,Lassen,035,31185,8494,8288,845,9133,55
2022-02-05,Los Angeles,037,10098052,2638905,2572702,121271,2693973,28947
2022-02-05,Madera,039,155013,35642,34471,5581,40052,329
2022-02-05,Marin,041,260295,31959,31299,2094,33393,255
2022-02-05,Mariposa,043,17540,2276,2222,165,2387,6
2022-02-05,Mendocino,045,87422,12422,12066,2635,14701,107
2022-02-05,Merced,047,269075,59868,58908,7826,66734,744
2022-02-05,Modoc,049,8938,693,664,231,895,6
2022-02-05,Mono,051,14174,2930,2904,116,3020,5
2022-02-05,Monterey,053,433212,75748,67342,12292,79634,666
2022-02-05,Napa,055,140530,24339,22973,885,23858,118
2022-02-05,Nevada,057,99092,15370,15002,1113,16115,113
2022-02-05,Orange,059,3164182,532923,527516,39861,567377,6134
2022-02-05,Placer,061,380077,60657,59043,7120,66163,533
2022-02-05,Plumas,063,18699,2807,2550,300,2850,13
2022-02-05,Riverside,065,2383286,577173,563991,26969,590960,5827
2022-02-05,Sacramento,067,1510023,270382,259437,25582,285019,2610
2022-02-05,San Benito,069,59416,12386,12142,490,12632,90
2022-02-05,San Bernardino,071,2135413,554455,539312,24177,563489,6322
2022-02-05,San Diego,073,3302833,726385,703957,49650,753607,4735
2022-02-05,San Francisco,075,870044,117950,112481,7897,120378,720
2022-02-05,San Joaquin,077,732212,160471,157420,9099,166519,1989
2022-02-05,San Luis Obispo,079,281455,49918,48361,3477,51838,404
2022-02-05,San Mateo,081,765935,116589,104810,6556,111366,587
2022-02-05,Santa Barbara,083,443738,82418,80478,4589,85067,617
2022-02-05,Santa Clara,085,1922200,296666,289262,11632,300894,2067
2022-02-05,Santa Cruz,087,273765,44100,42553,2035,44588,239
2022-02-05,Shasta,089,179085,29183,28604,5788,34392,466
2022-02-05,Sierra,091,2930,268,262,44,306,0
2022-02-05,Siskiyou,093,43540,4226,4106,2548,6654,67
2022-02-05,Solano,095,438530,77689,73112,5256,78368,415
2022-02-05,Sonoma,097,501317,79651,77213,2350,79563,431
2022-02-05,Stanislaus,099,539301,113378,111783,16187,127970,1406
2022-02-05,Sutter,101,95872,19804,19406,1880,21286,203
2022-02-05,Tehama,103,63373,11567,11259,2542,13801,146
2022-02-05,Trinity,105,12862,1124,1085,274,1359,20
2022-02-05,Tulare,107,460477,102560,97414,26953,124367,1254
2022-02-05,Tuolumne,109,53932,12069,11409,498,11907,91
2022-02-05,Ventura,111,848112,168225,165532,9018,174550,1308
2022-02-05,Yolo,113,214977,35039,33614,2957,36571,281
2022-02-05,Yuba,115,75493,15164,14801,1085,15886,105
2022-02-04,Alameda,001,1643700,243648,235698,13046,248744,1638
2022-02-04,Alpine,003,1148,120,124,1,125,0
2022-02-04,Amador,005,37829,8095,7855,581,8436,71
2022-02-04,Butte,007,227075,31513,30733,6264,36997,355
2022-02-04,Calaveras,009,45235,6972,6789,316,7105,99
2022-02-04,Colusa,011,21464,3327,3234,1036,4270,21
2022-02-04,Contra Costa,013,1133247,180423,175871,12206,188077,1115
2022-02-04,Del Norte,015,27424,5139,4978,151,5129,44
2022-02-04,El Dorado,017,186661,25819,24813,3062,27875,185
2022-02-04,Fresno,019,978130,220265,213539,22283,235822,2477
2022-02-04,Glenn,021,27897,4814,4691,1546,6237,39
2022-02-04,Humboldt,023,135768,15837,15514,2635,18149,127
2022-02-04,Imperial,025,180216,53481,52153,10283,62436,853
2022-02-04,Inyo,027,18085,3986,3948,436,4384,51
2022-02-04,Kern,029,883053,185512,180296,44087,224383,1987
2022-02-04,Kings,031,150075,49128,47538,3417,50955,402
2022-02-04,Lake,033,64148,9874,9289,794,10083,124
2022-02-04,Lassen,035,31185,8471,8288,845,9133,55
2022-02-04,Los Angeles,037,10098052,2636274,2572702,121142,2693844,28947
2022-02-04,Madera,039,155013,35558,34471,5573,40044,329
2022-02-04,Marin,041,260295,31894,31299,2085,33384,255
2022-02-04,Mariposa,043,17540,2274,2222,163,2385,6
2022-02-04,Mendocino,045,87422,12391,12066,2633,14699,107
2022-02-04,Merced,047,269075,59789,58908,7816,66724,744
2022-02-04,Modoc,049,8938,693,664,231,895,6
2022-02-04,Mono,051,14174,2928,2904,116,3020,5
2022-02-04,Monterey,053,433212,75557,67342,12251,79593,666
2022-02-04,Napa,055,140530,24292,22973,881,23854,118
2022-02-04,Nevada,057,99092,15336,15002,1109,16111,113
2022-02-04,Orange,059,3164182,532374,527516,39803,567319,6134
2022-02-04,Placer,061,380077,60555,59043,7109,66152,533
2022-02-04,Plumas,063,18699,2801,2550,299,2849,13
2022-02-04,Riverside,065,2383286,576468,563991,26956,590947,5827
2022-02-04,Sacramento,067,1510023,269881,259437,25559,284996,2610
2022-02-04,San Benito,069,59416,12367,12142,488,12630,90
2022-02-04,San Bernardino,071,2135413,553878,539312,24158,563470,6322
2022-02-04,San Diego,073,3302833,725246,703957,49575,753532,4735
2022-02-04,San Francisco,075,870044,117706,112481,7872,120353,720
2022-02-04,San Joaquin,077,732212,160242,157420,9088,166508,1989
2022-02-04,San Luis Obispo,079,281455,49857,48361,3470,51831,404
2022-02-04,San Mateo,081,765935,116361,104810,6542,111352,587
2022-02-04,Santa Barbara,083,443738,82268,80478,4588,85066,617
2022-02-04,Santa Clara,085,1922200,295992,289262,11611,300873,2067
2022-02-04,Santa Cruz,087,273765,43895,42553,2031,44584,239
2022-02-04,Shasta,089,179085,29134,28604,5777,34381,466
2022-02-04,Sierra,091,2930,268,262,44,306,0
2022-02-04,Siskiyou,093,43540,4218,4106,2541,6647,67
2022-02-04,Solano,095,438530,77497,73112,5220,78332,415
2022-02-04,Sonoma,097,501317,79497,77213,2269,79482,431
2022-02-04,Stanislaus,099,539301,113196,111783,16160,127943,1406
2022-02-04,Sutter,101,95872,19780,19406,1873,21279,203
2022-02-04,Tehama,103,63373,11553,11259,2541,13800,146
2022-02-04,Trinity,105,12862,1123,1085,273,1358,20
2022-02-04,Tulare,107,460477,102374,97414,26870,124284,1254
2022-02-04,Tuolumne,109,53932,12056,11409,497,11906,91
2022-02-04,Ventura,111,848112,167956,165532,9010,174542,1308
2022-02-04,Yolo,113,214977,34947,33614,2950,36564,281
2022-02-04,Yuba,115,75493,15146,14801,1085,15886,105
2022-02-03,Alameda,001,1643700,242878,235698,12984,248682,1638
2022-02-03,Alpine,003,1148,120,124,1,125,0
2022-02-03,Amador,005,37829,8075,7855,576,8431,71
2022-02-03,Butte,007,227075,31404,30733,6236,36969,355
2022-02-03,Calaveras,009,45235,6941,6789,312,7101,99
2022-02-03,Colusa,011,21464,3314,3234,1034,4268,21
2022-02-03,Contra Costa,013,1133247,179818,175871,12105,187976,1115
2022-02-03,Del Norte,015,27424,5098,4978,148,5126,44
2022-02-03,El Dorado,017,186661,25746,24813,3056,27869,185
2022-02-03,Fresno,019,978130,219329,213539,22115,235654,2477
2022-02-03,Glenn,021,27897,4797,4691,1528,6219,39
2022-02-03,Humboldt,023,135768,15760,15514,2599,18113,127
2022-02-03,Imperial,025,180216,53340,52153,10234,62387,853
2022-02-03,Inyo,027,18085,3983,3948,432,4380,51
2022-02-03,Kern,029,883053,185048,180296,43871,224167,1987
2022-02-03,Kings,031,150075,48968,47538,3409,50947,402
2022-02-03,Lake,033,64148,9821,9289,788,10077,124
2022-02-03,Lassen,035,31185,8444,8288,844,9132,55
2022-02-03,Los Angeles,037,10098052,2630854,2572702,120872,2693574,28947
2022-02-03,Madera,039,155013,35419,34471,5528,39999,329
2022-02-03,Marin,041,260295,31798,31299,2080,33379,255
2022-02-03,Mariposa,043,17540,2262,2222,160,2382,6
2022-02-03,Mendocino,045,87422,12347,12066,2609,14675,107
2022-02-03,Merced,047,269075,59640,58908,7720,66628,744
2022-02-03,Modoc,049,8938,690,664,231,895,6
2022-02-03,Mono,051,14174,2923,2904,115,3019,5
2022-02-03,Monterey,053,433212,75270,67342,12053,79395,666
2022-02-03,Napa,055,140530,24159,22973,881,23854,118
2022-02-03,Nevada,057,99092,15295,15002,1098,16100,113
2022-02-03,Orange,059,3164182,531451,527516,39710,567226,6134
2022-02-03,Placer,061,380077,60353,59043,7086,66129,533
2022-02-03,Plumas,063,18699,2787,2550,296,2846,13
2022-02-03,Riverside,065,2383286,575274,563991,26885,590876,5827
2022-02-03,Sacramento,067,1510023,268919,259437,25363,284800,2610
2022-02-03,San Benito,069,59416,12340,12142,485,12627,90
2022-02-03,San Bernardino,071,2135413,552861,539312,24120,563432,6322
2022-02-03,San Diego,073,3302833,723230,703957,49411,753368,4735
2022-02-03,San Francisco,075,870044,117371,112481,7841,120322,720
2022-02-03,San Joaquin,077,732212,159760,157420,9059,166479,1989
2022-02-03,San Luis Obispo,079,281455,49658,48361,3453,51814,404
2022-02-03,San Mateo,081,765935,116010,104810,6508,111318,587
2022-02-03,Santa Barbara,083,443738,81910,80478,4559,85037,617
2022-02-03,Santa Clara,085,1922200,294808,289262,11501,300763,2067
2022-02-03,Santa Cruz,087,273765,43554,42553,2024,44577,239
2022-02-03,Shasta,089,179085,29027,28604,5749,34353,466
2022-02-03,Sierra,091,2930,268,262,44,306,0
2022-02-03,Siskiyou,093,43540,4203,4106,2524,6630,67
2022-02-03,Solano,095,438530,77168,73112,5202,78314,415
2022-02-03,Sonoma,097,501317,79200,77213,2262,79475,431
2022-02-03,Stanislaus,099,539301,112827,111783,16077,127860,1406
2022-02-03,Sutter,101,95872,19728,19406,1854,21260,203
2022-02-03,Tehama,103,63373,11522,11259,2533,13792,146
2022-02-03,Trinity,105,12862,1121,1085,272,1357,20
2022-02-03,Tulare,107,460477,101961,97414,26721,124135,1254
2022-02-03,Tuolumne,109,53932,12015,11409,486,11895,91
2022-02-03,Ventura,111,848112,167571,165532,9000,174532,1308
2022-02-03,Yolo,113,214977,34842,33614,2937,36551,281
2022-02-03,Yuba,115,75493,15095,14801,1069,15870,105
2022-02-02,Alameda,001,1643700,241937,234300,12880,247180,1632
2022-02-02,Alpine,003,1148,120,123,1,124,0
2022-02-02,Amador,005,37829,8045,7781,566,8347,71
2022-02-02,Butte,007,227075,31295,30550,6205,36755,355
2022-02-02,Calaveras,009,45235,6912,6753,308,7061,99
2022-02-02,Colusa,011,21464,3299,3211,1033,4244,21
2022-02-02,Contra Costa,013,1133247,179216,174876,12007,186883,1113
2022-02-02,Del Norte,015,27424,5058,4924,143,5067,44
2022-02-02,El Dorado,017,186661,25678,24690,3037,27727,185
2022-02-02,Fresno,019,978130,218312,211976,21993,233969,2463
2022-02-02,Glenn,021,27897,4773,4667,1518,6185,39
2022-02-02,Humboldt,023,135768,15699,15392,2560,17952,127
2022-02-02,Imperial,025,180216,53145,51875,10105,61980,853
2022-02-02,Inyo,027,18085,3977,3944,431,4375,51
2022-02-02,Kern,029,883053,184452,179386,43651,223037,1974
2022-02-02,Kings,031,150075,48778,47061,3383,50444,401
2022-02-02,Lake,033,64148,9762,9235,781,10016,120
2022-02-02,Lassen,035,31185,8426,8258,835,9093,55
2022-02-02,Los Angeles,037,10098052,2624644,2561902,120483,2682385,28850
2022-02-02,Madera,039,155013,35248,34265,5454,39719,329
2022-02-02,Marin,041,260295,31700,31149,2070,33219,255
2022-02-02,Mariposa,043,17540,2251,2215,156,2371,6
2022-02-02,Mendocino,045,87422,12294,11996,2570,14566,105
2022-02-02,Merced,047,269075,59466,58532,7634,66166,744
2022-02-02,Modoc,049,8938,684,662,231,893,6
2022-02-02,Mono,051,14174,2912,2887,115,3002,5
2022-02-02,Monterey,053,433212,74878,66852,11869,78721,666
2022-02-02,Napa,055,140530,24038,22859,867,23726,117
2022-02-02,Nevada,057,99092,15238,14895,1074,15969,112
2022-02-02,Orange,059,3164182,530395,524418,39616,564034,6127
2022-02-02,Placer,061,380077,60160,58654,7055,65709,533
2022-02-02,Plumas,063,18699,2771,2540,292,2832,12
2022-02-02,Riverside,065,2383286,573991,561220,26837,588057,5827
2022-02-02,Sacramento,067,1510023,267908,258078,25147,283225,2602
2022-02-02,San Benito,069,59416,12301,12058,481,12539,90
2022-02-02,San Bernardino,071,2135413,551849,537485,24056,561541,6317
2022-02-02,San Diego,073,3302833,720987,703957,49230,753187,4735
2022-02-02,San Francisco,075,870044,117000,112008,7825,119833,714
2022-02-02,San Joaquin,077,732212,159186,156537,9035,165572,1986
2022-02-02,San Luis Obispo,079,281455,49459,48119,3440,51559,403
2022-02-02,San Mateo,081,765935,115639,104201,6440,110641,587
2022-02-02,Santa Barbara,083,443738,81566,79979,4528,84507,612
2022-02-02,Santa Clara,085,1922200,293654,287443,11386,298829,2051
2022-02-02,Santa Cruz,087,273765,43272,42127,2014,44141,239
2022-02-02,Shasta,089,179085,28927,28429,5704,34133,465
2022-02-02,Sierra,091,2930,268,262,44,306,0
2022-02-02,Siskiyou,093,43540,4193,4078,2497,6575,67
2022-02-02,Solano,095,438530,76814,72711,5179,77890,414
2022-02-02,Sonoma,097,501317,78889,76681,2249,78930,431
2022-02-02,Stanislaus,099,539301,112430,111167,15944,127111,1403
2022-02-02,Sutter,101,95872,19664,19290,1825,21115,203
2022-02-02,Tehama,103,63373,11467,11193,2514,13707,146
2022-02-02,Trinity,105,12862,1118,1074,270,1344,20
2022-02-02,Tulare,107,460477,101568,96820,26542,123362,1249
2022-02-02,Tuolumne,109,53932,11939,11342,483,11825,91
2022-02-02,Ventura,111,848112,167173,164905,8981,173886,1292
2022-02-02,Yolo,113,214977,34724,33332,2915,36247,281
2022-02-02,Yuba,115,75493,15030,14720,1061,15781,104
2022-02-01,Alameda,001,1643700,240863,233782,12774,246556,1620
2022-02-01,Alpine,003,1148,120,123,1,124,0
2022-02-01,Amador,005,37829,7999,7783,560,8343,73
2022-02-01,Butte,007,227075,31157,30496,6166,36662,355
2022-02-01,Calaveras,009,45235,6875,6749,304,7053,98
2022-02-01,Colusa,011,21464,3280,3202,1011,4213,21
2022-02-01,Contra Costa,013,1133247,178480,174379,11865,186244,1115
2022-02-01,Del Norte,015,27424,5011,4907,140,5047,44
2022-02-01,El Dorado,017,186661,25619,24664,3019,27683,184
2022-02-01,Fresno,019,978130,217147,211352,21843,233195,2464
2022-02-01,Glenn,021,27897,4759,4649,1508,6157,39
2022-02-01,Humboldt,023,135768,15618,15354,2530,17884,127
2022-02-01,Imperial,025,180216,52933,51675,10037,61712,846
2022-02-01,Inyo,027,18085,3967,3928,428,4356,51
2022-02-01,Kern,029,883053,183812,178987,43404,222391,1967
2022-02-01,Kings,031,150075,48521,46959,3359,50318,400
2022-02-01,Lake,033,64148,9705,9211,774,9985,119
2022-02-01,Lassen,035,31185,8407,8231,830,9061,55
2022-02-01,Los Angeles,037,10098052,2617485,2548794,120102,2668896,28752
2022-02-01,Madera,039,155013,35025,34124,5374,39498,329
2022-02-01,Marin,041,260295,31579,31099,2054,33153,255
2022-02-01,Mariposa,043,17540,2244,2210,155,2365,6
2022-02-01,Mendocino,045,87422,12232,11978,2533,14511,105
2022-02-01,Merced,047,269075,59281,58362,7509,65871,743
2022-02-01,Modoc,049,8938,677,664,231,895,6
2022-02-01,Mono,051,14174,2906,2888,115,3003,5
2022-02-01,Monterey,053,433212,74457,66553,11669,78222,665
2022-02-01,Napa,055,140530,23941,22795,850,23645,116
2022-02-01,Nevada,057,99092,15175,14863,1061,15924,112
2022-02-01,Orange,059,3164182,529246,523741,39473,563214,6108
2022-02-01,Placer,061,380077,59916,58486,7015,65501,532
2022-02-01,Plumas,063,18699,2756,2526,289,2815,12
2022-02-01,Riverside,065,2383286,572617,560010,26788,586798,5825
2022-02-01,Sacramento,067,1510023,266858,257504,24854,282358,2593
2022-02-01,San Benito,069,59416,12235,12053,478,12531,90
2022-02-01,San Bernardino,071,2135413,550594,536591,23993,560584,6311
2022-02-01,San Diego,073,3302833,718466,701009,49013,750022,4710
2022-02-01,San Francisco,075,870044,116534,111606,7806,119412,713
2022-02-01,San Joaquin,077,732212,158658,156300,9012,165312,1987
2022-02-01,San Luis Obispo,079,281455,49229,47842,3378,51220,403
2022-02-01,San Mateo,081,765935,115169,103868,6398,110266,589
2022-02-01,Santa Barbara,083,443738,81121,79659,4492,84151,608
2022-02-01,Santa Clara,085,1922200,292110,286109,11279,297388,2070
2022-02-01,Santa Cruz,087,273765,42979,41782,1998,43780,239
2022-02-01,Shasta,089,179085,28802,28382,5651,34033,465
2022-02-01,Sierra,091,2930,266,262,44,306,0
2022-02-01,Siskiyou,093,43540,4179,4072,2470,6542,66
2022-02-01,Solano,095,438530,76541,72494,5163,77657,415
2022-02-01,Sonoma,097,501317,78530,76379,2225,78604,431
2022-02-01,Stanislaus,099,539301,112016,110925,15842,126767,1403
2022-02-01,Sutter,101,95872,19596,19256,1792,21048,202
2022-02-01,Tehama,103,63373,11410,11165,2500,13665,146
2022-02-01,Trinity,105,12862,1114,1073,270,1343,19
2022-02-01,Tulare,107,460477,101072,96467,26321,122788,1247
2022-02-01,Tuolumne,109,53932,11890,11318,474,11792,91
2022-02-01,Ventura,111,848112,166670,164721,8958,173679,1293
2022-02-01,Yolo,113,214977,34588,33257,2886,36143,275
2022-02-01,Yuba,115,75493,14969,14693,1054,15747,103
2022-01-31,Alameda,001,1643700,239518,232743,12656,245399,1607
2022-01-31,Alpine,003,1148,119,123,1,124,0
2022-01-31,Amador,005,37829,7946,7682,543,8225,73
2022-01-31,Butte,007,227075,30993,30371,6127,36498,354
2022-01-31,Calaveras,009,45235,6843,6700,293,6993,96
2022-01-31,Colusa,011,21464,3269,3187,1002,4189,21
2022-01-31,Contra Costa,013,1133247,177671,173466,11737,185203,1115
2022-01-31,Del Norte,015,27424,4978,4879,136,5015,43
2022-01-31,El Dorado,017,186661,25516,24545,2989,27534,184
2022-01-31,Fresno,019,978130,215660,210589,21647,232236,2464
2022-01-31,Glenn,021,27897,4723,4641,1496,6137,39
2022-01-31,Humboldt,023,135768,15530,15308,2497,17805,126
2022-01-31,Imperial,025,180216,52719,51472,9919,61391,846
2022-01-31,Inyo,027,18085,3956,3922,422,4344,50
2022-01-31,Kern,029,883053,183033,178375,43077,221452,1967
2022-01-31,Kings,031,150075,48163,46845,3325,50170,398
2022-01-31,Lake,033,64148,9633,9141,762,9903,119
2022-01-31,Lassen,035,31185,8378,8162,824,8986,55
2022-01-31,Los Angeles,037,10098052,2609246,2541189,119691,2660880,28718
2022-01-31,Madera,039,155013,34814,33886,5281,39167,329
2022-01-31,Marin,041,260295,31456,31023,2037,33060,253
2022-01-31,Mariposa,043,17540,2234,2203,146,2349,6
2022-01-31,Mendocino,045,87422,12166,11896,2490,14386,104
2022-01-31,Merced,047,269075,59003,58198,7314,65512,740
2022-01-31,Modoc,049,8938,674,661,231,892,6
2022-01-31,Mono,051,14174,2892,2889,115,3004,5
2022-01-31,Monterey,053,433212,74007,66117,11448,77565,661
2022-01-31,Napa,055,140530,23775,22707,834,23541,113
2022-01-31,Nevada,057,99092,15098,14813,1048,15861,112
2022-01-31,Orange,059,3164182,527922,522358,39337,561695,6098
2022-01-31,Placer,061,380077,59669,58252,6983,65235,523
2022-01-31,Plumas,063,18699,2744,2513,287,2800,12
2022-01-31,Riverside,065,2383286,570806,558166,26721,584887,5785
2022-01-31,Sacramento,067,1510023,265561,256594,24578,281172,2571
2022-01-31,San Benito,069,59416,12176,11976,477,12453,90
2022-01-31,San Bernardino,071,2135413,548967,535276,23908,559184,6302
2022-01-31,San Diego,073,3302833,715545,698571,48755,747326,4686
2022-01-31,San Francisco,075,870044,116124,111119,7773,118892,712
2022-01-31,San Joaquin,077,732212,157905,155736,8978,164714,1985
2022-01-31,San Luis Obispo,079,281455,48976,47656,3319,50975,395
2022-01-31,San Mateo,081,765935,114655,103313,6338,109651,589
2022-01-31,Santa Barbara,083,443738,80614,79267,4450,83717,606
2022-01-31,Santa Clara,085,1922200,290413,284562,11171,295733,2041
2022-01-31,Santa Cruz,087,273765,42609,41630,1991,43621,239
2022-01-31,Shasta,089,179085,28673,28190,5610,33800,462
2022-01-31,Sierra,091,2930,266,261,44,305,0
2022-01-31,Siskiyou,093,43540,4163,4054,2454,6508,66
2022-01-31,Solano,095,438530,75835,72258,5117,77375,414
2022-01-31,Sonoma,097,501317,78073,76199,2195,78394,431
2022-01-31,Stanislaus,099,539301,111486,110493,15677,126170,1403
2022-01-31,Sutter,101,95872,19516,19189,1739,20928,202
2022-01-31,Tehama,103,63373,11348,11112,2470,13582,145
2022-01-31,Trinity,105,12862,1109,1071,267,1338,19
2022-01-31,Tulare,107,460477,100423,96053,26057,122110,1245
2022-01-31,Tuolumne,109,53932,11798,11278,467,11745,91
2022-01-31,Ventura,111,848112,166134,164060,8934,172994,1286
2022-01-31,Yolo,113,214977,34435,33175,2861,36036,274
2022-01-31,Yuba,115,75493,14907,14652,1034,15686,103
2022-01-30,Alameda,001,1643700,237985,231838,12504,244342,1607
2022-01-30,Alpine,003,1148,119,123,1,124,0
2022-01-30,Amador,005,37829,7895,7644,519,8163,73
2022-01-30,Butte,007,227075,30795,30255,6063,36318,354
2022-01-30,Calaveras,009,45235,6789,6676,279,6955,96
2022-01-30,Colusa,011,21464,3248,3168,990,4158,21
2022-01-30,Contra Costa,013,1133247,176701,172902,11533,184435,1102
2022-01-30,Del Norte,015,27424,4937,4833,133,4966,43
2022-01-30,El Dorado,017,186661,25396,24491,2962,27453,184
2022-01-30,Fresno,019,978130,214092,209645,21389,231034,2463
2022-01-30,Glenn,021,27897,4692,4619,1486,6105,39
2022-01-30,Humboldt,023,135768,15417,15247,2440,17687,126
2022-01-30,Imperial,025,180216,52410,51415,9743,61158,846
2022-01-30,Inyo,027,18085,3939,3921,419,4340,50
2022-01-30,Kern,029,883053,182175,177924,42753,220677,1967
2022-01-30,Kings,031,150075,47811,46654,3265,49919,398
2022-01-30,Lake,033,64148,9546,9080,741,9821,119
2022-01-30,Lassen,035,31185,8356,8158,816,8974,55
2022-01-30,Los Angeles,037,10098052,2599113,2530739,119211,2649950,28678
2022-01-30,Madera,039,155013,34519,33752,5087,38839,329
2022-01-30,Marin,041,260295,31309,30875,2023,32898,253
2022-01-30,Mariposa,043,17540,2222,2177,140,2317,6
2022-01-30,Mendocino,045,87422,12093,11860,2384,14244,104
2022-01-30,Merced,047,269075,58641,58006,7020,65026,740
2022-01-30,Modoc,049,8938,671,661,231,892,6
2022-01-30,Mono,051,14174,2886,2888,115,3003,5
2022-01-30,Monterey,053,433212,73420,65996,11165,77161,661
2022-01-30,Napa,055,140530,23607,22588,817,23405,114
2022-01-30,Nevada,057,99092,15010,14741,1032,15773,112
2022-01-30,Orange,059,3164182,526291,521334,39189,560523,6098
2022-01-30,Placer,061,380077,59334,58030,6942,64972,523
2022-01-30,Plumas,063,18699,2721,2510,273,2783,12
2022-01-30,Riverside,065,2383286,568755,557088,26619,583707,5767
2022-01-30,Sacramento,067,1510023,264111,255715,24073,279788,2572
2022-01-30,San Benito,069,59416,12111,11945,472,12417,90
2022-01-30,San Bernardino,071,2135413,547238,534050,23798,557848,6302
2022-01-30,San Diego,073,3302833,711951,687145,48332,735477,4665
2022-01-30,San Francisco,075,870044,115578,110772,7738,118510,712
2022-01-30,San Joaquin,077,732212,156923,155165,8943,164108,1985
2022-01-30,San Luis Obispo,079,281455,48578,47599,3281,50880,394
2022-01-30,San Mateo,081,765935,114082,102979,6291,109270,589
2022-01-30,Santa Barbara,083,443738,79936,79072,4389,83461,606
2022-01-30,Santa Clara,085,1922200,288420,282846,11039,293885,2035
2022-01-30,Santa Cruz,087,273765,42172,41330,1981,43311,239
2022-01-30,Shasta,089,179085,28510,28105,5524,33629,462
2022-01-30,Sierra,091,2930,266,261,44,305,0
2022-01-30,Siskiyou,093,43540,4133,4039,2407,6446,66
2022-01-30,Solano,095,438530,75311,71857,5070,76927,414
2022-01-30,Sonoma,097,501317,77557,75890,2170,78060,431
2022-01-30,Stanislaus,099,539301,110829,110111,15477,125588,1403
2022-01-30,Sutter,101,95872,19423,19108,1640,20748,202
2022-01-30,Tehama,103,63373,11275,11071,2440,13511,145
2022-01-30,Trinity,105,12862,1103,1068,267,1335,19
2022-01-30,Tulare,107,460477,99674,95676,25761,121437,1245
2022-01-30,Tuolumne,109,53932,11690,11242,430,11672,91
2022-01-30,Ventura,111,848112,165552,163521,8904,172425,1286
2022-01-30,Yolo,113,214977,34233,33043,2827,35870,274
2022-01-30,Yuba,115,75493,14817,14584,1014,15598,103
2022-01-29,Alameda,001,1643700,237310,225602,12487,238089,1605
2022-01-29,Alpine,003,1148,119,123,1,124,0
2022-01-29,Amador,005,37829,7873,7505,516,8021,73
2022-01-29,Butte,007,227075,30710,29557,6039,35596,353
2022-01-29,Calaveras,009,45235,6770,6484,279,6763,96
2022-01-29,Colusa,011,21464,3242,3107,986,4093,21
2022-01-29,Contra Costa,013,1133247,176176,168003,11504,179507,1101
2022-01-29,Del Norte,015,27424,4919,4589,130,4719,43
2022-01-29,El Dorado,017,186661,25353,24008,2955,26963,184
2022-01-29,Fresno,019,978130,213632,202691,21355,224046,2457
2022-01-29,Glenn,021,27897,4685,4516,1479,5995,39
2022-01-29,Humboldt,023,135768,15370,14812,2433,17245,126
2022-01-29,Imperial,025,180216,52296,50153,9687,59840,845
2022-01-29,Inyo,027,18085,3937,3895,411,4306,50
2022-01-29,Kern,029,883053,181834,174456,42586,217042,1962
2022-01-29,Kings,031,150075,47694,45047,3258,48305,397
2022-01-29,Lake,033,64148,9513,8747,737,9484,119
2022-01-29,Lassen,035,31185,8338,7961,813,8774,55
2022-01-29,Los Angeles,037,10098052,2595217,2473332,118941,2592273,28467
2022-01-29,Madera,039,155013,34410,32753,5063,37816,329
2022-01-29,Marin,041,260295,31243,30137,2021,32158,253
2022-01-29,Mariposa,043,17540,2220,2117,138,2255,6
2022-01-29,Mendocino,045,87422,12069,11591,2368,13959,104
2022-01-29,Merced,047,269075,58535,56472,7015,63487,735
2022-01-29,Modoc,049,8938,671,654,231,885,6
2022-01-29,Mono,051,14174,2884,2860,115,2975,5
2022-01-29,Monterey,053,433212,73266,64090,11101,75191,658
2022-01-29,Napa,055,140530,23550,22121,815,22936,113
2022-01-29,Nevada,057,99092,14976,14337,1029,15366,112
2022-01-29,Orange,059,3164182,525587,511255,39082,550337,6038
2022-01-29,Placer,061,380077,59140,56562,6926,63488,523
2022-01-29,Plumas,063,18699,2711,2463,269,2732,12
2022-01-29,Riverside,065,2383286,567736,548121,26577,574698,5726
2022-01-29,Sacramento,067,1510023,263470,249130,24018,273148,2558
2022-01-29,San Benito,069,59416,12054,11670,471,12141,90
2022-01-29,San Bernardino,071,2135413,546489,525249,23753,549002,6297
2022-01-29,San Diego,073,3302833,710618,683027,48235,731262,4643
2022-01-29,San Francisco,075,870044,115303,108265,7690,115955,712
2022-01-29,San Joaquin,077,732212,156678,150849,8929,159778,1971
2022-01-29,San Luis Obispo,079,281455,48489,46374,3277,49651,391
2022-01-29,San Mateo,081,765935,113745,100306,6268,106574,586
2022-01-29,Santa Barbara,083,443738,79714,76546,4382,80928,604
2022-01-29,Santa Clara,085,1922200,287470,273879,11011,284890,2019
2022-01-29,Santa Cruz,087,273765,42045,39228,1979,41207,240
2022-01-29,Shasta,089,179085,28453,27504,5510,33014,452
2022-01-29,Sierra,091,2930,266,260,43,303,0
2022-01-29,Siskiyou,093,43540,4123,3987,2400,6387,66
2022-01-29,Solano,095,438530,75168,69862,5058,74920,407
2022-01-29,Sonoma,097,501317,77343,73439,2165,75604,427
2022-01-29,Stanislaus,099,539301,110581,107668,15430,123098,1403
2022-01-29,Sutter,101,95872,19374,18797,1623,20420,202
2022-01-29,Tehama,103,63373,11241,10880,2431,13311,145
2022-01-29,Trinity,105,12862,1100,1033,266,1299,19
2022-01-29,Tulare,107,460477,99419,93154,25683,118837,1237
2022-01-29,Tuolumne,109,53932,11665,10806,422,11228,91
2022-01-29,Ventura,111,848112,165222,160466,8887,169353,1271
2022-01-29,Yolo,113,214977,34123,32123,2811,34934,275
2022-01-29,Yuba,115,75493,14776,14295,1012,15307,103
2022-01-28,Alameda,001,1643700,236367,225602,12469,238071,1605
2022-01-28,Alpine,003,1148,119,123,1,124,0
2022-01-28,Amador,005,37829,7847,7505,515,8020,73
2022-01-28,Butte,007,227075,30634,29557,6020,35577,353
2022-01-28,Calaveras,009,45235,6753,6484,278,6762,96
2022-01-28,Colusa,011,21464,3237,3107,984,4091,21
2022-01-28,Contra Costa,013,1133247,175645,168003,11466,179469,1101
2022-01-28,Del Norte,015,27424,4895,4589,129,4718,43
2022-01-28,El Dorado,017,186661,25309,24008,2948,26956,184
2022-01-28,Fresno,019,978130,212771,202691,21302,223993,2457
2022-01-28,Glenn,021,27897,4672,4516,1477,5993,39
2022-01-28,Humboldt,023,135768,15334,14812,2423,17235,126
2022-01-28,Imperial,025,180216,52166,50153,9655,59808,845
2022-01-28,Inyo,027,18085,3933,3895,408,4303,50
2022-01-28,Kern,029,883053,181423,174456,42427,216883,1962
2022-01-28,Kings,031,150075,47563,45047,3248,48295,397
2022-01-28,Lake,033,64148,9481,8747,735,9482,119
2022-01-28,Lassen,035,31185,8269,7961,811,8772,55
2022-01-28,Los Angeles,037,10098052,2589476,2473332,118726,2592058,28467
2022-01-28,Madera,039,155013,34281,32753,5046,37799,329
2022-01-28,Marin,041,260295,31151,30137,1999,32136,253
2022-01-28,Mariposa,043,17540,2210,2117,136,2253,6
2022-01-28,Mendocino,045,87422,12025,11591,2366,13957,104
2022-01-28,Merced,047,269075,58437,56472,7000,63472,735
2022-01-28,Modoc,049,8938,670,654,231,885,6
2022-01-28,Mono,051,14174,2879,2860,114,2974,5
2022-01-28,Monterey,053,433212,73063,64090,11053,75143,658
2022-01-28,Napa,055,140530,23473,22121,813,22934,113
2022-01-28,Nevada,057,99092,14939,14337,1027,15364,112
2022-01-28,Orange,059,3164182,524516,511255,38991,550246,6038
2022-01-28,Placer,061,380077,58935,56562,6903,63465,523
2022-01-28,Plumas,063,18699,2703,2463,267,2730,12
2022-01-28,Riverside,065,2383286,566412,548121,26536,574657,5726
2022-01-28,Sacramento,067,1510023,262697,249130,23960,273090,2558
2022-01-28,San Benito,069,59416,12032,11670,466,12136,90
2022-01-28,San Bernardino,071,2135413,545450,525249,23717,548966,6297
2022-01-28,San Diego,073,3302833,708787,683027,48159,731186,4643
2022-01-28,San Francisco,075,870044,114941,108265,7641,115906,712
2022-01-28,San Joaquin,077,732212,156389,150849,8918,159767,1971
2022-01-28,San Luis Obispo,079,281455,48405,46374,3269,49643,391
2022-01-28,San Mateo,081,765935,113393,100306,6246,106552,586
2022-01-28,Santa Barbara,083,443738,79466,76546,4380,80926,604
2022-01-28,Santa Clara,085,1922200,286262,273879,10961,284840,2019
2022-01-28,Santa Cruz,087,273765,41864,39228,1966,41194,240
2022-01-28,Shasta,089,179085,28396,27504,5496,33000,452
2022-01-28,Sierra,091,2930,266,260,43,303,0
2022-01-28,Siskiyou,093,43540,4113,3987,2396,6383,66
2022-01-28,Solano,095,438530,74616,69862,4991,74853,407
2022-01-28,Sonoma,097,501317,77140,73439,2157,75596,427
2022-01-28,Stanislaus,099,539301,110308,107668,15387,123055,1403
2022-01-28,Sutter,101,95872,19330,18797,1621,20418,202
2022-01-28,Tehama,103,63373,11209,10880,2424,13304,145
2022-01-28,Trinity,105,12862,1091,1033,266,1299,19
2022-01-28,Tulare,107,460477,99140,93154,25573,118727,1237
2022-01-28,Tuolumne,109,53932,11632,10806,418,11224,91
2022-01-28,Ventura,111,848112,164769,160466,8868,169334,1271
2022-01-28,Yolo,113,214977,34019,32123,2804,34927,275
2022-01-28,Yuba,115,75493,14736,14295,1007,15302,103
2022-01-27,Alameda,001,1643700,234789,225602,12333,237935,1605
2022-01-27,Alpine,003,1148,119,123,1,124,0
2022-01-27,Amador,005,37829,7800,7505,503,8008,73
2022-01-27,Butte,007,227075,30483,29557,5968,35525,353
2022-01-27,Calaveras,009,45235,6728,6484,262,6746,96
2022-01-27,Colusa,011,21464,3223,3107,980,4087,21
2022-01-27,Contra Costa,013,1133247,174633,168003,11288,179291,1101
2022-01-27,Del Norte,015,27424,4851,4589,125,4714,43
2022-01-27,El Dorado,017,186661,25198,24008,2929,26937,184
2022-01-27,Fresno,019,978130,211153,202691,21098,223789,2457
2022-01-27,Glenn,021,27897,4640,4516,1469,5985,39
2022-01-27,Humboldt,023,135768,15245,14812,2386,17198,126
2022-01-27,Imperial,025,180216,51908,50153,9540,59693,845
2022-01-27,Inyo,027,18085,3926,3895,398,4293,50
2022-01-27,Kern,029,883053,180646,174456,42061,216517,1962
2022-01-27,Kings,031,150075,47219,45047,3209,48256,397
2022-01-27,Lake,033,64148,9428,8747,718,9465,119
2022-01-27,Lassen,035,31185,8226,7961,805,8766,55
2022-01-27,Los Angeles,037,10098052,2578325,2473332,118210,2591542,28467
2022-01-27,Madera,039,155013,34072,32753,4939,37692,329
2022-01-27,Marin,041,260295,30989,30137,1984,32121,253
2022-01-27,Mariposa,043,17540,2187,2117,133,2250,6
2022-01-27,Mendocino,045,87422,11974,11591,2317,13908,104
2022-01-27,Merced,047,269075,58178,56472,6835,63307,735
2022-01-27,Modoc,049,8938,668,654,230,884,6
2022-01-27,Mono,051,14174,2874,2860,114,2974,5
2022-01-27,Monterey,053,433212,72441,64090,10802,74892,658
2022-01-27,Napa,055,140530,23314,22121,785,22906,113
2022-01-27,Nevada,057,99092,14866,14337,999,15336,112
2022-01-27,Orange,059,3164182,522796,511255,38855,550110,6038
2022-01-27,Placer,061,380077,58618,56562,6849,63411,523
2022-01-27,Plumas,063,18699,2692,2463,255,2718,12
2022-01-27,Riverside,065,2383286,564247,548121,26466,574587,5726
2022-01-27,Sacramento,067,1510023,261419,249130,23622,272752,2558
2022-01-27,San Benito,069,59416,11976,11670,461,12131,90
2022-01-27,San Bernardino,071,2135413,543570,525249,23617,548866,6297
2022-01-27,San Diego,073,3302833,705412,683027,47811,730838,4643
2022-01-27,San Francisco,075,870044,114437,108265,7580,115845,712
2022-01-27,San Joaquin,077,732212,155532,150849,8854,159703,1971
2022-01-27,San Luis Obispo,079,281455,48133,46374,3231,49605,391
2022-01-27,San Mateo,081,765935,112808,100306,6177,106483,586
2022-01-27,Santa Barbara,083,443738,78986,76546,4324,80870,604
2022-01-27,Santa Clara,085,1922200,284168,273879,10813,284692,2019
2022-01-27,Santa Cruz,087,273765,41215,39228,1945,41173,240
2022-01-27,Shasta,089,179085,28262,27504,5447,32951,452
2022-01-27,Sierra,091,2930,265,260,42,302,0
2022-01-27,Siskiyou,093,43540,4092,3987,2359,6346,66
2022-01-27,Solano,095,438530,73977,69862,4942,74804,407
2022-01-27,Sonoma,097,501317,76674,73439,2145,75584,427
2022-01-27,Stanislaus,099,539301,109782,107668,15244,122912,1403
2022-01-27,Sutter,101,95872,19225,18797,1595,20392,202
2022-01-27,Tehama,103,63373,11157,10880,2408,13288,145
2022-01-27,Trinity,105,12862,1087,1033,265,1298,19
2022-01-27,Tulare,107,460477,98469,93154,25287,118441,1237
2022-01-27,Tuolumne,109,53932,11580,10806,409,11215,91
2022-01-27,Ventura,111,848112,164118,160466,8836,169302,1271
2022-01-27,Yolo,113,214977,33877,32123,2787,34910,275
2022-01-27,Yuba,115,75493,14657,14295,991,15286,103
2022-01-26,Alameda,001,1643700,232908,222680,12160,234840,1596
2022-01-26,Alpine,003,1148,119,123,1,124,0
2022-01-26,Amador,005,37829,7725,7427,488,7915,73
2022-01-26,Butte,007,227075,30286,29229,5913,35142,353
2022-01-26,Calaveras,009,45235,6690,6387,255,6642,96
2022-01-26,Colusa,011,21464,3207,3094,974,4068,21
2022-01-26,Contra Costa,013,1133247,173495,165972,11124,177096,1095
2022-01-26,Del Norte,015,27424,4794,4542,124,4666,43
2022-01-26,El Dorado,017,186661,25076,23819,2906,26725,181
2022-01-26,Fresno,019,978130,209311,199689,20887,220576,2452
2022-01-26,Glenn,021,27897,4607,4472,1464,5936,39
2022-01-26,Humboldt,023,135768,15146,14715,2341,17056,126
2022-01-26,Imperial,025,180216,51554,49477,9388,58865,839
2022-01-26,Inyo,027,18085,3923,3889,367,4256,50
2022-01-26,Kern,029,883053,179728,173052,41717,214769,1953
2022-01-26,Kings,031,150075,46816,44367,3179,47546,396
2022-01-26,Lake,033,64148,9347,8645,708,9353,119
2022-01-26,Lassen,035,31185,8190,7888,805,8693,55
2022-01-26,Los Angeles,037,10098052,2566110,2450620,117758,2568378,28382
2022-01-26,Madera,039,155013,33831,32323,4813,37136,329
2022-01-26,Marin,041,260295,30806,29813,1967,31780,253
2022-01-26,Mariposa,043,17540,2170,2108,126,2234,6
2022-01-26,Mendocino,045,87422,11927,11453,2266,13719,103
2022-01-26,Merced,047,269075,57812,56060,6658,62718,733
2022-01-26,Modoc,049,8938,667,652,229,881,6
2022-01-26,Mono,051,14174,2871,2852,114,2966,4
2022-01-26,Monterey,053,433212,71885,63264,10506,73770,659
2022-01-26,Napa,055,140530,23158,21864,775,22639,112
2022-01-26,Nevada,057,99092,14773,14128,988,15116,112
2022-01-26,Orange,059,3164182,520808,506419,38691,545110,6007
2022-01-26,Placer,061,380077,58283,55892,6785,62677,524
2022-01-26,Plumas,063,18699,2665,2425,253,2678,12
2022-01-26,Riverside,065,2383286,561730,543788,26347,570135,5701
2022-01-26,Sacramento,067,1510023,259748,246416,23267,269683,2559
2022-01-26,San Benito,069,59416,11905,11563,449,12012,90
2022-01-26,San Bernardino,071,2135413,541360,521699,23507,545206,6291
2022-01-26,San Diego,073,3302833,701193,676392,47452,723844,4622
2022-01-26,San Francisco,075,870044,113799,107174,7546,114720,704
2022-01-26,San Joaquin,077,732212,154548,148770,8805,157575,1971
2022-01-26,San Luis Obispo,079,281455,47830,45716,3204,48920,391
2022-01-26,San Mateo,081,765935,112143,99016,6048,105064,586
2022-01-26,Santa Barbara,083,443738,78458,75548,4263,79811,600
2022-01-26,Santa Clara,085,1922200,282040,270470,10635,281105,2015
2022-01-26,Santa Cruz,087,273765,40722,38298,1930,40228,239
2022-01-26,Shasta,089,179085,28114,27255,5400,32655,452
2022-01-26,Sierra,091,2930,264,260,41,301,0
2022-01-26,Siskiyou,093,43540,4076,3971,2334,6305,66
2022-01-26,Solano,095,438530,73282,69150,4882,74032,401
2022-01-26,Sonoma,097,501317,76115,72509,2112,74621,423
2022-01-26,Stanislaus,099,539301,109225,106582,15027,121609,1396
2022-01-26,Sutter,101,95872,19114,18670,1549,20219,202
2022-01-26,Tehama,103,63373,11103,10749,2391,13140,145
2022-01-26,Trinity,105,12862,1082,1008,265,1273,19
2022-01-26,Tulare,107,460477,97656,91904,25035,116939,1234
2022-01-26,Tuolumne,109,53932,11397,10699,398,11097,91
2022-01-26,Ventura,111,848112,163406,159077,8796,167873,1263
2022-01-26,Yolo,113,214977,33661,31913,2751,34664,275
2022-01-26,Yuba,115,75493,14572,14171,969,15140,103
2022-01-25,Alameda,001,1643700,231020,219753,11978,231731,1589
2022-01-25,Alpine,003,1148,119,122,1,123,0
2022-01-25,Amador,005,37829,7648,7352,477,7829,73
2022-01-25,Butte,007,227075,30079,28887,5841,34728,351
2022-01-25,Calaveras,009,45235,6632,6266,241,6507,95
2022-01-25,Colusa,011,21464,3187,3074,972,4046,21
2022-01-25,Contra Costa,013,1133247,172176,163792,10910,174702,1092
2022-01-25,Del Norte,015,27424,4724,4514,118,4632,43
2022-01-25,El Dorado,017,186661,24940,23339,2880,26219,179
2022-01-25,Fresno,019,978130,207171,198262,20612,218874,2434
2022-01-25,Glenn,021,27897,4574,4418,1448,5866,39
2022-01-25,Humboldt,023,135768,15054,14574,2315,16889,126
2022-01-25,Imperial,025,180216,51098,48913,9155,58068,832
2022-01-25,Inyo,027,18085,3908,3857,322,4179,50
2022-01-25,Kern,029,883053,178720,171695,41256,212951,1947
2022-01-25,Kings,031,150075,46342,43853,3134,46987,396
2022-01-25,Lake,033,64148,9268,8543,696,9239,118
2022-01-25,Lassen,035,31185,8159,7834,794,8628,55
2022-01-25,Los Angeles,037,10098052,2551180,2433516,117118,2550634,28293
2022-01-25,Madera,039,155013,33507,31794,4674,36468,329
2022-01-25,Marin,041,260295,30627,29589,1954,31543,253
2022-01-25,Mariposa,043,17540,2158,2069,120,2189,6
2022-01-25,Mendocino,045,87422,11807,11280,2163,13443,103
2022-01-25,Merced,047,269075,57436,55555,6513,62068,733
2022-01-25,Modoc,049,8938,665,652,229,881,6
2022-01-25,Mono,051,14174,2861,2826,113,2939,4
2022-01-25,Monterey,053,433212,71312,62498,10097,72595,654
2022-01-25,Napa,055,140530,22963,21668,739,22407,111
2022-01-25,Nevada,057,99092,14658,13944,964,14908,112
2022-01-25,Orange,059,3164182,518529,504274,38499,542773,5980
2022-01-25,Placer,061,380077,57884,55465,6712,62177,518
2022-01-25,Plumas,063,18699,2640,2397,249,2646,12
2022-01-25,Riverside,065,2383286,558648,540723,26178,566901,5686
2022-01-25,Sacramento,067,1510023,257829,244468,22723,267191,2545
2022-01-25,San Benito,069,59416,11806,11446,445,11891,88
2022-01-25,San Bernardino,071,2135413,538811,519150,23391,542541,6288
2022-01-25,San Diego,073,3302833,696183,670110,47001,717111,4604
2022-01-25,San Francisco,075,870044,113034,106254,7502,113756,703
2022-01-25,San Joaquin,077,732212,153572,147271,8748,156019,1972
2022-01-25,San Luis Obispo,079,281455,47468,45130,3156,48286,391
2022-01-25,San Mateo,081,765935,111310,98010,5937,103947,586
2022-01-25,Santa Barbara,083,443738,77790,74686,4181,78867,594
2022-01-25,Santa Clara,085,1922200,279378,268031,10427,278458,2006
2022-01-25,Santa Cruz,087,273765,40077,37850,1915,39765,237
2022-01-25,Shasta,089,179085,27951,27090,5333,32423,452
2022-01-25,Sierra,091,2930,264,260,37,297,0
2022-01-25,Siskiyou,093,43540,4052,3958,2299,6257,65
2022-01-25,Solano,095,438530,72715,68657,4830,73487,399
2022-01-25,Sonoma,097,501317,75421,71633,2073,73706,423
2022-01-25,Stanislaus,099,539301,108560,105965,14802,120767,1396
2022-01-25,Sutter,101,95872,19012,18508,1507,20015,200
2022-01-25,Tehama,103,63373,11040,10669,2365,13034,145
2022-01-25,Trinity,105,12862,1075,999,263,1262,19
2022-01-25,Tulare,107,460477,96781,91237,24682,115919,1229
2022-01-25,Tuolumne,109,53932,11217,10516,374,10890,91
2022-01-25,Ventura,111,848112,162552,157971,8752,166723,1263
2022-01-25,Yolo,113,214977,33402,31677,2703,34380,274
2022-01-25,Yuba,115,75493,14488,14038,941,14979,103
2022-01-24,Alameda,001,1643700,228575,216252,11705,227957,1581
2022-01-24,Alpine,003,1148,119,120,1,121,0
2022-01-24,Amador,005,37829,7597,7166,439,7605,73
2022-01-24,Butte,007,227075,29847,28607,5777,34384,350
2022-01-24,Calaveras,009,45235,6584,6172,227,6399,95
2022-01-24,Colusa,011,21464,3168,3052,956,4008,21
2022-01-24,Contra Costa,013,1133247,170690,162161,10691,172852,1092
2022-01-24,Del Norte,015,27424,4664,4460,118,4578,43
2022-01-24,El Dorado,017,186661,24774,23128,2850,25978,179
2022-01-24,Fresno,019,978130,204865,196092,20316,216408,2430
2022-01-24,Glenn,021,27897,4532,4367,1438,5805,39
2022-01-24,Humboldt,023,135768,14942,14416,2269,16685,126
2022-01-24,Imperial,025,180216,50560,48228,8861,57089,824
2022-01-24,Inyo,027,18085,3902,3805,297,4102,50
2022-01-24,Kern,029,883053,177411,169892,40778,210670,1946
2022-01-24,Kings,031,150075,45764,43260,3061,46321,396
2022-01-24,Lake,033,64148,9159,8423,681,9104,118
2022-01-24,Lassen,035,31185,8075,7732,775,8507,55
2022-01-24,Los Angeles,037,10098052,2534672,2391045,116341,2507386,28230
2022-01-24,Madera,039,155013,33068,31339,4490,35829,329
2022-01-24,Marin,041,260295,30398,29301,1917,31218,253
2022-01-24,Mariposa,043,17540,2133,2033,116,2149,6
2022-01-24,Mendocino,045,87422,11703,11002,2082,13084,103
2022-01-24,Merced,047,269075,56944,54970,6230,61200,730
2022-01-24,Modoc,049,8938,662,648,228,876,6
2022-01-24,Mono,051,14174,2851,2802,112,2914,4
2022-01-24,Monterey,053,433212,70452,61975,9733,71708,654
2022-01-24,Napa,055,140530,22783,21494,726,22220,111
2022-01-24,Nevada,057,99092,14530,13774,941,14715,112
2022-01-24,Orange,059,3164182,515952,501634,38237,539871,5969
2022-01-24,Placer,061,380077,57404,54933,6661,61594,518
2022-01-24,Plumas,063,18699,2608,2370,235,2605,12
2022-01-24,Riverside,065,2383286,554930,535962,25969,561931,5661
2022-01-24,Sacramento,067,1510023,255468,241522,22138,263660,2526
2022-01-24,San Benito,069,59416,11710,11331,432,11763,88
2022-01-24,San Bernardino,071,2135413,535915,515604,23230,538834,6285
2022-01-24,San Diego,073,3302833,690500,663580,46450,710030,4586
2022-01-24,San Francisco,075,870044,112068,105418,7406,112824,703
2022-01-24,San Joaquin,077,732212,152283,145984,8695,154679,1959
2022-01-24,San Luis Obispo,079,281455,46995,44616,3101,47717,387
2022-01-24,San Mateo,081,765935,110344,96968,5819,102787,586
2022-01-24,Santa Barbara,083,443738,76979,73866,4085,77951,591
2022-01-24,Santa Clara,085,1922200,276438,265341,10217,275558,2006
2022-01-24,Santa Cruz,087,273765,39309,37188,1895,39083,237
2022-01-24,Shasta,089,179085,27763,26871,5244,32115,452
2022-01-24,Sierra,091,2930,264,258,37,295,0
2022-01-24,Siskiyou,093,43540,4042,3934,2260,6194,64
2022-01-24,Solano,095,438530,72032,68094,4751,72845,400
2022-01-24,Sonoma,097,501317,74505,70733,2047,72780,423
2022-01-24,Stanislaus,099,539301,107806,104933,14528,119461,1395
2022-01-24,Sutter,101,95872,18896,18336,1417,19753,200
2022-01-24,Tehama,103,63373,10969,10567,2345,12912,145
2022-01-24,Trinity,105,12862,1067,978,261,1239,19
2022-01-24,Tulare,107,460477,95702,90089,24281,114370,1219
2022-01-24,Tuolumne,109,53932,11097,10374,365,10739,91
2022-01-24,Ventura,111,848112,161528,156551,8707,165258,1261
2022-01-24,Yolo,113,214977,33111,31480,2668,34148,273
2022-01-24,Yuba,115,75493,14381,13862,900,14762,103
2022-01-23,Alameda,001,1643700,225900,214003,11364,225367,1583
2022-01-23,Alpine,003,1148,119,120,1,121,0
2022-01-23,Amador,005,37829,7542,7090,399,7489,73
2022-01-23,Butte,007,227075,29555,28340,5670,34010,350
2022-01-23,Calaveras,009,45235,6519,6095,204,6299,95
2022-01-23,Colusa,011,21464,3142,3040,949,3989,21
2022-01-23,Contra Costa,013,1133247,168834,160798,10320,171118,1092
2022-01-23,Del Norte,015,27424,4598,4419,112,4531,43
2022-01-23,El Dorado,017,186661,24583,22925,2801,25726,179
2022-01-23,Fresno,019,978130,202397,193642,19860,213502,2430
2022-01-23,Glenn,021,27897,4481,4340,1414,5754,39
2022-01-23,Humboldt,023,135768,14823,14296,2187,16483,126
2022-01-23,Imperial,025,180216,49967,47935,8570,56505,824
2022-01-23,Inyo,027,18085,3875,3781,283,4064,50
2022-01-23,Kern,029,883053,176050,168585,40250,208835,1946
2022-01-23,Kings,031,150075,45128,42622,2957,45579,397
2022-01-23,Lake,033,64148,8989,8363,654,9017,118
2022-01-23,Lassen,035,31185,8025,7710,751,8461,55
2022-01-23,Los Angeles,037,10098052,2514365,2390590,115182,2505772,28231
2022-01-23,Madera,039,155013,32707,30962,4249,35211,329
2022-01-23,Marin,041,260295,30145,29025,1879,30904,253
2022-01-23,Mariposa,043,17540,2118,2011,113,2124,6
2022-01-23,Mendocino,045,87422,11578,10889,1955,12844,103
2022-01-23,Merced,047,269075,56393,54644,5782,60426,730
2022-01-23,Modoc,049,8938,660,645,225,870,6
2022-01-23,Mono,051,14174,2843,2788,110,2898,4
2022-01-23,Monterey,053,433212,69615,61522,9289,70811,654
2022-01-23,Napa,055,140530,22520,21281,713,21994,111
2022-01-23,Nevada,057,99092,14367,13629,913,14542,112
2022-01-23,Orange,059,3164182,512849,498968,37944,536912,5970
2022-01-23,Placer,061,380077,56833,54568,6571,61139,518
2022-01-23,Plumas,063,18699,2575,2368,206,2574,12
2022-01-23,Riverside,065,2383286,550508,532273,25662,557935,5661
2022-01-23,Sacramento,067,1510023,252823,239589,21168,260757,2530
2022-01-23,San Benito,069,59416,11587,11225,421,11646,88
2022-01-23,San Bernardino,071,2135413,532521,512657,22971,535628,6281
2022-01-23,San Diego,073,3302833,683835,640215,45651,685866,4566
2022-01-23,San Francisco,075,870044,110986,104485,7298,111783,704
2022-01-23,San Joaquin,077,732212,150691,144621,8618,153239,1959
2022-01-23,San Luis Obispo,079,281455,46303,44183,3022,47205,386
2022-01-23,San Mateo,081,765935,109224,95940,5670,101610,586
2022-01-23,Santa Barbara,083,443738,75852,73041,3958,76999,590
2022-01-23,Santa Clara,085,1922200,273081,261991,9888,271879,2005
2022-01-23,Santa Cruz,087,273765,38786,36547,1864,38411,237
2022-01-23,Shasta,089,179085,27466,26732,5121,31853,452
2022-01-23,Sierra,091,2930,263,252,37,289,0
2022-01-23,Siskiyou,093,43540,4016,3916,2202,6118,64
2022-01-23,Solano,095,438530,71236,67457,4655,72112,400
2022-01-23,Sonoma,097,501317,73543,69791,1997,71788,423
2022-01-23,Stanislaus,099,539301,106944,104067,14250,118317,1395
2022-01-23,Sutter,101,95872,18735,18175,1301,19476,200
2022-01-23,Tehama,103,63373,10870,10481,2313,12794,145
2022-01-23,Trinity,105,12862,1064,961,259,1220,19
2022-01-23,Tulare,107,460477,94439,89120,23833,112953,1219
2022-01-23,Tuolumne,109,53932,10906,10243,347,10590,91
2022-01-23,Ventura,111,848112,160345,155052,8635,163687,1261
2022-01-23,Yolo,113,214977,32735,30908,2626,33534,273
2022-01-23,Yuba,115,75493,14255,13762,845,14607,103
2022-01-22,Alameda,001,1643700,224807,203927,11330,215257,1575
2022-01-22,Alpine,003,1148,118,119,1,120,0
2022-01-22,Amador,005,37829,7509,6845,394,7239,73
2022-01-22,Butte,007,227075,29438,27232,5646,32878,350
2022-01-22,Calaveras,009,45235,6489,5835,203,6038,95
2022-01-22,Colusa,011,21464,3125,2954,946,3900,21
2022-01-22,Contra Costa,013,1133247,167907,154111,10290,164401,1091
2022-01-22,Del Norte,015,27424,4562,4269,108,4377,43
2022-01-22,El Dorado,017,186661,24513,22273,2791,25064,179
2022-01-22,Fresno,019,978130,201583,185292,19808,205100,2429
2022-01-22,Glenn,021,27897,4475,4174,1411,5585,39
2022-01-22,Humboldt,023,135768,14756,13628,2174,15802,125
2022-01-22,Imperial,025,180216,49777,45741,8509,54250,820
2022-01-22,Inyo,027,18085,3871,3706,259,3965,50
2022-01-22,Kern,029,883053,175425,162902,39944,202846,1946
2022-01-22,Kings,031,150075,44921,40580,2945,43525,396
2022-01-22,Lake,033,64148,8955,8056,646,8702,118
2022-01-22,Lassen,035,31185,7992,7545,744,8289,55
2022-01-22,Los Angeles,037,10098052,2506959,2286280,114676,2400956,28038
2022-01-22,Madera,039,155013,32589,29595,4236,33831,329
2022-01-22,Marin,041,260295,30019,27893,1874,29767,253
2022-01-22,Mariposa,043,17540,2114,1920,113,2033,6
2022-01-22,Mendocino,045,87422,11528,10395,1933,12328,103
2022-01-22,Merced,047,269075,56244,53025,5773,58798,727
2022-01-22,Modoc,049,8938,659,639,225,864,6
2022-01-22,Mono,051,14174,2842,2723,106,2829,4
2022-01-22,Monterey,053,433212,69409,59038,9247,68285,651
2022-01-22,Napa,055,140530,22425,20402,703,21105,111
2022-01-22,Nevada,057,99092,14299,12957,905,13862,112
2022-01-22,Orange,059,3164182,511249,480329,37695,518024,5946
2022-01-22,Placer,061,380077,56566,52557,6532,59089,512
2022-01-22,Plumas,063,18699,2558,2289,202,2491,12
2022-01-22,Riverside,065,2383286,548593,513567,25589,539156,5623
2022-01-22,Sacramento,067,1510023,251774,230206,21062,251268,2510
2022-01-22,San Benito,069,59416,11528,10743,416,11159,88
2022-01-22,San Bernardino,071,2135413,531039,495209,22886,518095,6267
2022-01-22,San Diego,073,3302833,681347,628904,45440,674344,4559
2022-01-22,San Francisco,075,870044,110330,100238,7149,107387,702
2022-01-22,San Joaquin,077,732212,150257,138264,8589,146853,1960
2022-01-22,San Luis Obispo,079,281455,46185,42154,3015,45169,385
2022-01-22,San Mateo,081,765935,108640,91440,5606,97046,585
2022-01-22,Santa Barbara,083,443738,75431,69555,3952,73507,589
2022-01-22,Santa Clara,085,1922200,271371,249205,9821,259026,1993
2022-01-22,Santa Cruz,087,273765,38610,33741,1857,35598,237
2022-01-22,Shasta,089,179085,27373,25919,5099,31018,450
2022-01-22,Sierra,091,2930,263,248,36,284,0
2022-01-22,Siskiyou,093,43540,3998,3845,2181,6026,62
2022-01-22,Solano,095,438530,71013,63882,4616,68498,391
2022-01-22,Sonoma,097,501317,73116,66013,1987,68000,422
2022-01-22,Stanislaus,099,539301,106490,100092,14159,114251,1393
2022-01-22,Sutter,101,95872,18667,17616,1288,18904,199
2022-01-22,Tehama,103,63373,10835,10171,2303,12474,142
2022-01-22,Trinity,105,12862,1062,925,259,1184,19
2022-01-22,Tulare,107,460477,94055,85223,23704,108927,1211
2022-01-22,Tuolumne,109,53932,10838,9731,341,10072,91
2022-01-22,Ventura,111,848112,159653,148742,8605,157347,1250
2022-01-22,Yolo,113,214977,32558,30061,2609,32670,273
2022-01-22,Yuba,115,75493,14165,13288,840,14128,103
2022-01-21,Alameda,001,1643700,223234,203927,11299,215226,1575
2022-01-21,Alpine,003,1148,118,119,1,120,0
2022-01-21,Amador,005,37829,7452,6845,391,7236,73
2022-01-21,Butte,007,227075,29309,27232,5603,32835,350
2022-01-21,Calaveras,009,45235,6444,5835,203,6038,95
2022-01-21,Colusa,011,21464,3118,2954,941,3895,21
2022-01-21,Contra Costa,013,1133247,166855,154111,10209,164320,1091
2022-01-21,Del Norte,015,27424,4521,4269,108,4377,43
2022-01-21,El Dorado,017,186661,24431,22273,2774,25047,179
2022-01-21,Fresno,019,978130,200339,185292,19721,205013,2429
2022-01-21,Glenn,021,27897,4457,4174,1406,5580,39
2022-01-21,Humboldt,023,135768,14687,13628,2155,15783,125
2022-01-21,Imperial,025,180216,49584,45741,8431,54172,820
2022-01-21,Inyo,027,18085,3858,3706,253,3959,50
2022-01-21,Kern,029,883053,174705,162902,39568,202470,1946
2022-01-21,Kings,031,150075,44724,40580,2938,43518,396
2022-01-21,Lake,033,64148,8898,8056,633,8689,118
2022-01-21,Lassen,035,31185,7940,7545,740,8285,55
2022-01-21,Los Angeles,037,10098052,2495658,2286280,114220,2400500,28038
2022-01-21,Madera,039,155013,32297,29595,4208,33803,329
2022-01-21,Marin,041,260295,29842,27893,1853,29746,253
2022-01-21,Mariposa,043,17540,2102,1920,112,2032,6
2022-01-21,Mendocino,045,87422,11447,10395,1930,12325,103
2022-01-21,Merced,047,269075,56084,53025,5769,58794,727
2022-01-21,Modoc,049,8938,658,639,225,864,6
2022-01-21,Mono,051,14174,2828,2723,103,2826,4
2022-01-21,Monterey,053,433212,68938,59038,9114,68152,651
2022-01-21,Napa,055,140530,22305,20402,695,21097,111
2022-01-21,Nevada,057,99092,14202,12957,901,13858,112
2022-01-21,Orange,059,3164182,509003,480329,37447,517776,5946
2022-01-21,Placer,061,380077,56174,52557,6469,59026,512
2022-01-21,Plumas,063,18699,2546,2289,197,2486,12
2022-01-21,Riverside,065,2383286,545941,513567,25510,539077,5623
2022-01-21,Sacramento,067,1510023,250324,230206,20958,251164,2510
2022-01-21,San Benito,069,59416,11493,10743,413,11156,88
2022-01-21,San Bernardino,071,2135413,529055,495209,22816,518025,6267
2022-01-21,San Diego,073,3302833,677147,628904,45279,674183,4559
2022-01-21,San Francisco,075,870044,109566,100238,7061,107299,702
2022-01-21,San Joaquin,077,732212,149674,138264,8550,146814,1960
2022-01-21,San Luis Obispo,079,281455,46059,42154,3012,45166,385
2022-01-21,San Mateo,081,765935,107967,91440,5565,97005,585
2022-01-21,Santa Barbara,083,443738,74929,69555,3942,73497,589
2022-01-21,Santa Clara,085,1922200,269515,249205,9714,258919,1993
2022-01-21,Santa Cruz,087,273765,37914,33741,1844,35585,237
2022-01-21,Shasta,089,179085,27285,25919,5052,30971,450
2022-01-21,Sierra,091,2930,261,248,35,283,0
2022-01-21,Siskiyou,093,43540,3990,3845,2163,6008,62
2022-01-21,Solano,095,438530,70602,63882,4534,68416,391
2022-01-21,Sonoma,097,501317,72592,66013,1977,67990,422
2022-01-21,Stanislaus,099,539301,105986,100092,14098,114190,1393
2022-01-21,Sutter,101,95872,18581,17616,1271,18887,199
2022-01-21,Tehama,103,63373,10799,10171,2301,12472,142
2022-01-21,Trinity,105,12862,1056,925,258,1183,19
2022-01-21,Tulare,107,460477,93577,85223,23536,108759,1211
2022-01-21,Tuolumne,109,53932,10756,9731,334,10065,91
2022-01-21,Ventura,111,848112,158844,148742,8576,157318,1250
2022-01-21,Yolo,113,214977,32393,30061,2586,32647,273
2022-01-21,Yuba,115,75493,14093,13288,833,14121,103
2022-01-20,Alameda,001,1643700,220171,203927,11054,214981,1575
2022-01-20,Alpine,003,1148,118,119,1,120,0
2022-01-20,Amador,005,37829,7387,6845,373,7218,73
2022-01-20,Butte,007,227075,29049,27232,5525,32757,350
2022-01-20,Calaveras,009,45235,6339,5835,194,6029,95
2022-01-20,Colusa,011,21464,3087,2954,929,3883,21
2022-01-20,Contra Costa,013,1133247,164889,154111,9941,164052,1091
2022-01-20,Del Norte,015,27424,4481,4269,105,4374,43
2022-01-20,El Dorado,017,186661,24228,22273,2731,25004,179
2022-01-20,Fresno,019,978130,197733,185292,19356,204648,2429
2022-01-20,Glenn,021,27897,4422,4174,1397,5571,39
2022-01-20,Humboldt,023,135768,14558,13628,2103,15731,125
2022-01-20,Imperial,025,180216,49066,45741,8248,53989,820
2022-01-20,Inyo,027,18085,3846,3706,242,3948,50
2022-01-20,Kern,029,883053,173175,162902,39021,201923,1946
2022-01-20,Kings,031,150075,44169,40580,2895,43475,396
2022-01-20,Lake,033,64148,8803,8056,605,8661,118
2022-01-20,Lassen,035,31185,7890,7545,725,8270,55
2022-01-20,Los Angeles,037,10098052,2470925,2286280,113236,2399516,28038
2022-01-20,Madera,039,155013,31906,29595,4082,33677,329
2022-01-20,Marin,041,260295,29547,27893,1816,29709,253
2022-01-20,Mariposa,043,17540,2075,1920,109,2029,6
2022-01-20,Mendocino,045,87422,11350,10395,1852,12247,103
2022-01-20,Merced,047,269075,55654,53025,5540,58565,727
2022-01-20,Modoc,049,8938,656,639,225,864,6
2022-01-20,Mono,051,14174,2820,2723,102,2825,4
2022-01-20,Monterey,053,433212,68172,59038,8695,67733,651
2022-01-20,Napa,055,140530,22039,20402,656,21058,111
2022-01-20,Nevada,057,99092,14055,12957,878,13835,112
2022-01-20,Orange,059,3164182,505044,480329,37074,517403,5946
2022-01-20,Placer,061,380077,55683,52557,6408,58965,512
2022-01-20,Plumas,063,18699,2519,2289,193,2482,12
2022-01-20,Riverside,065,2383286,541373,513567,25272,538839,5623
2022-01-20,Sacramento,067,1510023,248018,230206,20306,250512,2510
2022-01-20,San Benito,069,59416,11383,10743,400,11143,88
2022-01-20,San Bernardino,071,2135413,524958,495209,22534,517743,6267
2022-01-20,San Diego,073,3302833,670058,628904,44584,673488,4559
2022-01-20,San Francisco,075,870044,108407,100238,6920,107158,702
2022-01-20,San Joaquin,077,732212,148033,138264,8430,146694,1960
2022-01-20,San Luis Obispo,079,281455,45550,42154,2978,45132,385
2022-01-20,San Mateo,081,765935,106740,91440,5359,96799,585
2022-01-20,Santa Barbara,083,443738,74031,69555,3829,73384,589
2022-01-20,Santa Clara,085,1922200,266141,249205,9381,258586,1993
2022-01-20,Santa Cruz,087,273765,37061,33741,1821,35562,237
2022-01-20,Shasta,089,179085,27095,25919,4985,30904,450
2022-01-20,Sierra,091,2930,261,248,33,281,0
2022-01-20,Siskiyou,093,43540,3978,3845,2130,5975,62
2022-01-20,Solano,095,438530,69655,63882,4445,68327,391
2022-01-20,Sonoma,097,501317,71558,66013,1930,67943,422
2022-01-20,Stanislaus,099,539301,105033,100092,13892,113984,1393
2022-01-20,Sutter,101,95872,18416,17616,1242,18858,199
2022-01-20,Tehama,103,63373,10724,10171,2283,12454,142
2022-01-20,Trinity,105,12862,1043,925,257,1182,19
2022-01-20,Tulare,107,460477,92512,85223,23221,108444,1211
2022-01-20,Tuolumne,109,53932,10614,9731,322,10053,91
2022-01-20,Ventura,111,848112,157458,148742,8504,157246,1250
2022-01-20,Yolo,113,214977,32108,30061,2553,32614,273
2022-01-20,Yuba,115,75493,13986,13288,800,14088,103
2022-01-19,Alameda,001,1643700,216810,199739,10714,210453,1571
2022-01-19,Alpine,003,1148,117,119,1,120,0
2022-01-19,Amador,005,37829,7306,6789,331,7120,73
2022-01-19,Butte,007,227075,28744,26839,5450,32289,351
2022-01-19,Calaveras,009,45235,6248,5765,185,5950,95
2022-01-19,Colusa,011,21464,3062,2938,921,3859,21
2022-01-19,Contra Costa,013,1133247,162579,151543,9696,161239,1091
2022-01-19,Del Norte,015,27424,4442,4240,104,4344,43
2022-01-19,El Dorado,017,186661,23975,21953,2689,24642,177
2022-01-19,Fresno,019,978130,194828,181526,19043,200569,2430
2022-01-19,Glenn,021,27897,4371,4127,1387,5514,39
2022-01-19,Humboldt,023,135768,14399,13391,2049,15440,125
2022-01-19,Imperial,025,180216,48343,45156,8038,53194,820
2022-01-19,Inyo,027,18085,3823,3680,203,3883,49
2022-01-19,Kern,029,883053,171415,160747,38336,199083,1946
2022-01-19,Kings,031,150075,43470,40027,2816,42843,395
2022-01-19,Lake,033,64148,8677,7972,592,8564,118
2022-01-19,Lassen,035,31185,7832,7507,703,8210,55
2022-01-19,Los Angeles,037,10098052,2442528,2251718,111799,2363517,27934
2022-01-19,Madera,039,155013,31526,29021,3906,32927,329
2022-01-19,Marin,041,260295,29252,27375,1773,29148,251
2022-01-19,Mariposa,043,17540,2050,1896,103,1999,6
2022-01-19,Mendocino,045,87422,11178,10252,1758,12010,103
2022-01-19,Merced,047,269075,55111,52355,5184,57539,724
2022-01-19,Modoc,049,8938,654,635,224,859,6
2022-01-19,Mono,051,14174,2798,2677,100,2777,4
2022-01-19,Monterey,053,433212,67262,58426,8232,66658,651
2022-01-19,Napa,055,140530,21786,20090,629,20719,110
2022-01-19,Nevada,057,99092,13901,12703,848,13551,112
2022-01-19,Orange,059,3164182,500557,468460,36701,505161,5943
2022-01-19,Placer,061,380077,55116,51545,6337,57882,511
2022-01-19,Plumas,063,18699,2481,2239,186,2425,12
2022-01-19,Riverside,065,2383286,535846,503575,25031,528606,5604
2022-01-19,Sacramento,067,1510023,245127,226035,19549,245584,2512
2022-01-19,San Benito,069,59416,11242,10639,388,11027,88
2022-01-19,San Bernardino,071,2135413,520352,487846,22162,510008,6265
2022-01-19,San Diego,073,3302833,661268,614709,43877,658586,4553
2022-01-19,San Francisco,075,870044,107033,98652,6841,105493,694
2022-01-19,San Joaquin,077,732212,146142,135953,8304,144257,1959
2022-01-19,San Luis Obispo,079,281455,44952,41374,2912,44286,382
2022-01-19,San Mateo,081,765935,105319,89715,5092,94807,585
2022-01-19,Santa Barbara,083,443738,73030,68531,3728,72259,586
2022-01-19,Santa Clara,085,1922200,262356,244922,9018,253940,1991
2022-01-19,Santa Cruz,087,273765,35818,33026,1797,34823,237
2022-01-19,Shasta,089,179085,26829,25355,4913,30268,450
2022-01-19,Sierra,091,2930,261,245,32,277,0
2022-01-19,Siskiyou,093,43540,3954,3821,2073,5894,62
2022-01-19,Solano,095,438530,68814,63003,4317,67320,392
2022-01-19,Sonoma,097,501317,70454,64689,1888,66577,420
2022-01-19,Stanislaus,099,539301,103987,98952,13602,112554,1381
2022-01-19,Sutter,101,95872,18248,17436,1150,18586,199
2022-01-19,Tehama,103,63373,10611,10064,2234,12298,142
2022-01-19,Trinity,105,12862,1031,916,256,1172,19
2022-01-19,Tulare,107,460477,91211,83743,22734,106477,1200
2022-01-19,Tuolumne,109,53932,10457,9613,298,9911,91
2022-01-19,Ventura,111,848112,155944,144738,8433,153171,1234
2022-01-19,Yolo,113,214977,31742,29392,2517,31909,273
2022-01-19,Yuba,115,75493,13823,13114,787,13901,104
2022-01-18,Alameda,001,1643700,213450,195728,10397,206125,1566
2022-01-18,Alpine,003,1148,117,118,1,119,0
2022-01-18,Amador,005,37829,7168,6691,294,6985,73
2022-01-18,Butte,007,227075,28351,26514,5373,31887,347
2022-01-18,Calaveras,009,45235,6160,5684,170,5854,94
2022-01-18,Colusa,011,21464,3018,2903,916,3819,21
2022-01-18,Contra Costa,013,1133247,160570,149446,9322,158768,1085
2022-01-18,Del Norte,015,27424,4372,4229,99,4328,43
2022-01-18,El Dorado,017,186661,23593,21707,2643,24350,175
2022-01-18,Fresno,019,978130,191365,178922,18630,197552,2425
2022-01-18,Glenn,021,27897,4338,4070,1375,5445,39
2022-01-18,Humboldt,023,135768,14231,13218,1977,15195,125
2022-01-18,Imperial,025,180216,47647,44742,7848,52590,819
2022-01-18,Inyo,027,18085,3782,3654,192,3846,49
2022-01-18,Kern,029,883053,169395,158864,37573,196437,1943
2022-01-18,Kings,031,150075,42592,39440,2733,42173,392
2022-01-18,Lake,033,64148,8564,7919,572,8491,117
2022-01-18,Lassen,035,31185,7748,7461,664,8125,55
2022-01-18,Los Angeles,037,10098052,2409102,2227360,110361,2337721,27871
2022-01-18,Madera,039,155013,31002,28717,3718,32435,329
2022-01-18,Marin,041,260295,28950,27036,1730,28766,251
2022-01-18,Mariposa,043,17540,2025,1872,99,1971,6
2022-01-18,Mendocino,045,87422,11008,10114,1670,11784,103
2022-01-18,Merced,047,269075,54499,51746,4902,56648,718
2022-01-18,Modoc,049,8938,652,633,219,852,6
2022-01-18,Mono,051,14174,2777,2643,99,2742,4
2022-01-18,Monterey,053,433212,66488,57846,7747,65593,650
2022-01-18,Napa,055,140530,21453,19911,612,20523,109
2022-01-18,Nevada,057,99092,13718,12584,805,13389,111
2022-01-18,Orange,059,3164182,495207,461324,36190,497514,5938
2022-01-18,Placer,061,380077,54474,50983,6261,57244,508
2022-01-18,Plumas,063,18699,2445,2218,180,2398,12
2022-01-18,Riverside,065,2383286,529868,497278,24721,521999,5599
2022-01-18,Sacramento,067,1510023,242051,223745,18522,242267,2496
2022-01-18,San Benito,069,59416,11100,10520,374,10894,88
2022-01-18,San Bernardino,071,2135413,515062,483753,21730,505483,6258
2022-01-18,San Diego,073,3302833,651049,605137,42863,648000,4547
2022-01-18,San Francisco,075,870044,105558,96505,6725,103230,694
2022-01-18,San Joaquin,077,732212,144205,134365,8129,142494,1957
2022-01-18,San Luis Obispo,079,281455,44267,40848,2825,43673,381
2022-01-18,San Mateo,081,765935,103800,88225,4894,93119,585
2022-01-18,Santa Barbara,083,443738,71810,67216,3554,70770,581
2022-01-18,Santa Clara,085,1922200,258171,240281,8613,248894,1986
2022-01-18,Santa Cruz,087,273765,35181,32203,1762,33965,237
2022-01-18,Shasta,089,179085,26546,25162,4819,29981,448
2022-01-18,Sierra,091,2930,257,244,32,276,0
2022-01-18,Siskiyou,093,43540,3920,3799,2019,5818,62
2022-01-18,Solano,095,438530,67964,62204,4208,66412,391
2022-01-18,Sonoma,097,501317,69072,63714,1833,65547,419
2022-01-18,Stanislaus,099,539301,102768,98000,13253,111253,1379
2022-01-18,Sutter,101,95872,18057,17295,1074,18369,198
2022-01-18,Tehama,103,63373,10513,9975,2180,12155,142
2022-01-18,Trinity,105,12862,1018,907,255,1162,19
2022-01-18,Tulare,107,460477,89740,82667,22300,104967,1196
2022-01-18,Tuolumne,109,53932,10288,9528,286,9814,91
2022-01-18,Ventura,111,848112,154234,143384,8360,151744,1233
2022-01-18,Yolo,113,214977,31346,28786,2466,31252,270
2022-01-18,Yuba,115,75493,13663,12971,761,13732,101
2022-01-17,Alameda,001,1643700,208766,193276,9788,203064,1565
2022-01-17,Alpine,003,1148,116,118,0,118,0
2022-01-17,Amador,005,37829,7054,6640,236,6876,73
2022-01-17,Butte,007,227075,27973,26303,5268,31571,348
2022-01-17,Calaveras,009,45235,6028,5584,142,5726,94
2022-01-17,Colusa,011,21464,2995,2905,909,3814,21
2022-01-17,Contra Costa,013,1133247,157809,147993,8832,156825,1086
2022-01-17,Del Norte,015,27424,4321,4209,92,4301,43
2022-01-17,El Dorado,017,186661,23339,21540,2561,24101,175
2022-01-17,Fresno,019,978130,187688,176959,18132,195091,2426
2022-01-17,Glenn,021,27897,4285,4055,1361,5416,39
2022-01-17,Humboldt,023,135768,14025,13120,1810,14930,125
2022-01-17,Imperial,025,180216,46959,44412,7673,52085,821
2022-01-17,Inyo,027,18085,3760,3650,165,3815,49
2022-01-17,Kern,029,883053,166848,157645,36688,194333,1944
2022-01-17,Kings,031,150075,41459,39143,2610,41753,392
2022-01-17,Lake,033,64148,8415,7864,532,8396,117
2022-01-17,Lassen,035,31185,7646,7417,626,8043,55
2022-01-17,Los Angeles,037,10098052,2369880,2205740,108397,2314137,27832
2022-01-17,Madera,039,155013,30346,28568,3530,32098,329
2022-01-17,Marin,041,260295,28543,26633,1674,28307,251
2022-01-17,Mariposa,043,17540,1999,1862,93,1955,6
2022-01-17,Mendocino,045,87422,10785,10030,1528,11558,103
2022-01-17,Merced,047,269075,53819,51227,4339,55566,718
2022-01-17,Modoc,049,8938,648,630,219,849,6
2022-01-17,Mono,051,14174,2754,2642,98,2740,4
2022-01-17,Monterey,053,433212,65370,57318,7319,64637,647
2022-01-17,Napa,055,140530,21109,19647,589,20236,109
2022-01-17,Nevada,057,99092,13530,12414,767,13181,111
2022-01-17,Orange,059,3164182,489245,457418,35719,493137,5933
2022-01-17,Placer,061,380077,53739,50511,6115,56626,508
2022-01-17,Plumas,063,18699,2401,2205,150,2355,12
2022-01-17,Riverside,065,2383286,523066,491322,24264,515586,5600
2022-01-17,Sacramento,067,1510023,237982,221143,17121,238264,2497
2022-01-17,San Benito,069,59416,10933,10432,346,10778,88
2022-01-17,San Bernardino,071,2135413,508774,480243,21184,501427,6259
2022-01-17,San Diego,073,3302833,638851,569241,41662,610903,4545
2022-01-17,San Francisco,075,870044,103924,95292,6531,101823,694
2022-01-17,San Joaquin,077,732212,141365,133414,7952,141366,1958
2022-01-17,San Luis Obispo,079,281455,43438,40425,2723,43148,379
2022-01-17,San Mateo,081,765935,101832,87013,4636,91649,585
2022-01-17,Santa Barbara,083,443738,70486,66704,3353,70057,581
2022-01-17,Santa Clara,085,1922200,253609,237934,8172,246106,1985
2022-01-17,Santa Cruz,087,273765,34410,31714,1724,33438,237
2022-01-17,Shasta,089,179085,26257,25025,4697,29722,448
2022-01-17,Sierra,091,2930,256,242,32,274,0
2022-01-17,Siskiyou,093,43540,3881,3764,1939,5703,62
2022-01-17,Solano,095,438530,66925,61497,3946,65443,391
2022-01-17,Sonoma,097,501317,67562,62763,1771,64534,419
2022-01-17,Stanislaus,099,539301,101455,96951,12779,109730,1379
2022-01-17,Sutter,101,95872,17849,17159,934,18093,198
2022-01-17,Tehama,103,63373,10391,9912,2120,12032,142
2022-01-17,Trinity,105,12862,1005,906,251,1157,19
2022-01-17,Tulare,107,460477,87974,81741,21728,103469,1199
2022-01-17,Tuolumne,109,53932,10153,9416,252,9668,91
2022-01-17,Ventura,111,848112,152116,142070,8249,150319,1234
2022-01-17,Yolo,113,214977,30818,28638,2401,31039,270
2022-01-17,Yuba,115,75493,13465,12871,705,13576,101
2022-01-16,Alameda,001,1643700,205705,190691,9525,200216,1564
2022-01-16,Alpine,003,1148,116,118,0,118,0
2022-01-16,Amador,005,37829,6980,6618,228,6846,73
2022-01-16,Butte,007,227075,27638,26139,5219,31358,348
2022-01-16,Calaveras,009,45235,5927,5537,138,5675,94
2022-01-16,Colusa,011,21464,2978,2886,897,3783,21
2022-01-16,Contra Costa,013,1133247,155900,146307,8630,154937,1086
2022-01-16,Del Norte,015,27424,4278,4177,90,4267,43
2022-01-16,El Dorado,017,186661,23063,21303,2522,23825,175
2022-01-16,Fresno,019,978130,184984,174818,17773,192591,2425
2022-01-16,Glenn,021,27897,4230,4049,1339,5388,39
2022-01-16,Humboldt,023,135768,13878,13075,1791,14866,125
2022-01-16,Imperial,025,180216,46381,44035,7506,51541,821
2022-01-16,Inyo,027,18085,3723,3602,143,3745,49
2022-01-16,Kern,029,883053,165573,156655,35894,192549,1944
2022-01-16,Kings,031,150075,41086,38861,2583,41444,392
2022-01-16,Lake,033,64148,8311,7823,497,8320,117
2022-01-16,Lassen,035,31185,7603,7391,612,8003,55
2022-01-16,Los Angeles,037,10098052,2346692,2174403,106859,2281262,27805
2022-01-16,Madera,039,155013,29975,28313,3478,31791,329
2022-01-16,Marin,041,260295,28248,26292,1660,27952,251
2022-01-16,Mariposa,043,17540,1972,1851,88,1939,6
2022-01-16,Mendocino,045,87422,10639,9992,1411,11403,102
2022-01-16,Merced,047,269075,53231,50882,4317,55199,718
2022-01-16,Modoc,049,8938,645,629,219,848,6
2022-01-16,Mono,051,14174,2750,2614,96,2710,4
2022-01-16,Monterey,053,433212,64605,57012,7170,64182,647
2022-01-16,Napa,055,140530,20843,19521,578,20099,109
2022-01-16,Nevada,057,99092,13313,12307,748,13055,111
2022-01-16,Orange,059,3164182,483844,451962,35162,487124,5932
2022-01-16,Placer,061,380077,53021,50076,6001,56077,508
2022-01-16,Plumas,063,18699,2366,2204,140,2344,12
2022-01-16,Riverside,065,2383286,517586,485191,24036,509227,5600
2022-01-16,Sacramento,067,1510023,235009,218819,16378,235197,2491
2022-01-16,San Benito,069,59416,10777,10377,344,10721,88
2022-01-16,San Bernardino,071,2135413,504970,474425,20939,495364,6259
2022-01-16,San Diego,073,3302833,631253,569241,41230,610471,4545
2022-01-16,San Francisco,075,870044,102382,94139,6392,100531,694
2022-01-16,San Joaquin,077,732212,139585,132214,7846,140060,1958
2022-01-16,San Luis Obispo,079,281455,42781,40113,2683,42796,379
2022-01-16,San Mateo,081,765935,100307,85966,4541,90507,585
2022-01-16,Santa Barbara,083,443738,69459,66111,3313,69424,582
2022-01-16,Santa Clara,085,1922200,249873,234293,8018,242311,1984
2022-01-16,Santa Cruz,087,273765,33775,31469,1700,33169,237
2022-01-16,Shasta,089,179085,26012,24980,4629,29609,449
2022-01-16,Sierra,091,2930,252,238,31,269,0
2022-01-16,Siskiyou,093,43540,3854,3748,1899,5647,62
2022-01-16,Solano,095,438530,66252,60885,3814,64699,391
2022-01-16,Sonoma,097,501317,66490,61842,1751,63593,419
2022-01-16,Stanislaus,099,539301,100388,96370,12639,109009,1379
2022-01-16,Sutter,101,95872,17648,16996,911,17907,198
2022-01-16,Tehama,103,63373,10308,9868,2098,11966,142
2022-01-16,Trinity,105,12862,1001,889,249,1138,19
2022-01-16,Tulare,107,460477,86648,80867,21454,102321,1199
2022-01-16,Tuolumne,109,53932,10048,9369,243,9612,91
2022-01-16,Ventura,111,848112,150541,140715,8177,148892,1234
2022-01-16,Yolo,113,214977,30428,28481,2346,30827,270
2022-01-16,Yuba,115,75493,13289,12760,699,13459,101
2022-01-15,Alameda,001,1643700,204350,177768,9473,187241,1561
2022-01-15,Alpine,003,1148,116,117,0,117,0
2022-01-15,Amador,005,37829,6948,6434,214,6648,72
2022-01-15,Butte,007,227075,27484,25032,5169,30201,348
2022-01-15,Calaveras,009,45235,5895,5258,138,5396,93
2022-01-15,Colusa,011,21464,2965,2796,889,3685,21
2022-01-15,Contra Costa,013,1133247,154688,137643,8577,146220,1082
2022-01-15,Del Norte,015,27424,4263,4065,88,4153,43
2022-01-15,El Dorado,017,186661,22964,20434,2505,22939,175
2022-01-15,Fresno,019,978130,184057,167361,17686,185047,2415
2022-01-15,Glenn,021,27897,4223,3906,1332,5238,39
2022-01-15,Humboldt,023,135768,13775,12419,1775,14194,123
2022-01-15,Imperial,025,180216,46240,42508,7395,49903,817
2022-01-15,Inyo,027,18085,3713,3395,143,3538,49
2022-01-15,Kern,029,883053,164732,150085,35502,185587,1938
2022-01-15,Kings,031,150075,40837,37221,2571,39792,391
2022-01-15,Lake,033,64148,8272,7641,484,8125,117
2022-01-15,Lassen,035,31185,7562,7274,606,7880,55
2022-01-15,Los Angeles,037,10098052,2335144,2047927,105904,2153831,27641
2022-01-15,Madera,039,155013,29828,27294,3455,30749,329
2022-01-15,Marin,041,260295,28061,25248,1653,26901,251
2022-01-15,Mariposa,043,17540,1965,1762,88,1850,6
2022-01-15,Mendocino,045,87422,10566,9534,1406,10940,102
2022-01-15,Merced,047,269075,53066,48904,4306,53210,715
2022-01-15,Modoc,049,8938,643,628,219,847,6
2022-01-15,Mono,051,14174,2745,2508,95,2603,4
2022-01-15,Monterey,053,433212,64093,55315,7101,62416,647
2022-01-15,Napa,055,140530,20722,17648,573,18221,109
2022-01-15,Nevada,057,99092,13255,11773,734,12507,111
2022-01-15,Orange,059,3164182,481248,433141,34887,468028,5914
2022-01-15,Placer,061,380077,52737,47780,5967,53747,501
2022-01-15,Plumas,063,18699,2345,2158,135,2293,12
2022-01-15,Riverside,065,2383286,514910,466381,23901,490282,5578
2022-01-15,Sacramento,067,1510023,233846,208156,16276,224432,2491
2022-01-15,San Benito,069,59416,10678,9868,338,10206,87
2022-01-15,San Bernardino,071,2135413,502704,454395,20792,475187,6233
2022-01-15,San Diego,073,3302833,627465,559385,40978,600363,4540
2022-01-15,San Francisco,075,870044,101385,88004,6256,94260,692
2022-01-15,San Joaquin,077,732212,139024,125136,7753,132889,1954
2022-01-15,San Luis Obispo,079,281455,42592,38231,2670,40901,374
2022-01-15,San Mateo,081,765935,99350,80494,4500,84994,582
2022-01-15,Santa Barbara,083,443738,68860,62312,3302,65614,579
2022-01-15,Santa Clara,085,1922200,247651,218986,7899,226885,1974
2022-01-15,Santa Cruz,087,273765,33421,29414,1692,31106,235
2022-01-15,Shasta,089,179085,25924,24482,4597,29079,445
2022-01-15,Sierra,091,2930,251,232,30,262,0
2022-01-15,Siskiyou,093,43540,3842,3661,1888,5549,62
2022-01-15,Solano,095,438530,65973,58061,3763,61824,389
2022-01-15,Sonoma,097,501317,65907,58181,1745,59926,418
2022-01-15,Stanislaus,099,539301,99805,92986,12540,105526,1379
2022-01-15,Sutter,101,95872,17558,16345,901,17246,197
2022-01-15,Tehama,103,63373,10260,9572,2079,11651,141
2022-01-15,Trinity,105,12862,998,872,249,1121,19
2022-01-15,Tulare,107,460477,86202,77769,21328,99097,1192
2022-01-15,Tuolumne,109,53932,9949,9042,238,9280,91
2022-01-15,Ventura,111,848112,149768,134736,8141,142877,1227
2022-01-15,Yolo,113,214977,30249,27311,2326,29637,270
2022-01-15,Yuba,115,75493,13227,12200,695,12895,101
2022-01-14,Alameda,001,1643700,202305,177768,9420,187188,1561
2022-01-14,Alpine,003,1148,116,117,0,117,0
2022-01-14,Amador,005,37829,6873,6434,205,6639,72
2022-01-14,Butte,007,227075,27298,25032,5141,30173,348
2022-01-14,Calaveras,009,45235,5858,5258,137,5395,93
2022-01-14,Colusa,011,21464,2956,2796,879,3675,21
2022-01-14,Contra Costa,013,1133247,153247,137643,8476,146119,1082
2022-01-14,Del Norte,015,27424,4237,4065,87,4152,43
2022-01-14,El Dorado,017,186661,22810,20434,2487,22921,175
2022-01-14,Fresno,019,978130,182406,167361,17610,184971,2415
2022-01-14,Glenn,021,27897,4201,3906,1323,5229,39
2022-01-14,Humboldt,023,135768,13670,12419,1742,14161,123
2022-01-14,Imperial,025,180216,46068,42508,7375,49883,817
2022-01-14,Inyo,027,18085,3688,3395,139,3534,49
2022-01-14,Kern,029,883053,163735,150085,35065,185150,1938
2022-01-14,Kings,031,150075,40588,37221,2562,39783,391
2022-01-14,Lake,033,64148,8216,7641,471,8112,117
2022-01-14,Lassen,035,31185,7532,7274,594,7868,55
2022-01-14,Los Angeles,037,10098052,2315819,2047927,104864,2152791,27641
2022-01-14,Madera,039,155013,29591,27294,3430,30724,329
2022-01-14,Marin,041,260295,27800,25248,1617,26865,251
2022-01-14,Mariposa,043,17540,1950,1762,88,1850,6
2022-01-14,Mendocino,045,87422,10455,9534,1393,10927,102
2022-01-14,Merced,047,269075,52886,48904,4286,53190,715
2022-01-14,Modoc,049,8938,642,628,219,847,6
2022-01-14,Mono,051,14174,2724,2508,93,2601,4
2022-01-14,Monterey,053,433212,63404,55315,7010,62325,647
2022-01-14,Napa,055,140530,20552,17648,567,18215,109
2022-01-14,Nevada,057,99092,13132,11773,721,12494,111
2022-01-14,Orange,059,3164182,477513,433141,34566,467707,5914
2022-01-14,Placer,061,380077,52304,47780,5882,53662,501
2022-01-14,Plumas,063,18699,2337,2158,128,2286,12
2022-01-14,Riverside,065,2383286,511392,466381,23758,490139,5578
2022-01-14,Sacramento,067,1510023,231894,208156,16121,224277,2491
2022-01-14,San Benito,069,59416,10626,9868,337,10205,87
2022-01-14,San Bernardino,071,2135413,499612,454395,20604,474999,6233
2022-01-14,San Diego,073,3302833,621815,559385,40676,600061,4540
2022-01-14,San Francisco,075,870044,100208,88004,6079,94083,692
2022-01-14,San Joaquin,077,732212,138182,125136,7704,132840,1954
2022-01-14,San Luis Obispo,079,281455,42426,38231,2647,40878,374
2022-01-14,San Mateo,081,765935,98123,80494,4471,84965,582
2022-01-14,Santa Barbara,083,443738,68344,62312,3292,65604,579
2022-01-14,Santa Clara,085,1922200,245044,218986,7792,226778,1974
2022-01-14,Santa Cruz,087,273765,33049,29414,1681,31095,235
2022-01-14,Shasta,089,179085,25809,24482,4563,29045,445
2022-01-14,Sierra,091,2930,249,232,28,260,0
2022-01-14,Siskiyou,093,43540,3831,3661,1875,5536,62
2022-01-14,Solano,095,438530,65130,58061,3673,61734,389
2022-01-14,Sonoma,097,501317,65373,58181,1718,59899,418
2022-01-14,Stanislaus,099,539301,99199,92986,12439,105425,1379
2022-01-14,Sutter,101,95872,17432,16345,892,17237,197
2022-01-14,Tehama,103,63373,10207,9572,2067,11639,141
2022-01-14,Trinity,105,12862,993,872,247,1119,19
2022-01-14,Tulare,107,460477,85671,77769,21153,98922,1192
2022-01-14,Tuolumne,109,53932,9826,9042,233,9275,91
2022-01-14,Ventura,111,848112,148664,134736,8083,142819,1227
2022-01-14,Yolo,113,214977,30013,27311,2296,29607,270
2022-01-14,Yuba,115,75493,13125,12200,690,12890,101
2022-01-13,Alameda,001,1643700,197990,177768,9059,186827,1561
2022-01-13,Alpine,003,1148,115,117,0,117,0
2022-01-13,Amador,005,37829,6813,6434,184,6618,72
2022-01-13,Butte,007,227075,27000,25032,5029,30061,348
2022-01-13,Calaveras,009,45235,5767,5258,133,5391,93
2022-01-13,Colusa,011,21464,2925,2796,869,3665,21
2022-01-13,Contra Costa,013,1133247,150722,137643,8013,145656,1082
2022-01-13,Del Norte,015,27424,4202,4065,86,4151,43
2022-01-13,El Dorado,017,186661,22563,20434,2442,22876,175
2022-01-13,Fresno,019,978130,179610,167361,17241,184602,2415
2022-01-13,Glenn,021,27897,4153,3906,1297,5203,39
2022-01-13,Humboldt,023,135768,13517,12419,1680,14099,123
2022-01-13,Imperial,025,180216,45516,42508,7145,49653,817
2022-01-13,Inyo,027,18085,3632,3395,122,3517,49
2022-01-13,Kern,029,883053,162143,150085,34465,184550,1938
2022-01-13,Kings,031,150075,40105,37221,2517,39738,391
2022-01-13,Lake,033,64148,8116,7641,450,8091,117
2022-01-13,Lassen,035,31185,7503,7274,578,7852,55
2022-01-13,Los Angeles,037,10098052,2279336,2047927,103072,2150999,27641
2022-01-13,Madera,039,155013,29128,27294,3336,30630,329
2022-01-13,Marin,041,260295,27454,25248,1573,26821,251
2022-01-13,Mariposa,043,17540,1927,1762,85,1847,6
2022-01-13,Mendocino,045,87422,10364,9534,1325,10859,102
2022-01-13,Merced,047,269075,52228,48904,4021,52925,715
2022-01-13,Modoc,049,8938,639,628,219,847,6
2022-01-13,Mono,051,14174,2701,2508,90,2598,4
2022-01-13,Monterey,053,433212,62466,55315,6720,62035,647
2022-01-13,Napa,055,140530,20255,17648,557,18205,109
2022-01-13,Nevada,057,99092,12944,11773,691,12464,111
2022-01-13,Orange,059,3164182,471058,433141,34108,467249,5914
2022-01-13,Placer,061,380077,51672,47780,5767,53547,501
2022-01-13,Plumas,063,18699,2317,2158,118,2276,12
2022-01-13,Riverside,065,2383286,505108,466381,23427,489808,5578
2022-01-13,Sacramento,067,1510023,228813,208156,15310,223466,2491
2022-01-13,San Benito,069,59416,10523,9868,329,10197,87
2022-01-13,San Bernardino,071,2135413,493929,454395,20134,474529,6233
2022-01-13,San Diego,073,3302833,613301,559385,39809,599194,4540
2022-01-13,San Francisco,075,870044,98467,88004,5881,93885,692
2022-01-13,San Joaquin,077,732212,136114,125136,7575,132711,1954
2022-01-13,San Luis Obispo,079,281455,41823,38231,2542,40773,374
2022-01-13,San Mateo,081,765935,96335,80494,4230,84724,582
2022-01-13,Santa Barbara,083,443738,67347,62312,3106,65418,579
2022-01-13,Santa Clara,085,1922200,240737,218986,7455,226441,1974
2022-01-13,Santa Cruz,087,273765,32240,29414,1659,31073,235
2022-01-13,Shasta,089,179085,25602,24482,4489,28971,445
2022-01-13,Sierra,091,2930,248,232,28,260,0
2022-01-13,Siskiyou,093,43540,3809,3661,1834,5495,62
2022-01-13,Solano,095,438530,64000,58061,3561,61622,389
2022-01-13,Sonoma,097,501317,64308,58181,1659,59840,418
2022-01-13,Stanislaus,099,539301,98085,92986,12170,105156,1379
2022-01-13,Sutter,101,95872,17236,16345,827,17172,197
2022-01-13,Tehama,103,63373,10108,9572,2018,11590,141
2022-01-13,Trinity,105,12862,985,872,247,1119,19
2022-01-13,Tulare,107,460477,84383,77769,20834,98603,1192
2022-01-13,Tuolumne,109,53932,9685,9042,215,9257,91
2022-01-13,Ventura,111,848112,146877,134736,7999,142735,1227
2022-01-13,Yolo,113,214977,29617,27311,2251,29562,270
2022-01-13,Yuba,115,75493,12989,12200,661,12861,101
2022-01-12,Alameda,001,1643700,193369,173001,8590,181591,1563
2022-01-12,Alpine,003,1148,115,117,0,117,0
2022-01-12,Amador,005,37829,6765,6354,170,6524,71
2022-01-12,Butte,007,227075,26673,24631,4940,29571,348
2022-01-12,Calaveras,009,45235,5688,5151,127,5278,93
2022-01-12,Colusa,011,21464,2885,2772,856,3628,21
2022-01-12,Contra Costa,013,1133247,148177,134579,7646,142225,1077
2022-01-12,Del Norte,015,27424,4175,4019,84,4103,43
2022-01-12,El Dorado,017,186661,22240,20092,2402,22494,175
2022-01-12,Fresno,019,978130,176875,165316,16818,182134,2413
2022-01-12,Glenn,021,27897,4101,3859,1275,5134,39
2022-01-12,Humboldt,023,135768,13345,12081,1598,13679,122
2022-01-12,Imperial,025,180216,44850,41985,6831,48816,814
2022-01-12,Inyo,027,18085,3586,3334,106,3440,49
2022-01-12,Kern,029,883053,160002,148435,33728,182163,1933
2022-01-12,Kings,031,150075,39470,36780,2475,39255,391
2022-01-12,Lake,033,64148,8000,7535,406,7941,117
2022-01-12,Lassen,035,31185,7459,7223,551,7774,55
2022-01-12,Los Angeles,037,10098052,2239627,2005065,100823,2105888,27601
2022-01-12,Madera,039,155013,28812,26952,3244,30196,329
2022-01-12,Marin,041,260295,26965,24704,1522,26226,251
2022-01-12,Mariposa,043,17540,1898,1725,83,1808,6
2022-01-12,Mendocino,045,87422,10200,9379,1225,10604,103
2022-01-12,Merced,047,269075,51528,48441,3746,52187,710
2022-01-12,Modoc,049,8938,637,627,219,846,6
2022-01-12,Mono,051,14174,2665,2466,86,2552,4
2022-01-12,Monterey,053,433212,61490,54524,6353,60877,647
2022-01-12,Napa,055,140530,19997,17347,534,17881,109
2022-01-12,Nevada,057,99092,12728,11552,642,12194,111
2022-01-12,Orange,059,3164182,464272,425737,33514,459251,5912
2022-01-12,Placer,061,380077,51014,47004,5653,52657,501
2022-01-12,Plumas,063,18699,2278,2135,107,2242,12
2022-01-12,Riverside,065,2383286,497907,458881,23086,481967,5565
2022-01-12,Sacramento,067,1510023,225248,204696,14399,219095,2479
2022-01-12,San Benito,069,59416,10392,9737,317,10054,87
2022-01-12,San Bernardino,071,2135413,487672,447869,19511,467380,6222
2022-01-12,San Diego,073,3302833,602791,551669,38951,590620,4529
2022-01-12,San Francisco,075,870044,96617,85700,5768,91468,691
2022-01-12,San Joaquin,077,732212,133831,122850,7456,130306,1948
2022-01-12,San Luis Obispo,079,281455,41092,37727,2459,40186,373
2022-01-12,San Mateo,081,765935,94301,78476,3851,82327,582
2022-01-12,Santa Barbara,083,443738,66204,60815,3001,63816,578
2022-01-12,Santa Clara,085,1922200,236203,213177,7070,220247,1971
2022-01-12,Santa Cruz,087,273765,31594,28463,1610,30073,235
2022-01-12,Shasta,089,179085,25385,24324,4423,28747,446
2022-01-12,Sierra,091,2930,247,228,28,256,0
2022-01-12,Siskiyou,093,43540,3782,3639,1787,5426,62
2022-01-12,Solano,095,438530,62952,57052,3439,60491,386
2022-01-12,Sonoma,097,501317,63025,56394,1575,57969,417
2022-01-12,Stanislaus,099,539301,96851,91738,11847,103585,1373
2022-01-12,Sutter,101,95872,17039,16135,794,16929,197
2022-01-12,Tehama,103,63373,10019,9475,1957,11432,141
2022-01-12,Trinity,105,12862,982,868,246,1114,19
2022-01-12,Tulare,107,460477,83242,76943,20421,97364,1192
2022-01-12,Tuolumne,109,53932,9554,8870,197,9067,91
2022-01-12,Ventura,111,848112,144967,132180,7920,140100,1220
2022-01-12,Yolo,113,214977,29220,26888,2177,29065,270
2022-01-12,Yuba,115,75493,12831,12015,634,12649,101
2022-01-11,Alameda,001,1643700,188850,169181,8191,177372,1561
2022-01-11,Alpine,003,1148,115,116,0,116,0
2022-01-11,Amador,005,37829,6681,6317,155,6472,71
2022-01-11,Butte,007,227075,26278,24479,4850,29329,347
2022-01-11,Calaveras,009,45235,5558,5083,113,5196,93
2022-01-11,Colusa,011,21464,2863,2766,842,3608,21
2022-01-11,Contra Costa,013,1133247,145208,132410,7159,139569,1077
2022-01-11,Del Norte,015,27424,4141,4006,82,4088,43
2022-01-11,El Dorado,017,186661,21893,19842,2330,22172,174
2022-01-11,Fresno,019,978130,173836,163509,16467,179976,2404
2022-01-11,Glenn,021,27897,4039,3844,1230,5074,39
2022-01-11,Humboldt,023,135768,13124,11960,1505,13465,122
2022-01-11,Imperial,025,180216,44236,41444,6623,48067,813
2022-01-11,Inyo,027,18085,3488,3278,99,3377,49
2022-01-11,Kern,029,883053,157719,146942,32897,179839,1929
2022-01-11,Kings,031,150075,38883,36524,2444,38968,389
2022-01-11,Lake,033,64148,7923,7494,390,7884,117
2022-01-11,Lassen,035,31185,7410,7210,537,7747,55
2022-01-11,Los Angeles,037,10098052,2197199,1966319,98593,2064912,27563
2022-01-11,Madera,039,155013,28397,26688,3165,29853,329
2022-01-11,Marin,041,260295,26608,24387,1477,25864,251
2022-01-11,Mariposa,043,17540,1876,1718,79,1797,6
2022-01-11,Mendocino,045,87422,10039,9301,1127,10428,102
2022-01-11,Merced,047,269075,50764,48068,3563,51631,708
2022-01-11,Modoc,049,8938,636,626,218,844,6
2022-01-11,Mono,051,14174,2622,2425,85,2510,4
2022-01-11,Monterey,053,433212,60448,53911,5996,59907,646
2022-01-11,Napa,055,140530,19556,17020,485,17505,109
2022-01-11,Nevada,057,99092,12501,11467,607,12074,110
2022-01-11,Orange,059,3164182,456590,417703,32877,450580,5909
2022-01-11,Placer,061,380077,50266,46459,5509,51968,500
2022-01-11,Plumas,063,18699,2248,2099,100,2199,12
2022-01-11,Riverside,065,2383286,490192,453766,22767,476533,5551
2022-01-11,Sacramento,067,1510023,221083,201058,13340,214398,2489
2022-01-11,San Benito,069,59416,10255,9624,304,9928,83
2022-01-11,San Bernardino,071,2135413,480028,442960,18907,461867,6198
2022-01-11,San Diego,073,3302833,590782,536954,37848,574802,4520
2022-01-11,San Francisco,075,870044,94405,83678,5607,89285,691
2022-01-11,San Joaquin,077,732212,131461,121139,7326,128465,1944
2022-01-11,San Luis Obispo,079,281455,40314,37183,2340,39523,372
2022-01-11,San Mateo,081,765935,92005,76756,3628,80384,582
2022-01-11,Santa Barbara,083,443738,64900,59758,2862,62620,578
2022-01-11,Santa Clara,085,1922200,230763,208425,6611,215036,1971
2022-01-11,Santa Cruz,087,273765,31089,27709,1559,29268,232
2022-01-11,Shasta,089,179085,25131,24132,4328,28460,446
2022-01-11,Sierra,091,2930,245,228,28,256,0
2022-01-11,Siskiyou,093,43540,3757,3621,1737,5358,62
2022-01-11,Solano,095,438530,61557,56349,3282,59631,388
2022-01-11,Sonoma,097,501317,61507,55411,1495,56906,416
2022-01-11,Stanislaus,099,539301,95488,90998,11502,102500,1372
2022-01-11,Sutter,101,95872,16838,15993,738,16731,197
2022-01-11,Tehama,103,63373,9888,9406,1909,11315,140
2022-01-11,Trinity,105,12862,970,858,244,1102,19
2022-01-11,Tulare,107,460477,81928,76267,20007,96274,1188
2022-01-11,Tuolumne,109,53932,9396,8811,190,9001,91
2022-01-11,Ventura,111,848112,142735,129548,7787,137335,1220
2022-01-11,Yolo,113,214977,28671,26482,2116,28598,270
2022-01-11,Yuba,115,75493,12657,11912,613,12525,101
2022-01-10,Alameda,001,1643700,183740,165657,7664,173321,1559
2022-01-10,Alpine,003,1148,115,116,0,116,0
2022-01-10,Amador,005,37829,6577,6279,138,6417,71
2022-01-10,Butte,007,227075,25936,24217,4760,28977,347
2022-01-10,Calaveras,009,45235,5459,5025,107,5132,93
2022-01-10,Colusa,011,21464,2835,2758,832,3590,21
2022-01-10,Contra Costa,013,1133247,142478,129951,6643,136594,1077
2022-01-10,Del Norte,015,27424,4118,3970,82,4052,43
2022-01-10,El Dorado,017,186661,21328,19606,2273,21879,172
2022-01-10,Fresno,019,978130,170791,161593,16068,177661,2404
2022-01-10,Glenn,021,27897,3980,3807,1216,5023,39
2022-01-10,Humboldt,023,135768,12880,11778,1370,13148,121
2022-01-10,Imperial,025,180216,43505,41080,6398,47478,811
2022-01-10,Inyo,027,18085,3433,3227,87,3314,49
2022-01-10,Kern,029,883053,155149,145744,32142,177886,1929
2022-01-10,Kings,031,150075,38253,36286,2408,38694,389
2022-01-10,Lake,033,64148,7834,7416,366,7782,117
2022-01-10,Lassen,035,31185,7373,7192,514,7706,55
2022-01-10,Los Angeles,037,10098052,2151675,1932475,96098,2028573,27546
2022-01-10,Madera,039,155013,27944,26501,3061,29562,328
2022-01-10,Marin,041,260295,26121,24023,1403,25426,251
2022-01-10,Mariposa,043,17540,1836,1684,73,1757,6
2022-01-10,Mendocino,045,87422,9866,9163,1038,10201,101
2022-01-10,Merced,047,269075,49966,47632,3272,50904,707
2022-01-10,Modoc,049,8938,635,622,216,838,6
2022-01-10,Mono,051,14174,2556,2415,80,2495,4
2022-01-10,Monterey,053,433212,59495,53485,5678,59163,645
2022-01-10,Napa,055,140530,19178,16775,470,17245,109
2022-01-10,Nevada,057,99092,12278,11300,569,11869,110
2022-01-10,Orange,059,3164182,447899,406170,32020,438190,5906
2022-01-10,Placer,061,380077,49417,45642,5347,50989,498
2022-01-10,Plumas,063,18699,2216,2086,98,2184,12
2022-01-10,Riverside,065,2383286,481944,445536,22313,467849,5546
2022-01-10,Sacramento,067,1510023,216579,198023,12262,210285,2474
2022-01-10,San Benito,069,59416,10083,9467,294,9761,83
2022-01-10,San Bernardino,071,2135413,471872,437207,18188,455395,6184
2022-01-10,San Diego,073,3302833,578075,530506,36712,567218,4500
2022-01-10,San Francisco,075,870044,92607,82209,5346,87555,690
2022-01-10,San Joaquin,077,732212,128792,119587,7075,126662,1927
2022-01-10,San Luis Obispo,079,281455,39500,36618,2242,38860,371
2022-01-10,San Mateo,081,765935,89361,75210,3370,78580,582
2022-01-10,Santa Barbara,083,443738,63643,58957,2672,61629,578
2022-01-10,Santa Clara,085,1922200,224907,203540,6126,209666,1971
2022-01-10,Santa Cruz,087,273765,30247,26906,1520,28426,232
2022-01-10,Shasta,089,179085,24932,23983,4251,28234,446
2022-01-10,Sierra,091,2930,242,223,28,251,0
2022-01-10,Siskiyou,093,43540,3724,3592,1693,5285,62
2022-01-10,Solano,095,438530,60516,55663,3073,58736,385
2022-01-10,Sonoma,097,501317,59963,54478,1450,55928,412
2022-01-10,Stanislaus,099,539301,94157,89997,11185,101182,1372
2022-01-10,Sutter,101,95872,16593,15823,691,16514,196
2022-01-10,Tehama,103,63373,9776,9360,1853,11213,140
2022-01-10,Trinity,105,12862,966,849,242,1091,19
2022-01-10,Tulare,107,460477,80426,75498,19588,95086,1186
2022-01-10,Tuolumne,109,53932,9270,8685,178,8863,91
2022-01-10,Ventura,111,848112,140135,126240,7647,133887,1217
2022-01-10,Yolo,113,214977,28109,26065,2064,28129,270
2022-01-10,Yuba,115,75493,12408,11776,578,12354,101
2022-01-09,Alameda,001,1643700,179249,162701,6984,169685,1561
2022-01-09,Alpine,003,1148,115,116,0,116,0
2022-01-09,Amador,005,37829,6490,6215,126,6341,71
2022-01-09,Butte,007,227075,25548,24018,4645,28663,347
2022-01-09,Calaveras,009,45235,5329,4976,98,5074,93
2022-01-09,Colusa,011,21464,2808,2750,810,3560,21
2022-01-09,Contra Costa,013,1133247,139625,128050,5985,134035,1077
2022-01-09,Del Norte,015,27424,4079,3950,78,4028,43
2022-01-09,El Dorado,017,186661,20968,19430,2207,21637,172
2022-01-09,Fresno,019,978130,168207,159989,15689,175678,2405
2022-01-09,Glenn,021,27897,3925,3797,1195,4992,39
2022-01-09,Humboldt,023,135768,12636,11582,1247,12829,121
2022-01-09,Imperial,025,180216,42663,40608,6124,46732,811
2022-01-09,Inyo,027,18085,3331,3149,78,3227,49
2022-01-09,Kern,029,883053,152690,144819,31393,176212,1927
2022-01-09,Kings,031,150075,37571,36041,2369,38410,389
2022-01-09,Lake,033,64148,7723,7393,321,7714,117
2022-01-09,Lassen,035,31185,7309,7172,485,7657,55
2022-01-09,Los Angeles,037,10098052,2103618,1887830,93090,1980920,27532
2022-01-09,Madera,039,155013,27562,26325,2959,29284,328
2022-01-09,Marin,041,260295,25670,23708,1311,25019,251
2022-01-09,Mariposa,043,17540,1786,1660,72,1732,6
2022-01-09,Mendocino,045,87422,9657,9097,926,10023,101
2022-01-09,Merced,047,269075,49097,47294,3001,50295,706
2022-01-09,Modoc,049,8938,633,619,216,835,6
2022-01-09,Mono,051,14174,2521,2390,73,2463,4
2022-01-09,Monterey,053,433212,58440,53251,5402,58653,645
2022-01-09,Napa,055,140530,18683,16614,454,17068,109
2022-01-09,Nevada,057,99092,12017,11152,507,11659,110
2022-01-09,Orange,059,3164182,437905,400563,31064,431627,5905
2022-01-09,Placer,061,380077,48438,45081,5196,50277,498
2022-01-09,Plumas,063,18699,2177,2081,78,2159,12
2022-01-09,Riverside,065,2383286,472975,440413,21766,462179,5546
2022-01-09,Sacramento,067,1510023,211775,195444,11111,206555,2475
2022-01-09,San Benito,069,59416,9897,9363,266,9629,83
2022-01-09,San Bernardino,071,2135413,463839,430257,17371,447628,6180
2022-01-09,San Diego,073,3302833,564902,478206,34856,513062,4500
2022-01-09,San Francisco,075,870044,90737,80463,5097,85560,690
2022-01-09,San Joaquin,077,732212,125716,118422,6911,125333,1927
2022-01-09,San Luis Obispo,079,281455,38692,36291,2134,38425,371
2022-01-09,San Mateo,081,765935,86850,73867,3040,76907,582
2022-01-09,Santa Barbara,083,443738,61957,58280,2409,60689,578
2022-01-09,Santa Clara,085,1922200,218795,199889,5580,205469,1976
2022-01-09,Santa Cruz,087,273765,29497,26513,1488,28001,232
2022-01-09,Shasta,089,179085,24698,23926,4163,28089,446
2022-01-09,Sierra,091,2930,239,223,26,249,0
2022-01-09,Siskiyou,093,43540,3696,3580,1632,5212,62
2022-01-09,Solano,095,438530,59360,54985,2786,57771,384
2022-01-09,Sonoma,097,501317,58288,53543,1412,54955,412
2022-01-09,Stanislaus,099,539301,92790,89248,10926,100174,1372
2022-01-09,Sutter,101,95872,16305,15695,609,16304,196
2022-01-09,Tehama,103,63373,9656,9306,1801,11107,140
2022-01-09,Trinity,105,12862,962,848,240,1088,19
2022-01-09,Tulare,107,460477,79002,75085,19190,94275,1186
2022-01-09,Tuolumne,109,53932,9115,8595,159,8754,91
2022-01-09,Ventura,111,848112,137078,124269,7418,131687,1217
2022-01-09,Yolo,113,214977,27505,25632,2020,27652,270
2022-01-09,Yuba,115,75493,12211,11666,547,12213,101
2022-01-08,Alameda,001,1643700,177352,148560,6838,155398,1558
2022-01-08,Alpine,003,1148,115,114,0,114,0
2022-01-08,Amador,005,37829,6457,6091,121,6212,71
2022-01-08,Butte,007,227075,25367,23429,4607,28036,347
2022-01-08,Calaveras,009,45235,5283,4823,94,4917,93
2022-01-08,Colusa,011,21464,2799,2713,807,3520,21
2022-01-08,Contra Costa,013,1133247,138121,119907,5906,125813,1077
2022-01-08,Del Norte,015,27424,4062,3902,78,3980,43
2022-01-08,El Dorado,017,186661,20787,18599,2173,20772,172
2022-01-08,Fresno,019,978130,167322,155394,15562,170956,2393
2022-01-08,Glenn,021,27897,3917,3732,1190,4922,39
2022-01-08,Humboldt,023,135768,12516,11149,1221,12370,121
2022-01-08,Imperial,025,180216,42475,39429,5979,45408,800
2022-01-08,Inyo,027,18085,3317,3020,75,3095,49
2022-01-08,Kern,029,883053,151554,140410,30958,171368,1921
2022-01-08,Kings,031,150075,37332,35275,2351,37626,390
2022-01-08,Lake,033,64148,7683,7209,313,7522,117
2022-01-08,Lassen,035,31185,7283,7127,469,7596,55
2022-01-08,Los Angeles,037,10098052,2085226,1765787,91337,1857124,27476
2022-01-08,Madera,039,155013,27394,25767,2921,28688,328
2022-01-08,Marin,041,260295,25384,22377,1300,23677,251
2022-01-08,Mariposa,043,17540,1776,1588,72,1660,6
2022-01-08,Mendocino,045,87422,9583,8792,924,9716,101
2022-01-08,Merced,047,269075,48926,46094,2979,49073,703
2022-01-08,Modoc,049,8938,633,610,216,826,6
2022-01-08,Mono,051,14174,2510,2240,68,2308,4
2022-01-08,Monterey,053,433212,58053,51721,5309,57030,644
2022-01-08,Napa,055,140530,18529,15819,428,16247,109
2022-01-08,Nevada,057,99092,11935,10765,494,11259,110
2022-01-08,Orange,059,3164182,434109,375124,30207,405331,5903
2022-01-08,Placer,061,380077,47998,43172,5154,48326,495
2022-01-08,Plumas,063,18699,2167,2053,73,2126,12
2022-01-08,Riverside,065,2383286,469461,422591,21492,444083,5535
2022-01-08,Sacramento,067,1510023,210343,185118,10946,196064,2470
2022-01-08,San Benito,069,59416,9734,9016,263,9279,83
2022-01-08,San Bernardino,071,2135413,460544,411724,16973,428697,6122
2022-01-08,San Diego,073,3302833,560007,472273,34318,506591,4495
2022-01-08,San Francisco,075,870044,89538,73660,4816,78476,690
2022-01-08,San Joaquin,077,732212,124754,112514,6815,119329,1916
2022-01-08,San Luis Obispo,079,281455,38491,34489,2091,36580,369
2022-01-08,San Mateo,081,765935,85469,67918,2953,70871,582
2022-01-08,Santa Barbara,083,443738,61262,54617,2375,56992,575
2022-01-08,Santa Clara,085,1922200,215741,183842,5372,189214,1966
2022-01-08,Santa Cruz,087,273765,29071,24678,1467,26145,230
2022-01-08,Shasta,089,179085,24611,23585,4131,27716,445
2022-01-08,Sierra,091,2930,235,215,25,240,0
2022-01-08,Siskiyou,093,43540,3684,3545,1618,5163,62
2022-01-08,Solano,095,438530,58951,52452,2717,55169,383
2022-01-08,Sonoma,097,501317,57766,50130,1378,51508,411
2022-01-08,Stanislaus,099,539301,92151,87049,10818,97867,1372
2022-01-08,Sutter,101,95872,16187,15261,596,15857,195
2022-01-08,Tehama,103,63373,9625,9109,1793,10902,140
2022-01-08,Trinity,105,12862,956,836,240,1076,19
2022-01-08,Tulare,107,460477,78606,73600,19051,92651,1185
2022-01-08,Tuolumne,109,53932,9008,8360,156,8516,91
2022-01-08,Ventura,111,848112,135909,117229,7289,124518,1216
2022-01-08,Yolo,113,214977,27211,24006,1990,25996,270
2022-01-08,Yuba,115,75493,12124,11277,544,11821,101
2022-01-07,Alameda,001,1643700,174655,148560,6726,155286,1558
2022-01-07,Alpine,003,1148,115,114,0,114,0
2022-01-07,Amador,005,37829,6408,6091,119,6210,71
2022-01-07,Butte,007,227075,25163,23429,4575,28004,347
2022-01-07,Calaveras,009,45235,5245,4823,94,4917,93
2022-01-07,Colusa,011,21464,2790,2713,796,3509,21
2022-01-07,Contra Costa,013,1133247,136251,119907,5784,125691,1077
2022-01-07,Del Norte,015,27424,4046,3902,77,3979,43
2022-01-07,El Dorado,017,186661,20626,18599,2159,20758,172
2022-01-07,Fresno,019,978130,165964,155394,15463,170857,2393
2022-01-07,Glenn,021,27897,3897,3732,1187,4919,39
2022-01-07,Humboldt,023,135768,12373,11149,1193,12342,121
2022-01-07,Imperial,025,180216,42313,39429,5895,45324,800
2022-01-07,Inyo,027,18085,3298,3020,73,3093,49
2022-01-07,Kern,029,883053,150582,140410,30513,170923,1921
2022-01-07,Kings,031,150075,37152,35275,2337,37612,390
2022-01-07,Lake,033,64148,7636,7209,287,7496,117
2022-01-07,Lassen,035,31185,7269,7127,466,7593,55
2022-01-07,Los Angeles,037,10098052,2054039,1765787,89867,1855654,27476
2022-01-07,Madera,039,155013,27213,25767,2886,28653,328
2022-01-07,Marin,041,260295,25004,22377,1282,23659,251
2022-01-07,Mariposa,043,17540,1760,1588,72,1660,6
2022-01-07,Mendocino,045,87422,9490,8792,923,9715,101
2022-01-07,Merced,047,269075,48760,46094,2954,49048,703
2022-01-07,Modoc,049,8938,632,610,216,826,6
2022-01-07,Mono,051,14174,2472,2240,62,2302,4
2022-01-07,Monterey,053,433212,57634,51721,5216,56937,644
2022-01-07,Napa,055,140530,18302,15819,407,16226,109
2022-01-07,Nevada,057,99092,11808,10765,473,11238,110
2022-01-07,Orange,059,3164182,429294,375124,29589,404713,5903
2022-01-07,Placer,061,380077,47496,43172,5106,48278,495
2022-01-07,Plumas,063,18699,2158,2053,72,2125,12
2022-01-07,Riverside,065,2383286,465644,422591,21261,443852,5535
2022-01-07,Sacramento,067,1510023,208068,185118,10786,195904,2470
2022-01-07,San Benito,069,59416,9688,9016,262,9278,83
2022-01-07,San Bernardino,071,2135413,456679,411724,16748,428472,6122
2022-01-07,San Diego,073,3302833,552871,472273,33771,506044,4495
2022-01-07,San Francisco,075,870044,88099,73660,4556,78216,690
2022-01-07,San Joaquin,077,732212,123808,112514,6755,119269,1916
2022-01-07,San Luis Obispo,079,281455,38276,34489,2036,36525,369
2022-01-07,San Mateo,081,765935,84003,67918,2894,70812,582
2022-01-07,Santa Barbara,083,443738,60562,54617,2353,56970,575
2022-01-07,Santa Clara,085,1922200,212483,183842,5261,189103,1966
2022-01-07,Santa Cruz,087,273765,28593,24678,1451,26129,230
2022-01-07,Shasta,089,179085,24517,23585,4097,27682,445
2022-01-07,Sierra,091,2930,232,215,25,240,0
2022-01-07,Siskiyou,093,43540,3674,3545,1606,5151,62
2022-01-07,Solano,095,438530,58258,52452,2676,55128,383
2022-01-07,Sonoma,097,501317,57165,50130,1290,51420,411
2022-01-07,Stanislaus,099,539301,91629,87049,10731,97780,1372
2022-01-07,Sutter,101,95872,16037,15261,583,15844,195
2022-01-07,Tehama,103,63373,9589,9109,1780,10889,140
2022-01-07,Trinity,105,12862,949,836,239,1075,19
2022-01-07,Tulare,107,460477,78174,73600,18905,92505,1185
2022-01-07,Tuolumne,109,53932,8920,8360,152,8512,91
2022-01-07,Ventura,111,848112,134284,117229,7161,124390,1216
2022-01-07,Yolo,113,214977,26838,24006,1971,25977,270
2022-01-07,Yuba,115,75493,12020,11277,539,11816,101
2022-01-06,Alameda,001,1643700,169285,148560,6312,154872,1558
2022-01-06,Alpine,003,1148,114,114,0,114,0
2022-01-06,Amador,005,37829,6356,6091,113,6204,71
2022-01-06,Butte,007,227075,24873,23429,4490,27919,347
2022-01-06,Calaveras,009,45235,5124,4823,92,4915,93
2022-01-06,Colusa,011,21464,2769,2713,787,3500,21
2022-01-06,Contra Costa,013,1133247,133389,119907,5368,125275,1077
2022-01-06,Del Norte,015,27424,4012,3902,75,3977,43
2022-01-06,El Dorado,017,186661,20293,18599,2118,20717,172
2022-01-06,Fresno,019,978130,163847,155394,15200,170594,2393
2022-01-06,Glenn,021,27897,3870,3732,1161,4893,39
2022-01-06,Humboldt,023,135768,12147,11149,1152,12301,121
2022-01-06,Imperial,025,180216,41727,39429,5690,45119,800
2022-01-06,Inyo,027,18085,3260,3020,73,3093,49
2022-01-06,Kern,029,883053,148912,140410,29834,170244,1921
2022-01-06,Kings,031,150075,36814,35275,2312,37587,390
2022-01-06,Lake,033,64148,7562,7209,275,7484,117
2022-01-06,Lassen,035,31185,7247,7127,460,7587,55
2022-01-06,Los Angeles,037,10098052,1999897,1765787,87498,1853285,27476
2022-01-06,Madera,039,155013,26907,25767,2828,28595,328
2022-01-06,Marin,041,260295,24598,22377,1249,23626,251
2022-01-06,Mariposa,043,17540,1741,1588,70,1658,6
2022-01-06,Mendocino,045,87422,9394,8792,882,9674,101
2022-01-06,Merced,047,269075,48211,46094,2818,48912,703
2022-01-06,Modoc,049,8938,631,610,216,826,6
2022-01-06,Mono,051,14174,2449,2240,59,2299,4
2022-01-06,Monterey,053,433212,56913,51721,4960,56681,644
2022-01-06,Napa,055,140530,17903,15819,398,16217,109
2022-01-06,Nevada,057,99092,11609,10765,461,11226,110
2022-01-06,Orange,059,3164182,419841,375124,28847,403971,5903
2022-01-06,Placer,061,380077,46755,43172,5018,48190,495
2022-01-06,Plumas,063,18699,2140,2053,65,2118,12
2022-01-06,Riverside,065,2383286,458174,422591,20966,443557,5535
2022-01-06,Sacramento,067,1510023,204001,185118,10016,195134,2470
2022-01-06,San Benito,069,59416,9588,9016,255,9271,83
2022-01-06,San Bernardino,071,2135413,449368,411724,16260,427984,6122
2022-01-06,San Diego,073,3302833,541212,472273,32781,505054,4495
2022-01-06,San Francisco,075,870044,85774,73660,4302,77962,690
2022-01-06,San Joaquin,077,732212,121654,112514,6673,119187,1916
2022-01-06,San Luis Obispo,079,281455,37576,34489,1965,36454,369
2022-01-06,San Mateo,081,765935,81584,67918,2713,70631,582
2022-01-06,Santa Barbara,083,443738,59398,54617,2290,56907,575
2022-01-06,Santa Clara,085,1922200,207570,183842,4873,188715,1966
2022-01-06,Santa Cruz,087,273765,28035,24678,1428,26106,230
2022-01-06,Shasta,089,179085,24373,23585,4047,27632,445
2022-01-06,Sierra,091,2930,229,215,25,240,0
2022-01-06,Siskiyou,093,43540,3658,3545,1560,5105,62
2022-01-06,Solano,095,438530,57247,52452,2501,54953,383
2022-01-06,Sonoma,097,501317,55777,50130,1258,51388,411
2022-01-06,Stanislaus,099,539301,90481,87049,10567,97616,1372
2022-01-06,Sutter,101,95872,15861,15261,554,15815,195
2022-01-06,Tehama,103,63373,9511,9109,1753,10862,140
2022-01-06,Trinity,105,12862,942,836,238,1074,19
2022-01-06,Tulare,107,460477,77463,73600,18728,92328,1185
2022-01-06,Tuolumne,109,53932,8811,8360,146,8506,91
2022-01-06,Ventura,111,848112,131592,117229,7007,124236,1216
2022-01-06,Yolo,113,214977,26284,24006,1927,25933,270
2022-01-06,Yuba,115,75493,11885,11277,522,11799,101
2022-01-05,Alameda,001,1643700,164123,144824,5878,150702,1548
2022-01-05,Alpine,003,1148,114,112,0,112,0
2022-01-05,Amador,005,37829,6312,6012,110,6122,70
2022-01-05,Butte,007,227075,24570,23134,4432,27566,343
2022-01-05,Calaveras,009,45235,5068,4758,90,4848,90
2022-01-05,Colusa,011,21464,2755,2704,776,3480,21
2022-01-05,Contra Costa,013,1133247,130382,117188,4920,122108,1071
2022-01-05,Del Norte,015,27424,3991,3862,73,3935,43
2022-01-05,El Dorado,017,186661,19908,18367,2088,20455,171
2022-01-05,Fresno,019,978130,161836,153033,14933,167966,2377
2022-01-05,Glenn,021,27897,3822,3700,1151,4851,39
2022-01-05,Humboldt,023,135768,11943,10938,1104,12042,120
2022-01-05,Imperial,025,180216,41094,38789,5534,44323,800
2022-01-05,Inyo,027,18085,3177,2939,69,3008,49
2022-01-05,Kern,029,883053,147134,138186,29256,167442,1913
2022-01-05,Kings,031,150075,36472,34893,2293,37186,387
2022-01-05,Lake,033,64148,7481,7129,259,7388,117
2022-01-05,Lassen,035,31185,7228,7077,452,7529,55
2022-01-05,Los Angeles,037,10098052,1943626,1729640,85096,1814736,27443
2022-01-05,Madera,039,155013,26668,25392,2737,28129,327
2022-01-05,Marin,041,260295,24257,21829,1197,23026,251
2022-01-05,Mariposa,043,17540,1715,1564,69,1633,6
2022-01-05,Mendocino,045,87422,9263,8625,847,9472,101
2022-01-05,Merced,047,269075,47636,45721,2686,48407,700
2022-01-05,Modoc,049,8938,628,603,216,819,6
2022-01-05,Mono,051,14174,2429,2201,55,2256,4
2022-01-05,Monterey,053,433212,56086,51241,4759,56000,639
2022-01-05,Napa,055,140530,17540,15494,366,15860,108
2022-01-05,Nevada,057,99092,11409,10624,444,11068,110
2022-01-05,Orange,059,3164182,409799,366139,27793,393932,5869
2022-01-05,Placer,061,380077,45873,42456,4922,47378,492
2022-01-05,Plumas,063,18699,2122,2020,63,2083,12
2022-01-05,Riverside,065,2383286,450723,415253,20610,435863,5502
2022-01-05,Sacramento,067,1510023,199218,181488,9030,190518,2455
2022-01-05,San Benito,069,59416,9395,8829,243,9072,83
2022-01-05,San Bernardino,071,2135413,441110,405323,15709,421032,6085
2022-01-05,San Diego,073,3302833,527615,466602,31806,498408,4495
2022-01-05,San Francisco,075,870044,83206,71405,4165,75570,686
2022-01-05,San Joaquin,077,732212,119125,110497,6594,117091,1903
2022-01-05,San Luis Obispo,079,281455,36779,34066,1888,35954,369
2022-01-05,San Mateo,081,765935,79421,66018,2514,68532,578
2022-01-05,Santa Barbara,083,443738,58092,53082,2210,55292,570
2022-01-05,Santa Clara,085,1922200,201786,178629,4457,183086,1961
2022-01-05,Santa Cruz,087,273765,27282,24394,1405,25799,229
2022-01-05,Shasta,089,179085,24215,23361,4018,27379,441
2022-01-05,Sierra,091,2930,226,210,23,233,0
2022-01-05,Siskiyou,093,43540,3648,3513,1531,5044,60
2022-01-05,Solano,095,438530,56209,51505,2365,53870,380
2022-01-05,Sonoma,097,501317,54514,49120,1096,50216,412
2022-01-05,Stanislaus,099,539301,89498,86248,10412,96660,1360
2022-01-05,Sutter,101,95872,15659,15117,514,15631,193
2022-01-05,Tehama,103,63373,9414,9011,1722,10733,140
2022-01-05,Trinity,105,12862,939,822,236,1058,19
2022-01-05,Tulare,107,460477,76684,72718,18551,91269,1173
2022-01-05,Tuolumne,109,53932,8718,8223,139,8362,90
2022-01-05,Ventura,111,848112,128840,114752,6802,121554,1211
2022-01-05,Yolo,113,214977,25672,23401,1884,25285,269
2022-01-05,Yuba,115,75493,11702,11138,496,11634,100
2022-01-04,Alameda,001,1643700,158553,143360,5465,148825,1532
2022-01-04,Alpine,003,1148,114,113,0,113,0
2022-01-04,Amador,005,37829,6245,6025,105,6130,71
2022-01-04,Butte,007,227075,24271,23094,4365,27459,346
2022-01-04,Calaveras,009,45235,4993,4767,87,4854,93
2022-01-04,Colusa,011,21464,2736,2689,769,3458,21
2022-01-04,Contra Costa,013,1133247,127325,116005,4560,120565,1075
2022-01-04,Del Norte,015,27424,3959,3882,70,3952,43
2022-01-04,El Dorado,017,186661,19546,18339,2066,20405,172
2022-01-04,Fresno,019,978130,159681,153244,14679,167923,2380
2022-01-04,Glenn,021,27897,3792,3705,1137,4842,39
2022-01-04,Humboldt,023,135768,11690,10865,1053,11918,120
2022-01-04,Imperial,025,180216,40490,38596,5268,43864,800
2022-01-04,Inyo,027,18085,3093,2870,68,2938,49
2022-01-04,Kern,029,883053,145206,138245,28668,166913,1916
2022-01-04,Kings,031,150075,36157,34931,2277,37208,388
2022-01-04,Lake,033,64148,7440,7152,249,7401,117
2022-01-04,Lassen,035,31185,7205,7111,448,7559,55
2022-01-04,Los Angeles,037,10098052,1883697,1705253,82752,1788005,27419
2022-01-04,Madera,039,155013,26325,25425,2668,28093,328
2022-01-04,Marin,041,260295,23777,21675,1138,22813,251
2022-01-04,Mariposa,043,17540,1679,1564,68,1632,6
2022-01-04,Mendocino,045,87422,9140,8636,823,9459,101
2022-01-04,Merced,047,269075,47025,45583,2557,48140,700
2022-01-04,Modoc,049,8938,625,611,216,827,6
2022-01-04,Mono,051,14174,2380,2190,45,2235,4
2022-01-04,Monterey,053,433212,55353,51176,4564,55740,643
2022-01-04,Napa,055,140530,17038,15370,336,15706,107
2022-01-04,Nevada,057,99092,11253,10608,432,11040,110
2022-01-04,Orange,059,3164182,399032,362051,26650,388701,5897
2022-01-04,Placer,061,380077,45040,42285,4804,47089,494
2022-01-04,Plumas,063,18699,2100,2014,61,2075,12
2022-01-04,Riverside,065,2383286,442204,413366,20260,433626,5504
2022-01-04,Sacramento,067,1510023,194270,181271,8271,189542,2453
2022-01-04,San Benito,069,59416,9207,8763,235,8998,79
2022-01-04,San Bernardino,071,2135413,432427,404409,15173,419582,6060
2022-01-04,San Diego,073,3302833,511209,458499,30847,489346,4487
2022-01-04,San Francisco,075,870044,80353,70666,4019,74685,688
2022-01-04,San Joaquin,077,732212,116718,110374,6461,116835,1911
2022-01-04,San Luis Obispo,079,281455,35970,33788,1800,35588,371
2022-01-04,San Mateo,081,765935,77103,65157,2324,67481,582
2022-01-04,Santa Barbara,083,443738,56569,52449,2132,54581,574
2022-01-04,Santa Clara,085,1922200,195806,176854,3992,180846,1964
2022-01-04,Santa Cruz,087,273765,26519,23904,1369,25273,228
2022-01-04,Shasta,089,179085,24072,23366,3964,27330,442
2022-01-04,Sierra,091,2930,225,214,22,236,0
2022-01-04,Siskiyou,093,43540,3632,3509,1512,5021,61
2022-01-04,Solano,095,438530,54911,51300,2168,53468,383
2022-01-04,Sonoma,097,501317,52804,48653,973,49626,410
2022-01-04,Stanislaus,099,539301,88442,86107,10256,96363,1361
2022-01-04,Sutter,101,95872,15505,15032,490,15522,193
2022-01-04,Tehama,103,63373,9338,9020,1699,10719,140
2022-01-04,Trinity,105,12862,933,833,232,1065,18
2022-01-04,Tulare,107,460477,75888,72893,18346,91239,1172
2022-01-04,Tuolumne,109,53932,8609,8235,134,8369,91
2022-01-04,Ventura,111,848112,125770,114079,6571,120650,1213
2022-01-04,Yolo,113,214977,25022,22938,1842,24780,270
2022-01-04,Yuba,115,75493,11522,11104,481,11585,101
2022-01-03,Alameda,001,1643700,152516,142090,5025,147115,1529
2022-01-03,Alpine,003,1148,113,113,0,113,0
2022-01-03,Amador,005,37829,6185,6004,100,6104,71
2022-01-03,Butte,007,227075,23975,22924,4313,27237,345
2022-01-03,Calaveras,009,45235,4934,4742,82,4824,93
2022-01-03,Colusa,011,21464,2727,2683,762,3445,21
2022-01-03,Contra Costa,013,1133247,124126,114966,3973,118939,1073
2022-01-03,Del Norte,015,27424,3939,3873,66,3939,43
2022-01-03,El Dorado,017,186661,19152,18183,2040,20223,172
2022-01-03,Fresno,019,978130,157702,152674,14476,167150,2379
2022-01-03,Glenn,021,27897,3763,3703,1102,4805,39
2022-01-03,Humboldt,023,135768,11478,10784,1005,11789,119
2022-01-03,Imperial,025,180216,39852,38411,5087,43498,800
2022-01-03,Inyo,027,18085,3024,2845,64,2909,49
2022-01-03,Kern,029,883053,143212,137773,28070,165843,1916
2022-01-03,Kings,031,150075,35839,34817,2248,37065,387
2022-01-03,Lake,033,64148,7338,7134,231,7365,117
2022-01-03,Lassen,035,31185,7187,7103,446,7549,55
2022-01-03,Los Angeles,037,10098052,1822930,1686203,79972,1766175,27394
2022-01-03,Madera,039,155013,26032,25323,2624,27947,320
2022-01-03,Marin,041,260295,23189,21532,1099,22631,251
2022-01-03,Mariposa,043,17540,1637,1559,68,1627,6
2022-01-03,Mendocino,045,87422,8992,8573,773,9346,101
2022-01-03,Merced,047,269075,46434,45459,2450,47909,696
2022-01-03,Modoc,049,8938,622,602,216,818,6
2022-01-03,Mono,051,14174,2301,2172,40,2212,4
2022-01-03,Monterey,053,433212,54530,51047,4361,55408,644
2022-01-03,Napa,055,140530,16530,15260,303,15563,107
2022-01-03,Nevada,057,99092,11088,10572,422,10994,110
2022-01-03,Orange,059,3164182,387859,358052,25451,383503,5894
2022-01-03,Placer,061,380077,44219,42054,4741,46795,489
2022-01-03,Plumas,063,18699,2081,2005,61,2066,12
2022-01-03,Riverside,065,2383286,433729,410155,19762,429917,5504
2022-01-03,Sacramento,067,1510023,189116,179992,7698,187690,2452
2022-01-03,San Benito,069,59416,9042,8688,228,8916,79
2022-01-03,San Bernardino,071,2135413,423980,401938,14713,416651,6056
2022-01-03,San Diego,073,3302833,495061,451154,29879,481033,4476
2022-01-03,San Francisco,075,870044,77553,69315,3771,73086,686
2022-01-03,San Joaquin,077,732212,114416,109757,6380,116137,1903
2022-01-03,San Luis Obispo,079,281455,35156,33667,1707,35374,367
2022-01-03,San Mateo,081,765935,74390,64470,2167,66637,582
2022-01-03,Santa Barbara,083,443738,55109,51912,2037,53949,571
2022-01-03,Santa Clara,085,1922200,189846,174215,3515,177730,1963
2022-01-03,Santa Cruz,087,273765,25710,23765,1336,25101,228
2022-01-03,Shasta,089,179085,23890,23301,3937,27238,440
2022-01-03,Sierra,091,2930,218,213,21,234,0
2022-01-03,Siskiyou,093,43540,3606,3500,1490,4990,61
2022-01-03,Solano,095,438530,53615,51030,1976,53006,380
2022-01-03,Sonoma,097,501317,51106,48391,876,49267,410
2022-01-03,Stanislaus,099,539301,87448,85793,10089,95882,1332
2022-01-03,Sutter,101,95872,15350,14973,469,15442,193
2022-01-03,Tehama,103,63373,9263,9005,1673,10678,140
2022-01-03,Trinity,105,12862,928,833,231,1064,18
2022-01-03,Tulare,107,460477,75181,72664,18124,90788,1167
2022-01-03,Tuolumne,109,53932,8471,8179,130,8309,91
2022-01-03,Ventura,111,848112,122596,112762,6340,119102,1211
2022-01-03,Yolo,113,214977,24343,22563,1777,24340,270
2022-01-03,Yuba,115,75493,11386,11037,462,11499,99
2022-01-02,Alameda,001,1643700,148086,133486,4536,138022,1528
2022-01-02,Alpine,003,1148,111,113,0,113,0
2022-01-02,Amador,005,37829,6119,5913,95,6008,70
2022-01-02,Butte,007,227075,23636,22469,4253,26722,341
2022-01-02,Calaveras,009,45235,4865,4668,74,4742,93
2022-01-02,Colusa,011,21464,2722,2659,751,3410,21
2022-01-02,Contra Costa,013,1133247,120559,109593,3530,113123,1073
2022-01-02,Del Norte,015,27424,3907,3841,64,3905,43
2022-01-02,El Dorado,017,186661,18816,17621,1988,19609,172
2022-01-02,Fresno,019,978130,155981,149927,14244,164171,2379
2022-01-02,Glenn,021,27897,3743,3663,1093,4756,39
2022-01-02,Humboldt,023,135768,11237,10381,927,11308,119
2022-01-02,Imperial,025,180216,39184,37672,4869,42541,800
2022-01-02,Inyo,027,18085,2954,2726,53,2779,49
2022-01-02,Kern,029,883053,141287,136123,27472,163595,1917
2022-01-02,Kings,031,150075,35520,34318,2213,36531,386
2022-01-02,Lake,033,64148,7267,7060,217,7277,117
2022-01-02,Lassen,035,31185,7171,7089,444,7533,55
2022-01-02,Los Angeles,037,10098052,1771809,1596123,77076,1673199,27371
2022-01-02,Madera,039,155013,25777,25002,2564,27566,320
2022-01-02,Marin,041,260295,22627,20475,1028,21503,249
2022-01-02,Mariposa,043,17540,1606,1509,66,1575,6
2022-01-02,Mendocino,045,87422,8868,8422,755,9177,101
2022-01-02,Merced,047,269075,45900,44769,2354,47123,694
2022-01-02,Modoc,049,8938,620,601,215,816,6
2022-01-02,Mono,051,14174,2273,2101,35,2136,4
2022-01-02,Monterey,053,433212,53911,50251,4151,54402,643
2022-01-02,Napa,055,140530,15988,14439,292,14731,107
2022-01-02,Nevada,057,99092,10904,10299,408,10707,110
2022-01-02,Orange,059,3164182,376858,339526,24292,363818,5890
2022-01-02,Placer,061,380077,43492,40857,4654,45511,489
2022-01-02,Plumas,063,18699,2066,1994,57,2051,12
2022-01-02,Riverside,065,2383286,425401,397124,19240,416364,5501
2022-01-02,Sacramento,067,1510023,185046,173562,6835,180397,2448
2022-01-02,San Benito,069,59416,8859,8320,213,8533,79
2022-01-02,San Bernardino,071,2135413,416322,386278,14161,400439,6051
2022-01-02,San Diego,073,3302833,479979,427087,28698,455785,4469
2022-01-02,San Francisco,075,870044,74613,64498,3532,68030,682
2022-01-02,San Joaquin,077,732212,112553,106640,6275,112915,1902
2022-01-02,San Luis Obispo,079,281455,34422,32342,1624,33966,365
2022-01-02,San Mateo,081,765935,71819,60504,1925,62429,581
2022-01-02,Santa Barbara,083,443738,53673,49555,1974,51529,568
2022-01-02,Santa Clara,085,1922200,183700,164547,3114,167661,1969
2022-01-02,Santa Cruz,087,273765,25040,22980,1303,24283,228
2022-01-02,Shasta,089,179085,23701,23161,3888,27049,435
2022-01-02,Sierra,091,2930,217,206,21,227,0
2022-01-02,Siskiyou,093,43540,3581,3474,1467,4941,61
2022-01-02,Solano,095,438530,52675,48957,1811,50768,379
2022-01-02,Sonoma,097,501317,49781,46040,839,46879,410
2022-01-02,Stanislaus,099,539301,86596,84367,9973,94340,1332
2022-01-02,Sutter,101,95872,15177,14741,450,15191,193
2022-01-02,Tehama,103,63373,9198,8944,1650,10594,139
2022-01-02,Trinity,105,12862,926,832,230,1062,17
2022-01-02,Tulare,107,460477,74520,71941,17930,89871,1160
2022-01-02,Tuolumne,109,53932,8365,8044,125,8169,91
2022-01-02,Ventura,111,848112,119674,107992,6121,114113,1211
2022-01-02,Yolo,113,214977,23671,21747,1705,23452,270
2022-01-02,Yuba,115,75493,11264,10844,445,11289,99
2022-01-01,Alameda,001,1643700,146294,133486,4283,137769,1528
2022-01-01,Alpine,003,1148,111,113,0,113,0
2022-01-01,Amador,005,37829,6084,5913,90,6003,70
2022-01-01,Butte,007,227075,23440,22469,4223,26692,341
2022-01-01,Calaveras,009,45235,4829,4668,72,4740,93
2022-01-01,Colusa,011,21464,2720,2659,741,3400,21
2022-01-01,Contra Costa,013,1133247,119194,109593,3402,112995,1073
2022-01-01,Del Norte,015,27424,3901,3841,64,3905,43
2022-01-01,El Dorado,017,186661,18668,17621,1973,19594,172
2022-01-01,Fresno,019,978130,155318,149927,14165,164092,2379
2022-01-01,Glenn,021,27897,3736,3663,1093,4756,39
2022-01-01,Humboldt,023,135768,11102,10381,906,11287,119
2022-01-01,Imperial,025,180216,39036,37672,4824,42496,800
2022-01-01,Inyo,027,18085,2925,2726,51,2777,49
2022-01-01,Kern,029,883053,140596,136123,27161,163284,1917
2022-01-01,Kings,031,150075,35384,34318,2186,36504,386
2022-01-01,Lake,033,64148,7228,7060,212,7272,117
2022-01-01,Lassen,035,31185,7165,7089,439,7528,55
2022-01-01,Los Angeles,037,10098052,1751713,1596123,75107,1671230,27371
2022-01-01,Madera,039,155013,25693,25002,2550,27552,320
2022-01-01,Marin,041,260295,22316,20475,987,21462,249
2022-01-01,Mariposa,043,17540,1595,1509,66,1575,6
2022-01-01,Mendocino,045,87422,8776,8422,749,9171,101
2022-01-01,Merced,047,269075,45768,44769,2344,47113,694
2022-01-01,Modoc,049,8938,617,601,215,816,6
2022-01-01,Mono,051,14174,2249,2101,30,2131,4
2022-01-01,Monterey,053,433212,53609,50251,4067,54318,643
2022-01-01,Napa,055,140530,15838,14439,277,14716,107
2022-01-01,Nevada,057,99092,10832,10299,401,10700,110
2022-01-01,Orange,059,3164182,372645,339526,23579,363105,5890
2022-01-01,Placer,061,380077,43194,40857,4590,45447,489
2022-01-01,Plumas,063,18699,2054,1994,57,2051,12
2022-01-01,Riverside,065,2383286,421917,397124,19037,416161,5501
2022-01-01,Sacramento,067,1510023,183786,173562,6567,180129,2448
2022-01-01,San Benito,069,59416,8769,8320,213,8533,79
2022-01-01,San Bernardino,071,2135413,413229,386278,13879,400157,6051
2022-01-01,San Diego,073,3302833,474048,427087,28182,455269,4469
2022-01-01,San Francisco,075,870044,73214,64498,3320,67818,682
2022-01-01,San Joaquin,077,732212,111856,106640,6223,112863,1902
2022-01-01,San Luis Obispo,079,281455,34221,32342,1614,33956,365
2022-01-01,San Mateo,081,765935,70351,60504,1774,62278,581
2022-01-01,Santa Barbara,083,443738,52936,49555,1938,51493,568
2022-01-01,Santa Clara,085,1922200,180666,164547,2916,167463,1969
2022-01-01,Santa Cruz,087,273765,24720,22980,1285,24265,228
2022-01-01,Shasta,089,179085,23620,23161,3870,27031,435
2022-01-01,Sierra,091,2930,216,206,21,227,0
2022-01-01,Siskiyou,093,43540,3578,3474,1457,4931,61
2022-01-01,Solano,095,438530,52410,48957,1754,50711,379
2022-01-01,Sonoma,097,501317,49390,46040,807,46847,410
2022-01-01,Stanislaus,099,539301,86194,84367,9911,94278,1332
2022-01-01,Sutter,101,95872,15101,14741,448,15189,193
2022-01-01,Tehama,103,63373,9166,8944,1638,10582,139
2022-01-01,Trinity,105,12862,923,832,230,1062,17
2022-01-01,Tulare,107,460477,74277,71941,17824,89765,1160
2022-01-01,Tuolumne,109,53932,8306,8044,122,8166,91
2022-01-01,Ventura,111,848112,118288,107992,5992,113984,1211
2022-01-01,Yolo,113,214977,23254,21747,1667,23414,270
2022-01-01,Yuba,115,75493,11199,10844,439,11283,99
2021-12-31,Alameda,001,1643700,145563,133486,4187,137673,1528
2021-12-31,Alpine,003,1148,111,113,0,113,0
2021-12-31,Amador,005,37829,6061,5913,89,6002,70
2021-12-31,Butte,007,227075,23338,22469,4193,26662,341
2021-12-31,Calaveras,009,45235,4798,4668,72,4740,93
2021-12-31,Colusa,011,21464,2713,2659,735,3394,21
2021-12-31,Contra Costa,013,1133247,118311,109593,3322,112915,1073
2021-12-31,Del Norte,015,27424,3892,3841,62,3903,43
2021-12-31,El Dorado,017,186661,18592,17621,1955,19576,172
2021-12-31,Fresno,019,978130,155014,149927,14146,164073,2379
2021-12-31,Glenn,021,27897,3735,3663,1091,4754,39
2021-12-31,Humboldt,023,135768,11016,10381,887,11268,119
2021-12-31,Imperial,025,180216,38910,37672,4811,42483,800
2021-12-31,Inyo,027,18085,2899,2726,51,2777,49
2021-12-31,Kern,029,883053,140091,136123,27023,163146,1917
2021-12-31,Kings,031,150075,35279,34318,2176,36494,386
2021-12-31,Lake,033,64148,7205,7060,207,7267,117
2021-12-31,Lassen,035,31185,7152,7089,439,7528,55
2021-12-31,Los Angeles,037,10098052,1740968,1596123,74345,1670468,27371
2021-12-31,Madera,039,155013,25626,25002,2533,27535,320
2021-12-31,Marin,041,260295,22160,20475,956,21431,249
2021-12-31,Mariposa,043,17540,1588,1509,65,1574,6
2021-12-31,Mendocino,045,87422,8743,8422,746,9168,101
2021-12-31,Merced,047,269075,45684,44769,2327,47096,694
2021-12-31,Modoc,049,8938,613,601,213,814,6
2021-12-31,Mono,051,14174,2236,2101,29,2130,4
2021-12-31,Monterey,053,433212,53484,50251,4002,54253,643
2021-12-31,Napa,055,140530,15726,14439,267,14706,107
2021-12-31,Nevada,057,99092,10766,10299,395,10694,110
2021-12-31,Orange,059,3164182,370138,339526,23155,362681,5890
2021-12-31,Placer,061,380077,42958,40857,4524,45381,489
2021-12-31,Plumas,063,18699,2049,1994,57,2051,12
2021-12-31,Riverside,065,2383286,420241,397124,18880,416004,5501
2021-12-31,Sacramento,067,1510023,182939,173562,6464,180026,2448
2021-12-31,San Benito,069,59416,8755,8320,212,8532,79
2021-12-31,San Bernardino,071,2135413,411053,386278,13692,399970,6051
2021-12-31,San Diego,073,3302833,470860,427087,27869,454956,4469
2021-12-31,San Francisco,075,870044,72291,64498,3264,67762,682
2021-12-31,San Joaquin,077,732212,111240,106640,6180,112820,1902
2021-12-31,San Luis Obispo,079,281455,34113,32342,1601,33943,365
2021-12-31,San Mateo,081,765935,69477,60504,1720,62224,581
2021-12-31,Santa Barbara,083,443738,52542,49555,1924,51479,568
2021-12-31,Santa Clara,085,1922200,178724,164547,2774,167321,1969
2021-12-31,Santa Cruz,087,273765,24485,22980,1263,24243,228
2021-12-31,Shasta,089,179085,23556,23161,3849,27010,435
2021-12-31,Sierra,091,2930,216,206,21,227,0
2021-12-31,Siskiyou,093,43540,3571,3474,1446,4920,61
2021-12-31,Solano,095,438530,52252,48957,1728,50685,379
2021-12-31,Sonoma,097,501317,49142,46040,794,46834,410
2021-12-31,Stanislaus,099,539301,85870,84367,9867,94234,1332
2021-12-31,Sutter,101,95872,15040,14741,442,15183,193
2021-12-31,Tehama,103,63373,9134,8944,1629,10573,139
2021-12-31,Trinity,105,12862,922,832,230,1062,17
2021-12-31,Tulare,107,460477,74078,71941,17735,89676,1160
2021-12-31,Tuolumne,109,53932,8262,8044,121,8165,91
2021-12-31,Ventura,111,848112,117315,107992,5910,113902,1211
2021-12-31,Yolo,113,214977,23033,21747,1645,23392,270
2021-12-31,Yuba,115,75493,11142,10844,433,11277,99
2021-12-30,Alameda,001,1643700,144299,133486,4053,137539,1528
2021-12-30,Alpine,003,1148,110,113,0,113,0
2021-12-30,Amador,005,37829,6042,5913,88,6001,70
2021-12-30,Butte,007,227075,23215,22469,4171,26640,341
2021-12-30,Calaveras,009,45235,4779,4668,72,4740,93
2021-12-30,Colusa,011,21464,2712,2659,733,3392,21
2021-12-30,Contra Costa,013,1133247,117227,109593,3211,112804,1073
2021-12-30,Del Norte,015,27424,3881,3841,61,3902,43
2021-12-30,El Dorado,017,186661,18488,17621,1934,19555,172
2021-12-30,Fresno,019,978130,154484,149927,14069,163996,2379
2021-12-30,Glenn,021,27897,3730,3663,1088,4751,39
2021-12-30,Humboldt,023,135768,10947,10381,875,11256,119
2021-12-30,Imperial,025,180216,38744,37672,4697,42369,800
2021-12-30,Inyo,027,18085,2881,2726,49,2775,49
2021-12-30,Kern,029,883053,139559,136123,26721,162844,1917
2021-12-30,Kings,031,150075,35161,34318,2161,36479,386
2021-12-30,Lake,033,64148,7191,7060,202,7262,117
2021-12-30,Lassen,035,31185,7146,7089,439,7528,55
2021-12-30,Los Angeles,037,10098052,1717676,1596123,73083,1669206,27371
2021-12-30,Madera,039,155013,25544,25002,2513,27515,320
2021-12-30,Marin,041,260295,21983,20475,932,21407,249
2021-12-30,Mariposa,043,17540,1582,1509,65,1574,6
2021-12-30,Mendocino,045,87422,8726,8422,735,9157,101
2021-12-30,Merced,047,269075,45582,44769,2313,47082,694
2021-12-30,Modoc,049,8938,612,601,213,814,6
2021-12-30,Mono,051,14174,2232,2101,28,2129,4
2021-12-30,Monterey,053,433212,53179,50251,3941,54192,643
2021-12-30,Napa,055,140530,15582,14439,258,14697,107
2021-12-30,Nevada,057,99092,10704,10299,387,10686,110
2021-12-30,Orange,059,3164182,365051,339526,22598,362124,5890
2021-12-30,Placer,061,380077,42681,40857,4475,45332,489
2021-12-30,Plumas,063,18699,2045,1994,56,2050,12
2021-12-30,Riverside,065,2383286,416973,397124,18724,415848,5501
2021-12-30,Sacramento,067,1510023,181690,173562,6318,179880,2448
2021-12-30,San Benito,069,59416,8710,8320,208,8528,79
2021-12-30,San Bernardino,071,2135413,408563,386278,13543,399821,6051
2021-12-30,San Diego,073,3302833,465729,427087,27364,454451,4469
2021-12-30,San Francisco,075,870044,71190,64498,3191,67689,682
2021-12-30,San Joaquin,077,732212,110649,106640,6143,112783,1902
2021-12-30,San Luis Obispo,079,281455,33993,32342,1587,33929,365
2021-12-30,San Mateo,081,765935,68432,60504,1588,62092,581
2021-12-30,Santa Barbara,083,443738,52063,49555,1904,51459,568
2021-12-30,Santa Clara,085,1922200,176449,164547,2649,167196,1969
2021-12-30,Santa Cruz,087,273765,24247,22980,1228,24208,228
2021-12-30,Shasta,089,179085,23506,23161,3843,27004,435
2021-12-30,Sierra,091,2930,216,206,21,227,0
2021-12-30,Siskiyou,093,43540,3562,3474,1444,4918,61
2021-12-30,Solano,095,438530,51903,48957,1681,50638,379
2021-12-30,Sonoma,097,501317,48810,46040,784,46824,410
2021-12-30,Stanislaus,099,539301,85556,84367,9818,94185,1332
2021-12-30,Sutter,101,95872,14979,14741,441,15182,193
2021-12-30,Tehama,103,63373,9106,8944,1623,10567,139
2021-12-30,Trinity,105,12862,919,832,230,1062,17
2021-12-30,Tulare,107,460477,73898,71941,17653,89594,1160
2021-12-30,Tuolumne,109,53932,8223,8044,120,8164,91
2021-12-30,Ventura,111,848112,116058,107992,5810,113802,1211
2021-12-30,Yolo,113,214977,22895,21747,1618,23365,270
2021-12-30,Yuba,115,75493,11095,10844,431,11275,99
2021-12-29,Alameda,001,1643700,141126,131586,3898,135484,1529
2021-12-29,Alpine,003,1148,110,113,0,113,0
2021-12-29,Amador,005,37829,6019,5905,85,5990,70
2021-12-29,Butte,007,227075,23072,22353,4135,26488,338
2021-12-29,Calaveras,009,45235,4751,4646,70,4716,93
2021-12-29,Colusa,011,21464,2702,2657,728,3385,21
2021-12-29,Contra Costa,013,1133247,115136,108165,3084,111249,1072
2021-12-29,Del Norte,015,27424,3867,3826,59,3885,43
2021-12-29,El Dorado,017,186661,18262,17489,1916,19405,172
2021-12-29,Fresno,019,978130,153355,149318,13954,163272,2364
2021-12-29,Glenn,021,27897,3720,3653,1086,4739,39
2021-12-29,Humboldt,023,135768,10840,10249,852,11101,119
2021-12-29,Imperial,025,180216,38511,37460,4628,42088,800
2021-12-29,Inyo,027,18085,2849,2703,49,2752,49
2021-12-29,Kern,029,883053,138757,135648,26331,161979,1913
2021-12-29,Kings,031,150075,35046,34216,2155,36371,386
2021-12-29,Lake,033,64148,7160,7048,200,7248,117
2021-12-29,Lassen,035,31185,7142,7085,438,7523,55
2021-12-29,Los Angeles,037,10098052,1687739,1576414,71365,1647779,27349
2021-12-29,Madera,039,155013,25440,24923,2502,27425,320
2021-12-29,Marin,041,260295,21627,20025,911,20936,249
2021-12-29,Mariposa,043,17540,1560,1507,65,1572,6
2021-12-29,Mendocino,045,87422,8667,8386,731,9117,99
2021-12-29,Merced,047,269075,45366,44548,2299,46847,693
2021-12-29,Modoc,049,8938,609,600,213,813,6
2021-12-29,Mono,051,14174,2208,2056,27,2083,4
2021-12-29,Monterey,053,433212,52767,50097,3835,53932,641
2021-12-29,Napa,055,140530,15257,14247,239,14486,107
2021-12-29,Nevada,057,99092,10612,10274,386,10660,110
2021-12-29,Orange,059,3164182,357539,334557,21920,356477,5887
2021-12-29,Placer,061,380077,42197,40545,4400,44945,489
2021-12-29,Plumas,063,18699,2033,1990,56,2046,12
2021-12-29,Riverside,065,2383286,411558,392989,18515,411504,5486
2021-12-29,Sacramento,067,1510023,179356,172145,6153,178298,2437
2021-12-29,San Benito,069,59416,8566,8239,207,8446,79
2021-12-29,San Bernardino,071,2135413,403289,382872,13333,396205,6049
2021-12-29,San Diego,073,3302833,454860,421045,26654,447699,4461
2021-12-29,San Francisco,075,870044,69490,63117,3119,66236,684
2021-12-29,San Joaquin,077,732212,109476,106063,6091,112154,1891
2021-12-29,San Luis Obispo,079,281455,33599,31936,1538,33474,365
2021-12-29,San Mateo,081,765935,66819,59478,1478,60956,581
2021-12-29,Santa Barbara,083,443738,51223,49003,1879,50882,568
2021-12-29,Santa Clara,085,1922200,173308,162008,2515,164523,1962
2021-12-29,Santa Cruz,087,273765,23969,22669,1196,23865,228
2021-12-29,Shasta,089,179085,23431,23083,3831,26914,435
2021-12-29,Sierra,091,2930,215,206,21,227,0
2021-12-29,Siskiyou,093,43540,3550,3472,1433,4905,61
2021-12-29,Solano,095,438530,51200,48562,1625,50187,379
2021-12-29,Sonoma,097,501317,48013,45479,760,46239,410
2021-12-29,Stanislaus,099,539301,85075,84083,9766,93849,1332
2021-12-29,Sutter,101,95872,14911,14688,439,15127,193
2021-12-29,Tehama,103,63373,9082,8914,1610,10524,138
2021-12-29,Trinity,105,12862,918,832,230,1062,17
2021-12-29,Tulare,107,460477,73606,71752,17536,89288,1160
2021-12-29,Tuolumne,109,53932,8170,8012,119,8131,91
2021-12-29,Ventura,111,848112,114118,106974,5630,112604,1207
2021-12-29,Yolo,113,214977,22656,21564,1587,23151,270
2021-12-29,Yuba,115,75493,11034,10808,427,11235,99
2021-12-28,Alameda,001,1643700,138014,130427,3737,134164,1522
2021-12-28,Alpine,003,1148,110,113,0,113,0
2021-12-28,Amador,005,37829,6000,5900,84,5984,70
2021-12-28,Butte,007,227075,22932,22285,4118,26403,338
2021-12-28,Calaveras,009,45235,4734,4641,69,4710,91
2021-12-28,Colusa,011,21464,2696,2653,726,3379,21
2021-12-28,Contra Costa,013,1133247,112856,107160,2966,110126,1072
2021-12-28,Del Norte,015,27424,3861,3815,59,3874,43
2021-12-28,El Dorado,017,186661,18036,17419,1905,19324,172
2021-12-28,Fresno,019,978130,152279,148987,13864,162851,2365
2021-12-28,Glenn,021,27897,3694,3639,1082,4721,39
2021-12-28,Humboldt,023,135768,10719,10198,827,11025,119
2021-12-28,Imperial,025,180216,38214,37223,4522,41745,800
2021-12-28,Inyo,027,18085,2791,2676,48,2724,48
2021-12-28,Kern,029,883053,138041,135346,25975,161321,1909
2021-12-28,Kings,031,150075,34910,34165,2140,36305,386
2021-12-28,Lake,033,64148,7141,7044,195,7239,116
2021-12-28,Lassen,035,31185,7134,7083,438,7521,55
2021-12-28,Los Angeles,037,10098052,1655523,1561791,69693,1631484,27323
2021-12-28,Madera,039,155013,25315,24865,2482,27347,320
2021-12-28,Marin,041,260295,21213,19739,881,20620,249
2021-12-28,Mariposa,043,17540,1549,1499,64,1563,6
2021-12-28,Mendocino,045,87422,8607,8366,723,9089,98
2021-12-28,Merced,047,269075,45127,44434,2289,46723,691
2021-12-28,Modoc,049,8938,609,599,212,811,6
2021-12-28,Mono,051,14174,2185,2045,25,2070,4
2021-12-28,Monterey,053,433212,52397,49973,3762,53735,639
2021-12-28,Napa,055,140530,14940,14131,212,14343,107
2021-12-28,Nevada,057,99092,10522,10250,383,10633,110
2021-12-28,Orange,059,3164182,349883,331279,21175,352454,5882
2021-12-28,Placer,061,380077,41727,40410,4330,44740,489
2021-12-28,Plumas,063,18699,2030,1989,56,2045,12
2021-12-28,Riverside,065,2383286,406321,390343,18268,408611,5470
2021-12-28,Sacramento,067,1510023,177072,171290,6022,177312,2426
2021-12-28,San Benito,069,59416,8424,8170,205,8375,79
2021-12-28,San Bernardino,071,2135413,397736,381316,13120,394436,6047
2021-12-28,San Diego,073,3302833,444123,417383,26115,443498,4450
2021-12-28,San Francisco,075,870044,67869,61745,3060,64805,682
2021-12-28,San Joaquin,077,732212,108425,105572,6046,111618,1884
2021-12-28,San Luis Obispo,079,281455,33140,31759,1522,33281,365
2021-12-28,San Mateo,081,765935,65309,58712,1389,60101,582
2021-12-28,Santa Barbara,083,443738,50578,48493,1859,50352,568
2021-12-28,Santa Clara,085,1922200,170169,160811,2419,163230,1962
2021-12-28,Santa Cruz,087,273765,23597,22513,1157,23670,228
2021-12-28,Shasta,089,179085,23359,23035,3826,26861,434
2021-12-28,Sierra,091,2930,212,206,21,227,0
2021-12-28,Siskiyou,093,43540,3541,3468,1428,4896,60
2021-12-28,Solano,095,438530,50284,48318,1571,49889,378
2021-12-28,Sonoma,097,501317,47153,45086,734,45820,410
2021-12-28,Stanislaus,099,539301,84594,83946,9715,93661,1331
2021-12-28,Sutter,101,95872,14861,14662,436,15098,193
2021-12-28,Tehama,103,63373,9065,8893,1608,10501,138
2021-12-28,Trinity,105,12862,916,831,229,1060,17
2021-12-28,Tulare,107,460477,73323,71630,17410,89040,1156
2021-12-28,Tuolumne,109,53932,8127,8006,119,8125,91
2021-12-28,Ventura,111,848112,112008,105883,5499,111382,1207
2021-12-28,Yolo,113,214977,22322,21320,1536,22856,270
2021-12-28,Yuba,115,75493,10979,10778,424,11202,99
2021-12-27,Alameda,001,1643700,135430,129910,3595,133505,1530
2021-12-27,Alpine,003,1148,110,113,0,113,0
2021-12-27,Amador,005,37829,5972,5891,84,5975,70
2021-12-27,Butte,007,227075,22799,22234,4095,26329,335
2021-12-27,Calaveras,009,45235,4710,4630,68,4698,91
2021-12-27,Colusa,011,21464,2685,2652,720,3372,21
2021-12-27,Contra Costa,013,1133247,110701,106692,2885,109577,1071
2021-12-27,Del Norte,015,27424,3852,3802,58,3860,43
2021-12-27,El Dorado,017,186661,17877,17361,1892,19253,172
2021-12-27,Fresno,019,978130,151314,148826,13789,162615,2364
2021-12-27,Glenn,021,27897,3686,3634,1076,4710,39
2021-12-27,Humboldt,023,135768,10604,10164,805,10969,119
2021-12-27,Imperial,025,180216,37973,37180,4422,41602,800
2021-12-27,Inyo,027,18085,2762,2662,46,2708,48
2021-12-27,Kern,029,883053,137392,135119,25672,160791,1907
2021-12-27,Kings,031,150075,34762,34126,2127,36253,382
2021-12-27,Lake,033,64148,7118,7037,185,7222,116
2021-12-27,Lassen,035,31185,7128,7080,438,7518,55
2021-12-27,Los Angeles,037,10098052,1619253,1554074,67928,1622002,27300
2021-12-27,Madera,039,155013,25199,24840,2463,27303,320
2021-12-27,Marin,041,260295,20826,19601,854,20455,249
2021-12-27,Mariposa,043,17540,1534,1495,64,1559,6
2021-12-27,Mendocino,045,87422,8540,8351,718,9069,98
2021-12-27,Merced,047,269075,44896,44383,2272,46655,690
2021-12-27,Modoc,049,8938,607,599,212,811,6
2021-12-27,Mono,051,14174,2122,2026,25,2051,4
2021-12-27,Monterey,053,433212,52096,49918,3710,53628,639
2021-12-27,Napa,055,140530,14671,14083,203,14286,107
2021-12-27,Nevada,057,99092,10453,10239,375,10614,110
2021-12-27,Orange,059,3164182,342432,329222,20368,349590,5875
2021-12-27,Placer,061,380077,41345,40263,4281,44544,489
2021-12-27,Plumas,063,18699,2028,1988,54,2042,12
2021-12-27,Riverside,065,2383286,401744,389096,18006,407102,5470
2021-12-27,Sacramento,067,1510023,175061,170858,5849,176707,2422
2021-12-27,San Benito,069,59416,8307,8133,201,8334,79
2021-12-27,San Bernardino,071,2135413,392044,380526,12923,393449,6047
2021-12-27,San Diego,073,3302833,433918,414968,25632,440600,4445
2021-12-27,San Francisco,075,870044,66122,60920,2995,63915,682
2021-12-27,San Joaquin,077,732212,107511,105413,5983,111396,1876
2021-12-27,San Luis Obispo,079,281455,32697,31671,1500,33171,365
2021-12-27,San Mateo,081,765935,63794,58397,1289,59686,581
2021-12-27,Santa Barbara,083,443738,49796,48209,1839,50048,568
2021-12-27,Santa Clara,085,1922200,167201,159904,2293,162197,1961
2021-12-27,Santa Cruz,087,273765,23308,22456,1139,23595,228
2021-12-27,Shasta,089,179085,23296,23015,3815,26830,432
2021-12-27,Sierra,091,2930,212,206,21,227,0
2021-12-27,Siskiyou,093,43540,3532,3466,1423,4889,60
2021-12-27,Solano,095,438530,49551,48172,1523,49695,378
2021-12-27,Sonoma,097,501317,46580,44990,715,45705,410
2021-12-27,Stanislaus,099,539301,84146,83833,9679,93512,1331
2021-12-27,Sutter,101,95872,14805,14642,431,15073,191
2021-12-27,Tehama,103,63373,9050,8887,1601,10488,136
2021-12-27,Trinity,105,12862,916,827,229,1056,17
2021-12-27,Tulare,107,460477,73058,71562,17313,88875,1146
2021-12-27,Tuolumne,109,53932,8090,7978,118,8096,91
2021-12-27,Ventura,111,848112,109920,105212,5363,110575,1206
2021-12-27,Yolo,113,214977,22027,21300,1501,22801,270
2021-12-27,Yuba,115,75493,10918,10759,423,11182,98
2021-12-26,Alameda,001,1643700,133399,127221,3522,130743,1525
2021-12-26,Alpine,003,1148,110,113,0,113,0
2021-12-26,Amador,005,37829,5956,5861,82,5943,70
2021-12-26,Butte,007,227075,22646,22087,4072,26159,330
2021-12-26,Calaveras,009,45235,4688,4591,68,4659,91
2021-12-26,Colusa,011,21464,2675,2647,714,3361,21
2021-12-26,Contra Costa,013,1133247,108953,105022,2785,107807,1071
2021-12-26,Del Norte,015,27424,3847,3795,58,3853,43
2021-12-26,El Dorado,017,186661,17721,17188,1883,19071,172
2021-12-26,Fresno,019,978130,150606,148027,13710,161737,2358
2021-12-26,Glenn,021,27897,3678,3611,1065,4676,39
2021-12-26,Humboldt,023,135768,10460,10052,782,10834,119
2021-12-26,Imperial,025,180216,37669,36878,4329,41207,800
2021-12-26,Inyo,027,18085,2738,2636,43,2679,47
2021-12-26,Kern,029,883053,136674,134591,25416,160007,1908
2021-12-26,Kings,031,150075,34610,34009,2121,36130,379
2021-12-26,Lake,033,64148,7096,7019,182,7201,116
2021-12-26,Lassen,035,31185,7122,7072,437,7509,55
2021-12-26,Los Angeles,037,10098052,1589425,1515469,66119,1581588,27257
2021-12-26,Madera,039,155013,25081,24741,2447,27188,320
2021-12-26,Marin,041,260295,20446,19085,792,19877,249
2021-12-26,Mariposa,043,17540,1528,1480,64,1544,6
2021-12-26,Mendocino,045,87422,8489,8314,716,9030,98
2021-12-26,Merced,047,269075,44646,44208,2261,46469,690
2021-12-26,Modoc,049,8938,606,597,210,807,6
2021-12-26,Mono,051,14174,2096,2000,25,2025,4
2021-12-26,Monterey,053,433212,51819,49709,3662,53371,638
2021-12-26,Napa,055,140530,14435,13809,198,14007,107
2021-12-26,Nevada,057,99092,10393,10153,368,10521,110
2021-12-26,Orange,059,3164182,336116,322991,19563,342554,5863
2021-12-26,Placer,061,380077,41000,39852,4210,44062,489
2021-12-26,Plumas,063,18699,2020,1987,53,2040,12
2021-12-26,Riverside,065,2383286,397577,384567,17835,402402,5470
2021-12-26,Sacramento,067,1510023,173341,169144,5700,174844,2418
2021-12-26,San Benito,069,59416,8218,7991,197,8188,79
2021-12-26,San Bernardino,071,2135413,387467,376052,12748,388800,6043
2021-12-26,San Diego,073,3302833,424954,406616,25148,431764,4442
2021-12-26,San Francisco,075,870044,64549,58229,2933,61162,682
2021-12-26,San Joaquin,077,732212,106696,104590,5932,110522,1872
2021-12-26,San Luis Obispo,079,281455,32259,31290,1482,32772,365
2021-12-26,San Mateo,081,765935,62392,56973,1241,58214,581
2021-12-26,Santa Barbara,083,443738,49120,47553,1809,49362,567
2021-12-26,Santa Clara,085,1922200,164507,156872,2161,159033,1967
2021-12-26,Santa Cruz,087,273765,23024,22176,1125,23301,228
2021-12-26,Shasta,089,179085,23213,22959,3803,26762,432
2021-12-26,Sierra,091,2930,212,202,21,223,0
2021-12-26,Siskiyou,093,43540,3524,3460,1414,4874,60
2021-12-26,Solano,095,438530,49048,47646,1485,49131,377
2021-12-26,Sonoma,097,501317,46087,44358,682,45040,408
2021-12-26,Stanislaus,099,539301,83775,83368,9643,93011,1331
2021-12-26,Sutter,101,95872,14741,14533,428,14961,191
2021-12-26,Tehama,103,63373,9017,8861,1598,10459,136
2021-12-26,Trinity,105,12862,916,826,228,1054,17
2021-12-26,Tulare,107,460477,72809,71292,17202,88494,1137
2021-12-26,Tuolumne,109,53932,8053,7919,118,8037,91
2021-12-26,Ventura,111,848112,108087,103498,5213,108711,1206
2021-12-26,Yolo,113,214977,21744,21084,1461,22545,270
2021-12-26,Yuba,115,75493,10867,10694,421,11115,98
2021-12-25,Alameda,001,1643700,132355,127221,3459,130680,1525
2021-12-25,Alpine,003,1148,110,113,0,113,0
2021-12-25,Amador,005,37829,5937,5861,82,5943,70
2021-12-25,Butte,007,227075,22550,22087,4056,26143,330
2021-12-25,Calaveras,009,45235,4659,4591,67,4658,91
2021-12-25,Colusa,011,21464,2670,2647,708,3355,21
2021-12-25,Contra Costa,013,1133247,108121,105022,2732,107754,1071
2021-12-25,Del Norte,015,27424,3840,3795,57,3852,43
2021-12-25,El Dorado,017,186661,17668,17188,1872,19060,172
2021-12-25,Fresno,019,978130,150297,148027,13664,161691,2358
2021-12-25,Glenn,021,27897,3668,3611,1060,4671,39
2021-12-25,Humboldt,023,135768,10382,10052,775,10827,119
2021-12-25,Imperial,025,180216,37550,36878,4306,41184,800
2021-12-25,Inyo,027,18085,2718,2636,43,2679,47
2021-12-25,Kern,029,883053,136327,134591,25291,159882,1908
2021-12-25,Kings,031,150075,34521,34009,2114,36123,379
2021-12-25,Lake,033,64148,7084,7019,180,7199,116
2021-12-25,Lassen,035,31185,7120,7072,437,7509,55
2021-12-25,Los Angeles,037,10098052,1576646,1515469,64782,1580251,27257
2021-12-25,Madera,039,155013,25033,24741,2441,27182,320
2021-12-25,Marin,041,260295,20107,19085,743,19828,249
2021-12-25,Mariposa,043,17540,1522,1480,64,1544,6
2021-12-25,Mendocino,045,87422,8451,8314,716,9030,98
2021-12-25,Merced,047,269075,44546,44208,2259,46467,690
2021-12-25,Modoc,049,8938,606,597,210,807,6
2021-12-25,Mono,051,14174,2079,2000,25,2025,4
2021-12-25,Monterey,053,433212,51652,49709,3627,53336,638
2021-12-25,Napa,055,140530,14320,13809,190,13999,107
2021-12-25,Nevada,057,99092,10364,10153,368,10521,110
2021-12-25,Orange,059,3164182,333254,322991,18988,341979,5863
2021-12-25,Placer,061,380077,40821,39852,4174,44026,489
2021-12-25,Plumas,063,18699,2018,1987,53,2040,12
2021-12-25,Riverside,065,2383286,395298,384567,17715,402282,5470
2021-12-25,Sacramento,067,1510023,172528,169144,5592,174736,2418
2021-12-25,San Benito,069,59416,8153,7991,197,8188,79
2021-12-25,San Bernardino,071,2135413,385325,376052,12611,388663,6043
2021-12-25,San Diego,073,3302833,420902,406616,24878,431494,4442
2021-12-25,San Francisco,075,870044,63525,58229,2897,61126,682
2021-12-25,San Joaquin,077,732212,106361,104590,5900,110490,1872
2021-12-25,San Luis Obispo,079,281455,32104,31290,1473,32763,365
2021-12-25,San Mateo,081,765935,61363,56973,1198,58171,581
2021-12-25,Santa Barbara,083,443738,48758,47553,1797,49350,567
2021-12-25,Santa Clara,085,1922200,163024,156872,2093,158965,1967
2021-12-25,Santa Cruz,087,273765,22865,22176,1119,23295,228
2021-12-25,Shasta,089,179085,23183,22959,3797,26756,432
2021-12-25,Sierra,091,2930,212,202,21,223,0
2021-12-25,Siskiyou,093,43540,3521,3460,1408,4868,60
2021-12-25,Solano,095,438530,48926,47646,1467,49113,377
2021-12-25,Sonoma,097,501317,45702,44358,656,45014,408
2021-12-25,Stanislaus,099,539301,83562,83368,9622,92990,1331
2021-12-25,Sutter,101,95872,14700,14533,426,14959,191
2021-12-25,Tehama,103,63373,8997,8861,1594,10455,136
2021-12-25,Trinity,105,12862,915,826,228,1054,17
2021-12-25,Tulare,107,460477,72673,71292,17121,88413,1137
2021-12-25,Tuolumne,109,53932,8022,7919,118,8037,91
2021-12-25,Ventura,111,848112,106917,103498,5104,108602,1206
2021-12-25,Yolo,113,214977,21632,21084,1439,22523,270
2021-12-25,Yuba,115,75493,10841,10694,420,11114,98
2021-12-24,Alameda,001,1643700,131754,127221,3441,130662,1525
2021-12-24,Alpine,003,1148,110,113,0,113,0
2021-12-24,Amador,005,37829,5929,5861,81,5942,70
2021-12-24,Butte,007,227075,22495,22087,4043,26130,330
2021-12-24,Calaveras,009,45235,4653,4591,67,4658,91
2021-12-24,Colusa,011,21464,2668,2647,707,3354,21
2021-12-24,Contra Costa,013,1133247,107808,105022,2699,107721,1071
2021-12-24,Del Norte,015,27424,3833,3795,57,3852,43
2021-12-24,El Dorado,017,186661,17617,17188,1867,19055,172
2021-12-24,Fresno,019,978130,150133,148027,13653,161680,2358
2021-12-24,Glenn,021,27897,3667,3611,1060,4671,39
2021-12-24,Humboldt,023,135768,10326,10052,769,10821,119
2021-12-24,Imperial,025,180216,37467,36878,4302,41180,800
2021-12-24,Inyo,027,18085,2698,2636,43,2679,47
2021-12-24,Kern,029,883053,136203,134591,25249,159840,1908
2021-12-24,Kings,031,150075,34455,34009,2113,36122,379
2021-12-24,Lake,033,64148,7080,7019,180,7199,116
2021-12-24,Lassen,035,31185,7117,7072,437,7509,55
2021-12-24,Los Angeles,037,10098052,1571807,1515469,64251,1579720,27257
2021-12-24,Madera,039,155013,25000,24741,2436,27177,320
2021-12-24,Marin,041,260295,19963,19085,713,19798,249
2021-12-24,Mariposa,043,17540,1520,1480,64,1544,6
2021-12-24,Mendocino,045,87422,8434,8314,716,9030,98
2021-12-24,Merced,047,269075,44496,44208,2257,46465,690
2021-12-24,Modoc,049,8938,606,597,210,807,6
2021-12-24,Mono,051,14174,2066,2000,25,2025,4
2021-12-24,Monterey,053,433212,51554,49709,3602,53311,638
2021-12-24,Napa,055,140530,14254,13809,186,13995,107
2021-12-24,Nevada,057,99092,10337,10153,366,10519,110
2021-12-24,Orange,059,3164182,332207,322991,18830,341821,5863
2021-12-24,Placer,061,380077,40703,39852,4158,44010,489
2021-12-24,Plumas,063,18699,2017,1987,53,2040,12
2021-12-24,Riverside,065,2383286,394311,384567,17624,402191,5470
2021-12-24,Sacramento,067,1510023,172219,169144,5556,174700,2418
2021-12-24,San Benito,069,59416,8144,7991,196,8187,79
2021-12-24,San Bernardino,071,2135413,384240,376052,12542,388594,6043
2021-12-24,San Diego,073,3302833,419801,406616,24750,431366,4442
2021-12-24,San Francisco,075,870044,63016,58229,2879,61108,682
2021-12-24,San Joaquin,077,732212,106170,104590,5893,110483,1872
2021-12-24,San Luis Obispo,079,281455,32042,31290,1463,32753,365
2021-12-24,San Mateo,081,765935,60932,56973,1175,58148,581
2021-12-24,Santa Barbara,083,443738,48553,47553,1790,49343,567
2021-12-24,Santa Clara,085,1922200,162204,156872,2059,158931,1967
2021-12-24,Santa Cruz,087,273765,22782,22176,1116,23292,228
2021-12-24,Shasta,089,179085,23151,22959,3793,26752,432
2021-12-24,Sierra,091,2930,211,202,21,223,0
2021-12-24,Siskiyou,093,43540,3516,3460,1404,4864,60
2021-12-24,Solano,095,438530,48874,47646,1465,49111,377
2021-12-24,Sonoma,097,501317,45538,44358,648,45006,408
2021-12-24,Stanislaus,099,539301,83450,83368,9609,92977,1331
2021-12-24,Sutter,101,95872,14680,14533,423,14956,191
2021-12-24,Tehama,103,63373,8988,8861,1591,10452,136
2021-12-24,Trinity,105,12862,913,826,228,1054,17
2021-12-24,Tulare,107,460477,72607,71292,17077,88369,1137
2021-12-24,Tuolumne,109,53932,7997,7919,118,8037,91
2021-12-24,Ventura,111,848112,106469,103498,5048,108546,1206
2021-12-24,Yolo,113,214977,21559,21084,1421,22505,270
2021-12-24,Yuba,115,75493,10818,10694,419,11113,98
2021-12-23,Alameda,001,1643700,131069,127221,3405,130626,1525
2021-12-23,Alpine,003,1148,110,113,0,113,0
2021-12-23,Amador,005,37829,5917,5861,79,5940,70
2021-12-23,Butte,007,227075,22445,22087,4031,26118,330
2021-12-23,Calaveras,009,45235,4642,4591,67,4658,91
2021-12-23,Colusa,011,21464,2662,2647,703,3350,21
2021-12-23,Contra Costa,013,1133247,107387,105022,2654,107676,1071
2021-12-23,Del Norte,015,27424,3830,3795,57,3852,43
2021-12-23,El Dorado,017,186661,17555,17188,1861,19049,172
2021-12-23,Fresno,019,978130,149928,148027,13631,161658,2358
2021-12-23,Glenn,021,27897,3663,3611,1060,4671,39
2021-12-23,Humboldt,023,135768,10273,10052,766,10818,119
2021-12-23,Imperial,025,180216,37394,36878,4273,41151,800
2021-12-23,Inyo,027,18085,2685,2636,43,2679,47
2021-12-23,Kern,029,883053,136052,134591,25151,159742,1908
2021-12-23,Kings,031,150075,34414,34009,2112,36121,379
2021-12-23,Lake,033,64148,7068,7019,178,7197,116
2021-12-23,Lassen,035,31185,7116,7072,437,7509,55
2021-12-23,Los Angeles,037,10098052,1562295,1515469,63144,1578613,27257
2021-12-23,Madera,039,155013,24968,24741,2431,27172,320
2021-12-23,Marin,041,260295,19829,19085,696,19781,249
2021-12-23,Mariposa,043,17540,1515,1480,64,1544,6
2021-12-23,Mendocino,045,87422,8425,8314,716,9030,98
2021-12-23,Merced,047,269075,44447,44208,2255,46463,690
2021-12-23,Modoc,049,8938,606,597,210,807,6
2021-12-23,Mono,051,14174,2045,2000,24,2024,4
2021-12-23,Monterey,053,433212,51436,49709,3580,53289,638
2021-12-23,Napa,055,140530,14173,13809,181,13990,107
2021-12-23,Nevada,057,99092,10314,10153,365,10518,110
2021-12-23,Orange,059,3164182,330529,322991,18497,341488,5863
2021-12-23,Placer,061,380077,40579,39852,4142,43994,489
2021-12-23,Plumas,063,18699,2017,1987,53,2040,12
2021-12-23,Riverside,065,2383286,393105,384567,17554,402121,5470
2021-12-23,Sacramento,067,1510023,171766,169144,5508,174652,2418
2021-12-23,San Benito,069,59416,8125,7991,194,8185,79
2021-12-23,San Bernardino,071,2135413,383104,376052,12438,388490,6043
2021-12-23,San Diego,073,3302833,417971,406616,24550,431166,4442
2021-12-23,San Francisco,075,870044,62286,58229,2851,61080,682
2021-12-23,San Joaquin,077,732212,105952,104590,5880,110470,1872
2021-12-23,San Luis Obispo,079,281455,31970,31290,1459,32749,365
2021-12-23,San Mateo,081,765935,60372,56973,1154,58127,581
2021-12-23,Santa Barbara,083,443738,48354,47553,1788,49341,567
2021-12-23,Santa Clara,085,1922200,161297,156872,2000,158872,1967
2021-12-23,Santa Cruz,087,273765,22666,22176,1104,23280,228
2021-12-23,Shasta,089,179085,23122,22959,3790,26749,432
2021-12-23,Sierra,091,2930,208,202,21,223,0
2021-12-23,Siskiyou,093,43540,3516,3460,1402,4862,60
2021-12-23,Solano,095,438530,48770,47646,1449,49095,377
2021-12-23,Sonoma,097,501317,45361,44358,645,45003,408
2021-12-23,Stanislaus,099,539301,83322,83368,9595,92963,1331
2021-12-23,Sutter,101,95872,14662,14533,422,14955,191
2021-12-23,Tehama,103,63373,8976,8861,1587,10448,136
2021-12-23,Trinity,105,12862,913,826,228,1054,17
2021-12-23,Tulare,107,460477,72531,71292,17032,88324,1137
2021-12-23,Tuolumne,109,53932,7979,7919,117,8036,91
2021-12-23,Ventura,111,848112,105934,103498,4981,108479,1206
2021-12-23,Yolo,113,214977,21487,21084,1403,22487,270
2021-12-23,Yuba,115,75493,10805,10694,419,11113,98
2021-12-22,Alameda,001,1643700,130154,126533,3320,129853,1522
2021-12-22,Alpine,003,1148,110,112,0,112,0
2021-12-22,Amador,005,37829,5904,5850,78,5928,70
2021-12-22,Butte,007,227075,22395,22070,4020,26090,330
2021-12-22,Calaveras,009,45235,4633,4580,67,4647,91
2021-12-22,Colusa,011,21464,2662,2645,700,3345,21
2021-12-22,Contra Costa,013,1133247,106773,104559,2611,107170,1070
2021-12-22,Del Norte,015,27424,3830,3794,57,3851,43
2021-12-22,El Dorado,017,186661,17495,17140,1852,18992,172
2021-12-22,Fresno,019,978130,149646,147838,13598,161436,2349
2021-12-22,Glenn,021,27897,3658,3604,1060,4664,39
2021-12-22,Humboldt,023,135768,10213,10022,761,10783,119
2021-12-22,Imperial,025,180216,37308,36755,4236,40991,798
2021-12-22,Inyo,027,18085,2667,2632,43,2675,47
2021-12-22,Kern,029,883053,135818,134433,25066,159499,1900
2021-12-22,Kings,031,150075,34364,33953,2105,36058,376
2021-12-22,Lake,033,64148,7061,7008,176,7184,116
2021-12-22,Lassen,035,31185,7111,7069,436,7505,55
2021-12-22,Los Angeles,037,10098052,1548786,1507110,61966,1569076,27234
2021-12-22,Madera,039,155013,24929,24702,2427,27129,320
2021-12-22,Marin,041,260295,19608,18927,673,19600,249
2021-12-22,Mariposa,043,17540,1508,1480,64,1544,6
2021-12-22,Mendocino,045,87422,8416,8299,716,9015,99
2021-12-22,Merced,047,269075,44376,44137,2253,46390,689
2021-12-22,Modoc,049,8938,606,595,210,805,6
2021-12-22,Mono,051,14174,2041,1979,24,2003,4
2021-12-22,Monterey,053,433212,51280,49650,3563,53213,639
2021-12-22,Napa,055,140530,14045,13746,171,13917,107
2021-12-22,Nevada,057,99092,10287,10101,360,10461,110
2021-12-22,Orange,059,3164182,328252,321765,18063,339828,5858
2021-12-22,Placer,061,380077,40398,39758,4105,43863,489
2021-12-22,Plumas,063,18699,2013,1986,53,2039,12
2021-12-22,Riverside,065,2383286,391292,383319,17439,400758,5472
2021-12-22,Sacramento,067,1510023,171113,168695,5439,174134,2422
2021-12-22,San Benito,069,59416,8073,7971,192,8163,79
2021-12-22,San Bernardino,071,2135413,381473,375044,12354,387398,6039
2021-12-22,San Diego,073,3302833,413864,404269,24225,428494,4434
2021-12-22,San Francisco,075,870044,61292,57520,2806,60326,682
2021-12-22,San Joaquin,077,732212,105682,104385,5866,110251,1870
2021-12-22,San Luis Obispo,079,281455,31829,31175,1439,32614,365
2021-12-22,San Mateo,081,765935,59688,56604,1125,57729,581
2021-12-22,Santa Barbara,083,443738,48098,47372,1772,49144,566
2021-12-22,Santa Clara,085,1922200,160180,156258,1957,158215,1954
2021-12-22,Santa Cruz,087,273765,22560,22075,1098,23173,228
2021-12-22,Shasta,089,179085,23094,22937,3785,26722,432
2021-12-22,Sierra,091,2930,208,202,21,223,0
2021-12-22,Siskiyou,093,43540,3513,3458,1399,4857,59
2021-12-22,Solano,095,438530,48542,47531,1435,48966,375
2021-12-22,Sonoma,097,501317,45085,44201,634,44835,408
2021-12-22,Stanislaus,099,539301,83179,83245,9580,92825,1331
2021-12-22,Sutter,101,95872,14627,14513,419,14932,191
2021-12-22,Tehama,103,63373,8963,8853,1584,10437,136
2021-12-22,Trinity,105,12862,913,826,228,1054,17
2021-12-22,Tulare,107,460477,72430,71226,16979,88205,1137
2021-12-22,Tuolumne,109,53932,7958,7903,117,8020,91
2021-12-22,Ventura,111,848112,105328,103089,4874,107963,1206
2021-12-22,Yolo,113,214977,21411,21012,1388,22400,270
2021-12-22,Yuba,115,75493,10788,10681,419,11100,98
2021-12-21,Alameda,001,1643700,129169,126007,3264,129271,1518
2021-12-21,Alpine,003,1148,110,112,0,112,0
2021-12-21,Amador,005,37829,5894,5845,78,5923,70
2021-12-21,Butte,007,227075,22333,22041,4007,26048,330
2021-12-21,Calaveras,009,45235,4620,4575,67,4642,91
2021-12-21,Colusa,011,21464,2660,2643,699,3342,21
2021-12-21,Contra Costa,013,1133247,106146,104255,2545,106800,1068
2021-12-21,Del Norte,015,27424,3829,3793,57,3850,43
2021-12-21,El Dorado,017,186661,17432,17098,1840,18938,172
2021-12-21,Fresno,019,978130,149362,147707,13564,161271,2341
2021-12-21,Glenn,021,27897,3644,3602,1060,4662,39
2021-12-21,Humboldt,023,135768,10148,9989,756,10745,118
2021-12-21,Imperial,025,180216,37210,36580,4193,40773,792
2021-12-21,Inyo,027,18085,2655,2627,43,2670,47
2021-12-21,Kern,029,883053,135609,134321,24960,159281,1892
2021-12-21,Kings,031,150075,34304,33914,2104,36018,376
2021-12-21,Lake,033,64148,7056,7004,174,7178,116
2021-12-21,Lassen,035,31185,7109,7069,436,7505,55
2021-12-21,Los Angeles,037,10098052,1534902,1501169,60928,1562097,27220
2021-12-21,Madera,039,155013,24893,24688,2420,27108,320
2021-12-21,Marin,041,260295,19438,18828,638,19466,249
2021-12-21,Mariposa,043,17540,1507,1480,63,1543,6
2021-12-21,Mendocino,045,87422,8400,8282,714,8996,97
2021-12-21,Merced,047,269075,44304,44096,2250,46346,688
2021-12-21,Modoc,049,8938,604,595,208,803,6
2021-12-21,Mono,051,14174,2021,1979,24,2003,4
2021-12-21,Monterey,053,433212,51191,49586,3546,53132,638
2021-12-21,Napa,055,140530,13943,13703,160,13863,107
2021-12-21,Nevada,057,99092,10258,10095,360,10455,110
2021-12-21,Orange,059,3164182,326132,320705,17609,338314,5855
2021-12-21,Placer,061,380077,40258,39649,4076,43725,487
2021-12-21,Plumas,063,18699,2013,1975,53,2028,12
2021-12-21,Riverside,065,2383286,389573,382415,17319,399734,5465
2021-12-21,Sacramento,067,1510023,170465,168422,5383,173805,2419
2021-12-21,San Benito,069,59416,8034,7950,190,8140,79
2021-12-21,San Bernardino,071,2135413,379881,374219,12246,386465,6026
2021-12-21,San Diego,073,3302833,410144,402386,23889,426275,4424
2021-12-21,San Francisco,075,870044,60332,56950,2772,59722,681
2021-12-21,San Joaquin,077,732212,105395,104238,5847,110085,1870
2021-12-21,San Luis Obispo,079,281455,31665,31103,1427,32530,365
2021-12-21,San Mateo,081,765935,59072,56381,1101,57482,581
2021-12-21,Santa Barbara,083,443738,47868,47194,1757,48951,564
2021-12-21,Santa Clara,085,1922200,159159,155769,1914,157683,1951
2021-12-21,Santa Cruz,087,273765,22444,22028,1087,23115,228
2021-12-21,Shasta,089,179085,23064,22920,3781,26701,429
2021-12-21,Sierra,091,2930,206,201,21,222,0
2021-12-21,Siskiyou,093,43540,3512,3455,1399,4854,59
2021-12-21,Solano,095,438530,48389,47474,1428,48902,372
2021-12-21,Sonoma,097,501317,44862,44051,624,44675,408
2021-12-21,Stanislaus,099,539301,83024,83167,9553,92720,1331
2021-12-21,Sutter,101,95872,14604,14492,418,14910,190
2021-12-21,Tehama,103,63373,8955,8849,1579,10428,136
2021-12-21,Trinity,105,12862,913,826,228,1054,17
2021-12-21,Tulare,107,460477,72339,71166,16937,88103,1137
2021-12-21,Tuolumne,109,53932,7934,7893,117,8010,91
2021-12-21,Ventura,111,848112,104712,102631,4761,107392,1205
2021-12-21,Yolo,113,214977,21302,20944,1384,22328,267
2021-12-21,Yuba,115,75493,10771,10668,419,11087,98
2021-12-20,Alameda,001,1643700,128243,125762,3195,128957,1515
2021-12-20,Alpine,003,1148,110,112,0,112,0
2021-12-20,Amador,005,37829,5880,5838,78,5916,70
2021-12-20,Butte,007,227075,22272,22030,3998,26028,329
2021-12-20,Calaveras,009,45235,4610,4569,67,4636,91
2021-12-20,Colusa,011,21464,2658,2644,699,3343,21
2021-12-20,Contra Costa,013,1133247,105613,104051,2498,106549,1068
2021-12-20,Del Norte,015,27424,3827,3792,57,3849,43
2021-12-20,El Dorado,017,186661,17370,17083,1831,18914,172
2021-12-20,Fresno,019,978130,149122,147605,13536,161141,2341
2021-12-20,Glenn,021,27897,3638,3597,1060,4657,39
2021-12-20,Humboldt,023,135768,10105,9973,752,10725,118
2021-12-20,Imperial,025,180216,37094,36532,4163,40695,792
2021-12-20,Inyo,027,18085,2652,2615,43,2658,47
2021-12-20,Kern,029,883053,135412,134203,24900,159103,1883
2021-12-20,Kings,031,150075,34262,33898,2103,36001,376
2021-12-20,Lake,033,64148,7051,6999,174,7173,116
2021-12-20,Lassen,035,31185,7107,7065,435,7500,55
2021-12-20,Los Angeles,037,10098052,1523438,1495251,60193,1555444,27188
2021-12-20,Madera,039,155013,24864,24668,2416,27084,313
2021-12-20,Marin,041,260295,19224,18747,620,19367,249
2021-12-20,Mariposa,043,17540,1498,1479,63,1542,6
2021-12-20,Mendocino,045,87422,8388,8264,712,8976,96
2021-12-20,Merced,047,269075,44247,44071,2245,46316,687
2021-12-20,Modoc,049,8938,604,595,205,800,6
2021-12-20,Mono,051,14174,1999,1973,24,1997,4
2021-12-20,Monterey,053,433212,51094,49556,3526,53082,636
2021-12-20,Napa,055,140530,13859,13672,150,13822,107
2021-12-20,Nevada,057,99092,10218,10079,359,10438,109
2021-12-20,Orange,059,3164182,324535,320235,17288,337523,5852
2021-12-20,Placer,061,380077,40130,39579,4046,43625,485
2021-12-20,Plumas,063,18699,2011,1971,51,2022,12
2021-12-20,Riverside,065,2383286,388134,381841,17228,399069,5452
2021-12-20,Sacramento,067,1510023,169895,168153,5340,173493,2414
2021-12-20,San Benito,069,59416,7990,7934,188,8122,79
2021-12-20,San Bernardino,071,2135413,378418,373881,12162,386043,6023
2021-12-20,San Diego,073,3302833,406909,401483,23647,425130,4412
2021-12-20,San Francisco,075,870044,59272,56661,2711,59372,681
2021-12-20,San Joaquin,077,732212,105152,104188,5838,110026,1865
2021-12-20,San Luis Obispo,079,281455,31552,31075,1419,32494,365
2021-12-20,San Mateo,081,765935,58524,56247,1082,57329,581
2021-12-20,Santa Barbara,083,443738,47658,47131,1752,48883,562
2021-12-20,Santa Clara,085,1922200,158200,155427,1865,157292,1950
2021-12-20,Santa Cruz,087,273765,22363,21989,1082,23071,227
2021-12-20,Shasta,089,179085,23044,22888,3776,26664,429
2021-12-20,Sierra,091,2930,205,201,21,222,0
2021-12-20,Siskiyou,093,43540,3511,3453,1397,4850,59
2021-12-20,Solano,095,438530,48260,47394,1420,48814,370
2021-12-20,Sonoma,097,501317,44672,43982,616,44598,408
2021-12-20,Stanislaus,099,539301,82901,83110,9526,92636,1331
2021-12-20,Sutter,101,95872,14581,14480,418,14898,190
2021-12-20,Tehama,103,63373,8947,8840,1576,10416,136
2021-12-20,Trinity,105,12862,913,826,228,1054,17
2021-12-20,Tulare,107,460477,72246,71124,16875,87999,1129
2021-12-20,Tuolumne,109,53932,7920,7867,113,7980,91
2021-12-20,Ventura,111,848112,104206,102452,4683,107135,1203
2021-12-20,Yolo,113,214977,21209,20903,1372,22275,267
2021-12-20,Yuba,115,75493,10755,10656,416,11072,97
2021-12-19,Alameda,001,1643700,127369,125464,3150,128614,1519
2021-12-19,Alpine,003,1148,110,112,0,112,0
2021-12-19,Amador,005,37829,5868,5832,77,5909,70
2021-12-19,Butte,007,227075,22220,22022,3992,26014,329
2021-12-19,Calaveras,009,45235,4594,4563,66,4629,91
2021-12-19,Colusa,011,21464,2658,2643,696,3339,21
2021-12-19,Contra Costa,013,1133247,105121,103906,2463,106369,1068
2021-12-19,Del Norte,015,27424,3823,3797,57,3854,43
2021-12-19,El Dorado,017,186661,17314,17067,1829,18896,172
2021-12-19,Fresno,019,978130,148882,147505,13510,161015,2341
2021-12-19,Glenn,021,27897,3634,3596,1059,4655,39
2021-12-19,Humboldt,023,135768,10064,9957,747,10704,118
2021-12-19,Imperial,025,180216,36965,36501,4118,40619,792
2021-12-19,Inyo,027,18085,2643,2613,43,2656,47
2021-12-19,Kern,029,883053,135215,134136,24829,158965,1883
2021-12-19,Kings,031,150075,34202,33874,2099,35973,378
2021-12-19,Lake,033,64148,7042,6999,171,7170,116
2021-12-19,Lassen,035,31185,7103,7065,435,7500,55
2021-12-19,Los Angeles,037,10098052,1514478,1495082,59580,1554662,27189
2021-12-19,Madera,039,155013,24839,24642,2410,27052,313
2021-12-19,Marin,041,260295,19048,18707,597,19304,249
2021-12-19,Mariposa,043,17540,1492,1475,63,1538,6
2021-12-19,Mendocino,045,87422,8371,8257,709,8966,96
2021-12-19,Merced,047,269075,44152,44045,2238,46283,687
2021-12-19,Modoc,049,8938,603,595,205,800,6
2021-12-19,Mono,051,14174,1988,1968,23,1991,4
2021-12-19,Monterey,053,433212,50993,49516,3504,53020,636
2021-12-19,Napa,055,140530,13786,13659,141,13800,107
2021-12-19,Nevada,057,99092,10182,10057,356,10413,109
2021-12-19,Orange,059,3164182,323147,319615,17059,336674,5852
2021-12-19,Placer,061,380077,40011,39525,4029,43554,485
2021-12-19,Plumas,063,18699,2008,1971,51,2022,12
2021-12-19,Riverside,065,2383286,386707,381305,17152,398457,5452
2021-12-19,Sacramento,067,1510023,169398,167933,5311,173244,2415
2021-12-19,San Benito,069,59416,7964,7929,187,8116,79
2021-12-19,San Bernardino,071,2135413,377140,373480,12120,385600,6023
2021-12-19,San Diego,073,3302833,404403,398197,23450,421647,4406
2021-12-19,San Francisco,075,870044,58400,56358,2655,59013,681
2021-12-19,San Joaquin,077,732212,104894,104125,5824,109949,1865
2021-12-19,San Luis Obispo,079,281455,31429,31035,1407,32442,366
2021-12-19,San Mateo,081,765935,58058,56132,1067,57199,581
2021-12-19,Santa Barbara,083,443738,47435,47070,1745,48815,562
2021-12-19,Santa Clara,085,1922200,157311,155049,1837,156886,1950
2021-12-19,Santa Cruz,087,273765,22264,21960,1077,23037,227
2021-12-19,Shasta,089,179085,23008,22875,3772,26647,429
2021-12-19,Sierra,091,2930,204,201,21,222,0
2021-12-19,Siskiyou,093,43540,3508,3452,1397,4849,59
2021-12-19,Solano,095,438530,48141,47341,1414,48755,370
2021-12-19,Sonoma,097,501317,44489,43944,614,44558,408
2021-12-19,Stanislaus,099,539301,82763,83040,9495,92535,1331
2021-12-19,Sutter,101,95872,14541,14475,417,14892,190
2021-12-19,Tehama,103,63373,8939,8840,1576,10416,136
2021-12-19,Trinity,105,12862,913,826,228,1054,17
2021-12-19,Tulare,107,460477,72151,71085,16833,87918,1129
2021-12-19,Tuolumne,109,53932,7903,7865,112,7977,91
2021-12-19,Ventura,111,848112,103626,102170,4618,106788,1203
2021-12-19,Yolo,113,214977,21130,20887,1352,22239,267
2021-12-19,Yuba,115,75493,10738,10646,414,11060,97
2021-12-18,Alameda,001,1643700,126964,124583,3125,127708,1512
2021-12-18,Alpine,003,1148,110,110,0,110,0
2021-12-18,Amador,005,37829,5862,5821,77,5898,69
2021-12-18,Butte,007,227075,22203,21956,3987,25943,328
2021-12-18,Calaveras,009,45235,4587,4534,66,4600,91
2021-12-18,Colusa,011,21464,2656,2635,694,3329,21
2021-12-18,Contra Costa,013,1133247,104908,103380,2449,105829,1065
2021-12-18,Del Norte,015,27424,3820,3791,57,3848,43
2021-12-18,El Dorado,017,186661,17286,16968,1826,18794,171
2021-12-18,Fresno,019,978130,148780,147038,13497,160535,2335
2021-12-18,Glenn,021,27897,3631,3590,1059,4649,39
2021-12-18,Humboldt,023,135768,10048,9889,747,10636,118
2021-12-18,Imperial,025,180216,36893,36280,4107,40387,790
2021-12-18,Inyo,027,18085,2637,2607,43,2650,47
2021-12-18,Kern,029,883053,135125,133754,24782,158536,1873
2021-12-18,Kings,031,150075,34170,33783,2095,35878,374
2021-12-18,Lake,033,64148,7041,6976,171,7147,115
2021-12-18,Lassen,035,31185,7101,7061,434,7495,55
2021-12-18,Los Angeles,037,10098052,1510401,1484840,59263,1544103,27135
2021-12-18,Madera,039,155013,24824,24575,2408,26983,313
2021-12-18,Marin,041,260295,18948,18537,585,19122,249
2021-12-18,Mariposa,043,17540,1491,1468,63,1531,6
2021-12-18,Mendocino,045,87422,8365,8219,709,8928,95
2021-12-18,Merced,047,269075,44118,43929,2237,46166,686
2021-12-18,Modoc,049,8938,601,595,205,800,6
2021-12-18,Mono,051,14174,1986,1956,23,1979,4
2021-12-18,Monterey,053,433212,50936,49343,3499,52842,635
2021-12-18,Napa,055,140530,13760,13581,139,13720,107
2021-12-18,Nevada,057,99092,10160,9991,354,10345,108
2021-12-18,Orange,059,3164182,322485,318149,16920,335069,5844
2021-12-18,Placer,061,380077,39911,39336,4015,43351,485
2021-12-18,Plumas,063,18699,2008,1964,51,2015,13
2021-12-18,Riverside,065,2383286,386015,379354,17110,396464,5439
2021-12-18,Sacramento,067,1510023,169160,167046,5290,172336,2404
2021-12-18,San Benito,069,59416,7949,7894,187,8081,79
2021-12-18,San Bernardino,071,2135413,376492,371658,12092,383750,6017
2021-12-18,San Diego,073,3302833,403448,397130,23398,420528,4399
2021-12-18,San Francisco,075,870044,57906,55562,2625,58187,679
2021-12-18,San Joaquin,077,732212,104807,103698,5814,109512,1858
2021-12-18,San Luis Obispo,079,281455,31386,30873,1401,32274,365
2021-12-18,San Mateo,081,765935,57819,55730,1062,56792,580
2021-12-18,Santa Barbara,083,443738,47339,46776,1743,48519,562
2021-12-18,Santa Clara,085,1922200,156861,154243,1824,156067,1946
2021-12-18,Santa Cruz,087,273765,22212,21805,1075,22880,225
2021-12-18,Shasta,089,179085,22987,22811,3772,26583,429
2021-12-18,Sierra,091,2930,204,199,21,220,0
2021-12-18,Siskiyou,093,43540,3506,3441,1396,4837,58
2021-12-18,Solano,095,438530,48095,47174,1412,48586,369
2021-12-18,Sonoma,097,501317,44378,43658,610,44268,407
2021-12-18,Stanislaus,099,539301,82681,82736,9484,92220,1330
2021-12-18,Sutter,101,95872,14523,14435,417,14852,190
2021-12-18,Tehama,103,63373,8933,8814,1575,10389,136
2021-12-18,Trinity,105,12862,913,823,228,1051,17
2021-12-18,Tulare,107,460477,72113,70922,16808,87730,1120
2021-12-18,Tuolumne,109,53932,7889,7834,112,7946,91
2021-12-18,Ventura,111,848112,103341,101612,4594,106206,1201
2021-12-18,Yolo,113,214977,21090,20793,1346,22139,267
2021-12-18,Yuba,115,75493,10725,10599,414,11013,96
2021-12-17,Alameda,001,1643700,126630,124583,3105,127688,1512
2021-12-17,Alpine,003,1148,110,110,0,110,0
2021-12-17,Amador,005,37829,5855,5821,77,5898,69
2021-12-17,Butte,007,227075,22183,21956,3981,25937,328
2021-12-17,Calaveras,009,45235,4583,4534,66,4600,91
2021-12-17,Colusa,011,21464,2655,2635,693,3328,21
2021-12-17,Contra Costa,013,1133247,104706,103380,2445,105825,1065
2021-12-17,Del Norte,015,27424,3819,3791,57,3848,43
2021-12-17,El Dorado,017,186661,17257,16968,1823,18791,171
2021-12-17,Fresno,019,978130,148675,147038,13497,160535,2335
2021-12-17,Glenn,021,27897,3624,3590,1059,4649,39
2021-12-17,Humboldt,023,135768,10028,9889,745,10634,118
2021-12-17,Imperial,025,180216,36831,36280,4089,40369,790
2021-12-17,Inyo,027,18085,2632,2607,43,2650,47
2021-12-17,Kern,029,883053,135034,133754,24740,158494,1873
2021-12-17,Kings,031,150075,34151,33783,2095,35878,374
2021-12-17,Lake,033,64148,7037,6976,171,7147,115
2021-12-17,Lassen,035,31185,7101,7061,433,7494,55
2021-12-17,Los Angeles,037,10098052,1506458,1484840,59018,1543858,27135
2021-12-17,Madera,039,155013,24808,24575,2403,26978,313
2021-12-17,Marin,041,260295,18872,18537,581,19118,249
2021-12-17,Mariposa,043,17540,1487,1468,63,1531,6
2021-12-17,Mendocino,045,87422,8354,8219,709,8928,95
2021-12-17,Merced,047,269075,44091,43929,2236,46165,686
2021-12-17,Modoc,049,8938,601,595,205,800,6
2021-12-17,Mono,051,14174,1983,1956,23,1979,4
2021-12-17,Monterey,053,433212,50878,49343,3494,52837,635
2021-12-17,Napa,055,140530,13733,13581,138,13719,107
2021-12-17,Nevada,057,99092,10149,9991,354,10345,108
2021-12-17,Orange,059,3164182,321927,318149,16852,335001,5844
2021-12-17,Placer,061,380077,39857,39336,4009,43345,485
2021-12-17,Plumas,063,18699,2007,1964,51,2015,13
2021-12-17,Riverside,065,2383286,385369,379354,17099,396453,5439
2021-12-17,Sacramento,067,1510023,168931,167046,5277,172323,2404
2021-12-17,San Benito,069,59416,7947,7894,187,8081,79
2021-12-17,San Bernardino,071,2135413,375955,371658,12075,383733,6017
2021-12-17,San Diego,073,3302833,402509,397130,23350,420480,4399
2021-12-17,San Francisco,075,870044,57580,55562,2595,58157,679
2021-12-17,San Joaquin,077,732212,104733,103698,5796,109494,1858
2021-12-17,San Luis Obispo,079,281455,31358,30873,1397,32270,365
2021-12-17,San Mateo,081,765935,57631,55730,1055,56785,580
2021-12-17,Santa Barbara,083,443738,47262,46776,1737,48513,562
2021-12-17,Santa Clara,085,1922200,156488,154243,1809,156052,1946
2021-12-17,Santa Cruz,087,273765,22166,21805,1072,22877,225
2021-12-17,Shasta,089,179085,22974,22811,3770,26581,429
2021-12-17,Sierra,091,2930,203,199,21,220,0
2021-12-17,Siskiyou,093,43540,3502,3441,1394,4835,58
2021-12-17,Solano,095,438530,48027,47174,1408,48582,369
2021-12-17,Sonoma,097,501317,44282,43658,607,44265,407
2021-12-17,Stanislaus,099,539301,82630,82736,9478,92214,1330
2021-12-17,Sutter,101,95872,14512,14435,415,14850,190
2021-12-17,Tehama,103,63373,8926,8814,1574,10388,136
2021-12-17,Trinity,105,12862,913,823,228,1051,17
2021-12-17,Tulare,107,460477,72071,70922,16777,87699,1120
2021-12-17,Tuolumne,109,53932,7877,7834,112,7946,91
2021-12-17,Ventura,111,848112,103091,101612,4582,106194,1201
2021-12-17,Yolo,113,214977,21057,20793,1340,22133,267
2021-12-17,Yuba,115,75493,10713,10599,411,11010,96
2021-12-16,Alameda,001,1643700,126257,124583,3091,127674,1512
2021-12-16,Alpine,003,1148,108,110,0,110,0
2021-12-16,Amador,005,37829,5847,5821,77,5898,69
2021-12-16,Butte,007,227075,22164,21956,3978,25934,328
2021-12-16,Calaveras,009,45235,4575,4534,66,4600,91
2021-12-16,Colusa,011,21464,2655,2635,693,3328,21
2021-12-16,Contra Costa,013,1133247,104482,103380,2432,105812,1065
2021-12-16,Del Norte,015,27424,3816,3791,57,3848,43
2021-12-16,El Dorado,017,186661,17222,16968,1818,18786,171
2021-12-16,Fresno,019,978130,148514,147038,13491,160529,2335
2021-12-16,Glenn,021,27897,3623,3590,1056,4646,39
2021-12-16,Humboldt,023,135768,10004,9889,735,10624,118
2021-12-16,Imperial,025,180216,36746,36280,4059,40339,790
2021-12-16,Inyo,027,18085,2628,2607,42,2649,47
2021-12-16,Kern,029,883053,134892,133754,24689,158443,1873
2021-12-16,Kings,031,150075,34127,33783,2094,35877,374
2021-12-16,Lake,033,64148,7033,6976,171,7147,115
2021-12-16,Lassen,035,31185,7098,7061,432,7493,55
2021-12-16,Los Angeles,037,10098052,1502248,1484840,58743,1543583,27135
2021-12-16,Madera,039,155013,24779,24575,2399,26974,313
2021-12-16,Marin,041,260295,18825,18537,573,19110,249
2021-12-16,Mariposa,043,17540,1485,1468,63,1531,6
2021-12-16,Mendocino,045,87422,8343,8219,704,8923,95
2021-12-16,Merced,047,269075,44052,43929,2235,46164,686
2021-12-16,Modoc,049,8938,601,595,205,800,6
2021-12-16,Mono,051,14174,1980,1956,23,1979,4
2021-12-16,Monterey,053,433212,50807,49343,3477,52820,635
2021-12-16,Napa,055,140530,13701,13581,138,13719,107
2021-12-16,Nevada,057,99092,10123,9991,354,10345,108
2021-12-16,Orange,059,3164182,321321,318149,16772,334921,5844
2021-12-16,Placer,061,380077,39780,39336,4004,43340,485
2021-12-16,Plumas,063,18699,2007,1964,51,2015,13
2021-12-16,Riverside,065,2383286,384569,379354,17085,396439,5439
2021-12-16,Sacramento,067,1510023,168645,167046,5252,172298,2404
2021-12-16,San Benito,069,59416,7940,7894,187,8081,79
2021-12-16,San Bernardino,071,2135413,375307,371658,12057,383715,6017
2021-12-16,San Diego,073,3302833,401327,397130,23284,420414,4399
2021-12-16,San Francisco,075,870044,57205,55562,2573,58135,679
2021-12-16,San Joaquin,077,732212,104612,103698,5789,109487,1858
2021-12-16,San Luis Obispo,079,281455,31289,30873,1391,32264,365
2021-12-16,San Mateo,081,765935,57431,55730,1052,56782,580
2021-12-16,Santa Barbara,083,443738,47140,46776,1733,48509,562
2021-12-16,Santa Clara,085,1922200,156160,154243,1799,156042,1946
2021-12-16,Santa Cruz,087,273765,22120,21805,1071,22876,225
2021-12-16,Shasta,089,179085,22944,22811,3768,26579,429
2021-12-16,Sierra,091,2930,203,199,21,220,0
2021-12-16,Siskiyou,093,43540,3501,3441,1390,4831,58
2021-12-16,Solano,095,438530,47959,47174,1401,48575,369
2021-12-16,Sonoma,097,501317,44184,43658,605,44263,407
2021-12-16,Stanislaus,099,539301,82543,82736,9464,92200,1330
2021-12-16,Sutter,101,95872,14498,14435,414,14849,190
2021-12-16,Tehama,103,63373,8919,8814,1573,10387,136
2021-12-16,Trinity,105,12862,913,823,228,1051,17
2021-12-16,Tulare,107,460477,72022,70922,16751,87673,1120
2021-12-16,Tuolumne,109,53932,7858,7834,112,7946,91
2021-12-16,Ventura,111,848112,102823,101612,4575,106187,1201
2021-12-16,Yolo,113,214977,21007,20793,1335,22128,267
2021-12-16,Yuba,115,75493,10698,10599,410,11009,96
2021-12-15,Alameda,001,1643700,125933,124342,3079,127421,1509
2021-12-15,Alpine,003,1148,108,109,0,109,0
2021-12-15,Amador,005,37829,5841,5810,77,5887,69
2021-12-15,Butte,007,227075,22142,21922,3977,25899,327
2021-12-15,Calaveras,009,45235,4569,4523,66,4589,89
2021-12-15,Colusa,011,21464,2654,2632,692,3324,21
2021-12-15,Contra Costa,013,1133247,104265,103236,2429,105665,1064
2021-12-15,Del Norte,015,27424,3815,3789,56,3845,43
2021-12-15,El Dorado,017,186661,17190,16936,1812,18748,171
2021-12-15,Fresno,019,978130,148386,146859,13476,160335,2319
2021-12-15,Glenn,021,27897,3623,3589,1056,4645,39
2021-12-15,Humboldt,023,135768,9984,9854,734,10588,118
2021-12-15,Imperial,025,180216,36668,36187,4015,40202,789
2021-12-15,Inyo,027,18085,2623,2606,42,2648,47
2021-12-15,Kern,029,883053,134752,133590,24642,158232,1866
2021-12-15,Kings,031,150075,34098,33716,2090,35806,374
2021-12-15,Lake,033,64148,7024,6968,170,7138,115
2021-12-15,Lassen,035,31185,7098,7062,432,7494,55
2021-12-15,Los Angeles,037,10098052,1498359,1482735,58547,1541282,27116
2021-12-15,Madera,039,155013,24761,24549,2393,26942,313
2021-12-15,Marin,041,260295,18767,18514,568,19082,249
2021-12-15,Mariposa,043,17540,1482,1463,63,1526,6
2021-12-15,Mendocino,045,87422,8338,8209,701,8910,95
2021-12-15,Merced,047,269075,44010,43890,2223,46113,685
2021-12-15,Modoc,049,8938,601,595,205,800,6
2021-12-15,Mono,051,14174,1976,1955,23,1978,4
2021-12-15,Monterey,053,433212,50752,49279,3459,52738,635
2021-12-15,Napa,055,140530,13672,13557,136,13693,107
2021-12-15,Nevada,057,99092,10102,9958,354,10312,107
2021-12-15,Orange,059,3164182,320745,317808,16730,334538,5838
2021-12-15,Placer,061,380077,39725,39264,3994,43258,485
2021-12-15,Plumas,063,18699,2003,1957,51,2008,12
2021-12-15,Riverside,065,2383286,383854,378769,17073,395842,5438
2021-12-15,Sacramento,067,1510023,168337,166793,5230,172023,2401
2021-12-15,San Benito,069,59416,7925,7877,187,8064,79
2021-12-15,San Bernardino,071,2135413,374771,371122,12026,383148,6013
2021-12-15,San Diego,073,3302833,400139,396546,23215,419761,4395
2021-12-15,San Francisco,075,870044,56887,55414,2555,57969,679
2021-12-15,San Joaquin,077,732212,104455,103579,5779,109358,1853
2021-12-15,San Luis Obispo,079,281455,31241,30784,1384,32168,365
2021-12-15,San Mateo,081,765935,57289,55657,1041,56698,580
2021-12-15,Santa Barbara,083,443738,47059,46681,1731,48412,562
2021-12-15,Santa Clara,085,1922200,155848,153928,1778,155706,1944
2021-12-15,Santa Cruz,087,273765,22080,21753,1064,22817,225
2021-12-15,Shasta,089,179085,22929,22778,3764,26542,427
2021-12-15,Sierra,091,2930,203,199,21,220,0
2021-12-15,Siskiyou,093,43540,3500,3434,1389,4823,58
2021-12-15,Solano,095,438530,47888,47098,1394,48492,367
2021-12-15,Sonoma,097,501317,44101,43580,600,44180,407
2021-12-15,Stanislaus,099,539301,82436,82628,9456,92084,1298
2021-12-15,Sutter,101,95872,14478,14428,413,14841,189
2021-12-15,Tehama,103,63373,8912,8806,1572,10378,136
2021-12-15,Trinity,105,12862,912,822,228,1050,17
2021-12-15,Tulare,107,460477,71970,70846,16722,87568,1120
2021-12-15,Tuolumne,109,53932,7849,7818,111,7929,91
2021-12-15,Ventura,111,848112,102608,101447,4569,106016,1199
2021-12-15,Yolo,113,214977,20979,20749,1329,22078,267
2021-12-15,Yuba,115,75493,10687,10587,409,10996,96
2021-12-14,Alameda,001,1643700,125611,124272,3067,127339,1506
2021-12-14,Alpine,003,1148,107,109,0,109,0
2021-12-14,Amador,005,37829,5835,5808,76,5884,69
2021-12-14,Butte,007,227075,22109,21901,3975,25876,326
2021-12-14,Calaveras,009,45235,4557,4517,66,4583,89
2021-12-14,Colusa,011,21464,2652,2628,692,3320,21
2021-12-14,Contra Costa,013,1133247,104081,103135,2425,105560,1064
2021-12-14,Del Norte,015,27424,3812,3788,56,3844,43
2021-12-14,El Dorado,017,186661,17156,16915,1810,18725,170
2021-12-14,Fresno,019,978130,148216,146756,13469,160225,2316
2021-12-14,Glenn,021,27897,3622,3589,1056,4645,39
2021-12-14,Humboldt,023,135768,9972,9836,726,10562,118
2021-12-14,Imperial,025,180216,36595,36049,3973,40022,789
2021-12-14,Inyo,027,18085,2623,2601,42,2643,46
2021-12-14,Kern,029,883053,134616,133498,24593,158091,1863
2021-12-14,Kings,031,150075,34061,33693,2087,35780,373
2021-12-14,Lake,033,64148,7015,6961,170,7131,115
2021-12-14,Lassen,035,31185,7097,7061,432,7493,55
2021-12-14,Los Angeles,037,10098052,1494716,1481131,58365,1539496,27099
2021-12-14,Madera,039,155013,24735,24535,2385,26920,313
2021-12-14,Marin,041,260295,18719,18491,566,19057,249
2021-12-14,Mariposa,043,17540,1479,1463,62,1525,6
2021-12-14,Mendocino,045,87422,8310,8206,699,8905,95
2021-12-14,Merced,047,269075,43964,43870,2221,46091,684
2021-12-14,Modoc,049,8938,600,595,205,800,6
2021-12-14,Mono,051,14174,1969,1955,23,1978,4
2021-12-14,Monterey,053,433212,50669,49237,3448,52685,635
2021-12-14,Napa,055,140530,13643,13528,136,13664,107
2021-12-14,Nevada,057,99092,10076,9956,353,10309,106
2021-12-14,Orange,059,3164182,320194,317465,16676,334141,5827
2021-12-14,Placer,061,380077,39648,39221,3989,43210,482
2021-12-14,Plumas,063,18699,1999,1950,49,1999,12
2021-12-14,Riverside,065,2383286,383183,378227,17056,395283,5427
2021-12-14,Sacramento,067,1510023,168027,166605,5207,171812,2394
2021-12-14,San Benito,069,59416,7906,7871,187,8058,79
2021-12-14,San Bernardino,071,2135413,374155,370604,11996,382600,6013
2021-12-14,San Diego,073,3302833,398999,395876,23164,419040,4393
2021-12-14,San Francisco,075,870044,56574,55278,2543,57821,679
2021-12-14,San Joaquin,077,732212,104310,103488,5761,109249,1848
2021-12-14,San Luis Obispo,079,281455,31180,30753,1380,32133,363
2021-12-14,San Mateo,081,765935,57126,55601,1034,56635,580
2021-12-14,Santa Barbara,083,443738,46959,46648,1726,48374,560
2021-12-14,Santa Clara,085,1922200,155527,153814,1765,155579,1945
2021-12-14,Santa Cruz,087,273765,22015,21737,1059,22796,225
2021-12-14,Shasta,089,179085,22902,22756,3763,26519,427
2021-12-14,Sierra,091,2930,201,199,21,220,0
2021-12-14,Siskiyou,093,43540,3495,3430,1388,4818,58
2021-12-14,Solano,095,438530,47841,47065,1388,48453,367
2021-12-14,Sonoma,097,501317,44019,43538,598,44136,407
2021-12-14,Stanislaus,099,539301,82351,82581,9442,92023,1293
2021-12-14,Sutter,101,95872,14466,14421,412,14833,189
2021-12-14,Tehama,103,63373,8908,8805,1572,10377,134
2021-12-14,Trinity,105,12862,912,821,228,1049,17
2021-12-14,Tulare,107,460477,71899,70803,16691,87494,1120
2021-12-14,Tuolumne,109,53932,7836,7815,111,7926,91
2021-12-14,Ventura,111,848112,102384,101343,4562,105905,1199
2021-12-14,Yolo,113,214977,20945,20734,1315,22049,267
2021-12-14,Yuba,115,75493,10670,10574,409,10983,92
2021-12-13,Alameda,001,1643700,125329,124174,3051,127225,1501
2021-12-13,Alpine,003,1148,107,109,0,109,0
2021-12-13,Amador,005,37829,5831,5797,76,5873,69
2021-12-13,Butte,007,227075,22085,21889,3971,25860,326
2021-12-13,Calaveras,009,45235,4550,4507,65,4572,89
2021-12-13,Colusa,011,21464,2650,2627,692,3319,21
2021-12-13,Contra Costa,013,1133247,103932,103041,2414,105455,1064
2021-12-13,Del Norte,015,27424,3808,3787,56,3843,42
2021-12-13,El Dorado,017,186661,17133,16896,1808,18704,170
2021-12-13,Fresno,019,978130,148066,146641,13459,160100,2312
2021-12-13,Glenn,021,27897,3617,3589,1054,4643,37
2021-12-13,Humboldt,023,135768,9943,9821,722,10543,118
2021-12-13,Imperial,025,180216,36511,35974,3952,39926,787
2021-12-13,Inyo,027,18085,2622,2592,42,2634,46
2021-12-13,Kern,029,883053,134489,133381,24540,157921,1863
2021-12-13,Kings,031,150075,34018,33680,2082,35762,372
2021-12-13,Lake,033,64148,7013,6958,168,7126,115
2021-12-13,Lassen,035,31185,7096,7057,432,7489,55
2021-12-13,Los Angeles,037,10098052,1491934,1480195,58197,1538392,27085
2021-12-13,Madera,039,155013,24707,24527,2380,26907,311
2021-12-13,Marin,041,260295,18659,18471,563,19034,249
2021-12-13,Mariposa,043,17540,1477,1462,62,1524,6
2021-12-13,Mendocino,045,87422,8297,8196,697,8893,95
2021-12-13,Merced,047,269075,43925,43848,2217,46065,682
2021-12-13,Modoc,049,8938,599,595,205,800,6
2021-12-13,Mono,051,14174,1962,1952,23,1975,4
2021-12-13,Monterey,053,433212,50617,49222,3428,52650,631
2021-12-13,Napa,055,140530,13630,13518,136,13654,107
2021-12-13,Nevada,057,99092,10057,9946,352,10298,106
2021-12-13,Orange,059,3164182,319727,317112,16622,333734,5824
2021-12-13,Placer,061,380077,39587,39168,3978,43146,481
2021-12-13,Plumas,063,18699,1995,1943,49,1992,12
2021-12-13,Riverside,065,2383286,382603,377728,17041,394769,5414
2021-12-13,Sacramento,067,1510023,167748,166439,5173,171612,2392
2021-12-13,San Benito,069,59416,7897,7856,187,8043,79
2021-12-13,San Bernardino,071,2135413,373587,370274,11989,382263,6011
2021-12-13,San Diego,073,3302833,398190,395266,23111,418377,4389
2021-12-13,San Francisco,075,870044,56303,55245,2530,57775,678
2021-12-13,San Joaquin,077,732212,104194,103449,5752,109201,1846
2021-12-13,San Luis Obispo,079,281455,31131,30746,1376,32122,363
2021-12-13,San Mateo,081,765935,56967,55569,1025,56594,580
2021-12-13,Santa Barbara,083,443738,46872,46608,1721,48329,560
2021-12-13,Santa Clara,085,1922200,155263,153672,1754,155426,1944
2021-12-13,Santa Cruz,087,273765,21960,21698,1056,22754,225
2021-12-13,Shasta,089,179085,22881,22731,3761,26492,426
2021-12-13,Sierra,091,2930,201,199,21,220,0
2021-12-13,Siskiyou,093,43540,3491,3426,1385,4811,57
2021-12-13,Solano,095,438530,47767,47045,1383,48428,365
2021-12-13,Sonoma,097,501317,43924,43492,596,44088,407
2021-12-13,Stanislaus,099,539301,82237,82507,9422,91929,1282
2021-12-13,Sutter,101,95872,14459,14408,412,14820,188
2021-12-13,Tehama,103,63373,8895,8800,1572,10372,134
2021-12-13,Trinity,105,12862,912,820,228,1048,17
2021-12-13,Tulare,107,460477,71842,70758,16667,87425,1114
2021-12-13,Tuolumne,109,53932,7825,7804,111,7915,91
2021-12-13,Ventura,111,848112,102160,101180,4551,105731,1197
2021-12-13,Yolo,113,214977,20895,20706,1310,22016,267
2021-12-13,Yuba,115,75493,10653,10570,409,10979,92
2021-12-12,Alameda,001,1643700,125043,124075,3038,127113,1503
2021-12-12,Alpine,003,1148,107,109,0,109,0
2021-12-12,Amador,005,37829,5823,5797,75,5872,69
2021-12-12,Butte,007,227075,22061,21874,3968,25842,326
2021-12-12,Calaveras,009,45235,4540,4501,65,4566,89
2021-12-12,Colusa,011,21464,2645,2627,689,3316,21
2021-12-12,Contra Costa,013,1133247,103745,102976,2412,105388,1065
2021-12-12,Del Norte,015,27424,3805,3793,56,3849,42
2021-12-12,El Dorado,017,186661,17097,16890,1800,18690,170
2021-12-12,Fresno,019,978130,147903,146518,13443,159961,2310
2021-12-12,Glenn,021,27897,3614,3589,1054,4643,37
2021-12-12,Humboldt,023,135768,9919,9804,715,10519,118
2021-12-12,Imperial,025,180216,36377,35926,3919,39845,787
2021-12-12,Inyo,027,18085,2617,2592,42,2634,46
2021-12-12,Kern,029,883053,134323,133314,24499,157813,1861
2021-12-12,Kings,031,150075,33967,33661,2080,35741,372
2021-12-12,Lake,033,64148,7006,6955,166,7121,115
2021-12-12,Lassen,035,31185,7095,7057,432,7489,55
2021-12-12,Los Angeles,037,10098052,1489025,1479054,58012,1537066,27074
2021-12-12,Madera,039,155013,24677,24493,2372,26865,311
2021-12-12,Marin,041,260295,18606,18451,559,19010,249
2021-12-12,Mariposa,043,17540,1476,1461,62,1523,6
2021-12-12,Mendocino,045,87422,8284,8190,696,8886,95
2021-12-12,Merced,047,269075,43891,43821,2210,46031,682
2021-12-12,Modoc,049,8938,599,595,204,799,6
2021-12-12,Mono,051,14174,1958,1947,23,1970,4
2021-12-12,Monterey,053,433212,50564,49192,3401,52593,631
2021-12-12,Napa,055,140530,13587,13508,134,13642,107
2021-12-12,Nevada,057,99092,10030,9938,351,10289,106
2021-12-12,Orange,059,3164182,319223,316918,16558,333476,5825
2021-12-12,Placer,061,380077,39522,39139,3972,43111,481
2021-12-12,Plumas,063,18699,1991,1942,47,1989,12
2021-12-12,Riverside,065,2383286,381931,377467,17015,394482,5414
2021-12-12,Sacramento,067,1510023,167482,166291,5152,171443,2392
2021-12-12,San Benito,069,59416,7877,7853,187,8040,79
2021-12-12,San Bernardino,071,2135413,372957,369977,11964,381941,6011
2021-12-12,San Diego,073,3302833,397290,393307,23073,416380,4378
2021-12-12,San Francisco,075,870044,56049,55180,2518,57698,678
2021-12-12,San Joaquin,077,732212,104055,103405,5742,109147,1846
2021-12-12,San Luis Obispo,079,281455,31078,30719,1374,32093,363
2021-12-12,San Mateo,081,765935,56852,55505,1021,56526,580
2021-12-12,Santa Barbara,083,443738,46796,46586,1719,48305,560
2021-12-12,Santa Clara,085,1922200,154984,153452,1740,155192,1945
2021-12-12,Santa Cruz,087,273765,21911,21671,1054,22725,225
2021-12-12,Shasta,089,179085,22853,22732,3760,26492,426
2021-12-12,Sierra,091,2930,201,199,21,220,0
2021-12-12,Siskiyou,093,43540,3491,3424,1385,4809,57
2021-12-12,Solano,095,438530,47701,47021,1378,48399,365
2021-12-12,Sonoma,097,501317,43831,43424,593,44017,407
2021-12-12,Stanislaus,099,539301,82139,82460,9411,91871,1282
2021-12-12,Sutter,101,95872,14448,14396,412,14808,189
2021-12-12,Tehama,103,63373,8884,8796,1570,10366,134
2021-12-12,Trinity,105,12862,910,820,228,1048,17
2021-12-12,Tulare,107,460477,71763,70733,16625,87358,1115
2021-12-12,Tuolumne,109,53932,7808,7794,111,7905,91
2021-12-12,Ventura,111,848112,101966,101105,4537,105642,1197
2021-12-12,Yolo,113,214977,20845,20685,1299,21984,267
2021-12-12,Yuba,115,75493,10639,10565,406,10971,92
2021-12-11,Alameda,001,1643700,124908,123572,3036,126608,1496
2021-12-11,Alpine,003,1148,107,109,0,109,0
2021-12-11,Amador,005,37829,5818,5787,75,5862,69
2021-12-11,Butte,007,227075,22047,21819,3967,25786,326
2021-12-11,Calaveras,009,45235,4532,4469,64,4533,89
2021-12-11,Colusa,011,21464,2641,2619,688,3307,21
2021-12-11,Contra Costa,013,1133247,103659,102618,2410,105028,1061
2021-12-11,Del Norte,015,27424,3805,3778,56,3834,42
2021-12-11,El Dorado,017,186661,17076,16796,1799,18595,170
2021-12-11,Fresno,019,978130,147816,145988,13435,159423,2294
2021-12-11,Glenn,021,27897,3613,3585,1054,4639,37
2021-12-11,Humboldt,023,135768,9902,9721,712,10433,118
2021-12-11,Imperial,025,180216,36318,35635,3909,39544,782
2021-12-11,Inyo,027,18085,2612,2576,42,2618,46
2021-12-11,Kern,029,883053,134254,132852,24464,157316,1854
2021-12-11,Kings,031,150075,33954,33530,2078,35608,371
2021-12-11,Lake,033,64148,7005,6932,164,7096,114
2021-12-11,Lassen,035,31185,7094,7049,432,7481,55
2021-12-11,Los Angeles,037,10098052,1487807,1474030,57920,1531950,27031
2021-12-11,Madera,039,155013,24671,24417,2371,26788,311
2021-12-11,Marin,041,260295,18572,18339,556,18895,249
2021-12-11,Mariposa,043,17540,1475,1450,62,1512,6
2021-12-11,Mendocino,045,87422,8277,8130,696,8826,95
2021-12-11,Merced,047,269075,43872,43690,2209,45899,681
2021-12-11,Modoc,049,8938,599,594,204,798,6
2021-12-11,Mono,051,14174,1954,1926,23,1949,4
2021-12-11,Monterey,053,433212,50536,49008,3398,52406,631
2021-12-11,Napa,055,140530,13570,13459,134,13593,107
2021-12-11,Nevada,057,99092,10016,9880,351,10231,106
2021-12-11,Orange,059,3164182,318971,315759,16530,332289,5805
2021-12-11,Placer,061,380077,39464,38959,3965,42924,481
2021-12-11,Plumas,063,18699,1985,1934,47,1981,12
2021-12-11,Riverside,065,2383286,381514,375649,17001,392650,5408
2021-12-11,Sacramento,067,1510023,167352,165530,5142,170672,2386
2021-12-11,San Benito,069,59416,7863,7808,187,7995,79
2021-12-11,San Bernardino,071,2135413,372598,368145,11955,380100,6007
2021-12-11,San Diego,073,3302833,396866,392274,23035,415309,4374
2021-12-11,San Francisco,075,870044,55896,54869,2513,57382,678
2021-12-11,San Joaquin,077,732212,103994,103013,5738,108751,1842
2021-12-11,San Luis Obispo,079,281455,31056,30567,1370,31937,362
2021-12-11,San Mateo,081,765935,56774,55284,1019,56303,580
2021-12-11,Santa Barbara,083,443738,46761,46309,1719,48028,559
2021-12-11,Santa Clara,085,1922200,154786,152846,1728,154574,1941
2021-12-11,Santa Cruz,087,273765,21887,21557,1054,22611,225
2021-12-11,Shasta,089,179085,22838,22660,3756,26416,419
2021-12-11,Sierra,091,2930,201,199,21,220,0
2021-12-11,Siskiyou,093,43540,3485,3418,1382,4800,57
2021-12-11,Solano,095,438530,47672,46891,1373,48264,365
2021-12-11,Sonoma,097,501317,43783,43227,593,43820,407
2021-12-11,Stanislaus,099,539301,82089,82133,9402,91535,1264
2021-12-11,Sutter,101,95872,14439,14354,412,14766,187
2021-12-11,Tehama,103,63373,8881,8776,1568,10344,134
2021-12-11,Trinity,105,12862,910,819,228,1047,17
2021-12-11,Tulare,107,460477,71720,70523,16615,87138,1103
2021-12-11,Tuolumne,109,53932,7799,7760,111,7871,91
2021-12-11,Ventura,111,848112,101891,100711,4530,105241,1195
2021-12-11,Yolo,113,214977,20826,20608,1295,21903,267
2021-12-11,Yuba,115,75493,10627,10519,405,10924,92
2021-12-10,Alameda,001,1643700,124784,123572,3029,126601,1496
2021-12-10,Alpine,003,1148,106,109,0,109,0
2021-12-10,Amador,005,37829,5811,5787,75,5862,69
2021-12-10,Butte,007,227075,22034,21819,3965,25784,326
2021-12-10,Calaveras,009,45235,4529,4469,64,4533,89
2021-12-10,Colusa,011,21464,2640,2619,688,3307,21
2021-12-10,Contra Costa,013,1133247,103562,102618,2409,105027,1061
2021-12-10,Del Norte,015,27424,3805,3778,56,3834,42
2021-12-10,El Dorado,017,186661,17063,16796,1799,18595,170
2021-12-10,Fresno,019,978130,147728,145988,13424,159412,2294
2021-12-10,Glenn,021,27897,3613,3585,1054,4639,37
2021-12-10,Humboldt,023,135768,9885,9721,710,10431,118
2021-12-10,Imperial,025,180216,36263,35635,3894,39529,782
2021-12-10,Inyo,027,18085,2609,2576,42,2618,46
2021-12-10,Kern,029,883053,134166,132852,24440,157292,1854
2021-12-10,Kings,031,150075,33939,33530,2076,35606,371
2021-12-10,Lake,033,64148,6998,6932,164,7096,114
2021-12-10,Lassen,035,31185,7093,7049,432,7481,55
2021-12-10,Los Angeles,037,10098052,1486714,1474030,57832,1531862,27031
2021-12-10,Madera,039,155013,24653,24417,2369,26786,311
2021-12-10,Marin,041,260295,18550,18339,556,18895,249
2021-12-10,Mariposa,043,17540,1472,1450,62,1512,6
2021-12-10,Mendocino,045,87422,8270,8130,695,8825,95
2021-12-10,Merced,047,269075,43854,43690,2207,45897,681
2021-12-10,Modoc,049,8938,599,594,204,798,6
2021-12-10,Mono,051,14174,1951,1926,23,1949,4
2021-12-10,Monterey,053,433212,50499,49008,3392,52400,631
2021-12-10,Napa,055,140530,13558,13459,133,13592,107
2021-12-10,Nevada,057,99092,10007,9880,351,10231,106
2021-12-10,Orange,059,3164182,318700,315759,16498,332257,5805
2021-12-10,Placer,061,380077,39421,38959,3962,42921,481
2021-12-10,Plumas,063,18699,1983,1934,47,1981,12
2021-12-10,Riverside,065,2383286,381107,375649,16990,392639,5408
2021-12-10,Sacramento,067,1510023,167198,165530,5140,170670,2386
2021-12-10,San Benito,069,59416,7859,7808,187,7995,79
2021-12-10,San Bernardino,071,2135413,372225,368145,11932,380077,6007
2021-12-10,San Diego,073,3302833,396387,392274,23021,415295,4374
2021-12-10,San Francisco,075,870044,55811,54869,2507,57376,678
2021-12-10,San Joaquin,077,732212,103939,103013,5734,108747,1842
2021-12-10,San Luis Obispo,079,281455,31046,30567,1367,31934,362
2021-12-10,San Mateo,081,765935,56717,55284,1016,56300,580
2021-12-10,Santa Barbara,083,443738,46725,46309,1718,48027,559
2021-12-10,Santa Clara,085,1922200,154615,152846,1715,154561,1941
2021-12-10,Santa Cruz,087,273765,21868,21557,1053,22610,225
2021-12-10,Shasta,089,179085,22827,22660,3753,26413,419
2021-12-10,Sierra,091,2930,201,199,21,220,0
2021-12-10,Siskiyou,093,43540,3478,3418,1382,4800,57
2021-12-10,Solano,095,438530,47630,46891,1369,48260,365
2021-12-10,Sonoma,097,501317,43749,43227,592,43819,407
2021-12-10,Stanislaus,099,539301,82023,82133,9396,91529,1264
2021-12-10,Sutter,101,95872,14431,14354,412,14766,187
2021-12-10,Tehama,103,63373,8879,8776,1566,10342,134
2021-12-10,Trinity,105,12862,910,819,228,1047,17
2021-12-10,Tulare,107,460477,71691,70523,16590,87113,1103
2021-12-10,Tuolumne,109,53932,7793,7760,111,7871,91
2021-12-10,Ventura,111,848112,101787,100711,4527,105238,1195
2021-12-10,Yolo,113,214977,20812,20608,1293,21901,267
2021-12-10,Yuba,115,75493,10615,10519,404,10923,92
2021-12-09,Alameda,001,1643700,124640,123572,3024,126596,1496
2021-12-09,Alpine,003,1148,106,109,0,109,0
2021-12-09,Amador,005,37829,5808,5787,74,5861,69
2021-12-09,Butte,007,227075,22013,21819,3962,25781,326
2021-12-09,Calaveras,009,45235,4520,4469,64,4533,89
2021-12-09,Colusa,011,21464,2638,2619,688,3307,21
2021-12-09,Contra Costa,013,1133247,103442,102618,2403,105021,1061
2021-12-09,Del Norte,015,27424,3804,3778,56,3834,42
2021-12-09,El Dorado,017,186661,17035,16796,1794,18590,170
2021-12-09,Fresno,019,978130,147580,145988,13413,159401,2294
2021-12-09,Glenn,021,27897,3613,3585,1054,4639,37
2021-12-09,Humboldt,023,135768,9863,9721,709,10430,118
2021-12-09,Imperial,025,180216,36193,35635,3864,39499,782
2021-12-09,Inyo,027,18085,2607,2576,42,2618,46
2021-12-09,Kern,029,883053,134040,132852,24407,157259,1854
2021-12-09,Kings,031,150075,33913,33530,2073,35603,371
2021-12-09,Lake,033,64148,6990,6932,164,7096,114
2021-12-09,Lassen,035,31185,7091,7049,432,7481,55
2021-12-09,Los Angeles,037,10098052,1485173,1474030,57746,1531776,27031
2021-12-09,Madera,039,155013,24628,24417,2366,26783,311
2021-12-09,Marin,041,260295,18537,18339,554,18893,249
2021-12-09,Mariposa,043,17540,1471,1450,62,1512,6
2021-12-09,Mendocino,045,87422,8257,8130,692,8822,95
2021-12-09,Merced,047,269075,43816,43690,2195,45885,681
2021-12-09,Modoc,049,8938,599,594,204,798,6
2021-12-09,Mono,051,14174,1947,1926,23,1949,4
2021-12-09,Monterey,053,433212,50451,49008,3381,52389,631
2021-12-09,Napa,055,140530,13538,13459,129,13588,107
2021-12-09,Nevada,057,99092,9988,9880,351,10231,106
2021-12-09,Orange,059,3164182,318370,315759,16459,332218,5805
2021-12-09,Placer,061,380077,39378,38959,3949,42908,481
2021-12-09,Plumas,063,18699,1975,1934,47,1981,12
2021-12-09,Riverside,065,2383286,380557,375649,16974,392623,5408
2021-12-09,Sacramento,067,1510023,166980,165530,5125,170655,2386
2021-12-09,San Benito,069,59416,7847,7808,186,7994,79
2021-12-09,San Bernardino,071,2135413,371722,368145,11912,380057,6007
2021-12-09,San Diego,073,3302833,395741,392274,22991,415265,4374
2021-12-09,San Francisco,075,870044,55726,54869,2500,57369,678
2021-12-09,San Joaquin,077,732212,103847,103013,5728,108741,1842
2021-12-09,San Luis Obispo,079,281455,31018,30567,1365,31932,362
2021-12-09,San Mateo,081,765935,56629,55284,1014,56298,580
2021-12-09,Santa Barbara,083,443738,46645,46309,1711,48020,559
2021-12-09,Santa Clara,085,1922200,154400,152846,1704,154550,1941
2021-12-09,Santa Cruz,087,273765,21840,21557,1053,22610,225
2021-12-09,Shasta,089,179085,22811,22660,3752,26412,419
2021-12-09,Sierra,091,2930,201,199,21,220,0
2021-12-09,Siskiyou,093,43540,3474,3418,1381,4799,57
2021-12-09,Solano,095,438530,47593,46891,1367,48258,365
2021-12-09,Sonoma,097,501317,43692,43227,591,43818,407
2021-12-09,Stanislaus,099,539301,81953,82133,9383,91516,1264
2021-12-09,Sutter,101,95872,14416,14354,412,14766,187
2021-12-09,Tehama,103,63373,8872,8776,1564,10340,134
2021-12-09,Trinity,105,12862,910,819,228,1047,17
2021-12-09,Tulare,107,460477,71634,70523,16561,87084,1103
2021-12-09,Tuolumne,109,53932,7782,7760,111,7871,91
2021-12-09,Ventura,111,848112,101642,100711,4515,105226,1195
2021-12-09,Yolo,113,214977,20789,20608,1285,21893,267
2021-12-09,Yuba,115,75493,10607,10519,401,10920,92
2021-12-08,Alameda,001,1643700,124492,123438,3014,126452,1496
2021-12-08,Alpine,003,1148,106,108,0,108,0
2021-12-08,Amador,005,37829,5803,5781,74,5855,69
2021-12-08,Butte,007,227075,21997,21780,3959,25739,326
2021-12-08,Calaveras,009,45235,4511,4455,64,4519,89
2021-12-08,Colusa,011,21464,2635,2619,687,3306,21
2021-12-08,Contra Costa,013,1133247,103312,102506,2402,104908,1058
2021-12-08,Del Norte,015,27424,3803,3767,56,3823,42
2021-12-08,El Dorado,017,186661,17003,16757,1794,18551,170
2021-12-08,Fresno,019,978130,147422,145830,13398,159228,2293
2021-12-08,Glenn,021,27897,3613,3584,1050,4634,37
2021-12-08,Humboldt,023,135768,9841,9704,707,10411,117
2021-12-08,Imperial,025,180216,36114,35537,3834,39371,782
2021-12-08,Inyo,027,18085,2604,2570,42,2612,46
2021-12-08,Kern,029,883053,133917,132709,24359,157068,1846
2021-12-08,Kings,031,150075,33878,33468,2072,35540,371
2021-12-08,Lake,033,64148,6984,6927,163,7090,114
2021-12-08,Lassen,035,31185,7089,7041,430,7471,55
2021-12-08,Los Angeles,037,10098052,1483635,1472410,57635,1530045,27018
2021-12-08,Madera,039,155013,24607,24396,2359,26755,311
2021-12-08,Marin,041,260295,18516,18305,551,18856,249
2021-12-08,Mariposa,043,17540,1469,1447,62,1509,6
2021-12-08,Mendocino,045,87422,8244,8118,691,8809,95
2021-12-08,Merced,047,269075,43784,43631,2187,45818,680
2021-12-08,Modoc,049,8938,599,594,204,798,6
2021-12-08,Mono,051,14174,1941,1924,23,1947,4
2021-12-08,Monterey,053,433212,50386,48957,3365,52322,631
2021-12-08,Napa,055,140530,13524,13421,129,13550,107
2021-12-08,Nevada,057,99092,9972,9862,351,10213,106
2021-12-08,Orange,059,3164182,318023,315421,16421,331842,5795
2021-12-08,Placer,061,380077,39326,38934,3944,42878,478
2021-12-08,Plumas,063,18699,1973,1924,47,1971,12
2021-12-08,Riverside,065,2383286,380046,375099,16951,392050,5404
2021-12-08,Sacramento,067,1510023,166725,165278,5097,170375,2373
2021-12-08,San Benito,069,59416,7838,7793,186,7979,79
2021-12-08,San Bernardino,071,2135413,371249,367516,11887,379403,6006
2021-12-08,San Diego,073,3302833,395087,391676,22959,414635,4369
2021-12-08,San Francisco,075,870044,55639,54792,2492,57284,677
2021-12-08,San Joaquin,077,732212,103746,102877,5718,108595,1841
2021-12-08,San Luis Obispo,079,281455,30970,30519,1360,31879,361
2021-12-08,San Mateo,081,765935,56561,55220,1008,56228,580
2021-12-08,Santa Barbara,083,443738,46590,46250,1708,47958,558
2021-12-08,Santa Clara,085,1922200,154238,152674,1693,154367,1937
2021-12-08,Santa Cruz,087,273765,21793,21505,1051,22556,224
2021-12-08,Shasta,089,179085,22791,22616,3746,26362,419
2021-12-08,Sierra,091,2930,201,199,21,220,0
2021-12-08,Siskiyou,093,43540,3473,3415,1379,4794,57
2021-12-08,Solano,095,438530,47563,46837,1366,48203,365
2021-12-08,Sonoma,097,501317,43629,43179,590,43769,405
2021-12-08,Stanislaus,099,539301,81870,82038,9372,91410,1264
2021-12-08,Sutter,101,95872,14400,14336,410,14746,187
2021-12-08,Tehama,103,63373,8863,8768,1564,10332,133
2021-12-08,Trinity,105,12862,910,818,228,1046,17
2021-12-08,Tulare,107,460477,71571,70472,16536,87008,1102
2021-12-08,Tuolumne,109,53932,7769,7749,111,7860,91
2021-12-08,Ventura,111,848112,101514,100647,4512,105159,1194
2021-12-08,Yolo,113,214977,20763,20575,1279,21854,267
2021-12-08,Yuba,115,75493,10593,10499,398,10897,92
2021-12-07,Alameda,001,1643700,124321,123325,3005,126330,1497
2021-12-07,Alpine,003,1148,106,108,0,108,0
2021-12-07,Amador,005,37829,5800,5778,73,5851,69
2021-12-07,Butte,007,227075,21973,21761,3954,25715,324
2021-12-07,Calaveras,009,45235,4495,4445,64,4509,88
2021-12-07,Colusa,011,21464,2633,2619,687,3306,21
2021-12-07,Contra Costa,013,1133247,103189,102421,2393,104814,1058
2021-12-07,Del Norte,015,27424,3802,3766,56,3822,42
2021-12-07,El Dorado,017,186661,16979,16742,1791,18533,170
2021-12-07,Fresno,019,978130,147275,145715,13381,159096,2289
2021-12-07,Glenn,021,27897,3612,3579,1050,4629,36
2021-12-07,Humboldt,023,135768,9817,9693,702,10395,117
2021-12-07,Imperial,025,180216,36036,35502,3813,39315,778
2021-12-07,Inyo,027,18085,2601,2567,42,2609,46
2021-12-07,Kern,029,883053,133758,132564,24306,156870,1838
2021-12-07,Kings,031,150075,33846,33441,2069,35510,372
2021-12-07,Lake,033,64148,6979,6925,163,7088,113
2021-12-07,Lassen,035,31185,7088,7040,429,7469,55
2021-12-07,Los Angeles,037,10098052,1481850,1470904,57531,1528435,27007
2021-12-07,Madera,039,155013,24584,24367,2352,26719,311
2021-12-07,Marin,041,260295,18482,18284,545,18829,249
2021-12-07,Mariposa,043,17540,1467,1446,62,1508,6
2021-12-07,Mendocino,045,87422,8226,8107,691,8798,95
2021-12-07,Merced,047,269075,43743,43600,2180,45780,675
2021-12-07,Modoc,049,8938,599,594,203,797,6
2021-12-07,Mono,051,14174,1939,1921,23,1944,4
2021-12-07,Monterey,053,433212,50303,48880,3348,52228,631
2021-12-07,Napa,055,140530,13506,13409,129,13538,107
2021-12-07,Nevada,057,99092,9958,9858,350,10208,105
2021-12-07,Orange,059,3164182,317690,315138,16372,331510,5784
2021-12-07,Placer,061,380077,39249,38860,3940,42800,474
2021-12-07,Plumas,063,18699,1969,1915,47,1962,12
2021-12-07,Riverside,065,2383286,379516,374552,16935,391487,5397
2021-12-07,Sacramento,067,1510023,166479,165148,5083,170231,2375
2021-12-07,San Benito,069,59416,7822,7776,186,7962,78
2021-12-07,San Bernardino,071,2135413,370683,366981,11869,378850,6007
2021-12-07,San Diego,073,3302833,394239,391110,22921,414031,4357
2021-12-07,San Francisco,075,870044,55529,54729,2487,57216,676
2021-12-07,San Joaquin,077,732212,103627,102797,5706,108503,1839
2021-12-07,San Luis Obispo,079,281455,30931,30495,1358,31853,361
2021-12-07,San Mateo,081,765935,56469,55163,1002,56165,580
2021-12-07,Santa Barbara,083,443738,46518,46205,1706,47911,556
2021-12-07,Santa Clara,085,1922200,154052,152465,1684,154149,1941
2021-12-07,Santa Cruz,087,273765,21746,21493,1051,22544,224
2021-12-07,Shasta,089,179085,22769,22594,3743,26337,418
2021-12-07,Sierra,091,2930,201,199,21,220,0
2021-12-07,Siskiyou,093,43540,3471,3412,1379,4791,57
2021-12-07,Solano,095,438530,47523,46812,1364,48176,365
2021-12-07,Sonoma,097,501317,43555,43154,589,43743,405
2021-12-07,Stanislaus,099,539301,81793,81980,9360,91340,1258
2021-12-07,Sutter,101,95872,14392,14322,409,14731,186
2021-12-07,Tehama,103,63373,8855,8765,1563,10328,133
2021-12-07,Trinity,105,12862,910,818,228,1046,17
2021-12-07,Tulare,107,460477,71513,70411,16507,86918,1103
2021-12-07,Tuolumne,109,53932,7761,7743,111,7854,91
2021-12-07,Ventura,111,848112,101417,100569,4502,105071,1194
2021-12-07,Yolo,113,214977,20737,20560,1276,21836,263
2021-12-07,Yuba,115,75493,10576,10491,397,10888,91
2021-12-06,Alameda,001,1643700,124158,123227,3002,126229,1496
2021-12-06,Alpine,003,1148,106,108,0,108,0
2021-12-06,Amador,005,37829,5794,5769,72,5841,67
2021-12-06,Butte,007,227075,21956,21732,3951,25683,321
2021-12-06,Calaveras,009,45235,4488,4443,64,4507,88
2021-12-06,Colusa,011,21464,2632,2615,683,3298,21
2021-12-06,Contra Costa,013,1133247,103069,102327,2389,104716,1058
2021-12-06,Del Norte,015,27424,3800,3744,56,3800,42
2021-12-06,El Dorado,017,186661,16954,16726,1789,18515,168
2021-12-06,Fresno,019,978130,147078,145539,13371,158910,2285
2021-12-06,Glenn,021,27897,3609,3577,1049,4626,36
2021-12-06,Humboldt,023,135768,9797,9671,695,10366,117
2021-12-06,Imperial,025,180216,35955,35453,3795,39248,778
2021-12-06,Inyo,027,18085,2595,2562,41,2603,46
2021-12-06,Kern,029,883053,133572,132366,24248,156614,1835
2021-12-06,Kings,031,150075,33813,33399,2064,35463,368
2021-12-06,Lake,033,64148,6975,6922,163,7085,113
2021-12-06,Lassen,035,31185,7083,7032,427,7459,51
2021-12-06,Los Angeles,037,10098052,1480180,1470059,57438,1527497,26993
2021-12-06,Madera,039,155013,24557,24334,2348,26682,307
2021-12-06,Marin,041,260295,18454,18252,543,18795,249
2021-12-06,Mariposa,043,17540,1464,1443,62,1505,6
2021-12-06,Mendocino,045,87422,8213,8079,687,8766,95
2021-12-06,Merced,047,269075,43703,43549,2170,45719,672
2021-12-06,Modoc,049,8938,599,593,203,796,6
2021-12-06,Mono,051,14174,1934,1913,23,1936,4
2021-12-06,Monterey,053,433212,50225,48831,3329,52160,626
2021-12-06,Napa,055,140530,13483,13387,127,13514,107
2021-12-06,Nevada,057,99092,9930,9847,349,10196,105
2021-12-06,Orange,059,3164182,317311,314859,16329,331188,5771
2021-12-06,Placer,061,380077,39191,38785,3935,42720,473
2021-12-06,Plumas,063,18699,1961,1913,47,1960,10
2021-12-06,Riverside,065,2383286,378997,374116,16921,391037,5388
2021-12-06,Sacramento,067,1510023,166202,164926,5062,169988,2367
2021-12-06,San Benito,069,59416,7806,7755,186,7941,78
2021-12-06,San Bernardino,071,2135413,370132,366606,11842,378448,5998
2021-12-06,San Diego,073,3302833,393389,390389,22876,413265,4352
2021-12-06,San Francisco,075,870044,55422,54659,2482,57141,674
2021-12-06,San Joaquin,077,732212,103500,102728,5699,108427,1837
2021-12-06,San Luis Obispo,079,281455,30893,30464,1356,31820,361
2021-12-06,San Mateo,081,765935,56395,55112,999,56111,580
2021-12-06,Santa Barbara,083,443738,46425,46146,1705,47851,556
2021-12-06,Santa Clara,085,1922200,153842,152310,1668,153978,1937
2021-12-06,Santa Cruz,087,273765,21711,21450,1048,22498,224
2021-12-06,Shasta,089,179085,22746,22556,3735,26291,416
2021-12-06,Sierra,091,2930,200,198,21,219,0
2021-12-06,Siskiyou,093,43540,3469,3409,1374,4783,57
2021-12-06,Solano,095,438530,47478,46748,1363,48111,360
2021-12-06,Sonoma,097,501317,43486,43114,581,43695,405
2021-12-06,Stanislaus,099,539301,81699,81889,9326,91215,1241
2021-12-06,Sutter,101,95872,14380,14319,409,14728,186
2021-12-06,Tehama,103,63373,8847,8760,1563,10323,133
2021-12-06,Trinity,105,12862,910,815,227,1042,17
2021-12-06,Tulare,107,460477,71437,70285,16468,86753,1101
2021-12-06,Tuolumne,109,53932,7747,7726,111,7837,91
2021-12-06,Ventura,111,848112,101315,100426,4494,104920,1194
2021-12-06,Yolo,113,214977,20713,20548,1275,21823,263
2021-12-06,Yuba,115,75493,10561,10480,392,10872,91
2021-12-05,Alameda,001,1643700,123973,123104,2994,126098,1496
2021-12-05,Alpine,003,1148,105,108,0,108,0
2021-12-05,Amador,005,37829,5791,5761,72,5833,67
2021-12-05,Butte,007,227075,21922,21720,3945,25665,320
2021-12-05,Calaveras,009,45235,4471,4434,64,4498,88
2021-12-05,Colusa,011,21464,2631,2615,682,3297,21
2021-12-05,Contra Costa,013,1133247,102938,102251,2379,104630,1058
2021-12-05,Del Norte,015,27424,3798,3751,56,3807,42
2021-12-05,El Dorado,017,186661,16917,16717,1783,18500,168
2021-12-05,Fresno,019,978130,146904,145452,13351,158803,2284
2021-12-05,Glenn,021,27897,3607,3577,1048,4625,36
2021-12-05,Humboldt,023,135768,9767,9662,692,10354,117
2021-12-05,Imperial,025,180216,35861,35422,3766,39188,778
2021-12-05,Inyo,027,18085,2588,2559,41,2600,46
2021-12-05,Kern,029,883053,133407,132286,24196,156482,1833
2021-12-05,Kings,031,150075,33749,33360,2064,35424,369
2021-12-05,Lake,033,64148,6970,6919,162,7081,113
2021-12-05,Lassen,035,31185,7081,7031,427,7458,51
2021-12-05,Los Angeles,037,10098052,1478328,1468937,57297,1526234,26991
2021-12-05,Madera,039,155013,24516,24311,2345,26656,307
2021-12-05,Marin,041,260295,18407,18216,535,18751,249
2021-12-05,Mariposa,043,17540,1461,1440,61,1501,6
2021-12-05,Mendocino,045,87422,8194,8069,681,8750,95
2021-12-05,Merced,047,269075,43658,43534,2161,45695,672
2021-12-05,Modoc,049,8938,599,593,203,796,6
2021-12-05,Mono,051,14174,1927,1907,23,1930,4
2021-12-05,Monterey,053,433212,50154,48813,3297,52110,626
2021-12-05,Napa,055,140530,13457,13382,124,13506,107
2021-12-05,Nevada,057,99092,9909,9827,349,10176,105
2021-12-05,Orange,059,3164182,316876,314560,16286,330846,5771
2021-12-05,Placer,061,380077,39133,38738,3926,42664,473
2021-12-05,Plumas,063,18699,1957,1913,46,1959,9
2021-12-05,Riverside,065,2383286,378341,373827,16891,390718,5388
2021-12-05,Sacramento,067,1510023,165895,164721,5044,169765,2367
2021-12-05,San Benito,069,59416,7789,7748,185,7933,78
2021-12-05,San Bernardino,071,2135413,369436,366282,11795,378077,5998
2021-12-05,San Diego,073,3302833,392590,387979,22827,410806,4351
2021-12-05,San Francisco,075,870044,55321,54603,2480,57083,674
2021-12-05,San Joaquin,077,732212,103359,102698,5694,108392,1837
2021-12-05,San Luis Obispo,079,281455,30823,30454,1353,31807,360
2021-12-05,San Mateo,081,765935,56306,55050,989,56039,580
2021-12-05,Santa Barbara,083,443738,46342,46097,1697,47794,555
2021-12-05,Santa Clara,085,1922200,153587,152114,1648,153762,1933
2021-12-05,Santa Cruz,087,273765,21661,21424,1048,22472,224
2021-12-05,Shasta,089,179085,22689,22550,3734,26284,416
2021-12-05,Sierra,091,2930,200,198,21,219,0
2021-12-05,Siskiyou,093,43540,3467,3409,1372,4781,57
2021-12-05,Solano,095,438530,47415,46715,1361,48076,360
2021-12-05,Sonoma,097,501317,43409,43038,576,43614,405
2021-12-05,Stanislaus,099,539301,81566,81847,9316,91163,1241
2021-12-05,Sutter,101,95872,14356,14303,404,14707,186
2021-12-05,Tehama,103,63373,8839,8755,1562,10317,133
2021-12-05,Trinity,105,12862,909,815,227,1042,17
2021-12-05,Tulare,107,460477,71356,70254,16420,86674,1102
2021-12-05,Tuolumne,109,53932,7734,7718,111,7829,91
2021-12-05,Ventura,111,848112,101179,100367,4481,104848,1194
2021-12-05,Yolo,113,214977,20671,20512,1273,21785,263
2021-12-05,Yuba,115,75493,10548,10467,385,10852,91
2021-12-04,Alameda,001,1643700,123859,122508,2990,125498,1494
2021-12-04,Alpine,003,1148,105,108,0,108,0
2021-12-04,Amador,005,37829,5788,5729,72,5801,67
2021-12-04,Butte,007,227075,21903,21638,3941,25579,318
2021-12-04,Calaveras,009,45235,4463,4392,63,4455,88
2021-12-04,Colusa,011,21464,2631,2600,680,3280,21
2021-12-04,Contra Costa,013,1133247,102864,101824,2373,104197,1056
2021-12-04,Del Norte,015,27424,3795,3726,56,3782,42
2021-12-04,El Dorado,017,186661,16908,16621,1782,18403,168
2021-12-04,Fresno,019,978130,146816,144734,13342,158076,2270
2021-12-04,Glenn,021,27897,3607,3559,1048,4607,36
2021-12-04,Humboldt,023,135768,9752,9596,688,10284,117
2021-12-04,Imperial,025,180216,35806,35206,3753,38959,776
2021-12-04,Inyo,027,18085,2583,2538,41,2579,46
2021-12-04,Kern,029,883053,133328,131771,24173,155944,1817
2021-12-04,Kings,031,150075,33725,33183,2063,35246,367
2021-12-04,Lake,033,64148,6961,6903,162,7065,113
2021-12-04,Lassen,035,31185,7080,7014,425,7439,51
2021-12-04,Los Angeles,037,10098052,1477457,1463270,57218,1520488,26952
2021-12-04,Madera,039,155013,24502,24188,2341,26529,307
2021-12-04,Marin,041,260295,18385,18075,534,18609,249
2021-12-04,Mariposa,043,17540,1457,1421,61,1482,6
2021-12-04,Mendocino,045,87422,8189,7981,681,8662,91
2021-12-04,Merced,047,269075,43631,43337,2159,45496,671
2021-12-04,Modoc,049,8938,599,591,203,794,6
2021-12-04,Mono,051,14174,1927,1883,23,1906,4
2021-12-04,Monterey,053,433212,50122,48682,3290,51972,626
2021-12-04,Napa,055,140530,13447,13327,123,13450,106
2021-12-04,Nevada,057,99092,9901,9752,349,10101,105
2021-12-04,Orange,059,3164182,316646,313112,16260,329372,5748
2021-12-04,Placer,061,380077,39093,38460,3920,42380,473
2021-12-04,Plumas,063,18699,1954,1903,46,1949,7
2021-12-04,Riverside,065,2383286,377982,371768,16885,388653,5381
2021-12-04,Sacramento,067,1510023,165752,163900,5036,168936,2365
2021-12-04,San Benito,069,59416,7763,7688,185,7873,78
2021-12-04,San Bernardino,071,2135413,369050,364154,11781,375935,5983
2021-12-04,San Diego,073,3302833,392111,386710,22797,409507,4350
2021-12-04,San Francisco,075,870044,55253,54286,2477,56763,674
2021-12-04,San Joaquin,077,732212,103305,102286,5692,107978,1835
2021-12-04,San Luis Obispo,079,281455,30802,30318,1349,31667,360
2021-12-04,San Mateo,081,765935,56256,54774,986,55760,579
2021-12-04,Santa Barbara,083,443738,46297,45774,1697,47471,555
2021-12-04,Santa Clara,085,1922200,153433,151275,1634,152909,1928
2021-12-04,Santa Cruz,087,273765,21635,21286,1047,22333,224
2021-12-04,Shasta,089,179085,22672,22418,3732,26150,414
2021-12-04,Sierra,091,2930,200,196,21,217,0
2021-12-04,Siskiyou,093,43540,3465,3398,1372,4770,57
2021-12-04,Solano,095,438530,47395,46529,1360,47889,360
2021-12-04,Sonoma,097,501317,43364,42778,573,43351,405
2021-12-04,Stanislaus,099,539301,81494,81462,9309,90771,1231
2021-12-04,Sutter,101,95872,14348,14258,403,14661,186
2021-12-04,Tehama,103,63373,8837,8742,1562,10304,131
2021-12-04,Trinity,105,12862,908,801,227,1028,17
2021-12-04,Tulare,107,460477,71318,70014,16392,86406,1100
2021-12-04,Tuolumne,109,53932,7729,7676,111,7787,91
2021-12-04,Ventura,111,848112,101088,99751,4477,104228,1192
2021-12-04,Yolo,113,214977,20648,20442,1270,21712,261
2021-12-04,Yuba,115,75493,10537,10418,384,10802,91
2021-12-03,Alameda,001,1643700,123766,122508,2980,125488,1494
2021-12-03,Alpine,003,1148,105,108,0,108,0
2021-12-03,Amador,005,37829,5783,5729,71,5800,67
2021-12-03,Butte,007,227075,21890,21638,3936,25574,318
2021-12-03,Calaveras,009,45235,4454,4392,63,4455,88
2021-12-03,Colusa,011,21464,2629,2600,680,3280,21
2021-12-03,Contra Costa,013,1133247,102791,101824,2368,104192,1056
2021-12-03,Del Norte,015,27424,3793,3726,56,3782,42
2021-12-03,El Dorado,017,186661,16879,16621,1780,18401,168
2021-12-03,Fresno,019,978130,146702,144734,13339,158073,2270
2021-12-03,Glenn,021,27897,3606,3559,1047,4606,36
2021-12-03,Humboldt,023,135768,9735,9596,686,10282,117
2021-12-03,Imperial,025,180216,35762,35206,3723,38929,776
2021-12-03,Inyo,027,18085,2576,2538,41,2579,46
2021-12-03,Kern,029,883053,133257,131771,24137,155908,1817
2021-12-03,Kings,031,150075,33697,33183,2063,35246,367
2021-12-03,Lake,033,64148,6961,6903,162,7065,113
2021-12-03,Lassen,035,31185,7078,7014,424,7438,51
2021-12-03,Los Angeles,037,10098052,1476512,1463270,57136,1520406,26952
2021-12-03,Madera,039,155013,24476,24188,2337,26525,307
2021-12-03,Marin,041,260295,18353,18075,530,18605,249
2021-12-03,Mariposa,043,17540,1455,1421,61,1482,6
2021-12-03,Mendocino,045,87422,8182,7981,681,8662,91
2021-12-03,Merced,047,269075,43608,43337,2156,45493,671
2021-12-03,Modoc,049,8938,599,591,203,794,6
2021-12-03,Mono,051,14174,1921,1883,23,1906,4
2021-12-03,Monterey,053,433212,50083,48682,3279,51961,626
2021-12-03,Napa,055,140530,13435,13327,123,13450,106
2021-12-03,Nevada,057,99092,9890,9752,349,10101,105
2021-12-03,Orange,059,3164182,316377,313112,16227,329339,5748
2021-12-03,Placer,061,380077,39056,38460,3913,42373,473
2021-12-03,Plumas,063,18699,1951,1903,46,1949,7
2021-12-03,Riverside,065,2383286,377591,371768,16879,388647,5381
2021-12-03,Sacramento,067,1510023,165572,163900,5022,168922,2365
2021-12-03,San Benito,069,59416,7756,7688,185,7873,78
2021-12-03,San Bernardino,071,2135413,368606,364154,11771,375925,5983
2021-12-03,San Diego,073,3302833,391636,386710,22773,409483,4350
2021-12-03,San Francisco,075,870044,55183,54286,2473,56759,674
2021-12-03,San Joaquin,077,732212,103248,102286,5691,107977,1835
2021-12-03,San Luis Obispo,079,281455,30776,30318,1346,31664,360
2021-12-03,San Mateo,081,765935,56192,54774,983,55757,579
2021-12-03,Santa Barbara,083,443738,46261,45774,1697,47471,555
2021-12-03,Santa Clara,085,1922200,153251,151275,1619,152894,1928
2021-12-03,Santa Cruz,087,273765,21608,21286,1047,22333,224
2021-12-03,Shasta,089,179085,22657,22418,3732,26150,414
2021-12-03,Sierra,091,2930,200,196,21,217,0
2021-12-03,Siskiyou,093,43540,3462,3398,1370,4768,57
2021-12-03,Solano,095,438530,47353,46529,1359,47888,360
2021-12-03,Sonoma,097,501317,43328,42778,571,43349,405
2021-12-03,Stanislaus,099,539301,81437,81462,9300,90762,1231
2021-12-03,Sutter,101,95872,14335,14258,401,14659,186
2021-12-03,Tehama,103,63373,8836,8742,1560,10302,131
2021-12-03,Trinity,105,12862,908,801,227,1028,17
2021-12-03,Tulare,107,460477,71279,70014,16358,86372,1100
2021-12-03,Tuolumne,109,53932,7720,7676,111,7787,91
2021-12-03,Ventura,111,848112,101000,99751,4470,104221,1192
2021-12-03,Yolo,113,214977,20631,20442,1269,21711,261
2021-12-03,Yuba,115,75493,10529,10418,384,10802,91
2021-12-02,Alameda,001,1643700,123613,122508,2972,125480,1494
2021-12-02,Alpine,003,1148,105,108,0,108,0
2021-12-02,Amador,005,37829,5778,5729,70,5799,67
2021-12-02,Butte,007,227075,21865,21638,3933,25571,318
2021-12-02,Calaveras,009,45235,4444,4392,62,4454,88
2021-12-02,Colusa,011,21464,2628,2600,680,3280,21
2021-12-02,Contra Costa,013,1133247,102676,101824,2364,104188,1056
2021-12-02,Del Norte,015,27424,3785,3726,56,3782,42
2021-12-02,El Dorado,017,186661,16858,16621,1778,18399,168
2021-12-02,Fresno,019,978130,146535,144734,13327,158061,2270
2021-12-02,Glenn,021,27897,3606,3559,1044,4603,36
2021-12-02,Humboldt,023,135768,9716,9596,684,10280,117
2021-12-02,Imperial,025,180216,35695,35206,3700,38906,776
2021-12-02,Inyo,027,18085,2571,2538,41,2579,46
2021-12-02,Kern,029,883053,133086,131771,24084,155855,1817
2021-12-02,Kings,031,150075,33642,33183,2061,35244,367
2021-12-02,Lake,033,64148,6957,6903,162,7065,113
2021-12-02,Lassen,035,31185,7074,7014,424,7438,51
2021-12-02,Los Angeles,037,10098052,1474991,1463270,57052,1520322,26952
2021-12-02,Madera,039,155013,24439,24188,2328,26516,307
2021-12-02,Marin,041,260295,18323,18075,526,18601,249
2021-12-02,Mariposa,043,17540,1453,1421,61,1482,6
2021-12-02,Mendocino,045,87422,8166,7981,680,8661,91
2021-12-02,Merced,047,269075,43562,43337,2151,45488,671
2021-12-02,Modoc,049,8938,598,591,203,794,6
2021-12-02,Mono,051,14174,1915,1883,23,1906,4
2021-12-02,Monterey,053,433212,50009,48682,3257,51939,626
2021-12-02,Napa,055,140530,13422,13327,123,13450,106
2021-12-02,Nevada,057,99092,9872,9752,348,10100,105
2021-12-02,Orange,059,3164182,316034,313112,16190,329302,5748
2021-12-02,Placer,061,380077,38991,38460,3908,42368,473
2021-12-02,Plumas,063,18699,1949,1903,46,1949,7
2021-12-02,Riverside,065,2383286,377064,371768,16869,388637,5381
2021-12-02,Sacramento,067,1510023,165344,163900,5012,168912,2365
2021-12-02,San Benito,069,59416,7736,7688,185,7873,78
2021-12-02,San Bernardino,071,2135413,368058,364154,11751,375905,5983
2021-12-02,San Diego,073,3302833,390991,386710,22718,409428,4350
2021-12-02,San Francisco,075,870044,55086,54286,2468,56754,674
2021-12-02,San Joaquin,077,732212,103134,102286,5686,107972,1835
2021-12-02,San Luis Obispo,079,281455,30743,30318,1339,31657,360
2021-12-02,San Mateo,081,765935,56111,54774,975,55749,579
2021-12-02,Santa Barbara,083,443738,46180,45774,1694,47468,555
2021-12-02,Santa Clara,085,1922200,153005,151275,1602,152877,1928
2021-12-02,Santa Cruz,087,273765,21557,21286,1046,22332,224
2021-12-02,Shasta,089,179085,22624,22418,3731,26149,414
2021-12-02,Sierra,091,2930,200,196,21,217,0
2021-12-02,Siskiyou,093,43540,3461,3398,1363,4761,57
2021-12-02,Solano,095,438530,47302,46529,1357,47886,360
2021-12-02,Sonoma,097,501317,43255,42778,571,43349,405
2021-12-02,Stanislaus,099,539301,81345,81462,9291,90753,1231
2021-12-02,Sutter,101,95872,14322,14258,398,14656,186
2021-12-02,Tehama,103,63373,8829,8742,1558,10300,131
2021-12-02,Trinity,105,12862,908,801,227,1028,17
2021-12-02,Tulare,107,460477,71191,70014,16306,86320,1100
2021-12-02,Tuolumne,109,53932,7705,7676,110,7786,91
2021-12-02,Ventura,111,848112,100875,99751,4468,104219,1192
2021-12-02,Yolo,113,214977,20607,20442,1265,21707,261
2021-12-02,Yuba,115,75493,10513,10418,381,10799,91
2021-12-01,Alameda,001,1643700,123463,122298,2962,125260,1492
2021-12-01,Alpine,003,1148,105,108,0,108,0
2021-12-01,Amador,005,37829,5771,5723,70,5793,67
2021-12-01,Butte,007,227075,21845,21600,3928,25528,318
2021-12-01,Calaveras,009,45235,4439,4371,62,4433,88
2021-12-01,Colusa,011,21464,2621,2595,677,3272,20
2021-12-01,Contra Costa,013,1133247,102568,101651,2353,104004,1048
2021-12-01,Del Norte,015,27424,3783,3722,56,3778,42
2021-12-01,El Dorado,017,186661,16837,16575,1776,18351,166
2021-12-01,Fresno,019,978130,146328,144507,13318,157825,2264
2021-12-01,Glenn,021,27897,3599,3556,1043,4599,36
2021-12-01,Humboldt,023,135768,9692,9573,679,10252,117
2021-12-01,Imperial,025,180216,35614,35085,3673,38758,776
2021-12-01,Inyo,027,18085,2567,2533,41,2574,46
2021-12-01,Kern,029,883053,132939,131580,24029,155609,1804
2021-12-01,Kings,031,150075,33593,33112,2060,35172,364
2021-12-01,Lake,033,64148,6949,6896,161,7057,112
2021-12-01,Lassen,035,31185,7068,7008,422,7430,51
2021-12-01,Los Angeles,037,10098052,1473394,1461394,56957,1518351,26928
2021-12-01,Madera,039,155013,24407,24134,2319,26453,307
2021-12-01,Marin,041,260295,18286,18038,520,18558,249
2021-12-01,Mariposa,043,17540,1449,1415,61,1476,6
2021-12-01,Mendocino,045,87422,8152,7966,675,8641,90
2021-12-01,Merced,047,269075,43506,43259,2130,45389,670
2021-12-01,Modoc,049,8938,598,576,203,779,5
2021-12-01,Mono,051,14174,1910,1876,23,1899,4
2021-12-01,Monterey,053,433212,49960,48611,3248,51859,626
2021-12-01,Napa,055,140530,13405,13319,120,13439,107
2021-12-01,Nevada,057,99092,9859,9706,348,10054,105
2021-12-01,Orange,059,3164182,315670,312772,16152,328924,5735
2021-12-01,Placer,061,380077,38935,38373,3902,42275,472
2021-12-01,Plumas,063,18699,1945,1893,46,1939,7
2021-12-01,Riverside,065,2383286,376540,371189,16852,388041,5369
2021-12-01,Sacramento,067,1510023,165130,163616,4992,168608,2360
2021-12-01,San Benito,069,59416,7722,7669,185,7854,78
2021-12-01,San Bernardino,071,2135413,367478,363368,11725,375093,5973
2021-12-01,San Diego,073,3302833,390194,386056,22663,408719,4346
2021-12-01,San Francisco,075,870044,55004,54199,2461,56660,672
2021-12-01,San Joaquin,077,732212,103026,102109,5685,107794,1834
2021-12-01,San Luis Obispo,079,281455,30701,30238,1335,31573,360
2021-12-01,San Mateo,081,765935,56031,54711,972,55683,579
2021-12-01,Santa Barbara,083,443738,46110,45681,1692,47373,554
2021-12-01,Santa Clara,085,1922200,152786,150961,1585,152546,1925
2021-12-01,Santa Cruz,087,273765,21527,21191,1045,22236,224
2021-12-01,Shasta,089,179085,22592,22375,3725,26100,410
2021-12-01,Sierra,091,2930,200,195,21,216,0
2021-12-01,Siskiyou,093,43540,3458,3391,1363,4754,55
2021-12-01,Solano,095,438530,47258,46485,1357,47842,360
2021-12-01,Sonoma,097,501317,43180,42713,570,43283,405
2021-12-01,Stanislaus,099,539301,81252,81330,9279,90609,1231
2021-12-01,Sutter,101,95872,14307,14229,397,14626,186
2021-12-01,Tehama,103,63373,8819,8728,1558,10286,130
2021-12-01,Trinity,105,12862,903,801,227,1028,17
2021-12-01,Tulare,107,460477,71114,69953,16266,86219,1098
2021-12-01,Tuolumne,109,53932,7697,7655,110,7765,91
2021-12-01,Ventura,111,848112,100769,99680,4457,104137,1191
2021-12-01,Yolo,113,214977,20579,20393,1265,21658,260
2021-12-01,Yuba,115,75493,10501,10401,380,10781,89
2021-11-30,Alameda,001,1643700,123294,122196,2953,125149,1489
2021-11-30,Alpine,003,1148,105,108,0,108,0
2021-11-30,Amador,005,37829,5763,5716,70,5786,66
2021-11-30,Butte,007,227075,21816,21565,3919,25484,318
2021-11-30,Calaveras,009,45235,4421,4360,62,4422,88
2021-11-30,Colusa,011,21464,2620,2592,677,3269,21
2021-11-30,Contra Costa,013,1133247,102430,101538,2346,103884,1046
2021-11-30,Del Norte,015,27424,3777,3718,56,3774,42
2021-11-30,El Dorado,017,186661,16809,16558,1770,18328,166
2021-11-30,Fresno,019,978130,146128,144384,13308,157692,2259
2021-11-30,Glenn,021,27897,3594,3555,1042,4597,36
2021-11-30,Humboldt,023,135768,9661,9539,673,10212,116
2021-11-30,Imperial,025,180216,35506,34999,3645,38644,773
2021-11-30,Inyo,027,18085,2558,2530,41,2571,46
2021-11-30,Kern,029,883053,132765,131451,23972,155423,1799
2021-11-30,Kings,031,150075,33542,33074,2056,35130,362
2021-11-30,Lake,033,64148,6944,6892,159,7051,110
2021-11-30,Lassen,035,31185,7064,7003,421,7424,51
2021-11-30,Los Angeles,037,10098052,1471599,1460177,56851,1517028,26913
2021-11-30,Madera,039,155013,24373,24108,2314,26422,307
2021-11-30,Marin,041,260295,18242,18010,518,18528,249
2021-11-30,Mariposa,043,17540,1443,1412,61,1473,6
2021-11-30,Mendocino,045,87422,8123,7960,669,8629,89
2021-11-30,Merced,047,269075,43436,43200,2122,45322,668
2021-11-30,Modoc,049,8938,597,576,203,779,5
2021-11-30,Mono,051,14174,1907,1873,23,1896,4
2021-11-30,Monterey,053,433212,49896,48581,3238,51819,626
2021-11-30,Napa,055,140530,13385,13308,120,13428,105
2021-11-30,Nevada,057,99092,9843,9699,347,10046,105
2021-11-30,Orange,059,3164182,315250,312451,16110,328561,5724
2021-11-30,Placer,061,380077,38831,38324,3894,42218,470
2021-11-30,Plumas,063,18699,1940,1887,45,1932,7
2021-11-30,Riverside,065,2383286,375854,370739,16827,387566,5358
2021-11-30,Sacramento,067,1510023,164850,163420,4970,168390,2353
2021-11-30,San Benito,069,59416,7700,7645,184,7829,78
2021-11-30,San Bernardino,071,2135413,366808,363006,11703,374709,5967
2021-11-30,San Diego,073,3302833,389268,385405,22616,408021,4340
2021-11-30,San Francisco,075,870044,54897,54147,2452,56599,672
2021-11-30,San Joaquin,077,732212,102900,101972,5677,107649,1834
2021-11-30,San Luis Obispo,079,281455,30676,30200,1332,31532,360
2021-11-30,San Mateo,081,765935,55926,54656,962,55618,579
2021-11-30,Santa Barbara,083,443738,46014,45628,1686,47314,553
2021-11-30,Santa Clara,085,1922200,152525,150799,1566,152365,1929
2021-11-30,Santa Cruz,087,273765,21469,21169,1041,22210,224
2021-11-30,Shasta,089,179085,22562,22347,3722,26069,401
2021-11-30,Sierra,091,2930,197,195,21,216,0
2021-11-30,Siskiyou,093,43540,3454,3385,1360,4745,55
2021-11-30,Solano,095,438530,47195,46434,1351,47785,358
2021-11-30,Sonoma,097,501317,43101,42663,569,43232,405
2021-11-30,Stanislaus,099,539301,81152,81276,9252,90528,1227
2021-11-30,Sutter,101,95872,14296,14210,394,14604,186
2021-11-30,Tehama,103,63373,8812,8727,1557,10284,130
2021-11-30,Trinity,105,12862,902,799,227,1026,17
2021-11-30,Tulare,107,460477,71028,69900,16216,86116,1099
2021-11-30,Tuolumne,109,53932,7682,7643,110,7753,91
2021-11-30,Ventura,111,848112,100616,99601,4445,104046,1191
2021-11-30,Yolo,113,214977,20537,20376,1259,21635,260
2021-11-30,Yuba,115,75493,10482,10398,375,10773,89
2021-11-29,Alameda,001,1643700,123136,122136,2944,125080,1489
2021-11-29,Alpine,003,1148,105,108,0,108,0
2021-11-29,Amador,005,37829,5756,5706,70,5776,66
2021-11-29,Butte,007,227075,21791,21544,3913,25457,314
2021-11-29,Calaveras,009,45235,4405,4353,62,4415,88
2021-11-29,Colusa,011,21464,2618,2585,674,3259,20
2021-11-29,Contra Costa,013,1133247,102281,101441,2338,103779,1046
2021-11-29,Del Norte,015,27424,3774,3704,56,3760,42
2021-11-29,El Dorado,017,186661,16791,16534,1765,18299,166
2021-11-29,Fresno,019,978130,145923,144282,13285,157567,2254
2021-11-29,Glenn,021,27897,3591,3555,1041,4596,36
2021-11-29,Humboldt,023,135768,9644,9514,666,10180,115
2021-11-29,Imperial,025,180216,35442,34960,3624,38584,773
2021-11-29,Inyo,027,18085,2553,2529,41,2570,46
2021-11-29,Kern,029,883053,132581,131362,23930,155292,1789
2021-11-29,Kings,031,150075,33490,33059,2052,35111,363
2021-11-29,Lake,033,64148,6932,6889,159,7048,110
2021-11-29,Lassen,035,31185,7061,7003,419,7422,51
2021-11-29,Los Angeles,037,10098052,1469740,1459446,56764,1516210,26889
2021-11-29,Madera,039,155013,24337,24069,2306,26375,307
2021-11-29,Marin,041,260295,18195,17980,513,18493,249
2021-11-29,Mariposa,043,17540,1435,1409,61,1470,6
2021-11-29,Mendocino,045,87422,8106,7954,665,8619,89
2021-11-29,Merced,047,269075,43362,43167,2114,45281,667
2021-11-29,Modoc,049,8938,596,569,203,772,5
2021-11-29,Mono,051,14174,1890,1859,23,1882,4
2021-11-29,Monterey,053,433212,49835,48548,3222,51770,626
2021-11-29,Napa,055,140530,13375,13304,120,13424,104
2021-11-29,Nevada,057,99092,9829,9689,347,10036,105
2021-11-29,Orange,059,3164182,314849,312203,16064,328267,5709
2021-11-29,Placer,061,380077,38766,38261,3889,42150,470
2021-11-29,Plumas,063,18699,1937,1884,45,1929,7
2021-11-29,Riverside,065,2383286,375318,370334,16816,387150,5358
2021-11-29,Sacramento,067,1510023,164601,163282,4937,168219,2342
2021-11-29,San Benito,069,59416,7681,7631,183,7814,77
2021-11-29,San Bernardino,071,2135413,366210,362694,11671,374365,5962
2021-11-29,San Diego,073,3302833,388378,384853,22582,407435,4335
2021-11-29,San Francisco,075,870044,54799,54125,2448,56573,669
2021-11-29,San Joaquin,077,732212,102761,101927,5670,107597,1834
2021-11-29,San Luis Obispo,079,281455,30642,30165,1328,31493,359
2021-11-29,San Mateo,081,765935,55823,54622,958,55580,579
2021-11-29,Santa Barbara,083,443738,45917,45576,1682,47258,549
2021-11-29,Santa Clara,085,1922200,152253,150620,1560,152180,1925
2021-11-29,Santa Cruz,087,273765,21432,21149,1040,22189,224
2021-11-29,Shasta,089,179085,22528,22315,3718,26033,399
2021-11-29,Sierra,091,2930,197,195,21,216,0
2021-11-29,Siskiyou,093,43540,3451,3374,1353,4727,55
2021-11-29,Solano,095,438530,47143,46412,1349,47761,357
2021-11-29,Sonoma,097,501317,43025,42624,566,43190,405
2021-11-29,Stanislaus,099,539301,81072,81227,9234,90461,1223
2021-11-29,Sutter,101,95872,14280,14204,391,14595,186
2021-11-29,Tehama,103,63373,8807,8720,1552,10272,130
2021-11-29,Trinity,105,12862,897,798,227,1025,17
2021-11-29,Tulare,107,460477,70949,69850,16181,86031,1096
2021-11-29,Tuolumne,109,53932,7669,7627,110,7737,90
2021-11-29,Ventura,111,848112,100496,99520,4435,103955,1190
2021-11-29,Yolo,113,214977,20493,20344,1256,21600,257
2021-11-29,Yuba,115,75493,10465,10395,374,10769,89
2021-11-28,Alameda,001,1643700,122917,122082,2938,125020,1491
2021-11-28,Alpine,003,1148,105,108,0,108,0
2021-11-28,Amador,005,37829,5746,5703,70,5773,66
2021-11-28,Butte,007,227075,21752,21530,3911,25441,313
2021-11-28,Calaveras,009,45235,4383,4350,62,4412,88
2021-11-28,Colusa,011,21464,2614,2586,673,3259,19
2021-11-28,Contra Costa,013,1133247,102109,101355,2327,103682,1046
2021-11-28,Del Norte,015,27424,3769,3703,56,3759,42
2021-11-28,El Dorado,017,186661,16750,16527,1764,18291,166
2021-11-28,Fresno,019,978130,145678,144164,13259,157423,2252
2021-11-28,Glenn,021,27897,3588,3547,1039,4586,36
2021-11-28,Humboldt,023,135768,9612,9499,662,10161,115
2021-11-28,Imperial,025,180216,35334,34929,3600,38529,773
2021-11-28,Inyo,027,18085,2546,2531,41,2572,46
2021-11-28,Kern,029,883053,132372,131279,23873,155152,1789
2021-11-28,Kings,031,150075,33416,33057,2045,35102,364
2021-11-28,Lake,033,64148,6922,6885,158,7043,110
2021-11-28,Lassen,035,31185,7053,7002,415,7417,51
2021-11-28,Los Angeles,037,10098052,1467562,1458646,56676,1515322,26878
2021-11-28,Madera,039,155013,24289,24055,2299,26354,307
2021-11-28,Marin,041,260295,18146,17962,509,18471,249
2021-11-28,Mariposa,043,17540,1431,1406,61,1467,6
2021-11-28,Mendocino,045,87422,8076,7943,660,8603,89
2021-11-28,Merced,047,269075,43296,43166,2099,45265,667
2021-11-28,Modoc,049,8938,595,569,203,772,5
2021-11-28,Mono,051,14174,1884,1841,23,1864,4
2021-11-28,Monterey,053,433212,49770,48537,3203,51740,626
2021-11-28,Napa,055,140530,13362,13303,120,13423,104
2021-11-28,Nevada,057,99092,9802,9684,346,10030,105
2021-11-28,Orange,059,3164182,314465,312028,16021,328049,5693
2021-11-28,Placer,061,380077,38685,38240,3870,42110,470
2021-11-28,Plumas,063,18699,1931,1884,44,1928,7
2021-11-28,Riverside,065,2383286,374660,370051,16794,386845,5358
2021-11-28,Sacramento,067,1510023,164245,163170,4914,168084,2335
2021-11-28,San Benito,069,59416,7662,7623,182,7805,77
2021-11-28,San Bernardino,071,2135413,365491,362407,11643,374050,5958
2021-11-28,San Diego,073,3302833,387487,383025,22518,405543,4325
2021-11-28,San Francisco,075,870044,54723,54082,2443,56525,669
2021-11-28,San Joaquin,077,732212,102580,101895,5653,107548,1834
2021-11-28,San Luis Obispo,079,281455,30578,30152,1324,31476,358
2021-11-28,San Mateo,081,765935,55729,54567,954,55521,579
2021-11-28,Santa Barbara,083,443738,45838,45551,1671,47222,549
2021-11-28,Santa Clara,085,1922200,151950,150436,1545,151981,1920
2021-11-28,Santa Cruz,087,273765,21361,21110,1039,22149,224
2021-11-28,Shasta,089,179085,22488,22316,3716,26032,400
2021-11-28,Sierra,091,2930,197,195,21,216,0
2021-11-28,Siskiyou,093,43540,3445,3372,1349,4721,55
2021-11-28,Solano,095,438530,47081,46385,1348,47733,356
2021-11-28,Sonoma,097,501317,42939,42583,563,43146,405
2021-11-28,Stanislaus,099,539301,80954,81181,9214,90395,1223
2021-11-28,Sutter,101,95872,14258,14192,385,14577,186
2021-11-28,Tehama,103,63373,8799,8720,1548,10268,130
2021-11-28,Trinity,105,12862,896,797,227,1024,17
2021-11-28,Tulare,107,460477,70852,69833,16127,85960,1095
2021-11-28,Tuolumne,109,53932,7648,7620,110,7730,90
2021-11-28,Ventura,111,848112,100340,99486,4424,103910,1190
2021-11-28,Yolo,113,214977,20450,20333,1255,21588,257
2021-11-28,Yuba,115,75493,10447,10391,372,10763,89
2021-11-27,Alameda,001,1643700,122821,121618,2935,124553,1477
2021-11-27,Alpine,003,1148,105,106,0,106,0
2021-11-27,Amador,005,37829,5745,5670,70,5740,66
2021-11-27,Butte,007,227075,21729,21384,3906,25290,309
2021-11-27,Calaveras,009,45235,4377,4294,62,4356,85
2021-11-27,Colusa,011,21464,2613,2568,671,3239,19
2021-11-27,Contra Costa,013,1133247,102023,100961,2326,103287,1045
2021-11-27,Del Norte,015,27424,3762,3661,56,3717,42
2021-11-27,El Dorado,017,186661,16715,16399,1763,18162,161
2021-11-27,Fresno,019,978130,145567,143386,13253,156639,2246
2021-11-27,Glenn,021,27897,3584,3532,1038,4570,36
2021-11-27,Humboldt,023,135768,9584,9399,660,10059,115
2021-11-27,Imperial,025,180216,35251,34611,3584,38195,769
2021-11-27,Inyo,027,18085,2543,2506,41,2547,45
2021-11-27,Kern,029,883053,132288,130245,23844,154089,1773
2021-11-27,Kings,031,150075,33393,32891,2042,34933,358
2021-11-27,Lake,033,64148,6919,6836,157,6993,110
2021-11-27,Lassen,035,31185,7051,6959,414,7373,47
2021-11-27,Los Angeles,037,10098052,1466553,1454495,56606,1511101,26817
2021-11-27,Madera,039,155013,24269,23880,2294,26174,296
2021-11-27,Marin,041,260295,18108,17857,504,18361,248
2021-11-27,Mariposa,043,17540,1429,1374,61,1435,6
2021-11-27,Mendocino,045,87422,8057,7871,660,8531,89
2021-11-27,Merced,047,269075,43261,42921,2096,45017,664
2021-11-27,Modoc,049,8938,593,551,203,754,5
2021-11-27,Mono,051,14174,1882,1810,23,1833,4
2021-11-27,Monterey,053,433212,49737,48400,3189,51589,625
2021-11-27,Napa,055,140530,13348,13256,120,13376,104
2021-11-27,Nevada,057,99092,9780,9584,345,9929,103
2021-11-27,Orange,059,3164182,314213,310809,15984,326793,5665
2021-11-27,Placer,061,380077,38624,38001,3864,41865,468
2021-11-27,Plumas,063,18699,1927,1860,44,1904,7
2021-11-27,Riverside,065,2383286,374302,367601,16787,384388,5306
2021-11-27,Sacramento,067,1510023,164088,162328,4911,167239,2335
2021-11-27,San Benito,069,59416,7645,7575,182,7757,77
2021-11-27,San Bernardino,071,2135413,365059,360033,11634,371667,5932
2021-11-27,San Diego,073,3302833,386985,382634,22492,405126,4319
2021-11-27,San Francisco,075,870044,54673,53830,2440,56270,669
2021-11-27,San Joaquin,077,732212,102513,101368,5650,107018,1833
2021-11-27,San Luis Obispo,079,281455,30543,29983,1320,31303,358
2021-11-27,San Mateo,081,765935,55672,54360,951,55311,577
2021-11-27,Santa Barbara,083,443738,45784,45318,1669,46987,548
2021-11-27,Santa Clara,085,1922200,151743,149700,1538,151238,1922
2021-11-27,Santa Cruz,087,273765,21321,20929,1036,21965,222
2021-11-27,Shasta,089,179085,22465,22151,3715,25866,396
2021-11-27,Sierra,091,2930,196,194,21,215,0
2021-11-27,Siskiyou,093,43540,3442,3336,1347,4683,54
2021-11-27,Solano,095,438530,47045,46163,1345,47508,356
2021-11-27,Sonoma,097,501317,42876,42368,563,42931,405
2021-11-27,Stanislaus,099,539301,80886,80782,9196,89978,1220
2021-11-27,Sutter,101,95872,14250,14127,384,14511,181
2021-11-27,Tehama,103,63373,8797,8675,1547,10222,129
2021-11-27,Trinity,105,12862,896,789,227,1016,17
2021-11-27,Tulare,107,460477,70800,69377,16111,85488,1082
2021-11-27,Tuolumne,109,53932,7635,7574,110,7684,90
2021-11-27,Ventura,111,848112,100267,99163,4416,103579,1188
2021-11-27,Yolo,113,214977,20429,20237,1246,21483,257
2021-11-27,Yuba,115,75493,10437,10335,372,10707,88
2021-11-26,Alameda,001,1643700,122709,121618,2933,124551,1477
2021-11-26,Alpine,003,1148,105,106,0,106,0
2021-11-26,Amador,005,37829,5741,5670,70,5740,66
2021-11-26,Butte,007,227075,21706,21384,3901,25285,309
2021-11-26,Calaveras,009,45235,4368,4294,62,4356,85
2021-11-26,Colusa,011,21464,2611,2568,670,3238,19
2021-11-26,Contra Costa,013,1133247,101936,100961,2322,103283,1045
2021-11-26,Del Norte,015,27424,3759,3661,56,3717,42
2021-11-26,El Dorado,017,186661,16698,16399,1760,18159,161
2021-11-26,Fresno,019,978130,145435,143386,13242,156628,2246
2021-11-26,Glenn,021,27897,3582,3532,1038,4570,36
2021-11-26,Humboldt,023,135768,9565,9399,656,10055,115
2021-11-26,Imperial,025,180216,35194,34611,3571,38182,769
2021-11-26,Inyo,027,18085,2543,2506,41,2547,45
2021-11-26,Kern,029,883053,132205,130245,23800,154045,1773
2021-11-26,Kings,031,150075,33369,32891,2040,34931,358
2021-11-26,Lake,033,64148,6917,6836,157,6993,110
2021-11-26,Lassen,035,31185,7045,6959,414,7373,47
2021-11-26,Los Angeles,037,10098052,1465701,1454495,56543,1511038,26817
2021-11-26,Madera,039,155013,24242,23880,2292,26172,296
2021-11-26,Marin,041,260295,18079,17857,504,18361,248
2021-11-26,Mariposa,043,17540,1423,1374,60,1434,6
2021-11-26,Mendocino,045,87422,8047,7871,660,8531,89
2021-11-26,Merced,047,269075,43231,42921,2091,45012,664
2021-11-26,Modoc,049,8938,591,551,203,754,5
2021-11-26,Mono,051,14174,1871,1810,23,1833,4
2021-11-26,Monterey,053,433212,49693,48400,3182,51582,625
2021-11-26,Napa,055,140530,13332,13256,120,13376,104
2021-11-26,Nevada,057,99092,9769,9584,345,9929,103
2021-11-26,Orange,059,3164182,313943,310809,15952,326761,5665
2021-11-26,Placer,061,380077,38579,38001,3856,41857,468
2021-11-26,Plumas,063,18699,1922,1860,44,1904,7
2021-11-26,Riverside,065,2383286,373901,367601,16780,384381,5306
2021-11-26,Sacramento,067,1510023,163976,162328,4906,167234,2335
2021-11-26,San Benito,069,59416,7637,7575,182,7757,77
2021-11-26,San Bernardino,071,2135413,364627,360033,11627,371660,5932
2021-11-26,San Diego,073,3302833,386428,382634,22480,405114,4319
2021-11-26,San Francisco,075,870044,54625,53830,2438,56268,669
2021-11-26,San Joaquin,077,732212,102456,101368,5649,107017,1833
2021-11-26,San Luis Obispo,079,281455,30501,29983,1317,31300,358
2021-11-26,San Mateo,081,765935,55609,54360,950,55310,577
2021-11-26,Santa Barbara,083,443738,45737,45318,1668,46986,548
2021-11-26,Santa Clara,085,1922200,151575,149700,1530,151230,1922
2021-11-26,Santa Cruz,087,273765,21281,20929,1036,21965,222
2021-11-26,Shasta,089,179085,22446,22151,3713,25864,396
2021-11-26,Sierra,091,2930,196,194,21,215,0
2021-11-26,Siskiyou,093,43540,3439,3336,1346,4682,54
2021-11-26,Solano,095,438530,47004,46163,1344,47507,356
2021-11-26,Sonoma,097,501317,42825,42368,561,42929,405
2021-11-26,Stanislaus,099,539301,80813,80782,9185,89967,1220
2021-11-26,Sutter,101,95872,14237,14127,383,14510,181
2021-11-26,Tehama,103,63373,8795,8675,1546,10221,129
2021-11-26,Trinity,105,12862,895,789,227,1016,17
2021-11-26,Tulare,107,460477,70754,69377,16079,85456,1082
2021-11-26,Tuolumne,109,53932,7625,7574,110,7684,90
2021-11-26,Ventura,111,848112,100187,99163,4411,103574,1188
2021-11-26,Yolo,113,214977,20410,20237,1238,21475,257
2021-11-26,Yuba,115,75493,10431,10335,372,10707,88
2021-11-25,Alameda,001,1643700,122601,121618,2928,124546,1477
2021-11-25,Alpine,003,1148,105,106,0,106,0
2021-11-25,Amador,005,37829,5733,5670,70,5740,66
2021-11-25,Butte,007,227075,21688,21384,3899,25283,309
2021-11-25,Calaveras,009,45235,4363,4294,62,4356,85
2021-11-25,Colusa,011,21464,2608,2568,668,3236,19
2021-11-25,Contra Costa,013,1133247,101832,100961,2318,103279,1045
2021-11-25,Del Norte,015,27424,3754,3661,56,3717,42
2021-11-25,El Dorado,017,186661,16679,16399,1759,18158,161
2021-11-25,Fresno,019,978130,145300,143386,13233,156619,2246
2021-11-25,Glenn,021,27897,3581,3532,1037,4569,36
2021-11-25,Humboldt,023,135768,9546,9399,653,10052,115
2021-11-25,Imperial,025,180216,35149,34611,3559,38170,769
2021-11-25,Inyo,027,18085,2541,2506,41,2547,45
2021-11-25,Kern,029,883053,132107,130245,23754,153999,1773
2021-11-25,Kings,031,150075,33341,32891,2039,34930,358
2021-11-25,Lake,033,64148,6910,6836,157,6993,110
2021-11-25,Lassen,035,31185,7043,6959,413,7372,47
2021-11-25,Los Angeles,037,10098052,1464718,1454495,56485,1510980,26817
2021-11-25,Madera,039,155013,24207,23880,2291,26171,296
2021-11-25,Marin,041,260295,18052,17857,499,18356,248
2021-11-25,Mariposa,043,17540,1420,1374,60,1434,6
2021-11-25,Mendocino,045,87422,8029,7871,660,8531,89
2021-11-25,Merced,047,269075,43192,42921,2085,45006,664
2021-11-25,Modoc,049,8938,590,551,203,754,5
2021-11-25,Mono,051,14174,1860,1810,23,1833,4
2021-11-25,Monterey,053,433212,49648,48400,3173,51573,625
2021-11-25,Napa,055,140530,13324,13256,120,13376,104
2021-11-25,Nevada,057,99092,9750,9584,342,9926,103
2021-11-25,Orange,059,3164182,313680,310809,15920,326729,5665
2021-11-25,Placer,061,380077,38533,38001,3850,41851,468
2021-11-25,Plumas,063,18699,1920,1860,44,1904,7
2021-11-25,Riverside,065,2383286,373487,367601,16773,384374,5306
2021-11-25,Sacramento,067,1510023,163796,162328,4900,167228,2335
2021-11-25,San Benito,069,59416,7630,7575,182,7757,77
2021-11-25,San Bernardino,071,2135413,364234,360033,11610,371643,5932
2021-11-25,San Diego,073,3302833,385981,382634,22461,405095,4319
2021-11-25,San Francisco,075,870044,54575,53830,2435,56265,669
2021-11-25,San Joaquin,077,732212,102372,101368,5645,107013,1833
2021-11-25,San Luis Obispo,079,281455,30471,29983,1315,31298,358
2021-11-25,San Mateo,081,765935,55560,54360,948,55308,577
2021-11-25,Santa Barbara,083,443738,45698,45318,1666,46984,548
2021-11-25,Santa Clara,085,1922200,151418,149700,1525,151225,1922
2021-11-25,Santa Cruz,087,273765,21248,20929,1036,21965,222
2021-11-25,Shasta,089,179085,22420,22151,3713,25864,396
2021-11-25,Sierra,091,2930,196,194,21,215,0
2021-11-25,Siskiyou,093,43540,3436,3336,1346,4682,54
2021-11-25,Solano,095,438530,46967,46163,1343,47506,356
2021-11-25,Sonoma,097,501317,42768,42368,557,42925,405
2021-11-25,Stanislaus,099,539301,80749,80782,9171,89953,1220
2021-11-25,Sutter,101,95872,14221,14127,382,14509,181
2021-11-25,Tehama,103,63373,8787,8675,1546,10221,129
2021-11-25,Trinity,105,12862,895,789,227,1016,17
2021-11-25,Tulare,107,460477,70687,69377,16052,85429,1082
2021-11-25,Tuolumne,109,53932,7613,7574,110,7684,90
2021-11-25,Ventura,111,848112,100120,99163,4408,103571,1188
2021-11-25,Yolo,113,214977,20380,20237,1233,21470,257
2021-11-25,Yuba,115,75493,10422,10335,371,10706,88
2021-11-24,Alameda,001,1643700,122537,121618,2924,124542,1477
2021-11-24,Alpine,003,1148,105,106,0,106,0
2021-11-24,Amador,005,37829,5723,5670,70,5740,66
2021-11-24,Butte,007,227075,21673,21384,3898,25282,309
2021-11-24,Calaveras,009,45235,4356,4294,62,4356,85
2021-11-24,Colusa,011,21464,2608,2568,667,3235,19
2021-11-24,Contra Costa,013,1133247,101795,100961,2315,103276,1045
2021-11-24,Del Norte,015,27424,3751,3661,56,3717,42
2021-11-24,El Dorado,017,186661,16667,16399,1758,18157,161
2021-11-24,Fresno,019,978130,145246,143386,13233,156619,2246
2021-11-24,Glenn,021,27897,3576,3532,1036,4568,36
2021-11-24,Humboldt,023,135768,9531,9399,653,10052,115
2021-11-24,Imperial,025,180216,35121,34611,3553,38164,769
2021-11-24,Inyo,027,18085,2538,2506,41,2547,45
2021-11-24,Kern,029,883053,132045,130245,23742,153987,1773
2021-11-24,Kings,031,150075,33327,32891,2037,34928,358
2021-11-24,Lake,033,64148,6906,6836,157,6993,110
2021-11-24,Lassen,035,31185,7043,6959,413,7372,47
2021-11-24,Los Angeles,037,10098052,1464228,1454495,56441,1510936,26817
2021-11-24,Madera,039,155013,24184,23880,2285,26165,296
2021-11-24,Marin,041,260295,18040,17857,497,18354,248
2021-11-24,Mariposa,043,17540,1420,1374,60,1434,6
2021-11-24,Mendocino,045,87422,8017,7871,660,8531,89
2021-11-24,Merced,047,269075,43160,42921,2082,45003,664
2021-11-24,Modoc,049,8938,590,551,203,754,5
2021-11-24,Mono,051,14174,1857,1810,23,1833,4
2021-11-24,Monterey,053,433212,49635,48400,3171,51571,625
2021-11-24,Napa,055,140530,13320,13256,120,13376,104
2021-11-24,Nevada,057,99092,9735,9584,342,9926,103
2021-11-24,Orange,059,3164182,313524,310809,15905,326714,5665
2021-11-24,Placer,061,380077,38500,38001,3848,41849,468
2021-11-24,Plumas,063,18699,1918,1860,44,1904,7
2021-11-24,Riverside,065,2383286,373307,367601,16767,384368,5306
2021-11-24,Sacramento,067,1510023,163724,162328,4900,167228,2335
2021-11-24,San Benito,069,59416,7628,7575,182,7757,77
2021-11-24,San Bernardino,071,2135413,364024,360033,11599,371632,5932
2021-11-24,San Diego,073,3302833,385725,382634,22448,405082,4319
2021-11-24,San Francisco,075,870044,54544,53830,2433,56263,669
2021-11-24,San Joaquin,077,732212,102331,101368,5642,107010,1833
2021-11-24,San Luis Obispo,079,281455,30452,29983,1315,31298,358
2021-11-24,San Mateo,081,765935,55530,54360,947,55307,577
2021-11-24,Santa Barbara,083,443738,45671,45318,1666,46984,548
2021-11-24,Santa Clara,085,1922200,151322,149700,1524,151224,1922
2021-11-24,Santa Cruz,087,273765,21225,20929,1035,21964,222
2021-11-24,Shasta,089,179085,22409,22151,3710,25861,396
2021-11-24,Sierra,091,2930,196,194,21,215,0
2021-11-24,Siskiyou,093,43540,3433,3336,1346,4682,54
2021-11-24,Solano,095,438530,46939,46163,1341,47504,356
2021-11-24,Sonoma,097,501317,42736,42368,555,42923,405
2021-11-24,Stanislaus,099,539301,80712,80782,9166,89948,1220
2021-11-24,Sutter,101,95872,14208,14127,380,14507,181
2021-11-24,Tehama,103,63373,8784,8675,1545,10220,129
2021-11-24,Trinity,105,12862,895,789,227,1016,17
2021-11-24,Tulare,107,460477,70663,69377,16033,85410,1082
2021-11-24,Tuolumne,109,53932,7609,7574,110,7684,90
2021-11-24,Ventura,111,848112,100085,99163,4404,103567,1188
2021-11-24,Yolo,113,214977,20372,20237,1232,21469,257
2021-11-24,Yuba,115,75493,10418,10335,370,10705,88
2021-11-23,Alameda,001,1643700,122419,121618,2917,124535,1477
2021-11-23,Alpine,003,1148,105,106,0,106,0
2021-11-23,Amador,005,37829,5716,5670,70,5740,66
2021-11-23,Butte,007,227075,21644,21384,3894,25278,309
2021-11-23,Calaveras,009,45235,4350,4294,61,4355,85
2021-11-23,Colusa,011,21464,2604,2568,665,3233,19
2021-11-23,Contra Costa,013,1133247,101687,100961,2313,103274,1045
2021-11-23,Del Norte,015,27424,3748,3661,56,3717,42
2021-11-23,El Dorado,017,186661,16635,16399,1755,18154,161
2021-11-23,Fresno,019,978130,145110,143386,13223,156609,2246
2021-11-23,Glenn,021,27897,3571,3532,1036,4568,36
2021-11-23,Humboldt,023,135768,9509,9399,650,10049,115
2021-11-23,Imperial,025,180216,35052,34611,3534,38145,769
2021-11-23,Inyo,027,18085,2534,2506,41,2547,45
2021-11-23,Kern,029,883053,131937,130245,23693,153938,1773
2021-11-23,Kings,031,150075,33286,32891,2036,34927,358
2021-11-23,Lake,033,64148,6901,6836,157,6993,110
2021-11-23,Lassen,035,31185,7039,6959,410,7369,47
2021-11-23,Los Angeles,037,10098052,1463206,1454495,56374,1510869,26817
2021-11-23,Madera,039,155013,24158,23880,2283,26163,296
2021-11-23,Marin,041,260295,18009,17857,493,18350,248
2021-11-23,Mariposa,043,17540,1417,1374,60,1434,6
2021-11-23,Mendocino,045,87422,7996,7871,657,8528,89
2021-11-23,Merced,047,269075,43122,42921,2081,45002,664
2021-11-23,Modoc,049,8938,588,551,203,754,5
2021-11-23,Mono,051,14174,1843,1810,23,1833,4
2021-11-23,Monterey,053,433212,49599,48400,3165,51565,625
2021-11-23,Napa,055,140530,13311,13256,120,13376,104
2021-11-23,Nevada,057,99092,9706,9584,341,9925,103
2021-11-23,Orange,059,3164182,313274,310809,15869,326678,5665
2021-11-23,Placer,061,380077,38442,38001,3831,41832,468
2021-11-23,Plumas,063,18699,1914,1860,44,1904,7
2021-11-23,Riverside,065,2383286,372924,367601,16754,384355,5306
2021-11-23,Sacramento,067,1510023,163539,162328,4889,167217,2335
2021-11-23,San Benito,069,59416,7619,7575,180,7755,77
2021-11-23,San Bernardino,071,2135413,363609,360033,11584,371617,5932
2021-11-23,San Diego,073,3302833,385234,382634,22425,405059,4319
2021-11-23,San Francisco,075,870044,54484,53830,2430,56260,669
2021-11-23,San Joaquin,077,732212,102222,101368,5631,106999,1833
2021-11-23,San Luis Obispo,079,281455,30417,29983,1312,31295,358
2021-11-23,San Mateo,081,765935,55481,54360,946,55306,577
2021-11-23,Santa Barbara,083,443738,45618,45318,1666,46984,548
2021-11-23,Santa Clara,085,1922200,151110,149700,1512,151212,1922
2021-11-23,Santa Cruz,087,273765,21187,20929,1035,21964,222
2021-11-23,Shasta,089,179085,22373,22151,3708,25859,396
2021-11-23,Sierra,091,2930,196,194,21,215,0
2021-11-23,Siskiyou,093,43540,3428,3336,1345,4681,54
2021-11-23,Solano,095,438530,46885,46163,1337,47500,356
2021-11-23,Sonoma,097,501317,42685,42368,552,42920,405
2021-11-23,Stanislaus,099,539301,80643,80782,9153,89935,1220
2021-11-23,Sutter,101,95872,14192,14127,379,14506,181
2021-11-23,Tehama,103,63373,8771,8675,1544,10219,129
2021-11-23,Trinity,105,12862,894,789,227,1016,17
2021-11-23,Tulare,107,460477,70616,69377,16003,85380,1082
2021-11-23,Tuolumne,109,53932,7597,7574,110,7684,90
2021-11-23,Ventura,111,848112,100002,99163,4398,103561,1188
2021-11-23,Yolo,113,214977,20351,20237,1224,21461,257
2021-11-23,Yuba,115,75493,10406,10335,370,10705,88
2021-11-22,Alameda,001,1643700,122308,121566,2914,124480,1475
2021-11-22,Alpine,003,1148,105,106,0,106,0
2021-11-22,Amador,005,37829,5703,5670,70,5740,66
2021-11-22,Butte,007,227075,21605,21363,3888,25251,305
2021-11-22,Calaveras,009,45235,4338,4294,61,4355,84
2021-11-22,Colusa,011,21464,2601,2565,665,3230,19
2021-11-22,Contra Costa,013,1133247,101598,100877,2308,103185,1045
2021-11-22,Del Norte,015,27424,3745,3659,56,3715,42
2021-11-22,El Dorado,017,186661,16612,16378,1752,18130,161
2021-11-22,Fresno,019,978130,144976,143290,13215,156505,2243
2021-11-22,Glenn,021,27897,3566,3530,1035,4565,36
2021-11-22,Humboldt,023,135768,9483,9389,645,10034,115
2021-11-22,Imperial,025,180216,34991,34562,3520,38082,766
2021-11-22,Inyo,027,18085,2528,2501,41,2542,44
2021-11-22,Kern,029,883053,131775,130091,23642,153733,1762
2021-11-22,Kings,031,150075,33250,32867,2031,34898,358
2021-11-22,Lake,033,64148,6896,6837,157,6994,110
2021-11-22,Lassen,035,31185,7038,6954,409,7363,47
2021-11-22,Los Angeles,037,10098052,1462134,1453945,56293,1510238,26800
2021-11-22,Madera,039,155013,24124,23872,2275,26147,296
2021-11-22,Marin,041,260295,17978,17842,491,18333,248
2021-11-22,Mariposa,043,17540,1413,1372,60,1432,6
2021-11-22,Mendocino,045,87422,7980,7859,656,8515,89
2021-11-22,Merced,047,269075,43071,42898,2070,44968,660
2021-11-22,Modoc,049,8938,587,551,203,754,5
2021-11-22,Mono,051,14174,1836,1809,23,1832,4
2021-11-22,Monterey,053,433212,49572,48374,3161,51535,611
2021-11-22,Napa,055,140530,13303,13255,119,13374,104
2021-11-22,Nevada,057,99092,9689,9575,339,9914,96
2021-11-22,Orange,059,3164182,313034,310654,15843,326497,5663
2021-11-22,Placer,061,380077,38397,37956,3823,41779,465
2021-11-22,Plumas,063,18699,1911,1858,44,1902,7
2021-11-22,Riverside,065,2383286,372487,367301,16745,384046,5283
2021-11-22,Sacramento,067,1510023,163347,162222,4880,167102,2328
2021-11-22,San Benito,069,59416,7599,7567,180,7747,77
2021-11-22,San Bernardino,071,2135413,363198,359851,11574,371425,5916
2021-11-22,San Diego,073,3302833,384738,382132,22401,404533,4317
2021-11-22,San Francisco,075,870044,54392,53778,2424,56202,669
2021-11-22,San Joaquin,077,732212,102097,101299,5626,106925,1833
2021-11-22,San Luis Obispo,079,281455,30391,29963,1309,31272,358
2021-11-22,San Mateo,081,765935,55424,54330,944,55274,577
2021-11-22,Santa Barbara,083,443738,45542,45279,1666,46945,546
2021-11-22,Santa Clara,085,1922200,150925,149541,1502,151043,1919
2021-11-22,Santa Cruz,087,273765,21146,20891,1035,21926,222
2021-11-22,Shasta,089,179085,22359,22116,3703,25819,393
2021-11-22,Sierra,091,2930,196,193,21,214,0
2021-11-22,Siskiyou,093,43540,3423,3336,1343,4679,54
2021-11-22,Solano,095,438530,46836,46153,1335,47488,356
2021-11-22,Sonoma,097,501317,42624,42344,551,42895,404
2021-11-22,Stanislaus,099,539301,80555,80718,9143,89861,1209
2021-11-22,Sutter,101,95872,14176,14125,377,14502,181
2021-11-22,Tehama,103,63373,8764,8669,1539,10208,127
2021-11-22,Trinity,105,12862,893,785,227,1012,17
2021-11-22,Tulare,107,460477,70553,69314,15966,85280,1075
2021-11-22,Tuolumne,109,53932,7582,7567,110,7677,90
2021-11-22,Ventura,111,848112,99936,99114,4395,103509,1186
2021-11-22,Yolo,113,214977,20328,20227,1222,21449,257
2021-11-22,Yuba,115,75493,10397,10332,369,10701,88
2021-11-21,Alameda,001,1643700,122175,121443,2910,124353,1475
2021-11-21,Alpine,003,1148,103,106,0,106,0
2021-11-21,Amador,005,37829,5698,5662,69,5731,66
2021-11-21,Butte,007,227075,21564,21342,3883,25225,306
2021-11-21,Calaveras,009,45235,4329,4287,61,4348,84
2021-11-21,Colusa,011,21464,2597,2562,664,3226,19
2021-11-21,Contra Costa,013,1133247,101495,100807,2302,103109,1045
2021-11-21,Del Norte,015,27424,3741,3659,56,3715,42
2021-11-21,El Dorado,017,186661,16585,16370,1746,18116,161
2021-11-21,Fresno,019,978130,144805,143203,13195,156398,2242
2021-11-21,Glenn,021,27897,3562,3529,1035,4564,36
2021-11-21,Humboldt,023,135768,9460,9378,644,10022,115
2021-11-21,Imperial,025,180216,34903,34527,3509,38036,766
2021-11-21,Inyo,027,18085,2521,2501,41,2542,44
2021-11-21,Kern,029,883053,131611,130020,23596,153616,1762
2021-11-21,Kings,031,150075,33212,32843,2027,34870,356
2021-11-21,Lake,033,64148,6889,6834,157,6991,110
2021-11-21,Lassen,035,31185,7029,6953,409,7362,47
2021-11-21,Los Angeles,037,10098052,1461066,1453181,56235,1509416,26793
2021-11-21,Madera,039,155013,24098,23856,2270,26126,296
2021-11-21,Marin,041,260295,17949,17829,488,18317,248
2021-11-21,Mariposa,043,17540,1412,1371,59,1430,6
2021-11-21,Mendocino,045,87422,7974,7846,653,8499,89
2021-11-21,Merced,047,269075,43016,42881,2066,44947,660
2021-11-21,Modoc,049,8938,583,551,203,754,5
2021-11-21,Mono,051,14174,1826,1799,22,1821,4
2021-11-21,Monterey,053,433212,49526,48358,3152,51510,611
2021-11-21,Napa,055,140530,13290,13250,119,13369,104
2021-11-21,Nevada,057,99092,9663,9556,338,9894,96
2021-11-21,Orange,059,3164182,312776,310477,15810,326287,5663
2021-11-21,Placer,061,380077,38315,37929,3822,41751,465
2021-11-21,Plumas,063,18699,1910,1858,44,1902,7
2021-11-21,Riverside,065,2383286,371995,367093,16737,383830,5283
2021-11-21,Sacramento,067,1510023,163129,162087,4870,166957,2327
2021-11-21,San Benito,069,59416,7585,7563,179,7742,77
2021-11-21,San Bernardino,071,2135413,362711,359621,11539,371160,5912
2021-11-21,San Diego,073,3302833,384200,380747,22376,403123,4317
2021-11-21,San Francisco,075,870044,54323,53741,2419,56160,669
2021-11-21,San Joaquin,077,732212,101992,101264,5613,106877,1833
2021-11-21,San Luis Obispo,079,281455,30353,29948,1309,31257,358
2021-11-21,San Mateo,081,765935,55372,54290,942,55232,577
2021-11-21,Santa Barbara,083,443738,45481,45237,1663,46900,546
2021-11-21,Santa Clara,085,1922200,150719,149387,1482,150869,1918
2021-11-21,Santa Cruz,087,273765,21102,20866,1033,21899,222
2021-11-21,Shasta,089,179085,22328,22112,3701,25813,393
2021-11-21,Sierra,091,2930,196,193,21,214,0
2021-11-21,Siskiyou,093,43540,3418,3333,1342,4675,54
2021-11-21,Solano,095,438530,46780,46122,1328,47450,356
2021-11-21,Sonoma,097,501317,42564,42298,550,42848,404
2021-11-21,Stanislaus,099,539301,80461,80687,9129,89816,1209
2021-11-21,Sutter,101,95872,14162,14111,377,14488,181
2021-11-21,Tehama,103,63373,8758,8669,1538,10207,127
2021-11-21,Trinity,105,12862,891,784,225,1009,17
2021-11-21,Tulare,107,460477,70469,69285,15926,85211,1075
2021-11-21,Tuolumne,109,53932,7574,7560,109,7669,90
2021-11-21,Ventura,111,848112,99845,99081,4391,103472,1186
2021-11-21,Yolo,113,214977,20300,20209,1219,21428,257
2021-11-21,Yuba,115,75493,10388,10326,369,10695,88
2021-11-20,Alameda,001,1643700,122081,121059,2903,123962,1473
2021-11-20,Alpine,003,1148,103,105,0,105,0
2021-11-20,Amador,005,37829,5692,5652,68,5720,66
2021-11-20,Butte,007,227075,21548,21265,3879,25144,300
2021-11-20,Calaveras,009,45235,4320,4268,61,4329,84
2021-11-20,Colusa,011,21464,2596,2549,663,3212,19
2021-11-20,Contra Costa,013,1133247,101418,100491,2298,102789,1043
2021-11-20,Del Norte,015,27424,3738,3637,56,3693,42
2021-11-20,El Dorado,017,186661,16563,16308,1744,18052,161
2021-11-20,Fresno,019,978130,144734,142579,13186,155765,2233
2021-11-20,Glenn,021,27897,3561,3526,1034,4560,35
2021-11-20,Humboldt,023,135768,9447,9302,642,9944,115
2021-11-20,Imperial,025,180216,34851,34312,3503,37815,766
2021-11-20,Inyo,027,18085,2520,2467,41,2508,44
2021-11-20,Kern,029,883053,131511,129488,23559,153047,1750
2021-11-20,Kings,031,150075,33202,32720,2027,34747,354
2021-11-20,Lake,033,64148,6886,6808,157,6965,110
2021-11-20,Lassen,035,31185,7028,6931,409,7340,47
2021-11-20,Los Angeles,037,10098052,1460447,1448963,56187,1505150,26741
2021-11-20,Madera,039,155013,24086,23720,2266,25986,296
2021-11-20,Marin,041,260295,17934,17774,488,18262,248
2021-11-20,Mariposa,043,17540,1411,1354,59,1413,6
2021-11-20,Mendocino,045,87422,7966,7773,653,8426,89
2021-11-20,Merced,047,269075,42990,42692,2066,44758,656
2021-11-20,Modoc,049,8938,582,550,203,753,5
2021-11-20,Mono,051,14174,1820,1767,22,1789,4
2021-11-20,Monterey,053,433212,49512,48260,3144,51404,609
2021-11-20,Napa,055,140530,13287,13184,119,13303,103
2021-11-20,Nevada,057,99092,9647,9480,338,9818,92
2021-11-20,Orange,059,3164182,312578,309672,15793,325465,5658
2021-11-20,Placer,061,380077,38275,37800,3817,41617,462
2021-11-20,Plumas,063,18699,1906,1841,44,1885,7
2021-11-20,Riverside,065,2383286,371722,365809,16725,382534,5265
2021-11-20,Sacramento,067,1510023,163025,161533,4866,166399,2316
2021-11-20,San Benito,069,59416,7581,7533,179,7712,77
2021-11-20,San Bernardino,071,2135413,362440,358322,11528,369850,5897
2021-11-20,San Diego,073,3302833,383867,380147,22350,402497,4311
2021-11-20,San Francisco,075,870044,54285,53525,2418,55943,669
2021-11-20,San Joaquin,077,732212,101942,100922,5608,106530,1832
2021-11-20,San Luis Obispo,079,281455,30339,29815,1308,31123,355
2021-11-20,San Mateo,081,765935,55338,54132,941,55073,577
2021-11-20,Santa Barbara,083,443738,45449,45074,1663,46737,544
2021-11-20,Santa Clara,085,1922200,150612,148829,1481,150310,1917
2021-11-20,Santa Cruz,087,273765,21084,20756,1033,21789,222
2021-11-20,Shasta,089,179085,22304,21968,3700,25668,383
2021-11-20,Sierra,091,2930,196,191,21,212,0
2021-11-20,Siskiyou,093,43540,3415,3313,1342,4655,54
2021-11-20,Solano,095,438530,46759,46006,1328,47334,356
2021-11-20,Sonoma,097,501317,42533,42151,550,42701,403
2021-11-20,Stanislaus,099,539301,80415,80412,9125,89537,1205
2021-11-20,Sutter,101,95872,14154,14074,377,14451,181
2021-11-20,Tehama,103,63373,8753,8648,1538,10186,125
2021-11-20,Trinity,105,12862,887,771,225,996,17
2021-11-20,Tulare,107,460477,70430,69074,15904,84978,1054
2021-11-20,Tuolumne,109,53932,7565,7511,109,7620,90
2021-11-20,Ventura,111,848112,99796,98893,4384,103277,1186
2021-11-20,Yolo,113,214977,20292,20139,1215,21354,257
2021-11-20,Yuba,115,75493,10382,10290,368,10658,88
2021-11-19,Alameda,001,1643700,122005,121059,2900,123959,1473
2021-11-19,Alpine,003,1148,103,105,0,105,0
2021-11-19,Amador,005,37829,5682,5652,68,5720,66
2021-11-19,Butte,007,227075,21525,21265,3872,25137,300
2021-11-19,Calaveras,009,45235,4313,4268,61,4329,84
2021-11-19,Colusa,011,21464,2594,2549,662,3211,19
2021-11-19,Contra Costa,013,1133247,101360,100491,2293,102784,1043
2021-11-19,Del Norte,015,27424,3733,3637,56,3693,42
2021-11-19,El Dorado,017,186661,16542,16308,1742,18050,161
2021-11-19,Fresno,019,978130,144616,142579,13177,155756,2233
2021-11-19,Glenn,021,27897,3560,3526,1033,4559,35
2021-11-19,Humboldt,023,135768,9434,9302,639,9941,115
2021-11-19,Imperial,025,180216,34814,34312,3496,37808,766
2021-11-19,Inyo,027,18085,2516,2467,41,2508,44
2021-11-19,Kern,029,883053,131407,129488,23516,153004,1750
2021-11-19,Kings,031,150075,33176,32720,2025,34745,354
2021-11-19,Lake,033,64148,6883,6808,157,6965,110
2021-11-19,Lassen,035,31185,7024,6931,408,7339,47
2021-11-19,Los Angeles,037,10098052,1459764,1448963,56131,1505094,26741
2021-11-19,Madera,039,155013,24065,23720,2261,25981,296
2021-11-19,Marin,041,260295,17915,17774,486,18260,248
2021-11-19,Mariposa,043,17540,1409,1354,59,1413,6
2021-11-19,Mendocino,045,87422,7946,7773,653,8426,89
2021-11-19,Merced,047,269075,42964,42692,2065,44757,656
2021-11-19,Modoc,049,8938,581,550,203,753,5
2021-11-19,Mono,051,14174,1809,1767,22,1789,4
2021-11-19,Monterey,053,433212,49490,48260,3144,51404,609
2021-11-19,Napa,055,140530,13277,13184,118,13302,103
2021-11-19,Nevada,057,99092,9634,9480,338,9818,92
2021-11-19,Orange,059,3164182,312425,309672,15768,325440,5658
2021-11-19,Placer,061,380077,38238,37800,3813,41613,462
2021-11-19,Plumas,063,18699,1902,1841,44,1885,7
2021-11-19,Riverside,065,2383286,371448,365809,16721,382530,5265
2021-11-19,Sacramento,067,1510023,162901,161533,4862,166395,2316
2021-11-19,San Benito,069,59416,7575,7533,177,7710,77
2021-11-19,San Bernardino,071,2135413,362123,358322,11519,369841,5897
2021-11-19,San Diego,073,3302833,383466,380147,22324,402471,4311
2021-11-19,San Francisco,075,870044,54247,53525,2418,55943,669
2021-11-19,San Joaquin,077,732212,101885,100922,5604,106526,1832
2021-11-19,San Luis Obispo,079,281455,30321,29815,1306,31121,355
2021-11-19,San Mateo,081,765935,55290,54132,937,55069,577
2021-11-19,Santa Barbara,083,443738,45412,45074,1663,46737,544
2021-11-19,Santa Clara,085,1922200,150463,148829,1478,150307,1917
2021-11-19,Santa Cruz,087,273765,21057,20756,1030,21786,222
2021-11-19,Shasta,089,179085,22292,21968,3699,25667,383
2021-11-19,Sierra,091,2930,196,191,21,212,0
2021-11-19,Siskiyou,093,43540,3412,3313,1342,4655,54
2021-11-19,Solano,095,438530,46729,46006,1324,47330,356
2021-11-19,Sonoma,097,501317,42500,42151,547,42698,403
2021-11-19,Stanislaus,099,539301,80358,80412,9115,89527,1205
2021-11-19,Sutter,101,95872,14152,14074,377,14451,181
2021-11-19,Tehama,103,63373,8750,8648,1538,10186,125
2021-11-19,Trinity,105,12862,885,771,225,996,17
2021-11-19,Tulare,107,460477,70389,69074,15877,84951,1054
2021-11-19,Tuolumne,109,53932,7554,7511,109,7620,90
2021-11-19,Ventura,111,848112,99731,98893,4380,103273,1186
2021-11-19,Yolo,113,214977,20281,20139,1213,21352,257
2021-11-19,Yuba,115,75493,10379,10290,368,10658,88
2021-11-18,Alameda,001,1643700,121881,121059,2893,123952,1473
2021-11-18,Alpine,003,1148,103,105,0,105,0
2021-11-18,Amador,005,37829,5680,5652,68,5720,66
2021-11-18,Butte,007,227075,21508,21265,3865,25130,300
2021-11-18,Calaveras,009,45235,4306,4268,60,4328,84
2021-11-18,Colusa,011,21464,2586,2549,662,3211,19
2021-11-18,Contra Costa,013,1133247,101258,100491,2285,102776,1043
2021-11-18,Del Norte,015,27424,3730,3637,56,3693,42
2021-11-18,El Dorado,017,186661,16523,16308,1739,18047,161
2021-11-18,Fresno,019,978130,144476,142579,13167,155746,2233
2021-11-18,Glenn,021,27897,3559,3526,1032,4558,35
2021-11-18,Humboldt,023,135768,9418,9302,634,9936,115
2021-11-18,Imperial,025,180216,34760,34312,3480,37792,766
2021-11-18,Inyo,027,18085,2508,2467,41,2508,44
2021-11-18,Kern,029,883053,131263,129488,23468,152956,1750
2021-11-18,Kings,031,150075,33139,32720,2022,34742,354
2021-11-18,Lake,033,64148,6878,6808,157,6965,110
2021-11-18,Lassen,035,31185,7021,6931,403,7334,47
2021-11-18,Los Angeles,037,10098052,1458775,1448963,56066,1505029,26741
2021-11-18,Madera,039,155013,24040,23720,2257,25977,296
2021-11-18,Marin,041,260295,17898,17774,482,18256,248
2021-11-18,Mariposa,043,17540,1406,1354,59,1413,6
2021-11-18,Mendocino,045,87422,7924,7773,644,8417,89
2021-11-18,Merced,047,269075,42908,42692,2063,44755,656
2021-11-18,Modoc,049,8938,569,550,203,753,5
2021-11-18,Mono,051,14174,1801,1767,22,1789,4
2021-11-18,Monterey,053,433212,49465,48260,3139,51399,609
2021-11-18,Napa,055,140530,13265,13184,117,13301,103
2021-11-18,Nevada,057,99092,9610,9480,338,9818,92
2021-11-18,Orange,059,3164182,312189,309672,15749,325421,5658
2021-11-18,Placer,061,380077,38195,37800,3802,41602,462
2021-11-18,Plumas,063,18699,1901,1841,44,1885,7
2021-11-18,Riverside,065,2383286,371076,365809,16708,382517,5265
2021-11-18,Sacramento,067,1510023,162674,161533,4847,166380,2316
2021-11-18,San Benito,069,59416,7565,7533,177,7710,77
2021-11-18,San Bernardino,071,2135413,361690,358322,11500,369822,5897
2021-11-18,San Diego,073,3302833,382960,380147,22308,402455,4311
2021-11-18,San Francisco,075,870044,54195,53525,2414,55939,669
2021-11-18,San Joaquin,077,732212,101792,100922,5595,106517,1832
2021-11-18,San Luis Obispo,079,281455,30291,29815,1305,31120,355
2021-11-18,San Mateo,081,765935,55231,54132,934,55066,577
2021-11-18,Santa Barbara,083,443738,45366,45074,1656,46730,544
2021-11-18,Santa Clara,085,1922200,150276,148829,1470,150299,1917
2021-11-18,Santa Cruz,087,273765,21006,20756,1029,21785,222
2021-11-18,Shasta,089,179085,22256,21968,3694,25662,383
2021-11-18,Sierra,091,2930,195,191,21,212,0
2021-11-18,Siskiyou,093,43540,3412,3313,1338,4651,54
2021-11-18,Solano,095,438530,46687,46006,1321,47327,356
2021-11-18,Sonoma,097,501317,42451,42151,545,42696,403
2021-11-18,Stanislaus,099,539301,80291,80412,9107,89519,1205
2021-11-18,Sutter,101,95872,14141,14074,376,14450,181
2021-11-18,Tehama,103,63373,8745,8648,1538,10186,125
2021-11-18,Trinity,105,12862,884,771,225,996,17
2021-11-18,Tulare,107,460477,70315,69074,15829,84903,1054
2021-11-18,Tuolumne,109,53932,7544,7511,109,7620,90
2021-11-18,Ventura,111,848112,99653,98893,4376,103269,1186
2021-11-18,Yolo,113,214977,20264,20139,1208,21347,257
2021-11-18,Yuba,115,75493,10373,10290,368,10658,88
2021-11-17,Alameda,001,1643700,121757,120913,2892,123805,1472
2021-11-17,Alpine,003,1148,103,105,0,105,0
2021-11-17,Amador,005,37829,5673,5646,68,5714,66
2021-11-17,Butte,007,227075,21482,21230,3862,25092,300
2021-11-17,Calaveras,009,45235,4299,4259,60,4319,84
2021-11-17,Colusa,011,21464,2583,2546,661,3207,19
2021-11-17,Contra Costa,013,1133247,101166,100387,2281,102668,1039
2021-11-17,Del Norte,015,27424,3727,3630,56,3686,42
2021-11-17,El Dorado,017,186661,16504,16269,1738,18007,161
2021-11-17,Fresno,019,978130,144294,142366,13154,155520,2230
2021-11-17,Glenn,021,27897,3557,3527,1031,4558,34
2021-11-17,Humboldt,023,135768,9407,9270,631,9901,115
2021-11-17,Imperial,025,180216,34704,34256,3458,37714,766
2021-11-17,Inyo,027,18085,2502,2457,41,2498,44
2021-11-17,Kern,029,883053,131091,129307,23426,152733,1743
2021-11-17,Kings,031,150075,33111,32669,2018,34687,352
2021-11-17,Lake,033,64148,6874,6795,156,6951,110
2021-11-17,Lassen,035,31185,7019,6918,403,7321,47
2021-11-17,Los Angeles,037,10098052,1457672,1447947,56000,1503947,26721
2021-11-17,Madera,039,155013,24006,23673,2255,25928,287
2021-11-17,Marin,041,260295,17879,17757,480,18237,248
2021-11-17,Mariposa,043,17540,1402,1353,59,1412,6
2021-11-17,Mendocino,045,87422,7916,7735,643,8378,89
2021-11-17,Merced,047,269075,42849,42612,2058,44670,654
2021-11-17,Modoc,049,8938,565,540,203,743,5
2021-11-17,Mono,051,14174,1797,1765,22,1787,5
2021-11-17,Monterey,053,433212,49417,48221,3128,51349,609
2021-11-17,Napa,055,140530,13241,13167,117,13284,103
2021-11-17,Nevada,057,99092,9597,9447,338,9785,92
2021-11-17,Orange,059,3164182,311942,309396,15715,325111,5651
2021-11-17,Placer,061,380077,38147,37725,3793,41518,460
2021-11-17,Plumas,063,18699,1897,1833,44,1877,7
2021-11-17,Riverside,065,2383286,370665,365406,16695,382101,5229
2021-11-17,Sacramento,067,1510023,162504,161269,4839,166108,2302
2021-11-17,San Benito,069,59416,7558,7524,177,7701,77
2021-11-17,San Bernardino,071,2135413,361330,357947,11484,369431,5893
2021-11-17,San Diego,073,3302833,382461,379769,22282,402051,4301
2021-11-17,San Francisco,075,870044,54140,53469,2411,55880,667
2021-11-17,San Joaquin,077,732212,101690,100764,5590,106354,1828
2021-11-17,San Luis Obispo,079,281455,30265,29731,1302,31033,354
2021-11-17,San Mateo,081,765935,55163,54092,931,55023,577
2021-11-17,Santa Barbara,083,443738,45328,45000,1656,46656,542
2021-11-17,Santa Clara,085,1922200,150112,148626,1462,150088,1915
2021-11-17,Santa Cruz,087,273765,20971,20700,1029,21729,222
2021-11-17,Shasta,089,179085,22223,21883,3692,25575,382
2021-11-17,Sierra,091,2930,194,189,21,210,0
2021-11-17,Siskiyou,093,43540,3408,3307,1335,4642,54
2021-11-17,Solano,095,438530,46654,45948,1320,47268,353
2021-11-17,Sonoma,097,501317,42405,42093,542,42635,403
2021-11-17,Stanislaus,099,539301,80203,80276,9097,89373,1199
2021-11-17,Sutter,101,95872,14127,14064,374,14438,181
2021-11-17,Tehama,103,63373,8735,8633,1535,10168,125
2021-11-17,Trinity,105,12862,883,765,225,990,17
2021-11-17,Tulare,107,460477,70244,68977,15801,84778,1047
2021-11-17,Tuolumne,109,53932,7527,7485,109,7594,90
2021-11-17,Ventura,111,848112,99592,98812,4370,103182,1183
2021-11-17,Yolo,113,214977,20245,20100,1204,21304,257
2021-11-17,Yuba,115,75493,10361,10275,364,10639,88
2021-11-16,Alameda,001,1643700,121646,120809,2888,123697,1467
2021-11-16,Alpine,003,1148,103,105,0,105,0
2021-11-16,Amador,005,37829,5667,5644,68,5712,66
2021-11-16,Butte,007,227075,21457,21208,3857,25065,297
2021-11-16,Calaveras,009,45235,4290,4249,60,4309,83
2021-11-16,Colusa,011,21464,2577,2538,661,3199,19
2021-11-16,Contra Costa,013,1133247,101043,100320,2278,102598,1038
2021-11-16,Del Norte,015,27424,3721,3630,56,3686,42
2021-11-16,El Dorado,017,186661,16478,16248,1736,17984,159
2021-11-16,Fresno,019,978130,144107,142200,13133,155333,2218
2021-11-16,Glenn,021,27897,3556,3527,1028,4555,34
2021-11-16,Humboldt,023,135768,9386,9252,627,9879,115
2021-11-16,Imperial,025,180216,34620,34177,3444,37621,766
2021-11-16,Inyo,027,18085,2495,2449,41,2490,42
2021-11-16,Kern,029,883053,130933,129136,23364,152500,1735
2021-11-16,Kings,031,150075,33061,32614,2011,34625,350
2021-11-16,Lake,033,64148,6869,6789,156,6945,110
2021-11-16,Lassen,035,31185,7009,6915,403,7318,47
2021-11-16,Los Angeles,037,10098052,1456501,1446815,55928,1502743,26703
2021-11-16,Madera,039,155013,23968,23642,2249,25891,287
2021-11-16,Marin,041,260295,17860,17736,479,18215,248
2021-11-16,Mariposa,043,17540,1394,1349,58,1407,6
2021-11-16,Mendocino,045,87422,7874,7723,639,8362,89
2021-11-16,Merced,047,269075,42812,42578,2051,44629,653
2021-11-16,Modoc,049,8938,564,539,202,741,5
2021-11-16,Mono,051,14174,1788,1767,22,1789,4
2021-11-16,Monterey,053,433212,49387,48195,3114,51309,609
2021-11-16,Napa,055,140530,13230,13151,117,13268,103
2021-11-16,Nevada,057,99092,9580,9435,337,9772,92
2021-11-16,Orange,059,3164182,311674,309170,15680,324850,5651
2021-11-16,Placer,061,380077,38105,37676,3787,41463,459
2021-11-16,Plumas,063,18699,1890,1832,44,1876,7
2021-11-16,Riverside,065,2383286,370243,365078,16673,381751,5208
2021-11-16,Sacramento,067,1510023,162325,161102,4826,165928,2299
2021-11-16,San Benito,069,59416,7544,7513,177,7690,77
2021-11-16,San Bernardino,071,2135413,360917,357528,11432,368960,5901
2021-11-16,San Diego,073,3302833,381903,379435,22255,401690,4287
2021-11-16,San Francisco,075,870044,54067,53415,2403,55818,667
2021-11-16,San Joaquin,077,732212,101550,100637,5574,106211,1807
2021-11-16,San Luis Obispo,079,281455,30234,29703,1299,31002,356
2021-11-16,San Mateo,081,765935,55101,54034,929,54963,577
2021-11-16,Santa Barbara,083,443738,45260,44932,1653,46585,539
2021-11-16,Santa Clara,085,1922200,149932,148452,1450,149902,1916
2021-11-16,Santa Cruz,087,273765,20926,20684,1027,21711,222
2021-11-16,Shasta,089,179085,22184,21853,3688,25541,379
2021-11-16,Sierra,091,2930,194,189,21,210,0
2021-11-16,Siskiyou,093,43540,3405,3304,1333,4637,54
2021-11-16,Solano,095,438530,46614,45908,1319,47227,351
2021-11-16,Sonoma,097,501317,42356,42056,541,42597,401
2021-11-16,Stanislaus,099,539301,80108,80214,9073,89287,1196
2021-11-16,Sutter,101,95872,14115,14058,373,14431,181
2021-11-16,Tehama,103,63373,8728,8621,1528,10149,125
2021-11-16,Trinity,105,12862,883,762,224,986,17
2021-11-16,Tulare,107,460477,70164,68881,15763,84644,1039
2021-11-16,Tuolumne,109,53932,7517,7478,109,7587,90
2021-11-16,Ventura,111,848112,99517,98731,4367,103098,1183
2021-11-16,Yolo,113,214977,20206,20077,1202,21279,257
2021-11-16,Yuba,115,75493,10353,10262,362,10624,85
2021-11-15,Alameda,001,1643700,121493,120731,2883,123614,1464
2021-11-15,Alpine,003,1148,103,105,0,105,0
2021-11-15,Amador,005,37829,5663,5637,68,5705,66
2021-11-15,Butte,007,227075,21432,21182,3853,25035,296
2021-11-15,Calaveras,009,45235,4276,4237,60,4297,83
2021-11-15,Colusa,011,21464,2570,2535,658,3193,19
2021-11-15,Contra Costa,013,1133247,100936,100251,2275,102526,1038
2021-11-15,Del Norte,015,27424,3716,3630,55,3685,42
2021-11-15,El Dorado,017,186661,16454,16236,1732,17968,159
2021-11-15,Fresno,019,978130,143883,142015,13112,155127,2210
2021-11-15,Glenn,021,27897,3554,3526,1028,4554,34
2021-11-15,Humboldt,023,135768,9363,9230,619,9849,115
2021-11-15,Imperial,025,180216,34547,34130,3428,37558,766
2021-11-15,Inyo,027,18085,2490,2442,41,2483,42
2021-11-15,Kern,029,883053,130724,128928,23293,152221,1730
2021-11-15,Kings,031,150075,33027,32584,2006,34590,348
2021-11-15,Lake,033,64148,6865,6784,156,6940,109
2021-11-15,Lassen,035,31185,6999,6915,401,7316,47
2021-11-15,Los Angeles,037,10098052,1455306,1446114,55862,1501976,26677
2021-11-15,Madera,039,155013,23929,23605,2238,25843,287
2021-11-15,Marin,041,260295,17843,17723,478,18201,248
2021-11-15,Mariposa,043,17540,1393,1347,56,1403,6
2021-11-15,Mendocino,045,87422,7854,7694,633,8327,89
2021-11-15,Merced,047,269075,42754,42552,2040,44592,648
2021-11-15,Modoc,049,8938,563,538,201,739,5
2021-11-15,Mono,051,14174,1783,1763,22,1785,4
2021-11-15,Monterey,053,433212,49355,48154,3108,51262,609
2021-11-15,Napa,055,140530,13222,13143,117,13260,103
2021-11-15,Nevada,057,99092,9551,9420,336,9756,92
2021-11-15,Orange,059,3164182,311397,308859,15656,324515,5646
2021-11-15,Placer,061,380077,38041,37610,3783,41393,452
2021-11-15,Plumas,063,18699,1883,1829,44,1873,7
2021-11-15,Riverside,065,2383286,369797,364750,16654,381404,5199
2021-11-15,Sacramento,067,1510023,162105,160937,4813,165750,2293
2021-11-15,San Benito,069,59416,7539,7511,176,7687,77
2021-11-15,San Bernardino,071,2135413,360501,357306,11412,368718,5898
2021-11-15,San Diego,073,3302833,381353,378845,22230,401075,4284
2021-11-15,San Francisco,075,870044,53999,53374,2400,55774,667
2021-11-15,San Joaquin,077,732212,101396,100587,5563,106150,1799
2021-11-15,San Luis Obispo,079,281455,30191,29669,1287,30956,351
2021-11-15,San Mateo,081,765935,55048,54010,926,54936,576
2021-11-15,Santa Barbara,083,443738,45204,44879,1647,46526,539
2021-11-15,Santa Clara,085,1922200,149713,148313,1443,149756,1914
2021-11-15,Santa Cruz,087,273765,20884,20630,1026,21656,223
2021-11-15,Shasta,089,179085,22138,21779,3683,25462,374
2021-11-15,Sierra,091,2930,194,189,21,210,0
2021-11-15,Siskiyou,093,43540,3398,3302,1331,4633,54
2021-11-15,Solano,095,438530,46575,45885,1314,47199,351
2021-11-15,Sonoma,097,501317,42305,42021,540,42561,401
2021-11-15,Stanislaus,099,539301,80023,80129,9059,89188,1174
2021-11-15,Sutter,101,95872,14102,14043,372,14415,181
2021-11-15,Tehama,103,63373,8722,8615,1527,10142,125
2021-11-15,Trinity,105,12862,881,757,222,979,17
2021-11-15,Tulare,107,460477,70077,68826,15716,84542,1039
2021-11-15,Tuolumne,109,53932,7506,7461,109,7570,90
2021-11-15,Ventura,111,848112,99433,98605,4362,102967,1183
2021-11-15,Yolo,113,214977,20176,20065,1197,21262,255
2021-11-15,Yuba,115,75493,10334,10254,358,10612,85
2021-11-14,Alameda,001,1643700,121317,120629,2879,123508,1461
2021-11-14,Alpine,003,1148,102,105,0,105,0
2021-11-14,Amador,005,37829,5656,5632,67,5699,66
2021-11-14,Butte,007,227075,21402,21146,3844,24990,296
2021-11-14,Calaveras,009,45235,4265,4222,60,4282,83
2021-11-14,Colusa,011,21464,2568,2532,655,3187,19
2021-11-14,Contra Costa,013,1133247,100828,100188,2273,102461,1038
2021-11-14,Del Norte,015,27424,3713,3629,55,3684,42
2021-11-14,El Dorado,017,186661,16413,16212,1727,17939,159
2021-11-14,Fresno,019,978130,143601,141869,13079,154948,2209
2021-11-14,Glenn,021,27897,3552,3521,1028,4549,34
2021-11-14,Humboldt,023,135768,9333,9215,609,9824,115
2021-11-14,Imperial,025,180216,34444,34078,3413,37491,766
2021-11-14,Inyo,027,18085,2478,2441,41,2482,42
2021-11-14,Kern,029,883053,130484,128842,23223,152065,1730
2021-11-14,Kings,031,150075,32970,32545,1999,34544,349
2021-11-14,Lake,033,64148,6857,6777,156,6933,109
2021-11-14,Lassen,035,31185,6989,6911,400,7311,47
2021-11-14,Los Angeles,037,10098052,1453945,1445284,55784,1501068,26667
2021-11-14,Madera,039,155013,23879,23566,2229,25795,287
2021-11-14,Marin,041,260295,17828,17712,478,18190,247
2021-11-14,Mariposa,043,17540,1383,1337,52,1389,6
2021-11-14,Mendocino,045,87422,7821,7684,628,8312,89
2021-11-14,Merced,047,269075,42664,42513,2034,44547,648
2021-11-14,Modoc,049,8938,561,538,201,739,5
2021-11-14,Mono,051,14174,1771,1760,22,1782,4
2021-11-14,Monterey,053,433212,49300,48135,3090,51225,609
2021-11-14,Napa,055,140530,13204,13132,117,13249,103
2021-11-14,Nevada,057,99092,9523,9408,336,9744,92
2021-11-14,Orange,059,3164182,311078,308699,15635,324334,5646
2021-11-14,Placer,061,380077,37960,37569,3773,41342,452
2021-11-14,Plumas,063,18699,1880,1829,43,1872,7
2021-11-14,Riverside,065,2383286,369299,364490,16637,381127,5199
2021-11-14,Sacramento,067,1510023,161867,160761,4796,165557,2295
2021-11-14,San Benito,069,59416,7528,7507,175,7682,77
2021-11-14,San Bernardino,071,2135413,359920,357014,11395,368409,5897
2021-11-14,San Diego,073,3302833,380747,377633,22199,399832,4280
2021-11-14,San Francisco,075,870044,53924,53338,2395,55733,667
2021-11-14,San Joaquin,077,732212,101268,100518,5558,106076,1799
2021-11-14,San Luis Obispo,079,281455,30109,29645,1283,30928,352
2021-11-14,San Mateo,081,765935,54995,53978,924,54902,576
2021-11-14,Santa Barbara,083,443738,45125,44842,1644,46486,539
2021-11-14,Santa Clara,085,1922200,149514,148152,1435,149587,1913
2021-11-14,Santa Cruz,087,273765,20830,20609,1024,21633,223
2021-11-14,Shasta,089,179085,22086,21771,3670,25441,373
2021-11-14,Sierra,091,2930,194,189,21,210,0
2021-11-14,Siskiyou,093,43540,3389,3302,1330,4632,54
2021-11-14,Solano,095,438530,46519,45860,1307,47167,351
2021-11-14,Sonoma,097,501317,42239,41974,538,42512,401
2021-11-14,Stanislaus,099,539301,79888,80076,9044,89120,1174
2021-11-14,Sutter,101,95872,14085,14031,367,14398,181
2021-11-14,Tehama,103,63373,8712,8607,1525,10132,125
2021-11-14,Trinity,105,12862,878,754,220,974,17
2021-11-14,Tulare,107,460477,69958,68772,15657,84429,1037
2021-11-14,Tuolumne,109,53932,7488,7439,108,7547,90
2021-11-14,Ventura,111,848112,99318,98550,4361,102911,1183
2021-11-14,Yolo,113,214977,20149,20040,1191,21231,255
2021-11-14,Yuba,115,75493,10327,10238,357,10595,85
2021-11-13,Alameda,001,1643700,121245,120407,2877,123284,1454
2021-11-13,Alpine,003,1148,102,105,0,105,0
2021-11-13,Amador,005,37829,5655,5614,67,5681,66
2021-11-13,Butte,007,227075,21382,21104,3841,24945,296
2021-11-13,Calaveras,009,45235,4254,4203,60,4263,83
2021-11-13,Colusa,011,21464,2566,2522,655,3177,19
2021-11-13,Contra Costa,013,1133247,100755,100004,2267,102271,1028
2021-11-13,Del Norte,015,27424,3713,3629,55,3684,42
2021-11-13,El Dorado,017,186661,16401,16163,1724,17887,159
2021-11-13,Fresno,019,978130,143494,141452,13065,154517,2205
2021-11-13,Glenn,021,27897,3552,3514,1027,4541,34
2021-11-13,Humboldt,023,135768,9318,9177,604,9781,115
2021-11-13,Imperial,025,180216,34393,33990,3396,37386,766
2021-11-13,Inyo,027,18085,2472,2436,41,2477,42
2021-11-13,Kern,029,883053,130383,128472,23179,151651,1719
2021-11-13,Kings,031,150075,32953,32452,1998,34450,347
2021-11-13,Lake,033,64148,6852,6769,156,6925,109
2021-11-13,Lassen,035,31185,6984,6897,400,7297,47
2021-11-13,Los Angeles,037,10098052,1453283,1443088,55743,1498831,26649
2021-11-13,Madera,039,155013,23849,23462,2224,25686,287
2021-11-13,Marin,041,260295,17815,17684,476,18160,247
2021-11-13,Mariposa,043,17540,1380,1323,52,1375,6
2021-11-13,Mendocino,045,87422,7802,7652,627,8279,89
2021-11-13,Merced,047,269075,42626,42411,2031,44442,644
2021-11-13,Modoc,049,8938,560,536,201,737,5
2021-11-13,Mono,051,14174,1767,1750,22,1772,4
2021-11-13,Monterey,053,433212,49275,48087,3088,51175,609
2021-11-13,Napa,055,140530,13196,13110,117,13227,103
2021-11-13,Nevada,057,99092,9503,9369,334,9703,92
2021-11-13,Orange,059,3164182,310913,308211,15607,323818,5641
2021-11-13,Placer,061,380077,37910,37453,3770,41223,445
2021-11-13,Plumas,063,18699,1877,1828,43,1871,8
2021-11-13,Riverside,065,2383286,368994,363801,16630,380431,5187
2021-11-13,Sacramento,067,1510023,161731,160397,4783,165180,2291
2021-11-13,San Benito,069,59416,7515,7491,174,7665,77
2021-11-13,San Bernardino,071,2135413,359668,356325,11388,367713,5873
2021-11-13,San Diego,073,3302833,380410,377633,22171,399804,4280
2021-11-13,San Francisco,075,870044,53891,53195,2394,55589,667
2021-11-13,San Joaquin,077,732212,101212,100263,5549,105812,1799
2021-11-13,San Luis Obispo,079,281455,30079,29589,1281,30870,351
2021-11-13,San Mateo,081,765935,54957,53853,923,54776,574
2021-11-13,Santa Barbara,083,443738,45092,44734,1644,46378,537
2021-11-13,Santa Clara,085,1922200,149396,147821,1430,149251,1905
2021-11-13,Santa Cruz,087,273765,20815,20565,1023,21588,223
2021-11-13,Shasta,089,179085,22055,21713,3666,25379,366
2021-11-13,Sierra,091,2930,193,188,21,209,0
2021-11-13,Siskiyou,093,43540,3380,3299,1329,4628,54
2021-11-13,Solano,095,438530,46490,45774,1303,47077,350
2021-11-13,Sonoma,097,501317,42205,41882,537,42419,399
2021-11-13,Stanislaus,099,539301,79812,79872,9030,88902,1174
2021-11-13,Sutter,101,95872,14075,14017,366,14383,181
2021-11-13,Tehama,103,63373,8706,8592,1521,10113,125
2021-11-13,Trinity,105,12862,877,749,220,969,17
2021-11-13,Tulare,107,460477,69892,68619,15634,84253,1033
2021-11-13,Tuolumne,109,53932,7471,7392,108,7500,90
2021-11-13,Ventura,111,848112,99260,98452,4358,102810,1183
2021-11-13,Yolo,113,214977,20135,20009,1186,21195,255
2021-11-13,Yuba,115,75493,10317,10218,355,10573,85
2021-11-12,Alameda,001,1643700,121162,120407,2874,123281,1454
2021-11-12,Alpine,003,1148,102,105,0,105,0
2021-11-12,Amador,005,37829,5649,5614,66,5680,66
2021-11-12,Butte,007,227075,21365,21104,3837,24941,296
2021-11-12,Calaveras,009,45235,4243,4203,60,4263,83
2021-11-12,Colusa,011,21464,2562,2522,654,3176,19
2021-11-12,Contra Costa,013,1133247,100700,100004,2266,102270,1028
2021-11-12,Del Norte,015,27424,3713,3629,55,3684,42
2021-11-12,El Dorado,017,186661,16382,16163,1723,17886,159
2021-11-12,Fresno,019,978130,143352,141452,13051,154503,2205
2021-11-12,Glenn,021,27897,3549,3514,1026,4540,34
2021-11-12,Humboldt,023,135768,9311,9177,602,9779,115
2021-11-12,Imperial,025,180216,34367,33990,3386,37376,766
2021-11-12,Inyo,027,18085,2468,2436,41,2477,42
2021-11-12,Kern,029,883053,130246,128472,23147,151619,1719
2021-11-12,Kings,031,150075,32927,32452,1996,34448,347
2021-11-12,Lake,033,64148,6848,6769,156,6925,109
2021-11-12,Lassen,035,31185,6980,6897,399,7296,47
2021-11-12,Los Angeles,037,10098052,1452555,1443088,55698,1498786,26649
2021-11-12,Madera,039,155013,23820,23462,2219,25681,287
2021-11-12,Marin,041,260295,17799,17684,475,18159,247
2021-11-12,Mariposa,043,17540,1373,1323,52,1375,6
2021-11-12,Mendocino,045,87422,7790,7652,624,8276,89
2021-11-12,Merced,047,269075,42597,42411,2029,44440,644
2021-11-12,Modoc,049,8938,559,536,201,737,5
2021-11-12,Mono,051,14174,1765,1750,22,1772,4
2021-11-12,Monterey,053,433212,49243,48087,3082,51169,609
2021-11-12,Napa,055,140530,13187,13110,117,13227,103
2021-11-12,Nevada,057,99092,9489,9369,333,9702,92
2021-11-12,Orange,059,3164182,310725,308211,15589,323800,5641
2021-11-12,Placer,061,380077,37870,37453,3767,41220,445
2021-11-12,Plumas,063,18699,1872,1828,43,1871,8
2021-11-12,Riverside,065,2383286,368727,363801,16626,380427,5187
2021-11-12,Sacramento,067,1510023,161573,160397,4778,165175,2291
2021-11-12,San Benito,069,59416,7515,7491,174,7665,77
2021-11-12,San Bernardino,071,2135413,359362,356325,11377,367702,5873
2021-11-12,San Diego,073,3302833,380035,377633,22149,399782,4280
2021-11-12,San Francisco,075,870044,53856,53195,2390,55585,667
2021-11-12,San Joaquin,077,732212,101167,100263,5543,105806,1799
2021-11-12,San Luis Obispo,079,281455,30050,29589,1280,30869,351
2021-11-12,San Mateo,081,765935,54907,53853,920,54773,574
2021-11-12,Santa Barbara,083,443738,45037,44734,1643,46377,537
2021-11-12,Santa Clara,085,1922200,149254,147821,1425,149246,1905
2021-11-12,Santa Cruz,087,273765,20788,20565,1021,21586,223
2021-11-12,Shasta,089,179085,22023,21713,3663,25376,366
2021-11-12,Sierra,091,2930,192,188,21,209,0
2021-11-12,Siskiyou,093,43540,3379,3299,1327,4626,54
2021-11-12,Solano,095,438530,46463,45774,1299,47073,350
2021-11-12,Sonoma,097,501317,42165,41882,537,42419,399
2021-11-12,Stanislaus,099,539301,79760,79872,9022,88894,1174
2021-11-12,Sutter,101,95872,14068,14017,366,14383,181
2021-11-12,Tehama,103,63373,8702,8592,1520,10112,125
2021-11-12,Trinity,105,12862,870,749,220,969,17
2021-11-12,Tulare,107,460477,69850,68619,15599,84218,1033
2021-11-12,Tuolumne,109,53932,7458,7392,107,7499,90
2021-11-12,Ventura,111,848112,99195,98452,4357,102809,1183
2021-11-12,Yolo,113,214977,20121,20009,1180,21189,255
2021-11-12,Yuba,115,75493,10308,10218,354,10572,85
2021-11-11,Alameda,001,1643700,121046,120147,2866,123013,1453
2021-11-11,Alpine,003,1148,102,105,0,105,0
2021-11-11,Amador,005,37829,5646,5603,65,5668,66
2021-11-11,Butte,007,227075,21322,21047,3832,24879,293
2021-11-11,Calaveras,009,45235,4225,4179,60,4239,83
2021-11-11,Colusa,011,21464,2554,2518,652,3170,19
2021-11-11,Contra Costa,013,1133247,100595,99808,2261,102069,1028
2021-11-11,Del Norte,015,27424,3711,3622,55,3677,42
2021-11-11,El Dorado,017,186661,16348,16085,1720,17805,159
2021-11-11,Fresno,019,978130,143148,140833,13018,153851,2202
2021-11-11,Glenn,021,27897,3547,3503,1026,4529,34
2021-11-11,Humboldt,023,135768,9288,9125,599,9724,115
2021-11-11,Imperial,025,180216,34298,33844,3364,37208,766
2021-11-11,Inyo,027,18085,2463,2428,41,2469,42
2021-11-11,Kern,029,883053,130062,128023,23083,151106,1709
2021-11-11,Kings,031,150075,32876,32318,1994,34312,345
2021-11-11,Lake,033,64148,6841,6745,156,6901,107
2021-11-11,Lassen,035,31185,6974,6875,399,7274,47
2021-11-11,Los Angeles,037,10098052,1451466,1440436,55639,1496075,26614
2021-11-11,Madera,039,155013,23773,23316,2211,25527,287
2021-11-11,Marin,041,260295,17789,17639,475,18114,247
2021-11-11,Mariposa,043,17540,1363,1317,52,1369,6
2021-11-11,Mendocino,045,87422,7775,7612,615,8227,89
2021-11-11,Merced,047,269075,42541,42292,2026,44318,643
2021-11-11,Modoc,049,8938,557,536,201,737,5
2021-11-11,Mono,051,14174,1761,1743,22,1765,4
2021-11-11,Monterey,053,433212,49208,48008,3070,51078,609
2021-11-11,Napa,055,140530,13179,13075,117,13192,103
2021-11-11,Nevada,057,99092,9467,9308,333,9641,92
2021-11-11,Orange,059,3164182,310451,307674,15551,323225,5633
2021-11-11,Placer,061,380077,37819,37333,3759,41092,440
2021-11-11,Plumas,063,18699,1868,1814,43,1857,7
2021-11-11,Riverside,065,2383286,368296,362930,16608,379538,5175
2021-11-11,Sacramento,067,1510023,161359,159962,4759,164721,2289
2021-11-11,San Benito,069,59416,7507,7473,174,7647,76
2021-11-11,San Bernardino,071,2135413,358935,355413,11364,366777,5849
2021-11-11,San Diego,073,3302833,379520,376428,22126,398554,4272
2021-11-11,San Francisco,075,870044,53796,53063,2388,55451,666
2021-11-11,San Joaquin,077,732212,101072,99937,5528,105465,1799
2021-11-11,San Luis Obispo,079,281455,29999,29532,1278,30810,351
2021-11-11,San Mateo,081,765935,54858,53722,915,54637,574
2021-11-11,Santa Barbara,083,443738,44979,44603,1640,46243,534
2021-11-11,Santa Clara,085,1922200,149072,147458,1419,148877,1901
2021-11-11,Santa Cruz,087,273765,20743,20479,1021,21500,222
2021-11-11,Shasta,089,179085,21976,21600,3661,25261,364
2021-11-11,Sierra,091,2930,191,186,21,207,0
2021-11-11,Siskiyou,093,43540,3373,3297,1326,4623,53
2021-11-11,Solano,095,438530,46426,45679,1298,46977,350
2021-11-11,Sonoma,097,501317,42128,41774,537,42311,395
2021-11-11,Stanislaus,099,539301,79676,79570,9008,88578,1166
2021-11-11,Sutter,101,95872,14054,13993,365,14358,181
2021-11-11,Tehama,103,63373,8690,8565,1518,10083,125
2021-11-11,Trinity,105,12862,869,748,220,968,17
2021-11-11,Tulare,107,460477,69757,68367,15563,83930,1028
2021-11-11,Tuolumne,109,53932,7445,7354,107,7461,90
2021-11-11,Ventura,111,848112,99117,98297,4350,102647,1182
2021-11-11,Yolo,113,214977,20094,19946,1178,21124,255
2021-11-11,Yuba,115,75493,10292,10191,354,10545,85
2021-11-10,Alameda,001,1643700,120937,120147,2857,123004,1453
2021-11-10,Alpine,003,1148,102,105,0,105,0
2021-11-10,Amador,005,37829,5640,5603,65,5668,66
2021-11-10,Butte,007,227075,21296,21047,3828,24875,293
2021-11-10,Calaveras,009,45235,4214,4179,60,4239,83
2021-11-10,Colusa,011,21464,2548,2518,652,3170,19
2021-11-10,Contra Costa,013,1133247,100511,99808,2257,102065,1028
2021-11-10,Del Norte,015,27424,3710,3622,55,3677,42
2021-11-10,El Dorado,017,186661,16332,16085,1719,17804,159
2021-11-10,Fresno,019,978130,142968,140833,13004,153837,2202
2021-11-10,Glenn,021,27897,3547,3503,1025,4528,34
2021-11-10,Humboldt,023,135768,9270,9125,599,9724,115
2021-11-10,Imperial,025,180216,34249,33844,3345,37189,766
2021-11-10,Inyo,027,18085,2456,2428,41,2469,42
2021-11-10,Kern,029,883053,129913,128023,23027,151050,1709
2021-11-10,Kings,031,150075,32843,32318,1992,34310,345
2021-11-10,Lake,033,64148,6831,6745,156,6901,107
2021-11-10,Lassen,035,31185,6969,6875,399,7274,47
2021-11-10,Los Angeles,037,10098052,1450516,1440436,55580,1496016,26614
2021-11-10,Madera,039,155013,23724,23316,2205,25521,287
2021-11-10,Marin,041,260295,17776,17639,473,18112,247
2021-11-10,Mariposa,043,17540,1357,1317,52,1369,6
2021-11-10,Mendocino,045,87422,7763,7612,614,8226,89
2021-11-10,Merced,047,269075,42506,42292,2024,44316,643
2021-11-10,Modoc,049,8938,556,536,200,736,5
2021-11-10,Mono,051,14174,1759,1743,22,1765,4
2021-11-10,Monterey,053,433212,49174,48008,3058,51066,609
2021-11-10,Napa,055,140530,13165,13075,116,13191,103
2021-11-10,Nevada,057,99092,9460,9308,331,9639,92
2021-11-10,Orange,059,3164182,310188,307674,15519,323193,5633
2021-11-10,Placer,061,380077,37774,37333,3752,41085,440
2021-11-10,Plumas,063,18699,1865,1814,42,1856,7
2021-11-10,Riverside,065,2383286,367915,362930,16602,379532,5175
2021-11-10,Sacramento,067,1510023,161204,159962,4749,164711,2289
2021-11-10,San Benito,069,59416,7499,7473,174,7647,76
2021-11-10,San Bernardino,071,2135413,358596,355413,11356,366769,5849
2021-11-10,San Diego,073,3302833,379104,376428,22104,398532,4272
2021-11-10,San Francisco,075,870044,53734,53063,2385,55448,666
2021-11-10,San Joaquin,077,732212,100965,99937,5522,105459,1799
2021-11-10,San Luis Obispo,079,281455,29968,29532,1277,30809,351
2021-11-10,San Mateo,081,765935,54804,53722,914,54636,574
2021-11-10,Santa Barbara,083,443738,44941,44603,1639,46242,534
2021-11-10,Santa Clara,085,1922200,148924,147458,1413,148871,1901
2021-11-10,Santa Cruz,087,273765,20716,20479,1020,21499,222
2021-11-10,Shasta,089,179085,21940,21600,3659,25259,364
2021-11-10,Sierra,091,2930,190,186,21,207,0
2021-11-10,Siskiyou,093,43540,3371,3297,1326,4623,53
2021-11-10,Solano,095,438530,46396,45679,1296,46975,350
2021-11-10,Sonoma,097,501317,42077,41774,537,42311,395
2021-11-10,Stanislaus,099,539301,79575,79570,8992,88562,1166
2021-11-10,Sutter,101,95872,14046,13993,365,14358,181
2021-11-10,Tehama,103,63373,8678,8565,1512,10077,125
2021-11-10,Trinity,105,12862,865,748,219,967,17
2021-11-10,Tulare,107,460477,69697,68367,15522,83889,1028
2021-11-10,Tuolumne,109,53932,7421,7354,107,7461,90
2021-11-10,Ventura,111,848112,99046,98297,4350,102647,1182
2021-11-10,Yolo,113,214977,20075,19946,1177,21123,255
2021-11-10,Yuba,115,75493,10283,10191,354,10545,85
2021-11-09,Alameda,001,1643700,120801,120051,2847,122898,1450
2021-11-09,Alpine,003,1148,102,105,0,105,0
2021-11-09,Amador,005,37829,5636,5596,65,5661,66
2021-11-09,Butte,007,227075,21275,21022,3825,24847,291
2021-11-09,Calaveras,009,45235,4210,4174,60,4234,84
2021-11-09,Colusa,011,21464,2543,2517,651,3168,19
2021-11-09,Contra Costa,013,1133247,100416,99732,2249,101981,1028
2021-11-09,Del Norte,015,27424,3709,3620,55,3675,42
2021-11-09,El Dorado,017,186661,16294,16073,1714,17787,160
2021-11-09,Fresno,019,978130,142725,140666,12989,153655,2188
2021-11-09,Glenn,021,27897,3542,3499,1025,4524,34
2021-11-09,Humboldt,023,135768,9249,9112,594,9706,115
2021-11-09,Imperial,025,180216,34196,33751,3331,37082,766
2021-11-09,Inyo,027,18085,2452,2404,41,2445,42
2021-11-09,Kern,029,883053,129669,127901,22964,150865,1694
2021-11-09,Kings,031,150075,32776,32279,1988,34267,344
2021-11-09,Lake,033,64148,6822,6743,156,6899,106
2021-11-09,Lassen,035,31185,6957,6846,399,7245,47
2021-11-09,Los Angeles,037,10098052,1449269,1439125,55517,1494642,26581
2021-11-09,Madera,039,155013,23674,23285,2196,25481,287
2021-11-09,Marin,041,260295,17757,17630,471,18101,247
2021-11-09,Mariposa,043,17540,1349,1317,51,1368,5
2021-11-09,Mendocino,045,87422,7740,7598,608,8206,85
2021-11-09,Merced,047,269075,42465,42251,2018,44269,613
2021-11-09,Modoc,049,8938,555,536,198,734,5
2021-11-09,Mono,051,14174,1754,1738,22,1760,4
2021-11-09,Monterey,053,433212,49138,47975,3033,51008,609
2021-11-09,Napa,055,140530,13147,13051,116,13167,103
2021-11-09,Nevada,057,99092,9441,9288,331,9619,92
2021-11-09,Orange,059,3164182,309903,307412,15491,322903,5621
2021-11-09,Placer,061,380077,37720,37291,3735,41026,440
2021-11-09,Plumas,063,18699,1863,1802,42,1844,7
2021-11-09,Riverside,065,2383286,367450,362557,16587,379144,5160
2021-11-09,Sacramento,067,1510023,160963,159856,4739,164595,2286
2021-11-09,San Benito,069,59416,7489,7471,173,7644,76
2021-11-09,San Bernardino,071,2135413,358149,354972,11339,366311,5839
2021-11-09,San Diego,073,3302833,378597,375997,22078,398075,4272
2021-11-09,San Francisco,075,870044,53658,52996,2379,55375,666
2021-11-09,San Joaquin,077,732212,100789,99848,5509,105357,1794
2021-11-09,San Luis Obispo,079,281455,29925,29488,1276,30764,350
2021-11-09,San Mateo,081,765935,54757,53697,904,54601,574
2021-11-09,Santa Barbara,083,443738,44874,44579,1632,46211,533
2021-11-09,Santa Clara,085,1922200,148717,147281,1406,148687,1901
2021-11-09,Santa Cruz,087,273765,20682,20463,1019,21482,222
2021-11-09,Shasta,089,179085,21885,21558,3654,25212,364
2021-11-09,Sierra,091,2930,190,186,21,207,0
2021-11-09,Siskiyou,093,43540,3369,3295,1324,4619,52
2021-11-09,Solano,095,438530,46342,45639,1295,46934,350
2021-11-09,Sonoma,097,501317,42021,41727,535,42262,395
2021-11-09,Stanislaus,099,539301,79469,79505,8975,88480,1165
2021-11-09,Sutter,101,95872,14031,13988,363,14351,180
2021-11-09,Tehama,103,63373,8660,8555,1510,10065,125
2021-11-09,Trinity,105,12862,864,746,219,965,17
2021-11-09,Tulare,107,460477,69591,68298,15482,83780,1024
2021-11-09,Tuolumne,109,53932,7401,7347,107,7454,90
2021-11-09,Ventura,111,848112,98967,98202,4345,102547,1182
2021-11-09,Yolo,113,214977,20051,19931,1173,21104,255
2021-11-09,Yuba,115,75493,10266,10175,348,10523,85
2021-11-08,Alameda,001,1643700,120660,119983,2841,122824,1447
2021-11-08,Alpine,003,1148,102,105,0,105,0
2021-11-08,Amador,005,37829,5630,5590,65,5655,66
2021-11-08,Butte,007,227075,21247,21000,3817,24817,288
2021-11-08,Calaveras,009,45235,4202,4166,60,4226,82
2021-11-08,Colusa,011,21464,2542,2514,650,3164,19
2021-11-08,Contra Costa,013,1133247,100313,99669,2245,101914,1028
2021-11-08,Del Norte,015,27424,3705,3619,55,3674,42
2021-11-08,El Dorado,017,186661,16275,16055,1709,17764,156
2021-11-08,Fresno,019,978130,142425,140466,12967,153433,2179
2021-11-08,Glenn,021,27897,3539,3496,1021,4517,34
2021-11-08,Humboldt,023,135768,9222,9095,584,9679,109
2021-11-08,Imperial,025,180216,34117,33690,3313,37003,766
2021-11-08,Inyo,027,18085,2445,2398,41,2439,41
2021-11-08,Kern,029,883053,129433,127722,22881,150603,1692
2021-11-08,Kings,031,150075,32730,32248,1987,34235,344
2021-11-08,Lake,033,64148,6816,6737,156,6893,106
2021-11-08,Lassen,035,31185,6950,6830,397,7227,46
2021-11-08,Los Angeles,037,10098052,1447927,1438322,55457,1493779,26575
2021-11-08,Madera,039,155013,23625,23253,2184,25437,287
2021-11-08,Marin,041,260295,17740,17617,468,18085,247
2021-11-08,Mariposa,043,17540,1341,1316,50,1366,5
2021-11-08,Mendocino,045,87422,7727,7581,602,8183,85
2021-11-08,Merced,047,269075,42396,42224,2008,44232,607
2021-11-08,Modoc,049,8938,554,529,198,727,5
2021-11-08,Mono,051,14174,1750,1739,22,1761,4
2021-11-08,Monterey,053,433212,49097,47942,3012,50954,602
2021-11-08,Napa,055,140530,13133,13045,116,13161,103
2021-11-08,Nevada,057,99092,9423,9278,329,9607,92
2021-11-08,Orange,059,3164182,309629,307156,15460,322616,5616
2021-11-08,Placer,061,380077,37668,37250,3732,40982,439
2021-11-08,Plumas,063,18699,1862,1788,41,1829,7
2021-11-08,Riverside,065,2383286,366995,362201,16573,378774,5152
2021-11-08,Sacramento,067,1510023,160747,159735,4719,164454,2275
2021-11-08,San Benito,069,59416,7487,7461,173,7634,75
2021-11-08,San Bernardino,071,2135413,357642,354741,11320,366061,5836
2021-11-08,San Diego,073,3302833,378008,375557,22031,397588,4259
2021-11-08,San Francisco,075,870044,53605,52942,2373,55315,666
2021-11-08,San Joaquin,077,732212,100675,99736,5507,105243,1794
2021-11-08,San Luis Obispo,079,281455,29873,29464,1271,30735,350
2021-11-08,San Mateo,081,765935,54683,53658,899,54557,574
2021-11-08,Santa Barbara,083,443738,44820,44548,1631,46179,532
2021-11-08,Santa Clara,085,1922200,148489,147183,1400,148583,1899
2021-11-08,Santa Cruz,087,273765,20653,20435,1019,21454,222
2021-11-08,Shasta,089,179085,21838,21504,3648,25152,354
2021-11-08,Sierra,091,2930,190,183,21,204,0
2021-11-08,Siskiyou,093,43540,3365,3290,1313,4603,50
2021-11-08,Solano,095,438530,46301,45613,1291,46904,350
2021-11-08,Sonoma,097,501317,41953,41669,533,42202,395
2021-11-08,Stanislaus,099,539301,79317,79417,8961,88378,1150
2021-11-08,Sutter,101,95872,14023,13976,359,14335,180
2021-11-08,Tehama,103,63373,8651,8534,1510,10044,123
2021-11-08,Trinity,105,12862,864,743,218,961,13
2021-11-08,Tulare,107,460477,69474,68199,15444,83643,1020
2021-11-08,Tuolumne,109,53932,7382,7328,106,7434,90
2021-11-08,Ventura,111,848112,98874,98144,4343,102487,1182
2021-11-08,Yolo,113,214977,20013,19916,1168,21084,255
2021-11-08,Yuba,115,75493,10255,10172,345,10517,83
2021-11-07,Alameda,001,1643700,120502,119902,2835,122737,1444
2021-11-07,Alpine,003,1148,102,105,0,105,0
2021-11-07,Amador,005,37829,5622,5580,63,5643,66
2021-11-07,Butte,007,227075,21208,20969,3808,24777,288
2021-11-07,Calaveras,009,45235,4175,4158,59,4217,82
2021-11-07,Colusa,011,21464,2536,2511,648,3159,19
2021-11-07,Contra Costa,013,1133247,100201,99596,2236,101832,1028
2021-11-07,Del Norte,015,27424,3703,3617,55,3672,42
2021-11-07,El Dorado,017,186661,16238,16040,1706,17746,156
2021-11-07,Fresno,019,978130,142082,140263,12939,153202,2179
2021-11-07,Glenn,021,27897,3532,3493,1020,4513,34
2021-11-07,Humboldt,023,135768,9197,9074,580,9654,109
2021-11-07,Imperial,025,180216,34044,33674,3294,36968,766
2021-11-07,Inyo,027,18085,2432,2394,41,2435,41
2021-11-07,Kern,029,883053,129160,127583,22789,150372,1692
2021-11-07,Kings,031,150075,32640,32221,1983,34204,343
2021-11-07,Lake,033,64148,6800,6734,155,6889,106
2021-11-07,Lassen,035,31185,6941,6819,393,7212,46
2021-11-07,Los Angeles,037,10098052,1446435,1437314,55380,1492694,26573
2021-11-07,Madera,039,155013,23580,23225,2176,25401,287
2021-11-07,Marin,041,260295,17720,17594,467,18061,247
2021-11-07,Mariposa,043,17540,1339,1306,50,1356,5
2021-11-07,Mendocino,045,87422,7699,7567,598,8165,85
2021-11-07,Merced,047,269075,42317,42186,1977,44163,607
2021-11-07,Modoc,049,8938,551,528,197,725,5
2021-11-07,Mono,051,14174,1744,1739,22,1761,4
2021-11-07,Monterey,053,433212,49045,47924,3007,50931,602
2021-11-07,Napa,055,140530,13112,13041,116,13157,103
2021-11-07,Nevada,057,99092,9375,9254,329,9583,92
2021-11-07,Orange,059,3164182,309304,306954,15421,322375,5616
2021-11-07,Placer,061,380077,37592,37202,3717,40919,439
2021-11-07,Plumas,063,18699,1855,1787,40,1827,7
2021-11-07,Riverside,065,2383286,366460,361960,16553,378513,5152
2021-11-07,Sacramento,067,1510023,160515,159549,4702,164251,2277
2021-11-07,San Benito,069,59416,7474,7460,173,7633,75
2021-11-07,San Bernardino,071,2135413,357136,354488,11297,365785,5832
2021-11-07,San Diego,073,3302833,377420,375165,21998,397163,4250
2021-11-07,San Francisco,075,870044,53521,52868,2367,55235,666
2021-11-07,San Joaquin,077,732212,100490,99696,5501,105197,1794
2021-11-07,San Luis Obispo,079,281455,29822,29454,1267,30721,350
2021-11-07,San Mateo,081,765935,54624,53600,897,54497,574
2021-11-07,Santa Barbara,083,443738,44757,44501,1630,46131,532
2021-11-07,Santa Clara,085,1922200,148285,147054,1387,148441,1898
2021-11-07,Santa Cruz,087,273765,20595,20397,1018,21415,222
2021-11-07,Shasta,089,179085,21790,21479,3642,25121,354
2021-11-07,Sierra,091,2930,188,183,21,204,0
2021-11-07,Siskiyou,093,43540,3359,3289,1311,4600,51
2021-11-07,Solano,095,438530,46246,45582,1284,46866,350
2021-11-07,Sonoma,097,501317,41904,41630,533,42163,395
2021-11-07,Stanislaus,099,539301,79162,79351,8941,88292,1150
2021-11-07,Sutter,101,95872,14010,13964,356,14320,180
2021-11-07,Tehama,103,63373,8627,8528,1508,10036,121
2021-11-07,Trinity,105,12862,863,742,217,959,13
2021-11-07,Tulare,107,460477,69321,68145,15401,83546,1020
2021-11-07,Tuolumne,109,53932,7364,7300,104,7404,90
2021-11-07,Ventura,111,848112,98782,98085,4341,102426,1182
2021-11-07,Yolo,113,214977,19992,19899,1163,21062,255
2021-11-07,Yuba,115,75493,10238,10162,340,10502,83
2021-11-06,Alameda,001,1643700,120440,119499,2831,122330,1436
2021-11-06,Alpine,003,1148,102,105,0,105,0
2021-11-06,Amador,005,37829,5616,5557,63,5620,66
2021-11-06,Butte,007,227075,21188,20796,3804,24600,288
2021-11-06,Calaveras,009,45235,4167,4105,59,4164,82
2021-11-06,Colusa,011,21464,2535,2501,647,3148,19
2021-11-06,Contra Costa,013,1133247,100146,99282,2234,101516,1025
2021-11-06,Del Norte,015,27424,3700,3607,55,3662,42
2021-11-06,El Dorado,017,186661,16221,15958,1706,17664,156
2021-11-06,Fresno,019,978130,141963,139249,12934,152183,2170
2021-11-06,Glenn,021,27897,3529,3479,1020,4499,33
2021-11-06,Humboldt,023,135768,9185,8972,576,9548,109
2021-11-06,Imperial,025,180216,33998,33471,3288,36759,766
2021-11-06,Inyo,027,18085,2426,2353,41,2394,41
2021-11-06,Kern,029,883053,129027,126848,22736,149584,1684
2021-11-06,Kings,031,150075,32607,32018,1978,33996,342
2021-11-06,Lake,033,64148,6798,6695,155,6850,106
2021-11-06,Lassen,035,31185,6936,6796,392,7188,46
2021-11-06,Los Angeles,037,10098052,1445660,1433081,55337,1488418,26533
2021-11-06,Madera,039,155013,23544,22994,2166,25160,287
2021-11-06,Marin,041,260295,17701,17520,464,17984,247
2021-11-06,Mariposa,043,17540,1337,1282,50,1332,5
2021-11-06,Mendocino,045,87422,7677,7486,598,8084,85
2021-11-06,Merced,047,269075,42293,41958,1969,43927,604
2021-11-06,Modoc,049,8938,550,523,197,720,5
2021-11-06,Mono,051,14174,1742,1725,22,1747,4
2021-11-06,Monterey,053,433212,49013,47830,2997,50827,602
2021-11-06,Napa,055,140530,13102,12950,116,13066,103
2021-11-06,Nevada,057,99092,9353,9169,328,9497,91
2021-11-06,Orange,059,3164182,309097,306049,15395,321444,5611
2021-11-06,Placer,061,380077,37551,36967,3714,40681,438
2021-11-06,Plumas,063,18699,1851,1755,39,1794,7
2021-11-06,Riverside,065,2383286,366142,360584,16544,377128,5138
2021-11-06,Sacramento,067,1510023,160422,158766,4697,163463,2263
2021-11-06,San Benito,069,59416,7467,7429,173,7602,75
2021-11-06,San Bernardino,071,2135413,356865,353142,11293,364435,5813
2021-11-06,San Diego,073,3302833,377072,373423,21980,395403,4246
2021-11-06,San Francisco,075,870044,53467,52556,2364,54920,666
2021-11-06,San Joaquin,077,732212,100433,99372,5500,104872,1782
2021-11-06,San Luis Obispo,079,281455,29794,29335,1263,30598,350
2021-11-06,San Mateo,081,765935,54590,53442,896,54338,574
2021-11-06,Santa Barbara,083,443738,44721,44301,1629,45930,532
2021-11-06,Santa Clara,085,1922200,148140,146519,1382,147901,1894
2021-11-06,Santa Cruz,087,273765,20576,20311,1016,21327,222
2021-11-06,Shasta,089,179085,21771,21281,3637,24918,349
2021-11-06,Sierra,091,2930,188,181,21,202,0
2021-11-06,Siskiyou,093,43540,3359,3279,1309,4588,48
2021-11-06,Solano,095,438530,46216,45465,1283,46748,350
2021-11-06,Sonoma,097,501317,41854,41398,532,41930,395
2021-11-06,Stanislaus,099,539301,79094,78902,8933,87835,1193
2021-11-06,Sutter,101,95872,14006,13908,355,14263,180
2021-11-06,Tehama,103,63373,8616,8474,1506,9980,120
2021-11-06,Trinity,105,12862,860,732,217,949,11
2021-11-06,Tulare,107,460477,69271,67767,15372,83139,1010
2021-11-06,Tuolumne,109,53932,7351,7245,104,7349,90
2021-11-06,Ventura,111,848112,98716,97770,4336,102106,1180
2021-11-06,Yolo,113,214977,19975,19827,1159,20986,255
2021-11-06,Yuba,115,75493,10224,10107,340,10447,83
2021-11-05,Alameda,001,1643700,120358,119499,2829,122328,1436
2021-11-05,Alpine,003,1148,102,105,0,105,0
2021-11-05,Amador,005,37829,5611,5557,63,5620,66
2021-11-05,Butte,007,227075,21175,20796,3803,24599,288
2021-11-05,Calaveras,009,45235,4162,4105,59,4164,82
2021-11-05,Colusa,011,21464,2535,2501,646,3147,19
2021-11-05,Contra Costa,013,1133247,100081,99282,2232,101514,1025
2021-11-05,Del Norte,015,27424,3698,3607,55,3662,42
2021-11-05,El Dorado,017,186661,16203,15958,1700,17658,156
2021-11-05,Fresno,019,978130,141785,139249,12925,152174,2170
2021-11-05,Glenn,021,27897,3529,3479,1019,4498,33
2021-11-05,Humboldt,023,135768,9171,8972,576,9548,109
2021-11-05,Imperial,025,180216,33963,33471,3285,36756,766
2021-11-05,Inyo,027,18085,2418,2353,41,2394,41
2021-11-05,Kern,029,883053,128900,126848,22680,149528,1684
2021-11-05,Kings,031,150075,32583,32018,1977,33995,342
2021-11-05,Lake,033,64148,6792,6695,155,6850,106
2021-11-05,Lassen,035,31185,6932,6796,391,7187,46
2021-11-05,Los Angeles,037,10098052,1444841,1433081,55299,1488380,26533
2021-11-05,Madera,039,155013,23506,22994,2165,25159,287
2021-11-05,Marin,041,260295,17679,17520,463,17983,247
2021-11-05,Mariposa,043,17540,1334,1282,49,1331,5
2021-11-05,Mendocino,045,87422,7666,7486,597,8083,85
2021-11-05,Merced,047,269075,42267,41958,1960,43918,604
2021-11-05,Modoc,049,8938,550,523,197,720,5
2021-11-05,Mono,051,14174,1741,1725,22,1747,4
2021-11-05,Monterey,053,433212,48983,47830,2995,50825,602
2021-11-05,Napa,055,140530,13080,12950,116,13066,103
2021-11-05,Nevada,057,99092,9340,9169,328,9497,91
2021-11-05,Orange,059,3164182,308899,306049,15373,321422,5611
2021-11-05,Placer,061,380077,37524,36967,3704,40671,438
2021-11-05,Plumas,063,18699,1843,1755,39,1794,7
2021-11-05,Riverside,065,2383286,365801,360584,16534,377118,5138
2021-11-05,Sacramento,067,1510023,160300,158766,4691,163457,2263
2021-11-05,San Benito,069,59416,7465,7429,172,7601,75
2021-11-05,San Bernardino,071,2135413,356534,353142,11282,364424,5813
2021-11-05,San Diego,073,3302833,376707,373423,21968,395391,4246
2021-11-05,San Francisco,075,870044,53416,52556,2361,54917,666
2021-11-05,San Joaquin,077,732212,100380,99372,5491,104863,1782
2021-11-05,San Luis Obispo,079,281455,29771,29335,1263,30598,350
2021-11-05,San Mateo,081,765935,54549,53442,894,54336,574
2021-11-05,Santa Barbara,083,443738,44676,44301,1628,45929,532
2021-11-05,Santa Clara,085,1922200,148002,146519,1381,147900,1894
2021-11-05,Santa Cruz,087,273765,20552,20311,1015,21326,222
2021-11-05,Shasta,089,179085,21739,21281,3632,24913,349
2021-11-05,Sierra,091,2930,188,181,21,202,0
2021-11-05,Siskiyou,093,43540,3354,3279,1308,4587,48
2021-11-05,Solano,095,438530,46171,45465,1280,46745,350
2021-11-05,Sonoma,097,501317,41814,41398,532,41930,395
2021-11-05,Stanislaus,099,539301,79036,78902,8921,87823,1193
2021-11-05,Sutter,101,95872,13998,13908,354,14262,180
2021-11-05,Tehama,103,63373,8609,8474,1505,9979,120
2021-11-05,Trinity,105,12862,860,732,217,949,11
2021-11-05,Tulare,107,460477,69198,67767,15336,83103,1010
2021-11-05,Tuolumne,109,53932,7334,7245,103,7348,90
2021-11-05,Ventura,111,848112,98676,97770,4333,102103,1180
2021-11-05,Yolo,113,214977,19964,19827,1158,20985,255
2021-11-05,Yuba,115,75493,10211,10107,338,10445,83
2021-11-04,Alameda,001,1643700,120242,119499,2823,122322,1436
2021-11-04,Alpine,003,1148,102,105,0,105,0
2021-11-04,Amador,005,37829,5603,5557,63,5620,66
2021-11-04,Butte,007,227075,21133,20796,3793,24589,288
2021-11-04,Calaveras,009,45235,4148,4105,57,4162,82
2021-11-04,Colusa,011,21464,2529,2501,645,3146,19
2021-11-04,Contra Costa,013,1133247,99989,99282,2227,101509,1025
2021-11-04,Del Norte,015,27424,3695,3607,55,3662,42
2021-11-04,El Dorado,017,186661,16177,15958,1696,17654,156
2021-11-04,Fresno,019,978130,141505,139249,12916,152165,2170
2021-11-04,Glenn,021,27897,3524,3479,1018,4497,33
2021-11-04,Humboldt,023,135768,9146,8972,573,9545,109
2021-11-04,Imperial,025,180216,33905,33471,3276,36747,766
2021-11-04,Inyo,027,18085,2410,2353,41,2394,41
2021-11-04,Kern,029,883053,128668,126848,22612,149460,1684
2021-11-04,Kings,031,150075,32504,32018,1968,33986,342
2021-11-04,Lake,033,64148,6782,6695,153,6848,106
2021-11-04,Lassen,035,31185,6922,6796,386,7182,46
2021-11-04,Los Angeles,037,10098052,1443543,1433081,55215,1488296,26533
2021-11-04,Madera,039,155013,23451,22994,2154,25148,287
2021-11-04,Marin,041,260295,17667,17520,461,17981,247
2021-11-04,Mariposa,043,17540,1327,1282,49,1331,5
2021-11-04,Mendocino,045,87422,7653,7486,591,8077,85
2021-11-04,Merced,047,269075,42212,41958,1956,43914,604
2021-11-04,Modoc,049,8938,549,523,197,720,5
2021-11-04,Mono,051,14174,1736,1725,22,1747,4
2021-11-04,Monterey,053,433212,48938,47830,2979,50809,602
2021-11-04,Napa,055,140530,13059,12950,116,13066,103
2021-11-04,Nevada,057,99092,9309,9169,327,9496,91
2021-11-04,Orange,059,3164182,308651,306049,15354,321403,5611
2021-11-04,Placer,061,380077,37453,36967,3695,40662,438
2021-11-04,Plumas,063,18699,1835,1755,35,1790,7
2021-11-04,Riverside,065,2383286,365405,360584,16525,377109,5138
2021-11-04,Sacramento,067,1510023,160066,158766,4670,163436,2263
2021-11-04,San Benito,069,59416,7459,7429,172,7601,75
2021-11-04,San Bernardino,071,2135413,356099,353142,11275,364417,5813
2021-11-04,San Diego,073,3302833,376226,373423,21947,395370,4246
2021-11-04,San Francisco,075,870044,53335,52556,2357,54913,666
2021-11-04,San Joaquin,077,732212,100272,99372,5479,104851,1782
2021-11-04,San Luis Obispo,079,281455,29747,29335,1257,30592,350
2021-11-04,San Mateo,081,765935,54490,53442,888,54330,574
2021-11-04,Santa Barbara,083,443738,44620,44301,1628,45929,532
2021-11-04,Santa Clara,085,1922200,147848,146519,1377,147896,1894
2021-11-04,Santa Cruz,087,273765,20517,20311,1015,21326,222
2021-11-04,Shasta,089,179085,21681,21281,3626,24907,349
2021-11-04,Sierra,091,2930,186,181,21,202,0
2021-11-04,Siskiyou,093,43540,3351,3279,1301,4580,48
2021-11-04,Solano,095,438530,46129,45465,1279,46744,350
2021-11-04,Sonoma,097,501317,41754,41398,532,41930,395
2021-11-04,Stanislaus,099,539301,78898,78902,8915,87817,1193
2021-11-04,Sutter,101,95872,13987,13908,352,14260,180
2021-11-04,Tehama,103,63373,8600,8474,1501,9975,120
2021-11-04,Trinity,105,12862,859,732,217,949,11
2021-11-04,Tulare,107,460477,69082,67767,15290,83057,1010
2021-11-04,Tuolumne,109,53932,7312,7245,101,7346,90
2021-11-04,Ventura,111,848112,98588,97770,4330,102100,1180
2021-11-04,Yolo,113,214977,19939,19827,1152,20979,255
2021-11-04,Yuba,115,75493,10197,10107,336,10443,83
2021-11-03,Alameda,001,1643700,120100,119356,2819,122175,1428
2021-11-03,Alpine,003,1148,102,105,0,105,0
2021-11-03,Amador,005,37829,5597,5545,62,5607,66
2021-11-03,Butte,007,227075,21088,20769,3784,24553,284
2021-11-03,Calaveras,009,45235,4130,4087,56,4143,82
2021-11-03,Colusa,011,21464,2523,2499,645,3144,20
2021-11-03,Contra Costa,013,1133247,99889,99168,2222,101390,1025
2021-11-03,Del Norte,015,27424,3693,3600,54,3654,42
2021-11-03,El Dorado,017,186661,16151,15915,1693,17608,156
2021-11-03,Fresno,019,978130,141141,138873,12892,151765,2166
2021-11-03,Glenn,021,27897,3520,3470,1018,4488,33
2021-11-03,Humboldt,023,135768,9129,8949,568,9517,109
2021-11-03,Imperial,025,180216,33834,33402,3266,36668,766
2021-11-03,Inyo,027,18085,2389,2344,41,2385,41
2021-11-03,Kern,029,883053,128407,126523,22510,149033,1681
2021-11-03,Kings,031,150075,32449,31923,1960,33883,341
2021-11-03,Lake,033,64148,6766,6685,153,6838,106
2021-11-03,Lassen,035,31185,6906,6782,381,7163,46
2021-11-03,Los Angeles,037,10098052,1442192,1431209,55130,1486339,26517
2021-11-03,Madera,039,155013,23384,22893,2145,25038,287
2021-11-03,Marin,041,260295,17646,17491,457,17948,247
2021-11-03,Mariposa,043,17540,1317,1276,49,1325,5
2021-11-03,Mendocino,045,87422,7637,7457,583,8040,84
2021-11-03,Merced,047,269075,42151,41849,1946,43795,597
2021-11-03,Modoc,049,8938,549,521,195,716,5
2021-11-03,Mono,051,14174,1732,1719,22,1741,4
2021-11-03,Monterey,053,433212,48889,47794,2966,50760,601
2021-11-03,Napa,055,140530,13047,12937,115,13052,103
2021-11-03,Nevada,057,99092,9282,9131,326,9457,91
2021-11-03,Orange,059,3164182,308340,305661,15321,320982,5607
2021-11-03,Placer,061,380077,37383,36868,3690,40558,438
2021-11-03,Plumas,063,18699,1824,1739,34,1773,7
2021-11-03,Riverside,065,2383286,364947,360060,16521,376581,5131
2021-11-03,Sacramento,067,1510023,159842,158311,4659,162970,2259
2021-11-03,San Benito,069,59416,7451,7419,172,7591,75
2021-11-03,San Bernardino,071,2135413,355624,352225,11255,363480,5813
2021-11-03,San Diego,073,3302833,375715,372951,21924,394875,4241
2021-11-03,San Francisco,075,870044,53242,52493,2352,54845,663
2021-11-03,San Joaquin,077,732212,100160,99188,5468,104656,1776
2021-11-03,San Luis Obispo,079,281455,29705,29276,1251,30527,348
2021-11-03,San Mateo,081,765935,54426,53396,882,54278,571
2021-11-03,Santa Barbara,083,443738,44563,44220,1625,45845,531
2021-11-03,Santa Clara,085,1922200,147678,146259,1370,147629,1897
2021-11-03,Santa Cruz,087,273765,20482,20275,1015,21290,222
2021-11-03,Shasta,089,179085,21623,21215,3619,24834,346
2021-11-03,Sierra,091,2930,184,180,21,201,0
2021-11-03,Siskiyou,093,43540,3347,3276,1299,4575,46
2021-11-03,Solano,095,438530,46102,45411,1277,46688,351
2021-11-03,Sonoma,097,501317,41677,41326,530,41856,395
2021-11-03,Stanislaus,099,539301,78767,78736,8899,87635,1193
2021-11-03,Sutter,101,95872,13974,13876,350,14226,179
2021-11-03,Tehama,103,63373,8588,8438,1501,9939,118
2021-11-03,Trinity,105,12862,858,730,217,947,11
2021-11-03,Tulare,107,460477,68955,67588,15246,82834,1007
2021-11-03,Tuolumne,109,53932,7295,7218,99,7317,90
2021-11-03,Ventura,111,848112,98479,97682,4326,102008,1178
2021-11-03,Yolo,113,214977,19921,19758,1144,20902,250
2021-11-03,Yuba,115,75493,10185,10092,336,10428,83
2021-11-02,Alameda,001,1643700,119954,119241,2813,122054,1425
2021-11-02,Alpine,003,1148,101,105,0,105,0
2021-11-02,Amador,005,37829,5592,5535,62,5597,66
2021-11-02,Butte,007,227075,21044,20744,3773,24517,282
2021-11-02,Calaveras,009,45235,4107,4075,56,4131,82
2021-11-02,Colusa,011,21464,2518,2497,644,3141,19
2021-11-02,Contra Costa,013,1133247,99787,99080,2210,101290,1025
2021-11-02,Del Norte,015,27424,3691,3596,54,3650,42
2021-11-02,El Dorado,017,186661,16122,15883,1693,17576,154
2021-11-02,Fresno,019,978130,140820,138644,12862,151506,2158
2021-11-02,Glenn,021,27897,3512,3469,1015,4484,33
2021-11-02,Humboldt,023,135768,9087,8937,567,9504,109
2021-11-02,Imperial,025,180216,33761,33371,3254,36625,766
2021-11-02,Inyo,027,18085,2382,2324,41,2365,41
2021-11-02,Kern,029,883053,128151,126311,22388,148699,1665
2021-11-02,Kings,031,150075,32390,31896,1955,33851,339
2021-11-02,Lake,033,64148,6761,6681,152,6833,106
2021-11-02,Lassen,035,31185,6894,6777,378,7155,45
2021-11-02,Los Angeles,037,10098052,1440737,1429601,55054,1484655,26496
2021-11-02,Madera,039,155013,23303,22837,2134,24971,287
2021-11-02,Marin,041,260295,17618,17482,457,17939,247
2021-11-02,Mariposa,043,17540,1306,1270,48,1318,5
2021-11-02,Mendocino,045,87422,7613,7447,571,8018,84
2021-11-02,Merced,047,269075,42084,41785,1938,43723,596
2021-11-02,Modoc,049,8938,546,520,194,714,5
2021-11-02,Mono,051,14174,1728,1718,22,1740,4
2021-11-02,Monterey,053,433212,48838,47775,2948,50723,599
2021-11-02,Napa,055,140530,13029,12930,115,13045,104
2021-11-02,Nevada,057,99092,9252,9122,325,9447,91
2021-11-02,Orange,059,3164182,308024,305369,15274,320643,5600
2021-11-02,Placer,061,380077,37311,36817,3675,40492,438
2021-11-02,Plumas,063,18699,1813,1721,34,1755,7
2021-11-02,Riverside,065,2383286,364495,359586,16501,376087,5116
2021-11-02,Sacramento,067,1510023,159587,158112,4636,162748,2250
2021-11-02,San Benito,069,59416,7435,7407,172,7579,75
2021-11-02,San Bernardino,071,2135413,355151,351832,11202,363034,5813
2021-11-02,San Diego,073,3302833,375120,372440,21894,394334,4232
2021-11-02,San Francisco,075,870044,53123,52450,2348,54798,663
2021-11-02,San Joaquin,077,732212,100025,99076,5457,104533,1772
2021-11-02,San Luis Obispo,079,281455,29672,29224,1247,30471,348
2021-11-02,San Mateo,081,765935,54354,53351,879,54230,571
2021-11-02,Santa Barbara,083,443738,44507,44177,1621,45798,531
2021-11-02,Santa Clara,085,1922200,147484,146115,1363,147478,1896
2021-11-02,Santa Cruz,087,273765,20449,20266,1014,21280,222
2021-11-02,Shasta,089,179085,21549,21127,3609,24736,344
2021-11-02,Sierra,091,2930,184,180,20,200,0
2021-11-02,Siskiyou,093,43540,3345,3272,1296,4568,46
2021-11-02,Solano,095,438530,46062,45378,1271,46649,350
2021-11-02,Sonoma,097,501317,41597,41288,529,41817,395
2021-11-02,Stanislaus,099,539301,78612,78629,8879,87508,1193
2021-11-02,Sutter,101,95872,13953,13868,350,14218,179
2021-11-02,Tehama,103,63373,8572,8422,1498,9920,116
2021-11-02,Trinity,105,12862,858,729,217,946,11
2021-11-02,Tulare,107,460477,68830,67502,15197,82699,1002
2021-11-02,Tuolumne,109,53932,7274,7204,97,7301,90
2021-11-02,Ventura,111,848112,98374,97574,4322,101896,1178
2021-11-02,Yolo,113,214977,19890,19736,1142,20878,250
2021-11-02,Yuba,115,75493,10162,10080,334,10414,83
2021-11-01,Alameda,001,1643700,119816,119159,2810,121969,1421
2021-11-01,Alpine,003,1148,101,105,0,105,0
2021-11-01,Amador,005,37829,5590,5532,62,5594,64
2021-11-01,Butte,007,227075,20994,20710,3768,24478,281
2021-11-01,Calaveras,009,45235,4097,4059,55,4114,82
2021-11-01,Colusa,011,21464,2516,2494,641,3135,19
2021-11-01,Contra Costa,013,1133247,99662,99011,2201,101212,1025
2021-11-01,Del Norte,015,27424,3689,3594,54,3648,42
2021-11-01,El Dorado,017,186661,16098,15858,1687,17545,154
2021-11-01,Fresno,019,978130,140444,138421,12825,151246,2149
2021-11-01,Glenn,021,27897,3505,3461,1013,4474,33
2021-11-01,Humboldt,023,135768,9059,8929,563,9492,108
2021-11-01,Imperial,025,180216,33710,33342,3245,36587,766
2021-11-01,Inyo,027,18085,2370,2307,41,2348,41
2021-11-01,Kern,029,883053,127851,126092,22273,148365,1660
2021-11-01,Kings,031,150075,32337,31866,1953,33819,337
2021-11-01,Lake,033,64148,6750,6676,151,6827,106
2021-11-01,Lassen,035,31185,6879,6775,375,7150,42
2021-11-01,Los Angeles,037,10098052,1439347,1428891,54962,1483853,26483
2021-11-01,Madera,039,155013,23224,22801,2129,24930,283
2021-11-01,Marin,041,260295,17598,17460,456,17916,247
2021-11-01,Mariposa,043,17540,1298,1266,47,1313,5
2021-11-01,Mendocino,045,87422,7580,7422,553,7975,84
2021-11-01,Merced,047,269075,41994,41740,1936,43676,594
2021-11-01,Modoc,049,8938,541,520,192,712,5
2021-11-01,Mono,051,14174,1724,1714,22,1736,3
2021-11-01,Monterey,053,433212,48795,47756,2936,50692,597
2021-11-01,Napa,055,140530,13002,12916,114,13030,101
2021-11-01,Nevada,057,99092,9229,9108,324,9432,91
2021-11-01,Orange,059,3164182,307682,305192,15232,320424,5596
2021-11-01,Placer,061,380077,37228,36747,3663,40410,435
2021-11-01,Plumas,063,18699,1794,1719,34,1753,7
2021-11-01,Riverside,065,2383286,363993,359263,16479,375742,5115
2021-11-01,Sacramento,067,1510023,159315,157893,4612,162505,2239
2021-11-01,San Benito,069,59416,7425,7406,171,7577,73
2021-11-01,San Bernardino,071,2135413,354666,351620,11181,362801,5815
2021-11-01,San Diego,073,3302833,374535,372043,21876,393919,4232
2021-11-01,San Francisco,075,870044,53036,52418,2341,54759,661
2021-11-01,San Joaquin,077,732212,99862,98969,5450,104419,1772
2021-11-01,San Luis Obispo,079,281455,29628,29199,1242,30441,343
2021-11-01,San Mateo,081,765935,54288,53314,875,54189,571
2021-11-01,Santa Barbara,083,443738,44440,44146,1617,45763,529
2021-11-01,Santa Clara,085,1922200,147287,145978,1358,147336,1907
2021-11-01,Santa Cruz,087,273765,20414,20238,1014,21252,221
2021-11-01,Shasta,089,179085,21496,21104,3602,24706,338
2021-11-01,Sierra,091,2930,184,180,20,200,0
2021-11-01,Siskiyou,093,43540,3338,3272,1291,4563,46
2021-11-01,Solano,095,438530,46008,45358,1271,46629,350
2021-11-01,Sonoma,097,501317,41524,41234,529,41763,395
2021-11-01,Stanislaus,099,539301,78483,78534,8864,87398,1193
2021-11-01,Sutter,101,95872,13929,13852,348,14200,179
2021-11-01,Tehama,103,63373,8544,8412,1495,9907,116
2021-11-01,Trinity,105,12862,856,727,217,944,11
2021-11-01,Tulare,107,460477,68686,67388,15144,82532,1002
2021-11-01,Tuolumne,109,53932,7258,7175,96,7271,90
2021-11-01,Ventura,111,848112,98284,97507,4320,101827,1178
2021-11-01,Yolo,113,214977,19870,19708,1135,20843,250
2021-11-01,Yuba,115,75493,10144,10066,332,10398,83
2021-10-31,Alameda,001,1643700,119672,119071,2807,121878,1419
2021-10-31,Alpine,003,1148,101,105,0,105,0
2021-10-31,Amador,005,37829,5579,5518,62,5580,64
2021-10-31,Butte,007,227075,20933,20689,3759,24448,281
2021-10-31,Calaveras,009,45235,4079,4052,54,4106,82
2021-10-31,Colusa,011,21464,2514,2493,638,3131,18
2021-10-31,Contra Costa,013,1133247,99534,98936,2198,101134,1025
2021-10-31,Del Norte,015,27424,3683,3591,54,3645,42
2021-10-31,El Dorado,017,186661,16052,15841,1684,17525,154
2021-10-31,Fresno,019,978130,140039,138165,12789,150954,2147
2021-10-31,Glenn,021,27897,3500,3459,1013,4472,33
2021-10-31,Humboldt,023,135768,9011,8919,557,9476,108
2021-10-31,Imperial,025,180216,33635,33334,3233,36567,766
2021-10-31,Inyo,027,18085,2351,2309,41,2350,41
2021-10-31,Kern,029,883053,127480,125917,22148,148065,1666
2021-10-31,Kings,031,150075,32251,31814,1941,33755,338
2021-10-31,Lake,033,64148,6739,6665,149,6814,106
2021-10-31,Lassen,035,31185,6864,6768,370,7138,42
2021-10-31,Los Angeles,037,10098052,1437798,1427933,54878,1482811,26474
2021-10-31,Madera,039,155013,23129,22744,2116,24860,283
2021-10-31,Marin,041,260295,17570,17443,455,17898,247
2021-10-31,Mariposa,043,17540,1292,1257,46,1303,5
2021-10-31,Mendocino,045,87422,7539,7403,536,7939,84
2021-10-31,Merced,047,269075,41900,41699,1916,43615,589
2021-10-31,Modoc,049,8938,535,517,189,706,5
2021-10-31,Mono,051,14174,1720,1711,22,1733,3
2021-10-31,Monterey,053,433212,48754,47744,2918,50662,596
2021-10-31,Napa,055,140530,12985,12906,112,13018,101
2021-10-31,Nevada,057,99092,9192,9084,319,9403,91
2021-10-31,Orange,059,3164182,307333,305032,15149,320181,5596
2021-10-31,Placer,061,380077,37131,36698,3649,40347,435
2021-10-31,Plumas,063,18699,1776,1716,34,1750,7
2021-10-31,Riverside,065,2383286,363414,359005,16465,375470,5104
2021-10-31,Sacramento,067,1510023,158963,157667,4597,162264,2243
2021-10-31,San Benito,069,59416,7416,7397,169,7566,73
2021-10-31,San Bernardino,071,2135413,354133,351411,11167,362578,5810
2021-10-31,San Diego,073,3302833,373961,371603,21845,393448,4218
2021-10-31,San Francisco,075,870044,52927,52370,2335,54705,661
2021-10-31,San Joaquin,077,732212,99698,98893,5436,104329,1772
2021-10-31,San Luis Obispo,079,281455,29574,29176,1241,30417,343
2021-10-31,San Mateo,081,765935,54229,53284,873,54157,571
2021-10-31,Santa Barbara,083,443738,44370,44113,1612,45725,529
2021-10-31,Santa Clara,085,1922200,147072,145829,1344,147173,1908
2021-10-31,Santa Cruz,087,273765,20379,20218,1013,21231,221
2021-10-31,Shasta,089,179085,21413,21086,3590,24676,338
2021-10-31,Sierra,091,2930,184,180,20,200,0
2021-10-31,Siskiyou,093,43540,3332,3271,1290,4561,46
2021-10-31,Solano,095,438530,45960,45310,1264,46574,350
2021-10-31,Sonoma,097,501317,41454,41183,526,41709,395
2021-10-31,Stanislaus,099,539301,78293,78426,8849,87275,1193
2021-10-31,Sutter,101,95872,13910,13838,345,14183,179
2021-10-31,Tehama,103,63373,8513,8391,1491,9882,116
2021-10-31,Trinity,105,12862,856,724,217,941,11
2021-10-31,Tulare,107,460477,68492,67310,15053,82363,1002
2021-10-31,Tuolumne,109,53932,7229,7141,95,7236,90
2021-10-31,Ventura,111,848112,98163,97460,4315,101775,1178
2021-10-31,Yolo,113,214977,19826,19662,1129,20791,250
2021-10-31,Yuba,115,75493,10126,10051,322,10373,83
2021-10-30,Alameda,001,1643700,119612,118632,2805,121437,1419
2021-10-30,Alpine,003,1148,101,105,0,105,0
2021-10-30,Amador,005,37829,5570,5480,61,5541,64
2021-10-30,Butte,007,227075,20918,20516,3753,24269,277
2021-10-30,Calaveras,009,45235,4072,3992,54,4046,82
2021-10-30,Colusa,011,21464,2514,2484,637,3121,19
2021-10-30,Contra Costa,013,1133247,99471,98562,2197,100759,1024
2021-10-30,Del Norte,015,27424,3680,3574,54,3628,42
2021-10-30,El Dorado,017,186661,16036,15752,1679,17431,154
2021-10-30,Fresno,019,978130,139895,136901,12777,149678,2131
2021-10-30,Glenn,021,27897,3496,3442,1013,4455,33
2021-10-30,Humboldt,023,135768,8996,8871,555,9426,105
2021-10-30,Imperial,025,180216,33590,33156,3229,36385,766
2021-10-30,Inyo,027,18085,2348,2249,41,2290,41
2021-10-30,Kern,029,883053,127327,124892,22077,146969,1653
2021-10-30,Kings,031,150075,32217,31578,1937,33515,337
2021-10-30,Lake,033,64148,6734,6610,149,6759,106
2021-10-30,Lassen,035,31185,6858,6719,368,7087,42
2021-10-30,Los Angeles,037,10098052,1437074,1424257,54824,1479081,26625
2021-10-30,Madera,039,155013,23085,22524,2111,24635,283
2021-10-30,Marin,041,260295,17555,17380,453,17833,247
2021-10-30,Mariposa,043,17540,1289,1228,46,1274,5
2021-10-30,Mendocino,045,87422,7516,7338,534,7872,84
2021-10-30,Merced,047,269075,41860,41428,1914,43342,586
2021-10-30,Modoc,049,8938,533,513,188,701,5
2021-10-30,Mono,051,14174,1720,1684,22,1706,3
2021-10-30,Monterey,053,433212,48737,47649,2912,50561,588
2021-10-30,Napa,055,140530,12971,12863,111,12974,101
2021-10-30,Nevada,057,99092,9173,9015,319,9334,91
2021-10-30,Orange,059,3164182,307154,304120,15127,319247,5588
2021-10-30,Placer,061,380077,37085,36400,3643,40043,434
2021-10-30,Plumas,063,18699,1771,1695,34,1729,7
2021-10-30,Riverside,065,2383286,363114,357645,16456,374101,5088
2021-10-30,Sacramento,067,1510023,158804,157125,4588,161713,2233
2021-10-30,San Benito,069,59416,7409,7362,169,7531,71
2021-10-30,San Bernardino,071,2135413,353855,350076,11153,361229,5777
2021-10-30,San Diego,073,3302833,373587,370006,21823,391829,4213
2021-10-30,San Francisco,075,870044,52898,52161,2333,54494,661
2021-10-30,San Joaquin,077,732212,99642,98314,5435,103749,1768
2021-10-30,San Luis Obispo,079,281455,29542,29053,1238,30291,341
2021-10-30,San Mateo,081,765935,54190,53083,873,53956,571
2021-10-30,Santa Barbara,083,443738,44335,43972,1611,45583,528
2021-10-30,Santa Clara,085,1922200,146967,145262,1340,146602,1903
2021-10-30,Santa Cruz,087,273765,20361,20134,1011,21145,221
2021-10-30,Shasta,089,179085,21369,20878,3584,24462,332
2021-10-30,Sierra,091,2930,184,175,20,195,0
2021-10-30,Siskiyou,093,43540,3331,3257,1287,4544,46
2021-10-30,Solano,095,438530,45939,45146,1262,46408,346
2021-10-30,Sonoma,097,501317,41415,40924,526,41450,393
2021-10-30,Stanislaus,099,539301,78223,77871,8842,86713,1191
2021-10-30,Sutter,101,95872,13897,13773,345,14118,178
2021-10-30,Tehama,103,63373,8502,8307,1486,9793,114
2021-10-30,Trinity,105,12862,854,708,216,924,11
2021-10-30,Tulare,107,460477,68421,66745,15006,81751,995
2021-10-30,Tuolumne,109,53932,7205,7050,94,7144,90
2021-10-30,Ventura,111,848112,98114,97182,4312,101494,1174
2021-10-30,Yolo,113,214977,19807,19568,1127,20695,250
2021-10-30,Yuba,115,75493,10115,9969,322,10291,82
2021-10-29,Alameda,001,1643700,119533,118632,2800,121432,1419
2021-10-29,Alpine,003,1148,101,105,0,105,0
2021-10-29,Amador,005,37829,5559,5480,61,5541,64
2021-10-29,Butte,007,227075,20893,20516,3743,24259,277
2021-10-29,Calaveras,009,45235,4065,3992,54,4046,82
2021-10-29,Colusa,011,21464,2514,2484,635,3119,19
2021-10-29,Contra Costa,013,1133247,99404,98562,2195,100757,1024
2021-10-29,Del Norte,015,27424,3673,3574,54,3628,42
2021-10-29,El Dorado,017,186661,16022,15752,1679,17431,154
2021-10-29,Fresno,019,978130,139680,136901,12762,149663,2131
2021-10-29,Glenn,021,27897,3495,3442,1012,4454,33
2021-10-29,Humboldt,023,135768,8991,8871,554,9425,105
2021-10-29,Imperial,025,180216,33563,33156,3226,36382,766
2021-10-29,Inyo,027,18085,2345,2249,41,2290,41
2021-10-29,Kern,029,883053,127150,124892,21987,146879,1653
2021-10-29,Kings,031,150075,32183,31578,1935,33513,337
2021-10-29,Lake,033,64148,6725,6610,146,6756,106
2021-10-29,Lassen,035,31185,6849,6719,365,7084,42
2021-10-29,Los Angeles,037,10098052,1436228,1424257,54780,1479037,26625
2021-10-29,Madera,039,155013,23033,22524,2106,24630,283
2021-10-29,Marin,041,260295,17539,17380,452,17832,247
2021-10-29,Mariposa,043,17540,1285,1228,46,1274,5
2021-10-29,Mendocino,045,87422,7508,7338,534,7872,84
2021-10-29,Merced,047,269075,41810,41428,1908,43336,586
2021-10-29,Modoc,049,8938,531,513,187,700,5
2021-10-29,Mono,051,14174,1718,1684,22,1706,3
2021-10-29,Monterey,053,433212,48714,47649,2912,50561,588
2021-10-29,Napa,055,140530,12950,12863,111,12974,101
2021-10-29,Nevada,057,99092,9161,9015,319,9334,91
2021-10-29,Orange,059,3164182,306929,304120,15107,319227,5588
2021-10-29,Placer,061,380077,37049,36400,3632,40032,434
2021-10-29,Plumas,063,18699,1765,1695,34,1729,7
2021-10-29,Riverside,065,2383286,362780,357645,16451,374096,5088
2021-10-29,Sacramento,067,1510023,158615,157125,4579,161704,2233
2021-10-29,San Benito,069,59416,7406,7362,169,7531,71
2021-10-29,San Bernardino,071,2135413,353557,350076,11144,361220,5777
2021-10-29,San Diego,073,3302833,373211,370006,21795,391801,4213
2021-10-29,San Francisco,075,870044,52839,52161,2327,54488,661
2021-10-29,San Joaquin,077,732212,99585,98314,5430,103744,1768
2021-10-29,San Luis Obispo,079,281455,29516,29053,1236,30289,341
2021-10-29,San Mateo,081,765935,54147,53083,871,53954,571
2021-10-29,Santa Barbara,083,443738,44295,43972,1608,45580,528
2021-10-29,Santa Clara,085,1922200,146852,145262,1333,146595,1903
2021-10-29,Santa Cruz,087,273765,20354,20134,1010,21144,221
2021-10-29,Shasta,089,179085,21330,20878,3578,24456,332
2021-10-29,Sierra,091,2930,182,175,20,195,0
2021-10-29,Siskiyou,093,43540,3331,3257,1286,4543,46
2021-10-29,Solano,095,438530,45902,45146,1261,46407,346
2021-10-29,Sonoma,097,501317,41394,40924,526,41450,393
2021-10-29,Stanislaus,099,539301,78137,77871,8831,86702,1191
2021-10-29,Sutter,101,95872,13878,13773,345,14118,178
2021-10-29,Tehama,103,63373,8489,8307,1485,9792,114
2021-10-29,Trinity,105,12862,853,708,216,924,11
2021-10-29,Tulare,107,460477,68316,66745,14961,81706,995
2021-10-29,Tuolumne,109,53932,7192,7050,94,7144,90
2021-10-29,Ventura,111,848112,98059,97182,4308,101490,1174
2021-10-29,Yolo,113,214977,19789,19568,1122,20690,250
2021-10-29,Yuba,115,75493,10107,9969,318,10287,82
2021-10-28,Alameda,001,1643700,119409,118632,2793,121425,1419
2021-10-28,Alpine,003,1148,101,105,0,105,0
2021-10-28,Amador,005,37829,5546,5480,61,5541,64
2021-10-28,Butte,007,227075,20850,20516,3734,24250,277
2021-10-28,Calaveras,009,45235,4052,3992,54,4046,82
2021-10-28,Colusa,011,21464,2511,2484,634,3118,19
2021-10-28,Contra Costa,013,1133247,99274,98562,2190,100752,1024
2021-10-28,Del Norte,015,27424,3672,3574,54,3628,42
2021-10-28,El Dorado,017,186661,15996,15752,1676,17428,154
2021-10-28,Fresno,019,978130,139347,136901,12729,149630,2131
2021-10-28,Glenn,021,27897,3492,3442,1010,4452,33
2021-10-28,Humboldt,023,135768,8975,8871,549,9420,105
2021-10-28,Imperial,025,180216,33498,33156,3220,36376,766
2021-10-28,Inyo,027,18085,2328,2249,41,2290,41
2021-10-28,Kern,029,883053,126902,124892,21873,146765,1653
2021-10-28,Kings,031,150075,32114,31578,1930,33508,337
2021-10-28,Lake,033,64148,6715,6610,146,6756,106
2021-10-28,Lassen,035,31185,6839,6719,361,7080,42
2021-10-28,Los Angeles,037,10098052,1435088,1424257,54707,1478964,26625
2021-10-28,Madera,039,155013,22979,22524,2095,24619,283
2021-10-28,Marin,041,260295,17521,17380,451,17831,247
2021-10-28,Mariposa,043,17540,1281,1228,46,1274,5
2021-10-28,Mendocino,045,87422,7495,7338,523,7861,84
2021-10-28,Merced,047,269075,41725,41428,1896,43324,586
2021-10-28,Modoc,049,8938,530,513,187,700,5
2021-10-28,Mono,051,14174,1712,1684,22,1706,3
2021-10-28,Monterey,053,433212,48683,47649,2895,50544,588
2021-10-28,Napa,055,140530,12941,12863,110,12973,101
2021-10-28,Nevada,057,99092,9143,9015,319,9334,91
2021-10-28,Orange,059,3164182,306642,304120,15042,319162,5588
2021-10-28,Placer,061,380077,36970,36400,3623,40023,434
2021-10-28,Plumas,063,18699,1757,1695,34,1729,7
2021-10-28,Riverside,065,2383286,362342,357645,16427,374072,5088
2021-10-28,Sacramento,067,1510023,158349,157125,4567,161692,2233
2021-10-28,San Benito,069,59416,7398,7362,169,7531,71
2021-10-28,San Bernardino,071,2135413,353140,350076,11122,361198,5777
2021-10-28,San Diego,073,3302833,372738,370006,21772,391778,4213
2021-10-28,San Francisco,075,870044,52793,52161,2320,54481,661
2021-10-28,San Joaquin,077,732212,99457,98314,5429,103743,1768
2021-10-28,San Luis Obispo,079,281455,29487,29053,1233,30286,341
2021-10-28,San Mateo,081,765935,54102,53083,869,53952,571
2021-10-28,Santa Barbara,083,443738,44256,43972,1606,45578,528
2021-10-28,Santa Clara,085,1922200,146694,145262,1328,146590,1903
2021-10-28,Santa Cruz,087,273765,20330,20134,1010,21144,221
2021-10-28,Shasta,089,179085,21255,20878,3571,24449,332
2021-10-28,Sierra,091,2930,181,175,20,195,0
2021-10-28,Siskiyou,093,43540,3330,3257,1286,4543,46
2021-10-28,Solano,095,438530,45863,45146,1260,46406,346
2021-10-28,Sonoma,097,501317,41326,40924,525,41449,393
2021-10-28,Stanislaus,099,539301,77985,77871,8815,86686,1191
2021-10-28,Sutter,101,95872,13865,13773,341,14114,178
2021-10-28,Tehama,103,63373,8452,8307,1482,9789,114
2021-10-28,Trinity,105,12862,850,708,216,924,11
2021-10-28,Tulare,107,460477,68176,66745,14903,81648,995
2021-10-28,Tuolumne,109,53932,7161,7050,94,7144,90
2021-10-28,Ventura,111,848112,97974,97182,4305,101487,1174
2021-10-28,Yolo,113,214977,19751,19568,1117,20685,250
2021-10-28,Yuba,115,75493,10078,9969,315,10284,82
2021-10-27,Alameda,001,1643700,119287,118487,2791,121278,1414
2021-10-27,Alpine,003,1148,101,105,0,105,0
2021-10-27,Amador,005,37829,5534,5470,60,5530,64
2021-10-27,Butte,007,227075,20806,20446,3720,24166,274
2021-10-27,Calaveras,009,45235,4034,3970,53,4023,82
2021-10-27,Colusa,011,21464,2510,2480,633,3113,18
2021-10-27,Contra Costa,013,1133247,99166,98442,2178,100620,1018
2021-10-27,Del Norte,015,27424,3665,3571,53,3624,42
2021-10-27,El Dorado,017,186661,15965,15723,1671,17394,154
2021-10-27,Fresno,019,978130,138965,136447,12695,149142,2128
2021-10-27,Glenn,021,27897,3490,3435,1009,4444,33
2021-10-27,Humboldt,023,135768,8955,8851,547,9398,105
2021-10-27,Imperial,025,180216,33459,33068,3215,36283,766
2021-10-27,Inyo,027,18085,2308,2236,41,2277,41
2021-10-27,Kern,029,883053,126632,124557,21773,146330,1647
2021-10-27,Kings,031,150075,32048,31437,1924,33361,335
2021-10-27,Lake,033,64148,6688,6589,146,6735,105
2021-10-27,Lassen,035,31185,6825,6706,359,7065,42
2021-10-27,Los Angeles,037,10098052,1433855,1422615,54648,1477263,26604
2021-10-27,Madera,039,155013,22894,22413,2071,24484,283
2021-10-27,Marin,041,260295,17506,17362,451,17813,247
2021-10-27,Mariposa,043,17540,1268,1228,46,1274,5
2021-10-27,Mendocino,045,87422,7481,7321,516,7837,84
2021-10-27,Merced,047,269075,41627,41310,1882,43192,583
2021-10-27,Modoc,049,8938,526,513,187,700,5
2021-10-27,Mono,051,14174,1709,1682,22,1704,3
2021-10-27,Monterey,053,433212,48645,47610,2873,50483,588
2021-10-27,Napa,055,140530,12926,12856,109,12965,101
2021-10-27,Nevada,057,99092,9126,8987,318,9305,90
2021-10-27,Orange,059,3164182,306321,303825,14991,318816,5584
2021-10-27,Placer,061,380077,36904,36296,3616,39912,434
2021-10-27,Plumas,063,18699,1749,1686,34,1720,7
2021-10-27,Riverside,065,2383286,361913,357152,16419,373571,5081
2021-10-27,Sacramento,067,1510023,158081,156830,4546,161376,2230
2021-10-27,San Benito,069,59416,7392,7337,169,7506,71
2021-10-27,San Bernardino,071,2135413,352716,349624,11100,360724,5770
2021-10-27,San Diego,073,3302833,372162,369579,21748,391327,4207
2021-10-27,San Francisco,075,870044,52741,52108,2316,54424,655
2021-10-27,San Joaquin,077,732212,99297,98168,5414,103582,1753
2021-10-27,San Luis Obispo,079,281455,29448,29002,1231,30233,341
2021-10-27,San Mateo,081,765935,54047,53032,861,53893,571
2021-10-27,Santa Barbara,083,443738,44203,43901,1603,45504,527
2021-10-27,Santa Clara,085,1922200,146517,145081,1320,146401,1902
2021-10-27,Santa Cruz,087,273765,20303,20091,1008,21099,221
2021-10-27,Shasta,089,179085,21179,20813,3563,24376,331
2021-10-27,Sierra,091,2930,180,176,20,196,0
2021-10-27,Siskiyou,093,43540,3327,3256,1282,4538,46
2021-10-27,Solano,095,438530,45818,45089,1252,46341,346
2021-10-27,Sonoma,097,501317,41250,40829,523,41352,393
2021-10-27,Stanislaus,099,539301,77825,77687,8801,86488,1191
2021-10-27,Sutter,101,95872,13851,13754,341,14095,177
2021-10-27,Tehama,103,63373,8430,8265,1480,9745,113
2021-10-27,Trinity,105,12862,850,706,215,921,11
2021-10-27,Tulare,107,460477,68022,66568,14845,81413,991
2021-10-27,Tuolumne,109,53932,7134,7009,93,7102,90
2021-10-27,Ventura,111,848112,97882,97108,4300,101408,1172
2021-10-27,Yolo,113,214977,19722,19517,1110,20627,250
2021-10-27,Yuba,115,75493,10057,9945,313,10258,82
2021-10-26,Alameda,001,1643700,119150,118360,2789,121149,1407
2021-10-26,Alpine,003,1148,101,105,0,105,0
2021-10-26,Amador,005,37829,5526,5465,59,5524,64
2021-10-26,Butte,007,227075,20748,20387,3703,24090,274
2021-10-26,Calaveras,009,45235,4023,3966,53,4019,81
2021-10-26,Colusa,011,21464,2508,2478,632,3110,18
2021-10-26,Contra Costa,013,1133247,99044,98352,2167,100519,1017
2021-10-26,Del Norte,015,27424,3660,3563,53,3616,42
2021-10-26,El Dorado,017,186661,15937,15690,1662,17352,153
2021-10-26,Fresno,019,978130,138519,136211,12648,148859,2122
2021-10-26,Glenn,021,27897,3475,3431,1006,4437,33
2021-10-26,Humboldt,023,135768,8937,8830,541,9371,105
2021-10-26,Imperial,025,180216,33394,33012,3210,36222,766
2021-10-26,Inyo,027,18085,2293,2200,41,2241,41
2021-10-26,Kern,029,883053,126289,124351,21652,146003,1645
2021-10-26,Kings,031,150075,31981,31382,1917,33299,336
2021-10-26,Lake,033,64148,6678,6584,144,6728,105
2021-10-26,Lassen,035,31185,6805,6689,357,7046,42
2021-10-26,Los Angeles,037,10098052,1432505,1421795,54577,1476372,26599
2021-10-26,Madera,039,155013,22804,22363,2060,24423,283
2021-10-26,Marin,041,260295,17489,17354,450,17804,244
2021-10-26,Mariposa,043,17540,1263,1225,45,1270,5
2021-10-26,Mendocino,045,87422,7452,7308,499,7807,83
2021-10-26,Merced,047,269075,41549,41267,1874,43141,583
2021-10-26,Modoc,049,8938,526,513,187,700,5
2021-10-26,Mono,051,14174,1704,1680,22,1702,3
2021-10-26,Monterey,053,433212,48607,47572,2862,50434,588
2021-10-26,Napa,055,140530,12914,12849,109,12958,101
2021-10-26,Nevada,057,99092,9095,8971,317,9288,90
2021-10-26,Orange,059,3164182,306052,303533,14952,318485,5580
2021-10-26,Placer,061,380077,36806,36245,3610,39855,434
2021-10-26,Plumas,063,18699,1740,1645,34,1679,7
2021-10-26,Riverside,065,2383286,361423,356775,16409,373184,5068
2021-10-26,Sacramento,067,1510023,157780,156643,4529,161172,2228
2021-10-26,San Benito,069,59416,7369,7325,169,7494,71
2021-10-26,San Bernardino,071,2135413,352293,349346,11085,360431,5764
2021-10-26,San Diego,073,3302833,371643,369043,21718,390761,4198
2021-10-26,San Francisco,075,870044,52666,52063,2313,54376,655
2021-10-26,San Joaquin,077,732212,99120,98036,5399,103435,1748
2021-10-26,San Luis Obispo,079,281455,29409,28928,1225,30153,337
2021-10-26,San Mateo,081,765935,53974,52974,858,53832,571
2021-10-26,Santa Barbara,083,443738,44157,43835,1602,45437,525
2021-10-26,Santa Clara,085,1922200,146318,144932,1314,146246,1903
2021-10-26,Santa Cruz,087,273765,20272,20067,1007,21074,221
2021-10-26,Shasta,089,179085,21119,20725,3545,24270,330
2021-10-26,Sierra,091,2930,180,169,20,189,0
2021-10-26,Siskiyou,093,43540,3321,3254,1280,4534,46
2021-10-26,Solano,095,438530,45761,45044,1251,46295,344
2021-10-26,Sonoma,097,501317,41168,40794,521,41315,393
2021-10-26,Stanislaus,099,539301,77649,77552,8776,86328,1157
2021-10-26,Sutter,101,95872,13821,13739,340,14079,176
2021-10-26,Tehama,103,63373,8402,8247,1474,9721,112
2021-10-26,Trinity,105,12862,846,705,215,920,11
2021-10-26,Tulare,107,460477,67863,66476,14783,81259,991
2021-10-26,Tuolumne,109,53932,7108,6995,91,7086,90
2021-10-26,Ventura,111,848112,97773,97014,4296,101310,1170
2021-10-26,Yolo,113,214977,19694,19490,1107,20597,248
2021-10-26,Yuba,115,75493,10039,9927,308,10235,82
2021-10-25,Alameda,001,1643700,119006,118319,2787,121106,1404
2021-10-25,Alpine,003,1148,101,105,0,105,0
2021-10-25,Amador,005,37829,5512,5455,59,5514,64
2021-10-25,Butte,007,227075,20674,20331,3695,24026,273
2021-10-25,Calaveras,009,45235,3993,3942,52,3994,82
2021-10-25,Colusa,011,21464,2506,2471,630,3101,18
2021-10-25,Contra Costa,013,1133247,98926,98267,2162,100429,1017
2021-10-25,Del Norte,015,27424,3653,3562,53,3615,42
2021-10-25,El Dorado,017,186661,15902,15663,1660,17323,149
2021-10-25,Fresno,019,978130,138084,135974,12604,148578,2112
2021-10-25,Glenn,021,27897,3472,3421,1005,4426,33
2021-10-25,Humboldt,023,135768,8914,8825,536,9361,105
2021-10-25,Imperial,025,180216,33333,32968,3199,36167,766
2021-10-25,Inyo,027,18085,2275,2183,41,2224,41
2021-10-25,Kern,029,883053,125937,124078,21513,145591,1649
2021-10-25,Kings,031,150075,31892,31329,1908,33237,335
2021-10-25,Lake,033,64148,6665,6571,144,6715,105
2021-10-25,Lassen,035,31185,6794,6688,355,7043,42
2021-10-25,Los Angeles,037,10098052,1431133,1421061,54510,1475571,26579
2021-10-25,Madera,039,155013,22750,22325,2052,24377,281
2021-10-25,Marin,041,260295,17467,17334,448,17782,244
2021-10-25,Mariposa,043,17540,1249,1220,45,1265,5
2021-10-25,Mendocino,045,87422,7422,7296,495,7791,82
2021-10-25,Merced,047,269075,41481,41207,1847,43054,583
2021-10-25,Modoc,049,8938,524,512,185,697,5
2021-10-25,Mono,051,14174,1696,1677,22,1699,3
2021-10-25,Monterey,053,433212,48575,47547,2860,50407,587
2021-10-25,Napa,055,140530,12901,12841,109,12950,100
2021-10-25,Nevada,057,99092,9069,8958,317,9275,90
2021-10-25,Orange,059,3164182,305754,303279,14914,318193,5574
2021-10-25,Placer,061,380077,36699,36153,3600,39753,431
2021-10-25,Plumas,063,18699,1728,1641,34,1675,7
2021-10-25,Riverside,065,2383286,360996,356381,16394,372775,5056
2021-10-25,Sacramento,067,1510023,157474,156516,4503,161019,2235
2021-10-25,San Benito,069,59416,7355,7314,168,7482,71
2021-10-25,San Bernardino,071,2135413,351795,349075,11073,360148,5748
2021-10-25,San Diego,073,3302833,371056,368386,21690,390076,4196
2021-10-25,San Francisco,075,870044,52592,52041,2306,54347,649
2021-10-25,San Joaquin,077,732212,98918,97980,5390,103370,1740
2021-10-25,San Luis Obispo,079,281455,29361,28907,1220,30127,336
2021-10-25,San Mateo,081,765935,53914,52927,854,53781,571
2021-10-25,Santa Barbara,083,443738,44098,43775,1602,45377,525
2021-10-25,Santa Clara,085,1922200,146128,144895,1309,146204,1901
2021-10-25,Santa Cruz,087,273765,20244,20053,1006,21059,221
2021-10-25,Shasta,089,179085,21047,20666,3538,24204,326
2021-10-25,Sierra,091,2930,180,168,20,188,0
2021-10-25,Siskiyou,093,43540,3317,3248,1275,4523,46
2021-10-25,Solano,095,438530,45701,45022,1249,46271,344
2021-10-25,Sonoma,097,501317,41095,40746,519,41265,393
2021-10-25,Stanislaus,099,539301,77456,77452,8747,86199,1145
2021-10-25,Sutter,101,95872,13808,13721,337,14058,176
2021-10-25,Tehama,103,63373,8375,8224,1470,9694,111
2021-10-25,Trinity,105,12862,841,699,214,913,11
2021-10-25,Tulare,107,460477,67669,66357,14720,81077,986
2021-10-25,Tuolumne,109,53932,7074,6952,89,7041,90
2021-10-25,Ventura,111,848112,97682,96932,4293,101225,1167
2021-10-25,Yolo,113,214977,19645,19457,1103,20560,248
2021-10-25,Yuba,115,75493,10023,9924,304,10228,82
2021-10-24,Alameda,001,1643700,118874,117816,2782,120598,1397
2021-10-24,Alpine,003,1148,101,105,0,105,0
2021-10-24,Amador,005,37829,5507,5412,59,5471,64
2021-10-24,Butte,007,227075,20605,20101,3683,23784,273
2021-10-24,Calaveras,009,45235,3974,3865,51,3916,81
2021-10-24,Colusa,011,21464,2502,2458,627,3085,18
2021-10-24,Contra Costa,013,1133247,98808,97855,2153,100008,1008
2021-10-24,Del Norte,015,27424,3649,3540,53,3593,42
2021-10-24,El Dorado,017,186661,15866,15540,1656,17196,149
2021-10-24,Fresno,019,978130,137652,134466,12555,147021,2094
2021-10-24,Glenn,021,27897,3465,3399,1003,4402,33
2021-10-24,Humboldt,023,135768,8901,8753,530,9283,105
2021-10-24,Imperial,025,180216,33255,32777,3192,35969,766
2021-10-24,Inyo,027,18085,2243,2108,41,2149,41
2021-10-24,Kern,029,883053,125603,122939,21394,144333,1636
2021-10-24,Kings,031,150075,31763,30942,1892,32834,325
2021-10-24,Lake,033,64148,6642,6501,143,6644,105
2021-10-24,Lassen,035,31185,6777,6632,354,6986,27
2021-10-24,Los Angeles,037,10098052,1429688,1415919,54442,1470361,26527
2021-10-24,Madera,039,155013,22673,22062,2038,24100,281
2021-10-24,Marin,041,260295,17451,17264,447,17711,244
2021-10-24,Mariposa,043,17540,1246,1184,45,1229,5
2021-10-24,Mendocino,045,87422,7398,7220,484,7704,82
2021-10-24,Merced,047,269075,41360,40808,1841,42649,581
2021-10-24,Modoc,049,8938,523,507,185,692,5
2021-10-24,Mono,051,14174,1691,1655,22,1677,3
2021-10-24,Monterey,053,433212,48527,47456,2849,50305,586
2021-10-24,Napa,055,140530,12890,12789,109,12898,100
2021-10-24,Nevada,057,99092,9046,8861,314,9175,90
2021-10-24,Orange,059,3164182,305404,302237,14876,317113,5546
2021-10-24,Placer,061,380077,36595,35822,3586,39408,426
2021-10-24,Plumas,063,18699,1718,1623,33,1656,7
2021-10-24,Riverside,065,2383286,360521,354688,16374,371062,5041
2021-10-24,Sacramento,067,1510023,157131,155125,4480,159605,2232
2021-10-24,San Benito,069,59416,7335,7280,168,7448,71
2021-10-24,San Bernardino,071,2135413,351247,347681,11062,358743,5688
2021-10-24,San Diego,073,3302833,370453,366085,21659,387744,4183
2021-10-24,San Francisco,075,870044,52529,51820,2300,54120,649
2021-10-24,San Joaquin,077,732212,98745,97440,5384,102824,1721
2021-10-24,San Luis Obispo,079,281455,29300,28755,1213,29968,333
2021-10-24,San Mateo,081,765935,53842,52719,854,53573,571
2021-10-24,Santa Barbara,083,443738,44032,43552,1600,45152,523
2021-10-24,Santa Clara,085,1922200,145937,144276,1299,145575,1897
2021-10-24,Santa Cruz,087,273765,20206,19967,1005,20972,221
2021-10-24,Shasta,089,179085,20947,20386,3532,23918,321
2021-10-24,Sierra,091,2930,180,168,20,188,0
2021-10-24,Siskiyou,093,43540,3310,3231,1271,4502,46
2021-10-24,Solano,095,438530,45651,44861,1244,46105,341
2021-10-24,Sonoma,097,501317,41012,40476,519,40995,393
2021-10-24,Stanislaus,099,539301,77263,76812,8735,85547,1145
2021-10-24,Sutter,101,95872,13781,13616,329,13945,175
2021-10-24,Tehama,103,63373,8327,8105,1458,9563,110
2021-10-24,Trinity,105,12862,837,696,211,907,11
2021-10-24,Tulare,107,460477,67497,65585,14646,80231,978
2021-10-24,Tuolumne,109,53932,7034,6840,87,6927,90
2021-10-24,Ventura,111,848112,97575,96664,4292,100956,1167
2021-10-24,Yolo,113,214977,19598,19280,1100,20380,248
2021-10-24,Yuba,115,75493,9998,9838,303,10141,82
2021-10-23,Alameda,001,1643700,118785,117816,2777,120593,1397
2021-10-23,Alpine,003,1148,101,105,0,105,0
2021-10-23,Amador,005,37829,5500,5412,59,5471,64
2021-10-23,Butte,007,227075,20571,20101,3674,23775,273
2021-10-23,Calaveras,009,45235,3967,3865,50,3915,81
2021-10-23,Colusa,011,21464,2500,2458,626,3084,18
2021-10-23,Contra Costa,013,1133247,98756,97855,2149,100004,1008
2021-10-23,Del Norte,015,27424,3647,3540,53,3593,42
2021-10-23,El Dorado,017,186661,15840,15540,1654,17194,149
2021-10-23,Fresno,019,978130,137474,134466,12542,147008,2094
2021-10-23,Glenn,021,27897,3463,3399,1002,4401,33
2021-10-23,Humboldt,023,135768,8886,8753,525,9278,105
2021-10-23,Imperial,025,180216,33208,32777,3188,35965,766
2021-10-23,Inyo,027,18085,2232,2108,41,2149,41
2021-10-23,Kern,029,883053,125443,122939,21306,144245,1636
2021-10-23,Kings,031,150075,31717,30942,1890,32832,325
2021-10-23,Lake,033,64148,6637,6501,143,6644,105
2021-10-23,Lassen,035,31185,6774,6632,352,6984,27
2021-10-23,Los Angeles,037,10098052,1429012,1415919,54387,1470306,26527
2021-10-23,Madera,039,155013,22624,22062,2029,24091,281
2021-10-23,Marin,041,260295,17434,17264,446,17710,244
2021-10-23,Mariposa,043,17540,1243,1184,44,1228,5
2021-10-23,Mendocino,045,87422,7391,7220,483,7703,82
2021-10-23,Merced,047,269075,41319,40808,1836,42644,581
2021-10-23,Modoc,049,8938,521,507,185,692,5
2021-10-23,Mono,051,14174,1685,1655,22,1677,3
2021-10-23,Monterey,053,433212,48509,47456,2845,50301,586
2021-10-23,Napa,055,140530,12885,12789,109,12898,100
2021-10-23,Nevada,057,99092,9035,8861,312,9173,90
2021-10-23,Orange,059,3164182,305217,302237,14860,317097,5546
2021-10-23,Placer,061,380077,36533,35822,3580,39402,426
2021-10-23,Plumas,063,18699,1717,1623,33,1656,7
2021-10-23,Riverside,065,2383286,360200,354688,16367,371055,5041
2021-10-23,Sacramento,067,1510023,157002,155125,4471,159596,2232
2021-10-23,San Benito,069,59416,7325,7280,168,7448,71
2021-10-23,San Bernardino,071,2135413,350979,347681,11055,358736,5688
2021-10-23,San Diego,073,3302833,370095,366085,21628,387713,4183
2021-10-23,San Francisco,075,870044,52494,51820,2299,54119,649
2021-10-23,San Joaquin,077,732212,98677,97440,5375,102815,1721
2021-10-23,San Luis Obispo,079,281455,29263,28755,1211,29966,333
2021-10-23,San Mateo,081,765935,53804,52719,853,53572,571
2021-10-23,Santa Barbara,083,443738,44001,43552,1598,45150,523
2021-10-23,Santa Clara,085,1922200,145829,144276,1295,145571,1897
2021-10-23,Santa Cruz,087,273765,20194,19967,1005,20972,221
2021-10-23,Shasta,089,179085,20911,20386,3520,23906,321
2021-10-23,Sierra,091,2930,179,168,20,188,0
2021-10-23,Siskiyou,093,43540,3308,3231,1271,4502,46
2021-10-23,Solano,095,438530,45626,44861,1241,46102,341
2021-10-23,Sonoma,097,501317,40972,40476,519,40995,393
2021-10-23,Stanislaus,099,539301,77174,76812,8715,85527,1145
2021-10-23,Sutter,101,95872,13776,13616,328,13944,175
2021-10-23,Tehama,103,63373,8315,8105,1457,9562,110
2021-10-23,Trinity,105,12862,836,696,211,907,11
2021-10-23,Tulare,107,460477,67409,65585,14586,80171,978
2021-10-23,Tuolumne,109,53932,7013,6840,87,6927,90
2021-10-23,Ventura,111,848112,97514,96664,4292,100956,1167
2021-10-23,Yolo,113,214977,19581,19280,1097,20377,248
2021-10-23,Yuba,115,75493,9990,9838,303,10141,82
2021-10-22,Alameda,001,1643700,118699,117816,2774,120590,1397
2021-10-22,Alpine,003,1148,101,105,0,105,0
2021-10-22,Amador,005,37829,5489,5412,59,5471,64
2021-10-22,Butte,007,227075,20539,20101,3670,23771,273
2021-10-22,Calaveras,009,45235,3959,3865,50,3915,81
2021-10-22,Colusa,011,21464,2497,2458,626,3084,18
2021-10-22,Contra Costa,013,1133247,98665,97855,2147,100002,1008
2021-10-22,Del Norte,015,27424,3643,3540,53,3593,42
2021-10-22,El Dorado,017,186661,15827,15540,1652,17192,149
2021-10-22,Fresno,019,978130,137260,134466,12525,146991,2094
2021-10-22,Glenn,021,27897,3453,3399,1002,4401,33
2021-10-22,Humboldt,023,135768,8873,8753,524,9277,105
2021-10-22,Imperial,025,180216,33165,32777,3188,35965,766
2021-10-22,Inyo,027,18085,2219,2108,41,2149,41
2021-10-22,Kern,029,883053,125256,122939,21233,144172,1636
2021-10-22,Kings,031,150075,31682,30942,1889,32831,325
2021-10-22,Lake,033,64148,6627,6501,143,6644,105
2021-10-22,Lassen,035,31185,6767,6632,349,6981,27
2021-10-22,Los Angeles,037,10098052,1428258,1415919,54327,1470246,26527
2021-10-22,Madera,039,155013,22575,22062,2016,24078,281
2021-10-22,Marin,041,260295,17422,17264,446,17710,244
2021-10-22,Mariposa,043,17540,1240,1184,44,1228,5
2021-10-22,Mendocino,045,87422,7377,7220,482,7702,82
2021-10-22,Merced,047,269075,41282,40808,1829,42637,581
2021-10-22,Modoc,049,8938,521,507,185,692,5
2021-10-22,Mono,051,14174,1683,1655,22,1677,3
2021-10-22,Monterey,053,433212,48476,47456,2843,50299,586
2021-10-22,Napa,055,140530,12879,12789,109,12898,100
2021-10-22,Nevada,057,99092,9018,8861,311,9172,90
2021-10-22,Orange,059,3164182,305001,302237,14829,317066,5546
2021-10-22,Placer,061,380077,36505,35822,3571,39393,426
2021-10-22,Plumas,063,18699,1711,1623,33,1656,7
2021-10-22,Riverside,065,2383286,359889,354688,16362,371050,5041
2021-10-22,Sacramento,067,1510023,156816,155125,4461,159586,2232
2021-10-22,San Benito,069,59416,7320,7280,168,7448,71
2021-10-22,San Bernardino,071,2135413,350650,347681,11041,358722,5688
2021-10-22,San Diego,073,3302833,369682,366085,21610,387695,4183
2021-10-22,San Francisco,075,870044,52459,51820,2292,54112,649
2021-10-22,San Joaquin,077,732212,98618,97440,5372,102812,1721
2021-10-22,San Luis Obispo,079,281455,29233,28755,1211,29966,333
2021-10-22,San Mateo,081,765935,53755,52719,846,53565,571
2021-10-22,Santa Barbara,083,443738,43960,43552,1598,45150,523
2021-10-22,Santa Clara,085,1922200,145673,144276,1288,145564,1897
2021-10-22,Santa Cruz,087,273765,20172,19967,1005,20972,221
2021-10-22,Shasta,089,179085,20879,20386,3517,23903,321
2021-10-22,Sierra,091,2930,178,168,19,187,0
2021-10-22,Siskiyou,093,43540,3306,3231,1268,4499,46
2021-10-22,Solano,095,438530,45591,44861,1237,46098,341
2021-10-22,Sonoma,097,501317,40915,40476,519,40995,393
2021-10-22,Stanislaus,099,539301,77071,76812,8696,85508,1145
2021-10-22,Sutter,101,95872,13761,13616,328,13944,175
2021-10-22,Tehama,103,63373,8293,8105,1452,9557,110
2021-10-22,Trinity,105,12862,835,696,211,907,11
2021-10-22,Tulare,107,460477,67323,65585,14532,80117,978
2021-10-22,Tuolumne,109,53932,6978,6840,87,6927,90
2021-10-22,Ventura,111,848112,97461,96664,4286,100950,1167
2021-10-22,Yolo,113,214977,19554,19280,1095,20375,248
2021-10-22,Yuba,115,75493,9976,9838,301,10139,82
2021-10-21,Alameda,001,1643700,118583,117816,2769,120585,1397
2021-10-21,Alpine,003,1148,101,105,0,105,0
2021-10-21,Amador,005,37829,5481,5412,59,5471,64
2021-10-21,Butte,007,227075,20456,20101,3657,23758,273
2021-10-21,Calaveras,009,45235,3940,3865,50,3915,81
2021-10-21,Colusa,011,21464,2493,2458,620,3078,18
2021-10-21,Contra Costa,013,1133247,98550,97855,2141,99996,1008
2021-10-21,Del Norte,015,27424,3637,3540,52,3592,42
2021-10-21,El Dorado,017,186661,15799,15540,1645,17185,149
2021-10-21,Fresno,019,978130,136911,134466,12479,146945,2094
2021-10-21,Glenn,021,27897,3449,3399,999,4398,33
2021-10-21,Humboldt,023,135768,8859,8753,520,9273,105
2021-10-21,Imperial,025,180216,33110,32777,3184,35961,766
2021-10-21,Inyo,027,18085,2197,2108,41,2149,41
2021-10-21,Kern,029,883053,125009,122939,21122,144061,1636
2021-10-21,Kings,031,150075,31584,30942,1883,32825,325
2021-10-21,Lake,033,64148,6614,6501,142,6643,105
2021-10-21,Lassen,035,31185,6754,6632,345,6977,27
2021-10-21,Los Angeles,037,10098052,1427142,1415919,54276,1470195,26527
2021-10-21,Madera,039,155013,22517,22062,2005,24067,281
2021-10-21,Marin,041,260295,17404,17264,446,17710,244
2021-10-21,Mariposa,043,17540,1234,1184,43,1227,5
2021-10-21,Mendocino,045,87422,7359,7220,474,7694,82
2021-10-21,Merced,047,269075,41184,40808,1818,42626,581
2021-10-21,Modoc,049,8938,521,507,185,692,5
2021-10-21,Mono,051,14174,1674,1655,22,1677,3
2021-10-21,Monterey,053,433212,48442,47456,2831,50287,586
2021-10-21,Napa,055,140530,12867,12789,109,12898,100
2021-10-21,Nevada,057,99092,8993,8861,311,9172,90
2021-10-21,Orange,059,3164182,304728,302237,14793,317030,5546
2021-10-21,Placer,061,380077,36416,35822,3558,39380,426
2021-10-21,Plumas,063,18699,1697,1623,33,1656,7
2021-10-21,Riverside,065,2383286,359444,354688,16351,371039,5041
2021-10-21,Sacramento,067,1510023,156497,155125,4436,159561,2232
2021-10-21,San Benito,069,59416,7313,7280,166,7446,71
2021-10-21,San Bernardino,071,2135413,350271,347681,11006,358687,5688
2021-10-21,San Diego,073,3302833,369157,366085,21580,387665,4183
2021-10-21,San Francisco,075,870044,52403,51820,2291,54111,649
2021-10-21,San Joaquin,077,732212,98479,97440,5365,102805,1721
2021-10-21,San Luis Obispo,079,281455,29191,28755,1209,29964,333
2021-10-21,San Mateo,081,765935,53709,52719,845,53564,571
2021-10-21,Santa Barbara,083,443738,43894,43552,1596,45148,523
2021-10-21,Santa Clara,085,1922200,145501,144276,1284,145560,1897
2021-10-21,Santa Cruz,087,273765,20148,19967,1003,20970,221
2021-10-21,Shasta,089,179085,20817,20386,3502,23888,321
2021-10-21,Sierra,091,2930,177,168,18,186,0
2021-10-21,Siskiyou,093,43540,3301,3231,1266,4497,46
2021-10-21,Solano,095,438530,45539,44861,1235,46096,341
2021-10-21,Sonoma,097,501317,40846,40476,517,40993,393
2021-10-21,Stanislaus,099,539301,76902,76812,8685,85497,1145
2021-10-21,Sutter,101,95872,13733,13616,324,13940,175
2021-10-21,Tehama,103,63373,8266,8105,1445,9550,110
2021-10-21,Trinity,105,12862,833,696,211,907,11
2021-10-21,Tulare,107,460477,67133,65585,14461,80046,978
2021-10-21,Tuolumne,109,53932,6940,6840,86,6926,90
2021-10-21,Ventura,111,848112,97370,96664,4284,100948,1167
2021-10-21,Yolo,113,214977,19507,19280,1093,20373,248
2021-10-21,Yuba,115,75493,9952,9838,300,10138,82
2021-10-20,Alameda,001,1643700,118461,117654,2768,120422,1390
2021-10-20,Alpine,003,1148,101,103,0,103,0
2021-10-20,Amador,005,37829,5473,5379,59,5438,64
2021-10-20,Butte,007,227075,20402,20021,3642,23663,270
2021-10-20,Calaveras,009,45235,3920,3844,49,3893,81
2021-10-20,Colusa,011,21464,2489,2454,618,3072,18
2021-10-20,Contra Costa,013,1133247,98434,97721,2137,99858,1008
2021-10-20,Del Norte,015,27424,3633,3536,52,3588,42
2021-10-20,El Dorado,017,186661,15769,15502,1642,17144,149
2021-10-20,Fresno,019,978130,136512,134025,12443,146468,2084
2021-10-20,Glenn,021,27897,3441,3382,998,4380,33
2021-10-20,Humboldt,023,135768,8837,8727,518,9245,105
2021-10-20,Imperial,025,180216,33036,32705,3176,35881,766
2021-10-20,Inyo,027,18085,2177,2077,40,2117,40
2021-10-20,Kern,029,883053,124715,122630,21001,143631,1623
2021-10-20,Kings,031,150075,31507,30805,1873,32678,322
2021-10-20,Lake,033,64148,6592,6475,141,6616,104
2021-10-20,Lassen,035,31185,6739,6622,345,6967,27
2021-10-20,Los Angeles,037,10098052,1426025,1414931,54201,1469132,26506
2021-10-20,Madera,039,155013,22447,21983,1996,23979,281
2021-10-20,Marin,041,260295,17383,17250,444,17694,244
2021-10-20,Mariposa,043,17540,1227,1174,43,1217,5
2021-10-20,Mendocino,045,87422,7331,7189,471,7660,82
2021-10-20,Merced,047,269075,41103,40685,1801,42486,581
2021-10-20,Modoc,049,8938,521,504,185,689,5
2021-10-20,Mono,051,14174,1674,1653,22,1675,3
2021-10-20,Monterey,053,433212,48412,47430,2822,50252,587
2021-10-20,Napa,055,140530,12853,12773,108,12881,100
2021-10-20,Nevada,057,99092,8965,8836,311,9147,90
2021-10-20,Orange,059,3164182,304443,301957,14771,316728,5534
2021-10-20,Placer,061,380077,36326,35729,3549,39278,425
2021-10-20,Plumas,063,18699,1690,1604,33,1637,7
2021-10-20,Riverside,065,2383286,358999,354311,16334,370645,5030
2021-10-20,Sacramento,067,1510023,156196,154822,4412,159234,2222
2021-10-20,San Benito,069,59416,7310,7275,164,7439,71
2021-10-20,San Bernardino,071,2135413,349868,347217,10974,358191,5663
2021-10-20,San Diego,073,3302833,368641,365698,21561,387259,4178
2021-10-20,San Francisco,075,870044,52353,51755,2290,54045,646
2021-10-20,San Joaquin,077,732212,98334,97246,5357,102603,1721
2021-10-20,San Luis Obispo,079,281455,29146,28727,1205,29932,332
2021-10-20,San Mateo,081,765935,53638,52663,837,53500,571
2021-10-20,Santa Barbara,083,443738,43831,43489,1595,45084,523
2021-10-20,Santa Clara,085,1922200,145365,144124,1279,145403,1896
2021-10-20,Santa Cruz,087,273765,20135,19951,1003,20954,219
2021-10-20,Shasta,089,179085,20756,20313,3475,23788,320
2021-10-20,Sierra,091,2930,177,168,18,186,0
2021-10-20,Siskiyou,093,43540,3301,3224,1260,4484,46
2021-10-20,Solano,095,438530,45507,44819,1233,46052,341
2021-10-20,Sonoma,097,501317,40799,40404,517,40921,393
2021-10-20,Stanislaus,099,539301,76752,76631,8666,85297,1145
2021-10-20,Sutter,101,95872,13709,13592,318,13910,175
2021-10-20,Tehama,103,63373,8235,8081,1434,9515,110
2021-10-20,Trinity,105,12862,833,693,210,903,11
2021-10-20,Tulare,107,460477,66959,65413,14415,79828,967
2021-10-20,Tuolumne,109,53932,6917,6803,86,6889,89
2021-10-20,Ventura,111,848112,97288,96610,4280,100890,1166
2021-10-20,Yolo,113,214977,19463,19236,1090,20326,248
2021-10-20,Yuba,115,75493,9935,9808,297,10105,82
2021-10-19,Alameda,001,1643700,118339,117542,2762,120304,1383
2021-10-19,Alpine,003,1148,101,103,0,103,0
2021-10-19,Amador,005,37829,5457,5367,59,5426,64
2021-10-19,Butte,007,227075,20349,19974,3634,23608,268
2021-10-19,Calaveras,009,45235,3903,3826,48,3874,80
2021-10-19,Colusa,011,21464,2486,2447,616,3063,18
2021-10-19,Contra Costa,013,1133247,98343,97613,2132,99745,1004
2021-10-19,Del Norte,015,27424,3626,3531,52,3583,42
2021-10-19,El Dorado,017,186661,15744,15478,1637,17115,149
2021-10-19,Fresno,019,978130,136151,133813,12390,146203,2073
2021-10-19,Glenn,021,27897,3438,3380,996,4376,33
2021-10-19,Humboldt,023,135768,8813,8714,512,9226,105
2021-10-19,Imperial,025,180216,32970,32632,3171,35803,764
2021-10-19,Inyo,027,18085,2146,2045,40,2085,40
2021-10-19,Kern,029,883053,124397,122391,20877,143268,1613
2021-10-19,Kings,031,150075,31413,30757,1866,32623,322
2021-10-19,Lake,033,64148,6588,6465,141,6606,104
2021-10-19,Lassen,035,31185,6733,6612,341,6953,27
2021-10-19,Los Angeles,037,10098052,1424779,1413882,54124,1468006,26473
2021-10-19,Madera,039,155013,22384,21950,1988,23938,281
2021-10-19,Marin,041,260295,17369,17241,441,17682,244
2021-10-19,Mariposa,043,17540,1221,1171,41,1212,5
2021-10-19,Mendocino,045,87422,7316,7172,468,7640,82
2021-10-19,Merced,047,269075,40988,40628,1780,42408,580
2021-10-19,Modoc,049,8938,519,502,185,687,5
2021-10-19,Mono,051,14174,1670,1651,22,1673,3
2021-10-19,Monterey,053,433212,48373,47412,2811,50223,583
2021-10-19,Napa,055,140530,12846,12769,108,12877,100
2021-10-19,Nevada,057,99092,8944,8829,310,9139,90
2021-10-19,Orange,059,3164182,304186,301700,14738,316438,5527
2021-10-19,Placer,061,380077,36205,35663,3534,39197,422
2021-10-19,Plumas,063,18699,1672,1586,33,1619,8
2021-10-19,Riverside,065,2383286,358577,353891,16326,370217,5020
2021-10-19,Sacramento,067,1510023,155890,154570,4386,158956,2227
2021-10-19,San Benito,069,59416,7294,7264,164,7428,71
2021-10-19,San Bernardino,071,2135413,349468,346814,10944,357758,5627
2021-10-19,San Diego,073,3302833,368047,365285,21530,386815,4170
2021-10-19,San Francisco,075,870044,52290,51704,2288,53992,645
2021-10-19,San Joaquin,077,732212,98167,97105,5346,102451,1721
2021-10-19,San Luis Obispo,079,281455,29098,28670,1202,29872,332
2021-10-19,San Mateo,081,765935,53580,52617,835,53452,571
2021-10-19,Santa Barbara,083,443738,43764,43413,1593,45006,522
2021-10-19,Santa Clara,085,1922200,145192,143989,1271,145260,1898
2021-10-19,Santa Cruz,087,273765,20111,19895,1001,20896,218
2021-10-19,Shasta,089,179085,20679,20209,3467,23676,319
2021-10-19,Sierra,091,2930,174,168,18,186,0
2021-10-19,Siskiyou,093,43540,3297,3216,1255,4471,46
2021-10-19,Solano,095,438530,45465,44782,1227,46009,341
2021-10-19,Sonoma,097,501317,40725,40379,516,40895,392
2021-10-19,Stanislaus,099,539301,76610,76526,8654,85180,1145
2021-10-19,Sutter,101,95872,13685,13569,317,13886,174
2021-10-19,Tehama,103,63373,8205,8057,1418,9475,108
2021-10-19,Trinity,105,12862,826,691,210,901,11
2021-10-19,Tulare,107,460477,66772,65253,14346,79599,958
2021-10-19,Tuolumne,109,53932,6888,6782,85,6867,89
2021-10-19,Ventura,111,848112,97212,96539,4275,100814,1166
2021-10-19,Yolo,113,214977,19418,19206,1085,20291,248
2021-10-19,Yuba,115,75493,9917,9796,296,10092,82
2021-10-18,Alameda,001,1643700,118202,117506,2753,120259,1381
2021-10-18,Alpine,003,1148,101,103,0,103,0
2021-10-18,Amador,005,37829,5446,5345,59,5404,64
2021-10-18,Butte,007,227075,20298,19921,3626,23547,265
2021-10-18,Calaveras,009,45235,3878,3819,47,3866,80
2021-10-18,Colusa,011,21464,2485,2444,614,3058,18
2021-10-18,Contra Costa,013,1133247,98231,97585,2128,99713,995
2021-10-18,Del Norte,015,27424,3619,3529,52,3581,41
2021-10-18,El Dorado,017,186661,15713,15452,1635,17087,149
2021-10-18,Fresno,019,978130,135750,133688,12348,146036,2063
2021-10-18,Glenn,021,27897,3434,3370,992,4362,32
2021-10-18,Humboldt,023,135768,8794,8699,504,9203,104
2021-10-18,Imperial,025,180216,32879,32558,3171,35729,764
2021-10-18,Inyo,027,18085,2128,2020,40,2060,40
2021-10-18,Kern,029,883053,124098,122231,20781,143012,1605
2021-10-18,Kings,031,150075,31298,30698,1853,32551,320
2021-10-18,Lake,033,64148,6569,6455,137,6592,104
2021-10-18,Lassen,035,31185,6713,6607,338,6945,26
2021-10-18,Los Angeles,037,10098052,1423535,1413291,54046,1467337,26446
2021-10-18,Madera,039,155013,22330,21909,1975,23884,277
2021-10-18,Marin,041,260295,17349,17232,438,17670,244
2021-10-18,Mariposa,043,17540,1213,1160,41,1201,5
2021-10-18,Mendocino,045,87422,7297,7156,460,7616,82
2021-10-18,Merced,047,269075,40865,40573,1769,42342,579
2021-10-18,Modoc,049,8938,519,498,185,683,5
2021-10-18,Mono,051,14174,1664,1648,21,1669,3
2021-10-18,Monterey,053,433212,48351,47389,2806,50195,583
2021-10-18,Napa,055,140530,12831,12762,108,12870,100
2021-10-18,Nevada,057,99092,8925,8816,310,9126,90
2021-10-18,Orange,059,3164182,303847,301573,14704,316277,5524
2021-10-18,Placer,061,380077,36128,35598,3530,39128,420
2021-10-18,Plumas,063,18699,1664,1579,33,1612,6
2021-10-18,Riverside,065,2383286,358162,353699,16312,370011,5008
2021-10-18,Sacramento,067,1510023,155585,154428,4353,158781,2203
2021-10-18,San Benito,069,59416,7282,7253,164,7417,71
2021-10-18,San Bernardino,071,2135413,349046,346742,10930,357672,5606
2021-10-18,San Diego,073,3302833,367481,364948,21492,386440,4169
2021-10-18,San Francisco,075,870044,52227,51671,2282,53953,644
2021-10-18,San Joaquin,077,732212,98002,97041,5336,102377,1721
2021-10-18,San Luis Obispo,079,281455,29059,28644,1199,29843,331
2021-10-18,San Mateo,081,765935,53515,52594,834,53428,571
2021-10-18,Santa Barbara,083,443738,43705,43386,1591,44977,522
2021-10-18,Santa Clara,085,1922200,145037,143891,1262,145153,1895
2021-10-18,Santa Cruz,087,273765,20097,19876,999,20875,218
2021-10-18,Shasta,089,179085,20599,20146,3456,23602,313
2021-10-18,Sierra,091,2930,174,166,18,184,0
2021-10-18,Siskiyou,093,43540,3294,3210,1247,4457,42
2021-10-18,Solano,095,438530,45421,44758,1224,45982,339
2021-10-18,Sonoma,097,501317,40661,40349,513,40862,392
2021-10-18,Stanislaus,099,539301,76446,76466,8641,85107,1145
2021-10-18,Sutter,101,95872,13651,13557,315,13872,172
2021-10-18,Tehama,103,63373,8170,8042,1406,9448,107
2021-10-18,Trinity,105,12862,825,688,210,898,11
2021-10-18,Tulare,107,460477,66596,65171,14280,79451,958
2021-10-18,Tuolumne,109,53932,6859,6755,85,6840,89
2021-10-18,Ventura,111,848112,97117,96506,4272,100778,1165
2021-10-18,Yolo,113,214977,19380,19197,1082,20279,248
2021-10-18,Yuba,115,75493,9890,9782,294,10076,82
2021-10-17,Alameda,001,1643700,118051,117423,2748,120171,1376
2021-10-17,Alpine,003,1148,101,103,0,103,0
2021-10-17,Amador,005,37829,5423,5341,58,5399,64
2021-10-17,Butte,007,227075,20213,19897,3617,23514,265
2021-10-17,Calaveras,009,45235,3862,3805,47,3852,80
2021-10-17,Colusa,011,21464,2480,2442,607,3049,18
2021-10-17,Contra Costa,013,1133247,98108,97485,2117,99602,995
2021-10-17,Del Norte,015,27424,3614,3526,52,3578,41
2021-10-17,El Dorado,017,186661,15655,15438,1628,17066,149
2021-10-17,Fresno,019,978130,135280,133429,12308,145737,2063
2021-10-17,Glenn,021,27897,3424,3364,987,4351,32
2021-10-17,Humboldt,023,135768,8774,8690,501,9191,104
2021-10-17,Imperial,025,180216,32797,32520,3164,35684,764
2021-10-17,Inyo,027,18085,2100,2000,40,2040,40
2021-10-17,Kern,029,883053,123749,122085,20681,142766,1603
2021-10-17,Kings,031,150075,31185,30636,1844,32480,315
2021-10-17,Lake,033,64148,6553,6437,136,6573,104
2021-10-17,Lassen,035,31185,6701,6605,334,6939,26
2021-10-17,Los Angeles,037,10098052,1422198,1412371,53970,1466341,26443
2021-10-17,Madera,039,155013,22268,21869,1964,23833,277
2021-10-17,Marin,041,260295,17327,17211,438,17649,243
2021-10-17,Mariposa,043,17540,1206,1150,41,1191,5
2021-10-17,Mendocino,045,87422,7268,7148,454,7602,82
2021-10-17,Merced,047,269075,40739,40531,1753,42284,579
2021-10-17,Modoc,049,8938,516,498,183,681,5
2021-10-17,Mono,051,14174,1662,1640,20,1660,3
2021-10-17,Monterey,053,433212,48309,47369,2796,50165,583
2021-10-17,Napa,055,140530,12816,12753,105,12858,100
2021-10-17,Nevada,057,99092,8908,8794,309,9103,90
2021-10-17,Orange,059,3164182,303532,301414,14671,316085,5524
2021-10-17,Placer,061,380077,36029,35559,3515,39074,420
2021-10-17,Plumas,063,18699,1640,1571,32,1603,6
2021-10-17,Riverside,065,2383286,357678,353500,16298,369798,5008
2021-10-17,Sacramento,067,1510023,155184,154080,4335,158415,2213
2021-10-17,San Benito,069,59416,7273,7250,163,7413,71
2021-10-17,San Bernardino,071,2135413,348617,346524,10910,357434,5597
2021-10-17,San Diego,073,3302833,366873,364675,21464,386139,4163
2021-10-17,San Francisco,075,870044,52154,51625,2272,53897,644
2021-10-17,San Joaquin,077,732212,97829,96950,5327,102277,1721
2021-10-17,San Luis Obispo,079,281455,29007,28604,1191,29795,331
2021-10-17,San Mateo,081,765935,53464,52541,830,53371,571
2021-10-17,Santa Barbara,083,443738,43642,43344,1590,44934,522
2021-10-17,Santa Clara,085,1922200,144861,143768,1253,145021,1895
2021-10-17,Santa Cruz,087,273765,20069,19861,997,20858,218
2021-10-17,Shasta,089,179085,20509,20116,3446,23562,312
2021-10-17,Sierra,091,2930,172,165,18,183,0
2021-10-17,Siskiyou,093,43540,3286,3204,1244,4448,42
2021-10-17,Solano,095,438530,45364,44722,1223,45945,340
2021-10-17,Sonoma,097,501317,40585,40306,512,40818,392
2021-10-17,Stanislaus,099,539301,76248,76354,8626,84980,1145
2021-10-17,Sutter,101,95872,13634,13543,313,13856,172
2021-10-17,Tehama,103,63373,8138,8015,1389,9404,107
2021-10-17,Trinity,105,12862,822,686,209,895,11
2021-10-17,Tulare,107,460477,66411,65057,14206,79263,958
2021-10-17,Tuolumne,109,53932,6825,6735,84,6819,89
2021-10-17,Ventura,111,848112,97017,96458,4269,100727,1165
2021-10-17,Yolo,113,214977,19338,19171,1073,20244,248
2021-10-17,Yuba,115,75493,9864,9771,292,10063,82
2021-10-16,Alameda,001,1643700,117960,117027,2747,119774,1365
2021-10-16,Alpine,003,1148,100,102,0,102,0
2021-10-16,Amador,005,37829,5416,5310,58,5368,64
2021-10-16,Butte,007,227075,20182,19612,3610,23222,260
2021-10-16,Calaveras,009,45235,3855,3771,47,3818,80
2021-10-16,Colusa,011,21464,2476,2431,604,3035,18
2021-10-16,Contra Costa,013,1133247,98017,97107,2110,99217,982
2021-10-16,Del Norte,015,27424,3611,3516,52,3568,41
2021-10-16,El Dorado,017,186661,15634,15315,1626,16941,149
2021-10-16,Fresno,019,978130,135129,132433,12294,144727,2051
2021-10-16,Glenn,021,27897,3418,3331,987,4318,26
2021-10-16,Humboldt,023,135768,8762,8621,496,9117,104
2021-10-16,Imperial,025,180216,32782,32368,3162,35530,764
2021-10-16,Inyo,027,18085,2086,1932,40,1972,39
2021-10-16,Kern,029,883053,123594,121354,20598,141952,1590
2021-10-16,Kings,031,150075,31139,30418,1841,32259,314
2021-10-16,Lake,033,64148,6542,6378,136,6514,104
2021-10-16,Lassen,035,31185,6692,6559,329,6888,26
2021-10-16,Los Angeles,037,10098052,1421548,1409418,53915,1463333,26398
2021-10-16,Madera,039,155013,22224,21707,1960,23667,277
2021-10-16,Marin,041,260295,17318,17148,438,17586,243
2021-10-16,Mariposa,043,17540,1203,1096,41,1137,5
2021-10-16,Mendocino,045,87422,7257,7099,454,7553,82
2021-10-16,Merced,047,269075,40707,40265,1751,42016,577
2021-10-16,Modoc,049,8938,513,492,183,675,5
2021-10-16,Mono,051,14174,1658,1628,20,1648,3
2021-10-16,Monterey,053,433212,48292,47293,2788,50081,582
2021-10-16,Napa,055,140530,12805,12706,105,12811,100
2021-10-16,Nevada,057,99092,8888,8739,309,9048,90
2021-10-16,Orange,059,3164182,303356,300722,14646,315368,5509
2021-10-16,Placer,061,380077,35945,35343,3509,38852,412
2021-10-16,Plumas,063,18699,1635,1542,31,1573,6
2021-10-16,Riverside,065,2383286,357409,352435,16286,368721,4990
2021-10-16,Sacramento,067,1510023,154985,153264,4331,157595,2192
2021-10-16,San Benito,069,59416,7260,7210,162,7372,71
2021-10-16,San Bernardino,071,2135413,348412,345418,10902,356320,5566
2021-10-16,San Diego,073,3302833,366550,363109,21448,384557,4151
2021-10-16,San Francisco,075,870044,52106,51436,2268,53704,645
2021-10-16,San Joaquin,077,732212,97757,96507,5324,101831,1708
2021-10-16,San Luis Obispo,079,281455,28981,28460,1190,29650,329
2021-10-16,San Mateo,081,765935,53415,52399,829,53228,569
2021-10-16,Santa Barbara,083,443738,43606,43175,1589,44764,521
2021-10-16,Santa Clara,085,1922200,144761,143282,1245,144527,1890
2021-10-16,Santa Cruz,087,273765,20054,19794,996,20790,218
2021-10-16,Shasta,089,179085,20459,19932,3435,23367,309
2021-10-16,Sierra,091,2930,170,160,18,178,0
2021-10-16,Siskiyou,093,43540,3284,3173,1237,4410,42
2021-10-16,Solano,095,438530,45338,44585,1219,45804,334
2021-10-16,Sonoma,097,501317,40545,40195,512,40707,390
2021-10-16,Stanislaus,099,539301,76162,75868,8616,84484,1142
2021-10-16,Sutter,101,95872,13615,13471,312,13783,169
2021-10-16,Tehama,103,63373,8125,7907,1384,9291,104
2021-10-16,Trinity,105,12862,822,679,209,888,11
2021-10-16,Tulare,107,460477,66273,64489,14173,78662,951
2021-10-16,Tuolumne,109,53932,6793,6666,84,6750,89
2021-10-16,Ventura,111,848112,96985,96181,4264,100445,1164
2021-10-16,Yolo,113,214977,19311,19078,1067,20145,247
2021-10-16,Yuba,115,75493,9840,9705,289,9994,82
2021-10-15,Alameda,001,1643700,117887,117027,2743,119770,1365
2021-10-15,Alpine,003,1148,100,102,0,102,0
2021-10-15,Amador,005,37829,5392,5310,58,5368,64
2021-10-15,Butte,007,227075,20145,19612,3603,23215,260
2021-10-15,Calaveras,009,45235,3849,3771,47,3818,80
2021-10-15,Colusa,011,21464,2474,2431,601,3032,18
2021-10-15,Contra Costa,013,1133247,97935,97107,2106,99213,982
2021-10-15,Del Norte,015,27424,3609,3516,52,3568,41
2021-10-15,El Dorado,017,186661,15614,15315,1621,16936,149
2021-10-15,Fresno,019,978130,134874,132433,12284,144717,2051
2021-10-15,Glenn,021,27897,3412,3331,986,4317,26
2021-10-15,Humboldt,023,135768,8753,8621,494,9115,104
2021-10-15,Imperial,025,180216,32735,32368,3158,35526,764
2021-10-15,Inyo,027,18085,2068,1932,40,1972,39
2021-10-15,Kern,029,883053,123459,121354,20523,141877,1590
2021-10-15,Kings,031,150075,31084,30418,1837,32255,314
2021-10-15,Lake,033,64148,6533,6378,136,6514,104
2021-10-15,Lassen,035,31185,6680,6559,328,6887,26
2021-10-15,Los Angeles,037,10098052,1420857,1409418,53866,1463284,26398
2021-10-15,Madera,039,155013,22180,21707,1952,23659,277
2021-10-15,Marin,041,260295,17307,17148,438,17586,243
2021-10-15,Mariposa,043,17540,1195,1096,41,1137,5
2021-10-15,Mendocino,045,87422,7242,7099,454,7553,82
2021-10-15,Merced,047,269075,40677,40265,1748,42013,577
2021-10-15,Modoc,049,8938,512,492,183,675,5
2021-10-15,Mono,051,14174,1655,1628,20,1648,3
2021-10-15,Monterey,053,433212,48270,47293,2786,50079,582
2021-10-15,Napa,055,140530,12801,12706,105,12811,100
2021-10-15,Nevada,057,99092,8873,8739,309,9048,90
2021-10-15,Orange,059,3164182,303188,300722,14627,315349,5509
2021-10-15,Placer,061,380077,35891,35343,3503,38846,412
2021-10-15,Plumas,063,18699,1627,1542,31,1573,6
2021-10-15,Riverside,065,2383286,357167,352435,16281,368716,4990
2021-10-15,Sacramento,067,1510023,154800,153264,4321,157585,2192
2021-10-15,San Benito,069,59416,7257,7210,162,7372,71
2021-10-15,San Bernardino,071,2135413,348176,345418,10900,356318,5566
2021-10-15,San Diego,073,3302833,366186,363109,21423,384532,4151
2021-10-15,San Francisco,075,870044,52066,51436,2261,53697,645
2021-10-15,San Joaquin,077,732212,97679,96507,5317,101824,1708
2021-10-15,San Luis Obispo,079,281455,28960,28460,1188,29648,329
2021-10-15,San Mateo,081,765935,53371,52399,828,53227,569
2021-10-15,Santa Barbara,083,443738,43568,43175,1589,44764,521
2021-10-15,Santa Clara,085,1922200,144639,143282,1237,144519,1890
2021-10-15,Santa Cruz,087,273765,20043,19794,996,20790,218
2021-10-15,Shasta,089,179085,20402,19932,3427,23359,309
2021-10-15,Sierra,091,2930,170,160,18,178,0
2021-10-15,Siskiyou,093,43540,3283,3173,1234,4407,42
2021-10-15,Solano,095,438530,45312,44585,1219,45804,334
2021-10-15,Sonoma,097,501317,40511,40195,511,40706,390
2021-10-15,Stanislaus,099,539301,76082,75868,8600,84468,1142
2021-10-15,Sutter,101,95872,13598,13471,310,13781,169
2021-10-15,Tehama,103,63373,8104,7907,1378,9285,104
2021-10-15,Trinity,105,12862,822,679,209,888,11
2021-10-15,Tulare,107,460477,66193,64489,14136,78625,951
2021-10-15,Tuolumne,109,53932,6770,6666,82,6748,89
2021-10-15,Ventura,111,848112,96943,96181,4261,100442,1164
2021-10-15,Yolo,113,214977,19296,19078,1063,20141,247
2021-10-15,Yuba,115,75493,9830,9705,288,9993,82
2021-10-14,Alameda,001,1643700,117776,117027,2738,119765,1365
2021-10-14,Alpine,003,1148,100,102,0,102,0
2021-10-14,Amador,005,37829,5381,5310,58,5368,64
2021-10-14,Butte,007,227075,20093,19612,3598,23210,260
2021-10-14,Calaveras,009,45235,3836,3771,46,3817,80
2021-10-14,Colusa,011,21464,2472,2431,599,3030,18
2021-10-14,Contra Costa,013,1133247,97800,97107,2098,99205,982
2021-10-14,Del Norte,015,27424,3603,3516,52,3568,41
2021-10-14,El Dorado,017,186661,15575,15315,1618,16933,149
2021-10-14,Fresno,019,978130,134581,132433,12252,144685,2051
2021-10-14,Glenn,021,27897,3407,3331,985,4316,26
2021-10-14,Humboldt,023,135768,8736,8621,491,9112,104
2021-10-14,Imperial,025,180216,32672,32368,3151,35519,764
2021-10-14,Inyo,027,18085,2049,1932,40,1972,39
2021-10-14,Kern,029,883053,123189,121354,20423,141777,1590
2021-10-14,Kings,031,150075,31019,30418,1829,32247,314
2021-10-14,Lake,033,64148,6512,6378,135,6513,104
2021-10-14,Lassen,035,31185,6674,6559,327,6886,26
2021-10-14,Los Angeles,037,10098052,1419875,1409418,53815,1463233,26398
2021-10-14,Madera,039,155013,22115,21707,1946,23653,277
2021-10-14,Marin,041,260295,17302,17148,436,17584,243
2021-10-14,Mariposa,043,17540,1182,1096,40,1136,5
2021-10-14,Mendocino,045,87422,7228,7099,452,7551,82
2021-10-14,Merced,047,269075,40589,40265,1734,41999,577
2021-10-14,Modoc,049,8938,512,492,183,675,5
2021-10-14,Mono,051,14174,1648,1628,20,1648,3
2021-10-14,Monterey,053,433212,48244,47293,2781,50074,582
2021-10-14,Napa,055,140530,12786,12706,105,12811,100
2021-10-14,Nevada,057,99092,8846,8739,307,9046,90
2021-10-14,Orange,059,3164182,302979,300722,14610,315332,5509
2021-10-14,Placer,061,380077,35824,35343,3489,38832,412
2021-10-14,Plumas,063,18699,1612,1542,31,1573,6
2021-10-14,Riverside,065,2383286,356770,352435,16270,368705,4990
2021-10-14,Sacramento,067,1510023,154548,153264,4299,157563,2192
2021-10-14,San Benito,069,59416,7246,7210,162,7372,71
2021-10-14,San Bernardino,071,2135413,347818,345418,10894,356312,5566
2021-10-14,San Diego,073,3302833,365738,363109,21396,384505,4151
2021-10-14,San Francisco,075,870044,52010,51436,2257,53693,645
2021-10-14,San Joaquin,077,732212,97550,96507,5308,101815,1708
2021-10-14,San Luis Obispo,079,281455,28916,28460,1184,29644,329
2021-10-14,San Mateo,081,765935,53323,52399,827,53226,569
2021-10-14,Santa Barbara,083,443738,43512,43175,1584,44759,521
2021-10-14,Santa Clara,085,1922200,144498,143282,1231,144513,1890
2021-10-14,Santa Cruz,087,273765,20020,19794,996,20790,218
2021-10-14,Shasta,089,179085,20345,19932,3415,23347,309
2021-10-14,Sierra,091,2930,169,160,18,178,0
2021-10-14,Siskiyou,093,43540,3280,3173,1226,4399,42
2021-10-14,Solano,095,438530,45262,44585,1211,45796,334
2021-10-14,Sonoma,097,501317,40460,40195,508,40703,390
2021-10-14,Stanislaus,099,539301,75936,75868,8587,84455,1142
2021-10-14,Sutter,101,95872,13578,13471,309,13780,169
2021-10-14,Tehama,103,63373,8073,7907,1371,9278,104
2021-10-14,Trinity,105,12862,821,679,208,887,11
2021-10-14,Tulare,107,460477,66009,64489,14088,78577,951
2021-10-14,Tuolumne,109,53932,6739,6666,81,6747,89
2021-10-14,Ventura,111,848112,96875,96181,4255,100436,1164
2021-10-14,Yolo,113,214977,19263,19078,1056,20134,247
2021-10-14,Yuba,115,75493,9816,9705,279,9984,82
2021-10-13,Alameda,001,1643700,117669,116914,2733,119647,1360
2021-10-13,Alpine,003,1148,100,102,0,102,0
2021-10-13,Amador,005,37829,5367,5305,58,5363,63
2021-10-13,Butte,007,227075,20019,19546,3594,23140,257
2021-10-13,Calaveras,009,45235,3816,3756,44,3800,79
2021-10-13,Colusa,011,21464,2465,2430,595,3025,18
2021-10-13,Contra Costa,013,1133247,97684,96975,2097,99072,969
2021-10-13,Del Norte,015,27424,3598,3512,52,3564,39
2021-10-13,El Dorado,017,186661,15551,15302,1613,16915,149
2021-10-13,Fresno,019,978130,134248,132055,12220,144275,2048
2021-10-13,Glenn,021,27897,3402,3327,981,4308,26
2021-10-13,Humboldt,023,135768,8725,8604,487,9091,102
2021-10-13,Imperial,025,180216,32612,32317,3148,35465,762
2021-10-13,Inyo,027,18085,2012,1907,40,1947,39
2021-10-13,Kern,029,883053,122945,120956,20328,141284,1586
2021-10-13,Kings,031,150075,30938,30246,1822,32068,312
2021-10-13,Lake,033,64148,6492,6371,135,6506,103
2021-10-13,Lassen,035,31185,6663,6535,321,6856,25
2021-10-13,Los Angeles,037,10098052,1418819,1408384,53758,1462142,26379
2021-10-13,Madera,039,155013,22062,21609,1931,23540,277
2021-10-13,Marin,041,260295,17278,17137,435,17572,243
2021-10-13,Mariposa,043,17540,1168,1090,40,1130,5
2021-10-13,Mendocino,045,87422,7212,7088,444,7532,82
2021-10-13,Merced,047,269075,40504,40164,1723,41887,577
2021-10-13,Modoc,049,8938,510,490,181,671,5
2021-10-13,Mono,051,14174,1648,1612,20,1632,3
2021-10-13,Monterey,053,433212,48225,47273,2774,50047,582
2021-10-13,Napa,055,140530,12775,12695,103,12798,100
2021-10-13,Nevada,057,99092,8824,8725,307,9032,90
2021-10-13,Orange,059,3164182,302771,300468,14594,315062,5503
2021-10-13,Placer,061,380077,35757,35254,3480,38734,412
2021-10-13,Plumas,063,18699,1598,1514,31,1545,6
2021-10-13,Riverside,065,2383286,356440,352044,16257,368301,4978
2021-10-13,Sacramento,067,1510023,154298,153141,4277,157418,2182
2021-10-13,San Benito,069,59416,7240,7196,161,7357,71
2021-10-13,San Bernardino,071,2135413,347493,344951,10878,355829,5562
2021-10-13,San Diego,073,3302833,365301,362564,21374,383938,4141
2021-10-13,San Francisco,075,870044,51968,51379,2253,53632,644
2021-10-13,San Joaquin,077,732212,97407,96343,5303,101646,1696
2021-10-13,San Luis Obispo,079,281455,28878,28397,1181,29578,330
2021-10-13,San Mateo,081,765935,53271,52352,823,53175,569
2021-10-13,Santa Barbara,083,443738,43460,43109,1584,44693,518
2021-10-13,Santa Clara,085,1922200,144360,143064,1230,144294,1886
2021-10-13,Santa Cruz,087,273765,19994,19763,995,20758,217
2021-10-13,Shasta,089,179085,20275,19802,3394,23196,307
2021-10-13,Sierra,091,2930,169,155,18,173,0
2021-10-13,Siskiyou,093,43540,3272,3173,1225,4398,42
2021-10-13,Solano,095,438530,45223,44558,1208,45766,334
2021-10-13,Sonoma,097,501317,40404,40122,508,40630,390
2021-10-13,Stanislaus,099,539301,75795,75698,8577,84275,1136
2021-10-13,Sutter,101,95872,13548,13458,307,13765,169
2021-10-13,Tehama,103,63373,8035,7849,1365,9214,103
2021-10-13,Trinity,105,12862,818,677,208,885,11
2021-10-13,Tulare,107,460477,65829,64297,14032,78329,945
2021-10-13,Tuolumne,109,53932,6725,6644,80,6724,89
2021-10-13,Ventura,111,848112,96801,96099,4249,100348,1162
2021-10-13,Yolo,113,214977,19234,19023,1054,20077,247
2021-10-13,Yuba,115,75493,9791,9690,265,9955,80
2021-10-12,Alameda,001,1643700,117563,116813,2728,119541,1357
2021-10-12,Alpine,003,1148,100,102,0,102,0
2021-10-12,Amador,005,37829,5356,5301,58,5359,63
2021-10-12,Butte,007,227075,19949,19506,3582,23088,256
2021-10-12,Calaveras,009,45235,3801,3750,44,3794,75
2021-10-12,Colusa,011,21464,2462,2428,593,3021,18
2021-10-12,Contra Costa,013,1133247,97569,96894,2088,98982,960
2021-10-12,Del Norte,015,27424,3592,3511,52,3563,39
2021-10-12,El Dorado,017,186661,15517,15287,1611,16898,148
2021-10-12,Fresno,019,978130,133885,131848,12189,144037,2042
2021-10-12,Glenn,021,27897,3387,3321,980,4301,26
2021-10-12,Humboldt,023,135768,8698,8587,481,9068,102
2021-10-12,Imperial,025,180216,32560,32267,3146,35413,762
2021-10-12,Inyo,027,18085,1980,1889,40,1929,39
2021-10-12,Kern,029,883053,122658,120826,20217,141043,1580
2021-10-12,Kings,031,150075,30864,30200,1811,32011,312
2021-10-12,Lake,033,64148,6477,6372,133,6505,97
2021-10-12,Lassen,035,31185,6653,6526,320,6846,25
2021-10-12,Los Angeles,037,10098052,1417754,1407462,53710,1461172,26362
2021-10-12,Madera,039,155013,21991,21574,1918,23492,277
2021-10-12,Marin,041,260295,17255,17126,435,17561,242
2021-10-12,Mariposa,043,17540,1154,1088,40,1128,5
2021-10-12,Mendocino,045,87422,7183,7077,441,7518,82
2021-10-12,Merced,047,269075,40425,40113,1717,41830,567
2021-10-12,Modoc,049,8938,505,485,180,665,5
2021-10-12,Mono,051,14174,1646,1608,20,1628,3
2021-10-12,Monterey,053,433212,48194,47254,2766,50020,582
2021-10-12,Napa,055,140530,12761,12671,103,12774,97
2021-10-12,Nevada,057,99092,8812,8720,306,9026,89
2021-10-12,Orange,059,3164182,302517,300256,14568,314824,5499
2021-10-12,Placer,061,380077,35694,35214,3472,38686,404
2021-10-12,Plumas,063,18699,1584,1488,30,1518,6
2021-10-12,Riverside,065,2383286,356113,351771,16243,368014,4973
2021-10-12,Sacramento,067,1510023,153994,152935,4252,157187,2170
2021-10-12,San Benito,069,59416,7226,7193,161,7354,71
2021-10-12,San Bernardino,071,2135413,347179,344788,10869,355657,5563
2021-10-12,San Diego,073,3302833,364778,362256,21345,383601,4137
2021-10-12,San Francisco,075,870044,51905,51301,2252,53553,643
2021-10-12,San Joaquin,077,732212,97270,96237,5298,101535,1690
2021-10-12,San Luis Obispo,079,281455,28831,28379,1180,29559,327
2021-10-12,San Mateo,081,765935,53221,52328,822,53150,569
2021-10-12,Santa Barbara,083,443738,43399,43076,1584,44660,515
2021-10-12,Santa Clara,085,1922200,144206,142954,1228,144182,1882
2021-10-12,Santa Cruz,087,273765,19969,19757,995,20752,218
2021-10-12,Shasta,089,179085,20201,19731,3373,23104,304
2021-10-12,Sierra,091,2930,169,153,18,171,0
2021-10-12,Siskiyou,093,43540,3261,3166,1219,4385,42
2021-10-12,Solano,095,438530,45180,44516,1203,45719,329
2021-10-12,Sonoma,097,501317,40362,40105,507,40612,390
2021-10-12,Stanislaus,099,539301,75643,75589,8564,84153,1126
2021-10-12,Sutter,101,95872,13525,13436,303,13739,168
2021-10-12,Tehama,103,63373,8002,7820,1361,9181,103
2021-10-12,Trinity,105,12862,815,676,208,884,11
2021-10-12,Tulare,107,460477,65644,64216,13975,78191,944
2021-10-12,Tuolumne,109,53932,6708,6637,79,6716,89
2021-10-12,Ventura,111,848112,96700,96022,4244,100266,1160
2021-10-12,Yolo,113,214977,19207,18987,1046,20033,247
2021-10-12,Yuba,115,75493,9776,9676,261,9937,70
2021-10-11,Alameda,001,1643700,117421,116759,2727,119486,1358
2021-10-11,Alpine,003,1148,100,102,0,102,0
2021-10-11,Amador,005,37829,5344,5286,58,5344,62
2021-10-11,Butte,007,227075,19890,19452,3577,23029,253
2021-10-11,Calaveras,009,45235,3780,3750,44,3794,75
2021-10-11,Colusa,011,21464,2458,2427,586,3013,18
2021-10-11,Contra Costa,013,1133247,97432,96832,2083,98915,960
2021-10-11,Del Norte,015,27424,3589,3510,48,3558,39
2021-10-11,El Dorado,017,186661,15488,15273,1607,16880,146
2021-10-11,Fresno,019,978130,133556,131703,12152,143855,2036
2021-10-11,Glenn,021,27897,3370,3308,977,4285,26
2021-10-11,Humboldt,023,135768,8673,8571,474,9045,101
2021-10-11,Imperial,025,180216,32510,32207,3140,35347,762
2021-10-11,Inyo,027,18085,1957,1862,39,1901,39
2021-10-11,Kern,029,883053,122422,120684,20121,140805,1575
2021-10-11,Kings,031,150075,30775,30180,1801,31981,309
2021-10-11,Lake,033,64148,6461,6361,129,6490,97
2021-10-11,Lassen,035,31185,6633,6499,317,6816,25
2021-10-11,Los Angeles,037,10098052,1416705,1406826,53659,1460485,26346
2021-10-11,Madera,039,155013,21934,21555,1900,23455,272
2021-10-11,Marin,041,260295,17237,17121,431,17552,242
2021-10-11,Mariposa,043,17540,1124,1083,39,1122,5
2021-10-11,Mendocino,045,87422,7167,7064,437,7501,82
2021-10-11,Merced,047,269075,40309,40064,1692,41756,566
2021-10-11,Modoc,049,8938,502,482,177,659,5
2021-10-11,Mono,051,14174,1636,1604,20,1624,3
2021-10-11,Monterey,053,433212,48165,47241,2759,50000,580
2021-10-11,Napa,055,140530,12738,12654,101,12755,96
2021-10-11,Nevada,057,99092,8792,8716,305,9021,90
2021-10-11,Orange,059,3164182,302289,299941,14539,314480,5499
2021-10-11,Placer,061,380077,35625,35173,3455,38628,404
2021-10-11,Plumas,063,18699,1566,1469,28,1497,6
2021-10-11,Riverside,065,2383286,355769,351444,16238,367682,4973
2021-10-11,Sacramento,067,1510023,153705,152681,4221,156902,2169
2021-10-11,San Benito,069,59416,7205,7184,159,7343,71
2021-10-11,San Bernardino,071,2135413,346790,344594,10861,355455,5549
2021-10-11,San Diego,073,3302833,364257,361712,21313,383025,4124
2021-10-11,San Francisco,075,870044,51834,51275,2248,53523,643
2021-10-11,San Joaquin,077,732212,97116,96152,5287,101439,1681
2021-10-11,San Luis Obispo,079,281455,28784,28355,1175,29530,327
2021-10-11,San Mateo,081,765935,53173,52298,821,53119,569
2021-10-11,Santa Barbara,083,443738,43352,43018,1583,44601,515
2021-10-11,Santa Clara,085,1922200,144044,142836,1224,144060,1882
2021-10-11,Santa Cruz,087,273765,19945,19745,994,20739,217
2021-10-11,Shasta,089,179085,20122,19662,3357,23019,295
2021-10-11,Sierra,091,2930,166,147,17,164,0
2021-10-11,Siskiyou,093,43540,3254,3159,1215,4374,42
2021-10-11,Solano,095,438530,45132,44474,1200,45674,329
2021-10-11,Sonoma,097,501317,40317,40067,507,40574,390
2021-10-11,Stanislaus,099,539301,75471,75478,8543,84021,1118
2021-10-11,Sutter,101,95872,13506,13427,301,13728,165
2021-10-11,Tehama,103,63373,7961,7795,1352,9147,102
2021-10-11,Trinity,105,12862,809,675,207,882,11
2021-10-11,Tulare,107,460477,65464,64094,13908,78002,942
2021-10-11,Tuolumne,109,53932,6670,6602,79,6681,89
2021-10-11,Ventura,111,848112,96603,95876,4237,100113,1160
2021-10-11,Yolo,113,214977,19161,18977,1043,20020,247
2021-10-11,Yuba,115,75493,9759,9657,249,9906,69
2021-10-10,Alameda,001,1643700,117302,116679,2723,119402,1358
2021-10-10,Alpine,003,1148,100,102,0,102,0
2021-10-10,Amador,005,37829,5330,5278,58,5336,62
2021-10-10,Butte,007,227075,19826,19430,3563,22993,253
2021-10-10,Calaveras,009,45235,3768,3747,44,3791,75
2021-10-10,Colusa,011,21464,2457,2425,585,3010,18
2021-10-10,Contra Costa,013,1133247,97333,96760,2077,98837,960
2021-10-10,Del Norte,015,27424,3585,3507,48,3555,39
2021-10-10,El Dorado,017,186661,15458,15250,1601,16851,146
2021-10-10,Fresno,019,978130,133228,131434,12123,143557,2035
2021-10-10,Glenn,021,27897,3366,3297,975,4272,26
2021-10-10,Humboldt,023,135768,8651,8554,470,9024,101
2021-10-10,Imperial,025,180216,32436,32167,3139,35306,762
2021-10-10,Inyo,027,18085,1936,1857,39,1896,39
2021-10-10,Kern,029,883053,122096,120552,20017,140569,1573
2021-10-10,Kings,031,150075,30686,30122,1791,31913,308
2021-10-10,Lake,033,64148,6445,6349,128,6477,97
2021-10-10,Lassen,035,31185,6613,6495,316,6811,26
2021-10-10,Los Angeles,037,10098052,1415523,1406034,53584,1459618,26338
2021-10-10,Madera,039,155013,21888,21486,1891,23377,272
2021-10-10,Marin,041,260295,17220,17112,431,17543,242
2021-10-10,Mariposa,043,17540,1121,1074,39,1113,5
2021-10-10,Mendocino,045,87422,7152,7060,429,7489,81
2021-10-10,Merced,047,269075,40224,40036,1674,41710,566
2021-10-10,Modoc,049,8938,502,482,177,659,5
2021-10-10,Mono,051,14174,1635,1596,20,1616,3
2021-10-10,Monterey,053,433212,48135,47228,2758,49986,580
2021-10-10,Napa,055,140530,12715,12641,101,12742,96
2021-10-10,Nevada,057,99092,8780,8689,305,8994,90
2021-10-10,Orange,059,3164182,302027,299787,14511,314298,5499
2021-10-10,Placer,061,380077,35532,35128,3443,38571,404
2021-10-10,Plumas,063,18699,1550,1468,26,1494,6
2021-10-10,Riverside,065,2383286,355396,351248,16219,367467,4973
2021-10-10,Sacramento,067,1510023,153440,152405,4204,156609,2178
2021-10-10,San Benito,069,59416,7200,7180,158,7338,71
2021-10-10,San Bernardino,071,2135413,346484,344423,10853,355276,5551
2021-10-10,San Diego,073,3302833,363731,361038,21266,382304,4113
2021-10-10,San Francisco,075,870044,51786,51216,2245,53461,643
2021-10-10,San Joaquin,077,732212,96945,96084,5270,101354,1681
2021-10-10,San Luis Obispo,079,281455,28740,28343,1175,29518,326
2021-10-10,San Mateo,081,765935,53131,52273,820,53093,569
2021-10-10,Santa Barbara,083,443738,43305,42987,1582,44569,515
2021-10-10,Santa Clara,085,1922200,143879,142768,1217,143985,1881
2021-10-10,Santa Cruz,087,273765,19925,19727,994,20721,217
2021-10-10,Shasta,089,179085,20034,19635,3348,22983,296
2021-10-10,Sierra,091,2930,164,147,17,164,0
2021-10-10,Siskiyou,093,43540,3240,3155,1208,4363,42
2021-10-10,Solano,095,438530,45076,44431,1200,45631,329
2021-10-10,Sonoma,097,501317,40265,40027,507,40534,390
2021-10-10,Stanislaus,099,539301,75294,75403,8529,83932,1118
2021-10-10,Sutter,101,95872,13482,13412,296,13708,165
2021-10-10,Tehama,103,63373,7923,7764,1343,9107,102
2021-10-10,Trinity,105,12862,808,669,206,875,11
2021-10-10,Tulare,107,460477,65292,63930,13857,77787,940
2021-10-10,Tuolumne,109,53932,6646,6580,78,6658,89
2021-10-10,Ventura,111,848112,96514,95829,4237,100066,1160
2021-10-10,Yolo,113,214977,19129,18952,1038,19990,247
2021-10-10,Yuba,115,75493,9743,9641,244,9885,69
2021-10-09,Alameda,001,1643700,117203,116253,2721,118974,1356
2021-10-09,Alpine,003,1148,99,102,0,102,0
2021-10-09,Amador,005,37829,5328,5237,57,5294,62
2021-10-09,Butte,007,227075,19795,19277,3560,22837,250
2021-10-09,Calaveras,009,45235,3764,3716,44,3760,75
2021-10-09,Colusa,011,21464,2453,2419,584,3003,18
2021-10-09,Contra Costa,013,1133247,97263,96378,2071,98449,958
2021-10-09,Del Norte,015,27424,3584,3495,48,3543,39
2021-10-09,El Dorado,017,186661,15440,15153,1598,16751,144
2021-10-09,Fresno,019,978130,133095,130508,12104,142612,2018
2021-10-09,Glenn,021,27897,3362,3277,973,4250,26
2021-10-09,Humboldt,023,135768,8637,8448,468,8916,97
2021-10-09,Imperial,025,180216,32402,31989,3137,35126,760
2021-10-09,Inyo,027,18085,1927,1808,39,1847,39
2021-10-09,Kern,029,883053,121957,119795,19990,139785,1559
2021-10-09,Kings,031,150075,30637,29894,1789,31683,308
2021-10-09,Lake,033,64148,6426,6283,127,6410,97
2021-10-09,Lassen,035,31185,6608,6442,315,6757,25
2021-10-09,Los Angeles,037,10098052,1414935,1402810,53545,1456355,26280
2021-10-09,Madera,039,155013,21855,21313,1877,23190,271
2021-10-09,Marin,041,260295,17215,17049,429,17478,242
2021-10-09,Mariposa,043,17540,1114,1042,38,1080,5
2021-10-09,Mendocino,045,87422,7145,7011,428,7439,82
2021-10-09,Merced,047,269075,40182,39784,1674,41458,565
2021-10-09,Modoc,049,8938,500,477,176,653,5
2021-10-09,Mono,051,14174,1632,1577,20,1597,3
2021-10-09,Monterey,053,433212,48123,47168,2755,49923,577
2021-10-09,Napa,055,140530,12711,12586,101,12687,96
2021-10-09,Nevada,057,99092,8769,8613,304,8917,90
2021-10-09,Orange,059,3164182,301846,299089,14492,313581,5457
2021-10-09,Placer,061,380077,35494,34877,3436,38313,393
2021-10-09,Plumas,063,18699,1539,1418,26,1444,6
2021-10-09,Riverside,065,2383286,355145,350082,16202,366284,4965
2021-10-09,Sacramento,067,1510023,153230,151566,4191,155757,2160
2021-10-09,San Benito,069,59416,7192,7123,158,7281,71
2021-10-09,San Bernardino,071,2135413,346300,343452,10849,354301,5556
2021-10-09,San Diego,073,3302833,363416,359909,21261,381170,4111
2021-10-09,San Francisco,075,870044,51739,50960,2238,53198,643
2021-10-09,San Joaquin,077,732212,96879,95606,5265,100871,1669
2021-10-09,San Luis Obispo,079,281455,28723,28197,1173,29370,324
2021-10-09,San Mateo,081,765935,53099,52121,819,52940,569
2021-10-09,Santa Barbara,083,443738,43278,42735,1582,44317,514
2021-10-09,Santa Clara,085,1922200,143756,142298,1211,143509,1873
2021-10-09,Santa Cruz,087,273765,19915,19635,993,20628,217
2021-10-09,Shasta,089,179085,19984,19437,3343,22780,290
2021-10-09,Sierra,091,2930,161,141,17,158,0
2021-10-09,Siskiyou,093,43540,3239,3124,1207,4331,42
2021-10-09,Solano,095,438530,45059,44265,1199,45464,329
2021-10-09,Sonoma,097,501317,40221,39848,507,40355,387
2021-10-09,Stanislaus,099,539301,75204,74899,8519,83418,1114
2021-10-09,Sutter,101,95872,13473,13314,294,13608,165
2021-10-09,Tehama,103,63373,7912,7670,1338,9008,99
2021-10-09,Trinity,105,12862,807,660,206,866,11
2021-10-09,Tulare,107,460477,65184,63398,13835,77233,932
2021-10-09,Tuolumne,109,53932,6627,6521,78,6599,89
2021-10-09,Ventura,111,848112,96460,95542,4234,99776,1158
2021-10-09,Yolo,113,214977,19108,18850,1035,19885,247
2021-10-09,Yuba,115,75493,9731,9551,242,9793,69
2021-10-08,Alameda,001,1643700,117122,116253,2718,118971,1356
2021-10-08,Alpine,003,1148,99,102,0,102,0
2021-10-08,Amador,005,37829,5315,5237,57,5294,62
2021-10-08,Butte,007,227075,19766,19277,3556,22833,250
2021-10-08,Calaveras,009,45235,3759,3716,44,3760,75
2021-10-08,Colusa,011,21464,2451,2419,584,3003,18
2021-10-08,Contra Costa,013,1133247,97219,96378,2066,98444,958
2021-10-08,Del Norte,015,27424,3583,3495,48,3543,39
2021-10-08,El Dorado,017,186661,15420,15153,1594,16747,144
2021-10-08,Fresno,019,978130,132899,130508,12081,142589,2018
2021-10-08,Glenn,021,27897,3354,3277,971,4248,26
2021-10-08,Humboldt,023,135768,8626,8448,465,8913,97
2021-10-08,Imperial,025,180216,32372,31989,3133,35122,760
2021-10-08,Inyo,027,18085,1909,1808,39,1847,39
2021-10-08,Kern,029,883053,121820,119795,19948,139743,1559
2021-10-08,Kings,031,150075,30543,29894,1788,31682,308
2021-10-08,Lake,033,64148,6418,6283,127,6410,97
2021-10-08,Lassen,035,31185,6594,6442,312,6754,25
2021-10-08,Los Angeles,037,10098052,1414273,1402810,53508,1456318,26280
2021-10-08,Madera,039,155013,21796,21313,1870,23183,271
2021-10-08,Marin,041,260295,17204,17049,428,17477,242
2021-10-08,Mariposa,043,17540,1107,1042,36,1078,5
2021-10-08,Mendocino,045,87422,7132,7011,428,7439,82
2021-10-08,Merced,047,269075,40150,39784,1671,41455,565
2021-10-08,Modoc,049,8938,498,477,176,653,5
2021-10-08,Mono,051,14174,1629,1577,20,1597,3
2021-10-08,Monterey,053,433212,48096,47168,2753,49921,577
2021-10-08,Napa,055,140530,12695,12586,101,12687,96
2021-10-08,Nevada,057,99092,8756,8613,304,8917,90
2021-10-08,Orange,059,3164182,301699,299089,14472,313561,5457
2021-10-08,Placer,061,380077,35456,34877,3428,38305,393
2021-10-08,Plumas,063,18699,1527,1418,26,1444,6
2021-10-08,Riverside,065,2383286,354876,350082,16191,366273,4965
2021-10-08,Sacramento,067,1510023,153064,151566,4177,155743,2160
2021-10-08,San Benito,069,59416,7188,7123,156,7279,71
2021-10-08,San Bernardino,071,2135413,346095,343452,10841,354293,5556
2021-10-08,San Diego,073,3302833,363081,359909,21243,381152,4111
2021-10-08,San Francisco,075,870044,51692,50960,2229,53189,643
2021-10-08,San Joaquin,077,732212,96811,95606,5259,100865,1669
2021-10-08,San Luis Obispo,079,281455,28696,28197,1172,29369,324
2021-10-08,San Mateo,081,765935,53071,52121,819,52940,569
2021-10-08,Santa Barbara,083,443738,43243,42735,1581,44316,514
2021-10-08,Santa Clara,085,1922200,143643,142298,1206,143504,1873
2021-10-08,Santa Cruz,087,273765,19900,19635,993,20628,217
2021-10-08,Shasta,089,179085,19942,19437,3337,22774,290
2021-10-08,Sierra,091,2930,159,141,15,156,0
2021-10-08,Siskiyou,093,43540,3231,3124,1206,4330,42
2021-10-08,Solano,095,438530,45020,44265,1198,45463,329
2021-10-08,Sonoma,097,501317,40185,39848,507,40355,387
2021-10-08,Stanislaus,099,539301,75135,74899,8510,83409,1114
2021-10-08,Sutter,101,95872,13459,13314,292,13606,165
2021-10-08,Tehama,103,63373,7895,7670,1336,9006,99
2021-10-08,Trinity,105,12862,806,660,206,866,11
2021-10-08,Tulare,107,460477,65066,63398,13803,77201,932
2021-10-08,Tuolumne,109,53932,6604,6521,78,6599,89
2021-10-08,Ventura,111,848112,96409,95542,4228,99770,1158
2021-10-08,Yolo,113,214977,19095,18850,1031,19881,247
2021-10-08,Yuba,115,75493,9711,9551,241,9792,69
2021-10-07,Alameda,001,1643700,117001,116253,2717,118970,1356
2021-10-07,Alpine,003,1148,99,102,0,102,0
2021-10-07,Amador,005,37829,5308,5237,57,5294,62
2021-10-07,Butte,007,227075,19717,19277,3545,22822,250
2021-10-07,Calaveras,009,45235,3747,3716,44,3760,75
2021-10-07,Colusa,011,21464,2448,2419,578,2997,18
2021-10-07,Contra Costa,013,1133247,97096,96378,2062,98440,958
2021-10-07,Del Norte,015,27424,3580,3495,48,3543,39
2021-10-07,El Dorado,017,186661,15384,15153,1590,16743,144
2021-10-07,Fresno,019,978130,132623,130508,12056,142564,2018
2021-10-07,Glenn,021,27897,3347,3277,969,4246,26
2021-10-07,Humboldt,023,135768,8600,8448,462,8910,97
2021-10-07,Imperial,025,180216,32301,31989,3120,35109,760
2021-10-07,Inyo,027,18085,1890,1808,39,1847,39
2021-10-07,Kern,029,883053,121589,119795,19882,139677,1559
2021-10-07,Kings,031,150075,30478,29894,1782,31676,308
2021-10-07,Lake,033,64148,6407,6283,127,6410,97
2021-10-07,Lassen,035,31185,6576,6442,310,6752,25
2021-10-07,Los Angeles,037,10098052,1413314,1402810,53463,1456273,26280
2021-10-07,Madera,039,155013,21723,21313,1856,23169,271
2021-10-07,Marin,041,260295,17186,17049,428,17477,242
2021-10-07,Mariposa,043,17540,1099,1042,36,1078,5
2021-10-07,Mendocino,045,87422,7122,7011,424,7435,82
2021-10-07,Merced,047,269075,40083,39784,1654,41438,565
2021-10-07,Modoc,049,8938,495,477,175,652,5
2021-10-07,Mono,051,14174,1620,1577,20,1597,3
2021-10-07,Monterey,053,433212,48071,47168,2744,49912,577
2021-10-07,Napa,055,140530,12680,12586,101,12687,96
2021-10-07,Nevada,057,99092,8728,8613,304,8917,90
2021-10-07,Orange,059,3164182,301473,299089,14458,313547,5457
2021-10-07,Placer,061,380077,35394,34877,3421,38298,393
2021-10-07,Plumas,063,18699,1510,1418,26,1444,6
2021-10-07,Riverside,065,2383286,354543,350082,16179,366261,4965
2021-10-07,Sacramento,067,1510023,152782,151566,4150,155716,2160
2021-10-07,San Benito,069,59416,7172,7123,154,7277,71
2021-10-07,San Bernardino,071,2135413,345824,343452,10834,354286,5556
2021-10-07,San Diego,073,3302833,362669,359909,21222,381131,4111
2021-10-07,San Francisco,075,870044,51622,50960,2226,53186,643
2021-10-07,San Joaquin,077,732212,96657,95606,5251,100857,1669
2021-10-07,San Luis Obispo,079,281455,28645,28197,1170,29367,324
2021-10-07,San Mateo,081,765935,53031,52121,817,52938,569
2021-10-07,Santa Barbara,083,443738,43174,42735,1575,44310,514
2021-10-07,Santa Clara,085,1922200,143492,142298,1200,143498,1873
2021-10-07,Santa Cruz,087,273765,19880,19635,992,20627,217
2021-10-07,Shasta,089,179085,19853,19437,3322,22759,290
2021-10-07,Sierra,091,2930,158,141,15,156,0
2021-10-07,Siskiyou,093,43540,3227,3124,1201,4325,42
2021-10-07,Solano,095,438530,44975,44265,1194,45459,329
2021-10-07,Sonoma,097,501317,40148,39848,505,40353,387
2021-10-07,Stanislaus,099,539301,74972,74899,8485,83384,1114
2021-10-07,Sutter,101,95872,13437,13314,289,13603,165
2021-10-07,Tehama,103,63373,7862,7670,1330,9000,99
2021-10-07,Trinity,105,12862,804,660,206,866,11
2021-10-07,Tulare,107,460477,64900,63398,13765,77163,932
2021-10-07,Tuolumne,109,53932,6582,6521,78,6599,89
2021-10-07,Ventura,111,848112,96336,95542,4225,99767,1158
2021-10-07,Yolo,113,214977,19062,18850,1026,19876,247
2021-10-07,Yuba,115,75493,9685,9551,234,9785,69
2021-10-06,Alameda,001,1643700,116865,116058,2711,118769,1353
2021-10-06,Alpine,003,1148,99,102,0,102,0
2021-10-06,Amador,005,37829,5305,5205,57,5262,62
2021-10-06,Butte,007,227075,19654,19208,3538,22746,247
2021-10-06,Calaveras,009,45235,3738,3669,44,3713,75
2021-10-06,Colusa,011,21464,2446,2414,571,2985,18
2021-10-06,Contra Costa,013,1133247,96969,96184,2058,98242,953
2021-10-06,Del Norte,015,27424,3577,3490,45,3535,39
2021-10-06,El Dorado,017,186661,15359,15078,1587,16665,140
2021-10-06,Fresno,019,978130,132333,130074,12029,142103,2008
2021-10-06,Glenn,021,27897,3338,3270,967,4237,26
2021-10-06,Humboldt,023,135768,8585,8416,455,8871,94
2021-10-06,Imperial,025,180216,32248,31930,3109,35039,760
2021-10-06,Inyo,027,18085,1875,1806,39,1845,39
2021-10-06,Kern,029,883053,121332,119491,19789,139280,1552
2021-10-06,Kings,031,150075,30412,29785,1774,31559,308
2021-10-06,Lake,033,64148,6393,6271,127,6398,97
2021-10-06,Lassen,035,31185,6559,6429,309,6738,25
2021-10-06,Los Angeles,037,10098052,1412356,1401675,53414,1455089,26252
2021-10-06,Madera,039,155013,21668,21230,1846,23076,269
2021-10-06,Marin,041,260295,17177,17042,425,17467,242
2021-10-06,Mariposa,043,17540,1092,1036,36,1072,5
2021-10-06,Mendocino,045,87422,7113,6986,422,7408,81
2021-10-06,Merced,047,269075,40008,39666,1642,41308,563
2021-10-06,Modoc,049,8938,495,477,173,650,5
2021-10-06,Mono,051,14174,1608,1568,20,1588,3
2021-10-06,Monterey,053,433212,48038,47136,2739,49875,577
2021-10-06,Napa,055,140530,12656,12552,100,12652,96
2021-10-06,Nevada,057,99092,8712,8582,303,8885,90
2021-10-06,Orange,059,3164182,301235,298785,14445,313230,5448
2021-10-06,Placer,061,380077,35343,34764,3414,38178,390
2021-10-06,Plumas,063,18699,1487,1383,26,1409,6
2021-10-06,Riverside,065,2383286,354187,349645,16158,365803,4953
2021-10-06,Sacramento,067,1510023,152529,151164,4119,155283,2141
2021-10-06,San Benito,069,59416,7157,7108,154,7262,69
2021-10-06,San Bernardino,071,2135413,345530,343022,10827,353849,5551
2021-10-06,San Diego,073,3302833,362170,359564,21194,380758,4104
2021-10-06,San Francisco,075,870044,51559,50894,2223,53117,641
2021-10-06,San Joaquin,077,732212,96523,95418,5239,100657,1658
2021-10-06,San Luis Obispo,079,281455,28595,28170,1164,29334,323
2021-10-06,San Mateo,081,765935,52981,52056,812,52868,569
2021-10-06,Santa Barbara,083,443738,43091,42687,1573,44260,513
2021-10-06,Santa Clara,085,1922200,143341,142124,1195,143319,1872
2021-10-06,Santa Cruz,087,273765,19851,19604,990,20594,217
2021-10-06,Shasta,089,179085,19779,19325,3309,22634,287
2021-10-06,Sierra,091,2930,156,138,15,153,0
2021-10-06,Siskiyou,093,43540,3217,3116,1194,4310,42
2021-10-06,Solano,095,438530,44941,44185,1193,45378,328
2021-10-06,Sonoma,097,501317,40098,39787,505,40292,383
2021-10-06,Stanislaus,099,539301,74830,74699,8472,83171,1114
2021-10-06,Sutter,101,95872,13416,13284,287,13571,164
2021-10-06,Tehama,103,63373,7826,7629,1323,8952,99
2021-10-06,Trinity,105,12862,801,656,206,862,11
2021-10-06,Tulare,107,460477,64720,63198,13705,76903,926
2021-10-06,Tuolumne,109,53932,6557,6486,78,6564,89
2021-10-06,Ventura,111,848112,96245,95449,4217,99666,1158
2021-10-06,Yolo,113,214977,19030,18815,1021,19836,247
2021-10-06,Yuba,115,75493,9661,9520,233,9753,69
2021-10-05,Alameda,001,1643700,116719,115968,2706,118674,1350
2021-10-05,Alpine,003,1148,99,102,0,102,0
2021-10-05,Amador,005,37829,5284,5194,56,5250,61
2021-10-05,Butte,007,227075,19606,19137,3528,22665,246
2021-10-05,Calaveras,009,45235,3722,3657,44,3701,73
2021-10-05,Colusa,011,21464,2439,2414,570,2984,18
2021-10-05,Contra Costa,013,1133247,96853,96108,2051,98159,941
2021-10-05,Del Norte,015,27424,3575,3485,44,3529,39
2021-10-05,El Dorado,017,186661,15320,15052,1584,16636,140
2021-10-05,Fresno,019,978130,131994,129957,11994,141951,1987
2021-10-05,Glenn,021,27897,3328,3270,964,4234,26
2021-10-05,Humboldt,023,135768,8553,8398,451,8849,94
2021-10-05,Imperial,025,180216,32200,31909,3104,35013,759
2021-10-05,Inyo,027,18085,1858,1800,39,1839,39
2021-10-05,Kern,029,883053,121067,119260,19687,138947,1540
2021-10-05,Kings,031,150075,30337,29749,1768,31517,301
2021-10-05,Lake,033,64148,6372,6264,126,6390,97
2021-10-05,Lassen,035,31185,6540,6417,307,6724,25
2021-10-05,Los Angeles,037,10098052,1411212,1400300,53361,1453661,26223
2021-10-05,Madera,039,155013,21610,21183,1833,23016,269
2021-10-05,Marin,041,260295,17165,17024,425,17449,242
2021-10-05,Mariposa,043,17540,1073,1033,33,1066,5
2021-10-05,Mendocino,045,87422,7097,6972,415,7387,79
2021-10-05,Merced,047,269075,39942,39608,1633,41241,562
2021-10-05,Modoc,049,8938,491,475,172,647,5
2021-10-05,Mono,051,14174,1600,1565,20,1585,3
2021-10-05,Monterey,053,433212,48020,47087,2729,49816,573
2021-10-05,Napa,055,140530,12632,12533,100,12633,96
2021-10-05,Nevada,057,99092,8682,8576,303,8879,90
2021-10-05,Orange,059,3164182,300958,298589,14413,313002,5441
2021-10-05,Placer,061,380077,35263,34728,3407,38135,382
2021-10-05,Plumas,063,18699,1462,1357,26,1383,6
2021-10-05,Riverside,065,2383286,353827,349365,16143,365508,4942
2021-10-05,Sacramento,067,1510023,152256,151111,4090,155201,2126
2021-10-05,San Benito,069,59416,7139,7103,152,7255,69
2021-10-05,San Bernardino,071,2135413,345201,342711,10820,353531,5557
2021-10-05,San Diego,073,3302833,361586,359194,21167,380361,4092
2021-10-05,San Francisco,075,870044,51462,50826,2220,53046,641
2021-10-05,San Joaquin,077,732212,96370,95276,5212,100488,1651
2021-10-05,San Luis Obispo,079,281455,28551,28113,1162,29275,324
2021-10-05,San Mateo,081,765935,52935,52008,812,52820,569
2021-10-05,Santa Barbara,083,443738,43012,42595,1569,44164,511
2021-10-05,Santa Clara,085,1922200,143183,141971,1188,143159,1873
2021-10-05,Santa Cruz,087,273765,19809,19582,990,20572,216
2021-10-05,Shasta,089,179085,19706,19285,3296,22581,286
2021-10-05,Sierra,091,2930,152,136,15,151,0
2021-10-05,Siskiyou,093,43540,3203,3107,1194,4301,42
2021-10-05,Solano,095,438530,44870,44149,1191,45340,325
2021-10-05,Sonoma,097,501317,40043,39756,500,40256,383
2021-10-05,Stanislaus,099,539301,74668,74599,8455,83054,1114
2021-10-05,Sutter,101,95872,13388,13270,286,13556,164
2021-10-05,Tehama,103,63373,7796,7607,1314,8921,98
2021-10-05,Trinity,105,12862,798,655,206,861,11
2021-10-05,Tulare,107,460477,64513,63093,13651,76744,920
2021-10-05,Tuolumne,109,53932,6542,6473,77,6550,89
2021-10-05,Ventura,111,848112,96139,95351,4216,99567,1155
2021-10-05,Yolo,113,214977,18994,18782,1015,19797,245
2021-10-05,Yuba,115,75493,9629,9504,230,9734,69
2021-10-04,Alameda,001,1643700,116555,115845,2703,118548,1347
2021-10-04,Alpine,003,1148,99,102,0,102,0
2021-10-04,Amador,005,37829,5274,5163,55,5218,61
2021-10-04,Butte,007,227075,19529,19081,3516,22597,245
2021-10-04,Calaveras,009,45235,3713,3641,44,3685,73
2021-10-04,Colusa,011,21464,2438,2414,569,2983,18
2021-10-04,Contra Costa,013,1133247,96711,95958,2046,98004,937
2021-10-04,Del Norte,015,27424,3573,3485,40,3525,39
2021-10-04,El Dorado,017,186661,15272,15031,1577,16608,138
2021-10-04,Fresno,019,978130,131685,129665,11965,141630,1978
2021-10-04,Glenn,021,27897,3321,3270,961,4231,26
2021-10-04,Humboldt,023,135768,8521,8355,443,8798,94
2021-10-04,Imperial,025,180216,32151,31866,3097,34963,757
2021-10-04,Inyo,027,18085,1846,1792,36,1828,39
2021-10-04,Kern,029,883053,120778,118984,19566,138550,1531
2021-10-04,Kings,031,150075,30244,29702,1765,31467,303
2021-10-04,Lake,033,64148,6359,6248,126,6374,97
2021-10-04,Lassen,035,31185,6523,6405,307,6712,25
2021-10-04,Los Angeles,037,10098052,1410097,1399604,53301,1452905,26186
2021-10-04,Madera,039,155013,21546,21126,1821,22947,266
2021-10-04,Marin,041,260295,17149,17008,424,17432,242
2021-10-04,Mariposa,043,17540,1061,1024,33,1057,5
2021-10-04,Mendocino,045,87422,7079,6947,412,7359,79
2021-10-04,Merced,047,269075,39827,39565,1616,41181,558
2021-10-04,Modoc,049,8938,488,473,172,645,5
2021-10-04,Mono,051,14174,1593,1561,20,1581,3
2021-10-04,Monterey,053,433212,47999,47058,2722,49780,571
2021-10-04,Napa,055,140530,12608,12506,100,12606,96
2021-10-04,Nevada,057,99092,8662,8563,303,8866,90
2021-10-04,Orange,059,3164182,300662,298165,14381,312546,5438
2021-10-04,Placer,061,380077,35179,34630,3379,38009,379
2021-10-04,Plumas,063,18699,1440,1329,26,1355,6
2021-10-04,Riverside,065,2383286,353447,348828,16133,364961,4923
2021-10-04,Sacramento,067,1510023,151932,150887,4063,154950,2115
2021-10-04,San Benito,069,59416,7126,7099,152,7251,69
2021-10-04,San Bernardino,071,2135413,344843,342418,10808,353226,5551
2021-10-04,San Diego,073,3302833,361007,358525,21136,379661,4090
2021-10-04,San Francisco,075,870044,51367,50798,2216,53014,638
2021-10-04,San Joaquin,077,732212,96173,95198,5192,100390,1649
2021-10-04,San Luis Obispo,079,281455,28506,28090,1156,29246,323
2021-10-04,San Mateo,081,765935,52875,51958,811,52769,569
2021-10-04,Santa Barbara,083,443738,42928,42585,1568,44153,511
2021-10-04,Santa Clara,085,1922200,143039,141840,1182,143022,1869
2021-10-04,Santa Cruz,087,273765,19780,19559,989,20548,216
2021-10-04,Shasta,089,179085,19599,19170,3282,22452,279
2021-10-04,Sierra,091,2930,145,136,14,150,0
2021-10-04,Siskiyou,093,43540,3194,3103,1179,4282,42
2021-10-04,Solano,095,438530,44811,44092,1187,45279,322
2021-10-04,Sonoma,097,501317,39978,39720,500,40220,381
2021-10-04,Stanislaus,099,539301,74516,74444,8436,82880,1106
2021-10-04,Sutter,101,95872,13359,13261,285,13546,164
2021-10-04,Tehama,103,63373,7755,7585,1308,8893,95
2021-10-04,Trinity,105,12862,797,649,205,854,11
2021-10-04,Tulare,107,460477,64322,62957,13583,76540,920
2021-10-04,Tuolumne,109,53932,6516,6442,77,6519,89
2021-10-04,Ventura,111,848112,96047,95170,4210,99380,1153
2021-10-04,Yolo,113,214977,18950,18761,1010,19771,242
2021-10-04,Yuba,115,75493,9590,9481,228,9709,68
2021-10-03,Alameda,001,1643700,116416,115751,2693,118444,1349
2021-10-03,Alpine,003,1148,99,102,0,102,0
2021-10-03,Amador,005,37829,5256,5160,53,5213,61
2021-10-03,Butte,007,227075,19456,19066,3500,22566,245
2021-10-03,Calaveras,009,45235,3696,3632,44,3676,73
2021-10-03,Colusa,011,21464,2437,2413,566,2979,18
2021-10-03,Contra Costa,013,1133247,96578,95890,2039,97929,937
2021-10-03,Del Norte,015,27424,3567,3483,39,3522,39
2021-10-03,El Dorado,017,186661,15214,15014,1570,16584,139
2021-10-03,Fresno,019,978130,131305,129365,11924,141289,1978
2021-10-03,Glenn,021,27897,3314,3266,953,4219,26
2021-10-03,Humboldt,023,135768,8476,8352,439,8791,94
2021-10-03,Imperial,025,180216,32084,31844,3089,34933,757
2021-10-03,Inyo,027,18085,1825,1788,36,1824,39
2021-10-03,Kern,029,883053,120474,118851,19444,138295,1535
2021-10-03,Kings,031,150075,30143,29623,1758,31381,300
2021-10-03,Lake,033,64148,6333,6239,126,6365,97
2021-10-03,Lassen,035,31185,6501,6400,305,6705,25
2021-10-03,Los Angeles,037,10098052,1408827,1398790,53246,1452036,26179
2021-10-03,Madera,039,155013,21474,21066,1811,22877,266
2021-10-03,Marin,041,260295,17126,16995,419,17414,242
2021-10-03,Mariposa,043,17540,1054,1011,33,1044,5
2021-10-03,Mendocino,045,87422,7059,6939,403,7342,79
2021-10-03,Merced,047,269075,39720,39516,1596,41112,558
2021-10-03,Modoc,049,8938,487,472,171,643,5
2021-10-03,Mono,051,14174,1589,1554,20,1574,3
2021-10-03,Monterey,053,433212,47974,47049,2711,49760,571
2021-10-03,Napa,055,140530,12580,12489,98,12587,96
2021-10-03,Nevada,057,99092,8627,8545,303,8848,90
2021-10-03,Orange,059,3164182,300380,298027,14361,312388,5447
2021-10-03,Placer,061,380077,35040,34596,3362,37958,379
2021-10-03,Plumas,063,18699,1412,1328,26,1354,6
2021-10-03,Riverside,065,2383286,353016,348593,16113,364706,4924
2021-10-03,Sacramento,067,1510023,151642,150664,4035,154699,2120
2021-10-03,San Benito,069,59416,7117,7095,152,7247,69
2021-10-03,San Bernardino,071,2135413,344434,342302,10801,353103,5555
2021-10-03,San Diego,073,3302833,360411,358153,21104,379257,4081
2021-10-03,San Francisco,075,870044,51279,50733,2213,52946,638
2021-10-03,San Joaquin,077,732212,95984,95133,5184,100317,1649
2021-10-03,San Luis Obispo,079,281455,28439,28065,1151,29216,325
2021-10-03,San Mateo,081,765935,52808,51923,810,52733,569
2021-10-03,Santa Barbara,083,443738,42832,42550,1560,44110,511
2021-10-03,Santa Clara,085,1922200,142869,141737,1174,142911,1869
2021-10-03,Santa Cruz,087,273765,19740,19548,987,20535,216
2021-10-03,Shasta,089,179085,19494,19132,3253,22385,279
2021-10-03,Sierra,091,2930,142,136,14,150,0
2021-10-03,Siskiyou,093,43540,3181,3096,1168,4264,42
2021-10-03,Solano,095,438530,44747,44051,1184,45235,322
2021-10-03,Sonoma,097,501317,39912,39679,500,40179,381
2021-10-03,Stanislaus,099,539301,74329,74366,8418,82784,1106
2021-10-03,Sutter,101,95872,13344,13248,281,13529,164
2021-10-03,Tehama,103,63373,7712,7564,1303,8867,94
2021-10-03,Trinity,105,12862,793,647,203,850,11
2021-10-03,Tulare,107,460477,64120,62860,13508,76368,924
2021-10-03,Tuolumne,109,53932,6487,6430,75,6505,89
2021-10-03,Ventura,111,848112,95942,95108,4207,99315,1153
2021-10-03,Yolo,113,214977,18921,18720,1003,19723,242
2021-10-03,Yuba,115,75493,9571,9462,227,9689,68
2021-10-02,Alameda,001,1643700,116309,115185,2689,117874,1343
2021-10-02,Alpine,003,1148,99,102,0,102,0
2021-10-02,Amador,005,37829,5247,5105,53,5158,61
2021-10-02,Butte,007,227075,19425,18911,3493,22404,243
2021-10-02,Calaveras,009,45235,3689,3585,44,3629,72
2021-10-02,Colusa,011,21464,2436,2403,564,2967,18
2021-10-02,Contra Costa,013,1133247,96508,95369,2035,97404,933
2021-10-02,Del Norte,015,27424,3562,3468,39,3507,39
2021-10-02,El Dorado,017,186661,15188,14887,1569,16456,136
2021-10-02,Fresno,019,978130,131134,128450,11911,140361,1964
2021-10-02,Glenn,021,27897,3309,3234,953,4187,26
2021-10-02,Humboldt,023,135768,8457,8244,439,8683,94
2021-10-02,Imperial,025,180216,32049,31674,3086,34760,757
2021-10-02,Inyo,027,18085,1816,1746,36,1782,39
2021-10-02,Kern,029,883053,120341,117962,19362,137324,1524
2021-10-02,Kings,031,150075,30094,29339,1754,31093,301
2021-10-02,Lake,033,64148,6324,6191,126,6317,97
2021-10-02,Lassen,035,31185,6496,6360,305,6665,25
2021-10-02,Los Angeles,037,10098052,1408221,1395070,53209,1448279,26126
2021-10-02,Madera,039,155013,21449,20931,1802,22733,266
2021-10-02,Marin,041,260295,17121,16936,416,17352,242
2021-10-02,Mariposa,043,17540,1052,967,33,1000,5
2021-10-02,Mendocino,045,87422,7049,6869,403,7272,78
2021-10-02,Merced,047,269075,39693,39196,1592,40788,552
2021-10-02,Modoc,049,8938,485,468,171,639,5
2021-10-02,Mono,051,14174,1587,1540,20,1560,3
2021-10-02,Monterey,053,433212,47919,46964,2710,49674,571
2021-10-02,Napa,055,140530,12569,12433,98,12531,96
2021-10-02,Nevada,057,99092,8616,8474,302,8776,87
2021-10-02,Orange,059,3164182,300215,297307,14341,311648,5435
2021-10-02,Placer,061,380077,34974,34377,3353,37730,381
2021-10-02,Plumas,063,18699,1401,1298,26,1324,6
2021-10-02,Riverside,065,2383286,352775,347227,16102,363329,4895
2021-10-02,Sacramento,067,1510023,151468,149897,4027,153924,2099
2021-10-02,San Benito,069,59416,7110,7055,152,7207,69
2021-10-02,San Bernardino,071,2135413,344251,341212,10751,351963,5540
2021-10-02,San Diego,073,3302833,360089,356454,21082,377536,4078
2021-10-02,San Francisco,075,870044,51230,50393,2208,52601,634
2021-10-02,San Joaquin,077,732212,95919,94599,5178,99777,1646
2021-10-02,San Luis Obispo,079,281455,28415,27915,1151,29066,323
2021-10-02,San Mateo,081,765935,52767,51767,806,52573,573
2021-10-02,Santa Barbara,083,443738,42792,42423,1560,43983,508
2021-10-02,Santa Clara,085,1922200,142755,141231,1170,142401,1862
2021-10-02,Santa Cruz,087,273765,19723,19461,986,20447,214
2021-10-02,Shasta,089,179085,19448,18912,3247,22159,270
2021-10-02,Sierra,091,2930,141,131,14,145,0
2021-10-02,Siskiyou,093,43540,3180,3053,1165,4218,42
2021-10-02,Solano,095,438530,44702,43800,1183,44983,321
2021-10-02,Sonoma,097,501317,39878,39497,499,39996,382
2021-10-02,Stanislaus,099,539301,74243,73859,8405,82264,1099
2021-10-02,Sutter,101,95872,13335,13160,280,13440,160
2021-10-02,Tehama,103,63373,7697,7453,1303,8756,93
2021-10-02,Trinity,105,12862,790,625,203,828,10
2021-10-02,Tulare,107,460477,64046,62247,13481,75728,908
2021-10-02,Tuolumne,109,53932,6473,6369,75,6444,89
2021-10-02,Ventura,111,848112,95870,94854,4202,99056,1148
2021-10-02,Yolo,113,214977,18896,18640,999,19639,242
2021-10-02,Yuba,115,75493,9552,9370,226,9596,66
2021-10-01,Alameda,001,1643700,116230,115185,2683,117868,1343
2021-10-01,Alpine,003,1148,99,102,0,102,0
2021-10-01,Amador,005,37829,5227,5105,53,5158,61
2021-10-01,Butte,007,227075,19384,18911,3487,22398,243
2021-10-01,Calaveras,009,45235,3679,3585,44,3629,72
2021-10-01,Colusa,011,21464,2434,2403,564,2967,18
2021-10-01,Contra Costa,013,1133247,96411,95369,2031,97400,933
2021-10-01,Del Norte,015,27424,3559,3468,38,3506,39
2021-10-01,El Dorado,017,186661,15170,14887,1565,16452,136
2021-10-01,Fresno,019,978130,130946,128450,11900,140350,1964
2021-10-01,Glenn,021,27897,3307,3234,952,4186,26
2021-10-01,Humboldt,023,135768,8440,8244,439,8683,94
2021-10-01,Imperial,025,180216,32031,31674,3077,34751,757
2021-10-01,Inyo,027,18085,1807,1746,36,1782,39
2021-10-01,Kern,029,883053,120189,117962,19304,137266,1524
2021-10-01,Kings,031,150075,30060,29339,1748,31087,301
2021-10-01,Lake,033,64148,6314,6191,126,6317,97
2021-10-01,Lassen,035,31185,6485,6360,303,6663,25
2021-10-01,Los Angeles,037,10098052,1407460,1395070,53164,1448234,26126
2021-10-01,Madera,039,155013,21399,20931,1793,22724,266
2021-10-01,Marin,041,260295,17106,16936,415,17351,242
2021-10-01,Mariposa,043,17540,1045,967,33,1000,5
2021-10-01,Mendocino,045,87422,7037,6869,403,7272,78
2021-10-01,Merced,047,269075,39649,39196,1583,40779,552
2021-10-01,Modoc,049,8938,484,468,171,639,5
2021-10-01,Mono,051,14174,1584,1540,20,1560,3
2021-10-01,Monterey,053,433212,47898,46964,2707,49671,571
2021-10-01,Napa,055,140530,12559,12433,97,12530,96
2021-10-01,Nevada,057,99092,8602,8474,301,8775,87
2021-10-01,Orange,059,3164182,300031,297307,14321,311628,5435
2021-10-01,Placer,061,380077,34940,34377,3349,37726,381
2021-10-01,Plumas,063,18699,1392,1298,26,1324,6
2021-10-01,Riverside,065,2383286,352482,347227,16094,363321,4895
2021-10-01,Sacramento,067,1510023,151315,149897,4016,153913,2099
2021-10-01,San Benito,069,59416,7108,7055,150,7205,69
2021-10-01,San Bernardino,071,2135413,344051,341212,10748,351960,5540
2021-10-01,San Diego,073,3302833,359722,356454,21061,377515,4078
2021-10-01,San Francisco,075,870044,51189,50393,2206,52599,634
2021-10-01,San Joaquin,077,732212,95849,94599,5174,99773,1646
2021-10-01,San Luis Obispo,079,281455,28391,27915,1148,29063,323
2021-10-01,San Mateo,081,765935,52727,51767,803,52570,573
2021-10-01,Santa Barbara,083,443738,42756,42423,1560,43983,508
2021-10-01,Santa Clara,085,1922200,142662,141231,1165,142396,1862
2021-10-01,Santa Cruz,087,273765,19703,19461,985,20446,214
2021-10-01,Shasta,089,179085,19394,18912,3239,22151,270
2021-10-01,Sierra,091,2930,141,131,14,145,0
2021-10-01,Siskiyou,093,43540,3179,3053,1162,4215,42
2021-10-01,Solano,095,438530,44650,43800,1177,44977,321
2021-10-01,Sonoma,097,501317,39846,39497,498,39995,382
2021-10-01,Stanislaus,099,539301,74159,73859,8394,82253,1099
2021-10-01,Sutter,101,95872,13319,13160,278,13438,160
2021-10-01,Tehama,103,63373,7685,7453,1301,8754,93
2021-10-01,Trinity,105,12862,788,625,203,828,10
2021-10-01,Tulare,107,460477,63943,62247,13446,75693,908
2021-10-01,Tuolumne,109,53932,6456,6369,75,6444,89
2021-10-01,Ventura,111,848112,95803,94854,4197,99051,1148
2021-10-01,Yolo,113,214977,18872,18640,995,19635,242
2021-10-01,Yuba,115,75493,9530,9370,226,9596,66
2021-09-30,Alameda,001,1643700,116084,115185,2680,117865,1343
2021-09-30,Alpine,003,1148,99,102,0,102,0
2021-09-30,Amador,005,37829,5215,5105,53,5158,61
2021-09-30,Butte,007,227075,19335,18911,3478,22389,243
2021-09-30,Calaveras,009,45235,3665,3585,44,3629,72
2021-09-30,Colusa,011,21464,2431,2403,563,2966,18
2021-09-30,Contra Costa,013,1133247,96306,95369,2025,97394,933
2021-09-30,Del Norte,015,27424,3555,3468,35,3503,39
2021-09-30,El Dorado,017,186661,15145,14887,1557,16444,136
2021-09-30,Fresno,019,978130,130670,128450,11866,140316,1964
2021-09-30,Glenn,021,27897,3297,3234,950,4184,26
2021-09-30,Humboldt,023,135768,8408,8244,433,8677,94
2021-09-30,Imperial,025,180216,31979,31674,3075,34749,757
2021-09-30,Inyo,027,18085,1797,1746,36,1782,39
2021-09-30,Kern,029,883053,119945,117962,19222,137184,1524
2021-09-30,Kings,031,150075,29970,29339,1744,31083,301
2021-09-30,Lake,033,64148,6296,6191,126,6317,97
2021-09-30,Lassen,035,31185,6471,6360,303,6663,25
2021-09-30,Los Angeles,037,10098052,1406254,1395070,53104,1448174,26126
2021-09-30,Madera,039,155013,21316,20931,1778,22709,266
2021-09-30,Marin,041,260295,17086,16936,414,17350,242
2021-09-30,Mariposa,043,17540,1023,967,33,1000,5
2021-09-30,Mendocino,045,87422,7028,6869,394,7263,78
2021-09-30,Merced,047,269075,39552,39196,1579,40775,552
2021-09-30,Modoc,049,8938,484,468,170,638,5
2021-09-30,Mono,051,14174,1576,1540,20,1560,3
2021-09-30,Monterey,053,433212,47868,46964,2695,49659,571
2021-09-30,Napa,055,140530,12539,12433,97,12530,96
2021-09-30,Nevada,057,99092,8585,8474,300,8774,87
2021-09-30,Orange,059,3164182,299759,297307,14282,311589,5435
2021-09-30,Placer,061,380077,34888,34377,3328,37705,381
2021-09-30,Plumas,063,18699,1374,1298,26,1324,6
2021-09-30,Riverside,065,2383286,352049,347227,16073,363300,4895
2021-09-30,Sacramento,067,1510023,151055,149897,3990,153887,2099
2021-09-30,San Benito,069,59416,7102,7055,150,7205,69
2021-09-30,San Bernardino,071,2135413,343740,341212,10734,351946,5540
2021-09-30,San Diego,073,3302833,359228,356454,21035,377489,4078
2021-09-30,San Francisco,075,870044,51112,50393,2202,52595,634
2021-09-30,San Joaquin,077,732212,95719,94599,5166,99765,1646
2021-09-30,San Luis Obispo,079,281455,28343,27915,1144,29059,323
2021-09-30,San Mateo,081,765935,52678,51767,800,52567,573
2021-09-30,Santa Barbara,083,443738,42699,42423,1559,43982,508
2021-09-30,Santa Clara,085,1922200,142511,141231,1162,142393,1862
2021-09-30,Santa Cruz,087,273765,19663,19461,984,20445,214
2021-09-30,Shasta,089,179085,19332,18912,3224,22136,270
2021-09-30,Sierra,091,2930,140,131,14,145,0
2021-09-30,Siskiyou,093,43540,3171,3053,1157,4210,42
2021-09-30,Solano,095,438530,44596,43800,1174,44974,321
2021-09-30,Sonoma,097,501317,39797,39497,498,39995,382
2021-09-30,Stanislaus,099,539301,73999,73859,8375,82234,1099
2021-09-30,Sutter,101,95872,13298,13160,278,13438,160
2021-09-30,Tehama,103,63373,7648,7453,1289,8742,93
2021-09-30,Trinity,105,12862,784,625,203,828,10
2021-09-30,Tulare,107,460477,63767,62247,13388,75635,908
2021-09-30,Tuolumne,109,53932,6433,6369,75,6444,89
2021-09-30,Ventura,111,848112,95698,94854,4190,99044,1148
2021-09-30,Yolo,113,214977,18833,18640,992,19632,242
2021-09-30,Yuba,115,75493,9507,9370,225,9595,66
2021-09-29,Alameda,001,1643700,115939,114998,2677,117675,1339
2021-09-29,Alpine,003,1148,99,101,0,101,0
2021-09-29,Amador,005,37829,5193,5058,53,5111,61
2021-09-29,Butte,007,227075,19281,18835,3471,22306,242
2021-09-29,Calaveras,009,45235,3648,3553,43,3596,72
2021-09-29,Colusa,011,21464,2429,2401,563,2964,18
2021-09-29,Contra Costa,013,1133247,96192,95213,2017,97230,929
2021-09-29,Del Norte,015,27424,3549,3467,35,3502,39
2021-09-29,El Dorado,017,186661,15111,14834,1550,16384,136
2021-09-29,Fresno,019,978130,130370,128068,11846,139914,1957
2021-09-29,Glenn,021,27897,3292,3213,948,4161,26
2021-09-29,Humboldt,023,135768,8384,8203,432,8635,94
2021-09-29,Imperial,025,180216,31912,31600,3070,34670,757
2021-09-29,Inyo,027,18085,1787,1740,35,1775,39
2021-09-29,Kern,029,883053,119710,117605,19146,136751,1513
2021-09-29,Kings,031,150075,29887,29195,1729,30924,299
2021-09-29,Lake,033,64148,6276,6164,126,6290,97
2021-09-29,Lassen,035,31185,6457,6347,303,6650,25
2021-09-29,Los Angeles,037,10098052,1405044,1393617,53032,1446649,26098
2021-09-29,Madera,039,155013,21271,20818,1762,22580,266
2021-09-29,Marin,041,260295,17068,16921,412,17333,242
2021-09-29,Mariposa,043,17540,1008,963,33,996,5
2021-09-29,Mendocino,045,87422,7016,6821,386,7207,78
2021-09-29,Merced,047,269075,39458,39026,1568,40594,552
2021-09-29,Modoc,049,8938,482,468,170,638,5
2021-09-29,Mono,051,14174,1574,1527,20,1547,3
2021-09-29,Monterey,053,433212,47831,46917,2681,49598,571
2021-09-29,Napa,055,140530,12519,12416,93,12509,96
2021-09-29,Nevada,057,99092,8572,8434,300,8734,87
2021-09-29,Orange,059,3164182,299490,296936,14246,311182,5429
2021-09-29,Placer,061,380077,34825,34271,3305,37576,379
2021-09-29,Plumas,063,18699,1355,1289,26,1315,6
2021-09-29,Riverside,065,2383286,351615,346558,16060,362618,4886
2021-09-29,Sacramento,067,1510023,150803,149686,3980,153666,2099
2021-09-29,San Benito,069,59416,7091,7039,150,7189,69
2021-09-29,San Bernardino,071,2135413,343420,340672,10720,351392,5539
2021-09-29,San Diego,073,3302833,358726,355899,21005,376904,4066
2021-09-29,San Francisco,075,870044,51027,50286,2198,52484,629
2021-09-29,San Joaquin,077,732212,95562,94356,5144,99500,1645
2021-09-29,San Luis Obispo,079,281455,28297,27800,1138,28938,323
2021-09-29,San Mateo,081,765935,52618,51673,798,52471,573
2021-09-29,Santa Barbara,083,443738,42627,42328,1556,43884,507
2021-09-29,Santa Clara,085,1922200,142376,141036,1156,142192,1861
2021-09-29,Santa Cruz,087,273765,19645,19425,983,20408,214
2021-09-29,Shasta,089,179085,19266,18805,3212,22017,271
2021-09-29,Sierra,091,2930,136,130,14,144,0
2021-09-29,Siskiyou,093,43540,3158,3043,1150,4193,42
2021-09-29,Solano,095,438530,44540,43724,1167,44891,321
2021-09-29,Sonoma,097,501317,39736,39426,496,39922,370
2021-09-29,Stanislaus,099,539301,73867,73634,8364,81998,1096
2021-09-29,Sutter,101,95872,13271,13135,275,13410,155
2021-09-29,Tehama,103,63373,7618,7409,1274,8683,88
2021-09-29,Trinity,105,12862,780,616,203,819,10
2021-09-29,Tulare,107,460477,63595,62046,13329,75375,908
2021-09-29,Tuolumne,109,53932,6416,6336,75,6411,89
2021-09-29,Ventura,111,848112,95608,94753,4186,98939,1144
2021-09-29,Yolo,113,214977,18800,18587,987,19574,239
2021-09-29,Yuba,115,75493,9476,9351,221,9572,66
2021-09-28,Alameda,001,1643700,115782,114869,2671,117540,1333
2021-09-28,Alpine,003,1148,99,101,0,101,0
2021-09-28,Amador,005,37829,5171,5049,53,5102,61
2021-09-28,Butte,007,227075,19230,18764,3458,22222,241
2021-09-28,Calaveras,009,45235,3628,3530,43,3573,72
2021-09-28,Colusa,011,21464,2426,2399,561,2960,18
2021-09-28,Contra Costa,013,1133247,96051,95115,2012,97127,929
2021-09-28,Del Norte,015,27424,3546,3462,35,3497,39
2021-09-28,El Dorado,017,186661,15064,14793,1546,16339,133
2021-09-28,Fresno,019,978130,130025,127877,11811,139688,1948
2021-09-28,Glenn,021,27897,3287,3205,947,4152,26
2021-09-28,Humboldt,023,135768,8343,8159,429,8588,91
2021-09-28,Imperial,025,180216,31867,31543,3066,34609,757
2021-09-28,Inyo,027,18085,1773,1708,34,1742,39
2021-09-28,Kern,029,883053,119442,117420,19051,136471,1506
2021-09-28,Kings,031,150075,29786,29141,1721,30862,295
2021-09-28,Lake,033,64148,6261,6155,126,6281,95
2021-09-28,Lassen,035,31185,6451,6340,299,6639,25
2021-09-28,Los Angeles,037,10098052,1403750,1392445,52963,1445408,26068
2021-09-28,Madera,039,155013,21217,20764,1746,22510,266
2021-09-28,Marin,041,260295,17049,16887,410,17297,242
2021-09-28,Mariposa,043,17540,1003,952,33,985,5
2021-09-28,Mendocino,045,87422,6994,6804,384,7188,78
2021-09-28,Merced,047,269075,39370,38953,1555,40508,551
2021-09-28,Modoc,049,8938,481,467,170,637,5
2021-09-28,Mono,051,14174,1564,1527,20,1547,3
2021-09-28,Monterey,053,433212,47794,46859,2672,49531,571
2021-09-28,Napa,055,140530,12502,12388,92,12480,96
2021-09-28,Nevada,057,99092,8549,8409,299,8708,84
2021-09-28,Orange,059,3164182,299238,296596,14218,310814,5421
2021-09-28,Placer,061,380077,34760,34187,3287,37474,370
2021-09-28,Plumas,063,18699,1346,1276,26,1302,6
2021-09-28,Riverside,065,2383286,351156,346096,16039,362135,4874
2021-09-28,Sacramento,067,1510023,150512,149310,3958,153268,2086
2021-09-28,San Benito,069,59416,7074,7028,149,7177,69
2021-09-28,San Bernardino,071,2135413,343072,340342,10703,351045,5540
2021-09-28,San Diego,073,3302833,358165,355373,20974,376347,4054
2021-09-28,San Francisco,075,870044,50926,50234,2197,52431,627
2021-09-28,San Joaquin,077,732212,95408,94194,5131,99325,1639
2021-09-28,San Luis Obispo,079,281455,28263,27755,1133,28888,321
2021-09-28,San Mateo,081,765935,52573,51620,797,52417,571
2021-09-28,Santa Barbara,083,443738,42554,42226,1555,43781,506
2021-09-28,Santa Clara,085,1922200,142215,140886,1147,142033,1858
2021-09-28,Santa Cruz,087,273765,19604,19324,982,20306,214
2021-09-28,Shasta,089,179085,19205,18701,3198,21899,267
2021-09-28,Sierra,091,2930,135,130,13,143,0
2021-09-28,Siskiyou,093,43540,3146,3032,1147,4179,42
2021-09-28,Solano,095,438530,44467,43652,1164,44816,316
2021-09-28,Sonoma,097,501317,39689,39395,495,39890,370
2021-09-28,Stanislaus,099,539301,73695,73528,8352,81880,1094
2021-09-28,Sutter,101,95872,13252,13102,271,13373,155
2021-09-28,Tehama,103,63373,7600,7382,1259,8641,88
2021-09-28,Trinity,105,12862,777,613,203,816,10
2021-09-28,Tulare,107,460477,63435,61916,13270,75186,905
2021-09-28,Tuolumne,109,53932,6390,6308,75,6383,89
2021-09-28,Ventura,111,848112,95482,94632,4183,98815,1143
2021-09-28,Yolo,113,214977,18774,18564,984,19548,239
2021-09-28,Yuba,115,75493,9457,9323,220,9543,66
2021-09-27,Alameda,001,1643700,115587,114731,2662,117393,1327
2021-09-27,Alpine,003,1148,99,101,0,101,0
2021-09-27,Amador,005,37829,5157,5017,53,5070,59
2021-09-27,Butte,007,227075,19173,18687,3442,22129,239
2021-09-27,Calaveras,009,45235,3608,3514,42,3556,70
2021-09-27,Colusa,011,21464,2425,2393,560,2953,18
2021-09-27,Contra Costa,013,1133247,95920,94979,2003,96982,924
2021-09-27,Del Norte,015,27424,3544,3468,33,3501,37
2021-09-27,El Dorado,017,186661,15025,14764,1539,16303,132
2021-09-27,Fresno,019,978130,129706,127475,11778,139253,1942
2021-09-27,Glenn,021,27897,3274,3189,943,4132,26
2021-09-27,Humboldt,023,135768,8303,8118,429,8547,91
2021-09-27,Imperial,025,180216,31804,31491,3059,34550,756
2021-09-27,Inyo,027,18085,1761,1698,34,1732,39
2021-09-27,Kern,029,883053,119166,117064,18953,136017,1503
2021-09-27,Kings,031,150075,29688,28998,1709,30707,297
2021-09-27,Lake,033,64148,6241,6126,124,6250,95
2021-09-27,Lassen,035,31185,6436,6327,295,6622,25
2021-09-27,Los Angeles,037,10098052,1402415,1391538,52894,1444432,26040
2021-09-27,Madera,039,155013,21152,20691,1738,22429,262
2021-09-27,Marin,041,260295,17027,16861,409,17270,242
2021-09-27,Mariposa,043,17540,993,931,33,964,5
2021-09-27,Mendocino,045,87422,6968,6761,377,7138,74
2021-09-27,Merced,047,269075,39271,38840,1549,40389,548
2021-09-27,Modoc,049,8938,480,465,168,633,5
2021-09-27,Mono,051,14174,1552,1525,20,1545,3
2021-09-27,Monterey,053,433212,47751,46811,2660,49471,571
2021-09-27,Napa,055,140530,12478,12354,91,12445,95
2021-09-27,Nevada,057,99092,8525,8379,296,8675,84
2021-09-27,Orange,059,3164182,298933,296334,14187,310521,5409
2021-09-27,Placer,061,380077,34673,34087,3282,37369,370
2021-09-27,Plumas,063,18699,1336,1269,26,1295,6
2021-09-27,Riverside,065,2383286,350714,345529,16029,361558,4864
2021-09-27,Sacramento,067,1510023,150194,149096,3936,153032,2076
2021-09-27,San Benito,069,59416,7057,7017,149,7166,67
2021-09-27,San Bernardino,071,2135413,342658,339952,10678,350630,5544
2021-09-27,San Diego,073,3302833,357507,354755,20949,375704,4054
2021-09-27,San Francisco,075,870044,50842,50157,2193,52350,622
2021-09-27,San Joaquin,077,732212,95224,94085,5128,99213,1633
2021-09-27,San Luis Obispo,079,281455,28208,27674,1130,28804,320
2021-09-27,San Mateo,081,765935,52497,51552,797,52349,571
2021-09-27,Santa Barbara,083,443738,42487,42012,1551,43563,505
2021-09-27,Santa Clara,085,1922200,142033,140802,1137,141939,1853
2021-09-27,Santa Cruz,087,273765,19580,19292,981,20273,214
2021-09-27,Shasta,089,179085,19124,18599,3171,21770,267
2021-09-27,Sierra,091,2930,135,128,13,141,0
2021-09-27,Siskiyou,093,43540,3134,3015,1142,4157,42
2021-09-27,Solano,095,438530,44392,43582,1158,44740,314
2021-09-27,Sonoma,097,501317,39636,39347,495,39842,370
2021-09-27,Stanislaus,099,539301,73541,73370,8332,81702,1091
2021-09-27,Sutter,101,95872,13221,13082,268,13350,155
2021-09-27,Tehama,103,63373,7559,7345,1250,8595,88
2021-09-27,Trinity,105,12862,766,605,202,807,9
2021-09-27,Tulare,107,460477,63235,61708,13199,74907,904
2021-09-27,Tuolumne,109,53932,6369,6264,75,6339,89
2021-09-27,Ventura,111,848112,95356,94477,4179,98656,1138
2021-09-27,Yolo,113,214977,18742,18524,983,19507,239
2021-09-27,Yuba,115,75493,9420,9292,216,9508,64
2021-09-26,Alameda,001,1643700,115391,114601,2655,117256,1326
2021-09-26,Alpine,003,1148,99,101,0,101,0
2021-09-26,Amador,005,37829,5125,5001,52,5053,59
2021-09-26,Butte,007,227075,19097,18634,3425,22059,238
2021-09-26,Calaveras,009,45235,3586,3505,42,3547,70
2021-09-26,Colusa,011,21464,2420,2392,557,2949,18
2021-09-26,Contra Costa,013,1133247,95745,94877,1990,96867,924
2021-09-26,Del Norte,015,27424,3539,3466,32,3498,37
2021-09-26,El Dorado,017,186661,14983,14738,1531,16269,132
2021-09-26,Fresno,019,978130,129349,127235,11734,138969,1939
2021-09-26,Glenn,021,27897,3266,3182,939,4121,26
2021-09-26,Humboldt,023,135768,8268,8098,428,8526,91
2021-09-26,Imperial,025,180216,31743,31462,3058,34520,756
2021-09-26,Inyo,027,18085,1746,1685,34,1719,39
2021-09-26,Kern,029,883053,118829,116927,18843,135770,1502
2021-09-26,Kings,031,150075,29587,28930,1698,30628,293
2021-09-26,Lake,033,64148,6224,6113,124,6237,95
2021-09-26,Lassen,035,31185,6426,6319,290,6609,25
2021-09-26,Los Angeles,037,10098052,1400927,1390577,52823,1443400,26035
2021-09-26,Madera,039,155013,21078,20629,1719,22348,262
2021-09-26,Marin,041,260295,17004,16860,409,17269,242
2021-09-26,Mariposa,043,17540,987,929,33,962,5
2021-09-26,Mendocino,045,87422,6934,6744,360,7104,74
2021-09-26,Merced,047,269075,39110,38717,1541,40258,548
2021-09-26,Modoc,049,8938,480,465,167,632,5
2021-09-26,Mono,051,14174,1548,1516,20,1536,3
2021-09-26,Monterey,053,433212,47704,46792,2646,49438,571
2021-09-26,Napa,055,140530,12454,12340,90,12430,95
2021-09-26,Nevada,057,99092,8494,8356,291,8647,84
2021-09-26,Orange,059,3164182,298594,296085,14155,310240,5409
2021-09-26,Placer,061,380077,34579,34043,3272,37315,370
2021-09-26,Plumas,063,18699,1318,1268,26,1294,6
2021-09-26,Riverside,065,2383286,350181,345257,16015,361272,4864
2021-09-26,Sacramento,067,1510023,149790,148745,3917,152662,2071
2021-09-26,San Benito,069,59416,7040,7012,148,7160,67
2021-09-26,San Bernardino,071,2135413,342203,339771,10663,350434,5545
2021-09-26,San Diego,073,3302833,356865,354414,20908,375322,4051
2021-09-26,San Francisco,075,870044,50716,50092,2184,52276,622
2021-09-26,San Joaquin,077,732212,95020,93935,5114,99049,1633
2021-09-26,San Luis Obispo,079,281455,28134,27624,1125,28749,319
2021-09-26,San Mateo,081,765935,52428,51496,795,52291,571
2021-09-26,Santa Barbara,083,443738,42400,41946,1548,43494,505
2021-09-26,Santa Clara,085,1922200,141833,140667,1133,141800,1852
2021-09-26,Santa Cruz,087,273765,19555,19279,981,20260,214
2021-09-26,Shasta,089,179085,19015,18566,3148,21714,266
2021-09-26,Sierra,091,2930,135,128,13,141,0
2021-09-26,Siskiyou,093,43540,3120,2998,1132,4130,42
2021-09-26,Solano,095,438530,44325,43537,1157,44694,314
2021-09-26,Sonoma,097,501317,39577,39302,495,39797,370
2021-09-26,Stanislaus,099,539301,73340,73243,8304,81547,1091
2021-09-26,Sutter,101,95872,13184,13045,267,13312,155
2021-09-26,Tehama,103,63373,7501,7323,1239,8562,88
2021-09-26,Trinity,105,12862,763,591,202,793,9
2021-09-26,Tulare,107,460477,63014,61560,13121,74681,904
2021-09-26,Tuolumne,109,53932,6341,6236,73,6309,89
2021-09-26,Ventura,111,848112,95242,94391,4172,98563,1138
2021-09-26,Yolo,113,214977,18706,18496,975,19471,239
2021-09-26,Yuba,115,75493,9393,9275,216,9491,64
2021-09-25,Alameda,001,1643700,115311,114014,2652,116666,1324
2021-09-25,Alpine,003,1148,99,101,0,101,0
2021-09-25,Amador,005,37829,5111,4934,52,4986,59
2021-09-25,Butte,007,227075,19068,18396,3416,21812,236
2021-09-25,Calaveras,009,45235,3583,3461,42,3503,70
2021-09-25,Colusa,011,21464,2418,2387,555,2942,16
2021-09-25,Contra Costa,013,1133247,95674,94337,1986,96323,924
2021-09-25,Del Norte,015,27424,3538,3404,32,3436,35
2021-09-25,El Dorado,017,186661,14960,14641,1527,16168,130
2021-09-25,Fresno,019,978130,129205,126299,11717,138016,1927
2021-09-25,Glenn,021,27897,3261,3144,938,4082,25
2021-09-25,Humboldt,023,135768,8249,8014,426,8440,88
2021-09-25,Imperial,025,180216,31716,31280,3058,34338,755
2021-09-25,Inyo,027,18085,1738,1657,34,1691,39
2021-09-25,Kern,029,883053,118674,116021,18775,134796,1485
2021-09-25,Kings,031,150075,29536,28636,1695,30331,293
2021-09-25,Lake,033,64148,6219,6046,122,6168,92
2021-09-25,Lassen,035,31185,6414,6248,289,6537,25
2021-09-25,Los Angeles,037,10098052,1400212,1386417,52783,1439200,25964
2021-09-25,Madera,039,155013,21053,20432,1713,22145,262
2021-09-25,Marin,041,260295,16995,16802,407,17209,242
2021-09-25,Mariposa,043,17540,982,906,33,939,5
2021-09-25,Mendocino,045,87422,6915,6657,359,7016,74
2021-09-25,Merced,047,269075,39064,38393,1539,39932,546
2021-09-25,Modoc,049,8938,480,460,167,627,5
2021-09-25,Mono,051,14174,1545,1501,20,1521,3
2021-09-25,Monterey,053,433212,47674,46653,2644,49297,567
2021-09-25,Napa,055,140530,12434,12266,90,12356,95
2021-09-25,Nevada,057,99092,8477,8285,291,8576,84
2021-09-25,Orange,059,3164182,298421,294514,14137,308651,5374
2021-09-25,Placer,061,380077,34515,33764,3269,37033,367
2021-09-25,Plumas,063,18699,1314,1238,26,1264,6
2021-09-25,Riverside,065,2383286,349858,343463,16007,359470,4843
2021-09-25,Sacramento,067,1510023,149614,147728,3908,151636,2049
2021-09-25,San Benito,069,59416,7035,6965,148,7113,67
2021-09-25,San Bernardino,071,2135413,341969,338413,10649,349062,5540
2021-09-25,San Diego,073,3302833,356515,352017,20882,372899,4039
2021-09-25,San Francisco,075,870044,50672,49840,2183,52023,615
2021-09-25,San Joaquin,077,732212,94934,93273,5112,98385,1628
2021-09-25,San Luis Obispo,079,281455,28096,27447,1121,28568,318
2021-09-25,San Mateo,081,765935,52364,51266,793,52059,568
2021-09-25,Santa Barbara,083,443738,42342,41728,1548,43276,505
2021-09-25,Santa Clara,085,1922200,141727,140023,1131,141154,1844
2021-09-25,Santa Cruz,087,273765,19539,19200,979,20179,214
2021-09-25,Shasta,089,179085,18964,18256,3139,21395,262
2021-09-25,Sierra,091,2930,134,127,13,140,0
2021-09-25,Siskiyou,093,43540,3113,2956,1122,4078,41
2021-09-25,Solano,095,438530,44284,43331,1154,44485,312
2021-09-25,Sonoma,097,501317,39536,39112,495,39607,369
2021-09-25,Stanislaus,099,539301,73230,72628,8290,80918,1091
2021-09-25,Sutter,101,95872,13166,12976,264,13240,154
2021-09-25,Tehama,103,63373,7486,7200,1237,8437,86
2021-09-25,Trinity,105,12862,763,576,202,778,9
2021-09-25,Tulare,107,460477,62932,60909,13076,73985,898
2021-09-25,Tuolumne,109,53932,6329,6168,73,6241,89
2021-09-25,Ventura,111,848112,95175,94059,4168,98227,1129
2021-09-25,Yolo,113,214977,18684,18393,974,19367,239
2021-09-25,Yuba,115,75493,9373,9191,216,9407,61
2021-09-24,Alameda,001,1643700,115207,114014,2648,116662,1324
2021-09-24,Alpine,003,1148,99,101,0,101,0
2021-09-24,Amador,005,37829,5081,4934,52,4986,59
2021-09-24,Butte,007,227075,19016,18396,3407,21803,236
2021-09-24,Calaveras,009,45235,3576,3461,41,3502,70
2021-09-24,Colusa,011,21464,2415,2387,554,2941,16
2021-09-24,Contra Costa,013,1133247,95564,94337,1982,96319,924
2021-09-24,Del Norte,015,27424,3535,3404,32,3436,35
2021-09-24,El Dorado,017,186661,14942,14641,1523,16164,130
2021-09-24,Fresno,019,978130,129007,126299,11705,138004,1927
2021-09-24,Glenn,021,27897,3253,3144,938,4082,25
2021-09-24,Humboldt,023,135768,8230,8014,423,8437,88
2021-09-24,Imperial,025,180216,31678,31280,3056,34336,755
2021-09-24,Inyo,027,18085,1729,1657,34,1691,39
2021-09-24,Kern,029,883053,118538,116021,18709,134730,1485
2021-09-24,Kings,031,150075,29495,28636,1690,30326,293
2021-09-24,Lake,033,64148,6211,6046,122,6168,92
2021-09-24,Lassen,035,31185,6406,6248,288,6536,25
2021-09-24,Los Angeles,037,10098052,1399331,1386417,52740,1439157,25964
2021-09-24,Madera,039,155013,21022,20432,1704,22136,262
2021-09-24,Marin,041,260295,16981,16802,406,17208,242
2021-09-24,Mariposa,043,17540,970,906,33,939,5
2021-09-24,Mendocino,045,87422,6902,6657,359,7016,74
2021-09-24,Merced,047,269075,39020,38393,1539,39932,546
2021-09-24,Modoc,049,8938,480,460,166,626,5
2021-09-24,Mono,051,14174,1540,1501,20,1521,3
2021-09-24,Monterey,053,433212,47653,46653,2636,49289,567
2021-09-24,Napa,055,140530,12415,12266,90,12356,95
2021-09-24,Nevada,057,99092,8463,8285,288,8573,84
2021-09-24,Orange,059,3164182,298213,294514,14119,308633,5374
2021-09-24,Placer,061,380077,34460,33764,3256,37020,367
2021-09-24,Plumas,063,18699,1310,1238,26,1264,6
2021-09-24,Riverside,065,2383286,349524,343463,15998,359461,4843
2021-09-24,Sacramento,067,1510023,149430,147728,3904,151632,2049
2021-09-24,San Benito,069,59416,7029,6965,148,7113,67
2021-09-24,San Bernardino,071,2135413,341702,338413,10639,349052,5540
2021-09-24,San Diego,073,3302833,356161,352017,20867,372884,4039
2021-09-24,San Francisco,075,870044,50608,49840,2175,52015,615
2021-09-24,San Joaquin,077,732212,94821,93273,5110,98383,1628
2021-09-24,San Luis Obispo,079,281455,28065,27447,1116,28563,318
2021-09-24,San Mateo,081,765935,52304,51266,792,52058,568
2021-09-24,Santa Barbara,083,443738,42302,41728,1547,43275,505
2021-09-24,Santa Clara,085,1922200,141615,140023,1130,141153,1844
2021-09-24,Santa Cruz,087,273765,19516,19200,978,20178,214
2021-09-24,Shasta,089,179085,18909,18256,3125,21381,262
2021-09-24,Sierra,091,2930,133,127,13,140,0
2021-09-24,Siskiyou,093,43540,3104,2956,1116,4072,41
2021-09-24,Solano,095,438530,44247,43331,1152,44483,312
2021-09-24,Sonoma,097,501317,39503,39112,495,39607,369
2021-09-24,Stanislaus,099,539301,73115,72628,8275,80903,1091
2021-09-24,Sutter,101,95872,13147,12976,263,13239,154
2021-09-24,Tehama,103,63373,7474,7200,1232,8432,86
2021-09-24,Trinity,105,12862,760,576,202,778,9
2021-09-24,Tulare,107,460477,62841,60909,13034,73943,898
2021-09-24,Tuolumne,109,53932,6300,6168,73,6241,89
2021-09-24,Ventura,111,848112,95097,94059,4161,98220,1129
2021-09-24,Yolo,113,214977,18652,18393,971,19364,239
2021-09-24,Yuba,115,75493,9354,9191,216,9407,61
2021-09-23,Alameda,001,1643700,115046,114014,2642,116656,1324
2021-09-23,Alpine,003,1148,99,101,0,101,0
2021-09-23,Amador,005,37829,5068,4934,52,4986,59
2021-09-23,Butte,007,227075,18954,18396,3383,21779,236
2021-09-23,Calaveras,009,45235,3555,3461,41,3502,70
2021-09-23,Colusa,011,21464,2413,2387,552,2939,16
2021-09-23,Contra Costa,013,1133247,95423,94337,1975,96312,924
2021-09-23,Del Norte,015,27424,3526,3404,31,3435,35
2021-09-23,El Dorado,017,186661,14916,14641,1517,16158,130
2021-09-23,Fresno,019,978130,128711,126299,11686,137985,1927
2021-09-23,Glenn,021,27897,3239,3144,935,4079,25
2021-09-23,Humboldt,023,135768,8205,8014,421,8435,88
2021-09-23,Imperial,025,180216,31642,31280,3056,34336,755
2021-09-23,Inyo,027,18085,1715,1657,34,1691,39
2021-09-23,Kern,029,883053,118279,116021,18628,134649,1485
2021-09-23,Kings,031,150075,29391,28636,1681,30317,293
2021-09-23,Lake,033,64148,6201,6046,122,6168,92
2021-09-23,Lassen,035,31185,6397,6248,283,6531,25
2021-09-23,Los Angeles,037,10098052,1398137,1386417,52675,1439092,25964
2021-09-23,Madera,039,155013,20940,20432,1700,22132,262
2021-09-23,Marin,041,260295,16966,16802,403,17205,242
2021-09-23,Mariposa,043,17540,957,906,33,939,5
2021-09-23,Mendocino,045,87422,6880,6657,354,7011,74
2021-09-23,Merced,047,269075,38917,38393,1532,39925,546
2021-09-23,Modoc,049,8938,479,460,166,626,5
2021-09-23,Mono,051,14174,1537,1501,20,1521,3
2021-09-23,Monterey,053,433212,47604,46653,2624,49277,567
2021-09-23,Napa,055,140530,12398,12266,90,12356,95
2021-09-23,Nevada,057,99092,8436,8285,288,8573,84
2021-09-23,Orange,059,3164182,297916,294514,14095,308609,5374
2021-09-23,Placer,061,380077,34384,33764,3249,37013,367
2021-09-23,Plumas,063,18699,1293,1238,25,1263,6
2021-09-23,Riverside,065,2383286,349071,343463,15991,359454,4843
2021-09-23,Sacramento,067,1510023,149100,147728,3884,151612,2049
2021-09-23,San Benito,069,59416,7018,6965,148,7113,67
2021-09-23,San Bernardino,071,2135413,341340,338413,10624,349037,5540
2021-09-23,San Diego,073,3302833,355697,352017,20828,372845,4039
2021-09-23,San Francisco,075,870044,50535,49840,2173,52013,615
2021-09-23,San Joaquin,077,732212,94648,93273,5095,98368,1628
2021-09-23,San Luis Obispo,079,281455,28022,27447,1114,28561,318
2021-09-23,San Mateo,081,765935,52229,51266,791,52057,568
2021-09-23,Santa Barbara,083,443738,42224,41728,1544,43272,505
2021-09-23,Santa Clara,085,1922200,141465,140023,1123,141146,1844
2021-09-23,Santa Cruz,087,273765,19485,19200,978,20178,214
2021-09-23,Shasta,089,179085,18829,18256,3108,21364,262
2021-09-23,Sierra,091,2930,133,127,13,140,0
2021-09-23,Siskiyou,093,43540,3100,2956,1105,4061,41
2021-09-23,Solano,095,438530,44179,43331,1149,44480,312
2021-09-23,Sonoma,097,501317,39444,39112,492,39604,369
2021-09-23,Stanislaus,099,539301,72959,72628,8243,80871,1091
2021-09-23,Sutter,101,95872,13118,12976,263,13239,154
2021-09-23,Tehama,103,63373,7433,7200,1227,8427,86
2021-09-23,Trinity,105,12862,746,576,201,777,9
2021-09-23,Tulare,107,460477,62664,60909,12979,73888,898
2021-09-23,Tuolumne,109,53932,6275,6168,72,6240,89
2021-09-23,Ventura,111,848112,94994,94059,4154,98213,1129
2021-09-23,Yolo,113,214977,18621,18393,966,19359,239
2021-09-23,Yuba,115,75493,9326,9191,215,9406,61
2021-09-22,Alameda,001,1643700,114888,113862,2638,116500,1322
2021-09-22,Alpine,003,1148,99,100,0,100,0
2021-09-22,Amador,005,37829,5052,4915,52,4967,59
2021-09-22,Butte,007,227075,18895,18337,3368,21705,235
2021-09-22,Calaveras,009,45235,3539,3448,41,3489,70
2021-09-22,Colusa,011,21464,2408,2384,551,2935,16
2021-09-22,Contra Costa,013,1133247,95239,94209,1966,96175,924
2021-09-22,Del Norte,015,27424,3515,3386,30,3416,35
2021-09-22,El Dorado,017,186661,14880,14605,1510,16115,127
2021-09-22,Fresno,019,978130,128454,126006,11671,137677,1908
2021-09-22,Glenn,021,27897,3232,3138,934,4072,25
2021-09-22,Humboldt,023,135768,8183,7998,413,8411,80
2021-09-22,Imperial,025,180216,31590,31243,3049,34292,755
2021-09-22,Inyo,027,18085,1705,1651,34,1685,39
2021-09-22,Kern,029,883053,118038,115757,18506,134263,1477
2021-09-22,Kings,031,150075,29306,28589,1675,30264,292
2021-09-22,Lake,033,64148,6189,6035,122,6157,93
2021-09-22,Lassen,035,31185,6377,6209,279,6488,25
2021-09-22,Los Angeles,037,10098052,1396814,1384719,52619,1437338,25930
2021-09-22,Madera,039,155013,20883,20382,1690,22072,262
2021-09-22,Marin,041,260295,16956,16782,400,17182,242
2021-09-22,Mariposa,043,17540,951,901,33,934,5
2021-09-22,Mendocino,045,87422,6853,6624,348,6972,70
2021-09-22,Merced,047,269075,38784,38305,1530,39835,541
2021-09-22,Modoc,049,8938,476,458,166,624,5
2021-09-22,Mono,051,14174,1528,1496,19,1515,3
2021-09-22,Monterey,053,433212,47553,46615,2617,49232,566
2021-09-22,Napa,055,140530,12375,12248,89,12337,95
2021-09-22,Nevada,057,99092,8413,8273,285,8558,84
2021-09-22,Orange,059,3164182,297640,294214,14078,308292,5366
2021-09-22,Placer,061,380077,34297,33661,3236,36897,367
2021-09-22,Plumas,063,18699,1281,1230,25,1255,6
2021-09-22,Riverside,065,2383286,348536,342946,15966,358912,4830
2021-09-22,Sacramento,067,1510023,148788,147533,3853,151386,2043
2021-09-22,San Benito,069,59416,7007,6961,146,7107,67
2021-09-22,San Bernardino,071,2135413,340945,337938,10615,348553,5528
2021-09-22,San Diego,073,3302833,355238,351132,20804,371936,4027
2021-09-22,San Francisco,075,870044,50450,49734,2168,51902,610
2021-09-22,San Joaquin,077,732212,94416,93010,5069,98079,1626
2021-09-22,San Luis Obispo,079,281455,27974,27398,1111,28509,315
2021-09-22,San Mateo,081,765935,52156,51197,787,51984,568
2021-09-22,Santa Barbara,083,443738,42161,41678,1543,43221,504
2021-09-22,Santa Clara,085,1922200,141302,139803,1116,140919,1844
2021-09-22,Santa Cruz,087,273765,19446,19177,978,20155,214
2021-09-22,Shasta,089,179085,18739,18153,3096,21249,260
2021-09-22,Sierra,091,2930,133,127,13,140,0
2021-09-22,Siskiyou,093,43540,3083,2947,1095,4042,41
2021-09-22,Solano,095,438530,44114,43269,1148,44417,312
2021-09-22,Sonoma,097,501317,39391,39063,491,39554,369
2021-09-22,Stanislaus,099,539301,72794,72355,8224,80579,1091
2021-09-22,Sutter,101,95872,13098,12960,260,13220,153
2021-09-22,Tehama,103,63373,7406,7173,1224,8397,86
2021-09-22,Trinity,105,12862,745,572,201,773,9
2021-09-22,Tulare,107,460477,62455,60776,12908,73684,896
2021-09-22,Tuolumne,109,53932,6254,6155,71,6226,89
2021-09-22,Ventura,111,848112,94889,93978,4148,98126,1122
2021-09-22,Yolo,113,214977,18582,18342,959,19301,239
2021-09-22,Yuba,115,75493,9297,9169,210,9379,61
2021-09-21,Alameda,001,1643700,114734,113765,2638,116403,1321
2021-09-21,Alpine,003,1148,99,100,0,100,0
2021-09-21,Amador,005,37829,5030,4897,52,4949,59
2021-09-21,Butte,007,227075,18799,18229,3331,21560,232
2021-09-21,Calaveras,009,45235,3522,3437,41,3478,70
2021-09-21,Colusa,011,21464,2405,2378,550,2928,16
2021-09-21,Contra Costa,013,1133247,95045,94101,1952,96053,924
2021-09-21,Del Norte,015,27424,3502,3378,30,3408,34
2021-09-21,El Dorado,017,186661,14850,14578,1503,16081,127
2021-09-21,Fresno,019,978130,128104,125789,11645,137434,1892
2021-09-21,Glenn,021,27897,3225,3134,930,4064,25
2021-09-21,Humboldt,023,135768,8151,7955,408,8363,80
2021-09-21,Imperial,025,180216,31533,31185,3047,34232,755
2021-09-21,Inyo,027,18085,1695,1646,34,1680,39
2021-09-21,Kern,029,883053,117745,115534,18392,133926,1467
2021-09-21,Kings,031,150075,29218,28545,1667,30212,291
2021-09-21,Lake,033,64148,6166,6013,122,6135,90
2021-09-21,Lassen,035,31185,6359,6159,275,6434,25
2021-09-21,Los Angeles,037,10098052,1395358,1383277,52562,1435839,25893
2021-09-21,Madera,039,155013,20823,20317,1680,21997,262
2021-09-21,Marin,041,260295,16941,16748,399,17147,242
2021-09-21,Mariposa,043,17540,946,894,32,926,5
2021-09-21,Mendocino,045,87422,6815,6580,337,6917,68
2021-09-21,Merced,047,269075,38662,38225,1526,39751,539
2021-09-21,Modoc,049,8938,473,458,166,624,5
2021-09-21,Mono,051,14174,1526,1495,18,1513,3
2021-09-21,Monterey,053,433212,47485,46583,2605,49188,565
2021-09-21,Napa,055,140530,12354,12238,89,12327,95
2021-09-21,Nevada,057,99092,8386,8259,276,8535,84
2021-09-21,Orange,059,3164182,297309,293898,14048,307946,5357
2021-09-21,Placer,061,380077,34196,33609,3225,36834,365
2021-09-21,Plumas,063,18699,1274,1225,25,1250,5
2021-09-21,Riverside,065,2383286,347976,342460,15942,358402,4817
2021-09-21,Sacramento,067,1510023,148406,147378,3825,151203,2027
2021-09-21,San Benito,069,59416,6996,6950,145,7095,67
2021-09-21,San Bernardino,071,2135413,340503,337387,10598,347985,5520
2021-09-21,San Diego,073,3302833,354622,350265,20778,371043,4021
2021-09-21,San Francisco,075,870044,50354,49653,2164,51817,609
2021-09-21,San Joaquin,077,732212,94182,92762,5058,97820,1621
2021-09-21,San Luis Obispo,079,281455,27915,27318,1107,28425,314
2021-09-21,San Mateo,081,765935,52087,51136,787,51923,568
2021-09-21,Santa Barbara,083,443738,42092,41644,1539,43183,503
2021-09-21,Santa Clara,085,1922200,141085,139657,1112,140769,1843
2021-09-21,Santa Cruz,087,273765,19416,19140,977,20117,212
2021-09-21,Shasta,089,179085,18611,18027,3072,21099,258
2021-09-21,Sierra,091,2930,133,127,13,140,0
2021-09-21,Siskiyou,093,43540,3069,2927,1081,4008,36
2021-09-21,Solano,095,438530,44038,43220,1148,44368,311
2021-09-21,Sonoma,097,501317,39338,39042,491,39533,369
2021-09-21,Stanislaus,099,539301,72610,72211,8202,80413,1091
2021-09-21,Sutter,101,95872,13075,12930,257,13187,153
2021-09-21,Tehama,103,63373,7360,7151,1220,8371,85
2021-09-21,Trinity,105,12862,734,572,199,771,9
2021-09-21,Tulare,107,460477,62241,60607,12847,73454,896
2021-09-21,Tuolumne,109,53932,6222,6139,71,6210,89
2021-09-21,Ventura,111,848112,94784,93818,4140,97958,1120
2021-09-21,Yolo,113,214977,18546,18313,955,19268,239
2021-09-21,Yuba,115,75493,9269,9135,210,9345,61
2021-09-20,Alameda,001,1643700,114552,113637,2634,116271,1320
2021-09-20,Alpine,003,1148,99,100,0,100,0
2021-09-20,Amador,005,37829,5012,4883,51,4934,59
2021-09-20,Butte,007,227075,18717,18135,3315,21450,231
2021-09-20,Calaveras,009,45235,3500,3395,40,3435,66
2021-09-20,Colusa,011,21464,2403,2376,547,2923,16
2021-09-20,Contra Costa,013,1133247,94895,93919,1946,95865,924
2021-09-20,Del Norte,015,27424,3494,3374,29,3403,34
2021-09-20,El Dorado,017,186661,14817,14545,1491,16036,127
2021-09-20,Fresno,019,978130,127692,125287,11618,136905,1889
2021-09-20,Glenn,021,27897,3214,3112,927,4039,25
2021-09-20,Humboldt,023,135768,8115,7938,403,8341,80
2021-09-20,Imperial,025,180216,31450,31146,3046,34192,755
2021-09-20,Inyo,027,18085,1687,1641,33,1674,39
2021-09-20,Kern,029,883053,117405,115271,18260,133531,1459
2021-09-20,Kings,031,150075,29131,28471,1661,30132,285
2021-09-20,Lake,033,64148,6151,5984,121,6105,87
2021-09-20,Lassen,035,31185,6329,6132,275,6407,25
2021-09-20,Los Angeles,037,10098052,1393837,1382206,52481,1434687,25858
2021-09-20,Madera,039,155013,20770,20203,1673,21876,257
2021-09-20,Marin,041,260295,16916,16732,397,17129,242
2021-09-20,Mariposa,043,17540,935,887,32,919,5
2021-09-20,Mendocino,045,87422,6781,6568,331,6899,67
2021-09-20,Merced,047,269075,38551,38144,1515,39659,536
2021-09-20,Modoc,049,8938,472,457,164,621,5
2021-09-20,Mono,051,14174,1520,1480,18,1498,3
2021-09-20,Monterey,053,433212,47443,46506,2587,49093,565
2021-09-20,Napa,055,140530,12329,12209,88,12297,95
2021-09-20,Nevada,057,99092,8366,8228,274,8502,84
2021-09-20,Orange,059,3164182,296966,293642,14021,307663,5354
2021-09-20,Placer,061,380077,34105,33531,3210,36741,364
2021-09-20,Plumas,063,18699,1269,1211,25,1236,5
2021-09-20,Riverside,065,2383286,347476,341961,15929,357890,4802
2021-09-20,Sacramento,067,1510023,148032,147016,3791,150807,2016
2021-09-20,San Benito,069,59416,6987,6947,144,7091,67
2021-09-20,San Bernardino,071,2135413,340109,337059,10582,347641,5507
2021-09-20,San Diego,073,3302833,353945,349579,20741,370320,4009
2021-09-20,San Francisco,075,870044,50247,49559,2163,51722,605
2021-09-20,San Joaquin,077,732212,93939,92614,5045,97659,1615
2021-09-20,San Luis Obispo,079,281455,27839,27259,1099,28358,313
2021-09-20,San Mateo,081,765935,52000,51100,784,51884,567
2021-09-20,Santa Barbara,083,443738,41993,41589,1535,43124,500
2021-09-20,Santa Clara,085,1922200,140884,139578,1110,140688,1841
2021-09-20,Santa Cruz,087,273765,19384,19121,977,20098,211
2021-09-20,Shasta,089,179085,18512,17893,3041,20934,258
2021-09-20,Sierra,091,2930,131,126,13,139,0
2021-09-20,Siskiyou,093,43540,3047,2902,1068,3970,35
2021-09-20,Solano,095,438530,43970,43152,1140,44292,312
2021-09-20,Sonoma,097,501317,39292,38991,491,39482,369
2021-09-20,Stanislaus,099,539301,72411,72031,8183,80214,1091
2021-09-20,Sutter,101,95872,13039,12896,252,13148,153
2021-09-20,Tehama,103,63373,7328,7121,1208,8329,84
2021-09-20,Trinity,105,12862,728,568,198,766,7
2021-09-20,Tulare,107,460477,62039,60302,12791,73093,896
2021-09-20,Tuolumne,109,53932,6196,6113,71,6184,89
2021-09-20,Ventura,111,848112,94671,93700,4133,97833,1120
2021-09-20,Yolo,113,214977,18500,18287,953,19240,239
2021-09-20,Yuba,115,75493,9233,9107,208,9315,61
2021-09-19,Alameda,001,1643700,114335,113446,2629,116075,1320
2021-09-19,Alpine,003,1148,99,100,0,100,0
2021-09-19,Amador,005,37829,4972,4875,50,4925,59
2021-09-19,Butte,007,227075,18624,18063,3288,21351,230
2021-09-19,Calaveras,009,45235,3476,3390,37,3427,66
2021-09-19,Colusa,011,21464,2401,2375,545,2920,16
2021-09-19,Contra Costa,013,1133247,94709,93788,1936,95724,924
2021-09-19,Del Norte,015,27424,3468,3344,28,3372,34
2021-09-19,El Dorado,017,186661,14764,14512,1485,15997,127
2021-09-19,Fresno,019,978130,127288,124985,11574,136559,1888
2021-09-19,Glenn,021,27897,3205,3102,924,4026,25
2021-09-19,Humboldt,023,135768,8070,7914,401,8315,80
2021-09-19,Imperial,025,180216,31381,31122,3043,34165,755
2021-09-19,Inyo,027,18085,1678,1639,33,1672,39
2021-09-19,Kern,029,883053,117092,115074,18154,133228,1459
2021-09-19,Kings,031,150075,29003,28416,1652,30068,284
2021-09-19,Lake,033,64148,6120,5962,121,6083,87
2021-09-19,Lassen,035,31185,6309,6129,269,6398,25
2021-09-19,Los Angeles,037,10098052,1391861,1381200,52382,1433582,25852
2021-09-19,Madera,039,155013,20691,20161,1662,21823,257
2021-09-19,Marin,041,260295,16887,16711,395,17106,242
2021-09-19,Mariposa,043,17540,927,881,32,913,5
2021-09-19,Mendocino,045,87422,6736,6538,325,6863,67
2021-09-19,Merced,047,269075,38394,38068,1506,39574,535
2021-09-19,Modoc,049,8938,469,457,162,619,5
2021-09-19,Mono,051,14174,1515,1480,18,1498,3
2021-09-19,Monterey,053,433212,47388,46486,2584,49070,565
2021-09-19,Napa,055,140530,12308,12190,86,12276,95
2021-09-19,Nevada,057,99092,8338,8203,272,8475,84
2021-09-19,Orange,059,3164182,296598,293258,13999,307257,5354
2021-09-19,Placer,061,380077,33992,33406,3192,36598,364
2021-09-19,Plumas,063,18699,1261,1211,25,1236,5
2021-09-19,Riverside,065,2383286,346883,341566,15920,357486,4804
2021-09-19,Sacramento,067,1510023,147672,146603,3746,150349,2012
2021-09-19,San Benito,069,59416,6968,6942,144,7086,67
2021-09-19,San Bernardino,071,2135413,339617,336688,10571,347259,5506
2021-09-19,San Diego,073,3302833,353231,349225,20704,369929,4006
2021-09-19,San Francisco,075,870044,50139,49458,2154,51612,605
2021-09-19,San Joaquin,077,732212,93642,92467,5034,97501,1615
2021-09-19,San Luis Obispo,079,281455,27738,27208,1090,28298,313
2021-09-19,San Mateo,081,765935,51902,51028,783,51811,567
2021-09-19,Santa Barbara,083,443738,41887,41512,1535,43047,500
2021-09-19,Santa Clara,085,1922200,140698,139410,1105,140515,1841
2021-09-19,Santa Cruz,087,273765,19346,19096,977,20073,211
2021-09-19,Shasta,089,179085,18398,17813,3005,20818,258
2021-09-19,Sierra,091,2930,130,126,13,139,0
2021-09-19,Siskiyou,093,43540,3021,2882,1059,3941,35
2021-09-19,Solano,095,438530,43881,43056,1135,44191,312
2021-09-19,Sonoma,097,501317,39220,38956,487,39443,369
2021-09-19,Stanislaus,099,539301,72167,71830,8158,79988,1091
2021-09-19,Sutter,101,95872,13012,12868,245,13113,153
2021-09-19,Tehama,103,63373,7274,7081,1199,8280,84
2021-09-19,Trinity,105,12862,717,562,196,758,7
2021-09-19,Tulare,107,460477,61778,60160,12697,72857,896
2021-09-19,Tuolumne,109,53932,6154,6097,71,6168,89
2021-09-19,Ventura,111,848112,94509,93491,4124,97615,1120
2021-09-19,Yolo,113,214977,18451,18238,947,19185,239
2021-09-19,Yuba,115,75493,9207,9087,207,9294,61
2021-09-18,Alameda,001,1643700,114234,113300,2628,115928,1320
2021-09-18,Alpine,003,1148,99,100,0,100,0
2021-09-18,Amador,005,37829,4962,4850,50,4900,59
2021-09-18,Butte,007,227075,18587,17961,3274,21235,230
2021-09-18,Calaveras,009,45235,3471,3361,36,3397,66
2021-09-18,Colusa,011,21464,2401,2373,544,2917,16
2021-09-18,Contra Costa,013,1133247,94619,93656,1932,95588,924
2021-09-18,Del Norte,015,27424,3460,3326,26,3352,34
2021-09-18,El Dorado,017,186661,14741,14472,1482,15954,127
2021-09-18,Fresno,019,978130,127146,124771,11556,136327,1889
2021-09-18,Glenn,021,27897,3196,3086,921,4007,25
2021-09-18,Humboldt,023,135768,8056,7881,400,8281,80
2021-09-18,Imperial,025,180216,31357,31096,3042,34138,755
2021-09-18,Inyo,027,18085,1672,1636,33,1669,39
2021-09-18,Kern,029,883053,116938,114781,18090,132871,1459
2021-09-18,Kings,031,150075,28955,28330,1647,29977,285
2021-09-18,Lake,033,64148,6103,5936,121,6057,87
2021-09-18,Lassen,035,31185,6299,6121,267,6388,25
2021-09-18,Los Angeles,037,10098052,1391102,1379880,52331,1432211,25849
2021-09-18,Madera,039,155013,20647,20126,1652,21778,257
2021-09-18,Marin,041,260295,16870,16685,394,17079,242
2021-09-18,Mariposa,043,17540,924,871,32,903,5
2021-09-18,Mendocino,045,87422,6715,6523,325,6848,67
2021-09-18,Merced,047,269075,38357,37977,1500,39477,535
2021-09-18,Modoc,049,8938,469,457,161,618,5
2021-09-18,Mono,051,14174,1512,1480,18,1498,3
2021-09-18,Monterey,053,433212,47350,46466,2581,49047,565
2021-09-18,Napa,055,140530,12296,12168,86,12254,95
2021-09-18,Nevada,057,99092,8321,8183,272,8455,84
2021-09-18,Orange,059,3164182,296404,293005,13985,306990,5354
2021-09-18,Placer,061,380077,33920,33309,3189,36498,364
2021-09-18,Plumas,063,18699,1260,1204,25,1229,5
2021-09-18,Riverside,065,2383286,346498,341136,15905,357041,4802
2021-09-18,Sacramento,067,1510023,147491,146162,3737,149899,2016
2021-09-18,San Benito,069,59416,6963,6937,144,7081,67
2021-09-18,San Bernardino,071,2135413,339345,336380,10558,346938,5501
2021-09-18,San Diego,073,3302833,352833,348848,20691,369539,4006
2021-09-18,San Francisco,075,870044,50076,49359,2149,51508,605
2021-09-18,San Joaquin,077,732212,93532,92242,5022,97264,1615
2021-09-18,San Luis Obispo,079,281455,27701,27181,1087,28268,313
2021-09-18,San Mateo,081,765935,51851,50961,781,51742,567
2021-09-18,Santa Barbara,083,443738,41822,41465,1535,43000,500
2021-09-18,Santa Clara,085,1922200,140578,139233,1102,140335,1841
2021-09-18,Santa Cruz,087,273765,19326,19079,977,20056,211
2021-09-18,Shasta,089,179085,18335,17777,2988,20765,258
2021-09-18,Sierra,091,2930,129,125,13,138,0
2021-09-18,Siskiyou,093,43540,3018,2875,1053,3928,35
2021-09-18,Solano,095,438530,43841,42966,1132,44098,312
2021-09-18,Sonoma,097,501317,39185,38891,485,39376,369
2021-09-18,Stanislaus,099,539301,72021,71587,8133,79720,1091
2021-09-18,Sutter,101,95872,12998,12829,245,13074,153
2021-09-18,Tehama,103,63373,7260,7055,1192,8247,84
2021-09-18,Trinity,105,12862,715,561,196,757,7
2021-09-18,Tulare,107,460477,61702,60003,12645,72648,896
2021-09-18,Tuolumne,109,53932,6139,6069,71,6140,89
2021-09-18,Ventura,111,848112,94441,93424,4119,97543,1120
2021-09-18,Yolo,113,214977,18424,18213,942,19155,239
2021-09-18,Yuba,115,75493,9193,9061,206,9267,61
2021-09-17,Alameda,001,1643700,114109,113070,2626,115696,1320
2021-09-17,Alpine,003,1148,99,99,0,99,0
2021-09-17,Amador,005,37829,4946,4835,49,4884,58
2021-09-17,Butte,007,227075,18535,17870,3265,21135,230
2021-09-17,Calaveras,009,45235,3459,3338,35,3373,66
2021-09-17,Colusa,011,21464,2400,2369,539,2908,16
2021-09-17,Contra Costa,013,1133247,94517,93485,1929,95414,924
2021-09-17,Del Norte,015,27424,3455,3311,24,3335,34
2021-09-17,El Dorado,017,186661,14722,14421,1480,15901,127
2021-09-17,Fresno,019,978130,126927,124296,11541,135837,1882
2021-09-17,Glenn,021,27897,3179,3072,917,3989,25
2021-09-17,Humboldt,023,135768,8034,7850,400,8250,80
2021-09-17,Imperial,025,180216,31331,31031,3041,34072,755
2021-09-17,Inyo,027,18085,1664,1634,33,1667,39
2021-09-17,Kern,029,883053,116747,114303,17993,132296,1456
2021-09-17,Kings,031,150075,28890,28240,1645,29885,281
2021-09-17,Lake,033,64148,6090,5915,121,6036,87
2021-09-17,Lassen,035,31185,6284,6080,265,6345,25
2021-09-17,Los Angeles,037,10098052,1390126,1377905,52264,1430169,25820
2021-09-17,Madera,039,155013,20595,20040,1640,21680,257
2021-09-17,Marin,041,260295,16857,16658,392,17050,242
2021-09-17,Mariposa,043,17540,922,869,32,901,5
2021-09-17,Mendocino,045,87422,6696,6498,325,6823,67
2021-09-17,Merced,047,269075,38310,37803,1498,39301,533
2021-09-17,Modoc,049,8938,469,456,161,617,5
2021-09-17,Mono,051,14174,1508,1457,18,1475,3
2021-09-17,Monterey,053,433212,47327,46421,2580,49001,564
2021-09-17,Napa,055,140530,12275,12153,86,12239,95
2021-09-17,Nevada,057,99092,8306,8157,272,8429,84
2021-09-17,Orange,059,3164182,296184,292685,13967,306652,5346
2021-09-17,Placer,061,380077,33859,33188,3179,36367,362
2021-09-17,Plumas,063,18699,1251,1192,24,1216,5
2021-09-17,Riverside,065,2383286,346097,340445,15894,356339,4792
2021-09-17,Sacramento,067,1510023,147292,145985,3726,149711,1999
2021-09-17,San Benito,069,59416,6960,6929,144,7073,67
2021-09-17,San Bernardino,071,2135413,338989,335810,10551,346361,5488
2021-09-17,San Diego,073,3302833,352398,348098,20674,368772,4002
2021-09-17,San Francisco,075,870044,50024,49249,2144,51393,605
2021-09-17,San Joaquin,077,732212,93394,91977,5011,96988,1610
2021-09-17,San Luis Obispo,079,281455,27667,27102,1076,28178,311
2021-09-17,San Mateo,081,765935,51798,50854,780,51634,564
2021-09-17,Santa Barbara,083,443738,41759,41354,1534,42888,498
2021-09-17,Santa Clara,085,1922200,140429,138939,1100,140039,1838
2021-09-17,Santa Cruz,087,273765,19301,19039,977,20016,211
2021-09-17,Shasta,089,179085,18264,17617,2975,20592,254
2021-09-17,Sierra,091,2930,129,124,13,137,0
2021-09-17,Siskiyou,093,43540,3003,2852,1053,3905,35
2021-09-17,Solano,095,438530,43778,42898,1128,44026,312
2021-09-17,Sonoma,097,501317,39148,38808,484,39292,369
2021-09-17,Stanislaus,099,539301,71914,71408,8115,79523,1091
2021-09-17,Sutter,101,95872,12982,12799,242,13041,153
2021-09-17,Tehama,103,63373,7236,7020,1180,8200,84
2021-09-17,Trinity,105,12862,710,556,195,751,7
2021-09-17,Tulare,107,460477,61587,59689,12611,72300,895
2021-09-17,Tuolumne,109,53932,6120,6047,71,6118,89
2021-09-17,Ventura,111,848112,94329,93273,4117,97390,1116
2021-09-17,Yolo,113,214977,18393,18177,938,19115,239
2021-09-17,Yuba,115,75493,9166,9019,205,9224,61
2021-09-16,Alameda,001,1643700,113933,112770,2623,115393,1318
2021-09-16,Alpine,003,1148,99,99,0,99,0
2021-09-16,Amador,005,37829,4926,4819,49,4868,58
2021-09-16,Butte,007,227075,18461,17750,3249,20999,230
2021-09-16,Calaveras,009,45235,3427,3313,35,3348,66
2021-09-16,Colusa,011,21464,2398,2363,537,2900,16
2021-09-16,Contra Costa,013,1133247,94346,93213,1921,95134,917
2021-09-16,Del Norte,015,27424,3437,3285,24,3309,34
2021-09-16,El Dorado,017,186661,14682,14372,1472,15844,127
2021-09-16,Fresno,019,978130,126571,123853,11498,135351,1868
2021-09-16,Glenn,021,27897,3169,3068,915,3983,24
2021-09-16,Humboldt,023,135768,8000,7809,390,8199,80
2021-09-16,Imperial,025,180216,31288,30966,3033,33999,753
2021-09-16,Inyo,027,18085,1662,1623,33,1656,39
2021-09-16,Kern,029,883053,116476,113828,17925,131753,1448
2021-09-16,Kings,031,150075,28804,28114,1636,29750,280
2021-09-16,Lake,033,64148,6066,5890,118,6008,87
2021-09-16,Lassen,035,31185,6249,6028,260,6288,25
2021-09-16,Los Angeles,037,10098052,1388737,1376277,52198,1428475,25796
2021-09-16,Madera,039,155013,20517,19974,1634,21608,257
2021-09-16,Marin,041,260295,16830,16625,391,17016,242
2021-09-16,Mariposa,043,17540,916,849,32,881,6
2021-09-16,Mendocino,045,87422,6658,6445,314,6759,67
2021-09-16,Merced,047,269075,38203,37675,1495,39170,532
2021-09-16,Modoc,049,8938,467,455,161,616,5
2021-09-16,Mono,051,14174,1502,1449,18,1467,3
2021-09-16,Monterey,053,433212,47273,46342,2574,48916,562
2021-09-16,Napa,055,140530,12250,12115,82,12197,95
2021-09-16,Nevada,057,99092,8279,8121,271,8392,84
2021-09-16,Orange,059,3164182,295838,292183,13947,306130,5340
2021-09-16,Placer,061,380077,33763,33037,3160,36197,354
2021-09-16,Plumas,063,18699,1243,1178,24,1202,5
2021-09-16,Riverside,065,2383286,345565,339770,15880,355650,4786
2021-09-16,Sacramento,067,1510023,146936,145754,3694,149448,1996
2021-09-16,San Benito,069,59416,6947,6913,143,7056,67
2021-09-16,San Bernardino,071,2135413,338561,335129,10544,345673,5474
2021-09-16,San Diego,073,3302833,351775,347472,20636,368108,3994
2021-09-16,San Francisco,075,870044,49939,49133,2135,51268,605
2021-09-16,San Joaquin,077,732212,93155,91650,4966,96616,1608
2021-09-16,San Luis Obispo,079,281455,27594,27044,1072,28116,310
2021-09-16,San Mateo,081,765935,51721,50773,778,51551,564
2021-09-16,Santa Barbara,083,443738,41692,41272,1531,42803,497
2021-09-16,Santa Clara,085,1922200,140273,138685,1096,139781,1835
2021-09-16,Santa Cruz,087,273765,19274,19011,977,19988,211
2021-09-16,Shasta,089,179085,18139,17438,2941,20379,251
2021-09-16,Sierra,091,2930,129,123,13,136,0
2021-09-16,Siskiyou,093,43540,2983,2819,1046,3865,35
2021-09-16,Solano,095,438530,43706,42792,1119,43911,312
2021-09-16,Sonoma,097,501317,39085,38707,483,39190,369
2021-09-16,Stanislaus,099,539301,71681,71105,8099,79204,1091
2021-09-16,Sutter,101,95872,12938,12729,236,12965,152
2021-09-16,Tehama,103,63373,7197,6953,1169,8122,83
2021-09-16,Trinity,105,12862,707,547,194,741,7
2021-09-16,Tulare,107,460477,61365,59459,12537,71996,894
2021-09-16,Tuolumne,109,53932,6100,5999,70,6069,89
2021-09-16,Ventura,111,848112,94189,93087,4113,97200,1110
2021-09-16,Yolo,113,214977,18361,18135,936,19071,239
2021-09-16,Yuba,115,75493,9132,8981,202,9183,61
2021-09-15,Alameda,001,1643700,113766,112498,2615,115113,1317
2021-09-15,Alpine,003,1148,99,99,0,99,0
2021-09-15,Amador,005,37829,4918,4792,49,4841,58
2021-09-15,Butte,007,227075,18363,17664,3230,20894,228
2021-09-15,Calaveras,009,45235,3398,3293,33,3326,66
2021-09-15,Colusa,011,21464,2396,2352,534,2886,16
2021-09-15,Contra Costa,013,1133247,94166,92989,1909,94898,913
2021-09-15,Del Norte,015,27424,3424,3271,22,3293,34
2021-09-15,El Dorado,017,186661,14656,14309,1464,15773,127
2021-09-15,Fresno,019,978130,126193,123370,11441,134811,1867
2021-09-15,Glenn,021,27897,3157,3051,910,3961,20
2021-09-15,Humboldt,023,135768,7965,7754,385,8139,52
2021-09-15,Imperial,025,180216,31233,30891,3028,33919,753
2021-09-15,Inyo,027,18085,1658,1614,33,1647,39
2021-09-15,Kern,029,883053,116129,113546,17826,131372,1434
2021-09-15,Kings,031,150075,28725,27991,1627,29618,279
2021-09-15,Lake,033,64148,6034,5852,117,5969,85
2021-09-15,Lassen,035,31185,6189,6018,255,6273,25
2021-09-15,Los Angeles,037,10098052,1387237,1374307,52129,1426436,25767
2021-09-15,Madera,039,155013,20442,19880,1626,21506,257
2021-09-15,Marin,041,260295,16795,16592,386,16978,242
2021-09-15,Mariposa,043,17540,904,843,32,875,5
2021-09-15,Mendocino,045,87422,6628,6399,309,6708,66
2021-09-15,Merced,047,269075,38095,37508,1493,39001,529
2021-09-15,Modoc,049,8938,467,454,161,615,5
2021-09-15,Mono,051,14174,1496,1445,18,1463,3
2021-09-15,Monterey,053,433212,47203,46317,2562,48879,562
2021-09-15,Napa,055,140530,12229,12082,82,12164,95
2021-09-15,Nevada,057,99092,8257,8081,268,8349,84
2021-09-15,Orange,059,3164182,295516,291834,13928,305762,5328
2021-09-15,Placer,061,380077,33651,32860,3139,35999,352
2021-09-15,Plumas,063,18699,1238,1164,23,1187,5
2021-09-15,Riverside,065,2383286,344982,339077,15856,354933,4769
2021-09-15,Sacramento,067,1510023,146509,145202,3663,148865,1981
2021-09-15,San Benito,069,59416,6944,6902,143,7045,67
2021-09-15,San Bernardino,071,2135413,338100,334556,10530,345086,5470
2021-09-15,San Diego,073,3302833,351148,346933,20608,367541,3983
2021-09-15,San Francisco,075,870044,49828,48999,2130,51129,605
2021-09-15,San Joaquin,077,732212,92879,91322,4923,96245,1607
2021-09-15,San Luis Obispo,079,281455,27511,26943,1066,28009,306
2021-09-15,San Mateo,081,765935,51639,50691,775,51466,564
2021-09-15,Santa Barbara,083,443738,41589,41077,1526,42603,497
2021-09-15,Santa Clara,085,1922200,140100,138410,1091,139501,1833
2021-09-15,Santa Cruz,087,273765,19236,18984,975,19959,210
2021-09-15,Shasta,089,179085,18028,17317,2920,20237,250
2021-09-15,Sierra,091,2930,129,123,13,136,0
2021-09-15,Siskiyou,093,43540,2963,2804,1015,3819,35
2021-09-15,Solano,095,438530,43634,42682,1114,43796,312
2021-09-15,Sonoma,097,501317,39027,38629,482,39111,369
2021-09-15,Stanislaus,099,539301,71459,70852,8077,78929,1091
2021-09-15,Sutter,101,95872,12905,12699,231,12930,151
2021-09-15,Tehama,103,63373,7156,6894,1160,8054,79
2021-09-15,Trinity,105,12862,705,541,192,733,7
2021-09-15,Tulare,107,460477,61106,59149,12476,71625,890
2021-09-15,Tuolumne,109,53932,6074,5969,70,6039,89
2021-09-15,Ventura,111,848112,94046,92960,4106,97066,1109
2021-09-15,Yolo,113,214977,18327,18064,928,18992,239
2021-09-15,Yuba,115,75493,9098,8953,202,9155,61
2021-09-14,Alameda,001,1643700,113560,112329,2609,114938,1316
2021-09-14,Alpine,003,1148,99,98,0,98,0
2021-09-14,Amador,005,37829,4898,4790,49,4839,57
2021-09-14,Butte,007,227075,18231,17516,3207,20723,226
2021-09-14,Calaveras,009,45235,3378,3280,30,3310,66
2021-09-14,Colusa,011,21464,2392,2344,530,2874,16
2021-09-14,Contra Costa,013,1133247,93968,92822,1901,94723,908
2021-09-14,Del Norte,015,27424,3408,3252,21,3273,32
2021-09-14,El Dorado,017,186661,14604,14247,1456,15703,123
2021-09-14,Fresno,019,978130,125718,123151,11388,134539,1856
2021-09-14,Glenn,021,27897,3140,3045,906,3951,20
2021-09-14,Humboldt,023,135768,7931,7717,380,8097,52
2021-09-14,Imperial,025,180216,31183,30845,3025,33870,752
2021-09-14,Inyo,027,18085,1649,1605,32,1637,39
2021-09-14,Kern,029,883053,115749,113250,17700,130950,1428
2021-09-14,Kings,031,150075,28649,27955,1619,29574,278
2021-09-14,Lake,033,64148,6002,5845,117,5962,83
2021-09-14,Lassen,035,31185,6175,5977,250,6227,25
2021-09-14,Los Angeles,037,10098052,1385398,1372831,52046,1424877,25729
2021-09-14,Madera,039,155013,20360,19800,1615,21415,254
2021-09-14,Marin,041,260295,16767,16584,384,16968,242
2021-09-14,Mariposa,043,17540,893,834,31,865,5
2021-09-14,Mendocino,045,87422,6592,6372,297,6669,65
2021-09-14,Merced,047,269075,37945,37430,1489,38919,526
2021-09-14,Modoc,049,8938,466,453,161,614,5
2021-09-14,Mono,051,14174,1492,1440,18,1458,4
2021-09-14,Monterey,053,433212,47162,46224,2550,48774,558
2021-09-14,Napa,055,140530,12196,12070,81,12151,91
2021-09-14,Nevada,057,99092,8223,8056,268,8324,83
2021-09-14,Orange,059,3164182,295123,291423,13904,305327,5319
2021-09-14,Placer,061,380077,33519,32735,3119,35854,350
2021-09-14,Plumas,063,18699,1223,1148,23,1171,5
2021-09-14,Riverside,065,2383286,344342,338534,15825,354359,4748
2021-09-14,Sacramento,067,1510023,146124,145051,3615,148666,1977
2021-09-14,San Benito,069,59416,6934,6887,143,7030,64
2021-09-14,San Bernardino,071,2135413,337606,333968,10504,344472,5465
2021-09-14,San Diego,073,3302833,350482,346204,20558,366762,3966
2021-09-14,San Francisco,075,870044,49694,48998,2128,51126,603
2021-09-14,San Joaquin,077,732212,92640,91128,4913,96041,1596
2021-09-14,San Luis Obispo,079,281455,27438,26845,1061,27906,304
2021-09-14,San Mateo,081,765935,51540,50602,772,51374,564
2021-09-14,Santa Barbara,083,443738,41492,40783,1517,42300,495
2021-09-14,Santa Clara,085,1922200,139865,138321,1088,139409,1828
2021-09-14,Santa Cruz,087,273765,19196,18965,973,19938,210
2021-09-14,Shasta,089,179085,17897,17152,2899,20051,246
2021-09-14,Sierra,091,2930,129,123,13,136,0
2021-09-14,Siskiyou,093,43540,2939,2756,998,3754,35
2021-09-14,Solano,095,438530,43551,42599,1111,43710,307
2021-09-14,Sonoma,097,501317,38958,38595,478,39073,369
2021-09-14,Stanislaus,099,539301,71200,70697,8049,78746,1091
2021-09-14,Sutter,101,95872,12863,12670,224,12894,149
2021-09-14,Tehama,103,63373,7102,6859,1152,8011,80
2021-09-14,Trinity,105,12862,699,538,191,729,7
2021-09-14,Tulare,107,460477,60853,58961,12405,71366,888
2021-09-14,Tuolumne,109,53932,6053,5951,68,6019,89
2021-09-14,Ventura,111,848112,93861,92841,4089,96930,1107
2021-09-14,Yolo,113,214977,18283,18039,923,18962,239
2021-09-14,Yuba,115,75493,9062,8928,202,9130,61
2021-09-13,Alameda,001,1643700,113342,112159,2604,114763,1309
2021-09-13,Alpine,003,1148,98,98,0,98,0
2021-09-13,Amador,005,37829,4880,4761,49,4810,56
2021-09-13,Butte,007,227075,18107,17393,3180,20573,225
2021-09-13,Calaveras,009,45235,3352,3253,28,3281,65
2021-09-13,Colusa,011,21464,2383,2346,526,2872,16
2021-09-13,Contra Costa,013,1133247,93722,92658,1896,94554,908
2021-09-13,Del Norte,015,27424,3372,3232,21,3253,28
2021-09-13,El Dorado,017,186661,14543,14194,1448,15642,119
2021-09-13,Fresno,019,978130,125251,122650,11326,133976,1853
2021-09-13,Glenn,021,27897,3126,3026,899,3925,20
2021-09-13,Humboldt,023,135768,7899,7659,377,8036,52
2021-09-13,Imperial,025,180216,31130,30802,3022,33824,751
2021-09-13,Inyo,027,18085,1642,1602,32,1634,39
2021-09-13,Kern,029,883053,115368,112930,17577,130507,1424
2021-09-13,Kings,031,150075,28539,27858,1607,29465,275
2021-09-13,Lake,033,64148,5980,5809,117,5926,82
2021-09-13,Lassen,035,31185,6140,5953,249,6202,25
2021-09-13,Los Angeles,037,10098052,1383537,1371423,51977,1423400,25703
2021-09-13,Madera,039,155013,20290,19735,1600,21335,252
2021-09-13,Marin,041,260295,16731,16557,383,16940,242
2021-09-13,Mariposa,043,17540,879,825,31,856,5
2021-09-13,Mendocino,045,87422,6557,6323,288,6611,61
2021-09-13,Merced,047,269075,37794,37291,1484,38775,521
2021-09-13,Modoc,049,8938,465,451,161,612,5
2021-09-13,Mono,051,14174,1486,1435,18,1453,3
2021-09-13,Monterey,053,433212,47071,46188,2537,48725,558
2021-09-13,Napa,055,140530,12178,12039,81,12120,91
2021-09-13,Nevada,057,99092,8197,8021,266,8287,83
2021-09-13,Orange,059,3164182,294690,291128,13883,305011,5312
2021-09-13,Placer,061,380077,33354,32617,3102,35719,343
2021-09-13,Plumas,063,18699,1214,1142,23,1165,5
2021-09-13,Riverside,065,2383286,343697,337876,15807,353683,4731
2021-09-13,Sacramento,067,1510023,145637,144537,3581,148118,1956
2021-09-13,San Benito,069,59416,6919,6867,142,7009,64
2021-09-13,San Bernardino,071,2135413,337118,333613,10479,344092,5441
2021-09-13,San Diego,073,3302833,349693,345647,20506,366153,3961
2021-09-13,San Francisco,075,870044,49565,48914,2122,51036,603
2021-09-13,San Joaquin,077,732212,92356,90966,4895,95861,1581
2021-09-13,San Luis Obispo,079,281455,27341,26805,1058,27863,300
2021-09-13,San Mateo,081,765935,51450,50525,767,51292,564
2021-09-13,Santa Barbara,083,443738,41372,40661,1510,42171,494
2021-09-13,Santa Clara,085,1922200,139617,138152,1083,139235,1820
2021-09-13,Santa Cruz,087,273765,19156,18917,972,19889,210
2021-09-13,Shasta,089,179085,17767,17033,2858,19891,243
2021-09-13,Sierra,091,2930,129,123,13,136,0
2021-09-13,Siskiyou,093,43540,2924,2745,986,3731,35
2021-09-13,Solano,095,438530,43447,42501,1108,43609,306
2021-09-13,Sonoma,097,501317,38891,38513,475,38988,368
2021-09-13,Stanislaus,099,539301,70946,70477,8013,78490,1091
2021-09-13,Sutter,101,95872,12805,12624,220,12844,145
2021-09-13,Tehama,103,63373,7039,6803,1140,7943,79
2021-09-13,Trinity,105,12862,697,533,189,722,7
2021-09-13,Tulare,107,460477,60569,58768,12343,71111,887
2021-09-13,Tuolumne,109,53932,6022,5909,68,5977,89
2021-09-13,Ventura,111,848112,93699,92679,4081,96760,1107
2021-09-13,Yolo,113,214977,18239,17974,918,18892,239
2021-09-13,Yuba,115,75493,9017,8884,201,9085,61
2021-09-12,Alameda,001,1643700,113078,111961,2601,114562,1309
2021-09-12,Alpine,003,1148,98,98,0,98,0
2021-09-12,Amador,005,37829,4859,4752,49,4801,56
2021-09-12,Butte,007,227075,17962,17257,3136,20393,221
2021-09-12,Calaveras,009,45235,3322,3236,24,3260,65
2021-09-12,Colusa,011,21464,2380,2344,525,2869,16
2021-09-12,Contra Costa,013,1133247,93455,92498,1884,94382,908
2021-09-12,Del Norte,015,27424,3337,3200,21,3221,28
2021-09-12,El Dorado,017,186661,14470,14167,1432,15599,119
2021-09-12,Fresno,019,978130,124733,122407,11270,133677,1853
2021-09-12,Glenn,021,27897,3109,3016,894,3910,20
2021-09-12,Humboldt,023,135768,7829,7636,366,8002,52
2021-09-12,Imperial,025,180216,31067,30790,3016,33806,751
2021-09-12,Inyo,027,18085,1632,1596,30,1626,39
2021-09-12,Kern,029,883053,114957,112602,17418,130020,1424
2021-09-12,Kings,031,150075,28428,27764,1590,29354,274
2021-09-12,Lake,033,64148,5941,5781,115,5896,82
2021-09-12,Lassen,035,31185,6103,5943,239,6182,25
2021-09-12,Los Angeles,037,10098052,1381480,1365968,51901,1417869,25630
2021-09-12,Madera,039,155013,20203,19691,1587,21278,252
2021-09-12,Marin,041,260295,16708,16526,383,16909,242
2021-09-12,Mariposa,043,17540,868,811,29,840,5
2021-09-12,Mendocino,045,87422,6516,6283,279,6562,61
2021-09-12,Merced,047,269075,37622,37172,1473,38645,521
2021-09-12,Modoc,049,8938,465,451,160,611,5
2021-09-12,Mono,051,14174,1479,1431,18,1449,3
2021-09-12,Monterey,053,433212,46971,46167,2527,48694,558
2021-09-12,Napa,055,140530,12148,12011,81,12092,91
2021-09-12,Nevada,057,99092,8157,7987,264,8251,83
2021-09-12,Orange,059,3164182,294226,290718,13862,304580,5312
2021-09-12,Placer,061,380077,33205,32520,3078,35598,343
2021-09-12,Plumas,063,18699,1195,1138,23,1161,5
2021-09-12,Riverside,065,2383286,343014,337332,15773,353105,4731
2021-09-12,Sacramento,067,1510023,145128,144030,3541,147571,1959
2021-09-12,San Benito,069,59416,6900,6852,141,6993,64
2021-09-12,San Bernardino,071,2135413,336503,333049,10466,343515,5439
2021-09-12,San Diego,073,3302833,348873,345058,20430,365488,3942
2021-09-12,San Francisco,075,870044,49454,48819,2115,50934,603
2021-09-12,San Joaquin,077,732212,92027,90730,4887,95617,1581
2021-09-12,San Luis Obispo,079,281455,27222,26729,1045,27774,299
2021-09-12,San Mateo,081,765935,51342,50432,763,51195,564
2021-09-12,Santa Barbara,083,443738,41261,40600,1503,42103,494
2021-09-12,Santa Clara,085,1922200,139362,137899,1080,138979,1820
2021-09-12,Santa Cruz,087,273765,19124,18892,971,19863,210
2021-09-12,Shasta,089,179085,17602,16957,2800,19757,243
2021-09-12,Sierra,091,2930,129,123,13,136,0
2021-09-12,Siskiyou,093,43540,2896,2730,971,3701,35
2021-09-12,Solano,095,438530,43341,42409,1103,43512,306
2021-09-12,Sonoma,097,501317,38812,38456,473,38929,368
2021-09-12,Stanislaus,099,539301,70646,70184,7974,78158,1091
2021-09-12,Sutter,101,95872,12763,12589,214,12803,145
2021-09-12,Tehama,103,63373,6975,6732,1128,7860,79
2021-09-12,Trinity,105,12862,693,529,187,716,7
2021-09-12,Tulare,107,460477,60215,58582,12283,70865,887
2021-09-12,Tuolumne,109,53932,5989,5888,68,5956,89
2021-09-12,Ventura,111,848112,93572,92496,4075,96571,1107
2021-09-12,Yolo,113,214977,18173,17943,910,18853,239
2021-09-12,Yuba,115,75493,8982,8842,201,9043,61
2021-09-11,Alameda,001,1643700,112954,111715,2599,114314,1309
2021-09-11,Alpine,003,1148,98,98,0,98,0
2021-09-11,Amador,005,37829,4846,4728,48,4776,56
2021-09-11,Butte,007,227075,17880,17218,3109,20327,221
2021-09-11,Calaveras,009,45235,3314,3208,23,3231,65
2021-09-11,Colusa,011,21464,2379,2338,522,2860,16
2021-09-11,Contra Costa,013,1133247,93336,92269,1879,94148,908
2021-09-11,Del Norte,015,27424,3321,3184,21,3205,28
2021-09-11,El Dorado,017,186661,14451,14117,1425,15542,119
2021-09-11,Fresno,019,978130,124553,122224,11246,133470,1853
2021-09-11,Glenn,021,27897,3099,3007,891,3898,20
2021-09-11,Humboldt,023,135768,7807,7615,363,7978,52
2021-09-11,Imperial,025,180216,31042,30760,3012,33772,751
2021-09-11,Inyo,027,18085,1629,1590,30,1620,39
2021-09-11,Kern,029,883053,114706,112205,17302,129507,1424
2021-09-11,Kings,031,150075,28379,27631,1584,29215,275
2021-09-11,Lake,033,64148,5920,5761,115,5876,82
2021-09-11,Lassen,035,31185,6088,5930,235,6165,25
2021-09-11,Los Angeles,037,10098052,1380515,1365831,51836,1417667,25630
2021-09-11,Madera,039,155013,20150,19648,1582,21230,252
2021-09-11,Marin,041,260295,16680,16496,382,16878,242
2021-09-11,Mariposa,043,17540,863,799,29,828,5
2021-09-11,Mendocino,045,87422,6492,6257,279,6536,61
2021-09-11,Merced,047,269075,37568,37042,1470,38512,521
2021-09-11,Modoc,049,8938,465,449,160,609,5
2021-09-11,Mono,051,14174,1473,1431,18,1449,3
2021-09-11,Monterey,053,433212,46934,46140,2524,48664,558
2021-09-11,Napa,055,140530,12125,11991,81,12072,91
2021-09-11,Nevada,057,99092,8142,7967,264,8231,83
2021-09-11,Orange,059,3164182,293925,290429,13845,304274,5306
2021-09-11,Placer,061,380077,33121,32414,3067,35481,344
2021-09-11,Plumas,063,18699,1190,1112,23,1135,5
2021-09-11,Riverside,065,2383286,342575,336585,15759,352344,4731
2021-09-11,Sacramento,067,1510023,144827,143557,3529,147086,1955
2021-09-11,San Benito,069,59416,6887,6844,141,6985,64
2021-09-11,San Bernardino,071,2135413,336162,332512,10452,342964,5430
2021-09-11,San Diego,073,3302833,348383,344355,20406,364761,3942
2021-09-11,San Francisco,075,870044,49399,48660,2110,50770,603
2021-09-11,San Joaquin,077,732212,91882,90482,4880,95362,1581
2021-09-11,San Luis Obispo,079,281455,27176,26651,1044,27695,299
2021-09-11,San Mateo,081,765935,51270,50341,763,51104,564
2021-09-11,Santa Barbara,083,443738,41188,40451,1503,41954,494
2021-09-11,Santa Clara,085,1922200,139212,137659,1077,138736,1820
2021-09-11,Santa Cruz,087,273765,19095,18865,971,19836,210
2021-09-11,Shasta,089,179085,17509,16877,2780,19657,243
2021-09-11,Sierra,091,2930,129,123,13,136,0
2021-09-11,Siskiyou,093,43540,2879,2717,968,3685,35
2021-09-11,Solano,095,438530,43290,42344,1100,43444,306
2021-09-11,Sonoma,097,501317,38765,38399,471,38870,368
2021-09-11,Stanislaus,099,539301,70521,69974,7960,77934,1091
2021-09-11,Sutter,101,95872,12737,12538,211,12749,145
2021-09-11,Tehama,103,63373,6954,6703,1120,7823,79
2021-09-11,Trinity,105,12862,686,526,187,713,7
2021-09-11,Tulare,107,460477,60104,58321,12236,70557,889
2021-09-11,Tuolumne,109,53932,5970,5879,65,5944,89
2021-09-11,Ventura,111,848112,93490,92328,4070,96398,1107
2021-09-11,Yolo,113,214977,18150,17906,905,18811,239
2021-09-11,Yuba,115,75493,8957,8813,201,9014,61
2021-09-10,Alameda,001,1643700,112763,111386,2598,113984,1306
2021-09-10,Alpine,003,1148,97,97,0,97,0
2021-09-10,Amador,005,37829,4834,4706,48,4754,56
2021-09-10,Butte,007,227075,17805,17051,3094,20145,222
2021-09-10,Calaveras,009,45235,3305,3183,23,3206,65
2021-09-10,Colusa,011,21464,2375,2327,519,2846,16
2021-09-10,Contra Costa,013,1133247,93214,92024,1877,93901,908
2021-09-10,Del Norte,015,27424,3306,3128,20,3148,28
2021-09-10,El Dorado,017,186661,14420,14051,1421,15472,119
2021-09-10,Fresno,019,978130,124230,121659,11215,132874,1846
2021-09-10,Glenn,021,27897,3092,2977,890,3867,20
2021-09-10,Humboldt,023,135768,7775,7543,359,7902,52
2021-09-10,Imperial,025,180216,31019,30716,3010,33726,751
2021-09-10,Inyo,027,18085,1625,1590,30,1620,39
2021-09-10,Kern,029,883053,114452,111832,17186,129018,1419
2021-09-10,Kings,031,150075,28305,27473,1575,29048,274
2021-09-10,Lake,033,64148,5904,5713,113,5826,79
2021-09-10,Lassen,035,31185,6080,5914,232,6146,25
2021-09-10,Los Angeles,037,10098052,1379306,1365709,51769,1417478,25630
2021-09-10,Madera,039,155013,20104,19520,1575,21095,252
2021-09-10,Marin,041,260295,16660,16458,379,16837,242
2021-09-10,Mariposa,043,17540,858,795,29,824,5
2021-09-10,Mendocino,045,87422,6460,6184,278,6462,61
2021-09-10,Merced,047,269075,37516,36884,1469,38353,521
2021-09-10,Modoc,049,8938,465,448,160,608,5
2021-09-10,Mono,051,14174,1468,1422,18,1440,3
2021-09-10,Monterey,053,433212,46890,46084,2522,48606,557
2021-09-10,Napa,055,140530,12100,11948,81,12029,90
2021-09-10,Nevada,057,99092,8124,7932,263,8195,83
2021-09-10,Orange,059,3164182,293617,290022,13836,303858,5302
2021-09-10,Placer,061,380077,33020,32264,3054,35318,343
2021-09-10,Plumas,063,18699,1182,1111,23,1134,5
2021-09-10,Riverside,065,2383286,342102,335988,15752,351740,4720
2021-09-10,Sacramento,067,1510023,144484,143244,3521,146765,1950
2021-09-10,San Benito,069,59416,6883,6824,141,6965,64
2021-09-10,San Bernardino,071,2135413,335743,331894,10442,342336,5422
2021-09-10,San Diego,073,3302833,347818,343173,20369,363542,3941
2021-09-10,San Francisco,075,870044,49320,48518,2103,50621,602
2021-09-10,San Joaquin,077,732212,91703,90208,4874,95082,1573
2021-09-10,San Luis Obispo,079,281455,27143,26526,1042,27568,299
2021-09-10,San Mateo,081,765935,51203,50251,762,51013,564
2021-09-10,Santa Barbara,083,443738,41134,40321,1500,41821,492
2021-09-10,Santa Clara,085,1922200,139028,137337,1076,138413,1817
2021-09-10,Santa Cruz,087,273765,19076,18785,970,19755,210
2021-09-10,Shasta,089,179085,17415,16667,2752,19419,242
2021-09-10,Sierra,091,2930,129,117,13,130,0
2021-09-10,Siskiyou,093,43540,2867,2702,964,3666,35
2021-09-10,Solano,095,438530,43216,42230,1093,43323,305
2021-09-10,Sonoma,097,501317,38707,38271,470,38741,368
2021-09-10,Stanislaus,099,539301,70365,69617,7936,77553,1091
2021-09-10,Sutter,101,95872,12703,12468,211,12679,145
2021-09-10,Tehama,103,63373,6921,6652,1114,7766,77
2021-09-10,Trinity,105,12862,682,524,187,711,7
2021-09-10,Tulare,107,460477,59956,57930,12189,70119,883
2021-09-10,Tuolumne,109,53932,5952,5842,64,5906,89
2021-09-10,Ventura,111,848112,93393,92145,4066,96211,1104
2021-09-10,Yolo,113,214977,18125,17825,900,18725,239
2021-09-10,Yuba,115,75493,8938,8760,200,8960,62
2021-09-09,Alameda,001,1643700,112542,111014,2594,113608,1306
2021-09-09,Alpine,003,1148,97,94,0,94,0
2021-09-09,Amador,005,37829,4813,4698,47,4745,56
2021-09-09,Butte,007,227075,17660,16874,3068,19942,221
2021-09-09,Calaveras,009,45235,3272,3165,23,3188,65
2021-09-09,Colusa,011,21464,2368,2321,517,2838,16
2021-09-09,Contra Costa,013,1133247,93004,91687,1872,93559,904
2021-09-09,Del Norte,015,27424,3283,3102,20,3122,28
2021-09-09,El Dorado,017,186661,14363,13970,1411,15381,119
2021-09-09,Fresno,019,978130,123756,121040,11170,132210,1838
2021-09-09,Glenn,021,27897,3080,2947,886,3833,20
2021-09-09,Humboldt,023,135768,7725,7471,353,7824,52
2021-09-09,Imperial,025,180216,30981,30661,3007,33668,751
2021-09-09,Inyo,027,18085,1618,1586,30,1616,39
2021-09-09,Kern,029,883053,114104,111390,17029,128419,1414
2021-09-09,Kings,031,150075,28204,27282,1564,28846,273
2021-09-09,Lake,033,64148,5880,5638,111,5749,79
2021-09-09,Lassen,035,31185,6030,5860,226,6086,25
2021-09-09,Los Angeles,037,10098052,1377441,1363735,51694,1415429,25583
2021-09-09,Madera,039,155013,20031,19401,1562,20963,252
2021-09-09,Marin,041,260295,16637,16416,376,16792,242
2021-09-09,Mariposa,043,17540,845,779,28,807,5
2021-09-09,Mendocino,045,87422,6426,6089,269,6358,61
2021-09-09,Merced,047,269075,37362,36634,1456,38090,516
2021-09-09,Modoc,049,8938,465,448,160,608,5
2021-09-09,Mono,051,14174,1458,1420,18,1438,3
2021-09-09,Monterey,053,433212,46836,45991,2511,48502,556
2021-09-09,Napa,055,140530,12068,11878,81,11959,90
2021-09-09,Nevada,057,99092,8086,7855,263,8118,82
2021-09-09,Orange,059,3164182,293207,289109,13805,302914,5299
2021-09-09,Placer,061,380077,32902,32048,3039,35087,342
2021-09-09,Plumas,063,18699,1172,1098,22,1120,5
2021-09-09,Riverside,065,2383286,341462,334774,15734,350508,4701
2021-09-09,Sacramento,067,1510023,144004,142728,3475,146203,1929
2021-09-09,San Benito,069,59416,6873,6820,140,6960,64
2021-09-09,San Bernardino,071,2135413,335180,331040,10430,341470,5417
2021-09-09,San Diego,073,3302833,347093,342149,20312,362461,3929
2021-09-09,San Francisco,075,870044,49206,48404,2094,50498,597
2021-09-09,San Joaquin,077,732212,91428,89874,4856,94730,1570
2021-09-09,San Luis Obispo,079,281455,27061,26472,1039,27511,296
2021-09-09,San Mateo,081,765935,51081,50143,759,50902,561
2021-09-09,Santa Barbara,083,443738,41028,40180,1496,41676,490
2021-09-09,Santa Clara,085,1922200,138805,137017,1071,138088,1816
2021-09-09,Santa Cruz,087,273765,19030,18728,970,19698,210
2021-09-09,Shasta,089,179085,17269,16401,2710,19111,238
2021-09-09,Sierra,091,2930,129,115,13,128,0
2021-09-09,Siskiyou,093,43540,2844,2683,950,3633,35
2021-09-09,Solano,095,438530,43100,42081,1089,43170,303
2021-09-09,Sonoma,097,501317,38639,38171,469,38640,360
2021-09-09,Stanislaus,099,539301,70085,69178,7903,77081,1074
2021-09-09,Sutter,101,95872,12648,12396,209,12605,144
2021-09-09,Tehama,103,63373,6867,6554,1109,7663,75
2021-09-09,Trinity,105,12862,676,523,185,708,6
2021-09-09,Tulare,107,460477,59714,57564,12129,69693,879
2021-09-09,Tuolumne,109,53932,5924,5802,63,5865,89
2021-09-09,Ventura,111,848112,93248,91610,4057,95667,1098
2021-09-09,Yolo,113,214977,18068,17724,897,18621,239
2021-09-09,Yuba,115,75493,8893,8707,197,8904,55
2021-09-08,Alameda,001,1643700,112294,110781,2591,113372,1305
2021-09-08,Alpine,003,1148,97,94,0,94,0
2021-09-08,Amador,005,37829,4801,4693,47,4740,56
2021-09-08,Butte,007,227075,17527,16775,3051,19826,220
2021-09-08,Calaveras,009,45235,3254,3157,23,3180,63
2021-09-08,Colusa,011,21464,2366,2308,516,2824,16
2021-09-08,Contra Costa,013,1133247,92729,91471,1867,93338,900
2021-09-08,Del Norte,015,27424,3260,3085,20,3105,25
2021-09-08,El Dorado,017,186661,14283,13928,1389,15317,119
2021-09-08,Fresno,019,978130,123262,120644,11104,131748,1831
2021-09-08,Glenn,021,27897,3065,2942,877,3819,20
2021-09-08,Humboldt,023,135768,7681,7438,345,7783,52
2021-09-08,Imperial,025,180216,30948,30609,2994,33603,751
2021-09-08,Inyo,027,18085,1607,1580,30,1610,39
2021-09-08,Kern,029,883053,113706,110933,16889,127822,1409
2021-09-08,Kings,031,150075,28075,27235,1549,28784,267
2021-09-08,Lake,033,64148,5850,5618,109,5727,79
2021-09-08,Lassen,035,31185,6012,5848,219,6067,25
2021-09-08,Los Angeles,037,10098052,1375372,1362029,51606,1413635,25533
2021-09-08,Madera,039,155013,19971,19352,1548,20900,252
2021-09-08,Marin,041,260295,16609,16386,375,16761,242
2021-09-08,Mariposa,043,17540,833,777,27,804,5
2021-09-08,Mendocino,045,87422,6382,6069,260,6329,61
2021-09-08,Merced,047,269075,37201,36500,1444,37944,516
2021-09-08,Modoc,049,8938,465,448,160,608,5
2021-09-08,Mono,051,14174,1452,1418,18,1436,3
2021-09-08,Monterey,053,433212,46787,45959,2505,48464,554
2021-09-08,Napa,055,140530,12033,11842,79,11921,90
2021-09-08,Nevada,057,99092,8051,7843,262,8105,82
2021-09-08,Orange,059,3164182,292799,288511,13781,302292,5290
2021-09-08,Placer,061,380077,32765,31852,3022,34874,337
2021-09-08,Plumas,063,18699,1165,1072,22,1094,5
2021-09-08,Riverside,065,2383286,340703,334037,15709,349746,4683
2021-09-08,Sacramento,067,1510023,143525,142448,3426,145874,1921
2021-09-08,San Benito,069,59416,6855,6800,140,6940,64
2021-09-08,San Bernardino,071,2135413,334576,330279,10414,340693,5411
2021-09-08,San Diego,073,3302833,346168,341437,20261,361698,3926
2021-09-08,San Francisco,075,870044,49068,48263,2090,50353,589
2021-09-08,San Joaquin,077,732212,91149,89631,4832,94463,1561
2021-09-08,San Luis Obispo,079,281455,26967,26303,1034,27337,294
2021-09-08,San Mateo,081,765935,50977,50051,759,50810,561
2021-09-08,Santa Barbara,083,443738,40917,40000,1492,41492,490
2021-09-08,Santa Clara,085,1922200,138571,136836,1067,137903,1810
2021-09-08,Santa Cruz,087,273765,18993,18699,970,19669,210
2021-09-08,Shasta,089,179085,17114,16227,2663,18890,234
2021-09-08,Sierra,091,2930,129,113,13,126,0
2021-09-08,Siskiyou,093,43540,2811,2643,939,3582,35
2021-09-08,Solano,095,438530,43008,41971,1086,43057,302
2021-09-08,Sonoma,097,501317,38555,38075,468,38543,360
2021-09-08,Stanislaus,099,539301,69854,68945,7864,76809,1074
2021-09-08,Sutter,101,95872,12583,12349,206,12555,144
2021-09-08,Tehama,103,63373,6800,6520,1092,7612,75
2021-09-08,Trinity,105,12862,673,520,181,701,6
2021-09-08,Tulare,107,460477,59390,57425,12073,69498,876
2021-09-08,Tuolumne,109,53932,5892,5783,61,5844,89
2021-09-08,Ventura,111,848112,93096,91345,4039,95384,1096
2021-09-08,Yolo,113,214977,17986,17680,892,18572,239
2021-09-08,Yuba,115,75493,8851,8675,195,8870,55
2021-09-07,Alameda,001,1643700,111992,110550,2584,113134,1301
2021-09-07,Alpine,003,1148,96,94,0,94,0
2021-09-07,Amador,005,37829,4774,4679,47,4726,53
2021-09-07,Butte,007,227075,17370,16723,3015,19738,220
2021-09-07,Calaveras,009,45235,3214,3140,21,3161,63
2021-09-07,Colusa,011,21464,2356,2306,515,2821,16
2021-09-07,Contra Costa,013,1133247,92468,91167,1861,93028,891
2021-09-07,Del Norte,015,27424,3246,3081,20,3101,24
2021-09-07,El Dorado,017,186661,14211,13892,1374,15266,119
2021-09-07,Fresno,019,978130,122706,120268,11010,131278,1828
2021-09-07,Glenn,021,27897,3053,2937,871,3808,20
2021-09-07,Humboldt,023,135768,7621,7397,328,7725,52
2021-09-07,Imperial,025,180216,30908,30584,2986,33570,751
2021-09-07,Inyo,027,18085,1601,1579,29,1608,39
2021-09-07,Kern,029,883053,113274,110674,16727,127401,1408
2021-09-07,Kings,031,150075,27951,27169,1531,28700,267
2021-09-07,Lake,033,64148,5807,5597,101,5698,78
2021-09-07,Lassen,035,31185,5994,5842,213,6055,21
2021-09-07,Los Angeles,037,10098052,1373137,1360407,51514,1411921,25486
2021-09-07,Madera,039,155013,19884,19316,1540,20856,249
2021-09-07,Marin,041,260295,16570,16363,375,16738,242
2021-09-07,Mariposa,043,17540,817,771,27,798,5
2021-09-07,Mendocino,045,87422,6322,6036,250,6286,61
2021-09-07,Merced,047,269075,37027,36400,1438,37838,513
2021-09-07,Modoc,049,8938,463,449,160,609,5
2021-09-07,Mono,051,14174,1443,1416,18,1434,3
2021-09-07,Monterey,053,433212,46704,45911,2492,48403,543
2021-09-07,Napa,055,140530,11992,11814,79,11893,90
2021-09-07,Nevada,057,99092,8024,7829,262,8091,82
2021-09-07,Orange,059,3164182,292370,288225,13750,301975,5274
2021-09-07,Placer,061,380077,32612,31710,2994,34704,337
2021-09-07,Plumas,063,18699,1150,1071,22,1093,5
2021-09-07,Riverside,065,2383286,339916,333390,15690,349080,4666
2021-09-07,Sacramento,067,1510023,142985,142364,3380,145744,1905
2021-09-07,San Benito,069,59416,6837,6786,140,6926,64
2021-09-07,San Bernardino,071,2135413,333829,329962,10390,340352,5407
2021-09-07,San Diego,073,3302833,345165,340709,20195,360904,3922
2021-09-07,San Francisco,075,870044,48928,48175,2085,50260,589
2021-09-07,San Joaquin,077,732212,90814,89468,4818,94286,1548
2021-09-07,San Luis Obispo,079,281455,26849,26253,1025,27278,287
2021-09-07,San Mateo,081,765935,50883,49913,758,50671,561
2021-09-07,Santa Barbara,083,443738,40791,39957,1487,41444,489
2021-09-07,Santa Clara,085,1922200,138283,136631,1062,137693,1807
2021-09-07,Santa Cruz,087,273765,18944,18669,968,19637,210
2021-09-07,Shasta,089,179085,16957,16096,2610,18706,226
2021-09-07,Sierra,091,2930,129,111,13,124,0
2021-09-07,Siskiyou,093,43540,2785,2607,922,3529,34
2021-09-07,Solano,095,438530,42878,41862,1082,42944,300
2021-09-07,Sonoma,097,501317,38471,38013,466,38479,358
2021-09-07,Stanislaus,099,539301,69581,68831,7836,76667,1074
2021-09-07,Sutter,101,95872,12509,12310,200,12510,138
2021-09-07,Tehama,103,63373,6748,6482,1072,7554,74
2021-09-07,Trinity,105,12862,667,517,181,698,6
2021-09-07,Tulare,107,460477,59040,57228,11994,69222,874
2021-09-07,Tuolumne,109,53932,5855,5759,61,5820,88
2021-09-07,Ventura,111,848112,92885,91246,4029,95275,1093
2021-09-07,Yolo,113,214977,17917,17653,887,18540,235
2021-09-07,Yuba,115,75493,8808,8642,190,8832,55
2021-09-06,Alameda,001,1643700,111678,110357,2576,112933,1301
2021-09-06,Alpine,003,1148,94,94,0,94,0
2021-09-06,Amador,005,37829,4758,4648,46,4694,53
2021-09-06,Butte,007,227075,17178,16588,2971,19559,218
2021-09-06,Calaveras,009,45235,3192,3122,21,3143,63
2021-09-06,Colusa,011,21464,2349,2306,511,2817,16
2021-09-06,Contra Costa,013,1133247,92173,90971,1851,92822,891
2021-09-06,Del Norte,015,27424,3205,3037,19,3056,24
2021-09-06,El Dorado,017,186661,14142,13848,1358,15206,119
2021-09-06,Fresno,019,978130,122137,119738,10934,130672,1828
2021-09-06,Glenn,021,27897,3024,2912,863,3775,20
2021-09-06,Humboldt,023,135768,7545,7320,310,7630,52
2021-09-06,Imperial,025,180216,30845,30576,2980,33556,751
2021-09-06,Inyo,027,18085,1592,1578,17,1595,39
2021-09-06,Kern,029,883053,112762,110347,16539,126886,1408
2021-09-06,Kings,031,150075,27808,27094,1516,28610,264
2021-09-06,Lake,033,64148,5743,5548,94,5642,78
2021-09-06,Lassen,035,31185,5968,5822,203,6025,21
2021-09-06,Los Angeles,037,10098052,1370760,1359348,51396,1410744,25477
2021-09-06,Madera,039,155013,19781,19191,1516,20707,249
2021-09-06,Marin,041,260295,16530,16356,375,16731,242
2021-09-06,Mariposa,043,17540,805,764,27,791,5
2021-09-06,Mendocino,045,87422,6252,5984,237,6221,61
2021-09-06,Merced,047,269075,36813,36300,1424,37724,513
2021-09-06,Modoc,049,8938,460,449,160,609,5
2021-09-06,Mono,051,14174,1439,1416,18,1434,3
2021-09-06,Monterey,053,433212,46609,45833,2475,48308,541
2021-09-06,Napa,055,140530,11949,11792,78,11870,90
2021-09-06,Nevada,057,99092,7976,7748,260,8008,82
2021-09-06,Orange,059,3164182,291876,287948,13697,301645,5274
2021-09-06,Placer,061,380077,32435,31595,2956,34551,337
2021-09-06,Plumas,063,18699,1129,1068,19,1087,5
2021-09-06,Riverside,065,2383286,339099,333052,15669,348721,4666
2021-09-06,Sacramento,067,1510023,142344,141730,3311,145041,1905
2021-09-06,San Benito,069,59416,6814,6777,137,6914,64
2021-09-06,San Bernardino,071,2135413,332947,329693,10359,340052,5398
2021-09-06,San Diego,073,3302833,344154,340222,20098,360320,3922
2021-09-06,San Francisco,075,870044,48794,48120,2078,50198,589
2021-09-06,San Joaquin,077,732212,90468,89293,4792,94085,1548
2021-09-06,San Luis Obispo,079,281455,26720,26183,1021,27204,286
2021-09-06,San Mateo,081,765935,50754,49859,756,50615,561
2021-09-06,Santa Barbara,083,443738,40661,39876,1478,41354,489
2021-09-06,Santa Clara,085,1922200,137992,136458,1060,137518,1807
2021-09-06,Santa Cruz,087,273765,18893,18615,965,19580,210
2021-09-06,Shasta,089,179085,16777,15985,2555,18540,226
2021-09-06,Sierra,091,2930,129,109,13,122,0
2021-09-06,Siskiyou,093,43540,2741,2595,888,3483,34
2021-09-06,Solano,095,438530,42730,41774,1075,42849,300
2021-09-06,Sonoma,097,501317,38350,37929,465,38394,358
2021-09-06,Stanislaus,099,539301,69239,68596,7792,76388,1074
2021-09-06,Sutter,101,95872,12447,12238,191,12429,138
2021-09-06,Tehama,103,63373,6686,6413,1045,7458,74
2021-09-06,Trinity,105,12862,664,515,179,694,6
2021-09-06,Tulare,107,460477,58681,57068,11914,68982,874
2021-09-06,Tuolumne,109,53932,5819,5697,61,5758,88
2021-09-06,Ventura,111,848112,92708,91132,4017,95149,1093
2021-09-06,Yolo,113,214977,17834,17576,881,18457,235
2021-09-06,Yuba,115,75493,8758,8584,186,8770,55
2021-09-05,Alameda,001,1643700,111487,110173,2573,112746,1301
2021-09-05,Alpine,003,1148,94,94,0,94,0
2021-09-05,Amador,005,37829,4746,4642,46,4688,53
2021-09-05,Butte,007,227075,17088,16504,2943,19447,218
2021-09-05,Calaveras,009,45235,3186,3106,21,3127,63
2021-09-05,Colusa,011,21464,2341,2305,509,2814,16
2021-09-05,Contra Costa,013,1133247,91988,90862,1846,92708,891
2021-09-05,Del Norte,015,27424,3185,3023,19,3042,24
2021-09-05,El Dorado,017,186661,14113,13827,1344,15171,119
2021-09-05,Fresno,019,978130,121838,119384,10892,130276,1828
2021-09-05,Glenn,021,27897,3010,2899,861,3760,20
2021-09-05,Humboldt,023,135768,7512,7312,307,7619,52
2021-09-05,Imperial,025,180216,30816,30548,2978,33526,751
2021-09-05,Inyo,027,18085,1589,1572,17,1589,39
2021-09-05,Kern,029,883053,112462,110073,16379,126452,1408
2021-09-05,Kings,031,150075,27731,26989,1512,28501,264
2021-09-05,Lake,033,64148,5723,5525,94,5619,78
2021-09-05,Lassen,035,31185,5946,5820,199,6019,21
2021-09-05,Los Angeles,037,10098052,1369468,1357748,51324,1409072,25465
2021-09-05,Madera,039,155013,19740,19155,1505,20660,249
2021-09-05,Marin,041,260295,16511,16342,374,16716,242
2021-09-05,Mariposa,043,17540,801,761,27,788,5
2021-09-05,Mendocino,045,87422,6218,5965,237,6202,61
2021-09-05,Merced,047,269075,36738,36243,1422,37665,513
2021-09-05,Modoc,049,8938,460,447,160,607,5
2021-09-05,Mono,051,14174,1439,1416,18,1434,3
2021-09-05,Monterey,053,433212,46580,45795,2466,48261,540
2021-09-05,Napa,055,140530,11924,11770,78,11848,90
2021-09-05,Nevada,057,99092,7954,7722,259,7981,82
2021-09-05,Orange,059,3164182,291588,287614,13680,301294,5274
2021-09-05,Placer,061,380077,32307,31487,2942,34429,337
2021-09-05,Plumas,063,18699,1122,1067,19,1086,5
2021-09-05,Riverside,065,2383286,338647,332604,15657,348261,4654
2021-09-05,Sacramento,067,1510023,141906,141276,3293,144569,1905
2021-09-05,San Benito,069,59416,6813,6764,137,6901,64
2021-09-05,San Bernardino,071,2135413,332566,329062,10344,339406,5392
2021-09-05,San Diego,073,3302833,343600,339427,20057,359484,3914
2021-09-05,San Francisco,075,870044,48716,48035,2073,50108,589
2021-09-05,San Joaquin,077,732212,90302,89121,4775,93896,1548
2021-09-05,San Luis Obispo,079,281455,26671,26098,1020,27118,285
2021-09-05,San Mateo,081,765935,50687,49809,752,50561,561
2021-09-05,Santa Barbara,083,443738,40594,39762,1476,41238,489
2021-09-05,Santa Clara,085,1922200,137782,136146,1058,137204,1807
2021-09-05,Santa Cruz,087,273765,18873,18588,963,19551,210
2021-09-05,Shasta,089,179085,16694,15960,2529,18489,226
2021-09-05,Sierra,091,2930,128,109,13,122,0
2021-09-05,Siskiyou,093,43540,2724,2585,874,3459,34
2021-09-05,Solano,095,438530,42635,41687,1070,42757,300
2021-09-05,Sonoma,097,501317,38265,37881,464,38345,358
2021-09-05,Stanislaus,099,539301,69100,68434,7767,76201,1074
2021-09-05,Sutter,101,95872,12417,12179,185,12364,138
2021-09-05,Tehama,103,63373,6660,6400,1039,7439,74
2021-09-05,Trinity,105,12862,658,505,178,683,6
2021-09-05,Tulare,107,460477,58512,56915,11870,68785,874
2021-09-05,Tuolumne,109,53932,5807,5688,61,5749,88
2021-09-05,Ventura,111,848112,92572,91004,4013,95017,1093
2021-09-05,Yolo,113,214977,17797,17557,875,18432,235
2021-09-05,Yuba,115,75493,8731,8521,184,8705,55
2021-09-04,Alameda,001,1643700,111362,109944,2566,112510,1301
2021-09-04,Alpine,003,1148,94,94,0,94,0
2021-09-04,Amador,005,37829,4728,4637,45,4682,53
2021-09-04,Butte,007,227075,17030,16403,2928,19331,218
2021-09-04,Calaveras,009,45235,3174,3087,20,3107,63
2021-09-04,Colusa,011,21464,2339,2301,509,2810,16
2021-09-04,Contra Costa,013,1133247,91871,90623,1843,92466,891
2021-09-04,Del Norte,015,27424,3174,2984,19,3003,24
2021-09-04,El Dorado,017,186661,14087,13782,1336,15118,119
2021-09-04,Fresno,019,978130,121643,119033,10871,129904,1828
2021-09-04,Glenn,021,27897,3000,2878,855,3733,20
2021-09-04,Humboldt,023,135768,7481,7298,301,7599,52
2021-09-04,Imperial,025,180216,30793,30526,2976,33502,751
2021-09-04,Inyo,027,18085,1587,1571,17,1588,39
2021-09-04,Kern,029,883053,112217,109751,16248,125999,1408
2021-09-04,Kings,031,150075,27643,26896,1506,28402,263
2021-09-04,Lake,033,64148,5705,5507,94,5601,78
2021-09-04,Lassen,035,31185,5931,5814,191,6005,21
2021-09-04,Los Angeles,037,10098052,1368519,1355634,51266,1406900,25454
2021-09-04,Madera,039,155013,19707,19112,1498,20610,249
2021-09-04,Marin,041,260295,16495,16319,373,16692,242
2021-09-04,Mariposa,043,17540,796,759,27,786,5
2021-09-04,Mendocino,045,87422,6182,5933,237,6170,61
2021-09-04,Merced,047,269075,36694,36083,1417,37500,513
2021-09-04,Modoc,049,8938,460,447,160,607,5
2021-09-04,Mono,051,14174,1436,1417,18,1435,3
2021-09-04,Monterey,053,433212,46549,45756,2462,48218,540
2021-09-04,Napa,055,140530,11899,11760,76,11836,90
2021-09-04,Nevada,057,99092,7939,7691,258,7949,82
2021-09-04,Orange,059,3164182,291325,287244,13659,300903,5274
2021-09-04,Placer,061,380077,32203,31374,2925,34299,337
2021-09-04,Plumas,063,18699,1114,1067,19,1086,5
2021-09-04,Riverside,065,2383286,338177,331958,15645,347603,4654
2021-09-04,Sacramento,067,1510023,141613,140735,3285,144020,1896
2021-09-04,San Benito,069,59416,6804,6758,137,6895,64
2021-09-04,San Bernardino,071,2135413,332234,328425,10330,338755,5393
2021-09-04,San Diego,073,3302833,343166,338748,20035,358783,3914
2021-09-04,San Francisco,075,870044,48641,47937,2064,50001,589
2021-09-04,San Joaquin,077,732212,90186,88846,4767,93613,1548
2021-09-04,San Luis Obispo,079,281455,26639,26020,1020,27040,285
2021-09-04,San Mateo,081,765935,50633,49721,752,50473,560
2021-09-04,Santa Barbara,083,443738,40528,39667,1474,41141,489
2021-09-04,Santa Clara,085,1922200,137596,135845,1055,136900,1806
2021-09-04,Santa Cruz,087,273765,18855,18579,959,19538,210
2021-09-04,Shasta,089,179085,16617,15924,2503,18427,226
2021-09-04,Sierra,091,2930,126,108,13,121,0
2021-09-04,Siskiyou,093,43540,2698,2563,863,3426,34
2021-09-04,Solano,095,438530,42562,41614,1068,42682,300
2021-09-04,Sonoma,097,501317,38232,37809,464,38273,358
2021-09-04,Stanislaus,099,539301,68952,68210,7742,75952,1074
2021-09-04,Sutter,101,95872,12376,12137,184,12321,138
2021-09-04,Tehama,103,63373,6635,6367,1021,7388,74
2021-09-04,Trinity,105,12862,656,497,178,675,6
2021-09-04,Tulare,107,460477,58404,56719,11827,68546,874
2021-09-04,Tuolumne,109,53932,5789,5667,59,5726,88
2021-09-04,Ventura,111,848112,92437,90904,4010,94914,1090
2021-09-04,Yolo,113,214977,17763,17522,871,18393,235
2021-09-04,Yuba,115,75493,8703,8475,183,8658,55
2021-09-03,Alameda,001,1643700,111208,109636,2563,112199,1301
2021-09-03,Alpine,003,1148,94,94,0,94,0
2021-09-03,Amador,005,37829,4706,4614,45,4659,53
2021-09-03,Butte,007,227075,16940,16259,2902,19161,215
2021-09-03,Calaveras,009,45235,3164,3069,20,3089,63
2021-09-03,Colusa,011,21464,2334,2295,508,2803,16
2021-09-03,Contra Costa,013,1133247,91719,90299,1840,92139,886
2021-09-03,Del Norte,015,27424,3146,2943,18,2961,24
2021-09-03,El Dorado,017,186661,14054,13710,1332,15042,119
2021-09-03,Fresno,019,978130,121308,118508,10849,129357,1822
2021-09-03,Glenn,021,27897,2991,2867,848,3715,20
2021-09-03,Humboldt,023,135768,7456,7194,296,7490,52
2021-09-03,Imperial,025,180216,30770,30475,2971,33446,751
2021-09-03,Inyo,027,18085,1582,1567,17,1584,39
2021-09-03,Kern,029,883053,112001,109296,16137,125433,1407
2021-09-03,Kings,031,150075,27559,26753,1503,28256,263
2021-09-03,Lake,033,64148,5685,5479,92,5571,78
2021-09-03,Lassen,035,31185,5914,5789,186,5975,21
2021-09-03,Los Angeles,037,10098052,1367187,1351185,51199,1402384,25384
2021-09-03,Madera,039,155013,19622,19021,1492,20513,247
2021-09-03,Marin,041,260295,16473,16293,372,16665,242
2021-09-03,Mariposa,043,17540,789,753,25,778,5
2021-09-03,Mendocino,045,87422,6147,5891,237,6128,61
2021-09-03,Merced,047,269075,36640,35941,1408,37349,512
2021-09-03,Modoc,049,8938,460,445,160,605,5
2021-09-03,Mono,051,14174,1435,1410,18,1428,3
2021-09-03,Monterey,053,433212,46511,45707,2458,48165,540
2021-09-03,Napa,055,140530,11878,11733,76,11809,89
2021-09-03,Nevada,057,99092,7905,7632,258,7890,82
2021-09-03,Orange,059,3164182,291007,286818,13631,300449,5253
2021-09-03,Placer,061,380077,32096,31238,2901,34139,335
2021-09-03,Plumas,063,18699,1103,1057,19,1076,5
2021-09-03,Riverside,065,2383286,337645,331011,15629,346640,4653
2021-09-03,Sacramento,067,1510023,141244,139982,3266,143248,1886
2021-09-03,San Benito,069,59416,6798,6746,137,6883,64
2021-09-03,San Bernardino,071,2135413,331821,327599,10319,337918,5381
2021-09-03,San Diego,073,3302833,342546,337627,20002,357629,3911
2021-09-03,San Francisco,075,870044,48565,47822,2058,49880,589
2021-09-03,San Joaquin,077,732212,90033,88366,4759,93125,1540
2021-09-03,San Luis Obispo,079,281455,26563,25917,1018,26935,283
2021-09-03,San Mateo,081,765935,50538,49617,750,50367,560
2021-09-03,Santa Barbara,083,443738,40461,39507,1471,40978,489
2021-09-03,Santa Clara,085,1922200,137394,135522,1051,136573,1801
2021-09-03,Santa Cruz,087,273765,18830,18532,959,19491,210
2021-09-03,Shasta,089,179085,16542,15778,2479,18257,226
2021-09-03,Sierra,091,2930,124,105,13,118,0
2021-09-03,Siskiyou,093,43540,2686,2529,850,3379,34
2021-09-03,Solano,095,438530,42466,41457,1065,42522,300
2021-09-03,Sonoma,097,501317,38169,37699,464,38163,358
2021-09-03,Stanislaus,099,539301,68778,67887,7716,75603,1074
2021-09-03,Sutter,101,95872,12337,12073,183,12256,139
2021-09-03,Tehama,103,63373,6596,6334,1014,7348,72
2021-09-03,Trinity,105,12862,654,490,173,663,6
2021-09-03,Tulare,107,460477,58277,56401,11774,68175,872
2021-09-03,Tuolumne,109,53932,5747,5630,59,5689,88
2021-09-03,Ventura,111,848112,92303,90742,4006,94748,1088
2021-09-03,Yolo,113,214977,17740,17446,865,18311,235
2021-09-03,Yuba,115,75493,8671,8412,183,8595,55
2021-09-02,Alameda,001,1643700,110950,109377,2560,111937,1301
2021-09-02,Alpine,003,1148,93,92,0,92,0
2021-09-02,Amador,005,37829,4690,4606,45,4651,53
2021-09-02,Butte,007,227075,16814,16154,2883,19037,215
2021-09-02,Calaveras,009,45235,3151,3042,20,3062,62
2021-09-02,Colusa,011,21464,2330,2290,506,2796,16
2021-09-02,Contra Costa,013,1133247,91536,90038,1829,91867,886
2021-09-02,Del Norte,015,27424,3115,2891,18,2909,24
2021-09-02,El Dorado,017,186661,13994,13641,1306,14947,119
2021-09-02,Fresno,019,978130,120821,117974,10795,128769,1804
2021-09-02,Glenn,021,27897,2975,2855,842,3697,20
2021-09-02,Humboldt,023,135768,7409,7141,285,7426,52
2021-09-02,Imperial,025,180216,30726,30449,2966,33415,751
2021-09-02,Inyo,027,18085,1577,1564,16,1580,39
2021-09-02,Kern,029,883053,111588,108930,15993,124923,1404
2021-09-02,Kings,031,150075,27466,26638,1493,28131,263
2021-09-02,Lake,033,64148,5655,5432,88,5520,78
2021-09-02,Lassen,035,31185,5900,5747,179,5926,21
2021-09-02,Los Angeles,037,10098052,1365327,1351105,51103,1402208,25382
2021-09-02,Madera,039,155013,19531,18937,1473,20410,247
2021-09-02,Marin,041,260295,16460,16244,370,16614,242
2021-09-02,Mariposa,043,17540,782,745,22,767,5
2021-09-02,Mendocino,045,87422,6105,5848,234,6082,61
2021-09-02,Merced,047,269075,36477,35820,1401,37221,508
2021-09-02,Modoc,049,8938,460,437,160,597,5
2021-09-02,Mono,051,14174,1435,1409,18,1427,3
2021-09-02,Monterey,053,433212,46446,45648,2443,48091,539
2021-09-02,Napa,055,140530,11849,11684,76,11760,88
2021-09-02,Nevada,057,99092,7853,7575,257,7832,82
2021-09-02,Orange,059,3164182,290546,286326,13598,299924,5240
2021-09-02,Placer,061,380077,31958,31067,2872,33939,330
2021-09-02,Plumas,063,18699,1092,1045,18,1063,5
2021-09-02,Riverside,065,2383286,336929,330190,15604,345794,4644
2021-09-02,Sacramento,067,1510023,140660,139274,3227,142501,1882
2021-09-02,San Benito,069,59416,6793,6734,136,6870,64
2021-09-02,San Bernardino,071,2135413,331214,326940,10246,337186,5369
2021-09-02,San Diego,073,3302833,341580,336382,19948,356330,3909
2021-09-02,San Francisco,075,870044,48457,47674,2054,49728,587
2021-09-02,San Joaquin,077,732212,89749,88056,4735,92791,1540
2021-09-02,San Luis Obispo,079,281455,26478,25851,1013,26864,283
2021-09-02,San Mateo,081,765935,50438,49490,747,50237,558
2021-09-02,Santa Barbara,083,443738,40371,39386,1458,40844,486
2021-09-02,Santa Clara,085,1922200,137093,135216,1045,136261,1799
2021-09-02,Santa Cruz,087,273765,18796,18473,956,19429,210
2021-09-02,Shasta,089,179085,16404,15670,2450,18120,224
2021-09-02,Sierra,091,2930,124,105,13,118,0
2021-09-02,Siskiyou,093,43540,2665,2513,822,3335,34
2021-09-02,Solano,095,438530,42360,41293,1062,42355,294
2021-09-02,Sonoma,097,501317,38088,37558,464,38022,352
2021-09-02,Stanislaus,099,539301,68536,67576,7694,75270,1074
2021-09-02,Sutter,101,95872,12268,11995,179,12174,138
2021-09-02,Tehama,103,63373,6537,6265,995,7260,72
2021-09-02,Trinity,105,12862,650,484,171,655,6
2021-09-02,Tulare,107,460477,58047,56105,11721,67826,872
2021-09-02,Tuolumne,109,53932,5691,5578,59,5637,88
2021-09-02,Ventura,111,848112,92120,90610,4001,94611,1084
2021-09-02,Yolo,113,214977,17671,17357,854,18211,235
2021-09-02,Yuba,115,75493,8611,8363,183,8546,55
2021-09-01,Alameda,001,1643700,110678,109075,2554,111629,1299
2021-09-01,Alpine,003,1148,93,92,0,92,0
2021-09-01,Amador,005,37829,4674,4599,44,4643,53
2021-09-01,Butte,007,227075,16699,16046,2858,18904,215
2021-09-01,Calaveras,009,45235,3139,3023,20,3043,59
2021-09-01,Colusa,011,21464,2325,2281,506,2787,16
2021-09-01,Contra Costa,013,1133247,91302,89834,1822,91656,877
2021-09-01,Del Norte,015,27424,3082,2860,18,2878,24
2021-09-01,El Dorado,017,186661,13938,13577,1279,14856,119
2021-09-01,Fresno,019,978130,120330,117492,10726,128218,1800
2021-09-01,Glenn,021,27897,2950,2846,834,3680,20
2021-09-01,Humboldt,023,135768,7362,7090,278,7368,52
2021-09-01,Imperial,025,180216,30689,30393,2961,33354,750
2021-09-01,Inyo,027,18085,1573,1561,15,1576,39
2021-09-01,Kern,029,883053,111157,108449,15850,124299,1400
2021-09-01,Kings,031,150075,27353,26443,1482,27925,263
2021-09-01,Lake,033,64148,5613,5396,83,5479,77
2021-09-01,Lassen,035,31185,5878,5731,175,5906,21
2021-09-01,Los Angeles,037,10098052,1363067,1348589,50995,1399584,25341
2021-09-01,Madera,039,155013,19453,18852,1458,20310,247
2021-09-01,Marin,041,260295,16438,16224,365,16589,240
2021-09-01,Mariposa,043,17540,774,735,22,757,5
2021-09-01,Mendocino,045,87422,6062,5821,229,6050,59
2021-09-01,Merced,047,269075,36300,35686,1391,37077,500
2021-09-01,Modoc,049,8938,454,436,158,594,5
2021-09-01,Mono,051,14174,1435,1400,18,1418,3
2021-09-01,Monterey,053,433212,46366,45590,2428,48018,539
2021-09-01,Napa,055,140530,11816,11653,76,11729,88
2021-09-01,Nevada,057,99092,7800,7508,256,7764,82
2021-09-01,Orange,059,3164182,290071,285840,13560,299400,5233
2021-09-01,Placer,061,380077,31803,30902,2858,33760,330
2021-09-01,Plumas,063,18699,1084,1033,18,1051,5
2021-09-01,Riverside,065,2383286,336113,329388,15574,344962,4634
2021-09-01,Sacramento,067,1510023,140050,138499,3181,141680,1875
2021-09-01,San Benito,069,59416,6776,6716,136,6852,64
2021-09-01,San Bernardino,071,2135413,330564,326250,10217,336467,5364
2021-09-01,San Diego,073,3302833,340549,335302,19894,355196,3908
2021-09-01,San Francisco,075,870044,48348,47538,2047,49585,584
2021-09-01,San Joaquin,077,732212,89427,87640,4712,92352,1540
2021-09-01,San Luis Obispo,079,281455,26382,25691,1008,26699,283
2021-09-01,San Mateo,081,765935,50318,49394,741,50135,558
2021-09-01,Santa Barbara,083,443738,40254,39263,1442,40705,483
2021-09-01,Santa Clara,085,1922200,136825,134855,1038,135893,1796
2021-09-01,Santa Cruz,087,273765,18748,18453,954,19407,210
2021-09-01,Shasta,089,179085,16272,15552,2409,17961,221
2021-09-01,Sierra,091,2930,123,98,13,111,0
2021-09-01,Siskiyou,093,43540,2635,2482,802,3284,34
2021-09-01,Solano,095,438530,42209,41194,1056,42250,293
2021-09-01,Sonoma,097,501317,37993,37454,463,37917,352
2021-09-01,Stanislaus,099,539301,68249,67287,7663,74950,1075
2021-09-01,Sutter,101,95872,12204,11945,172,12117,136
2021-09-01,Tehama,103,63373,6503,6228,978,7206,72
2021-09-01,Trinity,105,12862,649,482,168,650,5
2021-09-01,Tulare,107,460477,57764,55768,11684,67452,870
2021-09-01,Tuolumne,109,53932,5652,5553,59,5612,88
2021-09-01,Ventura,111,848112,91905,90471,3985,94456,1089
2021-09-01,Yolo,113,214977,17615,17264,848,18112,235
2021-09-01,Yuba,115,75493,8550,8308,183,8491,55
2021-08-31,Alameda,001,1643700,110385,108837,2547,111384,1297
2021-08-31,Alpine,003,1148,91,92,0,92,0
2021-08-31,Amador,005,37829,4653,4555,44,4599,53
2021-08-31,Butte,007,227075,16558,15896,2817,18713,216
2021-08-31,Calaveras,009,45235,3099,3008,20,3028,59
2021-08-31,Colusa,011,21464,2323,2275,504,2779,16
2021-08-31,Contra Costa,013,1133247,91007,89546,1810,91356,871
2021-08-31,Del Norte,015,27424,3046,2830,18,2848,19
2021-08-31,El Dorado,017,186661,13868,13539,1262,14801,119
2021-08-31,Fresno,019,978130,119755,117155,10646,127801,1801
2021-08-31,Glenn,021,27897,2934,2829,822,3651,20
2021-08-31,Humboldt,023,135768,7287,7030,265,7295,52
2021-08-31,Imperial,025,180216,30652,30348,2953,33301,750
2021-08-31,Inyo,027,18085,1569,1550,15,1565,39
2021-08-31,Kern,029,883053,110655,108151,15671,123822,1393
2021-08-31,Kings,031,150075,27212,26405,1468,27873,260
2021-08-31,Lake,033,64148,5569,5359,80,5439,74
2021-08-31,Lassen,035,31185,5852,5702,172,5874,21
2021-08-31,Los Angeles,037,10098052,1360479,1346686,50915,1397601,25303
2021-08-31,Madera,039,155013,19363,18811,1440,20251,247
2021-08-31,Marin,041,260295,16409,16215,362,16577,240
2021-08-31,Mariposa,043,17540,766,732,22,754,5
2021-08-31,Mendocino,045,87422,6020,5777,227,6004,59
2021-08-31,Merced,047,269075,36130,35512,1386,36898,498
2021-08-31,Modoc,049,8938,453,436,158,594,5
2021-08-31,Mono,051,14174,1423,1398,18,1416,3
2021-08-31,Monterey,053,433212,46282,45550,2415,47965,539
2021-08-31,Napa,055,140530,11769,11618,76,11694,88
2021-08-31,Nevada,057,99092,7733,7460,256,7716,82
2021-08-31,Orange,059,3164182,289471,285310,13526,298836,5229
2021-08-31,Placer,061,380077,31614,30745,2820,33565,325
2021-08-31,Plumas,063,18699,1080,1018,17,1035,5
2021-08-31,Riverside,065,2383286,335139,328556,15541,344097,4627
2021-08-31,Sacramento,067,1510023,139365,137879,3149,141028,1863
2021-08-31,San Benito,069,59416,6764,6694,134,6828,64
2021-08-31,San Bernardino,071,2135413,329818,325446,10197,335643,5350
2021-08-31,San Diego,073,3302833,339284,334377,19842,354219,3888
2021-08-31,San Francisco,075,870044,48198,47440,2036,49476,581
2021-08-31,San Joaquin,077,732212,88982,87365,4697,92062,1540
2021-08-31,San Luis Obispo,079,281455,26259,25518,1004,26522,282
2021-08-31,San Mateo,081,765935,50206,49299,741,50040,556
2021-08-31,Santa Barbara,083,443738,40102,39091,1436,40527,481
2021-08-31,Santa Clara,085,1922200,136475,134637,1031,135668,1793
2021-08-31,Santa Cruz,087,273765,18708,18419,951,19370,210
2021-08-31,Shasta,089,179085,16120,15368,2382,17750,220
2021-08-31,Sierra,091,2930,120,95,13,108,0
2021-08-31,Siskiyou,093,43540,2615,2435,786,3221,33
2021-08-31,Solano,095,438530,42070,41067,1049,42116,289
2021-08-31,Sonoma,097,501317,37897,37379,462,37841,352
2021-08-31,Stanislaus,099,539301,67894,67004,7628,74632,1075
2021-08-31,Sutter,101,95872,12138,11901,168,12069,136
2021-08-31,Tehama,103,63373,6443,6169,947,7116,72
2021-08-31,Trinity,105,12862,643,480,168,648,3
2021-08-31,Tulare,107,460477,57431,55567,11612,67179,870
2021-08-31,Tuolumne,109,53932,5616,5516,59,5575,88
2021-08-31,Ventura,111,848112,91686,90292,3973,94265,1081
2021-08-31,Yolo,113,214977,17535,17205,839,18044,234
2021-08-31,Yuba,115,75493,8496,8253,183,8436,54
2021-08-30,Alameda,001,1643700,110059,107734,2536,110270,1296
2021-08-30,Alpine,003,1148,91,92,0,92,0
2021-08-30,Amador,005,37829,4642,4507,44,4551,53
2021-08-30,Butte,007,227075,16407,15719,2784,18503,214
2021-08-30,Calaveras,009,45235,3084,2975,20,2995,59
2021-08-30,Colusa,011,21464,2314,2271,500,2771,16
2021-08-30,Contra Costa,013,1133247,90748,87679,1800,89479,872
2021-08-30,Del Norte,015,27424,3004,2796,17,2813,11
2021-08-30,El Dorado,017,186661,13799,13217,1245,14462,119
2021-08-30,Fresno,019,978130,119185,115867,10575,126442,1790
2021-08-30,Glenn,021,27897,2923,2804,816,3620,20
2021-08-30,Humboldt,023,135768,7233,6930,259,7189,52
2021-08-30,Imperial,025,180216,30614,30311,2948,33259,750
2021-08-30,Inyo,027,18085,1564,1544,15,1559,39
2021-08-30,Kern,029,883053,110176,107615,15507,123122,1389
2021-08-30,Kings,031,150075,27096,26236,1453,27689,259
2021-08-30,Lake,033,64148,5534,5323,77,5400,74
2021-08-30,Lassen,035,31185,5830,5667,166,5833,21
2021-08-30,Los Angeles,037,10098052,1358020,1344949,50828,1395777,25269
2021-08-30,Madera,039,155013,19281,18622,1420,20042,247
2021-08-30,Marin,041,260295,16378,16160,362,16522,240
2021-08-30,Mariposa,043,17540,760,715,21,736,5
2021-08-30,Mendocino,045,87422,5986,5721,223,5944,55
2021-08-30,Merced,047,269075,36002,35335,1382,36717,497
2021-08-30,Modoc,049,8938,451,436,157,593,5
2021-08-30,Mono,051,14174,1422,1390,18,1408,3
2021-08-30,Monterey,053,433212,46220,45463,2398,47861,539
2021-08-30,Napa,055,140530,11720,11579,74,11653,87
2021-08-30,Nevada,057,99092,7674,7356,253,7609,82
2021-08-30,Orange,059,3164182,288890,284750,13477,298227,5223
2021-08-30,Placer,061,380077,31449,29825,2797,32622,319
2021-08-30,Plumas,063,18699,1063,998,17,1015,5
2021-08-30,Riverside,065,2383286,334241,327593,15510,343103,4623
2021-08-30,Sacramento,067,1510023,138708,134571,3103,137674,1847
2021-08-30,San Benito,069,59416,6755,6663,134,6797,64
2021-08-30,San Bernardino,071,2135413,329142,324870,10167,335037,5348
2021-08-30,San Diego,073,3302833,338006,333011,19769,352780,3885
2021-08-30,San Francisco,075,870044,48059,46966,2022,48988,581
2021-08-30,San Joaquin,077,732212,88651,86203,4676,90879,1528
2021-08-30,San Luis Obispo,079,281455,26134,25422,997,26419,280
2021-08-30,San Mateo,081,765935,50080,48839,735,49574,554
2021-08-30,Santa Barbara,083,443738,39951,38998,1431,40429,481
2021-08-30,Santa Clara,085,1922200,136154,133281,1024,134305,1789
2021-08-30,Santa Cruz,087,273765,18653,18326,947,19273,210
2021-08-30,Shasta,089,179085,15991,15238,2339,17577,217
2021-08-30,Sierra,091,2930,118,91,13,104,0
2021-08-30,Siskiyou,093,43540,2602,2411,775,3186,33
2021-08-30,Solano,095,438530,41909,39986,1045,41031,290
2021-08-30,Sonoma,097,501317,37791,36764,462,37226,352
2021-08-30,Stanislaus,099,539301,67555,66173,7597,73770,1074
2021-08-30,Sutter,101,95872,12068,11791,161,11952,136
2021-08-30,Tehama,103,63373,6364,6085,923,7008,71
2021-08-30,Trinity,105,12862,632,468,165,633,3
2021-08-30,Tulare,107,460477,57119,55140,11536,66676,870
2021-08-30,Tuolumne,109,53932,5570,5492,59,5551,74
2021-08-30,Ventura,111,848112,91470,90149,3961,94110,1082
2021-08-30,Yolo,113,214977,17473,17071,835,17906,231
2021-08-30,Yuba,115,75493,8422,8129,182,8311,54
2021-08-29,Alameda,001,1643700,109715,107494,2524,110018,1296
2021-08-29,Alpine,003,1148,91,92,0,92,0
2021-08-29,Amador,005,37829,4628,4501,44,4545,53
2021-08-29,Butte,007,227075,16237,15602,2747,18349,214
2021-08-29,Calaveras,009,45235,3051,2970,20,2990,59
2021-08-29,Colusa,011,21464,2307,2260,494,2754,16
2021-08-29,Contra Costa,013,1133247,90450,87439,1795,89234,872
2021-08-29,Del Norte,015,27424,2961,2752,17,2769,11
2021-08-29,El Dorado,017,186661,13744,13166,1234,14400,119
2021-08-29,Fresno,019,978130,118588,115502,10505,126007,1790
2021-08-29,Glenn,021,27897,2905,2778,809,3587,20
2021-08-29,Humboldt,023,135768,7189,6922,244,7166,52
2021-08-29,Imperial,025,180216,30553,30293,2937,33230,750
2021-08-29,Inyo,027,18085,1554,1543,14,1557,39
2021-08-29,Kern,029,883053,109725,107324,15336,122660,1389
2021-08-29,Kings,031,150075,26943,26143,1438,27581,259
2021-08-29,Lake,033,64148,5494,5293,67,5360,74
2021-08-29,Lassen,035,31185,5807,5666,162,5828,21
2021-08-29,Los Angeles,037,10098052,1355261,1342541,50716,1393257,25263
2021-08-29,Madera,039,155013,19194,18594,1404,19998,247
2021-08-29,Marin,041,260295,16347,16134,360,16494,240
2021-08-29,Mariposa,043,17540,754,709,19,728,5
2021-08-29,Mendocino,045,87422,5928,5689,210,5899,55
2021-08-29,Merced,047,269075,35763,35250,1370,36620,497
2021-08-29,Modoc,049,8938,448,436,157,593,5
2021-08-29,Mono,051,14174,1415,1387,18,1405,3
2021-08-29,Monterey,053,433212,46114,45424,2374,47798,539
2021-08-29,Napa,055,140530,11689,11552,74,11626,87
2021-08-29,Nevada,057,99092,7617,7294,252,7546,82
2021-08-29,Orange,059,3164182,288261,284432,13435,297867,5223
2021-08-29,Placer,061,380077,31276,29674,2756,32430,319
2021-08-29,Plumas,063,18699,1052,996,17,1013,5
2021-08-29,Riverside,065,2383286,333382,326987,15489,342476,4623
2021-08-29,Sacramento,067,1510023,137955,133981,3054,137035,1843
2021-08-29,San Benito,069,59416,6730,6646,134,6780,64
2021-08-29,San Bernardino,071,2135413,328356,324266,10133,334399,5347
2021-08-29,San Diego,073,3302833,336896,332014,19676,351690,3880
2021-08-29,San Francisco,075,870044,47924,46885,2010,48895,581
2021-08-29,San Joaquin,077,732212,88204,85922,4655,90577,1528
2021-08-29,San Luis Obispo,079,281455,25936,25288,989,26277,280
2021-08-29,San Mateo,081,765935,49967,48737,730,49467,554
2021-08-29,Santa Barbara,083,443738,39785,38900,1427,40327,481
2021-08-29,Santa Clara,085,1922200,135800,132979,1018,133997,1789
2021-08-29,Santa Cruz,087,273765,18606,18285,945,19230,210
2021-08-29,Shasta,089,179085,15837,15198,2312,17510,217
2021-08-29,Sierra,091,2930,116,91,13,104,0
2021-08-29,Siskiyou,093,43540,2555,2407,755,3162,33
2021-08-29,Solano,095,438530,41754,39887,1038,40925,290
2021-08-29,Sonoma,097,501317,37655,36650,458,37108,352
2021-08-29,Stanislaus,099,539301,67209,65956,7561,73517,1074
2021-08-29,Sutter,101,95872,12010,11719,154,11873,136
2021-08-29,Tehama,103,63373,6293,6040,900,6940,71
2021-08-29,Trinity,105,12862,629,468,161,629,3
2021-08-29,Tulare,107,460477,56786,54974,11452,66426,870
2021-08-29,Tuolumne,109,53932,5545,5478,58,5536,74
2021-08-29,Ventura,111,848112,91212,90114,3952,94066,1082
2021-08-29,Yolo,113,214977,17374,17015,823,17838,231
2021-08-29,Yuba,115,75493,8358,8042,182,8224,54
2021-08-28,Alameda,001,1643700,109550,107007,2515,109522,1296
2021-08-28,Alpine,003,1148,91,92,0,92,0
2021-08-28,Amador,005,37829,4609,4484,43,4527,53
2021-08-28,Butte,007,227075,16178,15487,2719,18206,214
2021-08-28,Calaveras,009,45235,3041,2926,20,2946,59
2021-08-28,Colusa,011,21464,2303,2252,492,2744,16
2021-08-28,Contra Costa,013,1133247,90238,86938,1792,88730,872
2021-08-28,Del Norte,015,27424,2934,2734,16,2750,11
2021-08-28,El Dorado,017,186661,13704,13089,1228,14317,119
2021-08-28,Fresno,019,978130,118347,115079,10475,125554,1792
2021-08-28,Glenn,021,27897,2896,2773,802,3575,20
2021-08-28,Humboldt,023,135768,7154,6887,239,7126,52
2021-08-28,Imperial,025,180216,30526,30260,2934,33194,750
2021-08-28,Inyo,027,18085,1552,1539,14,1553,39
2021-08-28,Kern,029,883053,109487,107012,15194,122206,1389
2021-08-28,Kings,031,150075,26876,26059,1435,27494,257
2021-08-28,Lake,033,64148,5471,5267,63,5330,74
2021-08-28,Lassen,035,31185,5792,5665,161,5826,21
2021-08-28,Los Angeles,037,10098052,1354051,1337097,50643,1387740,25234
2021-08-28,Madera,039,155013,19143,18553,1389,19942,247
2021-08-28,Marin,041,260295,16332,16106,360,16466,240
2021-08-28,Mariposa,043,17540,752,704,19,723,5
2021-08-28,Mendocino,045,87422,5903,5658,210,5868,55
2021-08-28,Merced,047,269075,35711,35108,1367,36475,497
2021-08-28,Modoc,049,8938,448,436,156,592,5
2021-08-28,Mono,051,14174,1412,1385,18,1403,3
2021-08-28,Monterey,053,433212,46072,45394,2369,47763,539
2021-08-28,Napa,055,140530,11666,11512,73,11585,88
2021-08-28,Nevada,057,99092,7593,7238,250,7488,82
2021-08-28,Orange,059,3164182,287903,283953,13386,297339,5222
2021-08-28,Placer,061,380077,31167,29428,2743,32171,319
2021-08-28,Plumas,063,18699,1045,991,17,1008,5
2021-08-28,Riverside,065,2383286,332794,326222,15479,341701,4623
2021-08-28,Sacramento,067,1510023,137563,132985,3038,136023,1844
2021-08-28,San Benito,069,59416,6723,6636,134,6770,64
2021-08-28,San Bernardino,071,2135413,327908,323672,10125,333797,5348
2021-08-28,San Diego,073,3302833,336311,331330,19642,350972,3880
2021-08-28,San Francisco,075,870044,47852,46654,2003,48657,581
2021-08-28,San Joaquin,077,732212,88035,85481,4646,90127,1527
2021-08-28,San Luis Obispo,079,281455,25869,25138,984,26122,280
2021-08-28,San Mateo,081,765935,49893,48575,726,49301,554
2021-08-28,Santa Barbara,083,443738,39714,38780,1426,40206,481
2021-08-28,Santa Clara,085,1922200,135593,132488,1016,133504,1789
2021-08-28,Santa Cruz,087,273765,18589,18240,942,19182,210
2021-08-28,Shasta,089,179085,15734,15147,2293,17440,217
2021-08-28,Sierra,091,2930,112,91,13,104,0
2021-08-28,Siskiyou,093,43540,2547,2402,744,3146,33
2021-08-28,Solano,095,438530,41705,39610,1037,40647,290
2021-08-28,Sonoma,097,501317,37582,36466,456,36922,352
2021-08-28,Stanislaus,099,539301,67051,65670,7544,73214,1074
2021-08-28,Sutter,101,95872,11989,11669,153,11822,136
2021-08-28,Tehama,103,63373,6268,6004,887,6891,71
2021-08-28,Trinity,105,12862,625,463,160,623,3
2021-08-28,Tulare,107,460477,56656,54746,11410,66156,870
2021-08-28,Tuolumne,109,53932,5529,5469,58,5527,74
2021-08-28,Ventura,111,848112,91094,89934,3950,93884,1081
2021-08-28,Yolo,113,214977,17338,16907,816,17723,231
2021-08-28,Yuba,115,75493,8327,7985,181,8166,55
2021-08-27,Alameda,001,1643700,109340,106622,2512,109134,1296
2021-08-27,Alpine,003,1148,91,92,0,92,0
2021-08-27,Amador,005,37829,4593,4458,42,4500,53
2021-08-27,Butte,007,227075,16098,15277,2700,17977,214
2021-08-27,Calaveras,009,45235,3027,2903,20,2923,59
2021-08-27,Colusa,011,21464,2297,2240,490,2730,16
2021-08-27,Contra Costa,013,1133247,90040,86386,1789,88175,872
2021-08-27,Del Norte,015,27424,2902,2695,16,2711,11
2021-08-27,El Dorado,017,186661,13665,12968,1224,14192,119
2021-08-27,Fresno,019,978130,117913,114481,10451,124932,1774
2021-08-27,Glenn,021,27897,2878,2754,793,3547,20
2021-08-27,Humboldt,023,135768,7121,6782,236,7018,52
2021-08-27,Imperial,025,180216,30506,30201,2931,33132,750
2021-08-27,Inyo,027,18085,1551,1529,14,1543,39
2021-08-27,Kern,029,883053,109193,106570,15084,121654,1385
2021-08-27,Kings,031,150075,26797,25957,1433,27390,257
2021-08-27,Lake,033,64148,5446,5228,62,5290,74
2021-08-27,Lassen,035,31185,5776,5646,156,5802,21
2021-08-27,Los Angeles,037,10098052,1352528,1337006,50576,1387582,25230
2021-08-27,Madera,039,155013,19087,18476,1376,19852,247
2021-08-27,Marin,041,260295,16316,16055,358,16413,240
2021-08-27,Mariposa,043,17540,746,690,19,709,5
2021-08-27,Mendocino,045,87422,5872,5602,209,5811,55
2021-08-27,Merced,047,269075,35657,34906,1358,36264,495
2021-08-27,Modoc,049,8938,448,434,156,590,5
2021-08-27,Mono,051,14174,1407,1385,18,1403,3
2021-08-27,Monterey,053,433212,46023,45337,2361,47698,539
2021-08-27,Napa,055,140530,11632,11460,73,11533,87
2021-08-27,Nevada,057,99092,7553,7169,248,7417,82
2021-08-27,Orange,059,3164182,287542,283407,13347,296754,5206
2021-08-27,Placer,061,380077,31037,29157,2723,31880,320
2021-08-27,Plumas,063,18699,1039,984,17,1001,5
2021-08-27,Riverside,065,2383286,332277,325379,15464,340843,4622
2021-08-27,Sacramento,067,1510023,137128,131921,3025,134946,1838
2021-08-27,San Benito,069,59416,6717,6622,134,6756,64
2021-08-27,San Bernardino,071,2135413,327384,322893,10107,333000,5342
2021-08-27,San Diego,073,3302833,335530,330162,19588,349750,3877
2021-08-27,San Francisco,075,870044,47776,46456,1985,48441,581
2021-08-27,San Joaquin,077,732212,87852,84949,4627,89576,1524
2021-08-27,San Luis Obispo,079,281455,25821,24952,981,25933,280
2021-08-27,San Mateo,081,765935,49818,48424,722,49146,553
2021-08-27,Santa Barbara,083,443738,39622,38675,1424,40099,480
2021-08-27,Santa Clara,085,1922200,135363,132011,1013,133024,1783
2021-08-27,Santa Cruz,087,273765,18550,18163,938,19101,210
2021-08-27,Shasta,089,179085,15654,14996,2277,17273,217
2021-08-27,Sierra,091,2930,111,91,13,104,0
2021-08-27,Siskiyou,093,43540,2532,2358,730,3088,33
2021-08-27,Solano,095,438530,41591,39347,1033,40380,287
2021-08-27,Sonoma,097,501317,37510,36326,455,36781,342
2021-08-27,Stanislaus,099,539301,66841,65167,7506,72673,1061
2021-08-27,Sutter,101,95872,11943,11590,151,11741,135
2021-08-27,Tehama,103,63373,6235,5964,872,6836,71
2021-08-27,Trinity,105,12862,625,458,159,617,3
2021-08-27,Tulare,107,460477,56520,54443,11365,65808,870
2021-08-27,Tuolumne,109,53932,5497,5438,58,5496,74
2021-08-27,Ventura,111,848112,90965,89774,3946,93720,1076
2021-08-27,Yolo,113,214977,17295,16805,811,17616,231
2021-08-27,Yuba,115,75493,8270,7926,181,8107,54
2021-08-26,Alameda,001,1643700,109058,106146,2503,108649,1296
2021-08-26,Alpine,003,1148,91,92,0,92,0
2021-08-26,Amador,005,37829,4578,4442,41,4483,53
2021-08-26,Butte,007,227075,15965,15159,2664,17823,214
2021-08-26,Calaveras,009,45235,3016,2873,20,2893,59
2021-08-26,Colusa,011,21464,2290,2234,486,2720,16
2021-08-26,Contra Costa,013,1133247,89681,85808,1783,87591,866
2021-08-26,Del Norte,015,27424,2866,2625,16,2641,8
2021-08-26,El Dorado,017,186661,13596,12863,1210,14073,118
2021-08-26,Fresno,019,978130,117409,113854,10394,124248,1770
2021-08-26,Glenn,021,27897,2860,2740,784,3524,20
2021-08-26,Humboldt,023,135768,7063,6695,226,6921,53
2021-08-26,Imperial,025,180216,30457,30121,2923,33044,748
2021-08-26,Inyo,027,18085,1541,1521,13,1534,39
2021-08-26,Kern,029,883053,108765,106051,14939,120990,1380
2021-08-26,Kings,031,150075,26674,25838,1425,27263,260
2021-08-26,Lake,033,64148,5400,5196,59,5255,74
2021-08-26,Lassen,035,31185,5764,5626,154,5780,21
2021-08-26,Los Angeles,037,10098052,1350260,1334372,50480,1384852,25199
2021-08-26,Madera,039,155013,19017,18393,1363,19756,247
2021-08-26,Marin,041,260295,16287,15983,355,16338,240
2021-08-26,Mariposa,043,17540,736,677,19,696,5
2021-08-26,Mendocino,045,87422,5834,5533,204,5737,55
2021-08-26,Merced,047,269075,35490,34755,1337,36092,495
2021-08-26,Modoc,049,8938,448,433,156,589,5
2021-08-26,Mono,051,14174,1403,1385,18,1403,3
2021-08-26,Monterey,053,433212,45950,45265,2350,47615,539
2021-08-26,Napa,055,140530,11610,11394,72,11466,87
2021-08-26,Nevada,057,99092,7494,7086,245,7331,80
2021-08-26,Orange,059,3164182,287050,282814,13324,296138,5200
2021-08-26,Placer,061,380077,30868,28898,2697,31595,319
2021-08-26,Plumas,063,18699,1032,971,16,987,5
2021-08-26,Riverside,065,2383286,331485,324486,15443,339929,4615
2021-08-26,Sacramento,067,1510023,136595,130977,2984,133961,1827
2021-08-26,San Benito,069,59416,6707,6604,134,6738,64
2021-08-26,San Bernardino,071,2135413,326724,322100,10083,332183,5339
2021-08-26,San Diego,073,3302833,334503,328276,19523,347799,3869
2021-08-26,San Francisco,075,870044,47649,46288,1980,48268,581
2021-08-26,San Joaquin,077,732212,87474,84429,4604,89033,1513
2021-08-26,San Luis Obispo,079,281455,25672,24831,974,25805,278
2021-08-26,San Mateo,081,765935,49690,48263,720,48983,553
2021-08-26,Santa Barbara,083,443738,39538,38566,1423,39989,479
2021-08-26,Santa Clara,085,1922200,135037,131443,1009,132452,1782
2021-08-26,Santa Cruz,087,273765,18490,18072,936,19008,210
2021-08-26,Shasta,089,179085,15532,14891,2250,17141,217
2021-08-26,Sierra,091,2930,109,90,13,103,0
2021-08-26,Siskiyou,093,43540,2510,2342,716,3058,33
2021-08-26,Solano,095,438530,41442,39027,1025,40052,286
2021-08-26,Sonoma,097,501317,37421,36102,455,36557,337
2021-08-26,Stanislaus,099,539301,66544,64785,7465,72250,1061
2021-08-26,Sutter,101,95872,11883,11499,148,11647,135
2021-08-26,Tehama,103,63373,6177,5913,859,6772,68
2021-08-26,Trinity,105,12862,620,450,157,607,3
2021-08-26,Tulare,107,460477,56263,54157,11319,65476,870
2021-08-26,Tuolumne,109,53932,5477,5387,58,5445,74
2021-08-26,Ventura,111,848112,90779,89595,3937,93532,1080
2021-08-26,Yolo,113,214977,17230,16727,800,17527,231
2021-08-26,Yuba,115,75493,8197,7834,179,8013,54
2021-08-25,Alameda,001,1643700,108739,105636,2495,108131,1296
2021-08-25,Alpine,003,1148,91,92,0,92,0
2021-08-25,Amador,005,37829,4563,4415,41,4456,53
2021-08-25,Butte,007,227075,15859,15039,2622,17661,214
2021-08-25,Calaveras,009,45235,2997,2851,20,2871,59
2021-08-25,Colusa,011,21464,2283,2227,477,2704,16
2021-08-25,Contra Costa,013,1133247,89298,85322,1777,87099,863
2021-08-25,Del Norte,015,27424,2821,2573,16,2589,8
2021-08-25,El Dorado,017,186661,13537,12787,1194,13981,118
2021-08-25,Fresno,019,978130,116867,113384,10350,123734,1761
2021-08-25,Glenn,021,27897,2842,2728,771,3499,20
2021-08-25,Humboldt,023,135768,6994,6653,216,6869,52
2021-08-25,Imperial,025,180216,30420,30085,2917,33002,748
2021-08-25,Inyo,027,18085,1537,1518,13,1531,39
2021-08-25,Kern,029,883053,108334,105687,14783,120470,1379
2021-08-25,Kings,031,150075,26567,25676,1418,27094,258
2021-08-25,Lake,033,64148,5370,5163,56,5219,74
2021-08-25,Lassen,035,31185,5747,5583,153,5736,21
2021-08-25,Los Angeles,037,10098052,1347657,1331400,50382,1381782,25170
2021-08-25,Madera,039,155013,18953,18311,1340,19651,247
2021-08-25,Marin,041,260295,16265,15938,349,16287,240
2021-08-25,Mariposa,043,17540,730,676,19,695,5
2021-08-25,Mendocino,045,87422,5799,5486,198,5684,53
2021-08-25,Merced,047,269075,35358,34600,1325,35925,492
2021-08-25,Modoc,049,8938,448,433,156,589,5
2021-08-25,Mono,051,14174,1399,1382,18,1400,3
2021-08-25,Monterey,053,433212,45876,45196,2335,47531,539
2021-08-25,Napa,055,140530,11576,11348,71,11419,87
2021-08-25,Nevada,057,99092,7428,7000,244,7244,77
2021-08-25,Orange,059,3164182,286525,282061,13290,295351,5193
2021-08-25,Placer,061,380077,30692,28740,2664,31404,319
2021-08-25,Plumas,063,18699,1017,962,16,978,5
2021-08-25,Riverside,065,2383286,330641,323548,15421,338969,4610
2021-08-25,Sacramento,067,1510023,135915,130046,2945,132991,1827
2021-08-25,San Benito,069,59416,6686,6587,133,6720,64
2021-08-25,San Bernardino,071,2135413,326030,321228,10062,331290,5337
2021-08-25,San Diego,073,3302833,333231,327166,19442,346608,3859
2021-08-25,San Francisco,075,870044,47500,46107,1975,48082,578
2021-08-25,San Joaquin,077,732212,87089,84002,4588,88590,1510
2021-08-25,San Luis Obispo,079,281455,25480,24607,970,25577,276
2021-08-25,San Mateo,081,765935,49567,48153,717,48870,553
2021-08-25,Santa Barbara,083,443738,39409,38450,1423,39873,479
2021-08-25,Santa Clara,085,1922200,134668,130995,1006,132001,1783
2021-08-25,Santa Cruz,087,273765,18429,17987,933,18920,210
2021-08-25,Shasta,089,179085,15403,14752,2218,16970,217
2021-08-25,Sierra,091,2930,106,90,13,103,0
2021-08-25,Siskiyou,093,43540,2465,2322,697,3019,33
2021-08-25,Solano,095,438530,41271,38848,1013,39861,286
2021-08-25,Sonoma,097,501317,37297,35986,452,36438,336
2021-08-25,Stanislaus,099,539301,66263,64441,7432,71873,1061
2021-08-25,Sutter,101,95872,11815,11451,144,11595,134
2021-08-25,Tehama,103,63373,6118,5861,842,6703,68
2021-08-25,Trinity,105,12862,614,450,156,606,3
2021-08-25,Tulare,107,460477,55978,53877,11249,65126,866
2021-08-25,Tuolumne,109,53932,5451,5354,58,5412,74
2021-08-25,Ventura,111,848112,90595,89379,3923,93302,1068
2021-08-25,Yolo,113,214977,17165,16667,790,17457,231
2021-08-25,Yuba,115,75493,8131,7771,178,7949,54
2021-08-24,Alameda,001,1643700,108414,105319,2485,107804,1296
2021-08-24,Alpine,003,1148,91,92,0,92,0
2021-08-24,Amador,005,37829,4544,4380,41,4421,50
2021-08-24,Butte,007,227075,15704,14964,2588,17552,214
2021-08-24,Calaveras,009,45235,2958,2811,20,2831,59
2021-08-24,Colusa,011,21464,2275,2221,473,2694,16
2021-08-24,Contra Costa,013,1133247,88936,84963,1771,86734,857
2021-08-24,Del Norte,015,27424,2794,2543,16,2559,8
2021-08-24,El Dorado,017,186661,13460,12732,1178,13910,118
2021-08-24,Fresno,019,978130,116263,113024,10290,123314,1761
2021-08-24,Glenn,021,27897,2826,2717,764,3481,20
2021-08-24,Humboldt,023,135768,6931,6585,203,6788,52
2021-08-24,Imperial,025,180216,30359,30045,2911,32956,748
2021-08-24,Inyo,027,18085,1532,1512,13,1525,39
2021-08-24,Kern,029,883053,107870,105399,14616,120015,1375
2021-08-24,Kings,031,150075,26446,25629,1402,27031,258
2021-08-24,Lake,033,64148,5335,5135,56,5191,72
2021-08-24,Lassen,035,31185,5731,5576,151,5727,21
2021-08-24,Los Angeles,037,10098052,1344793,1328777,50272,1379049,25135
2021-08-24,Madera,039,155013,18877,18251,1323,19574,247
2021-08-24,Marin,041,260295,16229,15900,345,16245,240
2021-08-24,Mariposa,043,17540,723,670,19,689,5
2021-08-24,Mendocino,045,87422,5756,5416,191,5607,52
2021-08-24,Merced,047,269075,35190,34490,1314,35804,491
2021-08-24,Modoc,049,8938,448,432,156,588,5
2021-08-24,Mono,051,14174,1397,1382,18,1400,3
2021-08-24,Monterey,053,433212,45810,45126,2317,47443,539
2021-08-24,Napa,055,140530,11543,11299,70,11369,85
2021-08-24,Nevada,057,99092,7358,6981,242,7223,77
2021-08-24,Orange,059,3164182,285926,281461,13264,294725,5187
2021-08-24,Placer,061,380077,30489,28618,2625,31243,318
2021-08-24,Plumas,063,18699,1007,953,16,969,5
2021-08-24,Riverside,065,2383286,329767,322620,15390,338010,4605
2021-08-24,Sacramento,067,1510023,135231,129542,2897,132439,1812
2021-08-24,San Benito,069,59416,6673,6576,133,6709,64
2021-08-24,San Bernardino,071,2135413,325275,320300,10032,330332,5328
2021-08-24,San Diego,073,3302833,331779,325823,19342,345165,3851
2021-08-24,San Francisco,075,870044,47325,46010,1964,47974,574
2021-08-24,San Joaquin,077,732212,86648,83684,4550,88234,1508
2021-08-24,San Luis Obispo,079,281455,25302,24443,959,25402,274
2021-08-24,San Mateo,081,765935,49418,48050,715,48765,553
2021-08-24,Santa Barbara,083,443738,39278,38307,1422,39729,478
2021-08-24,Santa Clara,085,1922200,134244,130763,1002,131765,1779
2021-08-24,Santa Cruz,087,273765,18355,17928,927,18855,209
2021-08-24,Shasta,089,179085,15295,14664,2186,16850,217
2021-08-24,Sierra,091,2930,103,90,13,103,0
2021-08-24,Siskiyou,093,43540,2443,2294,682,2976,33
2021-08-24,Solano,095,438530,41062,38724,1001,39725,283
2021-08-24,Sonoma,097,501317,37168,35849,450,36299,336
2021-08-24,Stanislaus,099,539301,65936,64195,7378,71573,1058
2021-08-24,Sutter,101,95872,11748,11384,141,11525,134
2021-08-24,Tehama,103,63373,6072,5826,828,6654,67
2021-08-24,Trinity,105,12862,603,446,148,594,3
2021-08-24,Tulare,107,460477,55626,53702,11159,64861,856
2021-08-24,Tuolumne,109,53932,5420,5287,58,5345,74
2021-08-24,Ventura,111,848112,90410,89167,3912,93079,1068
2021-08-24,Yolo,113,214977,17089,16492,777,17269,231
2021-08-24,Yuba,115,75493,8048,7723,176,7899,54
2021-08-23,Alameda,001,1643700,108003,104922,2473,107395,1294
2021-08-23,Alpine,003,1148,91,91,0,91,0
2021-08-23,Amador,005,37829,4530,4369,41,4410,50
2021-08-23,Butte,007,227075,15558,14847,2553,17400,211
2021-08-23,Calaveras,009,45235,2930,2803,20,2823,59
2021-08-23,Colusa,011,21464,2271,2206,470,2676,16
2021-08-23,Contra Costa,013,1133247,88557,84651,1764,86415,857
2021-08-23,Del Norte,015,27424,2748,2499,16,2515,8
2021-08-23,El Dorado,017,186661,13357,12684,1156,13840,118
2021-08-23,Fresno,019,978130,115703,112445,10240,122685,1759
2021-08-23,Glenn,021,27897,2810,2696,754,3450,20
2021-08-23,Humboldt,023,135768,6858,6498,188,6686,52
2021-08-23,Imperial,025,180216,30308,30011,2908,32919,748
2021-08-23,Inyo,027,18085,1525,1509,13,1522,39
2021-08-23,Kern,029,883053,107415,104995,14460,119455,1375
2021-08-23,Kings,031,150075,26315,25465,1396,26861,257
2021-08-23,Lake,033,64148,5295,5099,54,5153,69
2021-08-23,Lassen,035,31185,5719,5562,151,5713,21
2021-08-23,Los Angeles,037,10098052,1341828,1326412,50140,1376552,25096
2021-08-23,Madera,039,155013,18791,18155,1308,19463,246
2021-08-23,Marin,041,260295,16181,15856,341,16197,240
2021-08-23,Mariposa,043,17540,712,645,19,664,5
2021-08-23,Mendocino,045,87422,5689,5374,184,5558,51
2021-08-23,Merced,047,269075,35008,34322,1309,35631,488
2021-08-23,Modoc,049,8938,445,431,155,586,6
2021-08-23,Mono,051,14174,1393,1384,18,1402,3
2021-08-23,Monterey,053,433212,45709,45047,2306,47353,538
2021-08-23,Napa,055,140530,11505,11257,70,11327,85
2021-08-23,Nevada,057,99092,7277,6930,240,7170,77
2021-08-23,Orange,059,3164182,285290,280891,13229,294120,5181
2021-08-23,Placer,061,380077,30289,28540,2587,31127,314
2021-08-23,Plumas,063,18699,999,934,16,950,5
2021-08-23,Riverside,065,2383286,328855,321650,15364,337014,4598
2021-08-23,Sacramento,067,1510023,134443,128969,2830,131799,1807
2021-08-23,San Benito,069,59416,6655,6562,131,6693,64
2021-08-23,San Bernardino,071,2135413,324471,319577,9993,329570,5324
2021-08-23,San Diego,073,3302833,330335,324536,19229,343765,3848
2021-08-23,San Francisco,075,870044,47171,45945,1955,47900,573
2021-08-23,San Joaquin,077,732212,86215,83466,4516,87982,1499
2021-08-23,San Luis Obispo,079,281455,25120,24317,957,25274,274
2021-08-23,San Mateo,081,765935,49280,47935,712,48647,553
2021-08-23,Santa Barbara,083,443738,39099,38181,1420,39601,478
2021-08-23,Santa Clara,085,1922200,133844,130489,997,131486,1778
2021-08-23,Santa Cruz,087,273765,18298,17871,925,18796,209
2021-08-23,Shasta,089,179085,15169,14537,2147,16684,216
2021-08-23,Sierra,091,2930,103,90,13,103,0
2021-08-23,Siskiyou,093,43540,2422,2274,661,2935,33
2021-08-23,Solano,095,438530,40909,38612,992,39604,283
2021-08-23,Sonoma,097,501317,37048,35769,449,36218,336
2021-08-23,Stanislaus,099,539301,65603,63922,7339,71261,1058
2021-08-23,Sutter,101,95872,11659,11314,133,11447,133
2021-08-23,Tehama,103,63373,6018,5805,810,6615,67
2021-08-23,Trinity,105,12862,600,435,145,580,3
2021-08-23,Tulare,107,460477,55319,53370,11087,64457,856
2021-08-23,Tuolumne,109,53932,5378,5240,58,5298,73
2021-08-23,Ventura,111,848112,90191,88960,3900,92860,1063
2021-08-23,Yolo,113,214977,17001,16445,762,17207,226
2021-08-23,Yuba,115,75493,7977,7653,174,7827,54
2021-08-22,Alameda,001,1643700,107554,104539,2445,106984,1294
2021-08-22,Alpine,003,1148,91,91,0,91,0
2021-08-22,Amador,005,37829,4500,4349,41,4390,50
2021-08-22,Butte,007,227075,15419,14791,2517,17308,211
2021-08-22,Calaveras,009,45235,2893,2771,20,2791,59
2021-08-22,Colusa,011,21464,2263,2201,464,2665,16
2021-08-22,Contra Costa,013,1133247,88015,84371,1750,86121,857
2021-08-22,Del Norte,015,27424,2688,2455,16,2471,8
2021-08-22,El Dorado,017,186661,13253,12629,1136,13765,118
2021-08-22,Fresno,019,978130,115103,112057,10172,122229,1759
2021-08-22,Glenn,021,27897,2782,2678,741,3419,20
2021-08-22,Humboldt,023,135768,6780,6483,170,6653,52
2021-08-22,Imperial,025,180216,30250,29993,2903,32896,748
2021-08-22,Inyo,027,18085,1519,1505,13,1518,39
2021-08-22,Kern,029,883053,106890,104691,14305,118996,1375
2021-08-22,Kings,031,150075,26157,25391,1379,26770,257
2021-08-22,Lake,033,64148,5249,5069,51,5120,69
2021-08-22,Lassen,035,31185,5687,5556,147,5703,21
2021-08-22,Los Angeles,037,10098052,1338520,1324151,50005,1374156,25089
2021-08-22,Madera,039,155013,18672,18120,1293,19413,246
2021-08-22,Marin,041,260295,16129,15822,333,16155,240
2021-08-22,Mariposa,043,17540,702,638,17,655,5
2021-08-22,Mendocino,045,87422,5630,5336,184,5520,51
2021-08-22,Merced,047,269075,34805,34234,1296,35530,488
2021-08-22,Modoc,049,8938,443,431,155,586,6
2021-08-22,Mono,051,14174,1391,1378,18,1396,3
2021-08-22,Monterey,053,433212,45609,45017,2292,47309,538
2021-08-22,Napa,055,140530,11460,11231,70,11301,85
2021-08-22,Nevada,057,99092,7203,6864,238,7102,77
2021-08-22,Orange,059,3164182,284599,280390,13184,293574,5181
2021-08-22,Placer,061,380077,30080,28395,2551,30946,314
2021-08-22,Plumas,063,18699,980,923,15,938,5
2021-08-22,Riverside,065,2383286,327834,320836,15315,336151,4594
2021-08-22,Sacramento,067,1510023,133668,128231,2790,131021,1802
2021-08-22,San Benito,069,59416,6638,6550,131,6681,64
2021-08-22,San Bernardino,071,2135413,323502,318839,9958,328797,5324
2021-08-22,San Diego,073,3302833,329013,323591,19125,342716,3848
2021-08-22,San Francisco,075,870044,47005,45831,1945,47776,573
2021-08-22,San Joaquin,077,732212,85757,83121,4481,87602,1498
2021-08-22,San Luis Obispo,079,281455,24914,24250,950,25200,274
2021-08-22,San Mateo,081,765935,49104,47821,707,48528,553
2021-08-22,Santa Barbara,083,443738,38916,38099,1412,39511,478
2021-08-22,Santa Clara,085,1922200,133427,130189,990,131179,1778
2021-08-22,Santa Cruz,087,273765,18239,17823,920,18743,209
2021-08-22,Shasta,089,179085,15032,14478,2111,16589,216
2021-08-22,Sierra,091,2930,103,87,13,100,0
2021-08-22,Siskiyou,093,43540,2393,2261,643,2904,33
2021-08-22,Solano,095,438530,40710,38489,979,39468,283
2021-08-22,Sonoma,097,501317,36892,35676,446,36122,336
2021-08-22,Stanislaus,099,539301,65252,63683,7249,70932,1058
2021-08-22,Sutter,101,95872,11577,11251,129,11380,133
2021-08-22,Tehama,103,63373,5972,5791,791,6582,67
2021-08-22,Trinity,105,12862,593,433,143,576,3
2021-08-22,Tulare,107,460477,54999,53220,11002,64222,856
2021-08-22,Tuolumne,109,53932,5335,5214,58,5272,73
2021-08-22,Ventura,111,848112,89982,88791,3883,92674,1063
2021-08-22,Yolo,113,214977,16899,16374,753,17127,226
2021-08-22,Yuba,115,75493,7904,7626,173,7799,54
2021-08-21,Alameda,001,1643700,107350,104281,2438,106719,1294
2021-08-21,Alpine,003,1148,91,91,0,91,0
2021-08-21,Amador,005,37829,4490,4338,39,4377,50
2021-08-21,Butte,007,227075,15351,14714,2496,17210,211
2021-08-21,Calaveras,009,45235,2877,2744,20,2764,59
2021-08-21,Colusa,011,21464,2257,2192,460,2652,16
2021-08-21,Contra Costa,013,1133247,87756,84136,1742,85878,857
2021-08-21,Del Norte,015,27424,2665,2409,16,2425,8
2021-08-21,El Dorado,017,186661,13209,12590,1132,13722,118
2021-08-21,Fresno,019,978130,114904,111765,10159,121924,1759
2021-08-21,Glenn,021,27897,2769,2654,733,3387,20
2021-08-21,Humboldt,023,135768,6742,6446,164,6610,52
2021-08-21,Imperial,025,180216,30207,29976,2900,32876,748
2021-08-21,Inyo,027,18085,1516,1500,13,1513,39
2021-08-21,Kern,029,883053,106634,104443,14181,118624,1375
2021-08-21,Kings,031,150075,26086,25313,1374,26687,257
2021-08-21,Lake,033,64148,5229,5055,49,5104,69
2021-08-21,Lassen,035,31185,5673,5553,147,5700,21
2021-08-21,Los Angeles,037,10098052,1337220,1321308,49910,1371218,25080
2021-08-21,Madera,039,155013,18634,18067,1287,19354,246
2021-08-21,Marin,041,260295,16095,15775,331,16106,240
2021-08-21,Mariposa,043,17540,692,634,17,651,5
2021-08-21,Mendocino,045,87422,5584,5307,183,5490,51
2021-08-21,Merced,047,269075,34700,34148,1291,35439,488
2021-08-21,Modoc,049,8938,443,430,155,585,6
2021-08-21,Mono,051,14174,1391,1378,18,1396,3
2021-08-21,Monterey,053,433212,45562,44969,2285,47254,538
2021-08-21,Napa,055,140530,11425,11211,70,11281,85
2021-08-21,Nevada,057,99092,7159,6810,237,7047,77
2021-08-21,Orange,059,3164182,284148,279855,13150,293005,5181
2021-08-21,Placer,061,380077,29942,28289,2526,30815,314
2021-08-21,Plumas,063,18699,976,916,14,930,5
2021-08-21,Riverside,065,2383286,327253,320086,15302,335388,4594
2021-08-21,Sacramento,067,1510023,133173,127751,2778,130529,1809
2021-08-21,San Benito,069,59416,6628,6542,130,6672,64
2021-08-21,San Bernardino,071,2135413,323051,318293,9937,328230,5324
2021-08-21,San Diego,073,3302833,328351,322620,19082,341702,3848
2021-08-21,San Francisco,075,870044,46903,45637,1938,47575,573
2021-08-21,San Joaquin,077,732212,85540,82825,4466,87291,1498
2021-08-21,San Luis Obispo,079,281455,24856,24169,950,25119,273
2021-08-21,San Mateo,081,765935,49009,47685,707,48392,553
2021-08-21,Santa Barbara,083,443738,38834,37951,1408,39359,478
2021-08-21,Santa Clara,085,1922200,133162,129911,986,130897,1778
2021-08-21,Santa Cruz,087,273765,18203,17763,915,18678,209
2021-08-21,Shasta,089,179085,14958,14417,2097,16514,217
2021-08-21,Sierra,091,2930,98,85,13,98,0
2021-08-21,Siskiyou,093,43540,2379,2246,632,2878,33
2021-08-21,Solano,095,438530,40599,38423,969,39392,281
2021-08-21,Sonoma,097,501317,36805,35582,445,36027,336
2021-08-21,Stanislaus,099,539301,65070,63512,7231,70743,1058
2021-08-21,Sutter,101,95872,11532,11204,127,11331,133
2021-08-21,Tehama,103,63373,5947,5757,784,6541,67
2021-08-21,Trinity,105,12862,588,431,141,572,3
2021-08-21,Tulare,107,460477,54856,53045,10958,64003,857
2021-08-21,Tuolumne,109,53932,5304,5193,58,5251,73
2021-08-21,Ventura,111,848112,89838,88558,3868,92426,1063
2021-08-21,Yolo,113,214977,16852,16322,747,17069,226
2021-08-21,Yuba,115,75493,7858,7580,172,7752,54
2021-08-20,Alameda,001,1643700,107108,103812,2430,106242,1294
2021-08-20,Alpine,003,1148,91,91,0,91,0
2021-08-20,Amador,005,37829,4464,4323,39,4362,50
2021-08-20,Butte,007,227075,15278,14617,2474,17091,211
2021-08-20,Calaveras,009,45235,2856,2717,20,2737,59
2021-08-20,Colusa,011,21464,2252,2178,458,2636,16
2021-08-20,Contra Costa,013,1133247,87479,83721,1735,85456,857
2021-08-20,Del Norte,015,27424,2633,2316,16,2332,8
2021-08-20,El Dorado,017,186661,13171,12495,1124,13619,118
2021-08-20,Fresno,019,978130,114551,111315,10126,121441,1759
2021-08-20,Glenn,021,27897,2762,2642,723,3365,20
2021-08-20,Humboldt,023,135768,6690,6349,159,6508,52
2021-08-20,Imperial,025,180216,30184,29934,2900,32834,747
2021-08-20,Inyo,027,18085,1510,1495,13,1508,39
2021-08-20,Kern,029,883053,106350,104048,14053,118101,1373
2021-08-20,Kings,031,150075,26020,25241,1372,26613,256
2021-08-20,Lake,033,64148,5214,5024,46,5070,69
2021-08-20,Lassen,035,31185,5653,5539,147,5686,21
2021-08-20,Los Angeles,037,10098052,1335344,1317541,49807,1367348,25049
2021-08-20,Madera,039,155013,18585,18018,1272,19290,246
2021-08-20,Marin,041,260295,16077,15727,327,16054,240
2021-08-20,Mariposa,043,17540,687,630,17,647,5
2021-08-20,Mendocino,045,87422,5538,5241,182,5423,51
2021-08-20,Merced,047,269075,34636,34035,1281,35316,486
2021-08-20,Modoc,049,8938,443,429,155,584,6
2021-08-20,Mono,051,14174,1390,1368,18,1386,3
2021-08-20,Monterey,053,433212,45524,44890,2278,47168,538
2021-08-20,Napa,055,140530,11393,11152,70,11222,83
2021-08-20,Nevada,057,99092,7116,6753,231,6984,77
2021-08-20,Orange,059,3164182,283703,279193,13129,292322,5179
2021-08-20,Placer,061,380077,29847,28156,2497,30653,313
2021-08-20,Plumas,063,18699,967,908,14,922,5
2021-08-20,Riverside,065,2383286,326557,319072,15271,334343,4594
2021-08-20,Sacramento,067,1510023,132698,127226,2761,129987,1797
2021-08-20,San Benito,069,59416,6614,6508,130,6638,64
2021-08-20,San Bernardino,071,2135413,322438,317372,9908,327280,5322
2021-08-20,San Diego,073,3302833,327441,321102,19013,340115,3846
2021-08-20,San Francisco,075,870044,46806,45432,1923,47355,573
2021-08-20,San Joaquin,077,732212,85310,82419,4448,86867,1496
2021-08-20,San Luis Obispo,079,281455,24778,23986,946,24932,273
2021-08-20,San Mateo,081,765935,48896,47561,704,48265,551
2021-08-20,Santa Barbara,083,443738,38749,37794,1403,39197,477
2021-08-20,Santa Clara,085,1922200,132879,129510,981,130491,1774
2021-08-20,Santa Cruz,087,273765,18163,17701,912,18613,209
2021-08-20,Shasta,089,179085,14879,14277,2078,16355,215
2021-08-20,Sierra,091,2930,97,83,13,96,0
2021-08-20,Siskiyou,093,43540,2363,2226,627,2853,33
2021-08-20,Solano,095,438530,40459,38214,958,39172,277
2021-08-20,Sonoma,097,501317,36737,35416,444,35860,336
2021-08-20,Stanislaus,099,539301,64881,63219,7207,70426,1047
2021-08-20,Sutter,101,95872,11476,11136,126,11262,133
2021-08-20,Tehama,103,63373,5931,5730,772,6502,66
2021-08-20,Trinity,105,12862,588,422,140,562,3
2021-08-20,Tulare,107,460477,54726,52855,10915,63770,856
2021-08-20,Tuolumne,109,53932,5280,5153,57,5210,73
2021-08-20,Ventura,111,848112,89672,88285,3865,92150,1061
2021-08-20,Yolo,113,214977,16798,16236,741,16977,225
2021-08-20,Yuba,115,75493,7817,7523,172,7695,54
2021-08-19,Alameda,001,1643700,106660,103276,2408,105684,1294
2021-08-19,Alpine,003,1148,91,91,0,91,0
2021-08-19,Amador,005,37829,4457,4317,39,4356,50
2021-08-19,Butte,007,227075,15143,14518,2445,16963,211
2021-08-19,Calaveras,009,45235,2836,2673,20,2693,59
2021-08-19,Colusa,011,21464,2243,2167,454,2621,16
2021-08-19,Contra Costa,013,1133247,87038,83296,1721,85017,852
2021-08-19,Del Norte,015,27424,2583,2257,16,2273,8
2021-08-19,El Dorado,017,186661,13086,12410,1104,13514,118
2021-08-19,Fresno,019,978130,114112,110947,10071,121018,1759
2021-08-19,Glenn,021,27897,2744,2629,716,3345,20
2021-08-19,Humboldt,023,135768,6629,6246,153,6399,52
2021-08-19,Imperial,025,180216,30138,29865,2895,32760,747
2021-08-19,Inyo,027,18085,1503,1494,13,1507,39
2021-08-19,Kern,029,883053,105954,103731,13912,117643,1371
2021-08-19,Kings,031,150075,25889,25128,1360,26488,256
2021-08-19,Lake,033,64148,5184,4991,42,5033,69
2021-08-19,Lassen,035,31185,5635,5520,146,5666,21
2021-08-19,Los Angeles,037,10098052,1332364,1314453,49664,1364117,25020
2021-08-19,Madera,039,155013,18523,17947,1257,19204,246
2021-08-19,Marin,041,260295,16044,15672,324,15996,240
2021-08-19,Mariposa,043,17540,672,618,17,635,5
2021-08-19,Mendocino,045,87422,5505,5167,179,5346,51
2021-08-19,Merced,047,269075,34501,33851,1268,35119,486
2021-08-19,Modoc,049,8938,443,427,155,582,6
2021-08-19,Mono,051,14174,1386,1349,18,1367,3
2021-08-19,Monterey,053,433212,45451,44821,2268,47089,538
2021-08-19,Napa,055,140530,11341,11104,70,11174,83
2021-08-19,Nevada,057,99092,7052,6695,229,6924,77
2021-08-19,Orange,059,3164182,283068,278562,13078,291640,5172
2021-08-19,Placer,061,380077,29667,27953,2479,30432,313
2021-08-19,Plumas,063,18699,954,896,14,910,5
2021-08-19,Riverside,065,2383286,325529,318056,15242,333298,4589
2021-08-19,Sacramento,067,1510023,131994,126720,2725,129445,1801
2021-08-19,San Benito,069,59416,6596,6493,128,6621,64
2021-08-19,San Bernardino,071,2135413,321616,316398,9885,326283,5318
2021-08-19,San Diego,073,3302833,326184,319582,18922,338504,3839
2021-08-19,San Francisco,075,870044,46643,45220,1910,47130,571
2021-08-19,San Joaquin,077,732212,84865,82047,4397,86444,1491
2021-08-19,San Luis Obispo,079,281455,24640,23878,939,24817,271
2021-08-19,San Mateo,081,765935,48764,47431,702,48133,551
2021-08-19,Santa Barbara,083,443738,38604,37693,1400,39093,477
2021-08-19,Santa Clara,085,1922200,132489,129133,974,130107,1774
2021-08-19,Santa Cruz,087,273765,18101,17644,905,18549,209
2021-08-19,Shasta,089,179085,14755,14200,2055,16255,214
2021-08-19,Sierra,091,2930,93,83,13,96,0
2021-08-19,Siskiyou,093,43540,2348,2218,615,2833,33
2021-08-19,Solano,095,438530,40301,38025,946,38971,273
2021-08-19,Sonoma,097,501317,36649,35233,443,35676,336
2021-08-19,Stanislaus,099,539301,64539,62928,7163,70091,1047
2021-08-19,Sutter,101,95872,11392,11057,125,11182,133
2021-08-19,Tehama,103,63373,5895,5683,745,6428,66
2021-08-19,Trinity,105,12862,584,414,138,552,3
2021-08-19,Tulare,107,460477,54494,52685,10851,63536,856
2021-08-19,Tuolumne,109,53932,5244,5112,56,5168,64
2021-08-19,Ventura,111,848112,89469,88073,3850,91923,1060
2021-08-19,Yolo,113,214977,16713,16153,733,16886,225
2021-08-19,Yuba,115,75493,7764,7458,171,7629,51
2021-08-18,Alameda,001,1643700,106246,102696,2386,105082,1294
2021-08-18,Alpine,003,1148,90,91,0,91,0
2021-08-18,Amador,005,37829,4440,4279,38,4317,50
2021-08-18,Butte,007,227075,15033,14426,2419,16845,208
2021-08-18,Calaveras,009,45235,2799,2643,19,2662,59
2021-08-18,Colusa,011,21464,2235,2160,450,2610,16
2021-08-18,Contra Costa,013,1133247,86538,82767,1715,84482,851
2021-08-18,Del Norte,015,27424,2526,2219,16,2235,8
2021-08-18,El Dorado,017,186661,12996,12306,1090,13396,118
2021-08-18,Fresno,019,978130,113658,110523,10009,120532,1759
2021-08-18,Glenn,021,27897,2712,2623,708,3331,20
2021-08-18,Humboldt,023,135768,6557,6195,148,6343,52
2021-08-18,Imperial,025,180216,30105,29821,2893,32714,746
2021-08-18,Inyo,027,18085,1500,1494,13,1507,39
2021-08-18,Kern,029,883053,105607,103440,13817,117257,1370
2021-08-18,Kings,031,150075,25780,24984,1352,26336,256
2021-08-18,Lake,033,64148,5143,4957,41,4998,69
2021-08-18,Lassen,035,31185,5616,5506,145,5651,21
2021-08-18,Los Angeles,037,10098052,1329215,1311477,49531,1361008,24984
2021-08-18,Madera,039,155013,18463,17871,1244,19115,246
2021-08-18,Marin,041,260295,16006,15610,321,15931,240
2021-08-18,Mariposa,043,17540,659,615,16,631,5
2021-08-18,Mendocino,045,87422,5454,5129,176,5305,51
2021-08-18,Merced,047,269075,34336,33708,1257,34965,484
2021-08-18,Modoc,049,8938,443,427,154,581,6
2021-08-18,Mono,051,14174,1383,1344,18,1362,3
2021-08-18,Monterey,053,433212,45367,44735,2250,46985,532
2021-08-18,Napa,055,140530,11302,11060,69,11129,83
2021-08-18,Nevada,057,99092,6986,6633,229,6862,76
2021-08-18,Orange,059,3164182,282430,277795,13023,290818,5168
2021-08-18,Placer,061,380077,29441,27741,2451,30192,312
2021-08-18,Plumas,063,18699,945,874,14,888,5
2021-08-18,Riverside,065,2383286,324529,317107,15208,332315,4585
2021-08-18,Sacramento,067,1510023,131234,125599,2694,128293,1781
2021-08-18,San Benito,069,59416,6585,6481,127,6608,64
2021-08-18,San Bernardino,071,2135413,320815,315477,9866,325343,5304
2021-08-18,San Diego,073,3302833,324842,318152,18856,337008,3834
2021-08-18,San Francisco,075,870044,46440,44957,1900,46857,568
2021-08-18,San Joaquin,077,732212,84412,81601,4366,85967,1491
2021-08-18,San Luis Obispo,079,281455,24490,23726,926,24652,270
2021-08-18,San Mateo,081,765935,48598,47255,701,47956,551
2021-08-18,Santa Barbara,083,443738,38472,37599,1394,38993,475
2021-08-18,Santa Clara,085,1922200,132126,128563,971,129534,1773
2021-08-18,Santa Cruz,087,273765,18046,17566,901,18467,209
2021-08-18,Shasta,089,179085,14656,14087,2036,16123,213
2021-08-18,Sierra,091,2930,92,83,13,96,0
2021-08-18,Siskiyou,093,43540,2319,2204,603,2807,33
2021-08-18,Solano,095,438530,40095,37812,931,38743,271
2021-08-18,Sonoma,097,501317,36505,35063,442,35505,333
2021-08-18,Stanislaus,099,539301,64208,62613,7119,69732,1047
2021-08-18,Sutter,101,95872,11320,11004,120,11124,130
2021-08-18,Tehama,103,63373,5860,5653,735,6388,66
2021-08-18,Trinity,105,12862,577,409,135,544,3
2021-08-18,Tulare,107,460477,54254,52486,10782,63268,856
2021-08-18,Tuolumne,109,53932,5208,5081,54,5135,64
2021-08-18,Ventura,111,848112,89236,87835,3840,91675,1055
2021-08-18,Yolo,113,214977,16630,16047,714,16761,225
2021-08-18,Yuba,115,75493,7699,7391,171,7562,51
2021-08-17,Alameda,001,1643700,105847,102379,2371,104750,1290
2021-08-17,Alpine,003,1148,90,91,0,91,0
2021-08-17,Amador,005,37829,4411,4266,38,4304,50
2021-08-17,Butte,007,227075,14926,14357,2385,16742,206
2021-08-17,Calaveras,009,45235,2765,2624,19,2643,59
2021-08-17,Colusa,011,21464,2226,2156,446,2602,16
2021-08-17,Contra Costa,013,1133247,86092,82482,1704,84186,848
2021-08-17,Del Norte,015,27424,2472,2188,16,2204,8
2021-08-17,El Dorado,017,186661,12908,12242,1076,13318,118
2021-08-17,Fresno,019,978130,113175,110263,9944,120207,1755
2021-08-17,Glenn,021,27897,2698,2608,699,3307,20
2021-08-17,Humboldt,023,135768,6477,6155,146,6301,52
2021-08-17,Imperial,025,180216,30054,29768,2889,32657,746
2021-08-17,Inyo,027,18085,1497,1492,13,1505,39
2021-08-17,Kern,029,883053,105212,103048,13693,116741,1367
2021-08-17,Kings,031,150075,25674,24930,1341,26271,254
2021-08-17,Lake,033,64148,5100,4930,35,4965,68
2021-08-17,Lassen,035,31185,5599,5499,143,5642,21
2021-08-17,Los Angeles,037,10098052,1325665,1307999,49399,1357398,24952
2021-08-17,Madera,039,155013,18389,17838,1224,19062,246
2021-08-17,Marin,041,260295,15950,15570,321,15891,240
2021-08-17,Mariposa,043,17540,651,609,15,624,5
2021-08-17,Mendocino,045,87422,5399,5097,176,5273,51
2021-08-17,Merced,047,269075,34186,33508,1247,34755,482
2021-08-17,Modoc,049,8938,440,424,152,576,6
2021-08-17,Mono,051,14174,1378,1341,18,1359,3
2021-08-17,Monterey,053,433212,45284,44672,2240,46912,528
2021-08-17,Napa,055,140530,11261,11007,68,11075,83
2021-08-17,Nevada,057,99092,6911,6605,227,6832,75
2021-08-17,Orange,059,3164182,281782,277121,12987,290108,5164
2021-08-17,Placer,061,380077,29226,27634,2422,30056,312
2021-08-17,Plumas,063,18699,933,860,14,874,5
2021-08-17,Riverside,065,2383286,323517,316051,15165,331216,4582
2021-08-17,Sacramento,067,1510023,130441,125151,2651,127802,1774
2021-08-17,San Benito,069,59416,6566,6470,127,6597,64
2021-08-17,San Bernardino,071,2135413,319879,314402,9826,324228,5302
2021-08-17,San Diego,073,3302833,323230,317058,18759,335817,3824
2021-08-17,San Francisco,075,870044,46240,44820,1894,46714,567
2021-08-17,San Joaquin,077,732212,83943,81300,4333,85633,1489
2021-08-17,San Luis Obispo,079,281455,24334,23556,923,24479,268
2021-08-17,San Mateo,081,765935,48443,47127,696,47823,551
2021-08-17,Santa Barbara,083,443738,38312,37478,1387,38865,475
2021-08-17,Santa Clara,085,1922200,131723,128354,964,129318,1773
2021-08-17,Santa Cruz,087,273765,17960,17528,900,18428,209
2021-08-17,Shasta,089,179085,14525,14012,2017,16029,214
2021-08-17,Sierra,091,2930,91,82,13,95,0
2021-08-17,Siskiyou,093,43540,2303,2183,590,2773,33
2021-08-17,Solano,095,438530,39866,37662,918,38580,269
2021-08-17,Sonoma,097,501317,36357,34943,438,35381,333
2021-08-17,Stanislaus,099,539301,63871,62385,7059,69444,1047
2021-08-17,Sutter,101,95872,11248,10973,120,11093,130
2021-08-17,Tehama,103,63373,5826,5612,713,6325,66
2021-08-17,Trinity,105,12862,572,406,132,538,3
2021-08-17,Tulare,107,460477,53986,52362,10715,63077,856
2021-08-17,Tuolumne,109,53932,5165,5042,53,5095,64
2021-08-17,Ventura,111,848112,88998,87601,3819,91420,1053
2021-08-17,Yolo,113,214977,16541,15975,700,16675,225
2021-08-17,Yuba,115,75493,7628,7355,171,7526,51
2021-08-16,Alameda,001,1643700,105348,102052,2362,104414,1287
2021-08-16,Alpine,003,1148,90,91,0,91,0
2021-08-16,Amador,005,37829,4401,4235,38,4273,50
2021-08-16,Butte,007,227075,14808,14283,2351,16634,206
2021-08-16,Calaveras,009,45235,2705,2609,18,2627,57
2021-08-16,Colusa,011,21464,2215,2147,442,2589,16
2021-08-16,Contra Costa,013,1133247,85549,82070,1694,83764,848
2021-08-16,Del Norte,015,27424,2395,2125,16,2141,8
2021-08-16,El Dorado,017,186661,12806,12139,1063,13202,118
2021-08-16,Fresno,019,978130,112674,109623,9891,119514,1753
2021-08-16,Glenn,021,27897,2679,2593,693,3286,20
2021-08-16,Humboldt,023,135768,6406,6064,125,6189,52
2021-08-16,Imperial,025,180216,30013,29737,2874,32611,746
2021-08-16,Inyo,027,18085,1494,1490,13,1503,39
2021-08-16,Kern,029,883053,104837,102690,13577,116267,1367
2021-08-16,Kings,031,150075,25571,24817,1331,26148,254
2021-08-16,Lake,033,64148,5073,4898,34,4932,68
2021-08-16,Lassen,035,31185,5583,5481,135,5616,21
2021-08-16,Los Angeles,037,10098052,1322284,1305330,49252,1354582,24923
2021-08-16,Madera,039,155013,18314,17756,1203,18959,246
2021-08-16,Marin,041,260295,15891,15497,319,15816,239
2021-08-16,Mariposa,043,17540,634,597,15,612,5
2021-08-16,Mendocino,045,87422,5343,5037,174,5211,49
2021-08-16,Merced,047,269075,33985,33364,1234,34598,481
2021-08-16,Modoc,049,8938,438,421,151,572,5
2021-08-16,Mono,051,14174,1373,1339,18,1357,3
2021-08-16,Monterey,053,433212,45205,44595,2228,46823,527
2021-08-16,Napa,055,140530,11232,10946,68,11014,83
2021-08-16,Nevada,057,99092,6856,6535,226,6761,74
2021-08-16,Orange,059,3164182,280989,275985,12942,288927,5161
2021-08-16,Placer,061,380077,29043,27384,2389,29773,306
2021-08-16,Plumas,063,18699,922,851,14,865,5
2021-08-16,Riverside,065,2383286,322426,314774,15128,329902,4582
2021-08-16,Sacramento,067,1510023,129631,124554,2608,127162,1762
2021-08-16,San Benito,069,59416,6542,6452,127,6579,64
2021-08-16,San Bernardino,071,2135413,318916,313617,9799,323416,5301
2021-08-16,San Diego,073,3302833,321633,315348,18619,333967,3824
2021-08-16,San Francisco,075,870044,46037,44681,1885,46566,567
2021-08-16,San Joaquin,077,732212,83440,81087,4306,85393,1488
2021-08-16,San Luis Obispo,079,281455,24184,23452,915,24367,265
2021-08-16,San Mateo,081,765935,48260,47024,689,47713,548
2021-08-16,Santa Barbara,083,443738,38142,37358,1382,38740,475
2021-08-16,Santa Clara,085,1922200,131258,127978,960,128938,1773
2021-08-16,Santa Cruz,087,273765,17898,17491,894,18385,209
2021-08-16,Shasta,089,179085,14436,13862,2001,15863,211
2021-08-16,Sierra,091,2930,88,82,13,95,0
2021-08-16,Siskiyou,093,43540,2286,2169,570,2739,33
2021-08-16,Solano,095,438530,39585,37436,904,38340,263
2021-08-16,Sonoma,097,501317,36188,34844,436,35280,333
2021-08-16,Stanislaus,099,539301,63532,62033,7007,69040,1039
2021-08-16,Sutter,101,95872,11179,10902,119,11021,130
2021-08-16,Tehama,103,63373,5763,5565,708,6273,66
2021-08-16,Trinity,105,12862,566,400,131,531,3
2021-08-16,Tulare,107,460477,53743,52162,10645,62807,856
2021-08-16,Tuolumne,109,53932,5126,4984,52,5036,64
2021-08-16,Ventura,111,848112,88753,86954,3801,90755,1052
2021-08-16,Yolo,113,214977,16440,15922,692,16614,225
2021-08-16,Yuba,115,75493,7544,7314,170,7484,51
2021-08-15,Alameda,001,1643700,104853,101660,2345,104005,1287
2021-08-15,Alpine,003,1148,90,91,0,91,0
2021-08-15,Amador,005,37829,4373,4231,38,4269,49
2021-08-15,Butte,007,227075,14682,14263,2327,16590,206
2021-08-15,Calaveras,009,45235,2662,2599,18,2617,57
2021-08-15,Colusa,011,21464,2203,2140,432,2572,16
2021-08-15,Contra Costa,013,1133247,85066,81781,1679,83460,848
2021-08-15,Del Norte,015,27424,2328,2060,16,2076,8
2021-08-15,El Dorado,017,186661,12671,12057,1046,13103,118
2021-08-15,Fresno,019,978130,112196,109382,9826,119208,1753
2021-08-15,Glenn,021,27897,2656,2592,681,3273,20
2021-08-15,Humboldt,023,135768,6332,6024,119,6143,52
2021-08-15,Imperial,025,180216,29947,29711,2870,32581,746
2021-08-15,Inyo,027,18085,1493,1489,13,1502,39
2021-08-15,Kern,029,883053,104393,102524,13464,115988,1367
2021-08-15,Kings,031,150075,25426,24736,1321,26057,254
2021-08-15,Lake,033,64148,5014,4886,33,4919,68
2021-08-15,Lassen,035,31185,5566,5482,134,5616,21
2021-08-15,Los Angeles,037,10098052,1318752,1302882,49079,1351961,24918
2021-08-15,Madera,039,155013,18226,17714,1187,18901,246
2021-08-15,Marin,041,260295,15832,15461,317,15778,239
2021-08-15,Mariposa,043,17540,627,591,14,605,5
2021-08-15,Mendocino,045,87422,5287,5022,168,5190,49
2021-08-15,Merced,047,269075,33740,33305,1223,34528,481
2021-08-15,Modoc,049,8938,436,421,151,572,5
2021-08-15,Mono,051,14174,1369,1334,18,1352,3
2021-08-15,Monterey,053,433212,45083,44567,2206,46773,527
2021-08-15,Napa,055,140530,11177,10919,68,10987,83
2021-08-15,Nevada,057,99092,6771,6486,226,6712,74
2021-08-15,Orange,059,3164182,280218,275447,12901,288348,5161
2021-08-15,Placer,061,380077,28821,27220,2341,29561,306
2021-08-15,Plumas,063,18699,910,850,14,864,5
2021-08-15,Riverside,065,2383286,321287,314133,15100,329233,4582
2021-08-15,Sacramento,067,1510023,128814,123924,2576,126500,1761
2021-08-15,San Benito,069,59416,6524,6446,126,6572,64
2021-08-15,San Bernardino,071,2135413,317842,313120,9767,322887,5301
2021-08-15,San Diego,073,3302833,320164,314247,18491,332738,3824
2021-08-15,San Francisco,075,870044,45812,44531,1868,46399,567
2021-08-15,San Joaquin,077,732212,82951,80832,4266,85098,1488
2021-08-15,San Luis Obispo,079,281455,23987,23404,905,24309,265
2021-08-15,San Mateo,081,765935,48071,46897,683,47580,548
2021-08-15,Santa Barbara,083,443738,37971,37276,1375,38651,475
2021-08-15,Santa Clara,085,1922200,130825,127715,954,128669,1773
2021-08-15,Santa Cruz,087,273765,17828,17440,887,18327,209
2021-08-15,Shasta,089,179085,14333,13835,1976,15811,211
2021-08-15,Sierra,091,2930,87,82,12,94,0
2021-08-15,Siskiyou,093,43540,2265,2169,556,2725,33
2021-08-15,Solano,095,438530,39329,37320,893,38213,263
2021-08-15,Sonoma,097,501317,35992,34706,428,35134,333
2021-08-15,Stanislaus,099,539301,63164,61795,6929,68724,1039
2021-08-15,Sutter,101,95872,11088,10863,119,10982,130
2021-08-15,Tehama,103,63373,5715,5550,702,6252,66
2021-08-15,Trinity,105,12862,562,400,130,530,3
2021-08-15,Tulare,107,460477,53486,52046,10585,62631,856
2021-08-15,Tuolumne,109,53932,5088,4934,50,4984,64
2021-08-15,Ventura,111,848112,88448,86797,3787,90584,1052
2021-08-15,Yolo,113,214977,16343,15873,682,16555,225
2021-08-15,Yuba,115,75493,7467,7265,169,7434,51
2021-08-14,Alameda,001,1643700,104636,101305,2341,103646,1287
2021-08-14,Alpine,003,1148,90,91,0,91,0
2021-08-14,Amador,005,37829,4355,4206,38,4244,49
2021-08-14,Butte,007,227075,14645,14192,2311,16503,206
2021-08-14,Calaveras,009,45235,2655,2579,18,2597,57
2021-08-14,Colusa,011,21464,2192,2134,428,2562,16
2021-08-14,Contra Costa,013,1133247,84818,81458,1671,83129,848
2021-08-14,Del Norte,015,27424,2301,2015,16,2031,8
2021-08-14,El Dorado,017,186661,12635,12019,1038,13057,118
2021-08-14,Fresno,019,978130,112036,109056,9797,118853,1753
2021-08-14,Glenn,021,27897,2645,2583,678,3261,20
2021-08-14,Humboldt,023,135768,6278,5998,115,6113,52
2021-08-14,Imperial,025,180216,29920,29671,2870,32541,746
2021-08-14,Inyo,027,18085,1491,1487,13,1500,39
2021-08-14,Kern,029,883053,104198,102306,13368,115674,1367
2021-08-14,Kings,031,150075,25328,24647,1312,25959,254
2021-08-14,Lake,033,64148,4997,4850,32,4882,68
2021-08-14,Lassen,035,31185,5559,5475,133,5608,21
2021-08-14,Los Angeles,037,10098052,1316981,1299346,48938,1348284,24911
2021-08-14,Madera,039,155013,18179,17691,1182,18873,246
2021-08-14,Marin,041,260295,15798,15441,317,15758,239
2021-08-14,Mariposa,043,17540,623,584,14,598,5
2021-08-14,Mendocino,045,87422,5251,4977,165,5142,49
2021-08-14,Merced,047,269075,33676,33234,1217,34451,481
2021-08-14,Modoc,049,8938,436,421,151,572,5
2021-08-14,Mono,051,14174,1364,1332,18,1350,3
2021-08-14,Monterey,053,433212,45039,44514,2203,46717,527
2021-08-14,Napa,055,140530,11147,10878,67,10945,83
2021-08-14,Nevada,057,99092,6736,6419,225,6644,74
2021-08-14,Orange,059,3164182,279784,274732,12873,287605,5161
2021-08-14,Placer,061,380077,28675,27115,2317,29432,306
2021-08-14,Plumas,063,18699,900,849,14,863,5
2021-08-14,Riverside,065,2383286,320572,313264,15079,328343,4582
2021-08-14,Sacramento,067,1510023,128320,123438,2558,125996,1758
2021-08-14,San Benito,069,59416,6511,6428,126,6554,64
2021-08-14,San Bernardino,071,2135413,317293,312142,9746,321888,5301
2021-08-14,San Diego,073,3302833,319493,313589,18423,332012,3824
2021-08-14,San Francisco,075,870044,45682,44353,1849,46202,567
2021-08-14,San Joaquin,077,732212,82735,80585,4251,84836,1488
2021-08-14,San Luis Obispo,079,281455,23926,23328,902,24230,265
2021-08-14,San Mateo,081,765935,47953,46792,679,47471,548
2021-08-14,Santa Barbara,083,443738,37876,37118,1372,38490,475
2021-08-14,Santa Clara,085,1922200,130546,127432,951,128383,1772
2021-08-14,Santa Cruz,087,273765,17789,17384,886,18270,209
2021-08-14,Shasta,089,179085,14258,13813,1955,15768,211
2021-08-14,Sierra,091,2930,86,81,12,93,0
2021-08-14,Siskiyou,093,43540,2255,2160,546,2706,33
2021-08-14,Solano,095,438530,39242,37237,881,38118,263
2021-08-14,Sonoma,097,501317,35869,34606,426,35032,333
2021-08-14,Stanislaus,099,539301,62990,61564,6884,68448,1039
2021-08-14,Sutter,101,95872,11043,10808,118,10926,130
2021-08-14,Tehama,103,63373,5691,5530,698,6228,66
2021-08-14,Trinity,105,12862,556,399,130,529,3
2021-08-14,Tulare,107,460477,53350,51951,10539,62490,856
2021-08-14,Tuolumne,109,53932,5053,4924,50,4974,64
2021-08-14,Ventura,111,848112,88291,86569,3767,90336,1052
2021-08-14,Yolo,113,214977,16298,15815,672,16487,225
2021-08-14,Yuba,115,75493,7418,7223,169,7392,51
2021-08-13,Alameda,001,1643700,104337,100930,2333,103263,1284
2021-08-13,Alpine,003,1148,90,91,0,91,0
2021-08-13,Amador,005,37829,4327,4169,38,4207,49
2021-08-13,Butte,007,227075,14574,14100,2295,16395,206
2021-08-13,Calaveras,009,45235,2648,2564,18,2582,57
2021-08-13,Colusa,011,21464,2185,2123,423,2546,16
2021-08-13,Contra Costa,013,1133247,84506,81046,1663,82709,848
2021-08-13,Del Norte,015,27424,2260,1973,16,1989,8
2021-08-13,El Dorado,017,186661,12596,11951,1026,12977,118
2021-08-13,Fresno,019,978130,111744,108638,9773,118411,1753
2021-08-13,Glenn,021,27897,2634,2574,674,3248,20
2021-08-13,Humboldt,023,135768,6231,5882,112,5994,52
2021-08-13,Imperial,025,180216,29893,29654,2869,32523,745
2021-08-13,Inyo,027,18085,1490,1484,13,1497,39
2021-08-13,Kern,029,883053,103990,102029,13259,115288,1364
2021-08-13,Kings,031,150075,25243,24531,1305,25836,253
2021-08-13,Lake,033,64148,4974,4811,31,4842,68
2021-08-13,Lassen,035,31185,5551,5455,132,5587,21
2021-08-13,Los Angeles,037,10098052,1314664,1295406,48801,1344207,24891
2021-08-13,Madera,039,155013,18130,17614,1173,18787,246
2021-08-13,Marin,041,260295,15768,15380,317,15697,239
2021-08-13,Mariposa,043,17540,617,577,14,591,5
2021-08-13,Mendocino,045,87422,5198,4924,163,5087,49
2021-08-13,Merced,047,269075,33629,33111,1211,34322,480
2021-08-13,Modoc,049,8938,435,421,150,571,5
2021-08-13,Mono,051,14174,1361,1331,18,1349,3
2021-08-13,Monterey,053,433212,44979,44450,2201,46651,527
2021-08-13,Napa,055,140530,11111,10830,67,10897,83
2021-08-13,Nevada,057,99092,6695,6356,224,6580,74
2021-08-13,Orange,059,3164182,279289,274004,12824,286828,5159
2021-08-13,Placer,061,380077,28575,26987,2290,29277,306
2021-08-13,Plumas,063,18699,886,842,14,856,5
2021-08-13,Riverside,065,2383286,319834,312408,15054,327462,4581
2021-08-13,Sacramento,067,1510023,127850,122868,2531,125399,1758
2021-08-13,San Benito,069,59416,6505,6422,124,6546,64
2021-08-13,San Bernardino,071,2135413,316625,311378,9727,321105,5301
2021-08-13,San Diego,073,3302833,318447,312293,18344,330637,3821
2021-08-13,San Francisco,075,870044,45545,44196,1826,46022,567
2021-08-13,San Joaquin,077,732212,82517,80232,4235,84467,1481
2021-08-13,San Luis Obispo,079,281455,23863,23226,899,24125,265
2021-08-13,San Mateo,081,765935,47834,46660,678,47338,548
2021-08-13,Santa Barbara,083,443738,37791,37023,1368,38391,474
2021-08-13,Santa Clara,085,1922200,130259,126958,945,127903,1769
2021-08-13,Santa Cruz,087,273765,17750,17332,879,18211,209
2021-08-13,Shasta,089,179085,14195,13698,1941,15639,211
2021-08-13,Sierra,091,2930,85,81,12,93,0
2021-08-13,Siskiyou,093,43540,2246,2147,542,2689,33
2021-08-13,Solano,095,438530,39108,37104,873,37977,264
2021-08-13,Sonoma,097,501317,35764,34464,426,34890,333
2021-08-13,Stanislaus,099,539301,62820,61294,6841,68135,1039
2021-08-13,Sutter,101,95872,10999,10751,117,10868,130
2021-08-13,Tehama,103,63373,5667,5496,696,6192,66
2021-08-13,Trinity,105,12862,552,392,130,522,3
2021-08-13,Tulare,107,460477,53246,51770,10464,62234,856
2021-08-13,Tuolumne,109,53932,5020,4899,49,4948,64
2021-08-13,Ventura,111,848112,88133,86368,3754,90122,1052
2021-08-13,Yolo,113,214977,16245,15761,662,16423,225
2021-08-13,Yuba,115,75493,7380,7184,169,7353,51
2021-08-12,Alameda,001,1643700,103843,100472,2320,102792,1284
2021-08-12,Alpine,003,1148,90,91,0,91,0
2021-08-12,Amador,005,37829,4297,4161,37,4198,49
2021-08-12,Butte,007,227075,14496,14006,2277,16283,206
2021-08-12,Calaveras,009,45235,2633,2531,18,2549,57
2021-08-12,Colusa,011,21464,2180,2111,422,2533,17
2021-08-12,Contra Costa,013,1133247,84024,80738,1648,82386,846
2021-08-12,Del Norte,015,27424,2188,1923,16,1939,8
2021-08-12,El Dorado,017,186661,12482,11880,1018,12898,118
2021-08-12,Fresno,019,978130,111327,108193,9705,117898,1753
2021-08-12,Glenn,021,27897,2626,2559,662,3221,20
2021-08-12,Humboldt,023,135768,6162,5845,108,5953,52
2021-08-12,Imperial,025,180216,29837,29585,2863,32448,745
2021-08-12,Inyo,027,18085,1488,1483,13,1496,39
2021-08-12,Kern,029,883053,103701,101698,13179,114877,1364
2021-08-12,Kings,031,150075,25143,24423,1296,25719,252
2021-08-12,Lake,033,64148,4948,4774,31,4805,68
2021-08-12,Lassen,035,31185,5529,5428,131,5559,21
2021-08-12,Los Angeles,037,10098052,1311477,1291875,48666,1340541,24874
2021-08-12,Madera,039,155013,18066,17564,1161,18725,246
2021-08-12,Marin,041,260295,15719,15277,313,15590,239
2021-08-12,Mariposa,043,17540,608,568,13,581,5
2021-08-12,Mendocino,045,87422,5168,4873,157,5030,49
2021-08-12,Merced,047,269075,33505,32960,1204,34164,480
2021-08-12,Modoc,049,8938,434,423,150,573,5
2021-08-12,Mono,051,14174,1356,1325,18,1343,3
2021-08-12,Monterey,053,433212,44903,44383,2184,46567,527
2021-08-12,Napa,055,140530,11062,10780,66,10846,83
2021-08-12,Nevada,057,99092,6634,6283,224,6507,74
2021-08-12,Orange,059,3164182,278610,273167,12766,285933,5158
2021-08-12,Placer,061,380077,28377,26856,2267,29123,306
2021-08-12,Plumas,063,18699,878,829,14,843,5
2021-08-12,Riverside,065,2383286,318824,311304,15021,326325,4575
2021-08-12,Sacramento,067,1510023,127078,122222,2501,124723,1758
2021-08-12,San Benito,069,59416,6488,6398,122,6520,64
2021-08-12,San Bernardino,071,2135413,315751,310420,9698,320118,5297
2021-08-12,San Diego,073,3302833,317078,310596,18255,328851,3821
2021-08-12,San Francisco,075,870044,45337,43774,1813,45587,564
2021-08-12,San Joaquin,077,732212,82121,79945,4212,84157,1479
2021-08-12,San Luis Obispo,079,281455,23763,23101,885,23986,264
2021-08-12,San Mateo,081,765935,47689,46435,675,47110,548
2021-08-12,Santa Barbara,083,443738,37652,36881,1360,38241,473
2021-08-12,Santa Clara,085,1922200,129810,126614,939,127553,1769
2021-08-12,Santa Cruz,087,273765,17686,17261,878,18139,209
2021-08-12,Shasta,089,179085,14109,13621,1914,15535,211
2021-08-12,Sierra,091,2930,85,81,12,93,0
2021-08-12,Siskiyou,093,43540,2239,2134,532,2666,33
2021-08-12,Solano,095,438530,38879,36980,864,37844,262
2021-08-12,Sonoma,097,501317,35616,34299,423,34722,333
2021-08-12,Stanislaus,099,539301,62556,61026,6782,67808,1039
2021-08-12,Sutter,101,95872,10938,10695,115,10810,130
2021-08-12,Tehama,103,63373,5637,5462,687,6149,66
2021-08-12,Trinity,105,12862,548,386,129,515,3
2021-08-12,Tulare,107,460477,53100,51632,10415,62047,856
2021-08-12,Tuolumne,109,53932,4973,4845,47,4892,64
2021-08-12,Ventura,111,848112,87897,86106,3730,89836,1052
2021-08-12,Yolo,113,214977,16173,15686,649,16335,224
2021-08-12,Yuba,115,75493,7332,7128,168,7296,51
2021-08-11,Alameda,001,1643700,103327,100040,2316,102356,1281
2021-08-11,Alpine,003,1148,90,91,0,91,0
2021-08-11,Amador,005,37829,4273,4127,37,4164,49
2021-08-11,Butte,007,227075,14392,13905,2252,16157,206
2021-08-11,Calaveras,009,45235,2611,2505,18,2523,57
2021-08-11,Colusa,011,21464,2170,2101,420,2521,16
2021-08-11,Contra Costa,013,1133247,83523,80275,1630,81905,843
2021-08-11,Del Norte,015,27424,2129,1893,16,1909,8
2021-08-11,El Dorado,017,186661,12370,11799,1006,12805,119
2021-08-11,Fresno,019,978130,110870,107773,9658,117431,1751
2021-08-11,Glenn,021,27897,2617,2547,652,3199,20
2021-08-11,Humboldt,023,135768,6115,5765,107,5872,52
2021-08-11,Imperial,025,180216,29794,29565,2859,32424,745
2021-08-11,Inyo,027,18085,1488,1483,13,1496,39
2021-08-11,Kern,029,883053,103387,101448,13069,114517,1363
2021-08-11,Kings,031,150075,25030,24304,1287,25591,250
2021-08-11,Lake,033,64148,4911,4713,30,4743,68
2021-08-11,Lassen,035,31185,5520,5408,129,5537,21
2021-08-11,Los Angeles,037,10098052,1308154,1288238,48477,1336715,24851
2021-08-11,Madera,039,155013,18016,17511,1150,18661,245
2021-08-11,Marin,041,260295,15670,15235,313,15548,239
2021-08-11,Mariposa,043,17540,598,554,12,566,5
2021-08-11,Mendocino,045,87422,5099,4796,148,4944,49
2021-08-11,Merced,047,269075,33372,32802,1200,34002,479
2021-08-11,Modoc,049,8938,434,421,150,571,5
2021-08-11,Mono,051,14174,1351,1320,18,1338,3
2021-08-11,Monterey,053,433212,44804,44314,2166,46480,527
2021-08-11,Napa,055,140530,11021,10732,66,10798,83
2021-08-11,Nevada,057,99092,6580,6172,221,6393,74
2021-08-11,Orange,059,3164182,277753,272212,12719,284931,5155
2021-08-11,Placer,061,380077,28165,26687,2241,28928,305
2021-08-11,Plumas,063,18699,868,824,14,838,5
2021-08-11,Riverside,065,2383286,317831,310265,14986,325251,4570
2021-08-11,Sacramento,067,1510023,126285,121603,2459,124062,1757
2021-08-11,San Benito,069,59416,6475,6381,122,6503,64
2021-08-11,San Bernardino,071,2135413,314858,309498,9676,319174,5296
2021-08-11,San Diego,073,3302833,315608,309406,18151,327557,3818
2021-08-11,San Francisco,075,870044,45113,43555,1805,45360,564
2021-08-11,San Joaquin,077,732212,81714,79641,4184,83825,1478
2021-08-11,San Luis Obispo,079,281455,23659,22920,878,23798,264
2021-08-11,San Mateo,081,765935,47521,46300,672,46972,548
2021-08-11,Santa Barbara,083,443738,37488,36699,1351,38050,472
2021-08-11,Santa Clara,085,1922200,129330,126301,931,127232,1769
2021-08-11,Santa Cruz,087,273765,17620,17191,875,18066,209
2021-08-11,Shasta,089,179085,14035,13546,1898,15444,211
2021-08-11,Sierra,091,2930,84,81,12,93,0
2021-08-11,Siskiyou,093,43540,2225,2124,525,2649,33
2021-08-11,Solano,095,438530,38643,36862,850,37712,262
2021-08-11,Sonoma,097,501317,35438,34188,418,34606,333
2021-08-11,Stanislaus,099,539301,62226,60767,6752,67519,1037
2021-08-11,Sutter,101,95872,10866,10628,115,10743,130
2021-08-11,Tehama,103,63373,5607,5410,670,6080,66
2021-08-11,Trinity,105,12862,546,385,129,514,3
2021-08-11,Tulare,107,460477,52932,51464,10370,61834,854
2021-08-11,Tuolumne,109,53932,4941,4794,47,4841,64
2021-08-11,Ventura,111,848112,87645,85863,3709,89572,1051
2021-08-11,Yolo,113,214977,16098,15593,635,16228,218
2021-08-11,Yuba,115,75493,7273,7063,167,7230,53
2021-08-10,Alameda,001,1643700,102845,99771,2308,102079,1281
2021-08-10,Alpine,003,1148,90,91,0,91,0
2021-08-10,Amador,005,37829,4257,4093,37,4130,49
2021-08-10,Butte,007,227075,14308,13853,2230,16083,205
2021-08-10,Calaveras,009,45235,2586,2491,16,2507,57
2021-08-10,Colusa,011,21464,2157,2088,411,2499,16
2021-08-10,Contra Costa,013,1133247,82980,80018,1620,81638,840
2021-08-10,Del Norte,015,27424,2085,1870,16,1886,8
2021-08-10,El Dorado,017,186661,12271,11734,996,12730,117
2021-08-10,Fresno,019,978130,110415,107616,9601,117217,1747
2021-08-10,Glenn,021,27897,2604,2538,642,3180,20
2021-08-10,Humboldt,023,135768,6061,5718,104,5822,52
2021-08-10,Imperial,025,180216,29759,29522,2853,32375,745
2021-08-10,Inyo,027,18085,1488,1482,13,1495,39
2021-08-10,Kern,029,883053,103058,101254,12973,114227,1359
2021-08-10,Kings,031,150075,24903,24252,1271,25523,251
2021-08-10,Lake,033,64148,4870,4700,30,4730,67
2021-08-10,Lassen,035,31185,5502,5401,129,5530,21
2021-08-10,Los Angeles,037,10098052,1304403,1285140,48305,1333445,24821
2021-08-10,Madera,039,155013,17943,17481,1140,18621,245
2021-08-10,Marin,041,260295,15623,15194,313,15507,239
2021-08-10,Mariposa,043,17540,585,550,12,562,5
2021-08-10,Mendocino,045,87422,5054,4775,144,4919,49
2021-08-10,Merced,047,269075,33224,32721,1191,33912,477
2021-08-10,Modoc,049,8938,433,421,150,571,5
2021-08-10,Mono,051,14174,1346,1320,18,1338,3
2021-08-10,Monterey,053,433212,44742,44259,2151,46410,527
2021-08-10,Napa,055,140530,10965,10703,65,10768,83
2021-08-10,Nevada,057,99092,6515,6151,220,6371,73
2021-08-10,Orange,059,3164182,276873,271688,12671,284359,5155
2021-08-10,Placer,061,380077,27946,26561,2199,28760,305
2021-08-10,Plumas,063,18699,859,816,14,830,5
2021-08-10,Riverside,065,2383286,316716,309529,14960,324489,4564
2021-08-10,Sacramento,067,1510023,125432,121159,2429,123588,1755
2021-08-10,San Benito,069,59416,6461,6371,122,6493,64
2021-08-10,San Bernardino,071,2135413,313937,308672,9659,318331,5295
2021-08-10,San Diego,073,3302833,313966,308288,18059,326347,3815
2021-08-10,San Francisco,075,870044,44860,43389,1790,45179,564
2021-08-10,San Joaquin,077,732212,81316,79391,4167,83558,1478
2021-08-10,San Luis Obispo,079,281455,23533,22776,876,23652,264
2021-08-10,San Mateo,081,765935,47349,46184,670,46854,548
2021-08-10,Santa Barbara,083,443738,37323,36574,1344,37918,472
2021-08-10,Santa Clara,085,1922200,128867,126019,924,126943,1770
2021-08-10,Santa Cruz,087,273765,17537,17142,873,18015,209
2021-08-10,Shasta,089,179085,13957,13461,1874,15335,211
2021-08-10,Sierra,091,2930,84,76,12,88,0
2021-08-10,Siskiyou,093,43540,2216,2088,518,2606,33
2021-08-10,Solano,095,438530,38398,36767,839,37606,262
2021-08-10,Sonoma,097,501317,35293,34054,415,34469,333
2021-08-10,Stanislaus,099,539301,61881,60605,6715,67320,1037
2021-08-10,Sutter,101,95872,10801,10569,115,10684,130
2021-08-10,Tehama,103,63373,5578,5392,665,6057,66
2021-08-10,Trinity,105,12862,546,384,129,513,3
2021-08-10,Tulare,107,460477,52767,51390,10318,61708,854
2021-08-10,Tuolumne,109,53932,4912,4780,45,4825,64
2021-08-10,Ventura,111,848112,87355,85714,3688,89402,1051
2021-08-10,Yolo,113,214977,16011,15568,625,16193,218
2021-08-10,Yuba,115,75493,7223,7028,167,7195,50
2021-08-09,Alameda,001,1643700,102285,99496,2304,101800,1276
2021-08-09,Alpine,003,1148,90,91,0,91,0
2021-08-09,Amador,005,37829,4231,4078,37,4115,48
2021-08-09,Butte,007,227075,14213,13813,2199,16012,205
2021-08-09,Calaveras,009,45235,2560,2472,16,2488,57
2021-08-09,Colusa,011,21464,2147,2075,403,2478,16
2021-08-09,Contra Costa,013,1133247,82435,79740,1608,81348,840
2021-08-09,Del Norte,015,27424,2017,1848,16,1864,8
2021-08-09,El Dorado,017,186661,12163,11672,982,12654,117
2021-08-09,Fresno,019,978130,109921,107310,9562,116872,1747
2021-08-09,Glenn,021,27897,2593,2532,630,3162,20
2021-08-09,Humboldt,023,135768,5970,5632,102,5734,52
2021-08-09,Imperial,025,180216,29714,29512,2849,32361,745
2021-08-09,Inyo,027,18085,1488,1481,13,1494,39
2021-08-09,Kern,029,883053,102747,101069,12887,113956,1359
2021-08-09,Kings,031,150075,24795,24155,1256,25411,250
2021-08-09,Lake,033,64148,4835,4670,28,4698,66
2021-08-09,Lassen,035,31185,5480,5393,128,5521,21
2021-08-09,Los Angeles,037,10098052,1300391,1282891,48097,1330988,24798
2021-08-09,Madera,039,155013,17884,17429,1120,18549,245
2021-08-09,Marin,041,260295,15570,15154,312,15466,239
2021-08-09,Mariposa,043,17540,572,545,12,557,5
2021-08-09,Mendocino,045,87422,5003,4732,136,4868,49
2021-08-09,Merced,047,269075,33078,32666,1184,33850,477
2021-08-09,Modoc,049,8938,433,419,150,569,5
2021-08-09,Mono,051,14174,1343,1337,18,1355,3
2021-08-09,Monterey,053,433212,44669,44190,2135,46325,527
2021-08-09,Napa,055,140530,10918,10679,65,10744,83
2021-08-09,Nevada,057,99092,6444,6088,219,6307,73
2021-08-09,Orange,059,3164182,275836,271036,12619,283655,5153
2021-08-09,Placer,061,380077,27723,26457,2168,28625,305
2021-08-09,Plumas,063,18699,842,803,14,817,5
2021-08-09,Riverside,065,2383286,315639,308678,14940,323618,4562
2021-08-09,Sacramento,067,1510023,124597,120812,2404,123216,1748
2021-08-09,San Benito,069,59416,6441,6359,120,6479,63
2021-08-09,San Bernardino,071,2135413,312953,308038,9635,317673,5295
2021-08-09,San Diego,073,3302833,312307,306855,17960,324815,3811
2021-08-09,San Francisco,075,870044,44615,43261,1772,45033,564
2021-08-09,San Joaquin,077,732212,80932,79198,4149,83347,1469
2021-08-09,San Luis Obispo,079,281455,23394,22695,867,23562,264
2021-08-09,San Mateo,081,765935,47177,46040,666,46706,548
2021-08-09,Santa Barbara,083,443738,37137,36474,1336,37810,470
2021-08-09,Santa Clara,085,1922200,128364,125791,915,126706,2187
2021-08-09,Santa Cruz,087,273765,17476,17082,873,17955,209
2021-08-09,Shasta,089,179085,13840,13397,1863,15260,210
2021-08-09,Sierra,091,2930,83,75,12,87,0
2021-08-09,Siskiyou,093,43540,2204,2047,502,2549,32
2021-08-09,Solano,095,438530,38122,36653,837,37490,262
2021-08-09,Sonoma,097,501317,35112,33933,413,34346,333
2021-08-09,Stanislaus,099,539301,61604,60410,6664,67074,1037
2021-08-09,Sutter,101,95872,10752,10525,112,10637,129
2021-08-09,Tehama,103,63373,5535,5373,663,6036,66
2021-08-09,Trinity,105,12862,544,378,127,505,3
2021-08-09,Tulare,107,460477,52606,51274,10253,61527,854
2021-08-09,Tuolumne,109,53932,4870,4745,45,4790,64
2021-08-09,Ventura,111,848112,87083,85514,3677,89191,1047
2021-08-09,Yolo,113,214977,15933,15521,604,16125,218
2021-08-09,Yuba,115,75493,7164,6994,167,7161,50
2021-08-08,Alameda,001,1643700,101732,99135,2298,101433,1276
2021-08-08,Alpine,003,1148,90,91,0,91,0
2021-08-08,Amador,005,37829,4197,4057,36,4093,48
2021-08-08,Butte,007,227075,14128,13791,2180,15971,205
2021-08-08,Calaveras,009,45235,2529,2462,16,2478,57
2021-08-08,Colusa,011,21464,2130,2070,396,2466,16
2021-08-08,Contra Costa,013,1133247,81908,79454,1601,81055,840
2021-08-08,Del Norte,015,27424,1971,1810,16,1826,8
2021-08-08,El Dorado,017,186661,12043,11631,971,12602,117
2021-08-08,Fresno,019,978130,109479,107078,9525,116603,1747
2021-08-08,Glenn,021,27897,2584,2527,623,3150,20
2021-08-08,Humboldt,023,135768,5881,5571,102,5673,52
2021-08-08,Imperial,025,180216,29690,29485,2839,32324,745
2021-08-08,Inyo,027,18085,1488,1481,13,1494,39
2021-08-08,Kern,029,883053,102427,100909,12775,113684,1359
2021-08-08,Kings,031,150075,24681,24095,1247,25342,250
2021-08-08,Lake,033,64148,4785,4636,27,4663,66
2021-08-08,Lassen,035,31185,5465,5391,127,5518,21
2021-08-08,Los Angeles,037,10098052,1296139,1279982,47910,1327892,24793
2021-08-08,Madera,039,155013,17805,17398,1103,18501,245
2021-08-08,Marin,041,260295,15517,15124,310,15434,239
2021-08-08,Mariposa,043,17540,568,538,12,550,5
2021-08-08,Mendocino,045,87422,4941,4702,123,4825,49
2021-08-08,Merced,047,269075,32931,32634,1175,33809,477
2021-08-08,Modoc,049,8938,432,419,149,568,5
2021-08-08,Mono,051,14174,1339,1336,18,1354,3
2021-08-08,Monterey,053,433212,44599,44171,2124,46295,527
2021-08-08,Napa,055,140530,10882,10668,65,10733,83
2021-08-08,Nevada,057,99092,6360,6009,217,6226,73
2021-08-08,Orange,059,3164182,274923,270532,12580,283112,5153
2021-08-08,Placer,061,380077,27514,26332,2127,28459,305
2021-08-08,Plumas,063,18699,833,803,14,817,5
2021-08-08,Riverside,065,2383286,314518,308042,14916,322958,4562
2021-08-08,Sacramento,067,1510023,123769,120109,2392,122501,1744
2021-08-08,San Benito,069,59416,6424,6350,119,6469,63
2021-08-08,San Bernardino,071,2135413,311807,307378,9605,316983,5295
2021-08-08,San Diego,073,3302833,310966,305983,17862,323845,3811
2021-08-08,San Francisco,075,870044,44355,43098,1749,44847,564
2021-08-08,San Joaquin,077,732212,80482,79002,4133,83135,1469
2021-08-08,San Luis Obispo,079,281455,23220,22668,859,23527,263
2021-08-08,San Mateo,081,765935,46987,45927,663,46590,548
2021-08-08,Santa Barbara,083,443738,36960,36417,1329,37746,470
2021-08-08,Santa Clara,085,1922200,127913,125553,910,126463,2187
2021-08-08,Santa Cruz,087,273765,17402,17035,868,17903,209
2021-08-08,Shasta,089,179085,13754,13381,1852,15233,210
2021-08-08,Sierra,091,2930,83,74,12,86,0
2021-08-08,Siskiyou,093,43540,2188,2041,497,2538,32
2021-08-08,Solano,095,438530,37870,36551,833,37384,262
2021-08-08,Sonoma,097,501317,34868,33805,412,34217,333
2021-08-08,Stanislaus,099,539301,61282,60269,6619,66888,1037
2021-08-08,Sutter,101,95872,10692,10481,111,10592,129
2021-08-08,Tehama,103,63373,5497,5359,660,6019,66
2021-08-08,Trinity,105,12862,539,378,127,505,3
2021-08-08,Tulare,107,460477,52427,51220,10193,61413,854
2021-08-08,Tuolumne,109,53932,4831,4731,45,4776,64
2021-08-08,Ventura,111,848112,86792,85382,3667,89049,1047
2021-08-08,Yolo,113,214977,15841,15477,597,16074,218
2021-08-08,Yuba,115,75493,7125,6967,167,7134,50
2021-08-07,Alameda,001,1643700,101477,98812,2292,101104,1276
2021-08-07,Alpine,003,1148,90,91,0,91,0
2021-08-07,Amador,005,37829,4180,4041,35,4076,48
2021-08-07,Butte,007,227075,14076,13714,2169,15883,205
2021-08-07,Calaveras,009,45235,2518,2446,16,2462,57
2021-08-07,Colusa,011,21464,2125,2067,387,2454,16
2021-08-07,Contra Costa,013,1133247,81611,79168,1598,80766,840
2021-08-07,Del Norte,015,27424,1939,1791,16,1807,8
2021-08-07,El Dorado,017,186661,11993,11575,964,12539,117
2021-08-07,Fresno,019,978130,109276,106861,9499,116360,1747
2021-08-07,Glenn,021,27897,2576,2515,622,3137,20
2021-08-07,Humboldt,023,135768,5831,5510,99,5609,52
2021-08-07,Imperial,025,180216,29671,29470,2839,32309,745
2021-08-07,Inyo,027,18085,1486,1476,13,1489,39
2021-08-07,Kern,029,883053,102269,100693,12720,113413,1359
2021-08-07,Kings,031,150075,24621,24048,1241,25289,250
2021-08-07,Lake,033,64148,4764,4613,27,4640,66
2021-08-07,Lassen,035,31185,5461,5386,127,5513,21
2021-08-07,Los Angeles,037,10098052,1294116,1276853,47758,1324611,24786
2021-08-07,Madera,039,155013,17770,17366,1098,18464,245
2021-08-07,Marin,041,260295,15483,15085,309,15394,239
2021-08-07,Mariposa,043,17540,565,530,12,542,5
2021-08-07,Mendocino,045,87422,4905,4690,121,4811,49
2021-08-07,Merced,047,269075,32867,32569,1172,33741,477
2021-08-07,Modoc,049,8938,432,419,149,568,5
2021-08-07,Mono,051,14174,1336,1329,18,1347,3
2021-08-07,Monterey,053,433212,44547,44124,2119,46243,527
2021-08-07,Napa,055,140530,10861,10658,64,10722,83
2021-08-07,Nevada,057,99092,6310,5967,215,6182,73
2021-08-07,Orange,059,3164182,274330,269900,12549,282449,5153
2021-08-07,Placer,061,380077,27326,26244,2119,28363,305
2021-08-07,Plumas,063,18699,828,801,14,815,5
2021-08-07,Riverside,065,2383286,313846,307326,14909,322235,4562
2021-08-07,Sacramento,067,1510023,123268,119636,2388,122024,1744
2021-08-07,San Benito,069,59416,6414,6332,119,6451,63
2021-08-07,San Bernardino,071,2135413,311220,306663,9588,316251,5295
2021-08-07,San Diego,073,3302833,310212,304974,17827,322801,3811
2021-08-07,San Francisco,075,870044,44184,42926,1731,44657,564
2021-08-07,San Joaquin,077,732212,80318,78769,4119,82888,1469
2021-08-07,San Luis Obispo,079,281455,23151,22579,858,23437,263
2021-08-07,San Mateo,081,765935,46860,45804,661,46465,548
2021-08-07,Santa Barbara,083,443738,36864,36303,1323,37626,470
2021-08-07,Santa Clara,085,1922200,127641,125196,905,126101,2188
2021-08-07,Santa Cruz,087,273765,17359,16994,866,17860,209
2021-08-07,Shasta,089,179085,13699,13361,1844,15205,210
2021-08-07,Sierra,091,2930,83,74,12,86,0
2021-08-07,Siskiyou,093,43540,2176,2039,495,2534,32
2021-08-07,Solano,095,438530,37754,36458,825,37283,262
2021-08-07,Sonoma,097,501317,34746,33716,412,34128,333
2021-08-07,Stanislaus,099,539301,61115,60093,6589,66682,1037
2021-08-07,Sutter,101,95872,10655,10447,111,10558,129
2021-08-07,Tehama,103,63373,5487,5343,655,5998,66
2021-08-07,Trinity,105,12862,535,377,126,503,3
2021-08-07,Tulare,107,460477,52340,51133,10155,61288,854
2021-08-07,Tuolumne,109,53932,4801,4721,45,4766,64
2021-08-07,Ventura,111,848112,86612,85232,3652,88884,1047
2021-08-07,Yolo,113,214977,15797,15423,590,16013,218
2021-08-07,Yuba,115,75493,7100,6937,165,7102,50
2021-08-06,Alameda,001,1643700,101143,98487,2284,100771,1275
2021-08-06,Alpine,003,1148,90,91,0,91,0
2021-08-06,Amador,005,37829,4159,4002,35,4037,48
2021-08-06,Butte,007,227075,14028,13626,2157,15783,205
2021-08-06,Calaveras,009,45235,2506,2419,16,2435,57
2021-08-06,Colusa,011,21464,2119,2045,381,2426,16
2021-08-06,Contra Costa,013,1133247,81316,78796,1592,80388,840
2021-08-06,Del Norte,015,27424,1912,1755,15,1770,8
2021-08-06,El Dorado,017,186661,11944,11498,952,12450,117
2021-08-06,Fresno,019,978130,109012,106542,9472,116014,1747
2021-08-06,Glenn,021,27897,2561,2504,619,3123,20
2021-08-06,Humboldt,023,135768,5780,5421,96,5517,52
2021-08-06,Imperial,025,180216,29660,29404,2835,32239,745
2021-08-06,Inyo,027,18085,1483,1471,13,1484,39
2021-08-06,Kern,029,883053,102092,100427,12635,113062,1359
2021-08-06,Kings,031,150075,24566,23974,1237,25211,250
2021-08-06,Lake,033,64148,4741,4557,27,4584,66
2021-08-06,Lassen,035,31185,5439,5368,127,5495,21
2021-08-06,Los Angeles,037,10098052,1291631,1273081,47605,1320686,24772
2021-08-06,Madera,039,155013,17731,17324,1089,18413,245
2021-08-06,Marin,041,260295,15450,15051,309,15360,239
2021-08-06,Mariposa,043,17540,556,511,12,523,5
2021-08-06,Mendocino,045,87422,4863,4649,120,4769,49
2021-08-06,Merced,047,269075,32807,32456,1169,33625,477
2021-08-06,Modoc,049,8938,432,419,149,568,5
2021-08-06,Mono,051,14174,1335,1328,18,1346,3
2021-08-06,Monterey,053,433212,44479,44058,2106,46164,527
2021-08-06,Napa,055,140530,10834,10620,64,10684,83
2021-08-06,Nevada,057,99092,6254,5874,215,6089,73
2021-08-06,Orange,059,3164182,273765,269077,12532,281609,5151
2021-08-06,Placer,061,380077,27203,26086,2097,28183,305
2021-08-06,Plumas,063,18699,819,795,14,809,5
2021-08-06,Riverside,065,2383286,313136,306304,14898,321202,4562
2021-08-06,Sacramento,067,1510023,122780,119169,2368,121537,1740
2021-08-06,San Benito,069,59416,6397,6315,119,6434,63
2021-08-06,San Bernardino,071,2135413,310521,305806,9580,315386,5286
2021-08-06,San Diego,073,3302833,309173,303691,17778,321469,3810
2021-08-06,San Francisco,075,870044,44027,42659,1713,44372,565
2021-08-06,San Joaquin,077,732212,80169,78405,4107,82512,1469
2021-08-06,San Luis Obispo,079,281455,23083,22472,853,23325,263
2021-08-06,San Mateo,081,765935,46708,45665,656,46321,548
2021-08-06,Santa Barbara,083,443738,36774,36208,1319,37527,470
2021-08-06,Santa Clara,085,1922200,127350,124767,899,125666,2185
2021-08-06,Santa Cruz,087,273765,17317,16924,862,17786,207
2021-08-06,Shasta,089,179085,13633,13284,1838,15122,210
2021-08-06,Sierra,091,2930,83,73,12,85,0
2021-08-06,Siskiyou,093,43540,2166,2030,491,2521,32
2021-08-06,Solano,095,438530,37644,36351,816,37167,262
2021-08-06,Sonoma,097,501317,34660,33594,411,34005,333
2021-08-06,Stanislaus,099,539301,60977,59854,6568,66422,1037
2021-08-06,Sutter,101,95872,10612,10391,111,10502,128
2021-08-06,Tehama,103,63373,5463,5325,654,5979,66
2021-08-06,Trinity,105,12862,534,371,125,496,3
2021-08-06,Tulare,107,460477,52239,51018,10108,61126,854
2021-08-06,Tuolumne,109,53932,4774,4674,45,4719,64
2021-08-06,Ventura,111,848112,86441,85046,3640,88686,1047
2021-08-06,Yolo,113,214977,15744,15299,585,15884,218
2021-08-06,Yuba,115,75493,7077,6904,165,7069,50
2021-08-05,Alameda,001,1643700,100658,98052,2279,100331,1275
2021-08-05,Alpine,003,1148,90,91,0,91,0
2021-08-05,Amador,005,37829,4139,3992,35,4027,48
2021-08-05,Butte,007,227075,13972,13564,2135,15699,206
2021-08-05,Calaveras,009,45235,2486,2397,16,2413,57
2021-08-05,Colusa,011,21464,2107,2036,377,2413,16
2021-08-05,Contra Costa,013,1133247,80889,78514,1585,80099,840
2021-08-05,Del Norte,015,27424,1885,1731,15,1746,8
2021-08-05,El Dorado,017,186661,11860,11408,941,12349,117
2021-08-05,Fresno,019,978130,108641,106219,9435,115654,1747
2021-08-05,Glenn,021,27897,2556,2494,616,3110,20
2021-08-05,Humboldt,023,135768,5705,5328,95,5423,52
2021-08-05,Imperial,025,180216,29629,29383,2831,32214,745
2021-08-05,Inyo,027,18085,1479,1468,13,1481,38
2021-08-05,Kern,029,883053,101870,100091,12550,112641,1358
2021-08-05,Kings,031,150075,24482,23906,1231,25137,249
2021-08-05,Lake,033,64148,4702,4490,25,4515,66
2021-08-05,Lassen,035,31185,5431,5344,127,5471,21
2021-08-05,Los Angeles,037,10098052,1288417,1269445,47470,1316915,24756
2021-08-05,Madera,039,155013,17690,17301,1081,18382,245
2021-08-05,Marin,041,260295,15406,15005,305,15310,239
2021-08-05,Mariposa,043,17540,545,504,11,515,5
2021-08-05,Mendocino,045,87422,4820,4597,111,4708,49
2021-08-05,Merced,047,269075,32740,32381,1158,33539,477
2021-08-05,Modoc,049,8938,431,418,149,567,5
2021-08-05,Mono,051,14174,1327,1309,18,1327,3
2021-08-05,Monterey,053,433212,44422,43992,2088,46080,527
2021-08-05,Napa,055,140530,10798,10591,62,10653,83
2021-08-05,Nevada,057,99092,6172,5778,212,5990,73
2021-08-05,Orange,059,3164182,272984,268329,12507,280836,5149
2021-08-05,Placer,061,380077,27003,25965,2070,28035,305
2021-08-05,Plumas,063,18699,810,787,14,801,5
2021-08-05,Riverside,065,2383286,312219,305415,14871,320286,4562
2021-08-05,Sacramento,067,1510023,122070,118590,2355,120945,1739
2021-08-05,San Benito,069,59416,6379,6305,119,6424,63
2021-08-05,San Bernardino,071,2135413,309684,304956,9559,314515,5284
2021-08-05,San Diego,073,3302833,307900,302220,17696,319916,3806
2021-08-05,San Francisco,075,870044,43817,42301,1704,44005,564
2021-08-05,San Joaquin,077,732212,79808,78151,4089,82240,1468
2021-08-05,San Luis Obispo,079,281455,22968,22362,847,23209,263
2021-08-05,San Mateo,081,765935,46535,45554,654,46208,548
2021-08-05,Santa Barbara,083,443738,36668,36112,1316,37428,470
2021-08-05,Santa Clara,085,1922200,127017,124490,899,125389,2185
2021-08-05,Santa Cruz,087,273765,17274,16867,859,17726,207
2021-08-05,Shasta,089,179085,13575,13217,1830,15047,210
2021-08-05,Sierra,091,2930,78,73,12,85,0
2021-08-05,Siskiyou,093,43540,2145,2024,481,2505,32
2021-08-05,Solano,095,438530,37463,36250,809,37059,262
2021-08-05,Sonoma,097,501317,34525,33455,410,33865,330
2021-08-05,Stanislaus,099,539301,60760,59692,6529,66221,1037
2021-08-05,Sutter,101,95872,10557,10349,111,10460,127
2021-08-05,Tehama,103,63373,5445,5305,650,5955,66
2021-08-05,Trinity,105,12862,528,367,125,492,3
2021-08-05,Tulare,107,460477,52122,50889,10051,60940,854
2021-08-05,Tuolumne,109,53932,4744,4619,45,4664,64
2021-08-05,Ventura,111,848112,86191,84837,3626,88463,1047
2021-08-05,Yolo,113,214977,15678,15250,575,15825,218
2021-08-05,Yuba,115,75493,7034,6872,163,7035,50
2021-08-04,Alameda,001,1643700,100155,97477,2268,99745,1274
2021-08-04,Alpine,003,1148,90,91,0,91,0
2021-08-04,Amador,005,37829,4109,3962,34,3996,48
2021-08-04,Butte,007,227075,13905,13509,2119,15628,205
2021-08-04,Calaveras,009,45235,2461,2374,16,2390,57
2021-08-04,Colusa,011,21464,2095,2025,371,2396,16
2021-08-04,Contra Costa,013,1133247,80373,77966,1580,79546,840
2021-08-04,Del Norte,015,27424,1862,1701,15,1716,8
2021-08-04,El Dorado,017,186661,11782,11319,930,12249,117
2021-08-04,Fresno,019,978130,108273,105899,9394,115293,1747
2021-08-04,Glenn,021,27897,2548,2487,614,3101,20
2021-08-04,Humboldt,023,135768,5629,5271,94,5365,52
2021-08-04,Imperial,025,180216,29581,29375,2829,32204,745
2021-08-04,Inyo,027,18085,1478,1465,13,1478,38
2021-08-04,Kern,029,883053,101620,99868,12465,112333,1358
2021-08-04,Kings,031,150075,24410,23840,1223,25063,250
2021-08-04,Lake,033,64148,4671,4423,20,4443,65
2021-08-04,Lassen,035,31185,5423,5340,127,5467,21
2021-08-04,Los Angeles,037,10098052,1284930,1265788,47307,1313095,24737
2021-08-04,Madera,039,155013,17655,17251,1074,18325,245
2021-08-04,Marin,041,260295,15359,14950,303,15253,239
2021-08-04,Mariposa,043,17540,530,497,11,508,5
2021-08-04,Mendocino,045,87422,4796,4560,107,4667,49
2021-08-04,Merced,047,269075,32603,32274,1153,33427,476
2021-08-04,Modoc,049,8938,431,416,149,565,5
2021-08-04,Mono,051,14174,1323,1307,18,1325,3
2021-08-04,Monterey,053,433212,44357,43926,2077,46003,526
2021-08-04,Napa,055,140530,10761,10544,62,10606,82
2021-08-04,Nevada,057,99092,6108,5702,211,5913,73
2021-08-04,Orange,059,3164182,272111,267199,12470,279669,5146
2021-08-04,Placer,061,380077,26786,25688,2050,27738,305
2021-08-04,Plumas,063,18699,804,784,14,798,5
2021-08-04,Riverside,065,2383286,311294,304272,14845,319117,4562
2021-08-04,Sacramento,067,1510023,121312,117882,2329,120211,1736
2021-08-04,San Benito,069,59416,6364,6300,119,6419,63
2021-08-04,San Bernardino,071,2135413,308828,304164,9542,313706,5285
2021-08-04,San Diego,073,3302833,306386,301100,17630,318730,3805
2021-08-04,San Francisco,075,870044,43563,41913,1691,43604,562
2021-08-04,San Joaquin,077,732212,79451,77846,4077,81923,1466
2021-08-04,San Luis Obispo,079,281455,22860,22245,841,23086,262
2021-08-04,San Mateo,081,765935,46363,45392,653,46045,548
2021-08-04,Santa Barbara,083,443738,36539,36013,1308,37321,470
2021-08-04,Santa Clara,085,1922200,126626,124127,892,125019,2183
2021-08-04,Santa Cruz,087,273765,17213,16820,852,17672,208
2021-08-04,Shasta,089,179085,13523,13134,1819,14953,211
2021-08-04,Sierra,091,2930,78,73,12,85,0
2021-08-04,Siskiyou,093,43540,2125,2010,476,2486,32
2021-08-04,Solano,095,438530,37263,36025,800,36825,262
2021-08-04,Sonoma,097,501317,34353,33311,408,33719,330
2021-08-04,Stanislaus,099,539301,60537,59396,6491,65887,1037
2021-08-04,Sutter,101,95872,10520,10294,111,10405,127
2021-08-04,Tehama,103,63373,5419,5281,645,5926,66
2021-08-04,Trinity,105,12862,526,362,122,484,3
2021-08-04,Tulare,107,460477,52012,50797,10007,60804,855
2021-08-04,Tuolumne,109,53932,4719,4584,45,4629,64
2021-08-04,Ventura,111,848112,85933,84406,3604,88010,1047
2021-08-04,Yolo,113,214977,15599,15189,562,15751,215
2021-08-04,Yuba,115,75493,6994,6827,161,6988,50
2021-08-03,Alameda,001,1643700,99702,97275,2263,99538,1270
2021-08-03,Alpine,003,1148,90,91,0,91,0
2021-08-03,Amador,005,37829,4073,3953,34,3987,48
2021-08-03,Butte,007,227075,13839,13468,2104,15572,205
2021-08-03,Calaveras,009,45235,2439,2356,16,2372,57
2021-08-03,Colusa,011,21464,2082,2023,365,2388,16
2021-08-03,Contra Costa,013,1133247,79889,77739,1573,79312,836
2021-08-03,Del Norte,015,27424,1830,1691,14,1705,8
2021-08-03,El Dorado,017,186661,11692,11255,920,12175,117
2021-08-03,Fresno,019,978130,107911,105732,9362,115094,1746
2021-08-03,Glenn,021,27897,2541,2481,608,3089,20
2021-08-03,Humboldt,023,135768,5564,5199,89,5288,52
2021-08-03,Imperial,025,180216,29559,29333,2822,32155,745
2021-08-03,Inyo,027,18085,1475,1459,13,1472,38
2021-08-03,Kern,029,883053,101358,99708,12386,112094,1358
2021-08-03,Kings,031,150075,24322,23780,1216,24996,249
2021-08-03,Lake,033,64148,4615,4408,16,4424,66
2021-08-03,Lassen,035,31185,5413,5341,127,5468,21
2021-08-03,Los Angeles,037,10098052,1281195,1262678,47125,1309803,24721
2021-08-03,Madera,039,155013,17614,17220,1059,18279,245
2021-08-03,Marin,041,260295,15310,14906,300,15206,243
2021-08-03,Mariposa,043,17540,519,495,11,506,5
2021-08-03,Mendocino,045,87422,4747,4546,106,4652,49
2021-08-03,Merced,047,269075,32520,32197,1151,33348,476
2021-08-03,Modoc,049,8938,431,416,149,565,5
2021-08-03,Mono,051,14174,1318,1303,18,1321,3
2021-08-03,Monterey,053,433212,44293,43872,2064,45936,525
2021-08-03,Napa,055,140530,10718,10527,61,10588,82
2021-08-03,Nevada,057,99092,6027,5685,210,5895,73
2021-08-03,Orange,059,3164182,271372,266649,12440,279089,5146
2021-08-03,Placer,061,380077,26585,25624,2025,27649,305
2021-08-03,Plumas,063,18699,797,779,14,793,5
2021-08-03,Riverside,065,2383286,310370,303499,14818,318317,4562
2021-08-03,Sacramento,067,1510023,120569,117591,2308,119899,1732
2021-08-03,San Benito,069,59416,6348,6284,118,6402,63
2021-08-03,San Bernardino,071,2135413,307909,303386,9522,312908,5265
2021-08-03,San Diego,073,3302833,304953,300189,17520,317709,3803
2021-08-03,San Francisco,075,870044,43280,41758,1671,43429,562
2021-08-03,San Joaquin,077,732212,79102,77615,4056,81671,1461
2021-08-03,San Luis Obispo,079,281455,22720,22166,834,23000,264
2021-08-03,San Mateo,081,765935,46169,45255,648,45903,548
2021-08-03,Santa Barbara,083,443738,36420,35912,1302,37214,469
2021-08-03,Santa Clara,085,1922200,126205,123914,886,124800,2183
2021-08-03,Santa Cruz,087,273765,17147,16778,849,17627,207
2021-08-03,Shasta,089,179085,13450,13091,1808,14899,211
2021-08-03,Sierra,091,2930,78,72,12,84,0
2021-08-03,Siskiyou,093,43540,2114,1998,471,2469,32
2021-08-03,Solano,095,438530,37043,35953,788,36741,261
2021-08-03,Sonoma,097,501317,34171,33243,407,33650,330
2021-08-03,Stanislaus,099,539301,60317,59282,6472,65754,1037
2021-08-03,Sutter,101,95872,10480,10263,110,10373,127
2021-08-03,Tehama,103,63373,5394,5269,640,5909,66
2021-08-03,Trinity,105,12862,523,361,119,480,3
2021-08-03,Tulare,107,460477,51917,50729,9961,60690,854
2021-08-03,Tuolumne,109,53932,4684,4563,45,4608,64
2021-08-03,Ventura,111,848112,85689,84270,3583,87853,1046
2021-08-03,Yolo,113,214977,15508,15149,548,15697,215
2021-08-03,Yuba,115,75493,6957,6781,159,6940,50
2021-08-02,Alameda,001,1643700,99145,96954,2258,99212,1270
2021-08-02,Alpine,003,1148,90,91,0,91,0
2021-08-02,Amador,005,37829,4053,3927,34,3961,48
2021-08-02,Butte,007,227075,13763,13442,2085,15527,205
2021-08-02,Calaveras,009,45235,2413,2347,16,2363,57
2021-08-02,Colusa,011,21464,2070,2019,362,2381,16
2021-08-02,Contra Costa,013,1133247,79379,77516,1559,79075,836
2021-08-02,Del Norte,015,27424,1800,1653,14,1667,8
2021-08-02,El Dorado,017,186661,11589,11226,906,12132,116
2021-08-02,Fresno,019,978130,107567,105471,9324,114795,1744
2021-08-02,Glenn,021,27897,2533,2477,604,3081,20
2021-08-02,Humboldt,023,135768,5481,5161,87,5248,52
2021-08-02,Imperial,025,180216,29526,29302,2819,32121,743
2021-08-02,Inyo,027,18085,1469,1455,13,1468,38
2021-08-02,Kern,029,883053,101103,99556,12293,111849,1357
2021-08-02,Kings,031,150075,24253,23722,1210,24932,249
2021-08-02,Lake,033,64148,4573,4375,16,4391,66
2021-08-02,Lassen,035,31185,5390,5338,125,5463,21
2021-08-02,Los Angeles,037,10098052,1277476,1260807,46915,1307722,24705
2021-08-02,Madera,039,155013,17570,17158,1046,18204,245
2021-08-02,Marin,041,260295,15267,14859,298,15157,239
2021-08-02,Mariposa,043,17540,510,490,11,501,5
2021-08-02,Mendocino,045,87422,4707,4512,103,4615,49
2021-08-02,Merced,047,269075,32422,32163,1144,33307,474
2021-08-02,Modoc,049,8938,431,415,149,564,5
2021-08-02,Mono,051,14174,1311,1296,18,1314,3
2021-08-02,Monterey,053,433212,44233,43842,2056,45898,525
2021-08-02,Napa,055,140530,10675,10490,58,10548,82
2021-08-02,Nevada,057,99092,5956,5611,209,5820,73
2021-08-02,Orange,059,3164182,270458,266050,12394,278444,5146
2021-08-02,Placer,061,380077,26438,25516,1991,27507,306
2021-08-02,Plumas,063,18699,790,762,14,776,5
2021-08-02,Riverside,065,2383286,309432,302756,14803,317559,4562
2021-08-02,Sacramento,067,1510023,119872,117183,2287,119470,1728
2021-08-02,San Benito,069,59416,6329,6276,117,6393,63
2021-08-02,San Bernardino,071,2135413,307032,303000,9490,312490,5253
2021-08-02,San Diego,073,3302833,303473,299021,17440,316461,3798
2021-08-02,San Francisco,075,870044,42986,41553,1647,43200,562
2021-08-02,San Joaquin,077,732212,78759,77447,4029,81476,1461
2021-08-02,San Luis Obispo,079,281455,22626,22093,827,22920,261
2021-08-02,San Mateo,081,765935,45992,45154,635,45789,548
2021-08-02,Santa Barbara,083,443738,36280,35851,1296,37147,469
2021-08-02,Santa Clara,085,1922200,125735,123655,878,124533,2183
2021-08-02,Santa Cruz,087,273765,17090,16746,845,17591,207
2021-08-02,Shasta,089,179085,13387,13049,1794,14843,212
2021-08-02,Sierra,091,2930,78,71,12,83,0
2021-08-02,Siskiyou,093,43540,2103,1992,457,2449,31
2021-08-02,Solano,095,438530,36795,35852,775,36627,260
2021-08-02,Sonoma,097,501317,33944,33132,402,33534,330
2021-08-02,Stanislaus,099,539301,60098,59160,6444,65604,1037
2021-08-02,Sutter,101,95872,10434,10220,110,10330,127
2021-08-02,Tehama,103,63373,5370,5260,636,5896,66
2021-08-02,Trinity,105,12862,518,359,118,477,3
2021-08-02,Tulare,107,460477,51815,50640,9887,60527,854
2021-08-02,Tuolumne,109,53932,4617,4524,45,4569,64
2021-08-02,Ventura,111,848112,85504,84143,3560,87703,1044
2021-08-02,Yolo,113,214977,15410,15072,530,15602,215
2021-08-02,Yuba,115,75493,6915,6743,156,6899,50
2021-08-01,Alameda,001,1643700,98611,96775,2252,99027,1270
2021-08-01,Alpine,003,1148,90,91,0,91,0
2021-08-01,Amador,005,37829,4015,3923,34,3957,48
2021-08-01,Butte,007,227075,13682,13406,2068,15474,205
2021-08-01,Calaveras,009,45235,2389,2341,16,2357,57
2021-08-01,Colusa,011,21464,2059,2014,360,2374,16
2021-08-01,Contra Costa,013,1133247,78943,77360,1551,78911,836
2021-08-01,Del Norte,015,27424,1768,1642,14,1656,8
2021-08-01,El Dorado,017,186661,11488,11189,896,12085,116
2021-08-01,Fresno,019,978130,107241,105339,9277,114616,1744
2021-08-01,Glenn,021,27897,2527,2476,601,3077,20
2021-08-01,Humboldt,023,135768,5404,5118,83,5201,52
2021-08-01,Imperial,025,180216,29491,29297,2813,32110,743
2021-08-01,Inyo,027,18085,1467,1454,13,1467,38
2021-08-01,Kern,029,883053,100826,99396,12219,111615,1357
2021-08-01,Kings,031,150075,24166,23700,1205,24905,249
2021-08-01,Lake,033,64148,4494,4356,16,4372,66
2021-08-01,Lassen,035,31185,5377,5336,123,5459,21
2021-08-01,Los Angeles,037,10098052,1273789,1258461,46691,1305152,24700
2021-08-01,Madera,039,155013,17513,17146,1041,18187,245
2021-08-01,Marin,041,260295,15190,14844,297,15141,239
2021-08-01,Mariposa,043,17540,503,482,11,493,5
2021-08-01,Mendocino,045,87422,4661,4476,99,4575,49
2021-08-01,Merced,047,269075,32330,32144,1138,33282,474
2021-08-01,Modoc,049,8938,429,413,149,562,5
2021-08-01,Mono,051,14174,1308,1294,18,1312,3
2021-08-01,Monterey,053,433212,44185,43808,2043,45851,525
2021-08-01,Napa,055,140530,10627,10473,56,10529,82
2021-08-01,Nevada,057,99092,5869,5561,208,5769,73
2021-08-01,Orange,059,3164182,269645,265467,12351,277818,5146
2021-08-01,Placer,061,380077,26223,25464,1961,27425,306
2021-08-01,Plumas,063,18699,784,761,14,775,5
2021-08-01,Riverside,065,2383286,308499,302256,14785,317041,4562
2021-08-01,Sacramento,067,1510023,119136,116923,2271,119194,1727
2021-08-01,San Benito,069,59416,6312,6271,117,6388,63
2021-08-01,San Bernardino,071,2135413,306096,302542,9479,312021,5248
2021-08-01,San Diego,073,3302833,302287,298002,17375,315377,3798
2021-08-01,San Francisco,075,870044,42648,41432,1634,43066,562
2021-08-01,San Joaquin,077,732212,78393,77338,4002,81340,1461
2021-08-01,San Luis Obispo,079,281455,22523,22083,822,22905,261
2021-08-01,San Mateo,081,765935,45811,45036,627,45663,548
2021-08-01,Santa Barbara,083,443738,36157,35809,1292,37101,469
2021-08-01,Santa Clara,085,1922200,125323,123511,870,124381,2183
2021-08-01,Santa Cruz,087,273765,17011,16709,838,17547,207
2021-08-01,Shasta,089,179085,13316,13036,1785,14821,212
2021-08-01,Sierra,091,2930,76,71,12,83,0
2021-08-01,Siskiyou,093,43540,2097,1989,451,2440,31
2021-08-01,Solano,095,438530,36560,35800,766,36566,260
2021-08-01,Sonoma,097,501317,33752,33076,399,33475,330
2021-08-01,Stanislaus,099,539301,59861,59078,6412,65490,1037
2021-08-01,Sutter,101,95872,10379,10198,107,10305,127
2021-08-01,Tehama,103,63373,5353,5252,632,5884,66
2021-08-01,Trinity,105,12862,515,359,117,476,3
2021-08-01,Tulare,107,460477,51658,50600,9824,60424,854
2021-08-01,Tuolumne,109,53932,4579,4489,45,4534,64
2021-08-01,Ventura,111,848112,85274,84040,3545,87585,1044
2021-08-01,Yolo,113,214977,15338,15042,521,15563,215
2021-08-01,Yuba,115,75493,6878,6721,155,6876,50
2021-07-31,Alameda,001,1643700,98286,95279,2246,97525,1265
2021-07-31,Alpine,003,1148,90,89,0,89,0
2021-07-31,Amador,005,37829,3995,3877,34,3911,48
2021-07-31,Butte,007,227075,13649,13235,2048,15283,205
2021-07-31,Calaveras,009,45235,2380,2294,16,2310,57
2021-07-31,Colusa,011,21464,2053,2006,358,2364,16
2021-07-31,Contra Costa,013,1133247,78664,75866,1549,77415,832
2021-07-31,Del Norte,015,27424,1742,1576,14,1590,8
2021-07-31,El Dorado,017,186661,11435,11017,890,11907,116
2021-07-31,Fresno,019,978130,107082,104639,9263,113902,1744
2021-07-31,Glenn,021,27897,2522,2465,596,3061,20
2021-07-31,Humboldt,023,135768,5349,4978,82,5060,52
2021-07-31,Imperial,025,180216,29474,29164,2810,31974,743
2021-07-31,Inyo,027,18085,1464,1442,13,1455,38
2021-07-31,Kern,029,883053,100661,98903,12160,111063,1357
2021-07-31,Kings,031,150075,24113,23548,1200,24748,248
2021-07-31,Lake,033,64148,4469,4238,16,4254,66
2021-07-31,Lassen,035,31185,5370,5320,123,5443,21
2021-07-31,Los Angeles,037,10098052,1271594,1248545,46543,1295088,24691
2021-07-31,Madera,039,155013,17480,17058,1035,18093,245
2021-07-31,Marin,041,260295,15146,14701,296,14997,239
2021-07-31,Mariposa,043,17540,494,470,11,481,5
2021-07-31,Mendocino,045,87422,4636,4400,96,4496,49
2021-07-31,Merced,047,269075,32282,31959,1133,33092,474
2021-07-31,Modoc,049,8938,429,413,149,562,5
2021-07-31,Mono,051,14174,1306,1287,18,1305,3
2021-07-31,Monterey,053,433212,44146,43720,2033,45753,525
2021-07-31,Napa,055,140530,10607,10401,55,10456,82
2021-07-31,Nevada,057,99092,5830,5373,207,5580,72
2021-07-31,Orange,059,3164182,269071,263446,12332,275778,5144
2021-07-31,Placer,061,380077,26090,25104,1954,27058,306
2021-07-31,Plumas,063,18699,781,743,14,757,5
2021-07-31,Riverside,065,2383286,307883,300315,14775,315090,4554
2021-07-31,Sacramento,067,1510023,118724,115259,2265,117524,1720
2021-07-31,San Benito,069,59416,6301,6251,117,6368,63
2021-07-31,San Bernardino,071,2135413,305527,300726,9476,310202,5240
2021-07-31,San Diego,073,3302833,301614,295054,17329,312383,3798
2021-07-31,San Francisco,075,870044,42424,40412,1614,42026,562
2021-07-31,San Joaquin,077,732212,78228,76575,3989,80564,1443
2021-07-31,San Luis Obispo,079,281455,22469,21922,820,22742,260
2021-07-31,San Mateo,081,765935,45655,44622,622,45244,548
2021-07-31,Santa Barbara,083,443738,36075,35531,1291,36822,467
2021-07-31,Santa Clara,085,1922200,125068,122614,868,123482,2099
2021-07-31,Santa Cruz,087,273765,16972,16576,837,17413,207
2021-07-31,Shasta,089,179085,13279,12918,1777,14695,212
2021-07-31,Sierra,091,2930,76,68,12,80,0
2021-07-31,Siskiyou,093,43540,2088,1976,445,2421,31
2021-07-31,Solano,095,438530,36459,35340,758,36098,263
2021-07-31,Sonoma,097,501317,33626,32601,399,33000,329
2021-07-31,Stanislaus,099,539301,59702,58586,6389,64975,1035
2021-07-31,Sutter,101,95872,10345,10068,106,10174,127
2021-07-31,Tehama,103,63373,5338,5216,629,5845,66
2021-07-31,Trinity,105,12862,514,354,116,470,3
2021-07-31,Tulare,107,460477,51569,50409,9771,60180,854
2021-07-31,Tuolumne,109,53932,4540,4362,45,4407,64
2021-07-31,Ventura,111,848112,85113,83509,3528,87037,1044
2021-07-31,Yolo,113,214977,15290,14863,510,15373,215
2021-07-31,Yuba,115,75493,6855,6615,151,6766,50
2021-07-30,Alameda,001,1643700,97955,95279,2242,97521,1265
2021-07-30,Alpine,003,1148,90,89,0,89,0
2021-07-30,Amador,005,37829,3972,3877,34,3911,48
2021-07-30,Butte,007,227075,13594,13235,2035,15270,205
2021-07-30,Calaveras,009,45235,2370,2294,16,2310,57
2021-07-30,Colusa,011,21464,2049,2006,356,2362,16
2021-07-30,Contra Costa,013,1133247,78420,75866,1545,77411,832
2021-07-30,Del Norte,015,27424,1724,1576,14,1590,8
2021-07-30,El Dorado,017,186661,11402,11017,884,11901,116
2021-07-30,Fresno,019,978130,106888,104639,9251,113890,1744
2021-07-30,Glenn,021,27897,2517,2465,595,3060,20
2021-07-30,Humboldt,023,135768,5285,4978,79,5057,52
2021-07-30,Imperial,025,180216,29460,29164,2807,31971,743
2021-07-30,Inyo,027,18085,1463,1442,13,1455,38
2021-07-30,Kern,029,883053,100536,98903,12113,111016,1357
2021-07-30,Kings,031,150075,24073,23548,1196,24744,248
2021-07-30,Lake,033,64148,4441,4238,16,4254,66
2021-07-30,Lassen,035,31185,5366,5320,123,5443,21
2021-07-30,Los Angeles,037,10098052,1269273,1248545,46392,1294937,24691
2021-07-30,Madera,039,155013,17438,17058,1032,18090,245
2021-07-30,Marin,041,260295,15112,14701,296,14997,239
2021-07-30,Mariposa,043,17540,490,470,11,481,5
2021-07-30,Mendocino,045,87422,4606,4400,95,4495,49
2021-07-30,Merced,047,269075,32241,31959,1129,33088,474
2021-07-30,Modoc,049,8938,427,413,149,562,5
2021-07-30,Mono,051,14174,1301,1287,18,1305,3
2021-07-30,Monterey,053,433212,44112,43720,2024,45744,525
2021-07-30,Napa,055,140530,10585,10401,54,10455,82
2021-07-30,Nevada,057,99092,5773,5373,207,5580,72
2021-07-30,Orange,059,3164182,268445,263446,12306,275752,5144
2021-07-30,Placer,061,380077,26001,25104,1936,27040,306
2021-07-30,Plumas,063,18699,776,743,14,757,5
2021-07-30,Riverside,065,2383286,307246,300315,14765,315080,4554
2021-07-30,Sacramento,067,1510023,118273,115259,2261,117520,1720
2021-07-30,San Benito,069,59416,6294,6251,117,6368,63
2021-07-30,San Bernardino,071,2135413,305013,300726,9470,310196,5240
2021-07-30,San Diego,073,3302833,300841,295054,17271,312325,3798
2021-07-30,San Francisco,075,870044,42210,40412,1599,42011,562
2021-07-30,San Joaquin,077,732212,78074,76575,3984,80559,1443
2021-07-30,San Luis Obispo,079,281455,22431,21922,816,22738,260
2021-07-30,San Mateo,081,765935,45531,44622,609,45231,548
2021-07-30,Santa Barbara,083,443738,36006,35531,1285,36816,467
2021-07-30,Santa Clara,085,1922200,124844,122614,866,123480,2099
2021-07-30,Santa Cruz,087,273765,16946,16576,835,17411,207
2021-07-30,Shasta,089,179085,13231,12918,1777,14695,212
2021-07-30,Sierra,091,2930,75,68,12,80,0
2021-07-30,Siskiyou,093,43540,2079,1976,444,2420,31
2021-07-30,Solano,095,438530,36368,35340,742,36082,263
2021-07-30,Sonoma,097,501317,33531,32601,399,33000,329
2021-07-30,Stanislaus,099,539301,59559,58586,6369,64955,1035
2021-07-30,Sutter,101,95872,10310,10068,106,10174,127
2021-07-30,Tehama,103,63373,5327,5216,629,5845,66
2021-07-30,Trinity,105,12862,514,354,116,470,3
2021-07-30,Tulare,107,460477,51526,50409,9736,60145,854
2021-07-30,Tuolumne,109,53932,4522,4362,45,4407,64
2021-07-30,Ventura,111,848112,84949,83509,3513,87022,1044
2021-07-30,Yolo,113,214977,15229,14863,506,15369,215
2021-07-30,Yuba,115,75493,6819,6615,150,6765,50
2021-07-29,Alameda,001,1643700,97533,95279,2236,97515,1265
2021-07-29,Alpine,003,1148,90,89,0,89,0
2021-07-29,Amador,005,37829,3953,3877,34,3911,48
2021-07-29,Butte,007,227075,13546,13235,2027,15262,205
2021-07-29,Calaveras,009,45235,2356,2294,16,2310,57
2021-07-29,Colusa,011,21464,2042,2006,356,2362,16
2021-07-29,Contra Costa,013,1133247,77983,75866,1541,77407,832
2021-07-29,Del Norte,015,27424,1700,1576,14,1590,8
2021-07-29,El Dorado,017,186661,11338,11017,872,11889,116
2021-07-29,Fresno,019,978130,106623,104639,9223,113862,1744
2021-07-29,Glenn,021,27897,2507,2465,594,3059,20
2021-07-29,Humboldt,023,135768,5225,4978,77,5055,52
2021-07-29,Imperial,025,180216,29414,29164,2805,31969,743
2021-07-29,Inyo,027,18085,1459,1442,13,1455,38
2021-07-29,Kern,029,883053,100330,98903,12035,110938,1357
2021-07-29,Kings,031,150075,24027,23548,1192,24740,248
2021-07-29,Lake,033,64148,4406,4238,16,4254,66
2021-07-29,Lassen,035,31185,5358,5320,120,5440,21
2021-07-29,Los Angeles,037,10098052,1266185,1248545,46206,1294751,24691
2021-07-29,Madera,039,155013,17391,17058,1028,18086,245
2021-07-29,Marin,041,260295,15069,14701,296,14997,239
2021-07-29,Mariposa,043,17540,486,470,11,481,5
2021-07-29,Mendocino,045,87422,4583,4400,93,4493,49
2021-07-29,Merced,047,269075,32186,31959,1129,33088,474
2021-07-29,Modoc,049,8938,427,413,149,562,5
2021-07-29,Mono,051,14174,1299,1287,18,1305,3
2021-07-29,Monterey,053,433212,44063,43720,2014,45734,525
2021-07-29,Napa,055,140530,10553,10401,52,10453,82
2021-07-29,Nevada,057,99092,5721,5373,206,5579,72
2021-07-29,Orange,059,3164182,267733,263446,12274,275720,5144
2021-07-29,Placer,061,380077,25878,25104,1921,27025,306
2021-07-29,Plumas,063,18699,768,743,14,757,5
2021-07-29,Riverside,065,2383286,306541,300315,14741,315056,4554
2021-07-29,Sacramento,067,1510023,117718,115259,2248,117507,1720
2021-07-29,San Benito,069,59416,6283,6251,117,6368,63
2021-07-29,San Bernardino,071,2135413,304374,300726,9460,310186,5240
2021-07-29,San Diego,073,3302833,299782,295054,17204,312258,3798
2021-07-29,San Francisco,075,870044,41963,40412,1578,41990,562
2021-07-29,San Joaquin,077,732212,77818,76575,3976,80551,1443
2021-07-29,San Luis Obispo,079,281455,22377,21922,814,22736,260
2021-07-29,San Mateo,081,765935,45404,44622,599,45221,548
2021-07-29,Santa Barbara,083,443738,35921,35531,1284,36815,467
2021-07-29,Santa Clara,085,1922200,124547,122614,863,123477,2099
2021-07-29,Santa Cruz,087,273765,16893,16576,833,17409,207
2021-07-29,Shasta,089,179085,13177,12918,1768,14686,212
2021-07-29,Sierra,091,2930,75,68,12,80,0
2021-07-29,Siskiyou,093,43540,2074,1976,442,2418,31
2021-07-29,Solano,095,438530,36208,35340,732,36072,263
2021-07-29,Sonoma,097,501317,33356,32601,397,32998,329
2021-07-29,Stanislaus,099,539301,59387,58586,6352,64938,1035
2021-07-29,Sutter,101,95872,10264,10068,105,10173,127
2021-07-29,Tehama,103,63373,5315,5216,623,5839,66
2021-07-29,Trinity,105,12862,512,354,115,469,3
2021-07-29,Tulare,107,460477,51436,50409,9696,60105,854
2021-07-29,Tuolumne,109,53932,4482,4362,44,4406,64
2021-07-29,Ventura,111,848112,84783,83509,3506,87015,1044
2021-07-29,Yolo,113,214977,15161,14863,492,15355,215
2021-07-29,Yuba,115,75493,6771,6615,147,6762,50
2021-07-28,Alameda,001,1643700,97064,94965,2229,97194,1262
2021-07-28,Alpine,003,1148,90,89,0,89,0
2021-07-28,Amador,005,37829,3939,3870,34,3904,48
2021-07-28,Butte,007,227075,13489,13184,2014,15198,205
2021-07-28,Calaveras,009,45235,2336,2289,16,2305,57
2021-07-28,Colusa,011,21464,2038,2001,355,2356,16
2021-07-28,Contra Costa,013,1133247,77496,75487,1533,77020,832
2021-07-28,Del Norte,015,27424,1667,1545,14,1559,8
2021-07-28,El Dorado,017,186661,11289,10967,862,11829,116
2021-07-28,Fresno,019,978130,106375,104458,9202,113660,1744
2021-07-28,Glenn,021,27897,2504,2464,591,3055,20
2021-07-28,Humboldt,023,135768,5174,4946,76,5022,52
2021-07-28,Imperial,025,180216,29367,29096,2805,31901,743
2021-07-28,Inyo,027,18085,1453,1439,12,1451,38
2021-07-28,Kern,029,883053,100173,98781,11988,110769,1352
2021-07-28,Kings,031,150075,23963,23503,1182,24685,248
2021-07-28,Lake,033,64148,4360,4191,15,4206,65
2021-07-28,Lassen,035,31185,5350,5318,120,5438,21
2021-07-28,Los Angeles,037,10098052,1263023,1245485,46019,1291504,24673
2021-07-28,Madera,039,155013,17350,17024,1022,18046,245
2021-07-28,Marin,041,260295,15014,14652,296,14948,239
2021-07-28,Mariposa,043,17540,479,469,11,480,5
2021-07-28,Mendocino,045,87422,4555,4377,93,4470,49
2021-07-28,Merced,047,269075,32130,31886,1125,33011,474
2021-07-28,Modoc,049,8938,425,413,149,562,5
2021-07-28,Mono,051,14174,1298,1286,18,1304,3
2021-07-28,Monterey,053,433212,44016,43668,2004,45672,524
2021-07-28,Napa,055,140530,10513,10376,50,10426,82
2021-07-28,Nevada,057,99092,5667,5320,206,5526,72
2021-07-28,Orange,059,3164182,266940,262735,12244,274979,5143
2021-07-28,Placer,061,380077,25731,24978,1905,26883,306
2021-07-28,Plumas,063,18699,763,754,14,768,5
2021-07-28,Riverside,065,2383286,305773,299611,14722,314333,4554
2021-07-28,Sacramento,067,1510023,117067,114665,2228,116893,1714
2021-07-28,San Benito,069,59416,6272,6236,117,6353,63
2021-07-28,San Bernardino,071,2135413,303744,300121,9448,309569,5236
2021-07-28,San Diego,073,3302833,298500,294176,17138,311314,3798
2021-07-28,San Francisco,075,870044,41628,40144,1552,41696,561
2021-07-28,San Joaquin,077,732212,77567,76312,3946,80258,1443
2021-07-28,San Luis Obispo,079,281455,22318,21865,813,22678,260
2021-07-28,San Mateo,081,765935,45254,44477,590,45067,547
2021-07-28,Santa Barbara,083,443738,35845,35431,1279,36710,467
2021-07-28,Santa Clara,085,1922200,124286,122345,861,123206,2099
2021-07-28,Santa Cruz,087,273765,16855,16551,832,17383,207
2021-07-28,Shasta,089,179085,13133,12882,1758,14640,212
2021-07-28,Sierra,091,2930,71,67,12,79,0
2021-07-28,Siskiyou,093,43540,2065,1971,439,2410,31
2021-07-28,Solano,095,438530,36034,35204,725,35929,262
2021-07-28,Sonoma,097,501317,33213,32434,394,32828,328
2021-07-28,Stanislaus,099,539301,59188,58427,6336,64763,1035
2021-07-28,Sutter,101,95872,10232,10033,104,10137,126
2021-07-28,Tehama,103,63373,5303,5209,620,5829,66
2021-07-28,Trinity,105,12862,511,352,115,467,3
2021-07-28,Tulare,107,460477,51348,50363,9649,60012,854
2021-07-28,Tuolumne,109,53932,4443,4313,44,4357,64
2021-07-28,Ventura,111,848112,84587,83360,3490,86850,1043
2021-07-28,Yolo,113,214977,15089,14801,483,15284,215
2021-07-28,Yuba,115,75493,6738,6591,146,6737,51
2021-07-27,Alameda,001,1643700,96660,94682,2220,96902,1256
2021-07-27,Alpine,003,1148,90,89,0,89,0
2021-07-27,Amador,005,37829,3923,3861,34,3895,48
2021-07-27,Butte,007,227075,13440,13127,2003,15130,205
2021-07-27,Calaveras,009,45235,2326,2280,16,2296,57
2021-07-27,Colusa,011,21464,2030,1999,354,2353,16
2021-07-27,Contra Costa,013,1133247,77008,75227,1529,76756,830
2021-07-27,Del Norte,015,27424,1647,1538,14,1552,8
2021-07-27,El Dorado,017,186661,11229,10941,852,11793,116
2021-07-27,Fresno,019,978130,106082,104288,9178,113466,1746
2021-07-27,Glenn,021,27897,2496,2460,589,3049,20
2021-07-27,Humboldt,023,135768,5120,4925,75,5000,52
2021-07-27,Imperial,025,180216,29322,29048,2804,31852,743
2021-07-27,Inyo,027,18085,1451,1430,12,1442,38
2021-07-27,Kern,029,883053,100003,98724,11932,110656,1352
2021-07-27,Kings,031,150075,23906,23463,1172,24635,248
2021-07-27,Lake,033,64148,4321,4157,15,4172,65
2021-07-27,Lassen,035,31185,5344,5315,120,5435,21
2021-07-27,Los Angeles,037,10098052,1259568,1243336,45806,1289142,24658
2021-07-27,Madera,039,155013,17297,16998,1017,18015,245
2021-07-27,Marin,041,260295,14966,14631,293,14924,239
2021-07-27,Mariposa,043,17540,476,468,11,479,5
2021-07-27,Mendocino,045,87422,4532,4371,93,4464,49
2021-07-27,Merced,047,269075,32063,31825,1122,32947,473
2021-07-27,Modoc,049,8938,424,413,149,562,5
2021-07-27,Mono,051,14174,1294,1288,18,1306,3
2021-07-27,Monterey,053,433212,43976,43646,1993,45639,523
2021-07-27,Napa,055,140530,10483,10354,50,10404,82
2021-07-27,Nevada,057,99092,5590,5305,204,5509,72
2021-07-27,Orange,059,3164182,266196,262193,12219,274412,5143
2021-07-27,Placer,061,380077,25572,24916,1879,26795,306
2021-07-27,Plumas,063,18699,760,752,14,766,5
2021-07-27,Riverside,065,2383286,305042,299160,14703,313863,4554
2021-07-27,Sacramento,067,1510023,116464,114413,2219,116632,1710
2021-07-27,San Benito,069,59416,6263,6229,117,6346,63
2021-07-27,San Bernardino,071,2135413,303037,299593,9426,309019,5236
2021-07-27,San Diego,073,3302833,297409,293408,17064,310472,3798
2021-07-27,San Francisco,075,870044,41269,39939,1534,41473,561
2021-07-27,San Joaquin,077,732212,77304,76166,3926,80092,1442
2021-07-27,San Luis Obispo,079,281455,22263,21803,804,22607,260
2021-07-27,San Mateo,081,765935,45103,44378,587,44965,547
2021-07-27,Santa Barbara,083,443738,35747,35355,1277,36632,467
2021-07-27,Santa Clara,085,1922200,123992,122154,859,123013,2099
2021-07-27,Santa Cruz,087,273765,16809,16523,831,17354,207
2021-07-27,Shasta,089,179085,13083,12846,1745,14591,212
2021-07-27,Sierra,091,2930,71,65,12,77,0
2021-07-27,Siskiyou,093,43540,2060,1964,436,2400,31
2021-07-27,Solano,095,438530,35902,35093,715,35808,261
2021-07-27,Sonoma,097,501317,33068,32367,392,32759,328
2021-07-27,Stanislaus,099,539301,59019,58333,6309,64642,1033
2021-07-27,Sutter,101,95872,10191,9998,104,10102,115
2021-07-27,Tehama,103,63373,5282,5192,618,5810,66
2021-07-27,Trinity,105,12862,510,351,115,466,3
2021-07-27,Tulare,107,460477,51280,50324,9618,59942,854
2021-07-27,Tuolumne,109,53932,4391,4282,44,4326,64
2021-07-27,Ventura,111,848112,84379,83189,3478,86667,1043
2021-07-27,Yolo,113,214977,15015,14759,477,15236,215
2021-07-27,Yuba,115,75493,6716,6564,144,6708,51
2021-07-26,Alameda,001,1643700,96217,94436,2214,96650,1259
2021-07-26,Alpine,003,1148,90,89,0,89,0
2021-07-26,Amador,005,37829,3913,3854,34,3888,48
2021-07-26,Butte,007,227075,13385,13082,1992,15074,203
2021-07-26,Calaveras,009,45235,2320,2276,16,2292,57
2021-07-26,Colusa,011,21464,2023,1996,352,2348,16
2021-07-26,Contra Costa,013,1133247,76507,74854,1522,76376,830
2021-07-26,Del Norte,015,27424,1626,1530,14,1544,8
2021-07-26,El Dorado,017,186661,11165,10899,849,11748,116
2021-07-26,Fresno,019,978130,105878,104143,9154,113297,1742
2021-07-26,Glenn,021,27897,2494,2461,588,3049,20
2021-07-26,Humboldt,023,135768,5081,4906,73,4979,52
2021-07-26,Imperial,025,180216,29282,29034,2804,31838,743
2021-07-26,Inyo,027,18085,1446,1429,12,1441,38
2021-07-26,Kern,029,883053,99837,98633,11867,110500,1351
2021-07-26,Kings,031,150075,23857,23426,1168,24594,247
2021-07-26,Lake,033,64148,4300,4133,15,4148,65
2021-07-26,Lassen,035,31185,5340,5314,120,5434,21
2021-07-26,Los Angeles,037,10098052,1256234,1241527,45632,1287159,24647
2021-07-26,Madera,039,155013,17269,16971,1010,17981,245
2021-07-26,Marin,041,260295,14909,14579,292,14871,239
2021-07-26,Mariposa,043,17540,475,467,11,478,5
2021-07-26,Mendocino,045,87422,4511,4354,93,4447,49
2021-07-26,Merced,047,269075,31972,31774,1118,32892,473
2021-07-26,Modoc,049,8938,424,413,149,562,5
2021-07-26,Mono,051,14174,1293,1286,18,1304,3
2021-07-26,Monterey,053,433212,43933,43595,1980,45575,521
2021-07-26,Napa,055,140530,10460,10332,50,10382,82
2021-07-26,Nevada,057,99092,5504,5280,204,5484,72
2021-07-26,Orange,059,3164182,265558,261803,12198,274001,5142
2021-07-26,Placer,061,380077,25436,24842,1858,26700,304
2021-07-26,Plumas,063,18699,756,750,14,764,5
2021-07-26,Riverside,065,2383286,304348,298626,14689,313315,4553
2021-07-26,Sacramento,067,1510023,115865,113986,2203,116189,1705
2021-07-26,San Benito,069,59416,6257,6222,117,6339,63
2021-07-26,San Bernardino,071,2135413,302425,299238,9414,308652,5237
2021-07-26,San Diego,073,3302833,296297,292688,16987,309675,3793
2021-07-26,San Francisco,075,870044,40915,39800,1508,41308,561
2021-07-26,San Joaquin,077,732212,77069,76033,3922,79955,1440
2021-07-26,San Luis Obispo,079,281455,22214,21752,801,22553,260
2021-07-26,San Mateo,081,765935,44954,44297,578,44875,547
2021-07-26,Santa Barbara,083,443738,35675,35311,1265,36576,467
2021-07-26,Santa Clara,085,1922200,123683,121978,850,122828,2099
2021-07-26,Santa Cruz,087,273765,16769,16493,828,17321,207
2021-07-26,Shasta,089,179085,13034,12819,1732,14551,211
2021-07-26,Sierra,091,2930,70,65,12,77,0
2021-07-26,Siskiyou,093,43540,2057,1962,434,2396,31
2021-07-26,Solano,095,438530,35747,34990,707,35697,259
2021-07-26,Sonoma,097,501317,32933,32283,390,32673,328
2021-07-26,Stanislaus,099,539301,58874,58219,6290,64509,1033
2021-07-26,Sutter,101,95872,10151,9963,101,10064,115
2021-07-26,Tehama,103,63373,5272,5183,614,5797,66
2021-07-26,Trinity,105,12862,510,351,114,465,3
2021-07-26,Tulare,107,460477,51215,50265,9587,59852,854
2021-07-26,Tuolumne,109,53932,4360,4271,44,4315,64
2021-07-26,Ventura,111,848112,84206,83072,3463,86535,1041
2021-07-26,Yolo,113,214977,14954,14727,465,15192,215
2021-07-26,Yuba,115,75493,6682,6538,142,6680,51
2021-07-25,Alameda,001,1643700,95725,94146,2208,96354,1259
2021-07-25,Alpine,003,1148,88,89,0,89,0
2021-07-25,Amador,005,37829,3898,3848,34,3882,48
2021-07-25,Butte,007,227075,13346,13074,1982,15056,203
2021-07-25,Calaveras,009,45235,2311,2275,16,2291,57
2021-07-25,Colusa,011,21464,2014,1996,348,2344,16
2021-07-25,Contra Costa,013,1133247,76023,74634,1508,76142,830
2021-07-25,Del Norte,015,27424,1605,1526,14,1540,8
2021-07-25,El Dorado,017,186661,11107,10878,846,11724,116
2021-07-25,Fresno,019,978130,105637,104019,9138,113157,1742
2021-07-25,Glenn,021,27897,2485,2461,586,3047,20
2021-07-25,Humboldt,023,135768,5022,4892,72,4964,52
2021-07-25,Imperial,025,180216,29245,29037,2804,31841,743
2021-07-25,Inyo,027,18085,1441,1427,12,1439,38
2021-07-25,Kern,029,883053,99665,98503,11796,110299,1351
2021-07-25,Kings,031,150075,23803,23396,1164,24560,247
2021-07-25,Lake,033,64148,4247,4109,14,4123,65
2021-07-25,Lassen,035,31185,5335,5314,120,5434,21
2021-07-25,Los Angeles,037,10098052,1252823,1239596,45434,1285030,24643
2021-07-25,Madera,039,155013,17232,16947,1003,17950,245
2021-07-25,Marin,041,260295,14859,14558,289,14847,239
2021-07-25,Mariposa,043,17540,472,465,11,476,5
2021-07-25,Mendocino,045,87422,4482,4335,91,4426,49
2021-07-25,Merced,047,269075,31899,31760,1116,32876,473
2021-07-25,Modoc,049,8938,424,413,149,562,5
2021-07-25,Mono,051,14174,1290,1286,18,1304,3
2021-07-25,Monterey,053,433212,43894,43590,1972,45562,521
2021-07-25,Napa,055,140530,10424,10316,49,10365,82
2021-07-25,Nevada,057,99092,5439,5256,201,5457,72
2021-07-25,Orange,059,3164182,264850,261351,12175,273526,5142
2021-07-25,Placer,061,380077,25314,24755,1837,26592,304
2021-07-25,Plumas,063,18699,754,750,14,764,5
2021-07-25,Riverside,065,2383286,303584,298181,14671,312852,4553
2021-07-25,Sacramento,067,1510023,115315,113611,2187,115798,1704
2021-07-25,San Benito,069,59416,6250,6217,117,6334,63
2021-07-25,San Bernardino,071,2135413,301771,298982,9408,308390,5237
2021-07-25,San Diego,073,3302833,295229,290626,16917,307543,3793
2021-07-25,San Francisco,075,870044,40578,39663,1483,41146,561
2021-07-25,San Joaquin,077,732212,76814,75926,3903,79829,1440
2021-07-25,San Luis Obispo,079,281455,22141,21741,798,22539,260
2021-07-25,San Mateo,081,765935,44791,44189,572,44761,547
2021-07-25,Santa Barbara,083,443738,35596,35261,1262,36523,467
2021-07-25,Santa Clara,085,1922200,123353,121800,845,122645,2099
2021-07-25,Santa Cruz,087,273765,16722,16474,827,17301,207
2021-07-25,Shasta,089,179085,12987,12815,1727,14542,211
2021-07-25,Sierra,091,2930,70,65,12,77,0
2021-07-25,Siskiyou,093,43540,2049,1963,431,2394,31
2021-07-25,Solano,095,438530,35553,34863,704,35567,259
2021-07-25,Sonoma,097,501317,32808,32202,387,32589,328
2021-07-25,Stanislaus,099,539301,58707,58154,6285,64439,1033
2021-07-25,Sutter,101,95872,10098,9937,99,10036,115
2021-07-25,Tehama,103,63373,5256,5181,613,5794,66
2021-07-25,Trinity,105,12862,508,351,112,463,3
2021-07-25,Tulare,107,460477,51138,50221,9549,59770,854
2021-07-25,Tuolumne,109,53932,4308,4267,44,4311,64
2021-07-25,Ventura,111,848112,83992,82986,3440,86426,1041
2021-07-25,Yolo,113,214977,14893,14693,452,15145,215
2021-07-25,Yuba,115,75493,6649,6519,142,6661,51
2021-07-24,Alameda,001,1643700,95449,93170,2204,95374,1259
2021-07-24,Alpine,003,1148,88,89,0,89,0
2021-07-24,Amador,005,37829,3889,3816,34,3850,48
2021-07-24,Butte,007,227075,13317,12982,1980,14962,203
2021-07-24,Calaveras,009,45235,2306,2267,16,2283,57
2021-07-24,Colusa,011,21464,2013,1992,346,2338,16
2021-07-24,Contra Costa,013,1133247,75797,73682,1505,75187,830
2021-07-24,Del Norte,015,27424,1594,1497,14,1511,8
2021-07-24,El Dorado,017,186661,11073,10773,843,11616,116
2021-07-24,Fresno,019,978130,105519,103637,9128,112765,1736
2021-07-24,Glenn,021,27897,2483,2457,586,3043,20
2021-07-24,Humboldt,023,135768,4987,4780,71,4851,52
2021-07-24,Imperial,025,180216,29225,28996,2804,31800,742
2021-07-24,Inyo,027,18085,1438,1424,12,1436,38
2021-07-24,Kern,029,883053,99586,98261,11774,110035,1350
2021-07-24,Kings,031,150075,23772,23304,1161,24465,246
2021-07-24,Lake,033,64148,4224,3963,14,3977,64
2021-07-24,Lassen,035,31185,5334,5311,120,5431,21
2021-07-24,Los Angeles,037,10098052,1251049,1232164,45300,1277464,24623
2021-07-24,Madera,039,155013,17208,16885,1001,17886,245
2021-07-24,Marin,041,260295,14820,14454,289,14743,238
2021-07-24,Mariposa,043,17540,472,453,11,464,5
2021-07-24,Mendocino,045,87422,4457,4293,91,4384,49
2021-07-24,Merced,047,269075,31877,31661,1115,32776,473
2021-07-24,Modoc,049,8938,424,413,149,562,5
2021-07-24,Mono,051,14174,1288,1284,18,1302,3
2021-07-24,Monterey,053,433212,43869,43525,1965,45490,521
2021-07-24,Napa,055,140530,10408,10230,49,10279,81
2021-07-24,Nevada,057,99092,5407,5183,201,5384,72
2021-07-24,Orange,059,3164182,264386,259973,12163,272136,5141
2021-07-24,Placer,061,380077,25231,24530,1832,26362,303
2021-07-24,Plumas,063,18699,753,737,14,751,4
2021-07-24,Riverside,065,2383286,303116,296912,14661,311573,4552
2021-07-24,Sacramento,067,1510023,115000,112438,2183,114621,1698
2021-07-24,San Benito,069,59416,6246,6200,116,6316,63
2021-07-24,San Bernardino,071,2135413,301381,297899,9399,307298,5236
2021-07-24,San Diego,073,3302833,294762,289368,16889,306257,3788
2021-07-24,San Francisco,075,870044,40413,38954,1466,40420,561
2021-07-24,San Joaquin,077,732212,76686,75461,3892,79353,1436
2021-07-24,San Luis Obispo,079,281455,22110,21616,796,22412,260
2021-07-24,San Mateo,081,765935,44673,43880,566,44446,542
2021-07-24,Santa Barbara,083,443738,35536,35071,1258,36329,465
2021-07-24,Santa Clara,085,1922200,123141,121092,844,121936,2099
2021-07-24,Santa Cruz,087,273765,16699,16416,827,17243,207
2021-07-24,Shasta,089,179085,12959,12759,1724,14483,211
2021-07-24,Sierra,091,2930,69,64,12,76,0
2021-07-24,Siskiyou,093,43540,2049,1951,431,2382,31
2021-07-24,Solano,095,438530,35461,34499,695,35194,259
2021-07-24,Sonoma,097,501317,32684,31928,385,32313,327
2021-07-24,Stanislaus,099,539301,58615,57879,6275,64154,1030
2021-07-24,Sutter,101,95872,10071,9890,99,9989,115
2021-07-24,Tehama,103,63373,5249,5166,611,5777,65
2021-07-24,Trinity,105,12862,508,345,112,457,3
2021-07-24,Tulare,107,460477,51095,50104,9531,59635,854
2021-07-24,Tuolumne,109,53932,4282,4216,44,4260,64
2021-07-24,Ventura,111,848112,83865,82687,3423,86110,1041
2021-07-24,Yolo,113,214977,14855,14557,449,15006,214
2021-07-24,Yuba,115,75493,6630,6449,142,6591,51
2021-07-23,Alameda,001,1643700,95197,93170,2199,95369,1259
2021-07-23,Alpine,003,1148,88,89,0,89,0
2021-07-23,Amador,005,37829,3882,3816,34,3850,48
2021-07-23,Butte,007,227075,13288,12982,1972,14954,203
2021-07-23,Calaveras,009,45235,2296,2267,16,2283,57
2021-07-23,Colusa,011,21464,2012,1992,346,2338,16
2021-07-23,Contra Costa,013,1133247,75539,73682,1495,75177,830
2021-07-23,Del Norte,015,27424,1586,1497,14,1511,8
2021-07-23,El Dorado,017,186661,11044,10773,839,11612,116
2021-07-23,Fresno,019,978130,105388,103637,9118,112755,1736
2021-07-23,Glenn,021,27897,2481,2457,583,3040,20
2021-07-23,Humboldt,023,135768,4965,4780,68,4848,52
2021-07-23,Imperial,025,180216,29213,28996,2804,31800,742
2021-07-23,Inyo,027,18085,1435,1424,12,1436,38
2021-07-23,Kern,029,883053,99503,98261,11748,110009,1350
2021-07-23,Kings,031,150075,23741,23304,1158,24462,246
2021-07-23,Lake,033,64148,4194,3963,14,3977,64
2021-07-23,Lassen,035,31185,5332,5311,120,5431,21
2021-07-23,Los Angeles,037,10098052,1249116,1232164,45188,1277352,24623
2021-07-23,Madera,039,155013,17178,16885,996,17881,245
2021-07-23,Marin,041,260295,14783,14454,287,14741,238
2021-07-23,Mariposa,043,17540,469,453,11,464,5
2021-07-23,Mendocino,045,87422,4444,4293,91,4384,49
2021-07-23,Merced,047,269075,31852,31661,1115,32776,473
2021-07-23,Modoc,049,8938,424,413,149,562,5
2021-07-23,Mono,051,14174,1287,1284,18,1302,3
2021-07-23,Monterey,053,433212,43844,43525,1965,45490,521
2021-07-23,Napa,055,140530,10387,10230,49,10279,81
2021-07-23,Nevada,057,99092,5363,5183,201,5384,72
2021-07-23,Orange,059,3164182,263936,259973,12140,272113,5141
2021-07-23,Placer,061,380077,25151,24530,1816,26346,303
2021-07-23,Plumas,063,18699,751,737,14,751,4
2021-07-23,Riverside,065,2383286,302651,296912,14649,311561,4552
2021-07-23,Sacramento,067,1510023,114647,112438,2181,114619,1698
2021-07-23,San Benito,069,59416,6240,6200,116,6316,63
2021-07-23,San Bernardino,071,2135413,301004,297899,9390,307289,5236
2021-07-23,San Diego,073,3302833,294155,289368,16842,306210,3788
2021-07-23,San Francisco,075,870044,40230,38954,1453,40407,561
2021-07-23,San Joaquin,077,732212,76582,75461,3877,79338,1436
2021-07-23,San Luis Obispo,079,281455,22071,21616,796,22412,260
2021-07-23,San Mateo,081,765935,44568,43880,561,44441,542
2021-07-23,Santa Barbara,083,443738,35471,35071,1257,36328,465
2021-07-23,Santa Clara,085,1922200,122922,121092,841,121933,2099
2021-07-23,Santa Cruz,087,273765,16674,16416,827,17243,207
2021-07-23,Shasta,089,179085,12932,12759,1721,14480,211
2021-07-23,Sierra,091,2930,69,64,12,76,0
2021-07-23,Siskiyou,093,43540,2047,1951,431,2382,31
2021-07-23,Solano,095,438530,35368,34499,691,35190,259
2021-07-23,Sonoma,097,501317,32590,31928,384,32312,327
2021-07-23,Stanislaus,099,539301,58539,57879,6266,64145,1030
2021-07-23,Sutter,101,95872,10042,9890,99,9989,115
2021-07-23,Tehama,103,63373,5240,5166,611,5777,65
2021-07-23,Trinity,105,12862,507,345,111,456,3
2021-07-23,Tulare,107,460477,51050,50104,9506,59610,854
2021-07-23,Tuolumne,109,53932,4260,4216,44,4260,64
2021-07-23,Ventura,111,848112,83703,82687,3405,86092,1041
2021-07-23,Yolo,113,214977,14818,14557,442,14999,214
2021-07-23,Yuba,115,75493,6604,6449,141,6590,51
2021-07-22,Alameda,001,1643700,94845,93170,2194,95364,1259
2021-07-22,Alpine,003,1148,88,89,0,89,0
2021-07-22,Amador,005,37829,3873,3816,34,3850,48
2021-07-22,Butte,007,227075,13254,12982,1963,14945,203
2021-07-22,Calaveras,009,45235,2286,2267,16,2283,57
2021-07-22,Colusa,011,21464,2010,1992,343,2335,16
2021-07-22,Contra Costa,013,1133247,75199,73682,1490,75172,830
2021-07-22,Del Norte,015,27424,1569,1497,14,1511,8
2021-07-22,El Dorado,017,186661,11009,10773,831,11604,116
2021-07-22,Fresno,019,978130,105259,103637,9108,112745,1736
2021-07-22,Glenn,021,27897,2477,2457,583,3040,20
2021-07-22,Humboldt,023,135768,4934,4780,66,4846,52
2021-07-22,Imperial,025,180216,29183,28996,2804,31800,742
2021-07-22,Inyo,027,18085,1433,1424,12,1436,38
2021-07-22,Kern,029,883053,99387,98261,11706,109967,1350
2021-07-22,Kings,031,150075,23702,23304,1156,24460,246
2021-07-22,Lake,033,64148,4143,3963,14,3977,64
2021-07-22,Lassen,035,31185,5329,5311,120,5431,21
2021-07-22,Los Angeles,037,10098052,1246694,1232164,45001,1277165,24623
2021-07-22,Madera,039,155013,17143,16885,994,17879,245
2021-07-22,Marin,041,260295,14742,14454,286,14740,238
2021-07-22,Mariposa,043,17540,462,453,11,464,5
2021-07-22,Mendocino,045,87422,4431,4293,90,4383,49
2021-07-22,Merced,047,269075,31810,31661,1113,32774,473
2021-07-22,Modoc,049,8938,424,413,149,562,5
2021-07-22,Mono,051,14174,1286,1284,18,1302,3
2021-07-22,Monterey,053,433212,43815,43525,1959,45484,521
2021-07-22,Napa,055,140530,10369,10230,49,10279,81
2021-07-22,Nevada,057,99092,5337,5183,200,5383,72
2021-07-22,Orange,059,3164182,263382,259973,12131,272104,5141
2021-07-22,Placer,061,380077,25057,24530,1805,26335,303
2021-07-22,Plumas,063,18699,750,737,14,751,4
2021-07-22,Riverside,065,2383286,302142,296912,14628,311540,4552
2021-07-22,Sacramento,067,1510023,114209,112438,2172,114610,1698
2021-07-22,San Benito,069,59416,6232,6200,116,6316,63
2021-07-22,San Bernardino,071,2135413,300606,297899,9374,307273,5236
2021-07-22,San Diego,073,3302833,293425,289368,16784,306152,3788
2021-07-22,San Francisco,075,870044,40017,38954,1441,40395,561
2021-07-22,San Joaquin,077,732212,76439,75461,3864,79325,1436
2021-07-22,San Luis Obispo,079,281455,22034,21616,792,22408,260
2021-07-22,San Mateo,081,765935,44456,43880,556,44436,542
2021-07-22,Santa Barbara,083,443738,35406,35071,1255,36326,465
2021-07-22,Santa Clara,085,1922200,122680,121092,838,121930,2099
2021-07-22,Santa Cruz,087,273765,16637,16416,826,17242,207
2021-07-22,Shasta,089,179085,12908,12759,1717,14476,211
2021-07-22,Sierra,091,2930,67,64,12,76,0
2021-07-22,Siskiyou,093,43540,2044,1951,431,2382,31
2021-07-22,Solano,095,438530,35218,34499,684,35183,259
2021-07-22,Sonoma,097,501317,32480,31928,382,32310,327
2021-07-22,Stanislaus,099,539301,58411,57879,6254,64133,1030
2021-07-22,Sutter,101,95872,10021,9890,99,9989,115
2021-07-22,Tehama,103,63373,5234,5166,611,5777,65
2021-07-22,Trinity,105,12862,507,345,111,456,3
2021-07-22,Tulare,107,460477,51007,50104,9478,59582,854
2021-07-22,Tuolumne,109,53932,4248,4216,44,4260,64
2021-07-22,Ventura,111,848112,83569,82687,3392,86079,1041
2021-07-22,Yolo,113,214977,14780,14557,441,14998,214
2021-07-22,Yuba,115,75493,6573,6449,138,6587,51
2021-07-21,Alameda,001,1643700,94526,92840,2190,95030,1256
2021-07-21,Alpine,003,1148,88,89,0,89,0
2021-07-21,Amador,005,37829,3860,3813,34,3847,48
2021-07-21,Butte,007,227075,13213,12939,1958,14897,203
2021-07-21,Calaveras,009,45235,2282,2257,16,2273,57
2021-07-21,Colusa,011,21464,2006,1988,342,2330,16
2021-07-21,Contra Costa,013,1133247,74935,73320,1481,74801,827
2021-07-21,Del Norte,015,27424,1559,1492,14,1506,8
2021-07-21,El Dorado,017,186661,10974,10742,827,11569,116
2021-07-21,Fresno,019,978130,105111,103504,9099,112603,1736
2021-07-21,Glenn,021,27897,2475,2455,582,3037,20
2021-07-21,Humboldt,023,135768,4902,4763,64,4827,52
2021-07-21,Imperial,025,180216,29171,28964,2801,31765,742
2021-07-21,Inyo,027,18085,1433,1423,12,1435,38
2021-07-21,Kern,029,883053,99269,98152,11665,109817,1350
2021-07-21,Kings,031,150075,23674,23270,1152,24422,246
2021-07-21,Lake,033,64148,4078,3896,14,3910,64
2021-07-21,Lassen,035,31185,5326,5310,120,5430,21
2021-07-21,Los Angeles,037,10098052,1244190,1229598,44861,1274459,24609
2021-07-21,Madera,039,155013,17119,16858,991,17849,245
2021-07-21,Marin,041,260295,14692,14427,286,14713,238
2021-07-21,Mariposa,043,17540,458,449,11,460,5
2021-07-21,Mendocino,045,87422,4413,4274,90,4364,49
2021-07-21,Merced,047,269075,31771,31607,1109,32716,473
2021-07-21,Modoc,049,8938,424,413,149,562,5
2021-07-21,Mono,051,14174,1283,1282,18,1300,3
2021-07-21,Monterey,053,433212,43785,43502,1955,45457,515
2021-07-21,Napa,055,140530,10343,10209,49,10258,81
2021-07-21,Nevada,057,99092,5302,5152,200,5352,72
2021-07-21,Orange,059,3164182,262830,259615,12100,271715,5139
2021-07-21,Placer,061,380077,24948,24441,1794,26235,303
2021-07-21,Plumas,063,18699,750,736,14,750,4
2021-07-21,Riverside,065,2383286,301629,296419,14611,311030,4552
2021-07-21,Sacramento,067,1510023,113787,112043,2161,114204,1696
2021-07-21,San Benito,069,59416,6222,6196,116,6312,63
2021-07-21,San Bernardino,071,2135413,300160,297519,9366,306885,5230
2021-07-21,San Diego,073,3302833,292573,288682,16722,305404,3787
2021-07-21,San Francisco,075,870044,39793,38699,1436,40135,559
2021-07-21,San Joaquin,077,732212,76250,75288,3852,79140,1434
2021-07-21,San Luis Obispo,079,281455,21997,21579,789,22368,260
2021-07-21,San Mateo,081,765935,44363,43755,552,44307,542
2021-07-21,Santa Barbara,083,443738,35347,34998,1239,36237,465
2021-07-21,Santa Clara,085,1922200,122470,120838,836,121674,2099
2021-07-21,Santa Cruz,087,273765,16603,16407,826,17233,207
2021-07-21,Shasta,089,179085,12875,12751,1714,14465,211
2021-07-21,Sierra,091,2930,67,64,12,76,0
2021-07-21,Siskiyou,093,43540,2042,1943,429,2372,31
2021-07-21,Solano,095,438530,35061,34374,679,35053,258
2021-07-21,Sonoma,097,501317,32364,31789,382,32171,327
2021-07-21,Stanislaus,099,539301,58308,57774,6244,64018,1028
2021-07-21,Sutter,101,95872,9997,9862,99,9961,113
2021-07-21,Tehama,103,63373,5230,5161,611,5772,65
2021-07-21,Trinity,105,12862,505,345,110,455,3
2021-07-21,Tulare,107,460477,50948,50066,9452,59518,854
2021-07-21,Tuolumne,109,53932,4211,4156,44,4200,64
2021-07-21,Ventura,111,848112,83447,82573,3380,85953,1041
2021-07-21,Yolo,113,214977,14738,14525,440,14965,213
2021-07-21,Yuba,115,75493,6545,6425,138,6563,52
2021-07-20,Alameda,001,1643700,94152,92625,2176,94801,1256
2021-07-20,Alpine,003,1148,88,89,0,89,0
2021-07-20,Amador,005,37829,3849,3807,34,3841,48
2021-07-20,Butte,007,227075,13176,12916,1953,14869,203
2021-07-20,Calaveras,009,45235,2279,2249,16,2265,57
2021-07-20,Colusa,011,21464,2006,1985,342,2327,16
2021-07-20,Contra Costa,013,1133247,74651,73143,1463,74606,825
2021-07-20,Del Norte,015,27424,1549,1490,14,1504,8
2021-07-20,El Dorado,017,186661,10934,10727,823,11550,116
2021-07-20,Fresno,019,978130,104975,103438,9080,112518,1736
2021-07-20,Glenn,021,27897,2475,2453,582,3035,20
2021-07-20,Humboldt,023,135768,4857,4735,62,4797,52
2021-07-20,Imperial,025,180216,29151,28933,2801,31734,742
2021-07-20,Inyo,027,18085,1429,1420,12,1432,36
2021-07-20,Kern,029,883053,99159,98082,11638,109720,1350
2021-07-20,Kings,031,150075,23633,23254,1148,24402,246
2021-07-20,Lake,033,64148,4053,3871,14,3885,64
2021-07-20,Lassen,035,31185,5326,5306,120,5426,21
2021-07-20,Los Angeles,037,10098052,1241400,1227404,44692,1272096,24603
2021-07-20,Madera,039,155013,17098,16856,987,17843,245
2021-07-20,Marin,041,260295,14657,14396,283,14679,234
2021-07-20,Mariposa,043,17540,456,448,11,459,5
2021-07-20,Mendocino,045,87422,4396,4259,90,4349,49
2021-07-20,Merced,047,269075,31732,31578,1102,32680,473
2021-07-20,Modoc,049,8938,424,413,149,562,5
2021-07-20,Mono,051,14174,1279,1281,18,1299,3
2021-07-20,Monterey,053,433212,43754,43481,1952,45433,515
2021-07-20,Napa,055,140530,10320,10191,49,10240,81
2021-07-20,Nevada,057,99092,5283,5148,199,5347,72
2021-07-20,Orange,059,3164182,262273,259303,12068,271371,5139
2021-07-20,Placer,061,380077,24856,24408,1771,26179,303
2021-07-20,Plumas,063,18699,748,736,14,750,4
2021-07-20,Riverside,065,2383286,301094,296118,14597,310715,4543
2021-07-20,Sacramento,067,1510023,113347,111796,2131,113927,1695
2021-07-20,San Benito,069,59416,6215,6196,116,6312,63
2021-07-20,San Bernardino,071,2135413,299749,297222,9341,306563,5231
2021-07-20,San Diego,073,3302833,291646,288209,16625,304834,3786
2021-07-20,San Francisco,075,870044,39536,38536,1425,39961,558
2021-07-20,San Joaquin,077,732212,76078,75198,3839,79037,1433
2021-07-20,San Luis Obispo,079,281455,21951,21556,788,22344,259
2021-07-20,San Mateo,081,765935,44244,43670,551,44221,542
2021-07-20,Santa Barbara,083,443738,35277,34935,1233,36168,462
2021-07-20,Santa Clara,085,1922200,122213,120704,833,121537,2098
2021-07-20,Santa Cruz,087,273765,16574,16399,826,17225,207
2021-07-20,Shasta,089,179085,12849,12734,1710,14444,211
2021-07-20,Sierra,091,2930,67,64,12,76,0
2021-07-20,Siskiyou,093,43540,2038,1931,428,2359,31
2021-07-20,Solano,095,438530,34928,34337,672,35009,258
2021-07-20,Sonoma,097,501317,32245,31763,381,32144,326
2021-07-20,Stanislaus,099,539301,58193,57706,6238,63944,1028
2021-07-20,Sutter,101,95872,9970,9854,96,9950,114
2021-07-20,Tehama,103,63373,5228,5153,611,5764,65
2021-07-20,Trinity,105,12862,503,344,109,453,3
2021-07-20,Tulare,107,460477,50906,50047,9435,59482,854
2021-07-20,Tuolumne,109,53932,4192,4156,44,4200,64
2021-07-20,Ventura,111,848112,83294,82504,3363,85867,1041
2021-07-20,Yolo,113,214977,14673,14495,437,14932,213
2021-07-20,Yuba,115,75493,6520,6393,135,6528,52
2021-07-19,Alameda,001,1643700,93779,92357,2160,94517,1256
2021-07-19,Alpine,003,1148,88,89,0,89,0
2021-07-19,Amador,005,37829,3845,3802,34,3836,48
2021-07-19,Butte,007,227075,13133,12901,1947,14848,202
2021-07-19,Calaveras,009,45235,2275,2245,16,2261,57
2021-07-19,Colusa,011,21464,2004,1981,341,2322,16
2021-07-19,Contra Costa,013,1133247,74339,72935,1443,74378,825
2021-07-19,Del Norte,015,27424,1536,1484,14,1498,8
2021-07-19,El Dorado,017,186661,10904,10703,815,11518,114
2021-07-19,Fresno,019,978130,104845,103350,9067,112417,1731
2021-07-19,Glenn,021,27897,2475,2452,581,3033,20
2021-07-19,Humboldt,023,135768,4827,4719,60,4779,52
2021-07-19,Imperial,025,180216,29124,28888,2800,31688,742
2021-07-19,Inyo,027,18085,1428,1417,12,1429,36
2021-07-19,Kern,029,883053,99047,97999,11603,109602,1349
2021-07-19,Kings,031,150075,23603,23221,1142,24363,246
2021-07-19,Lake,033,64148,4017,3848,14,3862,64
2021-07-19,Lassen,035,31185,5325,5305,120,5425,21
2021-07-19,Los Angeles,037,10098052,1238801,1225946,44494,1270440,24600
2021-07-19,Madera,039,155013,17075,16846,984,17830,244
2021-07-19,Marin,041,260295,14622,14369,280,14649,234
2021-07-19,Mariposa,043,17540,450,447,11,458,5
2021-07-19,Mendocino,045,87422,4378,4251,90,4341,49
2021-07-19,Merced,047,269075,31668,31565,1095,32660,472
2021-07-19,Modoc,049,8938,423,413,149,562,5
2021-07-19,Mono,051,14174,1277,1280,18,1298,3
2021-07-19,Monterey,053,433212,43730,43436,1951,45387,515
2021-07-19,Napa,055,140530,10295,10180,47,10227,81
2021-07-19,Nevada,057,99092,5255,5133,198,5331,72
2021-07-19,Orange,059,3164182,261750,258927,12036,270963,5138
2021-07-19,Placer,061,380077,24757,24359,1749,26108,303
2021-07-19,Plumas,063,18699,748,730,14,744,4
2021-07-19,Riverside,065,2383286,300604,295736,14559,310295,4543
2021-07-19,Sacramento,067,1510023,112983,111470,2107,113577,1696
2021-07-19,San Benito,069,59416,6212,6193,116,6309,63
2021-07-19,San Bernardino,071,2135413,299377,296929,9323,306252,5235
2021-07-19,San Diego,073,3302833,290750,287695,16520,304215,3786
2021-07-19,San Francisco,075,870044,39267,38463,1412,39875,560
2021-07-19,San Joaquin,077,732212,75913,75086,3833,78919,1431
2021-07-19,San Luis Obispo,079,281455,21906,21531,784,22315,259
2021-07-19,San Mateo,081,765935,44101,43563,542,44105,542
2021-07-19,Santa Barbara,083,443738,35204,34904,1231,36135,461
2021-07-19,Santa Clara,085,1922200,121955,120554,832,121386,2098
2021-07-19,Santa Cruz,087,273765,16558,16387,826,17213,207
2021-07-19,Shasta,089,179085,12831,12723,1708,14431,209
2021-07-19,Sierra,091,2930,66,64,12,76,0
2021-07-19,Siskiyou,093,43540,2033,1927,426,2353,31
2021-07-19,Solano,095,438530,34755,34262,661,34923,261
2021-07-19,Sonoma,097,501317,32124,31713,380,32093,325
2021-07-19,Stanislaus,099,539301,58092,57644,6228,63872,1027
2021-07-19,Sutter,101,95872,9954,9834,96,9930,114
2021-07-19,Tehama,103,63373,5222,5152,609,5761,65
2021-07-19,Trinity,105,12862,503,344,108,452,3
2021-07-19,Tulare,107,460477,50860,49994,9418,59412,855
2021-07-19,Tuolumne,109,53932,4182,4151,44,4195,64
2021-07-19,Ventura,111,848112,83198,82409,3341,85750,1041
2021-07-19,Yolo,113,214977,14641,14439,435,14874,213
2021-07-19,Yuba,115,75493,6496,6370,135,6505,52
2021-07-18,Alameda,001,1643700,93424,92162,2147,94309,1256
2021-07-18,Alpine,003,1148,88,89,0,89,0
2021-07-18,Amador,005,37829,3834,3799,34,3833,48
2021-07-18,Butte,007,227075,13090,12888,1942,14830,202
2021-07-18,Calaveras,009,45235,2272,2243,16,2259,57
2021-07-18,Colusa,011,21464,2004,1981,340,2321,16
2021-07-18,Contra Costa,013,1133247,74024,72849,1425,74274,825
2021-07-18,Del Norte,015,27424,1527,1482,14,1496,8
2021-07-18,El Dorado,017,186661,10866,10687,807,11494,114
2021-07-18,Fresno,019,978130,104691,103298,9049,112347,1731
2021-07-18,Glenn,021,27897,2474,2452,580,3032,20
2021-07-18,Humboldt,023,135768,4791,4714,60,4774,52
2021-07-18,Imperial,025,180216,29087,28877,2799,31676,742
2021-07-18,Inyo,027,18085,1424,1417,12,1429,36
2021-07-18,Kern,029,883053,98921,97963,11561,109524,1349
2021-07-18,Kings,031,150075,23582,23203,1138,24341,246
2021-07-18,Lake,033,64148,3981,3825,14,3839,64
2021-07-18,Lassen,035,31185,5325,5305,120,5425,21
2021-07-18,Los Angeles,037,10098052,1236116,1224691,44301,1268992,24598
2021-07-18,Madera,039,155013,17050,16838,980,17818,244
2021-07-18,Marin,041,260295,14586,14358,278,14636,234
2021-07-18,Mariposa,043,17540,449,447,11,458,5
2021-07-18,Mendocino,045,87422,4357,4246,90,4336,49
2021-07-18,Merced,047,269075,31637,31537,1093,32630,471
2021-07-18,Modoc,049,8938,423,413,149,562,5
2021-07-18,Mono,051,14174,1276,1280,18,1298,3
2021-07-18,Monterey,053,433212,43712,43422,1942,45364,515
2021-07-18,Napa,055,140530,10278,10174,44,10218,81
2021-07-18,Nevada,057,99092,5229,5124,198,5322,72
2021-07-18,Orange,059,3164182,261265,258724,12006,270730,5138
2021-07-18,Placer,061,380077,24690,24313,1722,26035,303
2021-07-18,Plumas,063,18699,748,730,14,744,4
2021-07-18,Riverside,065,2383286,300112,295522,14517,310039,4543
2021-07-18,Sacramento,067,1510023,112551,111255,2075,113330,1696
2021-07-18,San Benito,069,59416,6204,6191,116,6307,63
2021-07-18,San Bernardino,071,2135413,298903,296739,9308,306047,5233
2021-07-18,San Diego,073,3302833,289932,286287,16438,302725,3786
2021-07-18,San Francisco,075,870044,39035,38367,1401,39768,560
2021-07-18,San Joaquin,077,732212,75736,74997,3820,78817,1431
2021-07-18,San Luis Obispo,079,281455,21871,21527,781,22308,259
2021-07-18,San Mateo,081,765935,43987,43506,536,44042,542
2021-07-18,Santa Barbara,083,443738,35139,34880,1229,36109,461
2021-07-18,Santa Clara,085,1922200,121741,120438,825,121263,2098
2021-07-18,Santa Cruz,087,273765,16526,16372,825,17197,207
2021-07-18,Shasta,089,179085,12806,12714,1704,14418,209
2021-07-18,Sierra,091,2930,66,64,12,76,0
2021-07-18,Siskiyou,093,43540,2027,1927,421,2348,31
2021-07-18,Solano,095,438530,34628,34215,657,34872,261
2021-07-18,Sonoma,097,501317,32019,31675,379,32054,325
2021-07-18,Stanislaus,099,539301,57981,57600,6203,63803,1028
2021-07-18,Sutter,101,95872,9922,9826,96,9922,114
2021-07-18,Tehama,103,63373,5219,5150,608,5758,65
2021-07-18,Trinity,105,12862,503,344,108,452,3
2021-07-18,Tulare,107,460477,50807,49985,9395,59380,855
2021-07-18,Tuolumne,109,53932,4164,4149,44,4193,64
2021-07-18,Ventura,111,848112,83084,82361,3317,85678,1041
2021-07-18,Yolo,113,214977,14582,14425,429,14854,213
2021-07-18,Yuba,115,75493,6455,6357,135,6492,52
2021-07-17,Alameda,001,1643700,93207,91346,2135,93481,1255
2021-07-17,Alpine,003,1148,88,89,0,89,0
2021-07-17,Amador,005,37829,3825,3785,34,3819,48
2021-07-17,Butte,007,227075,13076,12824,1937,14761,202
2021-07-17,Calaveras,009,45235,2266,2237,16,2253,57
2021-07-17,Colusa,011,21464,2001,1976,340,2316,16
2021-07-17,Contra Costa,013,1133247,73842,72254,1412,73666,824
2021-07-17,Del Norte,015,27424,1519,1475,14,1489,8
2021-07-17,El Dorado,017,186661,10839,10622,803,11425,114
2021-07-17,Fresno,019,978130,104619,103055,9035,112090,1730
2021-07-17,Glenn,021,27897,2473,2451,580,3031,20
2021-07-17,Humboldt,023,135768,4778,4654,59,4713,52
2021-07-17,Imperial,025,180216,29071,28840,2799,31639,742
2021-07-17,Inyo,027,18085,1424,1416,12,1428,36
2021-07-17,Kern,029,883053,98864,97796,11524,109320,1348
2021-07-17,Kings,031,150075,23562,23163,1137,24300,246
2021-07-17,Lake,033,64148,3956,3760,14,3774,64
2021-07-17,Lassen,035,31185,5325,5302,120,5422,21
2021-07-17,Los Angeles,037,10098052,1234595,1219733,44155,1263888,24582
2021-07-17,Madera,039,155013,17042,16804,980,17784,240
2021-07-17,Marin,041,260295,14568,14297,276,14573,234
2021-07-17,Mariposa,043,17540,449,445,11,456,5
2021-07-17,Mendocino,045,87422,4345,4209,90,4299,49
2021-07-17,Merced,047,269075,31616,31451,1089,32540,471
2021-07-17,Modoc,049,8938,423,412,149,561,5
2021-07-17,Mono,051,14174,1274,1277,18,1295,3
2021-07-17,Monterey,053,433212,43689,43367,1937,45304,515
2021-07-17,Napa,055,140530,10262,10129,44,10173,81
2021-07-17,Nevada,057,99092,5214,5066,198,5264,72
2021-07-17,Orange,059,3164182,260958,257805,11967,269772,5136
2021-07-17,Placer,061,380077,24623,24169,1708,25877,303
2021-07-17,Plumas,063,18699,743,721,14,735,4
2021-07-17,Riverside,065,2383286,299805,294751,14485,309236,4542
2021-07-17,Sacramento,067,1510023,112316,110432,2053,112485,1694
2021-07-17,San Benito,069,59416,6198,6181,116,6297,63
2021-07-17,San Bernardino,071,2135413,298669,296048,9289,305337,5218
2021-07-17,San Diego,073,3302833,289523,285698,16371,302069,3786
2021-07-17,San Francisco,075,870044,38913,37978,1397,39375,560
2021-07-17,San Joaquin,077,732212,75649,74695,3814,78509,1430
2021-07-17,San Luis Obispo,079,281455,21844,21462,781,22243,258
2021-07-17,San Mateo,081,765935,43916,43324,535,43859,542
2021-07-17,Santa Barbara,083,443738,35098,34769,1226,35995,461
2021-07-17,Santa Clara,085,1922200,121569,119980,822,120802,2097
2021-07-17,Santa Cruz,087,273765,16519,16337,825,17162,207
2021-07-17,Shasta,089,179085,12791,12683,1699,14382,210
2021-07-17,Sierra,091,2930,66,62,12,74,0
2021-07-17,Siskiyou,093,43540,2022,1922,418,2340,29
2021-07-17,Solano,095,438530,34563,34015,649,34664,263
2021-07-17,Sonoma,097,501317,31951,31536,378,31914,322
2021-07-17,Stanislaus,099,539301,57904,57400,6189,63589,1028
2021-07-17,Sutter,101,95872,9912,9778,96,9874,114
2021-07-17,Tehama,103,63373,5216,5145,608,5753,64
2021-07-17,Trinity,105,12862,502,341,108,449,3
2021-07-17,Tulare,107,460477,50786,49937,9383,59320,854
2021-07-17,Tuolumne,109,53932,4154,4131,44,4175,64
2021-07-17,Ventura,111,848112,83015,82125,3306,85431,1041
2021-07-17,Yolo,113,214977,14550,14356,422,14778,213
2021-07-17,Yuba,115,75493,6444,6309,135,6444,52
2021-07-16,Alameda,001,1643700,92966,91346,2123,93469,1255
2021-07-16,Alpine,003,1148,88,89,0,89,0
2021-07-16,Amador,005,37829,3822,3785,34,3819,48
2021-07-16,Butte,007,227075,13051,12824,1934,14758,202
2021-07-16,Calaveras,009,45235,2265,2237,16,2253,57
2021-07-16,Colusa,011,21464,1999,1976,339,2315,16
2021-07-16,Contra Costa,013,1133247,73654,72254,1408,73662,824
2021-07-16,Del Norte,015,27424,1517,1475,14,1489,8
2021-07-16,El Dorado,017,186661,10820,10622,802,11424,114
2021-07-16,Fresno,019,978130,104567,103055,9016,112071,1730
2021-07-16,Glenn,021,27897,2473,2451,580,3031,20
2021-07-16,Humboldt,023,135768,4756,4654,59,4713,52
2021-07-16,Imperial,025,180216,29059,28840,2799,31639,742
2021-07-16,Inyo,027,18085,1422,1416,12,1428,36
2021-07-16,Kern,029,883053,98802,97796,11485,109281,1348
2021-07-16,Kings,031,150075,23537,23163,1135,24298,246
2021-07-16,Lake,033,64148,3929,3760,14,3774,64
2021-07-16,Lassen,035,31185,5324,5302,120,5422,21
2021-07-16,Los Angeles,037,10098052,1233096,1219733,44008,1263741,24582
2021-07-16,Madera,039,155013,17024,16804,980,17784,240
2021-07-16,Marin,041,260295,14544,14297,273,14570,234
2021-07-16,Mariposa,043,17540,449,445,11,456,5
2021-07-16,Mendocino,045,87422,4336,4209,89,4298,49
2021-07-16,Merced,047,269075,31594,31451,1087,32538,471
2021-07-16,Modoc,049,8938,423,412,149,561,5
2021-07-16,Mono,051,14174,1273,1277,18,1295,3
2021-07-16,Monterey,053,433212,43667,43367,1936,45303,515
2021-07-16,Napa,055,140530,10238,10129,43,10172,81
2021-07-16,Nevada,057,99092,5204,5066,198,5264,72
2021-07-16,Orange,059,3164182,260686,257805,11927,269732,5136
2021-07-16,Placer,061,380077,24570,24169,1703,25872,303
2021-07-16,Plumas,063,18699,742,721,14,735,4
2021-07-16,Riverside,065,2383286,299529,294751,14459,309210,4542
2021-07-16,Sacramento,067,1510023,112099,110432,2040,112472,1694
2021-07-16,San Benito,069,59416,6196,6181,116,6297,63
2021-07-16,San Bernardino,071,2135413,298391,296048,9272,305320,5218
2021-07-16,San Diego,073,3302833,289080,285698,16324,302022,3786
2021-07-16,San Francisco,075,870044,38796,37978,1392,39370,560
2021-07-16,San Joaquin,077,732212,75554,74695,3811,78506,1430
2021-07-16,San Luis Obispo,079,281455,21827,21462,781,22243,258
2021-07-16,San Mateo,081,765935,43863,43324,534,43858,542
2021-07-16,Santa Barbara,083,443738,35060,34769,1226,35995,461
2021-07-16,Santa Clara,085,1922200,121422,119980,814,120794,2097
2021-07-16,Santa Cruz,087,273765,16506,16337,825,17162,207
2021-07-16,Shasta,089,179085,12781,12683,1698,14381,210
2021-07-16,Sierra,091,2930,66,62,12,74,0
2021-07-16,Siskiyou,093,43540,2020,1922,416,2338,29
2021-07-16,Solano,095,438530,34496,34015,641,34656,263
2021-07-16,Sonoma,097,501317,31899,31536,375,31911,322
2021-07-16,Stanislaus,099,539301,57854,57400,6179,63579,1028
2021-07-16,Sutter,101,95872,9900,9778,96,9874,114
2021-07-16,Tehama,103,63373,5214,5145,608,5753,64
2021-07-16,Trinity,105,12862,502,341,107,448,3
2021-07-16,Tulare,107,460477,50762,49937,9373,59310,854
2021-07-16,Tuolumne,109,53932,4148,4131,44,4175,64
2021-07-16,Ventura,111,848112,82950,82125,3299,85424,1041
2021-07-16,Yolo,113,214977,14524,14356,418,14774,213
2021-07-16,Yuba,115,75493,6422,6309,134,6443,52
2021-07-15,Alameda,001,1643700,92670,91346,2113,93459,1255
2021-07-15,Alpine,003,1148,88,89,0,89,0
2021-07-15,Amador,005,37829,3819,3785,34,3819,48
2021-07-15,Butte,007,227075,13025,12824,1932,14756,202
2021-07-15,Calaveras,009,45235,2262,2237,16,2253,57
2021-07-15,Colusa,011,21464,1998,1976,338,2314,16
2021-07-15,Contra Costa,013,1133247,73441,72254,1401,73655,824
2021-07-15,Del Norte,015,27424,1514,1475,14,1489,8
2021-07-15,El Dorado,017,186661,10793,10622,800,11422,114
2021-07-15,Fresno,019,978130,104470,103055,8996,112051,1730
2021-07-15,Glenn,021,27897,2473,2451,580,3031,20
2021-07-15,Humboldt,023,135768,4738,4654,58,4712,52
2021-07-15,Imperial,025,180216,29036,28840,2799,31639,742
2021-07-15,Inyo,027,18085,1422,1416,12,1428,36
2021-07-15,Kern,029,883053,98732,97796,11457,109253,1348
2021-07-15,Kings,031,150075,23499,23163,1132,24295,246
2021-07-15,Lake,033,64148,3890,3760,14,3774,64
2021-07-15,Lassen,035,31185,5323,5302,120,5422,21
2021-07-15,Los Angeles,037,10098052,1231120,1219733,43846,1263579,24582
2021-07-15,Madera,039,155013,17002,16804,976,17780,240
2021-07-15,Marin,041,260295,14519,14297,273,14570,234
2021-07-15,Mariposa,043,17540,449,445,11,456,5
2021-07-15,Mendocino,045,87422,4328,4209,88,4297,49
2021-07-15,Merced,047,269075,31564,31451,1087,32538,471
2021-07-15,Modoc,049,8938,423,412,149,561,5
2021-07-15,Mono,051,14174,1273,1277,18,1295,3
2021-07-15,Monterey,053,433212,43638,43367,1933,45300,515
2021-07-15,Napa,055,140530,10213,10129,42,10171,81
2021-07-15,Nevada,057,99092,5187,5066,197,5263,72
2021-07-15,Orange,059,3164182,260335,257805,11896,269701,5136
2021-07-15,Placer,061,380077,24511,24169,1686,25855,303
2021-07-15,Plumas,063,18699,741,721,14,735,4
2021-07-15,Riverside,065,2383286,299207,294751,14444,309195,4542
2021-07-15,Sacramento,067,1510023,111795,110432,2023,112455,1694
2021-07-15,San Benito,069,59416,6194,6181,116,6297,63
2021-07-15,San Bernardino,071,2135413,298086,296048,9257,305305,5218
2021-07-15,San Diego,073,3302833,288442,285698,16246,301944,3786
2021-07-15,San Francisco,075,870044,38644,37978,1384,39362,560
2021-07-15,San Joaquin,077,732212,75437,74695,3806,78501,1430
2021-07-15,San Luis Obispo,079,281455,21795,21462,781,22243,258
2021-07-15,San Mateo,081,765935,43759,43324,529,43853,542
2021-07-15,Santa Barbara,083,443738,35005,34769,1225,35994,461
2021-07-15,Santa Clara,085,1922200,121300,119980,811,120791,2097
2021-07-15,Santa Cruz,087,273765,16493,16337,825,17162,207
2021-07-15,Shasta,089,179085,12773,12683,1694,14377,210
2021-07-15,Sierra,091,2930,66,62,12,74,0
2021-07-15,Siskiyou,093,43540,2019,1922,416,2338,29
2021-07-15,Solano,095,438530,34421,34015,635,34650,263
2021-07-15,Sonoma,097,501317,31838,31536,375,31911,322
2021-07-15,Stanislaus,099,539301,57786,57400,6166,63566,1028
2021-07-15,Sutter,101,95872,9880,9778,95,9873,114
2021-07-15,Tehama,103,63373,5208,5145,607,5752,64
2021-07-15,Trinity,105,12862,502,341,107,448,3
2021-07-15,Tulare,107,460477,50742,49937,9356,59293,854
2021-07-15,Tuolumne,109,53932,4136,4131,44,4175,64
2021-07-15,Ventura,111,848112,82873,82125,3294,85419,1041
2021-07-15,Yolo,113,214977,14497,14356,417,14773,213
2021-07-15,Yuba,115,75493,6407,6309,133,6442,52
2021-07-14,Alameda,001,1643700,92409,91092,2094,93186,1255
2021-07-14,Alpine,003,1148,88,89,0,89,0
2021-07-14,Amador,005,37829,3811,3784,34,3818,48
2021-07-14,Butte,007,227075,12998,12813,1925,14738,202
2021-07-14,Calaveras,009,45235,2255,2234,16,2250,57
2021-07-14,Colusa,011,21464,1995,1974,338,2312,16
2021-07-14,Contra Costa,013,1133247,73216,72091,1389,73480,823
2021-07-14,Del Norte,015,27424,1513,1472,14,1486,8
2021-07-14,El Dorado,017,186661,10767,10598,797,11395,114
2021-07-14,Fresno,019,978130,104390,102966,8985,111951,1728
2021-07-14,Glenn,021,27897,2473,2449,580,3029,20
2021-07-14,Humboldt,023,135768,4715,4644,56,4700,52
2021-07-14,Imperial,025,180216,29007,28822,2799,31621,742
2021-07-14,Inyo,027,18085,1421,1415,12,1427,36
2021-07-14,Kern,029,883053,98668,97736,11432,109168,1346
2021-07-14,Kings,031,150075,23486,23142,1132,24274,246
2021-07-14,Lake,033,64148,3857,3739,14,3753,63
2021-07-14,Lassen,035,31185,5322,5298,120,5418,21
2021-07-14,Los Angeles,037,10098052,1229111,1218265,43701,1261966,24578
2021-07-14,Madera,039,155013,16990,16786,974,17760,240
2021-07-14,Marin,041,260295,14485,14269,271,14540,233
2021-07-14,Mariposa,043,17540,447,445,11,456,5
2021-07-14,Mendocino,045,87422,4315,4193,88,4281,49
2021-07-14,Merced,047,269075,31527,31412,1083,32495,471
2021-07-14,Modoc,049,8938,423,412,149,561,4
2021-07-14,Mono,051,14174,1273,1278,18,1296,3
2021-07-14,Monterey,053,433212,43614,43347,1931,45278,504
2021-07-14,Napa,055,140530,10191,10121,42,10163,81
2021-07-14,Nevada,057,99092,5167,5058,197,5255,72
2021-07-14,Orange,059,3164182,260018,257558,11867,269425,5137
2021-07-14,Placer,061,380077,24458,24125,1674,25799,303
2021-07-14,Plumas,063,18699,734,719,14,733,4
2021-07-14,Riverside,065,2383286,298882,294511,14428,308939,4542
2021-07-14,Sacramento,067,1510023,111467,110193,1999,112192,1688
2021-07-14,San Benito,069,59416,6191,6177,116,6293,63
2021-07-14,San Bernardino,071,2135413,297784,295820,9242,305062,5193
2021-07-14,San Diego,073,3302833,287870,285269,16166,301435,3786
2021-07-14,San Francisco,075,870044,38505,37836,1378,39214,559
2021-07-14,San Joaquin,077,732212,75345,74599,3797,78396,1416
2021-07-14,San Luis Obispo,079,281455,21773,21444,779,22223,258
2021-07-14,San Mateo,081,765935,43662,43249,525,43774,542
2021-07-14,Santa Barbara,083,443738,34963,34719,1223,35942,461
2021-07-14,Santa Clara,085,1922200,121150,119844,808,120652,2098
2021-07-14,Santa Cruz,087,273765,16479,16326,825,17151,207
2021-07-14,Shasta,089,179085,12753,12669,1691,14360,209
2021-07-14,Sierra,091,2930,66,62,12,74,0
2021-07-14,Siskiyou,093,43540,2012,1922,413,2335,29
2021-07-14,Solano,095,438530,34348,33948,635,34583,268
2021-07-14,Sonoma,097,501317,31786,31470,375,31845,322
2021-07-14,Stanislaus,099,539301,57711,57340,6154,63494,1028
2021-07-14,Sutter,101,95872,9858,9766,95,9861,114
2021-07-14,Tehama,103,63373,5206,5142,607,5749,64
2021-07-14,Trinity,105,12862,502,341,107,448,3
2021-07-14,Tulare,107,460477,50725,49908,9342,59250,853
2021-07-14,Tuolumne,109,53932,4133,4128,43,4171,64
2021-07-14,Ventura,111,848112,82779,82041,3283,85324,1040
2021-07-14,Yolo,113,214977,14464,14332,414,14746,213
2021-07-14,Yuba,115,75493,6389,6294,133,6427,52
2021-07-13,Alameda,001,1643700,92145,90874,2084,92958,1255
2021-07-13,Alpine,003,1148,88,89,0,89,0
2021-07-13,Amador,005,37829,3804,3783,34,3817,48
2021-07-13,Butte,007,227075,12984,12802,1924,14726,202
2021-07-13,Calaveras,009,45235,2251,2230,16,2246,57
2021-07-13,Colusa,011,21464,1993,1972,334,2306,16
2021-07-13,Contra Costa,013,1133247,72990,71963,1380,73343,823
2021-07-13,Del Norte,015,27424,1509,1471,14,1485,8
2021-07-13,El Dorado,017,186661,10749,10581,794,11375,114
2021-07-13,Fresno,019,978130,104314,102909,8975,111884,1727
2021-07-13,Glenn,021,27897,2471,2448,580,3028,20
2021-07-13,Humboldt,023,135768,4700,4634,56,4690,51
2021-07-13,Imperial,025,180216,28996,28792,2799,31591,741
2021-07-13,Inyo,027,18085,1420,1415,12,1427,36
2021-07-13,Kern,029,883053,98579,97698,11393,109091,1346
2021-07-13,Kings,031,150075,23468,23132,1132,24264,246
2021-07-13,Lake,033,64148,3830,3719,13,3732,63
2021-07-13,Lassen,035,31185,5320,5292,120,5412,21
2021-07-13,Los Angeles,037,10098052,1227263,1217184,43530,1260714,24569
2021-07-13,Madera,039,155013,16980,16773,970,17743,240
2021-07-13,Marin,041,260295,14456,14254,270,14524,233
2021-07-13,Mariposa,043,17540,446,443,11,454,5
2021-07-13,Mendocino,045,87422,4308,4185,88,4273,49
2021-07-13,Merced,047,269075,31506,31379,1080,32459,471
2021-07-13,Modoc,049,8938,423,411,149,560,4
2021-07-13,Mono,051,14174,1272,1277,18,1295,3
2021-07-13,Monterey,053,433212,43596,43333,1927,45260,504
2021-07-13,Napa,055,140530,10170,10118,42,10160,81
2021-07-13,Nevada,057,99092,5142,5053,197,5250,72
2021-07-13,Orange,059,3164182,259688,257339,11838,269177,5136
2021-07-13,Placer,061,380077,24412,24091,1661,25752,303
2021-07-13,Plumas,063,18699,733,716,14,730,4
2021-07-13,Riverside,065,2383286,298559,294302,14401,308703,4541
2021-07-13,Sacramento,067,1510023,111157,109990,1977,111967,1687
2021-07-13,San Benito,069,59416,6189,6173,116,6289,63
2021-07-13,San Bernardino,071,2135413,297508,295596,9220,304816,5183
2021-07-13,San Diego,073,3302833,287322,284997,16088,301085,3785
2021-07-13,San Francisco,075,870044,38361,37725,1372,39097,559
2021-07-13,San Joaquin,077,732212,75229,74500,3794,78294,1417
2021-07-13,San Luis Obispo,079,281455,21747,21423,776,22199,258
2021-07-13,San Mateo,081,765935,43594,43180,524,43704,542
2021-07-13,Santa Barbara,083,443738,34914,34679,1220,35899,461
2021-07-13,Santa Clara,085,1922200,120996,119727,804,120531,2098
2021-07-13,Santa Cruz,087,273765,16470,16315,823,17138,207
2021-07-13,Shasta,089,179085,12740,12659,1684,14343,209
2021-07-13,Sierra,091,2930,66,62,12,74,0
2021-07-13,Siskiyou,093,43540,2011,1916,411,2327,29
2021-07-13,Solano,095,438530,34284,33918,629,34547,268
2021-07-13,Sonoma,097,501317,31727,31431,375,31806,322
2021-07-13,Stanislaus,099,539301,57641,57282,6139,63421,1028
2021-07-13,Sutter,101,95872,9840,9752,94,9846,114
2021-07-13,Tehama,103,63373,5199,5144,607,5751,64
2021-07-13,Trinity,105,12862,502,341,106,447,3
2021-07-13,Tulare,107,460477,50700,49891,9326,59217,853
2021-07-13,Tuolumne,109,53932,4125,4122,42,4164,64
2021-07-13,Ventura,111,848112,82694,81982,3258,85240,1040
2021-07-13,Yolo,113,214977,14436,14320,407,14727,213
2021-07-13,Yuba,115,75493,6372,6279,133,6412,52
2021-07-12,Alameda,001,1643700,91885,90720,2077,92797,1254
2021-07-12,Alpine,003,1148,88,89,0,89,0
2021-07-12,Amador,005,37829,3797,3781,34,3815,47
2021-07-12,Butte,007,227075,12964,12796,1922,14718,202
2021-07-12,Calaveras,009,45235,2249,2228,16,2244,57
2021-07-12,Colusa,011,21464,1989,1971,333,2304,16
2021-07-12,Contra Costa,013,1133247,72789,71833,1375,73208,823
2021-07-12,Del Norte,015,27424,1506,1469,14,1483,8
2021-07-12,El Dorado,017,186661,10721,10569,792,11361,114
2021-07-12,Fresno,019,978130,104220,102853,8962,111815,1728
2021-07-12,Glenn,021,27897,2471,2446,580,3026,20
2021-07-12,Humboldt,023,135768,4684,4621,56,4677,51
2021-07-12,Imperial,025,180216,28966,28789,2799,31588,741
2021-07-12,Inyo,027,18085,1420,1415,12,1427,36
2021-07-12,Kern,029,883053,98510,97660,11368,109028,1346
2021-07-12,Kings,031,150075,23448,23124,1130,24254,246
2021-07-12,Lake,033,64148,3809,3706,13,3719,63
2021-07-12,Lassen,035,31185,5319,5292,120,5412,21
2021-07-12,Los Angeles,037,10098052,1225478,1216230,43390,1259620,24559
2021-07-12,Madera,039,155013,16969,16772,970,17742,240
2021-07-12,Marin,041,260295,14431,14238,269,14507,233
2021-07-12,Mariposa,043,17540,446,442,11,453,5
2021-07-12,Mendocino,045,87422,4297,4175,88,4263,49
2021-07-12,Merced,047,269075,31475,31374,1079,32453,471
2021-07-12,Modoc,049,8938,422,411,149,560,4
2021-07-12,Mono,051,14174,1270,1275,18,1293,3
2021-07-12,Monterey,053,433212,43575,43315,1923,45238,504
2021-07-12,Napa,055,140530,10152,10104,41,10145,81
2021-07-12,Nevada,057,99092,5119,5046,197,5243,72
2021-07-12,Orange,059,3164182,259334,257171,11813,268984,5136
2021-07-12,Placer,061,380077,24361,24052,1655,25707,302
2021-07-12,Plumas,063,18699,733,716,14,730,4
2021-07-12,Riverside,065,2383286,298251,294108,14371,308479,4541
2021-07-12,Sacramento,067,1510023,110942,109849,1951,111800,1685
2021-07-12,San Benito,069,59416,6186,6166,116,6282,63
2021-07-12,San Bernardino,071,2135413,297237,295447,9206,304653,5171
2021-07-12,San Diego,073,3302833,286856,284648,16012,300660,3785
2021-07-12,San Francisco,075,870044,38214,37656,1369,39025,559
2021-07-12,San Joaquin,077,732212,75135,74424,3784,78208,1415
2021-07-12,San Luis Obispo,079,281455,21728,21408,775,22183,258
2021-07-12,San Mateo,081,765935,43501,43138,517,43655,542
2021-07-12,Santa Barbara,083,443738,34871,34664,1218,35882,461
2021-07-12,Santa Clara,085,1922200,120831,119634,801,120435,2098
2021-07-12,Santa Cruz,087,273765,16445,16310,822,17132,207
2021-07-12,Shasta,089,179085,12733,12648,1681,14329,208
2021-07-12,Sierra,091,2930,66,62,12,74,0
2021-07-12,Siskiyou,093,43540,2006,1916,406,2322,29
2021-07-12,Solano,095,438530,34194,33859,620,34479,268
2021-07-12,Sonoma,097,501317,31679,31377,374,31751,322
2021-07-12,Stanislaus,099,539301,57572,57243,6132,63375,1028
2021-07-12,Sutter,101,95872,9823,9736,93,9829,114
2021-07-12,Tehama,103,63373,5194,5138,606,5744,63
2021-07-12,Trinity,105,12862,498,340,104,444,3
2021-07-12,Tulare,107,460477,50672,49882,9313,59195,853
2021-07-12,Tuolumne,109,53932,4121,4116,42,4158,64
2021-07-12,Ventura,111,848112,82593,81919,3237,85156,1040
2021-07-12,Yolo,113,214977,14408,14303,403,14706,213
2021-07-12,Yuba,115,75493,6357,6266,133,6399,52
2021-07-11,Alameda,001,1643700,91555,90597,2063,92660,1254
2021-07-11,Alpine,003,1148,88,89,0,89,0
2021-07-11,Amador,005,37829,3795,3779,34,3813,47
2021-07-11,Butte,007,227075,12942,12794,1916,14710,202
2021-07-11,Calaveras,009,45235,2247,2226,15,2241,57
2021-07-11,Colusa,011,21464,1988,1971,332,2303,16
2021-07-11,Contra Costa,013,1133247,72579,71744,1368,73112,823
2021-07-11,Del Norte,015,27424,1502,1467,13,1480,8
2021-07-11,El Dorado,017,186661,10692,10554,790,11344,114
2021-07-11,Fresno,019,978130,104125,102813,8942,111755,1728
2021-07-11,Glenn,021,27897,2470,2446,580,3026,20
2021-07-11,Humboldt,023,135768,4671,4611,55,4666,51
2021-07-11,Imperial,025,180216,28948,28787,2798,31585,741
2021-07-11,Inyo,027,18085,1418,1415,12,1427,36
2021-07-11,Kern,029,883053,98437,97637,11352,108989,1346
2021-07-11,Kings,031,150075,23417,23116,1127,24243,246
2021-07-11,Lake,033,64148,3778,3699,13,3712,63
2021-07-11,Lassen,035,31185,5316,5291,120,5411,21
2021-07-11,Los Angeles,037,10098052,1223730,1215182,43230,1258412,24558
2021-07-11,Madera,039,155013,16950,16766,969,17735,240
2021-07-11,Marin,041,260295,14405,14231,269,14500,233
2021-07-11,Mariposa,043,17540,445,442,11,453,5
2021-07-11,Mendocino,045,87422,4277,4167,88,4255,49
2021-07-11,Merced,047,269075,31451,31366,1074,32440,471
2021-07-11,Modoc,049,8938,421,411,149,560,4
2021-07-11,Mono,051,14174,1270,1275,18,1293,3
2021-07-11,Monterey,053,433212,43556,43307,1919,45226,504
2021-07-11,Napa,055,140530,10148,10100,41,10141,81
2021-07-11,Nevada,057,99092,5108,5035,196,5231,72
2021-07-11,Orange,059,3164182,259021,257009,11784,268793,5136
2021-07-11,Placer,061,380077,24304,24017,1643,25660,302
2021-07-11,Plumas,063,18699,733,716,14,730,4
2021-07-11,Riverside,065,2383286,297987,293969,14353,308322,4541
2021-07-11,Sacramento,067,1510023,110663,109696,1941,111637,1685
2021-07-11,San Benito,069,59416,6181,6163,116,6279,63
2021-07-11,San Bernardino,071,2135413,296932,295342,9181,304523,5167
2021-07-11,San Diego,073,3302833,286443,283819,15926,299745,3784
2021-07-11,San Francisco,075,870044,38085,37596,1363,38959,559
2021-07-11,San Joaquin,077,732212,75019,74376,3767,78143,1415
2021-07-11,San Luis Obispo,079,281455,21695,21403,774,22177,258
2021-07-11,San Mateo,081,765935,43422,43107,510,43617,542
2021-07-11,Santa Barbara,083,443738,34824,34646,1218,35864,461
2021-07-11,Santa Clara,085,1922200,120677,119549,800,120349,2098
2021-07-11,Santa Cruz,087,273765,16429,16303,822,17125,207
2021-07-11,Shasta,089,179085,12716,12647,1679,14326,208
2021-07-11,Sierra,091,2930,66,62,12,74,0
2021-07-11,Siskiyou,093,43540,2002,1915,404,2319,29
2021-07-11,Solano,095,438530,34112,33837,616,34453,268
2021-07-11,Sonoma,097,501317,31597,31352,374,31726,322
2021-07-11,Stanislaus,099,539301,57508,57230,6121,63351,1028
2021-07-11,Sutter,101,95872,9809,9728,93,9821,114
2021-07-11,Tehama,103,63373,5191,5138,606,5744,63
2021-07-11,Trinity,105,12862,497,340,104,444,3
2021-07-11,Tulare,107,460477,50647,49877,9294,59171,853
2021-07-11,Tuolumne,109,53932,4115,4116,42,4158,64
2021-07-11,Ventura,111,848112,82520,81875,3217,85092,1040
2021-07-11,Yolo,113,214977,14382,14285,397,14682,213
2021-07-11,Yuba,115,75493,6346,6260,133,6393,52
2021-07-10,Alameda,001,1643700,91405,90090,2059,92149,1252
2021-07-10,Alpine,003,1148,88,89,0,89,0
2021-07-10,Amador,005,37829,3789,3773,34,3807,47
2021-07-10,Butte,007,227075,12931,12764,1913,14677,202
2021-07-10,Calaveras,009,45235,2246,2214,15,2229,57
2021-07-10,Colusa,011,21464,1986,1969,332,2301,16
2021-07-10,Contra Costa,013,1133247,72479,71376,1367,72743,821
2021-07-10,Del Norte,015,27424,1500,1451,13,1464,8
2021-07-10,El Dorado,017,186661,10676,10508,786,11294,114
2021-07-10,Fresno,019,978130,104092,102675,8935,111610,1730
2021-07-10,Glenn,021,27897,2467,2440,579,3019,20
2021-07-10,Humboldt,023,135768,4662,4574,55,4629,51
2021-07-10,Imperial,025,180216,28935,28729,2798,31527,741
2021-07-10,Inyo,027,18085,1417,1415,12,1427,36
2021-07-10,Kern,029,883053,98397,97538,11335,108873,1346
2021-07-10,Kings,031,150075,23410,23090,1126,24216,246
2021-07-10,Lake,033,64148,3761,3667,13,3680,63
2021-07-10,Lassen,035,31185,5316,5290,120,5410,21
2021-07-10,Los Angeles,037,10098052,1222709,1212043,43127,1255170,24542
2021-07-10,Madera,039,155013,16944,16744,966,17710,241
2021-07-10,Marin,041,260295,14391,14194,269,14463,233
2021-07-10,Mariposa,043,17540,445,442,11,453,5
2021-07-10,Mendocino,045,87422,4270,4153,87,4240,49
2021-07-10,Merced,047,269075,31438,31328,1074,32402,470
2021-07-10,Modoc,049,8938,421,410,149,559,4
2021-07-10,Mono,051,14174,1270,1275,18,1293,3
2021-07-10,Monterey,053,433212,43542,43251,1917,45168,499
2021-07-10,Napa,055,140530,10136,10077,41,10118,81
2021-07-10,Nevada,057,99092,5099,5000,196,5196,72
2021-07-10,Orange,059,3164182,258843,256438,11768,268206,5135
2021-07-10,Placer,061,380077,24275,23916,1633,25549,302
2021-07-10,Plumas,063,18699,732,717,14,731,4
2021-07-10,Riverside,065,2383286,297797,293474,14339,307813,4541
2021-07-10,Sacramento,067,1510023,110514,109091,1936,111027,1682
2021-07-10,San Benito,069,59416,6176,6141,116,6257,63
2021-07-10,San Bernardino,071,2135413,296744,294932,9169,304101,5117
2021-07-10,San Diego,073,3302833,286154,283577,15873,299450,3783
2021-07-10,San Francisco,075,870044,38001,37338,1360,38698,559
2021-07-10,San Joaquin,077,732212,74962,74150,3761,77911,1412
2021-07-10,San Luis Obispo,079,281455,21684,21375,773,22148,258
2021-07-10,San Mateo,081,765935,43370,42948,508,43456,542
2021-07-10,Santa Barbara,083,443738,34797,34595,1218,35813,460
2021-07-10,Santa Clara,085,1922200,120574,119330,797,120127,2094
2021-07-10,Santa Cruz,087,273765,16422,16286,822,17108,207
2021-07-10,Shasta,089,179085,12703,12623,1674,14297,206
2021-07-10,Sierra,091,2930,66,61,12,73,0
2021-07-10,Siskiyou,093,43540,2000,1909,401,2310,29
2021-07-10,Solano,095,438530,34070,33678,610,34288,268
2021-07-10,Sonoma,097,501317,31546,31231,374,31605,317
2021-07-10,Stanislaus,099,539301,57471,57104,6111,63215,1026
2021-07-10,Sutter,101,95872,9797,9692,93,9785,114
2021-07-10,Tehama,103,63373,5188,5131,606,5737,63
2021-07-10,Trinity,105,12862,497,341,104,445,3
2021-07-10,Tulare,107,460477,50637,49850,9288,59138,853
2021-07-10,Tuolumne,109,53932,4113,4114,42,4156,64
2021-07-10,Ventura,111,848112,82475,81713,3199,84912,1039
2021-07-10,Yolo,113,214977,14361,14250,394,14644,213
2021-07-10,Yuba,115,75493,6336,6238,133,6371,52
2021-07-09,Alameda,001,1643700,91245,90090,2054,92144,1252
2021-07-09,Alpine,003,1148,88,89,0,89,0
2021-07-09,Amador,005,37829,3788,3773,34,3807,47
2021-07-09,Butte,007,227075,12920,12764,1911,14675,202
2021-07-09,Calaveras,009,45235,2244,2214,15,2229,57
2021-07-09,Colusa,011,21464,1985,1969,332,2301,16
2021-07-09,Contra Costa,013,1133247,72354,71376,1365,72741,821
2021-07-09,Del Norte,015,27424,1495,1451,13,1464,8
2021-07-09,El Dorado,017,186661,10661,10508,785,11293,114
2021-07-09,Fresno,019,978130,104036,102675,8928,111603,1730
2021-07-09,Glenn,021,27897,2466,2440,577,3017,20
2021-07-09,Humboldt,023,135768,4643,4574,55,4629,51
2021-07-09,Imperial,025,180216,28927,28729,2797,31526,741
2021-07-09,Inyo,027,18085,1416,1415,12,1427,36
2021-07-09,Kern,029,883053,98359,97538,11323,108861,1346
2021-07-09,Kings,031,150075,23399,23090,1125,24215,246
2021-07-09,Lake,033,64148,3747,3667,13,3680,63
2021-07-09,Lassen,035,31185,5314,5290,119,5409,21
2021-07-09,Los Angeles,037,10098052,1221704,1212043,43054,1255097,24542
2021-07-09,Madera,039,155013,16934,16744,965,17709,241
2021-07-09,Marin,041,260295,14370,14194,268,14462,233
2021-07-09,Mariposa,043,17540,445,442,11,453,5
2021-07-09,Mendocino,045,87422,4263,4153,87,4240,49
2021-07-09,Merced,047,269075,31423,31328,1074,32402,470
2021-07-09,Modoc,049,8938,421,410,149,559,4
2021-07-09,Mono,051,14174,1270,1275,18,1293,3
2021-07-09,Monterey,053,433212,43533,43251,1917,45168,499
2021-07-09,Napa,055,140530,10129,10077,41,10118,81
2021-07-09,Nevada,057,99092,5090,5000,196,5196,72
2021-07-09,Orange,059,3164182,258638,256438,11754,268192,5135
2021-07-09,Placer,061,380077,24253,23916,1627,25543,302
2021-07-09,Plumas,063,18699,730,717,14,731,4
2021-07-09,Riverside,065,2383286,297611,293474,14326,307800,4541
2021-07-09,Sacramento,067,1510023,110360,109091,1927,111018,1682
2021-07-09,San Benito,069,59416,6174,6141,116,6257,63
2021-07-09,San Bernardino,071,2135413,296592,294932,9162,304094,5117
2021-07-09,San Diego,073,3302833,285866,283577,15825,299402,3783
2021-07-09,San Francisco,075,870044,37921,37338,1353,38691,559
2021-07-09,San Joaquin,077,732212,74888,74150,3754,77904,1412
2021-07-09,San Luis Obispo,079,281455,21672,21375,773,22148,258
2021-07-09,San Mateo,081,765935,43326,42948,504,43452,542
2021-07-09,Santa Barbara,083,443738,34776,34595,1217,35812,460
2021-07-09,Santa Clara,085,1922200,120464,119330,797,120127,2094
2021-07-09,Santa Cruz,087,273765,16419,16286,822,17108,207
2021-07-09,Shasta,089,179085,12697,12623,1669,14292,206
2021-07-09,Sierra,091,2930,66,61,12,73,0
2021-07-09,Siskiyou,093,43540,1998,1909,400,2309,29
2021-07-09,Solano,095,438530,34034,33678,606,34284,268
2021-07-09,Sonoma,097,501317,31510,31231,374,31605,317
2021-07-09,Stanislaus,099,539301,57442,57104,6109,63213,1026
2021-07-09,Sutter,101,95872,9788,9692,93,9785,114
2021-07-09,Tehama,103,63373,5186,5131,606,5737,63
2021-07-09,Trinity,105,12862,496,341,101,442,3
2021-07-09,Tulare,107,460477,50624,49850,9282,59132,853
2021-07-09,Tuolumne,109,53932,4109,4114,42,4156,64
2021-07-09,Ventura,111,848112,82420,81713,3190,84903,1039
2021-07-09,Yolo,113,214977,14346,14250,390,14640,213
2021-07-09,Yuba,115,75493,6323,6238,133,6371,52
2021-07-08,Alameda,001,1643700,91038,90090,2051,92141,1252
2021-07-08,Alpine,003,1148,88,89,0,89,0
2021-07-08,Amador,005,37829,3786,3773,34,3807,47
2021-07-08,Butte,007,227075,12907,12764,1908,14672,202
2021-07-08,Calaveras,009,45235,2241,2214,14,2228,57
2021-07-08,Colusa,011,21464,1985,1969,332,2301,16
2021-07-08,Contra Costa,013,1133247,72226,71376,1360,72736,821
2021-07-08,Del Norte,015,27424,1493,1451,13,1464,8
2021-07-08,El Dorado,017,186661,10644,10508,780,11288,114
2021-07-08,Fresno,019,978130,103974,102675,8917,111592,1730
2021-07-08,Glenn,021,27897,2466,2440,577,3017,20
2021-07-08,Humboldt,023,135768,4627,4574,54,4628,51
2021-07-08,Imperial,025,180216,28915,28729,2796,31525,741
2021-07-08,Inyo,027,18085,1416,1415,12,1427,36
2021-07-08,Kern,029,883053,98311,97538,11308,108846,1346
2021-07-08,Kings,031,150075,23390,23090,1125,24215,246
2021-07-08,Lake,033,64148,3733,3667,13,3680,63
2021-07-08,Lassen,035,31185,5311,5290,119,5409,21
2021-07-08,Los Angeles,037,10098052,1220490,1212043,42958,1255001,24542
2021-07-08,Madera,039,155013,16918,16744,965,17709,241
2021-07-08,Marin,041,260295,14356,14194,268,14462,233
2021-07-08,Mariposa,043,17540,444,442,11,453,5
2021-07-08,Mendocino,045,87422,4260,4153,87,4240,49
2021-07-08,Merced,047,269075,31409,31328,1072,32400,470
2021-07-08,Modoc,049,8938,421,410,149,559,4
2021-07-08,Mono,051,14174,1270,1275,18,1293,3
2021-07-08,Monterey,053,433212,43513,43251,1911,45162,499
2021-07-08,Napa,055,140530,10125,10077,41,10118,81
2021-07-08,Nevada,057,99092,5084,5000,196,5196,72
2021-07-08,Orange,059,3164182,258443,256438,11733,268171,5135
2021-07-08,Placer,061,380077,24214,23916,1619,25535,302
2021-07-08,Plumas,063,18699,729,717,14,731,4
2021-07-08,Riverside,065,2383286,297410,293474,14310,307784,4541
2021-07-08,Sacramento,067,1510023,110138,109091,1920,111011,1682
2021-07-08,San Benito,069,59416,6171,6141,116,6257,63
2021-07-08,San Bernardino,071,2135413,296416,294932,9153,304085,5117
2021-07-08,San Diego,073,3302833,285539,283577,15777,299354,3783
2021-07-08,San Francisco,075,870044,37841,37338,1349,38687,559
2021-07-08,San Joaquin,077,732212,74800,74150,3741,77891,1412
2021-07-08,San Luis Obispo,079,281455,21660,21375,770,22145,258
2021-07-08,San Mateo,081,765935,43275,42948,503,43451,542
2021-07-08,Santa Barbara,083,443738,34749,34595,1215,35810,460
2021-07-08,Santa Clara,085,1922200,120371,119330,796,120126,2094
2021-07-08,Santa Cruz,087,273765,16413,16286,822,17108,207
2021-07-08,Shasta,089,179085,12691,12623,1665,14288,206
2021-07-08,Sierra,091,2930,66,61,12,73,0
2021-07-08,Siskiyou,093,43540,1993,1909,397,2306,29
2021-07-08,Solano,095,438530,33979,33678,600,34278,268
2021-07-08,Sonoma,097,501317,31479,31231,373,31604,317
2021-07-08,Stanislaus,099,539301,57416,57104,6105,63209,1026
2021-07-08,Sutter,101,95872,9774,9692,91,9783,114
2021-07-08,Tehama,103,63373,5183,5131,605,5736,63
2021-07-08,Trinity,105,12862,496,341,101,442,3
2021-07-08,Tulare,107,460477,50606,49850,9274,59124,853
2021-07-08,Tuolumne,109,53932,4107,4114,42,4156,64
2021-07-08,Ventura,111,848112,82355,81713,3174,84887,1039
2021-07-08,Yolo,113,214977,14327,14250,388,14638,213
2021-07-08,Yuba,115,75493,6315,6238,133,6371,52
2021-07-07,Alameda,001,1643700,90853,89995,2045,92040,1253
2021-07-07,Alpine,003,1148,88,89,0,89,0
2021-07-07,Amador,005,37829,3781,3770,34,3804,47
2021-07-07,Butte,007,227075,12894,12750,1903,14653,202
2021-07-07,Calaveras,009,45235,2234,2212,14,2226,57
2021-07-07,Colusa,011,21464,1981,1969,332,2301,16
2021-07-07,Contra Costa,013,1133247,72080,71308,1358,72666,821
2021-07-07,Del Norte,015,27424,1488,1446,13,1459,8
2021-07-07,El Dorado,017,186661,10624,10494,778,11272,114
2021-07-07,Fresno,019,978130,103924,102639,8910,111549,1729
2021-07-07,Glenn,021,27897,2466,2441,577,3018,20
2021-07-07,Humboldt,023,135768,4613,4566,54,4620,51
2021-07-07,Imperial,025,180216,28908,28701,2796,31497,740
2021-07-07,Inyo,027,18085,1415,1415,12,1427,36
2021-07-07,Kern,029,883053,98267,97507,11293,108800,1348
2021-07-07,Kings,031,150075,23377,23085,1122,24207,245
2021-07-07,Lake,033,64148,3714,3660,13,3673,63
2021-07-07,Lassen,035,31185,5311,5286,119,5405,21
2021-07-07,Los Angeles,037,10098052,1219311,1211316,42852,1254168,24531
2021-07-07,Madera,039,155013,16907,16733,963,17696,241
2021-07-07,Marin,041,260295,14337,14183,267,14450,233
2021-07-07,Mariposa,043,17540,442,442,11,453,5
2021-07-07,Mendocino,045,87422,4251,4145,87,4232,49
2021-07-07,Merced,047,269075,31394,31317,1072,32389,470
2021-07-07,Modoc,049,8938,421,410,149,559,4
2021-07-07,Mono,051,14174,1269,1274,18,1292,3
2021-07-07,Monterey,053,433212,43488,43233,1909,45142,494
2021-07-07,Napa,055,140530,10114,10078,41,10119,81
2021-07-07,Nevada,057,99092,5077,4996,196,5192,72
2021-07-07,Orange,059,3164182,258217,256301,11711,268012,5132
2021-07-07,Placer,061,380077,24178,23901,1609,25510,302
2021-07-07,Plumas,063,18699,729,710,14,724,4
2021-07-07,Riverside,065,2383286,297195,293331,14300,307631,4538
2021-07-07,Sacramento,067,1510023,109947,108954,1912,110866,1682
2021-07-07,San Benito,069,59416,6166,6137,116,6253,63
2021-07-07,San Bernardino,071,2135413,296248,294787,9146,303933,5087
2021-07-07,San Diego,073,3302833,285220,283377,15737,299114,3782
2021-07-07,San Francisco,075,870044,37749,37284,1346,38630,558
2021-07-07,San Joaquin,077,732212,74724,74095,3725,77820,1410
2021-07-07,San Luis Obispo,079,281455,21651,21360,768,22128,258
2021-07-07,San Mateo,081,765935,43220,42908,500,43408,542
2021-07-07,Santa Barbara,083,443738,34723,34582,1215,35797,460
2021-07-07,Santa Clara,085,1922200,120273,119250,795,120045,2094
2021-07-07,Santa Cruz,087,273765,16404,16279,821,17100,207
2021-07-07,Shasta,089,179085,12683,12613,1662,14275,206
2021-07-07,Sierra,091,2930,66,60,12,72,0
2021-07-07,Siskiyou,093,43540,1987,1908,393,2301,29
2021-07-07,Solano,095,438530,33930,33659,593,34252,268
2021-07-07,Sonoma,097,501317,31433,31172,373,31545,316
2021-07-07,Stanislaus,099,539301,57384,57102,6100,63202,1028
2021-07-07,Sutter,101,95872,9764,9683,91,9774,114
2021-07-07,Tehama,103,63373,5182,5129,605,5734,63
2021-07-07,Trinity,105,12862,496,341,101,442,3
2021-07-07,Tulare,107,460477,50602,49835,9265,59100,853
2021-07-07,Tuolumne,109,53932,4103,4115,41,4156,64
2021-07-07,Ventura,111,848112,82311,81608,3160,84768,1036
2021-07-07,Yolo,113,214977,14317,14236,385,14621,213
2021-07-07,Yuba,115,75493,6299,6233,133,6366,51
2021-07-06,Alameda,001,1643700,90654,89918,2037,91955,1253
2021-07-06,Alpine,003,1148,88,89,0,89,0
2021-07-06,Amador,005,37829,3780,3768,33,3801,47
2021-07-06,Butte,007,227075,12881,12744,1900,14644,201
2021-07-06,Calaveras,009,45235,2234,2211,14,2225,55
2021-07-06,Colusa,011,21464,1980,1967,329,2296,16
2021-07-06,Contra Costa,013,1133247,71951,71262,1355,72617,820
2021-07-06,Del Norte,015,27424,1484,1445,13,1458,8
2021-07-06,El Dorado,017,186661,10606,10484,777,11261,113
2021-07-06,Fresno,019,978130,103872,102616,8898,111514,1727
2021-07-06,Glenn,021,27897,2465,2438,577,3015,20
2021-07-06,Humboldt,023,135768,4599,4565,53,4618,49
2021-07-06,Imperial,025,180216,28893,28693,2794,31487,739
2021-07-06,Inyo,027,18085,1415,1412,12,1424,36
2021-07-06,Kern,029,883053,98225,97491,11282,108773,1346
2021-07-06,Kings,031,150075,23369,23077,1121,24198,245
2021-07-06,Lake,033,64148,3704,3659,13,3672,63
2021-07-06,Lassen,035,31185,5310,5288,118,5406,21
2021-07-06,Los Angeles,037,10098052,1218093,1210965,42753,1253718,24525
2021-07-06,Madera,039,155013,16895,16730,963,17693,241
2021-07-06,Marin,041,260295,14323,14181,267,14448,233
2021-07-06,Mariposa,043,17540,442,442,11,453,5
2021-07-06,Mendocino,045,87422,4244,4143,87,4230,49
2021-07-06,Merced,047,269075,31377,31317,1071,32388,470
2021-07-06,Modoc,049,8938,421,411,149,560,4
2021-07-06,Mono,051,14174,1268,1274,18,1292,3
2021-07-06,Monterey,053,433212,43466,43224,1908,45132,494
2021-07-06,Napa,055,140530,10103,10081,41,10122,81
2021-07-06,Nevada,057,99092,5068,4988,196,5184,72
2021-07-06,Orange,059,3164182,257973,256227,11694,267921,5129
2021-07-06,Placer,061,380077,24137,23876,1603,25479,302
2021-07-06,Plumas,063,18699,728,708,14,722,4
2021-07-06,Riverside,065,2383286,296993,293227,14282,307509,4539
2021-07-06,Sacramento,067,1510023,109736,108850,1904,110754,1679
2021-07-06,San Benito,069,59416,6162,6137,116,6253,63
2021-07-06,San Bernardino,071,2135413,296069,294712,9133,303845,5056
2021-07-06,San Diego,073,3302833,284865,283278,15678,298956,3782
2021-07-06,San Francisco,075,870044,37632,37251,1345,38596,558
2021-07-06,San Joaquin,077,732212,74654,74019,3713,77732,1410
2021-07-06,San Luis Obispo,079,281455,21634,21354,767,22121,257
2021-07-06,San Mateo,081,765935,43145,42895,500,43395,541
2021-07-06,Santa Barbara,083,443738,34704,34572,1213,35785,460
2021-07-06,Santa Clara,085,1922200,120155,119194,792,119986,2095
2021-07-06,Santa Cruz,087,273765,16399,16274,820,17094,207
2021-07-06,Shasta,089,179085,12673,12606,1660,14266,205
2021-07-06,Sierra,091,2930,65,60,12,72,0
2021-07-06,Siskiyou,093,43540,1984,1905,389,2294,29
2021-07-06,Solano,095,438530,33879,33619,590,34209,268
2021-07-06,Sonoma,097,501317,31370,31130,372,31502,316
2021-07-06,Stanislaus,099,539301,57336,57120,6088,63208,1029
2021-07-06,Sutter,101,95872,9755,9674,90,9764,114
2021-07-06,Tehama,103,63373,5179,5126,604,5730,63
2021-07-06,Trinity,105,12862,496,341,101,442,3
2021-07-06,Tulare,107,460477,50587,49826,9254,59080,853
2021-07-06,Tuolumne,109,53932,4101,4113,41,4154,64
2021-07-06,Ventura,111,848112,82271,81534,3134,84668,1033
2021-07-06,Yolo,113,214977,14295,14227,382,14609,213
2021-07-06,Yuba,115,75493,6288,6231,133,6364,51
2021-07-05,Alameda,001,1643700,90476,89892,2032,91924,1253
2021-07-05,Alpine,003,1148,88,89,0,89,0
2021-07-05,Amador,005,37829,3778,3768,33,3801,47
2021-07-05,Butte,007,227075,12873,12740,1890,14630,201
2021-07-05,Calaveras,009,45235,2232,2211,14,2225,55
2021-07-05,Colusa,011,21464,1978,1966,328,2294,16
2021-07-05,Contra Costa,013,1133247,71823,71235,1355,72590,820
2021-07-05,Del Norte,015,27424,1480,1446,13,1459,8
2021-07-05,El Dorado,017,186661,10581,10481,777,11258,113
2021-07-05,Fresno,019,978130,103813,102592,8883,111475,1727
2021-07-05,Glenn,021,27897,2462,2438,576,3014,20
2021-07-05,Humboldt,023,135768,4585,4563,53,4616,49
2021-07-05,Imperial,025,180216,28874,28689,2794,31483,739
2021-07-05,Inyo,027,18085,1415,1412,12,1424,36
2021-07-05,Kern,029,883053,98178,97479,11261,108740,1346
2021-07-05,Kings,031,150075,23361,23065,1118,24183,245
2021-07-05,Lake,033,64148,3686,3645,13,3658,63
2021-07-05,Lassen,035,31185,5307,5288,117,5405,21
2021-07-05,Los Angeles,037,10098052,1216902,1210653,42650,1253303,24522
2021-07-05,Madera,039,155013,16884,16722,962,17684,241
2021-07-05,Marin,041,260295,14302,14178,267,14445,233
2021-07-05,Mariposa,043,17540,442,441,11,452,5
2021-07-05,Mendocino,045,87422,4239,4139,86,4225,49
2021-07-05,Merced,047,269075,31357,31312,1071,32383,470
2021-07-05,Modoc,049,8938,421,410,149,559,4
2021-07-05,Mono,051,14174,1268,1273,18,1291,3
2021-07-05,Monterey,053,433212,43446,43218,1903,45121,494
2021-07-05,Napa,055,140530,10097,10074,41,10115,81
2021-07-05,Nevada,057,99092,5050,4980,195,5175,72
2021-07-05,Orange,059,3164182,257772,256173,11676,267849,5129
2021-07-05,Placer,061,380077,24090,23867,1595,25462,302
2021-07-05,Plumas,063,18699,727,708,14,722,4
2021-07-05,Riverside,065,2383286,296801,293193,14270,307463,4539
2021-07-05,Sacramento,067,1510023,109553,108758,1895,110653,1679
2021-07-05,San Benito,069,59416,6155,6137,116,6253,63
2021-07-05,San Bernardino,071,2135413,295907,294647,9126,303773,5037
2021-07-05,San Diego,073,3302833,284502,282834,15634,298468,3782
2021-07-05,San Francisco,075,870044,37546,37237,1340,38577,558
2021-07-05,San Joaquin,077,732212,74584,73999,3708,77707,1410
2021-07-05,San Luis Obispo,079,281455,21621,21351,766,22117,257
2021-07-05,San Mateo,081,765935,43093,42876,497,43373,541
2021-07-05,Santa Barbara,083,443738,34684,34569,1213,35782,460
2021-07-05,Santa Clara,085,1922200,120049,119184,790,119974,2095
2021-07-05,Santa Cruz,087,273765,16390,16273,819,17092,208
2021-07-05,Shasta,089,179085,12664,12603,1658,14261,205
2021-07-05,Sierra,091,2930,65,60,12,72,0
2021-07-05,Siskiyou,093,43540,1982,1904,388,2292,29
2021-07-05,Solano,095,438530,33809,33612,584,34196,268
2021-07-05,Sonoma,097,501317,31317,31116,372,31488,316
2021-07-05,Stanislaus,099,539301,57306,57109,6078,63187,1029
2021-07-05,Sutter,101,95872,9743,9667,90,9757,114
2021-07-05,Tehama,103,63373,5178,5125,604,5729,63
2021-07-05,Trinity,105,12862,495,341,100,441,3
2021-07-05,Tulare,107,460477,50569,49818,9251,59069,853
2021-07-05,Tuolumne,109,53932,4097,4112,41,4153,64
2021-07-05,Ventura,111,848112,82220,81519,3115,84634,1033
2021-07-05,Yolo,113,214977,14276,14225,374,14599,213
2021-07-05,Yuba,115,75493,6280,6223,133,6356,51
2021-07-04,Alameda,001,1643700,90311,89683,2029,91712,1253
2021-07-04,Alpine,003,1148,88,89,0,89,0
2021-07-04,Amador,005,37829,3777,3758,33,3791,46
2021-07-04,Butte,007,227075,12863,12684,1890,14574,201
2021-07-04,Calaveras,009,45235,2228,2200,14,2214,55
2021-07-04,Colusa,011,21464,1978,1969,328,2297,15
2021-07-04,Contra Costa,013,1133247,71717,70941,1350,72291,818
2021-07-04,Del Norte,015,27424,1477,1439,13,1452,8
2021-07-04,El Dorado,017,186661,10572,10433,776,11209,113
2021-07-04,Fresno,019,978130,103767,102512,8866,111378,1727
2021-07-04,Glenn,021,27897,2460,2442,575,3017,20
2021-07-04,Humboldt,023,135768,4577,4530,53,4583,49
2021-07-04,Imperial,025,180216,28868,28661,2794,31455,739
2021-07-04,Inyo,027,18085,1415,1412,12,1424,35
2021-07-04,Kern,029,883053,98159,97421,11252,108673,1347
2021-07-04,Kings,031,150075,23353,23051,1118,24169,245
2021-07-04,Lake,033,64148,3676,3623,13,3636,62
2021-07-04,Lassen,035,31185,5306,5277,117,5394,20
2021-07-04,Los Angeles,037,10098052,1216045,1208705,42562,1251267,24506
2021-07-04,Madera,039,155013,16872,16696,960,17656,240
2021-07-04,Marin,041,260295,14287,14143,267,14410,233
2021-07-04,Mariposa,043,17540,442,441,11,452,5
2021-07-04,Mendocino,045,87422,4229,4122,86,4208,49
2021-07-04,Merced,047,269075,31346,31297,1071,32368,469
2021-07-04,Modoc,049,8938,421,410,149,559,4
2021-07-04,Mono,051,14174,1268,1275,18,1293,3
2021-07-04,Monterey,053,433212,43430,43212,1902,45114,492
2021-07-04,Napa,055,140530,10089,10045,40,10085,81
2021-07-04,Nevada,057,99092,5040,4966,195,5161,72
2021-07-04,Orange,059,3164182,257597,255823,11655,267478,5126
2021-07-04,Placer,061,380077,24053,23764,1588,25352,299
2021-07-04,Plumas,063,18699,727,707,14,721,4
2021-07-04,Riverside,065,2383286,296641,293260,14264,307524,4536
2021-07-04,Sacramento,067,1510023,109383,108257,1889,110146,1676
2021-07-04,San Benito,069,59416,6148,6108,116,6224,63
2021-07-04,San Bernardino,071,2135413,295740,294294,9119,303413,5003
2021-07-04,San Diego,073,3302833,284278,282692,15596,298288,3780
2021-07-04,San Francisco,075,870044,37488,37107,1334,38441,558
2021-07-04,San Joaquin,077,732212,74518,73841,3700,77541,1409
2021-07-04,San Luis Obispo,079,281455,21615,21330,765,22095,256
2021-07-04,San Mateo,081,765935,43059,42691,497,43188,541
2021-07-04,Santa Barbara,083,443738,34661,34526,1212,35738,456
2021-07-04,Santa Clara,085,1922200,119959,118966,789,119755,2090
2021-07-04,Santa Cruz,087,273765,16379,16254,819,17073,208
2021-07-04,Shasta,089,179085,12660,12582,1657,14239,204
2021-07-04,Sierra,091,2930,64,60,12,72,0
2021-07-04,Siskiyou,093,43540,1978,1899,387,2286,29
2021-07-04,Solano,095,438530,33768,33486,582,34068,268
2021-07-04,Sonoma,097,501317,31287,31000,371,31371,316
2021-07-04,Stanislaus,099,539301,57291,57018,6072,63090,1018
2021-07-04,Sutter,101,95872,9732,9644,90,9734,114
2021-07-04,Tehama,103,63373,5174,5124,604,5728,63
2021-07-04,Trinity,105,12862,494,341,100,441,3
2021-07-04,Tulare,107,460477,50559,49789,9248,59037,853
2021-07-04,Tuolumne,109,53932,4089,4113,41,4154,64
2021-07-04,Ventura,111,848112,82162,81425,3104,84529,1033
2021-07-04,Yolo,113,214977,14256,14188,371,14559,213
2021-07-04,Yuba,115,75493,6272,6197,133,6330,51
2021-07-03,Alameda,001,1643700,90222,89683,2021,91704,1253
2021-07-03,Alpine,003,1148,88,89,0,89,0
2021-07-03,Amador,005,37829,3777,3758,33,3791,46
2021-07-03,Butte,007,227075,12859,12684,1889,14573,201
2021-07-03,Calaveras,009,45235,2226,2200,14,2214,55
2021-07-03,Colusa,011,21464,1977,1969,328,2297,15
2021-07-03,Contra Costa,013,1133247,71658,70941,1347,72288,818
2021-07-03,Del Norte,015,27424,1474,1439,13,1452,8
2021-07-03,El Dorado,017,186661,10565,10433,774,11207,113
2021-07-03,Fresno,019,978130,103742,102512,8857,111369,1727
2021-07-03,Glenn,021,27897,2460,2442,575,3017,20
2021-07-03,Humboldt,023,135768,4572,4530,53,4583,49
2021-07-03,Imperial,025,180216,28858,28661,2794,31455,739
2021-07-03,Inyo,027,18085,1415,1412,12,1424,35
2021-07-03,Kern,029,883053,98139,97421,11244,108665,1347
2021-07-03,Kings,031,150075,23353,23051,1117,24168,245
2021-07-03,Lake,033,64148,3666,3623,13,3636,62
2021-07-03,Lassen,035,31185,5305,5277,117,5394,20
2021-07-03,Los Angeles,037,10098052,1215617,1208705,42532,1251237,24506
2021-07-03,Madera,039,155013,16863,16696,957,17653,240
2021-07-03,Marin,041,260295,14283,14143,267,14410,233
2021-07-03,Mariposa,043,17540,442,441,11,452,5
2021-07-03,Mendocino,045,87422,4228,4122,86,4208,49
2021-07-03,Merced,047,269075,31333,31297,1070,32367,469
2021-07-03,Modoc,049,8938,420,410,149,559,4
2021-07-03,Mono,051,14174,1267,1275,18,1293,3
2021-07-03,Monterey,053,433212,43418,43212,1899,45111,492
2021-07-03,Napa,055,140530,10084,10045,40,10085,81
2021-07-03,Nevada,057,99092,5026,4966,195,5161,72
2021-07-03,Orange,059,3164182,257513,255823,11648,267471,5126
2021-07-03,Placer,061,380077,24034,23764,1585,25349,299
2021-07-03,Plumas,063,18699,727,707,14,721,4
2021-07-03,Riverside,065,2383286,296549,293260,14260,307520,4536
2021-07-03,Sacramento,067,1510023,109309,108257,1886,110143,1676
2021-07-03,San Benito,069,59416,6141,6108,116,6224,63
2021-07-03,San Bernardino,071,2135413,295650,294294,9116,303410,5003
2021-07-03,San Diego,073,3302833,284147,282692,15577,298269,3780
2021-07-03,San Francisco,075,870044,37447,37107,1331,38438,558
2021-07-03,San Joaquin,077,732212,74482,73841,3695,77536,1409
2021-07-03,San Luis Obispo,079,281455,21603,21330,765,22095,256
2021-07-03,San Mateo,081,765935,43034,42691,496,43187,541
2021-07-03,Santa Barbara,083,443738,34652,34526,1211,35737,456
2021-07-03,Santa Clara,085,1922200,119912,118966,789,119755,2090
2021-07-03,Santa Cruz,087,273765,16372,16254,819,17073,208
2021-07-03,Shasta,089,179085,12656,12582,1655,14237,204
2021-07-03,Sierra,091,2930,64,60,12,72,0
2021-07-03,Siskiyou,093,43540,1977,1899,386,2285,29
2021-07-03,Solano,095,438530,33724,33486,582,34068,268
2021-07-03,Sonoma,097,501317,31253,31000,371,31371,316
2021-07-03,Stanislaus,099,539301,57280,57018,6064,63082,1018
2021-07-03,Sutter,101,95872,9722,9644,90,9734,114
2021-07-03,Tehama,103,63373,5172,5124,604,5728,63
2021-07-03,Trinity,105,12862,494,341,100,441,3
2021-07-03,Tulare,107,460477,50553,49789,9242,59031,853
2021-07-03,Tuolumne,109,53932,4088,4113,41,4154,64
2021-07-03,Ventura,111,848112,82132,81425,3096,84521,1033
2021-07-03,Yolo,113,214977,14246,14188,368,14556,213
2021-07-03,Yuba,115,75493,6266,6197,133,6330,51
2021-07-02,Alameda,001,1643700,90140,89683,2020,91703,1253
2021-07-02,Alpine,003,1148,88,89,0,89,0
2021-07-02,Amador,005,37829,3775,3758,33,3791,46
2021-07-02,Butte,007,227075,12852,12684,1889,14573,201
2021-07-02,Calaveras,009,45235,2224,2200,14,2214,55
2021-07-02,Colusa,011,21464,1976,1969,327,2296,15
2021-07-02,Contra Costa,013,1133247,71588,70941,1343,72284,818
2021-07-02,Del Norte,015,27424,1474,1439,13,1452,8
2021-07-02,El Dorado,017,186661,10557,10433,774,11207,113
2021-07-02,Fresno,019,978130,103713,102512,8851,111363,1727
2021-07-02,Glenn,021,27897,2459,2442,574,3016,20
2021-07-02,Humboldt,023,135768,4569,4530,52,4582,49
2021-07-02,Imperial,025,180216,28852,28661,2793,31454,739
2021-07-02,Inyo,027,18085,1415,1412,12,1424,35
2021-07-02,Kern,029,883053,98121,97421,11235,108656,1347
2021-07-02,Kings,031,150075,23343,23051,1117,24168,245
2021-07-02,Lake,033,64148,3660,3623,13,3636,62
2021-07-02,Lassen,035,31185,5305,5277,117,5394,20
2021-07-02,Los Angeles,037,10098052,1215143,1208705,42493,1251198,24506
2021-07-02,Madera,039,155013,16854,16696,956,17652,240
2021-07-02,Marin,041,260295,14278,14143,267,14410,233
2021-07-02,Mariposa,043,17540,442,441,11,452,5
2021-07-02,Mendocino,045,87422,4224,4122,85,4207,49
2021-07-02,Merced,047,269075,31324,31297,1070,32367,469
2021-07-02,Modoc,049,8938,420,410,149,559,4
2021-07-02,Mono,051,14174,1266,1275,18,1293,3
2021-07-02,Monterey,053,433212,43410,43212,1898,45110,492
2021-07-02,Napa,055,140530,10079,10045,40,10085,81
2021-07-02,Nevada,057,99092,5017,4966,195,5161,72
2021-07-02,Orange,059,3164182,257402,255823,11641,267464,5126
2021-07-02,Placer,061,380077,24017,23764,1578,25342,299
2021-07-02,Plumas,063,18699,727,707,14,721,4
2021-07-02,Riverside,065,2383286,296452,293260,14255,307515,4536
2021-07-02,Sacramento,067,1510023,109231,108257,1885,110142,1676
2021-07-02,San Benito,069,59416,6138,6108,116,6224,63
2021-07-02,San Bernardino,071,2135413,295563,294294,9114,303408,5003
2021-07-02,San Diego,073,3302833,284002,282692,15551,298243,3780
2021-07-02,San Francisco,075,870044,37399,37107,1329,38436,558
2021-07-02,San Joaquin,077,732212,74449,73841,3689,77530,1409
2021-07-02,San Luis Obispo,079,281455,21597,21330,764,22094,256
2021-07-02,San Mateo,081,765935,42998,42691,496,43187,541
2021-07-02,Santa Barbara,083,443738,34642,34526,1211,35737,456
2021-07-02,Santa Clara,085,1922200,119834,118966,789,119755,2090
2021-07-02,Santa Cruz,087,273765,16368,16254,819,17073,208
2021-07-02,Shasta,089,179085,12652,12582,1655,14237,204
2021-07-02,Sierra,091,2930,63,60,12,72,0
2021-07-02,Siskiyou,093,43540,1974,1899,385,2284,29
2021-07-02,Solano,095,438530,33699,33486,582,34068,268
2021-07-02,Sonoma,097,501317,31230,31000,371,31371,316
2021-07-02,Stanislaus,099,539301,57265,57018,6063,63081,1018
2021-07-02,Sutter,101,95872,9718,9644,90,9734,114
2021-07-02,Tehama,103,63373,5170,5124,602,5726,63
2021-07-02,Trinity,105,12862,494,341,100,441,3
2021-07-02,Tulare,107,460477,50543,49789,9234,59023,853
2021-07-02,Tuolumne,109,53932,4085,4113,41,4154,64
2021-07-02,Ventura,111,848112,82089,81425,3088,84513,1033
2021-07-02,Yolo,113,214977,14230,14188,366,14554,213
2021-07-02,Yuba,115,75493,6258,6197,133,6330,51
2021-07-01,Alameda,001,1643700,90040,89683,2018,91701,1253
2021-07-01,Alpine,003,1148,88,89,0,89,0
2021-07-01,Amador,005,37829,3774,3758,33,3791,46
2021-07-01,Butte,007,227075,12840,12684,1887,14571,201
2021-07-01,Calaveras,009,45235,2222,2200,14,2214,55
2021-07-01,Colusa,011,21464,1976,1969,325,2294,15
2021-07-01,Contra Costa,013,1133247,71516,70941,1343,72284,818
2021-07-01,Del Norte,015,27424,1473,1439,13,1452,8
2021-07-01,El Dorado,017,186661,10545,10433,774,11207,113
2021-07-01,Fresno,019,978130,103674,102512,8846,111358,1727
2021-07-01,Glenn,021,27897,2459,2442,574,3016,20
2021-07-01,Humboldt,023,135768,4567,4530,52,4582,49
2021-07-01,Imperial,025,180216,28835,28661,2793,31454,739
2021-07-01,Inyo,027,18085,1415,1412,12,1424,35
2021-07-01,Kern,029,883053,98095,97421,11225,108646,1347
2021-07-01,Kings,031,150075,23329,23051,1117,24168,245
2021-07-01,Lake,033,64148,3657,3623,13,3636,62
2021-07-01,Lassen,035,31185,5303,5277,117,5394,20
2021-07-01,Los Angeles,037,10098052,1214545,1208705,42437,1251142,24506
2021-07-01,Madera,039,155013,16845,16696,955,17651,240
2021-07-01,Marin,041,260295,14274,14143,267,14410,233
2021-07-01,Mariposa,043,17540,442,441,11,452,5
2021-07-01,Mendocino,045,87422,4220,4122,84,4206,49
2021-07-01,Merced,047,269075,31318,31297,1070,32367,469
2021-07-01,Modoc,049,8938,420,410,149,559,4
2021-07-01,Mono,051,14174,1265,1275,18,1293,3
2021-07-01,Monterey,053,433212,43402,43212,1894,45106,492
2021-07-01,Napa,055,140530,10072,10045,40,10085,81
2021-07-01,Nevada,057,99092,5012,4966,195,5161,72
2021-07-01,Orange,059,3164182,257281,255823,11622,267445,5126
2021-07-01,Placer,061,380077,23998,23764,1575,25339,299
2021-07-01,Plumas,063,18699,724,707,12,719,4
2021-07-01,Riverside,065,2383286,296343,293260,14247,307507,4536
2021-07-01,Sacramento,067,1510023,109105,108257,1878,110135,1676
2021-07-01,San Benito,069,59416,6134,6108,116,6224,63
2021-07-01,San Bernardino,071,2135413,295443,294294,9109,303403,5003
2021-07-01,San Diego,073,3302833,283824,282692,15514,298206,3780
2021-07-01,San Francisco,075,870044,37363,37107,1327,38434,558
2021-07-01,San Joaquin,077,732212,74398,73841,3685,77526,1409
2021-07-01,San Luis Obispo,079,281455,21582,21330,763,22093,256
2021-07-01,San Mateo,081,765935,42970,42691,495,43186,541
2021-07-01,Santa Barbara,083,443738,34629,34526,1211,35737,456
2021-07-01,Santa Clara,085,1922200,119785,118966,789,119755,2090
2021-07-01,Santa Cruz,087,273765,16363,16254,819,17073,208
2021-07-01,Shasta,089,179085,12644,12582,1654,14236,204
2021-07-01,Sierra,091,2930,63,60,12,72,0
2021-07-01,Siskiyou,093,43540,1974,1899,385,2284,29
2021-07-01,Solano,095,438530,33658,33486,581,34067,268
2021-07-01,Sonoma,097,501317,31186,31000,371,31371,316
2021-07-01,Stanislaus,099,539301,57249,57018,6059,63077,1018
2021-07-01,Sutter,101,95872,9709,9644,90,9734,114
2021-07-01,Tehama,103,63373,5170,5124,601,5725,63
2021-07-01,Trinity,105,12862,494,341,100,441,3
2021-07-01,Tulare,107,460477,50534,49789,9227,59016,853
2021-07-01,Tuolumne,109,53932,4078,4113,41,4154,64
2021-07-01,Ventura,111,848112,82058,81425,3077,84502,1033
2021-07-01,Yolo,113,214977,14215,14188,364,14552,213
2021-07-01,Yuba,115,75493,6251,6197,133,6330,51
2021-06-30,Alameda,001,1643700,89961,89597,2013,91610,1256
2021-06-30,Alpine,003,1148,88,89,0,89,0
2021-06-30,Amador,005,37829,3772,3756,33,3789,46
2021-06-30,Butte,007,227075,12833,12676,1878,14554,201
2021-06-30,Calaveras,009,45235,2216,2198,14,2212,55
2021-06-30,Colusa,011,21464,1974,1967,322,2289,15
2021-06-30,Contra Costa,013,1133247,71451,70869,1340,72209,818
2021-06-30,Del Norte,015,27424,1468,1435,13,1448,8
2021-06-30,El Dorado,017,186661,10526,10420,774,11194,113
2021-06-30,Fresno,019,978130,103637,102490,8843,111333,1727
2021-06-30,Glenn,021,27897,2457,2440,574,3014,20
2021-06-30,Humboldt,023,135768,4551,4522,50,4572,49
2021-06-30,Imperial,025,180216,28827,28651,2793,31444,739
2021-06-30,Inyo,027,18085,1415,1409,12,1421,35
2021-06-30,Kern,029,883053,98054,97267,11213,108480,1348
2021-06-30,Kings,031,150075,23324,23038,1116,24154,245
2021-06-30,Lake,033,64148,3644,3601,13,3614,56
2021-06-30,Lassen,035,31185,5298,5269,117,5386,20
2021-06-30,Los Angeles,037,10098052,1213873,1208246,42393,1250639,24499
2021-06-30,Madera,039,155013,16837,16688,953,17641,240
2021-06-30,Marin,041,260295,14265,14133,266,14399,232
2021-06-30,Mariposa,043,17540,441,441,11,452,5
2021-06-30,Mendocino,045,87422,4210,4115,84,4199,49
2021-06-30,Merced,047,269075,31308,31286,1070,32356,469
2021-06-30,Modoc,049,8938,420,410,149,559,4
2021-06-30,Mono,051,14174,1265,1275,18,1293,3
2021-06-30,Monterey,053,433212,43397,43209,1892,45101,492
2021-06-30,Napa,055,140530,10064,10039,40,10079,81
2021-06-30,Nevada,057,99092,5001,4958,195,5153,72
2021-06-30,Orange,059,3164182,257153,255764,11612,267376,5125
2021-06-30,Placer,061,380077,23974,23721,1571,25292,299
2021-06-30,Plumas,063,18699,724,705,12,717,4
2021-06-30,Riverside,065,2383286,296229,293280,14237,307517,4535
2021-06-30,Sacramento,067,1510023,108966,108137,1874,110011,1676
2021-06-30,San Benito,069,59416,6130,6105,116,6221,63
2021-06-30,San Bernardino,071,2135413,295284,294211,9104,303315,4975
2021-06-30,San Diego,073,3302833,283688,282583,15486,298069,3780
2021-06-30,San Francisco,075,870044,37314,37065,1322,38387,558
2021-06-30,San Joaquin,077,732212,74336,73777,3684,77461,1409
2021-06-30,San Luis Obispo,079,281455,21569,21326,762,22088,256
2021-06-30,San Mateo,081,765935,42933,42599,494,43093,537
2021-06-30,Santa Barbara,083,443738,34613,34521,1211,35732,456
2021-06-30,Santa Clara,085,1922200,119738,118930,786,119716,2090
2021-06-30,Santa Cruz,087,273765,16357,16250,819,17069,208
2021-06-30,Shasta,089,179085,12638,12564,1654,14218,204
2021-06-30,Sierra,091,2930,63,60,12,72,0
2021-06-30,Siskiyou,093,43540,1972,1900,382,2282,29
2021-06-30,Solano,095,438530,33619,33453,579,34032,268
2021-06-30,Sonoma,097,501317,31156,30947,371,31318,316
2021-06-30,Stanislaus,099,539301,57232,56997,6058,63055,1018
2021-06-30,Sutter,101,95872,9699,9638,90,9728,114
2021-06-30,Tehama,103,63373,5168,5124,601,5725,63
2021-06-30,Trinity,105,12862,494,341,100,441,3
2021-06-30,Tulare,107,460477,50523,49764,9216,58980,853
2021-06-30,Tuolumne,109,53932,4075,4112,41,4153,64
2021-06-30,Ventura,111,848112,82015,81392,3072,84464,1032
2021-06-30,Yolo,113,214977,14209,14178,361,14539,213
2021-06-30,Yuba,115,75493,6244,6191,133,6324,51
2021-06-29,Alameda,001,1643700,89854,89519,2012,91531,1257
2021-06-29,Alpine,003,1148,88,89,0,89,0
2021-06-29,Amador,005,37829,3768,3754,33,3787,46
2021-06-29,Butte,007,227075,12825,12669,1878,14547,201
2021-06-29,Calaveras,009,45235,2210,2198,14,2212,55
2021-06-29,Colusa,011,21464,1972,1967,322,2289,15
2021-06-29,Contra Costa,013,1133247,71377,70775,1339,72114,817
2021-06-29,Del Norte,015,27424,1467,1435,13,1448,8
2021-06-29,El Dorado,017,186661,10513,10403,770,11173,113
2021-06-29,Fresno,019,978130,103604,102464,8840,111304,1725
2021-06-29,Glenn,021,27897,2456,2439,574,3013,20
2021-06-29,Humboldt,023,135768,4547,4514,49,4563,49
2021-06-29,Imperial,025,180216,28818,28645,2792,31437,737
2021-06-29,Inyo,027,18085,1415,1408,12,1420,35
2021-06-29,Kern,029,883053,98033,97173,11207,108380,1347
2021-06-29,Kings,031,150075,23315,23035,1115,24150,245
2021-06-29,Lake,033,64148,3638,3594,13,3607,56
2021-06-29,Lassen,035,31185,5291,5268,117,5385,20
2021-06-29,Los Angeles,037,10098052,1213264,1207895,42362,1250257,24498
2021-06-29,Madera,039,155013,16833,16680,952,17632,240
2021-06-29,Marin,041,260295,14253,14127,266,14393,232
2021-06-29,Mariposa,043,17540,441,441,11,452,5
2021-06-29,Mendocino,045,87422,4206,4107,83,4190,49
2021-06-29,Merced,047,269075,31296,31277,1070,32347,469
2021-06-29,Modoc,049,8938,419,408,149,557,3
2021-06-29,Mono,051,14174,1265,1275,18,1293,3
2021-06-29,Monterey,053,433212,43387,43196,1890,45086,471
2021-06-29,Napa,055,140530,10058,10033,40,10073,81
2021-06-29,Nevada,057,99092,4994,4952,195,5147,72
2021-06-29,Orange,059,3164182,257053,255686,11597,267283,5124
2021-06-29,Placer,061,380077,23954,23693,1569,25262,299
2021-06-29,Plumas,063,18699,724,704,12,716,4
2021-06-29,Riverside,065,2383286,296130,292962,14230,307192,4524
2021-06-29,Sacramento,067,1510023,108814,108067,1871,109938,1677
2021-06-29,San Benito,069,59416,6119,6099,116,6215,63
2021-06-29,San Bernardino,071,2135413,295172,294118,9102,303220,4940
2021-06-29,San Diego,073,3302833,283533,282499,15459,297958,3780
2021-06-29,San Francisco,075,870044,37276,37041,1319,38360,558
2021-06-29,San Joaquin,077,732212,74288,73724,3681,77405,1409
2021-06-29,San Luis Obispo,079,281455,21559,21324,761,22085,256
2021-06-29,San Mateo,081,765935,42899,42540,494,43034,540
2021-06-29,Santa Barbara,083,443738,34603,34507,1210,35717,455
2021-06-29,Santa Clara,085,1922200,119683,118893,785,119678,2090
2021-06-29,Santa Cruz,087,273765,16351,16249,819,17068,208
2021-06-29,Shasta,089,179085,12626,12564,1653,14217,204
2021-06-29,Sierra,091,2930,63,59,12,71,0
2021-06-29,Siskiyou,093,43540,1969,1897,378,2275,29
2021-06-29,Solano,095,438530,33586,33440,577,34017,268
2021-06-29,Sonoma,097,501317,31114,30950,369,31319,316
2021-06-29,Stanislaus,099,539301,57211,56980,6051,63031,1018
2021-06-29,Sutter,101,95872,9688,9634,90,9724,114
2021-06-29,Tehama,103,63373,5168,5124,601,5725,63
2021-06-29,Trinity,105,12862,494,341,100,441,3
2021-06-29,Tulare,107,460477,50510,49751,9211,58962,852
2021-06-29,Tuolumne,109,53932,4073,4111,41,4152,64
2021-06-29,Ventura,111,848112,81977,81363,3066,84429,1032
2021-06-29,Yolo,113,214977,14197,14171,360,14531,213
2021-06-29,Yuba,115,75493,6234,6188,133,6321,51
2021-06-28,Alameda,001,1643700,89761,89638,2009,91647,1259
2021-06-28,Alpine,003,1148,88,89,0,89,0
2021-06-28,Amador,005,37829,3767,3753,33,3786,46
2021-06-28,Butte,007,227075,12816,12697,1876,14573,198
2021-06-28,Calaveras,009,45235,2207,2203,14,2217,55
2021-06-28,Colusa,011,21464,1970,1974,322,2296,15
2021-06-28,Contra Costa,013,1133247,71303,70807,1337,72144,816
2021-06-28,Del Norte,015,27424,1467,1436,13,1449,8
2021-06-28,El Dorado,017,186661,10503,10422,766,11188,115
2021-06-28,Fresno,019,978130,103574,103121,8838,111959,1727
2021-06-28,Glenn,021,27897,2456,2439,574,3013,20
2021-06-28,Humboldt,023,135768,4540,4520,48,4568,49
2021-06-28,Imperial,025,180216,28810,28981,2791,31772,741
2021-06-28,Inyo,027,18085,1412,1407,12,1419,35
2021-06-28,Kern,029,883053,98014,97252,11202,108454,1348
2021-06-28,Kings,031,150075,23309,23134,1115,24249,246
2021-06-28,Lake,033,64148,3630,3591,13,3604,56
2021-06-28,Lassen,035,31185,5289,5268,117,5385,20
2021-06-28,Los Angeles,037,10098052,1212746,1207714,42326,1250040,24496
2021-06-28,Madera,039,155013,16822,16683,951,17634,240
2021-06-28,Marin,041,260295,14238,14186,266,14452,232
2021-06-28,Mariposa,043,17540,441,440,11,451,5
2021-06-28,Mendocino,045,87422,4197,4102,82,4184,49
2021-06-28,Merced,047,269075,31284,31277,1070,32347,469
2021-06-28,Modoc,049,8938,419,411,148,559,3
2021-06-28,Mono,051,14174,1265,1276,18,1294,3
2021-06-28,Monterey,053,433212,43383,43202,1889,45091,462
2021-06-28,Napa,055,140530,10049,10050,39,10089,81
2021-06-28,Nevada,057,99092,4990,4951,195,5146,72
2021-06-28,Orange,059,3164182,256963,255755,11583,267338,5123
2021-06-28,Placer,061,380077,23934,23756,1564,25320,299
2021-06-28,Plumas,063,18699,722,704,12,716,4
2021-06-28,Riverside,065,2383286,296004,292647,14217,306864,4507
2021-06-28,Sacramento,067,1510023,108682,108342,1866,110208,1675
2021-06-28,San Benito,069,59416,6117,6101,116,6217,63
2021-06-28,San Bernardino,071,2135413,295071,294151,9097,303248,4928
2021-06-28,San Diego,073,3302833,283370,282417,15430,297847,3780
2021-06-28,San Francisco,075,870044,37240,37372,1317,38689,559
2021-06-28,San Joaquin,077,732212,74241,73973,3677,77650,1411
2021-06-28,San Luis Obispo,079,281455,21555,21340,760,22100,256
2021-06-28,San Mateo,081,765935,42865,42927,493,43420,540
2021-06-28,Santa Barbara,083,443738,34596,34534,1208,35742,455
2021-06-28,Santa Clara,085,1922200,119619,120377,784,121161,2103
2021-06-28,Santa Cruz,087,273765,16346,16245,819,17064,208
2021-06-28,Shasta,089,179085,12622,12642,1651,14293,203
2021-06-28,Sierra,091,2930,63,58,12,70,0
2021-06-28,Siskiyou,093,43540,1968,1896,378,2274,29
2021-06-28,Solano,095,438530,33550,33524,575,34099,267
2021-06-28,Sonoma,097,501317,31077,31137,368,31505,315
2021-06-28,Stanislaus,099,539301,57193,57047,6047,63094,1018
2021-06-28,Sutter,101,95872,9684,9682,90,9772,114
2021-06-28,Tehama,103,63373,5166,5122,601,5723,63
2021-06-28,Trinity,105,12862,494,341,100,441,3
2021-06-28,Tulare,107,460477,50500,49751,9207,58958,850
2021-06-28,Tuolumne,109,53932,4066,4121,41,4162,64
2021-06-28,Ventura,111,848112,81920,81393,3061,84454,1032
2021-06-28,Yolo,113,214977,14188,14199,357,14556,213
2021-06-28,Yuba,115,75493,6229,6207,133,6340,51
2021-06-27,Alameda,001,1643700,89675,89611,2004,91615,1259
2021-06-27,Alpine,003,1148,88,89,0,89,0
2021-06-27,Amador,005,37829,3766,3752,33,3785,46
2021-06-27,Butte,007,227075,12807,12696,1875,14571,198
2021-06-27,Calaveras,009,45235,2206,2203,14,2217,55
2021-06-27,Colusa,011,21464,1970,1974,322,2296,15
2021-06-27,Contra Costa,013,1133247,71217,70762,1333,72095,816
2021-06-27,Del Norte,015,27424,1464,1436,13,1449,8
2021-06-27,El Dorado,017,186661,10491,10418,763,11181,115
2021-06-27,Fresno,019,978130,103545,103110,8836,111946,1727
2021-06-27,Glenn,021,27897,2455,2439,573,3012,20
2021-06-27,Humboldt,023,135768,4528,4513,45,4558,49
2021-06-27,Imperial,025,180216,28796,28987,2791,31778,741
2021-06-27,Inyo,027,18085,1412,1407,12,1419,35
2021-06-27,Kern,029,883053,97988,97249,11195,108444,1348
2021-06-27,Kings,031,150075,23299,23132,1115,24247,246
2021-06-27,Lake,033,64148,3623,3581,13,3594,56
2021-06-27,Lassen,035,31185,5288,5265,117,5382,20
2021-06-27,Los Angeles,037,10098052,1212201,1207461,42285,1249746,24493
2021-06-27,Madera,039,155013,16814,16680,951,17631,240
2021-06-27,Marin,041,260295,14229,14182,266,14448,232
2021-06-27,Mariposa,043,17540,441,440,11,451,5
2021-06-27,Mendocino,045,87422,4190,4100,82,4182,49
2021-06-27,Merced,047,269075,31272,31266,1070,32336,469
2021-06-27,Modoc,049,8938,419,411,148,559,3
2021-06-27,Mono,051,14174,1265,1279,18,1297,3
2021-06-27,Monterey,053,433212,43370,43199,1889,45088,462
2021-06-27,Napa,055,140530,10043,10046,39,10085,81
2021-06-27,Nevada,057,99092,4984,4946,195,5141,72
2021-06-27,Orange,059,3164182,256849,255710,11572,267282,5123
2021-06-27,Placer,061,380077,23901,23731,1561,25292,299
2021-06-27,Plumas,063,18699,722,704,12,716,4
2021-06-27,Riverside,065,2383286,295901,292641,14210,306851,4507
2021-06-27,Sacramento,067,1510023,108547,108279,1862,110141,1675
2021-06-27,San Benito,069,59416,6111,6101,116,6217,63
2021-06-27,San Bernardino,071,2135413,294958,294115,9095,303210,4927
2021-06-27,San Diego,073,3302833,283230,282359,15404,297763,3780
2021-06-27,San Francisco,075,870044,37203,37360,1316,38676,559
2021-06-27,San Joaquin,077,732212,74205,73960,3675,77635,1411
2021-06-27,San Luis Obispo,079,281455,21548,21340,759,22099,256
2021-06-27,San Mateo,081,765935,42836,42925,490,43415,539
2021-06-27,Santa Barbara,083,443738,34582,34533,1206,35739,455
2021-06-27,Santa Clara,085,1922200,119568,120352,783,121135,2103
2021-06-27,Santa Cruz,087,273765,16337,16241,819,17060,208
2021-06-27,Shasta,089,179085,12616,12640,1650,14290,203
2021-06-27,Sierra,091,2930,63,58,12,70,0
2021-06-27,Siskiyou,093,43540,1966,1896,377,2273,29
2021-06-27,Solano,095,438530,33522,33516,575,34091,267
2021-06-27,Sonoma,097,501317,31039,31129,368,31497,315
2021-06-27,Stanislaus,099,539301,57154,57021,6044,63065,1018
2021-06-27,Sutter,101,95872,9678,9678,90,9768,114
2021-06-27,Tehama,103,63373,5162,5122,601,5723,63
2021-06-27,Trinity,105,12862,494,341,99,440,3
2021-06-27,Tulare,107,460477,50487,49749,9200,58949,850
2021-06-27,Tuolumne,109,53932,4064,4121,41,4162,64
2021-06-27,Ventura,111,848112,81886,81361,3052,84413,1032
2021-06-27,Yolo,113,214977,14173,14194,353,14547,213
2021-06-27,Yuba,115,75493,6223,6205,133,6338,51
2021-06-26,Alameda,001,1643700,89618,89560,2002,91562,1259
2021-06-26,Alpine,003,1148,88,89,0,89,0
2021-06-26,Amador,005,37829,3766,3748,33,3781,46
2021-06-26,Butte,007,227075,12803,12693,1872,14565,198
2021-06-26,Calaveras,009,45235,2204,2202,14,2216,55
2021-06-26,Colusa,011,21464,1970,1973,322,2295,15
2021-06-26,Contra Costa,013,1133247,71174,70712,1332,72044,816
2021-06-26,Del Norte,015,27424,1463,1432,13,1445,8
2021-06-26,El Dorado,017,186661,10483,10414,762,11176,115
2021-06-26,Fresno,019,978130,103525,103091,8834,111925,1727
2021-06-26,Glenn,021,27897,2453,2441,573,3014,20
2021-06-26,Humboldt,023,135768,4525,4509,45,4554,49
2021-06-26,Imperial,025,180216,28792,28970,2791,31761,741
2021-06-26,Inyo,027,18085,1412,1407,12,1419,35
2021-06-26,Kern,029,883053,97962,97239,11186,108425,1348
2021-06-26,Kings,031,150075,23295,23128,1114,24242,246
2021-06-26,Lake,033,64148,3612,3576,13,3589,56
2021-06-26,Lassen,035,31185,5285,5263,117,5380,20
2021-06-26,Los Angeles,037,10098052,1211896,1207198,42251,1249449,24490
2021-06-26,Madera,039,155013,16807,16679,950,17629,240
2021-06-26,Marin,041,260295,14220,14180,266,14446,232
2021-06-26,Mariposa,043,17540,441,440,11,451,5
2021-06-26,Mendocino,045,87422,4188,4096,82,4178,49
2021-06-26,Merced,047,269075,31266,31259,1069,32328,469
2021-06-26,Modoc,049,8938,419,411,148,559,3
2021-06-26,Mono,051,14174,1265,1279,18,1297,3
2021-06-26,Monterey,053,433212,43367,43192,1889,45081,462
2021-06-26,Napa,055,140530,10037,10043,39,10082,81
2021-06-26,Nevada,057,99092,4979,4939,195,5134,72
2021-06-26,Orange,059,3164182,256770,255640,11565,267205,5123
2021-06-26,Placer,061,380077,23887,23702,1559,25261,299
2021-06-26,Plumas,063,18699,722,704,12,716,4
2021-06-26,Riverside,065,2383286,295843,292480,14204,306684,4505
2021-06-26,Sacramento,067,1510023,108476,108179,1860,110039,1675
2021-06-26,San Benito,069,59416,6107,6100,116,6216,63
2021-06-26,San Bernardino,071,2135413,294863,294034,9090,303124,4928
2021-06-26,San Diego,073,3302833,283145,282263,15386,297649,3780
2021-06-26,San Francisco,075,870044,37171,37348,1315,38663,559
2021-06-26,San Joaquin,077,732212,74176,73928,3674,77602,1411
2021-06-26,San Luis Obispo,079,281455,21547,21330,758,22088,256
2021-06-26,San Mateo,081,765935,42816,42898,490,43388,539
2021-06-26,Santa Barbara,083,443738,34573,34525,1206,35731,455
2021-06-26,Santa Clara,085,1922200,119535,120321,783,121104,2103
2021-06-26,Santa Cruz,087,273765,16334,16239,819,17058,208
2021-06-26,Shasta,089,179085,12612,12635,1646,14281,203
2021-06-26,Sierra,091,2930,63,58,12,70,0
2021-06-26,Siskiyou,093,43540,1965,1896,376,2272,29
2021-06-26,Solano,095,438530,33504,33489,573,34062,267
2021-06-26,Sonoma,097,501317,31013,31088,368,31456,315
2021-06-26,Stanislaus,099,539301,57138,57006,6042,63048,1018
2021-06-26,Sutter,101,95872,9677,9669,90,9759,114
2021-06-26,Tehama,103,63373,5162,5119,601,5720,63
2021-06-26,Trinity,105,12862,494,341,99,440,3
2021-06-26,Tulare,107,460477,50481,49745,9200,58945,850
2021-06-26,Tuolumne,109,53932,4064,4121,41,4162,64
2021-06-26,Ventura,111,848112,81862,81352,3051,84403,1032
2021-06-26,Yolo,113,214977,14165,14184,353,14537,213
2021-06-26,Yuba,115,75493,6220,6200,133,6333,51
2021-06-25,Alameda,001,1643700,89552,89453,1999,91452,1271
2021-06-25,Alpine,003,1148,88,89,0,89,0
2021-06-25,Amador,005,37829,3765,3746,33,3779,46
2021-06-25,Butte,007,227075,12798,12682,1869,14551,198
2021-06-25,Calaveras,009,45235,2203,2201,14,2215,55
2021-06-25,Colusa,011,21464,1970,1972,322,2294,15
2021-06-25,Contra Costa,013,1133247,71138,70659,1332,71991,815
2021-06-25,Del Norte,015,27424,1463,1426,13,1439,8
2021-06-25,El Dorado,017,186661,10475,10406,759,11165,115
2021-06-25,Fresno,019,978130,103507,103073,8830,111903,1727
2021-06-25,Glenn,021,27897,2453,2441,573,3014,20
2021-06-25,Humboldt,023,135768,4519,4503,43,4546,49
2021-06-25,Imperial,025,180216,28789,28968,2791,31759,740
2021-06-25,Inyo,027,18085,1411,1406,12,1418,35
2021-06-25,Kern,029,883053,97943,97182,11182,108364,1347
2021-06-25,Kings,031,150075,23289,23118,1114,24232,246
2021-06-25,Lake,033,64148,3606,3571,13,3584,56
2021-06-25,Lassen,035,31185,5284,5259,117,5376,20
2021-06-25,Los Angeles,037,10098052,1211616,1206909,42233,1249142,24483
2021-06-25,Madera,039,155013,16804,16670,950,17620,240
2021-06-25,Marin,041,260295,14217,14179,266,14445,232
2021-06-25,Mariposa,043,17540,441,440,11,451,5
2021-06-25,Mendocino,045,87422,4185,4089,82,4171,49
2021-06-25,Merced,047,269075,31258,31256,1069,32325,467
2021-06-25,Modoc,049,8938,419,411,148,559,3
2021-06-25,Mono,051,14174,1265,1279,18,1297,3
2021-06-25,Monterey,053,433212,43362,43184,1888,45072,462
2021-06-25,Napa,055,140530,10032,10037,39,10076,81
2021-06-25,Nevada,057,99092,4976,4932,195,5127,72
2021-06-25,Orange,059,3164182,256699,255574,11563,267137,5119
2021-06-25,Placer,061,380077,23868,23672,1558,25230,299
2021-06-25,Plumas,063,18699,722,702,11,713,4
2021-06-25,Riverside,065,2383286,295776,291663,14197,305860,4490
2021-06-25,Sacramento,067,1510023,108404,108034,1857,109891,1673
2021-06-25,San Benito,069,59416,6103,6098,116,6214,63
2021-06-25,San Bernardino,071,2135413,294808,293941,9088,303029,4911
2021-06-25,San Diego,073,3302833,283085,282157,15373,297530,3779
2021-06-25,San Francisco,075,870044,37148,37338,1314,38652,559
2021-06-25,San Joaquin,077,732212,74143,73860,3672,77532,1410
2021-06-25,San Luis Obispo,079,281455,21544,21325,757,22082,256
2021-06-25,San Mateo,081,765935,42798,42849,490,43339,537
2021-06-25,Santa Barbara,083,443738,34564,34518,1205,35723,454
2021-06-25,Santa Clara,085,1922200,119515,120272,783,121055,2103
2021-06-25,Santa Cruz,087,273765,16331,16230,817,17047,208
2021-06-25,Shasta,089,179085,12602,12633,1645,14278,202
2021-06-25,Sierra,091,2930,63,58,12,70,0
2021-06-25,Siskiyou,093,43540,1964,1894,376,2270,29
2021-06-25,Solano,095,438530,33484,33449,573,34022,267
2021-06-25,Sonoma,097,501317,30990,31043,368,31411,314
2021-06-25,Stanislaus,099,539301,57122,56973,6035,63008,1018
2021-06-25,Sutter,101,95872,9670,9664,90,9754,114
2021-06-25,Tehama,103,63373,5161,5119,601,5720,63
2021-06-25,Trinity,105,12862,494,338,99,437,3
2021-06-25,Tulare,107,460477,50474,49731,9197,58928,850
2021-06-25,Tuolumne,109,53932,4063,4121,41,4162,64
2021-06-25,Ventura,111,848112,81833,81342,3045,84387,1032
2021-06-25,Yolo,113,214977,14159,14172,353,14525,213
2021-06-25,Yuba,115,75493,6216,6195,133,6328,51
2021-06-24,Alameda,001,1643700,89481,89358,1996,91354,1268
2021-06-24,Alpine,003,1148,88,89,0,89,0
2021-06-24,Amador,005,37829,3761,3745,33,3778,46
2021-06-24,Butte,007,227075,12792,12673,1867,14540,198
2021-06-24,Calaveras,009,45235,2200,2202,14,2216,55
2021-06-24,Colusa,011,21464,1969,1972,322,2294,15
2021-06-24,Contra Costa,013,1133247,71079,70590,1332,71922,813
2021-06-24,Del Norte,015,27424,1462,1421,13,1434,8
2021-06-24,El Dorado,017,186661,10468,10402,759,11161,115
2021-06-24,Fresno,019,978130,103487,103061,8827,111888,1727
2021-06-24,Glenn,021,27897,2452,2439,573,3012,20
2021-06-24,Humboldt,023,135768,4514,4493,43,4536,49
2021-06-24,Imperial,025,180216,28786,28981,2791,31772,740
2021-06-24,Inyo,027,18085,1410,1406,12,1418,35
2021-06-24,Kern,029,883053,97924,97129,11169,108298,1346
2021-06-24,Kings,031,150075,23285,23114,1112,24226,246
2021-06-24,Lake,033,64148,3600,3571,13,3584,56
2021-06-24,Lassen,035,31185,5283,5258,117,5375,20
2021-06-24,Los Angeles,037,10098052,1211292,1206590,42210,1248800,24480
2021-06-24,Madera,039,155013,16793,16662,949,17611,240
2021-06-24,Marin,041,260295,14213,14180,266,14446,232
2021-06-24,Mariposa,043,17540,441,440,11,451,5
2021-06-24,Mendocino,045,87422,4177,4085,82,4167,49
2021-06-24,Merced,047,269075,31248,31248,1068,32316,466
2021-06-24,Modoc,049,8938,419,411,148,559,3
2021-06-24,Mono,051,14174,1265,1276,18,1294,3
2021-06-24,Monterey,053,433212,43355,43180,1888,45068,451
2021-06-24,Napa,055,140530,10030,10036,39,10075,80
2021-06-24,Nevada,057,99092,4974,4927,195,5122,72
2021-06-24,Orange,059,3164182,256635,255520,11555,267075,5117
2021-06-24,Placer,061,380077,23843,23659,1556,25215,299
2021-06-24,Plumas,063,18699,721,702,11,713,4
2021-06-24,Riverside,065,2383286,295696,291067,14186,305253,4473
2021-06-24,Sacramento,067,1510023,108316,107965,1855,109820,1672
2021-06-24,San Benito,069,59416,6100,6098,116,6214,63
2021-06-24,San Bernardino,071,2135413,294739,293895,9083,302978,4898
2021-06-24,San Diego,073,3302833,282981,282053,15360,297413,3778
2021-06-24,San Francisco,075,870044,37126,37320,1312,38632,559
2021-06-24,San Joaquin,077,732212,74095,73814,3672,77486,1408
2021-06-24,San Luis Obispo,079,281455,21538,21326,757,22083,256
2021-06-24,San Mateo,081,765935,42772,42814,489,43303,542
2021-06-24,Santa Barbara,083,443738,34558,34512,1204,35716,454
2021-06-24,Santa Clara,085,1922200,119485,120274,782,121056,2103
2021-06-24,Santa Cruz,087,273765,16330,16227,817,17044,208
2021-06-24,Shasta,089,179085,12597,12629,1641,14270,202
2021-06-24,Sierra,091,2930,63,58,12,70,0
2021-06-24,Siskiyou,093,43540,1964,1892,376,2268,28
2021-06-24,Solano,095,438530,33461,33432,571,34003,267
2021-06-24,Sonoma,097,501317,30961,31020,368,31388,314
2021-06-24,Stanislaus,099,539301,57096,56946,6035,62981,1018
2021-06-24,Sutter,101,95872,9663,9660,90,9750,113
2021-06-24,Tehama,103,63373,5158,5115,601,5716,63
2021-06-24,Trinity,105,12862,493,338,99,437,3
2021-06-24,Tulare,107,460477,50463,49730,9195,58925,850
2021-06-24,Tuolumne,109,53932,4061,4120,41,4161,64
2021-06-24,Ventura,111,848112,81805,81332,3044,84376,1032
2021-06-24,Yolo,113,214977,14150,14169,350,14519,213
2021-06-24,Yuba,115,75493,6211,6195,133,6328,51
2021-06-23,Alameda,001,1643700,89408,89338,1995,91333,1266
2021-06-23,Alpine,003,1148,88,88,0,88,0
2021-06-23,Amador,005,37829,3759,3743,33,3776,46
2021-06-23,Butte,007,227075,12785,12666,1867,14533,198
2021-06-23,Calaveras,009,45235,2199,2199,14,2213,55
2021-06-23,Colusa,011,21464,1968,1972,322,2294,15
2021-06-23,Contra Costa,013,1133247,71014,70526,1331,71857,813
2021-06-23,Del Norte,015,27424,1458,1418,13,1431,8
2021-06-23,El Dorado,017,186661,10459,10395,756,11151,115
2021-06-23,Fresno,019,978130,103458,103020,8825,111845,1724
2021-06-23,Glenn,021,27897,2452,2437,572,3009,20
2021-06-23,Humboldt,023,135768,4505,4490,43,4533,48
2021-06-23,Imperial,025,180216,28779,28908,2791,31699,740
2021-06-23,Inyo,027,18085,1410,1406,12,1418,35
2021-06-23,Kern,029,883053,97896,97078,11156,108234,1345
2021-06-23,Kings,031,150075,23278,23105,1110,24215,245
2021-06-23,Lake,033,64148,3591,3566,13,3579,53
2021-06-23,Lassen,035,31185,5280,5257,117,5374,20
2021-06-23,Los Angeles,037,10098052,1210955,1206358,42200,1248558,24472
2021-06-23,Madera,039,155013,16786,16660,949,17609,240
2021-06-23,Marin,041,260295,14207,14177,266,14443,230
2021-06-23,Mariposa,043,17540,441,439,11,450,5
2021-06-23,Mendocino,045,87422,4173,4078,82,4160,49
2021-06-23,Merced,047,269075,31239,31260,1068,32328,465
2021-06-23,Modoc,049,8938,417,407,148,555,3
2021-06-23,Mono,051,14174,1265,1279,18,1297,3
2021-06-23,Monterey,053,433212,43346,43166,1888,45054,439
2021-06-23,Napa,055,140530,10021,10032,39,10071,80
2021-06-23,Nevada,057,99092,4971,4924,195,5119,72
2021-06-23,Orange,059,3164182,256569,255479,11547,267026,5116
2021-06-23,Placer,061,380077,23814,23630,1551,25181,299
2021-06-23,Plumas,063,18699,720,701,11,712,4
2021-06-23,Riverside,065,2383286,295613,290343,14184,304527,4462
2021-06-23,Sacramento,067,1510023,108224,107868,1850,109718,1671
2021-06-23,San Benito,069,59416,6096,6097,116,6213,63
2021-06-23,San Bernardino,071,2135413,294660,293816,9078,302894,4886
2021-06-23,San Diego,073,3302833,282881,281937,15339,297276,3777
2021-06-23,San Francisco,075,870044,37102,37304,1311,38615,559
2021-06-23,San Joaquin,077,732212,74056,73764,3670,77434,1405
2021-06-23,San Luis Obispo,079,281455,21534,21323,756,22079,257
2021-06-23,San Mateo,081,765935,42756,42756,489,43245,542
2021-06-23,Santa Barbara,083,443738,34548,34505,1204,35709,454
2021-06-23,Santa Clara,085,1922200,119456,120233,782,121015,2098
2021-06-23,Santa Cruz,087,273765,16326,16215,817,17032,209
2021-06-23,Shasta,089,179085,12590,12604,1639,14243,202
2021-06-23,Sierra,091,2930,63,57,12,69,0
2021-06-23,Siskiyou,093,43540,1962,1892,376,2268,28
2021-06-23,Solano,095,438530,33417,33408,571,33979,267
2021-06-23,Sonoma,097,501317,30921,30959,366,31325,314
2021-06-23,Stanislaus,099,539301,57066,56926,6034,62960,1017
2021-06-23,Sutter,101,95872,9657,9653,90,9743,113
2021-06-23,Tehama,103,63373,5158,5119,600,5719,63
2021-06-23,Trinity,105,12862,493,338,99,437,3
2021-06-23,Tulare,107,460477,50456,49711,9191,58902,850
2021-06-23,Tuolumne,109,53932,4058,4120,41,4161,64
2021-06-23,Ventura,111,848112,81782,81312,3041,84353,1032
2021-06-23,Yolo,113,214977,14140,14161,350,14511,212
2021-06-23,Yuba,115,75493,6208,6190,133,6323,51
2021-06-22,Alameda,001,1643700,89341,89308,1995,91303,1263
2021-06-22,Alpine,003,1148,88,88,0,88,0
2021-06-22,Amador,005,37829,3756,3743,33,3776,46
2021-06-22,Butte,007,227075,12781,12662,1864,14526,198
2021-06-22,Calaveras,009,45235,2198,2198,14,2212,55
2021-06-22,Colusa,011,21464,1967,1971,322,2293,15
2021-06-22,Contra Costa,013,1133247,70958,70480,1330,71810,813
2021-06-22,Del Norte,015,27424,1455,1417,13,1430,8
2021-06-22,El Dorado,017,186661,10454,10380,755,11135,113
2021-06-22,Fresno,019,978130,103439,102996,8821,111817,1724
2021-06-22,Glenn,021,27897,2451,2435,570,3005,19
2021-06-22,Humboldt,023,135768,4495,4483,43,4526,42
2021-06-22,Imperial,025,180216,28774,28880,2791,31671,740
2021-06-22,Inyo,027,18085,1410,1405,12,1417,35
2021-06-22,Kern,029,883053,97883,97013,11152,108165,1342
2021-06-22,Kings,031,150075,23270,23098,1109,24207,245
2021-06-22,Lake,033,64148,3589,3564,13,3577,45
2021-06-22,Lassen,035,31185,5275,5254,117,5371,20
2021-06-22,Los Angeles,037,10098052,1210641,1206146,42188,1248334,24461
2021-06-22,Madera,039,155013,16781,16652,949,17601,240
2021-06-22,Marin,041,260295,14205,14174,266,14440,230
2021-06-22,Mariposa,043,17540,441,439,11,450,5
2021-06-22,Mendocino,045,87422,4167,4072,82,4154,49
2021-06-22,Merced,047,269075,31228,31267,1068,32335,464
2021-06-22,Modoc,049,8938,415,405,147,552,3
2021-06-22,Mono,051,14174,1265,1277,18,1295,3
2021-06-22,Monterey,053,433212,43343,43162,1887,45049,427
2021-06-22,Napa,055,140530,10017,10029,39,10068,80
2021-06-22,Nevada,057,99092,4965,4923,195,5118,72
2021-06-22,Orange,059,3164182,256500,255452,11536,266988,5114
2021-06-22,Placer,061,380077,23792,23603,1551,25154,299
2021-06-22,Plumas,063,18699,720,697,11,708,4
2021-06-22,Riverside,065,2383286,295552,289839,14180,304019,4456
2021-06-22,Sacramento,067,1510023,108123,107801,1845,109646,1670
2021-06-22,San Benito,069,59416,6095,6098,116,6214,63
2021-06-22,San Bernardino,071,2135413,294585,293770,9072,302842,4873
2021-06-22,San Diego,073,3302833,282777,281867,15316,297183,3771
2021-06-22,San Francisco,075,870044,37088,37287,1311,38598,556
2021-06-22,San Joaquin,077,732212,74026,73723,3668,77391,1405
2021-06-22,San Luis Obispo,079,281455,21531,21321,755,22076,257
2021-06-22,San Mateo,081,765935,42742,42725,484,43209,542
2021-06-22,Santa Barbara,083,443738,34537,34500,1203,35703,454
2021-06-22,Santa Clara,085,1922200,119424,120194,782,120976,2095
2021-06-22,Santa Cruz,087,273765,16321,16218,817,17035,209
2021-06-22,Shasta,089,179085,12579,12616,1636,14252,202
2021-06-22,Sierra,091,2930,62,57,12,69,0
2021-06-22,Siskiyou,093,43540,1962,1892,376,2268,28
2021-06-22,Solano,095,438530,33399,33397,570,33967,267
2021-06-22,Sonoma,097,501317,30881,30933,366,31299,314
2021-06-22,Stanislaus,099,539301,57050,56915,6032,62947,1017
2021-06-22,Sutter,101,95872,9650,9649,90,9739,113
2021-06-22,Tehama,103,63373,5156,5118,599,5717,63
2021-06-22,Trinity,105,12862,491,337,99,436,3
2021-06-22,Tulare,107,460477,50447,49706,9186,58892,850
2021-06-22,Tuolumne,109,53932,4056,4119,41,4160,64
2021-06-22,Ventura,111,848112,81768,81300,3040,84340,1032
2021-06-22,Yolo,113,214977,14135,14157,348,14505,212
2021-06-22,Yuba,115,75493,6204,6181,133,6314,51
2021-06-21,Alameda,001,1643700,89284,89281,1994,91275,1262
2021-06-21,Alpine,003,1148,88,88,0,88,0
2021-06-21,Amador,005,37829,3750,3742,33,3775,46
2021-06-21,Butte,007,227075,12775,12668,1862,14530,195
2021-06-21,Calaveras,009,45235,2196,2194,14,2208,55
2021-06-21,Colusa,011,21464,1966,1970,321,2291,15
2021-06-21,Contra Costa,013,1133247,70887,70439,1328,71767,813
2021-06-21,Del Norte,015,27424,1451,1416,13,1429,8
2021-06-21,El Dorado,017,186661,10448,10375,754,11129,113
2021-06-21,Fresno,019,978130,103419,102971,8818,111789,1724
2021-06-21,Glenn,021,27897,2450,2433,570,3003,19
2021-06-21,Humboldt,023,135768,4486,4478,42,4520,42
2021-06-21,Imperial,025,180216,28770,28855,2791,31646,740
2021-06-21,Inyo,027,18085,1409,1405,12,1417,35
2021-06-21,Kern,029,883053,97854,96995,11143,108138,1342
2021-06-21,Kings,031,150075,23263,23091,1106,24197,245
2021-06-21,Lake,033,64148,3583,3563,13,3576,45
2021-06-21,Lassen,035,31185,5273,5233,117,5350,19
2021-06-21,Los Angeles,037,10098052,1210349,1205994,42167,1248161,24459
2021-06-21,Madera,039,155013,16772,16647,949,17596,240
2021-06-21,Marin,041,260295,14201,14173,266,14439,230
2021-06-21,Mariposa,043,17540,441,439,11,450,5
2021-06-21,Mendocino,045,87422,4164,4085,82,4167,49
2021-06-21,Merced,047,269075,31218,31264,1067,32331,465
2021-06-21,Modoc,049,8938,415,405,147,552,3
2021-06-21,Mono,051,14174,1265,1277,18,1295,3
2021-06-21,Monterey,053,433212,43340,43157,1887,45044,427
2021-06-21,Napa,055,140530,10012,10028,39,10067,80
2021-06-21,Nevada,057,99092,4961,4921,195,5116,72
2021-06-21,Orange,059,3164182,256428,255400,11529,266929,5113
2021-06-21,Placer,061,380077,23768,23577,1551,25128,298
2021-06-21,Plumas,063,18699,718,697,11,708,4
2021-06-21,Riverside,065,2383286,295476,289797,14175,303972,4456
2021-06-21,Sacramento,067,1510023,108011,107757,1844,109601,1669
2021-06-21,San Benito,069,59416,6091,6098,116,6214,63
2021-06-21,San Bernardino,071,2135413,294498,293736,9068,302804,4850
2021-06-21,San Diego,073,3302833,282672,281811,15296,297107,3771
2021-06-21,San Francisco,075,870044,37072,37275,1310,38585,556
2021-06-21,San Joaquin,077,732212,73985,73687,3667,77354,1405
2021-06-21,San Luis Obispo,079,281455,21522,21316,755,22071,257
2021-06-21,San Mateo,081,765935,42726,42685,483,43168,542
2021-06-21,Santa Barbara,083,443738,34532,34492,1203,35695,455
2021-06-21,Santa Clara,085,1922200,119391,120192,781,120973,2093
2021-06-21,Santa Cruz,087,273765,16319,16212,817,17029,208
2021-06-21,Shasta,089,179085,12566,12617,1633,14250,201
2021-06-21,Sierra,091,2930,62,57,12,69,0
2021-06-21,Siskiyou,093,43540,1962,1892,376,2268,27
2021-06-21,Solano,095,438530,33376,33383,569,33952,266
2021-06-21,Sonoma,097,501317,30858,30912,366,31278,314
2021-06-21,Stanislaus,099,539301,57020,56891,6027,62918,1017
2021-06-21,Sutter,101,95872,9647,9649,90,9739,113
2021-06-21,Tehama,103,63373,5156,5115,598,5713,63
2021-06-21,Trinity,105,12862,491,337,99,436,3
2021-06-21,Tulare,107,460477,50436,49689,9182,58871,849
2021-06-21,Tuolumne,109,53932,4052,4119,41,4160,63
2021-06-21,Ventura,111,848112,81740,81291,3036,84327,1031
2021-06-21,Yolo,113,214977,14129,14165,348,14513,212
2021-06-21,Yuba,115,75493,6203,6172,133,6305,51
2021-06-20,Alameda,001,1643700,89219,89255,1993,91248,1263
2021-06-20,Alpine,003,1148,88,88,0,88,0
2021-06-20,Amador,005,37829,3747,3740,33,3773,46
2021-06-20,Butte,007,227075,12768,12668,1861,14529,194
2021-06-20,Calaveras,009,45235,2195,2193,14,2207,55
2021-06-20,Colusa,011,21464,1966,1970,321,2291,15
2021-06-20,Contra Costa,013,1133247,70830,70401,1326,71727,813
2021-06-20,Del Norte,015,27424,1447,1416,13,1429,8
2021-06-20,El Dorado,017,186661,10434,10372,752,11124,113
2021-06-20,Fresno,019,978130,103378,102947,8815,111762,1724
2021-06-20,Glenn,021,27897,2450,2434,570,3004,19
2021-06-20,Humboldt,023,135768,4480,4472,42,4514,42
2021-06-20,Imperial,025,180216,28761,28855,2791,31646,740
2021-06-20,Inyo,027,18085,1408,1405,12,1417,35
2021-06-20,Kern,029,883053,97833,96985,11132,108117,1342
2021-06-20,Kings,031,150075,23258,23088,1104,24192,245
2021-06-20,Lake,033,64148,3581,3563,13,3576,45
2021-06-20,Lassen,035,31185,5270,5230,117,5347,19
2021-06-20,Los Angeles,037,10098052,1210050,1205874,42159,1248033,24456
2021-06-20,Madera,039,155013,16764,16638,947,17585,240
2021-06-20,Marin,041,260295,14198,14166,266,14432,230
2021-06-20,Mariposa,043,17540,439,439,11,450,5
2021-06-20,Mendocino,045,87422,4157,4080,82,4162,49
2021-06-20,Merced,047,269075,31205,31265,1067,32332,465
2021-06-20,Modoc,049,8938,415,405,147,552,3
2021-06-20,Mono,051,14174,1265,1275,18,1293,3
2021-06-20,Monterey,053,433212,43331,43156,1886,45042,427
2021-06-20,Napa,055,140530,10005,10026,38,10064,80
2021-06-20,Nevada,057,99092,4954,4919,195,5114,72
2021-06-20,Orange,059,3164182,256364,255377,11518,266895,5113
2021-06-20,Placer,061,380077,23734,23562,1547,25109,298
2021-06-20,Plumas,063,18699,717,697,11,708,4
2021-06-20,Riverside,065,2383286,295397,289770,14164,303934,4456
2021-06-20,Sacramento,067,1510023,107900,107700,1841,109541,1669
2021-06-20,San Benito,069,59416,6091,6098,116,6214,63
2021-06-20,San Bernardino,071,2135413,294398,293713,9064,302777,4845
2021-06-20,San Diego,073,3302833,282566,281750,15274,297024,3771
2021-06-20,San Francisco,075,870044,37050,37269,1310,38579,556
2021-06-20,San Joaquin,077,732212,73940,73676,3658,77334,1405
2021-06-20,San Luis Obispo,079,281455,21520,21313,755,22068,257
2021-06-20,San Mateo,081,765935,42697,42681,483,43164,542
2021-06-20,Santa Barbara,083,443738,34523,34487,1203,35690,455
2021-06-20,Santa Clara,085,1922200,119356,120163,781,120944,2093
2021-06-20,Santa Cruz,087,273765,16313,16210,817,17027,208
2021-06-20,Shasta,089,179085,12561,12617,1631,14248,201
2021-06-20,Sierra,091,2930,62,57,12,69,0
2021-06-20,Siskiyou,093,43540,1961,1891,376,2267,27
2021-06-20,Solano,095,438530,33354,33361,567,33928,266
2021-06-20,Sonoma,097,501317,30811,30884,363,31247,314
2021-06-20,Stanislaus,099,539301,56989,56868,6026,62894,1017
2021-06-20,Sutter,101,95872,9644,9645,90,9735,113
2021-06-20,Tehama,103,63373,5152,5115,598,5713,63
2021-06-20,Trinity,105,12862,491,337,99,436,3
2021-06-20,Tulare,107,460477,50427,49685,9180,58865,849
2021-06-20,Tuolumne,109,53932,4049,4117,41,4158,63
2021-06-20,Ventura,111,848112,81724,81282,3034,84316,1031
2021-06-20,Yolo,113,214977,14122,14160,348,14508,212
2021-06-20,Yuba,115,75493,6196,6167,133,6300,51
2021-06-19,Alameda,001,1643700,89184,89202,1993,91195,1263
2021-06-19,Alpine,003,1148,88,88,0,88,0
2021-06-19,Amador,005,37829,3745,3739,33,3772,46
2021-06-19,Butte,007,227075,12764,12659,1861,14520,194
2021-06-19,Calaveras,009,45235,2195,2192,14,2206,55
2021-06-19,Colusa,011,21464,1966,1969,321,2290,15
2021-06-19,Contra Costa,013,1133247,70799,70334,1325,71659,813
2021-06-19,Del Norte,015,27424,1446,1416,13,1429,8
2021-06-19,El Dorado,017,186661,10433,10363,751,11114,113
2021-06-19,Fresno,019,978130,103365,102922,8812,111734,1724
2021-06-19,Glenn,021,27897,2449,2434,569,3003,19
2021-06-19,Humboldt,023,135768,4469,4463,42,4505,42
2021-06-19,Imperial,025,180216,28760,28813,2791,31604,740
2021-06-19,Inyo,027,18085,1408,1405,12,1417,35
2021-06-19,Kern,029,883053,97817,96966,11128,108094,1342
2021-06-19,Kings,031,150075,23255,23086,1104,24190,245
2021-06-19,Lake,033,64148,3577,3563,13,3576,45
2021-06-19,Lassen,035,31185,5269,5225,117,5342,19
2021-06-19,Los Angeles,037,10098052,1209850,1205602,42144,1247746,24454
2021-06-19,Madera,039,155013,16762,16632,947,17579,240
2021-06-19,Marin,041,260295,14190,14152,266,14418,230
2021-06-19,Mariposa,043,17540,439,439,11,450,5
2021-06-19,Mendocino,045,87422,4151,4077,82,4159,49
2021-06-19,Merced,047,269075,31203,31256,1067,32323,465
2021-06-19,Modoc,049,8938,414,402,147,549,3
2021-06-19,Mono,051,14174,1265,1275,18,1293,3
2021-06-19,Monterey,053,433212,43325,43153,1886,45039,427
2021-06-19,Napa,055,140530,10001,10025,38,10063,80
2021-06-19,Nevada,057,99092,4949,4910,195,5105,72
2021-06-19,Orange,059,3164182,256317,255329,11515,266844,5112
2021-06-19,Placer,061,380077,23718,23537,1544,25081,298
2021-06-19,Plumas,063,18699,716,697,11,708,4
2021-06-19,Riverside,065,2383286,295351,289720,14164,303884,4456
2021-06-19,Sacramento,067,1510023,107854,107631,1838,109469,1669
2021-06-19,San Benito,069,59416,6090,6098,116,6214,63
2021-06-19,San Bernardino,071,2135413,294354,293673,9061,302734,4844
2021-06-19,San Diego,073,3302833,282506,281682,15260,296942,3771
2021-06-19,San Francisco,075,870044,37037,37256,1310,38566,556
2021-06-19,San Joaquin,077,732212,73924,73652,3654,77306,1405
2021-06-19,San Luis Obispo,079,281455,21518,21308,755,22063,257
2021-06-19,San Mateo,081,765935,42679,42646,481,43127,542
2021-06-19,Santa Barbara,083,443738,34521,34472,1203,35675,455
2021-06-19,Santa Clara,085,1922200,119333,120110,780,120890,2093
2021-06-19,Santa Cruz,087,273765,16308,16206,817,17023,208
2021-06-19,Shasta,089,179085,12559,12615,1630,14245,201
2021-06-19,Sierra,091,2930,62,57,12,69,0
2021-06-19,Siskiyou,093,43540,1961,1891,375,2266,27
2021-06-19,Solano,095,438530,33344,33341,566,33907,266
2021-06-19,Sonoma,097,501317,30770,30841,362,31203,314
2021-06-19,Stanislaus,099,539301,56970,56847,6023,62870,1017
2021-06-19,Sutter,101,95872,9641,9645,90,9735,113
2021-06-19,Tehama,103,63373,5151,5115,598,5713,63
2021-06-19,Trinity,105,12862,491,337,99,436,3
2021-06-19,Tulare,107,460477,50420,49681,9175,58856,849
2021-06-19,Tuolumne,109,53932,4049,4117,41,4158,63
2021-06-19,Ventura,111,848112,81711,81270,3033,84303,1031
2021-06-19,Yolo,113,214977,14118,14156,347,14503,212
2021-06-19,Yuba,115,75493,6195,6157,133,6290,51
2021-06-18,Alameda,001,1643700,89147,89123,1993,91116,1263
2021-06-18,Alpine,003,1148,88,88,0,88,0
2021-06-18,Amador,005,37829,3745,3739,33,3772,46
2021-06-18,Butte,007,227075,12761,12653,1858,14511,194
2021-06-18,Calaveras,009,45235,2195,2191,14,2205,55
2021-06-18,Colusa,011,21464,1965,1969,321,2290,15
2021-06-18,Contra Costa,013,1133247,70757,70271,1323,71594,813
2021-06-18,Del Norte,015,27424,1446,1415,13,1428,8
2021-06-18,El Dorado,017,186661,10430,10348,749,11097,113
2021-06-18,Fresno,019,978130,103349,102894,8810,111704,1722
2021-06-18,Glenn,021,27897,2448,2430,569,2999,19
2021-06-18,Humboldt,023,135768,4461,4450,42,4492,42
2021-06-18,Imperial,025,180216,28758,28809,2791,31600,740
2021-06-18,Inyo,027,18085,1408,1405,12,1417,35
2021-06-18,Kern,029,883053,97806,96948,11122,108070,1341
2021-06-18,Kings,031,150075,23250,23082,1104,24186,245
2021-06-18,Lake,033,64148,3573,3563,13,3576,45
2021-06-18,Lassen,035,31185,5268,5224,117,5341,19
2021-06-18,Los Angeles,037,10098052,1209693,1205472,42127,1247599,24451
2021-06-18,Madera,039,155013,16756,16625,947,17572,241
2021-06-18,Marin,041,260295,14187,14147,266,14413,230
2021-06-18,Mariposa,043,17540,439,439,11,450,5
2021-06-18,Mendocino,045,87422,4146,4068,82,4150,49
2021-06-18,Merced,047,269075,31201,31262,1067,32329,464
2021-06-18,Modoc,049,8938,414,402,147,549,3
2021-06-18,Mono,051,14174,1264,1275,17,1292,3
2021-06-18,Monterey,053,433212,43322,43148,1886,45034,427
2021-06-18,Napa,055,140530,9997,10021,38,10059,80
2021-06-18,Nevada,057,99092,4941,4903,195,5098,72
2021-06-18,Orange,059,3164182,256280,255274,11512,266786,5108
2021-06-18,Placer,061,380077,23710,23500,1541,25041,298
2021-06-18,Plumas,063,18699,716,697,11,708,4
2021-06-18,Riverside,065,2383286,295303,289676,14163,303839,4457
2021-06-18,Sacramento,067,1510023,107806,107570,1838,109408,1669
2021-06-18,San Benito,069,59416,6089,6097,116,6213,63
2021-06-18,San Bernardino,071,2135413,294309,293629,9057,302686,4826
2021-06-18,San Diego,073,3302833,282430,281608,15249,296857,3771
2021-06-18,San Francisco,075,870044,37028,37246,1310,38556,556
2021-06-18,San Joaquin,077,732212,73906,73623,3652,77275,1403
2021-06-18,San Luis Obispo,079,281455,21514,21301,754,22055,257
2021-06-18,San Mateo,081,765935,42668,42630,480,43110,542
2021-06-18,Santa Barbara,083,443738,34511,34469,1203,35672,455
2021-06-18,Santa Clara,085,1922200,119312,120081,778,120859,2093
2021-06-18,Santa Cruz,087,273765,16304,16202,817,17019,208
2021-06-18,Shasta,089,179085,12555,12607,1628,14235,201
2021-06-18,Sierra,091,2930,61,57,12,69,0
2021-06-18,Siskiyou,093,43540,1961,1890,375,2265,27
2021-06-18,Solano,095,438530,33330,33323,566,33889,266
2021-06-18,Sonoma,097,501317,30752,30816,361,31177,313
2021-06-18,Stanislaus,099,539301,56955,56803,6021,62824,1012
2021-06-18,Sutter,101,95872,9638,9643,90,9733,113
2021-06-18,Tehama,103,63373,5149,5114,598,5712,63
2021-06-18,Trinity,105,12862,491,337,98,435,3
2021-06-18,Tulare,107,460477,50418,49664,9168,58832,849
2021-06-18,Tuolumne,109,53932,4047,4116,41,4157,63
2021-06-18,Ventura,111,848112,81701,81256,3028,84284,1031
2021-06-18,Yolo,113,214977,14115,14148,345,14493,212
2021-06-18,Yuba,115,75493,6189,6150,133,6283,51
2021-06-17,Alameda,001,1643700,89100,89087,1993,91080,1262
2021-06-17,Alpine,003,1148,88,88,0,88,0
2021-06-17,Amador,005,37829,3743,3731,33,3764,46
2021-06-17,Butte,007,227075,12751,12644,1857,14501,194
2021-06-17,Calaveras,009,45235,2194,2189,14,2203,55
2021-06-17,Colusa,011,21464,1964,1969,321,2290,15
2021-06-17,Contra Costa,013,1133247,70718,70190,1319,71509,810
2021-06-17,Del Norte,015,27424,1444,1413,13,1426,8
2021-06-17,El Dorado,017,186661,10420,10341,749,11090,113
2021-06-17,Fresno,019,978130,103323,102867,8806,111673,1722
2021-06-17,Glenn,021,27897,2448,2430,569,2999,19
2021-06-17,Humboldt,023,135768,4452,4438,42,4480,42
2021-06-17,Imperial,025,180216,28750,28801,2791,31592,741
2021-06-17,Inyo,027,18085,1408,1405,12,1417,35
2021-06-17,Kern,029,883053,97791,96840,11116,107956,1340
2021-06-17,Kings,031,150075,23246,23078,1103,24181,245
2021-06-17,Lake,033,64148,3570,3563,9,3572,45
2021-06-17,Lassen,035,31185,5264,5223,117,5340,19
2021-06-17,Los Angeles,037,10098052,1209481,1205301,42098,1247399,24444
2021-06-17,Madera,039,155013,16751,16618,947,17565,241
2021-06-17,Marin,041,260295,14187,14141,266,14407,229
2021-06-17,Mariposa,043,17540,439,439,11,450,5
2021-06-17,Mendocino,045,87422,4139,4054,82,4136,49
2021-06-17,Merced,047,269075,31196,31262,1067,32329,464
2021-06-17,Modoc,049,8938,413,401,147,548,3
2021-06-17,Mono,051,14174,1263,1275,17,1292,3
2021-06-17,Monterey,053,433212,43314,43140,1886,45026,416
2021-06-17,Napa,055,140530,9997,10014,38,10052,80
2021-06-17,Nevada,057,99092,4937,4898,195,5093,72
2021-06-17,Orange,059,3164182,256234,255240,11501,266741,5109
2021-06-17,Placer,061,380077,23694,23461,1539,25000,298
2021-06-17,Plumas,063,18699,715,697,11,708,4
2021-06-17,Riverside,065,2383286,295249,289627,14161,303788,4458
2021-06-17,Sacramento,067,1510023,107742,107492,1836,109328,1666
2021-06-17,San Benito,069,59416,6089,6097,116,6213,63
2021-06-17,San Bernardino,071,2135413,294268,293560,9057,302617,4811
2021-06-17,San Diego,073,3302833,282354,281531,15235,296766,3771
2021-06-17,San Francisco,075,870044,37017,37243,1309,38552,556
2021-06-17,San Joaquin,077,732212,73883,73560,3647,77207,1403
2021-06-17,San Luis Obispo,079,281455,21512,21297,754,22051,257
2021-06-17,San Mateo,081,765935,42662,42615,480,43095,542
2021-06-17,Santa Barbara,083,443738,34505,34466,1203,35669,453
2021-06-17,Santa Clara,085,1922200,119287,120032,777,120809,2093
2021-06-17,Santa Cruz,087,273765,16300,16197,817,17014,208
2021-06-17,Shasta,089,179085,12547,12597,1628,14225,201
2021-06-17,Sierra,091,2930,61,56,12,68,0
2021-06-17,Siskiyou,093,43540,1960,1889,375,2264,27
2021-06-17,Solano,095,438530,33309,33296,565,33861,266
2021-06-17,Sonoma,097,501317,30721,30793,361,31154,323
2021-06-17,Stanislaus,099,539301,56924,56752,6016,62768,1012
2021-06-17,Sutter,101,95872,9635,9629,90,9719,113
2021-06-17,Tehama,103,63373,5148,5112,596,5708,63
2021-06-17,Trinity,105,12862,490,337,98,435,3
2021-06-17,Tulare,107,460477,50413,49649,9160,58809,849
2021-06-17,Tuolumne,109,53932,4046,4116,41,4157,63
2021-06-17,Ventura,111,848112,81692,81248,3025,84273,1030
2021-06-17,Yolo,113,214977,14107,14141,345,14486,212
2021-06-17,Yuba,115,75493,6180,6140,133,6273,51
2021-06-16,Alameda,001,1643700,89051,89045,1992,91037,1265
2021-06-16,Alpine,003,1148,88,88,0,88,0
2021-06-16,Amador,005,37829,3742,3730,33,3763,46
2021-06-16,Butte,007,227075,12749,12635,1855,14490,194
2021-06-16,Calaveras,009,45235,2192,2188,14,2202,55
2021-06-16,Colusa,011,21464,1964,1967,321,2288,15
2021-06-16,Contra Costa,013,1133247,70666,70136,1318,71454,810
2021-06-16,Del Norte,015,27424,1441,1413,13,1426,8
2021-06-16,El Dorado,017,186661,10414,10334,748,11082,113
2021-06-16,Fresno,019,978130,103293,102842,8802,111644,1722
2021-06-16,Glenn,021,27897,2448,2430,569,2999,19
2021-06-16,Humboldt,023,135768,4443,4427,41,4468,42
2021-06-16,Imperial,025,180216,28747,28796,2791,31587,741
2021-06-16,Inyo,027,18085,1407,1405,12,1417,35
2021-06-16,Kern,029,883053,97769,96789,11109,107898,1339
2021-06-16,Kings,031,150075,23245,23072,1102,24174,245
2021-06-16,Lake,033,64148,3570,3562,9,3571,45
2021-06-16,Lassen,035,31185,5261,5216,117,5333,19
2021-06-16,Los Angeles,037,10098052,1209258,1205102,42087,1247189,24439
2021-06-16,Madera,039,155013,16747,16603,947,17550,240
2021-06-16,Marin,041,260295,14185,14137,266,14403,229
2021-06-16,Mariposa,043,17540,439,437,11,448,5
2021-06-16,Mendocino,045,87422,4131,4041,82,4123,49
2021-06-16,Merced,047,269075,31188,31250,1067,32317,463
2021-06-16,Modoc,049,8938,412,383,146,529,3
2021-06-16,Mono,051,14174,1263,1275,17,1292,3
2021-06-16,Monterey,053,433212,43311,43122,1886,45008,416
2021-06-16,Napa,055,140530,9993,10011,38,10049,80
2021-06-16,Nevada,057,99092,4932,4894,195,5089,72
2021-06-16,Orange,059,3164182,256181,255188,11494,266682,5109
2021-06-16,Placer,061,380077,23684,23425,1535,24960,298
2021-06-16,Plumas,063,18699,715,697,11,708,4
2021-06-16,Riverside,065,2383286,295188,289539,14159,303698,4457
2021-06-16,Sacramento,067,1510023,107672,107422,1832,109254,1665
2021-06-16,San Benito,069,59416,6089,6090,116,6206,63
2021-06-16,San Bernardino,071,2135413,294219,293499,9055,302554,4797
2021-06-16,San Diego,073,3302833,282275,281423,15222,296645,3770
2021-06-16,San Francisco,075,870044,37004,37222,1307,38529,555
2021-06-16,San Joaquin,077,732212,73846,73530,3643,77173,1399
2021-06-16,San Luis Obispo,079,281455,21507,21294,754,22048,257
2021-06-16,San Mateo,081,765935,42646,42601,480,43081,542
2021-06-16,Santa Barbara,083,443738,34499,34459,1203,35662,460
2021-06-16,Santa Clara,085,1922200,119255,119982,777,120759,2087
2021-06-16,Santa Cruz,087,273765,16297,16187,817,17004,208
2021-06-16,Shasta,089,179085,12542,12592,1627,14219,200
2021-06-16,Sierra,091,2930,61,56,12,68,0
2021-06-16,Siskiyou,093,43540,1959,1886,375,2261,26
2021-06-16,Solano,095,438530,33281,33276,565,33841,266
2021-06-16,Sonoma,097,501317,30685,30741,361,31102,323
2021-06-16,Stanislaus,099,539301,56893,56738,6014,62752,984
2021-06-16,Sutter,101,95872,9631,9620,90,9710,113
2021-06-16,Tehama,103,63373,5146,5106,596,5702,63
2021-06-16,Trinity,105,12862,489,332,98,430,3
2021-06-16,Tulare,107,460477,50408,49578,9156,58734,849
2021-06-16,Tuolumne,109,53932,4046,4110,41,4151,63
2021-06-16,Ventura,111,848112,81678,81229,3023,84252,1029
2021-06-16,Yolo,113,214977,14098,14135,344,14479,212
2021-06-16,Yuba,115,75493,6170,6134,133,6267,51
2021-06-15,Alameda,001,1643700,89008,89008,1992,91000,1262
2021-06-15,Alpine,003,1148,88,88,0,88,0
2021-06-15,Amador,005,37829,3739,3723,33,3756,46
2021-06-15,Butte,007,227075,12741,12620,1854,14474,194
2021-06-15,Calaveras,009,45235,2191,2188,14,2202,55
2021-06-15,Colusa,011,21464,1964,1967,319,2286,15
2021-06-15,Contra Costa,013,1133247,70604,70101,1318,71419,810
2021-06-15,Del Norte,015,27424,1440,1411,13,1424,8
2021-06-15,El Dorado,017,186661,10405,10330,748,11078,113
2021-06-15,Fresno,019,978130,103262,102828,8801,111629,1722
2021-06-15,Glenn,021,27897,2447,2426,569,2995,19
2021-06-15,Humboldt,023,135768,4434,4414,40,4454,42
2021-06-15,Imperial,025,180216,28741,28789,2791,31580,741
2021-06-15,Inyo,027,18085,1407,1405,12,1417,35
2021-06-15,Kern,029,883053,97741,96782,11101,107883,1338
2021-06-15,Kings,031,150075,23239,23070,1100,24170,245
2021-06-15,Lake,033,64148,3569,3559,9,3568,45
2021-06-15,Lassen,035,31185,5260,5211,117,5328,19
2021-06-15,Los Angeles,037,10098052,1209026,1204926,42079,1247005,24435
2021-06-15,Madera,039,155013,16740,16600,946,17546,240
2021-06-15,Marin,041,260295,14177,14135,266,14401,229
2021-06-15,Mariposa,043,17540,439,437,11,448,5
2021-06-15,Mendocino,045,87422,4124,4034,82,4116,49
2021-06-15,Merced,047,269075,31182,31244,1067,32311,461
2021-06-15,Modoc,049,8938,411,383,146,529,3
2021-06-15,Mono,051,14174,1263,1275,17,1292,3
2021-06-15,Monterey,053,433212,43305,43118,1886,45004,416
2021-06-15,Napa,055,140530,9991,10010,38,10048,80
2021-06-15,Nevada,057,99092,4929,4888,195,5083,72
2021-06-15,Orange,059,3164182,256140,255127,11485,266612,5105
2021-06-15,Placer,061,380077,23662,23396,1534,24930,298
2021-06-15,Plumas,063,18699,714,697,11,708,4
2021-06-15,Riverside,065,2383286,295128,289508,14155,303663,4455
2021-06-15,Sacramento,067,1510023,107597,107370,1826,109196,1662
2021-06-15,San Benito,069,59416,6088,6089,116,6205,63
2021-06-15,San Bernardino,071,2135413,294169,293463,9049,302512,4790
2021-06-15,San Diego,073,3302833,282191,281375,15207,296582,3770
2021-06-15,San Francisco,075,870044,36995,37210,1306,38516,555
2021-06-15,San Joaquin,077,732212,73806,73494,3638,77132,1399
2021-06-15,San Luis Obispo,079,281455,21502,21293,753,22046,257
2021-06-15,San Mateo,081,765935,42632,42593,480,43073,543
2021-06-15,Santa Barbara,083,443738,34494,34451,1203,35654,460
2021-06-15,Santa Clara,085,1922200,119217,119963,777,120740,2086
2021-06-15,Santa Cruz,087,273765,16290,16180,816,16996,208
2021-06-15,Shasta,089,179085,12536,12583,1627,14210,201
2021-06-15,Sierra,091,2930,60,55,12,67,0
2021-06-15,Siskiyou,093,43540,1958,1887,375,2262,26
2021-06-15,Solano,095,438530,33262,33264,565,33829,266
2021-06-15,Sonoma,097,501317,30646,30707,360,31067,323
2021-06-15,Stanislaus,099,539301,56865,56724,6011,62735,979
2021-06-15,Sutter,101,95872,9622,9616,90,9706,113
2021-06-15,Tehama,103,63373,5144,5102,596,5698,63
2021-06-15,Trinity,105,12862,488,332,97,429,3
2021-06-15,Tulare,107,460477,50401,49561,9153,58714,848
2021-06-15,Tuolumne,109,53932,4046,4111,41,4152,63
2021-06-15,Ventura,111,848112,81667,81215,3020,84235,1029
2021-06-15,Yolo,113,214977,14094,14127,342,14469,212
2021-06-15,Yuba,115,75493,6159,6130,133,6263,51
2021-06-14,Alameda,001,1643700,88959,88966,1992,90958,1264
2021-06-14,Alpine,003,1148,88,88,0,88,0
2021-06-14,Amador,005,37829,3738,3722,33,3755,46
2021-06-14,Butte,007,227075,12730,12613,1850,14463,194
2021-06-14,Calaveras,009,45235,2190,2190,14,2204,55
2021-06-14,Colusa,011,21464,1963,1966,319,2285,15
2021-06-14,Contra Costa,013,1133247,70551,70069,1316,71385,810
2021-06-14,Del Norte,015,27424,1440,1411,13,1424,8
2021-06-14,El Dorado,017,186661,10396,10327,747,11074,113
2021-06-14,Fresno,019,978130,103240,102812,8799,111611,1719
2021-06-14,Glenn,021,27897,2447,2426,569,2995,19
2021-06-14,Humboldt,023,135768,4426,4407,39,4446,42
2021-06-14,Imperial,025,180216,28729,28836,2791,31627,741
2021-06-14,Inyo,027,18085,1406,1405,12,1417,35
2021-06-14,Kern,029,883053,97721,96760,11091,107851,1337
2021-06-14,Kings,031,150075,23236,23071,1099,24170,245
2021-06-14,Lake,033,64148,3568,3557,9,3566,45
2021-06-14,Lassen,035,31185,5257,5209,116,5325,19
2021-06-14,Los Angeles,037,10098052,1208791,1204748,42069,1246817,24434
2021-06-14,Madera,039,155013,16734,16597,945,17542,240
2021-06-14,Marin,041,260295,14175,14133,266,14399,229
2021-06-14,Mariposa,043,17540,438,437,11,448,5
2021-06-14,Mendocino,045,87422,4118,4028,82,4110,49
2021-06-14,Merced,047,269075,31173,31241,1066,32307,461
2021-06-14,Modoc,049,8938,402,382,144,526,3
2021-06-14,Mono,051,14174,1263,1275,17,1292,3
2021-06-14,Monterey,053,433212,43302,43110,1886,44996,415
2021-06-14,Napa,055,140530,9987,10000,38,10038,80
2021-06-14,Nevada,057,99092,4922,4885,195,5080,72
2021-06-14,Orange,059,3164182,256102,255069,11481,266550,5103
2021-06-14,Placer,061,380077,23637,23379,1533,24912,298
2021-06-14,Plumas,063,18699,714,696,11,707,4
2021-06-14,Riverside,065,2383286,295074,289476,14155,303631,4453
2021-06-14,Sacramento,067,1510023,107543,107334,1821,109155,1661
2021-06-14,San Benito,069,59416,6088,6087,116,6203,63
2021-06-14,San Bernardino,071,2135413,294113,293446,9045,302491,4790
2021-06-14,San Diego,073,3302833,282085,281314,15187,296501,3770
2021-06-14,San Francisco,075,870044,36982,37206,1306,38512,555
2021-06-14,San Joaquin,077,732212,73777,73453,3638,77091,1398
2021-06-14,San Luis Obispo,079,281455,21500,21302,753,22055,256
2021-06-14,San Mateo,081,765935,42619,42619,479,43098,543
2021-06-14,Santa Barbara,083,443738,34491,34449,1203,35652,460
2021-06-14,Santa Clara,085,1922200,119186,119957,776,120733,2085
2021-06-14,Santa Cruz,087,273765,16288,16175,816,16991,208
2021-06-14,Shasta,089,179085,12525,12561,1624,14185,201
2021-06-14,Sierra,091,2930,59,55,12,67,0
2021-06-14,Siskiyou,093,43540,1958,1886,375,2261,26
2021-06-14,Solano,095,438530,33245,33243,564,33807,266
2021-06-14,Sonoma,097,501317,30614,30679,359,31038,323
2021-06-14,Stanislaus,099,539301,56829,56689,6008,62697,975
2021-06-14,Sutter,101,95872,9619,9607,90,9697,112
2021-06-14,Tehama,103,63373,5142,5102,596,5698,63
2021-06-14,Trinity,105,12862,488,332,97,429,3
2021-06-14,Tulare,107,460477,50396,49538,9150,58688,848
2021-06-14,Tuolumne,109,53932,4043,4108,41,4149,63
2021-06-14,Ventura,111,848112,81657,81209,3020,84229,1028
2021-06-14,Yolo,113,214977,14086,14123,342,14465,212
2021-06-14,Yuba,115,75493,6152,6127,133,6260,50
2021-06-13,Alameda,001,1643700,88902,88947,1991,90938,1264
2021-06-13,Alpine,003,1148,87,88,0,88,0
2021-06-13,Amador,005,37829,3734,3721,33,3754,46
2021-06-13,Butte,007,227075,12719,12586,1847,14433,194
2021-06-13,Calaveras,009,45235,2190,2189,14,2203,55
2021-06-13,Colusa,011,21464,1963,1965,318,2283,15
2021-06-13,Contra Costa,013,1133247,70497,70040,1314,71354,810
2021-06-13,Del Norte,015,27424,1438,1412,13,1425,8
2021-06-13,El Dorado,017,186661,10387,10324,747,11071,113
2021-06-13,Fresno,019,978130,103209,102795,8794,111589,1719
2021-06-13,Glenn,021,27897,2446,2425,567,2992,19
2021-06-13,Humboldt,023,135768,4413,4401,39,4440,42
2021-06-13,Imperial,025,180216,28720,28800,2791,31591,741
2021-06-13,Inyo,027,18085,1406,1405,12,1417,35
2021-06-13,Kern,029,883053,97697,96743,11079,107822,1337
2021-06-13,Kings,031,150075,23231,23069,1098,24167,245
2021-06-13,Lake,033,64148,3568,3556,9,3565,45
2021-06-13,Lassen,035,31185,5252,5209,116,5325,19
2021-06-13,Los Angeles,037,10098052,1208528,1204614,42056,1246670,24433
2021-06-13,Madera,039,155013,16720,16590,945,17535,240
2021-06-13,Marin,041,260295,14169,14126,266,14392,229
2021-06-13,Mariposa,043,17540,438,434,11,445,5
2021-06-13,Mendocino,045,87422,4111,4026,82,4108,49
2021-06-13,Merced,047,269075,31167,31240,1065,32305,461
2021-06-13,Modoc,049,8938,400,382,142,524,3
2021-06-13,Mono,051,14174,1263,1275,17,1292,3
2021-06-13,Monterey,053,433212,43294,43108,1886,44994,415
2021-06-13,Napa,055,140530,9981,9995,38,10033,80
2021-06-13,Nevada,057,99092,4917,4883,195,5078,72
2021-06-13,Orange,059,3164182,256047,255043,11479,266522,5103
2021-06-13,Placer,061,380077,23611,23365,1531,24896,295
2021-06-13,Plumas,063,18699,713,696,11,707,4
2021-06-13,Riverside,065,2383286,295007,289447,14152,303599,4453
2021-06-13,Sacramento,067,1510023,107467,107289,1818,109107,1658
2021-06-13,San Benito,069,59416,6088,6086,116,6202,63
2021-06-13,San Bernardino,071,2135413,294062,293416,9040,302456,4788
2021-06-13,San Diego,073,3302833,282006,281268,15171,296439,3770
2021-06-13,San Francisco,075,870044,36969,37197,1306,38503,555
2021-06-13,San Joaquin,077,732212,73741,73438,3636,77074,1398
2021-06-13,San Luis Obispo,079,281455,21494,21298,752,22050,256
2021-06-13,San Mateo,081,765935,42606,42611,479,43090,542
2021-06-13,Santa Barbara,083,443738,34480,34449,1202,35651,460
2021-06-13,Santa Clara,085,1922200,119162,119946,776,120722,2085
2021-06-13,Santa Cruz,087,273765,16281,16172,816,16988,208
2021-06-13,Shasta,089,179085,12516,12560,1623,14183,201
2021-06-13,Sierra,091,2930,59,55,12,67,0
2021-06-13,Siskiyou,093,43540,1957,1885,375,2260,26
2021-06-13,Solano,095,438530,33224,33234,564,33798,266
2021-06-13,Sonoma,097,501317,30579,30663,357,31020,323
2021-06-13,Stanislaus,099,539301,56803,56671,6005,62676,975
2021-06-13,Sutter,101,95872,9612,9603,90,9693,112
2021-06-13,Tehama,103,63373,5140,5100,596,5696,63
2021-06-13,Trinity,105,12862,487,332,97,429,3
2021-06-13,Tulare,107,460477,50387,49537,9145,58682,848
2021-06-13,Tuolumne,109,53932,4041,4107,40,4147,63
2021-06-13,Ventura,111,848112,81643,81201,3020,84221,1028
2021-06-13,Yolo,113,214977,14078,14120,340,14460,212
2021-06-13,Yuba,115,75493,6145,6125,133,6258,50
2021-06-12,Alameda,001,1643700,88875,88901,1991,90892,1271
2021-06-12,Alpine,003,1148,87,88,0,88,0
2021-06-12,Amador,005,37829,3733,3721,33,3754,46
2021-06-12,Butte,007,227075,12715,12576,1847,14423,194
2021-06-12,Calaveras,009,45235,2190,2189,14,2203,55
2021-06-12,Colusa,011,21464,1963,1965,318,2283,15
2021-06-12,Contra Costa,013,1133247,70466,69989,1311,71300,810
2021-06-12,Del Norte,015,27424,1438,1412,13,1425,8
2021-06-12,El Dorado,017,186661,10382,10320,746,11066,113
2021-06-12,Fresno,019,978130,103199,102783,8793,111576,1720
2021-06-12,Glenn,021,27897,2444,2425,567,2992,19
2021-06-12,Humboldt,023,135768,4405,4396,39,4435,42
2021-06-12,Imperial,025,180216,28717,28799,2791,31590,741
2021-06-12,Inyo,027,18085,1406,1405,12,1417,35
2021-06-12,Kern,029,883053,97682,96731,11075,107806,1337
2021-06-12,Kings,031,150075,23229,23067,1098,24165,245
2021-06-12,Lake,033,64148,3567,3552,9,3561,45
2021-06-12,Lassen,035,31185,5252,5208,116,5324,19
2021-06-12,Los Angeles,037,10098052,1208390,1204439,42050,1246489,24434
2021-06-12,Madera,039,155013,16716,16586,945,17531,240
2021-06-12,Marin,041,260295,14166,14121,266,14387,229
2021-06-12,Mariposa,043,17540,438,434,11,445,5
2021-06-12,Mendocino,045,87422,4108,4024,82,4106,49
2021-06-12,Merced,047,269075,31164,31236,1065,32301,461
2021-06-12,Modoc,049,8938,399,382,142,524,3
2021-06-12,Mono,051,14174,1263,1275,17,1292,3
2021-06-12,Monterey,053,433212,43288,43103,1886,44989,415
2021-06-12,Napa,055,140530,9977,9986,38,10024,80
2021-06-12,Nevada,057,99092,4911,4878,195,5073,72
2021-06-12,Orange,059,3164182,256014,255004,11477,266481,5103
2021-06-12,Placer,061,380077,23592,23345,1531,24876,295
2021-06-12,Plumas,063,18699,713,696,11,707,4
2021-06-12,Riverside,065,2383286,294965,289413,14149,303562,4453
2021-06-12,Sacramento,067,1510023,107407,107199,1815,109014,1658
2021-06-12,San Benito,069,59416,6086,6083,116,6199,63
2021-06-12,San Bernardino,071,2135413,294028,293375,9038,302413,4788
2021-06-12,San Diego,073,3302833,281949,281203,15162,296365,3770
2021-06-12,San Francisco,075,870044,36959,37189,1306,38495,555
2021-06-12,San Joaquin,077,732212,73722,73413,3635,77048,1398
2021-06-12,San Luis Obispo,079,281455,21491,21293,752,22045,256
2021-06-12,San Mateo,081,765935,42601,42604,479,43083,542
2021-06-12,Santa Barbara,083,443738,34475,34450,1202,35652,460
2021-06-12,Santa Clara,085,1922200,119122,119894,776,120670,2085
2021-06-12,Santa Cruz,087,273765,16273,16170,816,16986,208
2021-06-12,Shasta,089,179085,12513,12556,1622,14178,201
2021-06-12,Sierra,091,2930,59,55,12,67,0
2021-06-12,Siskiyou,093,43540,1956,1884,375,2259,25
2021-06-12,Solano,095,438530,33215,33219,564,33783,266
2021-06-12,Sonoma,097,501317,30550,30647,357,31004,323
2021-06-12,Stanislaus,099,539301,56786,56649,6004,62653,974
2021-06-12,Sutter,101,95872,9608,9603,90,9693,112
2021-06-12,Tehama,103,63373,5140,5099,595,5694,63
2021-06-12,Trinity,105,12862,487,332,97,429,3
2021-06-12,Tulare,107,460477,50382,49533,9138,58671,848
2021-06-12,Tuolumne,109,53932,4040,4105,40,4145,63
2021-06-12,Ventura,111,848112,81631,81197,3020,84217,1028
2021-06-12,Yolo,113,214977,14075,14118,338,14456,212
2021-06-12,Yuba,115,75493,6140,6120,133,6253,50
2021-06-11,Alameda,001,1643700,88847,88844,1991,90835,1278
2021-06-11,Alpine,003,1148,87,88,0,88,0
2021-06-11,Amador,005,37829,3732,3710,33,3743,46
2021-06-11,Butte,007,227075,12711,12576,1845,14421,194
2021-06-11,Calaveras,009,45235,2190,2188,14,2202,55
2021-06-11,Colusa,011,21464,1962,1964,318,2282,15
2021-06-11,Contra Costa,013,1133247,70433,69940,1309,71249,808
2021-06-11,Del Norte,015,27424,1438,1409,13,1422,8
2021-06-11,El Dorado,017,186661,10379,10316,746,11062,113
2021-06-11,Fresno,019,978130,103181,102770,8792,111562,1720
2021-06-11,Glenn,021,27897,2444,2425,567,2992,19
2021-06-11,Humboldt,023,135768,4401,4389,39,4428,42
2021-06-11,Imperial,025,180216,28712,28793,2791,31584,741
2021-06-11,Inyo,027,18085,1406,1405,12,1417,35
2021-06-11,Kern,029,883053,97670,96718,11072,107790,1340
2021-06-11,Kings,031,150075,23225,23069,1097,24166,245
2021-06-11,Lake,033,64148,3566,3550,9,3559,45
2021-06-11,Lassen,035,31185,5251,5204,116,5320,18
2021-06-11,Los Angeles,037,10098052,1208243,1204259,42036,1246295,24434
2021-06-11,Madera,039,155013,16713,16582,945,17527,240
2021-06-11,Marin,041,260295,14163,14116,266,14382,229
2021-06-11,Mariposa,043,17540,438,434,11,445,5
2021-06-11,Mendocino,045,87422,4105,4022,82,4104,49
2021-06-11,Merced,047,269075,31159,31231,1065,32296,461
2021-06-11,Modoc,049,8938,399,382,141,523,3
2021-06-11,Mono,051,14174,1263,1274,17,1291,3
2021-06-11,Monterey,053,433212,43284,43097,1886,44983,415
2021-06-11,Napa,055,140530,9974,9977,38,10015,80
2021-06-11,Nevada,057,99092,4909,4873,195,5068,72
2021-06-11,Orange,059,3164182,255980,254975,11474,266449,5101
2021-06-11,Placer,061,380077,23587,23330,1531,24861,294
2021-06-11,Plumas,063,18699,713,696,11,707,4
2021-06-11,Riverside,065,2383286,294927,289376,14144,303520,4451
2021-06-11,Sacramento,067,1510023,107347,107119,1814,108933,1659
2021-06-11,San Benito,069,59416,6085,6082,116,6198,63
2021-06-11,San Bernardino,071,2135413,293993,293335,9034,302369,4788
2021-06-11,San Diego,073,3302833,281909,281144,15155,296299,3768
2021-06-11,San Francisco,075,870044,36954,37177,1306,38483,555
2021-06-11,San Joaquin,077,732212,73705,73347,3632,76979,1397
2021-06-11,San Luis Obispo,079,281455,21490,21288,752,22040,256
2021-06-11,San Mateo,081,765935,42587,42585,479,43064,542
2021-06-11,Santa Barbara,083,443738,34472,34438,1202,35640,460
2021-06-11,Santa Clara,085,1922200,119102,119860,776,120636,2083
2021-06-11,Santa Cruz,087,273765,16265,16164,816,16980,208
2021-06-11,Shasta,089,179085,12505,12550,1620,14170,201
2021-06-11,Sierra,091,2930,59,55,12,67,0
2021-06-11,Siskiyou,093,43540,1955,1882,375,2257,25
2021-06-11,Solano,095,438530,33195,33179,563,33742,266
2021-06-11,Sonoma,097,501317,30532,30624,357,30981,323
2021-06-11,Stanislaus,099,539301,56761,56617,6000,62617,974
2021-06-11,Sutter,101,95872,9605,9600,89,9689,112
2021-06-11,Tehama,103,63373,5139,5099,595,5694,63
2021-06-11,Trinity,105,12862,487,331,97,428,3
2021-06-11,Tulare,107,460477,50376,49516,9137,58653,848
2021-06-11,Tuolumne,109,53932,4037,4104,40,4144,63
2021-06-11,Ventura,111,848112,81621,81189,3020,84209,1026
2021-06-11,Yolo,113,214977,14068,14111,334,14445,212
2021-06-11,Yuba,115,75493,6136,6113,133,6246,50
2021-06-10,Alameda,001,1643700,88803,88806,1990,90796,1275
2021-06-10,Alpine,003,1148,87,88,0,88,0
2021-06-10,Amador,005,37829,3728,3709,33,3742,46
2021-06-10,Butte,007,227075,12694,12565,1845,14410,194
2021-06-10,Calaveras,009,45235,2189,2188,14,2202,55
2021-06-10,Colusa,011,21464,1960,1964,318,2282,15
2021-06-10,Contra Costa,013,1133247,70379,69876,1309,71185,807
2021-06-10,Del Norte,015,27424,1438,1405,13,1418,8
2021-06-10,El Dorado,017,186661,10372,10314,742,11056,113
2021-06-10,Fresno,019,978130,103155,102724,8791,111515,1717
2021-06-10,Glenn,021,27897,2444,2425,567,2992,19
2021-06-10,Humboldt,023,135768,4393,4384,39,4423,42
2021-06-10,Imperial,025,180216,28706,28779,2791,31570,739
2021-06-10,Inyo,027,18085,1406,1405,12,1417,35
2021-06-10,Kern,029,883053,97656,96706,11067,107773,1336
2021-06-10,Kings,031,150075,23224,23067,1097,24164,245
2021-06-10,Lake,033,64148,3561,3550,9,3559,45
2021-06-10,Lassen,035,31185,5249,5201,116,5317,18
2021-06-10,Los Angeles,037,10098052,1208078,1204110,42019,1246129,24440
2021-06-10,Madera,039,155013,16706,16581,944,17525,240
2021-06-10,Marin,041,260295,14160,14118,266,14384,229
2021-06-10,Mariposa,043,17540,436,434,11,445,5
2021-06-10,Mendocino,045,87422,4100,4016,82,4098,48
2021-06-10,Merced,047,269075,31151,31231,1062,32293,461
2021-06-10,Modoc,049,8938,398,381,141,522,3
2021-06-10,Mono,051,14174,1262,1274,17,1291,3
2021-06-10,Monterey,053,433212,43278,43090,1886,44976,415
2021-06-10,Napa,055,140530,9973,9974,38,10012,80
2021-06-10,Nevada,057,99092,4904,4866,195,5061,72
2021-06-10,Orange,059,3164182,255950,254950,11467,266417,5097
2021-06-10,Placer,061,380077,23574,23296,1531,24827,293
2021-06-10,Plumas,063,18699,713,696,11,707,4
2021-06-10,Riverside,065,2383286,294885,289335,14139,303474,4450
2021-06-10,Sacramento,067,1510023,107285,107049,1814,108863,1658
2021-06-10,San Benito,069,59416,6085,6079,116,6195,63
2021-06-10,San Bernardino,071,2135413,293952,293281,9031,302312,4782
2021-06-10,San Diego,073,3302833,281851,281052,15138,296190,3766
2021-06-10,San Francisco,075,870044,36944,37159,1304,38463,552
2021-06-10,San Joaquin,077,732212,73671,73276,3631,76907,1393
2021-06-10,San Luis Obispo,079,281455,21487,21280,752,22032,256
2021-06-10,San Mateo,081,765935,42580,42562,479,43041,666
2021-06-10,Santa Barbara,083,443738,34468,34434,1202,35636,460
2021-06-10,Santa Clara,085,1922200,119067,119832,775,120607,2075
2021-06-10,Santa Cruz,087,273765,16264,16159,816,16975,208
2021-06-10,Shasta,089,179085,12495,12536,1619,14155,201
2021-06-10,Sierra,091,2930,58,55,12,67,0
2021-06-10,Siskiyou,093,43540,1955,1881,375,2256,25
2021-06-10,Solano,095,438530,33178,33150,562,33712,265
2021-06-10,Sonoma,097,501317,30497,30571,355,30926,323
2021-06-10,Stanislaus,099,539301,56740,56588,5996,62584,974
2021-06-10,Sutter,101,95872,9598,9594,89,9683,112
2021-06-10,Tehama,103,63373,5139,5096,595,5691,63
2021-06-10,Trinity,105,12862,487,331,97,428,3
2021-06-10,Tulare,107,460477,50368,49503,9137,58640,848
2021-06-10,Tuolumne,109,53932,4037,4100,40,4140,63
2021-06-10,Ventura,111,848112,81610,81172,3019,84191,1026
2021-06-10,Yolo,113,214977,14065,14107,334,14441,212
2021-06-10,Yuba,115,75493,6132,6112,133,6245,50
2021-06-09,Alameda,001,1643700,88760,88762,1989,90751,1271
2021-06-09,Alpine,003,1148,87,88,0,88,0
2021-06-09,Amador,005,37829,3724,3706,33,3739,46
2021-06-09,Butte,007,227075,12688,12555,1843,14398,194
2021-06-09,Calaveras,009,45235,2187,2184,14,2198,55
2021-06-09,Colusa,011,21464,1960,1962,317,2279,15
2021-06-09,Contra Costa,013,1133247,70342,69829,1308,71137,803
2021-06-09,Del Norte,015,27424,1434,1403,13,1416,8
2021-06-09,El Dorado,017,186661,10369,10312,741,11053,113
2021-06-09,Fresno,019,978130,103135,102690,8787,111477,1717
2021-06-09,Glenn,021,27897,2443,2424,567,2991,19
2021-06-09,Humboldt,023,135768,4388,4379,38,4417,42
2021-06-09,Imperial,025,180216,28703,28754,2791,31545,739
2021-06-09,Inyo,027,18085,1406,1405,12,1417,35
2021-06-09,Kern,029,883053,97642,96697,11058,107755,1328
2021-06-09,Kings,031,150075,23222,23061,1097,24158,245
2021-06-09,Lake,033,64148,3558,3541,9,3550,45
2021-06-09,Lassen,035,31185,5248,5200,116,5316,18
2021-06-09,Los Angeles,037,10098052,1207893,1203955,42006,1245961,24432
2021-06-09,Madera,039,155013,16701,16580,944,17524,240
2021-06-09,Marin,041,260295,14155,14114,266,14380,229
2021-06-09,Mariposa,043,17540,436,434,11,445,5
2021-06-09,Mendocino,045,87422,4094,4008,82,4090,47
2021-06-09,Merced,047,269075,31147,31225,1062,32287,461
2021-06-09,Modoc,049,8938,396,377,140,517,3
2021-06-09,Mono,051,14174,1262,1274,17,1291,3
2021-06-09,Monterey,053,433212,43271,43082,1886,44968,415
2021-06-09,Napa,055,140530,9967,9971,38,10009,80
2021-06-09,Nevada,057,99092,4894,4863,194,5057,72
2021-06-09,Orange,059,3164182,255906,254893,11463,266356,5080
2021-06-09,Placer,061,380077,23555,23237,1531,24768,293
2021-06-09,Plumas,063,18699,712,697,11,708,4
2021-06-09,Riverside,065,2383286,294839,289299,14137,303436,4450
2021-06-09,Sacramento,067,1510023,107223,106971,1811,108782,1657
2021-06-09,San Benito,069,59416,6081,6078,116,6194,63
2021-06-09,San Bernardino,071,2135413,293910,293222,9031,302253,4782
2021-06-09,San Diego,073,3302833,281787,280941,15126,296067,3765
2021-06-09,San Francisco,075,870044,36931,37143,1303,38446,552
2021-06-09,San Joaquin,077,732212,73645,73232,3630,76862,1392
2021-06-09,San Luis Obispo,079,281455,21486,21259,752,22011,256
2021-06-09,San Mateo,081,765935,42564,42502,477,42979,666
2021-06-09,Santa Barbara,083,443738,34457,34422,1202,35624,460
2021-06-09,Santa Clara,085,1922200,119029,119793,774,120567,2068
2021-06-09,Santa Cruz,087,273765,16261,16155,816,16971,208
2021-06-09,Shasta,089,179085,12485,12521,1617,14138,201
2021-06-09,Sierra,091,2930,57,55,12,67,0
2021-06-09,Siskiyou,093,43540,1954,1871,375,2246,25
2021-06-09,Solano,095,438530,33162,33137,561,33698,264
2021-06-09,Sonoma,097,501317,30475,30540,355,30895,323
2021-06-09,Stanislaus,099,539301,56720,56560,5993,62553,974
2021-06-09,Sutter,101,95872,9589,9586,88,9674,111
2021-06-09,Tehama,103,63373,5138,5093,595,5688,63
2021-06-09,Trinity,105,12862,486,331,97,428,3
2021-06-09,Tulare,107,460477,50364,49496,9135,58631,847
2021-06-09,Tuolumne,109,53932,4034,4100,40,4140,63
2021-06-09,Ventura,111,848112,81600,81154,3018,84172,1026
2021-06-09,Yolo,113,214977,14063,14102,333,14435,212
2021-06-09,Yuba,115,75493,6128,6109,133,6242,50
2021-06-08,Alameda,001,1643700,88712,88731,1989,90720,1267
2021-06-08,Alpine,003,1148,87,88,0,88,0
2021-06-08,Amador,005,37829,3723,3704,33,3737,46
2021-06-08,Butte,007,227075,12682,12540,1841,14381,194
2021-06-08,Calaveras,009,45235,2186,2181,14,2195,55
2021-06-08,Colusa,011,21464,1960,1961,317,2278,15
2021-06-08,Contra Costa,013,1133247,70294,69762,1307,71069,803
2021-06-08,Del Norte,015,27424,1432,1402,13,1415,8
2021-06-08,El Dorado,017,186661,10364,10306,739,11045,113
2021-06-08,Fresno,019,978130,103110,102680,8785,111465,1717
2021-06-08,Glenn,021,27897,2442,2423,567,2990,19
2021-06-08,Humboldt,023,135768,4383,4363,38,4401,42
2021-06-08,Imperial,025,180216,28694,28752,2791,31543,738
2021-06-08,Inyo,027,18085,1406,1405,12,1417,35
2021-06-08,Kern,029,883053,97623,96671,11051,107722,1325
2021-06-08,Kings,031,150075,23221,23036,1097,24133,245
2021-06-08,Lake,033,64148,3557,3540,9,3549,45
2021-06-08,Lassen,035,31185,5248,5200,116,5316,18
2021-06-08,Los Angeles,037,10098052,1207696,1203794,41994,1245788,24426
2021-06-08,Madera,039,155013,16695,16579,943,17522,240
2021-06-08,Marin,041,260295,14153,14111,265,14376,229
2021-06-08,Mariposa,043,17540,436,434,11,445,5
2021-06-08,Mendocino,045,87422,4087,4002,82,4084,47
2021-06-08,Merced,047,269075,31139,31225,1062,32287,461
2021-06-08,Modoc,049,8938,390,377,139,516,3
2021-06-08,Mono,051,14174,1262,1274,17,1291,3
2021-06-08,Monterey,053,433212,43265,43078,1885,44963,415
2021-06-08,Napa,055,140530,9963,9962,38,10000,80
2021-06-08,Nevada,057,99092,4889,4861,194,5055,72
2021-06-08,Orange,059,3164182,255864,254852,11456,266308,5078
2021-06-08,Placer,061,380077,23537,23209,1527,24736,293
2021-06-08,Plumas,063,18699,712,692,11,703,4
2021-06-08,Riverside,065,2383286,294803,289268,14129,303397,4452
2021-06-08,Sacramento,067,1510023,107161,106901,1808,108709,1654
2021-06-08,San Benito,069,59416,6079,6076,116,6192,63
2021-06-08,San Bernardino,071,2135413,293861,293186,9027,302213,4778
2021-06-08,San Diego,073,3302833,281724,280879,15117,295996,3764
2021-06-08,San Francisco,075,870044,36916,37134,1302,38436,552
2021-06-08,San Joaquin,077,732212,73601,73186,3625,76811,1390
2021-06-08,San Luis Obispo,079,281455,21480,21251,751,22002,255
2021-06-08,San Mateo,081,765935,42551,42488,477,42965,663
2021-06-08,Santa Barbara,083,443738,34453,34418,1202,35620,459
2021-06-08,Santa Clara,085,1922200,119008,119770,773,120543,2068
2021-06-08,Santa Cruz,087,273765,16258,16160,816,16976,208
2021-06-08,Shasta,089,179085,12470,12498,1617,14115,201
2021-06-08,Sierra,091,2930,57,55,12,67,0
2021-06-08,Siskiyou,093,43540,1952,1870,373,2243,21
2021-06-08,Solano,095,438530,33141,33130,561,33691,259
2021-06-08,Sonoma,097,501317,30448,30523,353,30876,323
2021-06-08,Stanislaus,099,539301,56693,56548,5991,62539,973
2021-06-08,Sutter,101,95872,9586,9581,88,9669,111
2021-06-08,Tehama,103,63373,5135,5093,595,5688,63
2021-06-08,Trinity,105,12862,486,330,96,426,3
2021-06-08,Tulare,107,460477,50352,49485,9130,58615,847
2021-06-08,Tuolumne,109,53932,4031,4099,40,4139,63
2021-06-08,Ventura,111,848112,81584,81142,3017,84159,1026
2021-06-08,Yolo,113,214977,14058,14099,332,14431,212
2021-06-08,Yuba,115,75493,6126,6103,133,6236,50
2021-06-07,Alameda,001,1643700,88655,88688,1989,90677,1267
2021-06-07,Alpine,003,1148,87,88,0,88,0
2021-06-07,Amador,005,37829,3713,3697,33,3730,46
2021-06-07,Butte,007,227075,12675,12533,1840,14373,194
2021-06-07,Calaveras,009,45235,2185,2181,14,2195,55
2021-06-07,Colusa,011,21464,1959,1960,317,2277,15
2021-06-07,Contra Costa,013,1133247,70237,69718,1306,71024,817
2021-06-07,Del Norte,015,27424,1432,1401,13,1414,8
2021-06-07,El Dorado,017,186661,10359,10305,739,11044,113
2021-06-07,Fresno,019,978130,103078,102659,8777,111436,1717
2021-06-07,Glenn,021,27897,2442,2423,567,2990,19
2021-06-07,Humboldt,023,135768,4375,4354,38,4392,42
2021-06-07,Imperial,025,180216,28692,28754,2791,31545,738
2021-06-07,Inyo,027,18085,1406,1404,12,1416,35
2021-06-07,Kern,029,883053,97607,96645,11044,107689,1324
2021-06-07,Kings,031,150075,23217,23023,1097,24120,244
2021-06-07,Lake,033,64148,3555,3540,9,3549,45
2021-06-07,Lassen,035,31185,5243,5198,116,5314,18
2021-06-07,Los Angeles,037,10098052,1207473,1203664,41979,1245643,24413
2021-06-07,Madera,039,155013,16688,16572,943,17515,240
2021-06-07,Marin,041,260295,14149,14108,264,14372,229
2021-06-07,Mariposa,043,17540,436,434,11,445,5
2021-06-07,Mendocino,045,87422,4081,3998,82,4080,47
2021-06-07,Merced,047,269075,31127,31212,1061,32273,459
2021-06-07,Modoc,049,8938,389,375,136,511,3
2021-06-07,Mono,051,14174,1262,1275,17,1292,3
2021-06-07,Monterey,053,433212,43258,43077,1885,44962,415
2021-06-07,Napa,055,140530,9955,9962,38,10000,80
2021-06-07,Nevada,057,99092,4887,4860,194,5054,72
2021-06-07,Orange,059,3164182,255824,254808,11449,266257,5073
2021-06-07,Placer,061,380077,23518,23176,1525,24701,293
2021-06-07,Plumas,063,18699,712,692,11,703,4
2021-06-07,Riverside,065,2383286,294760,289232,14125,303357,4451
2021-06-07,Sacramento,067,1510023,107085,106841,1805,108646,1655
2021-06-07,San Benito,069,59416,6078,6074,116,6190,63
2021-06-07,San Bernardino,071,2135413,293823,293129,9026,302155,4775
2021-06-07,San Diego,073,3302833,281642,280808,15104,295912,3764
2021-06-07,San Francisco,075,870044,36900,37122,1302,38424,552
2021-06-07,San Joaquin,077,732212,73556,73130,3618,76748,1388
2021-06-07,San Luis Obispo,079,281455,21467,21252,751,22003,255
2021-06-07,San Mateo,081,765935,42535,42479,477,42956,664
2021-06-07,Santa Barbara,083,443738,34447,34407,1202,35609,459
2021-06-07,Santa Clara,085,1922200,118976,119743,773,120516,2066
2021-06-07,Santa Cruz,087,273765,16256,16159,816,16975,208
2021-06-07,Shasta,089,179085,12456,12483,1612,14095,200
2021-06-07,Sierra,091,2930,57,55,12,67,0
2021-06-07,Siskiyou,093,43540,1952,1869,373,2242,21
2021-06-07,Solano,095,438530,33119,33124,560,33684,258
2021-06-07,Sonoma,097,501317,30412,30504,352,30856,323
2021-06-07,Stanislaus,099,539301,56660,56521,5989,62510,972
2021-06-07,Sutter,101,95872,9582,9571,88,9659,111
2021-06-07,Tehama,103,63373,5131,5092,593,5685,63
2021-06-07,Trinity,105,12862,486,329,96,425,3
2021-06-07,Tulare,107,460477,50346,49471,9130,58601,847
2021-06-07,Tuolumne,109,53932,4030,4098,40,4138,63
2021-06-07,Ventura,111,848112,81567,81137,3016,84153,1025
2021-06-07,Yolo,113,214977,14053,14097,331,14428,211
2021-06-07,Yuba,115,75493,6124,6099,130,6229,49
2021-06-06,Alameda,001,1643700,88617,88636,1988,90624,1267
2021-06-06,Alpine,003,1148,87,88,0,88,0
2021-06-06,Amador,005,37829,3710,3696,33,3729,46
2021-06-06,Butte,007,227075,12664,12527,1839,14366,194
2021-06-06,Calaveras,009,45235,2184,2181,14,2195,55
2021-06-06,Colusa,011,21464,1957,1959,317,2276,15
2021-06-06,Contra Costa,013,1133247,70172,69659,1304,70963,817
2021-06-06,Del Norte,015,27424,1427,1401,13,1414,8
2021-06-06,El Dorado,017,186661,10352,10294,739,11033,113
2021-06-06,Fresno,019,978130,103045,102642,8774,111416,1717
2021-06-06,Glenn,021,27897,2441,2423,567,2990,19
2021-06-06,Humboldt,023,135768,4364,4353,38,4391,42
2021-06-06,Imperial,025,180216,28686,28762,2791,31553,738
2021-06-06,Inyo,027,18085,1405,1404,12,1416,35
2021-06-06,Kern,029,883053,97589,96623,11037,107660,1324
2021-06-06,Kings,031,150075,23211,23021,1097,24118,244
2021-06-06,Lake,033,64148,3555,3535,9,3544,45
2021-06-06,Lassen,035,31185,5241,5191,116,5307,18
2021-06-06,Los Angeles,037,10098052,1207273,1203539,41964,1245503,24410
2021-06-06,Madera,039,155013,16681,16567,943,17510,240
2021-06-06,Marin,041,260295,14143,14106,263,14369,229
2021-06-06,Mariposa,043,17540,435,435,11,446,5
2021-06-06,Mendocino,045,87422,4077,3993,82,4075,47
2021-06-06,Merced,047,269075,31121,31215,1060,32275,459
2021-06-06,Modoc,049,8938,389,375,135,510,3
2021-06-06,Mono,051,14174,1262,1275,17,1292,3
2021-06-06,Monterey,053,433212,43253,43078,1885,44963,415
2021-06-06,Napa,055,140530,9949,9963,38,10001,80
2021-06-06,Nevada,057,99092,4880,4854,193,5047,72
2021-06-06,Orange,059,3164182,255788,254782,11444,266226,5073
2021-06-06,Placer,061,380077,23493,23156,1522,24678,293
2021-06-06,Plumas,063,18699,712,692,11,703,4
2021-06-06,Riverside,065,2383286,294721,289201,14119,303320,4451
2021-06-06,Sacramento,067,1510023,106999,106749,1804,108553,1655
2021-06-06,San Benito,069,59416,6072,6074,116,6190,63
2021-06-06,San Bernardino,071,2135413,293767,293117,9017,302134,4773
2021-06-06,San Diego,073,3302833,281562,280743,15087,295830,3764
2021-06-06,San Francisco,075,870044,36887,37118,1300,38418,552
2021-06-06,San Joaquin,077,732212,73524,73105,3614,76719,1388
2021-06-06,San Luis Obispo,079,281455,21464,21246,751,21997,255
2021-06-06,San Mateo,081,765935,42518,42457,477,42934,664
2021-06-06,Santa Barbara,083,443738,34443,34403,1201,35604,459
2021-06-06,Santa Clara,085,1922200,118954,119711,773,120484,2066
2021-06-06,Santa Cruz,087,273765,16255,16158,816,16974,208
2021-06-06,Shasta,089,179085,12441,12478,1609,14087,200
2021-06-06,Sierra,091,2930,57,55,12,67,0
2021-06-06,Siskiyou,093,43540,1949,1869,373,2242,21
2021-06-06,Solano,095,438530,33092,33093,560,33653,258
2021-06-06,Sonoma,097,501317,30381,30478,351,30829,323
2021-06-06,Stanislaus,099,539301,56624,56486,5986,62472,972
2021-06-06,Sutter,101,95872,9575,9567,88,9655,111
2021-06-06,Tehama,103,63373,5121,5092,591,5683,63
2021-06-06,Trinity,105,12862,486,328,96,424,3
2021-06-06,Tulare,107,460477,50338,49466,9125,58591,847
2021-06-06,Tuolumne,109,53932,4028,4097,40,4137,63
2021-06-06,Ventura,111,848112,81556,81130,3013,84143,1025
2021-06-06,Yolo,113,214977,14045,14089,330,14419,210
2021-06-06,Yuba,115,75493,6116,6096,130,6226,49
2021-06-05,Alameda,001,1643700,88584,88612,1988,90600,1268
2021-06-05,Alpine,003,1148,87,88,0,88,0
2021-06-05,Amador,005,37829,3710,3694,33,3727,46
2021-06-05,Butte,007,227075,12658,12514,1838,14352,194
2021-06-05,Calaveras,009,45235,2184,2181,14,2195,55
2021-06-05,Colusa,011,21464,1957,1959,317,2276,15
2021-06-05,Contra Costa,013,1133247,70143,69601,1304,70905,817
2021-06-05,Del Norte,015,27424,1427,1400,13,1413,8
2021-06-05,El Dorado,017,186661,10350,10288,738,11026,113
2021-06-05,Fresno,019,978130,103036,102626,8774,111400,1717
2021-06-05,Glenn,021,27897,2440,2423,567,2990,19
2021-06-05,Humboldt,023,135768,4359,4346,38,4384,42
2021-06-05,Imperial,025,180216,28683,28764,2791,31555,738
2021-06-05,Inyo,027,18085,1405,1405,12,1417,35
2021-06-05,Kern,029,883053,97576,96597,11033,107630,1324
2021-06-05,Kings,031,150075,23208,23017,1097,24114,244
2021-06-05,Lake,033,64148,3552,3534,9,3543,45
2021-06-05,Lassen,035,31185,5240,5191,116,5307,18
2021-06-05,Los Angeles,037,10098052,1207146,1203338,41953,1245291,24411
2021-06-05,Madera,039,155013,16677,16563,943,17506,240
2021-06-05,Marin,041,260295,14141,14101,263,14364,229
2021-06-05,Mariposa,043,17540,435,435,11,446,5
2021-06-05,Mendocino,045,87422,4074,3989,82,4071,47
2021-06-05,Merced,047,269075,31119,31212,1059,32271,459
2021-06-05,Modoc,049,8938,389,375,134,509,3
2021-06-05,Mono,051,14174,1262,1274,17,1291,3
2021-06-05,Monterey,053,433212,43249,43071,1884,44955,415
2021-06-05,Napa,055,140530,9944,9960,38,9998,80
2021-06-05,Nevada,057,99092,4878,4849,193,5042,72
2021-06-05,Orange,059,3164182,255764,254752,11441,266193,5069
2021-06-05,Placer,061,380077,23477,23133,1522,24655,293
2021-06-05,Plumas,063,18699,712,692,11,703,4
2021-06-05,Riverside,065,2383286,294686,289157,14115,303272,4451
2021-06-05,Sacramento,067,1510023,106947,106688,1802,108490,1655
2021-06-05,San Benito,069,59416,6070,6074,116,6190,63
2021-06-05,San Bernardino,071,2135413,293734,293081,9015,302096,4772
2021-06-05,San Diego,073,3302833,281521,280676,15074,295750,3764
2021-06-05,San Francisco,075,870044,36878,37111,1300,38411,552
2021-06-05,San Joaquin,077,732212,73508,73078,3608,76686,1388
2021-06-05,San Luis Obispo,079,281455,21461,21236,751,21987,255
2021-06-05,San Mateo,081,765935,42508,42433,477,42910,664
2021-06-05,Santa Barbara,083,443738,34440,34399,1200,35599,459
2021-06-05,Santa Clara,085,1922200,118932,119676,771,120447,2066
2021-06-05,Santa Cruz,087,273765,16255,16154,816,16970,208
2021-06-05,Shasta,089,179085,12431,12472,1608,14080,200
2021-06-05,Sierra,091,2930,57,55,12,67,0
2021-06-05,Siskiyou,093,43540,1949,1867,373,2240,21
2021-06-05,Solano,095,438530,33077,33074,560,33634,257
2021-06-05,Sonoma,097,501317,30354,30450,349,30799,323
2021-06-05,Stanislaus,099,539301,56616,56463,5984,62447,973
2021-06-05,Sutter,101,95872,9572,9559,88,9647,111
2021-06-05,Tehama,103,63373,5120,5092,590,5682,63
2021-06-05,Trinity,105,12862,486,328,96,424,3
2021-06-05,Tulare,107,460477,50332,49463,9125,58588,847
2021-06-05,Tuolumne,109,53932,4026,4098,40,4138,63
2021-06-05,Ventura,111,848112,81547,81119,3011,84130,1025
2021-06-05,Yolo,113,214977,14043,14088,330,14418,210
2021-06-05,Yuba,115,75493,6115,6087,130,6217,49
2021-06-04,Alameda,001,1643700,88557,88585,1985,90570,1263
2021-06-04,Alpine,003,1148,87,88,0,88,0
2021-06-04,Amador,005,37829,3710,3690,33,3723,46
2021-06-04,Butte,007,227075,12647,12494,1835,14329,193
2021-06-04,Calaveras,009,45235,2184,2179,14,2193,55
2021-06-04,Colusa,011,21464,1957,1959,317,2276,15
2021-06-04,Contra Costa,013,1133247,70108,69540,1301,70841,816
2021-06-04,Del Norte,015,27424,1427,1398,13,1411,8
2021-06-04,El Dorado,017,186661,10346,10284,736,11020,112
2021-06-04,Fresno,019,978130,103020,102601,8774,111375,1712
2021-06-04,Glenn,021,27897,2440,2423,566,2989,19
2021-06-04,Humboldt,023,135768,4354,4327,38,4365,42
2021-06-04,Imperial,025,180216,28679,28753,2791,31544,738
2021-06-04,Inyo,027,18085,1405,1404,12,1416,35
2021-06-04,Kern,029,883053,97558,96573,11031,107604,1327
2021-06-04,Kings,031,150075,23207,23002,1097,24099,244
2021-06-04,Lake,033,64148,3550,3528,9,3537,45
2021-06-04,Lassen,035,31185,5240,5180,116,5296,18
2021-06-04,Los Angeles,037,10098052,1207022,1203106,41944,1245050,24400
2021-06-04,Madera,039,155013,16675,16557,943,17500,240
2021-06-04,Marin,041,260295,14140,14099,262,14361,229
2021-06-04,Mariposa,043,17540,435,435,11,446,5
2021-06-04,Mendocino,045,87422,4065,3983,82,4065,47
2021-06-04,Merced,047,269075,31114,31204,1058,32262,459
2021-06-04,Modoc,049,8938,387,375,134,509,3
2021-06-04,Mono,051,14174,1262,1275,17,1292,3
2021-06-04,Monterey,053,433212,43245,43068,1884,44952,415
2021-06-04,Napa,055,140530,9940,9958,38,9996,80
2021-06-04,Nevada,057,99092,4874,4844,193,5037,72
2021-06-04,Orange,059,3164182,255727,254730,11438,266168,5059
2021-06-04,Placer,061,380077,23461,23110,1521,24631,293
2021-06-04,Plumas,063,18699,712,691,11,702,4
2021-06-04,Riverside,065,2383286,294660,289098,14111,303209,4452
2021-06-04,Sacramento,067,1510023,106893,106616,1801,108417,1654
2021-06-04,San Benito,069,59416,6068,6073,116,6189,63
2021-06-04,San Bernardino,071,2135413,293711,293056,9013,302069,4768
2021-06-04,San Diego,073,3302833,281478,280556,15067,295623,3763
2021-06-04,San Francisco,075,870044,36873,37079,1299,38378,551
2021-06-04,San Joaquin,077,732212,73489,73039,3606,76645,1388
2021-06-04,San Luis Obispo,079,281455,21458,21234,750,21984,255
2021-06-04,San Mateo,081,765935,42496,42413,477,42890,478
2021-06-04,Santa Barbara,083,443738,34434,34402,1199,35601,459
2021-06-04,Santa Clara,085,1922200,118902,119619,771,120390,2065
2021-06-04,Santa Cruz,087,273765,16253,16150,816,16966,207
2021-06-04,Shasta,089,179085,12425,12458,1603,14061,200
2021-06-04,Sierra,091,2930,57,55,12,67,0
2021-06-04,Siskiyou,093,43540,1948,1865,373,2238,21
2021-06-04,Solano,095,438530,33066,33058,560,33618,256
2021-06-04,Sonoma,097,501317,30333,30411,349,30760,323
2021-06-04,Stanislaus,099,539301,56601,56442,5982,62424,973
2021-06-04,Sutter,101,95872,9567,9554,88,9642,111
2021-06-04,Tehama,103,63373,5115,5090,590,5680,63
2021-06-04,Trinity,105,12862,486,328,96,424,3
2021-06-04,Tulare,107,460477,50323,49452,9123,58575,847
2021-06-04,Tuolumne,109,53932,4025,4095,40,4135,63
2021-06-04,Ventura,111,848112,81540,81104,3009,84113,1023
2021-06-04,Yolo,113,214977,14041,14083,330,14413,210
2021-06-04,Yuba,115,75493,6112,6084,130,6214,49
2021-06-03,Alameda,001,1643700,88519,88555,1982,90537,1257
2021-06-03,Alpine,003,1148,87,88,0,88,0
2021-06-03,Amador,005,37829,3702,3688,33,3721,46
2021-06-03,Butte,007,227075,12643,12478,1834,14312,193
2021-06-03,Calaveras,009,45235,2184,2179,14,2193,55
2021-06-03,Colusa,011,21464,1957,1957,317,2274,15
2021-06-03,Contra Costa,013,1133247,70054,69500,1296,70796,816
2021-06-03,Del Norte,015,27424,1425,1397,13,1410,8
2021-06-03,El Dorado,017,186661,10340,10284,733,11017,112
2021-06-03,Fresno,019,978130,103003,102566,8774,111340,1709
2021-06-03,Glenn,021,27897,2440,2421,566,2987,19
2021-06-03,Humboldt,023,135768,4346,4314,38,4352,42
2021-06-03,Imperial,025,180216,28667,28737,2791,31528,738
2021-06-03,Inyo,027,18085,1405,1404,12,1416,35
2021-06-03,Kern,029,883053,97531,96507,11017,107524,1326
2021-06-03,Kings,031,150075,23203,22982,1097,24079,244
2021-06-03,Lake,033,64148,3548,3526,9,3535,45
2021-06-03,Lassen,035,31185,5231,5177,116,5293,12
2021-06-03,Los Angeles,037,10098052,1206847,1202923,41936,1244859,24386
2021-06-03,Madera,039,155013,16668,16554,943,17497,240
2021-06-03,Marin,041,260295,14135,14095,262,14357,230
2021-06-03,Mariposa,043,17540,435,435,11,446,5
2021-06-03,Mendocino,045,87422,4058,3978,82,4060,47
2021-06-03,Merced,047,269075,31111,31199,1058,32257,459
2021-06-03,Modoc,049,8938,386,376,133,509,3
2021-06-03,Mono,051,14174,1262,1275,17,1292,3
2021-06-03,Monterey,053,433212,43242,43063,1884,44947,415
2021-06-03,Napa,055,140530,9933,9957,38,9995,81
2021-06-03,Nevada,057,99092,4870,4837,193,5030,72
2021-06-03,Orange,059,3164182,255699,254676,11428,266104,5056
2021-06-03,Placer,061,380077,23452,23100,1520,24620,293
2021-06-03,Plumas,063,18699,712,691,11,702,4
2021-06-03,Riverside,065,2383286,294605,289035,14107,303142,4447
2021-06-03,Sacramento,067,1510023,106815,106526,1799,108325,1654
2021-06-03,San Benito,069,59416,6068,6073,116,6189,63
2021-06-03,San Bernardino,071,2135413,293679,293021,9013,302034,4762
2021-06-03,San Diego,073,3302833,281414,280430,15057,295487,3761
2021-06-03,San Francisco,075,870044,36867,37072,1299,38371,551
2021-06-03,San Joaquin,077,732212,73461,72989,3602,76591,1388
2021-06-03,San Luis Obispo,079,281455,21453,21224,750,21974,255
2021-06-03,San Mateo,081,765935,42483,42396,477,42873,467
2021-06-03,Santa Barbara,083,443738,34431,34391,1199,35590,459
2021-06-03,Santa Clara,085,1922200,118880,119592,769,120361,2058
2021-06-03,Santa Cruz,087,273765,16251,16144,816,16960,207
2021-06-03,Shasta,089,179085,12410,12441,1600,14041,199
2021-06-03,Sierra,091,2930,57,55,12,67,0
2021-06-03,Siskiyou,093,43540,1948,1862,372,2234,21
2021-06-03,Solano,095,438530,33052,33019,560,33579,256
2021-06-03,Sonoma,097,501317,30311,30383,348,30731,322
2021-06-03,Stanislaus,099,539301,56583,56401,5976,62377,973
2021-06-03,Sutter,101,95872,9558,9539,88,9627,111
2021-06-03,Tehama,103,63373,5115,5087,590,5677,63
2021-06-03,Trinity,105,12862,486,328,96,424,3
2021-06-03,Tulare,107,460477,50320,49442,9119,58561,848
2021-06-03,Tuolumne,109,53932,4023,4095,40,4135,63
2021-06-03,Ventura,111,848112,81528,81078,3007,84085,1023
2021-06-03,Yolo,113,214977,14037,14078,327,14405,210
2021-06-03,Yuba,115,75493,6105,6077,130,6207,49
2021-06-02,Alameda,001,1643700,88474,88525,1980,90505,1254
2021-06-02,Alpine,003,1148,87,88,0,88,0
2021-06-02,Amador,005,37829,3700,3687,33,3720,46
2021-06-02,Butte,007,227075,12623,12432,1831,14263,193
2021-06-02,Calaveras,009,45235,2181,2174,14,2188,55
2021-06-02,Colusa,011,21464,1956,1957,317,2274,15
2021-06-02,Contra Costa,013,1133247,70003,69455,1294,70749,814
2021-06-02,Del Norte,015,27424,1423,1395,13,1408,8
2021-06-02,El Dorado,017,186661,10336,10275,733,11008,110
2021-06-02,Fresno,019,978130,102979,102547,8771,111318,1707
2021-06-02,Glenn,021,27897,2440,2421,566,2987,19
2021-06-02,Humboldt,023,135768,4331,4302,38,4340,42
2021-06-02,Imperial,025,180216,28661,28737,2790,31527,738
2021-06-02,Inyo,027,18085,1404,1403,12,1415,35
2021-06-02,Kern,029,883053,97504,96481,11010,107491,1326
2021-06-02,Kings,031,150075,23201,22981,1097,24078,244
2021-06-02,Lake,033,64148,3543,3522,9,3531,45
2021-06-02,Lassen,035,31185,5230,5177,116,5293,6
2021-06-02,Los Angeles,037,10098052,1206644,1202760,41926,1244686,24375
2021-06-02,Madera,039,155013,16660,16550,943,17493,240
2021-06-02,Marin,041,260295,14133,14091,261,14352,229
2021-06-02,Mariposa,043,17540,435,434,11,445,5
2021-06-02,Mendocino,045,87422,4052,3970,82,4052,47
2021-06-02,Merced,047,269075,31098,31195,1057,32252,458
2021-06-02,Modoc,049,8938,385,375,132,507,3
2021-06-02,Mono,051,14174,1262,1275,17,1292,3
2021-06-02,Monterey,053,433212,43240,43056,1884,44940,380
2021-06-02,Napa,055,140530,9932,9953,38,9991,82
2021-06-02,Nevada,057,99092,4867,4833,193,5026,72
2021-06-02,Orange,059,3164182,255650,254637,11422,266059,5055
2021-06-02,Placer,061,380077,23431,23058,1518,24576,293
2021-06-02,Plumas,063,18699,712,690,11,701,4
2021-06-02,Riverside,065,2383286,294546,289012,14097,303109,4445
2021-06-02,Sacramento,067,1510023,106750,106435,1793,108228,1649
2021-06-02,San Benito,069,59416,6067,6073,116,6189,63
2021-06-02,San Bernardino,071,2135413,293631,293004,9008,302012,4760
2021-06-02,San Diego,073,3302833,281334,280347,15036,295383,3760
2021-06-02,San Francisco,075,870044,36847,37050,1298,38348,550
2021-06-02,San Joaquin,077,732212,73430,72893,3599,76492,1387
2021-06-02,San Luis Obispo,079,281455,21446,21214,749,21963,255
2021-06-02,San Mateo,081,765935,42473,42383,476,42859,464
2021-06-02,Santa Barbara,083,443738,34424,34381,1199,35580,456
2021-06-02,Santa Clara,085,1922200,118852,119553,768,120321,2058
2021-06-02,Santa Cruz,087,273765,16248,16144,816,16960,207
2021-06-02,Shasta,089,179085,12392,12426,1595,14021,199
2021-06-02,Sierra,091,2930,57,55,12,67,0
2021-06-02,Siskiyou,093,43540,1948,1861,370,2231,21
2021-06-02,Solano,095,438530,33040,33007,559,33566,256
2021-06-02,Sonoma,097,501317,30292,30359,343,30702,322
2021-06-02,Stanislaus,099,539301,56565,56377,5971,62348,973
2021-06-02,Sutter,101,95872,9555,9533,88,9621,111
2021-06-02,Tehama,103,63373,5112,5081,590,5671,63
2021-06-02,Trinity,105,12862,484,328,96,424,3
2021-06-02,Tulare,107,460477,50311,49434,9115,58549,846
2021-06-02,Tuolumne,109,53932,4022,4095,40,4135,63
2021-06-02,Ventura,111,848112,81503,81033,3007,84040,1020
2021-06-02,Yolo,113,214977,14034,14074,326,14400,210
2021-06-02,Yuba,115,75493,6099,6072,130,6202,48
2021-06-01,Alameda,001,1643700,88439,88472,1978,90450,1253
2021-06-01,Alpine,003,1148,87,88,0,88,0
2021-06-01,Amador,005,37829,3698,3687,33,3720,46
2021-06-01,Butte,007,227075,12609,12427,1830,14257,193
2021-06-01,Calaveras,009,45235,2179,2173,14,2187,55
2021-06-01,Colusa,011,21464,1955,1955,316,2271,15
2021-06-01,Contra Costa,013,1133247,69944,69404,1294,70698,813
2021-06-01,Del Norte,015,27424,1422,1394,13,1407,8
2021-06-01,El Dorado,017,186661,10330,10271,733,11004,110
2021-06-01,Fresno,019,978130,102955,102534,8768,111302,1706
2021-06-01,Glenn,021,27897,2440,2422,566,2988,18
2021-06-01,Humboldt,023,135768,4321,4299,38,4337,42
2021-06-01,Imperial,025,180216,28657,28722,2788,31510,736
2021-06-01,Inyo,027,18085,1404,1403,12,1415,35
2021-06-01,Kern,029,883053,97477,96477,11002,107479,1319
2021-06-01,Kings,031,150075,23197,22977,1097,24074,244
2021-06-01,Lake,033,64148,3542,3523,9,3532,45
2021-06-01,Lassen,035,31185,5223,5172,116,5288,6
2021-06-01,Los Angeles,037,10098052,1206409,1202673,41912,1244585,24367
2021-06-01,Madera,039,155013,16651,16549,942,17491,240
2021-06-01,Marin,041,260295,14131,14081,261,14342,229
2021-06-01,Mariposa,043,17540,435,431,11,442,5
2021-06-01,Mendocino,045,87422,4045,3966,82,4048,47
2021-06-01,Merced,047,269075,31088,31195,1057,32252,456
2021-06-01,Modoc,049,8938,383,375,132,507,3
2021-06-01,Mono,051,14174,1262,1275,17,1292,3
2021-06-01,Monterey,053,433212,43234,43051,1884,44935,379
2021-06-01,Napa,055,140530,9930,9949,38,9987,82
2021-06-01,Nevada,057,99092,4862,4825,193,5018,72
2021-06-01,Orange,059,3164182,255614,254603,11414,266017,5051
2021-06-01,Placer,061,380077,23401,23021,1516,24537,293
2021-06-01,Plumas,063,18699,711,690,11,701,4
2021-06-01,Riverside,065,2383286,294494,288996,14091,303087,4442
2021-06-01,Sacramento,067,1510023,106678,106330,1791,108121,1644
2021-06-01,San Benito,069,59416,6066,6073,115,6188,63
2021-06-01,San Bernardino,071,2135413,293606,292990,9007,301997,4758
2021-06-01,San Diego,073,3302833,281230,280305,15019,295324,3756
2021-06-01,San Francisco,075,870044,36831,37031,1298,38329,550
2021-06-01,San Joaquin,077,732212,73398,72858,3597,76455,1383
2021-06-01,San Luis Obispo,079,281455,21441,21217,749,21966,256
2021-06-01,San Mateo,081,765935,42457,42383,475,42858,462
2021-06-01,Santa Barbara,083,443738,34420,34374,1199,35573,456
2021-06-01,Santa Clara,085,1922200,118824,119528,768,120296,2057
2021-06-01,Santa Cruz,087,273765,16244,16143,815,16958,207
2021-06-01,Shasta,089,179085,12383,12409,1590,13999,199
2021-06-01,Sierra,091,2930,57,55,12,67,0
2021-06-01,Siskiyou,093,43540,1941,1860,369,2229,21
2021-06-01,Solano,095,438530,33015,32974,558,33532,256
2021-06-01,Sonoma,097,501317,30253,30324,342,30666,322
2021-06-01,Stanislaus,099,539301,56549,56348,5969,62317,973
2021-06-01,Sutter,101,95872,9548,9528,88,9616,111
2021-06-01,Tehama,103,63373,5110,5079,590,5669,63
2021-06-01,Trinity,105,12862,483,328,95,423,3
2021-06-01,Tulare,107,460477,50303,49419,9111,58530,845
2021-06-01,Tuolumne,109,53932,4022,4094,40,4134,63
2021-06-01,Ventura,111,848112,81487,81018,3006,84024,1021
2021-06-01,Yolo,113,214977,14028,14067,326,14393,210
2021-06-01,Yuba,115,75493,6095,6067,130,6197,48
2021-05-31,Alameda,001,1643700,88402,88458,1974,90432,1253
2021-05-31,Alpine,003,1148,87,88,0,88,0
2021-05-31,Amador,005,37829,3692,3687,33,3720,46
2021-05-31,Butte,007,227075,12596,12429,1830,14259,193
2021-05-31,Calaveras,009,45235,2178,2171,14,2185,55
2021-05-31,Colusa,011,21464,1955,1956,315,2271,15
2021-05-31,Contra Costa,013,1133247,69907,69390,1292,70682,813
2021-05-31,Del Norte,015,27424,1419,1394,13,1407,8
2021-05-31,El Dorado,017,186661,10324,10271,731,11002,110
2021-05-31,Fresno,019,978130,102919,102507,8768,111275,1706
2021-05-31,Glenn,021,27897,2439,2422,565,2987,18
2021-05-31,Humboldt,023,135768,4309,4295,38,4333,42
2021-05-31,Imperial,025,180216,28651,28732,2784,31516,736
2021-05-31,Inyo,027,18085,1403,1403,12,1415,35
2021-05-31,Kern,029,883053,97441,96457,10993,107450,1319
2021-05-31,Kings,031,150075,23193,22977,1097,24074,244
2021-05-31,Lake,033,64148,3537,3523,9,3532,45
2021-05-31,Lassen,035,31185,5221,5172,115,5287,6
2021-05-31,Los Angeles,037,10098052,1206167,1202567,41904,1244471,24364
2021-05-31,Madera,039,155013,16650,16543,941,17484,240
2021-05-31,Marin,041,260295,14129,14080,261,14341,229
2021-05-31,Mariposa,043,17540,435,430,11,441,5
2021-05-31,Mendocino,045,87422,4035,3961,82,4043,47
2021-05-31,Merced,047,269075,31083,31194,1057,32251,456
2021-05-31,Modoc,049,8938,382,374,132,506,3
2021-05-31,Mono,051,14174,1262,1275,17,1292,3
2021-05-31,Monterey,053,433212,43230,43051,1884,44935,379
2021-05-31,Napa,055,140530,9923,9948,38,9986,82
2021-05-31,Nevada,057,99092,4852,4823,192,5015,72
2021-05-31,Orange,059,3164182,255586,254572,11406,265978,5051
2021-05-31,Placer,061,380077,23374,23019,1512,24531,293
2021-05-31,Plumas,063,18699,710,690,11,701,4
2021-05-31,Riverside,065,2383286,294437,288970,14079,303049,4442
2021-05-31,Sacramento,067,1510023,106581,106278,1785,108063,1644
2021-05-31,San Benito,069,59416,6066,6072,115,6187,63
2021-05-31,San Bernardino,071,2135413,293558,292973,9006,301979,4758
2021-05-31,San Diego,073,3302833,281126,280254,15007,295261,3756
2021-05-31,San Francisco,075,870044,36816,37022,1297,38319,550
2021-05-31,San Joaquin,077,732212,73349,72856,3591,76447,1383
2021-05-31,San Luis Obispo,079,281455,21433,21215,749,21964,256
2021-05-31,San Mateo,081,765935,42441,42389,475,42864,442
2021-05-31,Santa Barbara,083,443738,34407,34369,1197,35566,456
2021-05-31,Santa Clara,085,1922200,118780,119515,768,120283,2057
2021-05-31,Santa Cruz,087,273765,16241,16139,815,16954,207
2021-05-31,Shasta,089,179085,12367,12408,1587,13995,199
2021-05-31,Sierra,091,2930,57,55,12,67,0
2021-05-31,Siskiyou,093,43540,1940,1856,368,2224,21
2021-05-31,Solano,095,438530,32965,32973,558,33531,256
2021-05-31,Sonoma,097,501317,30210,30314,342,30656,322
2021-05-31,Stanislaus,099,539301,56509,56335,5966,62301,973
2021-05-31,Sutter,101,95872,9529,9523,88,9611,111
2021-05-31,Tehama,103,63373,5107,5076,589,5665,63
2021-05-31,Trinity,105,12862,483,328,95,423,3
2021-05-31,Tulare,107,460477,50292,49404,9106,58510,845
2021-05-31,Tuolumne,109,53932,4020,4095,40,4135,63
2021-05-31,Ventura,111,848112,81472,81017,3003,84020,1021
2021-05-31,Yolo,113,214977,14024,14064,326,14390,210
2021-05-31,Yuba,115,75493,6089,6063,127,6190,48
2021-05-30,Alameda,001,1643700,88379,88429,1974,90403,1253
2021-05-30,Alpine,003,1148,87,88,0,88,0
2021-05-30,Amador,005,37829,3688,3685,33,3718,46
2021-05-30,Butte,007,227075,12586,12427,1828,14255,190
2021-05-30,Calaveras,009,45235,2174,2166,14,2180,55
2021-05-30,Colusa,011,21464,1955,1954,315,2269,15
2021-05-30,Contra Costa,013,1133247,69873,69381,1290,70671,813
2021-05-30,Del Norte,015,27424,1418,1393,13,1406,8
2021-05-30,El Dorado,017,186661,10321,10271,731,11002,110
2021-05-30,Fresno,019,978130,102902,102499,8764,111263,1706
2021-05-30,Glenn,021,27897,2439,2422,564,2986,18
2021-05-30,Humboldt,023,135768,4301,4291,38,4329,42
2021-05-30,Imperial,025,180216,28646,28732,2783,31515,736
2021-05-30,Inyo,027,18085,1403,1403,12,1415,35
2021-05-30,Kern,029,883053,97425,96443,10990,107433,1319
2021-05-30,Kings,031,150075,23192,22974,1096,24070,244
2021-05-30,Lake,033,64148,3537,3517,9,3526,45
2021-05-30,Lassen,035,31185,5219,5171,115,5286,6
2021-05-30,Los Angeles,037,10098052,1206058,1202425,41897,1244322,24360
2021-05-30,Madera,039,155013,16646,16538,941,17479,240
2021-05-30,Marin,041,260295,14125,14083,260,14343,229
2021-05-30,Mariposa,043,17540,435,430,11,441,5
2021-05-30,Mendocino,045,87422,4028,3955,82,4037,47
2021-05-30,Merced,047,269075,31079,31189,1056,32245,456
2021-05-30,Modoc,049,8938,382,374,132,506,3
2021-05-30,Mono,051,14174,1262,1275,17,1292,3
2021-05-30,Monterey,053,433212,43227,43049,1884,44933,379
2021-05-30,Napa,055,140530,9922,9948,38,9986,82
2021-05-30,Nevada,057,99092,4846,4818,192,5010,72
2021-05-30,Orange,059,3164182,255563,254559,11405,265964,5051
2021-05-30,Placer,061,380077,23368,23016,1512,24528,293
2021-05-30,Plumas,063,18699,708,690,11,701,4
2021-05-30,Riverside,065,2383286,294416,288961,14077,303038,4442
2021-05-30,Sacramento,067,1510023,106536,106252,1783,108035,1644
2021-05-30,San Benito,069,59416,6066,6072,115,6187,63
2021-05-30,San Bernardino,071,2135413,293532,292981,9005,301986,4758
2021-05-30,San Diego,073,3302833,281070,280209,15002,295211,3756
2021-05-30,San Francisco,075,870044,36797,37016,1297,38313,550
2021-05-30,San Joaquin,077,732212,73332,72853,3590,76443,1383
2021-05-30,San Luis Obispo,079,281455,21424,21211,748,21959,256
2021-05-30,San Mateo,081,765935,42433,42386,475,42861,439
2021-05-30,Santa Barbara,083,443738,34403,34369,1197,35566,456
2021-05-30,Santa Clara,085,1922200,118758,119510,764,120274,2057
2021-05-30,Santa Cruz,087,273765,16239,16140,815,16955,207
2021-05-30,Shasta,089,179085,12365,12408,1584,13992,199
2021-05-30,Sierra,091,2930,57,55,12,67,0
2021-05-30,Siskiyou,093,43540,1940,1856,368,2224,21
2021-05-30,Solano,095,438530,32954,32952,557,33509,256
2021-05-30,Sonoma,097,501317,30193,30310,341,30651,322
2021-05-30,Stanislaus,099,539301,56498,56323,5965,62288,973
2021-05-30,Sutter,101,95872,9528,9519,87,9606,111
2021-05-30,Tehama,103,63373,5107,5073,589,5662,63
2021-05-30,Trinity,105,12862,483,328,95,423,3
2021-05-30,Tulare,107,460477,50285,49397,9097,58494,845
2021-05-30,Tuolumne,109,53932,4020,4094,40,4134,63
2021-05-30,Ventura,111,848112,81468,81012,3002,84014,1021
2021-05-30,Yolo,113,214977,14019,14059,325,14384,210
2021-05-30,Yuba,115,75493,6082,6063,126,6189,48
2021-05-29,Alameda,001,1643700,88356,88433,1972,90405,1253
2021-05-29,Alpine,003,1148,87,88,0,88,0
2021-05-29,Amador,005,37829,3687,3683,33,3716,46
2021-05-29,Butte,007,227075,12580,12425,1828,14253,190
2021-05-29,Calaveras,009,45235,2173,2166,14,2180,55
2021-05-29,Colusa,011,21464,1952,1954,315,2269,15
2021-05-29,Contra Costa,013,1133247,69840,69351,1290,70641,813
2021-05-29,Del Norte,015,27424,1418,1391,13,1404,8
2021-05-29,El Dorado,017,186661,10320,10269,729,10998,110
2021-05-29,Fresno,019,978130,102890,102470,8761,111231,1706
2021-05-29,Glenn,021,27897,2439,2422,563,2985,18
2021-05-29,Humboldt,023,135768,4295,4283,38,4321,42
2021-05-29,Imperial,025,180216,28643,28729,2782,31511,736
2021-05-29,Inyo,027,18085,1403,1404,12,1416,35
2021-05-29,Kern,029,883053,97414,96424,10977,107401,1319
2021-05-29,Kings,031,150075,23191,22970,1095,24065,244
2021-05-29,Lake,033,64148,3537,3515,9,3524,45
2021-05-29,Lassen,035,31185,5219,5171,115,5286,6
2021-05-29,Los Angeles,037,10098052,1205935,1202264,41893,1244157,24359
2021-05-29,Madera,039,155013,16644,16535,941,17476,240
2021-05-29,Marin,041,260295,14121,14071,259,14330,229
2021-05-29,Mariposa,043,17540,434,428,11,439,5
2021-05-29,Mendocino,045,87422,4022,3952,82,4034,47
2021-05-29,Merced,047,269075,31067,31187,1056,32243,456
2021-05-29,Modoc,049,8938,382,374,132,506,3
2021-05-29,Mono,051,14174,1262,1275,17,1292,3
2021-05-29,Monterey,053,433212,43225,43042,1884,44926,379
2021-05-29,Napa,055,140530,9919,9948,38,9986,82
2021-05-29,Nevada,057,99092,4845,4816,192,5008,72
2021-05-29,Orange,059,3164182,255541,254537,11395,265932,5049
2021-05-29,Placer,061,380077,23353,23009,1511,24520,293
2021-05-29,Plumas,063,18699,708,689,11,700,4
2021-05-29,Riverside,065,2383286,294396,288908,14076,302984,4442
2021-05-29,Sacramento,067,1510023,106506,106218,1782,108000,1643
2021-05-29,San Benito,069,59416,6065,6072,115,6187,63
2021-05-29,San Bernardino,071,2135413,293500,292961,9004,301965,4757
2021-05-29,San Diego,073,3302833,281011,280151,14997,295148,3756
2021-05-29,San Francisco,075,870044,36788,37008,1297,38305,550
2021-05-29,San Joaquin,077,732212,73316,72827,3588,76415,1383
2021-05-29,San Luis Obispo,079,281455,21422,21201,748,21949,256
2021-05-29,San Mateo,081,765935,42425,42375,474,42849,439
2021-05-29,Santa Barbara,083,443738,34399,34367,1197,35564,456
2021-05-29,Santa Clara,085,1922200,118734,119498,763,120261,2056
2021-05-29,Santa Cruz,087,273765,16238,16137,815,16952,207
2021-05-29,Shasta,089,179085,12357,12401,1583,13984,199
2021-05-29,Sierra,091,2930,57,55,12,67,0
2021-05-29,Siskiyou,093,43540,1935,1856,368,2224,21
2021-05-29,Solano,095,438530,32945,32917,557,33474,256
2021-05-29,Sonoma,097,501317,30170,30298,340,30638,322
2021-05-29,Stanislaus,099,539301,56480,56305,5963,62268,974
2021-05-29,Sutter,101,95872,9524,9516,87,9603,111
2021-05-29,Tehama,103,63373,5106,5070,589,5659,63
2021-05-29,Trinity,105,12862,483,328,95,423,3
2021-05-29,Tulare,107,460477,50275,49392,9093,58485,845
2021-05-29,Tuolumne,109,53932,4020,4093,40,4133,63
2021-05-29,Ventura,111,848112,81460,81008,3002,84010,1021
2021-05-29,Yolo,113,214977,14018,14055,325,14380,210
2021-05-29,Yuba,115,75493,6082,6059,126,6185,48
2021-05-28,Alameda,001,1643700,88332,88391,1968,90359,1261
2021-05-28,Alpine,003,1148,87,88,0,88,0
2021-05-28,Amador,005,37829,3687,3680,33,3713,46
2021-05-28,Butte,007,227075,12577,12407,1827,14234,190
2021-05-28,Calaveras,009,45235,2172,2165,14,2179,55
2021-05-28,Colusa,011,21464,1952,1954,313,2267,15
2021-05-28,Contra Costa,013,1133247,69804,69290,1289,70579,813
2021-05-28,Del Norte,015,27424,1417,1390,13,1403,8
2021-05-28,El Dorado,017,186661,10317,10265,729,10994,110
2021-05-28,Fresno,019,978130,102875,102437,8761,111198,1705
2021-05-28,Glenn,021,27897,2439,2419,563,2982,18
2021-05-28,Humboldt,023,135768,4288,4265,38,4303,42
2021-05-28,Imperial,025,180216,28640,28722,2782,31504,736
2021-05-28,Inyo,027,18085,1403,1404,12,1416,35
2021-05-28,Kern,029,883053,97397,96396,10969,107365,1320
2021-05-28,Kings,031,150075,23189,22962,1095,24057,244
2021-05-28,Lake,033,64148,3535,3515,9,3524,45
2021-05-28,Lassen,035,31185,5219,5169,115,5284,6
2021-05-28,Los Angeles,037,10098052,1205825,1202103,41882,1243985,24357
2021-05-28,Madera,039,155013,16642,16530,941,17471,240
2021-05-28,Marin,041,260295,14120,14063,258,14321,229
2021-05-28,Mariposa,043,17540,434,428,11,439,5
2021-05-28,Mendocino,045,87422,4017,3947,82,4029,47
2021-05-28,Merced,047,269075,31064,31176,1056,32232,455
2021-05-28,Modoc,049,8938,382,374,132,506,3
2021-05-28,Mono,051,14174,1262,1274,17,1291,3
2021-05-28,Monterey,053,433212,43224,43036,1884,44920,379
2021-05-28,Napa,055,140530,9919,9941,38,9979,82
2021-05-28,Nevada,057,99092,4843,4813,192,5005,71
2021-05-28,Orange,059,3164182,255521,254494,11393,265887,5047
2021-05-28,Placer,061,380077,23343,22987,1509,24496,293
2021-05-28,Plumas,063,18699,706,688,11,699,4
2021-05-28,Riverside,065,2383286,294374,288872,14074,302946,4442
2021-05-28,Sacramento,067,1510023,106450,106131,1780,107911,1642
2021-05-28,San Benito,069,59416,6065,6074,115,6189,63
2021-05-28,San Bernardino,071,2135413,293477,292905,9004,301909,4757
2021-05-28,San Diego,073,3302833,280948,280043,14986,295029,3756
2021-05-28,San Francisco,075,870044,36782,36987,1297,38284,546
2021-05-28,San Joaquin,077,732212,73286,72793,3586,76379,1383
2021-05-28,San Luis Obispo,079,281455,21417,21190,746,21936,256
2021-05-28,San Mateo,081,765935,42419,42364,474,42838,439
2021-05-28,Santa Barbara,083,443738,34398,34371,1197,35568,455
2021-05-28,Santa Clara,085,1922200,118710,119462,763,120225,2056
2021-05-28,Santa Cruz,087,273765,16237,16129,815,16944,207
2021-05-28,Shasta,089,179085,12348,12383,1581,13964,198
2021-05-28,Sierra,091,2930,57,54,12,66,0
2021-05-28,Siskiyou,093,43540,1933,1850,368,2218,19
2021-05-28,Solano,095,438530,32930,32892,557,33449,256
2021-05-28,Sonoma,097,501317,30151,30270,340,30610,321
2021-05-28,Stanislaus,099,539301,56462,56278,5960,62238,974
2021-05-28,Sutter,101,95872,9520,9511,87,9598,111
2021-05-28,Tehama,103,63373,5100,5064,589,5653,63
2021-05-28,Trinity,105,12862,483,328,95,423,3
2021-05-28,Tulare,107,460477,50270,49375,9084,58459,846
2021-05-28,Tuolumne,109,53932,4020,4090,40,4130,63
2021-05-28,Ventura,111,848112,81449,80985,3001,83986,1021
2021-05-28,Yolo,113,214977,14015,14050,324,14374,210
2021-05-28,Yuba,115,75493,6080,6050,125,6175,48
2021-05-27,Alameda,001,1643700,88297,88342,1967,90309,1274
2021-05-27,Alpine,003,1148,87,88,0,88,0
2021-05-27,Amador,005,37829,3684,3680,33,3713,46
2021-05-27,Butte,007,227075,12571,12401,1826,14227,190
2021-05-27,Calaveras,009,45235,2171,2163,14,2177,55
2021-05-27,Colusa,011,21464,1949,1952,313,2265,15
2021-05-27,Contra Costa,013,1133247,69762,69245,1287,70532,813
2021-05-27,Del Norte,015,27424,1417,1388,13,1401,8
2021-05-27,El Dorado,017,186661,10316,10248,729,10977,112
2021-05-27,Fresno,019,978130,102858,102413,8758,111171,1704
2021-05-27,Glenn,021,27897,2439,2415,563,2978,18
2021-05-27,Humboldt,023,135768,4280,4260,38,4298,42
2021-05-27,Imperial,025,180216,28629,28728,2782,31510,736
2021-05-27,Inyo,027,18085,1403,1404,12,1416,35
2021-05-27,Kern,029,883053,97381,96364,10961,107325,1322
2021-05-27,Kings,031,150075,23186,22953,1095,24048,245
2021-05-27,Lake,033,64148,3530,3509,9,3518,45
2021-05-27,Lassen,035,31185,5218,5170,114,5284,6
2021-05-27,Los Angeles,037,10098052,1205663,1201927,41866,1243793,24348
2021-05-27,Madera,039,155013,16633,16527,941,17468,240
2021-05-27,Marin,041,260295,14116,14061,258,14319,229
2021-05-27,Mariposa,043,17540,432,427,11,438,5
2021-05-27,Mendocino,045,87422,4011,3945,82,4027,47
2021-05-27,Merced,047,269075,31052,31161,1056,32217,455
2021-05-27,Modoc,049,8938,381,374,132,506,3
2021-05-27,Mono,051,14174,1262,1276,17,1293,3
2021-05-27,Monterey,053,433212,43218,43032,1884,44916,379
2021-05-27,Napa,055,140530,9918,9934,38,9972,82
2021-05-27,Nevada,057,99092,4839,4807,190,4997,71
2021-05-27,Orange,059,3164182,255484,254438,11389,265827,5059
2021-05-27,Placer,061,380077,23334,22966,1509,24475,293
2021-05-27,Plumas,063,18699,706,687,11,698,4
2021-05-27,Riverside,065,2383286,294338,288835,14069,302904,4443
2021-05-27,Sacramento,067,1510023,106375,106015,1778,107793,1642
2021-05-27,San Benito,069,59416,6064,6074,115,6189,63
2021-05-27,San Bernardino,071,2135413,293441,292755,9002,301757,4756
2021-05-27,San Diego,073,3302833,280874,279960,14972,294932,3756
2021-05-27,San Francisco,075,870044,36776,36980,1294,38274,546
2021-05-27,San Joaquin,077,732212,73254,72714,3582,76296,1388
2021-05-27,San Luis Obispo,079,281455,21412,21171,746,21917,256
2021-05-27,San Mateo,081,765935,42410,42345,474,42819,436
2021-05-27,Santa Barbara,083,443738,34393,34355,1197,35552,456
2021-05-27,Santa Clara,085,1922200,118689,119452,763,120215,2053
2021-05-27,Santa Cruz,087,273765,16234,16134,815,16949,207
2021-05-27,Shasta,089,179085,12337,12380,1581,13961,202
2021-05-27,Sierra,091,2930,57,54,12,66,0
2021-05-27,Siskiyou,093,43540,1930,1846,368,2214,18
2021-05-27,Solano,095,438530,32889,32855,556,33411,257
2021-05-27,Sonoma,097,501317,30124,30253,336,30589,321
2021-05-27,Stanislaus,099,539301,56437,56207,5959,62166,974
2021-05-27,Sutter,101,95872,9516,9501,87,9588,111
2021-05-27,Tehama,103,63373,5097,5064,588,5652,63
2021-05-27,Trinity,105,12862,483,328,95,423,3
2021-05-27,Tulare,107,460477,50256,49366,9075,58441,840
2021-05-27,Tuolumne,109,53932,4019,4090,40,4130,66
2021-05-27,Ventura,111,848112,81436,80965,2998,83963,1023
2021-05-27,Yolo,113,214977,14012,14036,324,14360,213
2021-05-27,Yuba,115,75493,6075,6040,124,6164,48
2021-05-26,Alameda,001,1643700,88268,88297,1967,90264,1266
2021-05-26,Alpine,003,1148,87,88,0,88,0
2021-05-26,Amador,005,37829,3684,3679,33,3712,46
2021-05-26,Butte,007,227075,12562,12332,1825,14157,190
2021-05-26,Calaveras,009,45235,2170,2154,14,2168,55
2021-05-26,Colusa,011,21464,1948,1952,313,2265,15
2021-05-26,Contra Costa,013,1133247,69725,69210,1287,70497,812
2021-05-26,Del Norte,015,27424,1417,1386,12,1398,8
2021-05-26,El Dorado,017,186661,10312,10242,728,10970,112
2021-05-26,Fresno,019,978130,102826,102374,8753,111127,1702
2021-05-26,Glenn,021,27897,2438,2415,563,2978,18
2021-05-26,Humboldt,023,135768,4275,4246,38,4284,42
2021-05-26,Imperial,025,180216,28624,28712,2780,31492,734
2021-05-26,Inyo,027,18085,1403,1403,12,1415,36
2021-05-26,Kern,029,883053,97356,96343,10954,107297,1320
2021-05-26,Kings,031,150075,23182,22950,1094,24044,245
2021-05-26,Lake,033,64148,3529,3508,9,3517,45
2021-05-26,Lassen,035,31185,5217,5164,114,5278,6
2021-05-26,Los Angeles,037,10098052,1205497,1198100,41849,1239949,24221
2021-05-26,Madera,039,155013,16630,16520,941,17461,240
2021-05-26,Marin,041,260295,14113,14061,257,14318,227
2021-05-26,Mariposa,043,17540,432,427,11,438,5
2021-05-26,Mendocino,045,87422,4005,3938,82,4020,47
2021-05-26,Merced,047,269075,31043,31139,1056,32195,455
2021-05-26,Modoc,049,8938,381,371,131,502,3
2021-05-26,Mono,051,14174,1262,1274,17,1291,3
2021-05-26,Monterey,053,433212,43212,43018,1883,44901,379
2021-05-26,Napa,055,140530,9911,9932,36,9968,82
2021-05-26,Nevada,057,99092,4834,4803,190,4993,70
2021-05-26,Orange,059,3164182,255448,254368,11386,265754,5058
2021-05-26,Placer,061,380077,23310,22940,1509,24449,293
2021-05-26,Plumas,063,18699,705,685,11,696,4
2021-05-26,Riverside,065,2383286,294292,288782,14062,302844,4443
2021-05-26,Sacramento,067,1510023,106289,105919,1774,107693,1637
2021-05-26,San Benito,069,59416,6064,6074,115,6189,63
2021-05-26,San Bernardino,071,2135413,293406,292662,9001,301663,4755
2021-05-26,San Diego,073,3302833,280799,279859,14962,294821,3755
2021-05-26,San Francisco,075,870044,36764,36954,1294,38248,546
2021-05-26,San Joaquin,077,732212,73212,72681,3579,76260,1388
2021-05-26,San Luis Obispo,079,281455,21406,21163,746,21909,256
2021-05-26,San Mateo,081,765935,42401,42331,474,42805,436
2021-05-26,Santa Barbara,083,443738,34384,34348,1197,35545,459
2021-05-26,Santa Clara,085,1922200,118662,119421,762,120183,2031
2021-05-26,Santa Cruz,087,273765,16233,16139,815,16954,207
2021-05-26,Shasta,089,179085,12323,12357,1578,13935,202
2021-05-26,Sierra,091,2930,57,54,12,66,0
2021-05-26,Siskiyou,093,43540,1928,1847,366,2213,18
2021-05-26,Solano,095,438530,32853,32831,556,33387,257
2021-05-26,Sonoma,097,501317,30098,30230,336,30566,321
2021-05-26,Stanislaus,099,539301,56415,56193,5957,62150,974
2021-05-26,Sutter,101,95872,9511,9495,87,9582,112
2021-05-26,Tehama,103,63373,5096,5054,585,5639,63
2021-05-26,Trinity,105,12862,483,328,95,423,3
2021-05-26,Tulare,107,460477,50249,49352,9071,58423,839
2021-05-26,Tuolumne,109,53932,4015,4088,39,4127,66
2021-05-26,Ventura,111,848112,81413,80944,2996,83940,1023
2021-05-26,Yolo,113,214977,14009,14025,324,14349,213
2021-05-26,Yuba,115,75493,6070,6036,124,6160,49
2021-05-25,Alameda,001,1643700,88237,88237,1967,90204,1263
2021-05-25,Alpine,003,1148,87,88,0,88,0
2021-05-25,Amador,005,37829,3679,3676,33,3709,46
2021-05-25,Butte,007,227075,12551,12295,1824,14119,189
2021-05-25,Calaveras,009,45235,2168,2148,14,2162,55
2021-05-25,Colusa,011,21464,1947,1949,313,2262,15
2021-05-25,Contra Costa,013,1133247,69673,69167,1282,70449,809
2021-05-25,Del Norte,015,27424,1417,1385,12,1397,8
2021-05-25,El Dorado,017,186661,10305,10240,727,10967,112
2021-05-25,Fresno,019,978130,102804,102329,8751,111080,1701
2021-05-25,Glenn,021,27897,2437,2414,562,2976,17
2021-05-25,Humboldt,023,135768,4268,4231,36,4267,42
2021-05-25,Imperial,025,180216,28617,28586,2780,31366,735
2021-05-25,Inyo,027,18085,1403,1402,12,1414,36
2021-05-25,Kern,029,883053,97325,96319,10940,107259,1319
2021-05-25,Kings,031,150075,23175,22944,1094,24038,245
2021-05-25,Lake,033,64148,3528,3508,9,3517,44
2021-05-25,Lassen,035,31185,5213,5164,114,5278,6
2021-05-25,Los Angeles,037,10098052,1205318,1197940,41830,1239770,24212
2021-05-25,Madera,039,155013,16625,16519,940,17459,240
2021-05-25,Marin,041,260295,14107,14053,257,14310,227
2021-05-25,Mariposa,043,17540,431,427,11,438,5
2021-05-25,Mendocino,045,87422,4000,3928,82,4010,47
2021-05-25,Merced,047,269075,31022,31132,1056,32188,455
2021-05-25,Modoc,049,8938,380,367,131,498,3
2021-05-25,Mono,051,14174,1262,1274,17,1291,3
2021-05-25,Monterey,053,433212,43208,43012,1882,44894,379
2021-05-25,Napa,055,140530,9909,9926,36,9962,82
2021-05-25,Nevada,057,99092,4828,4795,190,4985,70
2021-05-25,Orange,059,3164182,255419,254321,11385,265706,5057
2021-05-25,Placer,061,380077,23299,22920,1507,24427,292
2021-05-25,Plumas,063,18699,705,684,11,695,4
2021-05-25,Riverside,065,2383286,294253,288725,14059,302784,4443
2021-05-25,Sacramento,067,1510023,106208,105828,1770,107598,1633
2021-05-25,San Benito,069,59416,6064,6073,115,6188,63
2021-05-25,San Bernardino,071,2135413,293346,292485,8999,301484,4755
2021-05-25,San Diego,073,3302833,280718,279786,14957,294743,3753
2021-05-25,San Francisco,075,870044,36741,36939,1294,38233,546
2021-05-25,San Joaquin,077,732212,73170,72628,3576,76204,1387
2021-05-25,San Luis Obispo,079,281455,21403,21153,746,21899,256
2021-05-25,San Mateo,081,765935,42391,42268,474,42742,435
2021-05-25,Santa Barbara,083,443738,34381,34337,1197,35534,459
2021-05-25,Santa Clara,085,1922200,118638,119393,761,120154,2032
2021-05-25,Santa Cruz,087,273765,16228,16141,815,16956,207
2021-05-25,Shasta,089,179085,12314,12328,1576,13904,202
2021-05-25,Sierra,091,2930,56,54,12,66,0
2021-05-25,Siskiyou,093,43540,1927,1845,365,2210,18
2021-05-25,Solano,095,438530,32834,32817,555,33372,256
2021-05-25,Sonoma,097,501317,30069,30207,335,30542,321
2021-05-25,Stanislaus,099,539301,56379,56168,5954,62122,974
2021-05-25,Sutter,101,95872,9507,9495,87,9582,112
2021-05-25,Tehama,103,63373,5094,5048,584,5632,63
2021-05-25,Trinity,105,12862,483,328,94,422,3
2021-05-25,Tulare,107,460477,50239,49326,9063,58389,838
2021-05-25,Tuolumne,109,53932,4015,4084,39,4123,66
2021-05-25,Ventura,111,848112,81395,80905,2996,83901,1022
2021-05-25,Yolo,113,214977,14001,14018,322,14340,213
2021-05-25,Yuba,115,75493,6063,6028,124,6152,49
2021-05-24,Alameda,001,1643700,88195,88182,1966,90148,1263
2021-05-24,Alpine,003,1148,87,88,0,88,0
2021-05-24,Amador,005,37829,3677,3675,33,3708,46
2021-05-24,Butte,007,227075,12538,12279,1821,14100,189
2021-05-24,Calaveras,009,45235,2166,2146,14,2160,54
2021-05-24,Colusa,011,21464,1947,1949,313,2262,15
2021-05-24,Contra Costa,013,1133247,69632,69107,1278,70385,809
2021-05-24,Del Norte,015,27424,1416,1384,12,1396,8
2021-05-24,El Dorado,017,186661,10295,10227,726,10953,112
2021-05-24,Fresno,019,978130,102762,102289,8750,111039,1698
2021-05-24,Glenn,021,27897,2437,2413,562,2975,17
2021-05-24,Humboldt,023,135768,4261,4225,36,4261,42
2021-05-24,Imperial,025,180216,28615,28575,2780,31355,735
2021-05-24,Inyo,027,18085,1403,1402,12,1414,36
2021-05-24,Kern,029,883053,97298,96296,10935,107231,1319
2021-05-24,Kings,031,150075,23171,22940,1094,24034,246
2021-05-24,Lake,033,64148,3526,3506,9,3515,43
2021-05-24,Lassen,035,31185,5209,5163,114,5277,6
2021-05-24,Los Angeles,037,10098052,1205144,1197782,41815,1239597,24201
2021-05-24,Madera,039,155013,16621,16513,939,17452,239
2021-05-24,Marin,041,260295,14105,14051,257,14308,227
2021-05-24,Mariposa,043,17540,430,427,11,438,5
2021-05-24,Mendocino,045,87422,3998,3919,82,4001,47
2021-05-24,Merced,047,269075,31012,31128,1055,32183,455
2021-05-24,Modoc,049,8938,380,366,130,496,3
2021-05-24,Mono,051,14174,1262,1270,17,1287,3
2021-05-24,Monterey,053,433212,43203,43005,1881,44886,379
2021-05-24,Napa,055,140530,9909,9924,36,9960,82
2021-05-24,Nevada,057,99092,4825,4790,190,4980,70
2021-05-24,Orange,059,3164182,255385,254287,11375,265662,5056
2021-05-24,Placer,061,380077,23280,22895,1506,24401,292
2021-05-24,Plumas,063,18699,704,683,11,694,4
2021-05-24,Riverside,065,2383286,294196,288669,14049,302718,4442
2021-05-24,Sacramento,067,1510023,106093,105716,1768,107484,1632
2021-05-24,San Benito,069,59416,6064,6072,115,6187,63
2021-05-24,San Bernardino,071,2135413,293306,292343,8998,301341,4747
2021-05-24,San Diego,073,3302833,280609,279715,14947,294662,3749
2021-05-24,San Francisco,075,870044,36721,36934,1292,38226,547
2021-05-24,San Joaquin,077,732212,73138,72586,3575,76161,1371
2021-05-24,San Luis Obispo,079,281455,21385,21146,745,21891,256
2021-05-24,San Mateo,081,765935,42381,42249,474,42723,433
2021-05-24,Santa Barbara,083,443738,34376,34322,1197,35519,459
2021-05-24,Santa Clara,085,1922200,118606,119358,761,120119,2030
2021-05-24,Santa Cruz,087,273765,16223,16135,815,16950,207
2021-05-24,Shasta,089,179085,12297,12315,1573,13888,201
2021-05-24,Sierra,091,2930,56,54,12,66,0
2021-05-24,Siskiyou,093,43540,1924,1840,365,2205,17
2021-05-24,Solano,095,438530,32809,32792,554,33346,254
2021-05-24,Sonoma,097,501317,30054,30187,335,30522,321
2021-05-24,Stanislaus,099,539301,56345,56128,5950,62078,974
2021-05-24,Sutter,101,95872,9501,9486,87,9573,113
2021-05-24,Tehama,103,63373,5091,5043,582,5625,63
2021-05-24,Trinity,105,12862,483,328,94,422,3
2021-05-24,Tulare,107,460477,50232,49318,9059,58377,838
2021-05-24,Tuolumne,109,53932,4015,4083,39,4122,65
2021-05-24,Ventura,111,848112,81382,80876,2994,83870,1022
2021-05-24,Yolo,113,214977,13984,14012,320,14332,213
2021-05-24,Yuba,115,75493,6054,6022,124,6146,49
2021-05-23,Alameda,001,1643700,88131,88157,1963,90120,1263
2021-05-23,Alpine,003,1148,87,88,0,88,0
2021-05-23,Amador,005,37829,3676,3673,33,3706,46
2021-05-23,Butte,007,227075,12524,12271,1820,14091,189
2021-05-23,Calaveras,009,45235,2158,2144,14,2158,54
2021-05-23,Colusa,011,21464,1947,1949,311,2260,15
2021-05-23,Contra Costa,013,1133247,69588,69075,1276,70351,809
2021-05-23,Del Norte,015,27424,1412,1383,12,1395,8
2021-05-23,El Dorado,017,186661,10289,10222,726,10948,112
2021-05-23,Fresno,019,978130,102716,102270,8745,111015,1698
2021-05-23,Glenn,021,27897,2435,2413,562,2975,17
2021-05-23,Humboldt,023,135768,4244,4216,36,4252,42
2021-05-23,Imperial,025,180216,28609,28569,2779,31348,735
2021-05-23,Inyo,027,18085,1403,1402,12,1414,36
2021-05-23,Kern,029,883053,97274,96282,10927,107209,1319
2021-05-23,Kings,031,150075,23158,22939,1092,24031,246
2021-05-23,Lake,033,64148,3523,3504,9,3513,43
2021-05-23,Lassen,035,31185,5205,5163,113,5276,6
2021-05-23,Los Angeles,037,10098052,1204956,1197633,41803,1239436,24197
2021-05-23,Madera,039,155013,16615,16504,939,17443,239
2021-05-23,Marin,041,260295,14096,14048,256,14304,227
2021-05-23,Mariposa,043,17540,430,427,11,438,5
2021-05-23,Mendocino,045,87422,3992,3913,81,3994,47
2021-05-23,Merced,047,269075,31002,31118,1055,32173,455
2021-05-23,Modoc,049,8938,376,366,130,496,3
2021-05-23,Mono,051,14174,1261,1270,17,1287,3
2021-05-23,Monterey,053,433212,43193,43003,1881,44884,379
2021-05-23,Napa,055,140530,9905,9923,36,9959,82
2021-05-23,Nevada,057,99092,4815,4790,190,4980,70
2021-05-23,Orange,059,3164182,255347,254277,11369,265646,5050
2021-05-23,Placer,061,380077,23260,22888,1506,24394,292
2021-05-23,Plumas,063,18699,703,683,11,694,4
2021-05-23,Riverside,065,2383286,294128,288641,14045,302686,4442
2021-05-23,Sacramento,067,1510023,105977,105663,1765,107428,1632
2021-05-23,San Benito,069,59416,6063,6072,115,6187,63
2021-05-23,San Bernardino,071,2135413,293255,292327,8997,301324,4747
2021-05-23,San Diego,073,3302833,280519,279690,14936,294626,3751
2021-05-23,San Francisco,075,870044,36710,36927,1291,38218,547
2021-05-23,San Joaquin,077,732212,73089,72571,3572,76143,1371
2021-05-23,San Luis Obispo,079,281455,21375,21141,744,21885,256
2021-05-23,San Mateo,081,765935,42364,42248,474,42722,433
2021-05-23,Santa Barbara,083,443738,34369,34319,1197,35516,459
2021-05-23,Santa Clara,085,1922200,118582,119333,761,120094,2030
2021-05-23,Santa Cruz,087,273765,16220,16130,815,16945,207
2021-05-23,Shasta,089,179085,12280,12313,1569,13882,201
2021-05-23,Sierra,091,2930,56,54,12,66,0
2021-05-23,Siskiyou,093,43540,1919,1826,358,2184,17
2021-05-23,Solano,095,438530,32791,32780,553,33333,254
2021-05-23,Sonoma,097,501317,30025,30168,334,30502,321
2021-05-23,Stanislaus,099,539301,56297,56104,5947,62051,974
2021-05-23,Sutter,101,95872,9492,9479,87,9566,113
2021-05-23,Tehama,103,63373,5084,5041,580,5621,63
2021-05-23,Trinity,105,12862,483,328,94,422,3
2021-05-23,Tulare,107,460477,50218,49310,9055,58365,838
2021-05-23,Tuolumne,109,53932,4012,4081,39,4120,65
2021-05-23,Ventura,111,848112,81352,80872,2993,83865,1022
2021-05-23,Yolo,113,214977,13972,14004,317,14321,213
2021-05-23,Yuba,115,75493,6049,6017,124,6141,49
2021-05-22,Alameda,001,1643700,88104,88101,1963,90064,1263
2021-05-22,Alpine,003,1148,87,88,0,88,0
2021-05-22,Amador,005,37829,3675,3672,33,3705,46
2021-05-22,Butte,007,227075,12512,12265,1819,14084,189
2021-05-22,Calaveras,009,45235,2154,2141,14,2155,54
2021-05-22,Colusa,011,21464,1943,1949,310,2259,15
2021-05-22,Contra Costa,013,1133247,69555,69004,1275,70279,809
2021-05-22,Del Norte,015,27424,1411,1381,12,1393,8
2021-05-22,El Dorado,017,186661,10284,10215,726,10941,112
2021-05-22,Fresno,019,978130,102702,102238,8743,110981,1698
2021-05-22,Glenn,021,27897,2435,2412,562,2974,17
2021-05-22,Humboldt,023,135768,4235,4194,35,4229,42
2021-05-22,Imperial,025,180216,28600,28574,2779,31353,735
2021-05-22,Inyo,027,18085,1403,1402,12,1414,36
2021-05-22,Kern,029,883053,97262,96260,10920,107180,1319
2021-05-22,Kings,031,150075,23158,22936,1092,24028,246
2021-05-22,Lake,033,64148,3520,3502,9,3511,43
2021-05-22,Lassen,035,31185,5205,5163,113,5276,6
2021-05-22,Los Angeles,037,10098052,1204850,1197454,41794,1239248,24192
2021-05-22,Madera,039,155013,16612,16503,939,17442,239
2021-05-22,Marin,041,260295,14093,14043,256,14299,227
2021-05-22,Mariposa,043,17540,430,427,11,438,5
2021-05-22,Mendocino,045,87422,3986,3908,81,3989,47
2021-05-22,Merced,047,269075,30992,31099,1055,32154,455
2021-05-22,Modoc,049,8938,376,366,130,496,3
2021-05-22,Mono,051,14174,1259,1270,17,1287,3
2021-05-22,Monterey,053,433212,43187,42998,1881,44879,379
2021-05-22,Napa,055,140530,9903,9918,36,9954,82
2021-05-22,Nevada,057,99092,4808,4787,189,4976,70
2021-05-22,Orange,059,3164182,255326,254238,11363,265601,5048
2021-05-22,Placer,061,380077,23246,22865,1505,24370,292
2021-05-22,Plumas,063,18699,702,683,11,694,4
2021-05-22,Riverside,065,2383286,294096,288580,14044,302624,4442
2021-05-22,Sacramento,067,1510023,105902,105551,1762,107313,1632
2021-05-22,San Benito,069,59416,6063,6071,115,6186,63
2021-05-22,San Bernardino,071,2135413,293230,292292,8997,301289,4747
2021-05-22,San Diego,073,3302833,280460,279614,14928,294542,3751
2021-05-22,San Francisco,075,870044,36700,36906,1289,38195,547
2021-05-22,San Joaquin,077,732212,73067,72528,3569,76097,1371
2021-05-22,San Luis Obispo,079,281455,21367,21134,743,21877,256
2021-05-22,San Mateo,081,765935,42354,42218,474,42692,433
2021-05-22,Santa Barbara,083,443738,34365,34313,1196,35509,459
2021-05-22,Santa Clara,085,1922200,118559,119292,761,120053,2030
2021-05-22,Santa Cruz,087,273765,16220,16125,815,16940,207
2021-05-22,Shasta,089,179085,12273,12307,1566,13873,201
2021-05-22,Sierra,091,2930,56,54,12,66,0
2021-05-22,Siskiyou,093,43540,1918,1824,357,2181,17
2021-05-22,Solano,095,438530,32778,32753,553,33306,254
2021-05-22,Sonoma,097,501317,30013,30154,334,30488,321
2021-05-22,Stanislaus,099,539301,56273,56069,5945,62014,974
2021-05-22,Sutter,101,95872,9487,9476,87,9563,113
2021-05-22,Tehama,103,63373,5083,5036,580,5616,63
2021-05-22,Trinity,105,12862,483,328,94,422,3
2021-05-22,Tulare,107,460477,50212,49299,9050,58349,838
2021-05-22,Tuolumne,109,53932,4012,4078,39,4117,65
2021-05-22,Ventura,111,848112,81348,80859,2993,83852,1022
2021-05-22,Yolo,113,214977,13970,13997,317,14314,213
2021-05-22,Yuba,115,75493,6046,6010,124,6134,49
2021-05-21,Alameda,001,1643700,88078,88041,1962,90003,1263
2021-05-21,Alpine,003,1148,87,88,0,88,0
2021-05-21,Amador,005,37829,3672,3672,33,3705,46
2021-05-21,Butte,007,227075,12506,12236,1817,14053,188
2021-05-21,Calaveras,009,45235,2152,2138,14,2152,54
2021-05-21,Colusa,011,21464,1943,1947,310,2257,15
2021-05-21,Contra Costa,013,1133247,69512,68965,1274,70239,810
2021-05-21,Del Norte,015,27424,1410,1376,12,1388,8
2021-05-21,El Dorado,017,186661,10280,10204,726,10930,112
2021-05-21,Fresno,019,978130,102674,102189,8741,110930,1698
2021-05-21,Glenn,021,27897,2434,2408,562,2970,17
2021-05-21,Humboldt,023,135768,4228,4175,35,4210,42
2021-05-21,Imperial,025,180216,28593,28572,2778,31350,732
2021-05-21,Inyo,027,18085,1403,1402,12,1414,36
2021-05-21,Kern,029,883053,97248,96233,10913,107146,1318
2021-05-21,Kings,031,150075,23158,22927,1092,24019,246
2021-05-21,Lake,033,64148,3518,3500,9,3509,43
2021-05-21,Lassen,035,31185,5204,5161,113,5274,6
2021-05-21,Los Angeles,037,10098052,1204739,1197263,41785,1239048,24180
2021-05-21,Madera,039,155013,16611,16500,938,17438,238
2021-05-21,Marin,041,260295,14088,14042,256,14298,227
2021-05-21,Mariposa,043,17540,429,427,11,438,5
2021-05-21,Mendocino,045,87422,3980,3897,81,3978,47
2021-05-21,Merced,047,269075,30984,31076,1055,32131,455
2021-05-21,Modoc,049,8938,376,365,130,495,3
2021-05-21,Mono,051,14174,1259,1269,17,1286,3
2021-05-21,Monterey,053,433212,43185,42995,1881,44876,379
2021-05-21,Napa,055,140530,9899,9913,36,9949,82
2021-05-21,Nevada,057,99092,4807,4779,189,4968,70
2021-05-21,Orange,059,3164182,255307,254171,11361,265532,5042
2021-05-21,Placer,061,380077,23238,22853,1505,24358,292
2021-05-21,Plumas,063,18699,702,683,10,693,4
2021-05-21,Riverside,065,2383286,294069,288499,14037,302536,4442
2021-05-21,Sacramento,067,1510023,105835,105476,1759,107235,1632
2021-05-21,San Benito,069,59416,6063,6068,115,6183,63
2021-05-21,San Bernardino,071,2135413,293198,292205,8994,301199,4744
2021-05-21,San Diego,073,3302833,280388,279554,14918,294472,3748
2021-05-21,San Francisco,075,870044,36694,36879,1289,38168,546
2021-05-21,San Joaquin,077,732212,73047,72467,3567,76034,1371
2021-05-21,San Luis Obispo,079,281455,21361,21128,740,21868,256
2021-05-21,San Mateo,081,765935,42341,42163,473,42636,432
2021-05-21,Santa Barbara,083,443738,34360,34302,1196,35498,459
2021-05-21,Santa Clara,085,1922200,118532,119247,761,120008,2029
2021-05-21,Santa Cruz,087,273765,16216,16120,815,16935,207
2021-05-21,Shasta,089,179085,12256,12289,1564,13853,201
2021-05-21,Sierra,091,2930,56,54,12,66,0
2021-05-21,Siskiyou,093,43540,1917,1815,357,2172,16
2021-05-21,Solano,095,438530,32763,32742,553,33295,254
2021-05-21,Sonoma,097,501317,30000,30126,334,30460,321
2021-05-21,Stanislaus,099,539301,56244,56036,5943,61979,975
2021-05-21,Sutter,101,95872,9485,9470,87,9557,113
2021-05-21,Tehama,103,63373,5077,5030,580,5610,63
2021-05-21,Trinity,105,12862,483,329,93,422,3
2021-05-21,Tulare,107,460477,50207,49271,9048,58319,838
2021-05-21,Tuolumne,109,53932,4010,4079,39,4118,65
2021-05-21,Ventura,111,848112,81340,80821,2990,83811,1021
2021-05-21,Yolo,113,214977,13963,13983,317,14300,213
2021-05-21,Yuba,115,75493,6040,6006,124,6130,49
2021-05-20,Alameda,001,1643700,88034,87975,1961,89936,1264
2021-05-20,Alpine,003,1148,87,88,0,88,0
2021-05-20,Amador,005,37829,3671,3671,33,3704,46
2021-05-20,Butte,007,227075,12499,12220,1814,14034,188
2021-05-20,Calaveras,009,45235,2148,2138,14,2152,54
2021-05-20,Colusa,011,21464,1942,1946,308,2254,15
2021-05-20,Contra Costa,013,1133247,69467,68913,1272,70185,809
2021-05-20,Del Norte,015,27424,1410,1373,12,1385,8
2021-05-20,El Dorado,017,186661,10270,10188,726,10914,112
2021-05-20,Fresno,019,978130,102652,102135,8739,110874,1696
2021-05-20,Glenn,021,27897,2431,2406,562,2968,17
2021-05-20,Humboldt,023,135768,4211,4162,34,4196,42
2021-05-20,Imperial,025,180216,28588,28551,2778,31329,732
2021-05-20,Inyo,027,18085,1403,1402,12,1414,36
2021-05-20,Kern,029,883053,97227,96204,10906,107110,1317
2021-05-20,Kings,031,150075,23156,22922,1092,24014,246
2021-05-20,Lake,033,64148,3515,3500,9,3509,43
2021-05-20,Lassen,035,31185,5202,5160,112,5272,6
2021-05-20,Los Angeles,037,10098052,1204583,1197073,41776,1238849,24168
2021-05-20,Madera,039,155013,16605,16499,936,17435,238
2021-05-20,Marin,041,260295,14084,14036,255,14291,227
2021-05-20,Mariposa,043,17540,429,426,11,437,5
2021-05-20,Mendocino,045,87422,3973,3897,81,3978,47
2021-05-20,Merced,047,269075,30971,31046,1054,32100,454
2021-05-20,Modoc,049,8938,376,365,130,495,3
2021-05-20,Mono,051,14174,1258,1269,17,1286,3
2021-05-20,Monterey,053,433212,43179,42984,1880,44864,379
2021-05-20,Napa,055,140530,9896,9913,36,9949,82
2021-05-20,Nevada,057,99092,4806,4775,189,4964,70
2021-05-20,Orange,059,3164182,255264,254127,11358,265485,5038
2021-05-20,Placer,061,380077,23225,22823,1504,24327,292
2021-05-20,Plumas,063,18699,700,682,10,692,4
2021-05-20,Riverside,065,2383286,294021,288453,14032,302485,4442
2021-05-20,Sacramento,067,1510023,105739,105414,1756,107170,1629
2021-05-20,San Benito,069,59416,6062,6067,115,6182,63
2021-05-20,San Bernardino,071,2135413,293152,292153,8993,301146,4728
2021-05-20,San Diego,073,3302833,280300,279490,14906,294396,3749
2021-05-20,San Francisco,075,870044,36685,36860,1289,38149,546
2021-05-20,San Joaquin,077,732212,73009,72388,3565,75953,1371
2021-05-20,San Luis Obispo,079,281455,21349,21095,738,21833,256
2021-05-20,San Mateo,081,765935,42327,42152,471,42623,432
2021-05-20,Santa Barbara,083,443738,34356,34293,1196,35489,459
2021-05-20,Santa Clara,085,1922200,118511,119222,761,119983,2029
2021-05-20,Santa Cruz,087,273765,16211,16119,815,16934,207
2021-05-20,Shasta,089,179085,12243,12266,1561,13827,200
2021-05-20,Sierra,091,2930,56,54,12,66,0
2021-05-20,Siskiyou,093,43540,1910,1811,356,2167,16
2021-05-20,Solano,095,438530,32748,32725,553,33278,253
2021-05-20,Sonoma,097,501317,29983,30107,333,30440,321
2021-05-20,Stanislaus,099,539301,56220,55979,5941,61920,970
2021-05-20,Sutter,101,95872,9481,9467,87,9554,113
2021-05-20,Tehama,103,63373,5075,5029,580,5609,63
2021-05-20,Trinity,105,12862,483,329,92,421,3
2021-05-20,Tulare,107,460477,50196,49217,9045,58262,837
2021-05-20,Tuolumne,109,53932,4009,4077,39,4116,65
2021-05-20,Ventura,111,848112,81329,80800,2990,83790,1019
2021-05-20,Yolo,113,214977,13958,13973,317,14290,211
2021-05-20,Yuba,115,75493,6031,6002,124,6126,49
2021-05-19,Alameda,001,1643700,87994,87889,1959,89848,1260
2021-05-19,Alpine,003,1148,87,88,0,88,0
2021-05-19,Amador,005,37829,3671,3669,33,3702,46
2021-05-19,Butte,007,227075,12489,12198,1814,14012,188
2021-05-19,Calaveras,009,45235,2144,2132,14,2146,54
2021-05-19,Colusa,011,21464,1942,1945,306,2251,15
2021-05-19,Contra Costa,013,1133247,69420,68836,1272,70108,808
2021-05-19,Del Norte,015,27424,1408,1371,12,1383,8
2021-05-19,El Dorado,017,186661,10265,10179,725,10904,112
2021-05-19,Fresno,019,978130,102622,102085,8736,110821,1693
2021-05-19,Glenn,021,27897,2431,2404,562,2966,17
2021-05-19,Humboldt,023,135768,4201,4143,34,4177,42
2021-05-19,Imperial,025,180216,28579,28550,2778,31328,732
2021-05-19,Inyo,027,18085,1403,1402,12,1414,36
2021-05-19,Kern,029,883053,97198,96173,10898,107071,1316
2021-05-19,Kings,031,150075,23150,22919,1092,24011,246
2021-05-19,Lake,033,64148,3515,3497,9,3506,43
2021-05-19,Lassen,035,31185,5201,5157,112,5269,6
2021-05-19,Los Angeles,037,10098052,1204390,1196856,41761,1238617,24143
2021-05-19,Madera,039,155013,16602,16496,936,17432,238
2021-05-19,Marin,041,260295,14080,14033,253,14286,227
2021-05-19,Mariposa,043,17540,429,425,11,436,5
2021-05-19,Mendocino,045,87422,3969,3886,81,3967,47
2021-05-19,Merced,047,269075,30955,31044,1054,32098,452
2021-05-19,Modoc,049,8938,376,364,127,491,3
2021-05-19,Mono,051,14174,1258,1266,17,1283,3
2021-05-19,Monterey,053,433212,43174,42973,1879,44852,379
2021-05-19,Napa,055,140530,9893,9906,36,9942,82
2021-05-19,Nevada,057,99092,4804,4769,189,4958,70
2021-05-19,Orange,059,3164182,255227,254087,11348,265435,5035
2021-05-19,Placer,061,380077,23206,22784,1499,24283,291
2021-05-19,Plumas,063,18699,700,682,10,692,4
2021-05-19,Riverside,065,2383286,293974,288398,14030,302428,4442
2021-05-19,Sacramento,067,1510023,105661,105225,1755,106980,1629
2021-05-19,San Benito,069,59416,6061,6064,115,6179,63
2021-05-19,San Bernardino,071,2135413,293108,292078,8990,301068,4725
2021-05-19,San Diego,073,3302833,280215,279345,14885,294230,3746
2021-05-19,San Francisco,075,870044,36672,36835,1288,38123,546
2021-05-19,San Joaquin,077,732212,72966,72338,3560,75898,1369
2021-05-19,San Luis Obispo,079,281455,21341,21085,737,21822,256
2021-05-19,San Mateo,081,765935,42320,42126,471,42597,429
2021-05-19,Santa Barbara,083,443738,34348,34292,1196,35488,459
2021-05-19,Santa Clara,085,1922200,118471,119176,760,119936,2015
2021-05-19,Santa Cruz,087,273765,16207,16121,814,16935,207
2021-05-19,Shasta,089,179085,12225,12233,1558,13791,200
2021-05-19,Sierra,091,2930,56,54,12,66,0
2021-05-19,Siskiyou,093,43540,1907,1803,355,2158,16
2021-05-19,Solano,095,438530,32721,32678,551,33229,253
2021-05-19,Sonoma,097,501317,29968,30080,333,30413,321
2021-05-19,Stanislaus,099,539301,56202,55912,5936,61848,967
2021-05-19,Sutter,101,95872,9474,9459,86,9545,113
2021-05-19,Tehama,103,63373,5066,5026,574,5600,63
2021-05-19,Trinity,105,12862,483,329,92,421,3
2021-05-19,Tulare,107,460477,50183,49163,9040,58203,837
2021-05-19,Tuolumne,109,53932,4009,4074,39,4113,64
2021-05-19,Ventura,111,848112,81313,80747,2989,83736,1019
2021-05-19,Yolo,113,214977,13952,13961,316,14277,211
2021-05-19,Yuba,115,75493,6027,5993,124,6117,49
2021-05-18,Alameda,001,1643700,87920,87816,1959,89775,1254
2021-05-18,Alpine,003,1148,87,88,0,88,0
2021-05-18,Amador,005,37829,3671,3669,33,3702,46
2021-05-18,Butte,007,227075,12476,12164,1812,13976,191
2021-05-18,Calaveras,009,45235,2140,2131,14,2145,54
2021-05-18,Colusa,011,21464,1942,1943,306,2249,14
2021-05-18,Contra Costa,013,1133247,69363,68750,1271,70021,808
2021-05-18,Del Norte,015,27424,1405,1371,12,1383,8
2021-05-18,El Dorado,017,186661,10254,10169,724,10893,112
2021-05-18,Fresno,019,978130,102586,102056,8733,110789,1690
2021-05-18,Glenn,021,27897,2425,2403,561,2964,17
2021-05-18,Humboldt,023,135768,4183,4132,34,4166,42
2021-05-18,Imperial,025,180216,28573,28538,2776,31314,730
2021-05-18,Inyo,027,18085,1403,1401,12,1413,36
2021-05-18,Kern,029,883053,97164,96128,10884,107012,1315
2021-05-18,Kings,031,150075,23144,22916,1092,24008,247
2021-05-18,Lake,033,64148,3513,3495,9,3504,43
2021-05-18,Lassen,035,31185,5200,5157,111,5268,6
2021-05-18,Los Angeles,037,10098052,1204211,1196668,41750,1238418,24133
2021-05-18,Madera,039,155013,16592,16491,935,17426,238
2021-05-18,Marin,041,260295,14077,14026,253,14279,227
2021-05-18,Mariposa,043,17540,429,424,11,435,5
2021-05-18,Mendocino,045,87422,3958,3877,80,3957,47
2021-05-18,Merced,047,269075,30936,31036,1054,32090,452
2021-05-18,Modoc,049,8938,375,364,126,490,3
2021-05-18,Mono,051,14174,1257,1265,17,1282,3
2021-05-18,Monterey,053,433212,43168,43001,1879,44880,379
2021-05-18,Napa,055,140530,9893,9905,36,9941,82
2021-05-18,Nevada,057,99092,4797,4762,189,4951,70
2021-05-18,Orange,059,3164182,255186,254041,11338,265379,5031
2021-05-18,Placer,061,380077,23173,22726,1495,24221,291
2021-05-18,Plumas,063,18699,700,682,10,692,4
2021-05-18,Riverside,065,2383286,293919,288354,14023,302377,4438
2021-05-18,Sacramento,067,1510023,105559,105083,1753,106836,1629
2021-05-18,San Benito,069,59416,6060,6065,115,6180,63
2021-05-18,San Bernardino,071,2135413,293050,292014,8985,300999,4722
2021-05-18,San Diego,073,3302833,280107,279254,14876,294130,3742
2021-05-18,San Francisco,075,870044,36652,36818,1288,38106,546
2021-05-18,San Joaquin,077,732212,72919,72282,3556,75838,1368
2021-05-18,San Luis Obispo,079,281455,21331,21080,735,21815,256
2021-05-18,San Mateo,081,765935,42308,42099,470,42569,428
2021-05-18,Santa Barbara,083,443738,34339,34278,1196,35474,459
2021-05-18,Santa Clara,085,1922200,118444,119171,760,119931,2014
2021-05-18,Santa Cruz,087,273765,16199,16137,814,16951,207
2021-05-18,Shasta,089,179085,12207,12197,1552,13749,200
2021-05-18,Sierra,091,2930,56,54,12,66,0
2021-05-18,Siskiyou,093,43540,1906,1799,355,2154,16
2021-05-18,Solano,095,438530,32696,32644,551,33195,253
2021-05-18,Sonoma,097,501317,29948,30054,332,30386,321
2021-05-18,Stanislaus,099,539301,56166,55860,5936,61796,959
2021-05-18,Sutter,101,95872,9466,9453,86,9539,113
2021-05-18,Tehama,103,63373,5059,5020,571,5591,63
2021-05-18,Trinity,105,12862,483,329,91,420,3
2021-05-18,Tulare,107,460477,50175,49142,9035,58177,836
2021-05-18,Tuolumne,109,53932,4007,4073,39,4112,64
2021-05-18,Ventura,111,848112,81297,80726,2986,83712,1017
2021-05-18,Yolo,113,214977,13945,13951,315,14266,211
2021-05-18,Yuba,115,75493,6023,5989,123,6112,49
2021-05-17,Alameda,001,1643700,87867,87766,1956,89722,1253
2021-05-17,Alpine,003,1148,87,88,0,88,0
2021-05-17,Amador,005,37829,3668,3668,33,3701,46
2021-05-17,Butte,007,227075,12468,12144,1812,13956,192
2021-05-17,Calaveras,009,45235,2140,2131,14,2145,53
2021-05-17,Colusa,011,21464,1942,1943,306,2249,14
2021-05-17,Contra Costa,013,1133247,69308,68720,1270,69990,805
2021-05-17,Del Norte,015,27424,1400,1369,12,1381,8
2021-05-17,El Dorado,017,186661,10237,10163,724,10887,112
2021-05-17,Fresno,019,978130,102542,102013,8725,110738,1690
2021-05-17,Glenn,021,27897,2425,2401,561,2962,17
2021-05-17,Humboldt,023,135768,4172,4112,34,4146,42
2021-05-17,Imperial,025,180216,28567,28533,2774,31307,729
2021-05-17,Inyo,027,18085,1403,1401,12,1413,36
2021-05-17,Kern,029,883053,97135,96095,10867,106962,1315
2021-05-17,Kings,031,150075,23141,22918,1092,24010,246
2021-05-17,Lake,033,64148,3508,3489,9,3498,43
2021-05-17,Lassen,035,31185,5197,5156,110,5266,6
2021-05-17,Los Angeles,037,10098052,1204036,1196556,41744,1238300,24123
2021-05-17,Madera,039,155013,16585,16486,935,17421,238
2021-05-17,Marin,041,260295,14071,14021,253,14274,227
2021-05-17,Mariposa,043,17540,428,423,11,434,5
2021-05-17,Mendocino,045,87422,3949,3868,80,3948,46
2021-05-17,Merced,047,269075,30921,31031,1054,32085,450
2021-05-17,Modoc,049,8938,374,362,126,488,3
2021-05-17,Mono,051,14174,1253,1265,17,1282,3
2021-05-17,Monterey,053,433212,43161,42995,1879,44874,379
2021-05-17,Napa,055,140530,9892,9894,36,9930,82
2021-05-17,Nevada,057,99092,4793,4761,188,4949,70
2021-05-17,Orange,059,3164182,255139,253993,11331,265324,5031
2021-05-17,Placer,061,380077,23147,22706,1488,24194,289
2021-05-17,Plumas,063,18699,700,682,10,692,4
2021-05-17,Riverside,065,2383286,293850,288304,14019,302323,4433
2021-05-17,Sacramento,067,1510023,105451,105035,1751,106786,1629
2021-05-17,San Benito,069,59416,6057,6067,115,6182,63
2021-05-17,San Bernardino,071,2135413,293001,291989,8977,300966,4724
2021-05-17,San Diego,073,3302833,279975,279146,14854,294000,3742
2021-05-17,San Francisco,075,870044,36640,36816,1286,38102,546
2021-05-17,San Joaquin,077,732212,72881,72234,3553,75787,1359
2021-05-17,San Luis Obispo,079,281455,21322,21079,733,21812,256
2021-05-17,San Mateo,081,765935,42280,42083,470,42553,428
2021-05-17,Santa Barbara,083,443738,34332,34275,1196,35471,459
2021-05-17,Santa Clara,085,1922200,118407,119116,758,119874,2015
2021-05-17,Santa Cruz,087,273765,16196,16151,814,16965,206
2021-05-17,Shasta,089,179085,12185,12163,1551,13714,200
2021-05-17,Sierra,091,2930,56,54,12,66,0
2021-05-17,Siskiyou,093,43540,1897,1795,352,2147,15
2021-05-17,Solano,095,438530,32678,32627,550,33177,253
2021-05-17,Sonoma,097,501317,29925,30043,331,30374,321
2021-05-17,Stanislaus,099,539301,56121,55839,5929,61768,951
2021-05-17,Sutter,101,95872,9459,9447,86,9533,113
2021-05-17,Tehama,103,63373,5055,5016,569,5585,63
2021-05-17,Trinity,105,12862,483,328,91,419,3
2021-05-17,Tulare,107,460477,50153,49107,9029,58136,836
2021-05-17,Tuolumne,109,53932,4007,4071,39,4110,64
2021-05-17,Ventura,111,848112,81277,80699,2986,83685,1017
2021-05-17,Yolo,113,214977,13938,13941,315,14256,211
2021-05-17,Yuba,115,75493,6015,5987,123,6110,49
2021-05-16,Alameda,001,1643700,87803,87743,1956,89699,1253
2021-05-16,Alpine,003,1148,87,88,0,88,0
2021-05-16,Amador,005,37829,3667,3667,33,3700,46
2021-05-16,Butte,007,227075,12454,12140,1812,13952,192
2021-05-16,Calaveras,009,45235,2138,2129,14,2143,53
2021-05-16,Colusa,011,21464,1940,1943,306,2249,14
2021-05-16,Contra Costa,013,1133247,69239,68694,1267,69961,805
2021-05-16,Del Norte,015,27424,1397,1365,12,1377,8
2021-05-16,El Dorado,017,186661,10221,10159,723,10882,112
2021-05-16,Fresno,019,978130,102498,101987,8719,110706,1690
2021-05-16,Glenn,021,27897,2425,2401,560,2961,17
2021-05-16,Humboldt,023,135768,4157,4104,34,4138,42
2021-05-16,Imperial,025,180216,28556,28516,2773,31289,729
2021-05-16,Inyo,027,18085,1403,1401,12,1413,36
2021-05-16,Kern,029,883053,97102,96083,10847,106930,1315
2021-05-16,Kings,031,150075,23137,22918,1089,24007,246
2021-05-16,Lake,033,64148,3505,3489,9,3498,43
2021-05-16,Lassen,035,31185,5196,5156,110,5266,6
2021-05-16,Los Angeles,037,10098052,1203813,1196397,41728,1238125,24120
2021-05-16,Madera,039,155013,16580,16483,932,17415,238
2021-05-16,Marin,041,260295,14068,14015,253,14268,227
2021-05-16,Mariposa,043,17540,428,423,11,434,5
2021-05-16,Mendocino,045,87422,3939,3863,80,3943,46
2021-05-16,Merced,047,269075,30900,31023,1052,32075,450
2021-05-16,Modoc,049,8938,374,362,126,488,3
2021-05-16,Mono,051,14174,1253,1265,17,1282,3
2021-05-16,Monterey,053,433212,43156,42991,1879,44870,379
2021-05-16,Napa,055,140530,9889,9891,36,9927,82
2021-05-16,Nevada,057,99092,4789,4755,188,4943,70
2021-05-16,Orange,059,3164182,255107,253962,11328,265290,5031
2021-05-16,Placer,061,380077,23115,22696,1482,24178,289
2021-05-16,Plumas,063,18699,699,682,10,692,4
2021-05-16,Riverside,065,2383286,293774,288259,14011,302270,4433
2021-05-16,Sacramento,067,1510023,105337,105013,1749,106762,1628
2021-05-16,San Benito,069,59416,6056,6067,114,6181,63
2021-05-16,San Bernardino,071,2135413,292929,291940,8975,300915,4724
2021-05-16,San Diego,073,3302833,279857,279099,14841,293940,3742
2021-05-16,San Francisco,075,870044,36618,36808,1285,38093,546
2021-05-16,San Joaquin,077,732212,72832,72218,3548,75766,1359
2021-05-16,San Luis Obispo,079,281455,21314,21072,731,21803,256
2021-05-16,San Mateo,081,765935,42269,42063,469,42532,428
2021-05-16,Santa Barbara,083,443738,34325,34270,1196,35466,459
2021-05-16,Santa Clara,085,1922200,118378,119098,757,119855,2015
2021-05-16,Santa Cruz,087,273765,16194,16143,814,16957,206
2021-05-16,Shasta,089,179085,12169,12156,1547,13703,200
2021-05-16,Sierra,091,2930,56,54,12,66,0
2021-05-16,Siskiyou,093,43540,1893,1790,351,2141,15
2021-05-16,Solano,095,438530,32645,32619,548,33167,253
2021-05-16,Sonoma,097,501317,29906,30033,331,30364,321
2021-05-16,Stanislaus,099,539301,56072,55814,5917,61731,951
2021-05-16,Sutter,101,95872,9452,9445,86,9531,113
2021-05-16,Tehama,103,63373,5051,5013,568,5581,63
2021-05-16,Trinity,105,12862,483,328,91,419,3
2021-05-16,Tulare,107,460477,50136,49091,9026,58117,837
2021-05-16,Tuolumne,109,53932,4003,4070,39,4109,64
2021-05-16,Ventura,111,848112,81246,80689,2986,83675,1017
2021-05-16,Yolo,113,214977,13923,13938,315,14253,211
2021-05-16,Yuba,115,75493,6012,5987,123,6110,49
2021-05-15,Alameda,001,1643700,87777,87677,1955,89632,1252
2021-05-15,Alpine,003,1148,87,88,0,88,0
2021-05-15,Amador,005,37829,3667,3666,33,3699,46
2021-05-15,Butte,007,227075,12447,12095,1811,13906,192
2021-05-15,Calaveras,009,45235,2137,2126,14,2140,53
2021-05-15,Colusa,011,21464,1940,1941,304,2245,14
2021-05-15,Contra Costa,013,1133247,69193,68658,1267,69925,805
2021-05-15,Del Norte,015,27424,1392,1359,12,1371,8
2021-05-15,El Dorado,017,186661,10209,10156,722,10878,112
2021-05-15,Fresno,019,978130,102461,101957,8716,110673,1690
2021-05-15,Glenn,021,27897,2425,2400,560,2960,17
2021-05-15,Humboldt,023,135768,4147,4080,34,4114,42
2021-05-15,Imperial,025,180216,28553,28504,2772,31276,729
2021-05-15,Inyo,027,18085,1403,1402,12,1414,36
2021-05-15,Kern,029,883053,97088,96061,10832,106893,1315
2021-05-15,Kings,031,150075,23136,22913,1089,24002,246
2021-05-15,Lake,033,64148,3504,3485,9,3494,43
2021-05-15,Lassen,035,31185,5193,5156,109,5265,6
2021-05-15,Los Angeles,037,10098052,1203689,1196255,41715,1237970,24115
2021-05-15,Madera,039,155013,16577,16482,932,17414,238
2021-05-15,Marin,041,260295,14064,14012,253,14265,227
2021-05-15,Mariposa,043,17540,428,423,11,434,5
2021-05-15,Mendocino,045,87422,3936,3861,80,3941,46
2021-05-15,Merced,047,269075,30879,31012,1052,32064,450
2021-05-15,Modoc,049,8938,374,362,126,488,3
2021-05-15,Mono,051,14174,1253,1265,17,1282,3
2021-05-15,Monterey,053,433212,43152,42982,1879,44861,379
2021-05-15,Napa,055,140530,9886,9887,36,9923,82
2021-05-15,Nevada,057,99092,4788,4755,188,4943,70
2021-05-15,Orange,059,3164182,255080,253919,11321,265240,5030
2021-05-15,Placer,061,380077,23094,22688,1482,24170,289
2021-05-15,Plumas,063,18699,699,681,10,691,4
2021-05-15,Riverside,065,2383286,293732,288203,14006,302209,4433
2021-05-15,Sacramento,067,1510023,105265,104929,1746,106675,1628
2021-05-15,San Benito,069,59416,6056,6066,114,6180,63
2021-05-15,San Bernardino,071,2135413,292887,291892,8973,300865,4724
2021-05-15,San Diego,073,3302833,279786,278991,14826,293817,3737
2021-05-15,San Francisco,075,870044,36602,36795,1283,38078,546
2021-05-15,San Joaquin,077,732212,72806,72197,3546,75743,1359
2021-05-15,San Luis Obispo,079,281455,21311,21061,730,21791,256
2021-05-15,San Mateo,081,765935,42253,42059,469,42528,428
2021-05-15,Santa Barbara,083,443738,34317,34259,1196,35455,459
2021-05-15,Santa Clara,085,1922200,118357,119060,757,119817,2016
2021-05-15,Santa Cruz,087,273765,16190,16137,814,16951,206
2021-05-15,Shasta,089,179085,12157,12152,1544,13696,200
2021-05-15,Sierra,091,2930,56,54,12,66,0
2021-05-15,Siskiyou,093,43540,1887,1788,349,2137,15
2021-05-15,Solano,095,438530,32636,32604,547,33151,253
2021-05-15,Sonoma,097,501317,29887,30020,331,30351,321
2021-05-15,Stanislaus,099,539301,56043,55795,5910,61705,952
2021-05-15,Sutter,101,95872,9450,9436,86,9522,113
2021-05-15,Tehama,103,63373,5047,5012,567,5579,63
2021-05-15,Trinity,105,12862,483,328,91,419,3
2021-05-15,Tulare,107,460477,50126,49080,9022,58102,837
2021-05-15,Tuolumne,109,53932,4001,4064,39,4103,63
2021-05-15,Ventura,111,848112,81235,80662,2986,83648,1017
2021-05-15,Yolo,113,214977,13916,13932,314,14246,211
2021-05-15,Yuba,115,75493,6009,5979,122,6101,49
2021-05-14,Alameda,001,1643700,87743,87621,1952,89573,1249
2021-05-14,Alpine,003,1148,87,88,0,88,0
2021-05-14,Amador,005,37829,3667,3665,33,3698,46
2021-05-14,Butte,007,227075,12438,12076,1808,13884,192
2021-05-14,Calaveras,009,45235,2133,2121,14,2135,53
2021-05-14,Colusa,011,21464,1939,1940,303,2243,14
2021-05-14,Contra Costa,013,1133247,69151,68589,1265,69854,806
2021-05-14,Del Norte,015,27424,1392,1355,12,1367,8
2021-05-14,El Dorado,017,186661,10202,10143,721,10864,113
2021-05-14,Fresno,019,978130,102432,101917,8710,110627,1688
2021-05-14,Glenn,021,27897,2424,2398,560,2958,17
2021-05-14,Humboldt,023,135768,4139,4050,34,4084,37
2021-05-14,Imperial,025,180216,28546,28485,2771,31256,728
2021-05-14,Inyo,027,18085,1403,1400,12,1412,36
2021-05-14,Kern,029,883053,97058,96033,10823,106856,1311
2021-05-14,Kings,031,150075,23135,22910,1089,23999,246
2021-05-14,Lake,033,64148,3500,3483,9,3492,43
2021-05-14,Lassen,035,31185,5193,5154,109,5263,6
2021-05-14,Los Angeles,037,10098052,1203555,1196038,41710,1237748,24101
2021-05-14,Madera,039,155013,16574,16474,932,17406,238
2021-05-14,Marin,041,260295,14060,14010,253,14263,227
2021-05-14,Mariposa,043,17540,428,422,11,433,5
2021-05-14,Mendocino,045,87422,3934,3855,80,3935,46
2021-05-14,Merced,047,269075,30869,31010,1052,32062,450
2021-05-14,Modoc,049,8938,374,362,126,488,3
2021-05-14,Mono,051,14174,1252,1265,17,1282,3
2021-05-14,Monterey,053,433212,43147,42973,1879,44852,380
2021-05-14,Napa,055,140530,9883,9883,36,9919,82
2021-05-14,Nevada,057,99092,4783,4745,188,4933,70
2021-05-14,Orange,059,3164182,255046,253855,11314,265169,5028
2021-05-14,Placer,061,380077,23075,22660,1476,24136,287
2021-05-14,Plumas,063,18699,698,680,10,690,4
2021-05-14,Riverside,065,2383286,293682,288140,14003,302143,4433
2021-05-14,Sacramento,067,1510023,105176,104828,1745,106573,1627
2021-05-14,San Benito,069,59416,6056,6064,114,6178,63
2021-05-14,San Bernardino,071,2135413,292839,291834,8973,300807,4721
2021-05-14,San Diego,073,3302833,279713,278853,14815,293668,3732
2021-05-14,San Francisco,075,870044,36593,36771,1279,38050,545
2021-05-14,San Joaquin,077,732212,72774,72160,3539,75699,1359
2021-05-14,San Luis Obispo,079,281455,21307,21051,730,21781,256
2021-05-14,San Mateo,081,765935,42242,42041,469,42510,428
2021-05-14,Santa Barbara,083,443738,34307,34243,1196,35439,456
2021-05-14,Santa Clara,085,1922200,118328,119006,757,119763,2014
2021-05-14,Santa Cruz,087,273765,16185,16130,814,16944,207
2021-05-14,Shasta,089,179085,12151,12130,1539,13669,200
2021-05-14,Sierra,091,2930,56,54,12,66,0
2021-05-14,Siskiyou,093,43540,1880,1779,348,2127,14
2021-05-14,Solano,095,438530,32616,32585,546,33131,252
2021-05-14,Sonoma,097,501317,29869,30007,331,30338,321
2021-05-14,Stanislaus,099,539301,56010,55752,5904,61656,950
2021-05-14,Sutter,101,95872,9441,9433,84,9517,113
2021-05-14,Tehama,103,63373,5040,5005,567,5572,63
2021-05-14,Trinity,105,12862,483,328,91,419,3
2021-05-14,Tulare,107,460477,50109,49060,9017,58077,836
2021-05-14,Tuolumne,109,53932,4001,4060,39,4099,63
2021-05-14,Ventura,111,848112,81221,80628,2986,83614,1014
2021-05-14,Yolo,113,214977,13911,13922,310,14232,210
2021-05-14,Yuba,115,75493,6005,5970,122,6092,47
2021-05-13,Alameda,001,1643700,87699,87557,1951,89508,1250
2021-05-13,Alpine,003,1148,87,88,0,88,0
2021-05-13,Amador,005,37829,3667,3662,33,3695,46
2021-05-13,Butte,007,227075,12424,12051,1807,13858,196
2021-05-13,Calaveras,009,45235,2133,2120,14,2134,53
2021-05-13,Colusa,011,21464,1938,1939,299,2238,14
2021-05-13,Contra Costa,013,1133247,69103,68522,1264,69786,806
2021-05-13,Del Norte,015,27424,1390,1354,12,1366,8
2021-05-13,El Dorado,017,186661,10199,10133,721,10854,112
2021-05-13,Fresno,019,978130,102403,101862,8709,110571,1687
2021-05-13,Glenn,021,27897,2423,2395,560,2955,17
2021-05-13,Humboldt,023,135768,4121,4027,34,4061,37
2021-05-13,Imperial,025,180216,28531,28468,2769,31237,729
2021-05-13,Inyo,027,18085,1403,1400,12,1412,36
2021-05-13,Kern,029,883053,97034,95996,10805,106801,1311
2021-05-13,Kings,031,150075,23134,22904,1089,23993,246
2021-05-13,Lake,033,64148,3498,3479,9,3488,43
2021-05-13,Lassen,035,31185,5193,5152,108,5260,6
2021-05-13,Los Angeles,037,10098052,1203367,1195504,41695,1237199,24083
2021-05-13,Madera,039,155013,16566,16467,932,17399,238
2021-05-13,Marin,041,260295,14055,14004,251,14255,227
2021-05-13,Mariposa,043,17540,428,422,11,433,5
2021-05-13,Mendocino,045,87422,3930,3846,80,3926,46
2021-05-13,Merced,047,269075,30862,30989,1051,32040,450
2021-05-13,Modoc,049,8938,374,362,126,488,3
2021-05-13,Mono,051,14174,1252,1265,17,1282,3
2021-05-13,Monterey,053,433212,43132,42966,1879,44845,380
2021-05-13,Napa,055,140530,9876,9877,36,9913,82
2021-05-13,Nevada,057,99092,4779,4743,187,4930,70
2021-05-13,Orange,059,3164182,255001,253778,11312,265090,5026
2021-05-13,Placer,061,380077,23051,22668,1469,24137,288
2021-05-13,Plumas,063,18699,698,680,10,690,4
2021-05-13,Riverside,065,2383286,293616,288067,13998,302065,4433
2021-05-13,Sacramento,067,1510023,105090,104711,1743,106454,1626
2021-05-13,San Benito,069,59416,6054,6062,114,6176,63
2021-05-13,San Bernardino,071,2135413,292773,291765,8973,300738,4722
2021-05-13,San Diego,073,3302833,279599,278592,14798,293390,3729
2021-05-13,San Francisco,075,870044,36569,36741,1277,38018,544
2021-05-13,San Joaquin,077,732212,72732,72096,3535,75631,1357
2021-05-13,San Luis Obispo,079,281455,21292,21043,729,21772,255
2021-05-13,San Mateo,081,765935,42225,42059,469,42528,426
2021-05-13,Santa Barbara,083,443738,34295,34242,1196,35438,456
2021-05-13,Santa Clara,085,1922200,118301,118952,757,119709,2013
2021-05-13,Santa Cruz,087,273765,16179,16129,814,16943,208
2021-05-13,Shasta,089,179085,12131,12111,1535,13646,200
2021-05-13,Sierra,091,2930,56,54,12,66,0
2021-05-13,Siskiyou,093,43540,1873,1769,345,2114,14
2021-05-13,Solano,095,438530,32603,32548,544,33092,252
2021-05-13,Sonoma,097,501317,29844,29991,331,30322,321
2021-05-13,Stanislaus,099,539301,55973,55678,5898,61576,949
2021-05-13,Sutter,101,95872,9436,9431,83,9514,112
2021-05-13,Tehama,103,63373,5035,4997,567,5564,63
2021-05-13,Trinity,105,12862,482,327,90,417,3
2021-05-13,Tulare,107,460477,50083,49032,9009,58041,837
2021-05-13,Tuolumne,109,53932,4000,4059,39,4098,63
2021-05-13,Ventura,111,848112,81191,80615,2985,83600,1012
2021-05-13,Yolo,113,214977,13902,13914,308,14222,210
2021-05-13,Yuba,115,75493,5996,5962,122,6084,47
2021-05-12,Alameda,001,1643700,87666,87482,1949,89431,1261
2021-05-12,Alpine,003,1148,87,88,0,88,0
2021-05-12,Amador,005,37829,3667,3658,33,3691,46
2021-05-12,Butte,007,227075,12414,12026,1807,13833,199
2021-05-12,Calaveras,009,45235,2130,2119,14,2133,53
2021-05-12,Colusa,011,21464,1936,1939,298,2237,14
2021-05-12,Contra Costa,013,1133247,69044,68462,1258,69720,805
2021-05-12,Del Norte,015,27424,1388,1352,12,1364,8
2021-05-12,El Dorado,017,186661,10190,10123,721,10844,112
2021-05-12,Fresno,019,978130,102354,101838,8698,110536,1688
2021-05-12,Glenn,021,27897,2420,2391,560,2951,17
2021-05-12,Humboldt,023,135768,4093,3982,34,4016,37
2021-05-12,Imperial,025,180216,28513,28443,2766,31209,726
2021-05-12,Inyo,027,18085,1403,1400,12,1412,36
2021-05-12,Kern,029,883053,96998,95955,10798,106753,1310
2021-05-12,Kings,031,150075,23132,22896,1089,23985,246
2021-05-12,Lake,033,64148,3496,3476,9,3485,43
2021-05-12,Lassen,035,31185,5191,5151,108,5259,6
2021-05-12,Los Angeles,037,10098052,1203185,1195318,41678,1236996,24067
2021-05-12,Madera,039,155013,16559,16462,931,17393,238
2021-05-12,Marin,041,260295,14050,13997,251,14248,227
2021-05-12,Mariposa,043,17540,428,422,11,433,5
2021-05-12,Mendocino,045,87422,3920,3836,80,3916,46
2021-05-12,Merced,047,269075,30846,30941,1051,31992,450
2021-05-12,Modoc,049,8938,373,362,126,488,3
2021-05-12,Mono,051,14174,1252,1265,17,1282,3
2021-05-12,Monterey,053,433212,43120,42950,1878,44828,380
2021-05-12,Napa,055,140530,9870,9870,36,9906,82
2021-05-12,Nevada,057,99092,4775,4738,187,4925,70
2021-05-12,Orange,059,3164182,254950,253587,11309,264896,5024
2021-05-12,Placer,061,380077,23033,22652,1462,24114,288
2021-05-12,Plumas,063,18699,698,681,10,691,4
2021-05-12,Riverside,065,2383286,293546,287830,13994,301824,4431
2021-05-12,Sacramento,067,1510023,104994,104592,1741,106333,1621
2021-05-12,San Benito,069,59416,6054,6062,114,6176,63
2021-05-12,San Bernardino,071,2135413,292725,291505,8968,300473,4715
2021-05-12,San Diego,073,3302833,279494,278402,14777,293179,3729
2021-05-12,San Francisco,075,870044,36550,36720,1276,37996,544
2021-05-12,San Joaquin,077,732212,72678,72043,3531,75574,1356
2021-05-12,San Luis Obispo,079,281455,21282,21021,729,21750,255
2021-05-12,San Mateo,081,765935,42216,42038,467,42505,426
2021-05-12,Santa Barbara,083,443738,34287,34218,1196,35414,456
2021-05-12,Santa Clara,085,1922200,118257,118897,757,119654,2005
2021-05-12,Santa Cruz,087,273765,16173,16123,814,16937,207
2021-05-12,Shasta,089,179085,12111,12092,1533,13625,200
2021-05-12,Sierra,091,2930,56,54,12,66,0
2021-05-12,Siskiyou,093,43540,1869,1760,344,2104,13
2021-05-12,Solano,095,438530,32579,32519,544,33063,252
2021-05-12,Sonoma,097,501317,29832,29976,331,30307,320
2021-05-12,Stanislaus,099,539301,55933,55632,5891,61523,919
2021-05-12,Sutter,101,95872,9433,9427,83,9510,112
2021-05-12,Tehama,103,63373,5030,4989,567,5556,62
2021-05-12,Trinity,105,12862,482,327,90,417,3
2021-05-12,Tulare,107,460477,50067,49001,9001,58002,838
2021-05-12,Tuolumne,109,53932,3999,4056,39,4095,63
2021-05-12,Ventura,111,848112,81172,80577,2985,83562,1010
2021-05-12,Yolo,113,214977,13895,13910,307,14217,210
2021-05-12,Yuba,115,75493,5993,5956,122,6078,47
2021-05-11,Alameda,001,1643700,87602,87413,1945,89358,1290
2021-05-11,Alpine,003,1148,87,88,0,88,0
2021-05-11,Amador,005,37829,3665,3657,33,3690,46
2021-05-11,Butte,007,227075,12399,12008,1804,13812,199
2021-05-11,Calaveras,009,45235,2130,2118,14,2132,52
2021-05-11,Colusa,011,21464,1935,1939,298,2237,14
2021-05-11,Contra Costa,013,1133247,68984,68406,1257,69663,806
2021-05-11,Del Norte,015,27424,1386,1347,12,1359,8
2021-05-11,El Dorado,017,186661,10184,10108,720,10828,112
2021-05-11,Fresno,019,978130,102308,101792,8693,110485,1686
2021-05-11,Glenn,021,27897,2419,2387,559,2946,17
2021-05-11,Humboldt,023,135768,4072,3964,33,3997,37
2021-05-11,Imperial,025,180216,28505,28413,2762,31175,722
2021-05-11,Inyo,027,18085,1402,1402,12,1414,36
2021-05-11,Kern,029,883053,96970,95938,10785,106723,1310
2021-05-11,Kings,031,150075,23124,22887,1089,23976,246
2021-05-11,Lake,033,64148,3496,3473,9,3482,43
2021-05-11,Lassen,035,31185,5189,5148,108,5256,6
2021-05-11,Los Angeles,037,10098052,1202945,1195100,41662,1236762,24048
2021-05-11,Madera,039,155013,16555,16459,930,17389,238
2021-05-11,Marin,041,260295,14043,13987,251,14238,227
2021-05-11,Mariposa,043,17540,428,421,11,432,5
2021-05-11,Mendocino,045,87422,3912,3821,80,3901,46
2021-05-11,Merced,047,269075,30837,30893,1051,31944,449
2021-05-11,Modoc,049,8938,373,362,125,487,3
2021-05-11,Mono,051,14174,1252,1265,17,1282,3
2021-05-11,Monterey,053,433212,43112,42934,1877,44811,380
2021-05-11,Napa,055,140530,9863,9870,36,9906,81
2021-05-11,Nevada,057,99092,4771,4737,187,4924,70
2021-05-11,Orange,059,3164182,254887,253545,11301,264846,5017
2021-05-11,Placer,061,380077,23011,22615,1458,24073,287
2021-05-11,Plumas,063,18699,696,679,10,689,4
2021-05-11,Riverside,065,2383286,293484,287757,13989,301746,4429
2021-05-11,Sacramento,067,1510023,104895,104496,1738,106234,1616
2021-05-11,San Benito,069,59416,6051,6058,114,6172,63
2021-05-11,San Bernardino,071,2135413,292665,291421,8966,300387,4707
2021-05-11,San Diego,073,3302833,279359,278308,14758,293066,3725
2021-05-11,San Francisco,075,870044,36530,36707,1276,37983,543
2021-05-11,San Joaquin,077,732212,72630,71999,3528,75527,1356
2021-05-11,San Luis Obispo,079,281455,21275,21008,727,21735,255
2021-05-11,San Mateo,081,765935,42197,41985,466,42451,425
2021-05-11,Santa Barbara,083,443738,34277,34207,1196,35403,456
2021-05-11,Santa Clara,085,1922200,118211,118857,756,119613,2005
2021-05-11,Santa Cruz,087,273765,16169,16113,814,16927,206
2021-05-11,Shasta,089,179085,12088,12050,1527,13577,200
2021-05-11,Sierra,091,2930,56,54,12,66,0
2021-05-11,Siskiyou,093,43540,1859,1756,342,2098,13
2021-05-11,Solano,095,438530,32561,32499,542,33041,250
2021-05-11,Sonoma,097,501317,29817,29966,331,30297,318
2021-05-11,Stanislaus,099,539301,55885,55589,5887,61476,909
2021-05-11,Sutter,101,95872,9426,9417,83,9500,112
2021-05-11,Tehama,103,63373,5026,4985,566,5551,62
2021-05-11,Trinity,105,12862,482,327,89,416,3
2021-05-11,Tulare,107,460477,50040,48974,8987,57961,837
2021-05-11,Tuolumne,109,53932,3998,4056,39,4095,63
2021-05-11,Ventura,111,848112,81148,80544,2982,83526,1008
2021-05-11,Yolo,113,214977,13882,13902,304,14206,210
2021-05-11,Yuba,115,75493,5984,5950,122,6072,46
2021-05-10,Alameda,001,1643700,87532,87366,1944,89310,1284
2021-05-10,Alpine,003,1148,87,88,0,88,0
2021-05-10,Amador,005,37829,3664,3657,33,3690,46
2021-05-10,Butte,007,227075,12383,11993,1800,13793,199
2021-05-10,Calaveras,009,45235,2123,2118,14,2132,52
2021-05-10,Colusa,011,21464,1935,1939,298,2237,14
2021-05-10,Contra Costa,013,1133247,68920,68357,1257,69614,806
2021-05-10,Del Norte,015,27424,1383,1339,12,1351,8
2021-05-10,El Dorado,017,186661,10170,10093,720,10813,113
2021-05-10,Fresno,019,978130,102276,101755,8686,110441,1682
2021-05-10,Glenn,021,27897,2418,2384,557,2941,17
2021-05-10,Humboldt,023,135768,4042,3961,33,3994,36
2021-05-10,Imperial,025,180216,28491,28397,2758,31155,722
2021-05-10,Inyo,027,18085,1402,1401,12,1413,36
2021-05-10,Kern,029,883053,96927,95920,10771,106691,1310
2021-05-10,Kings,031,150075,23113,22884,1088,23972,246
2021-05-10,Lake,033,64148,3488,3471,9,3480,43
2021-05-10,Lassen,035,31185,5185,5148,108,5256,5
2021-05-10,Los Angeles,037,10098052,1202681,1194976,41646,1236622,24030
2021-05-10,Madera,039,155013,16545,16450,930,17380,238
2021-05-10,Marin,041,260295,14040,13981,251,14232,228
2021-05-10,Mariposa,043,17540,427,420,11,431,5
2021-05-10,Mendocino,045,87422,3906,3818,80,3898,46
2021-05-10,Merced,047,269075,30826,30880,1051,31931,448
2021-05-10,Modoc,049,8938,373,361,125,486,3
2021-05-10,Mono,051,14174,1252,1265,17,1282,3
2021-05-10,Monterey,053,433212,43106,42927,1872,44799,380
2021-05-10,Napa,055,140530,9861,9860,36,9896,81
2021-05-10,Nevada,057,99092,4764,4735,187,4922,70
2021-05-10,Orange,059,3164182,254833,253484,11295,264779,5008
2021-05-10,Placer,061,380077,22989,22590,1455,24045,286
2021-05-10,Plumas,063,18699,695,679,10,689,4
2021-05-10,Riverside,065,2383286,293415,287689,13983,301672,4427
2021-05-10,Sacramento,067,1510023,104782,104378,1733,106111,1613
2021-05-10,San Benito,069,59416,6050,6058,114,6172,63
2021-05-10,San Bernardino,071,2135413,292613,291360,8965,300325,4707
2021-05-10,San Diego,073,3302833,279194,278183,14731,292914,3725
2021-05-10,San Francisco,075,870044,36511,36683,1276,37959,543
2021-05-10,San Joaquin,077,732212,72593,71954,3513,75467,1356
2021-05-10,San Luis Obispo,079,281455,21257,20993,726,21719,256
2021-05-10,San Mateo,081,765935,42179,41926,466,42392,424
2021-05-10,Santa Barbara,083,443738,34269,34201,1196,35397,456
2021-05-10,Santa Clara,085,1922200,118152,118822,756,119578,2003
2021-05-10,Santa Cruz,087,273765,16164,16114,814,16928,206
2021-05-10,Shasta,089,179085,12074,12036,1523,13559,200
2021-05-10,Sierra,091,2930,56,54,12,66,0
2021-05-10,Siskiyou,093,43540,1849,1752,340,2092,13
2021-05-10,Solano,095,438530,32541,32466,540,33006,250
2021-05-10,Sonoma,097,501317,29802,29955,330,30285,318
2021-05-10,Stanislaus,099,539301,55811,55541,5881,61422,898
2021-05-10,Sutter,101,95872,9420,9412,83,9495,111
2021-05-10,Tehama,103,63373,5022,4980,566,5546,62
2021-05-10,Trinity,105,12862,482,327,87,414,3
2021-05-10,Tulare,107,460477,50016,48956,8981,57937,837
2021-05-10,Tuolumne,109,53932,3994,4054,38,4092,63
2021-05-10,Ventura,111,848112,81132,80501,2980,83481,1008
2021-05-10,Yolo,113,214977,13870,13898,302,14200,209
2021-05-10,Yuba,115,75493,5982,5942,122,6064,46
2021-05-09,Alameda,001,1643700,87461,87292,1941,89233,1284
2021-05-09,Alpine,003,1148,87,88,0,88,0
2021-05-09,Amador,005,37829,3662,3655,33,3688,46
2021-05-09,Butte,007,227075,12364,11985,1796,13781,199
2021-05-09,Calaveras,009,45235,2122,2116,14,2130,52
2021-05-09,Colusa,011,21464,1934,1940,298,2238,14
2021-05-09,Contra Costa,013,1133247,68856,68302,1255,69557,806
2021-05-09,Del Norte,015,27424,1376,1338,12,1350,8
2021-05-09,El Dorado,017,186661,10156,10089,717,10806,113
2021-05-09,Fresno,019,978130,102238,101729,8677,110406,1682
2021-05-09,Glenn,021,27897,2411,2382,554,2936,17
2021-05-09,Humboldt,023,135768,4022,3950,33,3983,36
2021-05-09,Imperial,025,180216,28468,28388,2750,31138,722
2021-05-09,Inyo,027,18085,1402,1401,11,1412,36
2021-05-09,Kern,029,883053,96899,95903,10761,106664,1310
2021-05-09,Kings,031,150075,23104,22878,1088,23966,246
2021-05-09,Lake,033,64148,3484,3471,9,3480,43
2021-05-09,Lassen,035,31185,5183,5147,108,5255,5
2021-05-09,Los Angeles,037,10098052,1202420,1194820,41630,1236450,24026
2021-05-09,Madera,039,155013,16536,16444,924,17368,238
2021-05-09,Marin,041,260295,14029,13979,250,14229,228
2021-05-09,Mariposa,043,17540,424,420,11,431,5
2021-05-09,Mendocino,045,87422,3896,3814,80,3894,46
2021-05-09,Merced,047,269075,30803,30883,1051,31934,448
2021-05-09,Modoc,049,8938,373,360,125,485,3
2021-05-09,Mono,051,14174,1252,1264,17,1281,3
2021-05-09,Monterey,053,433212,43088,42918,1872,44790,380
2021-05-09,Napa,055,140530,9850,9857,36,9893,81
2021-05-09,Nevada,057,99092,4757,4727,187,4914,70
2021-05-09,Orange,059,3164182,254779,253451,11287,264738,5008
2021-05-09,Placer,061,380077,22963,22566,1452,24018,286
2021-05-09,Plumas,063,18699,694,679,10,689,4
2021-05-09,Riverside,065,2383286,293335,287644,13977,301621,4427
2021-05-09,Sacramento,067,1510023,104633,104309,1727,106036,1612
2021-05-09,San Benito,069,59416,6048,6056,114,6170,63
2021-05-09,San Bernardino,071,2135413,292530,291337,8959,300296,4707
2021-05-09,San Diego,073,3302833,279027,277950,14709,292659,3725
2021-05-09,San Francisco,075,870044,36485,36669,1274,37943,543
2021-05-09,San Joaquin,077,732212,72547,71927,3512,75439,1356
2021-05-09,San Luis Obispo,079,281455,21246,20999,726,21725,256
2021-05-09,San Mateo,081,765935,42150,41903,466,42369,424
2021-05-09,Santa Barbara,083,443738,34256,34196,1195,35391,456
2021-05-09,Santa Clara,085,1922200,118098,118798,755,119553,2003
2021-05-09,Santa Cruz,087,273765,16158,16094,814,16908,206
2021-05-09,Shasta,089,179085,12044,12034,1518,13552,200
2021-05-09,Sierra,091,2930,56,54,12,66,0
2021-05-09,Siskiyou,093,43540,1843,1741,337,2078,13
2021-05-09,Solano,095,438530,32502,32434,537,32971,250
2021-05-09,Sonoma,097,501317,29788,29953,329,30282,318
2021-05-09,Stanislaus,099,539301,55745,55511,5877,61388,898
2021-05-09,Sutter,101,95872,9414,9413,83,9496,111
2021-05-09,Tehama,103,63373,5017,4979,566,5545,62
2021-05-09,Trinity,105,12862,482,327,87,414,3
2021-05-09,Tulare,107,460477,49989,48948,8976,57924,837
2021-05-09,Tuolumne,109,53932,3993,4053,38,4091,63
2021-05-09,Ventura,111,848112,81117,80487,2979,83466,1008
2021-05-09,Yolo,113,214977,13860,13897,301,14198,209
2021-05-09,Yuba,115,75493,5976,5934,122,6056,46
2021-05-08,Alameda,001,1643700,87419,87213,1937,89150,1284
2021-05-08,Alpine,003,1148,87,88,0,88,0
2021-05-08,Amador,005,37829,3660,3652,33,3685,46
2021-05-08,Butte,007,227075,12352,11962,1795,13757,199
2021-05-08,Calaveras,009,45235,2121,2114,14,2128,52
2021-05-08,Colusa,011,21464,1934,1939,298,2237,14
2021-05-08,Contra Costa,013,1133247,68823,68223,1253,69476,803
2021-05-08,Del Norte,015,27424,1373,1335,12,1347,8
2021-05-08,El Dorado,017,186661,10142,10079,717,10796,113
2021-05-08,Fresno,019,978130,102202,101676,8672,110348,1682
2021-05-08,Glenn,021,27897,2409,2382,552,2934,17
2021-05-08,Humboldt,023,135768,4006,3939,33,3972,36
2021-05-08,Imperial,025,180216,28460,28373,2750,31123,721
2021-05-08,Inyo,027,18085,1402,1402,11,1413,36
2021-05-08,Kern,029,883053,96874,95880,10748,106628,1310
2021-05-08,Kings,031,150075,23101,22872,1087,23959,246
2021-05-08,Lake,033,64148,3483,3470,9,3479,43
2021-05-08,Lassen,035,31185,5182,5145,108,5253,5
2021-05-08,Los Angeles,037,10098052,1202270,1194584,41613,1236197,24022
2021-05-08,Madera,039,155013,16532,16442,924,17366,238
2021-05-08,Marin,041,260295,14026,13974,249,14223,228
2021-05-08,Mariposa,043,17540,424,420,11,431,5
2021-05-08,Mendocino,045,87422,3891,3810,79,3889,46
2021-05-08,Merced,047,269075,30794,30876,1051,31927,448
2021-05-08,Modoc,049,8938,373,360,124,484,3
2021-05-08,Mono,051,14174,1252,1262,17,1279,3
2021-05-08,Monterey,053,433212,43083,42914,1871,44785,380
2021-05-08,Napa,055,140530,9843,9853,36,9889,81
2021-05-08,Nevada,057,99092,4754,4716,187,4903,70
2021-05-08,Orange,059,3164182,254745,253412,11284,264696,5006
2021-05-08,Placer,061,380077,22945,22547,1450,23997,286
2021-05-08,Plumas,063,18699,693,679,10,689,4
2021-05-08,Riverside,065,2383286,293292,287574,13975,301549,4427
2021-05-08,Sacramento,067,1510023,104548,104208,1724,105932,1610
2021-05-08,San Benito,069,59416,6047,6048,114,6162,63
2021-05-08,San Bernardino,071,2135413,292487,291296,8959,300255,4707
2021-05-08,San Diego,073,3302833,278943,277760,14691,292451,3725
2021-05-08,San Francisco,075,870044,36462,36642,1274,37916,543
2021-05-08,San Joaquin,077,732212,72518,71869,3503,75372,1356
2021-05-08,San Luis Obispo,079,281455,21235,20992,726,21718,256
2021-05-08,San Mateo,081,765935,42139,41871,466,42337,424
2021-05-08,Santa Barbara,083,443738,34243,34185,1195,35380,456
2021-05-08,Santa Clara,085,1922200,118067,118751,755,119506,2003
2021-05-08,Santa Cruz,087,273765,16155,16089,814,16903,206
2021-05-08,Shasta,089,179085,12034,12030,1514,13544,200
2021-05-08,Sierra,091,2930,56,54,12,66,0
2021-05-08,Siskiyou,093,43540,1842,1741,333,2074,13
2021-05-08,Solano,095,438530,32477,32395,535,32930,249
2021-05-08,Sonoma,097,501317,29775,29942,329,30271,318
2021-05-08,Stanislaus,099,539301,55714,55467,5873,61340,898
2021-05-08,Sutter,101,95872,9411,9413,83,9496,111
2021-05-08,Tehama,103,63373,5015,4977,566,5543,62
2021-05-08,Trinity,105,12862,482,327,87,414,3
2021-05-08,Tulare,107,460477,49975,48929,8966,57895,837
2021-05-08,Tuolumne,109,53932,3992,4050,38,4088,63
2021-05-08,Ventura,111,848112,81106,80481,2976,83457,1008
2021-05-08,Yolo,113,214977,13857,13894,300,14194,209
2021-05-08,Yuba,115,75493,5968,5928,122,6050,46
2021-05-07,Alameda,001,1643700,87365,87128,1936,89064,1280
2021-05-07,Alpine,003,1148,87,88,0,88,0
2021-05-07,Amador,005,37829,3657,3651,33,3684,46
2021-05-07,Butte,007,227075,12332,11943,1792,13735,199
2021-05-07,Calaveras,009,45235,2119,2114,14,2128,52
2021-05-07,Colusa,011,21464,1934,1937,298,2235,14
2021-05-07,Contra Costa,013,1133247,68777,68156,1251,69407,804
2021-05-07,Del Norte,015,27424,1368,1329,12,1341,8
2021-05-07,El Dorado,017,186661,10129,10065,715,10780,112
2021-05-07,Fresno,019,978130,102169,101625,8671,110296,1684
2021-05-07,Glenn,021,27897,2406,2381,551,2932,17
2021-05-07,Humboldt,023,135768,3991,3919,33,3952,36
2021-05-07,Imperial,025,180216,28452,28352,2750,31102,721
2021-05-07,Inyo,027,18085,1402,1402,11,1413,36
2021-05-07,Kern,029,883053,96861,95839,10736,106575,1308
2021-05-07,Kings,031,150075,23100,22857,1086,23943,246
2021-05-07,Lake,033,64148,3481,3467,9,3476,43
2021-05-07,Lassen,035,31185,5181,5144,107,5251,5
2021-05-07,Los Angeles,037,10098052,1202092,1194294,41605,1235899,24008
2021-05-07,Madera,039,155013,16527,16439,923,17362,238
2021-05-07,Marin,041,260295,14022,13968,249,14217,228
2021-05-07,Mariposa,043,17540,423,419,11,430,5
2021-05-07,Mendocino,045,87422,3885,3805,79,3884,46
2021-05-07,Merced,047,269075,30791,30862,1051,31913,446
2021-05-07,Modoc,049,8938,373,360,124,484,3
2021-05-07,Mono,051,14174,1251,1261,17,1278,3
2021-05-07,Monterey,053,433212,43077,42909,1869,44778,380
2021-05-07,Napa,055,140530,9842,9849,36,9885,81
2021-05-07,Nevada,057,99092,4750,4704,187,4891,70
2021-05-07,Orange,059,3164182,254705,253338,11275,264613,5000
2021-05-07,Placer,061,380077,22925,22524,1448,23972,286
2021-05-07,Plumas,063,18699,693,678,10,688,4
2021-05-07,Riverside,065,2383286,293234,287479,13974,301453,4426
2021-05-07,Sacramento,067,1510023,104476,104068,1719,105787,1609
2021-05-07,San Benito,069,59416,6046,6048,114,6162,63
2021-05-07,San Bernardino,071,2135413,292445,291185,8954,300139,4697
2021-05-07,San Diego,073,3302833,278858,277534,14676,292210,3718
2021-05-07,San Francisco,075,870044,36449,36616,1273,37889,543
2021-05-07,San Joaquin,077,732212,72478,71804,3501,75305,1351
2021-05-07,San Luis Obispo,079,281455,21228,20979,726,21705,256
2021-05-07,San Mateo,081,765935,42123,41844,466,42310,424
2021-05-07,Santa Barbara,083,443738,34233,34166,1195,35361,453
2021-05-07,Santa Clara,085,1922200,118034,118691,754,119445,2002
2021-05-07,Santa Cruz,087,273765,16152,16074,814,16888,206
2021-05-07,Shasta,089,179085,12012,12005,1512,13517,200
2021-05-07,Sierra,091,2930,56,54,12,66,0
2021-05-07,Siskiyou,093,43540,1839,1723,333,2056,13
2021-05-07,Solano,095,438530,32450,32352,533,32885,249
2021-05-07,Sonoma,097,501317,29757,29925,327,30252,318
2021-05-07,Stanislaus,099,539301,55673,55407,5868,61275,896
2021-05-07,Sutter,101,95872,9411,9407,82,9489,111
2021-05-07,Tehama,103,63373,5008,4974,566,5540,57
2021-05-07,Trinity,105,12862,482,327,87,414,3
2021-05-07,Tulare,107,460477,49958,48913,8961,57874,837
2021-05-07,Tuolumne,109,53932,3990,4048,38,4086,63
2021-05-07,Ventura,111,848112,81082,80444,2976,83420,1008
2021-05-07,Yolo,113,214977,13851,13875,299,14174,209
2021-05-07,Yuba,115,75493,5958,5910,122,6032,46
2021-05-06,Alameda,001,1643700,87288,87028,1933,88961,1278
2021-05-06,Alpine,003,1148,87,88,0,88,0
2021-05-06,Amador,005,37829,3655,3650,33,3683,46
2021-05-06,Butte,007,227075,12312,11929,1787,13716,198
2021-05-06,Calaveras,009,45235,2118,2111,14,2125,52
2021-05-06,Colusa,011,21464,1934,1935,298,2233,14
2021-05-06,Contra Costa,013,1133247,68722,68076,1248,69324,802
2021-05-06,Del Norte,015,27424,1360,1324,12,1336,6
2021-05-06,El Dorado,017,186661,10122,10048,715,10763,112
2021-05-06,Fresno,019,978130,102125,101536,8667,110203,1680
2021-05-06,Glenn,021,27897,2405,2380,550,2930,17
2021-05-06,Humboldt,023,135768,3966,3898,33,3931,36
2021-05-06,Imperial,025,180216,28441,28311,2749,31060,720
2021-05-06,Inyo,027,18085,1402,1401,11,1412,36
2021-05-06,Kern,029,883053,96836,95801,10719,106520,1307
2021-05-06,Kings,031,150075,23093,22848,1085,23933,246
2021-05-06,Lake,033,64148,3480,3465,9,3474,43
2021-05-06,Lassen,035,31185,5180,5143,107,5250,1
2021-05-06,Los Angeles,037,10098052,1201851,1193954,41588,1235542,23991
2021-05-06,Madera,039,155013,16519,16430,923,17353,238
2021-05-06,Marin,041,260295,14018,13956,249,14205,228
2021-05-06,Mariposa,043,17540,422,419,11,430,5
2021-05-06,Mendocino,045,87422,3874,3802,79,3881,46
2021-05-06,Merced,047,269075,30776,30863,1050,31913,444
2021-05-06,Modoc,049,8938,373,360,124,484,3
2021-05-06,Mono,051,14174,1249,1261,17,1278,3
2021-05-06,Monterey,053,433212,43062,42899,1869,44768,379
2021-05-06,Napa,055,140530,9836,9843,36,9879,81
2021-05-06,Nevada,057,99092,4749,4687,187,4874,70
2021-05-06,Orange,059,3164182,254637,253286,11269,264555,4991
2021-05-06,Placer,061,380077,22903,22493,1448,23941,286
2021-05-06,Plumas,063,18699,693,678,10,688,4
2021-05-06,Riverside,065,2383286,293161,287399,13969,301368,4422
2021-05-06,Sacramento,067,1510023,104359,103956,1716,105672,1609
2021-05-06,San Benito,069,59416,6045,6045,114,6159,63
2021-05-06,San Bernardino,071,2135413,292375,291085,8953,300038,4683
2021-05-06,San Diego,073,3302833,278733,277324,14653,291977,3716
2021-05-06,San Francisco,075,870044,36434,36599,1273,37872,543
2021-05-06,San Joaquin,077,732212,72423,71729,3498,75227,1350
2021-05-06,San Luis Obispo,079,281455,21216,20965,724,21689,256
2021-05-06,San Mateo,081,765935,42104,41802,465,42267,424
2021-05-06,Santa Barbara,083,443738,34220,34152,1195,35347,453
2021-05-06,Santa Clara,085,1922200,117993,118591,754,119345,2001
2021-05-06,Santa Cruz,087,273765,16145,16050,814,16864,206
2021-05-06,Shasta,089,179085,11990,11983,1506,13489,199
2021-05-06,Sierra,091,2930,56,54,12,66,0
2021-05-06,Siskiyou,093,43540,1829,1711,332,2043,12
2021-05-06,Solano,095,438530,32424,32320,525,32845,249
2021-05-06,Sonoma,097,501317,29749,29911,327,30238,318
2021-05-06,Stanislaus,099,539301,55617,55323,5863,61186,834
2021-05-06,Sutter,101,95872,9405,9396,82,9478,111
2021-05-06,Tehama,103,63373,5003,4970,566,5536,53
2021-05-06,Trinity,105,12862,482,327,87,414,3
2021-05-06,Tulare,107,460477,49933,48890,8946,57836,836
2021-05-06,Tuolumne,109,53932,3986,4047,38,4085,63
2021-05-06,Ventura,111,848112,81051,80411,2973,83384,1005
2021-05-06,Yolo,113,214977,13844,13871,295,14166,209
2021-05-06,Yuba,115,75493,5946,5901,122,6023,46
2021-05-05,Alameda,001,1643700,87226,86950,1931,88881,1278
2021-05-05,Alpine,003,1148,87,88,0,88,0
2021-05-05,Amador,005,37829,3652,3650,33,3683,46
2021-05-05,Butte,007,227075,12294,11907,1784,13691,198
2021-05-05,Calaveras,009,45235,2114,2103,14,2117,52
2021-05-05,Colusa,011,21464,1933,1933,298,2231,14
2021-05-05,Contra Costa,013,1133247,68657,67997,1244,69241,803
2021-05-05,Del Norte,015,27424,1357,1317,12,1329,6
2021-05-05,El Dorado,017,186661,10111,10020,714,10734,111
2021-05-05,Fresno,019,978130,102076,101491,8658,110149,1680
2021-05-05,Glenn,021,27897,2402,2380,549,2929,17
2021-05-05,Humboldt,023,135768,3947,3886,32,3918,36
2021-05-05,Imperial,025,180216,28400,28295,2742,31037,720
2021-05-05,Inyo,027,18085,1401,1401,11,1412,36
2021-05-05,Kern,029,883053,96792,95753,10715,106468,1304
2021-05-05,Kings,031,150075,23087,22840,1084,23924,246
2021-05-05,Lake,033,64148,3477,3458,9,3467,43
2021-05-05,Lassen,035,31185,5180,5143,106,5249,1
2021-05-05,Los Angeles,037,10098052,1201580,1193608,41574,1235182,23977
2021-05-05,Madera,039,155013,16517,16423,923,17346,235
2021-05-05,Marin,041,260295,14010,13950,248,14198,228
2021-05-05,Mariposa,043,17540,422,418,11,429,5
2021-05-05,Mendocino,045,87422,3870,3799,79,3878,46
2021-05-05,Merced,047,269075,30755,30844,1050,31894,444
2021-05-05,Modoc,049,8938,372,361,123,484,3
2021-05-05,Mono,051,14174,1249,1260,17,1277,3
2021-05-05,Monterey,053,433212,43048,42870,1866,44736,379
2021-05-05,Napa,055,140530,9830,9833,36,9869,81
2021-05-05,Nevada,057,99092,4746,4666,187,4853,70
2021-05-05,Orange,059,3164182,254579,253237,11264,264501,4978
2021-05-05,Placer,061,380077,22871,22362,1444,23806,287
2021-05-05,Plumas,063,18699,693,677,10,687,4
2021-05-05,Riverside,065,2383286,293066,287353,13959,301312,4414
2021-05-05,Sacramento,067,1510023,104271,103476,1711,105187,1607
2021-05-05,San Benito,069,59416,6036,6046,114,6160,63
2021-05-05,San Bernardino,071,2135413,292300,291008,8949,299957,4677
2021-05-05,San Diego,073,3302833,278596,277098,14633,291731,3716
2021-05-05,San Francisco,075,870044,36420,36577,1272,37849,543
2021-05-05,San Joaquin,077,732212,72370,71638,3495,75133,1345
2021-05-05,San Luis Obispo,079,281455,21208,20958,724,21682,256
2021-05-05,San Mateo,081,765935,42074,41755,464,42219,415
2021-05-05,Santa Barbara,083,443738,34205,34139,1194,35333,453
2021-05-05,Santa Clara,085,1922200,117963,118482,750,119232,1992
2021-05-05,Santa Cruz,087,273765,16139,16013,814,16827,207
2021-05-05,Shasta,089,179085,11974,11939,1502,13441,200
2021-05-05,Sierra,091,2930,56,54,12,66,0
2021-05-05,Siskiyou,093,43540,1812,1706,324,2030,11
2021-05-05,Solano,095,438530,32389,32250,523,32773,249
2021-05-05,Sonoma,097,501317,29736,29879,327,30206,318
2021-05-05,Stanislaus,099,539301,55560,55231,5861,61092,807
2021-05-05,Sutter,101,95872,9399,9387,82,9469,111
2021-05-05,Tehama,103,63373,4999,4968,566,5534,53
2021-05-05,Trinity,105,12862,482,326,87,413,3
2021-05-05,Tulare,107,460477,49909,48875,8939,57814,835
2021-05-05,Tuolumne,109,53932,3983,4040,38,4078,63
2021-05-05,Ventura,111,848112,81023,80372,2969,83341,1005
2021-05-05,Yolo,113,214977,13840,13846,293,14139,209
2021-05-05,Yuba,115,75493,5936,5895,121,6016,44
2021-05-04,Alameda,001,1643700,87134,86894,1931,88825,1277
2021-05-04,Alpine,003,1148,87,88,0,88,0
2021-05-04,Amador,005,37829,3652,3650,33,3683,46
2021-05-04,Butte,007,227075,12270,11883,1783,13666,198
2021-05-04,Calaveras,009,45235,2109,2100,14,2114,52
2021-05-04,Colusa,011,21464,1932,1933,298,2231,14
2021-05-04,Contra Costa,013,1133247,68577,67931,1242,69173,799
2021-05-04,Del Norte,015,27424,1357,1314,12,1326,6
2021-05-04,El Dorado,017,186661,10100,10009,710,10719,110
2021-05-04,Fresno,019,978130,102021,101451,8651,110102,1677
2021-05-04,Glenn,021,27897,2399,2379,546,2925,17
2021-05-04,Humboldt,023,135768,3921,3877,32,3909,36
2021-05-04,Imperial,025,180216,28380,28276,2738,31014,720
2021-05-04,Inyo,027,18085,1401,1399,11,1410,36
2021-05-04,Kern,029,883053,96756,95720,10697,106417,1301
2021-05-04,Kings,031,150075,23073,22822,1081,23903,246
2021-05-04,Lake,033,64148,3476,3454,9,3463,43
2021-05-04,Lassen,035,31185,5179,5142,106,5248,1
2021-05-04,Los Angeles,037,10098052,1201293,1193453,41562,1235015,23957
2021-05-04,Madera,039,155013,16516,16418,923,17341,235
2021-05-04,Marin,041,260295,14002,13935,248,14183,228
2021-05-04,Mariposa,043,17540,422,418,11,429,5
2021-05-04,Mendocino,045,87422,3865,3794,79,3873,46
2021-05-04,Merced,047,269075,30738,30829,1050,31879,444
2021-05-04,Modoc,049,8938,371,360,122,482,3
2021-05-04,Mono,051,14174,1249,1260,17,1277,3
2021-05-04,Monterey,053,433212,43036,42845,1865,44710,380
2021-05-04,Napa,055,140530,9821,9824,36,9860,81
2021-05-04,Nevada,057,99092,4739,4656,187,4843,70
2021-05-04,Orange,059,3164182,254512,253177,11254,264431,4977
2021-05-04,Placer,061,380077,22842,22326,1441,23767,287
2021-05-04,Plumas,063,18699,692,675,10,685,4
2021-05-04,Riverside,065,2383286,292982,287285,13952,301237,4411
2021-05-04,Sacramento,067,1510023,104142,103383,1706,105089,1604
2021-05-04,San Benito,069,59416,6035,6039,114,6153,63
2021-05-04,San Bernardino,071,2135413,292223,290934,8942,299876,4668
2021-05-04,San Diego,073,3302833,278430,276879,14616,291495,3713
2021-05-04,San Francisco,075,870044,36402,36550,1272,37822,541
2021-05-04,San Joaquin,077,732212,72309,71582,3490,75072,1342
2021-05-04,San Luis Obispo,079,281455,21202,20923,722,21645,255
2021-05-04,San Mateo,081,765935,42048,41708,464,42172,415
2021-05-04,Santa Barbara,083,443738,34189,34131,1193,35324,453
2021-05-04,Santa Clara,085,1922200,117900,118431,749,119180,1988
2021-05-04,Santa Cruz,087,273765,16133,16005,814,16819,207
2021-05-04,Shasta,089,179085,11954,11923,1496,13419,198
2021-05-04,Sierra,091,2930,56,54,12,66,0
2021-05-04,Siskiyou,093,43540,1805,1694,322,2016,11
2021-05-04,Solano,095,438530,32348,32220,521,32741,249
2021-05-04,Sonoma,097,501317,29716,29867,326,30193,318
2021-05-04,Stanislaus,099,539301,55504,55165,5858,61023,807
2021-05-04,Sutter,101,95872,9394,9375,82,9457,111
2021-05-04,Tehama,103,63373,4996,4959,565,5524,53
2021-05-04,Trinity,105,12862,482,326,87,413,3
2021-05-04,Tulare,107,460477,49882,48857,8930,57787,835
2021-05-04,Tuolumne,109,53932,3981,4041,38,4079,61
2021-05-04,Ventura,111,848112,80994,80351,2967,83318,1005
2021-05-04,Yolo,113,214977,13827,13820,291,14111,208
2021-05-04,Yuba,115,75493,5930,5891,121,6012,44
2021-05-03,Alameda,001,1643700,87058,86845,1925,88770,1272
2021-05-03,Alpine,003,1148,87,88,0,88,0
2021-05-03,Amador,005,37829,3652,3651,33,3684,46
2021-05-03,Butte,007,227075,12260,11864,1780,13644,198
2021-05-03,Calaveras,009,45235,2108,2099,14,2113,50
2021-05-03,Colusa,011,21464,1931,1931,296,2227,14
2021-05-03,Contra Costa,013,1133247,68518,67895,1238,69133,799
2021-05-03,Del Norte,015,27424,1352,1306,11,1317,6
2021-05-03,El Dorado,017,186661,10082,9984,705,10689,110
2021-05-03,Fresno,019,978130,101965,101405,8640,110045,1678
2021-05-03,Glenn,021,27897,2399,2375,545,2920,17
2021-05-03,Humboldt,023,135768,3906,3865,32,3897,36
2021-05-03,Imperial,025,180216,28358,28280,2735,31015,720
2021-05-03,Inyo,027,18085,1400,1398,11,1409,36
2021-05-03,Kern,029,883053,96719,95693,10685,106378,1299
2021-05-03,Kings,031,150075,23064,22821,1081,23902,246
2021-05-03,Lake,033,64148,3474,3446,9,3455,43
2021-05-03,Lassen,035,31185,5178,5142,106,5248,1
2021-05-03,Los Angeles,037,10098052,1201024,1193261,41536,1234797,23942
2021-05-03,Madera,039,155013,16511,16414,922,17336,235
2021-05-03,Marin,041,260295,13996,13927,248,14175,228
2021-05-03,Mariposa,043,17540,422,418,11,429,5
2021-05-03,Mendocino,045,87422,3858,3792,79,3871,46
2021-05-03,Merced,047,269075,30727,30814,1048,31862,444
2021-05-03,Modoc,049,8938,371,360,122,482,3
2021-05-03,Mono,051,14174,1249,1259,17,1276,3
2021-05-03,Monterey,053,433212,43024,42837,1863,44700,380
2021-05-03,Napa,055,140530,9816,9815,36,9851,81
2021-05-03,Nevada,057,99092,4731,4650,187,4837,70
2021-05-03,Orange,059,3164182,254453,253107,11245,264352,4968
2021-05-03,Placer,061,380077,22811,22289,1435,23724,287
2021-05-03,Plumas,063,18699,691,675,10,685,4
2021-05-03,Riverside,065,2383286,292908,287233,13951,301184,4412
2021-05-03,Sacramento,067,1510023,103989,103303,1696,104999,1602
2021-05-03,San Benito,069,59416,6034,6038,114,6152,63
2021-05-03,San Bernardino,071,2135413,292155,290886,8939,299825,4659
2021-05-03,San Diego,073,3302833,278267,276693,14591,291284,3712
2021-05-03,San Francisco,075,870044,36376,36538,1272,37810,541
2021-05-03,San Joaquin,077,732212,72259,71504,3487,74991,1325
2021-05-03,San Luis Obispo,079,281455,21186,20915,719,21634,254
2021-05-03,San Mateo,081,765935,42025,41689,463,42152,413
2021-05-03,Santa Barbara,083,443738,34177,34119,1193,35312,453
2021-05-03,Santa Clara,085,1922200,117846,118373,748,119121,1988
2021-05-03,Santa Cruz,087,273765,16130,16000,814,16814,207
2021-05-03,Shasta,089,179085,11931,11890,1491,13381,197
2021-05-03,Sierra,091,2930,56,54,12,66,0
2021-05-03,Siskiyou,093,43540,1799,1683,316,1999,11
2021-05-03,Solano,095,438530,32307,32201,520,32721,249
2021-05-03,Sonoma,097,501317,29704,29855,323,30178,318
2021-05-03,Stanislaus,099,539301,55438,55116,5849,60965,774
2021-05-03,Sutter,101,95872,9382,9370,82,9452,111
2021-05-03,Tehama,103,63373,4987,4952,565,5517,53
2021-05-03,Trinity,105,12862,482,326,87,413,3
2021-05-03,Tulare,107,460477,49865,48844,8920,57764,835
2021-05-03,Tuolumne,109,53932,3980,4038,38,4076,61
2021-05-03,Ventura,111,848112,80972,80291,2967,83258,1005
2021-05-03,Yolo,113,214977,13814,13809,289,14098,208
2021-05-03,Yuba,115,75493,5925,5880,121,6001,44
2021-05-02,Alameda,001,1643700,86973,86784,1924,88708,1272
2021-05-02,Alpine,003,1148,87,88,0,88,0
2021-05-02,Amador,005,37829,3652,3650,33,3683,46
2021-05-02,Butte,007,227075,12236,11859,1777,13636,198
2021-05-02,Calaveras,009,45235,2104,2098,14,2112,50
2021-05-02,Colusa,011,21464,1930,1931,295,2226,14
2021-05-02,Contra Costa,013,1133247,68433,67843,1236,69079,800
2021-05-02,Del Norte,015,27424,1345,1305,11,1316,6
2021-05-02,El Dorado,017,186661,10067,9962,704,10666,110
2021-05-02,Fresno,019,978130,101893,101372,8629,110001,1678
2021-05-02,Glenn,021,27897,2398,2374,543,2917,17
2021-05-02,Humboldt,023,135768,3894,3858,31,3889,36
2021-05-02,Imperial,025,180216,28324,28275,2726,31001,721
2021-05-02,Inyo,027,18085,1398,1398,11,1409,36
2021-05-02,Kern,029,883053,96661,95668,10678,106346,1299
2021-05-02,Kings,031,150075,23046,22816,1080,23896,246
2021-05-02,Lake,033,64148,3472,3443,9,3452,43
2021-05-02,Lassen,035,31185,5177,5142,105,5247,1
2021-05-02,Los Angeles,037,10098052,1200674,1193056,41513,1234569,23943
2021-05-02,Madera,039,155013,16505,16410,922,17332,235
2021-05-02,Marin,041,260295,13986,13917,248,14165,228
2021-05-02,Mariposa,043,17540,422,419,11,430,5
2021-05-02,Mendocino,045,87422,3853,3787,79,3866,46
2021-05-02,Merced,047,269075,30707,30793,1044,31837,444
2021-05-02,Modoc,049,8938,370,360,122,482,3
2021-05-02,Mono,051,14174,1248,1259,17,1276,3
2021-05-02,Monterey,053,433212,43010,42837,1862,44699,380
2021-05-02,Napa,055,140530,9812,9805,36,9841,81
2021-05-02,Nevada,057,99092,4715,4635,187,4822,70
2021-05-02,Orange,059,3164182,254379,253025,11231,264256,4968
2021-05-02,Placer,061,380077,22782,22264,1432,23696,287
2021-05-02,Plumas,063,18699,691,675,10,685,4
2021-05-02,Riverside,065,2383286,292808,287197,13941,301138,4412
2021-05-02,Sacramento,067,1510023,103849,103153,1689,104842,1602
2021-05-02,San Benito,069,59416,6029,6037,114,6151,63
2021-05-02,San Bernardino,071,2135413,292056,290859,8937,299796,4655
2021-05-02,San Diego,073,3302833,278070,276521,14564,291085,3712
2021-05-02,San Francisco,075,870044,36350,36522,1272,37794,541
2021-05-02,San Joaquin,077,732212,72195,71447,3480,74927,1325
2021-05-02,San Luis Obispo,079,281455,21165,20910,718,21628,254
2021-05-02,San Mateo,081,765935,42009,41656,462,42118,412
2021-05-02,Santa Barbara,083,443738,34163,34106,1193,35299,453
2021-05-02,Santa Clara,085,1922200,117772,118321,748,119069,1988
2021-05-02,Santa Cruz,087,273765,16125,15995,813,16808,207
2021-05-02,Shasta,089,179085,11915,11885,1483,13368,197
2021-05-02,Sierra,091,2930,56,54,12,66,0
2021-05-02,Siskiyou,093,43540,1788,1661,315,1976,11
2021-05-02,Solano,095,438530,32268,32151,516,32667,249
2021-05-02,Sonoma,097,501317,29682,29842,323,30165,318
2021-05-02,Stanislaus,099,539301,55364,55057,5842,60899,774
2021-05-02,Sutter,101,95872,9375,9363,82,9445,111
2021-05-02,Tehama,103,63373,4982,4950,563,5513,53
2021-05-02,Trinity,105,12862,482,326,87,413,3
2021-05-02,Tulare,107,460477,49847,48834,8912,57746,835
2021-05-02,Tuolumne,109,53932,3977,4038,38,4076,61
2021-05-02,Ventura,111,848112,80935,80284,2966,83250,1005
2021-05-02,Yolo,113,214977,13802,13799,288,14087,208
2021-05-02,Yuba,115,75493,5915,5879,121,6000,44
2021-05-01,Alameda,001,1643700,86930,86704,1921,88625,1270
2021-05-01,Alpine,003,1148,87,88,0,88,0
2021-05-01,Amador,005,37829,3652,3650,33,3683,46
2021-05-01,Butte,007,227075,12222,11845,1772,13617,198
2021-05-01,Calaveras,009,45235,2102,2096,14,2110,50
2021-05-01,Colusa,011,21464,1929,1931,295,2226,14
2021-05-01,Contra Costa,013,1133247,68381,67779,1233,69012,800
2021-05-01,Del Norte,015,27424,1344,1292,11,1303,6
2021-05-01,El Dorado,017,186661,10053,9944,702,10646,110
2021-05-01,Fresno,019,978130,101848,101326,8623,109949,1678
2021-05-01,Glenn,021,27897,2395,2369,542,2911,17
2021-05-01,Humboldt,023,135768,3880,3845,31,3876,36
2021-05-01,Imperial,025,180216,28317,28262,2726,30988,721
2021-05-01,Inyo,027,18085,1398,1397,11,1408,36
2021-05-01,Kern,029,883053,96634,95645,10667,106312,1299
2021-05-01,Kings,031,150075,23043,22797,1079,23876,246
2021-05-01,Lake,033,64148,3470,3441,9,3450,43
2021-05-01,Lassen,035,31185,5175,5142,105,5247,1
2021-05-01,Los Angeles,037,10098052,1200505,1192781,41498,1234279,23946
2021-05-01,Madera,039,155013,16501,16408,922,17330,235
2021-05-01,Marin,041,260295,13979,13902,248,14150,228
2021-05-01,Mariposa,043,17540,422,418,11,429,5
2021-05-01,Mendocino,045,87422,3851,3782,79,3861,46
2021-05-01,Merced,047,269075,30690,30771,1043,31814,444
2021-05-01,Modoc,049,8938,370,361,122,483,3
2021-05-01,Mono,051,14174,1248,1258,17,1275,3
2021-05-01,Monterey,053,433212,43004,42828,1862,44690,379
2021-05-01,Napa,055,140530,9809,9800,36,9836,81
2021-05-01,Nevada,057,99092,4710,4625,187,4812,70
2021-05-01,Orange,059,3164182,254336,252969,11220,264189,4964
2021-05-01,Placer,061,380077,22756,22240,1430,23670,287
2021-05-01,Plumas,063,18699,690,675,10,685,4
2021-05-01,Riverside,065,2383286,292769,287129,13939,301068,4412
2021-05-01,Sacramento,067,1510023,103768,103043,1688,104731,1602
2021-05-01,San Benito,069,59416,6026,6030,114,6144,63
2021-05-01,San Bernardino,071,2135413,292013,290802,8935,299737,4652
2021-05-01,San Diego,073,3302833,277946,276367,14543,290910,3706
2021-05-01,San Francisco,075,870044,36335,36496,1272,37768,541
2021-05-01,San Joaquin,077,732212,72146,71389,3478,74867,1325
2021-05-01,San Luis Obispo,079,281455,21160,20896,718,21614,254
2021-05-01,San Mateo,081,765935,41980,41617,461,42078,411
2021-05-01,Santa Barbara,083,443738,34158,34085,1192,35277,453
2021-05-01,Santa Clara,085,1922200,117720,118265,746,119011,1988
2021-05-01,Santa Cruz,087,273765,16122,15984,813,16797,207
2021-05-01,Shasta,089,179085,11895,11878,1475,13353,197
2021-05-01,Sierra,091,2930,56,53,12,65,0
2021-05-01,Siskiyou,093,43540,1780,1653,314,1967,11
2021-05-01,Solano,095,438530,32238,32124,508,32632,249
2021-05-01,Sonoma,097,501317,29679,29835,323,30158,318
2021-05-01,Stanislaus,099,539301,55329,55005,5836,60841,774
2021-05-01,Sutter,101,95872,9372,9358,82,9440,110
2021-05-01,Tehama,103,63373,4981,4950,562,5512,53
2021-05-01,Trinity,105,12862,482,326,86,412,3
2021-05-01,Tulare,107,460477,49840,48818,8906,57724,835
2021-05-01,Tuolumne,109,53932,3971,4035,38,4073,61
2021-05-01,Ventura,111,848112,80917,80268,2966,83234,1005
2021-05-01,Yolo,113,214977,13795,13784,286,14070,208
2021-05-01,Yuba,115,75493,5913,5875,121,5996,44
2021-04-30,Alameda,001,1643700,86869,86602,1918,88520,1268
2021-04-30,Alpine,003,1148,87,88,0,88,0
2021-04-30,Amador,005,37829,3650,3650,33,3683,46
2021-04-30,Butte,007,227075,12203,11812,1768,13580,197
2021-04-30,Calaveras,009,45235,2101,2087,14,2101,50
2021-04-30,Colusa,011,21464,1929,1931,294,2225,14
2021-04-30,Contra Costa,013,1133247,68333,67684,1230,68914,800
2021-04-30,Del Norte,015,27424,1332,1276,11,1287,6
2021-04-30,El Dorado,017,186661,10039,9906,702,10608,110
2021-04-30,Fresno,019,978130,101802,101263,8619,109882,1670
2021-04-30,Glenn,021,27897,2394,2369,542,2911,17
2021-04-30,Humboldt,023,135768,3867,3834,31,3865,36
2021-04-30,Imperial,025,180216,28308,28244,2723,30967,721
2021-04-30,Inyo,027,18085,1398,1397,11,1408,36
2021-04-30,Kern,029,883053,96617,95605,10663,106268,1298
2021-04-30,Kings,031,150075,23040,22793,1078,23871,246
2021-04-30,Lake,033,64148,3466,3440,9,3449,43
2021-04-30,Lassen,035,31185,5174,5140,105,5245,1
2021-04-30,Los Angeles,037,10098052,1200295,1192393,41485,1233878,23919
2021-04-30,Madera,039,155013,16495,16395,922,17317,235
2021-04-30,Marin,041,260295,13971,13895,246,14141,228
2021-04-30,Mariposa,043,17540,422,417,11,428,5
2021-04-30,Mendocino,045,87422,3847,3777,79,3856,46
2021-04-30,Merced,047,269075,30677,30740,1042,31782,444
2021-04-30,Modoc,049,8938,369,360,122,482,3
2021-04-30,Mono,051,14174,1248,1258,17,1275,3
2021-04-30,Monterey,053,433212,42990,42810,1861,44671,379
2021-04-30,Napa,055,140530,9805,9792,36,9828,81
2021-04-30,Nevada,057,99092,4702,4608,187,4795,70
2021-04-30,Orange,059,3164182,254279,252883,11214,264097,4956
2021-04-30,Placer,061,380077,22737,22190,1426,23616,287
2021-04-30,Plumas,063,18699,690,677,10,687,4
2021-04-30,Riverside,065,2383286,292711,287030,13932,300962,4412
2021-04-30,Sacramento,067,1510023,103667,102864,1684,104548,1596
2021-04-30,San Benito,069,59416,6022,6024,113,6137,63
2021-04-30,San Bernardino,071,2135413,291952,290704,8934,299638,4640
2021-04-30,San Diego,073,3302833,277851,276157,14532,290689,3702
2021-04-30,San Francisco,075,870044,36324,36453,1271,37724,538
2021-04-30,San Joaquin,077,732212,72094,71311,3475,74786,1306
2021-04-30,San Luis Obispo,079,281455,21154,20884,718,21602,255
2021-04-30,San Mateo,081,765935,41965,41583,460,42043,380
2021-04-30,Santa Barbara,083,443738,34145,34061,1192,35253,451
2021-04-30,Santa Clara,085,1922200,117662,118170,742,118912,1988
2021-04-30,Santa Cruz,087,273765,16117,15975,813,16788,207
2021-04-30,Shasta,089,179085,11874,11848,1472,13320,197
2021-04-30,Sierra,091,2930,56,53,12,65,0
2021-04-30,Siskiyou,093,43540,1769,1628,311,1939,11
2021-04-30,Solano,095,438530,32206,32050,505,32555,249
2021-04-30,Sonoma,097,501317,29669,29816,321,30137,318
2021-04-30,Stanislaus,099,539301,55278,54938,5833,60771,774
2021-04-30,Sutter,101,95872,9370,9353,82,9435,110
2021-04-30,Tehama,103,63373,4979,4944,562,5506,53
2021-04-30,Trinity,105,12862,482,326,86,412,3
2021-04-30,Tulare,107,460477,49830,48797,8890,57687,836
2021-04-30,Tuolumne,109,53932,3970,4033,38,4071,61
2021-04-30,Ventura,111,848112,80877,80232,2961,83193,1004
2021-04-30,Yolo,113,214977,13783,13756,286,14042,208
2021-04-30,Yuba,115,75493,5905,5870,121,5991,44
2021-04-29,Alameda,001,1643700,86803,86490,1917,88407,1263
2021-04-29,Alpine,003,1148,87,88,0,88,0
2021-04-29,Amador,005,37829,3650,3649,33,3682,46
2021-04-29,Butte,007,227075,12188,11787,1766,13553,196
2021-04-29,Calaveras,009,45235,2098,2082,14,2096,50
2021-04-29,Colusa,011,21464,1929,1929,294,2223,14
2021-04-29,Contra Costa,013,1133247,68278,67606,1227,68833,795
2021-04-29,Del Norte,015,27424,1328,1271,11,1282,6
2021-04-29,El Dorado,017,186661,10019,9884,699,10583,107
2021-04-29,Fresno,019,978130,101748,101189,8608,109797,1667
2021-04-29,Glenn,021,27897,2391,2369,542,2911,17
2021-04-29,Humboldt,023,135768,3853,3815,31,3846,36
2021-04-29,Imperial,025,180216,28296,28235,2722,30957,720
2021-04-29,Inyo,027,18085,1398,1396,11,1407,36
2021-04-29,Kern,029,883053,96584,95547,10659,106206,1295
2021-04-29,Kings,031,150075,23030,22777,1073,23850,245
2021-04-29,Lake,033,64148,3458,3438,9,3447,43
2021-04-29,Lassen,035,31185,5174,5140,105,5245,1
2021-04-29,Los Angeles,037,10098052,1200017,1192068,41465,1233533,23899
2021-04-29,Madera,039,155013,16490,16383,921,17304,235
2021-04-29,Marin,041,260295,13967,13884,238,14122,228
2021-04-29,Mariposa,043,17540,421,416,11,427,5
2021-04-29,Mendocino,045,87422,3841,3774,79,3853,46
2021-04-29,Merced,047,269075,30658,30706,1041,31747,444
2021-04-29,Modoc,049,8938,369,360,122,482,3
2021-04-29,Mono,051,14174,1246,1259,17,1276,3
2021-04-29,Monterey,053,433212,42973,42797,1860,44657,379
2021-04-29,Napa,055,140530,9791,9789,36,9825,81
2021-04-29,Nevada,057,99092,4691,4590,187,4777,70
2021-04-29,Orange,059,3164182,254209,252823,11199,264022,4934
2021-04-29,Placer,061,380077,22712,22161,1424,23585,286
2021-04-29,Plumas,063,18699,689,676,10,686,4
2021-04-29,Riverside,065,2383286,292643,286947,13929,300876,4409
2021-04-29,Sacramento,067,1510023,103534,102686,1674,104360,1593
2021-04-29,San Benito,069,59416,6021,6023,113,6136,63
2021-04-29,San Bernardino,071,2135413,291880,290606,8929,299535,4609
2021-04-29,San Diego,073,3302833,277701,275961,14515,290476,3700
2021-04-29,San Francisco,075,870044,36298,36412,1271,37683,537
2021-04-29,San Joaquin,077,732212,72028,71225,3470,74695,1301
2021-04-29,San Luis Obispo,079,281455,21143,20876,718,21594,255
2021-04-29,San Mateo,081,765935,41937,41538,459,41997,358
2021-04-29,Santa Barbara,083,443738,34129,34039,1190,35229,448
2021-04-29,Santa Clara,085,1922200,117607,118082,739,118821,1984
2021-04-29,Santa Cruz,087,273765,16111,15961,813,16774,205
2021-04-29,Shasta,089,179085,11843,11836,1464,13300,193
2021-04-29,Sierra,091,2930,56,53,12,65,0
2021-04-29,Siskiyou,093,43540,1760,1615,308,1923,11
2021-04-29,Solano,095,438530,32165,32002,501,32503,248
2021-04-29,Sonoma,097,501317,29654,29785,318,30103,318
2021-04-29,Stanislaus,099,539301,55211,54836,5828,60664,774
2021-04-29,Sutter,101,95872,9363,9346,82,9428,110
2021-04-29,Tehama,103,63373,4971,4939,562,5501,53
2021-04-29,Trinity,105,12862,482,326,86,412,3
2021-04-29,Tulare,107,460477,49812,48785,8878,57663,832
2021-04-29,Tuolumne,109,53932,3969,4030,38,4068,58
2021-04-29,Ventura,111,848112,80843,80188,2959,83147,1002
2021-04-29,Yolo,113,214977,13763,13745,285,14030,205
2021-04-29,Yuba,115,75493,5895,5865,121,5986,44
2021-04-28,Alameda,001,1643700,86731,86390,1913,88303,1260
2021-04-28,Alpine,003,1148,87,88,0,88,0
2021-04-28,Amador,005,37829,3650,3646,33,3679,46
2021-04-28,Butte,007,227075,12168,11762,1761,13523,196
2021-04-28,Calaveras,009,45235,2094,2078,13,2091,50
2021-04-28,Colusa,011,21464,1926,1927,293,2220,14
2021-04-28,Contra Costa,013,1133247,68218,67539,1226,68765,795
2021-04-28,Del Norte,015,27424,1320,1267,11,1278,6
2021-04-28,El Dorado,017,186661,9994,9873,699,10572,107
2021-04-28,Fresno,019,978130,101701,101161,8598,109759,1666
2021-04-28,Glenn,021,27897,2388,2368,542,2910,17
2021-04-28,Humboldt,023,135768,3837,3796,31,3827,36
2021-04-28,Imperial,025,180216,28282,28177,2721,30898,720
2021-04-28,Inyo,027,18085,1398,1396,10,1406,36
2021-04-28,Kern,029,883053,96555,95494,10650,106144,1295
2021-04-28,Kings,031,150075,23018,22767,1071,23838,245
2021-04-28,Lake,033,64148,3455,3433,9,3442,43
2021-04-28,Lassen,035,31185,5174,5138,105,5243,1
2021-04-28,Los Angeles,037,10098052,1199720,1191729,41439,1233168,23858
2021-04-28,Madera,039,155013,16486,16372,921,17293,235
2021-04-28,Marin,041,260295,13956,13866,238,14104,227
2021-04-28,Mariposa,043,17540,418,415,11,426,5
2021-04-28,Mendocino,045,87422,3835,3770,77,3847,46
2021-04-28,Merced,047,269075,30639,30649,1041,31690,443
2021-04-28,Modoc,049,8938,369,360,122,482,3
2021-04-28,Mono,051,14174,1246,1258,17,1275,3
2021-04-28,Monterey,053,433212,42968,42776,1860,44636,379
2021-04-28,Napa,055,140530,9780,9777,36,9813,81
2021-04-28,Nevada,057,99092,4671,4570,187,4757,70
2021-04-28,Orange,059,3164182,254129,252747,11186,263933,4931
2021-04-28,Placer,061,380077,22685,22115,1423,23538,285
2021-04-28,Plumas,063,18699,689,676,10,686,4
2021-04-28,Riverside,065,2383286,292587,286868,13923,300791,4407
2021-04-28,Sacramento,067,1510023,103412,102613,1670,104283,1591
2021-04-28,San Benito,069,59416,6019,6021,113,6134,63
2021-04-28,San Bernardino,071,2135413,291801,290548,8919,299467,4582
2021-04-28,San Diego,073,3302833,277546,275821,14501,290322,3698
2021-04-28,San Francisco,075,870044,36268,36382,1270,37652,534
2021-04-28,San Joaquin,077,732212,71948,71171,3462,74633,1301
2021-04-28,San Luis Obispo,079,281455,21135,20851,718,21569,255
2021-04-28,San Mateo,081,765935,41912,41498,457,41955,358
2021-04-28,Santa Barbara,083,443738,34115,34003,1190,35193,448
2021-04-28,Santa Clara,085,1922200,117538,117997,737,118734,1969
2021-04-28,Santa Cruz,087,273765,16107,15943,812,16755,205
2021-04-28,Shasta,089,179085,11827,11815,1457,13272,192
2021-04-28,Sierra,091,2930,56,51,12,63,0
2021-04-28,Siskiyou,093,43540,1747,1603,305,1908,11
2021-04-28,Solano,095,438530,32133,31982,496,32478,248
2021-04-28,Sonoma,097,501317,29640,29773,314,30087,318
2021-04-28,Stanislaus,099,539301,55156,54745,5825,60570,774
2021-04-28,Sutter,101,95872,9358,9343,82,9425,110
2021-04-28,Tehama,103,63373,4966,4930,561,5491,53
2021-04-28,Trinity,105,12862,482,326,86,412,3
2021-04-28,Tulare,107,460477,49794,48754,8863,57617,832
2021-04-28,Tuolumne,109,53932,3966,4029,38,4067,58
2021-04-28,Ventura,111,848112,80808,80172,2957,83129,1000
2021-04-28,Yolo,113,214977,13749,13721,284,14005,205
2021-04-28,Yuba,115,75493,5889,5857,121,5978,44
2021-04-27,Alameda,001,1643700,86640,86301,1907,88208,1260
2021-04-27,Alpine,003,1148,87,88,0,88,0
2021-04-27,Amador,005,37829,3650,3645,33,3678,46
2021-04-27,Butte,007,227075,12143,11738,1755,13493,196
2021-04-27,Calaveras,009,45235,2092,2076,13,2089,50
2021-04-27,Colusa,011,21464,1925,1926,293,2219,14
2021-04-27,Contra Costa,013,1133247,68149,67470,1222,68692,791
2021-04-27,Del Norte,015,27424,1308,1266,11,1277,6
2021-04-27,El Dorado,017,186661,9965,9866,696,10562,106
2021-04-27,Fresno,019,978130,101636,101138,8588,109726,1663
2021-04-27,Glenn,021,27897,2388,2368,542,2910,17
2021-04-27,Humboldt,023,135768,3825,3780,31,3811,35
2021-04-27,Imperial,025,180216,28266,28149,2715,30864,720
2021-04-27,Inyo,027,18085,1398,1396,10,1406,36
2021-04-27,Kern,029,883053,96498,95466,10639,106105,1295
2021-04-27,Kings,031,150075,23003,22759,1069,23828,244
2021-04-27,Lake,033,64148,3454,3431,9,3440,43
2021-04-27,Lassen,035,31185,5174,5137,105,5242,1
2021-04-27,Los Angeles,037,10098052,1199397,1191504,41409,1232913,23825
2021-04-27,Madera,039,155013,16479,16365,921,17286,235
2021-04-27,Marin,041,260295,13934,13855,238,14093,227
2021-04-27,Mariposa,043,17540,417,413,11,424,5
2021-04-27,Mendocino,045,87422,3831,3765,77,3842,46
2021-04-27,Merced,047,269075,30599,30620,1041,31661,443
2021-04-27,Modoc,049,8938,368,360,122,482,3
2021-04-27,Mono,051,14174,1246,1257,17,1274,3
2021-04-27,Monterey,053,433212,42950,42752,1857,44609,379
2021-04-27,Napa,055,140530,9773,9774,34,9808,81
2021-04-27,Nevada,057,99092,4656,4557,187,4744,70
2021-04-27,Orange,059,3164182,254060,252667,11181,263848,4925
2021-04-27,Placer,061,380077,22654,22050,1419,23469,285
2021-04-27,Plumas,063,18699,688,675,10,685,4
2021-04-27,Riverside,065,2383286,292511,286820,13919,300739,4405
2021-04-27,Sacramento,067,1510023,103283,102595,1660,104255,1589
2021-04-27,San Benito,069,59416,6014,6016,113,6129,63
2021-04-27,San Bernardino,071,2135413,291733,290461,8914,299375,4575
2021-04-27,San Diego,073,3302833,277389,275685,14481,290166,3692
2021-04-27,San Francisco,075,870044,36240,36358,1269,37627,533
2021-04-27,San Joaquin,077,732212,71895,71104,3456,74560,1301
2021-04-27,San Luis Obispo,079,281455,21128,20841,718,21559,255
2021-04-27,San Mateo,081,765935,41877,41474,456,41930,358
2021-04-27,Santa Barbara,083,443738,34092,33973,1189,35162,448
2021-04-27,Santa Clara,085,1922200,117488,117945,736,118681,1969
2021-04-27,Santa Cruz,087,273765,16100,15905,811,16716,205
2021-04-27,Shasta,089,179085,11799,11802,1450,13252,192
2021-04-27,Sierra,091,2930,56,51,12,63,0
2021-04-27,Siskiyou,093,43540,1732,1597,304,1901,11
2021-04-27,Solano,095,438530,32085,31964,495,32459,248
2021-04-27,Sonoma,097,501317,29622,29761,313,30074,318
2021-04-27,Stanislaus,099,539301,55086,54695,5817,60512,752
2021-04-27,Sutter,101,95872,9353,9342,82,9424,110
2021-04-27,Tehama,103,63373,4963,4922,557,5479,53
2021-04-27,Trinity,105,12862,482,326,86,412,3
2021-04-27,Tulare,107,460477,49778,48744,8854,57598,832
2021-04-27,Tuolumne,109,53932,3963,4028,38,4066,58
2021-04-27,Ventura,111,848112,80779,80152,2955,83107,1000
2021-04-27,Yolo,113,214977,13736,13697,282,13979,205
2021-04-27,Yuba,115,75493,5889,5853,121,5974,44
2021-04-26,Alameda,001,1643700,86547,86230,1904,88134,1256
2021-04-26,Alpine,003,1148,87,88,0,88,0
2021-04-26,Amador,005,37829,3649,3645,33,3678,46
2021-04-26,Butte,007,227075,12119,11720,1751,13471,196
2021-04-26,Calaveras,009,45235,2086,2074,13,2087,50
2021-04-26,Colusa,011,21464,1925,1925,292,2217,14
2021-04-26,Contra Costa,013,1133247,68082,67392,1218,68610,789
2021-04-26,Del Norte,015,27424,1299,1263,11,1274,6
2021-04-26,El Dorado,017,186661,9944,9849,695,10544,106
2021-04-26,Fresno,019,978130,101581,101099,8574,109673,1662
2021-04-26,Glenn,021,27897,2386,2367,542,2909,17
2021-04-26,Humboldt,023,135768,3815,3764,30,3794,35
2021-04-26,Imperial,025,180216,28253,28148,2711,30859,720
2021-04-26,Inyo,027,18085,1397,1396,10,1406,36
2021-04-26,Kern,029,883053,96471,95429,10633,106062,1295
2021-04-26,Kings,031,150075,23000,22756,1066,23822,244
2021-04-26,Lake,033,64148,3449,3428,9,3437,43
2021-04-26,Lassen,035,31185,5174,5138,105,5243,1
2021-04-26,Los Angeles,037,10098052,1199070,1191253,41390,1232643,23802
2021-04-26,Madera,039,155013,16467,16353,920,17273,231
2021-04-26,Marin,041,260295,13919,13849,238,14087,227
2021-04-26,Mariposa,043,17540,416,410,11,421,5
2021-04-26,Mendocino,045,87422,3829,3757,76,3833,46
2021-04-26,Merced,047,269075,30582,30611,1038,31649,443
2021-04-26,Modoc,049,8938,368,360,122,482,3
2021-04-26,Mono,051,14174,1246,1258,17,1275,3
2021-04-26,Monterey,053,433212,42934,42740,1856,44596,379
2021-04-26,Napa,055,140530,9761,9769,34,9803,79
2021-04-26,Nevada,057,99092,4635,4548,187,4735,70
2021-04-26,Orange,059,3164182,253976,252592,11170,263762,4919
2021-04-26,Placer,061,380077,22625,22032,1414,23446,285
2021-04-26,Plumas,063,18699,688,670,10,680,4
2021-04-26,Riverside,065,2383286,292449,286724,13911,300635,4401
2021-04-26,Sacramento,067,1510023,103111,102459,1647,104106,1587
2021-04-26,San Benito,069,59416,6012,6013,113,6126,63
2021-04-26,San Bernardino,071,2135413,291682,290394,8913,299307,4572
2021-04-26,San Diego,073,3302833,277215,275541,14453,289994,3692
2021-04-26,San Francisco,075,870044,36212,36330,1268,37598,532
2021-04-26,San Joaquin,077,732212,71829,71050,3448,74498,1301
2021-04-26,San Luis Obispo,079,281455,21120,20830,717,21547,255
2021-04-26,San Mateo,081,765935,41847,41457,456,41913,357
2021-04-26,Santa Barbara,083,443738,34061,33948,1189,35137,448
2021-04-26,Santa Clara,085,1922200,117388,117874,733,118607,1968
2021-04-26,Santa Cruz,087,273765,16091,15877,811,16688,205
2021-04-26,Shasta,089,179085,11782,11787,1444,13231,192
2021-04-26,Sierra,091,2930,55,51,12,63,0
2021-04-26,Siskiyou,093,43540,1722,1592,301,1893,11
2021-04-26,Solano,095,438530,32040,31913,493,32406,247
2021-04-26,Sonoma,097,501317,29599,29755,311,30066,318
2021-04-26,Stanislaus,099,539301,54996,54638,5811,60449,744
2021-04-26,Sutter,101,95872,9348,9328,82,9410,110
2021-04-26,Tehama,103,63373,4958,4920,554,5474,53
2021-04-26,Trinity,105,12862,482,326,86,412,3
2021-04-26,Tulare,107,460477,49758,48735,8845,57580,831
2021-04-26,Tuolumne,109,53932,3962,4024,38,4062,58
2021-04-26,Ventura,111,848112,80754,80137,2952,83089,999
2021-04-26,Yolo,113,214977,13716,13684,279,13963,205
2021-04-26,Yuba,115,75493,5887,5851,121,5972,44
2021-04-25,Alameda,001,1643700,86444,86162,1897,88059,1256
2021-04-25,Alpine,003,1148,87,87,0,87,0
2021-04-25,Amador,005,37829,3648,3643,33,3676,46
2021-04-25,Butte,007,227075,12090,11709,1744,13453,196
2021-04-25,Calaveras,009,45235,2081,2072,12,2084,50
2021-04-25,Colusa,011,21464,1924,1924,292,2216,14
2021-04-25,Contra Costa,013,1133247,67990,67316,1217,68533,789
2021-04-25,Del Norte,015,27424,1293,1259,11,1270,6
2021-04-25,El Dorado,017,186661,9928,9837,693,10530,106
2021-04-25,Fresno,019,978130,101522,101061,8562,109623,1662
2021-04-25,Glenn,021,27897,2386,2366,542,2908,17
2021-04-25,Humboldt,023,135768,3802,3751,30,3781,35
2021-04-25,Imperial,025,180216,28227,28136,2708,30844,720
2021-04-25,Inyo,027,18085,1397,1396,10,1406,36
2021-04-25,Kern,029,883053,96405,95398,10620,106018,1295
2021-04-25,Kings,031,150075,22986,22755,1064,23819,244
2021-04-25,Lake,033,64148,3447,3427,9,3436,43
2021-04-25,Lassen,035,31185,5172,5138,105,5243,1
2021-04-25,Los Angeles,037,10098052,1198736,1190970,41370,1232340,23799
2021-04-25,Madera,039,155013,16455,16346,920,17266,231
2021-04-25,Marin,041,260295,13910,13852,238,14090,227
2021-04-25,Mariposa,043,17540,416,410,11,421,5
2021-04-25,Mendocino,045,87422,3822,3757,76,3833,46
2021-04-25,Merced,047,269075,30548,30586,1037,31623,443
2021-04-25,Modoc,049,8938,368,360,122,482,3
2021-04-25,Mono,051,14174,1246,1257,17,1274,3
2021-04-25,Monterey,053,433212,42921,42737,1854,44591,379
2021-04-25,Napa,055,140530,9756,9762,34,9796,79
2021-04-25,Nevada,057,99092,4623,4536,187,4723,70
2021-04-25,Orange,059,3164182,253900,252531,11163,263694,4919
2021-04-25,Placer,061,380077,22578,22011,1406,23417,285
2021-04-25,Plumas,063,18699,687,670,10,680,4
2021-04-25,Riverside,065,2383286,292355,286651,13905,300556,4401
2021-04-25,Sacramento,067,1510023,102944,102319,1637,103956,1587
2021-04-25,San Benito,069,59416,6010,6014,112,6126,63
2021-04-25,San Bernardino,071,2135413,291607,290357,8905,299262,4571
2021-04-25,San Diego,073,3302833,277002,275412,14420,289832,3692
2021-04-25,San Francisco,075,870044,36181,36310,1268,37578,532
2021-04-25,San Joaquin,077,732212,71734,70987,3438,74425,1301
2021-04-25,San Luis Obispo,079,281455,21101,20820,715,21535,255
2021-04-25,San Mateo,081,765935,41812,41465,455,41920,356
2021-04-25,Santa Barbara,083,443738,34035,33931,1189,35120,448
2021-04-25,Santa Clara,085,1922200,117309,117778,731,118509,1968
2021-04-25,Santa Cruz,087,273765,16085,15868,809,16677,205
2021-04-25,Shasta,089,179085,11759,11784,1439,13223,192
2021-04-25,Sierra,091,2930,55,51,12,63,0
2021-04-25,Siskiyou,093,43540,1711,1580,299,1879,11
2021-04-25,Solano,095,438530,31993,31864,485,32349,247
2021-04-25,Sonoma,097,501317,29581,29756,311,30067,318
2021-04-25,Stanislaus,099,539301,54900,54543,5803,60346,744
2021-04-25,Sutter,101,95872,9342,9326,82,9408,110
2021-04-25,Tehama,103,63373,4954,4916,552,5468,53
2021-04-25,Trinity,105,12862,482,326,86,412,3
2021-04-25,Tulare,107,460477,49742,48728,8831,57559,831
2021-04-25,Tuolumne,109,53932,3960,4022,38,4060,58
2021-04-25,Ventura,111,848112,80730,80110,2952,83062,999
2021-04-25,Yolo,113,214977,13693,13667,277,13944,205
2021-04-25,Yuba,115,75493,5884,5849,120,5969,44
2021-04-24,Alameda,001,1643700,86390,86016,1895,87911,1257
2021-04-24,Alpine,003,1148,87,86,0,86,0
2021-04-24,Amador,005,37829,3647,3640,33,3673,46
2021-04-24,Butte,007,227075,12074,11678,1742,13420,196
2021-04-24,Calaveras,009,45235,2077,2067,12,2079,50
2021-04-24,Colusa,011,21464,1923,1921,292,2213,14
2021-04-24,Contra Costa,013,1133247,67920,67222,1215,68437,789
2021-04-24,Del Norte,015,27424,1288,1255,11,1266,6
2021-04-24,El Dorado,017,186661,9917,9814,692,10506,106
2021-04-24,Fresno,019,978130,101491,100991,8556,109547,1662
2021-04-24,Glenn,021,27897,2386,2363,542,2905,17
2021-04-24,Humboldt,023,135768,3788,3722,30,3752,35
2021-04-24,Imperial,025,180216,28220,28124,2707,30831,720
2021-04-24,Inyo,027,18085,1396,1396,10,1406,36
2021-04-24,Kern,029,883053,96386,95365,10610,105975,1295
2021-04-24,Kings,031,150075,22983,22749,1064,23813,244
2021-04-24,Lake,033,64148,3446,3426,9,3435,43
2021-04-24,Lassen,035,31185,5171,5137,105,5242,1
2021-04-24,Los Angeles,037,10098052,1198509,1190603,41354,1231957,23802
2021-04-24,Madera,039,155013,16452,16338,920,17258,231
2021-04-24,Marin,041,260295,13902,13847,238,14085,227
2021-04-24,Mariposa,043,17540,416,409,11,420,5
2021-04-24,Mendocino,045,87422,3820,3754,74,3828,46
2021-04-24,Merced,047,269075,30528,30559,1037,31596,443
2021-04-24,Modoc,049,8938,368,360,122,482,3
2021-04-24,Mono,051,14174,1246,1256,17,1273,3
2021-04-24,Monterey,053,433212,42909,42727,1853,44580,379
2021-04-24,Napa,055,140530,9750,9756,34,9790,79
2021-04-24,Nevada,057,99092,4616,4522,187,4709,70
2021-04-24,Orange,059,3164182,253856,252441,11157,263598,4910
2021-04-24,Placer,061,380077,22566,21983,1405,23388,285
2021-04-24,Plumas,063,18699,686,670,10,680,4
2021-04-24,Riverside,065,2383286,292287,286552,13901,300453,4400
2021-04-24,Sacramento,067,1510023,102861,102179,1630,103809,1587
2021-04-24,San Benito,069,59416,6008,6007,112,6119,63
2021-04-24,San Bernardino,071,2135413,291558,290264,8904,299168,4568
2021-04-24,San Diego,073,3302833,276898,275252,14400,289652,3688
2021-04-24,San Francisco,075,870044,36152,36285,1264,37549,532
2021-04-24,San Joaquin,077,732212,71690,70911,3435,74346,1301
2021-04-24,San Luis Obispo,079,281455,21091,20797,714,21511,255
2021-04-24,San Mateo,081,765935,41799,41424,453,41877,355
2021-04-24,Santa Barbara,083,443738,34020,33911,1188,35099,448
2021-04-24,Santa Clara,085,1922200,117254,117674,729,118403,1968
2021-04-24,Santa Cruz,087,273765,16077,15840,809,16649,205
2021-04-24,Shasta,089,179085,11741,11770,1436,13206,192
2021-04-24,Sierra,091,2930,55,51,12,63,0
2021-04-24,Siskiyou,093,43540,1701,1574,298,1872,11
2021-04-24,Solano,095,438530,31970,31821,482,32303,247
2021-04-24,Sonoma,097,501317,29579,29739,311,30050,318
2021-04-24,Stanislaus,099,539301,54851,54455,5800,60255,744
2021-04-24,Sutter,101,95872,9339,9316,82,9398,110
2021-04-24,Tehama,103,63373,4949,4907,552,5459,53
2021-04-24,Trinity,105,12862,482,326,86,412,3
2021-04-24,Tulare,107,460477,49731,48705,8821,57526,830
2021-04-24,Tuolumne,109,53932,3956,4020,38,4058,58
2021-04-24,Ventura,111,848112,80717,80097,2950,83047,999
2021-04-24,Yolo,113,214977,13682,13653,277,13930,205
2021-04-24,Yuba,115,75493,5882,5837,120,5957,44
2021-04-23,Alameda,001,1643700,86316,85935,1892,87827,1256
2021-04-23,Alpine,003,1148,86,86,0,86,0
2021-04-23,Amador,005,37829,3646,3637,33,3670,46
2021-04-23,Butte,007,227075,12053,11672,1737,13409,196
2021-04-23,Calaveras,009,45235,2074,2064,12,2076,50
2021-04-23,Colusa,011,21464,1922,1921,292,2213,14
2021-04-23,Contra Costa,013,1133247,67866,67164,1213,68377,785
2021-04-23,Del Norte,015,27424,1287,1254,11,1265,6
2021-04-23,El Dorado,017,186661,9900,9788,689,10477,106
2021-04-23,Fresno,019,978130,101450,100928,8550,109478,1662
2021-04-23,Glenn,021,27897,2386,2361,541,2902,17
2021-04-23,Humboldt,023,135768,3778,3698,30,3728,35
2021-04-23,Imperial,025,180216,28205,28108,2706,30814,720
2021-04-23,Inyo,027,18085,1396,1395,10,1405,36
2021-04-23,Kern,029,883053,96361,95330,10604,105934,1295
2021-04-23,Kings,031,150075,22980,22735,1064,23799,244
2021-04-23,Lake,033,64148,3444,3425,9,3434,43
2021-04-23,Lassen,035,31185,5171,5141,105,5246,1
2021-04-23,Los Angeles,037,10098052,1198245,1190264,41328,1231592,23785
2021-04-23,Madera,039,155013,16443,16328,920,17248,231
2021-04-23,Marin,041,260295,13897,13838,238,14076,227
2021-04-23,Mariposa,043,17540,415,405,11,416,5
2021-04-23,Mendocino,045,87422,3818,3745,73,3818,46
2021-04-23,Merced,047,269075,30511,30530,1036,31566,443
2021-04-23,Modoc,049,8938,368,360,122,482,3
2021-04-23,Mono,051,14174,1244,1256,17,1273,3
2021-04-23,Monterey,053,433212,42903,42722,1853,44575,377
2021-04-23,Napa,055,140530,9745,9752,34,9786,79
2021-04-23,Nevada,057,99092,4607,4510,187,4697,70
2021-04-23,Orange,059,3164182,253812,252399,11150,263549,4904
2021-04-23,Placer,061,380077,22543,21959,1404,23363,282
2021-04-23,Plumas,063,18699,685,670,10,680,4
2021-04-23,Riverside,065,2383286,292228,286456,13896,300352,4399
2021-04-23,Sacramento,067,1510023,102774,102041,1627,103668,1586
2021-04-23,San Benito,069,59416,6006,6005,112,6117,63
2021-04-23,San Bernardino,071,2135413,291507,290189,8903,299092,4568
2021-04-23,San Diego,073,3302833,276760,275097,14377,289474,3684
2021-04-23,San Francisco,075,870044,36135,36252,1263,37515,532
2021-04-23,San Joaquin,077,732212,71634,70840,3432,74272,1295
2021-04-23,San Luis Obispo,079,281455,21082,20781,713,21494,255
2021-04-23,San Mateo,081,765935,41772,41386,453,41839,355
2021-04-23,Santa Barbara,083,443738,34010,33895,1186,35081,447
2021-04-23,Santa Clara,085,1922200,117192,117593,728,118321,1965
2021-04-23,Santa Cruz,087,273765,16070,15802,809,16611,205
2021-04-23,Shasta,089,179085,11734,11759,1435,13194,192
2021-04-23,Sierra,091,2930,55,51,12,63,0
2021-04-23,Siskiyou,093,43540,1689,1567,297,1864,11
2021-04-23,Solano,095,438530,31938,31784,478,32262,247
2021-04-23,Sonoma,097,501317,29565,29727,311,30038,318
2021-04-23,Stanislaus,099,539301,54788,54391,5792,60183,744
2021-04-23,Sutter,101,95872,9337,9312,82,9394,110
2021-04-23,Tehama,103,63373,4946,4906,552,5458,53
2021-04-23,Trinity,105,12862,482,326,86,412,3
2021-04-23,Tulare,107,460477,49714,48694,8813,57507,829
2021-04-23,Tuolumne,109,53932,3955,4020,38,4058,58
2021-04-23,Ventura,111,848112,80698,80095,2950,83045,996
2021-04-23,Yolo,113,214977,13671,13647,276,13923,205
2021-04-23,Yuba,115,75493,5879,5828,120,5948,44
2021-04-22,Alameda,001,1643700,86227,85829,1891,87720,1253
2021-04-22,Alpine,003,1148,86,86,0,86,0
2021-04-22,Amador,005,37829,3645,3633,33,3666,46
2021-04-22,Butte,007,227075,12039,11656,1734,13390,196
2021-04-22,Calaveras,009,45235,2072,2059,12,2071,50
2021-04-22,Colusa,011,21464,1920,1920,290,2210,14
2021-04-22,Contra Costa,013,1133247,67794,67029,1208,68237,782
2021-04-22,Del Norte,015,27424,1282,1252,11,1263,6
2021-04-22,El Dorado,017,186661,9889,9773,686,10459,106
2021-04-22,Fresno,019,978130,101405,100864,8539,109403,1657
2021-04-22,Glenn,021,27897,2385,2361,541,2902,17
2021-04-22,Humboldt,023,135768,3769,3680,30,3710,35
2021-04-22,Imperial,025,180216,28184,28096,2703,30799,720
2021-04-22,Inyo,027,18085,1395,1394,10,1404,36
2021-04-22,Kern,029,883053,96318,95292,10588,105880,1299
2021-04-22,Kings,031,150075,22970,22725,1064,23789,243
2021-04-22,Lake,033,64148,3442,3423,9,3432,43
2021-04-22,Lassen,035,31185,5171,5155,105,5260,1
2021-04-22,Los Angeles,037,10098052,1197925,1189878,41306,1231184,23762
2021-04-22,Madera,039,155013,16424,16316,920,17236,231
2021-04-22,Marin,041,260295,13889,13832,238,14070,227
2021-04-22,Mariposa,043,17540,414,403,11,414,5
2021-04-22,Mendocino,045,87422,3812,3729,73,3802,46
2021-04-22,Merced,047,269075,30476,30490,1035,31525,443
2021-04-22,Modoc,049,8938,368,360,122,482,3
2021-04-22,Mono,051,14174,1244,1254,17,1271,3
2021-04-22,Monterey,053,433212,42896,42708,1851,44559,377
2021-04-22,Napa,055,140530,9735,9734,34,9768,79
2021-04-22,Nevada,057,99092,4598,4504,185,4689,70
2021-04-22,Orange,059,3164182,253739,252307,11138,263445,4898
2021-04-22,Placer,061,380077,22513,21916,1400,23316,282
2021-04-22,Plumas,063,18699,684,670,10,680,4
2021-04-22,Riverside,065,2383286,292129,286362,13887,300249,4398
2021-04-22,Sacramento,067,1510023,102625,101870,1618,103488,1585
2021-04-22,San Benito,069,59416,6002,5998,112,6110,63
2021-04-22,San Bernardino,071,2135413,291436,290125,8894,299019,4571
2021-04-22,San Diego,073,3302833,276594,275913,14355,290268,3684
2021-04-22,San Francisco,075,870044,36113,36218,1260,37478,532
2021-04-22,San Joaquin,077,732212,71575,70751,3425,74176,1295
2021-04-22,San Luis Obispo,079,281455,21068,20761,713,21474,255
2021-04-22,San Mateo,081,765935,41745,41345,451,41796,355
2021-04-22,Santa Barbara,083,443738,33987,33870,1185,35055,446
2021-04-22,Santa Clara,085,1922200,117104,117457,724,118181,1954
2021-04-22,Santa Cruz,087,273765,16067,15737,808,16545,205
2021-04-22,Shasta,089,179085,11719,11738,1433,13171,192
2021-04-22,Sierra,091,2930,55,51,12,63,0
2021-04-22,Siskiyou,093,43540,1685,1564,296,1860,11
2021-04-22,Solano,095,438530,31892,31731,475,32206,247
2021-04-22,Sonoma,097,501317,29550,29705,307,30012,318
2021-04-22,Stanislaus,099,539301,54715,54313,5786,60099,744
2021-04-22,Sutter,101,95872,9333,9302,82,9384,110
2021-04-22,Tehama,103,63373,4940,4896,548,5444,53
2021-04-22,Trinity,105,12862,482,326,86,412,3
2021-04-22,Tulare,107,460477,49694,48669,8804,57473,828
2021-04-22,Tuolumne,109,53932,3951,4020,38,4058,58
2021-04-22,Ventura,111,848112,80672,80073,2948,83021,996
2021-04-22,Yolo,113,214977,13650,13616,276,13892,205
2021-04-22,Yuba,115,75493,5869,5825,120,5945,44
2021-04-21,Alameda,001,1643700,86148,85762,1889,87651,1249
2021-04-21,Alpine,003,1148,86,86,0,86,0
2021-04-21,Amador,005,37829,3642,3632,33,3665,46
2021-04-21,Butte,007,227075,12019,11643,1732,13375,196
2021-04-21,Calaveras,009,45235,2062,2057,12,2069,50
2021-04-21,Colusa,011,21464,1918,1920,289,2209,14
2021-04-21,Contra Costa,013,1133247,67728,66981,1207,68188,782
2021-04-21,Del Norte,015,27424,1278,1252,11,1263,6
2021-04-21,El Dorado,017,186661,9872,9760,684,10444,106
2021-04-21,Fresno,019,978130,101349,100838,8532,109370,1654
2021-04-21,Glenn,021,27897,2384,2361,541,2902,17
2021-04-21,Humboldt,023,135768,3750,3642,30,3672,35
2021-04-21,Imperial,025,180216,28172,28052,2702,30754,719
2021-04-21,Inyo,027,18085,1395,1392,10,1402,36
2021-04-21,Kern,029,883053,96272,95257,10578,105835,1297
2021-04-21,Kings,031,150075,22963,22713,1063,23776,243
2021-04-21,Lake,033,64148,3439,3421,9,3430,43
2021-04-21,Lassen,035,31185,5170,5156,105,5261,1
2021-04-21,Los Angeles,037,10098052,1197587,1189530,41285,1230815,23729
2021-04-21,Madera,039,155013,16419,16309,920,17229,231
2021-04-21,Marin,041,260295,13874,13822,238,14060,227
2021-04-21,Mariposa,043,17540,413,402,11,413,5
2021-04-21,Mendocino,045,87422,3810,3729,73,3802,46
2021-04-21,Merced,047,269075,30456,30471,1033,31504,442
2021-04-21,Modoc,049,8938,368,360,122,482,3
2021-04-21,Mono,051,14174,1244,1254,17,1271,3
2021-04-21,Monterey,053,433212,42881,42699,1849,44548,377
2021-04-21,Napa,055,140530,9729,9727,34,9761,79
2021-04-21,Nevada,057,99092,4584,4499,185,4684,70
2021-04-21,Orange,059,3164182,253663,252243,11125,263368,4889
2021-04-21,Placer,061,380077,22482,21896,1395,23291,282
2021-04-21,Plumas,063,18699,684,670,10,680,4
2021-04-21,Riverside,065,2383286,292035,286299,13880,300179,4388
2021-04-21,Sacramento,067,1510023,102496,101803,1612,103415,1579
2021-04-21,San Benito,069,59416,5999,5998,112,6110,63
2021-04-21,San Bernardino,071,2135413,291361,290049,8892,298941,4572
2021-04-21,San Diego,073,3302833,276385,275632,14317,289949,3681
2021-04-21,San Francisco,075,870044,36093,36194,1259,37453,529
2021-04-21,San Joaquin,077,732212,71520,70687,3415,74102,1295
2021-04-21,San Luis Obispo,079,281455,21053,20724,712,21436,255
2021-04-21,San Mateo,081,765935,41713,41318,450,41768,355
2021-04-21,Santa Barbara,083,443738,33968,33830,1184,35014,445
2021-04-21,Santa Clara,085,1922200,117026,117318,718,118036,1946
2021-04-21,Santa Cruz,087,273765,16058,15698,808,16506,204
2021-04-21,Shasta,089,179085,11700,11722,1431,13153,192
2021-04-21,Sierra,091,2930,55,51,12,63,0
2021-04-21,Siskiyou,093,43540,1678,1557,296,1853,11
2021-04-21,Solano,095,438530,31853,31712,474,32186,244
2021-04-21,Sonoma,097,501317,29538,29697,305,30002,318
2021-04-21,Stanislaus,099,539301,54654,54290,5780,60070,742
2021-04-21,Sutter,101,95872,9325,9297,82,9379,110
2021-04-21,Tehama,103,63373,4933,4893,547,5440,53
2021-04-21,Trinity,105,12862,482,326,86,412,3
2021-04-21,Tulare,107,460477,49679,48653,8791,57444,828
2021-04-21,Tuolumne,109,53932,3948,4019,38,4057,58
2021-04-21,Ventura,111,848112,80640,80039,2945,82984,996
2021-04-21,Yolo,113,214977,13630,13606,275,13881,200
2021-04-21,Yuba,115,75493,5862,5822,119,5941,44
2021-04-20,Alameda,001,1643700,86053,85652,1887,87539,1248
2021-04-20,Alpine,003,1148,85,85,0,85,0
2021-04-20,Amador,005,37829,3641,3631,33,3664,46
2021-04-20,Butte,007,227075,12000,11619,1730,13349,196
2021-04-20,Calaveras,009,45235,2061,2053,12,2065,50
2021-04-20,Colusa,011,21464,1918,1915,288,2203,14
2021-04-20,Contra Costa,013,1133247,67644,66889,1204,68093,782
2021-04-20,Del Norte,015,27424,1277,1250,11,1261,6
2021-04-20,El Dorado,017,186661,9844,9743,682,10425,106
2021-04-20,Fresno,019,978130,101291,100768,8522,109290,1650
2021-04-20,Glenn,021,27897,2382,2359,540,2899,17
2021-04-20,Humboldt,023,135768,3732,3612,30,3642,35
2021-04-20,Imperial,025,180216,28153,28024,2698,30722,719
2021-04-20,Inyo,027,18085,1395,1393,10,1403,36
2021-04-20,Kern,029,883053,96236,95223,10561,105784,1295
2021-04-20,Kings,031,150075,22957,22693,1060,23753,243
2021-04-20,Lake,033,64148,3437,3418,9,3427,43
2021-04-20,Lassen,035,31185,5170,5155,105,5260,1
2021-04-20,Los Angeles,037,10098052,1197240,1189256,41256,1230512,23694
2021-04-20,Madera,039,155013,16413,16301,920,17221,231
2021-04-20,Marin,041,260295,13860,13807,238,14045,227
2021-04-20,Mariposa,043,17540,412,402,11,413,5
2021-04-20,Mendocino,045,87422,3809,3726,73,3799,46
2021-04-20,Merced,047,269075,30429,30439,1032,31471,441
2021-04-20,Modoc,049,8938,368,359,122,481,3
2021-04-20,Mono,051,14174,1243,1254,17,1271,3
2021-04-20,Monterey,053,433212,42870,42663,1846,44509,363
2021-04-20,Napa,055,140530,9725,9711,34,9745,79
2021-04-20,Nevada,057,99092,4566,4485,185,4670,70
2021-04-20,Orange,059,3164182,253573,252134,11113,263247,4887
2021-04-20,Placer,061,380077,22448,21846,1391,23237,282
2021-04-20,Plumas,063,18699,683,670,10,680,4
2021-04-20,Riverside,065,2383286,291938,286194,13875,300069,4388
2021-04-20,Sacramento,067,1510023,102358,101629,1604,103233,1574
2021-04-20,San Benito,069,59416,5996,5988,112,6100,63
2021-04-20,San Bernardino,071,2135413,291281,289905,8890,298795,4569
2021-04-20,San Diego,073,3302833,276154,275369,14284,289653,3674
2021-04-20,San Francisco,075,870044,36074,36117,1258,37375,529
2021-04-20,San Joaquin,077,732212,71447,70590,3406,73996,1289
2021-04-20,San Luis Obispo,079,281455,21030,20691,704,21395,254
2021-04-20,San Mateo,081,765935,41682,41251,450,41701,355
2021-04-20,Santa Barbara,083,443738,33949,33803,1184,34987,445
2021-04-20,Santa Clara,085,1922200,116928,117228,714,117942,1944
2021-04-20,Santa Cruz,087,273765,16046,15647,808,16455,204
2021-04-20,Shasta,089,179085,11684,11677,1428,13105,189
2021-04-20,Sierra,091,2930,55,51,12,63,0
2021-04-20,Siskiyou,093,43540,1670,1551,295,1846,10
2021-04-20,Solano,095,438530,31798,31673,470,32143,243
2021-04-20,Sonoma,097,501317,29529,29676,303,29979,311
2021-04-20,Stanislaus,099,539301,54589,54236,5767,60003,735
2021-04-20,Sutter,101,95872,9321,9279,82,9361,109
2021-04-20,Tehama,103,63373,4928,4887,546,5433,52
2021-04-20,Trinity,105,12862,482,326,86,412,3
2021-04-20,Tulare,107,460477,49656,48650,8783,57433,831
2021-04-20,Tuolumne,109,53932,3948,4014,38,4052,58
2021-04-20,Ventura,111,848112,80612,80018,2943,82961,995
2021-04-20,Yolo,113,214977,13610,13581,274,13855,200
2021-04-20,Yuba,115,75493,5852,5814,119,5933,44
2021-04-19,Alameda,001,1643700,85933,85583,1884,87467,1247
2021-04-19,Alpine,003,1148,85,85,0,85,0
2021-04-19,Amador,005,37829,3640,3629,33,3662,46
2021-04-19,Butte,007,227075,11981,11601,1725,13326,196
2021-04-19,Calaveras,009,45235,2059,2050,12,2062,50
2021-04-19,Colusa,011,21464,1918,1913,287,2200,14
2021-04-19,Contra Costa,013,1133247,67566,66833,1202,68035,782
2021-04-19,Del Norte,015,27424,1275,1247,11,1258,6
2021-04-19,El Dorado,017,186661,9828,9726,677,10403,106
2021-04-19,Fresno,019,978130,101223,100702,8510,109212,1646
2021-04-19,Glenn,021,27897,2382,2358,539,2897,17
2021-04-19,Humboldt,023,135768,3712,3602,28,3630,35
2021-04-19,Imperial,025,180216,28132,27995,2698,30693,719
2021-04-19,Inyo,027,18085,1395,1392,10,1402,36
2021-04-19,Kern,029,883053,96206,95162,10546,105708,1290
2021-04-19,Kings,031,150075,22941,22688,1060,23748,243
2021-04-19,Lake,033,64148,3436,3416,9,3425,43
2021-04-19,Lassen,035,31185,5169,5156,105,5261,1
2021-04-19,Los Angeles,037,10098052,1196863,1188945,41231,1230176,23666
2021-04-19,Madera,039,155013,16402,16289,919,17208,231
2021-04-19,Marin,041,260295,13849,13804,237,14041,226
2021-04-19,Mariposa,043,17540,411,401,11,412,5
2021-04-19,Mendocino,045,87422,3807,3722,73,3795,46
2021-04-19,Merced,047,269075,30400,30422,1031,31453,441
2021-04-19,Modoc,049,8938,368,359,122,481,3
2021-04-19,Mono,051,14174,1242,1254,17,1271,3
2021-04-19,Monterey,053,433212,42857,42642,1841,44483,356
2021-04-19,Napa,055,140530,9717,9680,34,9714,79
2021-04-19,Nevada,057,99092,4550,4477,185,4662,70
2021-04-19,Orange,059,3164182,253455,252013,11099,263112,4883
2021-04-19,Placer,061,380077,22425,21814,1387,23201,282
2021-04-19,Plumas,063,18699,683,665,10,675,4
2021-04-19,Riverside,065,2383286,291842,286087,13865,299952,4371
2021-04-19,Sacramento,067,1510023,102223,101482,1594,103076,1572
2021-04-19,San Benito,069,59416,5988,5989,112,6101,63
2021-04-19,San Bernardino,071,2135413,291195,289738,8884,298622,4561
2021-04-19,San Diego,073,3302833,275906,275113,14251,289364,3674
2021-04-19,San Francisco,075,870044,36039,36094,1255,37349,529
2021-04-19,San Joaquin,077,732212,71368,70514,3399,73913,1289
2021-04-19,San Luis Obispo,079,281455,21004,20669,698,21367,254
2021-04-19,San Mateo,081,765935,41649,41226,449,41675,355
2021-04-19,Santa Barbara,083,443738,33935,33786,1184,34970,446
2021-04-19,Santa Clara,085,1922200,116817,117099,710,117809,1944
2021-04-19,Santa Cruz,087,273765,16034,15600,808,16408,204
2021-04-19,Shasta,089,179085,11669,11662,1420,13082,189
2021-04-19,Sierra,091,2930,55,51,12,63,0
2021-04-19,Siskiyou,093,43540,1660,1544,295,1839,10
2021-04-19,Solano,095,438530,31759,31643,465,32108,239
2021-04-19,Sonoma,097,501317,29510,29667,303,29970,311
2021-04-19,Stanislaus,099,539301,54513,54179,5763,59942,728
2021-04-19,Sutter,101,95872,9310,9269,82,9351,109
2021-04-19,Tehama,103,63373,4922,4878,546,5424,52
2021-04-19,Trinity,105,12862,482,326,85,411,3
2021-04-19,Tulare,107,460477,49640,48630,8770,57400,831
2021-04-19,Tuolumne,109,53932,3947,4010,38,4048,58
2021-04-19,Ventura,111,848112,80586,80000,2941,82941,996
2021-04-19,Yolo,113,214977,13598,13572,271,13843,200
2021-04-19,Yuba,115,75493,5845,5804,118,5922,44
2021-04-18,Alameda,001,1643700,85819,85481,1876,87357,1247
2021-04-18,Alpine,003,1148,85,85,0,85,0
2021-04-18,Amador,005,37829,3637,3627,33,3660,46
2021-04-18,Butte,007,227075,11963,11591,1720,13311,196
2021-04-18,Calaveras,009,45235,2053,2047,12,2059,50
2021-04-18,Colusa,011,21464,1914,1912,286,2198,14
2021-04-18,Contra Costa,013,1133247,67463,66750,1198,67948,782
2021-04-18,Del Norte,015,27424,1275,1240,11,1251,6
2021-04-18,El Dorado,017,186661,9805,9710,675,10385,106
2021-04-18,Fresno,019,978130,101165,100621,8504,109125,1646
2021-04-18,Glenn,021,27897,2377,2358,539,2897,17
2021-04-18,Humboldt,023,135768,3684,3590,28,3618,35
2021-04-18,Imperial,025,180216,28117,27991,2693,30684,719
2021-04-18,Inyo,027,18085,1394,1392,10,1402,36
2021-04-18,Kern,029,883053,96170,95129,10530,105659,1290
2021-04-18,Kings,031,150075,22932,22685,1060,23745,243
2021-04-18,Lake,033,64148,3435,3413,9,3422,43
2021-04-18,Lassen,035,31185,5166,5156,105,5261,1
2021-04-18,Los Angeles,037,10098052,1196402,1188620,41208,1229828,23648
2021-04-18,Madera,039,155013,16391,16277,918,17195,231
2021-04-18,Marin,041,260295,13842,13801,236,14037,226
2021-04-18,Mariposa,043,17540,410,400,10,410,5
2021-04-18,Mendocino,045,87422,3804,3722,73,3795,46
2021-04-18,Merced,047,269075,30363,30405,1029,31434,441
2021-04-18,Modoc,049,8938,368,359,122,481,3
2021-04-18,Mono,051,14174,1242,1254,17,1271,3
2021-04-18,Monterey,053,433212,42845,42638,1840,44478,356
2021-04-18,Napa,055,140530,9701,9674,34,9708,79
2021-04-18,Nevada,057,99092,4535,4464,185,4649,70
2021-04-18,Orange,059,3164182,253341,251940,11091,263031,4883
2021-04-18,Placer,061,380077,22381,21783,1381,23164,282
2021-04-18,Plumas,063,18699,682,665,10,675,4
2021-04-18,Riverside,065,2383286,291752,286043,13861,299904,4371
2021-04-18,Sacramento,067,1510023,102047,101354,1588,102942,1572
2021-04-18,San Benito,069,59416,5986,5989,112,6101,63
2021-04-18,San Bernardino,071,2135413,291102,289691,8875,298566,4556
2021-04-18,San Diego,073,3302833,275627,274961,14216,289177,3674
2021-04-18,San Francisco,075,870044,36002,36073,1251,37324,525
2021-04-18,San Joaquin,077,732212,71287,70466,3390,73856,1289
2021-04-18,San Luis Obispo,079,281455,20982,20656,692,21348,254
2021-04-18,San Mateo,081,765935,41620,41201,448,41649,352
2021-04-18,Santa Barbara,083,443738,33900,33769,1183,34952,446
2021-04-18,Santa Clara,085,1922200,116649,116996,704,117700,1944
2021-04-18,Santa Cruz,087,273765,16024,15580,807,16387,204
2021-04-18,Shasta,089,179085,11648,11658,1417,13075,189
2021-04-18,Sierra,091,2930,55,51,12,63,0
2021-04-18,Siskiyou,093,43540,1649,1538,293,1831,10
2021-04-18,Solano,095,438530,31709,31606,464,32070,239
2021-04-18,Sonoma,097,501317,29494,29660,301,29961,311
2021-04-18,Stanislaus,099,539301,54431,54132,5756,59888,728
2021-04-18,Sutter,101,95872,9296,9261,82,9343,109
2021-04-18,Tehama,103,63373,4913,4877,545,5422,52
2021-04-18,Trinity,105,12862,482,326,85,411,3
2021-04-18,Tulare,107,460477,49628,48618,8764,57382,829
2021-04-18,Tuolumne,109,53932,3946,4008,37,4045,58
2021-04-18,Ventura,111,848112,80555,79984,2937,82921,996
2021-04-18,Yolo,113,214977,13586,13562,269,13831,200
2021-04-18,Yuba,115,75493,5838,5804,118,5922,44
2021-04-17,Alameda,001,1643700,85746,85367,1872,87239,1247
2021-04-17,Alpine,003,1148,85,85,0,85,0
2021-04-17,Amador,005,37829,3635,3625,33,3658,46
2021-04-17,Butte,007,227075,11943,11573,1716,13289,196
2021-04-17,Calaveras,009,45235,2051,2045,12,2057,50
2021-04-17,Colusa,011,21464,1914,1912,286,2198,14
2021-04-17,Contra Costa,013,1133247,67415,66657,1190,67847,782
2021-04-17,Del Norte,015,27424,1275,1238,11,1249,6
2021-04-17,El Dorado,017,186661,9790,9692,672,10364,106
2021-04-17,Fresno,019,978130,101132,100562,8499,109061,1646
2021-04-17,Glenn,021,27897,2377,2357,539,2896,17
2021-04-17,Humboldt,023,135768,3660,3579,28,3607,35
2021-04-17,Imperial,025,180216,28106,27987,2692,30679,719
2021-04-17,Inyo,027,18085,1391,1392,10,1402,36
2021-04-17,Kern,029,883053,96152,95102,10526,105628,1290
2021-04-17,Kings,031,150075,22927,22678,1059,23737,243
2021-04-17,Lake,033,64148,3434,3409,9,3418,43
2021-04-17,Lassen,035,31185,5166,5154,105,5259,1
2021-04-17,Los Angeles,037,10098052,1196146,1188262,41175,1229437,23653
2021-04-17,Madera,039,155013,16387,16260,917,17177,231
2021-04-17,Marin,041,260295,13838,13797,236,14033,226
2021-04-17,Mariposa,043,17540,409,398,10,408,5
2021-04-17,Mendocino,045,87422,3801,3721,73,3794,46
2021-04-17,Merced,047,269075,30347,30392,1028,31420,441
2021-04-17,Modoc,049,8938,368,357,122,479,3
2021-04-17,Mono,051,14174,1242,1253,17,1270,3
2021-04-17,Monterey,053,433212,42836,42630,1838,44468,356
2021-04-17,Napa,055,140530,9697,9666,34,9700,79
2021-04-17,Nevada,057,99092,4527,4457,185,4642,70
2021-04-17,Orange,059,3164182,253272,251873,11079,262952,4878
2021-04-17,Placer,061,380077,22358,21736,1376,23112,282
2021-04-17,Plumas,063,18699,681,666,10,676,4
2021-04-17,Riverside,065,2383286,291683,285963,13853,299816,4371
2021-04-17,Sacramento,067,1510023,101937,101172,1577,102749,1572
2021-04-17,San Benito,069,59416,5980,5986,112,6098,63
2021-04-17,San Bernardino,071,2135413,291047,289624,8872,298496,4555
2021-04-17,San Diego,073,3302833,275480,274812,14182,288994,3674
2021-04-17,San Francisco,075,870044,35981,36032,1248,37280,523
2021-04-17,San Joaquin,077,732212,71247,70372,3380,73752,1288
2021-04-17,San Luis Obispo,079,281455,20969,20642,689,21331,254
2021-04-17,San Mateo,081,765935,41597,41157,448,41605,352
2021-04-17,Santa Barbara,083,443738,33869,33738,1181,34919,446
2021-04-17,Santa Clara,085,1922200,116557,116887,702,117589,1944
2021-04-17,Santa Cruz,087,273765,16018,15571,807,16378,204
2021-04-17,Shasta,089,179085,11633,11647,1416,13063,189
2021-04-17,Sierra,091,2930,55,51,12,63,0
2021-04-17,Siskiyou,093,43540,1644,1539,290,1829,10
2021-04-17,Solano,095,438530,31678,31541,461,32002,239
2021-04-17,Sonoma,097,501317,29487,29637,301,29938,311
2021-04-17,Stanislaus,099,539301,54394,54058,5751,59809,728
2021-04-17,Sutter,101,95872,9290,9252,82,9334,109
2021-04-17,Tehama,103,63373,4907,4875,544,5419,52
2021-04-17,Trinity,105,12862,482,326,85,411,3
2021-04-17,Tulare,107,460477,49616,48603,8760,57363,829
2021-04-17,Tuolumne,109,53932,3944,4005,37,4042,58
2021-04-17,Ventura,111,848112,80534,79964,2937,82901,996
2021-04-17,Yolo,113,214977,13576,13580,269,13849,200
2021-04-17,Yuba,115,75493,5833,5802,117,5919,44
2021-04-16,Alameda,001,1643700,85667,85243,1870,87113,1245
2021-04-16,Alpine,003,1148,85,85,0,85,0
2021-04-16,Amador,005,37829,3630,3621,33,3654,46
2021-04-16,Butte,007,227075,11931,11549,1714,13263,196
2021-04-16,Calaveras,009,45235,2049,2042,12,2054,50
2021-04-16,Colusa,011,21464,1912,1911,286,2197,14
2021-04-16,Contra Costa,013,1133247,67361,66569,1187,67756,782
2021-04-16,Del Norte,015,27424,1274,1237,11,1248,6
2021-04-16,El Dorado,017,186661,9770,9665,668,10333,106
2021-04-16,Fresno,019,978130,101082,100500,8493,108993,1643
2021-04-16,Glenn,021,27897,2377,2355,539,2894,17
2021-04-16,Humboldt,023,135768,3639,3570,27,3597,35
2021-04-16,Imperial,025,180216,28096,27962,2691,30653,719
2021-04-16,Inyo,027,18085,1391,1392,10,1402,36
2021-04-16,Kern,029,883053,96123,95066,10523,105589,1288
2021-04-16,Kings,031,150075,22923,22667,1058,23725,243
2021-04-16,Lake,033,64148,3428,3406,9,3415,43
2021-04-16,Lassen,035,31185,5165,5155,105,5260,1
2021-04-16,Los Angeles,037,10098052,1195845,1187818,41139,1228957,23627
2021-04-16,Madera,039,155013,16381,16250,916,17166,231
2021-04-16,Marin,041,260295,13835,13788,236,14024,226
2021-04-16,Mariposa,043,17540,408,396,9,405,5
2021-04-16,Mendocino,045,87422,3799,3719,73,3792,46
2021-04-16,Merced,047,269075,30332,30355,1028,31383,438
2021-04-16,Modoc,049,8938,368,355,122,477,3
2021-04-16,Mono,051,14174,1242,1253,17,1270,3
2021-04-16,Monterey,053,433212,42825,42620,1835,44455,351
2021-04-16,Napa,055,140530,9689,9653,34,9687,79
2021-04-16,Nevada,057,99092,4518,4443,185,4628,70
2021-04-16,Orange,059,3164182,253208,251770,11070,262840,4873
2021-04-16,Placer,061,380077,22331,21680,1371,23051,282
2021-04-16,Plumas,063,18699,680,665,10,675,4
2021-04-16,Riverside,065,2383286,291606,285818,13851,299669,4369
2021-04-16,Sacramento,067,1510023,101840,100993,1572,102565,1572
2021-04-16,San Benito,069,59416,5978,5982,112,6094,63
2021-04-16,San Bernardino,071,2135413,291000,289424,8871,298295,4550
2021-04-16,San Diego,073,3302833,275326,274567,14164,288731,3662
2021-04-16,San Francisco,075,870044,35955,35993,1244,37237,517
2021-04-16,San Joaquin,077,732212,71180,70280,3372,73652,1288
2021-04-16,San Luis Obispo,079,281455,20957,20623,688,21311,253
2021-04-16,San Mateo,081,765935,41568,41107,447,41554,352
2021-04-16,Santa Barbara,083,443738,33851,33703,1181,34884,446
2021-04-16,Santa Clara,085,1922200,116457,116693,699,117392,1941
2021-04-16,Santa Cruz,087,273765,16016,15539,807,16346,204
2021-04-16,Shasta,089,179085,11621,11623,1414,13037,189
2021-04-16,Sierra,091,2930,55,51,12,63,0
2021-04-16,Siskiyou,093,43540,1640,1530,288,1818,10
2021-04-16,Solano,095,438530,31639,31470,458,31928,239
2021-04-16,Sonoma,097,501317,29476,29617,301,29918,311
2021-04-16,Stanislaus,099,539301,54346,53983,5749,59732,728
2021-04-16,Sutter,101,95872,9284,9247,82,9329,109
2021-04-16,Tehama,103,63373,4906,4866,544,5410,52
2021-04-16,Trinity,105,12862,482,326,85,411,3
2021-04-16,Tulare,107,460477,49604,48583,8756,57339,830
2021-04-16,Tuolumne,109,53932,3941,4005,37,4042,58
2021-04-16,Ventura,111,848112,80509,79942,2932,82874,994
2021-04-16,Yolo,113,214977,13563,13559,267,13826,198
2021-04-16,Yuba,115,75493,5830,5795,116,5911,44
2021-04-15,Alameda,001,1643700,85560,85089,1868,86957,1246
2021-04-15,Alpine,003,1148,85,85,0,85,0
2021-04-15,Amador,005,37829,3629,3616,33,3649,46
2021-04-15,Butte,007,227075,11916,11529,1710,13239,196
2021-04-15,Calaveras,009,45235,2049,2039,12,2051,50
2021-04-15,Colusa,011,21464,1910,1909,285,2194,14
2021-04-15,Contra Costa,013,1133247,67287,66480,1183,67663,781
2021-04-15,Del Norte,015,27424,1267,1235,11,1246,6
2021-04-15,El Dorado,017,186661,9757,9639,666,10305,106
2021-04-15,Fresno,019,978130,101020,100431,8487,108918,1642
2021-04-15,Glenn,021,27897,2377,2354,539,2893,17
2021-04-15,Humboldt,023,135768,3618,3561,27,3588,35
2021-04-15,Imperial,025,180216,28068,27920,2688,30608,718
2021-04-15,Inyo,027,18085,1391,1393,10,1403,36
2021-04-15,Kern,029,883053,96090,94989,10509,105498,1289
2021-04-15,Kings,031,150075,22909,22648,1058,23706,242
2021-04-15,Lake,033,64148,3427,3399,9,3408,43
2021-04-15,Lassen,035,31185,5164,5152,105,5257,1
2021-04-15,Los Angeles,037,10098052,1195444,1187274,41103,1228377,23598
2021-04-15,Madera,039,155013,16366,16234,916,17150,231
2021-04-15,Marin,041,260295,13831,13783,235,14018,226
2021-04-15,Mariposa,043,17540,406,395,9,404,5
2021-04-15,Mendocino,045,87422,3798,3714,73,3787,46
2021-04-15,Merced,047,269075,30306,30325,1027,31352,437
2021-04-15,Modoc,049,8938,368,355,122,477,3
2021-04-15,Mono,051,14174,1241,1253,17,1270,3
2021-04-15,Monterey,053,433212,42815,42604,1833,44437,347
2021-04-15,Napa,055,140530,9681,9645,34,9679,79
2021-04-15,Nevada,057,99092,4506,4434,184,4618,70
2021-04-15,Orange,059,3164182,253113,251679,11057,262736,4857
2021-04-15,Placer,061,380077,22301,21614,1364,22978,281
2021-04-15,Plumas,063,18699,678,665,10,675,4
2021-04-15,Riverside,065,2383286,291502,285698,13844,299542,4363
2021-04-15,Sacramento,067,1510023,101710,100782,1558,102340,1570
2021-04-15,San Benito,069,59416,5975,5969,111,6080,63
2021-04-15,San Bernardino,071,2135413,290911,289288,8864,298152,4544
2021-04-15,San Diego,073,3302833,275080,274250,14105,288355,3653
2021-04-15,San Francisco,075,870044,35936,35947,1242,37189,510
2021-04-15,San Joaquin,077,732212,71099,70189,3364,73553,1288
2021-04-15,San Luis Obispo,079,281455,20941,20591,685,21276,253
2021-04-15,San Mateo,081,765935,41529,41050,446,41496,352
2021-04-15,Santa Barbara,083,443738,33833,33672,1177,34849,446
2021-04-15,Santa Clara,085,1922200,116351,116602,695,117297,1927
2021-04-15,Santa Cruz,087,273765,16006,15509,807,16316,203
2021-04-15,Shasta,089,179085,11607,11597,1410,13007,191
2021-04-15,Sierra,091,2930,55,51,12,63,0
2021-04-15,Siskiyou,093,43540,1634,1524,287,1811,10
2021-04-15,Solano,095,438530,31601,31394,457,31851,239
2021-04-15,Sonoma,097,501317,29462,29587,301,29888,311
2021-04-15,Stanislaus,099,539301,54292,53918,5740,59658,728
2021-04-15,Sutter,101,95872,9277,9237,82,9319,109
2021-04-15,Tehama,103,63373,4905,4854,543,5397,52
2021-04-15,Trinity,105,12862,482,326,85,411,3
2021-04-15,Tulare,107,460477,49583,48556,8756,57312,829
2021-04-15,Tuolumne,109,53932,3941,4003,37,4040,57
2021-04-15,Ventura,111,848112,80490,79917,2930,82847,989
2021-04-15,Yolo,113,214977,13544,13547,265,13812,198
2021-04-15,Yuba,115,75493,5827,5788,116,5904,44
2021-04-14,Alameda,001,1643700,85463,85009,1867,86876,1247
2021-04-14,Alpine,003,1148,85,85,0,85,0
2021-04-14,Amador,005,37829,3628,3613,33,3646,46
2021-04-14,Butte,007,227075,11903,11513,1709,13222,196
2021-04-14,Calaveras,009,45235,2048,2037,12,2049,50
2021-04-14,Colusa,011,21464,1910,1905,285,2190,14
2021-04-14,Contra Costa,013,1133247,67201,66400,1177,67577,781
2021-04-14,Del Norte,015,27424,1267,1228,11,1239,6
2021-04-14,El Dorado,017,186661,9742,9625,661,10286,106
2021-04-14,Fresno,019,978130,100963,100376,8474,108850,1640
2021-04-14,Glenn,021,27897,2377,2353,539,2892,17
2021-04-14,Humboldt,023,135768,3596,3551,26,3577,35
2021-04-14,Imperial,025,180216,28046,27907,2686,30593,718
2021-04-14,Inyo,027,18085,1391,1392,10,1402,36
2021-04-14,Kern,029,883053,96065,94947,10502,105449,1287
2021-04-14,Kings,031,150075,22900,22641,1056,23697,243
2021-04-14,Lake,033,64148,3422,3396,9,3405,43
2021-04-14,Lassen,035,31185,5163,5151,105,5256,1
2021-04-14,Los Angeles,037,10098052,1195046,1186821,41058,1227879,23579
2021-04-14,Madera,039,155013,16357,16218,916,17134,231
2021-04-14,Marin,041,260295,13829,13768,234,14002,226
2021-04-14,Mariposa,043,17540,405,394,9,403,5
2021-04-14,Mendocino,045,87422,3793,3711,73,3784,46
2021-04-14,Merced,047,269075,30290,30296,1025,31321,436
2021-04-14,Modoc,049,8938,368,355,122,477,3
2021-04-14,Mono,051,14174,1240,1252,17,1269,3
2021-04-14,Monterey,053,433212,42799,42595,1829,44424,347
2021-04-14,Napa,055,140530,9670,9643,34,9677,79
2021-04-14,Nevada,057,99092,4499,4421,184,4605,70
2021-04-14,Orange,059,3164182,253008,251568,11037,262605,4849
2021-04-14,Placer,061,380077,22268,21575,1363,22938,280
2021-04-14,Plumas,063,18699,678,665,10,675,4
2021-04-14,Riverside,065,2383286,291392,285583,13838,299421,4358
2021-04-14,Sacramento,067,1510023,101535,100645,1544,102189,1570
2021-04-14,San Benito,069,59416,5973,5960,111,6071,62
2021-04-14,San Bernardino,071,2135413,290844,289078,8861,297939,4523
2021-04-14,San Diego,073,3302833,274869,273969,14076,288045,3648
2021-04-14,San Francisco,075,870044,35898,35898,1241,37139,510
2021-04-14,San Joaquin,077,732212,71029,70095,3358,73453,1288
2021-04-14,San Luis Obispo,079,281455,20918,20561,675,21236,253
2021-04-14,San Mateo,081,765935,41489,40982,443,41425,352
2021-04-14,Santa Barbara,083,443738,33804,33650,1177,34827,445
2021-04-14,Santa Clara,085,1922200,116233,116488,692,117180,1922
2021-04-14,Santa Cruz,087,273765,15996,15481,807,16288,203
2021-04-14,Shasta,089,179085,11581,11581,1408,12989,190
2021-04-14,Sierra,091,2930,55,51,12,63,0
2021-04-14,Siskiyou,093,43540,1626,1518,286,1804,10
2021-04-14,Solano,095,438530,31548,31357,450,31807,239
2021-04-14,Sonoma,097,501317,29454,29572,299,29871,311
2021-04-14,Stanislaus,099,539301,54221,53836,5731,59567,727
2021-04-14,Sutter,101,95872,9269,9230,82,9312,106
2021-04-14,Tehama,103,63373,4899,4853,542,5395,52
2021-04-14,Trinity,105,12862,482,326,85,411,3
2021-04-14,Tulare,107,460477,49557,48527,8753,57280,827
2021-04-14,Tuolumne,109,53932,3940,3997,37,4034,57
2021-04-14,Ventura,111,848112,80454,79891,2928,82819,986
2021-04-14,Yolo,113,214977,13528,13530,263,13793,198
2021-04-14,Yuba,115,75493,5825,5778,116,5894,44
2021-04-13,Alameda,001,1643700,85357,84921,1864,86785,1239
2021-04-13,Alpine,003,1148,85,85,0,85,0
2021-04-13,Amador,005,37829,3625,3609,33,3642,46
2021-04-13,Butte,007,227075,11885,11497,1706,13203,196
2021-04-13,Calaveras,009,45235,2045,2035,12,2047,50
2021-04-13,Colusa,011,21464,1908,1905,283,2188,14
2021-04-13,Contra Costa,013,1133247,67112,66304,1177,67481,778
2021-04-13,Del Norte,015,27424,1262,1221,11,1232,6
2021-04-13,El Dorado,017,186661,9716,9609,658,10267,106
2021-04-13,Fresno,019,978130,100881,100357,8468,108825,1636
2021-04-13,Glenn,021,27897,2376,2351,539,2890,17
2021-04-13,Humboldt,023,135768,3579,3540,26,3566,35
2021-04-13,Imperial,025,180216,28027,27887,2678,30565,718
2021-04-13,Inyo,027,18085,1391,1391,10,1401,36
2021-04-13,Kern,029,883053,96021,94908,10490,105398,1285
2021-04-13,Kings,031,150075,22884,22636,1055,23691,243
2021-04-13,Lake,033,64148,3419,3390,9,3399,43
2021-04-13,Lassen,035,31185,5162,5147,105,5252,1
2021-04-13,Los Angeles,037,10098052,1194591,1186482,41016,1227498,23526
2021-04-13,Madera,039,155013,16347,16207,914,17121,231
2021-04-13,Marin,041,260295,13821,13760,233,13993,224
2021-04-13,Mariposa,043,17540,404,394,6,400,5
2021-04-13,Mendocino,045,87422,3787,3702,73,3775,46
2021-04-13,Merced,047,269075,30260,30276,1022,31298,435
2021-04-13,Modoc,049,8938,368,355,122,477,3
2021-04-13,Mono,051,14174,1240,1251,17,1268,3
2021-04-13,Monterey,053,433212,42788,42577,1829,44406,347
2021-04-13,Napa,055,140530,9660,9627,34,9661,79
2021-04-13,Nevada,057,99092,4487,4415,184,4599,69
2021-04-13,Orange,059,3164182,252913,251491,11018,262509,4836
2021-04-13,Placer,061,380077,22231,21534,1360,22894,280
2021-04-13,Plumas,063,18699,677,665,10,675,4
2021-04-13,Riverside,065,2383286,291273,285505,13832,299337,4348
2021-04-13,Sacramento,067,1510023,101360,100551,1539,102090,1569
2021-04-13,San Benito,069,59416,5970,5946,111,6057,62
2021-04-13,San Bernardino,071,2135413,290728,288929,8855,297784,4521
2021-04-13,San Diego,073,3302833,274615,273709,14041,287750,3623
2021-04-13,San Francisco,075,870044,35862,35869,1237,37106,506
2021-04-13,San Joaquin,077,732212,70921,70034,3350,73384,1288
2021-04-13,San Luis Obispo,079,281455,20891,20536,665,21201,253
2021-04-13,San Mateo,081,765935,41444,40955,443,41398,353
2021-04-13,Santa Barbara,083,443738,33782,33613,1174,34787,444
2021-04-13,Santa Clara,085,1922200,116104,116363,691,117054,1923
2021-04-13,Santa Cruz,087,273765,15989,15449,807,16256,203
2021-04-13,Shasta,089,179085,11561,11536,1405,12941,189
2021-04-13,Sierra,091,2930,55,51,12,63,0
2021-04-13,Siskiyou,093,43540,1618,1511,281,1792,10
2021-04-13,Solano,095,438530,31499,31335,446,31781,239
2021-04-13,Sonoma,097,501317,29446,29544,298,29842,311
2021-04-13,Stanislaus,099,539301,54148,53797,5722,59519,722
2021-04-13,Sutter,101,95872,9265,9226,82,9308,106
2021-04-13,Tehama,103,63373,4892,4850,539,5389,52
2021-04-13,Trinity,105,12862,482,326,85,411,3
2021-04-13,Tulare,107,460477,49544,48511,8750,57261,825
2021-04-13,Tuolumne,109,53932,3938,3995,37,4032,57
2021-04-13,Ventura,111,848112,80422,79854,2926,82780,986
2021-04-13,Yolo,113,214977,13516,13516,262,13778,198
2021-04-13,Yuba,115,75493,5816,5776,116,5892,44
2021-04-12,Alameda,001,1643700,85256,84817,1863,86680,1238
2021-04-12,Alpine,003,1148,85,85,0,85,0
2021-04-12,Amador,005,37829,3624,3607,33,3640,46
2021-04-12,Butte,007,227075,11870,11488,1702,13190,193
2021-04-12,Calaveras,009,45235,2042,2033,12,2045,50
2021-04-12,Colusa,011,21464,1906,1904,281,2185,14
2021-04-12,Contra Costa,013,1133247,67031,66176,1177,67353,777
2021-04-12,Del Norte,015,27424,1259,1216,11,1227,6
2021-04-12,El Dorado,017,186661,9699,9588,656,10244,106
2021-04-12,Fresno,019,978130,100820,100277,8444,108721,1633
2021-04-12,Glenn,021,27897,2375,2349,539,2888,17
2021-04-12,Humboldt,023,135768,3565,3533,25,3558,35
2021-04-12,Imperial,025,180216,27997,27851,2673,30524,717
2021-04-12,Inyo,027,18085,1391,1390,10,1400,36
2021-04-12,Kern,029,883053,95984,94861,10479,105340,1283
2021-04-12,Kings,031,150075,22876,22621,1054,23675,241
2021-04-12,Lake,033,64148,3415,3380,9,3389,43
2021-04-12,Lassen,035,31185,5161,5147,105,5252,1
2021-04-12,Los Angeles,037,10098052,1194088,1186145,40976,1227121,23505
2021-04-12,Madera,039,155013,16335,16174,912,17086,231
2021-04-12,Marin,041,260295,13808,13751,231,13982,224
2021-04-12,Mariposa,043,17540,403,394,6,400,5
2021-04-12,Mendocino,045,87422,3786,3699,73,3772,46
2021-04-12,Merced,047,269075,30229,30261,1019,31280,435
2021-04-12,Modoc,049,8938,366,352,122,474,3
2021-04-12,Mono,051,14174,1240,1251,17,1268,3
2021-04-12,Monterey,053,433212,42774,42555,1827,44382,346
2021-04-12,Napa,055,140530,9646,9603,34,9637,80
2021-04-12,Nevada,057,99092,4476,4408,184,4592,69
2021-04-12,Orange,059,3164182,252827,251350,10997,262347,4826
2021-04-12,Placer,061,380077,22181,21475,1357,22832,278
2021-04-12,Plumas,063,18699,675,666,10,676,4
2021-04-12,Riverside,065,2383286,291162,285361,13826,299187,4336
2021-04-12,Sacramento,067,1510023,101186,100394,1534,101928,1566
2021-04-12,San Benito,069,59416,5962,5942,110,6052,62
2021-04-12,San Bernardino,071,2135413,290621,288736,8843,297579,4493
2021-04-12,San Diego,073,3302833,274355,273431,14012,287443,3621
2021-04-12,San Francisco,075,870044,35828,35841,1236,37077,506
2021-04-12,San Joaquin,077,732212,70849,69968,3343,73311,1288
2021-04-12,San Luis Obispo,079,281455,20846,20515,652,21167,253
2021-04-12,San Mateo,081,765935,41402,40920,439,41359,353
2021-04-12,Santa Barbara,083,443738,33751,33606,1174,34780,444
2021-04-12,Santa Clara,085,1922200,115976,116252,689,116941,1923
2021-04-12,Santa Cruz,087,273765,15969,15406,807,16213,203
2021-04-12,Shasta,089,179085,11544,11509,1401,12910,189
2021-04-12,Sierra,091,2930,55,51,12,63,0
2021-04-12,Siskiyou,093,43540,1607,1511,278,1789,7
2021-04-12,Solano,095,438530,31457,31305,443,31748,238
2021-04-12,Sonoma,097,501317,29418,29500,298,29798,310
2021-04-12,Stanislaus,099,539301,54082,53722,5715,59437,707
2021-04-12,Sutter,101,95872,9254,9221,82,9303,106
2021-04-12,Tehama,103,63373,4883,4834,535,5369,52
2021-04-12,Trinity,105,12862,482,324,85,409,3
2021-04-12,Tulare,107,460477,49524,48495,8740,57235,824
2021-04-12,Tuolumne,109,53932,3934,3993,37,4030,57
2021-04-12,Ventura,111,848112,80389,79818,2924,82742,985
2021-04-12,Yolo,113,214977,13502,13510,261,13771,198
2021-04-12,Yuba,115,75493,5810,5773,116,5889,43
2021-04-11,Alameda,001,1643700,85119,84756,1857,86613,1238
2021-04-11,Alpine,003,1148,85,85,0,85,0
2021-04-11,Amador,005,37829,3622,3605,33,3638,46
2021-04-11,Butte,007,227075,11835,11487,1698,13185,193
2021-04-11,Calaveras,009,45235,2038,2036,12,2048,50
2021-04-11,Colusa,011,21464,1905,1904,280,2184,14
2021-04-11,Contra Costa,013,1133247,66922,66107,1175,67282,777
2021-04-11,Del Norte,015,27424,1253,1214,11,1225,6
2021-04-11,El Dorado,017,186661,9685,9575,653,10228,106
2021-04-11,Fresno,019,978130,100752,100230,8434,108664,1633
2021-04-11,Glenn,021,27897,2371,2348,539,2887,17
2021-04-11,Humboldt,023,135768,3555,3523,25,3548,35
2021-04-11,Imperial,025,180216,27973,27841,2671,30512,717
2021-04-11,Inyo,027,18085,1391,1390,10,1400,36
2021-04-11,Kern,029,883053,95923,94830,10471,105301,1283
2021-04-11,Kings,031,150075,22867,22618,1051,23669,241
2021-04-11,Lake,033,64148,3411,3377,9,3386,43
2021-04-11,Lassen,035,31185,5157,5147,105,5252,1
2021-04-11,Los Angeles,037,10098052,1193576,1185757,40934,1226691,23503
2021-04-11,Madera,039,155013,16316,16166,911,17077,231
2021-04-11,Marin,041,260295,13801,13741,230,13971,226
2021-04-11,Mariposa,043,17540,403,394,6,400,5
2021-04-11,Mendocino,045,87422,3784,3696,73,3769,46
2021-04-11,Merced,047,269075,30191,30249,1018,31267,435
2021-04-11,Modoc,049,8938,365,352,120,472,3
2021-04-11,Mono,051,14174,1239,1250,17,1267,3
2021-04-11,Monterey,053,433212,42767,42547,1820,44367,346
2021-04-11,Napa,055,140530,9635,9592,34,9626,80
2021-04-11,Nevada,057,99092,4462,4394,184,4578,69
2021-04-11,Orange,059,3164182,252700,251233,10986,262219,4826
2021-04-11,Placer,061,380077,22123,21458,1352,22810,278
2021-04-11,Plumas,063,18699,675,666,10,676,4
2021-04-11,Riverside,065,2383286,291029,285269,13816,299085,4336
2021-04-11,Sacramento,067,1510023,101016,100296,1522,101818,1566
2021-04-11,San Benito,069,59416,5954,5941,109,6050,62
2021-04-11,San Bernardino,071,2135413,290512,288686,8837,297523,4492
2021-04-11,San Diego,073,3302833,274057,273287,13953,287240,3621
2021-04-11,San Francisco,075,870044,35792,35815,1233,37048,498
2021-04-11,San Joaquin,077,732212,70763,69939,3332,73271,1288
2021-04-11,San Luis Obispo,079,281455,20820,20501,649,21150,253
2021-04-11,San Mateo,081,765935,41344,40901,438,41339,353
2021-04-11,Santa Barbara,083,443738,33716,33591,1173,34764,444
2021-04-11,Santa Clara,085,1922200,115840,116161,686,116847,1923
2021-04-11,Santa Cruz,087,273765,15957,15382,807,16189,203
2021-04-11,Shasta,089,179085,11500,11504,1400,12904,189
2021-04-11,Sierra,091,2930,55,51,12,63,0
2021-04-11,Siskiyou,093,43540,1600,1509,275,1784,7
2021-04-11,Solano,095,438530,31404,31268,439,31707,238
2021-04-11,Sonoma,097,501317,29392,29496,294,29790,310
2021-04-11,Stanislaus,099,539301,53999,53683,5706,59389,707
2021-04-11,Sutter,101,95872,9245,9222,82,9304,106
2021-04-11,Tehama,103,63373,4880,4832,533,5365,52
2021-04-11,Trinity,105,12862,482,324,85,409,3
2021-04-11,Tulare,107,460477,49510,48479,8733,57212,824
2021-04-11,Tuolumne,109,53932,3932,3993,37,4030,57
2021-04-11,Ventura,111,848112,80341,79800,2918,82718,985
2021-04-11,Yolo,113,214977,13482,13496,259,13755,198
2021-04-11,Yuba,115,75493,5800,5768,116,5884,43
2021-04-10,Alameda,001,1643700,85055,84626,1857,86483,1238
2021-04-10,Alpine,003,1148,85,85,0,85,0
2021-04-10,Amador,005,37829,3620,3603,33,3636,46
2021-04-10,Butte,007,227075,11824,11482,1697,13179,193
2021-04-10,Calaveras,009,45235,2036,2032,12,2044,50
2021-04-10,Colusa,011,21464,1905,1902,280,2182,14
2021-04-10,Contra Costa,013,1133247,66861,66001,1172,67173,778
2021-04-10,Del Norte,015,27424,1250,1212,11,1223,6
2021-04-10,El Dorado,017,186661,9673,9549,650,10199,106
2021-04-10,Fresno,019,978130,100719,100135,8427,108562,1633
2021-04-10,Glenn,021,27897,2371,2343,539,2882,17
2021-04-10,Humboldt,023,135768,3545,3508,25,3533,35
2021-04-10,Imperial,025,180216,27959,27816,2671,30487,717
2021-04-10,Inyo,027,18085,1391,1387,10,1397,36
2021-04-10,Kern,029,883053,95909,94802,10465,105267,1284
2021-04-10,Kings,031,150075,22863,22614,1049,23663,241
2021-04-10,Lake,033,64148,3406,3368,9,3377,43
2021-04-10,Lassen,035,31185,5157,5146,104,5250,1
2021-04-10,Los Angeles,037,10098052,1193303,1185246,40916,1226162,23493
2021-04-10,Madera,039,155013,16308,16143,910,17053,231
2021-04-10,Marin,041,260295,13796,13731,230,13961,226
2021-04-10,Mariposa,043,17540,400,393,6,399,5
2021-04-10,Mendocino,045,87422,3782,3696,73,3769,46
2021-04-10,Merced,047,269075,30171,30225,1017,31242,435
2021-04-10,Modoc,049,8938,365,352,120,472,3
2021-04-10,Mono,051,14174,1239,1249,17,1266,3
2021-04-10,Monterey,053,433212,42756,42527,1819,44346,346
2021-04-10,Napa,055,140530,9628,9569,34,9603,79
2021-04-10,Nevada,057,99092,4455,4379,184,4563,69
2021-04-10,Orange,059,3164182,252607,251139,10979,262118,4818
2021-04-10,Placer,061,380077,22092,21402,1346,22748,278
2021-04-10,Plumas,063,18699,675,666,10,676,4
2021-04-10,Riverside,065,2383286,290949,285082,13808,298890,4336
2021-04-10,Sacramento,067,1510023,100913,100048,1520,101568,1566
2021-04-10,San Benito,069,59416,5943,5932,108,6040,62
2021-04-10,San Bernardino,071,2135413,290448,288590,8830,297420,4489
2021-04-10,San Diego,073,3302833,273841,273058,13933,286991,3613
2021-04-10,San Francisco,075,870044,35762,35774,1230,37004,498
2021-04-10,San Joaquin,077,732212,70728,69852,3322,73174,1288
2021-04-10,San Luis Obispo,079,281455,20804,20461,648,21109,253
2021-04-10,San Mateo,081,765935,41311,40878,438,41316,350
2021-04-10,Santa Barbara,083,443738,33688,33541,1171,34712,444
2021-04-10,Santa Clara,085,1922200,115744,116015,685,116700,1923
2021-04-10,Santa Cruz,087,273765,15951,15360,807,16167,203
2021-04-10,Shasta,089,179085,11491,11492,1397,12889,189
2021-04-10,Sierra,091,2930,55,51,12,63,0
2021-04-10,Siskiyou,093,43540,1597,1512,275,1787,7
2021-04-10,Solano,095,438530,31370,31218,435,31653,238
2021-04-10,Sonoma,097,501317,29377,29469,294,29763,310
2021-04-10,Stanislaus,099,539301,53964,53596,5700,59296,707
2021-04-10,Sutter,101,95872,9243,9214,82,9296,106
2021-04-10,Tehama,103,63373,4878,4820,531,5351,52
2021-04-10,Trinity,105,12862,482,324,85,409,3
2021-04-10,Tulare,107,460477,49501,48470,8727,57197,824
2021-04-10,Tuolumne,109,53932,3929,3991,37,4028,57
2021-04-10,Ventura,111,848112,80313,79758,2916,82674,985
2021-04-10,Yolo,113,214977,13474,13494,258,13752,198
2021-04-10,Yuba,115,75493,5797,5757,115,5872,43
2021-04-09,Alameda,001,1643700,84988,84404,1849,86253,1237
2021-04-09,Alpine,003,1148,85,85,0,85,0
2021-04-09,Amador,005,37829,3619,3600,33,3633,46
2021-04-09,Butte,007,227075,11814,11454,1696,13150,193
2021-04-09,Calaveras,009,45235,2035,2028,12,2040,50
2021-04-09,Colusa,011,21464,1905,1898,280,2178,14
2021-04-09,Contra Costa,013,1133247,66768,65857,1166,67023,777
2021-04-09,Del Norte,015,27424,1249,1207,11,1218,6
2021-04-09,El Dorado,017,186661,9650,9528,646,10174,106
2021-04-09,Fresno,019,978130,100685,100027,8422,108449,1630
2021-04-09,Glenn,021,27897,2371,2337,539,2876,17
2021-04-09,Humboldt,023,135768,3536,3496,25,3521,35
2021-04-09,Imperial,025,180216,27944,27764,2669,30433,717
2021-04-09,Inyo,027,18085,1390,1386,10,1396,36
2021-04-09,Kern,029,883053,95871,94675,10463,105138,1282
2021-04-09,Kings,031,150075,22854,22595,1046,23641,242
2021-04-09,Lake,033,64148,3402,3362,9,3371,43
2021-04-09,Lassen,035,31185,5157,5140,104,5244,1
2021-04-09,Los Angeles,037,10098052,1192933,1184501,40887,1225388,23458
2021-04-09,Madera,039,155013,16305,16118,910,17028,231
2021-04-09,Marin,041,260295,13789,13721,230,13951,226
2021-04-09,Mariposa,043,17540,400,393,6,399,5
2021-04-09,Mendocino,045,87422,3780,3693,73,3766,46
2021-04-09,Merced,047,269075,30142,30179,1016,31195,435
2021-04-09,Modoc,049,8938,364,352,120,472,3
2021-04-09,Mono,051,14174,1239,1247,17,1264,3
2021-04-09,Monterey,053,433212,42747,42481,1815,44296,344
2021-04-09,Napa,055,140530,9609,9574,34,9608,80
2021-04-09,Nevada,057,99092,4447,4373,184,4557,69
2021-04-09,Orange,059,3164182,252533,250852,10974,261826,4813
2021-04-09,Placer,061,380077,22061,21327,1338,22665,278
2021-04-09,Plumas,063,18699,674,666,10,676,4
2021-04-09,Riverside,065,2383286,290866,284562,13802,298364,4325
2021-04-09,Sacramento,067,1510023,100758,99722,1514,101236,1564
2021-04-09,San Benito,069,59416,5938,5925,107,6032,62
2021-04-09,San Bernardino,071,2135413,290379,288000,8827,296827,4467
2021-04-09,San Diego,073,3302833,273643,272697,13891,286588,3600
2021-04-09,San Francisco,075,870044,35721,35716,1225,36941,497
2021-04-09,San Joaquin,077,732212,70664,69675,3310,72985,1281
2021-04-09,San Luis Obispo,079,281455,20789,20427,648,21075,252
2021-04-09,San Mateo,081,765935,41275,40800,437,41237,350
2021-04-09,Santa Barbara,083,443738,33665,33424,1168,34592,444
2021-04-09,Santa Clara,085,1922200,115660,115749,683,116432,1923
2021-04-09,Santa Cruz,087,273765,15946,15331,807,16138,203
2021-04-09,Shasta,089,179085,11481,11478,1394,12872,188
2021-04-09,Sierra,091,2930,55,51,12,63,0
2021-04-09,Siskiyou,093,43540,1594,1510,274,1784,7
2021-04-09,Solano,095,438530,31337,31166,430,31596,238
2021-04-09,Sonoma,097,501317,29364,29433,294,29727,310
2021-04-09,Stanislaus,099,539301,53909,53504,5691,59195,705
2021-04-09,Sutter,101,95872,9236,9201,82,9283,106
2021-04-09,Tehama,103,63373,4872,4806,531,5337,52
2021-04-09,Trinity,105,12862,481,324,85,409,3
2021-04-09,Tulare,107,460477,49497,48430,8721,57151,824
2021-04-09,Tuolumne,109,53932,3928,3986,37,4023,57
2021-04-09,Ventura,111,848112,80285,79698,2916,82614,987
2021-04-09,Yolo,113,214977,13463,13478,256,13734,198
2021-04-09,Yuba,115,75493,5790,5754,115,5869,43
2021-04-08,Alameda,001,1643700,84882,84213,1846,86059,1232
2021-04-08,Alpine,003,1148,85,85,0,85,0
2021-04-08,Amador,005,37829,3615,3595,33,3628,46
2021-04-08,Butte,007,227075,11803,11414,1695,13109,193
2021-04-08,Calaveras,009,45235,2033,2027,12,2039,50
2021-04-08,Colusa,011,21464,1904,1897,280,2177,14
2021-04-08,Contra Costa,013,1133247,66658,65706,1163,66869,775
2021-04-08,Del Norte,015,27424,1243,1201,11,1212,6
2021-04-08,El Dorado,017,186661,9634,9513,641,10154,106
2021-04-08,Fresno,019,978130,100621,99935,8415,108350,1627
2021-04-08,Glenn,021,27897,2370,2337,539,2876,17
2021-04-08,Humboldt,023,135768,3526,3486,25,3511,35
2021-04-08,Imperial,025,180216,27916,27744,2665,30409,713
2021-04-08,Inyo,027,18085,1389,1386,10,1396,36
2021-04-08,Kern,029,883053,95825,94493,10450,104943,1281
2021-04-08,Kings,031,150075,22847,22589,1044,23633,243
2021-04-08,Lake,033,64148,3395,3360,9,3369,43
2021-04-08,Lassen,035,31185,5156,5136,104,5240,1
2021-04-08,Los Angeles,037,10098052,1192436,1184443,40849,1225292,23416
2021-04-08,Madera,039,155013,16293,16103,910,17013,231
2021-04-08,Marin,041,260295,13782,13704,230,13934,226
2021-04-08,Mariposa,043,17540,399,393,6,399,5
2021-04-08,Mendocino,045,87422,3778,3690,73,3763,45
2021-04-08,Merced,047,269075,30120,30163,1016,31179,430
2021-04-08,Modoc,049,8938,364,352,120,472,3
2021-04-08,Mono,051,14174,1237,1247,17,1264,3
2021-04-08,Monterey,053,433212,42725,42437,1810,44247,342
2021-04-08,Napa,055,140530,9592,9569,34,9603,80
2021-04-08,Nevada,057,99092,4436,4367,184,4551,69
2021-04-08,Orange,059,3164182,252423,250529,10959,261488,4797
2021-04-08,Placer,061,380077,22020,21258,1329,22587,277
2021-04-08,Plumas,063,18699,674,665,10,675,4
2021-04-08,Riverside,065,2383286,290752,283853,13797,297650,4296
2021-04-08,Sacramento,067,1510023,100618,99319,1503,100822,1561
2021-04-08,San Benito,069,59416,5935,5914,105,6019,62
2021-04-08,San Bernardino,071,2135413,290281,287190,8824,296014,4445
2021-04-08,San Diego,073,3302833,273413,272495,13855,286350,3592
2021-04-08,San Francisco,075,870044,35698,35657,1224,36881,494
2021-04-08,San Joaquin,077,732212,70592,69479,3304,72783,1279
2021-04-08,San Luis Obispo,079,281455,20770,20402,646,21048,252
2021-04-08,San Mateo,081,765935,41235,40749,437,41186,350
2021-04-08,Santa Barbara,083,443738,33641,33309,1167,34476,444
2021-04-08,Santa Clara,085,1922200,115554,115487,682,116169,1905
2021-04-08,Santa Cruz,087,273765,15939,15296,807,16103,203
2021-04-08,Shasta,089,179085,11471,11466,1390,12856,186
2021-04-08,Sierra,091,2930,55,51,12,63,0
2021-04-08,Siskiyou,093,43540,1591,1511,274,1785,7
2021-04-08,Solano,095,438530,31288,31120,430,31550,238
2021-04-08,Sonoma,097,501317,29344,29410,293,29703,310
2021-04-08,Stanislaus,099,539301,53832,53401,5681,59082,706
2021-04-08,Sutter,101,95872,9232,9195,82,9277,106
2021-04-08,Tehama,103,63373,4868,4802,531,5333,52
2021-04-08,Trinity,105,12862,481,324,85,409,3
2021-04-08,Tulare,107,460477,49484,48409,8711,57120,821
2021-04-08,Tuolumne,109,53932,3928,3986,37,4023,57
2021-04-08,Ventura,111,848112,80248,79626,2912,82538,986
2021-04-08,Yolo,113,214977,13454,13468,255,13723,198
2021-04-08,Yuba,115,75493,5786,5743,115,5858,43
2021-04-07,Alameda,001,1643700,84798,84130,1844,85974,1224
2021-04-07,Alpine,003,1148,85,85,0,85,0
2021-04-07,Amador,005,37829,3612,3590,33,3623,46
2021-04-07,Butte,007,227075,11799,11405,1692,13097,193
2021-04-07,Calaveras,009,45235,2032,2022,12,2034,50
2021-04-07,Colusa,011,21464,1900,1894,279,2173,14
2021-04-07,Contra Costa,013,1133247,66572,65619,1162,66781,775
2021-04-07,Del Norte,015,27424,1241,1198,11,1209,6
2021-04-07,El Dorado,017,186661,9613,9500,636,10136,106
2021-04-07,Fresno,019,978130,100556,99865,8404,108269,1627
2021-04-07,Glenn,021,27897,2368,2337,538,2875,17
2021-04-07,Humboldt,023,135768,3513,3484,25,3509,35
2021-04-07,Imperial,025,180216,27892,27704,2659,30363,713
2021-04-07,Inyo,027,18085,1388,1386,10,1396,36
2021-04-07,Kern,029,883053,95789,94456,10435,104891,1275
2021-04-07,Kings,031,150075,22845,22589,1044,23633,243
2021-04-07,Lake,033,64148,3393,3358,9,3367,43
2021-04-07,Lassen,035,31185,5156,5137,104,5241,1
2021-04-07,Los Angeles,037,10098052,1192001,1183862,40827,1224689,23372
2021-04-07,Madera,039,155013,16274,16090,909,16999,231
2021-04-07,Marin,041,260295,13771,13688,228,13916,225
2021-04-07,Mariposa,043,17540,398,391,6,397,5
2021-04-07,Mendocino,045,87422,3777,3691,73,3764,45
2021-04-07,Merced,047,269075,30097,30132,1011,31143,430
2021-04-07,Modoc,049,8938,364,351,120,471,3
2021-04-07,Mono,051,14174,1237,1246,17,1263,3
2021-04-07,Monterey,053,433212,42707,42427,1809,44236,341
2021-04-07,Napa,055,140530,9578,9556,34,9590,80
2021-04-07,Nevada,057,99092,4430,4364,184,4548,69
2021-04-07,Orange,059,3164182,252299,250378,10936,261314,4778
2021-04-07,Placer,061,380077,21975,21227,1321,22548,276
2021-04-07,Plumas,063,18699,674,665,10,675,4
2021-04-07,Riverside,065,2383286,290632,283749,13787,297536,4285
2021-04-07,Sacramento,067,1510023,100450,99202,1497,100699,1544
2021-04-07,San Benito,069,59416,5930,5912,104,6016,62
2021-04-07,San Bernardino,071,2135413,290163,286978,8819,295797,4433
2021-04-07,San Diego,073,3302833,273187,272195,13826,286021,3588
2021-04-07,San Francisco,075,870044,35658,35618,1220,36838,493
2021-04-07,San Joaquin,077,732212,70522,69375,3299,72674,1278
2021-04-07,San Luis Obispo,079,281455,20744,20373,643,21016,252
2021-04-07,San Mateo,081,765935,41191,40693,437,41130,350
2021-04-07,Santa Barbara,083,443738,33615,33289,1164,34453,444
2021-04-07,Santa Clara,085,1922200,115422,115311,680,115991,1900
2021-04-07,Santa Cruz,087,273765,15928,15275,807,16082,203
2021-04-07,Shasta,089,179085,11459,11456,1385,12841,184
2021-04-07,Sierra,091,2930,55,51,12,63,0
2021-04-07,Siskiyou,093,43540,1585,1512,273,1785,7
2021-04-07,Solano,095,438530,31237,31097,429,31526,238
2021-04-07,Sonoma,097,501317,29326,29394,292,29686,310
2021-04-07,Stanislaus,099,539301,53763,53344,5671,59015,686
2021-04-07,Sutter,101,95872,9229,9188,82,9270,106
2021-04-07,Tehama,103,63373,4860,4802,529,5331,52
2021-04-07,Trinity,105,12862,481,322,85,407,3
2021-04-07,Tulare,107,460477,49469,48386,8700,57086,820
2021-04-07,Tuolumne,109,53932,3926,3982,37,4019,57
2021-04-07,Ventura,111,848112,80214,79595,2910,82505,986
2021-04-07,Yolo,113,214977,13439,13450,253,13703,198
2021-04-07,Yuba,115,75493,5782,5737,115,5852,43
2021-04-06,Alameda,001,1643700,84685,84091,1840,85931,1223
2021-04-06,Alpine,003,1148,85,85,0,85,0
2021-04-06,Amador,005,37829,3611,3587,33,3620,45
2021-04-06,Butte,007,227075,11784,11396,1690,13086,193
2021-04-06,Calaveras,009,45235,2028,2021,12,2033,50
2021-04-06,Colusa,011,21464,1898,1894,277,2171,14
2021-04-06,Contra Costa,013,1133247,66494,65575,1161,66736,774
2021-04-06,Del Norte,015,27424,1236,1197,11,1208,6
2021-04-06,El Dorado,017,186661,9583,9489,634,10123,106
2021-04-06,Fresno,019,978130,100492,99814,8398,108212,1626
2021-04-06,Glenn,021,27897,2367,2335,537,2872,17
2021-04-06,Humboldt,023,135768,3504,3477,25,3502,35
2021-04-06,Imperial,025,180216,27858,27661,2649,30310,713
2021-04-06,Inyo,027,18085,1388,1379,10,1389,36
2021-04-06,Kern,029,883053,95745,94422,10429,104851,1259
2021-04-06,Kings,031,150075,22839,22587,1044,23631,240
2021-04-06,Lake,033,64148,3390,3358,9,3367,43
2021-04-06,Lassen,035,31185,5154,5137,104,5241,1
2021-04-06,Los Angeles,037,10098052,1191490,1183499,40787,1224286,23323
2021-04-06,Madera,039,155013,16254,16085,904,16989,230
2021-04-06,Marin,041,260295,13762,13675,225,13900,224
2021-04-06,Mariposa,043,17540,398,390,6,396,5
2021-04-06,Mendocino,045,87422,3775,3686,73,3759,45
2021-04-06,Merced,047,269075,30068,30100,1006,31106,430
2021-04-06,Modoc,049,8938,363,351,120,471,3
2021-04-06,Mono,051,14174,1237,1246,17,1263,3
2021-04-06,Monterey,053,433212,42698,42412,1808,44220,341
2021-04-06,Napa,055,140530,9559,9509,34,9543,78
2021-04-06,Nevada,057,99092,4420,4356,182,4538,69
2021-04-06,Orange,059,3164182,252190,250304,10922,261226,4771
2021-04-06,Placer,061,380077,21927,21184,1319,22503,276
2021-04-06,Plumas,063,18699,674,665,10,675,4
2021-04-06,Riverside,065,2383286,290451,283622,13776,297398,4264
2021-04-06,Sacramento,067,1510023,100241,99110,1490,100600,1537
2021-04-06,San Benito,069,59416,5921,5907,104,6011,62
2021-04-06,San Bernardino,071,2135413,290049,286792,8809,295601,4428
2021-04-06,San Diego,073,3302833,272925,271867,13798,285665,3585
2021-04-06,San Francisco,075,870044,35615,35572,1220,36792,488
2021-04-06,San Joaquin,077,732212,70439,69316,3287,72603,1278
2021-04-06,San Luis Obispo,079,281455,20722,20350,640,20990,252
2021-04-06,San Mateo,081,765935,41143,40649,436,41085,350
2021-04-06,Santa Barbara,083,443738,33597,33257,1163,34420,443
2021-04-06,Santa Clara,085,1922200,115251,115184,679,115863,1900
2021-04-06,Santa Cruz,087,273765,15918,15252,807,16059,203
2021-04-06,Shasta,089,179085,11438,11443,1383,12826,184
2021-04-06,Sierra,091,2930,55,51,12,63,0
2021-04-06,Siskiyou,093,43540,1581,1510,272,1782,7
2021-04-06,Solano,095,438530,31190,31078,428,31506,237
2021-04-06,Sonoma,097,501317,29301,29386,290,29676,311
2021-04-06,Stanislaus,099,539301,53706,53304,5665,58969,686
2021-04-06,Sutter,101,95872,9219,9179,82,9261,106
2021-04-06,Tehama,103,63373,4851,4798,529,5327,52
2021-04-06,Trinity,105,12862,481,321,85,406,3
2021-04-06,Tulare,107,460477,49426,48372,8696,57068,819
2021-04-06,Tuolumne,109,53932,3926,3981,37,4018,57
2021-04-06,Ventura,111,848112,80177,79556,2908,82464,983
2021-04-06,Yolo,113,214977,13426,13443,252,13695,198
2021-04-06,Yuba,115,75493,5778,5733,114,5847,43
2021-04-05,Alameda,001,1643700,84569,84007,1836,85843,1219
2021-04-05,Alpine,003,1148,85,85,0,85,0
2021-04-05,Amador,005,37829,3608,3584,33,3617,45
2021-04-05,Butte,007,227075,11769,11384,1689,13073,193
2021-04-05,Calaveras,009,45235,2026,2019,12,2031,50
2021-04-05,Colusa,011,21464,1898,1894,276,2170,14
2021-04-05,Contra Costa,013,1133247,66428,65457,1159,66616,774
2021-04-05,Del Norte,015,27424,1234,1189,11,1200,6
2021-04-05,El Dorado,017,186661,9568,9463,634,10097,106
2021-04-05,Fresno,019,978130,100404,99755,8390,108145,1622
2021-04-05,Glenn,021,27897,2365,2335,537,2872,17
2021-04-05,Humboldt,023,135768,3495,3475,25,3500,35
2021-04-05,Imperial,025,180216,27826,27604,2644,30248,710
2021-04-05,Inyo,027,18085,1385,1377,10,1387,36
2021-04-05,Kern,029,883053,95690,94401,10404,104805,1249
2021-04-05,Kings,031,150075,22835,22580,1044,23624,239
2021-04-05,Lake,033,64148,3382,3359,9,3368,43
2021-04-05,Lassen,035,31185,5154,5138,103,5241,1
2021-04-05,Los Angeles,037,10098052,1190956,1183200,40736,1223936,23302
2021-04-05,Madera,039,155013,16240,16065,903,16968,230
2021-04-05,Marin,041,260295,13748,13666,221,13887,221
2021-04-05,Mariposa,043,17540,398,390,6,396,5
2021-04-05,Mendocino,045,87422,3773,3687,73,3760,45
2021-04-05,Merced,047,269075,30042,30068,1004,31072,427
2021-04-05,Modoc,049,8938,361,346,120,466,3
2021-04-05,Mono,051,14174,1237,1246,17,1263,3
2021-04-05,Monterey,053,433212,42685,42396,1804,44200,341
2021-04-05,Napa,055,140530,9536,9492,34,9526,78
2021-04-05,Nevada,057,99092,4409,4346,182,4528,69
2021-04-05,Orange,059,3164182,252075,250177,10898,261075,4759
2021-04-05,Placer,061,380077,21881,21133,1312,22445,276
2021-04-05,Plumas,063,18699,674,666,10,676,4
2021-04-05,Riverside,065,2383286,290314,283549,13764,297313,4237
2021-04-05,Sacramento,067,1510023,100079,98908,1482,100390,1533
2021-04-05,San Benito,069,59416,5915,5904,104,6008,61
2021-04-05,San Bernardino,071,2135413,289939,286597,8806,295403,4425
2021-04-05,San Diego,073,3302833,272676,271655,13757,285412,3583
2021-04-05,San Francisco,075,870044,35584,35538,1220,36758,488
2021-04-05,San Joaquin,077,732212,70350,69214,3278,72492,1268
2021-04-05,San Luis Obispo,079,281455,20685,20333,640,20973,252
2021-04-05,San Mateo,081,765935,41099,40609,435,41044,350
2021-04-05,Santa Barbara,083,443738,33562,33235,1163,34398,443
2021-04-05,Santa Clara,085,1922200,115084,115091,676,115767,1893
2021-04-05,Santa Cruz,087,273765,15911,15228,807,16035,201
2021-04-05,Shasta,089,179085,11417,11435,1380,12815,184
2021-04-05,Sierra,091,2930,55,50,12,62,0
2021-04-05,Siskiyou,093,43540,1578,1509,270,1779,7
2021-04-05,Solano,095,438530,31149,31026,426,31452,237
2021-04-05,Sonoma,097,501317,29269,29361,288,29649,311
2021-04-05,Stanislaus,099,539301,53626,53238,5662,58900,686
2021-04-05,Sutter,101,95872,9212,9169,82,9251,106
2021-04-05,Tehama,103,63373,4845,4794,529,5323,52
2021-04-05,Trinity,105,12862,480,321,85,406,3
2021-04-05,Tulare,107,460477,49414,48356,8689,57045,818
2021-04-05,Tuolumne,109,53932,3925,3980,37,4017,57
2021-04-05,Ventura,111,848112,80146,79549,2905,82454,983
2021-04-05,Yolo,113,214977,13412,13427,251,13678,198
2021-04-05,Yuba,115,75493,5773,5728,113,5841,43
2021-04-04,Alameda,001,1643700,84451,83951,1832,85783,1219
2021-04-04,Alpine,003,1148,85,85,0,85,0
2021-04-04,Amador,005,37829,3602,3582,33,3615,45
2021-04-04,Butte,007,227075,11754,11375,1688,13063,193
2021-04-04,Calaveras,009,45235,2022,2020,12,2032,50
2021-04-04,Colusa,011,21464,1897,1893,276,2169,14
2021-04-04,Contra Costa,013,1133247,66322,65408,1154,66562,774
2021-04-04,Del Norte,015,27424,1226,1186,11,1197,6
2021-04-04,El Dorado,017,186661,9549,9455,630,10085,106
2021-04-04,Fresno,019,978130,100330,99702,8377,108079,1622
2021-04-04,Glenn,021,27897,2362,2335,536,2871,17
2021-04-04,Humboldt,023,135768,3484,3472,25,3497,35
2021-04-04,Imperial,025,180216,27770,27588,2642,30230,710
2021-04-04,Inyo,027,18085,1381,1377,10,1387,36
2021-04-04,Kern,029,883053,95646,94388,10383,104771,1247
2021-04-04,Kings,031,150075,22833,22580,1043,23623,239
2021-04-04,Lake,033,64148,3376,3355,8,3363,43
2021-04-04,Lassen,035,31185,5152,5138,103,5241,1
2021-04-04,Los Angeles,037,10098052,1190412,1182872,40691,1223563,23301
2021-04-04,Madera,039,155013,16214,16052,899,16951,230
2021-04-04,Marin,041,260295,13735,13663,220,13883,221
2021-04-04,Mariposa,043,17540,398,390,6,396,5
2021-04-04,Mendocino,045,87422,3770,3684,73,3757,45
2021-04-04,Merced,047,269075,29999,30048,1001,31049,427
2021-04-04,Modoc,049,8938,361,346,120,466,3
2021-04-04,Mono,051,14174,1236,1245,17,1262,3
2021-04-04,Monterey,053,433212,42668,42391,1803,44194,341
2021-04-04,Napa,055,140530,9524,9486,34,9520,78
2021-04-04,Nevada,057,99092,4397,4337,182,4519,69
2021-04-04,Orange,059,3164182,251941,250117,10882,260999,4759
2021-04-04,Placer,061,380077,21835,21104,1294,22398,276
2021-04-04,Plumas,063,18699,674,666,10,676,4
2021-04-04,Riverside,065,2383286,290188,283537,13760,297297,4237
2021-04-04,Sacramento,067,1510023,99880,98821,1472,100293,1531
2021-04-04,San Benito,069,59416,5905,5901,100,6001,61
2021-04-04,San Bernardino,071,2135413,289799,286561,8798,295359,4423
2021-04-04,San Diego,073,3302833,272364,271528,13716,285244,3583
2021-04-04,San Francisco,075,870044,35530,35525,1217,36742,488
2021-04-04,San Joaquin,077,732212,70249,69147,3266,72413,1268
2021-04-04,San Luis Obispo,079,281455,20653,20328,632,20960,252
2021-04-04,San Mateo,081,765935,41056,40587,432,41019,350
2021-04-04,Santa Barbara,083,443738,33526,33213,1163,34376,443
2021-04-04,Santa Clara,085,1922200,114918,114976,669,115645,1893
2021-04-04,Santa Cruz,087,273765,15902,15219,807,16026,201
2021-04-04,Shasta,089,179085,11391,11433,1379,12812,184
2021-04-04,Sierra,091,2930,55,50,12,62,0
2021-04-04,Siskiyou,093,43540,1575,1509,266,1775,7
2021-04-04,Solano,095,438530,31102,31002,424,31426,237
2021-04-04,Sonoma,097,501317,29237,29340,286,29626,311
2021-04-04,Stanislaus,099,539301,53533,53181,5654,58835,686
2021-04-04,Sutter,101,95872,9205,9164,82,9246,106
2021-04-04,Tehama,103,63373,4833,4792,528,5320,52
2021-04-04,Trinity,105,12862,478,321,85,406,3
2021-04-04,Tulare,107,460477,49399,48343,8681,57024,818
2021-04-04,Tuolumne,109,53932,3917,3980,37,4017,57
2021-04-04,Ventura,111,848112,80103,79526,2903,82429,983
2021-04-04,Yolo,113,214977,13391,13425,250,13675,198
2021-04-04,Yuba,115,75493,5766,5722,113,5835,43
2021-04-03,Alameda,001,1643700,84384,83861,1830,85691,1218
2021-04-03,Alpine,003,1148,85,85,0,85,0
2021-04-03,Amador,005,37829,3599,3577,33,3610,45
2021-04-03,Butte,007,227075,11750,11359,1684,13043,193
2021-04-03,Calaveras,009,45235,2020,2019,12,2031,50
2021-04-03,Colusa,011,21464,1897,1891,276,2167,14
2021-04-03,Contra Costa,013,1133247,66250,65338,1154,66492,774
2021-04-03,Del Norte,015,27424,1221,1183,11,1194,6
2021-04-03,El Dorado,017,186661,9540,9448,629,10077,106
2021-04-03,Fresno,019,978130,100273,99602,8371,107973,1622
2021-04-03,Glenn,021,27897,2362,2334,535,2869,17
2021-04-03,Humboldt,023,135768,3482,3467,25,3492,35
2021-04-03,Imperial,025,180216,27754,27572,2639,30211,710
2021-04-03,Inyo,027,18085,1380,1376,10,1386,36
2021-04-03,Kern,029,883053,95620,94369,10367,104736,1243
2021-04-03,Kings,031,150075,22831,22580,1043,23623,239
2021-04-03,Lake,033,64148,3375,3350,8,3358,43
2021-04-03,Lassen,035,31185,5151,5136,103,5239,1
2021-04-03,Los Angeles,037,10098052,1190109,1182402,40674,1223076,23301
2021-04-03,Madera,039,155013,16205,16051,897,16948,230
2021-04-03,Marin,041,260295,13727,13658,219,13877,221
2021-04-03,Mariposa,043,17540,398,390,5,395,5
2021-04-03,Mendocino,045,87422,3769,3684,73,3757,45
2021-04-03,Merced,047,269075,29984,30031,1001,31032,427
2021-04-03,Modoc,049,8938,361,346,120,466,3
2021-04-03,Mono,051,14174,1236,1245,17,1262,3
2021-04-03,Monterey,053,433212,42655,42376,1801,44177,341
2021-04-03,Napa,055,140530,9515,9473,34,9507,78
2021-04-03,Nevada,057,99092,4393,4323,182,4505,69
2021-04-03,Orange,059,3164182,251861,249982,10864,260846,4755
2021-04-03,Placer,061,380077,21804,21060,1290,22350,276
2021-04-03,Plumas,063,18699,674,666,10,676,4
2021-04-03,Riverside,065,2383286,290110,283423,13757,297180,4237
2021-04-03,Sacramento,067,1510023,99772,98660,1466,100126,1531
2021-04-03,San Benito,069,59416,5902,5893,99,5992,61
2021-04-03,San Bernardino,071,2135413,289734,286473,8792,295265,4422
2021-04-03,San Diego,073,3302833,272195,271335,13699,285034,3571
2021-04-03,San Francisco,075,870044,35511,35488,1215,36703,489
2021-04-03,San Joaquin,077,732212,70208,69100,3250,72350,1268
2021-04-03,San Luis Obispo,079,281455,20634,20301,632,20933,252
2021-04-03,San Mateo,081,765935,41031,40560,432,40992,350
2021-04-03,Santa Barbara,083,443738,33500,33172,1162,34334,443
2021-04-03,Santa Clara,085,1922200,114810,114865,667,115532,1893
2021-04-03,Santa Cruz,087,273765,15895,15205,807,16012,201
2021-04-03,Shasta,089,179085,11383,11418,1379,12797,184
2021-04-03,Sierra,091,2930,55,50,12,62,0
2021-04-03,Siskiyou,093,43540,1574,1509,266,1775,7
2021-04-03,Solano,095,438530,31081,30970,421,31391,237
2021-04-03,Sonoma,097,501317,29221,29315,285,29600,311
2021-04-03,Stanislaus,099,539301,53498,53137,5648,58785,686
2021-04-03,Sutter,101,95872,9199,9158,82,9240,106
2021-04-03,Tehama,103,63373,4825,4788,528,5316,52
2021-04-03,Trinity,105,12862,478,321,85,406,3
2021-04-03,Tulare,107,460477,49389,48327,8677,57004,818
2021-04-03,Tuolumne,109,53932,3917,3980,37,4017,57
2021-04-03,Ventura,111,848112,80082,79489,2901,82390,983
2021-04-03,Yolo,113,214977,13385,13414,250,13664,198
2021-04-03,Yuba,115,75493,5760,5716,113,5829,43
2021-04-02,Alameda,001,1643700,84310,83776,1827,85603,1217
2021-04-02,Alpine,003,1148,85,85,0,85,0
2021-04-02,Amador,005,37829,3595,3573,32,3605,45
2021-04-02,Butte,007,227075,11742,11350,1684,13034,193
2021-04-02,Calaveras,009,45235,2018,2010,12,2022,50
2021-04-02,Colusa,011,21464,1897,1891,276,2167,14
2021-04-02,Contra Costa,013,1133247,66186,65299,1153,66452,774
2021-04-02,Del Norte,015,27424,1218,1174,11,1185,6
2021-04-02,El Dorado,017,186661,9527,9437,626,10063,106
2021-04-02,Fresno,019,978130,100219,99551,8360,107911,1620
2021-04-02,Glenn,021,27897,2362,2331,535,2866,17
2021-04-02,Humboldt,023,135768,3478,3465,25,3490,35
2021-04-02,Imperial,025,180216,27741,27553,2633,30186,710
2021-04-02,Inyo,027,18085,1380,1377,10,1387,36
2021-04-02,Kern,029,883053,95602,94348,10364,104712,1233
2021-04-02,Kings,031,150075,22831,22571,1040,23611,239
2021-04-02,Lake,033,64148,3373,3348,8,3356,43
2021-04-02,Lassen,035,31185,5151,5134,103,5237,1
2021-04-02,Los Angeles,037,10098052,1189800,1181682,40651,1222333,23264
2021-04-02,Madera,039,155013,16196,16036,896,16932,230
2021-04-02,Marin,041,260295,13719,13649,219,13868,221
2021-04-02,Mariposa,043,17540,396,390,5,395,5
2021-04-02,Mendocino,045,87422,3766,3682,73,3755,45
2021-04-02,Merced,047,269075,29959,29998,1001,30999,426
2021-04-02,Modoc,049,8938,358,346,120,466,3
2021-04-02,Mono,051,14174,1236,1246,17,1263,3
2021-04-02,Monterey,053,433212,42645,42359,1798,44157,341
2021-04-02,Napa,055,140530,9500,9453,34,9487,78
2021-04-02,Nevada,057,99092,4389,4323,182,4505,69
2021-04-02,Orange,059,3164182,251765,249891,10851,260742,4748
2021-04-02,Placer,061,380077,21768,21035,1284,22319,275
2021-04-02,Plumas,063,18699,674,666,10,676,4
2021-04-02,Riverside,065,2383286,290024,283328,13748,297076,4213
2021-04-02,Sacramento,067,1510023,99665,98648,1459,100107,1527
2021-04-02,San Benito,069,59416,5900,5888,97,5985,61
2021-04-02,San Bernardino,071,2135413,289661,286308,8788,295096,4417
2021-04-02,San Diego,073,3302833,272009,271036,13673,284709,3568
2021-04-02,San Francisco,075,870044,35476,35451,1213,36664,488
2021-04-02,San Joaquin,077,732212,70143,68996,3235,72231,1268
2021-04-02,San Luis Obispo,079,281455,20617,20271,631,20902,252
2021-04-02,San Mateo,081,765935,40989,40514,432,40946,350
2021-04-02,Santa Barbara,083,443738,33472,33145,1162,34307,443
2021-04-02,Santa Clara,085,1922200,114699,114777,665,115442,1882
2021-04-02,Santa Cruz,087,273765,15887,15216,807,16023,202
2021-04-02,Shasta,089,179085,11378,11377,1371,12748,181
2021-04-02,Sierra,091,2930,55,50,12,62,0
2021-04-02,Siskiyou,093,43540,1574,1508,265,1773,7
2021-04-02,Solano,095,438530,31052,30951,418,31369,237
2021-04-02,Sonoma,097,501317,29200,29288,284,29572,311
2021-04-02,Stanislaus,099,539301,53453,53073,5642,58715,687
2021-04-02,Sutter,101,95872,9191,9131,82,9213,106
2021-04-02,Tehama,103,63373,4818,4775,527,5302,52
2021-04-02,Trinity,105,12862,478,320,85,405,3
2021-04-02,Tulare,107,460477,49383,48306,8671,56977,818
2021-04-02,Tuolumne,109,53932,3914,3980,37,4017,57
2021-04-02,Ventura,111,848112,80054,79434,2899,82333,982
2021-04-02,Yolo,113,214977,13375,13381,250,13631,197
2021-04-02,Yuba,115,75493,5756,5709,113,5822,44
2021-04-01,Alameda,001,1643700,84231,83574,1822,85396,1216
2021-04-01,Alpine,003,1148,85,85,0,85,0
2021-04-01,Amador,005,37829,3591,3558,32,3590,45
2021-04-01,Butte,007,227075,11724,11328,1682,13010,193
2021-04-01,Calaveras,009,45235,2014,2006,12,2018,50
2021-04-01,Colusa,011,21464,1894,1890,276,2166,14
2021-04-01,Contra Costa,013,1133247,66126,65176,1151,66327,771
2021-04-01,Del Norte,015,27424,1213,1138,11,1149,6
2021-04-01,El Dorado,017,186661,9518,9393,622,10015,106
2021-04-01,Fresno,019,978130,100165,99317,8352,107669,1616
2021-04-01,Glenn,021,27897,2362,2322,534,2856,17
2021-04-01,Humboldt,023,135768,3474,3464,25,3489,35
2021-04-01,Imperial,025,180216,27711,27520,2627,30147,710
2021-04-01,Inyo,027,18085,1379,1374,10,1384,36
2021-04-01,Kern,029,883053,95566,94244,10352,104596,1233
2021-04-01,Kings,031,150075,22824,22560,1039,23599,239
2021-04-01,Lake,033,64148,3368,3337,8,3345,43
2021-04-01,Lassen,035,31185,5150,5132,103,5235,1
2021-04-01,Los Angeles,037,10098052,1189308,1181101,40622,1221723,23220
2021-04-01,Madera,039,155013,16180,16023,896,16919,230
2021-04-01,Marin,041,260295,13709,13635,219,13854,221
2021-04-01,Mariposa,043,17540,394,389,5,394,5
2021-04-01,Mendocino,045,87422,3766,3680,73,3753,45
2021-04-01,Merced,047,269075,29925,29820,1001,30821,425
2021-04-01,Modoc,049,8938,357,346,120,466,3
2021-04-01,Mono,051,14174,1236,1245,17,1262,3
2021-04-01,Monterey,053,433212,42637,42324,1796,44120,339
2021-04-01,Napa,055,140530,9488,9410,34,9444,78
2021-04-01,Nevada,057,99092,4379,4288,181,4469,68
2021-04-01,Orange,059,3164182,251645,249617,10834,260451,4742
2021-04-01,Placer,061,380077,21729,20909,1272,22181,274
2021-04-01,Plumas,063,18699,674,664,10,674,4
2021-04-01,Riverside,065,2383286,289919,283128,13745,296873,4193
2021-04-01,Sacramento,067,1510023,99521,97952,1445,99397,1521
2021-04-01,San Benito,069,59416,5892,5878,96,5974,61
2021-04-01,San Bernardino,071,2135413,289544,286086,8779,294865,4404
2021-04-01,San Diego,073,3302833,271785,270540,13643,284183,3555
2021-04-01,San Francisco,075,870044,35455,35386,1210,36596,488
2021-04-01,San Joaquin,077,732212,70061,68802,3227,72029,1262
2021-04-01,San Luis Obispo,079,281455,20588,20235,630,20865,252
2021-04-01,San Mateo,081,765935,40948,40454,432,40886,350
2021-04-01,Santa Barbara,083,443738,33426,33096,1157,34253,443
2021-04-01,Santa Clara,085,1922200,114586,114606,664,115270,1874
2021-04-01,Santa Cruz,087,273765,15872,15271,807,16078,202
2021-04-01,Shasta,089,179085,11363,11355,1366,12721,181
2021-04-01,Sierra,091,2930,55,50,12,62,0
2021-04-01,Siskiyou,093,43540,1572,1507,264,1771,7
2021-04-01,Solano,095,438530,31019,30850,415,31265,237
2021-04-01,Sonoma,097,501317,29169,29241,277,29518,311
2021-04-01,Stanislaus,099,539301,53390,52825,5636,58461,687
2021-04-01,Sutter,101,95872,9179,9105,82,9187,106
2021-04-01,Tehama,103,63373,4812,4764,524,5288,52
2021-04-01,Trinity,105,12862,478,319,85,404,3
2021-04-01,Tulare,107,460477,49360,48279,8661,56940,817
2021-04-01,Tuolumne,109,53932,3912,3978,37,4015,57
2021-04-01,Ventura,111,848112,80030,79369,2898,82267,977
2021-04-01,Yolo,113,214977,13362,13342,250,13592,197
2021-04-01,Yuba,115,75493,5751,5694,113,5807,44
2021-03-31,Alameda,001,1643700,84150,83475,1817,85292,1215
2021-03-31,Alpine,003,1148,85,85,0,85,0
2021-03-31,Amador,005,37829,3588,3556,32,3588,45
2021-03-31,Butte,007,227075,11714,11321,1679,13000,193
2021-03-31,Calaveras,009,45235,2012,2005,12,2017,50
2021-03-31,Colusa,011,21464,1894,1890,276,2166,14
2021-03-31,Contra Costa,013,1133247,66041,65109,1150,66259,769
2021-03-31,Del Norte,015,27424,1204,1129,11,1140,6
2021-03-31,El Dorado,017,186661,9501,9390,622,10012,106
2021-03-31,Fresno,019,978130,100072,99240,8335,107575,1616
2021-03-31,Glenn,021,27897,2358,2318,532,2850,17
2021-03-31,Humboldt,023,135768,3468,3460,25,3485,35
2021-03-31,Imperial,025,180216,27691,27506,2626,30132,710
2021-03-31,Inyo,027,18085,1376,1373,9,1382,35
2021-03-31,Kern,029,883053,95523,94205,10342,104547,1229
2021-03-31,Kings,031,150075,22821,22540,1039,23579,239
2021-03-31,Lake,033,64148,3364,3332,8,3340,43
2021-03-31,Lassen,035,31185,5146,5132,103,5235,1
2021-03-31,Los Angeles,037,10098052,1188840,1180538,40582,1221120,23171
2021-03-31,Madera,039,155013,16166,16015,895,16910,229
2021-03-31,Marin,041,260295,13698,13624,219,13843,221
2021-03-31,Mariposa,043,17540,394,389,5,394,5
2021-03-31,Mendocino,045,87422,3760,3675,73,3748,45
2021-03-31,Merced,047,269075,29896,29780,1001,30781,423
2021-03-31,Modoc,049,8938,357,346,120,466,3
2021-03-31,Mono,051,14174,1236,1245,17,1262,3
2021-03-31,Monterey,053,433212,42620,42309,1794,44103,338
2021-03-31,Napa,055,140530,9470,9401,34,9435,78
2021-03-31,Nevada,057,99092,4373,4283,181,4464,68
2021-03-31,Orange,059,3164182,251534,249518,10819,260337,4731
2021-03-31,Placer,061,380077,21679,20885,1265,22150,271
2021-03-31,Plumas,063,18699,673,663,10,673,4
2021-03-31,Riverside,065,2383286,289817,283006,13735,296741,4171
2021-03-31,Sacramento,067,1510023,99346,97760,1438,99198,1519
2021-03-31,San Benito,069,59416,5882,5875,96,5971,61
2021-03-31,San Bernardino,071,2135413,289450,285916,8776,294692,4356
2021-03-31,San Diego,073,3302833,271554,270288,13608,283896,3555
2021-03-31,San Francisco,075,870044,35410,35347,1209,36556,474
2021-03-31,San Joaquin,077,732212,69972,68685,3211,71896,1259
2021-03-31,San Luis Obispo,079,281455,20567,20215,629,20844,251
2021-03-31,San Mateo,081,765935,40918,40423,432,40855,350
2021-03-31,Santa Barbara,083,443738,33394,33052,1155,34207,443
2021-03-31,Santa Clara,085,1922200,114459,114499,664,115163,1874
2021-03-31,Santa Cruz,087,273765,15859,15295,806,16101,201
2021-03-31,Shasta,089,179085,11351,11327,1358,12685,179
2021-03-31,Sierra,091,2930,55,50,12,62,0
2021-03-31,Siskiyou,093,43540,1571,1505,264,1769,7
2021-03-31,Solano,095,438530,30973,30824,414,31238,235
2021-03-31,Sonoma,097,501317,29142,29216,277,29493,311
2021-03-31,Stanislaus,099,539301,53322,52782,5624,58406,687
2021-03-31,Sutter,101,95872,9168,9111,82,9193,106
2021-03-31,Tehama,103,63373,4807,4762,521,5283,52
2021-03-31,Trinity,105,12862,478,319,85,404,3
2021-03-31,Tulare,107,460477,49340,48261,8645,56906,816
2021-03-31,Tuolumne,109,53932,3911,3976,37,4013,57
2021-03-31,Ventura,111,848112,79998,79326,2894,82220,969
2021-03-31,Yolo,113,214977,13345,13359,249,13608,197
2021-03-31,Yuba,115,75493,5744,5686,113,5799,44
2021-03-30,Alameda,001,1643700,84050,83395,1814,85209,1211
2021-03-30,Alpine,003,1148,85,85,0,85,0
2021-03-30,Amador,005,37829,3585,3551,32,3583,45
2021-03-30,Butte,007,227075,11702,11296,1676,12972,193
2021-03-30,Calaveras,009,45235,2008,1997,12,2009,50
2021-03-30,Colusa,011,21464,1893,1890,275,2165,14
2021-03-30,Contra Costa,013,1133247,65952,65041,1148,66189,767
2021-03-30,Del Norte,015,27424,1196,1118,10,1128,6
2021-03-30,El Dorado,017,186661,9482,9381,619,10000,105
2021-03-30,Fresno,019,978130,100007,99156,8322,107478,1609
2021-03-30,Glenn,021,27897,2358,2310,531,2841,17
2021-03-30,Humboldt,023,135768,3466,3461,25,3486,35
2021-03-30,Imperial,025,180216,27662,27471,2624,30095,706
2021-03-30,Inyo,027,18085,1376,1374,9,1383,35
2021-03-30,Kern,029,883053,95481,94151,10333,104484,1221
2021-03-30,Kings,031,150075,22817,22530,1037,23567,238
2021-03-30,Lake,033,64148,3358,3330,8,3338,43
2021-03-30,Lassen,035,31185,5146,5132,103,5235,1
2021-03-30,Los Angeles,037,10098052,1188343,1180044,40560,1220604,23136
2021-03-30,Madera,039,155013,16156,16003,891,16894,229
2021-03-30,Marin,041,260295,13689,13611,211,13822,221
2021-03-30,Mariposa,043,17540,394,388,5,393,5
2021-03-30,Mendocino,045,87422,3758,3670,73,3743,45
2021-03-30,Merced,047,269075,29860,29731,1001,30732,423
2021-03-30,Modoc,049,8938,356,346,120,466,3
2021-03-30,Mono,051,14174,1235,1245,17,1262,3
2021-03-30,Monterey,053,433212,42594,42308,1791,44099,338
2021-03-30,Napa,055,140530,9455,9391,34,9425,78
2021-03-30,Nevada,057,99092,4361,4266,180,4446,68
2021-03-30,Orange,059,3164182,251405,249412,10792,260204,4727
2021-03-30,Placer,061,380077,21639,20866,1259,22125,271
2021-03-30,Plumas,063,18699,673,661,10,671,4
2021-03-30,Riverside,065,2383286,289692,282930,13726,296656,4154
2021-03-30,Sacramento,067,1510023,99209,97718,1434,99152,1516
2021-03-30,San Benito,069,59416,5876,5870,96,5966,61
2021-03-30,San Bernardino,071,2135413,289342,285758,8767,294525,4343
2021-03-30,San Diego,073,3302833,271315,269998,13570,283568,3555
2021-03-30,San Francisco,075,870044,35360,35325,1208,36533,474
2021-03-30,San Joaquin,077,732212,69884,68613,3201,71814,1232
2021-03-30,San Luis Obispo,079,281455,20547,20194,629,20823,251
2021-03-30,San Mateo,081,765935,40873,40377,432,40809,349
2021-03-30,Santa Barbara,083,443738,33368,33016,1155,34171,441
2021-03-30,Santa Clara,085,1922200,114336,114413,663,115076,1873
2021-03-30,Santa Cruz,087,273765,15853,15278,806,16084,201
2021-03-30,Shasta,089,179085,11343,11316,1357,12673,184
2021-03-30,Sierra,091,2930,55,50,12,62,0
2021-03-30,Siskiyou,093,43540,1570,1501,264,1765,7
2021-03-30,Solano,095,438530,30943,30802,413,31215,232
2021-03-30,Sonoma,097,501317,29110,29198,277,29475,311
2021-03-30,Stanislaus,099,539301,53244,52690,5616,58306,677
2021-03-30,Sutter,101,95872,9164,9107,81,9188,106
2021-03-30,Tehama,103,63373,4798,4748,520,5268,52
2021-03-30,Trinity,105,12862,478,316,85,401,3
2021-03-30,Tulare,107,460477,49325,48249,8636,56885,815
2021-03-30,Tuolumne,109,53932,3906,3972,37,4009,57
2021-03-30,Ventura,111,848112,79954,79282,2891,82173,958
2021-03-30,Yolo,113,214977,13333,13353,249,13602,195
2021-03-30,Yuba,115,75493,5733,5679,107,5786,42
2021-03-29,Alameda,001,1643700,83949,83338,1812,85150,1211
2021-03-29,Alpine,003,1148,85,85,0,85,0
2021-03-29,Amador,005,37829,3579,3549,32,3581,45
2021-03-29,Butte,007,227075,11693,11291,1673,12964,191
2021-03-29,Calaveras,009,45235,2006,1998,12,2010,50
2021-03-29,Colusa,011,21464,1893,1889,274,2163,14
2021-03-29,Contra Costa,013,1133247,65883,64971,1147,66118,767
2021-03-29,Del Norte,015,27424,1191,1116,9,1125,6
2021-03-29,El Dorado,017,186661,9462,9374,613,9987,105
2021-03-29,Fresno,019,978130,99924,99085,8307,107392,1606
2021-03-29,Glenn,021,27897,2351,2310,531,2841,17
2021-03-29,Humboldt,023,135768,3461,3459,25,3484,34
2021-03-29,Imperial,025,180216,27641,27442,2622,30064,704
2021-03-29,Inyo,027,18085,1376,1372,9,1381,35
2021-03-29,Kern,029,883053,95434,94098,10313,104411,1220
2021-03-29,Kings,031,150075,22805,22522,1036,23558,238
2021-03-29,Lake,033,64148,3355,3325,8,3333,43
2021-03-29,Lassen,035,31185,5146,5131,103,5234,1
2021-03-29,Los Angeles,037,10098052,1187848,1179736,40519,1220255,23108
2021-03-29,Madera,039,155013,16136,15987,889,16876,210
2021-03-29,Marin,041,260295,13677,13600,207,13807,220
2021-03-29,Mariposa,043,17540,393,388,5,393,5
2021-03-29,Mendocino,045,87422,3755,3667,73,3740,45
2021-03-29,Merced,047,269075,29836,29699,1001,30700,422
2021-03-29,Modoc,049,8938,355,344,120,464,3
2021-03-29,Mono,051,14174,1234,1243,17,1260,3
2021-03-29,Monterey,053,433212,42578,42305,1786,44091,337
2021-03-29,Napa,055,140530,9439,9379,34,9413,78
2021-03-29,Nevada,057,99092,4354,4258,180,4438,68
2021-03-29,Orange,059,3164182,251293,249295,10780,260075,4713
2021-03-29,Placer,061,380077,21604,20827,1252,22079,267
2021-03-29,Plumas,063,18699,672,660,10,670,4
2021-03-29,Riverside,065,2383286,289589,282867,13725,296592,4133
2021-03-29,Sacramento,067,1510023,99015,97577,1426,99003,1514
2021-03-29,San Benito,069,59416,5869,5865,96,5961,61
2021-03-29,San Bernardino,071,2135413,289245,285615,8763,294378,4335
2021-03-29,San Diego,073,3302833,271049,269771,13544,283315,3547
2021-03-29,San Francisco,075,870044,35325,35291,1205,36496,474
2021-03-29,San Joaquin,077,732212,69798,68537,3188,71725,1211
2021-03-29,San Luis Obispo,079,281455,20512,20176,628,20804,250
2021-03-29,San Mateo,081,765935,40831,40357,431,40788,348
2021-03-29,Santa Barbara,083,443738,33334,32983,1154,34137,439
2021-03-29,Santa Clara,085,1922200,114228,114335,658,114993,1871
2021-03-29,Santa Cruz,087,273765,15842,15249,805,16054,201
2021-03-29,Shasta,089,179085,11325,11313,1355,12668,183
2021-03-29,Sierra,091,2930,55,50,12,62,0
2021-03-29,Siskiyou,093,43540,1568,1497,263,1760,6
2021-03-29,Solano,095,438530,30904,30762,411,31173,232
2021-03-29,Sonoma,097,501317,29087,29184,274,29458,310
2021-03-29,Stanislaus,099,539301,53161,52614,5608,58222,677
2021-03-29,Sutter,101,95872,9157,9105,81,9186,106
2021-03-29,Tehama,103,63373,4790,4742,519,5261,52
2021-03-29,Trinity,105,12862,478,314,85,399,3
2021-03-29,Tulare,107,460477,49297,48226,8625,56851,815
2021-03-29,Tuolumne,109,53932,3904,3969,37,4006,57
2021-03-29,Ventura,111,848112,79912,79252,2891,82143,956
2021-03-29,Yolo,113,214977,13315,13346,249,13595,195
2021-03-29,Yuba,115,75493,5726,5671,106,5777,42
2021-03-28,Alameda,001,1643700,83828,83239,1810,85049,1212
2021-03-28,Alpine,003,1148,85,85,0,85,0
2021-03-28,Amador,005,37829,3575,3541,32,3573,45
2021-03-28,Butte,007,227075,11680,11285,1671,12956,191
2021-03-28,Calaveras,009,45235,2004,1995,12,2007,50
2021-03-28,Colusa,011,21464,1892,1889,274,2163,14
2021-03-28,Contra Costa,013,1133247,65809,64878,1143,66021,767
2021-03-28,Del Norte,015,27424,1184,1107,7,1114,6
2021-03-28,El Dorado,017,186661,9447,9371,611,9982,105
2021-03-28,Fresno,019,978130,99842,99004,8295,107299,1606
2021-03-28,Glenn,021,27897,2347,2309,529,2838,17
2021-03-28,Humboldt,023,135768,3458,3452,24,3476,34
2021-03-28,Imperial,025,180216,27614,27426,2619,30045,704
2021-03-28,Inyo,027,18085,1375,1372,9,1381,35
2021-03-28,Kern,029,883053,95389,94084,10302,104386,1219
2021-03-28,Kings,031,150075,22800,22514,1033,23547,238
2021-03-28,Lake,033,64148,3350,3320,8,3328,43
2021-03-28,Lassen,035,31185,5146,5131,102,5233,1
2021-03-28,Los Angeles,037,10098052,1187298,1179316,40460,1219776,23101
2021-03-28,Madera,039,155013,16121,15973,888,16861,210
2021-03-28,Marin,041,260295,13664,13594,205,13799,221
2021-03-28,Mariposa,043,17540,393,388,5,393,5
2021-03-28,Mendocino,045,87422,3753,3666,73,3739,45
2021-03-28,Merced,047,269075,29779,29679,1001,30680,422
2021-03-28,Modoc,049,8938,355,344,120,464,3
2021-03-28,Mono,051,14174,1233,1242,17,1259,3
2021-03-28,Monterey,053,433212,42555,42294,1782,44076,337
2021-03-28,Napa,055,140530,9425,9368,34,9402,78
2021-03-28,Nevada,057,99092,4340,4239,180,4419,68
2021-03-28,Orange,059,3164182,251138,249238,10770,260008,4713
2021-03-28,Placer,061,380077,21560,20796,1246,22042,267
2021-03-28,Plumas,063,18699,670,657,10,667,4
2021-03-28,Riverside,065,2383286,289475,282811,13716,296527,4132
2021-03-28,Sacramento,067,1510023,98841,97425,1420,98845,1514
2021-03-28,San Benito,069,59416,5864,5862,96,5958,61
2021-03-28,San Bernardino,071,2135413,289126,285570,8754,294324,4332
2021-03-28,San Diego,073,3302833,270773,269476,13515,282991,3547
2021-03-28,San Francisco,075,870044,35279,35286,1201,36487,474
2021-03-28,San Joaquin,077,732212,69673,68459,3169,71628,1211
2021-03-28,San Luis Obispo,079,281455,20477,20172,625,20797,250
2021-03-28,San Mateo,081,765935,40786,40305,431,40736,348
2021-03-28,Santa Barbara,083,443738,33293,32953,1153,34106,439
2021-03-28,Santa Clara,085,1922200,114128,114232,654,114886,1871
2021-03-28,Santa Cruz,087,273765,15828,15238,804,16042,201
2021-03-28,Shasta,089,179085,11299,11308,1344,12652,183
2021-03-28,Sierra,091,2930,55,50,12,62,0
2021-03-28,Siskiyou,093,43540,1568,1497,262,1759,6
2021-03-28,Solano,095,438530,30867,30719,409,31128,232
2021-03-28,Sonoma,097,501317,29051,29161,272,29433,310
2021-03-28,Stanislaus,099,539301,53073,52567,5593,58160,678
2021-03-28,Sutter,101,95872,9148,9094,81,9175,106
2021-03-28,Tehama,103,63373,4780,4740,517,5257,52
2021-03-28,Trinity,105,12862,476,314,84,398,3
2021-03-28,Tulare,107,460477,49268,48218,8619,56837,815
2021-03-28,Tuolumne,109,53932,3901,3969,36,4005,57
2021-03-28,Ventura,111,848112,79861,79222,2886,82108,956
2021-03-28,Yolo,113,214977,13298,13325,248,13573,194
2021-03-28,Yuba,115,75493,5722,5662,106,5768,42
2021-03-27,Alameda,001,1643700,83757,83169,1806,84975,1211
2021-03-27,Alpine,003,1148,85,85,0,85,0
2021-03-27,Amador,005,37829,3570,3538,32,3570,45
2021-03-27,Butte,007,227075,11673,11278,1670,12948,191
2021-03-27,Calaveras,009,45235,2001,1992,12,2004,50
2021-03-27,Colusa,011,21464,1892,1889,274,2163,14
2021-03-27,Contra Costa,013,1133247,65739,64804,1140,65944,767
2021-03-27,Del Norte,015,27424,1174,1104,7,1111,6
2021-03-27,El Dorado,017,186661,9433,9367,611,9978,105
2021-03-27,Fresno,019,978130,99789,98901,8289,107190,1606
2021-03-27,Glenn,021,27897,2346,2308,529,2837,17
2021-03-27,Humboldt,023,135768,3453,3442,24,3466,34
2021-03-27,Imperial,025,180216,27602,27406,2616,30022,704
2021-03-27,Inyo,027,18085,1373,1372,9,1381,35
2021-03-27,Kern,029,883053,95369,94041,10290,104331,1217
2021-03-27,Kings,031,150075,22797,22502,1033,23535,238
2021-03-27,Lake,033,64148,3348,3317,8,3325,43
2021-03-27,Lassen,035,31185,5146,5129,102,5231,1
2021-03-27,Los Angeles,037,10098052,1186983,1178831,40433,1219264,23103
2021-03-27,Madera,039,155013,16114,15968,886,16854,210
2021-03-27,Marin,041,260295,13659,13579,205,13784,222
2021-03-27,Mariposa,043,17540,393,386,5,391,5
2021-03-27,Mendocino,045,87422,3751,3666,73,3739,45
2021-03-27,Merced,047,269075,29746,29647,999,30646,422
2021-03-27,Modoc,049,8938,355,344,120,464,3
2021-03-27,Mono,051,14174,1231,1241,17,1258,3
2021-03-27,Monterey,053,433212,42545,42271,1782,44053,337
2021-03-27,Napa,055,140530,9413,9360,34,9394,78
2021-03-27,Nevada,057,99092,4330,4231,180,4411,68
2021-03-27,Orange,059,3164182,251045,249160,10754,259914,4698
2021-03-27,Placer,061,380077,21540,20717,1239,21956,267
2021-03-27,Plumas,063,18699,669,655,10,665,4
2021-03-27,Riverside,065,2383286,289413,282707,13708,296415,4132
2021-03-27,Sacramento,067,1510023,98751,97247,1418,98665,1513
2021-03-27,San Benito,069,59416,5862,5862,94,5956,61
2021-03-27,San Bernardino,071,2135413,289063,285480,8752,294232,4325
2021-03-27,San Diego,073,3302833,270602,269271,13493,282764,3540
2021-03-27,San Francisco,075,870044,35256,35244,1199,36443,474
2021-03-27,San Joaquin,077,732212,69613,68365,3161,71526,1211
2021-03-27,San Luis Obispo,079,281455,20466,20153,622,20775,250
2021-03-27,San Mateo,081,765935,40763,40264,431,40695,348
2021-03-27,Santa Barbara,083,443738,33269,32921,1153,34074,439
2021-03-27,Santa Clara,085,1922200,114032,114124,652,114776,1871
2021-03-27,Santa Cruz,087,273765,15822,15215,804,16019,201
2021-03-27,Shasta,089,179085,11288,11288,1342,12630,183
2021-03-27,Sierra,091,2930,55,50,12,62,0
2021-03-27,Siskiyou,093,43540,1568,1497,262,1759,6
2021-03-27,Solano,095,438530,30839,30669,408,31077,232
2021-03-27,Sonoma,097,501317,29036,29133,270,29403,310
2021-03-27,Stanislaus,099,539301,53008,52497,5585,58082,678
2021-03-27,Sutter,101,95872,9140,9093,81,9174,106
2021-03-27,Tehama,103,63373,4774,4738,515,5253,52
2021-03-27,Trinity,105,12862,476,313,84,397,3
2021-03-27,Tulare,107,460477,49252,48203,8611,56814,813
2021-03-27,Tuolumne,109,53932,3898,3968,36,4004,57
2021-03-27,Ventura,111,848112,79834,79184,2884,82068,956
2021-03-27,Yolo,113,214977,13293,13317,247,13564,194
2021-03-27,Yuba,115,75493,5720,5657,106,5763,42
2021-03-26,Alameda,001,1643700,83695,83043,1804,84847,1208
2021-03-26,Alpine,003,1148,85,85,0,85,0
2021-03-26,Amador,005,37829,3565,3532,32,3564,45
2021-03-26,Butte,007,227075,11663,11278,1670,12948,191
2021-03-26,Calaveras,009,45235,1999,1989,12,2001,50
2021-03-26,Colusa,011,21464,1892,1889,274,2163,14
2021-03-26,Contra Costa,013,1133247,65679,64699,1137,65836,761
2021-03-26,Del Norte,015,27424,1171,1101,7,1108,6
2021-03-26,El Dorado,017,186661,9428,9353,611,9964,105
2021-03-26,Fresno,019,978130,99727,98731,8279,107010,1601
2021-03-26,Glenn,021,27897,2346,2307,528,2835,17
2021-03-26,Humboldt,023,135768,3451,3431,24,3455,34
2021-03-26,Imperial,025,180216,27578,27374,2616,29990,701
2021-03-26,Inyo,027,18085,1372,1369,9,1378,35
2021-03-26,Kern,029,883053,95343,93949,10284,104233,1211
2021-03-26,Kings,031,150075,22789,22493,1031,23524,239
2021-03-26,Lake,033,64148,3347,3314,8,3322,43
2021-03-26,Lassen,035,31185,5145,5131,102,5233,1
2021-03-26,Los Angeles,037,10098052,1186646,1178213,40420,1218633,23080
2021-03-26,Madera,039,155013,16104,15952,886,16838,210
2021-03-26,Marin,041,260295,13653,13553,200,13753,221
2021-03-26,Mariposa,043,17540,393,386,5,391,5
2021-03-26,Mendocino,045,87422,3750,3664,73,3737,45
2021-03-26,Merced,047,269075,29723,29613,997,30610,419
2021-03-26,Modoc,049,8938,355,344,120,464,3
2021-03-26,Mono,051,14174,1230,1236,17,1253,3
2021-03-26,Monterey,053,433212,42532,42241,1778,44019,338
2021-03-26,Napa,055,140530,9403,9349,34,9383,78
2021-03-26,Nevada,057,99092,4310,4222,180,4402,83
2021-03-26,Orange,059,3164182,250982,248995,10740,259735,4671
2021-03-26,Placer,061,380077,21514,20679,1238,21917,259
2021-03-26,Plumas,063,18699,668,654,10,664,4
2021-03-26,Riverside,065,2383286,289335,282602,13702,296304,4109
2021-03-26,Sacramento,067,1510023,98651,97040,1413,98453,1509
2021-03-26,San Benito,069,59416,5859,5855,94,5949,61
2021-03-26,San Bernardino,071,2135413,289007,285313,8750,294063,4288
2021-03-26,San Diego,073,3302833,270424,269045,13467,282512,3525
2021-03-26,San Francisco,075,870044,35230,35186,1199,36385,472
2021-03-26,San Joaquin,077,732212,69550,68249,3157,71406,1202
2021-03-26,San Luis Obispo,079,281455,20453,20118,622,20740,250
2021-03-26,San Mateo,081,765935,40728,40199,431,40630,348
2021-03-26,Santa Barbara,083,443738,33239,32895,1152,34047,439
2021-03-26,Santa Clara,085,1922200,113934,113959,651,114610,1868
2021-03-26,Santa Cruz,087,273765,15807,15199,803,16002,201
2021-03-26,Shasta,089,179085,11279,11276,1336,12612,182
2021-03-26,Sierra,091,2930,55,50,12,62,0
2021-03-26,Siskiyou,093,43540,1568,1493,261,1754,6
2021-03-26,Solano,095,438530,30814,30640,408,31048,205
2021-03-26,Sonoma,097,501317,29020,29101,267,29368,310
2021-03-26,Stanislaus,099,539301,52940,52420,5581,58001,678
2021-03-26,Sutter,101,95872,9137,9082,81,9163,104
2021-03-26,Tehama,103,63373,4773,4722,514,5236,51
2021-03-26,Trinity,105,12862,476,311,84,395,3
2021-03-26,Tulare,107,460477,49237,48179,8603,56782,813
2021-03-26,Tuolumne,109,53932,3897,3965,36,4001,57
2021-03-26,Ventura,111,848112,79800,79122,2882,82004,953
2021-03-26,Yolo,113,214977,13286,13299,245,13544,194
2021-03-26,Yuba,115,75493,5710,5653,106,5759,42
2021-03-25,Alameda,001,1643700,83599,82945,1802,84747,1206
2021-03-25,Alpine,003,1148,85,84,0,84,0
2021-03-25,Amador,005,37829,3563,3530,32,3562,45
2021-03-25,Butte,007,227075,11653,11270,1670,12940,188
2021-03-25,Calaveras,009,45235,1998,1982,12,1994,50
2021-03-25,Colusa,011,21464,1892,1888,274,2162,14
2021-03-25,Contra Costa,013,1133247,65612,64606,1133,65739,757
2021-03-25,Del Norte,015,27424,1165,1095,7,1102,6
2021-03-25,El Dorado,017,186661,9418,9331,611,9942,105
2021-03-25,Fresno,019,978130,99609,98602,8266,106868,1593
2021-03-25,Glenn,021,27897,2345,2302,527,2829,17
2021-03-25,Humboldt,023,135768,3446,3423,24,3447,34
2021-03-25,Imperial,025,180216,27562,27352,2615,29967,699
2021-03-25,Inyo,027,18085,1372,1369,9,1378,35
2021-03-25,Kern,029,883053,95311,93857,10279,104136,1206
2021-03-25,Kings,031,150075,22779,22472,1031,23503,237
2021-03-25,Lake,033,64148,3342,3312,8,3320,43
2021-03-25,Lassen,035,31185,5145,5129,102,5231,1
2021-03-25,Los Angeles,037,10098052,1186213,1177490,40385,1217875,23051
2021-03-25,Madera,039,155013,16085,15937,884,16821,210
2021-03-25,Marin,041,260295,13643,13538,197,13735,219
2021-03-25,Mariposa,043,17540,393,386,5,391,5
2021-03-25,Mendocino,045,87422,3749,3664,73,3737,45
2021-03-25,Merced,047,269075,29689,29576,989,30565,416
2021-03-25,Modoc,049,8938,355,343,120,463,3
2021-03-25,Mono,051,14174,1230,1235,17,1252,3
2021-03-25,Monterey,053,433212,42511,42220,1773,43993,336
2021-03-25,Napa,055,140530,9384,9321,34,9355,78
2021-03-25,Nevada,057,99092,4292,4202,178,4380,84
2021-03-25,Orange,059,3164182,250866,248871,10720,259591,4655
2021-03-25,Placer,061,380077,21473,20639,1231,21870,252
2021-03-25,Plumas,063,18699,668,654,10,664,4
2021-03-25,Riverside,065,2383286,289238,282492,13691,296183,4078
2021-03-25,Sacramento,067,1510023,98506,96823,1410,98233,1505
2021-03-25,San Benito,069,59416,5856,5850,94,5944,61
2021-03-25,San Bernardino,071,2135413,288926,285134,8745,293879,4222
2021-03-25,San Diego,073,3302833,270196,268623,13436,282059,3520
2021-03-25,San Francisco,075,870044,35191,35154,1197,36351,468
2021-03-25,San Joaquin,077,732212,69453,68089,3118,71207,1196
2021-03-25,San Luis Obispo,079,281455,20435,20076,622,20698,250
2021-03-25,San Mateo,081,765935,40688,40147,431,40578,348
2021-03-25,Santa Barbara,083,443738,33212,32857,1152,34009,439
2021-03-25,Santa Clara,085,1922200,113830,113877,649,114526,1868
2021-03-25,Santa Cruz,087,273765,15786,15170,803,15973,201
2021-03-25,Shasta,089,179085,11262,11262,1333,12595,181
2021-03-25,Sierra,091,2930,55,50,12,62,0
2021-03-25,Siskiyou,093,43540,1566,1491,260,1751,6
2021-03-25,Solano,095,438530,30753,30583,406,30989,193
2021-03-25,Sonoma,097,501317,28985,29060,263,29323,310
2021-03-25,Stanislaus,099,539301,52873,52321,5574,57895,678
2021-03-25,Sutter,101,95872,9128,9069,81,9150,104
2021-03-25,Tehama,103,63373,4771,4719,513,5232,52
2021-03-25,Trinity,105,12862,476,310,84,394,3
2021-03-25,Tulare,107,460477,49210,48148,8590,56738,811
2021-03-25,Tuolumne,109,53932,3896,3962,36,3998,57
2021-03-25,Ventura,111,848112,79759,79045,2878,81923,952
2021-03-25,Yolo,113,214977,13280,13287,245,13532,194
2021-03-25,Yuba,115,75493,5704,5647,100,5747,42
2021-03-24,Alameda,001,1643700,83505,82871,1799,84670,1199
2021-03-24,Alpine,003,1148,85,84,0,84,0
2021-03-24,Amador,005,37829,3557,3529,32,3561,45
2021-03-24,Butte,007,227075,11643,11252,1666,12918,187
2021-03-24,Calaveras,009,45235,1995,1975,12,1987,50
2021-03-24,Colusa,011,21464,1892,1886,274,2160,14
2021-03-24,Contra Costa,013,1133247,65532,64539,1132,65671,755
2021-03-24,Del Norte,015,27424,1160,1087,7,1094,6
2021-03-24,El Dorado,017,186661,9412,9319,610,9929,105
2021-03-24,Fresno,019,978130,99519,98437,8251,106688,1585
2021-03-24,Glenn,021,27897,2344,2297,526,2823,17
2021-03-24,Humboldt,023,135768,3443,3414,24,3438,34
2021-03-24,Imperial,025,180216,27553,27325,2615,29940,699
2021-03-24,Inyo,027,18085,1372,1368,9,1377,35
2021-03-24,Kern,029,883053,95263,93800,10270,104070,1198
2021-03-24,Kings,031,150075,22764,22456,1029,23485,237
2021-03-24,Lake,033,64148,3338,3307,8,3315,43
2021-03-24,Lassen,035,31185,5143,5130,101,5231,1
2021-03-24,Los Angeles,037,10098052,1185736,1177015,40350,1217365,22993
2021-03-24,Madera,039,155013,16076,15918,883,16801,210
2021-03-24,Marin,041,260295,13629,13526,195,13721,219
2021-03-24,Mariposa,043,17540,393,384,5,389,5
2021-03-24,Mendocino,045,87422,3746,3660,73,3733,45
2021-03-24,Merced,047,269075,29648,29525,989,30514,415
2021-03-24,Modoc,049,8938,354,341,120,461,3
2021-03-24,Mono,051,14174,1229,1243,17,1260,3
2021-03-24,Monterey,053,433212,42489,42201,1770,43971,335
2021-03-24,Napa,055,140530,9364,9310,34,9344,78
2021-03-24,Nevada,057,99092,4278,4191,177,4368,85
2021-03-24,Orange,059,3164182,250751,248775,10702,259477,4638
2021-03-24,Placer,061,380077,21443,20606,1223,21829,250
2021-03-24,Plumas,063,18699,666,652,10,662,4
2021-03-24,Riverside,065,2383286,289154,282410,13688,296098,4058
2021-03-24,Sacramento,067,1510023,98331,96628,1398,98026,1500
2021-03-24,San Benito,069,59416,5855,5847,94,5941,61
2021-03-24,San Bernardino,071,2135413,288841,284983,8743,293726,4170
2021-03-24,San Diego,073,3302833,269981,268413,13408,281821,3509
2021-03-24,San Francisco,075,870044,35163,35103,1194,36297,462
2021-03-24,San Joaquin,077,732212,69382,67978,3106,71084,1196
2021-03-24,San Luis Obispo,079,281455,20405,20021,621,20642,250
2021-03-24,San Mateo,081,765935,40638,40083,431,40514,348
2021-03-24,Santa Barbara,083,443738,33185,32810,1152,33962,438
2021-03-24,Santa Clara,085,1922200,113714,113757,646,114403,1851
2021-03-24,Santa Cruz,087,273765,15772,15138,802,15940,202
2021-03-24,Shasta,089,179085,11243,11243,1331,12574,181
2021-03-24,Sierra,091,2930,55,50,12,62,0
2021-03-24,Siskiyou,093,43540,1564,1490,260,1750,6
2021-03-24,Solano,095,438530,30716,30552,405,30957,178
2021-03-24,Sonoma,097,501317,28965,29034,259,29293,310
2021-03-24,Stanislaus,099,539301,52797,52259,5565,57824,677
2021-03-24,Sutter,101,95872,9112,9049,81,9130,104
2021-03-24,Tehama,103,63373,4765,4719,512,5231,49
2021-03-24,Trinity,105,12862,475,310,84,394,3
2021-03-24,Tulare,107,460477,49199,48109,8577,56686,808
2021-03-24,Tuolumne,109,53932,3895,3961,36,3997,57
2021-03-24,Ventura,111,848112,79707,78993,2871,81864,944
2021-03-24,Yolo,113,214977,13269,13269,245,13514,194
2021-03-24,Yuba,115,75493,5698,5634,97,5731,42
2021-03-23,Alameda,001,1643700,83403,82799,1795,84594,1190
2021-03-23,Alpine,003,1148,85,84,0,84,0
2021-03-23,Amador,005,37829,3551,3524,32,3556,45
2021-03-23,Butte,007,227075,11631,11227,1665,12892,187
2021-03-23,Calaveras,009,45235,1993,1971,12,1983,50
2021-03-23,Colusa,011,21464,1890,1885,273,2158,14
2021-03-23,Contra Costa,013,1133247,65433,64491,1131,65622,750
2021-03-23,Del Norte,015,27424,1155,1082,7,1089,6
2021-03-23,El Dorado,017,186661,9402,9318,608,9926,105
2021-03-23,Fresno,019,978130,99406,98362,8225,106587,1575
2021-03-23,Glenn,021,27897,2339,2293,524,2817,17
2021-03-23,Humboldt,023,135768,3434,3405,24,3429,34
2021-03-23,Imperial,025,180216,27545,27320,2615,29935,699
2021-03-23,Inyo,027,18085,1370,1364,9,1373,35
2021-03-23,Kern,029,883053,95156,93728,10263,103991,1191
2021-03-23,Kings,031,150075,22753,22439,1027,23466,237
2021-03-23,Lake,033,64148,3336,3294,8,3302,43
2021-03-23,Lassen,035,31185,5143,5130,101,5231,1
2021-03-23,Los Angeles,037,10098052,1185216,1176572,40312,1216884,22904
2021-03-23,Madera,039,155013,16060,15908,882,16790,210
2021-03-23,Marin,041,260295,13606,13514,193,13707,221
2021-03-23,Mariposa,043,17540,392,384,5,389,5
2021-03-23,Mendocino,045,87422,3744,3652,73,3725,45
2021-03-23,Merced,047,269075,29615,29485,989,30474,415
2021-03-23,Modoc,049,8938,353,342,120,462,3
2021-03-23,Mono,051,14174,1228,1263,17,1280,3
2021-03-23,Monterey,053,433212,42478,42180,1768,43948,335
2021-03-23,Napa,055,140530,9339,9299,34,9333,78
2021-03-23,Nevada,057,99092,4259,4179,176,4355,89
2021-03-23,Orange,059,3164182,250625,248661,10684,259345,4626
2021-03-23,Placer,061,380077,21408,20567,1219,21786,248
2021-03-23,Plumas,063,18699,666,652,10,662,4
2021-03-23,Riverside,065,2383286,289054,282317,13681,295998,4035
2021-03-23,Sacramento,067,1510023,98139,96521,1392,97913,1496
2021-03-23,San Benito,069,59416,5850,5845,93,5938,61
2021-03-23,San Bernardino,071,2135413,288757,284875,8735,293610,4134
2021-03-23,San Diego,073,3302833,269736,268156,13376,281532,3498
2021-03-23,San Francisco,075,870044,35105,35071,1188,36259,462
2021-03-23,San Joaquin,077,732212,69286,67903,3088,70991,1182
2021-03-23,San Luis Obispo,079,281455,20364,20009,620,20629,250
2021-03-23,San Mateo,081,765935,40582,40032,430,40462,348
2021-03-23,Santa Barbara,083,443738,33147,32771,1151,33922,438
2021-03-23,Santa Clara,085,1922200,113598,113645,643,114288,1848
2021-03-23,Santa Cruz,087,273765,15757,15106,802,15908,201
2021-03-23,Shasta,089,179085,11230,11234,1330,12564,175
2021-03-23,Sierra,091,2930,55,50,12,62,0
2021-03-23,Siskiyou,093,43540,1559,1485,258,1743,6
2021-03-23,Solano,095,438530,30675,30524,404,30928,178
2021-03-23,Sonoma,097,501317,28928,29020,258,29278,310
2021-03-23,Stanislaus,099,539301,52698,52148,5557,57705,677
2021-03-23,Sutter,101,95872,9104,9039,81,9120,104
2021-03-23,Tehama,103,63373,4754,4707,511,5218,46
2021-03-23,Trinity,105,12862,475,310,84,394,3
2021-03-23,Tulare,107,460477,49172,48095,8561,56656,808
2021-03-23,Tuolumne,109,53932,3892,3957,36,3993,57
2021-03-23,Ventura,111,848112,79646,78930,2868,81798,932
2021-03-23,Yolo,113,214977,13258,13255,245,13500,194
2021-03-23,Yuba,115,75493,5693,5628,97,5725,42
2021-03-22,Alameda,001,1643700,83310,82748,1789,84537,1189
2021-03-22,Alpine,003,1148,84,83,0,83,0
2021-03-22,Amador,005,37829,3543,3522,32,3554,44
2021-03-22,Butte,007,227075,11622,11211,1663,12874,185
2021-03-22,Calaveras,009,45235,1989,1963,12,1975,49
2021-03-22,Colusa,011,21464,1888,1885,273,2158,13
2021-03-22,Contra Costa,013,1133247,65338,64432,1129,65561,740
2021-03-22,Del Norte,015,27424,1149,1082,7,1089,6
2021-03-22,El Dorado,017,186661,9386,9310,605,9915,105
2021-03-22,Fresno,019,978130,99308,98276,8212,106488,1556
2021-03-22,Glenn,021,27897,2331,2291,524,2815,17
2021-03-22,Humboldt,023,135768,3429,3403,24,3427,34
2021-03-22,Imperial,025,180216,27530,27302,2611,29913,699
2021-03-22,Inyo,027,18085,1367,1363,9,1372,35
2021-03-22,Kern,029,883053,95085,93675,10246,103921,1178
2021-03-22,Kings,031,150075,22740,22433,1022,23455,236
2021-03-22,Lake,033,64148,3335,3290,8,3298,43
2021-03-22,Lassen,035,31185,5141,5129,101,5230,1
2021-03-22,Los Angeles,037,10098052,1184705,1176205,40279,1216484,22843
2021-03-22,Madera,039,155013,16045,15904,882,16786,210
2021-03-22,Marin,041,260295,13597,13501,192,13693,221
2021-03-22,Mariposa,043,17540,391,381,5,386,5
2021-03-22,Mendocino,045,87422,3742,3653,73,3726,45
2021-03-22,Merced,047,269075,29572,29468,986,30454,413
2021-03-22,Modoc,049,8938,351,342,120,462,3
2021-03-22,Mono,051,14174,1223,1263,17,1280,3
2021-03-22,Monterey,053,433212,42462,42161,1766,43927,335
2021-03-22,Napa,055,140530,9328,9288,34,9322,77
2021-03-22,Nevada,057,99092,4248,4174,172,4346,89
2021-03-22,Orange,059,3164182,250474,248517,10650,259167,4599
2021-03-22,Placer,061,380077,21373,20543,1214,21757,242
2021-03-22,Plumas,063,18699,666,652,10,662,4
2021-03-22,Riverside,065,2383286,288954,282242,13670,295912,4009
2021-03-22,Sacramento,067,1510023,97961,96385,1382,97767,1493
2021-03-22,San Benito,069,59416,5847,5844,92,5936,61
2021-03-22,San Bernardino,071,2135413,288670,284771,8723,293494,4107
2021-03-22,San Diego,073,3302833,269524,267913,13356,281269,3494
2021-03-22,San Francisco,075,870044,35063,35040,1184,36224,462
2021-03-22,San Joaquin,077,732212,69194,67815,3070,70885,1182
2021-03-22,San Luis Obispo,079,281455,20340,20000,619,20619,250
2021-03-22,San Mateo,081,765935,40531,40024,429,40453,348
2021-03-22,Santa Barbara,083,443738,33102,32756,1149,33905,437
2021-03-22,Santa Clara,085,1922200,113478,113575,643,114218,1845
2021-03-22,Santa Cruz,087,273765,15745,15077,801,15878,201
2021-03-22,Shasta,089,179085,11216,11218,1329,12547,150
2021-03-22,Sierra,091,2930,55,50,12,62,0
2021-03-22,Siskiyou,093,43540,1558,1487,257,1744,5
2021-03-22,Solano,095,438530,30635,30490,400,30890,171
2021-03-22,Sonoma,097,501317,28899,29010,254,29264,310
2021-03-22,Stanislaus,099,539301,52614,52083,5552,57635,677
2021-03-22,Sutter,101,95872,9091,9024,81,9105,104
2021-03-22,Tehama,103,63373,4746,4704,511,5215,45
2021-03-22,Trinity,105,12862,475,310,84,394,3
2021-03-22,Tulare,107,460477,49157,48074,8541,56615,807
2021-03-22,Tuolumne,109,53932,3889,3954,36,3990,57
2021-03-22,Ventura,111,848112,79598,78890,2865,81755,927
2021-03-22,Yolo,113,214977,13246,13243,244,13487,190
2021-03-22,Yuba,115,75493,5682,5627,95,5722,42
2021-03-21,Alameda,001,1643700,83219,82684,1786,84470,1187
2021-03-21,Alpine,003,1148,84,83,0,83,0
2021-03-21,Amador,005,37829,3539,3519,32,3551,44
2021-03-21,Butte,007,227075,11606,11208,1658,12866,185
2021-03-21,Calaveras,009,45235,1983,1962,12,1974,49
2021-03-21,Colusa,011,21464,1888,1885,273,2158,13
2021-03-21,Contra Costa,013,1133247,65256,64382,1125,65507,740
2021-03-21,Del Norte,015,27424,1134,1076,7,1083,6
2021-03-21,El Dorado,017,186661,9376,9302,600,9902,105
2021-03-21,Fresno,019,978130,99194,98211,8188,106399,1556
2021-03-21,Glenn,021,27897,2328,2288,523,2811,17
2021-03-21,Humboldt,023,135768,3424,3402,24,3426,34
2021-03-21,Imperial,025,180216,27512,27267,2603,29870,699
2021-03-21,Inyo,027,18085,1367,1363,9,1372,35
2021-03-21,Kern,029,883053,95019,93649,10237,103886,1170
2021-03-21,Kings,031,150075,22723,22422,1021,23443,236
2021-03-21,Lake,033,64148,3331,3286,8,3294,43
2021-03-21,Lassen,035,31185,5141,5129,101,5230,1
2021-03-21,Los Angeles,037,10098052,1184172,1175684,40231,1215915,22834
2021-03-21,Madera,039,155013,16025,15895,880,16775,210
2021-03-21,Marin,041,260295,13581,13495,191,13686,220
2021-03-21,Mariposa,043,17540,391,381,5,386,5
2021-03-21,Mendocino,045,87422,3739,3651,73,3724,45
2021-03-21,Merced,047,269075,29512,29446,980,30426,413
2021-03-21,Modoc,049,8938,351,341,120,461,3
2021-03-21,Mono,051,14174,1218,1263,17,1280,3
2021-03-21,Monterey,053,433212,42437,42153,1763,43916,335
2021-03-21,Napa,055,140530,9308,9282,34,9316,77
2021-03-21,Nevada,057,99092,4235,4169,172,4341,89
2021-03-21,Orange,059,3164182,250340,248442,10624,259066,4598
2021-03-21,Placer,061,380077,21337,20520,1206,21726,242
2021-03-21,Plumas,063,18699,666,653,10,663,4
2021-03-21,Riverside,065,2383286,288847,282187,13659,295846,4009
2021-03-21,Sacramento,067,1510023,97767,96269,1375,97644,1489
2021-03-21,San Benito,069,59416,5841,5842,92,5934,61
2021-03-21,San Bernardino,071,2135413,288580,284732,8717,293449,4094
2021-03-21,San Diego,073,3302833,269264,267724,13330,281054,3494
2021-03-21,San Francisco,075,870044,35017,35012,1177,36189,460
2021-03-21,San Joaquin,077,732212,69072,67729,3052,70781,1182
2021-03-21,San Luis Obispo,079,281455,20308,19979,617,20596,250
2021-03-21,San Mateo,081,765935,40486,39988,428,40416,344
2021-03-21,Santa Barbara,083,443738,33061,32743,1148,33891,437
2021-03-21,Santa Clara,085,1922200,113349,113487,640,114127,1840
2021-03-21,Santa Cruz,087,273765,15738,15064,801,15865,199
2021-03-21,Shasta,089,179085,11196,11215,1328,12543,150
2021-03-21,Sierra,091,2930,55,50,12,62,0
2021-03-21,Siskiyou,093,43540,1558,1486,256,1742,5
2021-03-21,Solano,095,438530,30595,30474,397,30871,171
2021-03-21,Sonoma,097,501317,28870,28986,253,29239,310
2021-03-21,Stanislaus,099,539301,52524,52014,5550,57564,677
2021-03-21,Sutter,101,95872,9078,9021,81,9102,104
2021-03-21,Tehama,103,63373,4742,4701,511,5212,45
2021-03-21,Trinity,105,12862,473,310,84,394,3
2021-03-21,Tulare,107,460477,49141,48060,8529,56589,807
2021-03-21,Tuolumne,109,53932,3887,3953,36,3989,57
2021-03-21,Ventura,111,848112,79534,78863,2860,81723,927
2021-03-21,Yolo,113,214977,13225,13235,244,13479,190
2021-03-21,Yuba,115,75493,5672,5624,95,5719,42
2021-03-20,Alameda,001,1643700,83151,82614,1784,84398,1178
2021-03-20,Alpine,003,1148,84,83,0,83,0
2021-03-20,Amador,005,37829,3537,3518,32,3550,44
2021-03-20,Butte,007,227075,11600,11199,1656,12855,185
2021-03-20,Calaveras,009,45235,1979,1961,12,1973,49
2021-03-20,Colusa,011,21464,1888,1883,273,2156,12
2021-03-20,Contra Costa,013,1133247,65196,64313,1125,65438,713
2021-03-20,Del Norte,015,27424,1133,1075,7,1082,6
2021-03-20,El Dorado,017,186661,9370,9290,600,9890,105
2021-03-20,Fresno,019,978130,99134,98112,8181,106293,1532
2021-03-20,Glenn,021,27897,2327,2288,521,2809,17
2021-03-20,Humboldt,023,135768,3417,3399,24,3423,33
2021-03-20,Imperial,025,180216,27506,27239,2601,29840,695
2021-03-20,Inyo,027,18085,1367,1362,9,1371,35
2021-03-20,Kern,029,883053,94990,93606,10233,103839,1155
2021-03-20,Kings,031,150075,22718,22415,1020,23435,236
2021-03-20,Lake,033,64148,3327,3280,8,3288,43
2021-03-20,Lassen,035,31185,5141,5128,101,5229,1
2021-03-20,Los Angeles,037,10098052,1183870,1175290,40207,1215497,22810
2021-03-20,Madera,039,155013,16017,15891,879,16770,210
2021-03-20,Marin,041,260295,13569,13470,187,13657,220
2021-03-20,Mariposa,043,17540,390,381,5,386,5
2021-03-20,Mendocino,045,87422,3738,3639,73,3712,43
2021-03-20,Merced,047,269075,29481,29411,977,30388,412
2021-03-20,Modoc,049,8938,350,341,120,461,3
2021-03-20,Mono,051,14174,1218,1256,17,1273,3
2021-03-20,Monterey,053,433212,42428,42146,1762,43908,334
2021-03-20,Napa,055,140530,9300,9274,34,9308,77
2021-03-20,Nevada,057,99092,4224,4164,171,4335,89
2021-03-20,Orange,059,3164182,250259,248348,10612,258960,4522
2021-03-20,Placer,061,380077,21314,20505,1204,21709,242
2021-03-20,Plumas,063,18699,663,652,10,662,4
2021-03-20,Riverside,065,2383286,288772,282081,13655,295736,4000
2021-03-20,Sacramento,067,1510023,97656,96126,1372,97498,1488
2021-03-20,San Benito,069,59416,5837,5840,92,5932,61
2021-03-20,San Bernardino,071,2135413,288515,284690,8713,293403,3965
2021-03-20,San Diego,073,3302833,269093,267532,13323,280855,3493
2021-03-20,San Francisco,075,870044,34994,34968,1170,36138,453
2021-03-20,San Joaquin,077,732212,69031,67662,3045,70707,1161
2021-03-20,San Luis Obispo,079,281455,20292,19951,611,20562,250
2021-03-20,San Mateo,081,765935,40452,39958,427,40385,344
2021-03-20,Santa Barbara,083,443738,33037,32723,1147,33870,434
2021-03-20,Santa Clara,085,1922200,113257,113384,639,114023,1799
2021-03-20,Santa Cruz,087,273765,15722,15053,801,15854,199
2021-03-20,Shasta,089,179085,11190,11211,1328,12539,147
2021-03-20,Sierra,091,2930,55,50,12,62,0
2021-03-20,Siskiyou,093,43540,1558,1483,256,1739,5
2021-03-20,Solano,095,438530,30565,30439,397,30836,170
2021-03-20,Sonoma,097,501317,28855,28962,253,29215,309
2021-03-20,Stanislaus,099,539301,52468,51925,5543,57468,673
2021-03-20,Sutter,101,95872,9070,9014,81,9095,103
2021-03-20,Tehama,103,63373,4737,4696,509,5205,33
2021-03-20,Trinity,105,12862,472,310,84,394,3
2021-03-20,Tulare,107,460477,49126,48030,8512,56542,804
2021-03-20,Tuolumne,109,53932,3884,3950,36,3986,57
2021-03-20,Ventura,111,848112,79497,78818,2858,81676,922
2021-03-20,Yolo,113,214977,13221,13226,244,13470,190
2021-03-20,Yuba,115,75493,5669,5621,94,5715,42
2021-03-19,Alameda,001,1643700,83079,82499,1783,84282,1187
2021-03-19,Alpine,003,1148,83,82,0,82,0
2021-03-19,Amador,005,37829,3534,3515,32,3547,44
2021-03-19,Butte,007,227075,11592,11191,1653,12844,185
2021-03-19,Calaveras,009,45235,1978,1957,12,1969,49
2021-03-19,Colusa,011,21464,1887,1883,273,2156,12
2021-03-19,Contra Costa,013,1133247,65137,64195,1122,65317,737
2021-03-19,Del Norte,015,27424,1127,1071,5,1076,6
2021-03-19,El Dorado,017,186661,9361,9274,600,9874,105
2021-03-19,Fresno,019,978130,99050,97969,8167,106136,1527
2021-03-19,Glenn,021,27897,2327,2282,521,2803,17
2021-03-19,Humboldt,023,135768,3408,3388,24,3412,33
2021-03-19,Imperial,025,180216,27494,27218,2597,29815,695
2021-03-19,Inyo,027,18085,1365,1356,9,1365,35
2021-03-19,Kern,029,883053,94957,93534,10220,103754,1152
2021-03-19,Kings,031,150075,22709,22369,1017,23386,235
2021-03-19,Lake,033,64148,3321,3262,8,3270,43
2021-03-19,Lassen,035,31185,5141,5126,101,5227,1
2021-03-19,Los Angeles,037,10098052,1183535,1174818,40190,1215008,22752
2021-03-19,Madera,039,155013,16010,15877,878,16755,210
2021-03-19,Marin,041,260295,13557,13441,187,13628,220
2021-03-19,Mariposa,043,17540,389,380,5,385,5
2021-03-19,Mendocino,045,87422,3737,3639,73,3712,45
2021-03-19,Merced,047,269075,29454,29376,974,30350,412
2021-03-19,Modoc,049,8938,350,341,120,461,3
2021-03-19,Mono,051,14174,1216,1244,17,1261,3
2021-03-19,Monterey,053,433212,42419,42125,1760,43885,335
2021-03-19,Napa,055,140530,9288,9256,34,9290,77
2021-03-19,Nevada,057,99092,4213,4156,171,4327,88
2021-03-19,Orange,059,3164182,250159,248146,10601,258747,4501
2021-03-19,Placer,061,380077,21296,20451,1202,21653,242
2021-03-19,Plumas,063,18699,663,650,10,660,4
2021-03-19,Riverside,065,2383286,288689,281937,13650,295587,3989
2021-03-19,Sacramento,067,1510023,97553,95934,1369,97303,1486
2021-03-19,San Benito,069,59416,5837,5845,92,5937,61
2021-03-19,San Bernardino,071,2135413,288443,284501,8711,293212,4017
2021-03-19,San Diego,073,3302833,268958,267173,13313,280486,3491
2021-03-19,San Francisco,075,870044,34949,34936,1167,36103,461
2021-03-19,San Joaquin,077,732212,68961,67515,3031,70546,1180
2021-03-19,San Luis Obispo,079,281455,20272,19913,609,20522,249
2021-03-19,San Mateo,081,765935,40428,39893,427,40320,344
2021-03-19,Santa Barbara,083,443738,33008,32685,1146,33831,435
2021-03-19,Santa Clara,085,1922200,113182,113232,638,113870,1797
2021-03-19,Santa Cruz,087,273765,15715,15026,801,15827,199
2021-03-19,Shasta,089,179085,11183,11104,1326,12430,103
2021-03-19,Sierra,091,2930,54,49,12,61,0
2021-03-19,Siskiyou,093,43540,1558,1480,255,1735,5
2021-03-19,Solano,095,438530,30535,30395,395,30790,172
2021-03-19,Sonoma,097,501317,28834,28932,251,29183,292
2021-03-19,Stanislaus,099,539301,52410,51755,5540,57295,679
2021-03-19,Sutter,101,95872,9068,9005,81,9086,103
2021-03-19,Tehama,103,63373,4729,4685,509,5194,33
2021-03-19,Trinity,105,12862,472,310,84,394,3
2021-03-19,Tulare,107,460477,49103,47989,8489,56478,805
2021-03-19,Tuolumne,109,53932,3881,3946,36,3982,57
2021-03-19,Ventura,111,848112,79459,78753,2854,81607,920
2021-03-19,Yolo,113,214977,13213,13197,244,13441,189
2021-03-19,Yuba,115,75493,5666,5615,93,5708,42
2021-03-18,Alameda,001,1643700,82998,82419,1780,84199,1189
2021-03-18,Alpine,003,1148,83,82,0,82,0
2021-03-18,Amador,005,37829,3530,3513,32,3545,44
2021-03-18,Butte,007,227075,11581,11179,1651,12830,185
2021-03-18,Calaveras,009,45235,1976,1954,12,1966,49
2021-03-18,Colusa,011,21464,1887,1882,273,2155,12
2021-03-18,Contra Costa,013,1133247,65064,64103,1119,65222,739
2021-03-18,Del Norte,015,27424,1118,1059,5,1064,6
2021-03-18,El Dorado,017,186661,9348,9261,599,9860,105
2021-03-18,Fresno,019,978130,98953,97856,8152,106008,1527
2021-03-18,Glenn,021,27897,2323,2275,520,2795,17
2021-03-18,Humboldt,023,135768,3400,3381,24,3405,34
2021-03-18,Imperial,025,180216,27478,27190,2591,29781,695
2021-03-18,Inyo,027,18085,1362,1354,9,1363,35
2021-03-18,Kern,029,883053,94900,93458,10206,103664,1158
2021-03-18,Kings,031,150075,22702,22354,1016,23370,235
2021-03-18,Lake,033,64148,3318,3260,8,3268,43
2021-03-18,Lassen,035,31185,5140,5126,101,5227,1
2021-03-18,Los Angeles,037,10098052,1183102,1174205,40161,1214366,22689
2021-03-18,Madera,039,155013,15998,15860,875,16735,211
2021-03-18,Marin,041,260295,13539,13435,186,13621,219
2021-03-18,Mariposa,043,17540,387,380,5,385,5
2021-03-18,Mendocino,045,87422,3727,3630,73,3703,45
2021-03-18,Merced,047,269075,29419,29317,974,30291,410
2021-03-18,Modoc,049,8938,350,341,120,461,3
2021-03-18,Mono,051,14174,1212,1215,16,1231,3
2021-03-18,Monterey,053,433212,42407,42105,1760,43865,335
2021-03-18,Napa,055,140530,9279,9243,34,9277,77
2021-03-18,Nevada,057,99092,4206,4154,171,4325,74
2021-03-18,Orange,059,3164182,250055,248050,10589,258639,4514
2021-03-18,Placer,061,380077,21264,20421,1199,21620,243
2021-03-18,Plumas,063,18699,661,648,10,658,4
2021-03-18,Riverside,065,2383286,288608,281789,13643,295432,3957
2021-03-18,Sacramento,067,1510023,97405,95819,1365,97184,1481
2021-03-18,San Benito,069,59416,5835,5842,92,5934,61
2021-03-18,San Bernardino,071,2135413,288362,284294,8681,292975,4076
2021-03-18,San Diego,073,3302833,268806,266752,13303,280055,3478
2021-03-18,San Francisco,075,870044,34910,34904,1166,36070,461
2021-03-18,San Joaquin,077,732212,68861,67301,3019,70320,1169
2021-03-18,San Luis Obispo,079,281455,20243,19894,608,20502,249
2021-03-18,San Mateo,081,765935,40387,39874,427,40301,344
2021-03-18,Santa Barbara,083,443738,32967,32640,1146,33786,434
2021-03-18,Santa Clara,085,1922200,113065,113119,634,113753,1808
2021-03-18,Santa Cruz,087,273765,15705,14998,801,15799,198
2021-03-18,Shasta,089,179085,11169,11059,1324,12383,100
2021-03-18,Sierra,091,2930,54,49,12,61,0
2021-03-18,Siskiyou,093,43540,1555,1480,254,1734,5
2021-03-18,Solano,095,438530,30493,30352,392,30744,172
2021-03-18,Sonoma,097,501317,28812,28915,249,29164,292
2021-03-18,Stanislaus,099,539301,52339,51615,5536,57151,682
2021-03-18,Sutter,101,95872,9056,8999,81,9080,103
2021-03-18,Tehama,103,63373,4723,4683,508,5191,35
2021-03-18,Trinity,105,12862,472,310,84,394,3
2021-03-18,Tulare,107,460477,49084,47964,8474,56438,805
2021-03-18,Tuolumne,109,53932,3880,3942,36,3978,57
2021-03-18,Ventura,111,848112,79402,78697,2854,81551,918
2021-03-18,Yolo,113,214977,13200,13183,244,13427,191
2021-03-18,Yuba,115,75493,5662,5612,93,5705,42
2021-03-17,Alameda,001,1643700,82922,82353,1775,84128,1185
2021-03-17,Alpine,003,1148,83,82,0,82,0
2021-03-17,Amador,005,37829,3528,3511,32,3543,44
2021-03-17,Butte,007,227075,11572,11170,1649,12819,185
2021-03-17,Calaveras,009,45235,1973,1946,12,1958,49
2021-03-17,Colusa,011,21464,1886,1882,273,2155,12
2021-03-17,Contra Costa,013,1133247,64995,64026,1118,65144,737
2021-03-17,Del Norte,015,27424,1114,1053,5,1058,6
2021-03-17,El Dorado,017,186661,9338,9252,599,9851,105
2021-03-17,Fresno,019,978130,98842,97727,8134,105861,1507
2021-03-17,Glenn,021,27897,2316,2269,519,2788,17
2021-03-17,Humboldt,023,135768,3392,3365,24,3389,33
2021-03-17,Imperial,025,180216,27462,27168,2589,29757,691
2021-03-17,Inyo,027,18085,1360,1351,9,1360,35
2021-03-17,Kern,029,883053,94844,93392,10193,103585,1149
2021-03-17,Kings,031,150075,22686,22336,1015,23351,233
2021-03-17,Lake,033,64148,3311,3251,8,3259,43
2021-03-17,Lassen,035,31185,5139,5125,101,5226,1
2021-03-17,Los Angeles,037,10098052,1182649,1173416,40128,1213544,22602
2021-03-17,Madera,039,155013,15991,15835,875,16710,214
2021-03-17,Marin,041,260295,13521,13428,185,13613,218
2021-03-17,Mariposa,043,17540,387,379,5,384,5
2021-03-17,Mendocino,045,87422,3723,3625,73,3698,44
2021-03-17,Merced,047,269075,29391,29250,970,30220,408
2021-03-17,Modoc,049,8938,350,341,120,461,3
2021-03-17,Mono,051,14174,1210,1212,16,1228,3
2021-03-17,Monterey,053,433212,42389,42061,1757,43818,334
2021-03-17,Napa,055,140530,9264,9219,34,9253,76
2021-03-17,Nevada,057,99092,4196,4145,171,4316,74
2021-03-17,Orange,059,3164182,249935,247943,10561,258504,4502
2021-03-17,Placer,061,380077,21237,20369,1197,21566,243
2021-03-17,Plumas,063,18699,660,645,10,655,4
2021-03-17,Riverside,065,2383286,288492,281649,13635,295284,3925
2021-03-17,Sacramento,067,1510023,97277,95650,1360,97010,1477
2021-03-17,San Benito,069,59416,5832,5841,92,5933,61
2021-03-17,San Bernardino,071,2135413,288245,284170,8676,292846,4049
2021-03-17,San Diego,073,3302833,268595,266313,13285,279598,3470
2021-03-17,San Francisco,075,870044,34875,34873,1165,36038,457
2021-03-17,San Joaquin,077,732212,68776,67093,3003,70096,1164
2021-03-17,San Luis Obispo,079,281455,20220,19858,604,20462,249
2021-03-17,San Mateo,081,765935,40357,39838,426,40264,344
2021-03-17,Santa Barbara,083,443738,32947,32585,1145,33730,433
2021-03-17,Santa Clara,085,1922200,112972,112983,633,113616,1805
2021-03-17,Santa Cruz,087,273765,15697,14967,801,15768,199
2021-03-17,Shasta,089,179085,11164,11045,1321,12366,100
2021-03-17,Sierra,091,2930,54,49,12,61,0
2021-03-17,Siskiyou,093,43540,1554,1479,252,1731,5
2021-03-17,Solano,095,438530,30467,30320,390,30710,171
2021-03-17,Sonoma,097,501317,28788,28877,248,29125,292
2021-03-17,Stanislaus,099,539301,52264,51524,5529,57053,682
2021-03-17,Sutter,101,95872,9046,8982,81,9063,103
2021-03-17,Tehama,103,63373,4717,4670,508,5178,34
2021-03-17,Trinity,105,12862,472,308,84,392,3
2021-03-17,Tulare,107,460477,49064,47929,8464,56393,805
2021-03-17,Tuolumne,109,53932,3877,3938,36,3974,57
2021-03-17,Ventura,111,848112,79347,78648,2851,81499,916
2021-03-17,Yolo,113,214977,13183,13169,244,13413,190
2021-03-17,Yuba,115,75493,5659,5603,93,5696,42
2021-03-16,Alameda,001,1643700,82810,82259,1773,84032,1177
2021-03-16,Alpine,003,1148,83,82,0,82,0
2021-03-16,Amador,005,37829,3526,3510,32,3542,44
2021-03-16,Butte,007,227075,11560,11154,1648,12802,184
2021-03-16,Calaveras,009,45235,1968,1945,12,1957,49
2021-03-16,Colusa,011,21464,1885,1882,273,2155,12
2021-03-16,Contra Costa,013,1133247,64912,63951,1115,65066,736
2021-03-16,Del Norte,015,27424,1106,1048,5,1053,6
2021-03-16,El Dorado,017,186661,9322,9249,599,9848,105
2021-03-16,Fresno,019,978130,98703,97638,8112,105750,1498
2021-03-16,Glenn,021,27897,2308,2267,515,2782,17
2021-03-16,Humboldt,023,135768,3388,3351,24,3375,33
2021-03-16,Imperial,025,180216,27451,27143,2587,29730,689
2021-03-16,Inyo,027,18085,1359,1346,9,1355,35
2021-03-16,Kern,029,883053,94778,93340,10178,103518,1144
2021-03-16,Kings,031,150075,22650,22320,1014,23334,233
2021-03-16,Lake,033,64148,3303,3246,8,3254,43
2021-03-16,Lassen,035,31185,5138,5126,101,5227,1
2021-03-16,Los Angeles,037,10098052,1182116,1172676,40090,1212766,22527
2021-03-16,Madera,039,155013,15975,15822,873,16695,214
2021-03-16,Marin,041,260295,13504,13419,185,13604,218
2021-03-16,Mariposa,043,17540,384,379,5,384,5
2021-03-16,Mendocino,045,87422,3718,3623,73,3696,44
2021-03-16,Merced,047,269075,29338,29198,969,30167,407
2021-03-16,Modoc,049,8938,350,341,120,461,3
2021-03-16,Mono,051,14174,1209,1207,16,1223,3
2021-03-16,Monterey,053,433212,42370,42023,1757,43780,334
2021-03-16,Napa,055,140530,9254,9209,34,9243,75
2021-03-16,Nevada,057,99092,4187,4132,170,4302,67
2021-03-16,Orange,059,3164182,249797,247843,10542,258385,4479
2021-03-16,Placer,061,380077,21204,20339,1193,21532,240
2021-03-16,Plumas,063,18699,659,643,10,653,4
2021-03-16,Riverside,065,2383286,288378,281540,13622,295162,3893
2021-03-16,Sacramento,067,1510023,97134,95522,1356,96878,1466
2021-03-16,San Benito,069,59416,5827,5831,92,5923,61
2021-03-16,San Bernardino,071,2135413,288115,283980,8669,292649,4032
2021-03-16,San Diego,073,3302833,268363,265903,13272,279175,3462
2021-03-16,San Francisco,075,870044,34846,34833,1160,35993,456
2021-03-16,San Joaquin,077,732212,68674,66856,2990,69846,1163
2021-03-16,San Luis Obispo,079,281455,20190,19832,602,20434,248
2021-03-16,San Mateo,081,765935,40323,39806,424,40230,344
2021-03-16,Santa Barbara,083,443738,32915,32556,1144,33700,433
2021-03-16,Santa Clara,085,1922200,112854,112845,630,113475,1797
2021-03-16,Santa Cruz,087,273765,15691,14926,801,15727,199
2021-03-16,Shasta,089,179085,11148,11035,1318,12353,100
2021-03-16,Sierra,091,2930,53,49,12,61,0
2021-03-16,Siskiyou,093,43540,1550,1477,252,1729,5
2021-03-16,Solano,095,438530,30433,30298,388,30686,171
2021-03-16,Sonoma,097,501317,28756,28850,246,29096,291
2021-03-16,Stanislaus,099,539301,52184,51410,5522,56932,683
2021-03-16,Sutter,101,95872,9038,8970,81,9051,102
2021-03-16,Tehama,103,63373,4713,4660,507,5167,34
2021-03-16,Trinity,105,12862,472,308,83,391,3
2021-03-16,Tulare,107,460477,49017,47895,8456,56351,803
2021-03-16,Tuolumne,109,53932,3874,3938,36,3974,57
2021-03-16,Ventura,111,848112,79280,78671,2844,81515,916
2021-03-16,Yolo,113,214977,13168,13162,244,13406,190
2021-03-16,Yuba,115,75493,5656,5596,92,5688,42
2021-03-15,Alameda,001,1643700,82722,82159,1773,83932,1167
2021-03-15,Alpine,003,1148,83,82,0,82,0
2021-03-15,Amador,005,37829,3525,3506,32,3538,44
2021-03-15,Butte,007,227075,11547,11141,1644,12785,185
2021-03-15,Calaveras,009,45235,1967,1941,12,1953,49
2021-03-15,Colusa,011,21464,1885,1883,273,2156,12
2021-03-15,Contra Costa,013,1133247,64850,63847,1114,64961,732
2021-03-15,Del Norte,015,27424,1103,1048,5,1053,6
2021-03-15,El Dorado,017,186661,9316,9235,598,9833,103
2021-03-15,Fresno,019,978130,98576,97520,8097,105617,1496
2021-03-15,Glenn,021,27897,2303,2261,512,2773,15
2021-03-15,Humboldt,023,135768,3382,3337,24,3361,32
2021-03-15,Imperial,025,180216,27430,27122,2585,29707,684
2021-03-15,Inyo,027,18085,1359,1346,9,1355,35
2021-03-15,Kern,029,883053,94718,93266,10171,103437,1141
2021-03-15,Kings,031,150075,22633,22294,1009,23303,233
2021-03-15,Lake,033,64148,3291,3237,8,3245,43
2021-03-15,Lassen,035,31185,5138,5125,101,5226,1
2021-03-15,Los Angeles,037,10098052,1181547,1172445,40055,1212500,22477
2021-03-15,Madera,039,155013,15964,15806,871,16677,214
2021-03-15,Marin,041,260295,13498,13408,184,13592,218
2021-03-15,Mariposa,043,17540,384,376,5,381,5
2021-03-15,Mendocino,045,87422,3714,3615,73,3688,44
2021-03-15,Merced,047,269075,29300,29169,967,30136,407
2021-03-15,Modoc,049,8938,350,340,120,460,3
2021-03-15,Mono,051,14174,1208,1206,16,1222,3
2021-03-15,Monterey,053,433212,42342,42011,1754,43765,333
2021-03-15,Napa,055,140530,9243,9196,34,9230,75
2021-03-15,Nevada,057,99092,4182,4123,169,4292,66
2021-03-15,Orange,059,3164182,249684,247697,10521,258218,4481
2021-03-15,Placer,061,380077,21181,20308,1193,21501,238
2021-03-15,Plumas,063,18699,659,642,10,652,4
2021-03-15,Riverside,065,2383286,288225,281367,13612,294979,3856
2021-03-15,Sacramento,067,1510023,96981,95414,1350,96764,1463
2021-03-15,San Benito,069,59416,5824,5831,92,5923,61
2021-03-15,San Bernardino,071,2135413,288022,283815,8661,292476,4004
2021-03-15,San Diego,073,3302833,268114,265646,13256,278902,3452
2021-03-15,San Francisco,075,870044,34811,34820,1156,35976,456
2021-03-15,San Joaquin,077,732212,68570,66622,2977,69599,1140
2021-03-15,San Luis Obispo,079,281455,20159,19813,598,20411,247
2021-03-15,San Mateo,081,765935,40269,39765,424,40189,344
2021-03-15,Santa Barbara,083,443738,32892,32529,1141,33670,431
2021-03-15,Santa Clara,085,1922200,112752,112729,628,113357,1798
2021-03-15,Santa Cruz,087,273765,15685,14899,799,15698,200
2021-03-15,Shasta,089,179085,11132,11019,1313,12332,92
2021-03-15,Sierra,091,2930,53,49,12,61,0
2021-03-15,Siskiyou,093,43540,1550,1475,252,1727,5
2021-03-15,Solano,095,438530,30404,30258,387,30645,171
2021-03-15,Sonoma,097,501317,28738,28814,243,29057,285
2021-03-15,Stanislaus,099,539301,52106,51357,5515,56872,683
2021-03-15,Sutter,101,95872,9032,8962,81,9043,102
2021-03-15,Tehama,103,63373,4703,4650,506,5156,34
2021-03-15,Trinity,105,12862,472,308,83,391,3
2021-03-15,Tulare,107,460477,48987,47857,8441,56298,800
2021-03-15,Tuolumne,109,53932,3872,3937,35,3972,57
2021-03-15,Ventura,111,848112,79226,78626,2843,81469,910
2021-03-15,Yolo,113,214977,13149,13131,242,13373,190
2021-03-15,Yuba,115,75493,5651,5585,91,5676,42
2021-03-14,Alameda,001,1643700,82636,82116,1770,83886,1168
2021-03-14,Alpine,003,1148,83,82,0,82,0
2021-03-14,Amador,005,37829,3520,3504,32,3536,44
2021-03-14,Butte,007,227075,11534,11140,1640,12780,185
2021-03-14,Calaveras,009,45235,1963,1939,12,1951,49
2021-03-14,Colusa,011,21464,1885,1883,273,2156,12
2021-03-14,Contra Costa,013,1133247,64745,63808,1113,64921,731
2021-03-14,Del Norte,015,27424,1089,1048,5,1053,6
2021-03-14,El Dorado,017,186661,9306,9231,598,9829,103
2021-03-14,Fresno,019,978130,98468,97461,8079,105540,1496
2021-03-14,Glenn,021,27897,2298,2260,509,2769,15
2021-03-14,Humboldt,023,135768,3368,3335,24,3359,32
2021-03-14,Imperial,025,180216,27412,27122,2581,29703,685
2021-03-14,Inyo,027,18085,1355,1346,9,1355,35
2021-03-14,Kern,029,883053,94635,93252,10153,103405,1141
2021-03-14,Kings,031,150075,22614,22292,1007,23299,232
2021-03-14,Lake,033,64148,3286,3237,8,3245,43
2021-03-14,Lassen,035,31185,5136,5125,101,5226,1
2021-03-14,Los Angeles,037,10098052,1180978,1172100,40019,1212119,22476
2021-03-14,Madera,039,155013,15939,15804,871,16675,214
2021-03-14,Marin,041,260295,13482,13405,182,13587,218
2021-03-14,Mariposa,043,17540,382,376,5,381,5
2021-03-14,Mendocino,045,87422,3709,3613,73,3686,44
2021-03-14,Merced,047,269075,29232,29149,963,30112,407
2021-03-14,Modoc,049,8938,350,340,120,460,3
2021-03-14,Mono,051,14174,1202,1206,16,1222,3
2021-03-14,Monterey,053,433212,42318,42007,1750,43757,333
2021-03-14,Napa,055,140530,9225,9194,34,9228,75
2021-03-14,Nevada,057,99092,4176,4122,167,4289,66
2021-03-14,Orange,059,3164182,249553,247656,10501,258157,4460
2021-03-14,Placer,061,380077,21146,20288,1185,21473,238
2021-03-14,Plumas,063,18699,657,642,10,652,4
2021-03-14,Riverside,065,2383286,288067,281332,13604,294936,3845
2021-03-14,Sacramento,067,1510023,96803,95343,1345,96688,1462
2021-03-14,San Benito,069,59416,5815,5829,92,5921,61
2021-03-14,San Bernardino,071,2135413,287898,283791,8650,292441,3996
2021-03-14,San Diego,073,3302833,267879,265468,13243,278711,3452
2021-03-14,San Francisco,075,870044,34772,34810,1153,35963,455
2021-03-14,San Joaquin,077,732212,68442,66563,2960,69523,1140
2021-03-14,San Luis Obispo,079,281455,20130,19806,596,20402,247
2021-03-14,San Mateo,081,765935,40230,39744,424,40168,342
2021-03-14,Santa Barbara,083,443738,32848,32514,1139,33653,431
2021-03-14,Santa Clara,085,1922200,112624,112648,627,113275,1796
2021-03-14,Santa Cruz,087,273765,15668,14887,797,15684,200
2021-03-14,Shasta,089,179085,11116,11019,1306,12325,92
2021-03-14,Sierra,091,2930,53,49,12,61,0
2021-03-14,Siskiyou,093,43540,1546,1473,251,1724,5
2021-03-14,Solano,095,438530,30372,30230,382,30612,171
2021-03-14,Sonoma,097,501317,28703,28798,239,29037,284
2021-03-14,Stanislaus,099,539301,51985,51306,5507,56813,690
2021-03-14,Sutter,101,95872,9016,8958,81,9039,102
2021-03-14,Tehama,103,63373,4691,4650,505,5155,34
2021-03-14,Trinity,105,12862,471,308,82,390,3
2021-03-14,Tulare,107,460477,48954,47845,8420,56265,800
2021-03-14,Tuolumne,109,53932,3870,3937,35,3972,57
2021-03-14,Ventura,111,848112,79173,78611,2837,81448,910
2021-03-14,Yolo,113,214977,13127,13128,238,13366,189
2021-03-14,Yuba,115,75493,5641,5583,91,5674,42
2021-03-13,Alameda,001,1643700,82576,82010,1770,83780,1168
2021-03-13,Alpine,003,1148,83,82,0,82,0
2021-03-13,Amador,005,37829,3517,3504,32,3536,44
2021-03-13,Butte,007,227075,11525,11131,1639,12770,185
2021-03-13,Calaveras,009,45235,1962,1939,12,1951,49
2021-03-13,Colusa,011,21464,1885,1882,273,2155,12
2021-03-13,Contra Costa,013,1133247,64684,63689,1113,64802,731
2021-03-13,Del Norte,015,27424,1085,1041,5,1046,6
2021-03-13,El Dorado,017,186661,9298,9221,598,9819,103
2021-03-13,Fresno,019,978130,98409,97324,8059,105383,1495
2021-03-13,Glenn,021,27897,2297,2260,508,2768,15
2021-03-13,Humboldt,023,135768,3361,3325,24,3349,32
2021-03-13,Imperial,025,180216,27407,27099,2576,29675,677
2021-03-13,Inyo,027,18085,1354,1344,9,1353,35
2021-03-13,Kern,029,883053,94596,93197,10147,103344,1140
2021-03-13,Kings,031,150075,22598,22265,1006,23271,232
2021-03-13,Lake,033,64148,3279,3234,7,3241,43
2021-03-13,Lassen,035,31185,5136,5125,101,5226,1
2021-03-13,Los Angeles,037,10098052,1180663,1171505,39975,1211480,22451
2021-03-13,Madera,039,155013,15927,15780,871,16651,214
2021-03-13,Marin,041,260295,13476,13391,180,13571,218
2021-03-13,Mariposa,043,17540,381,376,5,381,5
2021-03-13,Mendocino,045,87422,3705,3611,73,3684,44
2021-03-13,Merced,047,269075,29201,29106,963,30069,406
2021-03-13,Modoc,049,8938,350,340,119,459,3
2021-03-13,Mono,051,14174,1202,1207,16,1223,3
2021-03-13,Monterey,053,433212,42308,41989,1748,43737,332
2021-03-13,Napa,055,140530,9219,9190,34,9224,75
2021-03-13,Nevada,057,99092,4169,4111,166,4277,66
2021-03-13,Orange,059,3164182,249472,247514,10485,257999,4423
2021-03-13,Placer,061,380077,21125,20238,1182,21420,239
2021-03-13,Plumas,063,18699,655,642,10,652,4
2021-03-13,Riverside,065,2383286,287975,281191,13596,294787,3848
2021-03-13,Sacramento,067,1510023,96717,95192,1343,96535,1461
2021-03-13,San Benito,069,59416,5812,5823,92,5915,61
2021-03-13,San Bernardino,071,2135413,287844,283727,8644,292371,3972
2021-03-13,San Diego,073,3302833,267724,265270,13229,278499,3444
2021-03-13,San Francisco,075,870044,34755,34784,1144,35928,455
2021-03-13,San Joaquin,077,732212,68386,66480,2938,69418,1141
2021-03-13,San Luis Obispo,079,281455,20112,19789,595,20384,247
2021-03-13,San Mateo,081,765935,40203,39689,423,40112,341
2021-03-13,Santa Barbara,083,443738,32823,32486,1138,33624,431
2021-03-13,Santa Clara,085,1922200,112539,112531,626,113157,1790
2021-03-13,Santa Cruz,087,273765,15661,14875,797,15672,199
2021-03-13,Shasta,089,179085,11108,11021,1303,12324,108
2021-03-13,Sierra,091,2930,52,49,12,61,0
2021-03-13,Siskiyou,093,43540,1545,1470,251,1721,5
2021-03-13,Solano,095,438530,30355,30198,382,30580,171
2021-03-13,Sonoma,097,501317,28683,28762,235,28997,285
2021-03-13,Stanislaus,099,539301,51934,51257,5502,56759,695
2021-03-13,Sutter,101,95872,9009,8948,81,9029,102
2021-03-13,Tehama,103,63373,4689,4647,505,5152,33
2021-03-13,Trinity,105,12862,471,306,82,388,3
2021-03-13,Tulare,107,460477,48928,47818,8412,56230,798
2021-03-13,Tuolumne,109,53932,3867,3937,35,3972,57
2021-03-13,Ventura,111,848112,79124,78693,2837,81530,906
2021-03-13,Yolo,113,214977,13119,13087,237,13324,189
2021-03-13,Yuba,115,75493,5640,5577,91,5668,42
2021-03-12,Alameda,001,1643700,82500,81898,1769,83667,1164
2021-03-12,Alpine,003,1148,83,82,0,82,0
2021-03-12,Amador,005,37829,3514,3503,32,3535,44
2021-03-12,Butte,007,227075,11515,11126,1637,12763,184
2021-03-12,Calaveras,009,45235,1962,1916,12,1928,49
2021-03-12,Colusa,011,21464,1885,1883,273,2156,12
2021-03-12,Contra Costa,013,1133247,64608,63583,1113,64696,728
2021-03-12,Del Norte,015,27424,1079,1033,5,1038,6
2021-03-12,El Dorado,017,186661,9289,9219,598,9817,103
2021-03-12,Fresno,019,978130,98312,97185,8048,105233,1489
2021-03-12,Glenn,021,27897,2296,2258,507,2765,15
2021-03-12,Humboldt,023,135768,3356,3315,24,3339,32
2021-03-12,Imperial,025,180216,27396,27071,2574,29645,677
2021-03-12,Inyo,027,18085,1352,1339,9,1348,35
2021-03-12,Kern,029,883053,94562,93142,10131,103273,1132
2021-03-12,Kings,031,150075,22579,22233,1006,23239,232
2021-03-12,Lake,033,64148,3273,3226,6,3232,43
2021-03-12,Lassen,035,31185,5136,5125,100,5225,1
2021-03-12,Los Angeles,037,10098052,1180264,1170860,39958,1210818,22409
2021-03-12,Madera,039,155013,15915,15761,868,16629,214
2021-03-12,Marin,041,260295,13469,13375,180,13555,218
2021-03-12,Mariposa,043,17540,379,376,5,381,5
2021-03-12,Mendocino,045,87422,3702,3605,73,3678,43
2021-03-12,Merced,047,269075,29170,29064,963,30027,403
2021-03-12,Modoc,049,8938,350,340,119,459,3
2021-03-12,Mono,051,14174,1201,1206,16,1222,3
2021-03-12,Monterey,053,433212,42294,41964,1743,43707,329
2021-03-12,Napa,055,140530,9210,9180,34,9214,75
2021-03-12,Nevada,057,99092,4159,4101,166,4267,66
2021-03-12,Orange,059,3164182,249379,247388,10474,257862,4401
2021-03-12,Placer,061,380077,21092,20210,1177,21387,239
2021-03-12,Plumas,063,18699,654,641,10,651,4
2021-03-12,Riverside,065,2383286,287876,281037,13588,294625,3854
2021-03-12,Sacramento,067,1510023,96593,95061,1336,96397,1460
2021-03-12,San Benito,069,59416,5809,5817,92,5909,61
2021-03-12,San Bernardino,071,2135413,287787,283558,8639,292197,3917
2021-03-12,San Diego,073,3302833,267561,264886,13221,278107,3434
2021-03-12,San Francisco,075,870044,34734,34758,1141,35899,452
2021-03-12,San Joaquin,077,732212,68315,66482,2929,69411,1144
2021-03-12,San Luis Obispo,079,281455,20098,19769,593,20362,247
2021-03-12,San Mateo,081,765935,40167,39638,421,40059,341
2021-03-12,Santa Barbara,083,443738,32800,32457,1135,33592,429
2021-03-12,Santa Clara,085,1922200,112444,112396,625,113021,1766
2021-03-12,Santa Cruz,087,273765,15649,14846,795,15641,195
2021-03-12,Shasta,089,179085,11099,11143,1301,12444,153
2021-03-12,Sierra,091,2930,52,49,12,61,0
2021-03-12,Siskiyou,093,43540,1545,1468,250,1718,5
2021-03-12,Solano,095,438530,30336,30180,381,30561,171
2021-03-12,Sonoma,097,501317,28656,28714,235,28949,285
2021-03-12,Stanislaus,099,539301,51876,51146,5495,56641,701
2021-03-12,Sutter,101,95872,9003,8940,81,9021,101
2021-03-12,Tehama,103,63373,4685,4638,504,5142,33
2021-03-12,Trinity,105,12862,470,306,81,387,3
2021-03-12,Tulare,107,460477,48903,47772,8406,56178,798
2021-03-12,Tuolumne,109,53932,3866,3936,35,3971,57
2021-03-12,Ventura,111,848112,79081,78698,2833,81531,899
2021-03-12,Yolo,113,214977,13109,13061,230,13291,189
2021-03-12,Yuba,115,75493,5633,5563,90,5653,42
2021-03-11,Alameda,001,1643700,82407,81809,1764,83573,1164
2021-03-11,Alpine,003,1148,83,78,0,78,0
2021-03-11,Amador,005,37829,3513,3498,32,3530,42
2021-03-11,Butte,007,227075,11504,11110,1635,12745,185
2021-03-11,Calaveras,009,45235,1959,1915,12,1927,49
2021-03-11,Colusa,011,21464,1885,1883,273,2156,12
2021-03-11,Contra Costa,013,1133247,64535,63469,1111,64580,728
2021-03-11,Del Norte,015,27424,1074,1027,5,1032,6
2021-03-11,El Dorado,017,186661,9275,9211,598,9809,101
2021-03-11,Fresno,019,978130,98196,97026,8019,105045,1481
2021-03-11,Glenn,021,27897,2293,2255,507,2762,15
2021-03-11,Humboldt,023,135768,3339,3302,24,3326,32
2021-03-11,Imperial,025,180216,27389,27045,2571,29616,675
2021-03-11,Inyo,027,18085,1347,1335,9,1344,35
2021-03-11,Kern,029,883053,94506,93052,10092,103144,1121
2021-03-11,Kings,031,150075,22564,22183,1003,23186,230
2021-03-11,Lake,033,64148,3269,3214,6,3220,42
2021-03-11,Lassen,035,31185,5135,5124,100,5224,1
2021-03-11,Los Angeles,037,10098052,1179732,1170111,39926,1210037,22316
2021-03-11,Madera,039,155013,15904,15725,866,16591,214
2021-03-11,Marin,041,260295,13457,13356,179,13535,217
2021-03-11,Mariposa,043,17540,379,376,5,381,5
2021-03-11,Mendocino,045,87422,3695,3604,73,3677,42
2021-03-11,Merced,047,269075,29121,29001,962,29963,401
2021-03-11,Modoc,049,8938,350,340,119,459,3
2021-03-11,Mono,051,14174,1200,1206,16,1222,3
2021-03-11,Monterey,053,433212,42271,41936,1737,43673,329
2021-03-11,Napa,055,140530,9197,9173,34,9207,75
2021-03-11,Nevada,057,99092,4147,4085,164,4249,66
2021-03-11,Orange,059,3164182,249241,247217,10456,257673,4373
2021-03-11,Placer,061,380077,21050,20178,1173,21351,239
2021-03-11,Plumas,063,18699,653,640,10,650,4
2021-03-11,Riverside,065,2383286,287706,280881,13575,294456,3842
2021-03-11,Sacramento,067,1510023,96452,94912,1333,96245,1455
2021-03-11,San Benito,069,59416,5806,5816,92,5908,61
2021-03-11,San Bernardino,071,2135413,287690,283312,8633,291945,3869
2021-03-11,San Diego,073,3302833,267397,264524,13205,277729,3422
2021-03-11,San Francisco,075,870044,34698,34722,1135,35857,452
2021-03-11,San Joaquin,077,732212,68203,66522,2921,69443,1157
2021-03-11,San Luis Obispo,079,281455,20073,19748,592,20340,247
2021-03-11,San Mateo,081,765935,40130,39590,420,40010,341
2021-03-11,Santa Barbara,083,443738,32773,32408,1130,33538,430
2021-03-11,Santa Clara,085,1922200,112313,112246,622,112868,1765
2021-03-11,Santa Cruz,087,273765,15637,14812,794,15606,193
2021-03-11,Shasta,089,179085,11089,11139,1296,12435,158
2021-03-11,Sierra,091,2930,52,48,12,60,0
2021-03-11,Siskiyou,093,43540,1542,1466,250,1716,5
2021-03-11,Solano,095,438530,30308,30138,380,30518,171
2021-03-11,Sonoma,097,501317,28627,28677,235,28912,285
2021-03-11,Stanislaus,099,539301,51791,51038,5487,56525,707
2021-03-11,Sutter,101,95872,8997,8933,81,9014,101
2021-03-11,Tehama,103,63373,4676,4632,503,5135,33
2021-03-11,Trinity,105,12862,469,304,80,384,3
2021-03-11,Tulare,107,460477,48866,47709,8395,56104,797
2021-03-11,Tuolumne,109,53932,3864,3934,35,3969,57
2021-03-11,Ventura,111,848112,79031,78697,2829,81526,889
2021-03-11,Yolo,113,214977,13092,13041,228,13269,190
2021-03-11,Yuba,115,75493,5629,5553,90,5643,42
2021-03-10,Alameda,001,1643700,82300,81701,1759,83460,1160
2021-03-10,Alpine,003,1148,82,78,0,78,0
2021-03-10,Amador,005,37829,3511,3496,32,3528,42
2021-03-10,Butte,007,227075,11494,11096,1635,12731,185
2021-03-10,Calaveras,009,45235,1953,1913,12,1925,48
2021-03-10,Colusa,011,21464,1885,1882,273,2155,12
2021-03-10,Contra Costa,013,1133247,64436,63372,1107,64479,725
2021-03-10,Del Norte,015,27424,1072,1020,5,1025,5
2021-03-10,El Dorado,017,186661,9262,9203,598,9801,100
2021-03-10,Fresno,019,978130,98089,96866,8003,104869,1471
2021-03-10,Glenn,021,27897,2290,2253,505,2758,15
2021-03-10,Humboldt,023,135768,3329,3296,23,3319,32
2021-03-10,Imperial,025,180216,27374,27051,2571,29622,675
2021-03-10,Inyo,027,18085,1347,1328,9,1337,35
2021-03-10,Kern,029,883053,94440,92965,10071,103036,1102
2021-03-10,Kings,031,150075,22545,22166,1001,23167,226
2021-03-10,Lake,033,64148,3259,3207,6,3213,42
2021-03-10,Lassen,035,31185,5135,5120,100,5220,1
2021-03-10,Los Angeles,037,10098052,1179185,1169079,39899,1208978,22199
2021-03-10,Madera,039,155013,15883,15705,863,16568,212
2021-03-10,Marin,041,260295,13447,13348,178,13526,216
2021-03-10,Mariposa,043,17540,379,376,5,381,5
2021-03-10,Mendocino,045,87422,3690,3602,73,3675,42
2021-03-10,Merced,047,269075,29084,28927,959,29886,401
2021-03-10,Modoc,049,8938,349,338,119,457,3
2021-03-10,Mono,051,14174,1196,1204,16,1220,3
2021-03-10,Monterey,053,433212,42249,41920,1733,43653,329
2021-03-10,Napa,055,140530,9188,9165,34,9199,75
2021-03-10,Nevada,057,99092,4143,4074,164,4238,66
2021-03-10,Orange,059,3164182,249092,247075,10440,257515,4342
2021-03-10,Placer,061,380077,21016,20144,1167,21311,239
2021-03-10,Plumas,063,18699,652,639,10,649,4
2021-03-10,Riverside,065,2383286,287565,280708,13561,294269,3822
2021-03-10,Sacramento,067,1510023,96322,94796,1327,96123,1452
2021-03-10,San Benito,069,59416,5797,5811,92,5903,61
2021-03-10,San Bernardino,071,2135413,287597,283140,8627,291767,3841
2021-03-10,San Diego,073,3302833,267175,264094,13193,277287,3413
2021-03-10,San Francisco,075,870044,34663,34688,1127,35815,450
2021-03-10,San Joaquin,077,732212,68101,66483,2904,69387,1156
2021-03-10,San Luis Obispo,079,281455,20049,19710,588,20298,247
2021-03-10,San Mateo,081,765935,40106,39571,420,39991,338
2021-03-10,Santa Barbara,083,443738,32746,32356,1127,33483,429
2021-03-10,Santa Clara,085,1922200,112206,112103,618,112721,1759
2021-03-10,Santa Cruz,087,273765,15622,14790,793,15583,192
2021-03-10,Shasta,089,179085,11079,11125,1293,12418,155
2021-03-10,Sierra,091,2930,52,48,12,60,0
2021-03-10,Siskiyou,093,43540,1540,1458,250,1708,5
2021-03-10,Solano,095,438530,30278,30111,379,30490,170
2021-03-10,Sonoma,097,501317,28592,28638,234,28872,286
2021-03-10,Stanislaus,099,539301,51702,50968,5468,56436,706
2021-03-10,Sutter,101,95872,8986,8918,81,8999,101
2021-03-10,Tehama,103,63373,4666,4623,503,5126,33
2021-03-10,Trinity,105,12862,469,304,80,384,3
2021-03-10,Tulare,107,460477,48818,47659,8377,56036,793
2021-03-10,Tuolumne,109,53932,3863,3931,35,3966,57
2021-03-10,Ventura,111,848112,78954,78609,2827,81436,878
2021-03-10,Yolo,113,214977,13069,13021,227,13248,189
2021-03-10,Yuba,115,75493,5615,5545,89,5634,42
2021-03-09,Alameda,001,1643700,82213,81618,1759,83377,1151
2021-03-09,Alpine,003,1148,82,78,0,78,0
2021-03-09,Amador,005,37829,3509,3494,32,3526,42
2021-03-09,Butte,007,227075,11481,11092,1633,12725,185
2021-03-09,Calaveras,009,45235,1951,1913,12,1925,48
2021-03-09,Colusa,011,21464,1885,1880,273,2153,11
2021-03-09,Contra Costa,013,1133247,64343,63314,1105,64419,723
2021-03-09,Del Norte,015,27424,1064,1017,5,1022,5
2021-03-09,El Dorado,017,186661,9255,9198,598,9796,98
2021-03-09,Fresno,019,978130,97970,96744,7976,104720,1463
2021-03-09,Glenn,021,27897,2286,2251,503,2754,15
2021-03-09,Humboldt,023,135768,3317,3288,22,3310,32
2021-03-09,Imperial,025,180216,27365,27045,2567,29612,675
2021-03-09,Inyo,027,18085,1345,1324,9,1333,35
2021-03-09,Kern,029,883053,94361,92924,10053,102977,1088
2021-03-09,Kings,031,150075,22520,22143,999,23142,226
2021-03-09,Lake,033,64148,3253,3202,6,3208,42
2021-03-09,Lassen,035,31185,5135,5120,100,5220,1
2021-03-09,Los Angeles,037,10098052,1178587,1167967,39865,1207832,22080
2021-03-09,Madera,039,155013,15872,15701,861,16562,211
2021-03-09,Marin,041,260295,13429,13335,176,13511,214
2021-03-09,Mariposa,043,17540,379,376,5,381,5
2021-03-09,Mendocino,045,87422,3686,3595,73,3668,42
2021-03-09,Merced,047,269075,29024,28876,956,29832,399
2021-03-09,Modoc,049,8938,349,338,118,456,3
2021-03-09,Mono,051,14174,1195,1203,16,1219,3
2021-03-09,Monterey,053,433212,42230,41894,1725,43619,329
2021-03-09,Napa,055,140530,9174,9155,34,9189,75
2021-03-09,Nevada,057,99092,4135,4062,164,4226,66
2021-03-09,Orange,059,3164182,248949,246989,10420,257409,4310
2021-03-09,Placer,061,380077,20974,20122,1162,21284,239
2021-03-09,Plumas,063,18699,649,639,10,649,4
2021-03-09,Riverside,065,2383286,287430,280562,13557,294119,3821
2021-03-09,Sacramento,067,1510023,96154,94720,1321,96041,1442
2021-03-09,San Benito,069,59416,5793,5800,92,5892,61
2021-03-09,San Bernardino,071,2135413,287483,282971,8620,291591,3823
2021-03-09,San Diego,073,3302833,266943,263745,13172,276917,3405
2021-03-09,San Francisco,075,870044,34632,34654,1123,35777,450
2021-03-09,San Joaquin,077,732212,67973,66383,2894,69277,1150
2021-03-09,San Luis Obispo,079,281455,20031,19672,581,20253,245
2021-03-09,San Mateo,081,765935,40059,39535,418,39953,336
2021-03-09,Santa Barbara,083,443738,32705,32314,1125,33439,428
2021-03-09,Santa Clara,085,1922200,112095,111963,613,112576,1756
2021-03-09,Santa Cruz,087,273765,15600,14764,792,15556,188
2021-03-09,Shasta,089,179085,11072,11113,1288,12401,155
2021-03-09,Sierra,091,2930,52,48,12,60,0
2021-03-09,Siskiyou,093,43540,1536,1447,248,1695,5
2021-03-09,Solano,095,438530,30242,30090,377,30467,169
2021-03-09,Sonoma,097,501317,28542,28601,231,28832,284
2021-03-09,Stanislaus,099,539301,51605,50884,5459,56343,703
2021-03-09,Sutter,101,95872,8973,8914,81,8995,101
2021-03-09,Tehama,103,63373,4658,4620,502,5122,33
2021-03-09,Trinity,105,12862,469,304,80,384,3
2021-03-09,Tulare,107,460477,48791,47637,8356,55993,792
2021-03-09,Tuolumne,109,53932,3861,3929,35,3964,56
2021-03-09,Ventura,111,848112,78884,78526,2825,81351,863
2021-03-09,Yolo,113,214977,13058,13015,226,13241,189
2021-03-09,Yuba,115,75493,5608,5539,89,5628,42
2021-03-08,Alameda,001,1643700,82100,81543,1758,83301,1142
2021-03-08,Alpine,003,1148,82,78,0,78,0
2021-03-08,Amador,005,37829,3506,3490,32,3522,42
2021-03-08,Butte,007,227075,11466,11082,1632,12714,185
2021-03-08,Calaveras,009,45235,1947,1909,12,1921,48
2021-03-08,Colusa,011,21464,1885,1877,273,2150,11
2021-03-08,Contra Costa,013,1133247,64247,63240,1105,64345,719
2021-03-08,Del Norte,015,27424,1059,1012,5,1017,5
2021-03-08,El Dorado,017,186661,9252,9188,597,9785,97
2021-03-08,Fresno,019,978130,97871,96665,7955,104620,1442
2021-03-08,Glenn,021,27897,2285,2249,503,2752,15
2021-03-08,Humboldt,023,135768,3303,3278,22,3300,31
2021-03-08,Imperial,025,180216,27358,27033,2564,29597,663
2021-03-08,Inyo,027,18085,1343,1320,9,1329,35
2021-03-08,Kern,029,883053,94294,92857,10033,102890,1087
2021-03-08,Kings,031,150075,22499,22130,997,23127,226
2021-03-08,Lake,033,64148,3241,3195,6,3201,42
2021-03-08,Lassen,035,31185,5135,5119,100,5219,1
2021-03-08,Los Angeles,037,10098052,1177969,1163409,39833,1203242,21868
2021-03-08,Madera,039,155013,15862,15691,859,16550,211
2021-03-08,Marin,041,260295,13409,13328,174,13502,214
2021-03-08,Mariposa,043,17540,379,376,5,381,5
2021-03-08,Mendocino,045,87422,3684,3590,72,3662,42
2021-03-08,Merced,047,269075,28964,28841,955,29796,398
2021-03-08,Modoc,049,8938,349,338,118,456,3
2021-03-08,Mono,051,14174,1194,1200,16,1216,3
2021-03-08,Monterey,053,433212,42209,41863,1724,43587,328
2021-03-08,Napa,055,140530,9171,9146,34,9180,75
2021-03-08,Nevada,057,99092,4127,4059,164,4223,66
2021-03-08,Orange,059,3164182,248775,246900,10388,257288,4243
2021-03-08,Placer,061,380077,20939,20102,1151,21253,239
2021-03-08,Plumas,063,18699,648,635,10,645,4
2021-03-08,Riverside,065,2383286,287278,280463,13547,294010,3783
2021-03-08,Sacramento,067,1510023,95984,94654,1316,95970,1438
2021-03-08,San Benito,069,59416,5790,5797,92,5889,61
2021-03-08,San Bernardino,071,2135413,287374,282894,8613,291507,3811
2021-03-08,San Diego,073,3302833,266702,263272,13157,276429,3390
2021-03-08,San Francisco,075,870044,34605,34634,1119,35753,446
2021-03-08,San Joaquin,077,732212,67856,66307,2885,69192,1139
2021-03-08,San Luis Obispo,079,281455,19988,19656,578,20234,245
2021-03-08,San Mateo,081,765935,40010,39492,416,39908,335
2021-03-08,Santa Barbara,083,443738,32673,32293,1125,33418,427
2021-03-08,Santa Clara,085,1922200,111966,111882,611,112493,1756
2021-03-08,Santa Cruz,087,273765,15580,14729,792,15521,188
2021-03-08,Shasta,089,179085,11064,11088,1283,12371,155
2021-03-08,Sierra,091,2930,52,48,12,60,0
2021-03-08,Siskiyou,093,43540,1535,1440,248,1688,5
2021-03-08,Solano,095,438530,30202,30068,375,30443,169
2021-03-08,Sonoma,097,501317,28498,28571,230,28801,284
2021-03-08,Stanislaus,099,539301,51526,50825,5454,56279,690
2021-03-08,Sutter,101,95872,8970,8905,81,8986,100
2021-03-08,Tehama,103,63373,4655,4615,501,5116,33
2021-03-08,Trinity,105,12862,468,302,80,382,3
2021-03-08,Tulare,107,460477,48750,47587,8331,55918,791
2021-03-08,Tuolumne,109,53932,3860,3921,35,3956,56
2021-03-08,Ventura,111,848112,78813,78526,2817,81343,852
2021-03-08,Yolo,113,214977,13035,13000,225,13225,189
2021-03-08,Yuba,115,75493,5598,5530,89,5619,42
2021-03-07,Alameda,001,1643700,81982,81413,1757,83170,1145
2021-03-07,Alpine,003,1148,82,78,0,78,0
2021-03-07,Amador,005,37829,3503,3489,32,3521,42
2021-03-07,Butte,007,227075,11451,11075,1631,12706,185
2021-03-07,Calaveras,009,45235,1943,1906,12,1918,48
2021-03-07,Colusa,011,21464,1884,1876,273,2149,11
2021-03-07,Contra Costa,013,1133247,64148,63148,1103,64251,719
2021-03-07,Del Norte,015,27424,1054,1010,5,1015,5
2021-03-07,El Dorado,017,186661,9249,9184,596,9780,97
2021-03-07,Fresno,019,978130,97693,96549,7933,104482,1442
2021-03-07,Glenn,021,27897,2283,2244,503,2747,15
2021-03-07,Humboldt,023,135768,3293,3274,22,3296,31
2021-03-07,Imperial,025,180216,27349,27019,2562,29581,658
2021-03-07,Inyo,027,18085,1340,1320,9,1329,35
2021-03-07,Kern,029,883053,94207,92746,10003,102749,1086
2021-03-07,Kings,031,150075,22477,22103,996,23099,224
2021-03-07,Lake,033,64148,3235,3192,6,3198,42
2021-03-07,Lassen,035,31185,5134,5119,100,5219,1
2021-03-07,Los Angeles,037,10098052,1177245,1162749,39796,1202545,21857
2021-03-07,Madera,039,155013,15843,15675,859,16534,211
2021-03-07,Marin,041,260295,13401,13313,172,13485,214
2021-03-07,Mariposa,043,17540,378,376,5,381,5
2021-03-07,Mendocino,045,87422,3680,3581,72,3653,42
2021-03-07,Merced,047,269075,28890,28829,951,29780,399
2021-03-07,Modoc,049,8938,349,338,118,456,3
2021-03-07,Mono,051,14174,1192,1199,16,1215,3
2021-03-07,Monterey,053,433212,42188,41858,1721,43579,328
2021-03-07,Napa,055,140530,9161,9137,34,9171,75
2021-03-07,Nevada,057,99092,4113,4052,163,4215,66
2021-03-07,Orange,059,3164182,248583,246771,10360,257131,4218
2021-03-07,Placer,061,380077,20898,20070,1147,21217,239
2021-03-07,Plumas,063,18699,647,635,10,645,4
2021-03-07,Riverside,065,2383286,287129,280379,13538,293917,3779
2021-03-07,Sacramento,067,1510023,95807,94513,1309,95822,1437
2021-03-07,San Benito,069,59416,5783,5795,92,5887,61
2021-03-07,San Bernardino,071,2135413,287223,282860,8608,291468,3810
2021-03-07,San Diego,073,3302833,266421,262965,13133,276098,3390
2021-03-07,San Francisco,075,870044,34571,34594,1114,35708,445
2021-03-07,San Joaquin,077,732212,67720,66252,2871,69123,1139
2021-03-07,San Luis Obispo,079,281455,19951,19614,576,20190,245
2021-03-07,San Mateo,081,765935,39970,39436,413,39849,329
2021-03-07,Santa Barbara,083,443738,32626,32218,1124,33342,425
2021-03-07,Santa Clara,085,1922200,111821,111745,607,112352,1752
2021-03-07,Santa Cruz,087,273765,15558,14715,791,15506,189
2021-03-07,Shasta,089,179085,11051,11083,1275,12358,156
2021-03-07,Sierra,091,2930,51,48,12,60,0
2021-03-07,Siskiyou,093,43540,1532,1435,244,1679,5
2021-03-07,Solano,095,438530,30165,30027,375,30402,169
2021-03-07,Sonoma,097,501317,28449,28533,228,28761,284
2021-03-07,Stanislaus,099,539301,51394,50783,5437,56220,699
2021-03-07,Sutter,101,95872,8960,8900,81,8981,100
2021-03-07,Tehama,103,63373,4645,4614,498,5112,33
2021-03-07,Trinity,105,12862,468,302,80,382,3
2021-03-07,Tulare,107,460477,48691,47569,8300,55869,790
2021-03-07,Tuolumne,109,53932,3859,3922,34,3956,56
2021-03-07,Ventura,111,848112,78715,78487,2813,81300,851
2021-03-07,Yolo,113,214977,13016,12988,225,13213,189
2021-03-07,Yuba,115,75493,5593,5516,89,5605,42
2021-03-06,Alameda,001,1643700,81927,81310,1756,83066,1143
2021-03-06,Alpine,003,1148,82,78,0,78,0
2021-03-06,Amador,005,37829,3499,3487,32,3519,42
2021-03-06,Butte,007,227075,11448,11065,1630,12695,185
2021-03-06,Calaveras,009,45235,1939,1904,12,1916,48
2021-03-06,Colusa,011,21464,1882,1874,273,2147,11
2021-03-06,Contra Costa,013,1133247,64087,63040,1099,64139,719
2021-03-06,Del Norte,015,27424,1049,1000,5,1005,5
2021-03-06,El Dorado,017,186661,9245,9166,596,9762,97
2021-03-06,Fresno,019,978130,97598,96366,7922,104288,1440
2021-03-06,Glenn,021,27897,2283,2241,503,2744,15
2021-03-06,Humboldt,023,135768,3283,3260,22,3282,31
2021-03-06,Imperial,025,180216,27345,27009,2557,29566,658
2021-03-06,Inyo,027,18085,1337,1312,9,1321,35
2021-03-06,Kern,029,883053,94161,92684,9983,102667,1082
2021-03-06,Kings,031,150075,22462,22094,996,23090,224
2021-03-06,Lake,033,64148,3233,3189,6,3195,42
2021-03-06,Lassen,035,31185,5134,5119,100,5219,1
2021-03-06,Los Angeles,037,10098052,1176807,1161745,39766,1201511,21843
2021-03-06,Madera,039,155013,15834,15646,857,16503,211
2021-03-06,Marin,041,260295,13392,13289,172,13461,213
2021-03-06,Mariposa,043,17540,378,376,5,381,5
2021-03-06,Mendocino,045,87422,3678,3579,72,3651,42
2021-03-06,Merced,047,269075,28848,28771,951,29722,399
2021-03-06,Modoc,049,8938,348,338,118,456,3
2021-03-06,Mono,051,14174,1191,1198,16,1214,3
2021-03-06,Monterey,053,433212,42183,41838,1718,43556,327
2021-03-06,Napa,055,140530,9153,9129,34,9163,75
2021-03-06,Nevada,057,99092,4107,4044,163,4207,66
2021-03-06,Orange,059,3164182,248492,246634,10346,256980,4165
2021-03-06,Placer,061,380077,20875,20030,1145,21175,239
2021-03-06,Plumas,063,18699,647,634,10,644,4
2021-03-06,Riverside,065,2383286,287036,280225,13530,293755,3781
2021-03-06,Sacramento,067,1510023,95719,94332,1300,95632,1436
2021-03-06,San Benito,069,59416,5778,5793,92,5885,61
2021-03-06,San Bernardino,071,2135413,287139,282737,8606,291343,3791
2021-03-06,San Diego,073,3302833,266234,262778,13116,275894,3385
2021-03-06,San Francisco,075,870044,34540,34560,1110,35670,435
2021-03-06,San Joaquin,077,732212,67646,66162,2861,69023,1138
2021-03-06,San Luis Obispo,079,281455,19931,19592,574,20166,245
2021-03-06,San Mateo,081,765935,39945,39384,413,39797,329
2021-03-06,Santa Barbara,083,443738,32595,32176,1123,33299,424
2021-03-06,Santa Clara,085,1922200,111725,111570,605,112175,1749
2021-03-06,Santa Cruz,087,273765,15547,14701,791,15492,188
2021-03-06,Shasta,089,179085,11042,11076,1273,12349,158
2021-03-06,Sierra,091,2930,51,48,12,60,0
2021-03-06,Siskiyou,093,43540,1530,1432,244,1676,5
2021-03-06,Solano,095,438530,30136,30000,374,30374,169
2021-03-06,Sonoma,097,501317,28426,28484,226,28710,284
2021-03-06,Stanislaus,099,539301,51324,50691,5431,56122,711
2021-03-06,Sutter,101,95872,8954,8887,81,8968,100
2021-03-06,Tehama,103,63373,4645,4610,496,5106,33
2021-03-06,Trinity,105,12862,468,302,80,382,3
2021-03-06,Tulare,107,460477,48659,47515,8271,55786,789
2021-03-06,Tuolumne,109,53932,3857,3920,34,3954,56
2021-03-06,Ventura,111,848112,78660,78439,2812,81251,848
2021-03-06,Yolo,113,214977,13010,12951,225,13176,189
2021-03-06,Yuba,115,75493,5584,5504,89,5593,42
2021-03-05,Alameda,001,1643700,81837,81215,1754,82969,1141
2021-03-05,Alpine,003,1148,82,78,0,78,0
2021-03-05,Amador,005,37829,3498,3484,32,3516,42
2021-03-05,Butte,007,227075,11437,11050,1629,12679,185
2021-03-05,Calaveras,009,45235,1936,1902,12,1914,48
2021-03-05,Colusa,011,21464,1882,1874,273,2147,11
2021-03-05,Contra Costa,013,1133247,64007,62886,1096,63982,711
2021-03-05,Del Norte,015,27424,1045,995,5,1000,5
2021-03-05,El Dorado,017,186661,9240,9150,595,9745,97
2021-03-05,Fresno,019,978130,97490,96184,7903,104087,1432
2021-03-05,Glenn,021,27897,2280,2241,502,2743,15
2021-03-05,Humboldt,023,135768,3276,3234,22,3256,31
2021-03-05,Imperial,025,180216,27335,26970,2548,29518,651
2021-03-05,Inyo,027,18085,1333,1309,9,1318,35
2021-03-05,Kern,029,883053,94121,92601,9970,102571,1076
2021-03-05,Kings,031,150075,22444,22063,995,23058,224
2021-03-05,Lake,033,64148,3231,3185,6,3191,42
2021-03-05,Lassen,035,31185,5134,5117,98,5215,1
2021-03-05,Los Angeles,037,10098052,1176318,1160688,39735,1200423,21745
2021-03-05,Madera,039,155013,15824,15624,855,16479,211
2021-03-05,Marin,041,260295,13379,13275,171,13446,215
2021-03-05,Mariposa,043,17540,378,375,5,380,4
2021-03-05,Mendocino,045,87422,3675,3577,72,3649,42
2021-03-05,Merced,047,269075,28815,28734,950,29684,399
2021-03-05,Modoc,049,8938,348,337,118,455,3
2021-03-05,Mono,051,14174,1190,1197,16,1213,3
2021-03-05,Monterey,053,433212,42170,41802,1718,43520,325
2021-03-05,Napa,055,140530,9145,9109,34,9143,75
2021-03-05,Nevada,057,99092,4103,4033,163,4196,66
2021-03-05,Orange,059,3164182,248379,246489,10333,256822,4108
2021-03-05,Placer,061,380077,20849,19973,1141,21114,239
2021-03-05,Plumas,063,18699,647,635,10,645,4
2021-03-05,Riverside,065,2383286,286924,280075,13525,293600,3781
2021-03-05,Sacramento,067,1510023,95623,94182,1293,95475,1430
2021-03-05,San Benito,069,59416,5775,5790,92,5882,61
2021-03-05,San Bernardino,071,2135413,287046,282640,8602,291242,3774
2021-03-05,San Diego,073,3302833,266001,262357,13099,275456,3371
2021-03-05,San Francisco,075,870044,34500,34526,1106,35632,430
2021-03-05,San Joaquin,077,732212,67566,66041,2852,68893,1133
2021-03-05,San Luis Obispo,079,281455,19910,19557,572,20129,244
2021-03-05,San Mateo,081,765935,39913,39305,413,39718,326
2021-03-05,Santa Barbara,083,443738,32558,32139,1118,33257,424
2021-03-05,Santa Clara,085,1922200,111629,111384,605,111989,1745
2021-03-05,Santa Cruz,087,273765,15536,14694,791,15485,188
2021-03-05,Shasta,089,179085,11030,11062,1267,12329,148
2021-03-05,Sierra,091,2930,51,48,12,60,0
2021-03-05,Siskiyou,093,43540,1526,1429,243,1672,5
2021-03-05,Solano,095,438530,30119,29951,372,30323,168
2021-03-05,Sonoma,097,501317,28400,28417,226,28643,279
2021-03-05,Stanislaus,099,539301,51273,50606,5421,56027,721
2021-03-05,Sutter,101,95872,8947,8876,81,8957,100
2021-03-05,Tehama,103,63373,4636,4606,496,5102,33
2021-03-05,Trinity,105,12862,468,302,80,382,3
2021-03-05,Tulare,107,460477,48630,47469,8252,55721,789
2021-03-05,Tuolumne,109,53932,3855,3917,34,3951,56
2021-03-05,Ventura,111,848112,78593,78368,2811,81179,839
2021-03-05,Yolo,113,214977,12998,12920,224,13144,188
2021-03-05,Yuba,115,75493,5572,5496,89,5585,42
2021-03-04,Alameda,001,1643700,81727,81115,1754,82869,1136
2021-03-04,Alpine,003,1148,82,78,0,78,0
2021-03-04,Amador,005,37829,3497,3480,32,3512,42
2021-03-04,Butte,007,227075,11430,11033,1628,12661,185
2021-03-04,Calaveras,009,45235,1935,1896,12,1908,48
2021-03-04,Colusa,011,21464,1880,1873,268,2141,11
2021-03-04,Contra Costa,013,1133247,63908,62789,1094,63883,708
2021-03-04,Del Norte,015,27424,1037,989,5,994,5
2021-03-04,El Dorado,017,186661,9225,9133,595,9728,97
2021-03-04,Fresno,019,978130,97326,96023,7883,103906,1422
2021-03-04,Glenn,021,27897,2273,2236,501,2737,15
2021-03-04,Humboldt,023,135768,3262,3212,22,3234,31
2021-03-04,Imperial,025,180216,27323,26946,2545,29491,646
2021-03-04,Inyo,027,18085,1330,1300,9,1309,35
2021-03-04,Kern,029,883053,94032,92525,9951,102476,1070
2021-03-04,Kings,031,150075,22418,22025,992,23017,224
2021-03-04,Lake,033,64148,3223,3181,6,3187,42
2021-03-04,Lassen,035,31185,5134,5116,98,5214,1
2021-03-04,Los Angeles,037,10098052,1175708,1159405,39686,1199091,21610
2021-03-04,Madera,039,155013,15789,15596,852,16448,208
2021-03-04,Marin,041,260295,13362,13240,168,13408,215
2021-03-04,Mariposa,043,17540,378,376,5,381,4
2021-03-04,Mendocino,045,87422,3672,3569,72,3641,42
2021-03-04,Merced,047,269075,28764,28671,948,29619,396
2021-03-04,Modoc,049,8938,347,336,118,454,3
2021-03-04,Mono,051,14174,1190,1197,16,1213,3
2021-03-04,Monterey,053,433212,42150,41771,1716,43487,325
2021-03-04,Napa,055,140530,9137,9094,34,9128,74
2021-03-04,Nevada,057,99092,4093,4020,163,4183,66
2021-03-04,Orange,059,3164182,248222,246354,10316,256670,4096
2021-03-04,Placer,061,380077,20817,19900,1135,21035,239
2021-03-04,Plumas,063,18699,647,634,10,644,4
2021-03-04,Riverside,065,2383286,286794,279871,13512,293383,3766
2021-03-04,Sacramento,067,1510023,95488,93982,1290,95272,1426
2021-03-04,San Benito,069,59416,5775,5781,92,5873,61
2021-03-04,San Bernardino,071,2135413,286916,282407,8598,291005,3757
2021-03-04,San Diego,073,3302833,265741,261858,13055,274913,3359
2021-03-04,San Francisco,075,870044,34466,34480,1103,35583,426
2021-03-04,San Joaquin,077,732212,67472,65931,2842,68773,1129
2021-03-04,San Luis Obispo,079,281455,19873,19520,570,20090,243
2021-03-04,San Mateo,081,765935,39869,39225,412,39637,322
2021-03-04,Santa Barbara,083,443738,32521,32090,1117,33207,423
2021-03-04,Santa Clara,085,1922200,111495,111194,603,111797,1723
2021-03-04,Santa Cruz,087,273765,15517,14669,791,15460,186
2021-03-04,Shasta,089,179085,11027,11050,1258,12308,150
2021-03-04,Sierra,091,2930,51,48,12,60,0
2021-03-04,Siskiyou,093,43540,1520,1427,243,1670,5
2021-03-04,Solano,095,438530,30092,29905,371,30276,168
2021-03-04,Sonoma,097,501317,28345,28379,225,28604,279
2021-03-04,Stanislaus,099,539301,51185,50521,5413,55934,731
2021-03-04,Sutter,101,95872,8935,8849,81,8930,100
2021-03-04,Tehama,103,63373,4630,4604,496,5100,33
2021-03-04,Trinity,105,12862,468,302,80,382,3
2021-03-04,Tulare,107,460477,48585,47398,8227,55625,784
2021-03-04,Tuolumne,109,53932,3849,3916,34,3950,56
2021-03-04,Ventura,111,848112,78506,78184,2809,80993,831
2021-03-04,Yolo,113,214977,12978,12895,224,13119,189
2021-03-04,Yuba,115,75493,5560,5483,89,5572,41
2021-03-03,Alameda,001,1643700,81606,80972,1753,82725,1127
2021-03-03,Alpine,003,1148,82,77,0,77,0
2021-03-03,Amador,005,37829,3495,3478,31,3509,42
2021-03-03,Butte,007,227075,11423,11014,1627,12641,184
2021-03-03,Calaveras,009,45235,1934,1893,12,1905,48
2021-03-03,Colusa,011,21464,1879,1873,268,2141,11
2021-03-03,Contra Costa,013,1133247,63810,62668,1091,63759,708
2021-03-03,Del Norte,015,27424,1034,988,5,993,5
2021-03-03,El Dorado,017,186661,9215,9121,595,9716,97
2021-03-03,Fresno,019,978130,97182,95893,7865,103758,1415
2021-03-03,Glenn,021,27897,2273,2233,501,2734,15
2021-03-03,Humboldt,023,135768,3251,3196,22,3218,30
2021-03-03,Imperial,025,180216,27306,26939,2540,29479,640
2021-03-03,Inyo,027,18085,1322,1294,9,1303,35
2021-03-03,Kern,029,883053,93956,92434,9934,102368,1063
2021-03-03,Kings,031,150075,22402,22009,991,23000,223
2021-03-03,Lake,033,64148,3216,3175,6,3181,40
2021-03-03,Lassen,035,31185,5134,5115,98,5213,1
2021-03-03,Los Angeles,037,10098052,1175067,1157911,39645,1197556,21500
2021-03-03,Madera,039,155013,15770,15553,846,16399,203
2021-03-03,Marin,041,260295,13349,13216,168,13384,214
2021-03-03,Mariposa,043,17540,377,376,5,381,4
2021-03-03,Mendocino,045,87422,3664,3564,72,3636,42
2021-03-03,Merced,047,269075,28712,28625,948,29573,393
2021-03-03,Modoc,049,8938,347,333,117,450,3
2021-03-03,Mono,051,14174,1190,1191,16,1207,3
2021-03-03,Monterey,053,433212,42117,41731,1713,43444,325
2021-03-03,Napa,055,140530,9129,9090,34,9124,72
2021-03-03,Nevada,057,99092,4083,4009,163,4172,66
2021-03-03,Orange,059,3164182,248077,246120,10301,256421,4072
2021-03-03,Placer,061,380077,20791,19851,1132,20983,239
2021-03-03,Plumas,063,18699,646,631,10,641,4
2021-03-03,Riverside,065,2383286,286661,279626,13506,293132,3735
2021-03-03,Sacramento,067,1510023,95327,93819,1282,95101,1419
2021-03-03,San Benito,069,59416,5774,5774,92,5866,61
2021-03-03,San Bernardino,071,2135413,286774,282138,8591,290729,3664
2021-03-03,San Diego,073,3302833,265477,261350,13024,274374,3342
2021-03-03,San Francisco,075,870044,34434,34443,1100,35543,426
2021-03-03,San Joaquin,077,732212,67360,65855,2835,68690,1115
2021-03-03,San Luis Obispo,079,281455,19847,19479,567,20046,241
2021-03-03,San Mateo,081,765935,39823,39189,411,39600,319
2021-03-03,Santa Barbara,083,443738,32483,32027,1117,33144,421
2021-03-03,Santa Clara,085,1922200,111340,110991,601,111592,1720
2021-03-03,Santa Cruz,087,273765,15506,14645,791,15436,185
2021-03-03,Shasta,089,179085,11017,11023,1251,12274,150
2021-03-03,Sierra,091,2930,51,48,12,60,0
2021-03-03,Siskiyou,093,43540,1518,1424,243,1667,5
2021-03-03,Solano,095,438530,30056,29866,370,30236,167
2021-03-03,Sonoma,097,501317,28306,28307,224,28531,279
2021-03-03,Stanislaus,099,539301,51107,50438,5406,55844,730
2021-03-03,Sutter,101,95872,8926,8840,81,8921,99
2021-03-03,Tehama,103,63373,4627,4601,496,5097,32
2021-03-03,Trinity,105,12862,468,302,80,382,3
2021-03-03,Tulare,107,460477,48534,47348,8196,55544,778
2021-03-03,Tuolumne,109,53932,3847,3914,33,3947,56
2021-03-03,Ventura,111,848112,78423,78057,2803,80860,822
2021-03-03,Yolo,113,214977,12965,12890,224,13114,189
2021-03-03,Yuba,115,75493,5547,5479,89,5568,41
2021-03-02,Alameda,001,1643700,81486,80904,1751,82655,1116
2021-03-02,Alpine,003,1148,82,77,0,77,0
2021-03-02,Amador,005,37829,3493,3474,31,3505,42
2021-03-02,Butte,007,227075,11413,11007,1625,12632,182
2021-03-02,Calaveras,009,45235,1926,1890,12,1902,48
2021-03-02,Colusa,011,21464,1879,1872,267,2139,11
2021-03-02,Contra Costa,013,1133247,63699,62557,1087,63644,694
2021-03-02,Del Norte,015,27424,1027,983,5,988,5
2021-03-02,El Dorado,017,186661,9207,9116,595,9711,98
2021-03-02,Fresno,019,978130,97036,95785,7839,103624,1410
2021-03-02,Glenn,021,27897,2267,2232,500,2732,15
2021-03-02,Humboldt,023,135768,3232,3184,22,3206,30
2021-03-02,Imperial,025,180216,27296,26926,2538,29464,637
2021-03-02,Inyo,027,18085,1318,1292,9,1301,35
2021-03-02,Kern,029,883053,93850,92313,9907,102220,1046
2021-03-02,Kings,031,150075,22350,21999,989,22988,217
2021-03-02,Lake,033,64148,3210,3169,6,3175,40
2021-03-02,Lassen,035,31185,5129,5115,97,5212,1
2021-03-02,Los Angeles,037,10098052,1174432,1156826,39599,1196425,21395
2021-03-02,Madera,039,155013,15750,15523,843,16366,194
2021-03-02,Marin,041,260295,13326,13186,167,13353,214
2021-03-02,Mariposa,043,17540,377,376,5,381,4
2021-03-02,Mendocino,045,87422,3661,3562,71,3633,41
2021-03-02,Merced,047,269075,28655,28598,948,29546,389
2021-03-02,Modoc,049,8938,347,332,117,449,3
2021-03-02,Mono,051,14174,1189,1191,16,1207,3
2021-03-02,Monterey,053,433212,42090,41716,1711,43427,325
2021-03-02,Napa,055,140530,9117,9080,34,9114,71
2021-03-02,Nevada,057,99092,4074,3983,162,4145,66
2021-03-02,Orange,059,3164182,247931,246004,10284,256288,4037
2021-03-02,Placer,061,380077,20738,19828,1129,20957,239
2021-03-02,Plumas,063,18699,643,628,10,638,4
2021-03-02,Riverside,065,2383286,286488,279486,13498,292984,3721
2021-03-02,Sacramento,067,1510023,95160,93690,1281,94971,1411
2021-03-02,San Benito,069,59416,5767,5770,92,5862,60
2021-03-02,San Bernardino,071,2135413,286641,281919,8585,290504,3604
2021-03-02,San Diego,073,3302833,265233,260998,13002,274000,3317
2021-03-02,San Francisco,075,870044,34394,34387,1096,35483,424
2021-03-02,San Joaquin,077,732212,67252,65769,2817,68586,1111
2021-03-02,San Luis Obispo,079,281455,19815,19452,567,20019,241
2021-03-02,San Mateo,081,765935,39771,39148,410,39558,317
2021-03-02,Santa Barbara,083,443738,32434,31964,1113,33077,416
2021-03-02,Santa Clara,085,1922200,111161,110832,600,111432,1706
2021-03-02,Santa Cruz,087,273765,15492,14611,789,15400,185
2021-03-02,Shasta,089,179085,11003,11012,1240,12252,149
2021-03-02,Sierra,091,2930,51,48,12,60,0
2021-03-02,Siskiyou,093,43540,1514,1412,241,1653,5
2021-03-02,Solano,095,438530,30023,29827,368,30195,167
2021-03-02,Sonoma,097,501317,28251,28261,224,28485,279
2021-03-02,Stanislaus,099,539301,51020,50359,5393,55752,724
2021-03-02,Sutter,101,95872,8917,8832,81,8913,99
2021-03-02,Tehama,103,63373,4625,4597,496,5093,32
2021-03-02,Trinity,105,12862,468,301,80,381,3
2021-03-02,Tulare,107,460477,48471,47326,8176,55502,783
2021-03-02,Tuolumne,109,53932,3843,3908,33,3941,53
2021-03-02,Ventura,111,848112,78331,77952,2799,80751,780
2021-03-02,Yolo,113,214977,12949,12867,224,13091,189
2021-03-02,Yuba,115,75493,5539,5475,89,5564,41
2021-03-01,Alameda,001,1643700,81361,80805,1749,82554,1105
2021-03-01,Alpine,003,1148,80,77,0,77,0
2021-03-01,Amador,005,37829,3490,3469,31,3500,42
2021-03-01,Butte,007,227075,11397,10981,1620,12601,180
2021-03-01,Calaveras,009,45235,1921,1885,12,1897,46
2021-03-01,Colusa,011,21464,1878,1871,267,2138,11
2021-03-01,Contra Costa,013,1133247,63589,62458,1086,63544,694
2021-03-01,Del Norte,015,27424,1022,982,5,987,5
2021-03-01,El Dorado,017,186661,9183,9085,595,9680,98
2021-03-01,Fresno,019,978130,96898,95677,7817,103494,1405
2021-03-01,Glenn,021,27897,2262,2232,499,2731,15
2021-03-01,Humboldt,023,135768,3213,3179,22,3201,30
2021-03-01,Imperial,025,180216,27286,26913,2530,29443,636
2021-03-01,Inyo,027,18085,1315,1285,9,1294,35
2021-03-01,Kern,029,883053,93761,92219,9881,102100,1041
2021-03-01,Kings,031,150075,22333,21988,983,22971,217
2021-03-01,Lake,033,64148,3205,3164,6,3170,40
2021-03-01,Lassen,035,31185,5127,5111,97,5208,1
2021-03-01,Los Angeles,037,10098052,1173774,1155984,39557,1195541,21293
2021-03-01,Madera,039,155013,15721,15505,832,16337,194
2021-03-01,Marin,041,260295,13299,13161,166,13327,214
2021-03-01,Mariposa,043,17540,377,375,5,380,4
2021-03-01,Mendocino,045,87422,3654,3561,71,3632,41
2021-03-01,Merced,047,269075,28610,28575,944,29519,385
2021-03-01,Modoc,049,8938,344,331,116,447,3
2021-03-01,Mono,051,14174,1188,1192,16,1208,3
2021-03-01,Monterey,053,433212,42065,41697,1709,43406,324
2021-03-01,Napa,055,140530,9108,9056,34,9090,70
2021-03-01,Nevada,057,99092,4055,3979,162,4141,66
2021-03-01,Orange,059,3164182,247736,245852,10269,256121,3976
2021-03-01,Placer,061,380077,20699,19803,1126,20929,239
2021-03-01,Plumas,063,18699,643,628,10,638,4
2021-03-01,Riverside,065,2383286,286271,279323,13491,292814,3680
2021-03-01,Sacramento,067,1510023,95015,93546,1279,94825,1401
2021-03-01,San Benito,069,59416,5762,5772,92,5864,57
2021-03-01,San Bernardino,071,2135413,286498,281685,8581,290266,3603
2021-03-01,San Diego,073,3302833,264915,260622,12969,273591,3303
2021-03-01,San Francisco,075,870044,34350,34318,1088,35406,424
2021-03-01,San Joaquin,077,732212,67142,65699,2806,68505,1097
2021-03-01,San Luis Obispo,079,281455,19793,19429,565,19994,239
2021-03-01,San Mateo,081,765935,39719,39096,409,39505,314
2021-03-01,Santa Barbara,083,443738,32391,31909,1112,33021,413
2021-03-01,Santa Clara,085,1922200,111003,110684,597,111281,1704
2021-03-01,Santa Cruz,087,273765,15473,14575,788,15363,185
2021-03-01,Shasta,089,179085,10991,10990,1237,12227,149
2021-03-01,Sierra,091,2930,51,48,12,60,0
2021-03-01,Siskiyou,093,43540,1510,1408,239,1647,5
2021-03-01,Solano,095,438530,29980,29779,367,30146,166
2021-03-01,Sonoma,097,501317,28203,28222,222,28444,278
2021-03-01,Stanislaus,099,539301,50945,50293,5387,55680,722
2021-03-01,Sutter,101,95872,8905,8825,81,8906,99
2021-03-01,Tehama,103,63373,4621,4595,496,5091,32
2021-03-01,Trinity,105,12862,468,298,79,377,3
2021-03-01,Tulare,107,460477,48433,47275,8143,55418,781
2021-03-01,Tuolumne,109,53932,3840,3907,33,3940,53
2021-03-01,Ventura,111,848112,78249,77849,2797,80646,775
2021-03-01,Yolo,113,214977,12932,12854,222,13076,188
2021-03-01,Yuba,115,75493,5527,5466,89,5555,41
2021-02-28,Alameda,001,1643700,81240,80727,1747,82474,1105
2021-02-28,Alpine,003,1148,80,77,0,77,0
2021-02-28,Amador,005,37829,3485,3466,30,3496,42
2021-02-28,Butte,007,227075,11382,10970,1620,12590,180
2021-02-28,Calaveras,009,45235,1917,1881,12,1893,46
2021-02-28,Colusa,011,21464,1878,1871,266,2137,11
2021-02-28,Contra Costa,013,1133247,63462,62386,1081,63467,694
2021-02-28,Del Norte,015,27424,1020,981,5,986,5
2021-02-28,El Dorado,017,186661,9172,9082,595,9677,98
2021-02-28,Fresno,019,978130,96716,95548,7783,103331,1405
2021-02-28,Glenn,021,27897,2260,2230,497,2727,15
2021-02-28,Humboldt,023,135768,3190,3179,22,3201,30
2021-02-28,Imperial,025,180216,27259,26909,2524,29433,636
2021-02-28,Inyo,027,18085,1310,1282,9,1291,35
2021-02-28,Kern,029,883053,93646,92169,9860,102029,1012
2021-02-28,Kings,031,150075,22312,21967,982,22949,217
2021-02-28,Lake,033,64148,3200,3164,6,3170,40
2021-02-28,Lassen,035,31185,5126,5106,97,5203,1
2021-02-28,Los Angeles,037,10098052,1172987,1155141,39495,1194636,21261
2021-02-28,Madera,039,155013,15679,15496,829,16325,199
2021-02-28,Marin,041,260295,13276,13152,164,13316,214
2021-02-28,Mariposa,043,17540,377,374,5,379,4
2021-02-28,Mendocino,045,87422,3648,3558,71,3629,41
2021-02-28,Merced,047,269075,28547,28546,943,29489,384
2021-02-28,Modoc,049,8938,344,331,116,447,3
2021-02-28,Mono,051,14174,1185,1192,16,1208,3
2021-02-28,Monterey,053,433212,42033,41683,1708,43391,323
2021-02-28,Napa,055,140530,9089,9053,34,9087,70
2021-02-28,Nevada,057,99092,4042,3972,162,4134,66
2021-02-28,Orange,059,3164182,247537,245706,10262,255968,3970
2021-02-28,Placer,061,380077,20653,19775,1124,20899,239
2021-02-28,Plumas,063,18699,643,628,10,638,4
2021-02-28,Riverside,065,2383286,286038,279214,13480,292694,3661
2021-02-28,Sacramento,067,1510023,94831,93463,1274,94737,1398
2021-02-28,San Benito,069,59416,5751,5772,92,5864,57
2021-02-28,San Bernardino,071,2135413,286357,281620,8569,290189,3595
2021-02-28,San Diego,073,3302833,264618,260353,12935,273288,3303
2021-02-28,San Francisco,075,870044,34308,34291,1082,35373,417
2021-02-28,San Joaquin,077,732212,67034,65662,2797,68459,1097
2021-02-28,San Luis Obispo,079,281455,19757,19422,563,19985,237
2021-02-28,San Mateo,081,765935,39666,39059,408,39467,314
2021-02-28,Santa Barbara,083,443738,32338,31877,1112,32989,413
2021-02-28,Santa Clara,085,1922200,110804,110556,594,111150,1704
2021-02-28,Santa Cruz,087,273765,15444,14571,785,15356,185
2021-02-28,Shasta,089,179085,10970,10990,1233,12223,149
2021-02-28,Sierra,091,2930,51,48,12,60,0
2021-02-28,Siskiyou,093,43540,1502,1408,238,1646,5
2021-02-28,Solano,095,438530,29924,29758,361,30119,166
2021-02-28,Sonoma,097,501317,28140,28193,221,28414,279
2021-02-28,Stanislaus,099,539301,50855,50228,5374,55602,728
2021-02-28,Sutter,101,95872,8890,8825,81,8906,99
2021-02-28,Tehama,103,63373,4614,4590,496,5086,32
2021-02-28,Trinity,105,12862,468,298,79,377,3
2021-02-28,Tulare,107,460477,48371,47258,8112,55370,780
2021-02-28,Tuolumne,109,53932,3835,3905,33,3938,53
2021-02-28,Ventura,111,848112,78138,77749,2794,80543,775
2021-02-28,Yolo,113,214977,12910,12851,222,13073,188
2021-02-28,Yuba,115,75493,5517,5461,89,5550,41
2021-02-27,Alameda,001,1643700,81168,80565,1745,82310,1108
2021-02-27,Alpine,003,1148,80,77,0,77,0
2021-02-27,Amador,005,37829,3483,3463,30,3493,42
2021-02-27,Butte,007,227075,11370,10962,1620,12582,180
2021-02-27,Calaveras,009,45235,1912,1875,12,1887,46
2021-02-27,Colusa,011,21464,1877,1869,266,2135,11
2021-02-27,Contra Costa,013,1133247,63391,62248,1078,63326,693
2021-02-27,Del Norte,015,27424,1018,978,5,983,5
2021-02-27,El Dorado,017,186661,9168,9072,595,9667,98
2021-02-27,Fresno,019,978130,96639,95393,7772,103165,1400
2021-02-27,Glenn,021,27897,2259,2225,496,2721,15
2021-02-27,Humboldt,023,135768,3184,3167,22,3189,30
2021-02-27,Imperial,025,180216,27251,26903,2523,29426,633
2021-02-27,Inyo,027,18085,1307,1275,9,1284,35
2021-02-27,Kern,029,883053,93585,92053,9845,101898,996
2021-02-27,Kings,031,150075,22302,21955,979,22934,216
2021-02-27,Lake,033,64148,3197,3156,6,3162,40
2021-02-27,Lassen,035,31185,5126,5106,97,5203,1
2021-02-27,Los Angeles,037,10098052,1172490,1154275,39468,1193743,21158
2021-02-27,Madera,039,155013,15662,15467,828,16295,199
2021-02-27,Marin,041,260295,13252,13134,164,13298,214
2021-02-27,Mariposa,043,17540,377,374,5,379,4
2021-02-27,Mendocino,045,87422,3645,3555,71,3626,41
2021-02-27,Merced,047,269075,28505,28501,935,29436,384
2021-02-27,Modoc,049,8938,344,331,115,446,3
2021-02-27,Mono,051,14174,1183,1191,16,1207,3
2021-02-27,Monterey,053,433212,42024,41665,1708,43373,322
2021-02-27,Napa,055,140530,9078,9038,34,9072,71
2021-02-27,Nevada,057,99092,4036,3960,162,4122,66
2021-02-27,Orange,059,3164182,247410,245542,10251,255793,3960
2021-02-27,Placer,061,380077,20617,19726,1121,20847,239
2021-02-27,Plumas,063,18699,643,628,10,638,4
2021-02-27,Riverside,065,2383286,285927,279048,13470,292518,3663
2021-02-27,Sacramento,067,1510023,94748,93281,1264,94545,1396
2021-02-27,San Benito,069,59416,5750,5767,91,5858,57
2021-02-27,San Bernardino,071,2135413,286278,281471,8562,290033,3527
2021-02-27,San Diego,073,3302833,264428,260091,12897,272988,3284
2021-02-27,San Francisco,075,870044,34274,34260,1079,35339,413
2021-02-27,San Joaquin,077,732212,66988,65578,2795,68373,1100
2021-02-27,San Luis Obispo,079,281455,19736,19411,562,19973,237
2021-02-27,San Mateo,081,765935,39625,38998,407,39405,313
2021-02-27,Santa Barbara,083,443738,32304,31805,1111,32916,411
2021-02-27,Santa Clara,085,1922200,110656,110361,592,110953,1703
2021-02-27,Santa Cruz,087,273765,15435,14552,784,15336,185
2021-02-27,Shasta,089,179085,10964,10985,1229,12214,149
2021-02-27,Sierra,091,2930,51,48,12,60,0
2021-02-27,Siskiyou,093,43540,1500,1407,237,1644,5
2021-02-27,Solano,095,438530,29896,29718,360,30078,165
2021-02-27,Sonoma,097,501317,28096,28141,215,28356,281
2021-02-27,Stanislaus,099,539301,50800,50147,5364,55511,733
2021-02-27,Sutter,101,95872,8885,8820,81,8901,99
2021-02-27,Tehama,103,63373,4611,4584,496,5080,32
2021-02-27,Trinity,105,12862,468,298,79,377,3
2021-02-27,Tulare,107,460477,48334,47209,8086,55295,770
2021-02-27,Tuolumne,109,53932,3832,3899,33,3932,53
2021-02-27,Ventura,111,848112,78066,77623,2791,80414,771
2021-02-27,Yolo,113,214977,12898,12834,222,13056,188
2021-02-27,Yuba,115,75493,5514,5450,89,5539,39
2021-02-26,Alameda,001,1643700,81073,80387,1740,82127,1106
2021-02-26,Alpine,003,1148,80,77,0,77,0
2021-02-26,Amador,005,37829,3477,3457,30,3487,42
2021-02-26,Butte,007,227075,11359,10941,1620,12561,180
2021-02-26,Calaveras,009,45235,1910,1873,12,1885,46
2021-02-26,Colusa,011,21464,1877,1865,266,2131,11
2021-02-26,Contra Costa,013,1133247,63309,62114,1078,63192,685
2021-02-26,Del Norte,015,27424,1014,968,5,973,5
2021-02-26,El Dorado,017,186661,9163,9038,593,9631,98
2021-02-26,Fresno,019,978130,96536,95202,7764,102966,1391
2021-02-26,Glenn,021,27897,2256,2220,496,2716,15
2021-02-26,Humboldt,023,135768,3178,3152,22,3174,30
2021-02-26,Imperial,025,180216,27243,26888,2521,29409,631
2021-02-26,Inyo,027,18085,1305,1271,9,1280,34
2021-02-26,Kern,029,883053,93506,91884,9829,101713,997
2021-02-26,Kings,031,150075,22286,21917,976,22893,216
2021-02-26,Lake,033,64148,3192,3153,6,3159,40
2021-02-26,Lassen,035,31185,5126,5102,97,5199,1
2021-02-26,Los Angeles,037,10098052,1171915,1153131,39404,1192535,21070
2021-02-26,Madera,039,155013,15646,15436,826,16262,199
2021-02-26,Marin,041,260295,13238,13091,164,13255,214
2021-02-26,Mariposa,043,17540,377,375,5,380,4
2021-02-26,Mendocino,045,87422,3640,3549,71,3620,41
2021-02-26,Merced,047,269075,28471,28455,934,29389,382
2021-02-26,Modoc,049,8938,343,330,115,445,3
2021-02-26,Mono,051,14174,1181,1191,16,1207,3
2021-02-26,Monterey,053,433212,41998,41607,1707,43314,322
2021-02-26,Napa,055,140530,9072,9014,34,9048,70
2021-02-26,Nevada,057,99092,4025,3952,162,4114,66
2021-02-26,Orange,059,3164182,247271,245278,10241,255519,3918
2021-02-26,Placer,061,380077,20591,19712,1115,20827,239
2021-02-26,Plumas,063,18699,643,628,10,638,4
2021-02-26,Riverside,065,2383286,285783,278772,13464,292236,3653
2021-02-26,Sacramento,067,1510023,94625,93180,1261,94441,1390
2021-02-26,San Benito,069,59416,5749,5759,91,5850,57
2021-02-26,San Bernardino,071,2135413,286178,281132,8560,289692,3461
2021-02-26,San Diego,073,3302833,264201,259641,12876,272517,3271
2021-02-26,San Francisco,075,870044,34244,34213,1075,35288,413
2021-02-26,San Joaquin,077,732212,66907,65492,2789,68281,1070
2021-02-26,San Luis Obispo,079,281455,19720,19359,560,19919,234
2021-02-26,San Mateo,081,765935,39579,38922,407,39329,313
2021-02-26,Santa Barbara,083,443738,32260,31724,1110,32834,410
2021-02-26,Santa Clara,085,1922200,110524,110168,590,110758,1700
2021-02-26,Santa Cruz,087,273765,15423,14528,783,15311,185
2021-02-26,Shasta,089,179085,10957,10972,1220,12192,149
2021-02-26,Sierra,091,2930,51,47,12,59,0
2021-02-26,Siskiyou,093,43540,1500,1401,237,1638,5
2021-02-26,Solano,095,438530,29862,29651,359,30010,165
2021-02-26,Sonoma,097,501317,28067,28063,214,28277,280
2021-02-26,Stanislaus,099,539301,50743,50054,5356,55410,737
2021-02-26,Sutter,101,95872,8876,8806,81,8887,99
2021-02-26,Tehama,103,63373,4609,4581,496,5077,32
2021-02-26,Trinity,105,12862,467,298,79,377,3
2021-02-26,Tulare,107,460477,48299,47135,8055,55190,770
2021-02-26,Tuolumne,109,53932,3831,3896,33,3929,53
2021-02-26,Ventura,111,848112,77966,77534,2789,80323,765
2021-02-26,Yolo,113,214977,12891,12816,222,13038,188
2021-02-26,Yuba,115,75493,5509,5438,89,5527,39
2021-02-25,Alameda,001,1643700,80951,80181,1739,81920,1093
2021-02-25,Alpine,003,1148,80,77,0,77,0
2021-02-25,Amador,005,37829,3474,3448,30,3478,41
2021-02-25,Butte,007,227075,11338,10922,1615,12537,178
2021-02-25,Calaveras,009,45235,1902,1868,12,1880,46
2021-02-25,Colusa,011,21464,1874,1863,265,2128,11
2021-02-25,Contra Costa,013,1133247,63207,61910,1078,62988,686
2021-02-25,Del Norte,015,27424,1004,966,5,971,5
2021-02-25,El Dorado,017,186661,9147,9012,593,9605,98
2021-02-25,Fresno,019,978130,96392,95015,7741,102756,1377
2021-02-25,Glenn,021,27897,2253,2219,495,2714,15
2021-02-25,Humboldt,023,135768,3171,3129,22,3151,30
2021-02-25,Imperial,025,180216,27237,26855,2517,29372,628
2021-02-25,Inyo,027,18085,1299,1264,9,1273,33
2021-02-25,Kern,029,883053,93390,91735,9804,101539,992
2021-02-25,Kings,031,150075,22277,21900,973,22873,216
2021-02-25,Lake,033,64148,3183,3141,6,3147,40
2021-02-25,Lassen,035,31185,5125,5097,96,5193,1
2021-02-25,Los Angeles,037,10098052,1171172,1151846,39346,1191192,20931
2021-02-25,Madera,039,155013,15611,15414,822,16236,194
2021-02-25,Marin,041,260295,13214,13067,164,13231,214
2021-02-25,Mariposa,043,17540,377,375,5,380,4
2021-02-25,Mendocino,045,87422,3635,3542,71,3613,41
2021-02-25,Merced,047,269075,28422,28383,932,29315,382
2021-02-25,Modoc,049,8938,343,329,115,444,3
2021-02-25,Mono,051,14174,1180,1190,16,1206,3
2021-02-25,Monterey,053,433212,41973,41564,1702,43266,321
2021-02-25,Napa,055,140530,9046,8998,34,9032,70
2021-02-25,Nevada,057,99092,4008,3940,161,4101,66
2021-02-25,Orange,059,3164182,247099,245000,10231,255231,3882
2021-02-25,Placer,061,380077,20551,19661,1113,20774,239
2021-02-25,Plumas,063,18699,643,626,10,636,4
2021-02-25,Riverside,065,2383286,285595,278544,13443,291987,3646
2021-02-25,Sacramento,067,1510023,94467,92961,1249,94210,1386
2021-02-25,San Benito,069,59416,5744,5752,91,5843,58
2021-02-25,San Bernardino,071,2135413,286044,280946,8552,289498,3409
2021-02-25,San Diego,073,3302833,263907,258979,12846,271825,3260
2021-02-25,San Francisco,075,870044,34201,34138,1072,35210,408
2021-02-25,San Joaquin,077,732212,66823,65389,2777,68166,1047
2021-02-25,San Luis Obispo,079,281455,19699,19335,558,19893,234
2021-02-25,San Mateo,081,765935,39533,38872,407,39279,300
2021-02-25,Santa Barbara,083,443738,32183,31631,1109,32740,408
2021-02-25,Santa Clara,085,1922200,110360,109923,589,110512,1677
2021-02-25,Santa Cruz,087,273765,15404,14492,782,15274,185
2021-02-25,Shasta,089,179085,10945,10947,1215,12162,148
2021-02-25,Sierra,091,2930,51,47,12,59,0
2021-02-25,Siskiyou,093,43540,1496,1390,234,1624,4
2021-02-25,Solano,095,438530,29830,29616,359,29975,161
2021-02-25,Sonoma,097,501317,28013,28004,211,28215,278
2021-02-25,Stanislaus,099,539301,50653,49964,5346,55310,738
2021-02-25,Sutter,101,95872,8862,8789,80,8869,99
2021-02-25,Tehama,103,63373,4605,4578,494,5072,32
2021-02-25,Trinity,105,12862,467,297,79,376,3
2021-02-25,Tulare,107,460477,48249,47052,8029,55081,765
2021-02-25,Tuolumne,109,53932,3828,3894,33,3927,53
2021-02-25,Ventura,111,848112,77861,77395,2783,80178,751
2021-02-25,Yolo,113,214977,12874,12787,222,13009,188
2021-02-25,Yuba,115,75493,5502,5429,89,5518,39
2021-02-24,Alameda,001,1643700,80830,80070,1735,81805,1082
2021-02-24,Alpine,003,1148,79,77,0,77,0
2021-02-24,Amador,005,37829,3469,3444,30,3474,41
2021-02-24,Butte,007,227075,11326,10915,1611,12526,178
2021-02-24,Calaveras,009,45235,1898,1864,12,1876,31
2021-02-24,Colusa,011,21464,1872,1863,265,2128,11
2021-02-24,Contra Costa,013,1133247,63099,61776,1078,62854,663
2021-02-24,Del Norte,015,27424,1003,960,4,964,5
2021-02-24,El Dorado,017,186661,9135,8993,593,9586,98
2021-02-24,Fresno,019,978130,96245,94794,7725,102519,1369
2021-02-24,Glenn,021,27897,2252,2210,495,2705,14
2021-02-24,Humboldt,023,135768,3159,3123,22,3145,29
2021-02-24,Imperial,025,180216,27222,26843,2513,29356,596
2021-02-24,Inyo,027,18085,1294,1253,9,1262,32
2021-02-24,Kern,029,883053,93257,91525,9788,101313,992
2021-02-24,Kings,031,150075,22252,21871,971,22842,216
2021-02-24,Lake,033,64148,3176,3134,6,3140,40
2021-02-24,Lassen,035,31185,5121,5095,95,5190,1
2021-02-24,Los Angeles,037,10098052,1170410,1150322,39302,1189624,20817
2021-02-24,Madera,039,155013,15584,15390,822,16212,194
2021-02-24,Marin,041,260295,13191,13044,163,13207,214
2021-02-24,Mariposa,043,17540,377,374,5,379,4
2021-02-24,Mendocino,045,87422,3628,3540,71,3611,41
2021-02-24,Merced,047,269075,28384,28295,927,29222,383
2021-02-24,Modoc,049,8938,342,329,115,444,3
2021-02-24,Mono,051,14174,1178,1189,16,1205,3
2021-02-24,Monterey,053,433212,41948,41495,1700,43195,320
2021-02-24,Napa,055,140530,9029,8976,33,9009,70
2021-02-24,Nevada,057,99092,3998,3927,161,4088,66
2021-02-24,Orange,059,3164182,246882,244743,10218,254961,3835
2021-02-24,Placer,061,380077,20512,19648,1107,20755,239
2021-02-24,Plumas,063,18699,641,626,10,636,4
2021-02-24,Riverside,065,2383286,285367,278293,13434,291727,3603
2021-02-24,Sacramento,067,1510023,94313,92742,1244,93986,1375
2021-02-24,San Benito,069,59416,5743,5743,91,5834,57
2021-02-24,San Bernardino,071,2135413,285893,280583,8548,289131,3360
2021-02-24,San Diego,073,3302833,263613,258460,12830,271290,3230
2021-02-24,San Francisco,075,870044,34155,34061,1069,35130,406
2021-02-24,San Joaquin,077,732212,66712,65274,2775,68049,1019
2021-02-24,San Luis Obispo,079,281455,19676,19309,556,19865,233
2021-02-24,San Mateo,081,765935,39495,38763,407,39170,300
2021-02-24,Santa Barbara,083,443738,32131,31563,1106,32669,405
2021-02-24,Santa Clara,085,1922200,110209,109671,588,110259,1674
2021-02-24,Santa Cruz,087,273765,15383,14458,782,15240,185
2021-02-24,Shasta,089,179085,10931,10922,1212,12134,148
2021-02-24,Sierra,091,2930,51,47,12,59,0
2021-02-24,Siskiyou,093,43540,1489,1385,230,1615,4
2021-02-24,Solano,095,438530,29791,29577,357,29934,158
2021-02-24,Sonoma,097,501317,27949,27954,207,28161,278
2021-02-24,Stanislaus,099,539301,50582,49851,5338,55189,732
2021-02-24,Sutter,101,95872,8852,8778,80,8858,99
2021-02-24,Tehama,103,63373,4601,4566,494,5060,31
2021-02-24,Trinity,105,12862,467,294,78,372,3
2021-02-24,Tulare,107,460477,48193,46976,8001,54977,759
2021-02-24,Tuolumne,109,53932,3825,3887,33,3920,53
2021-02-24,Ventura,111,848112,77753,77238,2782,80020,718
2021-02-24,Yolo,113,214977,12861,12760,218,12978,188
2021-02-24,Yuba,115,75493,5491,5425,87,5512,39
2021-02-23,Alameda,001,1643700,80691,79948,1732,81680,1070
2021-02-23,Alpine,003,1148,78,77,0,77,0
2021-02-23,Amador,005,37829,3467,3440,30,3470,41
2021-02-23,Butte,007,227075,11311,10887,1607,12494,176
2021-02-23,Calaveras,009,45235,1897,1863,12,1875,21
2021-02-23,Colusa,011,21464,1869,1862,265,2127,11
2021-02-23,Contra Costa,013,1133247,62965,61613,1075,62688,661
2021-02-23,Del Norte,015,27424,1001,953,4,957,3
2021-02-23,El Dorado,017,186661,9122,8969,593,9562,96
2021-02-23,Fresno,019,978130,96084,94741,7711,102452,1356
2021-02-23,Glenn,021,27897,2250,2209,495,2704,14
2021-02-23,Humboldt,023,135768,3142,3108,22,3130,29
2021-02-23,Imperial,025,180216,27202,26816,2508,29324,591
2021-02-23,Inyo,027,18085,1290,1250,9,1259,32
2021-02-23,Kern,029,883053,93118,91390,9760,101150,982
2021-02-23,Kings,031,150075,22237,21839,967,22806,216
2021-02-23,Lake,033,64148,3168,3121,6,3127,40
2021-02-23,Lassen,035,31185,5118,5092,95,5187,1
2021-02-23,Los Angeles,037,10098052,1169540,1148965,39248,1188213,19887
2021-02-23,Madera,039,155013,15570,15352,816,16168,193
2021-02-23,Marin,041,260295,13171,13015,162,13177,214
2021-02-23,Mariposa,043,17540,377,374,5,379,4
2021-02-23,Mendocino,045,87422,3626,3540,70,3610,41
2021-02-23,Merced,047,269075,28304,28209,920,29129,381
2021-02-23,Modoc,049,8938,341,328,114,442,3
2021-02-23,Mono,051,14174,1178,1189,16,1205,3
2021-02-23,Monterey,053,433212,41907,41439,1694,43133,317
2021-02-23,Napa,055,140530,9017,8967,33,9000,70
2021-02-23,Nevada,057,99092,3990,3912,161,4073,66
2021-02-23,Orange,059,3164182,246684,244566,10199,254765,3843
2021-02-23,Placer,061,380077,20487,19608,1103,20711,238
2021-02-23,Plumas,063,18699,640,626,10,636,4
2021-02-23,Riverside,065,2383286,285130,278075,13419,291494,3599
2021-02-23,Sacramento,067,1510023,94156,92632,1238,93870,1370
2021-02-23,San Benito,069,59416,5737,5731,90,5821,57
2021-02-23,San Bernardino,071,2135413,285703,280279,8543,288822,3283
2021-02-23,San Diego,073,3302833,263236,257802,12800,270602,3218
2021-02-23,San Francisco,075,870044,34106,33994,1068,35062,405
2021-02-23,San Joaquin,077,732212,66613,65141,2768,67909,1004
2021-02-23,San Luis Obispo,079,281455,19647,19233,555,19788,230
2021-02-23,San Mateo,081,765935,39434,38662,407,39069,299
2021-02-23,Santa Barbara,083,443738,32076,31483,1104,32587,402
2021-02-23,Santa Clara,085,1922200,110012,109449,585,110034,1661
2021-02-23,Santa Cruz,087,273765,15354,14435,780,15215,178
2021-02-23,Shasta,089,179085,10919,10903,1208,12111,146
2021-02-23,Sierra,091,2930,51,47,12,59,0
2021-02-23,Siskiyou,093,43540,1484,1380,228,1608,4
2021-02-23,Solano,095,438530,29751,29545,354,29899,154
2021-02-23,Sonoma,097,501317,27906,27882,204,28086,278
2021-02-23,Stanislaus,099,539301,50504,49749,5322,55071,722
2021-02-23,Sutter,101,95872,8839,8766,80,8846,98
2021-02-23,Tehama,103,63373,4597,4556,493,5049,30
2021-02-23,Trinity,105,12862,467,292,77,369,3
2021-02-23,Tulare,107,460477,48115,46937,7967,54904,757
2021-02-23,Tuolumne,109,53932,3821,3864,33,3897,53
2021-02-23,Ventura,111,848112,77637,77093,2773,79866,689
2021-02-23,Yolo,113,214977,12832,12729,218,12947,188
2021-02-23,Yuba,115,75493,5478,5417,86,5503,38
2021-02-22,Alameda,001,1643700,80539,79796,1728,81524,1062
2021-02-22,Alpine,003,1148,78,77,0,77,0
2021-02-22,Amador,005,37829,3462,3438,30,3468,39
2021-02-22,Butte,007,227075,11298,10855,1602,12457,176
2021-02-22,Calaveras,009,45235,1895,1862,12,1874,21
2021-02-22,Colusa,011,21464,1869,1860,265,2125,11
2021-02-22,Contra Costa,013,1133247,62830,61478,1074,62552,661
2021-02-22,Del Norte,015,27424,1000,948,4,952,3
2021-02-22,El Dorado,017,186661,9105,8940,593,9533,96
2021-02-22,Fresno,019,978130,95922,94584,7694,102278,1351
2021-02-22,Glenn,021,27897,2245,2207,493,2700,14
2021-02-22,Humboldt,023,135768,3130,3095,22,3117,29
2021-02-22,Imperial,025,180216,27179,26778,2500,29278,590
2021-02-22,Inyo,027,18085,1285,1248,9,1257,32
2021-02-22,Kern,029,883053,93001,91201,9738,100939,982
2021-02-22,Kings,031,150075,22214,21801,964,22765,214
2021-02-22,Lake,033,64148,3162,3107,6,3113,40
2021-02-22,Lassen,035,31185,5118,5088,94,5182,1
2021-02-22,Los Angeles,037,10098052,1168668,1147541,39191,1186732,19730
2021-02-22,Madera,039,155013,15545,15325,812,16137,193
2021-02-22,Marin,041,260295,13147,12991,159,13150,213
2021-02-22,Mariposa,043,17540,376,374,5,379,4
2021-02-22,Mendocino,045,87422,3620,3535,70,3605,41
2021-02-22,Merced,047,269075,28241,28166,917,29083,379
2021-02-22,Modoc,049,8938,341,329,114,443,3
2021-02-22,Mono,051,14174,1174,1189,16,1205,3
2021-02-22,Monterey,053,433212,41857,41397,1688,43085,311
2021-02-22,Napa,055,140530,8990,8950,33,8983,69
2021-02-22,Nevada,057,99092,3981,3900,159,4059,66
2021-02-22,Orange,059,3164182,246448,244118,10181,254299,3843
2021-02-22,Placer,061,380077,20451,19587,1095,20682,238
2021-02-22,Plumas,063,18699,640,625,10,635,4
2021-02-22,Riverside,065,2383286,284866,277730,13411,291141,3567
2021-02-22,Sacramento,067,1510023,93989,92476,1228,93704,1359
2021-02-22,San Benito,069,59416,5735,5723,90,5813,57
2021-02-22,San Bernardino,071,2135413,285521,279984,8530,288514,3259
2021-02-22,San Diego,073,3302833,262826,257348,12767,270115,3189
2021-02-22,San Francisco,075,870044,34046,33947,1063,35010,405
2021-02-22,San Joaquin,077,732212,66514,65060,2755,67815,1001
2021-02-22,San Luis Obispo,079,281455,19610,19198,553,19751,229
2021-02-22,San Mateo,081,765935,39377,38542,404,38946,282
2021-02-22,Santa Barbara,083,443738,32010,31421,1101,32522,399
2021-02-22,Santa Clara,085,1922200,109800,109213,574,109787,1655
2021-02-22,Santa Cruz,087,273765,15328,14417,780,15197,176
2021-02-22,Shasta,089,179085,10904,10872,1203,12075,145
2021-02-22,Sierra,091,2930,51,47,12,59,0
2021-02-22,Siskiyou,093,43540,1478,1373,227,1600,4
2021-02-22,Solano,095,438530,29712,29508,353,29861,150
2021-02-22,Sonoma,097,501317,27861,27845,203,28048,278
2021-02-22,Stanislaus,099,539301,50400,49630,5303,54933,722
2021-02-22,Sutter,101,95872,8831,8698,80,8778,98
2021-02-22,Tehama,103,63373,4588,4550,493,5043,30
2021-02-22,Trinity,105,12862,467,287,76,363,3
2021-02-22,Tulare,107,460477,48053,46879,7935,54814,751
2021-02-22,Tuolumne,109,53932,3817,3856,33,3889,53
2021-02-22,Ventura,111,848112,77509,76947,2768,79715,677
2021-02-22,Yolo,113,214977,12805,12689,218,12907,183
2021-02-22,Yuba,115,75493,5475,5404,85,5489,38
2021-02-21,Alameda,001,1643700,80346,79649,1723,81372,1061
2021-02-21,Alpine,003,1148,78,77,0,77,0
2021-02-21,Amador,005,37829,3454,3435,30,3465,39
2021-02-21,Butte,007,227075,11275,10855,1600,12455,176
2021-02-21,Calaveras,009,45235,1894,1860,12,1872,21
2021-02-21,Colusa,011,21464,1868,1860,261,2121,11
2021-02-21,Contra Costa,013,1133247,62664,61364,1071,62435,661
2021-02-21,Del Norte,015,27424,994,942,4,946,3
2021-02-21,El Dorado,017,186661,9087,8927,592,9519,96
2021-02-21,Fresno,019,978130,95779,94374,7677,102051,1349
2021-02-21,Glenn,021,27897,2243,2201,491,2692,14
2021-02-21,Humboldt,023,135768,3118,3096,22,3118,29
2021-02-21,Imperial,025,180216,27160,26779,2496,29275,590
2021-02-21,Inyo,027,18085,1279,1232,9,1241,32
2021-02-21,Kern,029,883053,92876,91141,9699,100840,980
2021-02-21,Kings,031,150075,22178,21784,962,22746,213
2021-02-21,Lake,033,64148,3154,3100,6,3106,40
2021-02-21,Lassen,035,31185,5110,5077,94,5171,1
2021-02-21,Los Angeles,037,10098052,1167632,1146756,39143,1185899,19711
2021-02-21,Madera,039,155013,15512,15298,809,16107,192
2021-02-21,Marin,041,260295,13117,12968,159,13127,212
2021-02-21,Mariposa,043,17540,376,373,5,378,4
2021-02-21,Mendocino,045,87422,3615,3535,70,3605,41
2021-02-21,Merced,047,269075,28167,28106,901,29007,379
2021-02-21,Modoc,049,8938,338,329,114,443,3
2021-02-21,Mono,051,14174,1174,1189,16,1205,3
2021-02-21,Monterey,053,433212,41800,41373,1680,43053,309
2021-02-21,Napa,055,140530,8976,8929,33,8962,69
2021-02-21,Nevada,057,99092,3968,3895,159,4054,66
2021-02-21,Orange,059,3164182,246147,243985,10164,254149,3801
2021-02-21,Placer,061,380077,20415,19553,1091,20644,238
2021-02-21,Plumas,063,18699,640,625,10,635,4
2021-02-21,Riverside,065,2383286,284630,277555,13398,290953,3564
2021-02-21,Sacramento,067,1510023,93779,92288,1215,93503,1354
2021-02-21,San Benito,069,59416,5725,5716,87,5803,57
2021-02-21,San Bernardino,071,2135413,285274,279870,8516,288386,3247
2021-02-21,San Diego,073,3302833,262392,257027,12721,269748,3190
2021-02-21,San Francisco,075,870044,33982,33891,1059,34950,405
2021-02-21,San Joaquin,077,732212,66365,64997,2743,67740,1001
2021-02-21,San Luis Obispo,079,281455,19577,19178,551,19729,229
2021-02-21,San Mateo,081,765935,39317,38448,400,38848,282
2021-02-21,Santa Barbara,083,443738,31948,31374,1098,32472,399
2021-02-21,Santa Clara,085,1922200,109574,108992,565,109557,1654
2021-02-21,Santa Cruz,087,273765,15305,14401,779,15180,176
2021-02-21,Shasta,089,179085,10889,10867,1198,12065,145
2021-02-21,Sierra,091,2930,51,47,12,59,0
2021-02-21,Siskiyou,093,43540,1472,1371,227,1598,4
2021-02-21,Solano,095,438530,29655,29471,352,29823,150
2021-02-21,Sonoma,097,501317,27795,27793,196,27989,278
2021-02-21,Stanislaus,099,539301,50274,49527,5287,54814,726
2021-02-21,Sutter,101,95872,8813,8687,79,8766,97
2021-02-21,Tehama,103,63373,4576,4547,493,5040,30
2021-02-21,Trinity,105,12862,465,286,76,362,3
2021-02-21,Tulare,107,460477,47985,46830,7900,54730,749
2021-02-21,Tuolumne,109,53932,3803,3828,33,3861,53
2021-02-21,Ventura,111,848112,77361,76862,2754,79616,677
2021-02-21,Yolo,113,214977,12774,12670,218,12888,183
2021-02-21,Yuba,115,75493,5467,5396,84,5480,38
2021-02-20,Alameda,001,1643700,80256,79496,1719,81215,1055
2021-02-20,Alpine,003,1148,78,77,0,77,0
2021-02-20,Amador,005,37829,3452,3432,30,3462,39
2021-02-20,Butte,007,227075,11267,10838,1598,12436,176
2021-02-20,Calaveras,009,45235,1893,1858,12,1870,21
2021-02-20,Colusa,011,21464,1867,1858,261,2119,11
2021-02-20,Contra Costa,013,1133247,62576,61205,1069,62274,663
2021-02-20,Del Norte,015,27424,990,937,4,941,3
2021-02-20,El Dorado,017,186661,9077,8911,592,9503,96
2021-02-20,Fresno,019,978130,95695,94234,7657,101891,1341
2021-02-20,Glenn,021,27897,2239,2199,490,2689,14
2021-02-20,Humboldt,023,135768,3110,3073,22,3095,29
2021-02-20,Imperial,025,180216,27152,26771,2496,29267,590
2021-02-20,Inyo,027,18085,1275,1226,9,1235,32
2021-02-20,Kern,029,883053,92804,91025,9667,100692,968
2021-02-20,Kings,031,150075,22160,21773,961,22734,212
2021-02-20,Lake,033,64148,3147,3089,6,3095,40
2021-02-20,Lassen,035,31185,5108,5067,94,5161,1
2021-02-20,Los Angeles,037,10098052,1167066,1145594,39099,1184693,19630
2021-02-20,Madera,039,155013,15492,15274,808,16082,191
2021-02-20,Marin,041,260295,13096,12945,157,13102,211
2021-02-20,Mariposa,043,17540,376,372,5,377,4
2021-02-20,Mendocino,045,87422,3613,3533,70,3603,40
2021-02-20,Merced,047,269075,28124,28066,898,28964,379
2021-02-20,Modoc,049,8938,338,328,114,442,3
2021-02-20,Mono,051,14174,1173,1187,16,1203,3
2021-02-20,Monterey,053,433212,41780,41313,1678,42991,309
2021-02-20,Napa,055,140530,8967,8910,33,8943,69
2021-02-20,Nevada,057,99092,3958,3887,158,4045,66
2021-02-20,Orange,059,3164182,245978,243761,10151,253912,3755
2021-02-20,Placer,061,380077,20374,19509,1087,20596,236
2021-02-20,Plumas,063,18699,640,626,10,636,4
2021-02-20,Riverside,065,2383286,284475,277267,13388,290655,3559
2021-02-20,Sacramento,067,1510023,93656,92057,1213,93270,1352
2021-02-20,San Benito,069,59416,5713,5709,87,5796,57
2021-02-20,San Bernardino,071,2135413,285173,279608,8511,288119,3203
2021-02-20,San Diego,073,3302833,262150,256510,12692,269202,3188
2021-02-20,San Francisco,075,870044,33940,33820,1050,34870,399
2021-02-20,San Joaquin,077,732212,66292,64916,2738,67654,1001
2021-02-20,San Luis Obispo,079,281455,19553,19138,550,19688,229
2021-02-20,San Mateo,081,765935,39273,38371,399,38770,282
2021-02-20,Santa Barbara,083,443738,31914,31289,1097,32386,396
2021-02-20,Santa Clara,085,1922200,109398,108728,562,109290,1649
2021-02-20,Santa Cruz,087,273765,15294,14378,777,15155,176
2021-02-20,Shasta,089,179085,10875,10850,1193,12043,146
2021-02-20,Sierra,091,2930,51,47,12,59,0
2021-02-20,Siskiyou,093,43540,1469,1366,227,1593,4
2021-02-20,Solano,095,438530,29640,29440,350,29790,150
2021-02-20,Sonoma,097,501317,27766,27703,194,27897,278
2021-02-20,Stanislaus,099,539301,50219,49445,5274,54719,733
2021-02-20,Sutter,101,95872,8807,8681,79,8760,97
2021-02-20,Tehama,103,63373,4575,4545,493,5038,30
2021-02-20,Trinity,105,12862,464,285,75,360,3
2021-02-20,Tulare,107,460477,47949,46769,7878,54647,739
2021-02-20,Tuolumne,109,53932,3798,3823,33,3856,53
2021-02-20,Ventura,111,848112,77265,76757,2751,79508,671
2021-02-20,Yolo,113,214977,12760,12639,217,12856,183
2021-02-20,Yuba,115,75493,5464,5386,84,5470,38
2021-02-19,Alameda,001,1643700,80153,79318,1715,81033,1047
2021-02-19,Alpine,003,1148,78,77,0,77,0
2021-02-19,Amador,005,37829,3448,3427,30,3457,39
2021-02-19,Butte,007,227075,11257,10823,1593,12416,176
2021-02-19,Calaveras,009,45235,1892,1856,12,1868,21
2021-02-19,Colusa,011,21464,1867,1858,261,2119,11
2021-02-19,Contra Costa,013,1133247,62468,61017,1066,62083,651
2021-02-19,Del Norte,015,27424,985,932,4,936,2
2021-02-19,El Dorado,017,186661,9068,8882,591,9473,96
2021-02-19,Fresno,019,978130,95564,93973,7641,101614,1330
2021-02-19,Glenn,021,27897,2234,2199,489,2688,14
2021-02-19,Humboldt,023,135768,3098,3037,22,3059,29
2021-02-19,Imperial,025,180216,27147,26751,2493,29244,589
2021-02-19,Inyo,027,18085,1270,1212,9,1221,32
2021-02-19,Kern,029,883053,92734,90807,9626,100433,963
2021-02-19,Kings,031,150075,22146,21724,959,22683,211
2021-02-19,Lake,033,64148,3141,3078,6,3084,40
2021-02-19,Lassen,035,31185,5107,5057,94,5151,1
2021-02-19,Los Angeles,037,10098052,1166318,1143828,39058,1182886,19498
2021-02-19,Madera,039,155013,15475,15222,806,16028,188
2021-02-19,Marin,041,260295,13072,12919,155,13074,210
2021-02-19,Mariposa,043,17540,376,371,5,376,4
2021-02-19,Mendocino,045,87422,3611,3526,70,3596,39
2021-02-19,Merced,047,269075,28094,27985,895,28880,376
2021-02-19,Modoc,049,8938,338,328,114,442,3
2021-02-19,Mono,051,14174,1173,1186,16,1202,3
2021-02-19,Monterey,053,433212,41752,41209,1674,42883,309
2021-02-19,Napa,055,140530,8954,8899,33,8932,69
2021-02-19,Nevada,057,99092,3952,3863,158,4021,66
2021-02-19,Orange,059,3164182,245797,243397,10138,253535,3715
2021-02-19,Placer,061,380077,20352,19457,1087,20544,236
2021-02-19,Plumas,063,18699,638,624,10,634,4
2021-02-19,Riverside,065,2383286,284304,276941,13371,290312,3541
2021-02-19,Sacramento,067,1510023,93535,91815,1209,93024,1351
2021-02-19,San Benito,069,59416,5708,5699,87,5786,57
2021-02-19,San Bernardino,071,2135413,285046,279209,8506,287715,3117
2021-02-19,San Diego,073,3302833,261859,255799,12669,268468,3169
2021-02-19,San Francisco,075,870044,33892,33746,1044,34790,387
2021-02-19,San Joaquin,077,732212,66220,64774,2729,67503,988
2021-02-19,San Luis Obispo,079,281455,19522,19061,548,19609,230
2021-02-19,San Mateo,081,765935,39215,38256,397,38653,282
2021-02-19,Santa Barbara,083,443738,31850,31204,1096,32300,392
2021-02-19,Santa Clara,085,1922200,109185,108400,560,108960,1634
2021-02-19,Santa Cruz,087,273765,15279,14354,777,15131,176
2021-02-19,Shasta,089,179085,10863,10833,1190,12023,140
2021-02-19,Sierra,091,2930,51,47,12,59,0
2021-02-19,Siskiyou,093,43540,1465,1363,225,1588,4
2021-02-19,Solano,095,438530,29609,29383,349,29732,150
2021-02-19,Sonoma,097,501317,27719,27595,192,27787,280
2021-02-19,Stanislaus,099,539301,50158,49282,5258,54540,739
2021-02-19,Sutter,101,95872,8797,8665,79,8744,96
2021-02-19,Tehama,103,63373,4573,4535,493,5028,30
2021-02-19,Trinity,105,12862,462,282,73,355,3
2021-02-19,Tulare,107,460477,47904,46662,7853,54515,736
2021-02-19,Tuolumne,109,53932,3791,3817,33,3850,52
2021-02-19,Ventura,111,848112,77185,76582,2748,79330,667
2021-02-19,Yolo,113,214977,12744,12606,217,12823,183
2021-02-19,Yuba,115,75493,5454,5376,84,5460,38
2021-02-18,Alameda,001,1643700,80007,79111,1707,80818,1012
2021-02-18,Alpine,003,1148,78,77,0,77,0
2021-02-18,Amador,005,37829,3444,3417,29,3446,38
2021-02-18,Butte,007,227075,11239,10791,1590,12381,175
2021-02-18,Calaveras,009,45235,1887,1873,12,1885,21
2021-02-18,Colusa,011,21464,1865,1856,259,2115,11
2021-02-18,Contra Costa,013,1133247,62356,60868,1064,61932,640
2021-02-18,Del Norte,015,27424,980,929,4,933,2
2021-02-18,El Dorado,017,186661,9053,8850,590,9440,94
2021-02-18,Fresno,019,978130,95394,93734,7616,101350,1323
2021-02-18,Glenn,021,27897,2228,2195,489,2684,14
2021-02-18,Humboldt,023,135768,3086,3023,22,3045,29
2021-02-18,Imperial,025,180216,27121,26731,2488,29219,591
2021-02-18,Inyo,027,18085,1266,1213,8,1221,32
2021-02-18,Kern,029,883053,92576,90655,9595,100250,961
2021-02-18,Kings,031,150075,22122,21648,958,22606,211
2021-02-18,Lake,033,64148,3133,3066,6,3072,40
2021-02-18,Lassen,035,31185,5098,5052,94,5146,1
2021-02-18,Los Angeles,037,10098052,1165360,1141930,38993,1180923,19358
2021-02-18,Madera,039,155013,15453,15175,801,15976,188
2021-02-18,Marin,041,260295,13058,12895,155,13050,209
2021-02-18,Mariposa,043,17540,375,369,5,374,4
2021-02-18,Mendocino,045,87422,3608,3519,69,3588,39
2021-02-18,Merced,047,269075,28045,27870,889,28759,372
2021-02-18,Modoc,049,8938,336,327,113,440,3
2021-02-18,Mono,051,14174,1173,1182,16,1198,3
2021-02-18,Monterey,053,433212,41687,41091,1667,42758,307
2021-02-18,Napa,055,140530,8937,8877,33,8910,68
2021-02-18,Nevada,057,99092,3943,3836,157,3993,66
2021-02-18,Orange,059,3164182,245578,243098,10121,253219,3673
2021-02-18,Placer,061,380077,20325,19429,1086,20515,232
2021-02-18,Plumas,063,18699,638,624,10,634,4
2021-02-18,Riverside,065,2383286,284015,276595,13350,289945,3510
2021-02-18,Sacramento,067,1510023,93373,91476,1203,92679,1334
2021-02-18,San Benito,069,59416,5705,5697,86,5783,58
2021-02-18,San Bernardino,071,2135413,284836,278887,8492,287379,3066
2021-02-18,San Diego,073,3302833,261505,254987,12646,267633,3135
2021-02-18,San Francisco,075,870044,33834,33650,1041,34691,386
2021-02-18,San Joaquin,077,732212,66135,64634,2719,67353,982
2021-02-18,San Luis Obispo,079,281455,19480,18987,545,19532,230
2021-02-18,San Mateo,081,765935,39153,38185,393,38578,282
2021-02-18,Santa Barbara,083,443738,31772,31054,1089,32143,387
2021-02-18,Santa Clara,085,1922200,108958,108210,557,108767,1605
2021-02-18,Santa Cruz,087,273765,15253,14314,777,15091,176
2021-02-18,Shasta,089,179085,10844,10811,1187,11998,139
2021-02-18,Sierra,091,2930,50,47,12,59,0
2021-02-18,Siskiyou,093,43540,1460,1359,224,1583,4
2021-02-18,Solano,095,438530,29582,29349,348,29697,150
2021-02-18,Sonoma,097,501317,27651,27512,191,27703,281
2021-02-18,Stanislaus,099,539301,50060,49150,5243,54393,738
2021-02-18,Sutter,101,95872,8789,8654,79,8733,96
2021-02-18,Tehama,103,63373,4570,4528,492,5020,30
2021-02-18,Trinity,105,12862,461,282,73,355,3
2021-02-18,Tulare,107,460477,47841,46591,7813,54404,728
2021-02-18,Tuolumne,109,53932,3754,3811,33,3844,52
2021-02-18,Ventura,111,848112,77053,76442,2740,79182,659
2021-02-18,Yolo,113,214977,12718,12549,214,12763,183
2021-02-18,Yuba,115,75493,5437,5358,84,5442,38
2021-02-17,Alameda,001,1643700,79846,78895,1705,80600,1002
2021-02-17,Alpine,003,1148,78,77,0,77,0
2021-02-17,Amador,005,37829,3440,3415,29,3444,38
2021-02-17,Butte,007,227075,11221,10770,1587,12357,174
2021-02-17,Calaveras,009,45235,1887,1876,12,1888,21
2021-02-17,Colusa,011,21464,1862,1854,259,2113,10
2021-02-17,Contra Costa,013,1133247,62215,60723,1061,61784,635
2021-02-17,Del Norte,015,27424,973,920,4,924,2
2021-02-17,El Dorado,017,186661,9041,8847,590,9437,94
2021-02-17,Fresno,019,978130,95255,93555,7589,101144,1307
2021-02-17,Glenn,021,27897,2227,2189,488,2677,14
2021-02-17,Humboldt,023,135768,3071,3006,22,3028,29
2021-02-17,Imperial,025,180216,27106,26726,2486,29212,580
2021-02-17,Inyo,027,18085,1258,1197,8,1205,32
2021-02-17,Kern,029,883053,92456,90454,9550,100004,962
2021-02-17,Kings,031,150075,22084,21617,954,22571,211
2021-02-17,Lake,033,64148,3122,3057,2,3059,38
2021-02-17,Lassen,035,31185,5093,5052,93,5145,1
2021-02-17,Los Angeles,037,10098052,1164308,1139786,38929,1178715,19213
2021-02-17,Madera,039,155013,15427,15135,792,15927,177
2021-02-17,Marin,041,260295,13032,12881,155,13036,207
2021-02-17,Mariposa,043,17540,375,368,4,372,4
2021-02-17,Mendocino,045,87422,3606,3494,68,3562,39
2021-02-17,Merced,047,269075,27990,27824,880,28704,372
2021-02-17,Modoc,049,8938,336,327,113,440,3
2021-02-17,Mono,051,14174,1173,1180,16,1196,3
2021-02-17,Monterey,053,433212,41633,41014,1655,42669,304
2021-02-17,Napa,055,140530,8923,8865,33,8898,68
2021-02-17,Nevada,057,99092,3924,3822,154,3976,52
2021-02-17,Orange,059,3164182,245310,242716,10087,252803,3626
2021-02-17,Placer,061,380077,20292,19405,1082,20487,230
2021-02-17,Plumas,063,18699,637,623,10,633,4
2021-02-17,Riverside,065,2383286,283729,276289,13329,289618,3491
2021-02-17,Sacramento,067,1510023,93214,91309,1196,92505,1326
2021-02-17,San Benito,069,59416,5699,5661,86,5747,57
2021-02-17,San Bernardino,071,2135413,284629,278461,8473,286934,3020
2021-02-17,San Diego,073,3302833,261126,254177,12625,266802,3099
2021-02-17,San Francisco,075,870044,33758,33558,1036,34594,379
2021-02-17,San Joaquin,077,732212,66033,64556,2713,67269,979
2021-02-17,San Luis Obispo,079,281455,19435,18964,545,19509,230
2021-02-17,San Mateo,081,765935,39087,38124,392,38516,282
2021-02-17,Santa Barbara,083,443738,31704,30927,1088,32015,384
2021-02-17,Santa Clara,085,1922200,108726,107949,555,108504,1592
2021-02-17,Santa Cruz,087,273765,15220,14268,774,15042,174
2021-02-17,Shasta,089,179085,10824,10770,1186,11956,139
2021-02-17,Sierra,091,2930,50,47,12,59,0
2021-02-17,Siskiyou,093,43540,1454,1352,221,1573,4
2021-02-17,Solano,095,438530,29526,29288,348,29636,149
2021-02-17,Sonoma,097,501317,27577,27408,186,27594,281
2021-02-17,Stanislaus,099,539301,49952,49050,5227,54277,730
2021-02-17,Sutter,101,95872,8779,8681,79,8760,95
2021-02-17,Tehama,103,63373,4566,4511,491,5002,30
2021-02-17,Trinity,105,12862,461,277,71,348,3
2021-02-17,Tulare,107,460477,47775,46495,7786,54281,726
2021-02-17,Tuolumne,109,53932,3745,3806,33,3839,49
2021-02-17,Ventura,111,848112,76927,76234,2734,78968,646
2021-02-17,Yolo,113,214977,12699,12506,212,12718,182
2021-02-17,Yuba,115,75493,5428,5345,84,5429,38
2021-02-16,Alameda,001,1643700,79674,78756,1702,80458,997
2021-02-16,Alpine,003,1148,78,76,0,76,0
2021-02-16,Amador,005,37829,3433,3413,29,3442,39
2021-02-16,Butte,007,227075,11194,10748,1584,12332,164
2021-02-16,Calaveras,009,45235,1885,1872,12,1884,21
2021-02-16,Colusa,011,21464,1859,1852,257,2109,10
2021-02-16,Contra Costa,013,1133247,62067,60564,1056,61620,631
2021-02-16,Del Norte,015,27424,965,913,4,917,2
2021-02-16,El Dorado,017,186661,9031,8836,589,9425,94
2021-02-16,Fresno,019,978130,95091,93363,7559,100922,1293
2021-02-16,Glenn,021,27897,2223,2189,484,2673,14
2021-02-16,Humboldt,023,135768,3048,2994,21,3015,29
2021-02-16,Imperial,025,180216,27093,26711,2482,29193,580
2021-02-16,Inyo,027,18085,1250,1191,8,1199,32
2021-02-16,Kern,029,883053,92321,90267,9521,99788,959
2021-02-16,Kings,031,150075,22038,21583,950,22533,206
2021-02-16,Lake,033,64148,3113,3041,2,3043,38
2021-02-16,Lassen,035,31185,5081,5047,93,5140,1
2021-02-16,Los Angeles,037,10098052,1163055,1138262,38868,1177130,19044
2021-02-16,Madera,039,155013,15389,15120,787,15907,172
2021-02-16,Marin,041,260295,13008,12832,155,12987,205
2021-02-16,Mariposa,043,17540,375,367,4,371,4
2021-02-16,Mendocino,045,87422,3602,3489,68,3557,39
2021-02-16,Merced,047,269075,27909,27724,874,28598,368
2021-02-16,Modoc,049,8938,336,326,113,439,3
2021-02-16,Mono,051,14174,1173,1180,16,1196,3
2021-02-16,Monterey,053,433212,41559,40962,1646,42608,303
2021-02-16,Napa,055,140530,8910,8854,33,8887,66
2021-02-16,Nevada,057,99092,3911,3774,153,3927,47
2021-02-16,Orange,059,3164182,244988,242382,10071,252453,3612
2021-02-16,Placer,061,380077,20259,19367,1079,20446,230
2021-02-16,Plumas,063,18699,637,619,10,629,4
2021-02-16,Riverside,065,2383286,283423,275954,13305,289259,3471
2021-02-16,Sacramento,067,1510023,92960,91246,1190,92436,1305
2021-02-16,San Benito,069,59416,5691,5659,85,5744,56
2021-02-16,San Bernardino,071,2135413,284407,277947,8462,286409,2978
2021-02-16,San Diego,073,3302833,260661,253638,12586,266224,3042
2021-02-16,San Francisco,075,870044,33687,33491,1031,34522,373
2021-02-16,San Joaquin,077,732212,65908,64448,2710,67158,979
2021-02-16,San Luis Obispo,079,281455,19390,18925,542,19467,229
2021-02-16,San Mateo,081,765935,39028,38041,390,38431,277
2021-02-16,Santa Barbara,083,443738,31630,30865,1085,31950,378
2021-02-16,Santa Clara,085,1922200,108474,107754,552,108306,1591
2021-02-16,Santa Cruz,087,273765,15200,14256,773,15029,174
2021-02-16,Shasta,089,179085,10808,10736,1184,11920,139
2021-02-16,Sierra,091,2930,50,47,12,59,0
2021-02-16,Siskiyou,093,43540,1450,1351,221,1572,4
2021-02-16,Solano,095,438530,29486,29246,347,29593,148
2021-02-16,Sonoma,097,501317,27515,27380,180,27560,279
2021-02-16,Stanislaus,099,539301,49832,48927,5213,54140,716
2021-02-16,Sutter,101,95872,8756,8671,79,8750,95
2021-02-16,Tehama,103,63373,4557,4501,490,4991,30
2021-02-16,Trinity,105,12862,457,275,71,346,3
2021-02-16,Tulare,107,460477,47711,46444,7742,54186,716
2021-02-16,Tuolumne,109,53932,3743,3796,33,3829,49
2021-02-16,Ventura,111,848112,76782,76043,2730,78773,631
2021-02-16,Yolo,113,214977,12668,12457,212,12669,175
2021-02-16,Yuba,115,75493,5421,5332,83,5415,38
2021-02-15,Alameda,001,1643700,79476,78647,1691,80338,996
2021-02-15,Alpine,003,1148,78,76,0,76,0
2021-02-15,Amador,005,37829,3429,3409,29,3438,39
2021-02-15,Butte,007,227075,11176,10723,1580,12303,155
2021-02-15,Calaveras,009,45235,1881,1871,12,1883,21
2021-02-15,Colusa,011,21464,1859,1849,253,2102,10
2021-02-15,Contra Costa,013,1133247,61891,60444,1050,61494,631
2021-02-15,Del Norte,015,27424,961,913,4,917,2
2021-02-15,El Dorado,017,186661,9014,8816,589,9405,94
2021-02-15,Fresno,019,978130,94891,93231,7520,100751,1288
2021-02-15,Glenn,021,27897,2221,2185,483,2668,14
2021-02-15,Humboldt,023,135768,3041,2997,21,3018,29
2021-02-15,Imperial,025,180216,27073,26700,2478,29178,580
2021-02-15,Inyo,027,18085,1231,1184,8,1192,32
2021-02-15,Kern,029,883053,92177,90181,9489,99670,959
2021-02-15,Kings,031,150075,21993,21574,946,22520,205
2021-02-15,Lake,033,64148,3099,3030,1,3031,38
2021-02-15,Lassen,035,31185,5079,5047,92,5139,1
2021-02-15,Los Angeles,037,10098052,1161663,1137164,38805,1175969,18925
2021-02-15,Madera,039,155013,15358,15108,785,15893,106
2021-02-15,Marin,041,260295,12988,12810,152,12962,203
2021-02-15,Mariposa,043,17540,373,367,4,371,4
2021-02-15,Mendocino,045,87422,3590,3481,68,3549,39
2021-02-15,Merced,047,269075,27835,27656,866,28522,368
2021-02-15,Modoc,049,8938,336,326,113,439,3
2021-02-15,Mono,051,14174,1170,1178,16,1194,3
2021-02-15,Monterey,053,433212,41498,40911,1633,42544,302
2021-02-15,Napa,055,140530,8896,8837,33,8870,57
2021-02-15,Nevada,057,99092,3894,3767,152,3919,47
2021-02-15,Orange,059,3164182,244668,242176,10043,252219,3586
2021-02-15,Placer,061,380077,20233,19361,1078,20439,230
2021-02-15,Plumas,063,18699,637,620,10,630,4
2021-02-15,Riverside,065,2383286,283066,275771,13287,289058,3468
2021-02-15,Sacramento,067,1510023,92633,91091,1185,92276,1304
2021-02-15,San Benito,069,59416,5682,5649,85,5734,56
2021-02-15,San Bernardino,071,2135413,284150,277869,8454,286323,2945
2021-02-15,San Diego,073,3302833,260146,252940,12555,265495,3037
2021-02-15,San Francisco,075,870044,33613,33454,1025,34479,373
2021-02-15,San Joaquin,077,732212,65744,64382,2703,67085,979
2021-02-15,San Luis Obispo,079,281455,19337,18891,540,19431,227
2021-02-15,San Mateo,081,765935,38950,37969,387,38356,277
2021-02-15,Santa Barbara,083,443738,31527,30810,1082,31892,378
2021-02-15,Santa Clara,085,1922200,108239,107630,550,108180,1588
2021-02-15,Santa Cruz,087,273765,15168,14239,770,15009,175
2021-02-15,Shasta,089,179085,10788,10730,1179,11909,139
2021-02-15,Sierra,091,2930,50,47,12,59,0
2021-02-15,Siskiyou,093,43540,1442,1345,220,1565,4
2021-02-15,Solano,095,438530,29431,29225,347,29572,148
2021-02-15,Sonoma,097,501317,27430,27359,176,27535,276
2021-02-15,Stanislaus,099,539301,49707,48808,5200,54008,716
2021-02-15,Sutter,101,95872,8741,8652,79,8731,95
2021-02-15,Tehama,103,63373,4546,4492,488,4980,30
2021-02-15,Trinity,105,12862,456,274,71,345,3
2021-02-15,Tulare,107,460477,47640,46344,7703,54047,715
2021-02-15,Tuolumne,109,53932,3733,3794,33,3827,49
2021-02-15,Ventura,111,848112,76626,75889,2727,78616,629
2021-02-15,Yolo,113,214977,12631,12412,206,12618,175
2021-02-15,Yuba,115,75493,5404,5320,82,5402,38
2021-02-14,Alameda,001,1643700,79319,78442,1690,80132,995
2021-02-14,Alpine,003,1148,78,76,0,76,0
2021-02-14,Amador,005,37829,3424,3398,29,3427,39
2021-02-14,Butte,007,227075,11152,10717,1575,12292,155
2021-02-14,Calaveras,009,45235,1877,1866,12,1878,21
2021-02-14,Colusa,011,21464,1855,1845,250,2095,10
2021-02-14,Contra Costa,013,1133247,61743,60272,1047,61319,631
2021-02-14,Del Norte,015,27424,957,911,4,915,2
2021-02-14,El Dorado,017,186661,8983,8790,588,9378,94
2021-02-14,Fresno,019,978130,94720,93065,7497,100562,1287
2021-02-14,Glenn,021,27897,2218,2184,483,2667,14
2021-02-14,Humboldt,023,135768,3028,2992,21,3013,29
2021-02-14,Imperial,025,180216,27065,26696,2477,29173,580
2021-02-14,Inyo,027,18085,1225,1177,8,1185,32
2021-02-14,Kern,029,883053,92017,90038,9436,99474,959
2021-02-14,Kings,031,150075,21967,21538,944,22482,205
2021-02-14,Lake,033,64148,3090,3030,1,3031,38
2021-02-14,Lassen,035,31185,5075,5037,92,5129,1
2021-02-14,Los Angeles,037,10098052,1160321,1135450,38719,1174169,18898
2021-02-14,Madera,039,155013,15326,15089,781,15870,106
2021-02-14,Marin,041,260295,12964,12784,152,12936,201
2021-02-14,Mariposa,043,17540,373,365,4,369,4
2021-02-14,Mendocino,045,87422,3584,3475,68,3543,39
2021-02-14,Merced,047,269075,27753,27601,861,28462,368
2021-02-14,Modoc,049,8938,336,326,113,439,3
2021-02-14,Mono,051,14174,1169,1180,16,1196,3
2021-02-14,Monterey,053,433212,41448,40842,1628,42470,302
2021-02-14,Napa,055,140530,8876,8826,33,8859,57
2021-02-14,Nevada,057,99092,3878,3761,152,3913,47
2021-02-14,Orange,059,3164182,244356,241859,10024,251883,3564
2021-02-14,Placer,061,380077,20194,19313,1073,20386,230
2021-02-14,Plumas,063,18699,636,620,10,630,4
2021-02-14,Riverside,065,2383286,282732,275518,13268,288786,3471
2021-02-14,Sacramento,067,1510023,92426,90856,1181,92037,1304
2021-02-14,San Benito,069,59416,5674,5641,84,5725,56
2021-02-14,San Bernardino,071,2135413,283834,277664,8434,286098,2929
2021-02-14,San Diego,073,3302833,259654,252247,12507,264754,3037
2021-02-14,San Francisco,075,870044,33539,33374,1017,34391,372
2021-02-14,San Joaquin,077,732212,65645,64243,2689,66932,979
2021-02-14,San Luis Obispo,079,281455,19299,18868,537,19405,225
2021-02-14,San Mateo,081,765935,38866,37859,387,38246,277
2021-02-14,Santa Barbara,083,443738,31435,30744,1078,31822,377
2021-02-14,Santa Clara,085,1922200,108038,107412,546,107958,1582
2021-02-14,Santa Cruz,087,273765,15140,14225,765,14990,175
2021-02-14,Shasta,089,179085,10757,10720,1174,11894,139
2021-02-14,Sierra,091,2930,50,47,12,59,0
2021-02-14,Siskiyou,093,43540,1438,1340,220,1560,4
2021-02-14,Solano,095,438530,29393,29150,344,29494,148
2021-02-14,Sonoma,097,501317,27356,27266,174,27440,276
2021-02-14,Stanislaus,099,539301,49600,48672,5185,53857,716
2021-02-14,Sutter,101,95872,8718,8642,79,8721,95
2021-02-14,Tehama,103,63373,4538,4490,486,4976,30
2021-02-14,Trinity,105,12862,456,272,71,343,3
2021-02-14,Tulare,107,460477,47555,46263,7654,53917,715
2021-02-14,Tuolumne,109,53932,3732,3764,33,3797,49
2021-02-14,Ventura,111,848112,76451,75742,2716,78458,629
2021-02-14,Yolo,113,214977,12602,12399,205,12604,175
2021-02-14,Yuba,115,75493,5394,5314,82,5396,38
2021-02-13,Alameda,001,1643700,79204,78246,1687,79933,995
2021-02-13,Alpine,003,1148,78,76,0,76,0
2021-02-13,Amador,005,37829,3421,3387,29,3416,38
2021-02-13,Butte,007,227075,11136,10699,1574,12273,155
2021-02-13,Calaveras,009,45235,1874,1863,12,1875,21
2021-02-13,Colusa,011,21464,1855,1837,250,2087,10
2021-02-13,Contra Costa,013,1133247,61623,60100,1047,61147,629
2021-02-13,Del Norte,015,27424,955,908,4,912,2
2021-02-13,El Dorado,017,186661,8972,8758,587,9345,93
2021-02-13,Fresno,019,978130,94606,92807,7475,100282,1287
2021-02-13,Glenn,021,27897,2217,2182,481,2663,14
2021-02-13,Humboldt,023,135768,3015,2974,20,2994,29
2021-02-13,Imperial,025,180216,27058,26680,2475,29155,580
2021-02-13,Inyo,027,18085,1221,1168,8,1176,32
2021-02-13,Kern,029,883053,91928,89915,9410,99325,957
2021-02-13,Kings,031,150075,21952,21513,942,22455,205
2021-02-13,Lake,033,64148,3084,3025,1,3026,37
2021-02-13,Lassen,035,31185,5072,5028,92,5120,1
2021-02-13,Los Angeles,037,10098052,1159462,1133752,38672,1172424,18822
2021-02-13,Madera,039,155013,15317,15053,777,15830,106
2021-02-13,Marin,041,260295,12943,12757,152,12909,201
2021-02-13,Mariposa,043,17540,373,365,4,369,4
2021-02-13,Mendocino,045,87422,3574,3466,68,3534,38
2021-02-13,Merced,047,269075,27709,27541,858,28399,368
2021-02-13,Modoc,049,8938,336,325,113,438,3
2021-02-13,Mono,051,14174,1169,1176,16,1192,3
2021-02-13,Monterey,053,433212,41416,40731,1626,42357,301
2021-02-13,Napa,055,140530,8867,8809,33,8842,57
2021-02-13,Nevada,057,99092,3869,3742,151,3893,47
2021-02-13,Orange,059,3164182,244151,241545,10005,251550,3520
2021-02-13,Placer,061,380077,20174,19214,1073,20287,230
2021-02-13,Plumas,063,18699,636,616,10,626,4
2021-02-13,Riverside,065,2383286,282498,275276,13259,288535,3462
2021-02-13,Sacramento,067,1510023,92259,90401,1178,91579,1302
2021-02-13,San Benito,069,59416,5660,5633,84,5717,56
2021-02-13,San Bernardino,071,2135413,283682,277405,8422,285827,2899
2021-02-13,San Diego,073,3302833,259322,251679,12495,264174,3009
2021-02-13,San Francisco,075,870044,33489,33291,1007,34298,364
2021-02-13,San Joaquin,077,732212,65578,64105,2679,66784,977
2021-02-13,San Luis Obispo,079,281455,19271,18803,531,19334,225
2021-02-13,San Mateo,081,765935,38813,37745,387,38132,277
2021-02-13,Santa Barbara,083,443738,31383,30594,1076,31670,374
2021-02-13,Santa Clara,085,1922200,107853,107125,542,107667,1570
2021-02-13,Santa Cruz,087,273765,15113,14198,764,14962,173
2021-02-13,Shasta,089,179085,10745,10713,1169,11882,139
2021-02-13,Sierra,091,2930,50,47,12,59,0
2021-02-13,Siskiyou,093,43540,1435,1336,220,1556,4
2021-02-13,Solano,095,438530,29356,29084,344,29428,148
2021-02-13,Sonoma,097,501317,27309,27157,172,27329,276
2021-02-13,Stanislaus,099,539301,49530,48568,5179,53747,697
2021-02-13,Sutter,101,95872,8706,8626,79,8705,94
2021-02-13,Tehama,103,63373,4529,4484,485,4969,30
2021-02-13,Trinity,105,12862,455,272,70,342,3
2021-02-13,Tulare,107,460477,47504,46162,7623,53785,709
2021-02-13,Tuolumne,109,53932,3731,3752,33,3785,49
2021-02-13,Ventura,111,848112,76313,75481,2710,78191,618
2021-02-13,Yolo,113,214977,12590,12374,204,12578,175
2021-02-13,Yuba,115,75493,5386,5289,82,5371,38
2021-02-12,Alameda,001,1643700,79068,77958,1681,79639,974
2021-02-12,Alpine,003,1148,78,76,0,76,0
2021-02-12,Amador,005,37829,3417,3381,29,3410,38
2021-02-12,Butte,007,227075,11121,10655,1567,12222,155
2021-02-12,Calaveras,009,45235,1871,1860,12,1872,21
2021-02-12,Colusa,011,21464,1855,1836,250,2086,10
2021-02-12,Contra Costa,013,1133247,61473,59878,1043,60921,620
2021-02-12,Del Norte,015,27424,945,901,4,905,2
2021-02-12,El Dorado,017,186661,8956,8725,584,9309,92
2021-02-12,Fresno,019,978130,94452,92520,7455,99975,1273
2021-02-12,Glenn,021,27897,2214,2175,481,2656,14
2021-02-12,Humboldt,023,135768,3007,2961,20,2981,29
2021-02-12,Imperial,025,180216,27049,26646,2473,29119,585
2021-02-12,Inyo,027,18085,1215,1156,8,1164,32
2021-02-12,Kern,029,883053,91817,89532,9375,98907,949
2021-02-12,Kings,031,150075,21920,21462,937,22399,202
2021-02-12,Lake,033,64148,3080,3012,1,3013,36
2021-02-12,Lassen,035,31185,5070,5015,92,5107,1
2021-02-12,Los Angeles,037,10098052,1158256,1131185,38603,1169788,18637
2021-02-12,Madera,039,155013,15290,15022,774,15796,106
2021-02-12,Marin,041,260295,12917,12720,152,12872,200
2021-02-12,Mariposa,043,17540,372,365,4,369,4
2021-02-12,Mendocino,045,87422,3572,3447,68,3515,38
2021-02-12,Merced,047,269075,27658,27453,855,28308,367
2021-02-12,Modoc,049,8938,336,324,113,437,3
2021-02-12,Mono,051,14174,1168,1172,16,1188,3
2021-02-12,Monterey,053,433212,41369,40633,1617,42250,297
2021-02-12,Napa,055,140530,8855,8785,33,8818,55
2021-02-12,Nevada,057,99092,3864,3728,151,3879,47
2021-02-12,Orange,059,3164182,243913,241075,9991,251066,3505
2021-02-12,Placer,061,380077,20132,19174,1068,20242,230
2021-02-12,Plumas,063,18699,635,614,10,624,4
2021-02-12,Riverside,065,2383286,282221,274792,13241,288033,3438
2021-02-12,Sacramento,067,1510023,92057,90252,1177,91429,1295
2021-02-12,San Benito,069,59416,5644,5622,83,5705,56
2021-02-12,San Bernardino,071,2135413,283489,276890,8411,285301,2827
2021-02-12,San Diego,073,3302833,258939,250788,12469,263257,2979
2021-02-12,San Francisco,075,870044,33429,33179,1003,34182,359
2021-02-12,San Joaquin,077,732212,65484,63966,2671,66637,975
2021-02-12,San Luis Obispo,079,281455,19230,18687,530,19217,224
2021-02-12,San Mateo,081,765935,38741,37560,387,37947,254
2021-02-12,Santa Barbara,083,443738,31312,30454,1071,31525,372
2021-02-12,Santa Clara,085,1922200,107684,106759,539,107298,1543
2021-02-12,Santa Cruz,087,273765,15093,14147,764,14911,170
2021-02-12,Shasta,089,179085,10727,10693,1159,11852,142
2021-02-12,Sierra,091,2930,49,45,12,57,0
2021-02-12,Siskiyou,093,43540,1431,1324,217,1541,4
2021-02-12,Solano,095,438530,29324,28996,341,29337,147
2021-02-12,Sonoma,097,501317,27255,27064,168,27232,275
2021-02-12,Stanislaus,099,539301,49444,48418,5156,53574,697
2021-02-12,Sutter,101,95872,8692,8609,79,8688,93
2021-02-12,Tehama,103,63373,4521,4470,484,4954,27
2021-02-12,Trinity,105,12862,455,269,70,339,3
2021-02-12,Tulare,107,460477,47426,46016,7596,53612,710
2021-02-12,Tuolumne,109,53932,3728,3736,32,3768,49
2021-02-12,Ventura,111,848112,76145,75210,2703,77913,605
2021-02-12,Yolo,113,214977,12570,12340,204,12544,175
2021-02-12,Yuba,115,75493,5378,5274,82,5356,38
2021-02-11,Alameda,001,1643700,78841,77564,1676,79240,960
2021-02-11,Alpine,003,1148,77,76,0,76,0
2021-02-11,Amador,005,37829,3413,3368,29,3397,35
2021-02-11,Butte,007,227075,11097,10624,1565,12189,155
2021-02-11,Calaveras,009,45235,1868,1856,12,1868,21
2021-02-11,Colusa,011,21464,1850,1823,248,2071,10
2021-02-11,Contra Costa,013,1133247,61306,59633,1039,60672,605
2021-02-11,Del Norte,015,27424,940,894,4,898,2
2021-02-11,El Dorado,017,186661,8935,8698,584,9282,92
2021-02-11,Fresno,019,978130,94298,92168,7430,99598,1255
2021-02-11,Glenn,021,27897,2209,2166,480,2646,14
2021-02-11,Humboldt,023,135768,2994,2954,19,2973,29
2021-02-11,Imperial,025,180216,27026,26545,2471,29016,578
2021-02-11,Inyo,027,18085,1206,1144,8,1152,32
2021-02-11,Kern,029,883053,91626,89224,9331,98555,941
2021-02-11,Kings,031,150075,21890,21373,934,22307,202
2021-02-11,Lake,033,64148,3070,3002,1,3003,36
2021-02-11,Lassen,035,31185,5059,5004,89,5093,1
2021-02-11,Los Angeles,037,10098052,1156624,1128437,38534,1166971,18500
2021-02-11,Madera,039,155013,15269,14984,772,15756,106
2021-02-11,Marin,041,260295,12880,12682,152,12834,200
2021-02-11,Mariposa,043,17540,372,361,4,365,4
2021-02-11,Mendocino,045,87422,3565,3420,68,3488,38
2021-02-11,Merced,047,269075,27592,27325,851,28176,363
2021-02-11,Modoc,049,8938,335,317,113,430,3
2021-02-11,Mono,051,14174,1164,1173,16,1189,3
2021-02-11,Monterey,053,433212,41261,40469,1611,42080,295
2021-02-11,Napa,055,140530,8834,8777,33,8810,55
2021-02-11,Nevada,057,99092,3848,3720,151,3871,47
2021-02-11,Orange,059,3164182,243548,240590,9968,250558,3476
2021-02-11,Placer,061,380077,20092,19118,1067,20185,224
2021-02-11,Plumas,063,18699,634,592,10,602,4
2021-02-11,Riverside,065,2383286,281852,274313,13226,287539,3394
2021-02-11,Sacramento,067,1510023,91814,89988,1171,91159,1286
2021-02-11,San Benito,069,59416,5635,5609,83,5692,56
2021-02-11,San Bernardino,071,2135413,283174,276349,8397,284746,2774
2021-02-11,San Diego,073,3302833,258387,249971,12435,262406,2955
2021-02-11,San Francisco,075,870044,33344,33076,994,34070,356
2021-02-11,San Joaquin,077,732212,65315,63719,2661,66380,971
2021-02-11,San Luis Obispo,079,281455,19165,18615,526,19141,219
2021-02-11,San Mateo,081,765935,38650,37439,385,37824,253
2021-02-11,Santa Barbara,083,443738,31215,30375,1066,31441,370
2021-02-11,Santa Clara,085,1922200,107427,106392,533,106925,1507
2021-02-11,Santa Cruz,087,273765,15070,14088,759,14847,165
2021-02-11,Shasta,089,179085,10703,10672,1155,11827,140
2021-02-11,Sierra,091,2930,49,45,12,57,0
2021-02-11,Siskiyou,093,43540,1416,1320,217,1537,4
2021-02-11,Solano,095,438530,29272,28885,341,29226,138
2021-02-11,Sonoma,097,501317,27172,26971,165,27136,272
2021-02-11,Stanislaus,099,539301,49300,48205,5145,53350,697
2021-02-11,Sutter,101,95872,8678,8590,78,8668,93
2021-02-11,Tehama,103,63373,4515,4463,484,4947,26
2021-02-11,Trinity,105,12862,455,269,70,339,3
2021-02-11,Tulare,107,460477,47331,45897,7555,53452,706
2021-02-11,Tuolumne,109,53932,3691,3716,32,3748,48
2021-02-11,Ventura,111,848112,75944,74959,2694,77653,590
2021-02-11,Yolo,113,214977,12547,12303,202,12505,173
2021-02-11,Yuba,115,75493,5364,5261,80,5341,38
2021-02-10,Alameda,001,1643700,78638,77344,1675,79019,944
2021-02-10,Alpine,003,1148,77,76,0,76,0
2021-02-10,Amador,005,37829,3401,3348,29,3377,35
2021-02-10,Butte,007,227075,11071,10594,1564,12158,155
2021-02-10,Calaveras,009,45235,1866,1850,12,1862,21
2021-02-10,Colusa,011,21464,1843,1815,246,2061,10
2021-02-10,Contra Costa,013,1133247,61134,59488,1037,60525,590
2021-02-10,Del Norte,015,27424,934,888,4,892,2
2021-02-10,El Dorado,017,186661,8904,8682,580,9262,87
2021-02-10,Fresno,019,978130,94123,91876,7404,99280,1247
2021-02-10,Glenn,021,27897,2205,2160,478,2638,14
2021-02-10,Humboldt,023,135768,2986,2924,19,2943,29
2021-02-10,Imperial,025,180216,26987,26522,2468,28990,578
2021-02-10,Inyo,027,18085,1194,1138,8,1146,30
2021-02-10,Kern,029,883053,91419,88933,9277,98210,926
2021-02-10,Kings,031,150075,21847,21294,932,22226,197
2021-02-10,Lake,033,64148,3057,2975,1,2976,36
2021-02-10,Lassen,035,31185,5055,4993,89,5082,1
2021-02-10,Los Angeles,037,10098052,1154878,1125437,38404,1163841,18338
2021-02-10,Madera,039,155013,15231,14925,770,15695,105
2021-02-10,Marin,041,260295,12843,12651,152,12803,199
2021-02-10,Mariposa,043,17540,370,360,4,364,4
2021-02-10,Mendocino,045,87422,3550,3395,68,3463,38
2021-02-10,Merced,047,269075,27509,27246,840,28086,359
2021-02-10,Modoc,049,8938,334,315,111,426,3
2021-02-10,Mono,051,14174,1159,1170,16,1186,3
2021-02-10,Monterey,053,433212,41182,40366,1596,41962,288
2021-02-10,Napa,055,140530,8815,8769,33,8802,55
2021-02-10,Nevada,057,99092,3833,3693,149,3842,47
2021-02-10,Orange,059,3164182,243128,239974,9937,249911,3439
2021-02-10,Placer,061,380077,20053,19062,1062,20124,220
2021-02-10,Plumas,063,18699,631,589,10,599,2
2021-02-10,Riverside,065,2383286,281426,273721,13216,286937,3374
2021-02-10,Sacramento,067,1510023,91563,89653,1167,90820,1275
2021-02-10,San Benito,069,59416,5621,5591,83,5674,55
2021-02-10,San Bernardino,071,2135413,282811,275616,8381,283997,2696
2021-02-10,San Diego,073,3302833,257805,248858,12397,261255,2904
2021-02-10,San Francisco,075,870044,33261,32955,991,33946,351
2021-02-10,San Joaquin,077,732212,65174,63484,2647,66131,954
2021-02-10,San Luis Obispo,079,281455,19086,18549,524,19073,216
2021-02-10,San Mateo,081,765935,38560,37323,385,37708,245
2021-02-10,Santa Barbara,083,443738,31123,30216,1061,31277,359
2021-02-10,Santa Clara,085,1922200,107188,106048,530,106578,1489
2021-02-10,Santa Cruz,087,273765,15034,14007,757,14764,165
2021-02-10,Shasta,089,179085,10680,10645,1152,11797,142
2021-02-10,Sierra,091,2930,49,45,12,57,0
2021-02-10,Siskiyou,093,43540,1411,1314,216,1530,4
2021-02-10,Solano,095,438530,29197,28835,339,29174,137
2021-02-10,Sonoma,097,501317,27080,26881,163,27044,271
2021-02-10,Stanislaus,099,539301,49182,48016,5128,53144,696
2021-02-10,Sutter,101,95872,8661,8571,78,8649,93
2021-02-10,Tehama,103,63373,4507,4445,484,4929,23
2021-02-10,Trinity,105,12862,452,268,70,338,3
2021-02-10,Tulare,107,460477,47214,45782,7516,53298,696
2021-02-10,Tuolumne,109,53932,3683,3691,32,3723,48
2021-02-10,Ventura,111,848112,75717,74651,2677,77328,580
2021-02-10,Yolo,113,214977,12523,12276,201,12477,174
2021-02-10,Yuba,115,75493,5346,5241,80,5321,38
2021-02-09,Alameda,001,1643700,78375,77018,1672,78690,936
2021-02-09,Alpine,003,1148,77,76,0,76,0
2021-02-09,Amador,005,37829,3393,3347,29,3376,35
2021-02-09,Butte,007,227075,11044,10563,1562,12125,153
2021-02-09,Calaveras,009,45235,1862,1847,12,1859,21
2021-02-09,Colusa,011,21464,1834,1812,241,2053,10
2021-02-09,Contra Costa,013,1133247,60945,59307,1031,60338,583
2021-02-09,Del Norte,015,27424,928,886,4,890,2
2021-02-09,El Dorado,017,186661,8877,8663,579,9242,87
2021-02-09,Fresno,019,978130,93881,91730,7376,99106,1211
2021-02-09,Glenn,021,27897,2201,2156,478,2634,14
2021-02-09,Humboldt,023,135768,2978,2904,19,2923,29
2021-02-09,Imperial,025,180216,26960,26509,2465,28974,568
2021-02-09,Inyo,027,18085,1186,1137,8,1145,30
2021-02-09,Kern,029,883053,91170,88684,9231,97915,920
2021-02-09,Kings,031,150075,21805,21275,930,22205,196
2021-02-09,Lake,033,64148,3046,2955,1,2956,36
2021-02-09,Lassen,035,31185,5048,4983,89,5072,1
2021-02-09,Los Angeles,037,10098052,1152907,1122745,38318,1161063,18198
2021-02-09,Madera,039,155013,15211,14912,767,15679,105
2021-02-09,Marin,041,260295,12810,12623,151,12774,197
2021-02-09,Mariposa,043,17540,368,355,4,359,4
2021-02-09,Mendocino,045,87422,3532,3369,68,3437,38
2021-02-09,Merced,047,269075,27411,27166,835,28001,354
2021-02-09,Modoc,049,8938,333,316,111,427,3
2021-02-09,Mono,051,14174,1158,1167,16,1183,3
2021-02-09,Monterey,053,433212,41075,40279,1584,41863,285
2021-02-09,Napa,055,140530,8802,8749,33,8782,55
2021-02-09,Nevada,057,99092,3817,3687,149,3836,44
2021-02-09,Orange,059,3164182,242713,239169,9906,249075,3406
2021-02-09,Placer,061,380077,19988,19008,1055,20063,220
2021-02-09,Plumas,063,18699,631,584,10,594,2
2021-02-09,Riverside,065,2383286,280933,273465,13200,286665,3334
2021-02-09,Sacramento,067,1510023,91252,89378,1166,90544,1265
2021-02-09,San Benito,069,59416,5609,5566,82,5648,54
2021-02-09,San Bernardino,071,2135413,282438,274998,8368,283366,2613
2021-02-09,San Diego,073,3302833,257147,248048,12354,260402,2853
2021-02-09,San Francisco,075,870044,33182,32782,981,33763,349
2021-02-09,San Joaquin,077,732212,65000,63341,2642,65983,937
2021-02-09,San Luis Obispo,079,281455,19027,18489,523,19012,216
2021-02-09,San Mateo,081,765935,38429,37227,384,37611,235
2021-02-09,Santa Barbara,083,443738,31012,30118,1055,31173,351
2021-02-09,Santa Clara,085,1922200,106881,105762,527,106289,1463
2021-02-09,Santa Cruz,087,273765,14984,13958,752,14710,162
2021-02-09,Shasta,089,179085,10653,10595,1150,11745,139
2021-02-09,Sierra,091,2930,49,44,12,56,0
2021-02-09,Siskiyou,093,43540,1403,1306,214,1520,4
2021-02-09,Solano,095,438530,29120,28769,336,29105,131
2021-02-09,Sonoma,097,501317,26990,26826,161,26987,267
2021-02-09,Stanislaus,099,539301,49021,47906,5112,53018,679
2021-02-09,Sutter,101,95872,8644,8541,78,8619,92
2021-02-09,Tehama,103,63373,4500,4416,482,4898,22
2021-02-09,Trinity,105,12862,452,266,70,336,3
2021-02-09,Tulare,107,460477,47080,45704,7462,53166,686
2021-02-09,Tuolumne,109,53932,3664,3673,32,3705,48
2021-02-09,Ventura,111,848112,75467,74333,2669,77002,567
2021-02-09,Yolo,113,214977,12482,12220,201,12421,174
2021-02-09,Yuba,115,75493,5337,5235,80,5315,35
2021-02-08,Alameda,001,1643700,78112,76735,1667,78402,924
2021-02-08,Alpine,003,1148,77,73,0,73,0
2021-02-08,Amador,005,37829,3386,3344,28,3372,33
2021-02-08,Butte,007,227075,11022,10524,1559,12083,152
2021-02-08,Calaveras,009,45235,1861,1840,12,1852,21
2021-02-08,Colusa,011,21464,1826,1802,237,2039,10
2021-02-08,Contra Costa,013,1133247,60736,59039,1029,60068,567
2021-02-08,Del Norte,015,27424,925,885,4,889,2
2021-02-08,El Dorado,017,186661,8846,8627,577,9204,86
2021-02-08,Fresno,019,978130,93668,91430,7350,98780,1207
2021-02-08,Glenn,021,27897,2197,2148,476,2624,14
2021-02-08,Humboldt,023,135768,2970,2902,19,2921,29
2021-02-08,Imperial,025,180216,26940,26526,2463,28989,567
2021-02-08,Inyo,027,18085,1173,1126,8,1134,30
2021-02-08,Kern,029,883053,90955,88380,9173,97553,920
2021-02-08,Kings,031,150075,21743,21232,927,22159,195
2021-02-08,Lake,033,64148,3027,2949,1,2950,36
2021-02-08,Lassen,035,31185,5035,4976,89,5065,1
2021-02-08,Los Angeles,037,10098052,1150811,1120179,38196,1158375,17977
2021-02-08,Madera,039,155013,15175,14887,760,15647,93
2021-02-08,Marin,041,260295,12781,12591,151,12742,194
2021-02-08,Mariposa,043,17540,368,355,4,359,4
2021-02-08,Mendocino,045,87422,3518,3355,68,3423,38
2021-02-08,Merced,047,269075,27327,27082,830,27912,346
2021-02-08,Modoc,049,8938,331,318,111,429,3
2021-02-08,Mono,051,14174,1158,1165,16,1181,3
2021-02-08,Monterey,053,433212,40955,40186,1565,41751,283
2021-02-08,Napa,055,140530,8787,8719,33,8752,55
2021-02-08,Nevada,057,99092,3805,3671,149,3820,44
2021-02-08,Orange,059,3164182,242244,238715,9882,248597,3361
2021-02-08,Placer,061,380077,19946,18944,1049,19993,211
2021-02-08,Plumas,063,18699,630,584,10,594,2
2021-02-08,Riverside,065,2383286,280364,272904,13174,286078,3301
2021-02-08,Sacramento,067,1510023,90966,89267,1163,90430,1247
2021-02-08,San Benito,069,59416,5604,5553,81,5634,52
2021-02-08,San Bernardino,071,2135413,282034,274661,8362,283023,2587
2021-02-08,San Diego,073,3302833,256405,247259,12313,259572,2821
2021-02-08,San Francisco,075,870044,33088,32679,973,33652,348
2021-02-08,San Joaquin,077,732212,64839,63148,2632,65780,929
2021-02-08,San Luis Obispo,079,281455,18970,18421,518,18939,214
2021-02-08,San Mateo,081,765935,38320,37084,384,37468,232
2021-02-08,Santa Barbara,083,443738,30897,29978,1048,31026,340
2021-02-08,Santa Clara,085,1922200,106556,105413,519,105932,1456
2021-02-08,Santa Cruz,087,273765,14945,13921,746,14667,161
2021-02-08,Shasta,089,179085,10627,10574,1144,11718,137
2021-02-08,Sierra,091,2930,49,44,12,56,0
2021-02-08,Siskiyou,093,43540,1400,1303,214,1517,4
2021-02-08,Solano,095,438530,29056,28644,334,28978,130
2021-02-08,Sonoma,097,501317,26899,26760,160,26920,259
2021-02-08,Stanislaus,099,539301,48867,47704,5084,52788,679
2021-02-08,Sutter,101,95872,8625,8526,78,8604,92
2021-02-08,Tehama,103,63373,4485,4403,480,4883,22
2021-02-08,Trinity,105,12862,450,266,70,336,3
2021-02-08,Tulare,107,460477,46972,45617,7422,53039,673
2021-02-08,Tuolumne,109,53932,3656,3647,32,3679,48
2021-02-08,Ventura,111,848112,75210,74068,2663,76731,565
2021-02-08,Yolo,113,214977,12450,12169,200,12369,162
2021-02-08,Yuba,115,75493,5321,5215,80,5295,35
2021-02-07,Alameda,001,1643700,77810,76500,1659,78159,924
2021-02-07,Alpine,003,1148,74,72,0,72,0
2021-02-07,Amador,005,37829,3365,3343,28,3371,33
2021-02-07,Butte,007,227075,10989,10513,1549,12062,152
2021-02-07,Calaveras,009,45235,1857,1837,12,1849,21
2021-02-07,Colusa,011,21464,1815,1795,235,2030,10
2021-02-07,Contra Costa,013,1133247,60496,58836,1024,59860,566
2021-02-07,Del Norte,015,27424,921,881,4,885,2
2021-02-07,El Dorado,017,186661,8817,8596,575,9171,86
2021-02-07,Fresno,019,978130,93438,91184,7311,98495,1207
2021-02-07,Glenn,021,27897,2193,2141,471,2612,14
2021-02-07,Humboldt,023,135768,2949,2895,19,2914,28
2021-02-07,Imperial,025,180216,26911,26518,2457,28975,567
2021-02-07,Inyo,027,18085,1162,1124,8,1132,27
2021-02-07,Kern,029,883053,90710,88146,9116,97262,920
2021-02-07,Kings,031,150075,21682,21180,924,22104,192
2021-02-07,Lake,033,64148,3011,2940,1,2941,36
2021-02-07,Lassen,035,31185,5024,4973,89,5062,1
2021-02-07,Los Angeles,037,10098052,1148055,1117551,38065,1155616,17889
2021-02-07,Madera,039,155013,15141,14850,756,15606,93
2021-02-07,Marin,041,260295,12747,12571,149,12720,194
2021-02-07,Mariposa,043,17540,367,355,4,359,4
2021-02-07,Mendocino,045,87422,3501,3348,68,3416,38
2021-02-07,Merced,047,269075,27215,26977,818,27795,346
2021-02-07,Modoc,049,8938,331,317,107,424,3
2021-02-07,Mono,051,14174,1155,1165,16,1181,3
2021-02-07,Monterey,053,433212,40820,40113,1545,41658,283
2021-02-07,Napa,055,140530,8764,8701,33,8734,55
2021-02-07,Nevada,057,99092,3794,3643,149,3792,44
2021-02-07,Orange,059,3164182,241646,238155,9850,248005,3336
2021-02-07,Placer,061,380077,19899,18903,1036,19939,211
2021-02-07,Plumas,063,18699,630,584,10,594,2
2021-02-07,Riverside,065,2383286,279836,272301,13153,285454,3267
2021-02-07,Sacramento,067,1510023,90634,88919,1156,90075,1246
2021-02-07,San Benito,069,59416,5585,5548,80,5628,52
2021-02-07,San Bernardino,071,2135413,281451,274316,8337,282653,2587
2021-02-07,San Diego,073,3302833,255619,246561,12249,258810,2821
2021-02-07,San Francisco,075,870044,32968,32609,961,33570,348
2021-02-07,San Joaquin,077,732212,64565,63051,2617,65668,929
2021-02-07,San Luis Obispo,079,281455,18898,18349,511,18860,214
2021-02-07,San Mateo,081,765935,38186,36984,382,37366,232
2021-02-07,Santa Barbara,083,443738,30757,29815,1037,30852,340
2021-02-07,Santa Clara,085,1922200,106216,105118,509,105627,1450
2021-02-07,Santa Cruz,087,273765,14891,13887,741,14628,161
2021-02-07,Shasta,089,179085,10607,10570,1136,11706,137
2021-02-07,Sierra,091,2930,49,43,12,55,0
2021-02-07,Siskiyou,093,43540,1393,1295,212,1507,4
2021-02-07,Solano,095,438530,28946,28567,333,28900,130
2021-02-07,Sonoma,097,501317,26792,26684,156,26840,257
2021-02-07,Stanislaus,099,539301,48677,47551,5052,52603,679
2021-02-07,Sutter,101,95872,8597,8515,78,8593,92
2021-02-07,Tehama,103,63373,4471,4396,478,4874,22
2021-02-07,Trinity,105,12862,447,264,68,332,3
2021-02-07,Tulare,107,460477,46850,45520,7344,52864,671
2021-02-07,Tuolumne,109,53932,3632,3619,31,3650,48
2021-02-07,Ventura,111,848112,74901,73759,2651,76410,561
2021-02-07,Yolo,113,214977,12405,12135,200,12335,162
2021-02-07,Yuba,115,75493,5306,5198,78,5276,35
2021-02-06,Alameda,001,1643700,77656,76170,1648,77818,922
2021-02-06,Alpine,003,1148,74,72,0,72,0
2021-02-06,Amador,005,37829,3359,3306,28,3334,33
2021-02-06,Butte,007,227075,10972,10480,1545,12025,150
2021-02-06,Calaveras,009,45235,1855,1832,12,1844,21
2021-02-06,Colusa,011,21464,1813,1791,234,2025,10
2021-02-06,Contra Costa,013,1133247,60349,58567,1018,59585,566
2021-02-06,Del Norte,015,27424,917,879,4,883,2
2021-02-06,El Dorado,017,186661,8810,8575,571,9146,86
2021-02-06,Fresno,019,978130,93325,90944,7291,98235,1207
2021-02-06,Glenn,021,27897,2191,2136,470,2606,14
2021-02-06,Humboldt,023,135768,2938,2880,19,2899,28
2021-02-06,Imperial,025,180216,26901,26514,2456,28970,567
2021-02-06,Inyo,027,18085,1159,1113,8,1121,27
2021-02-06,Kern,029,883053,90558,87919,9070,96989,912
2021-02-06,Kings,031,150075,21652,21156,924,22080,190
2021-02-06,Lake,033,64148,3006,2920,1,2921,34
2021-02-06,Lassen,035,31185,5020,4964,88,5052,1
2021-02-06,Los Angeles,037,10098052,1146701,1114718,37967,1152685,17793
2021-02-06,Madera,039,155013,15120,14807,754,15561,93
2021-02-06,Marin,041,260295,12727,12531,149,12680,194
2021-02-06,Mariposa,043,17540,366,355,3,358,4
2021-02-06,Mendocino,045,87422,3483,3316,67,3383,38
2021-02-06,Merced,047,269075,27129,26881,810,27691,346
2021-02-06,Modoc,049,8938,331,313,107,420,3
2021-02-06,Mono,051,14174,1154,1159,16,1175,3
2021-02-06,Monterey,053,433212,40763,39995,1537,41532,282
2021-02-06,Napa,055,140530,8751,8639,33,8672,55
2021-02-06,Nevada,057,99092,3782,3624,149,3773,43
2021-02-06,Orange,059,3164182,241282,237391,9816,247207,3293
2021-02-06,Placer,061,380077,19862,18836,1033,19869,211
2021-02-06,Plumas,063,18699,630,584,10,594,2
2021-02-06,Riverside,065,2383286,279469,271741,13134,284875,3243
2021-02-06,Sacramento,067,1510023,90417,88532,1146,89678,1237
2021-02-06,San Benito,069,59416,5567,5516,80,5596,52
2021-02-06,San Bernardino,071,2135413,281145,273718,8314,282032,2564
2021-02-06,San Diego,073,3302833,255123,245331,12214,257545,2812
2021-02-06,San Francisco,075,870044,32894,32437,951,33388,346
2021-02-06,San Joaquin,077,732212,64486,62840,2606,65446,906
2021-02-06,San Luis Obispo,079,281455,18856,18284,507,18791,214
2021-02-06,San Mateo,081,765935,38118,36824,379,37203,232
2021-02-06,Santa Barbara,083,443738,30681,29645,1035,30680,337
2021-02-06,Santa Clara,085,1922200,105995,104639,504,105143,1439
2021-02-06,Santa Cruz,087,273765,14860,13845,737,14582,161
2021-02-06,Shasta,089,179085,10596,10561,1134,11695,137
2021-02-06,Sierra,091,2930,49,43,12,55,0
2021-02-06,Siskiyou,093,43540,1390,1289,211,1500,4
2021-02-06,Solano,095,438530,28910,28446,332,28778,129
2021-02-06,Sonoma,097,501317,26755,26564,154,26718,257
2021-02-06,Stanislaus,099,539301,48579,47325,5036,52361,679
2021-02-06,Sutter,101,95872,8589,8485,78,8563,92
2021-02-06,Tehama,103,63373,4464,4380,476,4856,22
2021-02-06,Trinity,105,12862,447,263,68,331,3
2021-02-06,Tulare,107,460477,46782,45349,7297,52646,664
2021-02-06,Tuolumne,109,53932,3625,3612,31,3643,48
2021-02-06,Ventura,111,848112,74721,73431,2645,76076,552
2021-02-06,Yolo,113,214977,12382,12061,200,12261,161
2021-02-06,Yuba,115,75493,5296,5177,77,5254,35
2021-02-05,Alameda,001,1643700,77430,75716,1646,77362,916
2021-02-05,Alpine,003,1148,74,72,0,72,0
2021-02-05,Amador,005,37829,3354,3299,27,3326,33
2021-02-05,Butte,007,227075,10954,10421,1539,11960,150
2021-02-05,Calaveras,009,45235,1851,1818,12,1830,21
2021-02-05,Colusa,011,21464,1809,1785,234,2019,10
2021-02-05,Contra Costa,013,1133247,60188,58195,1016,59211,560
2021-02-05,Del Norte,015,27424,916,874,4,878,2
2021-02-05,El Dorado,017,186661,8790,8527,569,9096,86
2021-02-05,Fresno,019,978130,93123,90513,7270,97783,1194
2021-02-05,Glenn,021,27897,2188,2122,464,2586,14
2021-02-05,Humboldt,023,135768,2928,2857,19,2876,28
2021-02-05,Imperial,025,180216,26882,26474,2456,28930,557
2021-02-05,Inyo,027,18085,1155,1104,8,1112,27
2021-02-05,Kern,029,883053,90389,87470,9003,96473,906
2021-02-05,Kings,031,150075,21614,21021,921,21942,190
2021-02-05,Lake,033,64148,2994,2906,1,2907,33
2021-02-05,Lassen,035,31185,5016,4936,88,5024,1
2021-02-05,Los Angeles,037,10098052,1144604,1110384,37832,1148216,17608
2021-02-05,Madera,039,155013,15086,14752,749,15501,95
2021-02-05,Marin,041,260295,12692,12479,149,12628,193
2021-02-05,Mariposa,043,17540,366,352,3,355,4
2021-02-05,Mendocino,045,87422,3469,3272,67,3339,38
2021-02-05,Merced,047,269075,27069,26760,809,27569,345
2021-02-05,Modoc,049,8938,331,312,107,419,3
2021-02-05,Mono,051,14174,1153,1157,16,1173,3
2021-02-05,Monterey,053,433212,40696,39840,1526,41366,281
2021-02-05,Napa,055,140530,8737,8598,33,8631,55
2021-02-05,Nevada,057,99092,3779,3607,149,3756,43
2021-02-05,Orange,059,3164182,240855,236335,9789,246124,3260
2021-02-05,Placer,061,380077,19826,18756,1031,19787,211
2021-02-05,Plumas,063,18699,628,578,10,588,2
2021-02-05,Riverside,065,2383286,279055,270666,13115,283781,3235
2021-02-05,Sacramento,067,1510023,90237,87992,1139,89131,1231
2021-02-05,San Benito,069,59416,5556,5502,80,5582,51
2021-02-05,San Bernardino,071,2135413,280807,272938,8296,281234,2495
2021-02-05,San Diego,073,3302833,254547,244066,12179,256245,2777
2021-02-05,San Francisco,075,870044,32804,32229,940,33169,337
2021-02-05,San Joaquin,077,732212,64336,62565,2598,65163,902
2021-02-05,San Luis Obispo,079,281455,18795,18152,503,18655,213
2021-02-05,San Mateo,081,765935,38034,36582,378,36960,227
2021-02-05,Santa Barbara,083,443738,30584,29455,1022,30477,334
2021-02-05,Santa Clara,085,1922200,105747,104112,502,104614,1421
2021-02-05,Santa Cruz,087,273765,14839,13776,735,14511,161
2021-02-05,Shasta,089,179085,10580,10507,1127,11634,136
2021-02-05,Sierra,091,2930,49,42,12,54,0
2021-02-05,Siskiyou,093,43540,1383,1276,209,1485,4
2021-02-05,Solano,095,438530,28860,28283,332,28615,127
2021-02-05,Sonoma,097,501317,26686,26423,151,26574,252
2021-02-05,Stanislaus,099,539301,48437,47024,5018,52042,678
2021-02-05,Sutter,101,95872,8569,8443,78,8521,92
2021-02-05,Tehama,103,63373,4456,4355,476,4831,22
2021-02-05,Trinity,105,12862,446,260,68,328,3
2021-02-05,Tulare,107,460477,46706,45138,7247,52385,663
2021-02-05,Tuolumne,109,53932,3599,3595,31,3626,45
2021-02-05,Ventura,111,848112,74476,72953,2633,75586,546
2021-02-05,Yolo,113,214977,12363,12025,195,12220,162
2021-02-05,Yuba,115,75493,5279,5145,77,5222,35
2021-02-04,Alameda,001,1643700,77145,75422,1640,77062,899
2021-02-04,Alpine,003,1148,73,72,0,72,0
2021-02-04,Amador,005,37829,3351,3288,27,3315,33
2021-02-04,Butte,007,227075,10921,10386,1531,11917,147
2021-02-04,Calaveras,009,45235,1849,1808,12,1820,21
2021-02-04,Colusa,011,21464,1805,1777,232,2009,10
2021-02-04,Contra Costa,013,1133247,59999,57991,1012,59003,550
2021-02-04,Del Norte,015,27424,910,870,4,874,2
2021-02-04,El Dorado,017,186661,8764,8490,566,9056,86
2021-02-04,Fresno,019,978130,92908,90126,7243,97369,1114
2021-02-04,Glenn,021,27897,2183,2102,463,2565,14
2021-02-04,Humboldt,023,135768,2918,2827,19,2846,28
2021-02-04,Imperial,025,180216,26835,26411,2454,28865,556
2021-02-04,Inyo,027,18085,1143,1084,8,1092,27
2021-02-04,Kern,029,883053,90116,87156,8925,96081,898
2021-02-04,Kings,031,150075,21563,20918,914,21832,187
2021-02-04,Lake,033,64148,2982,2882,1,2883,34
2021-02-04,Lassen,035,31185,5013,4927,88,5015,1
2021-02-04,Los Angeles,037,10098052,1141806,1106323,37705,1144028,17396
2021-02-04,Madera,039,155013,15056,14706,746,15452,95
2021-02-04,Marin,041,260295,12656,12431,149,12580,192
2021-02-04,Mariposa,043,17540,366,348,3,351,4
2021-02-04,Mendocino,045,87422,3451,3240,65,3305,38
2021-02-04,Merced,047,269075,26976,26629,806,27435,345
2021-02-04,Modoc,049,8938,331,309,107,416,3
2021-02-04,Mono,051,14174,1151,1153,16,1169,3
2021-02-04,Monterey,053,433212,40584,39619,1509,41128,279
2021-02-04,Napa,055,140530,8708,8573,33,8606,55
2021-02-04,Nevada,057,99092,3759,3590,148,3738,37
2021-02-04,Orange,059,3164182,240213,235677,9747,245424,3238
2021-02-04,Placer,061,380077,19766,18711,1022,19733,210
2021-02-04,Plumas,063,18699,625,562,10,572,2
2021-02-04,Riverside,065,2383286,278293,269851,13076,282927,3230
2021-02-04,Sacramento,067,1510023,89937,87658,1129,88787,1222
2021-02-04,San Benito,069,59416,5542,5488,79,5567,51
2021-02-04,San Bernardino,071,2135413,280257,272223,8276,280499,2409
2021-02-04,San Diego,073,3302833,253759,242613,12113,254726,2738
2021-02-04,San Francisco,075,870044,32690,32116,931,33047,326
2021-02-04,San Joaquin,077,732212,64111,62374,2590,64964,883
2021-02-04,San Luis Obispo,079,281455,18728,18058,501,18559,211
2021-02-04,San Mateo,081,765935,37914,36437,375,36812,226
2021-02-04,Santa Barbara,083,443738,30449,29344,1005,30349,322
2021-02-04,Santa Clara,085,1922200,105400,103781,499,104280,1404
2021-02-04,Santa Cruz,087,273765,14806,13713,727,14440,156
2021-02-04,Shasta,089,179085,10554,10466,1122,11588,131
2021-02-04,Sierra,091,2930,49,42,12,54,0
2021-02-04,Siskiyou,093,43540,1374,1273,209,1482,4
2021-02-04,Solano,095,438530,28757,28192,331,28523,120
2021-02-04,Sonoma,097,501317,26604,26276,147,26423,249
2021-02-04,Stanislaus,099,539301,48274,46822,4999,51821,678
2021-02-04,Sutter,101,95872,8549,8401,78,8479,92
2021-02-04,Tehama,103,63373,4440,4327,476,4803,21
2021-02-04,Trinity,105,12862,445,260,67,327,3
2021-02-04,Tulare,107,460477,46579,44983,7185,52168,656
2021-02-04,Tuolumne,109,53932,3559,3585,31,3616,45
2021-02-04,Ventura,111,848112,74144,72595,2620,75215,537
2021-02-04,Yolo,113,214977,12329,11982,194,12176,161
2021-02-04,Yuba,115,75493,5253,5135,77,5212,34
2021-02-03,Alameda,001,1643700,76817,74968,1636,76604,880
2021-02-03,Alpine,003,1148,73,72,0,72,0
2021-02-03,Amador,005,37829,3347,3281,27,3308,33
2021-02-03,Butte,007,227075,10885,10355,1524,11879,144
2021-02-03,Calaveras,009,45235,1834,1799,11,1810,21
2021-02-03,Colusa,011,21464,1800,1773,231,2004,10
2021-02-03,Contra Costa,013,1133247,59760,57762,1000,58762,537
2021-02-03,Del Norte,015,27424,905,869,4,873,2
2021-02-03,El Dorado,017,186661,8744,8428,565,8993,86
2021-02-03,Fresno,019,978130,92687,89748,7204,96952,1015
2021-02-03,Glenn,021,27897,2173,2098,462,2560,14
2021-02-03,Humboldt,023,135768,2908,2800,19,2819,27
2021-02-03,Imperial,025,180216,26801,26363,2448,28811,547
2021-02-03,Inyo,027,18085,1133,1071,8,1079,27
2021-02-03,Kern,029,883053,89874,86771,8884,95655,877
2021-02-03,Kings,031,150075,21502,20831,912,21743,172
2021-02-03,Lake,033,64148,2965,2869,1,2870,33
2021-02-03,Lassen,035,31185,5001,4910,88,4998,1
2021-02-03,Los Angeles,037,10098052,1138727,1101890,37578,1139468,17163
2021-02-03,Madera,039,155013,15017,14605,744,15349,94
2021-02-03,Marin,041,260295,12622,12406,149,12555,190
2021-02-03,Mariposa,043,17540,365,347,3,350,4
2021-02-03,Mendocino,045,87422,3425,3236,64,3300,38
2021-02-03,Merced,047,269075,26861,26520,801,27321,343
2021-02-03,Modoc,049,8938,330,308,107,415,3
2021-02-03,Mono,051,14174,1144,1146,16,1162,3
2021-02-03,Monterey,053,433212,40457,39500,1491,40991,279
2021-02-03,Napa,055,140530,8673,8534,33,8567,54
2021-02-03,Nevada,057,99092,3745,3572,148,3720,35
2021-02-03,Orange,059,3164182,239471,234738,9715,244453,3189
2021-02-03,Placer,061,380077,19711,18646,1020,19666,210
2021-02-03,Plumas,063,18699,625,559,10,569,2
2021-02-03,Riverside,065,2383286,277554,269019,13045,282064,3195
2021-02-03,Sacramento,067,1510023,89614,87415,1125,88540,1212
2021-02-03,San Benito,069,59416,5524,5463,76,5539,51
2021-02-03,San Bernardino,071,2135413,279775,271477,8253,279730,2308
2021-02-03,San Diego,073,3302833,252858,241015,12066,253081,2683
2021-02-03,San Francisco,075,870044,32560,31983,926,32909,325
2021-02-03,San Joaquin,077,732212,63883,61976,2580,64556,880
2021-02-03,San Luis Obispo,079,281455,18650,17922,498,18420,206
2021-02-03,San Mateo,081,765935,37776,36227,371,36598,225
2021-02-03,Santa Barbara,083,443738,30300,29121,995,30116,315
2021-02-03,Santa Clara,085,1922200,105082,103278,497,103775,1364
2021-02-03,Santa Cruz,087,273765,14751,13611,721,14332,154
2021-02-03,Shasta,089,179085,10511,10422,1117,11539,130
2021-02-03,Sierra,091,2930,49,42,12,54,0
2021-02-03,Siskiyou,093,43540,1363,1268,208,1476,4
2021-02-03,Solano,095,438530,28635,28057,331,28388,119
2021-02-03,Sonoma,097,501317,26520,26155,146,26301,248
2021-02-03,Stanislaus,099,539301,48098,46598,4980,51578,662
2021-02-03,Sutter,101,95872,8524,8379,78,8457,90
2021-02-03,Tehama,103,63373,4418,4309,473,4782,21
2021-02-03,Trinity,105,12862,445,260,66,326,3
2021-02-03,Tulare,107,460477,46408,44838,7129,51967,640
2021-02-03,Tuolumne,109,53932,3548,3568,31,3599,45
2021-02-03,Ventura,111,848112,73808,72124,2609,74733,526
2021-02-03,Yolo,113,214977,12305,11933,193,12126,161
2021-02-03,Yuba,115,75493,5235,5124,77,5201,34
2021-02-02,Alameda,001,1643700,76473,74642,1624,76266,869
2021-02-02,Alpine,003,1148,73,72,0,72,0
2021-02-02,Amador,005,37829,3316,3275,27,3302,33
2021-02-02,Butte,007,227075,10858,10307,1516,11823,141
2021-02-02,Calaveras,009,45235,1825,1786,11,1797,21
2021-02-02,Colusa,011,21464,1792,1769,226,1995,9
2021-02-02,Contra Costa,013,1133247,59480,57551,996,58547,536
2021-02-02,Del Norte,015,27424,899,868,4,872,2
2021-02-02,El Dorado,017,186661,8704,8405,565,8970,84
2021-02-02,Fresno,019,978130,92386,89542,7168,96710,1009
2021-02-02,Glenn,021,27897,2161,2090,459,2549,14
2021-02-02,Humboldt,023,135768,2896,2784,19,2803,25
2021-02-02,Imperial,025,180216,26749,26317,2442,28759,535
2021-02-02,Inyo,027,18085,1130,1074,8,1082,27
2021-02-02,Kern,029,883053,89572,86485,8808,95293,867
2021-02-02,Kings,031,150075,21424,20785,904,21689,172
2021-02-02,Lake,033,64148,2945,2857,1,2858,33
2021-02-02,Lassen,035,31185,4994,4908,88,4996,1
2021-02-02,Los Angeles,037,10098052,1135344,1097573,37413,1134986,16913
2021-02-02,Madera,039,155013,14966,14595,739,15334,94
2021-02-02,Marin,041,260295,12593,12367,149,12516,189
2021-02-02,Mariposa,043,17540,362,345,3,348,4
2021-02-02,Mendocino,045,87422,3392,3210,64,3274,38
2021-02-02,Merced,047,269075,26764,26427,794,27221,340
2021-02-02,Modoc,049,8938,325,306,107,413,3
2021-02-02,Mono,051,14174,1142,1147,16,1163,3
2021-02-02,Monterey,053,433212,40321,39371,1477,40848,278
2021-02-02,Napa,055,140530,8644,8505,33,8538,53
2021-02-02,Nevada,057,99092,3730,3548,148,3696,20
2021-02-02,Orange,059,3164182,238669,233783,9680,243463,3152
2021-02-02,Placer,061,380077,19653,18615,1016,19631,205
2021-02-02,Plumas,063,18699,625,560,10,570,2
2021-02-02,Riverside,065,2383286,276692,267901,13011,280912,3169
2021-02-02,Sacramento,067,1510023,89324,87107,1114,88221,1202
2021-02-02,San Benito,069,59416,5510,5444,75,5519,50
2021-02-02,San Bernardino,071,2135413,279098,270486,8223,278709,2244
2021-02-02,San Diego,073,3302833,251819,240047,11979,252026,2629
2021-02-02,San Francisco,075,870044,32406,31788,916,32704,324
2021-02-02,San Joaquin,077,732212,63664,61708,2566,64274,878
2021-02-02,San Luis Obispo,079,281455,18556,17811,496,18307,201
2021-02-02,San Mateo,081,765935,37612,36004,365,36369,225
2021-02-02,Santa Barbara,083,443738,30129,28951,988,29939,304
2021-02-02,Santa Clara,085,1922200,104618,102872,492,103364,1349
2021-02-02,Santa Cruz,087,273765,14692,13572,717,14289,150
2021-02-02,Shasta,089,179085,10485,10371,1107,11478,128
2021-02-02,Sierra,091,2930,49,42,12,54,0
2021-02-02,Siskiyou,093,43540,1356,1252,205,1457,4
2021-02-02,Solano,095,438530,28539,27963,327,28290,118
2021-02-02,Sonoma,097,501317,26404,26054,146,26200,247
2021-02-02,Stanislaus,099,539301,47878,46306,4948,51254,641
2021-02-02,Sutter,101,95872,8501,8340,78,8418,89
2021-02-02,Tehama,103,63373,4405,4289,472,4761,21
2021-02-02,Trinity,105,12862,445,260,66,326,3
2021-02-02,Tulare,107,460477,46252,44720,7063,51783,625
2021-02-02,Tuolumne,109,53932,3536,3548,31,3579,39
2021-02-02,Ventura,111,848112,73390,71557,2599,74156,514
2021-02-02,Yolo,113,214977,12259,11886,186,12072,158
2021-02-02,Yuba,115,75493,5217,5111,77,5188,34
2021-02-01,Alameda,001,1643700,76118,74374,1619,75993,858
2021-02-01,Alpine,003,1148,73,72,0,72,0
2021-02-01,Amador,005,37829,3305,3234,27,3261,32
2021-02-01,Butte,007,227075,10816,10263,1512,11775,141
2021-02-01,Calaveras,009,45235,1818,1785,11,1796,21
2021-02-01,Colusa,011,21464,1787,1763,217,1980,9
2021-02-01,Contra Costa,013,1133247,59235,57324,995,58319,531
2021-02-01,Del Norte,015,27424,896,865,4,869,2
2021-02-01,El Dorado,017,186661,8665,8337,565,8902,83
2021-02-01,Fresno,019,978130,92054,89272,7133,96405,994
2021-02-01,Glenn,021,27897,2145,2086,451,2537,14
2021-02-01,Humboldt,023,135768,2874,2773,18,2791,25
2021-02-01,Imperial,025,180216,26706,26224,2440,28664,530
2021-02-01,Inyo,027,18085,1120,1072,8,1080,27
2021-02-01,Kern,029,883053,89175,86170,8739,94909,862
2021-02-01,Kings,031,150075,21333,20746,896,21642,172
2021-02-01,Lake,033,64148,2929,2843,1,2844,33
2021-02-01,Lassen,035,31185,4974,4907,88,4995,1
2021-02-01,Los Angeles,037,10098052,1131522,1094341,37243,1131584,16695
2021-02-01,Madera,039,155013,14931,14572,736,15308,94
2021-02-01,Marin,041,260295,12553,12341,148,12489,188
2021-02-01,Mariposa,043,17540,360,344,3,347,4
2021-02-01,Mendocino,045,87422,3359,3192,64,3256,37
2021-02-01,Merced,047,269075,26640,26282,785,27067,337
2021-02-01,Modoc,049,8938,319,303,103,406,1
2021-02-01,Mono,051,14174,1139,1145,16,1161,3
2021-02-01,Monterey,053,433212,40140,39196,1455,40651,278
2021-02-01,Napa,055,140530,8612,8449,33,8482,52
2021-02-01,Nevada,057,99092,3713,3535,147,3682,20
2021-02-01,Orange,059,3164182,237757,233155,9634,242789,3100
2021-02-01,Placer,061,380077,19587,18574,1009,19583,204
2021-02-01,Plumas,063,18699,623,554,10,564,2
2021-02-01,Riverside,065,2383286,275752,267025,12974,279999,3092
2021-02-01,Sacramento,067,1510023,88923,86856,1103,87959,1193
2021-02-01,San Benito,069,59416,5492,5432,75,5507,48
2021-02-01,San Bernardino,071,2135413,278404,270012,8183,278195,2172
2021-02-01,San Diego,073,3302833,250595,239121,11903,251024,2619
2021-02-01,San Francisco,075,870044,32272,31703,904,32607,324
2021-02-01,San Joaquin,077,732212,63458,61542,2555,64097,877
2021-02-01,San Luis Obispo,079,281455,18436,17690,489,18179,199
2021-02-01,San Mateo,081,765935,37463,35843,365,36208,220
2021-02-01,Santa Barbara,083,443738,29960,28837,980,29817,297
2021-02-01,Santa Clara,085,1922200,104203,102462,491,102953,1343
2021-02-01,Santa Cruz,087,273765,14639,13524,715,14239,149
2021-02-01,Shasta,089,179085,10460,10329,1101,11430,112
2021-02-01,Sierra,091,2930,49,42,12,54,0
2021-02-01,Siskiyou,093,43540,1349,1238,202,1440,4
2021-02-01,Solano,095,438530,28434,27844,326,28170,117
2021-02-01,Sonoma,097,501317,26316,26011,145,26156,243
2021-02-01,Stanislaus,099,539301,47619,46112,4920,51032,642
2021-02-01,Sutter,101,95872,8462,8313,78,8391,89
2021-02-01,Tehama,103,63373,4382,4263,472,4735,21
2021-02-01,Trinity,105,12862,443,260,66,326,3
2021-02-01,Tulare,107,460477,46107,44569,6982,51551,618
2021-02-01,Tuolumne,109,53932,3528,3534,31,3565,39
2021-02-01,Ventura,111,848112,72984,71104,2583,73687,502
2021-02-01,Yolo,113,214977,12213,11824,178,12002,151
2021-02-01,Yuba,115,75493,5203,5084,76,5160,33
2021-01-31,Alameda,001,1643700,75693,73979,1611,75590,857
2021-01-31,Alpine,003,1148,73,72,0,72,0
2021-01-31,Amador,005,37829,3295,3212,25,3237,32
2021-01-31,Butte,007,227075,10774,10215,1501,11716,140
2021-01-31,Calaveras,009,45235,1798,1778,11,1789,21
2021-01-31,Colusa,011,21464,1780,1754,212,1966,9
2021-01-31,Contra Costa,013,1133247,58904,57079,995,58074,531
2021-01-31,Del Norte,015,27424,894,865,4,869,2
2021-01-31,El Dorado,017,186661,8629,8317,563,8880,83
2021-01-31,Fresno,019,978130,91742,88852,7079,95931,994
2021-01-31,Glenn,021,27897,2134,2083,450,2533,14
2021-01-31,Humboldt,023,135768,2858,2767,18,2785,25
2021-01-31,Imperial,025,180216,26634,26206,2431,28637,530
2021-01-31,Inyo,027,18085,1107,1072,8,1080,27
2021-01-31,Kern,029,883053,88680,85872,8653,94525,861
2021-01-31,Kings,031,150075,21248,20709,884,21593,172
2021-01-31,Lake,033,64148,2908,2826,1,2827,33
2021-01-31,Lassen,035,31185,4958,4900,88,4988,1
2021-01-31,Los Angeles,037,10098052,1126898,1090304,37038,1127342,16609
2021-01-31,Madera,039,155013,14877,14496,728,15224,94
2021-01-31,Marin,041,260295,12506,12297,144,12441,185
2021-01-31,Mariposa,043,17540,358,344,3,347,4
2021-01-31,Mendocino,045,87422,3336,3181,63,3244,37
2021-01-31,Merced,047,269075,26496,26222,780,27002,337
2021-01-31,Modoc,049,8938,316,304,101,405,1
2021-01-31,Mono,051,14174,1136,1146,16,1162,3
2021-01-31,Monterey,053,433212,39959,39035,1428,40463,278
2021-01-31,Napa,055,140530,8570,8404,33,8437,52
2021-01-31,Nevada,057,99092,3691,3518,145,3663,20
2021-01-31,Orange,059,3164182,236739,232347,9593,241940,3053
2021-01-31,Placer,061,380077,19510,18506,998,19504,204
2021-01-31,Plumas,063,18699,622,554,10,564,2
2021-01-31,Riverside,065,2383286,274740,266145,12927,279072,3074
2021-01-31,Sacramento,067,1510023,88480,86560,1089,87649,1186
2021-01-31,San Benito,069,59416,5470,5425,73,5498,48
2021-01-31,San Bernardino,071,2135413,277375,269533,8152,277685,2156
2021-01-31,San Diego,073,3302833,249282,238039,11789,249828,2619
2021-01-31,San Francisco,075,870044,32081,31563,893,32456,323
2021-01-31,San Joaquin,077,732212,63056,61379,2545,63924,877
2021-01-31,San Luis Obispo,079,281455,18302,17615,484,18099,199
2021-01-31,San Mateo,081,765935,37273,35659,362,36021,219
2021-01-31,Santa Barbara,083,443738,29716,28570,971,29541,297
2021-01-31,Santa Clara,085,1922200,103655,101986,482,102468,1330
2021-01-31,Santa Cruz,087,273765,14544,13469,701,14170,149
2021-01-31,Shasta,089,179085,10415,10313,1092,11405,112
2021-01-31,Sierra,091,2930,48,43,12,55,0
2021-01-31,Siskiyou,093,43540,1339,1238,202,1440,4
2021-01-31,Solano,095,438530,28304,27678,326,28004,118
2021-01-31,Sonoma,097,501317,26213,25925,144,26069,243
2021-01-31,Stanislaus,099,539301,47333,45971,4884,50855,642
2021-01-31,Sutter,101,95872,8417,8289,78,8367,89
2021-01-31,Tehama,103,63373,4362,4256,471,4727,21
2021-01-31,Trinity,105,12862,441,260,66,326,3
2021-01-31,Tulare,107,460477,45939,44440,6901,51341,618
2021-01-31,Tuolumne,109,53932,3490,3519,31,3550,39
2021-01-31,Ventura,111,848112,72389,70635,2570,73205,502
2021-01-31,Yolo,113,214977,12152,11771,172,11943,151
2021-01-31,Yuba,115,75493,5183,5071,75,5146,33
2021-01-30,Alameda,001,1643700,75488,73622,1606,75228,850
2021-01-30,Alpine,003,1148,73,72,0,72,0
2021-01-30,Amador,005,37829,3291,3181,25,3206,32
2021-01-30,Butte,007,227075,10739,10177,1492,11669,139
2021-01-30,Calaveras,009,45235,1785,1763,11,1774,21
2021-01-30,Colusa,011,21464,1778,1748,212,1960,9
2021-01-30,Contra Costa,013,1133247,58720,56763,991,57754,531
2021-01-30,Del Norte,015,27424,893,865,4,869,2
2021-01-30,El Dorado,017,186661,8609,8299,562,8861,83
2021-01-30,Fresno,019,978130,91562,88476,7059,95535,964
2021-01-30,Glenn,021,27897,2131,2074,448,2522,14
2021-01-30,Humboldt,023,135768,2847,2742,18,2760,24
2021-01-30,Imperial,025,180216,26612,26160,2429,28589,530
2021-01-30,Inyo,027,18085,1103,1068,8,1076,27
2021-01-30,Kern,029,883053,88479,85572,8587,94159,848
2021-01-30,Kings,031,150075,21177,20605,879,21484,169
2021-01-30,Lake,033,64148,2902,2809,1,2810,33
2021-01-30,Lassen,035,31185,4954,4890,88,4978,1
2021-01-30,Los Angeles,037,10098052,1124499,1084763,36894,1121657,16484
2021-01-30,Madera,039,155013,14835,14443,723,15166,94
2021-01-30,Marin,041,260295,12478,12225,143,12368,185
2021-01-30,Mariposa,043,17540,356,344,3,347,4
2021-01-30,Mendocino,045,87422,3322,3153,62,3215,36
2021-01-30,Merced,047,269075,26422,26078,778,26856,335
2021-01-30,Modoc,049,8938,316,303,101,404,1
2021-01-30,Mono,051,14174,1136,1143,16,1159,3
2021-01-30,Monterey,053,433212,39899,38847,1425,40272,277
2021-01-30,Napa,055,140530,8554,8342,33,8375,52
2021-01-30,Nevada,057,99092,3672,3499,145,3644,20
2021-01-30,Orange,059,3164182,236195,231358,9556,240914,3013
2021-01-30,Placer,061,380077,19457,18430,992,19422,205
2021-01-30,Plumas,063,18699,620,554,10,564,2
2021-01-30,Riverside,065,2383286,274141,265137,12896,278033,3061
2021-01-30,Sacramento,067,1510023,88288,86388,1084,87472,1184
2021-01-30,San Benito,069,59416,5452,5401,72,5473,48
2021-01-30,San Bernardino,071,2135413,276955,268660,8133,276793,2122
2021-01-30,San Diego,073,3302833,248517,236765,11744,248509,2603
2021-01-30,San Francisco,075,870044,31980,31427,890,32317,316
2021-01-30,San Joaquin,077,732212,62924,61120,2536,63656,864
2021-01-30,San Luis Obispo,079,281455,18222,17522,482,18004,198
2021-01-30,San Mateo,081,765935,37134,35451,361,35812,219
2021-01-30,Santa Barbara,083,443738,29574,28342,969,29311,296
2021-01-30,Santa Clara,085,1922200,103309,101471,479,101950,1307
2021-01-30,Santa Cruz,087,273765,14504,13383,700,14083,149
2021-01-30,Shasta,089,179085,10396,10283,1089,11372,112
2021-01-30,Sierra,091,2930,48,43,12,55,0
2021-01-30,Siskiyou,093,43540,1336,1236,201,1437,4
2021-01-30,Solano,095,438530,28221,27511,324,27835,118
2021-01-30,Sonoma,097,501317,26165,25810,141,25951,243
2021-01-30,Stanislaus,099,539301,47204,45697,4860,50557,642
2021-01-30,Sutter,101,95872,8401,8226,78,8304,87
2021-01-30,Tehama,103,63373,4348,4229,470,4699,21
2021-01-30,Trinity,105,12862,441,259,66,325,3
2021-01-30,Tulare,107,460477,45803,44203,6864,51067,615
2021-01-30,Tuolumne,109,53932,3486,3508,31,3539,36
2021-01-30,Ventura,111,848112,72076,69931,2556,72487,493
2021-01-30,Yolo,113,214977,12138,11698,171,11869,151
2021-01-30,Yuba,115,75493,5173,5042,74,5116,33
2021-01-29,Alameda,001,1643700,75220,73210,1599,74809,841
2021-01-29,Alpine,003,1148,73,72,0,72,0
2021-01-29,Amador,005,37829,3279,3134,24,3158,32
2021-01-29,Butte,007,227075,10708,10122,1482,11604,138
2021-01-29,Calaveras,009,45235,1774,1757,11,1768,21
2021-01-29,Colusa,011,21464,1774,1734,211,1945,8
2021-01-29,Contra Costa,013,1133247,58548,56318,989,57307,529
2021-01-29,Del Norte,015,27424,892,865,4,869,2
2021-01-29,El Dorado,017,186661,8592,8231,561,8792,83
2021-01-29,Fresno,019,978130,91347,87936,7021,94957,962
2021-01-29,Glenn,021,27897,2126,2061,447,2508,14
2021-01-29,Humboldt,023,135768,2834,2707,18,2725,24
2021-01-29,Imperial,025,180216,26597,26045,2426,28471,521
2021-01-29,Inyo,027,18085,1091,1048,8,1056,27
2021-01-29,Kern,029,883053,88252,85044,8535,93579,836
2021-01-29,Kings,031,150075,21138,20466,874,21340,169
2021-01-29,Lake,033,64148,2893,2792,1,2793,32
2021-01-29,Lassen,035,31185,4951,4874,88,4962,1
2021-01-29,Los Angeles,037,10098052,1121010,1078329,36740,1115069,16190
2021-01-29,Madera,039,155013,14784,14377,723,15100,94
2021-01-29,Marin,041,260295,12435,12145,142,12287,185
2021-01-29,Mariposa,043,17540,355,342,3,345,4
2021-01-29,Mendocino,045,87422,3313,3131,61,3192,36
2021-01-29,Merced,047,269075,26348,25865,773,26638,334
2021-01-29,Modoc,049,8938,315,297,101,398,1
2021-01-29,Mono,051,14174,1134,1139,16,1155,3
2021-01-29,Monterey,053,433212,39780,38539,1417,39956,277
2021-01-29,Napa,055,140530,8523,8276,33,8309,52
2021-01-29,Nevada,057,99092,3663,3487,144,3631,20
2021-01-29,Orange,059,3164182,235517,229917,9518,239435,2967
2021-01-29,Placer,061,380077,19404,18367,988,19355,203
2021-01-29,Plumas,063,18699,619,548,10,558,2
2021-01-29,Riverside,065,2383286,273340,263504,12863,276367,3008
2021-01-29,Sacramento,067,1510023,88033,86320,1080,87400,1169
2021-01-29,San Benito,069,59416,5444,5386,72,5458,48
2021-01-29,San Bernardino,071,2135413,276438,267490,8093,275583,2095
2021-01-29,San Diego,073,3302833,247575,234637,11666,246303,2571
2021-01-29,San Francisco,075,870044,31841,31294,882,32176,307
2021-01-29,San Joaquin,077,732212,62779,60899,2521,63420,858
2021-01-29,San Luis Obispo,079,281455,18162,17440,477,17917,193
2021-01-29,San Mateo,081,765935,37000,35223,358,35581,218
2021-01-29,Santa Barbara,083,443738,29440,28105,963,29068,291
2021-01-29,Santa Clara,085,1922200,102946,101010,477,101487,1273
2021-01-29,Santa Cruz,087,273765,14451,13311,697,14008,148
2021-01-29,Shasta,089,179085,10379,10220,1085,11305,112
2021-01-29,Sierra,091,2930,48,43,12,55,0
2021-01-29,Siskiyou,093,43540,1335,1227,201,1428,4
2021-01-29,Solano,095,438530,28136,27352,322,27674,116
2021-01-29,Sonoma,097,501317,26109,25710,140,25850,243
2021-01-29,Stanislaus,099,539301,47061,45466,4840,50306,642
2021-01-29,Sutter,101,95872,8382,8181,78,8259,87
2021-01-29,Tehama,103,63373,4335,4191,468,4659,20
2021-01-29,Trinity,105,12862,441,260,66,326,3
2021-01-29,Tulare,107,460477,45696,43925,6825,50750,606
2021-01-29,Tuolumne,109,53932,3476,3483,31,3514,36
2021-01-29,Ventura,111,848112,71652,69511,2542,72053,484
2021-01-29,Yolo,113,214977,12100,11612,170,11782,151
2021-01-29,Yuba,115,75493,5157,5018,74,5092,32
2021-01-28,Alameda,001,1643700,74794,72758,1591,74349,833
2021-01-28,Alpine,003,1148,73,72,0,72,0
2021-01-28,Amador,005,37829,3242,3124,24,3148,31
2021-01-28,Butte,007,227075,10668,10037,1471,11508,138
2021-01-28,Calaveras,009,45235,1761,1747,10,1757,21
2021-01-28,Colusa,011,21464,1767,1731,207,1938,8
2021-01-28,Contra Costa,013,1133247,58304,55999,979,56978,525
2021-01-28,Del Norte,015,27424,891,862,4,866,2
2021-01-28,El Dorado,017,186661,8578,8198,556,8754,79
2021-01-28,Fresno,019,978130,91059,87401,6972,94373,949
2021-01-28,Glenn,021,27897,2121,2043,440,2483,14
2021-01-28,Humboldt,023,135768,2817,2686,18,2704,24
2021-01-28,Imperial,025,180216,26552,25984,2419,28403,517
2021-01-28,Inyo,027,18085,1086,1039,8,1047,27
2021-01-28,Kern,029,883053,87921,84708,8451,93159,817
2021-01-28,Kings,031,150075,21078,20328,870,21198,167
2021-01-28,Lake,033,64148,2878,2772,1,2773,32
2021-01-28,Lassen,035,31185,4945,4865,88,4953,1
2021-01-28,Los Angeles,037,10098052,1117101,1072412,36551,1108963,15967
2021-01-28,Madera,039,155013,14728,14301,719,15020,94
2021-01-28,Marin,041,260295,12382,12079,141,12220,183
2021-01-28,Mariposa,043,17540,355,334,3,337,4
2021-01-28,Mendocino,045,87422,3296,3110,61,3171,36
2021-01-28,Merced,047,269075,26226,25620,761,26381,328
2021-01-28,Modoc,049,8938,314,297,101,398,0
2021-01-28,Mono,051,14174,1132,1131,16,1147,3
2021-01-28,Monterey,053,433212,39579,38312,1400,39712,274
2021-01-28,Napa,055,140530,8476,8233,33,8266,50
2021-01-28,Nevada,057,99092,3648,3452,143,3595,19
2021-01-28,Orange,059,3164182,234538,228636,9488,238124,2860
2021-01-28,Placer,061,380077,19343,18246,985,19231,198
2021-01-28,Plumas,063,18699,618,547,10,557,2
2021-01-28,Riverside,065,2383286,272561,262342,12815,275157,2981
2021-01-28,Sacramento,067,1510023,87671,85698,1069,86767,1149
2021-01-28,San Benito,069,59416,5426,5344,71,5415,47
2021-01-28,San Bernardino,071,2135413,275741,266456,8072,274528,2057
2021-01-28,San Diego,073,3302833,246423,232967,11577,244544,2534
2021-01-28,San Francisco,075,870044,31704,31193,866,32059,290
2021-01-28,San Joaquin,077,732212,62512,60627,2506,63133,854
2021-01-28,San Luis Obispo,079,281455,18062,17279,475,17754,189
2021-01-28,San Mateo,081,765935,36831,34931,342,35273,218
2021-01-28,Santa Barbara,083,443738,29216,27674,950,28624,284
2021-01-28,Santa Clara,085,1922200,102478,100470,475,100945,1219
2021-01-28,Santa Cruz,087,273765,14362,13188,691,13879,145
2021-01-28,Shasta,089,179085,10345,10176,1077,11253,110
2021-01-28,Sierra,091,2930,48,43,12,55,0
2021-01-28,Siskiyou,093,43540,1328,1218,199,1417,4
2021-01-28,Solano,095,438530,27976,27163,321,27484,114
2021-01-28,Sonoma,097,501317,26018,25564,140,25704,236
2021-01-28,Stanislaus,099,539301,46848,45162,4821,49983,640
2021-01-28,Sutter,101,95872,8334,8136,78,8214,85
2021-01-28,Tehama,103,63373,4315,4163,465,4628,20
2021-01-28,Trinity,105,12862,439,260,66,326,3
2021-01-28,Tulare,107,460477,45539,43742,6747,50489,595
2021-01-28,Tuolumne,109,53932,3462,3472,31,3503,32
2021-01-28,Ventura,111,848112,71139,68896,2525,71421,475
2021-01-28,Yolo,113,214977,12058,11500,165,11665,151
2021-01-28,Yuba,115,75493,5141,4994,73,5067,32
2021-01-27,Alameda,001,1643700,74370,72188,1583,73771,815
2021-01-27,Alpine,003,1148,73,72,0,72,0
2021-01-27,Amador,005,37829,3226,3116,24,3140,31
2021-01-27,Butte,007,227075,10629,9988,1459,11447,138
2021-01-27,Calaveras,009,45235,1752,1737,10,1747,21
2021-01-27,Colusa,011,21464,1761,1724,205,1929,8
2021-01-27,Contra Costa,013,1133247,58005,55578,976,56554,507
2021-01-27,Del Norte,015,27424,890,859,4,863,2
2021-01-27,El Dorado,017,186661,8552,8141,555,8696,76
2021-01-27,Fresno,019,978130,90768,86886,6930,93816,938
2021-01-27,Glenn,021,27897,2117,2042,439,2481,14
2021-01-27,Humboldt,023,135768,2795,2630,18,2648,24
2021-01-27,Imperial,025,180216,26498,25861,2404,28265,504
2021-01-27,Inyo,027,18085,1082,1023,8,1031,27
2021-01-27,Kern,029,883053,87608,84244,8381,92625,809
2021-01-27,Kings,031,150075,20972,20211,862,21073,167
2021-01-27,Lake,033,64148,2858,2750,1,2751,32
2021-01-27,Lassen,035,31185,4939,4851,88,4939,1
2021-01-27,Los Angeles,037,10098052,1112295,1066569,36339,1102908,15757
2021-01-27,Madera,039,155013,14687,14194,714,14908,86
2021-01-27,Marin,041,260295,12345,12028,140,12168,180
2021-01-27,Mariposa,043,17540,355,333,3,336,4
2021-01-27,Mendocino,045,87422,3276,3095,61,3156,36
2021-01-27,Merced,047,269075,26067,25439,750,26189,315
2021-01-27,Modoc,049,8938,314,297,98,395,0
2021-01-27,Mono,051,14174,1130,1131,16,1147,3
2021-01-27,Monterey,053,433212,39373,38139,1381,39520,268
2021-01-27,Napa,055,140530,8403,8187,33,8220,46
2021-01-27,Nevada,057,99092,3626,3431,143,3574,18
2021-01-27,Orange,059,3164182,233418,227110,9434,236544,2832
2021-01-27,Placer,061,380077,19271,18106,974,19080,198
2021-01-27,Plumas,063,18699,618,544,10,554,2
2021-01-27,Riverside,065,2383286,271361,260796,12763,273559,2931
2021-01-27,Sacramento,067,1510023,87311,85428,1058,86486,1142
2021-01-27,San Benito,069,59416,5411,5284,71,5355,47
2021-01-27,San Bernardino,071,2135413,274888,265153,8041,273194,2019
2021-01-27,San Diego,073,3302833,245094,231478,11472,242950,2465
2021-01-27,San Francisco,075,870044,31560,31082,859,31941,287
2021-01-27,San Joaquin,077,732212,62243,60131,2483,62614,853
2021-01-27,San Luis Obispo,079,281455,17955,17119,471,17590,188
2021-01-27,San Mateo,081,765935,36676,34619,339,34958,216
2021-01-27,Santa Barbara,083,443738,29039,27435,944,28379,282
2021-01-27,Santa Clara,085,1922200,102074,99732,471,100203,1184
2021-01-27,Santa Cruz,087,273765,14292,13111,688,13799,143
2021-01-27,Shasta,089,179085,10311,10106,1071,11177,105
2021-01-27,Sierra,091,2930,48,44,12,56,0
2021-01-27,Siskiyou,093,43540,1322,1214,196,1410,4
2021-01-27,Solano,095,438530,27799,26982,314,27296,112
2021-01-27,Sonoma,097,501317,25919,25361,136,25497,237
2021-01-27,Stanislaus,099,539301,46666,44874,4794,49668,624
2021-01-27,Sutter,101,95872,8289,8093,77,8170,83
2021-01-27,Tehama,103,63373,4290,4133,461,4594,20
2021-01-27,Trinity,105,12862,439,260,66,326,3
2021-01-27,Tulare,107,460477,45351,43462,6676,50138,583
2021-01-27,Tuolumne,109,53932,3452,3464,31,3495,32
2021-01-27,Ventura,111,848112,70665,68291,2500,70791,468
2021-01-27,Yolo,113,214977,12011,11427,161,11588,151
2021-01-27,Yuba,115,75493,5125,4968,73,5041,32
2021-01-26,Alameda,001,1643700,73996,71851,1566,73417,789
2021-01-26,Alpine,003,1148,73,72,0,72,0
2021-01-26,Amador,005,37829,3215,3113,24,3137,31
2021-01-26,Butte,007,227075,10587,9943,1453,11396,136
2021-01-26,Calaveras,009,45235,1742,1723,10,1733,21
2021-01-26,Colusa,011,21464,1754,1719,202,1921,8
2021-01-26,Contra Costa,013,1133247,57725,55337,968,56305,491
2021-01-26,Del Norte,015,27424,889,856,4,860,2
2021-01-26,El Dorado,017,186661,8526,8115,552,8667,71
2021-01-26,Fresno,019,978130,90409,86673,6886,93559,923
2021-01-26,Glenn,021,27897,2107,2034,434,2468,13
2021-01-26,Humboldt,023,135768,2774,2612,17,2629,24
2021-01-26,Imperial,025,180216,26426,25812,2391,28203,498
2021-01-26,Inyo,027,18085,1075,1018,8,1026,27
2021-01-26,Kern,029,883053,87183,83868,8303,92171,790
2021-01-26,Kings,031,150075,20914,20156,857,21013,159
2021-01-26,Lake,033,64148,2849,2748,1,2749,32
2021-01-26,Lassen,035,31185,4933,4844,88,4932,1
2021-01-26,Los Angeles,037,10098052,1107011,1060492,36133,1096625,15458
2021-01-26,Madera,039,155013,14630,14130,708,14838,86
2021-01-26,Marin,041,260295,12300,11993,138,12131,179
2021-01-26,Mariposa,043,17540,353,332,3,335,3
2021-01-26,Mendocino,045,87422,3250,3076,60,3136,36
2021-01-26,Merced,047,269075,25927,25359,742,26101,309
2021-01-26,Modoc,049,8938,307,291,97,388,0
2021-01-26,Mono,051,14174,1128,1120,16,1136,3
2021-01-26,Monterey,053,433212,39179,37963,1360,39323,255
2021-01-26,Napa,055,140530,8346,8145,33,8178,43
2021-01-26,Nevada,057,99092,3619,3410,142,3552,18
2021-01-26,Orange,059,3164182,232295,225987,9389,235376,2760
2021-01-26,Placer,061,380077,19195,18016,972,18988,193
2021-01-26,Plumas,063,18699,616,536,10,546,2
2021-01-26,Riverside,065,2383286,269992,259399,12699,272098,2898
2021-01-26,Sacramento,067,1510023,86953,85062,1051,86113,1127
2021-01-26,San Benito,069,59416,5397,5251,70,5321,45
2021-01-26,San Bernardino,071,2135413,273885,263736,7997,271733,1970
2021-01-26,San Diego,073,3302833,243599,230063,11370,241433,2421
2021-01-26,San Francisco,075,870044,31427,30874,840,31714,286
2021-01-26,San Joaquin,077,732212,61989,59889,2467,62356,847
2021-01-26,San Luis Obispo,079,281455,17874,17016,468,17484,186
2021-01-26,San Mateo,081,765935,36482,34441,328,34769,213
2021-01-26,Santa Barbara,083,443738,28865,27321,932,28253,273
2021-01-26,Santa Clara,085,1922200,101596,99215,467,99682,1171
2021-01-26,Santa Cruz,087,273765,14226,13045,682,13727,134
2021-01-26,Shasta,089,179085,10276,10036,1063,11099,103
2021-01-26,Sierra,091,2930,48,43,12,55,0
2021-01-26,Siskiyou,093,43540,1308,1208,194,1402,4
2021-01-26,Solano,095,438530,27643,26858,308,27166,110
2021-01-26,Sonoma,097,501317,25801,25273,134,25407,236
2021-01-26,Stanislaus,099,539301,46485,44703,4754,49457,599
2021-01-26,Sutter,101,95872,8246,8067,77,8144,83
2021-01-26,Tehama,103,63373,4259,4115,461,4576,20
2021-01-26,Trinity,105,12862,439,260,66,326,3
2021-01-26,Tulare,107,460477,45148,43394,6606,50000,579
2021-01-26,Tuolumne,109,53932,3442,3451,31,3482,30
2021-01-26,Ventura,111,848112,70133,67526,2474,70000,448
2021-01-26,Yolo,113,214977,11966,11361,158,11519,148
2021-01-26,Yuba,115,75493,5100,4944,71,5015,31
2021-01-25,Alameda,001,1643700,73566,71255,1556,72811,780
2021-01-25,Alpine,003,1148,73,72,0,72,0
2021-01-25,Amador,005,37829,3175,3074,24,3098,30
2021-01-25,Butte,007,227075,10521,9865,1445,11310,133
2021-01-25,Calaveras,009,45235,1727,1713,10,1723,21
2021-01-25,Colusa,011,21464,1742,1709,198,1907,8
2021-01-25,Contra Costa,013,1133247,57368,54989,961,55950,488
2021-01-25,Del Norte,015,27424,888,855,4,859,2
2021-01-25,El Dorado,017,186661,8501,8060,552,8612,66
2021-01-25,Fresno,019,978130,90038,86336,6854,93190,913
2021-01-25,Glenn,021,27897,2098,2028,434,2462,13
2021-01-25,Humboldt,023,135768,2740,2587,17,2604,24
2021-01-25,Imperial,025,180216,26376,25745,2383,28128,491
2021-01-25,Inyo,027,18085,1069,1015,8,1023,27
2021-01-25,Kern,029,883053,86788,83401,8216,91617,787
2021-01-25,Kings,031,150075,20794,20067,853,20920,159
2021-01-25,Lake,033,64148,2830,2729,1,2730,32
2021-01-25,Lassen,035,31185,4906,4835,88,4923,1
2021-01-25,Los Angeles,037,10098052,1101055,1055181,35904,1091085,15163
2021-01-25,Madera,039,155013,14576,14068,703,14771,86
2021-01-25,Marin,041,260295,12248,11923,134,12057,177
2021-01-25,Mariposa,043,17540,350,331,3,334,3
2021-01-25,Mendocino,045,87422,3239,3054,60,3114,35
2021-01-25,Merced,047,269075,25788,25181,733,25914,305
2021-01-25,Modoc,049,8938,306,288,93,381,0
2021-01-25,Mono,051,14174,1125,1114,15,1129,3
2021-01-25,Monterey,053,433212,38925,37726,1341,39067,255
2021-01-25,Napa,055,140530,8312,8057,32,8089,43
2021-01-25,Nevada,057,99092,3605,3365,142,3507,18
2021-01-25,Orange,059,3164182,231086,225105,9347,234452,2696
2021-01-25,Placer,061,380077,19108,17936,957,18893,193
2021-01-25,Plumas,063,18699,613,533,10,543,2
2021-01-25,Riverside,065,2383286,268245,258082,12643,270725,2789
2021-01-25,Sacramento,067,1510023,86511,84653,1043,85696,1118
2021-01-25,San Benito,069,59416,5361,5238,69,5307,43
2021-01-25,San Bernardino,071,2135413,272936,263174,7961,271135,1947
2021-01-25,San Diego,073,3302833,241985,228630,11298,239928,2375
2021-01-25,San Francisco,075,870044,31277,30734,817,31551,288
2021-01-25,San Joaquin,077,732212,61694,59291,2442,61733,838
2021-01-25,San Luis Obispo,079,281455,17740,16868,463,17331,179
2021-01-25,San Mateo,081,765935,36248,34187,322,34509,213
2021-01-25,Santa Barbara,083,443738,28630,27065,922,27987,269
2021-01-25,Santa Clara,085,1922200,101027,98647,460,99107,1143
2021-01-25,Santa Cruz,087,273765,14139,12973,677,13650,133
2021-01-25,Shasta,089,179085,10235,9991,1052,11043,103
2021-01-25,Sierra,091,2930,48,42,12,54,0
2021-01-25,Siskiyou,093,43540,1300,1205,191,1396,4
2021-01-25,Solano,095,438530,27474,26648,307,26955,109
2021-01-25,Sonoma,097,501317,25694,25160,132,25292,233
2021-01-25,Stanislaus,099,539301,46240,44293,4711,49004,599
2021-01-25,Sutter,101,95872,8202,8023,77,8100,83
2021-01-25,Tehama,103,63373,4232,4082,457,4539,20
2021-01-25,Trinity,105,12862,439,262,66,328,3
2021-01-25,Tulare,107,460477,44933,43124,6501,49625,578
2021-01-25,Tuolumne,109,53932,3433,3422,31,3453,29
2021-01-25,Ventura,111,848112,69498,66910,2457,69367,439
2021-01-25,Yolo,113,214977,11879,11276,157,11433,140
2021-01-25,Yuba,115,75493,5076,4900,69,4969,31
2021-01-24,Alameda,001,1643700,73059,70823,1545,72368,780
2021-01-24,Alpine,003,1148,73,72,0,72,0
2021-01-24,Amador,005,37829,3142,3054,24,3078,30
2021-01-24,Butte,007,227075,10437,9820,1427,11247,133
2021-01-24,Calaveras,009,45235,1714,1704,10,1714,21
2021-01-24,Colusa,011,21464,1731,1689,192,1881,8
2021-01-24,Contra Costa,013,1133247,56976,54694,948,55642,488
2021-01-24,Del Norte,015,27424,884,855,4,859,2
2021-01-24,El Dorado,017,186661,8466,8003,548,8551,66
2021-01-24,Fresno,019,978130,89601,85808,6815,92623,911
2021-01-24,Glenn,021,27897,2090,2026,433,2459,13
2021-01-24,Humboldt,023,135768,2701,2562,17,2579,24
2021-01-24,Imperial,025,180216,26280,25707,2358,28065,488
2021-01-24,Inyo,027,18085,1053,1007,8,1015,27
2021-01-24,Kern,029,883053,86346,83125,8108,91233,785
2021-01-24,Kings,031,150075,20666,19988,837,20825,159
2021-01-24,Lake,033,64148,2812,2724,0,2724,32
2021-01-24,Lassen,035,31185,4895,4828,85,4913,1
2021-01-24,Los Angeles,037,10098052,1094655,1048757,35590,1084347,15119
2021-01-24,Madera,039,155013,14486,14000,697,14697,86
2021-01-24,Marin,041,260295,12181,11872,132,12004,177
2021-01-24,Mariposa,043,17540,346,322,3,325,3
2021-01-24,Mendocino,045,87422,3218,3037,59,3096,33
2021-01-24,Merced,047,269075,25577,25047,723,25770,305
2021-01-24,Modoc,049,8938,306,285,93,378,0
2021-01-24,Mono,051,14174,1118,1113,15,1128,3
2021-01-24,Monterey,053,433212,38647,37527,1308,38835,254
2021-01-24,Napa,055,140530,8270,8005,32,8037,43
2021-01-24,Nevada,057,99092,3563,3349,140,3489,18
2021-01-24,Orange,059,3164182,229655,223853,9277,233130,2632
2021-01-24,Placer,061,380077,18993,17839,937,18776,193
2021-01-24,Plumas,063,18699,610,532,10,542,2
2021-01-24,Riverside,065,2383286,266604,256767,12566,269333,2761
2021-01-24,Sacramento,067,1510023,85957,84110,1035,85145,1112
2021-01-24,San Benito,069,59416,5319,5223,66,5289,43
2021-01-24,San Bernardino,071,2135413,271612,262370,7907,270277,1935
2021-01-24,San Diego,073,3302833,240291,227193,11167,238360,2375
2021-01-24,San Francisco,075,870044,31090,30559,795,31354,275
2021-01-24,San Joaquin,077,732212,61266,59021,2426,61447,838
2021-01-24,San Luis Obispo,079,281455,17617,16758,461,17219,179
2021-01-24,San Mateo,081,765935,36003,33956,317,34273,213
2021-01-24,Santa Barbara,083,443738,28314,26735,912,27647,269
2021-01-24,Santa Clara,085,1922200,100380,98103,455,98558,1109
2021-01-24,Santa Cruz,087,273765,14053,12905,669,13574,133
2021-01-24,Shasta,089,179085,10164,9978,1043,11021,103
2021-01-24,Sierra,091,2930,47,42,12,54,0
2021-01-24,Siskiyou,093,43540,1293,1195,191,1386,4
2021-01-24,Solano,095,438530,27285,26515,303,26818,109
2021-01-24,Sonoma,097,501317,25531,25045,131,25176,233
2021-01-24,Stanislaus,099,539301,45931,44031,4648,48679,599
2021-01-24,Sutter,101,95872,8133,7980,77,8057,83
2021-01-24,Tehama,103,63373,4193,4062,450,4512,20
2021-01-24,Trinity,105,12862,439,262,66,328,3
2021-01-24,Tulare,107,460477,44714,43006,6408,49414,577
2021-01-24,Tuolumne,109,53932,3423,3416,31,3447,29
2021-01-24,Ventura,111,848112,68786,66347,2432,68779,439
2021-01-24,Yolo,113,214977,11794,11210,153,11363,140
2021-01-24,Yuba,115,75493,5036,4875,68,4943,31
2021-01-23,Alameda,001,1643700,72810,70080,1538,71618,780
2021-01-23,Alpine,003,1148,73,72,0,72,0
2021-01-23,Amador,005,37829,3139,3049,24,3073,30
2021-01-23,Butte,007,227075,10407,9757,1422,11179,133
2021-01-23,Calaveras,009,45235,1711,1695,10,1705,21
2021-01-23,Colusa,011,21464,1727,1672,191,1863,8
2021-01-23,Contra Costa,013,1133247,56762,54162,941,55103,487
2021-01-23,Del Norte,015,27424,883,855,4,859,2
2021-01-23,El Dorado,017,186661,8450,7984,546,8530,66
2021-01-23,Fresno,019,978130,89415,85274,6786,92060,910
2021-01-23,Glenn,021,27897,2087,2015,429,2444,13
2021-01-23,Humboldt,023,135768,2682,2493,16,2509,23
2021-01-23,Imperial,025,180216,26246,25581,2349,27930,487
2021-01-23,Inyo,027,18085,1044,987,8,995,27
2021-01-23,Kern,029,883053,86100,82602,8037,90639,783
2021-01-23,Kings,031,150075,20622,19904,835,20739,159
2021-01-23,Lake,033,64148,2804,2673,0,2673,32
2021-01-23,Lassen,035,31185,4894,4816,82,4898,1
2021-01-23,Los Angeles,037,10098052,1091428,1040961,35427,1076388,15034
2021-01-23,Madera,039,155013,14450,13858,694,14552,86
2021-01-23,Marin,041,260295,12125,11796,130,11926,177
2021-01-23,Mariposa,043,17540,346,323,3,326,3
2021-01-23,Mendocino,045,87422,3204,2991,59,3050,32
2021-01-23,Merced,047,269075,25485,24787,708,25495,303
2021-01-23,Modoc,049,8938,306,285,93,378,0
2021-01-23,Mono,051,14174,1116,1111,15,1126,3
2021-01-23,Monterey,053,433212,38564,37165,1303,38468,253
2021-01-23,Napa,055,140530,8245,7893,32,7925,43
2021-01-23,Nevada,057,99092,3552,3332,139,3471,18
2021-01-23,Orange,059,3164182,228886,221722,9237,230959,2618
2021-01-23,Placer,061,380077,18942,17617,932,18549,193
2021-01-23,Plumas,063,18699,609,528,10,538,2
2021-01-23,Riverside,065,2383286,265703,253636,12513,266149,2733
2021-01-23,Sacramento,067,1510023,85728,83408,1032,84440,1108
2021-01-23,San Benito,069,59416,5295,5166,65,5231,43
2021-01-23,San Bernardino,071,2135413,271067,260381,7875,268256,1922
2021-01-23,San Diego,073,3302833,239230,225556,11095,236651,2344
2021-01-23,San Francisco,075,870044,30985,30308,766,31074,268
2021-01-23,San Joaquin,077,732212,61140,58164,2416,60580,836
2021-01-23,San Luis Obispo,079,281455,17553,16652,458,17110,176
2021-01-23,San Mateo,081,765935,35827,33696,306,34002,213
2021-01-23,Santa Barbara,083,443738,28130,26234,903,27137,264
2021-01-23,Santa Clara,085,1922200,100024,97189,454,97643,1086
2021-01-23,Santa Cruz,087,273765,13995,12771,666,13437,127
2021-01-23,Shasta,089,179085,10134,9951,1042,10993,103
2021-01-23,Sierra,091,2930,47,41,12,53,0
2021-01-23,Siskiyou,093,43540,1283,1190,190,1380,4
2021-01-23,Solano,095,438530,27193,26261,301,26562,107
2021-01-23,Sonoma,097,501317,25451,24790,131,24921,232
2021-01-23,Stanislaus,099,539301,45765,43723,4618,48341,599
2021-01-23,Sutter,101,95872,8115,7943,76,8019,80
2021-01-23,Tehama,103,63373,4174,4006,449,4455,20
2021-01-23,Trinity,105,12862,439,262,66,328,3
2021-01-23,Tulare,107,460477,44561,42661,6348,49009,575
2021-01-23,Tuolumne,109,53932,3416,3407,31,3438,29
2021-01-23,Ventura,111,848112,68336,65581,2409,67990,438
2021-01-23,Yolo,113,214977,11752,11087,149,11236,141
2021-01-23,Yuba,115,75493,5024,4831,67,4898,30
2021-01-22,Alameda,001,1643700,72488,69693,1532,71225,751
2021-01-22,Alpine,003,1148,73,71,0,71,0
2021-01-22,Amador,005,37829,3134,3042,24,3066,30
2021-01-22,Butte,007,227075,10358,9711,1409,11120,133
2021-01-22,Calaveras,009,45235,1702,1672,10,1682,21
2021-01-22,Colusa,011,21464,1725,1668,191,1859,7
2021-01-22,Contra Costa,013,1133247,56524,53887,935,54822,485
2021-01-22,Del Norte,015,27424,882,852,4,856,2
2021-01-22,El Dorado,017,186661,8416,7877,543,8420,64
2021-01-22,Fresno,019,978130,89074,84744,6758,91502,892
2021-01-22,Glenn,021,27897,2082,1985,423,2408,13
2021-01-22,Humboldt,023,135768,2658,2452,16,2468,23
2021-01-22,Imperial,025,180216,26211,25562,2334,27896,474
2021-01-22,Inyo,027,18085,1033,961,8,969,26
2021-01-22,Kern,029,883053,85800,82101,7963,90064,771
2021-01-22,Kings,031,150075,20546,19760,831,20591,159
2021-01-22,Lake,033,64148,2792,2681,0,2681,32
2021-01-22,Lassen,035,31185,4885,4765,81,4846,1
2021-01-22,Los Angeles,037,10098052,1086968,1031177,35235,1066412,14777
2021-01-22,Madera,039,155013,14389,13781,693,14474,86
2021-01-22,Marin,041,260295,12088,11769,128,11897,177
2021-01-22,Mariposa,043,17540,346,323,3,326,3
2021-01-22,Mendocino,045,87422,3179,2994,58,3052,32
2021-01-22,Merced,047,269075,25362,24616,700,25316,290
2021-01-22,Modoc,049,8938,306,285,93,378,0
2021-01-22,Mono,051,14174,1116,1108,15,1123,3
2021-01-22,Monterey,053,433212,38410,36909,1298,38207,253
2021-01-22,Napa,055,140530,8199,7828,32,7860,40
2021-01-22,Nevada,057,99092,3527,3296,138,3434,18
2021-01-22,Orange,059,3164182,227933,220384,9190,229574,2542
2021-01-22,Placer,061,380077,18885,17636,917,18553,193
2021-01-22,Plumas,063,18699,607,522,10,532,2
2021-01-22,Riverside,065,2383286,264553,252440,12446,264886,2710
2021-01-22,Sacramento,067,1510023,85398,82861,1024,83885,1094
2021-01-22,San Benito,069,59416,5269,5143,65,5208,43
2021-01-22,San Bernardino,071,2135413,270245,259121,7842,266963,1849
2021-01-22,San Diego,073,3302833,237990,222576,11030,233606,2301
2021-01-22,San Francisco,075,870044,30872,30027,749,30776,266
2021-01-22,San Joaquin,077,732212,60959,58485,2403,60888,812
2021-01-22,San Luis Obispo,079,281455,17464,16336,455,16791,172
2021-01-22,San Mateo,081,765935,35605,33401,303,33704,211
2021-01-22,Santa Barbara,083,443738,27929,25989,892,26881,256
2021-01-22,Santa Clara,085,1922200,99584,96435,451,96886,1062
2021-01-22,Santa Cruz,087,273765,13937,12687,662,13349,123
2021-01-22,Shasta,089,179085,10115,9866,1040,10906,103
2021-01-22,Sierra,091,2930,47,40,12,52,0
2021-01-22,Siskiyou,093,43540,1279,1182,188,1370,4
2021-01-22,Solano,095,438530,27103,26048,299,26347,107
2021-01-22,Sonoma,097,501317,25366,24659,131,24790,232
2021-01-22,Stanislaus,099,539301,45600,43489,4589,48078,599
2021-01-22,Sutter,101,95872,8090,7878,76,7954,80
2021-01-22,Tehama,103,63373,4156,3993,448,4441,19
2021-01-22,Trinity,105,12862,438,263,66,329,3
2021-01-22,Tulare,107,460477,44381,42307,6278,48585,573
2021-01-22,Tuolumne,109,53932,3388,3379,31,3410,29
2021-01-22,Ventura,111,848112,67830,64404,2391,66795,426
2021-01-22,Yolo,113,214977,11718,11014,141,11155,141
2021-01-22,Yuba,115,75493,5000,4789,65,4854,29
2021-01-21,Alameda,001,1643700,72054,69314,1515,70829,739
2021-01-21,Alpine,003,1148,73,71,0,71,0
2021-01-21,Amador,005,37829,3112,3038,24,3062,29
2021-01-21,Butte,007,227075,10288,9643,1402,11045,130
2021-01-21,Calaveras,009,45235,1693,1647,10,1657,21
2021-01-21,Colusa,011,21464,1718,1662,188,1850,7
2021-01-21,Contra Costa,013,1133247,56105,53595,921,54516,478
2021-01-21,Del Norte,015,27424,880,850,3,853,2
2021-01-21,El Dorado,017,186661,8367,7823,540,8363,58
2021-01-21,Fresno,019,978130,88669,84137,6718,90855,889
2021-01-21,Glenn,021,27897,2074,1964,418,2382,13
2021-01-21,Humboldt,023,135768,2635,2423,16,2439,23
2021-01-21,Imperial,025,180216,26119,25509,2320,27829,463
2021-01-21,Inyo,027,18085,1024,946,8,954,26
2021-01-21,Kern,029,883053,85387,81328,7845,89173,769
2021-01-21,Kings,031,150075,20475,19633,813,20446,158
2021-01-21,Lake,033,64148,2776,2669,0,2669,32
2021-01-21,Lassen,035,31185,4878,4763,81,4844,1
2021-01-21,Los Angeles,037,10098052,1080311,1023055,34913,1057968,14537
2021-01-21,Madera,039,155013,14321,13664,685,14349,86
2021-01-21,Marin,041,260295,12032,11732,126,11858,173
2021-01-21,Mariposa,043,17540,342,322,3,325,3
2021-01-21,Mendocino,045,87422,3156,2967,56,3023,32
2021-01-21,Merced,047,269075,25207,24426,693,25119,245
2021-01-21,Modoc,049,8938,303,284,92,376,0
2021-01-21,Mono,051,14174,1111,1104,15,1119,3
2021-01-21,Monterey,053,433212,38133,36149,1288,37437,253
2021-01-21,Napa,055,140530,8135,7774,32,7806,40
2021-01-21,Nevada,057,99092,3498,3274,137,3411,18
2021-01-21,Orange,059,3164182,226556,218867,9135,228002,2540
2021-01-21,Placer,061,380077,18806,17553,913,18466,190
2021-01-21,Plumas,063,18699,603,518,10,528,2
2021-01-21,Riverside,065,2383286,262827,251007,12366,263373,2676
2021-01-21,Sacramento,067,1510023,84919,82303,1003,83306,1084
2021-01-21,San Benito,069,59416,5238,5100,60,5160,43
2021-01-21,San Bernardino,071,2135413,268896,257754,7777,265531,1832
2021-01-21,San Diego,073,3302833,236215,219729,10923,230652,2222
2021-01-21,San Francisco,075,870044,30695,29801,715,30516,266
2021-01-21,San Joaquin,077,732212,60650,58270,2383,60653,806
2021-01-21,San Luis Obispo,079,281455,17378,16153,447,16600,169
2021-01-21,San Mateo,081,765935,35359,33156,290,33446,210
2021-01-21,Santa Barbara,083,443738,27642,25654,879,26533,253
2021-01-21,Santa Clara,085,1922200,98958,96028,444,96472,1062
2021-01-21,Santa Cruz,087,273765,13852,12548,652,13200,119
2021-01-21,Shasta,089,179085,10072,9795,1025,10820,98
2021-01-21,Sierra,091,2930,47,40,12,52,0
2021-01-21,Siskiyou,093,43540,1276,1178,185,1363,4
2021-01-21,Solano,095,438530,26923,25885,295,26180,106
2021-01-21,Sonoma,097,501317,25228,24440,129,24569,230
2021-01-21,Stanislaus,099,539301,45298,43223,4545,47768,599
2021-01-21,Sutter,101,95872,8056,7822,76,7898,80
2021-01-21,Tehama,103,63373,4120,3938,448,4386,19
2021-01-21,Trinity,105,12862,438,261,66,327,3
2021-01-21,Tulare,107,460477,44170,42082,6202,48284,569
2021-01-21,Tuolumne,109,53932,3378,3365,30,3395,29
2021-01-21,Ventura,111,848112,67136,63995,2370,66365,420
2021-01-21,Yolo,113,214977,11630,10940,133,11073,141
2021-01-21,Yuba,115,75493,4969,4757,64,4821,29
2021-01-20,Alameda,001,1643700,71568,68785,1501,70286,702
2021-01-20,Alpine,003,1148,73,71,0,71,0
2021-01-20,Amador,005,37829,3081,3036,24,3060,29
2021-01-20,Butte,007,227075,10232,9582,1392,10974,130
2021-01-20,Calaveras,009,45235,1671,1637,9,1646,21
2021-01-20,Colusa,011,21464,1701,1630,183,1813,7
2021-01-20,Contra Costa,013,1133247,55656,53108,914,54022,461
2021-01-20,Del Norte,015,27424,879,848,3,851,2
2021-01-20,El Dorado,017,186661,8317,7785,537,8322,53
2021-01-20,Fresno,019,978130,88249,83591,6665,90256,872
2021-01-20,Glenn,021,27897,2055,1955,416,2371,13
2021-01-20,Humboldt,023,135768,2592,2390,16,2406,22
2021-01-20,Imperial,025,180216,26047,25380,2285,27665,461
2021-01-20,Inyo,027,18085,1014,901,8,909,26
2021-01-20,Kern,029,883053,84936,80701,7738,88439,754
2021-01-20,Kings,031,150075,20385,19522,805,20327,146
2021-01-20,Lake,033,64148,2754,2646,0,2646,31
2021-01-20,Lassen,035,31185,4870,4758,79,4837,1
2021-01-20,Los Angeles,037,10098052,1072817,1015608,34624,1050232,14299
2021-01-20,Madera,039,155013,14257,13585,680,14265,86
2021-01-20,Marin,041,260295,11978,11684,124,11808,171
2021-01-20,Mariposa,043,17540,340,322,3,325,3
2021-01-20,Mendocino,045,87422,3141,2957,56,3013,32
2021-01-20,Merced,047,269075,25034,24220,671,24891,243
2021-01-20,Modoc,049,8938,302,282,92,374,0
2021-01-20,Mono,051,14174,1104,1105,14,1119,3
2021-01-20,Monterey,053,433212,37816,35960,1266,37226,249
2021-01-20,Napa,055,140530,8066,7731,31,7762,40
2021-01-20,Nevada,057,99092,3466,3238,137,3375,18
2021-01-20,Orange,059,3164182,225017,216893,9074,225967,2500
2021-01-20,Placer,061,380077,18713,17455,895,18350,186
2021-01-20,Plumas,063,18699,601,512,10,522,2
2021-01-20,Riverside,065,2383286,260780,248686,12279,260965,2615
2021-01-20,Sacramento,067,1510023,84359,81687,992,82679,1072
2021-01-20,San Benito,069,59416,5207,5036,59,5095,35
2021-01-20,San Bernardino,071,2135413,267539,255921,7730,263651,1801
2021-01-20,San Diego,073,3302833,234360,218553,10819,229372,2174
2021-01-20,San Francisco,075,870044,30506,29665,695,30360,262
2021-01-20,San Joaquin,077,732212,60246,58025,2374,60399,783
2021-01-20,San Luis Obispo,079,281455,17197,15936,438,16374,164
2021-01-20,San Mateo,081,765935,35132,32929,289,33218,210
2021-01-20,Santa Barbara,083,443738,27325,25312,867,26179,248
2021-01-20,Santa Clara,085,1922200,98278,94995,442,95437,1040
2021-01-20,Santa Cruz,087,273765,13745,12460,639,13099,107
2021-01-20,Shasta,089,179085,10020,9697,1015,10712,98
2021-01-20,Sierra,091,2930,47,40,12,52,0
2021-01-20,Siskiyou,093,43540,1270,1163,184,1347,4
2021-01-20,Solano,095,438530,26730,25659,291,25950,106
2021-01-20,Sonoma,097,501317,25091,24262,127,24389,223
2021-01-20,Stanislaus,099,539301,45014,42955,4505,47460,585
2021-01-20,Sutter,101,95872,8004,7772,74,7846,80
2021-01-20,Tehama,103,63373,4094,3892,447,4339,19
2021-01-20,Trinity,105,12862,438,260,66,326,3
2021-01-20,Tulare,107,460477,43912,41799,6109,47908,559
2021-01-20,Tuolumne,109,53932,3364,3355,29,3384,29
2021-01-20,Ventura,111,848112,66178,63413,2341,65754,395
2021-01-20,Yolo,113,214977,11559,10852,130,10982,141
2021-01-20,Yuba,115,75493,4942,4729,64,4793,29
2021-01-19,Alameda,001,1643700,70913,68434,1491,69925,680
2021-01-19,Alpine,003,1148,73,71,0,71,0
2021-01-19,Amador,005,37829,3072,3024,24,3048,28
2021-01-19,Butte,007,227075,10166,9528,1378,10906,129
2021-01-19,Calaveras,009,45235,1656,1621,8,1629,21
2021-01-19,Colusa,011,21464,1679,1617,175,1792,7
2021-01-19,Contra Costa,013,1133247,55159,52730,903,53633,448
2021-01-19,Del Norte,015,27424,877,843,3,846,2
2021-01-19,El Dorado,017,186661,8257,7743,529,8272,47
2021-01-19,Fresno,019,978130,87726,83200,6613,89813,857
2021-01-19,Glenn,021,27897,2043,1948,411,2359,13
2021-01-19,Humboldt,023,135768,2568,2359,13,2372,22
2021-01-19,Imperial,025,180216,25966,25333,2269,27602,452
2021-01-19,Inyo,027,18085,1007,891,8,899,26
2021-01-19,Kern,029,883053,84349,80272,7631,87903,742
2021-01-19,Kings,031,150075,20246,19375,794,20169,143
2021-01-19,Lake,033,64148,2739,2625,0,2625,31
2021-01-19,Lassen,035,31185,4863,4753,79,4832,1
2021-01-19,Los Angeles,037,10098052,1064144,1010375,34351,1044726,14014
2021-01-19,Madera,039,155013,14141,13528,673,14201,86
2021-01-19,Marin,041,260295,11920,11654,120,11774,169
2021-01-19,Mariposa,043,17540,340,322,3,325,3
2021-01-19,Mendocino,045,87422,3124,2930,56,2986,32
2021-01-19,Merced,047,269075,24822,24108,662,24770,242
2021-01-19,Modoc,049,8938,301,281,92,373,0
2021-01-19,Mono,051,14174,1103,1106,14,1120,3
2021-01-19,Monterey,053,433212,37498,35840,1245,37085,248
2021-01-19,Napa,055,140530,8007,7672,31,7703,38
2021-01-19,Nevada,057,99092,3448,3216,135,3351,18
2021-01-19,Orange,059,3164182,223281,215244,9005,224249,2468
2021-01-19,Placer,061,380077,18615,17348,885,18233,182
2021-01-19,Plumas,063,18699,594,509,10,519,2
2021-01-19,Riverside,065,2383286,258694,246248,12200,258448,2585
2021-01-19,Sacramento,067,1510023,83822,81183,972,82155,1053
2021-01-19,San Benito,069,59416,5161,4988,58,5046,35
2021-01-19,San Bernardino,071,2135413,265795,253651,7672,261323,1777
2021-01-19,San Diego,073,3302833,231941,216833,10721,227554,2109
2021-01-19,San Francisco,075,870044,30288,29502,664,30166,261
2021-01-19,San Joaquin,077,732212,59862,57655,2361,60016,782
2021-01-19,San Luis Obispo,079,281455,16933,15855,435,16290,161
2021-01-19,San Mateo,081,765935,34847,32730,278,33008,208
2021-01-19,Santa Barbara,083,443738,26941,24991,851,25842,236
2021-01-19,Santa Clara,085,1922200,97501,94483,440,94923,1010
2021-01-19,Santa Cruz,087,273765,13628,12410,631,13041,106
2021-01-19,Shasta,089,179085,9984,9614,1005,10619,93
2021-01-19,Sierra,091,2930,47,40,10,50,0
2021-01-19,Siskiyou,093,43540,1262,1149,183,1332,4
2021-01-19,Solano,095,438530,26484,25520,290,25810,106
2021-01-19,Sonoma,097,501317,24911,24133,125,24258,223
2021-01-19,Stanislaus,099,539301,44665,42723,4456,47179,561
2021-01-19,Sutter,101,95872,7953,7709,68,7777,80
2021-01-19,Tehama,103,63373,4060,3876,445,4321,19
2021-01-19,Trinity,105,12862,437,260,66,326,3
2021-01-19,Tulare,107,460477,43634,41559,6013,47572,549
2021-01-19,Tuolumne,109,53932,3337,3328,29,3357,29
2021-01-19,Ventura,111,848112,65500,62656,2314,64970,383
2021-01-19,Yolo,113,214977,11473,10789,130,10919,134
2021-01-19,Yuba,115,75493,4909,4695,63,4758,29
2021-01-18,Alameda,001,1643700,70270,67938,1473,69411,680
2021-01-18,Alpine,003,1148,73,71,0,71,0
2021-01-18,Amador,005,37829,3058,3016,24,3040,28
2021-01-18,Butte,007,227075,10079,9474,1365,10839,129
2021-01-18,Calaveras,009,45235,1635,1617,7,1624,21
2021-01-18,Colusa,011,21464,1662,1608,170,1778,7
2021-01-18,Contra Costa,013,1133247,54643,52323,895,53218,448
2021-01-18,Del Norte,015,27424,876,840,3,843,2
2021-01-18,El Dorado,017,186661,8188,7707,527,8234,47
2021-01-18,Fresno,019,978130,87114,82485,6546,89031,857
2021-01-18,Glenn,021,27897,2026,1935,407,2342,13
2021-01-18,Humboldt,023,135768,2530,2343,13,2356,22
2021-01-18,Imperial,025,180216,25897,25317,2244,27561,452
2021-01-18,Inyo,027,18085,995,872,8,880,26
2021-01-18,Kern,029,883053,83710,79930,7540,87470,740
2021-01-18,Kings,031,150075,20076,19267,782,20049,141
2021-01-18,Lake,033,64148,2722,2591,0,2591,30
2021-01-18,Lassen,035,31185,4827,4749,78,4827,1
2021-01-18,Los Angeles,037,10098052,1054654,1002614,34057,1036671,13828
2021-01-18,Madera,039,155013,14027,13443,665,14108,85
2021-01-18,Marin,041,260295,11872,11607,118,11725,165
2021-01-18,Mariposa,043,17540,337,320,2,322,3
2021-01-18,Mendocino,045,87422,3101,2919,56,2975,31
2021-01-18,Merced,047,269075,24577,23927,646,24573,242
2021-01-18,Modoc,049,8938,298,281,89,370,0
2021-01-18,Mono,051,14174,1100,1101,14,1115,3
2021-01-18,Monterey,053,433212,37044,35549,1228,36777,247
2021-01-18,Napa,055,140530,7933,7601,31,7632,38
2021-01-18,Nevada,057,99092,3410,3199,134,3333,17
2021-01-18,Orange,059,3164182,221379,213866,8949,222815,2405
2021-01-18,Placer,061,380077,18499,17263,876,18139,182
2021-01-18,Plumas,063,18699,590,506,10,516,2
2021-01-18,Riverside,065,2383286,256376,244151,12106,256257,2568
2021-01-18,Sacramento,067,1510023,83152,80546,956,81502,1046
2021-01-18,San Benito,069,59416,5111,4963,56,5019,35
2021-01-18,San Bernardino,071,2135413,264023,252808,7613,260421,1775
2021-01-18,San Diego,073,3302833,229294,214335,10592,224927,2103
2021-01-18,San Francisco,075,870044,30082,29321,640,29961,259
2021-01-18,San Joaquin,077,732212,59344,57405,2339,59744,782
2021-01-18,San Luis Obispo,079,281455,16746,15742,425,16167,158
2021-01-18,San Mateo,081,765935,34533,32515,259,32774,208
2021-01-18,Santa Barbara,083,443738,26562,24638,837,25475,235
2021-01-18,Santa Clara,085,1922200,96608,93688,436,94124,992
2021-01-18,Santa Cruz,087,273765,13495,12298,618,12916,106
2021-01-18,Shasta,089,179085,9945,9600,995,10595,92
2021-01-18,Sierra,091,2930,46,40,10,50,0
2021-01-18,Siskiyou,093,43540,1250,1144,181,1325,4
2021-01-18,Solano,095,438530,26206,25344,285,25629,105
2021-01-18,Sonoma,097,501317,24642,24068,124,24192,223
2021-01-18,Stanislaus,099,539301,44310,42413,4400,46813,562
2021-01-18,Sutter,101,95872,7895,7680,66,7746,78
2021-01-18,Tehama,103,63373,4017,3854,438,4292,19
2021-01-18,Trinity,105,12862,437,260,66,326,3
2021-01-18,Tulare,107,460477,43345,41196,5901,47097,549
2021-01-18,Tuolumne,109,53932,3314,3318,28,3346,28
2021-01-18,Ventura,111,848112,65070,61859,2291,64150,379
2021-01-18,Yolo,113,214977,11343,10620,127,10747,134
2021-01-18,Yuba,115,75493,4881,4671,61,4732,29
2021-01-17,Alameda,001,1643700,69693,67375,1454,68829,676
2021-01-17,Alpine,003,1148,73,71,0,71,0
2021-01-17,Amador,005,37829,3051,3001,24,3025,28
2021-01-17,Butte,007,227075,10007,9411,1343,10754,129
2021-01-17,Calaveras,009,45235,1622,1608,7,1615,21
2021-01-17,Colusa,011,21464,1648,1588,165,1753,7
2021-01-17,Contra Costa,013,1133247,54152,51932,885,52817,447
2021-01-17,Del Norte,015,27424,876,838,3,841,2
2021-01-17,El Dorado,017,186661,8132,7659,515,8174,47
2021-01-17,Fresno,019,978130,86561,82039,6470,88509,857
2021-01-17,Glenn,021,27897,2016,1924,401,2325,9
2021-01-17,Humboldt,023,135768,2492,2322,11,2333,22
2021-01-17,Imperial,025,180216,25827,25253,2200,27453,451
2021-01-17,Inyo,027,18085,989,864,8,872,26
2021-01-17,Kern,029,883053,83162,79489,7454,86943,738
2021-01-17,Kings,031,150075,19940,19201,768,19969,131
2021-01-17,Lake,033,64148,2706,2572,0,2572,30
2021-01-17,Lassen,035,31185,4819,4740,77,4817,1
2021-01-17,Los Angeles,037,10098052,1048010,993028,33654,1026682,13741
2021-01-17,Madera,039,155013,13935,13328,660,13988,85
2021-01-17,Marin,041,260295,11819,11552,116,11668,164
2021-01-17,Mariposa,043,17540,337,319,2,321,3
2021-01-17,Mendocino,045,87422,3073,2912,55,2967,31
2021-01-17,Merced,047,269075,24364,23800,628,24428,242
2021-01-17,Modoc,049,8938,297,279,89,368,0
2021-01-17,Mono,051,14174,1093,1091,13,1104,3
2021-01-17,Monterey,053,433212,36807,35340,1203,36543,244
2021-01-17,Napa,055,140530,7877,7521,31,7552,38
2021-01-17,Nevada,057,99092,3385,3176,132,3308,17
2021-01-17,Orange,059,3164182,219373,212389,8874,221263,2359
2021-01-17,Placer,061,380077,18394,17194,861,18055,181
2021-01-17,Plumas,063,18699,589,505,9,514,2
2021-01-17,Riverside,065,2383286,254265,242206,11987,254193,2534
2021-01-17,Sacramento,067,1510023,82551,80154,943,81097,1045
2021-01-17,San Benito,069,59416,5073,4941,56,4997,35
2021-01-17,San Bernardino,071,2135413,261899,251487,7524,259011,1775
2021-01-17,San Diego,073,3302833,227100,211785,10485,222270,2103
2021-01-17,San Francisco,075,870044,29897,29139,601,29740,255
2021-01-17,San Joaquin,077,732212,58985,57094,2324,59418,780
2021-01-17,San Luis Obispo,079,281455,16624,15658,416,16074,157
2021-01-17,San Mateo,081,765935,34280,32186,236,32422,208
2021-01-17,Santa Barbara,083,443738,26105,24401,821,25222,235
2021-01-17,Santa Clara,085,1922200,95858,92752,433,93185,976
2021-01-17,Santa Cruz,087,273765,13383,12196,615,12811,106
2021-01-17,Shasta,089,179085,9887,9588,987,10575,92
2021-01-17,Sierra,091,2930,46,38,9,47,0
2021-01-17,Siskiyou,093,43540,1243,1136,178,1314,4
2021-01-17,Solano,095,438530,25976,25216,283,25499,105
2021-01-17,Sonoma,097,501317,24468,23871,124,23995,223
2021-01-17,Stanislaus,099,539301,43990,42221,4336,46557,562
2021-01-17,Sutter,101,95872,7831,7604,65,7669,77
2021-01-17,Tehama,103,63373,3987,3837,434,4271,18
2021-01-17,Trinity,105,12862,437,261,66,327,3
2021-01-17,Tulare,107,460477,43053,41016,5785,46801,549
2021-01-17,Tuolumne,109,53932,3297,3287,28,3315,27
2021-01-17,Ventura,111,848112,64223,61257,2244,63501,376
2021-01-17,Yolo,113,214977,11244,10519,125,10644,134
2021-01-17,Yuba,115,75493,4831,4640,59,4699,28
2021-01-16,Alameda,001,1643700,69370,66583,1441,68024,673
2021-01-16,Alpine,003,1148,73,71,0,71,0
2021-01-16,Amador,005,37829,3048,2986,24,3010,28
2021-01-16,Butte,007,227075,9977,9359,1323,10682,129
2021-01-16,Calaveras,009,45235,1609,1596,7,1603,21
2021-01-16,Colusa,011,21464,1636,1578,165,1743,7
2021-01-16,Contra Costa,013,1133247,53887,51363,878,52241,443
2021-01-16,Del Norte,015,27424,871,833,3,836,2
2021-01-16,El Dorado,017,186661,8110,7575,514,8089,47
2021-01-16,Fresno,019,978130,86288,81294,6413,87707,846
2021-01-16,Glenn,021,27897,2012,1894,398,2292,9
2021-01-16,Humboldt,023,135768,2472,2294,9,2303,22
2021-01-16,Imperial,025,180216,25793,25140,2193,27333,451
2021-01-16,Inyo,027,18085,985,845,8,853,25
2021-01-16,Kern,029,883053,82795,78865,7401,86266,733
2021-01-16,Kings,031,150075,19884,19072,765,19837,131
2021-01-16,Lake,033,64148,2696,2504,0,2504,30
2021-01-16,Lassen,035,31185,4807,4719,77,4796,1
2021-01-16,Los Angeles,037,10098052,1043929,982684,33413,1016097,13654
2021-01-16,Madera,039,155013,13869,13193,656,13849,85
2021-01-16,Marin,041,260295,11777,11482,116,11598,164
2021-01-16,Mariposa,043,17540,336,317,2,319,3
2021-01-16,Mendocino,045,87422,3059,2890,52,2942,31
2021-01-16,Merced,047,269075,24276,23478,614,24092,242
2021-01-16,Modoc,049,8938,297,278,89,367,0
2021-01-16,Mono,051,14174,1091,1079,13,1092,3
2021-01-16,Monterey,053,433212,36698,34972,1185,36157,243
2021-01-16,Napa,055,140530,7838,7356,31,7387,39
2021-01-16,Nevada,057,99092,3352,3144,132,3276,17
2021-01-16,Orange,059,3164182,218334,210111,8817,218928,2312
2021-01-16,Placer,061,380077,18330,16995,859,17854,177
2021-01-16,Plumas,063,18699,587,502,9,511,2
2021-01-16,Riverside,065,2383286,252911,239412,11870,251282,2506
2021-01-16,Sacramento,067,1510023,82175,79122,926,80048,1033
2021-01-16,San Benito,069,59416,5041,4875,56,4931,35
2021-01-16,San Bernardino,071,2135413,261116,249401,7458,256859,1755
2021-01-16,San Diego,073,3302833,225802,209895,10388,220283,2065
2021-01-16,San Francisco,075,870044,29770,28853,570,29423,244
2021-01-16,San Joaquin,077,732212,58738,56642,2293,58935,776
2021-01-16,San Luis Obispo,079,281455,16523,15466,414,15880,152
2021-01-16,San Mateo,081,765935,34116,31805,230,32035,208
2021-01-16,Santa Barbara,083,443738,25908,24088,814,24902,229
2021-01-16,Santa Clara,085,1922200,95391,91584,426,92010,954
2021-01-16,Santa Cruz,087,273765,13324,12026,613,12639,106
2021-01-16,Shasta,089,179085,9854,9547,983,10530,92
2021-01-16,Sierra,091,2930,45,38,9,47,0
2021-01-16,Siskiyou,093,43540,1238,1124,178,1302,4
2021-01-16,Solano,095,438530,25867,24732,277,25009,103
2021-01-16,Sonoma,097,501317,24377,23607,123,23730,223
2021-01-16,Stanislaus,099,539301,43800,41809,4285,46094,562
2021-01-16,Sutter,101,95872,7799,7560,65,7625,76
2021-01-16,Tehama,103,63373,3973,3783,434,4217,18
2021-01-16,Trinity,105,12862,437,261,66,327,3
2021-01-16,Tulare,107,460477,42873,40655,5712,46367,542
2021-01-16,Tuolumne,109,53932,3289,3269,28,3297,27
2021-01-16,Ventura,111,848112,63670,60368,2214,62582,369
2021-01-16,Yolo,113,214977,11195,10406,124,10530,134
2021-01-16,Yuba,115,75493,4800,4602,59,4661,27
2021-01-15,Alameda,001,1643700,68930,65416,1431,66847,672
2021-01-15,Alpine,003,1148,73,71,0,71,0
2021-01-15,Amador,005,37829,3041,2953,24,2977,28
2021-01-15,Butte,007,227075,9939,9233,1306,10539,129
2021-01-15,Calaveras,009,45235,1602,1538,7,1545,21
2021-01-15,Colusa,011,21464,1625,1541,160,1701,7
2021-01-15,Contra Costa,013,1133247,53557,50408,871,51279,428
2021-01-15,Del Norte,015,27424,867,828,2,830,2
2021-01-15,El Dorado,017,186661,8061,7439,505,7944,47
2021-01-15,Fresno,019,978130,85751,79950,6377,86327,832
2021-01-15,Glenn,021,27897,2007,1824,395,2219,9
2021-01-15,Humboldt,023,135768,2445,2218,8,2226,22
2021-01-15,Imperial,025,180216,25759,24944,2187,27131,446
2021-01-15,Inyo,027,18085,967,814,8,822,25
2021-01-15,Kern,029,883053,82383,77873,7336,85209,719
2021-01-15,Kings,031,150075,19775,18661,759,19420,131
2021-01-15,Lake,033,64148,2670,2434,0,2434,28
2021-01-15,Lassen,035,31185,4796,4693,75,4768,1
2021-01-15,Los Angeles,037,10098052,1036884,968979,33122,1002101,13404
2021-01-15,Madera,039,155013,13784,12883,653,13536,85
2021-01-15,Marin,041,260295,11726,11310,116,11426,160
2021-01-15,Mariposa,043,17540,334,307,2,309,3
2021-01-15,Mendocino,045,87422,3048,2835,52,2887,31
2021-01-15,Merced,047,269075,24163,23060,610,23670,239
2021-01-15,Modoc,049,8938,297,278,87,365,0
2021-01-15,Mono,051,14174,1088,1057,13,1070,3
2021-01-15,Monterey,053,433212,36486,34460,1126,35586,243
2021-01-15,Napa,055,140530,7776,7231,31,7262,38
2021-01-15,Nevada,057,99092,3339,3099,129,3228,17
2021-01-15,Orange,059,3164182,216976,207129,8765,215894,2254
2021-01-15,Placer,061,380077,18226,16712,850,17562,173
2021-01-15,Plumas,063,18699,584,499,9,508,2
2021-01-15,Riverside,065,2383286,251053,235235,11792,247027,2458
2021-01-15,Sacramento,067,1510023,81754,80279,918,81197,1023
2021-01-15,San Benito,069,59416,5002,4766,54,4820,35
2021-01-15,San Bernardino,071,2135413,259956,246182,7400,253582,1726
2021-01-15,San Diego,073,3302833,224053,206868,10323,217191,2037
2021-01-15,San Francisco,075,870044,29596,28574,550,29124,242
2021-01-15,San Joaquin,077,732212,58504,55885,2279,58164,748
2021-01-15,San Luis Obispo,079,281455,16390,15129,409,15538,148
2021-01-15,San Mateo,081,765935,33871,31291,226,31517,208
2021-01-15,Santa Barbara,083,443738,25630,23487,804,24291,226
2021-01-15,Santa Clara,085,1922200,94741,90103,421,90524,942
2021-01-15,Santa Cruz,087,273765,13215,11776,599,12375,105
2021-01-15,Shasta,089,179085,9815,9459,975,10434,91
2021-01-15,Sierra,091,2930,44,36,7,43,0
2021-01-15,Siskiyou,093,43540,1234,1119,177,1296,4
2021-01-15,Solano,095,438530,25718,24222,274,24496,103
2021-01-15,Sonoma,097,501317,24245,23204,122,23326,222
2021-01-15,Stanislaus,099,539301,43553,41178,4247,45425,562
2021-01-15,Sutter,101,95872,7752,7484,64,7548,75
2021-01-15,Tehama,103,63373,3951,3714,433,4147,17
2021-01-15,Trinity,105,12862,437,262,66,328,3
2021-01-15,Tulare,107,460477,42628,39951,5628,45579,535
2021-01-15,Tuolumne,109,53932,3273,3231,28,3259,27
2021-01-15,Ventura,111,848112,62926,59061,2181,61242,353
2021-01-15,Yolo,113,214977,11140,10240,123,10363,134
2021-01-15,Yuba,115,75493,4779,4549,59,4608,27
2021-01-14,Alameda,001,1643700,68277,64364,1416,65780,686
2021-01-14,Alpine,003,1148,73,71,0,71,0
2021-01-14,Amador,005,37829,3035,2940,24,2964,28
2021-01-14,Butte,007,227075,9854,9127,1285,10412,129
2021-01-14,Calaveras,009,45235,1585,1513,7,1520,21
2021-01-14,Colusa,011,21464,1610,1535,157,1692,7
2021-01-14,Contra Costa,013,1133247,53003,49545,857,50402,415
2021-01-14,Del Norte,015,27424,861,821,2,823,2
2021-01-14,El Dorado,017,186661,7987,7321,497,7818,45
2021-01-14,Fresno,019,978130,85118,79033,6297,85330,814
2021-01-14,Glenn,021,27897,1995,1798,390,2188,9
2021-01-14,Humboldt,023,135768,2402,2169,8,2177,22
2021-01-14,Imperial,025,180216,25650,24882,2152,27034,447
2021-01-14,Inyo,027,18085,960,790,8,798,25
2021-01-14,Kern,029,883053,81715,77070,7235,84305,705
2021-01-14,Kings,031,150075,19645,18405,755,19160,108
2021-01-14,Lake,033,64148,2627,2378,0,2378,27
2021-01-14,Lassen,035,31185,4786,4673,73,4746,1
2021-01-14,Los Angeles,037,10098052,1026875,954652,32741,987393,13147
2021-01-14,Madera,039,155013,13671,12742,642,13384,85
2021-01-14,Marin,041,260295,11652,11155,115,11270,159
2021-01-14,Mariposa,043,17540,331,302,2,304,3
2021-01-14,Mendocino,045,87422,3034,2801,50,2851,31
2021-01-14,Merced,047,269075,23936,22780,600,23380,239
2021-01-14,Modoc,049,8938,297,273,87,360,0
2021-01-14,Mono,051,14174,1080,1020,13,1033,3
2021-01-14,Monterey,053,433212,36071,34105,1106,35211,242
2021-01-14,Napa,055,140530,7691,7117,31,7148,38
2021-01-14,Nevada,057,99092,3312,3075,127,3202,17
2021-01-14,Orange,059,3164182,215047,204442,8679,213121,2162
2021-01-14,Placer,061,380077,18064,16488,843,17331,169
2021-01-14,Plumas,063,18699,576,496,9,505,2
2021-01-14,Riverside,065,2383286,248404,231684,11693,243377,2357
2021-01-14,Sacramento,067,1510023,81115,79137,894,80031,1007
2021-01-14,San Benito,069,59416,4966,4678,53,4731,35
2021-01-14,San Bernardino,071,2135413,257989,243379,7330,250709,1750
2021-01-14,San Diego,073,3302833,221659,204173,10203,214376,2005
2021-01-14,San Francisco,075,870044,29352,28200,502,28702,238
2021-01-14,San Joaquin,077,732212,57986,55058,2265,57323,739
2021-01-14,San Luis Obispo,079,281455,16228,14851,400,15251,146
2021-01-14,San Mateo,081,765935,33502,30694,217,30911,208
2021-01-14,Santa Barbara,083,443738,25218,23126,778,23904,219
2021-01-14,Santa Clara,085,1922200,93804,88505,414,88919,910
2021-01-14,Santa Cruz,087,273765,13068,11583,583,12166,109
2021-01-14,Shasta,089,179085,9765,9334,959,10293,90
2021-01-14,Sierra,091,2930,44,35,6,41,0
2021-01-14,Siskiyou,093,43540,1222,1108,174,1282,3
2021-01-14,Solano,095,438530,25459,23782,270,24052,103
2021-01-14,Sonoma,097,501317,24005,22910,122,23032,202
2021-01-14,Stanislaus,099,539301,43228,40597,4206,44803,574
2021-01-14,Sutter,101,95872,7693,7416,61,7477,74
2021-01-14,Tehama,103,63373,3924,3664,429,4093,17
2021-01-14,Trinity,105,12862,437,261,65,326,3
2021-01-14,Tulare,107,460477,42244,39565,5519,45084,533
2021-01-14,Tuolumne,109,53932,3252,3215,28,3243,28
2021-01-14,Ventura,111,848112,62054,57941,2143,60084,347
2021-01-14,Yolo,113,214977,11029,10097,117,10214,135
2021-01-14,Yuba,115,75493,4747,4496,59,4555,27
2021-01-13,Alameda,001,1643700,67521,63568,1399,64967,690
2021-01-13,Alpine,003,1148,73,71,0,71,0
2021-01-13,Amador,005,37829,3021,2914,24,2938,26
2021-01-13,Butte,007,227075,9775,9013,1271,10284,126
2021-01-13,Calaveras,009,45235,1563,1493,7,1500,21
2021-01-13,Colusa,011,21464,1598,1524,152,1676,7
2021-01-13,Contra Costa,013,1133247,52423,48877,845,49722,403
2021-01-13,Del Norte,015,27424,857,820,2,822,2
2021-01-13,El Dorado,017,186661,7894,7247,489,7736,43
2021-01-13,Fresno,019,978130,84398,78278,6255,84533,804
2021-01-13,Glenn,021,27897,1979,1792,381,2173,9
2021-01-13,Humboldt,023,135768,2369,2114,8,2122,22
2021-01-13,Imperial,025,180216,25526,24717,2119,26836,463
2021-01-13,Inyo,027,18085,948,785,8,793,25
2021-01-13,Kern,029,883053,81054,76049,7145,83194,704
2021-01-13,Kings,031,150075,19478,18121,733,18854,108
2021-01-13,Lake,033,64148,2583,2305,0,2305,27
2021-01-13,Lassen,035,31185,4779,4663,72,4735,1
2021-01-13,Los Angeles,037,10098052,1016094,937985,32330,970315,12873
2021-01-13,Madera,039,155013,13545,12570,637,13207,85
2021-01-13,Marin,041,260295,11596,11039,115,11154,161
2021-01-13,Mariposa,043,17540,329,304,2,306,3
2021-01-13,Mendocino,045,87422,3014,2790,50,2840,31
2021-01-13,Merced,047,269075,23697,22497,586,23083,241
2021-01-13,Modoc,049,8938,296,274,84,358,0
2021-01-13,Mono,051,14174,1076,1017,13,1030,3
2021-01-13,Monterey,053,433212,35652,33748,1082,34830,241
2021-01-13,Napa,055,140530,7577,7028,31,7059,36
2021-01-13,Nevada,057,99092,3288,3037,124,3161,17
2021-01-13,Orange,059,3164182,212957,201158,8610,209768,2172
2021-01-13,Placer,061,380077,17937,16272,829,17101,172
2021-01-13,Plumas,063,18699,574,490,9,499,2
2021-01-13,Riverside,065,2383286,245254,228192,11576,239768,2278
2021-01-13,Sacramento,067,1510023,80455,78268,887,79155,996
2021-01-13,San Benito,069,59416,4909,4583,52,4635,35
2021-01-13,San Bernardino,071,2135413,255614,240191,7258,247449,1759
2021-01-13,San Diego,073,3302833,219045,201578,10100,211678,1952
2021-01-13,San Francisco,075,870044,29113,27863,480,28343,238
2021-01-13,San Joaquin,077,732212,57363,54373,2235,56608,738
2021-01-13,San Luis Obispo,079,281455,16073,14625,389,15014,140
2021-01-13,San Mateo,081,765935,33162,30195,215,30410,207
2021-01-13,Santa Barbara,083,443738,24784,22714,754,23468,216
2021-01-13,Santa Clara,085,1922200,92828,87187,411,87598,911
2021-01-13,Santa Cruz,087,273765,12895,11423,569,11992,110
2021-01-13,Shasta,089,179085,9701,9180,945,10125,93
2021-01-13,Sierra,091,2930,44,33,6,39,0
2021-01-13,Siskiyou,093,43540,1216,1102,170,1272,3
2021-01-13,Solano,095,438530,25174,23503,269,23772,105
2021-01-13,Sonoma,097,501317,23757,22610,121,22731,206
2021-01-13,Stanislaus,099,539301,42833,40167,4155,44322,574
2021-01-13,Sutter,101,95872,7647,7350,60,7410,73
2021-01-13,Tehama,103,63373,3874,3589,424,4013,17
2021-01-13,Trinity,105,12862,437,260,65,325,3
2021-01-13,Tulare,107,460477,41836,39129,5415,44544,522
2021-01-13,Tuolumne,109,53932,3238,3196,28,3224,28
2021-01-13,Ventura,111,848112,61041,56453,2104,58557,338
2021-01-13,Yolo,113,214977,10929,9933,113,10046,135
2021-01-13,Yuba,115,75493,4705,4448,56,4504,27
2021-01-12,Alameda,001,1643700,66698,62642,1379,64021,677
2021-01-12,Alpine,003,1148,73,71,0,71,0
2021-01-12,Amador,005,37829,3004,2897,24,2921,26
2021-01-12,Butte,007,227075,9689,8883,1254,10137,124
2021-01-12,Calaveras,009,45235,1526,1475,7,1482,21
2021-01-12,Colusa,011,21464,1586,1510,148,1658,7
2021-01-12,Contra Costa,013,1133247,51782,48242,831,49073,399
2021-01-12,Del Norte,015,27424,852,816,2,818,2
2021-01-12,El Dorado,017,186661,7811,7156,478,7634,41
2021-01-12,Fresno,019,978130,83526,77651,6186,83837,796
2021-01-12,Glenn,021,27897,1954,1781,377,2158,9
2021-01-12,Humboldt,023,135768,2315,2077,7,2084,22
2021-01-12,Imperial,025,180216,25436,24566,2078,26644,457
2021-01-12,Inyo,027,18085,931,773,8,781,25
2021-01-12,Kern,029,883053,80349,75320,7047,82367,689
2021-01-12,Kings,031,150075,19266,18072,723,18795,108
2021-01-12,Lake,033,64148,2536,2260,0,2260,27
2021-01-12,Lassen,035,31185,4757,4659,70,4729,1
2021-01-12,Los Angeles,037,10098052,1004450,926295,31917,958212,12610
2021-01-12,Madera,039,155013,13404,12485,628,13113,85
2021-01-12,Marin,041,260295,11487,10960,115,11075,157
2021-01-12,Mariposa,043,17540,326,302,2,304,3
2021-01-12,Mendocino,045,87422,2994,2762,46,2808,31
2021-01-12,Merced,047,269075,23446,22172,564,22736,239
2021-01-12,Modoc,049,8938,294,274,84,358,0
2021-01-12,Mono,051,14174,1066,1008,13,1021,3
2021-01-12,Monterey,053,433212,35155,33381,1062,34443,240
2021-01-12,Napa,055,140530,7494,6936,31,6967,36
2021-01-12,Nevada,057,99092,3260,3014,122,3136,17
2021-01-12,Orange,059,3164182,210666,198260,8523,206783,2142
2021-01-12,Placer,061,380077,17767,16087,823,16910,163
2021-01-12,Plumas,063,18699,568,483,9,492,2
2021-01-12,Riverside,065,2383286,242121,225580,11437,237017,2266
2021-01-12,Sacramento,067,1510023,79726,77201,879,78080,985
2021-01-12,San Benito,069,59416,4841,4515,52,4567,35
2021-01-12,San Bernardino,071,2135413,253046,237008,7189,244197,1739
2021-01-12,San Diego,073,3302833,216130,198317,9984,208301,1898
2021-01-12,San Francisco,075,870044,28836,27531,447,27978,238
2021-01-12,San Joaquin,077,732212,56720,53630,2208,55838,725
2021-01-12,San Luis Obispo,079,281455,15827,14367,380,14747,132
2021-01-12,San Mateo,081,765935,32771,29747,203,29950,206
2021-01-12,Santa Barbara,083,443738,24368,22182,726,22908,209
2021-01-12,Santa Clara,085,1922200,91757,86075,403,86478,904
2021-01-12,Santa Cruz,087,273765,12680,11267,553,11820,110
2021-01-12,Shasta,089,179085,9628,9086,932,10018,84
2021-01-12,Sierra,091,2930,43,33,6,39,0
2021-01-12,Siskiyou,093,43540,1206,1091,164,1255,3
2021-01-12,Solano,095,438530,24871,23160,264,23424,102
2021-01-12,Sonoma,097,501317,23449,22403,121,22524,205
2021-01-12,Stanislaus,099,539301,42391,39615,4120,43735,571
2021-01-12,Sutter,101,95872,7584,7276,59,7335,73
2021-01-12,Tehama,103,63373,3836,3567,419,3986,17
2021-01-12,Trinity,105,12862,437,258,65,323,3
2021-01-12,Tulare,107,460477,41377,38797,5299,44096,509
2021-01-12,Tuolumne,109,53932,3205,3178,28,3206,28
2021-01-12,Ventura,111,848112,60068,55342,2071,57413,324
2021-01-12,Yolo,113,214977,10795,9857,103,9960,133
2021-01-12,Yuba,115,75493,4663,4389,56,4445,27
2021-01-11,Alameda,001,1643700,65838,61949,1362,63311,652
2021-01-11,Alpine,003,1148,73,70,0,70,0
2021-01-11,Amador,005,37829,2990,2867,24,2891,24
2021-01-11,Butte,007,227075,9575,8757,1236,9993,119
2021-01-11,Calaveras,009,45235,1507,1460,7,1467,21
2021-01-11,Colusa,011,21464,1568,1494,144,1638,7
2021-01-11,Contra Costa,013,1133247,51103,47728,822,48550,398
2021-01-11,Del Norte,015,27424,848,810,2,812,2
2021-01-11,El Dorado,017,186661,7717,6987,470,7457,36
2021-01-11,Fresno,019,978130,82646,76581,6109,82690,775
2021-01-11,Glenn,021,27897,1927,1763,371,2134,9
2021-01-11,Humboldt,023,135768,2276,2069,7,2076,22
2021-01-11,Imperial,025,180216,25321,24418,2042,26460,453
2021-01-11,Inyo,027,18085,913,763,8,771,25
2021-01-11,Kern,029,883053,79493,74489,6945,81434,682
2021-01-11,Kings,031,150075,19003,17909,715,18624,108
2021-01-11,Lake,033,64148,2484,2205,0,2205,26
2021-01-11,Lassen,035,31185,4734,4647,69,4716,1
2021-01-11,Los Angeles,037,10098052,991235,914434,31444,945878,12304
2021-01-11,Madera,039,155013,13271,12366,617,12983,85
2021-01-11,Marin,041,260295,11391,10814,112,10926,156
2021-01-11,Mariposa,043,17540,319,296,2,298,3
2021-01-11,Mendocino,045,87422,2966,2728,46,2774,31
2021-01-11,Merced,047,269075,23123,21884,549,22433,238
2021-01-11,Modoc,049,8938,293,271,83,354,0
2021-01-11,Mono,051,14174,1060,1006,13,1019,3
2021-01-11,Monterey,053,433212,34617,32858,999,33857,239
2021-01-11,Napa,055,140530,7392,6822,31,6853,36
2021-01-11,Nevada,057,99092,3232,2980,122,3102,17
2021-01-11,Orange,059,3164182,208085,196340,8422,204762,2113
2021-01-11,Placer,061,380077,17587,15919,813,16732,163
2021-01-11,Plumas,063,18699,564,477,9,486,2
2021-01-11,Riverside,065,2383286,238605,222907,11290,234197,2222
2021-01-11,Sacramento,067,1510023,78795,76009,863,76872,974
2021-01-11,San Benito,069,59416,4766,4482,45,4527,34
2021-01-11,San Bernardino,071,2135413,250209,235543,7090,242633,1739
2021-01-11,San Diego,073,3302833,212861,194793,9824,204617,1857
2021-01-11,San Francisco,075,870044,28560,27264,426,27690,238
2021-01-11,San Joaquin,077,732212,56110,53002,2178,55180,725
2021-01-11,San Luis Obispo,079,281455,15456,14213,372,14585,126
2021-01-11,San Mateo,081,765935,32326,29355,191,29546,206
2021-01-11,Santa Barbara,083,443738,23924,21740,709,22449,200
2021-01-11,Santa Clara,085,1922200,90554,84851,394,85245,877
2021-01-11,Santa Cruz,087,273765,12500,11093,529,11622,106
2021-01-11,Shasta,089,179085,9530,8977,919,9896,81
2021-01-11,Sierra,091,2930,41,33,6,39,0
2021-01-11,Siskiyou,093,43540,1197,1087,162,1249,3
2021-01-11,Solano,095,438530,24549,22893,259,23152,101
2021-01-11,Sonoma,097,501317,23203,22191,121,22312,205
2021-01-11,Stanislaus,099,539301,41899,39149,4068,43217,571
2021-01-11,Sutter,101,95872,7525,7204,58,7262,71
2021-01-11,Tehama,103,63373,3772,3524,397,3921,17
2021-01-11,Trinity,105,12862,437,256,65,321,2
2021-01-11,Tulare,107,460477,40962,38380,5220,43600,497
2021-01-11,Tuolumne,109,53932,3194,3165,28,3193,27
2021-01-11,Ventura,111,848112,58931,54202,2048,56250,320
2021-01-11,Yolo,113,214977,10584,9699,101,9800,129
2021-01-11,Yuba,115,75493,4625,4349,49,4398,27
2021-01-10,Alameda,001,1643700,64845,61111,1334,62445,650
2021-01-10,Alpine,003,1148,73,70,0,70,0
2021-01-10,Amador,005,37829,2966,2861,24,2885,24
2021-01-10,Butte,007,227075,9455,8665,1210,9875,119
2021-01-10,Calaveras,009,45235,1483,1449,7,1456,21
2021-01-10,Colusa,011,21464,1544,1478,143,1621,7
2021-01-10,Contra Costa,013,1133247,50316,47109,804,47913,398
2021-01-10,Del Norte,015,27424,845,809,2,811,2
2021-01-10,El Dorado,017,186661,7630,6904,452,7356,36
2021-01-10,Fresno,019,978130,81835,75621,5986,81607,775
2021-01-10,Glenn,021,27897,1908,1746,363,2109,9
2021-01-10,Humboldt,023,135768,2215,2049,7,2056,22
2021-01-10,Imperial,025,180216,25158,24233,1991,26224,453
2021-01-10,Inyo,027,18085,885,748,8,756,25
2021-01-10,Kern,029,883053,78666,73712,6813,80525,679
2021-01-10,Kings,031,150075,18784,17812,708,18520,108
2021-01-10,Lake,033,64148,2431,2174,0,2174,26
2021-01-10,Lassen,035,31185,4712,4642,69,4711,1
2021-01-10,Los Angeles,037,10098052,976644,901783,30817,932600,12170
2021-01-10,Madera,039,155013,13082,12179,602,12781,85
2021-01-10,Marin,041,260295,11270,10737,110,10847,155
2021-01-10,Mariposa,043,17540,319,291,2,293,3
2021-01-10,Mendocino,045,87422,2935,2706,42,2748,31
2021-01-10,Merced,047,269075,22850,21691,537,22228,238
2021-01-10,Modoc,049,8938,293,271,81,352,0
2021-01-10,Mono,051,14174,1042,965,13,978,3
2021-01-10,Monterey,053,433212,34177,32571,967,33538,237
2021-01-10,Napa,055,140530,7288,6687,29,6716,36
2021-01-10,Nevada,057,99092,3213,2959,118,3077,17
2021-01-10,Orange,059,3164182,205319,193766,8298,202064,2104
2021-01-10,Placer,061,380077,17400,15779,793,16572,163
2021-01-10,Plumas,063,18699,554,477,9,486,2
2021-01-10,Riverside,065,2383286,235233,219486,11100,230586,2216
2021-01-10,Sacramento,067,1510023,77835,75394,835,76229,965
2021-01-10,San Benito,069,59416,4667,4434,44,4478,34
2021-01-10,San Bernardino,071,2135413,246619,232171,6986,239157,1736
2021-01-10,San Diego,073,3302833,209195,191886,9657,201543,1857
2021-01-10,San Francisco,075,870044,28176,27054,395,27449,238
2021-01-10,San Joaquin,077,732212,55251,52535,2144,54679,725
2021-01-10,San Luis Obispo,079,281455,15127,13968,360,14328,122
2021-01-10,San Mateo,081,765935,31834,28972,177,29149,206
2021-01-10,Santa Barbara,083,443738,23372,21290,688,21978,200
2021-01-10,Santa Clara,085,1922200,89380,83779,385,84164,858
2021-01-10,Santa Cruz,087,273765,12287,10951,508,11459,106
2021-01-10,Shasta,089,179085,9418,8936,904,9840,81
2021-01-10,Sierra,091,2930,40,32,6,38,0
2021-01-10,Siskiyou,093,43540,1191,1075,159,1234,3
2021-01-10,Solano,095,438530,24148,22621,256,22877,101
2021-01-10,Sonoma,097,501317,22928,21925,120,22045,204
2021-01-10,Stanislaus,099,539301,41326,38809,3990,42799,571
2021-01-10,Sutter,101,95872,7464,7133,55,7188,71
2021-01-10,Tehama,103,63373,3698,3504,384,3888,17
2021-01-10,Trinity,105,12862,437,253,63,316,2
2021-01-10,Tulare,107,460477,40546,38012,5098,43110,497
2021-01-10,Tuolumne,109,53932,3160,3143,27,3170,27
2021-01-10,Ventura,111,848112,57663,53095,2004,55099,319
2021-01-10,Yolo,113,214977,10432,9610,100,9710,129
2021-01-10,Yuba,115,75493,4573,4300,46,4346,27
2021-01-09,Alameda,001,1643700,64324,60125,1318,61443,649
2021-01-09,Alpine,003,1148,73,70,0,70,0
2021-01-09,Amador,005,37829,2959,2809,24,2833,24
2021-01-09,Butte,007,227075,9374,8552,1186,9738,118
2021-01-09,Calaveras,009,45235,1474,1425,7,1432,21
2021-01-09,Colusa,011,21464,1538,1468,142,1610,7
2021-01-09,Contra Costa,013,1133247,49964,46406,789,47195,393
2021-01-09,Del Norte,015,27424,843,802,2,804,2
2021-01-09,El Dorado,017,186661,7598,6800,449,7249,36
2021-01-09,Fresno,019,978130,81426,74816,5946,80762,773
2021-01-09,Glenn,021,27897,1892,1707,360,2067,9
2021-01-09,Humboldt,023,135768,2197,2026,7,2033,22
2021-01-09,Imperial,025,180216,25090,24028,1977,26005,448
2021-01-09,Inyo,027,18085,875,734,8,742,25
2021-01-09,Kern,029,883053,78202,73015,6737,79752,677
2021-01-09,Kings,031,150075,18689,17679,704,18383,108
2021-01-09,Lake,033,64148,2396,2144,0,2144,26
2021-01-09,Lassen,035,31185,4700,4613,68,4681,1
2021-01-09,Los Angeles,037,10098052,971076,887949,30374,918323,12011
2021-01-09,Madera,039,155013,12991,12063,597,12660,85
2021-01-09,Marin,041,260295,11207,10634,109,10743,154
2021-01-09,Mariposa,043,17540,316,287,2,289,3
2021-01-09,Mendocino,045,87422,2917,2664,42,2706,31
2021-01-09,Merced,047,269075,22708,21357,528,21885,237
2021-01-09,Modoc,049,8938,293,271,80,351,0
2021-01-09,Mono,051,14174,1037,964,13,977,3
2021-01-09,Monterey,053,433212,34029,31948,958,32906,235
2021-01-09,Napa,055,140530,7218,6594,26,6620,36
2021-01-09,Nevada,057,99092,3191,2932,115,3047,17
2021-01-09,Orange,059,3164182,203812,191004,8205,199209,2034
2021-01-09,Placer,061,380077,17292,15609,791,16400,162
2021-01-09,Plumas,063,18699,552,477,9,486,2
2021-01-09,Riverside,065,2383286,233481,216076,10963,227039,2201
2021-01-09,Sacramento,067,1510023,77301,74482,830,75312,953
2021-01-09,San Benito,069,59416,4617,4335,44,4379,34
2021-01-09,San Bernardino,071,2135413,245432,228857,6917,235774,1714
2021-01-09,San Diego,073,3302833,207502,188598,9537,198135,1824
2021-01-09,San Francisco,075,870044,28001,26708,352,27060,235
2021-01-09,San Joaquin,077,732212,54902,51927,2124,54051,724
2021-01-09,San Luis Obispo,079,281455,15003,13647,349,13996,121
2021-01-09,San Mateo,081,765935,31536,28512,170,28682,205
2021-01-09,Santa Barbara,083,443738,23163,20971,679,21650,197
2021-01-09,Santa Clara,085,1922200,88538,82269,373,82642,808
2021-01-09,Santa Cruz,087,273765,12191,10717,503,11220,107
2021-01-09,Shasta,089,179085,9385,8893,900,9793,81
2021-01-09,Sierra,091,2930,38,32,6,38,0
2021-01-09,Siskiyou,093,43540,1187,1062,155,1217,3
2021-01-09,Solano,095,438530,23990,22226,255,22481,101
2021-01-09,Sonoma,097,501317,22806,21393,120,21513,202
2021-01-09,Stanislaus,099,539301,41038,38403,3952,42355,567
2021-01-09,Sutter,101,95872,7428,7072,54,7126,69
2021-01-09,Tehama,103,63373,3668,3451,373,3824,15
2021-01-09,Trinity,105,12862,437,252,63,315,2
2021-01-09,Tulare,107,460477,40291,37684,5032,42716,496
2021-01-09,Tuolumne,109,53932,3152,3117,26,3143,26
2021-01-09,Ventura,111,848112,56834,51988,1978,53966,306
2021-01-09,Yolo,113,214977,10360,9524,97,9621,129
2021-01-09,Yuba,115,75493,4545,4265,46,4311,27
2021-01-08,Alameda,001,1643700,63765,59172,1307,60479,646
2021-01-08,Alpine,003,1148,73,70,0,70,0
2021-01-08,Amador,005,37829,2952,2792,24,2816,24
2021-01-08,Butte,007,227075,9314,8430,1171,9601,115
2021-01-08,Calaveras,009,45235,1460,1385,7,1392,21
2021-01-08,Colusa,011,21464,1525,1448,141,1589,7
2021-01-08,Contra Costa,013,1133247,49440,45667,785,46452,381
2021-01-08,Del Norte,015,27424,841,795,2,797,2
2021-01-08,El Dorado,017,186661,7528,6690,437,7127,36
2021-01-08,Fresno,019,978130,80611,73689,5885,79574,771
2021-01-08,Glenn,021,27897,1877,1680,355,2035,9
2021-01-08,Humboldt,023,135768,2173,1988,7,1995,22
2021-01-08,Imperial,025,180216,25024,23751,1962,25713,446
2021-01-08,Inyo,027,18085,861,682,8,690,24
2021-01-08,Kern,029,883053,77639,71978,6664,78642,674
2021-01-08,Kings,031,150075,18561,17441,699,18140,108
2021-01-08,Lake,033,64148,2371,2098,0,2098,26
2021-01-08,Lassen,035,31185,4692,4598,66,4664,1
2021-01-08,Los Angeles,037,10098052,960281,871188,29941,901129,11796
2021-01-08,Madera,039,155013,12840,11846,588,12434,85
2021-01-08,Marin,041,260295,11114,10531,108,10639,153
2021-01-08,Mariposa,043,17540,315,273,2,275,3
2021-01-08,Mendocino,045,87422,2898,2634,39,2673,31
2021-01-08,Merced,047,269075,22513,20862,523,21385,236
2021-01-08,Modoc,049,8938,293,266,80,346,0
2021-01-08,Mono,051,14174,1027,951,13,964,3
2021-01-08,Monterey,053,433212,33771,31543,947,32490,224
2021-01-08,Napa,055,140530,7148,6544,26,6570,32
2021-01-08,Nevada,057,99092,3169,2888,115,3003,17
2021-01-08,Orange,059,3164182,201822,186608,8118,194726,1991
2021-01-08,Placer,061,380077,17161,15401,784,16185,161
2021-01-08,Plumas,063,18699,546,465,9,474,2
2021-01-08,Riverside,065,2383286,231080,212122,10832,222954,2184
2021-01-08,Sacramento,067,1510023,76729,73245,824,74069,939
2021-01-08,San Benito,069,59416,4580,4225,43,4268,33
2021-01-08,San Bernardino,071,2135413,243547,224267,6846,231113,1703
2021-01-08,San Diego,073,3302833,204966,185060,9443,194503,1771
2021-01-08,San Francisco,075,870044,27752,26378,328,26706,207
2021-01-08,San Joaquin,077,732212,54566,50990,2095,53085,710
2021-01-08,San Luis Obispo,079,281455,14869,13286,337,13623,119
2021-01-08,San Mateo,081,765935,31186,28072,167,28239,204
2021-01-08,Santa Barbara,083,443738,22881,20461,670,21131,189
2021-01-08,Santa Clara,085,1922200,87516,80561,370,80931,789
2021-01-08,Santa Cruz,087,273765,12050,10486,494,10980,106
2021-01-08,Shasta,089,179085,9335,8772,885,9657,81
2021-01-08,Sierra,091,2930,38,31,6,37,0
2021-01-08,Siskiyou,093,43540,1184,1027,154,1181,3
2021-01-08,Solano,095,438530,23819,21832,252,22084,100
2021-01-08,Sonoma,097,501317,22665,21178,120,21298,201
2021-01-08,Stanislaus,099,539301,40737,37858,3916,41774,566
2021-01-08,Sutter,101,95872,7378,6982,54,7036,68
2021-01-08,Tehama,103,63373,3645,3406,369,3775,15
2021-01-08,Trinity,105,12862,437,247,63,310,2
2021-01-08,Tulare,107,460477,40019,36946,4931,41877,491
2021-01-08,Tuolumne,109,53932,3144,3099,26,3125,19
2021-01-08,Ventura,111,848112,55967,50553,1954,52507,294
2021-01-08,Yolo,113,214977,10272,9391,93,9484,129
2021-01-08,Yuba,115,75493,4503,4195,45,4240,26
2021-01-07,Alameda,001,1643700,62894,57921,1280,59201,632
2021-01-07,Alpine,003,1148,71,70,0,70,0
2021-01-07,Amador,005,37829,2939,2740,23,2763,24
2021-01-07,Butte,007,227075,9217,8278,1144,9422,112
2021-01-07,Calaveras,009,45235,1443,1342,6,1348,21
2021-01-07,Colusa,011,21464,1513,1420,134,1554,7
2021-01-07,Contra Costa,013,1133247,48657,44756,768,45524,376
2021-01-07,Del Norte,015,27424,839,791,2,793,2
2021-01-07,El Dorado,017,186661,7427,6545,425,6970,36
2021-01-07,Fresno,019,978130,79654,72557,5785,78342,765
2021-01-07,Glenn,021,27897,1859,1639,345,1984,9
2021-01-07,Humboldt,023,135768,2146,1954,7,1961,22
2021-01-07,Imperial,025,180216,24832,23608,1908,25516,431
2021-01-07,Inyo,027,18085,848,656,8,664,20
2021-01-07,Kern,029,883053,76782,70953,6513,77466,660
2021-01-07,Kings,031,150075,18433,17238,690,17928,108
2021-01-07,Lake,033,64148,2316,2054,0,2054,26
2021-01-07,Lassen,035,31185,4687,4581,64,4645,1
2021-01-07,Los Angeles,037,10098052,945387,853187,29397,882584,11480
2021-01-07,Madera,039,155013,12683,11644,577,12221,76
2021-01-07,Marin,041,260295,11024,10364,106,10470,153
2021-01-07,Mariposa,043,17540,313,264,2,266,3
2021-01-07,Mendocino,045,87422,2843,2585,34,2619,30
2021-01-07,Merced,047,269075,22192,20510,507,21017,234
2021-01-07,Modoc,049,8938,293,265,80,345,0
2021-01-07,Mono,051,14174,1016,905,13,918,3
2021-01-07,Monterey,053,433212,33252,30903,922,31825,222
2021-01-07,Napa,055,140530,7038,6408,26,6434,32
2021-01-07,Nevada,057,99092,3135,2847,110,2957,17
2021-01-07,Orange,059,3164182,198979,181922,8020,189942,1974
2021-01-07,Placer,061,380077,16982,15155,755,15910,144
2021-01-07,Plumas,063,18699,544,454,9,463,2
2021-01-07,Riverside,065,2383286,227624,208177,10676,218853,2156
2021-01-07,Sacramento,067,1510023,75820,72342,803,73145,919
2021-01-07,San Benito,069,59416,4519,4112,39,4151,33
2021-01-07,San Bernardino,071,2135413,240008,219691,6764,226455,1666
2021-01-07,San Diego,073,3302833,201660,180510,9264,189774,1738
2021-01-07,San Francisco,075,870044,27419,25885,313,26198,202
2021-01-07,San Joaquin,077,732212,53881,50156,2064,52220,689
2021-01-07,San Luis Obispo,079,281455,14630,12810,324,13134,118
2021-01-07,San Mateo,081,765935,30677,27494,163,27657,201
2021-01-07,Santa Barbara,083,443738,22456,19931,657,20588,187
2021-01-07,Santa Clara,085,1922200,86301,78808,367,79175,775
2021-01-07,Santa Cruz,087,273765,11841,10228,487,10715,104
2021-01-07,Shasta,089,179085,9248,8612,877,9489,81
2021-01-07,Sierra,091,2930,38,31,6,37,0
2021-01-07,Siskiyou,093,43540,1179,1010,152,1162,3
2021-01-07,Solano,095,438530,23427,21384,248,21632,100
2021-01-07,Sonoma,097,501317,22402,20857,119,20976,200
2021-01-07,Stanislaus,099,539301,40311,37296,3865,41161,553
2021-01-07,Sutter,101,95872,7319,6890,53,6943,65
2021-01-07,Tehama,103,63373,3621,3330,361,3691,15
2021-01-07,Trinity,105,12862,437,247,63,310,2
2021-01-07,Tulare,107,460477,39617,36397,4797,41194,482
2021-01-07,Tuolumne,109,53932,3124,3068,25,3093,14
2021-01-07,Ventura,111,848112,54805,49083,1926,51009,288
2021-01-07,Yolo,113,214977,10134,9207,91,9298,128
2021-01-07,Yuba,115,75493,4461,4128,45,4173,25
2021-01-06,Alameda,001,1643700,62039,57081,1249,58330,616
2021-01-06,Alpine,003,1148,71,70,0,70,0
2021-01-06,Amador,005,37829,2918,2717,22,2739,24
2021-01-06,Butte,007,227075,9104,8147,1126,9273,110
2021-01-06,Calaveras,009,45235,1420,1321,6,1327,21
2021-01-06,Colusa,011,21464,1492,1385,129,1514,7
2021-01-06,Contra Costa,013,1133247,47852,44054,752,44806,358
2021-01-06,Del Norte,015,27424,833,780,2,782,2
2021-01-06,El Dorado,017,186661,7315,6397,412,6809,35
2021-01-06,Fresno,019,978130,78811,71404,5681,77085,752
2021-01-06,Glenn,021,27897,1833,1622,340,1962,9
2021-01-06,Humboldt,023,135768,2120,1912,7,1919,22
2021-01-06,Imperial,025,180216,24582,23400,1866,25266,431
2021-01-06,Inyo,027,18085,832,630,8,638,20
2021-01-06,Kern,029,883053,75839,69893,6382,76275,646
2021-01-06,Kings,031,150075,18235,17019,670,17689,108
2021-01-06,Lake,033,64148,2279,2033,0,2033,26
2021-01-06,Lassen,035,31185,4675,4560,60,4620,1
2021-01-06,Los Angeles,037,10098052,929450,835052,28697,863749,11285
2021-01-06,Madera,039,155013,12547,11407,571,11978,67
2021-01-06,Marin,041,260295,10895,10282,105,10387,153
2021-01-06,Mariposa,043,17540,310,259,2,261,3
2021-01-06,Mendocino,045,87422,2813,2561,34,2595,30
2021-01-06,Merced,047,269075,21855,20258,491,20749,232
2021-01-06,Modoc,049,8938,293,263,80,343,0
2021-01-06,Mono,051,14174,985,905,13,918,3
2021-01-06,Monterey,053,433212,32656,30387,889,31276,222
2021-01-06,Napa,055,140530,6908,6342,26,6368,32
2021-01-06,Nevada,057,99092,3115,2805,109,2914,15
2021-01-06,Orange,059,3164182,195525,177686,7878,185564,1935
2021-01-06,Placer,061,380077,16794,14940,737,15677,134
2021-01-06,Plumas,063,18699,536,445,9,454,2
2021-01-06,Riverside,065,2383286,223595,203714,10489,214203,2121
2021-01-06,Sacramento,067,1510023,74795,71572,786,72358,909
2021-01-06,San Benito,069,59416,4443,4031,38,4069,32
2021-01-06,San Bernardino,071,2135413,236282,215286,6656,221942,1634
2021-01-06,San Diego,073,3302833,198162,176660,9093,185753,1691
2021-01-06,San Francisco,075,870044,27047,25424,305,25729,199
2021-01-06,San Joaquin,077,732212,53122,49286,2022,51308,673
2021-01-06,San Luis Obispo,079,281455,14237,12305,317,12622,115
2021-01-06,San Mateo,081,765935,30252,27050,160,27210,200
2021-01-06,Santa Barbara,083,443738,21968,19453,647,20100,177
2021-01-06,Santa Clara,085,1922200,84894,77485,360,77845,746
2021-01-06,Santa Cruz,087,273765,11621,9954,469,10423,97
2021-01-06,Shasta,089,179085,9177,8482,870,9352,78
2021-01-06,Sierra,091,2930,37,31,6,37,0
2021-01-06,Siskiyou,093,43540,1167,998,148,1146,3
2021-01-06,Solano,095,438530,23041,21102,245,21347,99
2021-01-06,Sonoma,097,501317,22096,20558,119,20677,196
2021-01-06,Stanislaus,099,539301,39741,36751,3807,40558,553
2021-01-06,Sutter,101,95872,7238,6839,52,6891,59
2021-01-06,Tehama,103,63373,3593,3306,355,3661,15
2021-01-06,Trinity,105,12862,437,246,63,309,2
2021-01-06,Tulare,107,460477,39061,35882,4700,40582,465
2021-01-06,Tuolumne,109,53932,3104,3008,25,3033,14
2021-01-06,Ventura,111,848112,53561,47428,1902,49330,280
2021-01-06,Yolo,113,214977,9972,9083,88,9171,127
2021-01-06,Yuba,115,75493,4412,4097,45,4142,25
2021-01-05,Alameda,001,1643700,60917,56432,1214,57646,602
2021-01-05,Alpine,003,1148,71,70,0,70,0
2021-01-05,Amador,005,37829,2878,2695,22,2717,24
2021-01-05,Butte,007,227075,8964,8008,1100,9108,107
2021-01-05,Calaveras,009,45235,1374,1292,6,1298,21
2021-01-05,Colusa,011,21464,1467,1376,123,1499,7
2021-01-05,Contra Costa,013,1133247,46967,43442,741,44183,353
2021-01-05,Del Norte,015,27424,826,770,2,772,2
2021-01-05,El Dorado,017,186661,7197,6270,391,6661,32
2021-01-05,Fresno,019,978130,77588,70971,5587,76558,741
2021-01-05,Glenn,021,27897,1810,1608,324,1932,9
2021-01-05,Humboldt,023,135768,2084,1884,7,1891,22
2021-01-05,Imperial,025,180216,24409,23165,1822,24987,421
2021-01-05,Inyo,027,18085,818,627,8,635,20
2021-01-05,Kern,029,883053,74762,68257,6243,74500,624
2021-01-05,Kings,031,150075,18036,16860,647,17507,108
2021-01-05,Lake,033,64148,2232,2015,0,2015,25
2021-01-05,Lassen,035,31185,4660,4554,56,4610,1
2021-01-05,Los Angeles,037,10098052,910727,823783,28021,851804,11028
2021-01-05,Madera,039,155013,12371,11359,558,11917,67
2021-01-05,Marin,041,260295,10741,10214,103,10317,151
2021-01-05,Mariposa,043,17540,304,257,2,259,3
2021-01-05,Mendocino,045,87422,2777,2501,34,2535,30
2021-01-05,Merced,047,269075,21504,20051,479,20530,230
2021-01-05,Modoc,049,8938,293,254,80,334,0
2021-01-05,Mono,051,14174,979,896,13,909,3
2021-01-05,Monterey,053,433212,32091,30045,855,30900,213
2021-01-05,Napa,055,140530,6821,6264,26,6290,29
2021-01-05,Nevada,057,99092,3087,2781,107,2888,15
2021-01-05,Orange,059,3164182,191887,174869,7682,182551,1918
2021-01-05,Placer,061,380077,16571,14723,714,15437,133
2021-01-05,Plumas,063,18699,529,428,9,437,2
2021-01-05,Riverside,065,2383286,219463,200439,10316,210755,2069
2021-01-05,Sacramento,067,1510023,73866,70677,760,71437,888
2021-01-05,San Benito,069,59416,4341,3961,36,3997,28
2021-01-05,San Bernardino,071,2135413,232343,212522,6542,219064,1615
2021-01-05,San Diego,073,3302833,194023,172845,8878,181723,1654
2021-01-05,San Francisco,075,870044,26683,24989,287,25276,196
2021-01-05,San Joaquin,077,732212,52247,48969,1973,50942,663
2021-01-05,San Luis Obispo,079,281455,13838,12027,307,12334,106
2021-01-05,San Mateo,081,765935,29768,26486,158,26644,198
2021-01-05,Santa Barbara,083,443738,21524,19063,637,19700,172
2021-01-05,Santa Clara,085,1922200,83359,76355,347,76702,729
2021-01-05,Santa Cruz,087,273765,11348,9753,445,10198,93
2021-01-05,Shasta,089,179085,9070,8345,852,9197,73
2021-01-05,Sierra,091,2930,37,31,6,37,0
2021-01-05,Siskiyou,093,43540,1155,985,146,1131,3
2021-01-05,Solano,095,438530,22634,20860,240,21100,97
2021-01-05,Sonoma,097,501317,21734,20247,118,20365,194
2021-01-05,Stanislaus,099,539301,39192,36363,3757,40120,553
2021-01-05,Sutter,101,95872,7141,6769,51,6820,59
2021-01-05,Tehama,103,63373,3537,3255,350,3605,9
2021-01-05,Trinity,105,12862,437,246,63,309,2
2021-01-05,Tulare,107,460477,38438,35585,4554,40139,455
2021-01-05,Tuolumne,109,53932,3080,2996,20,3016,13
2021-01-05,Ventura,111,848112,52314,46456,1880,48336,264
2021-01-05,Yolo,113,214977,9796,8980,87,9067,127
2021-01-05,Yuba,115,75493,4353,4053,44,4097,21
2021-01-04,Alameda,001,1643700,59683,55899,1181,57080,583
2021-01-04,Alpine,003,1148,71,68,0,68,0
2021-01-04,Amador,005,37829,2838,2596,22,2618,24
2021-01-04,Butte,007,227075,8805,7893,1076,8969,105
2021-01-04,Calaveras,009,45235,1333,1276,5,1281,21
2021-01-04,Colusa,011,21464,1442,1368,109,1477,7
2021-01-04,Contra Costa,013,1133247,46111,43019,715,43734,353
2021-01-04,Del Norte,015,27424,817,770,2,772,2
2021-01-04,El Dorado,017,186661,7063,6152,375,6527,27
2021-01-04,Fresno,019,978130,76320,69871,5489,75360,726
2021-01-04,Glenn,021,27897,1777,1590,319,1909,9
2021-01-04,Humboldt,023,135768,2048,1845,7,1852,22
2021-01-04,Imperial,025,180216,24255,23035,1769,24804,420
2021-01-04,Inyo,027,18085,791,623,8,631,20
2021-01-04,Kern,029,883053,73677,67418,6046,73464,623
2021-01-04,Kings,031,150075,17759,16801,622,17423,108
2021-01-04,Lake,033,64148,2193,1984,0,1984,25
2021-01-04,Lassen,035,31185,4638,4550,55,4605,1
2021-01-04,Los Angeles,037,10098052,890624,813022,27143,840165,10790
2021-01-04,Madera,039,155013,12151,11204,536,11740,67
2021-01-04,Marin,041,260295,10605,10115,100,10215,151
2021-01-04,Mariposa,043,17540,298,253,2,255,3
2021-01-04,Mendocino,045,87422,2737,2460,30,2490,28
2021-01-04,Merced,047,269075,21089,19804,460,20264,230
2021-01-04,Modoc,049,8938,277,250,78,328,0
2021-01-04,Mono,051,14174,968,895,13,908,3
2021-01-04,Monterey,053,433212,31462,29659,832,30491,212
2021-01-04,Napa,055,140530,6680,6187,26,6213,29
2021-01-04,Nevada,057,99092,3049,2765,104,2869,15
2021-01-04,Orange,059,3164182,187997,172458,7555,180013,1918
2021-01-04,Placer,061,380077,16312,14622,701,15323,133
2021-01-04,Plumas,063,18699,519,419,9,428,1
2021-01-04,Riverside,065,2383286,214911,196809,10125,206934,2066
2021-01-04,Sacramento,067,1510023,72812,70164,750,70914,870
2021-01-04,San Benito,069,59416,4228,3914,36,3950,28
2021-01-04,San Bernardino,071,2135413,228114,210868,6391,217259,1615
2021-01-04,San Diego,073,3302833,189449,171031,8682,179713,1598
2021-01-04,San Francisco,075,870044,26296,24753,281,25034,191
2021-01-04,San Joaquin,077,732212,51347,48644,1932,50576,661
2021-01-04,San Luis Obispo,079,281455,13352,11945,299,12244,96
2021-01-04,San Mateo,081,765935,29204,26150,153,26303,198
2021-01-04,Santa Barbara,083,443738,21003,18735,606,19341,165
2021-01-04,Santa Clara,085,1922200,81611,75297,339,75636,727
2021-01-04,Santa Cruz,087,273765,11061,9680,428,10108,85
2021-01-04,Shasta,089,179085,8965,8224,835,9059,72
2021-01-04,Sierra,091,2930,36,30,6,36,0
2021-01-04,Siskiyou,093,43540,1138,980,143,1123,3
2021-01-04,Solano,095,438530,22131,20588,233,20821,97
2021-01-04,Sonoma,097,501317,21394,20210,117,20327,194
2021-01-04,Stanislaus,099,539301,38627,36141,3702,39843,553
2021-01-04,Sutter,101,95872,7045,6712,50,6762,56
2021-01-04,Tehama,103,63373,3463,3190,345,3535,9
2021-01-04,Trinity,105,12862,434,245,63,308,2
2021-01-04,Tulare,107,460477,37879,35060,4451,39511,455
2021-01-04,Tuolumne,109,53932,3055,2987,20,3007,13
2021-01-04,Ventura,111,848112,50813,45014,1860,46874,255
2021-01-04,Yolo,113,214977,9599,8834,81,8915,121
2021-01-04,Yuba,115,75493,4295,4023,44,4067,21
2021-01-03,Alameda,001,1643700,58439,55082,1151,56233,580
2021-01-03,Alpine,003,1148,69,68,0,68,0
2021-01-03,Amador,005,37829,2774,2565,22,2587,24
2021-01-03,Butte,007,227075,8613,7837,1024,8861,105
2021-01-03,Calaveras,009,45235,1296,1249,3,1252,21
2021-01-03,Colusa,011,21464,1413,1337,103,1440,7
2021-01-03,Contra Costa,013,1133247,45223,42432,690,43122,352
2021-01-03,Del Norte,015,27424,804,768,2,770,2
2021-01-03,El Dorado,017,186661,6935,6034,358,6392,27
2021-01-03,Fresno,019,978130,75170,69326,5369,74695,719
2021-01-03,Glenn,021,27897,1751,1581,313,1894,9
2021-01-03,Humboldt,023,135768,2011,1833,7,1840,21
2021-01-03,Imperial,025,180216,23995,22951,1691,24642,419
2021-01-03,Inyo,027,18085,774,615,8,623,20
2021-01-03,Kern,029,883053,72419,66895,5869,72764,609
2021-01-03,Kings,031,150075,17483,16593,592,17185,108
2021-01-03,Lake,033,64148,2140,1976,0,1976,24
2021-01-03,Lassen,035,31185,4605,4531,54,4585,1
2021-01-03,Los Angeles,037,10098052,868609,792168,26070,818238,10633
2021-01-03,Madera,039,155013,11929,11152,513,11665,67
2021-01-03,Marin,041,260295,10456,10034,96,10130,150
2021-01-03,Mariposa,043,17540,291,248,2,250,3
2021-01-03,Mendocino,045,87422,2697,2445,29,2474,24
2021-01-03,Merced,047,269075,20621,19600,433,20033,230
2021-01-03,Modoc,049,8938,273,245,77,322,0
2021-01-03,Mono,051,14174,943,893,13,906,3
2021-01-03,Monterey,053,433212,30882,29357,799,30156,191
2021-01-03,Napa,055,140530,6579,6094,26,6120,29
2021-01-03,Nevada,057,99092,2988,2742,101,2843,15
2021-01-03,Orange,059,3164182,183808,169881,7362,177243,1919
2021-01-03,Placer,061,380077,16063,14319,677,14996,133
2021-01-03,Plumas,063,18699,506,416,9,425,1
2021-01-03,Riverside,065,2383286,210034,195048,9878,204926,2005
2021-01-03,Sacramento,067,1510023,71605,68558,729,69287,859
2021-01-03,San Benito,069,59416,4131,3882,35,3917,28
2021-01-03,San Bernardino,071,2135413,222849,208294,6218,214512,1592
2021-01-03,San Diego,073,3302833,184188,168018,8453,176471,1592
2021-01-03,San Francisco,075,870044,25799,24588,264,24852,193
2021-01-03,San Joaquin,077,732212,50223,47899,1874,49773,661
2021-01-03,San Luis Obispo,079,281455,12882,11636,290,11926,95
2021-01-03,San Mateo,081,765935,28610,25770,146,25916,196
2021-01-03,Santa Barbara,083,443738,20272,18267,589,18856,164
2021-01-03,Santa Clara,085,1922200,80059,74534,333,74867,720
2021-01-03,Santa Cruz,087,273765,10757,9528,412,9940,84
2021-01-03,Shasta,089,179085,8839,8192,795,8987,72
2021-01-03,Sierra,091,2930,36,30,6,36,0
2021-01-03,Siskiyou,093,43540,1105,976,134,1110,3
2021-01-03,Solano,095,438530,21599,20105,227,20332,97
2021-01-03,Sonoma,097,501317,21006,19982,113,20095,193
2021-01-03,Stanislaus,099,539301,37930,35762,3618,39380,553
2021-01-03,Sutter,101,95872,6948,6664,49,6713,53
2021-01-03,Tehama,103,63373,3406,3176,337,3513,9
2021-01-03,Trinity,105,12862,429,243,61,304,2
2021-01-03,Tulare,107,460477,37317,34747,4303,39050,455
2021-01-03,Tuolumne,109,53932,2995,2978,17,2995,13
2021-01-03,Ventura,111,848112,48990,43748,1842,45590,254
2021-01-03,Yolo,113,214977,9441,8674,77,8751,121
2021-01-03,Yuba,115,75493,4241,3966,43,4009,20
2021-01-02,Alameda,001,1643700,57815,54518,1122,55640,581
2021-01-02,Alpine,003,1148,69,68,0,68,0
2021-01-02,Amador,005,37829,2755,2540,22,2562,24
2021-01-02,Butte,007,227075,8506,7750,1005,8755,105
2021-01-02,Calaveras,009,45235,1276,1230,3,1233,21
2021-01-02,Colusa,011,21464,1403,1332,102,1434,7
2021-01-02,Contra Costa,013,1133247,44700,41993,679,42672,352
2021-01-02,Del Norte,015,27424,802,764,2,766,2
2021-01-02,El Dorado,017,186661,6880,5959,354,6313,27
2021-01-02,Fresno,019,978130,74627,68740,5255,73995,717
2021-01-02,Glenn,021,27897,1734,1546,312,1858,9
2021-01-02,Humboldt,023,135768,1984,1815,7,1822,21
2021-01-02,Imperial,025,180216,23914,22867,1655,24522,420
2021-01-02,Inyo,027,18085,761,609,8,617,20
2021-01-02,Kern,029,883053,71699,66457,5757,72214,610
2021-01-02,Kings,031,150075,17389,16515,588,17103,108
2021-01-02,Lake,033,64148,2102,1925,0,1925,24
2021-01-02,Lassen,035,31185,4594,4457,53,4510,1
2021-01-02,Los Angeles,037,10098052,860249,791892,25368,817260,10633
2021-01-02,Madera,039,155013,11818,11039,502,11541,67
2021-01-02,Marin,041,260295,10410,9924,93,10017,151
2021-01-02,Mariposa,043,17540,284,243,2,245,3
2021-01-02,Mendocino,045,87422,2654,2428,28,2456,24
2021-01-02,Merced,047,269075,20479,19395,416,19811,230
2021-01-02,Modoc,049,8938,272,245,77,322,0
2021-01-02,Mono,051,14174,932,884,13,897,3
2021-01-02,Monterey,053,433212,30679,28991,788,29779,191
2021-01-02,Napa,055,140530,6520,5994,26,6020,29
2021-01-02,Nevada,057,99092,2959,2706,97,2803,15
2021-01-02,Orange,059,3164182,181604,168457,7213,175670,1918
2021-01-02,Placer,061,380077,15890,14182,668,14850,133
2021-01-02,Plumas,063,18699,503,413,9,422,1
2021-01-02,Riverside,065,2383286,207398,192069,9653,201722,2008
2021-01-02,Sacramento,067,1510023,70970,67810,712,68522,858
2021-01-02,San Benito,069,59416,4048,3829,35,3864,28
2021-01-02,San Bernardino,071,2135413,221229,206939,6093,213032,1597
2021-01-02,San Diego,073,3302833,181589,164498,8256,172754,1592
2021-01-02,San Francisco,075,870044,25539,24414,257,24671,194
2021-01-02,San Joaquin,077,732212,49845,47310,1844,49154,662
2021-01-02,San Luis Obispo,079,281455,12746,11467,284,11751,95
2021-01-02,San Mateo,081,765935,28274,25483,138,25621,196
2021-01-02,Santa Barbara,083,443738,19983,18135,586,18721,164
2021-01-02,Santa Clara,085,1922200,78895,73662,326,73988,720
2021-01-02,Santa Cruz,087,273765,10602,9340,403,9743,85
2021-01-02,Shasta,089,179085,8773,8154,784,8938,72
2021-01-02,Sierra,091,2930,36,28,6,34,0
2021-01-02,Siskiyou,093,43540,1094,949,132,1081,3
2021-01-02,Solano,095,438530,21403,19805,217,20022,97
2021-01-02,Sonoma,097,501317,20841,19761,113,19874,194
2021-01-02,Stanislaus,099,539301,37601,35431,3553,38984,553
2021-01-02,Sutter,101,95872,6896,6621,49,6670,53
2021-01-02,Tehama,103,63373,3380,3146,333,3479,9
2021-01-02,Trinity,105,12862,426,243,61,304,2
2021-01-02,Tulare,107,460477,37000,34479,4228,38707,455
2021-01-02,Tuolumne,109,53932,2981,2942,15,2957,13
2021-01-02,Ventura,111,848112,47836,43397,1807,45204,254
2021-01-02,Yolo,113,214977,9345,8571,75,8646,122
2021-01-02,Yuba,115,75493,4202,3930,42,3972,21
2021-01-01,Alameda,001,1643700,57154,53518,1106,54624,579
2021-01-01,Alpine,003,1148,69,68,0,68,0
2021-01-01,Amador,005,37829,2729,2513,20,2533,24
2021-01-01,Butte,007,227075,8405,7589,980,8569,105
2021-01-01,Calaveras,009,45235,1261,1186,3,1189,21
2021-01-01,Colusa,011,21464,1394,1314,100,1414,7
2021-01-01,Contra Costa,013,1133247,44223,41412,660,42072,351
2021-01-01,Del Norte,015,27424,796,758,2,760,2
2021-01-01,El Dorado,017,186661,6788,5832,346,6178,27
2021-01-01,Fresno,019,978130,73554,67484,5169,72653,717
2021-01-01,Glenn,021,27897,1717,1520,303,1823,9
2021-01-01,Humboldt,023,135768,1945,1783,7,1790,21
2021-01-01,Imperial,025,180216,23828,22715,1604,24319,418
2021-01-01,Inyo,027,18085,737,606,8,614,20
2021-01-01,Kern,029,883053,70873,65571,5649,71220,609
2021-01-01,Kings,031,150075,17206,16358,581,16939,108
2021-01-01,Lake,033,64148,2070,1888,0,1888,24
2021-01-01,Lassen,035,31185,4588,4377,53,4430,1
2021-01-01,Los Angeles,037,10098052,846055,775578,24672,800250,10515
2021-01-01,Madera,039,155013,11658,10752,493,11245,66
2021-01-01,Marin,041,260295,10304,9821,93,9914,148
2021-01-01,Mariposa,043,17540,276,236,2,238,3
2021-01-01,Mendocino,045,87422,2600,2400,28,2428,24
2021-01-01,Merced,047,269075,20295,19118,400,19518,229
2021-01-01,Modoc,049,8938,272,241,77,318,0
2021-01-01,Mono,051,14174,914,884,12,896,3
2021-01-01,Monterey,053,433212,30455,28465,780,29245,191
2021-01-01,Napa,055,140530,6434,5899,26,5925,28
2021-01-01,Nevada,057,99092,2935,2663,97,2760,15
2021-01-01,Orange,059,3164182,178806,165440,7069,172509,1893
2021-01-01,Placer,061,380077,15700,13987,652,14639,133
2021-01-01,Plumas,063,18699,498,412,9,421,1
2021-01-01,Riverside,065,2383286,204218,188674,9396,198070,1990
2021-01-01,Sacramento,067,1510023,70372,66956,695,67651,848
2021-01-01,San Benito,069,59416,4010,3773,35,3808,28
2021-01-01,San Bernardino,071,2135413,218424,203651,5961,209612,1590
2021-01-01,San Diego,073,3302833,178516,160071,8077,168148,1592
2021-01-01,San Francisco,075,870044,25263,24145,246,24391,187
2021-01-01,San Joaquin,077,732212,49559,46640,1798,48438,657
2021-01-01,San Luis Obispo,079,281455,12518,11160,276,11436,94
2021-01-01,San Mateo,081,765935,27826,25041,134,25175,194
2021-01-01,Santa Barbara,083,443738,19663,17759,576,18335,164
2021-01-01,Santa Clara,085,1922200,77632,71904,321,72225,680
2021-01-01,Santa Cruz,087,273765,10422,9146,393,9539,84
2021-01-01,Shasta,089,179085,8692,8102,767,8869,72
2021-01-01,Sierra,091,2930,36,26,6,32,0
2021-01-01,Siskiyou,093,43540,1080,944,127,1071,3
2021-01-01,Solano,095,438530,21191,19393,215,19608,97
2021-01-01,Sonoma,097,501317,20648,19513,113,19626,189
2021-01-01,Stanislaus,099,539301,37311,34978,3488,38466,553
2021-01-01,Sutter,101,95872,6839,6553,48,6601,52
2021-01-01,Tehama,103,63373,3321,3079,327,3406,9
2021-01-01,Trinity,105,12862,426,243,61,304,2
2021-01-01,Tulare,107,460477,36596,33994,4133,38127,454
2021-01-01,Tuolumne,109,53932,2965,2909,15,2924,13
2021-01-01,Ventura,111,848112,46343,42026,1780,43806,253
2021-01-01,Yolo,113,214977,9234,8461,72,8533,120
2021-01-01,Yuba,115,75493,4148,3845,41,3886,19
2020-12-31,Alameda,001,1643700,56611,52475,1074,53549,579
2020-12-31,Alpine,003,1148,69,66,0,66,0
2020-12-31,Amador,005,37829,2715,2493,20,2513,24
2020-12-31,Butte,007,227075,8331,7405,961,8366,105
2020-12-31,Calaveras,009,45235,1250,1161,3,1164,21
2020-12-31,Colusa,011,21464,1386,1301,97,1398,7
2020-12-31,Contra Costa,013,1133247,43846,40512,645,41157,336
2020-12-31,Del Norte,015,27424,795,748,2,750,2
2020-12-31,El Dorado,017,186661,6736,5662,337,5999,26
2020-12-31,Fresno,019,978130,73120,66442,5106,71548,711
2020-12-31,Glenn,021,27897,1690,1484,295,1779,9
2020-12-31,Humboldt,023,135768,1928,1713,7,1720,21
2020-12-31,Imperial,025,180216,23763,22494,1588,24082,417
2020-12-31,Inyo,027,18085,729,591,8,599,20
2020-12-31,Kern,029,883053,70403,64904,5557,70461,609
2020-12-31,Kings,031,150075,17131,16077,573,16650,108
2020-12-31,Lake,033,64148,2056,1848,0,1848,23
2020-12-31,Lassen,035,31185,4582,4340,52,4392,1
2020-12-31,Los Angeles,037,10098052,840727,755844,24207,780051,10320
2020-12-31,Madera,039,155013,11585,10609,485,11094,64
2020-12-31,Marin,041,260295,10261,9731,92,9823,148
2020-12-31,Mariposa,043,17540,274,217,2,219,3
2020-12-31,Mendocino,045,87422,2585,2367,24,2391,24
2020-12-31,Merced,047,269075,20205,18808,390,19198,226
2020-12-31,Modoc,049,8938,272,238,77,315,0
2020-12-31,Mono,051,14174,906,868,12,880,3
2020-12-31,Monterey,053,433212,30253,27720,768,28488,188
2020-12-31,Napa,055,140530,6371,5801,26,5827,28
2020-12-31,Nevada,057,99092,2912,2619,95,2714,15
2020-12-31,Orange,059,3164182,176924,161586,6936,168522,1866
2020-12-31,Placer,061,380077,15544,13708,649,14357,126
2020-12-31,Plumas,063,18699,493,401,8,409,1
2020-12-31,Riverside,065,2383286,202554,184193,9263,193456,1958
2020-12-31,Sacramento,067,1510023,69842,65817,684,66501,830
2020-12-31,San Benito,069,59416,3986,3673,35,3708,28
2020-12-31,San Bernardino,071,2135413,216836,199115,5891,205006,1586
2020-12-31,San Diego,073,3302833,176753,155593,7978,163571,1534
2020-12-31,San Francisco,075,870044,25035,23740,239,23979,183
2020-12-31,San Joaquin,077,732212,49246,45764,1760,47524,646
2020-12-31,San Luis Obispo,079,281455,12404,10846,276,11122,89
2020-12-31,San Mateo,081,765935,27497,24570,128,24698,192
2020-12-31,Santa Barbara,083,443738,19419,17434,569,18003,161
2020-12-31,Santa Clara,085,1922200,76850,70032,316,70348,665
2020-12-31,Santa Cruz,087,273765,10304,8909,381,9290,84
2020-12-31,Shasta,089,179085,8626,7996,757,8753,69
2020-12-31,Sierra,091,2930,36,26,6,32,0
2020-12-31,Siskiyou,093,43540,1064,940,124,1064,3
2020-12-31,Solano,095,438530,20962,18942,214,19156,97
2020-12-31,Sonoma,097,501317,20528,19129,112,19241,188
2020-12-31,Stanislaus,099,539301,37009,34398,3440,37838,552
2020-12-31,Sutter,101,95872,6808,6432,48,6480,51
2020-12-31,Tehama,103,63373,3289,3036,326,3362,9
2020-12-31,Trinity,105,12862,425,241,61,302,2
2020-12-31,Tulare,107,460477,36428,33412,4070,37482,446
2020-12-31,Tuolumne,109,53932,2956,2902,15,2917,12
2020-12-31,Ventura,111,848112,45833,40854,1763,42617,251
2020-12-31,Yolo,113,214977,9150,8295,71,8366,117
2020-12-31,Yuba,115,75493,4107,3799,40,3839,18
2020-12-30,Alameda,001,1643700,55844,50158,1023,51181,573
2020-12-30,Alpine,003,1148,69,66,0,66,0
2020-12-30,Amador,005,37829,2695,2418,19,2437,24
2020-12-30,Butte,007,227075,8170,7140,944,8084,103
2020-12-30,Calaveras,009,45235,1225,1135,3,1138,21
2020-12-30,Colusa,011,21464,1370,1289,91,1380,7
2020-12-30,Contra Costa,013,1133247,43262,39601,633,40234,337
2020-12-30,Del Norte,015,27424,790,726,2,728,2
2020-12-30,El Dorado,017,186661,6635,5595,327,5922,27
2020-12-30,Fresno,019,978130,72273,65566,4952,70518,711
2020-12-30,Glenn,021,27897,1659,1471,282,1753,9
2020-12-30,Humboldt,023,135768,1894,1654,7,1661,22
2020-12-30,Imperial,025,180216,23596,22098,1511,23609,412
2020-12-30,Inyo,027,18085,722,572,8,580,20
2020-12-30,Kern,029,883053,69675,63292,5413,68705,604
2020-12-30,Kings,031,150075,17012,15862,565,16427,108
2020-12-30,Lake,033,64148,2033,1731,0,1731,23
2020-12-30,Lassen,035,31185,4573,4300,52,4352,1
2020-12-30,Los Angeles,037,10098052,829826,741907,23514,765421,10046
2020-12-30,Madera,039,155013,11475,10249,474,10723,65
2020-12-30,Marin,041,260295,10171,9569,85,9654,148
2020-12-30,Mariposa,043,17540,270,214,2,216,3
2020-12-30,Mendocino,045,87422,2567,2291,21,2312,24
2020-12-30,Merced,047,269075,19914,18519,380,18899,225
2020-12-30,Modoc,049,8938,269,234,77,311,0
2020-12-30,Mono,051,14174,903,868,12,880,3
2020-12-30,Monterey,053,433212,29623,26977,746,27723,186
2020-12-30,Napa,055,140530,6265,5754,26,5780,28
2020-12-30,Nevada,057,99092,2877,2595,93,2688,15
2020-12-30,Orange,059,3164182,174267,153951,6746,160697,1863
2020-12-30,Placer,061,380077,15313,13540,637,14177,127
2020-12-30,Plumas,063,18699,488,397,8,405,1
2020-12-30,Riverside,065,2383286,199605,176402,9078,185480,1919
2020-12-30,Sacramento,067,1510023,68969,64119,666,64785,847
2020-12-30,San Benito,069,59416,3905,3464,31,3495,29
2020-12-30,San Bernardino,071,2135413,214270,192648,5805,198453,1591
2020-12-30,San Diego,073,3302833,173120,152510,7803,160313,1472
2020-12-30,San Francisco,075,870044,24742,23099,234,23333,182
2020-12-30,San Joaquin,077,732212,48555,44465,1718,46183,634
2020-12-30,San Luis Obispo,079,281455,12136,10542,268,10810,89
2020-12-30,San Mateo,081,765935,27068,24150,124,24274,190
2020-12-30,Santa Barbara,083,443738,19019,16895,547,17442,161
2020-12-30,Santa Clara,085,1922200,75593,67218,312,67530,661
2020-12-30,Santa Cruz,087,273765,10108,8787,372,9159,86
2020-12-30,Shasta,089,179085,8512,7818,743,8561,69
2020-12-30,Sierra,091,2930,36,25,6,31,0
2020-12-30,Siskiyou,093,43540,1057,913,115,1028,3
2020-12-30,Solano,095,438530,20570,18300,211,18511,96
2020-12-30,Sonoma,097,501317,20269,18947,112,19059,191
2020-12-30,Stanislaus,099,539301,36540,33730,3366,37096,526
2020-12-30,Sutter,101,95872,6747,6328,46,6374,51
2020-12-30,Tehama,103,63373,3245,2969,322,3291,9
2020-12-30,Trinity,105,12862,424,231,60,291,2
2020-12-30,Tulare,107,460477,35878,32413,4005,36418,430
2020-12-30,Tuolumne,109,53932,2946,2772,13,2785,12
2020-12-30,Ventura,111,848112,44545,39039,1739,40778,251
2020-12-30,Yolo,113,214977,9042,8067,69,8136,117
2020-12-30,Yuba,115,75493,4036,3612,40,3652,18
2020-12-29,Alameda,001,1643700,54787,50946,988,51934,552
2020-12-29,Alpine,003,1148,69,65,0,65,0
2020-12-29,Amador,005,37829,2643,2388,18,2406,23
2020-12-29,Butte,007,227075,7997,7178,922,8100,98
2020-12-29,Calaveras,009,45235,1180,1111,2,1113,21
2020-12-29,Colusa,011,21464,1349,1272,86,1358,7
2020-12-29,Contra Costa,013,1133247,42462,39225,602,39827,325
2020-12-29,Del Norte,015,27424,783,724,2,726,2
2020-12-29,El Dorado,017,186661,6506,5551,314,5865,22
2020-12-29,Fresno,019,978130,70897,65149,4796,69945,688
2020-12-29,Glenn,021,27897,1625,1454,275,1729,9
2020-12-29,Humboldt,023,135768,1847,1616,7,1623,19
2020-12-29,Imperial,025,180216,23385,22105,1425,23530,407
2020-12-29,Inyo,027,18085,705,571,8,579,19
2020-12-29,Kern,029,883053,68508,63096,5242,68338,589
2020-12-29,Kings,031,150075,16843,15777,553,16330,108
2020-12-29,Lake,033,64148,2002,1805,0,1805,22
2020-12-29,Lassen,035,31185,4558,4288,52,4340,1
2020-12-29,Los Angeles,037,10098052,809643,731907,22647,754554,9786
2020-12-29,Madera,039,155013,11161,10251,459,10710,64
2020-12-29,Marin,041,260295,10019,9595,82,9677,146
2020-12-29,Mariposa,043,17540,262,212,2,214,3
2020-12-29,Mendocino,045,87422,2524,2249,20,2269,24
2020-12-29,Merced,047,269075,19564,18464,364,18828,221
2020-12-29,Modoc,049,8938,266,232,77,309,0
2020-12-29,Mono,051,14174,894,868,12,880,3
2020-12-29,Monterey,053,433212,28971,26894,719,27613,185
2020-12-29,Napa,055,140530,6147,5663,26,5689,28
2020-12-29,Nevada,057,99092,2829,2550,92,2642,15
2020-12-29,Orange,059,3164182,170472,154411,6578,160989,1839
2020-12-29,Placer,061,380077,15100,13392,615,14007,126
2020-12-29,Plumas,063,18699,479,395,8,403,1
2020-12-29,Riverside,065,2383286,194999,177624,8824,186448,1904
2020-12-29,Sacramento,067,1510023,67917,65078,652,65730,820
2020-12-29,San Benito,069,59416,3786,3474,30,3504,25
2020-12-29,San Bernardino,071,2135413,209450,190476,5668,196144,1557
2020-12-29,San Diego,073,3302833,168897,150062,7572,157634,1435
2020-12-29,San Francisco,075,870044,24402,22996,226,23222,178
2020-12-29,San Joaquin,077,732212,47633,44699,1663,46362,622
2020-12-29,San Luis Obispo,079,281455,11840,10387,260,10647,80
2020-12-29,San Mateo,081,765935,26526,23773,112,23885,189
2020-12-29,Santa Barbara,083,443738,18550,16797,521,17318,155
2020-12-29,Santa Clara,085,1922200,74041,67581,309,67890,621
2020-12-29,Santa Cruz,087,273765,9838,8492,363,8855,84
2020-12-29,Shasta,089,179085,8408,7782,728,8510,65
2020-12-29,Sierra,091,2930,34,24,5,29,0
2020-12-29,Siskiyou,093,43540,1042,926,113,1039,3
2020-12-29,Solano,095,438530,20188,18412,206,18618,96
2020-12-29,Sonoma,097,501317,19933,18790,110,18900,187
2020-12-29,Stanislaus,099,539301,36061,33775,3298,37073,508
2020-12-29,Sutter,101,95872,6679,6302,46,6348,50
2020-12-29,Tehama,103,63373,3176,2962,308,3270,9
2020-12-29,Trinity,105,12862,423,241,60,301,2
2020-12-29,Tulare,107,460477,35218,32545,3873,36418,419
2020-12-29,Tuolumne,109,53932,2905,2797,13,2810,12
2020-12-29,Ventura,111,848112,43291,38669,1713,40382,235
2020-12-29,Yolo,113,214977,8913,8124,67,8191,111
2020-12-29,Yuba,115,75493,3954,3723,40,3763,18
2020-12-28,Alameda,001,1643700,53760,50405,968,51373,551
2020-12-28,Alpine,003,1148,68,65,0,65,0
2020-12-28,Amador,005,37829,2573,2255,18,2273,23
2020-12-28,Butte,007,227075,7830,7053,892,7945,86
2020-12-28,Calaveras,009,45235,1157,1102,2,1104,21
2020-12-28,Colusa,011,21464,1324,1255,72,1327,7
2020-12-28,Contra Costa,013,1133247,41522,38872,575,39447,324
2020-12-28,Del Norte,015,27424,773,718,2,720,2
2020-12-28,El Dorado,017,186661,6350,5441,302,5743,18
2020-12-28,Fresno,019,978130,69625,64274,4645,68919,679
2020-12-28,Glenn,021,27897,1591,1435,263,1698,9
2020-12-28,Humboldt,023,135768,1812,1579,7,1586,19
2020-12-28,Imperial,025,180216,23126,22003,1352,23355,405
2020-12-28,Inyo,027,18085,698,569,8,577,19
2020-12-28,Kern,029,883053,67440,62392,5038,67430,579
2020-12-28,Kings,031,150075,16626,15733,536,16269,108
2020-12-28,Lake,033,64148,1961,1785,0,1785,22
2020-12-28,Lassen,035,31185,4451,4284,51,4335,1
2020-12-28,Los Angeles,037,10098052,787300,720699,21832,742531,9544
2020-12-28,Madera,039,155013,10987,10123,436,10559,64
2020-12-28,Marin,041,260295,9911,9546,76,9622,145
2020-12-28,Mariposa,043,17540,238,211,2,213,3
2020-12-28,Mendocino,045,87422,2489,2214,20,2234,23
2020-12-28,Merced,047,269075,19243,18245,345,18590,213
2020-12-28,Modoc,049,8938,261,220,76,296,0
2020-12-28,Mono,051,14174,890,848,12,860,3
2020-12-28,Monterey,053,433212,28122,26529,708,27237,182
2020-12-28,Napa,055,140530,6038,5576,26,5602,26
2020-12-28,Nevada,057,99092,2781,2532,88,2620,15
2020-12-28,Orange,059,3164182,166367,152089,6400,158489,1839
2020-12-28,Placer,061,380077,14761,13234,588,13822,126
2020-12-28,Plumas,063,18699,475,391,8,399,0
2020-12-28,Riverside,065,2383286,190099,174029,8534,182563,1855
2020-12-28,Sacramento,067,1510023,66681,64322,627,64949,813
2020-12-28,San Benito,069,59416,3717,3429,29,3458,24
2020-12-28,San Bernardino,071,2135413,204354,188919,5551,194470,1552
2020-12-28,San Diego,073,3302833,164154,147528,7390,154918,1404
2020-12-28,San Francisco,075,870044,24042,22726,221,22947,178
2020-12-28,San Joaquin,077,732212,46699,44172,1631,45803,618
2020-12-28,San Luis Obispo,079,281455,11488,10260,256,10516,76
2020-12-28,San Mateo,081,765935,26051,23467,108,23575,189
2020-12-28,Santa Barbara,083,443738,18082,16579,509,17088,155
2020-12-28,Santa Clara,085,1922200,72554,66418,302,66720,619
2020-12-28,Santa Cruz,087,273765,9570,8310,353,8663,81
2020-12-28,Shasta,089,179085,8291,7688,715,8403,65
2020-12-28,Sierra,091,2930,32,24,4,28,0
2020-12-28,Siskiyou,093,43540,1026,915,108,1023,3
2020-12-28,Solano,095,438530,19616,18171,200,18371,96
2020-12-28,Sonoma,097,501317,19585,18667,108,18775,185
2020-12-28,Stanislaus,099,539301,35512,33473,3235,36708,507
2020-12-28,Sutter,101,95872,6598,6253,46,6299,49
2020-12-28,Tehama,103,63373,3123,2934,301,3235,9
2020-12-28,Trinity,105,12862,421,240,60,300,2
2020-12-28,Tulare,107,460477,34533,32010,3765,35775,404
2020-12-28,Tuolumne,109,53932,2888,2777,13,2790,12
2020-12-28,Ventura,111,848112,41622,37151,1666,38817,230
2020-12-28,Yolo,113,214977,8758,8031,66,8097,111
2020-12-28,Yuba,115,75493,3893,3679,39,3718,18
2020-12-27,Alameda,001,1643700,52526,49764,941,50705,551
2020-12-27,Alpine,003,1148,66,65,0,65,0
2020-12-27,Amador,005,37829,2452,2218,18,2236,23
2020-12-27,Butte,007,227075,7675,7016,857,7873,86
2020-12-27,Calaveras,009,45235,1110,1097,2,1099,21
2020-12-27,Colusa,011,21464,1299,1253,69,1322,7
2020-12-27,Contra Costa,013,1133247,40588,38428,546,38974,324
2020-12-27,Del Norte,015,27424,750,712,2,714,2
2020-12-27,El Dorado,017,186661,6136,5388,279,5667,18
2020-12-27,Fresno,019,978130,68377,63811,4438,68249,679
2020-12-27,Glenn,021,27897,1563,1434,249,1683,9
2020-12-27,Humboldt,023,135768,1768,1575,7,1582,17
2020-12-27,Imperial,025,180216,22830,21934,1239,23173,405
2020-12-27,Inyo,027,18085,676,565,7,572,18
2020-12-27,Kern,029,883053,66160,61914,4865,66779,568
2020-12-27,Kings,031,150075,16390,15593,502,16095,108
2020-12-27,Lake,033,64148,1905,1769,0,1769,22
2020-12-27,Lassen,035,31185,4374,4230,44,4274,1
2020-12-27,Los Angeles,037,10098052,765810,707260,20938,728198,9476
2020-12-27,Madera,039,155013,10729,10005,426,10431,64
2020-12-27,Marin,041,260295,9788,9477,71,9548,144
2020-12-27,Mariposa,043,17540,231,208,2,210,3
2020-12-27,Mendocino,045,87422,2442,2209,20,2229,23
2020-12-27,Merced,047,269075,18875,18075,329,18404,213
2020-12-27,Modoc,049,8938,252,221,72,293,0
2020-12-27,Mono,051,14174,877,849,12,861,3
2020-12-27,Monterey,053,433212,27563,26322,691,27013,181
2020-12-27,Napa,055,140530,5904,5496,26,5522,26
2020-12-27,Nevada,057,99092,2745,2519,88,2607,15
2020-12-27,Orange,059,3164182,161969,149276,6212,155488,1839
2020-12-27,Placer,061,380077,14465,13017,556,13573,126
2020-12-27,Plumas,063,18699,469,390,8,398,0
2020-12-27,Riverside,065,2383286,185183,171995,8228,180223,1836
2020-12-27,Sacramento,067,1510023,65473,63416,604,64020,811
2020-12-27,San Benito,069,59416,3631,3394,29,3423,24
2020-12-27,San Bernardino,071,2135413,199282,186776,5414,192190,1551
2020-12-27,San Diego,073,3302833,159747,145777,7203,152980,1402
2020-12-27,San Francisco,075,870044,23694,22514,212,22726,178
2020-12-27,San Joaquin,077,732212,45662,43529,1581,45110,618
2020-12-27,San Luis Obispo,079,281455,11080,10154,251,10405,76
2020-12-27,San Mateo,081,765935,25486,23136,104,23240,187
2020-12-27,Santa Barbara,083,443738,17556,16364,482,16846,155
2020-12-27,Santa Clara,085,1922200,70932,65288,297,65585,619
2020-12-27,Santa Cruz,087,273765,9304,8234,344,8578,81
2020-12-27,Shasta,089,179085,8165,7671,693,8364,65
2020-12-27,Sierra,091,2930,32,24,3,27,0
2020-12-27,Siskiyou,093,43540,1016,914,103,1017,3
2020-12-27,Solano,095,438530,19121,17840,194,18034,96
2020-12-27,Sonoma,097,501317,19293,18487,107,18594,185
2020-12-27,Stanislaus,099,539301,34895,33076,3140,36216,506
2020-12-27,Sutter,101,95872,6516,6218,44,6262,48
2020-12-27,Tehama,103,63373,3055,2922,285,3207,9
2020-12-27,Trinity,105,12862,414,240,58,298,2
2020-12-27,Tulare,107,460477,33936,31864,3646,35510,400
2020-12-27,Tuolumne,109,53932,2783,2750,11,2761,12
2020-12-27,Ventura,111,848112,40559,36661,1613,38274,230
2020-12-27,Yolo,113,214977,8567,7919,61,7980,111
2020-12-27,Yuba,115,75493,3829,3665,37,3702,18
2020-12-26,Alameda,001,1643700,51915,49084,928,50012,551
2020-12-26,Alpine,003,1148,66,65,0,65,0
2020-12-26,Amador,005,37829,2438,2189,18,2207,23
2020-12-26,Butte,007,227075,7580,6968,834,7802,86
2020-12-26,Calaveras,009,45235,1104,1084,2,1086,21
2020-12-26,Colusa,011,21464,1289,1240,69,1309,7
2020-12-26,Contra Costa,013,1133247,40124,38008,532,38540,324
2020-12-26,Del Norte,015,27424,744,709,2,711,2
2020-12-26,El Dorado,017,186661,6081,5279,275,5554,18
2020-12-26,Fresno,019,978130,67907,63080,4374,67454,679
2020-12-26,Glenn,021,27897,1542,1413,243,1656,9
2020-12-26,Humboldt,023,135768,1730,1545,7,1552,17
2020-12-26,Imperial,025,180216,22739,21734,1187,22921,405
2020-12-26,Inyo,027,18085,663,554,7,561,18
2020-12-26,Kern,029,883053,65488,61174,4716,65890,564
2020-12-26,Kings,031,150075,16272,15517,498,16015,108
2020-12-26,Lake,033,64148,1863,1710,0,1710,22
2020-12-26,Lassen,035,31185,4353,3981,44,4025,1
2020-12-26,Los Angeles,037,10098052,757256,694149,20430,714579,9424
2020-12-26,Madera,039,155013,10652,9908,414,10322,64
2020-12-26,Marin,041,260295,9753,9413,70,9483,143
2020-12-26,Mariposa,043,17540,230,206,2,208,3
2020-12-26,Mendocino,045,87422,2396,2194,20,2214,23
2020-12-26,Merced,047,269075,18716,17890,324,18214,213
2020-12-26,Modoc,049,8938,249,222,72,294,0
2020-12-26,Mono,051,14174,871,850,12,862,3
2020-12-26,Monterey,053,433212,27426,26010,682,26692,182
2020-12-26,Napa,055,140530,5846,5427,26,5453,26
2020-12-26,Nevada,057,99092,2717,2480,88,2568,15
2020-12-26,Orange,059,3164182,159764,147304,6119,153423,1838
2020-12-26,Placer,061,380077,14295,12816,541,13357,122
2020-12-26,Plumas,063,18699,466,381,8,389,0
2020-12-26,Riverside,065,2383286,182696,169360,8067,177427,1834
2020-12-26,Sacramento,067,1510023,64850,62435,594,63029,807
2020-12-26,San Benito,069,59416,3558,3330,29,3359,24
2020-12-26,San Bernardino,071,2135413,197616,185111,5332,190443,1551
2020-12-26,San Diego,073,3302833,157222,142644,7056,149700,1402
2020-12-26,San Francisco,075,870044,23459,22319,212,22531,177
2020-12-26,San Joaquin,077,732212,45277,42887,1532,44419,618
2020-12-26,San Luis Obispo,079,281455,10993,9945,246,10191,76
2020-12-26,San Mateo,081,765935,25147,22908,99,23007,187
2020-12-26,Santa Barbara,083,443738,17317,16159,476,16635,155
2020-12-26,Santa Clara,085,1922200,69862,64185,295,64480,618
2020-12-26,Santa Cruz,087,273765,9178,8113,335,8448,81
2020-12-26,Shasta,089,179085,8106,7641,680,8321,65
2020-12-26,Sierra,091,2930,32,24,3,27,0
2020-12-26,Siskiyou,093,43540,1009,909,99,1008,2
2020-12-26,Solano,095,438530,18876,17528,194,17722,96
2020-12-26,Sonoma,097,501317,19091,18261,105,18366,184
2020-12-26,Stanislaus,099,539301,34599,32678,3088,35766,505
2020-12-26,Sutter,101,95872,6457,6121,44,6165,48
2020-12-26,Tehama,103,63373,3026,2884,280,3164,9
2020-12-26,Trinity,105,12862,412,237,57,294,2
2020-12-26,Tulare,107,460477,33634,31665,3591,35256,398
2020-12-26,Tuolumne,109,53932,2772,2703,11,2714,12
2020-12-26,Ventura,111,848112,39594,36064,1582,37646,230
2020-12-26,Yolo,113,214977,8465,7785,59,7844,111
2020-12-26,Yuba,115,75493,3801,3599,37,3636,18
2020-12-25,Alameda,001,1643700,51346,48365,913,49278,542
2020-12-25,Alpine,003,1148,66,64,0,64,0
2020-12-25,Amador,005,37829,2395,2172,18,2190,23
2020-12-25,Butte,007,227075,7481,6873,816,7689,85
2020-12-25,Calaveras,009,45235,1101,1062,2,1064,21
2020-12-25,Colusa,011,21464,1277,1219,68,1287,7
2020-12-25,Contra Costa,013,1133247,39654,37480,506,37986,324
2020-12-25,Del Norte,015,27424,741,692,2,694,2
2020-12-25,El Dorado,017,186661,6016,5170,262,5432,16
2020-12-25,Fresno,019,978130,67043,62251,4292,66543,679
2020-12-25,Glenn,021,27897,1526,1390,236,1626,9
2020-12-25,Humboldt,023,135768,1690,1532,7,1539,16
2020-12-25,Imperial,025,180216,22644,21646,1176,22822,405
2020-12-25,Inyo,027,18085,654,546,7,553,18
2020-12-25,Kern,029,883053,64759,60417,4569,64986,562
2020-12-25,Kings,031,150075,16161,15460,494,15954,108
2020-12-25,Lake,033,64148,1844,1669,0,1669,20
2020-12-25,Lassen,035,31185,4338,3926,44,3970,1
2020-12-25,Los Angeles,037,10098052,743615,665600,19750,685350,9292
2020-12-25,Madera,039,155013,10484,9770,407,10177,64
2020-12-25,Marin,041,260295,9704,9375,67,9442,143
2020-12-25,Mariposa,043,17540,224,203,2,205,3
2020-12-25,Mendocino,045,87422,2353,2176,20,2196,23
2020-12-25,Merced,047,269075,18555,17726,316,18042,213
2020-12-25,Modoc,049,8938,248,221,72,293,0
2020-12-25,Mono,051,14174,869,843,12,855,3
2020-12-25,Monterey,053,433212,27149,25788,673,26461,182
2020-12-25,Napa,055,140530,5769,5351,26,5377,26
2020-12-25,Nevada,057,99092,2691,2458,86,2544,15
2020-12-25,Orange,059,3164182,157085,144542,5927,150469,1814
2020-12-25,Placer,061,380077,14109,12660,519,13179,122
2020-12-25,Plumas,063,18699,459,381,8,389,0
2020-12-25,Riverside,065,2383286,179411,166690,7751,174441,1825
2020-12-25,Sacramento,067,1510023,64156,61630,568,62198,796
2020-12-25,San Benito,069,59416,3518,3281,27,3308,24
2020-12-25,San Bernardino,071,2135413,194983,181812,5216,187028,1546
2020-12-25,San Diego,073,3302833,154742,139958,6878,146836,1402
2020-12-25,San Francisco,075,870044,23183,22130,207,22337,175
2020-12-25,San Joaquin,077,732212,44969,42089,1477,43566,614
2020-12-25,San Luis Obispo,079,281455,10810,9749,239,9988,76
2020-12-25,San Mateo,081,765935,24825,22568,97,22665,187
2020-12-25,Santa Barbara,083,443738,17093,15936,469,16405,155
2020-12-25,Santa Clara,085,1922200,68752,63173,286,63459,612
2020-12-25,Santa Cruz,087,273765,9035,8018,313,8331,81
2020-12-25,Shasta,089,179085,8032,7612,657,8269,65
2020-12-25,Sierra,091,2930,32,24,3,27,0
2020-12-25,Siskiyou,093,43540,1003,905,96,1001,2
2020-12-25,Solano,095,438530,18704,17280,192,17472,96
2020-12-25,Sonoma,097,501317,18915,18035,103,18138,184
2020-12-25,Stanislaus,099,539301,34302,32290,3037,35327,498
2020-12-25,Sutter,101,95872,6398,6051,43,6094,47
2020-12-25,Tehama,103,63373,2978,2839,267,3106,9
2020-12-25,Trinity,105,12862,408,236,57,293,2
2020-12-25,Tulare,107,460477,33245,31323,3526,34849,398
2020-12-25,Tuolumne,109,53932,2753,2674,11,2685,12
2020-12-25,Ventura,111,848112,38438,35514,1534,37048,230
2020-12-25,Yolo,113,214977,8369,7700,57,7757,111
2020-12-25,Yuba,115,75493,3765,3549,36,3585,17
2020-12-24,Alameda,001,1643700,50997,47527,894,48421,541
2020-12-24,Alpine,003,1148,66,64,0,64,0
2020-12-24,Amador,005,37829,2383,2145,18,2163,23
2020-12-24,Butte,007,227075,7442,6716,802,7518,84
2020-12-24,Calaveras,009,45235,1098,1032,2,1034,21
2020-12-24,Colusa,011,21464,1272,1188,67,1255,7
2020-12-24,Contra Costa,013,1133247,39409,36623,495,37118,311
2020-12-24,Del Norte,015,27424,741,678,2,680,2
2020-12-24,El Dorado,017,186661,5990,5042,254,5296,16
2020-12-24,Fresno,019,978130,66820,61435,4278,65713,663
2020-12-24,Glenn,021,27897,1515,1363,228,1591,9
2020-12-24,Humboldt,023,135768,1667,1516,7,1523,16
2020-12-24,Imperial,025,180216,22595,21545,1167,22712,402
2020-12-24,Inyo,027,18085,652,532,7,539,17
2020-12-24,Kern,029,883053,64472,59601,4556,64157,556
2020-12-24,Kings,031,150075,16121,15211,493,15704,108
2020-12-24,Lake,033,64148,1829,1629,0,1629,20
2020-12-24,Lassen,035,31185,4325,3894,44,3938,1
2020-12-24,Los Angeles,037,10098052,739445,664840,19492,684332,9288
2020-12-24,Madera,039,155013,10444,9547,400,9947,63
2020-12-24,Marin,041,260295,9670,9287,67,9354,143
2020-12-24,Mariposa,043,17540,220,197,2,199,3
2020-12-24,Mendocino,045,87422,2342,2150,20,2170,23
2020-12-24,Merced,047,269075,18484,17485,312,17797,212
2020-12-24,Modoc,049,8938,248,220,71,291,0
2020-12-24,Mono,051,14174,867,817,12,829,3
2020-12-24,Monterey,053,433212,27037,25131,666,25797,180
2020-12-24,Napa,055,140530,5714,5265,26,5291,26
2020-12-24,Nevada,057,99092,2667,2429,86,2515,15
2020-12-24,Orange,059,3164182,155604,141205,5876,147081,1775
2020-12-24,Placer,061,380077,14020,12457,512,12969,121
2020-12-24,Plumas,063,18699,456,376,8,384,0
2020-12-24,Riverside,065,2383286,178477,162435,7711,170146,1816
2020-12-24,Sacramento,067,1510023,63881,60596,566,61162,788
2020-12-24,San Benito,069,59416,3487,3183,27,3210,24
2020-12-24,San Bernardino,071,2135413,193945,176866,5182,182048,1533
2020-12-24,San Diego,073,3302833,153658,136952,6846,143798,1382
2020-12-24,San Francisco,075,870044,23015,21830,204,22034,175
2020-12-24,San Joaquin,077,732212,44805,41324,1459,42783,611
2020-12-24,San Luis Obispo,079,281455,10741,9504,237,9741,77
2020-12-24,San Mateo,081,765935,24629,22093,97,22190,186
2020-12-24,Santa Barbara,083,443738,16988,15644,461,16105,153
2020-12-24,Santa Clara,085,1922200,68146,61742,279,62021,591
2020-12-24,Santa Cruz,087,273765,8964,7856,301,8157,82
2020-12-24,Shasta,089,179085,7991,7540,640,8180,65
2020-12-24,Sierra,091,2930,29,23,1,24,0
2020-12-24,Siskiyou,093,43540,998,900,90,990,2
2020-12-24,Solano,095,438530,18563,16872,187,17059,96
2020-12-24,Sonoma,097,501317,18817,17710,103,17813,183
2020-12-24,Stanislaus,099,539301,34099,31848,3011,34859,498
2020-12-24,Sutter,101,95872,6357,5960,42,6002,47
2020-12-24,Tehama,103,63373,2960,2779,265,3044,9
2020-12-24,Trinity,105,12862,407,235,57,292,2
2020-12-24,Tulare,107,460477,33126,30827,3500,34327,390
2020-12-24,Tuolumne,109,53932,2745,2653,11,2664,12
2020-12-24,Ventura,111,848112,38158,34400,1527,35927,224
2020-12-24,Yolo,113,214977,8327,7566,57,7623,113
2020-12-24,Yuba,115,75493,3740,3483,36,3519,16
2020-12-23,Alameda,001,1643700,50421,46753,868,47621,537
2020-12-23,Alpine,003,1148,66,64,0,64,0
2020-12-23,Amador,005,37829,2314,2108,17,2125,23
2020-12-23,Butte,007,227075,7354,6588,776,7364,84
2020-12-23,Calaveras,009,45235,1090,1002,1,1003,21
2020-12-23,Colusa,011,21464,1261,1167,67,1234,7
2020-12-23,Contra Costa,013,1133247,39010,36190,482,36672,311
2020-12-23,Del Norte,015,27424,734,670,2,672,2
2020-12-23,El Dorado,017,186661,5915,4967,246,5213,14
2020-12-23,Fresno,019,978130,66211,60488,4212,64700,654
2020-12-23,Glenn,021,27897,1501,1349,224,1573,9
2020-12-23,Humboldt,023,135768,1642,1458,7,1465,16
2020-12-23,Imperial,025,180216,22500,21323,1138,22461,399
2020-12-23,Inyo,027,18085,640,517,7,524,17
2020-12-23,Kern,029,883053,63955,58656,4462,63118,549
2020-12-23,Kings,031,150075,16043,14923,490,15413,105
2020-12-23,Lake,033,64148,1815,1595,0,1595,20
2020-12-23,Lassen,035,31185,4315,3865,41,3906,1
2020-12-23,Los Angeles,037,10098052,730390,651958,18959,670917,9146
2020-12-23,Madera,039,155013,10285,9371,386,9757,63
2020-12-23,Marin,041,260295,9612,9199,64,9263,142
2020-12-23,Mariposa,043,17540,218,194,2,196,3
2020-12-23,Mendocino,045,87422,2330,2121,20,2141,23
2020-12-23,Merced,047,269075,18328,17250,304,17554,203
2020-12-23,Modoc,049,8938,244,197,70,267,0
2020-12-23,Mono,051,14174,864,814,12,826,3
2020-12-23,Monterey,053,433212,26737,24856,659,25515,176
2020-12-23,Napa,055,140530,5646,5172,26,5198,25
2020-12-23,Nevada,057,99092,2622,2406,85,2491,15
2020-12-23,Orange,059,3164182,153154,138050,5709,143759,1771
2020-12-23,Placer,061,380077,13810,12213,504,12717,111
2020-12-23,Plumas,063,18699,449,369,8,377,0
2020-12-23,Riverside,065,2383286,176205,158110,7553,165663,1790
2020-12-23,Sacramento,067,1510023,63231,59661,552,60213,779
2020-12-23,San Benito,069,59416,3433,3073,25,3098,24
2020-12-23,San Bernardino,071,2135413,191904,172888,5113,178001,1509
2020-12-23,San Diego,073,3302833,151232,134695,6709,141404,1350
2020-12-23,San Francisco,075,870044,22793,21498,201,21699,174
2020-12-23,San Joaquin,077,732212,44280,35664,1417,37081,602
2020-12-23,San Luis Obispo,079,281455,10599,9267,232,9499,74
2020-12-23,San Mateo,081,765935,24327,21780,95,21875,186
2020-12-23,Santa Barbara,083,443738,16780,15399,435,15834,152
2020-12-23,Santa Clara,085,1922200,67237,60455,274,60729,579
2020-12-23,Santa Cruz,087,273765,8804,7637,283,7920,75
2020-12-23,Shasta,089,179085,7918,7487,634,8121,66
2020-12-23,Sierra,091,2930,27,23,1,24,0
2020-12-23,Siskiyou,093,43540,977,891,89,980,2
2020-12-23,Solano,095,438530,18355,16626,182,16808,95
2020-12-23,Sonoma,097,501317,18613,17397,103,17500,182
2020-12-23,Stanislaus,099,539301,33749,31492,2958,34450,499
2020-12-23,Sutter,101,95872,6291,5871,42,5913,46
2020-12-23,Tehama,103,63373,2942,2737,258,2995,9
2020-12-23,Trinity,105,12862,407,234,56,290,2
2020-12-23,Tulare,107,460477,32834,30315,3461,33776,385
2020-12-23,Tuolumne,109,53932,2706,2540,11,2551,12
2020-12-23,Ventura,111,848112,37761,33377,1498,34875,216
2020-12-23,Yolo,113,214977,8249,7508,56,7564,112
2020-12-23,Yuba,115,75493,3687,3438,36,3474,14
2020-12-22,Alameda,001,1643700,49538,45751,838,46589,534
2020-12-22,Alpine,003,1148,66,64,0,64,0
2020-12-22,Amador,005,37829,2303,1839,17,1856,23
2020-12-22,Butte,007,227075,7226,6467,761,7228,85
2020-12-22,Calaveras,009,45235,1063,988,0,988,21
2020-12-22,Colusa,011,21464,1238,1150,63,1213,7
2020-12-22,Contra Costa,013,1133247,38383,35681,470,36151,301
2020-12-22,Del Norte,015,27424,727,666,2,668,2
2020-12-22,El Dorado,017,186661,5792,4885,234,5119,12
2020-12-22,Fresno,019,978130,65177,59640,4106,63746,640
2020-12-22,Glenn,021,27897,1478,1337,213,1550,9
2020-12-22,Humboldt,023,135768,1609,1440,7,1447,16
2020-12-22,Imperial,025,180216,22311,21128,1094,22222,398
2020-12-22,Inyo,027,18085,620,506,7,513,17
2020-12-22,Kern,029,883053,63003,57816,4325,62141,547
2020-12-22,Kings,031,150075,15901,14855,484,15339,102
2020-12-22,Lake,033,64148,1791,1569,0,1569,20
2020-12-22,Lassen,035,31185,4173,3848,39,3887,1
2020-12-22,Los Angeles,037,10098052,713139,635931,18271,654202,9013
2020-12-22,Madera,039,155013,10167,9187,370,9557,63
2020-12-22,Marin,041,260295,9548,9115,63,9178,142
2020-12-22,Mariposa,043,17540,215,194,2,196,3
2020-12-22,Mendocino,045,87422,2297,2092,20,2112,23
2020-12-22,Merced,047,269075,18082,17012,299,17311,201
2020-12-22,Modoc,049,8938,236,182,69,251,0
2020-12-22,Mono,051,14174,858,786,12,798,3
2020-12-22,Monterey,053,433212,26067,24152,638,24790,176
2020-12-22,Napa,055,140530,5557,5059,26,5085,23
2020-12-22,Nevada,057,99092,2594,2367,84,2451,14
2020-12-22,Orange,059,3164182,149812,134850,5537,140387,1774
2020-12-22,Placer,061,380077,13566,11943,484,12427,105
2020-12-22,Plumas,063,18699,443,360,8,368,0
2020-12-22,Riverside,065,2383286,172393,155059,7284,162343,1777
2020-12-22,Sacramento,067,1510023,62303,57966,533,58499,772
2020-12-22,San Benito,069,59416,3355,2998,25,3023,24
2020-12-22,San Bernardino,071,2135413,187325,169266,4965,174231,1500
2020-12-22,San Diego,073,3302833,147873,132097,6547,138644,1311
2020-12-22,San Francisco,075,870044,22524,21232,197,21429,174
2020-12-22,San Joaquin,077,732212,43522,39423,1368,40791,592
2020-12-22,San Luis Obispo,079,281455,10254,9174,227,9401,69
2020-12-22,San Mateo,081,765935,24000,21382,79,21461,186
2020-12-22,Santa Barbara,083,443738,16515,15189,425,15614,150
2020-12-22,Santa Clara,085,1922200,66070,59192,266,59458,569
2020-12-22,Santa Cruz,087,273765,8625,7471,257,7728,72
2020-12-22,Shasta,089,179085,7840,7371,617,7988,64
2020-12-22,Sierra,091,2930,27,23,0,23,0
2020-12-22,Siskiyou,093,43540,971,880,88,968,2
2020-12-22,Solano,095,438530,17952,16229,179,16408,95
2020-12-22,Sonoma,097,501317,18295,17216,103,17319,180
2020-12-22,Stanislaus,099,539301,33366,30914,2886,33800,499
2020-12-22,Sutter,101,95872,6230,5791,41,5832,46
2020-12-22,Tehama,103,63373,2892,2688,253,2941,9
2020-12-22,Trinity,105,12862,406,231,56,287,2
2020-12-22,Tulare,107,460477,32369,30025,3394,33419,377
2020-12-22,Tuolumne,109,53932,2655,2526,11,2537,12
2020-12-22,Ventura,111,848112,36996,32488,1455,33943,213
2020-12-22,Yolo,113,214977,8136,7388,55,7443,113
2020-12-22,Yuba,115,75493,3636,3379,36,3415,14
2020-12-21,Alameda,001,1643700,48638,44756,811,45567,518
2020-12-21,Alpine,003,1148,65,64,0,64,0
2020-12-21,Amador,005,37829,2226,1815,17,1832,23
2020-12-21,Butte,007,227075,7071,6335,737,7072,81
2020-12-21,Calaveras,009,45235,1033,963,0,963,21
2020-12-21,Colusa,011,21464,1211,1135,58,1193,7
2020-12-21,Contra Costa,013,1133247,37631,35207,433,35640,300
2020-12-21,Del Norte,015,27424,712,660,2,662,2
2020-12-21,El Dorado,017,186661,5645,4805,221,5026,10
2020-12-21,Fresno,019,978130,64025,58568,3962,62530,634
2020-12-21,Glenn,021,27897,1446,1323,205,1528,9
2020-12-21,Humboldt,023,135768,1586,1419,7,1426,16
2020-12-21,Imperial,025,180216,22042,20994,1050,22044,395
2020-12-21,Inyo,027,18085,599,482,7,489,17
2020-12-21,Kern,029,883053,62113,56836,4188,61024,541
2020-12-21,Kings,031,150075,15651,14760,469,15229,100
2020-12-21,Lake,033,64148,1737,1538,0,1538,20
2020-12-21,Lassen,035,31185,4013,3798,37,3835,1
2020-12-21,Los Angeles,037,10098052,694059,624129,17590,641719,8918
2020-12-21,Madera,039,155013,9973,9069,350,9419,63
2020-12-21,Marin,041,260295,9479,9035,63,9098,142
2020-12-21,Mariposa,043,17540,210,186,2,188,3
2020-12-21,Mendocino,045,87422,2266,2066,20,2086,23
2020-12-21,Merced,047,269075,17832,16710,283,16993,198
2020-12-21,Modoc,049,8938,222,181,68,249,0
2020-12-21,Mono,051,14174,846,781,12,793,3
2020-12-21,Monterey,053,433212,25535,23673,624,24297,174
2020-12-21,Napa,055,140530,5470,4952,26,4978,23
2020-12-21,Nevada,057,99092,2561,2337,84,2421,13
2020-12-21,Orange,059,3164182,146400,130444,5383,135827,1772
2020-12-21,Placer,061,380077,13334,11715,465,12180,105
2020-12-21,Plumas,063,18699,439,353,8,361,0
2020-12-21,Riverside,065,2383286,168168,151713,6959,158672,1743
2020-12-21,Sacramento,067,1510023,61282,57064,516,57580,759
2020-12-21,San Benito,069,59416,3287,2921,25,2946,22
2020-12-21,San Bernardino,071,2135413,182533,165086,4800,169886,1476
2020-12-21,San Diego,073,3302833,144422,129716,6383,136099,1284
2020-12-21,San Francisco,075,870044,22238,21086,195,21281,174
2020-12-21,San Joaquin,077,732212,42726,38811,1317,40128,586
2020-12-21,San Luis Obispo,079,281455,10065,9006,222,9228,64
2020-12-21,San Mateo,081,765935,23595,21035,76,21111,185
2020-12-21,Santa Barbara,083,443738,16241,14988,420,15408,149
2020-12-21,Santa Clara,085,1922200,64878,57699,254,57953,570
2020-12-21,Santa Cruz,087,273765,8413,7315,244,7559,69
2020-12-21,Shasta,089,179085,7775,7299,607,7906,64
2020-12-21,Sierra,091,2930,24,23,0,23,0
2020-12-21,Siskiyou,093,43540,963,878,87,965,2
2020-12-21,Solano,095,438530,17482,15878,174,16052,95
2020-12-21,Sonoma,097,501317,18022,17075,99,17174,176
2020-12-21,Stanislaus,099,539301,32909,30437,2811,33248,499
2020-12-21,Sutter,101,95872,6134,5708,41,5749,46
2020-12-21,Tehama,103,63373,2827,2656,244,2900,9
2020-12-21,Trinity,105,12862,404,226,54,280,2
2020-12-21,Tulare,107,460477,31869,29482,3305,32787,373
2020-12-21,Tuolumne,109,53932,2630,2423,9,2432,12
2020-12-21,Ventura,111,848112,35915,31759,1418,33177,212
2020-12-21,Yolo,113,214977,7991,7266,51,7317,109
2020-12-21,Yuba,115,75493,3577,3329,36,3365,14
2020-12-20,Alameda,001,1643700,47759,44004,788,44792,516
2020-12-20,Alpine,003,1148,65,64,0,64,0
2020-12-20,Amador,005,37829,2168,1771,17,1788,23
2020-12-20,Butte,007,227075,6926,6228,701,6929,81
2020-12-20,Calaveras,009,45235,1009,926,0,926,21
2020-12-20,Colusa,011,21464,1183,1121,52,1173,7
2020-12-20,Contra Costa,013,1133247,37045,34798,416,35214,301
2020-12-20,Del Norte,015,27424,690,652,2,654,2
2020-12-20,El Dorado,017,186661,5520,4697,212,4909,10
2020-12-20,Fresno,019,978130,63034,57616,3825,61441,634
2020-12-20,Glenn,021,27897,1437,1295,198,1493,9
2020-12-20,Humboldt,023,135768,1549,1386,6,1392,15
2020-12-20,Imperial,025,180216,21800,20882,944,21826,395
2020-12-20,Inyo,027,18085,584,476,7,483,17
2020-12-20,Kern,029,883053,61015,55983,4033,60016,540
2020-12-20,Kings,031,150075,15431,14629,452,15081,100
2020-12-20,Lake,033,64148,1691,1463,0,1463,20
2020-12-20,Lassen,035,31185,3959,3669,35,3704,1
2020-12-20,Los Angeles,037,10098052,675978,612975,16848,629823,8862
2020-12-20,Madera,039,155013,9763,8871,341,9212,63
2020-12-20,Marin,041,260295,9381,8948,60,9008,142
2020-12-20,Mariposa,043,17540,209,179,2,181,3
2020-12-20,Mendocino,045,87422,2241,2033,20,2053,23
2020-12-20,Merced,047,269075,17516,16435,276,16711,198
2020-12-20,Modoc,049,8938,222,181,66,247,0
2020-12-20,Mono,051,14174,828,774,12,786,3
2020-12-20,Monterey,053,433212,25051,23250,583,23833,173
2020-12-20,Napa,055,140530,5349,4865,24,4889,23
2020-12-20,Nevada,057,99092,2515,2289,78,2367,13
2020-12-20,Orange,059,3164182,142896,128780,5234,134014,1763
2020-12-20,Placer,061,380077,13108,11496,446,11942,105
2020-12-20,Plumas,063,18699,431,347,8,355,0
2020-12-20,Riverside,065,2383286,163962,148714,6667,155381,1742
2020-12-20,Sacramento,067,1510023,60281,56017,496,56513,755
2020-12-20,San Benito,069,59416,3215,2885,24,2909,21
2020-12-20,San Bernardino,071,2135413,177546,162810,4642,167452,1458
2020-12-20,San Diego,073,3302833,140704,126465,6213,132678,1280
2020-12-20,San Francisco,075,870044,21923,20937,192,21129,174
2020-12-20,San Joaquin,077,732212,41884,38268,1256,39524,587
2020-12-20,San Luis Obispo,079,281455,9773,8881,216,9097,63
2020-12-20,San Mateo,081,765935,23161,20764,72,20836,185
2020-12-20,Santa Barbara,083,443738,15919,14817,400,15217,148
2020-12-20,Santa Clara,085,1922200,63470,56860,248,57108,566
2020-12-20,Santa Cruz,087,273765,8205,7178,231,7409,69
2020-12-20,Shasta,089,179085,7661,7256,593,7849,64
2020-12-20,Sierra,091,2930,24,22,0,22,0
2020-12-20,Siskiyou,093,43540,953,870,86,956,2
2020-12-20,Solano,095,438530,17104,15533,163,15696,95
2020-12-20,Sonoma,097,501317,17747,16802,98,16900,175
2020-12-20,Stanislaus,099,539301,32382,29995,2709,32704,498
2020-12-20,Sutter,101,95872,6047,5601,41,5642,43
2020-12-20,Tehama,103,63373,2777,2602,225,2827,9
2020-12-20,Trinity,105,12862,396,221,53,274,2
2020-12-20,Tulare,107,460477,31352,29078,3209,32287,373
2020-12-20,Tuolumne,109,53932,2520,2152,8,2160,12
2020-12-20,Ventura,111,848112,35213,31335,1385,32720,210
2020-12-20,Yolo,113,214977,7840,7121,48,7169,109
2020-12-20,Yuba,115,75493,3530,3254,34,3288,12
2020-12-19,Alameda,001,1643700,47311,43109,781,43890,516
2020-12-19,Alpine,003,1148,65,64,0,64,0
2020-12-19,Amador,005,37829,2144,1754,17,1771,23
2020-12-19,Butte,007,227075,6826,6118,678,6796,81
2020-12-19,Calaveras,009,45235,992,900,0,900,21
2020-12-19,Colusa,011,21464,1175,1096,50,1146,7
2020-12-19,Contra Costa,013,1133247,36731,34321,402,34723,301
2020-12-19,Del Norte,015,27424,688,641,1,642,2
2020-12-19,El Dorado,017,186661,5453,4588,204,4792,10
2020-12-19,Fresno,019,978130,62709,55428,3757,59185,634
2020-12-19,Glenn,021,27897,1402,1286,197,1483,9
2020-12-19,Humboldt,023,135768,1532,1357,6,1363,15
2020-12-19,Imperial,025,180216,21710,20711,898,21609,395
2020-12-19,Inyo,027,18085,577,475,7,482,17
2020-12-19,Kern,029,883053,60530,55118,3925,59043,540
2020-12-19,Kings,031,150075,15352,14474,450,14924,100
2020-12-19,Lake,033,64148,1656,1438,0,1438,20
2020-12-19,Lassen,035,31185,3931,3595,35,3630,1
2020-12-19,Los Angeles,037,10098052,668879,599888,16313,616201,8804
2020-12-19,Madera,039,155013,9671,8717,329,9046,63
2020-12-19,Marin,041,260295,9341,8864,60,8924,142
2020-12-19,Mariposa,043,17540,207,177,2,179,3
2020-12-19,Mendocino,045,87422,2216,2008,20,2028,23
2020-12-19,Merced,047,269075,17377,16230,268,16498,198
2020-12-19,Modoc,049,8938,219,181,66,247,0
2020-12-19,Mono,051,14174,821,766,12,778,3
2020-12-19,Monterey,053,433212,24936,22799,577,23376,172
2020-12-19,Napa,055,140530,5287,4772,24,4796,23
2020-12-19,Nevada,057,99092,2493,2260,78,2338,13
2020-12-19,Orange,059,3164182,140975,125574,5083,130657,1733
2020-12-19,Placer,061,380077,12953,11246,440,11686,105
2020-12-19,Plumas,063,18699,428,343,8,351,0
2020-12-19,Riverside,065,2383286,161974,146703,6431,153134,1737
2020-12-19,Sacramento,067,1510023,59749,55169,482,55651,746
2020-12-19,San Benito,069,59416,3169,2820,23,2843,21
2020-12-19,San Bernardino,071,2135413,175978,159883,4535,164418,1433
2020-12-19,San Diego,073,3302833,138937,122972,6074,129046,1280
2020-12-19,San Francisco,075,870044,21772,20643,192,20835,174
2020-12-19,San Joaquin,077,732212,41482,37340,1206,38546,586
2020-12-19,San Luis Obispo,079,281455,9702,8788,213,9001,63
2020-12-19,San Mateo,081,765935,22951,20393,65,20458,182
2020-12-19,Santa Barbara,083,443738,15763,14667,394,15061,148
2020-12-19,Santa Clara,085,1922200,62659,55540,244,55784,558
2020-12-19,Santa Cruz,087,273765,8101,7054,226,7280,68
2020-12-19,Shasta,089,179085,7609,7221,581,7802,63
2020-12-19,Sierra,091,2930,24,23,0,23,0
2020-12-19,Siskiyou,093,43540,949,853,85,938,2
2020-12-19,Solano,095,438530,16938,15204,159,15363,95
2020-12-19,Sonoma,097,501317,17639,16553,98,16651,175
2020-12-19,Stanislaus,099,539301,32063,29555,2636,32191,498
2020-12-19,Sutter,101,95872,5990,5506,41,5547,41
2020-12-19,Tehama,103,63373,2727,2574,223,2797,9
2020-12-19,Trinity,105,12862,395,219,53,272,2
2020-12-19,Tulare,107,460477,31130,28734,3143,31877,375
2020-12-19,Tuolumne,109,53932,2507,2107,8,2115,12
2020-12-19,Ventura,111,848112,34932,30843,1355,32198,209
2020-12-19,Yolo,113,214977,7771,7025,47,7072,109
2020-12-19,Yuba,115,75493,3498,3168,34,3202,11
2020-12-18,Alameda,001,1643700,46775,42196,765,42961,515
2020-12-18,Alpine,003,1148,65,64,0,64,0
2020-12-18,Amador,005,37829,2127,1727,15,1742,20
2020-12-18,Butte,007,227075,6741,5891,652,6543,81
2020-12-18,Calaveras,009,45235,982,870,0,870,21
2020-12-18,Colusa,011,21464,1166,1068,50,1118,7
2020-12-18,Contra Costa,013,1133247,36447,33610,390,34000,300
2020-12-18,Del Norte,015,27424,683,627,0,627,2
2020-12-18,El Dorado,017,186661,5391,4494,195,4689,10
2020-12-18,Fresno,019,978130,61882,52643,3693,56336,613
2020-12-18,Glenn,021,27897,1385,1264,192,1456,9
2020-12-18,Humboldt,023,135768,1517,1331,6,1337,15
2020-12-18,Imperial,025,180216,21632,20430,851,21281,393
2020-12-18,Inyo,027,18085,557,454,7,461,17
2020-12-18,Kern,029,883053,59870,54220,3840,58060,533
2020-12-18,Kings,031,150075,15226,14284,444,14728,98
2020-12-18,Lake,033,64148,1645,1397,0,1397,20
2020-12-18,Lassen,035,31185,3923,3486,35,3521,1
2020-12-18,Los Angeles,037,10098052,656741,586413,15810,602223,8744
2020-12-18,Madera,039,155013,9569,8609,324,8933,63
2020-12-18,Marin,041,260295,9257,8799,60,8859,142
2020-12-18,Mariposa,043,17540,204,176,2,178,3
2020-12-18,Mendocino,045,87422,2198,1977,20,1997,24
2020-12-18,Merced,047,269075,17296,15956,265,16221,195
2020-12-18,Modoc,049,8938,219,179,66,245,0
2020-12-18,Mono,051,14174,813,731,12,743,3
2020-12-18,Monterey,053,433212,24642,22336,571,22907,165
2020-12-18,Napa,055,140530,5238,4688,24,4712,23
2020-12-18,Nevada,057,99092,2476,2220,77,2297,13
2020-12-18,Orange,059,3164182,138539,121681,4934,126615,1725
2020-12-18,Placer,061,380077,12782,10995,431,11426,104
2020-12-18,Plumas,063,18699,422,336,8,344,0
2020-12-18,Riverside,065,2383286,159133,142375,6162,148537,1733
2020-12-18,Sacramento,067,1510023,59123,53980,466,54446,736
2020-12-18,San Benito,069,59416,3120,2744,23,2767,21
2020-12-18,San Bernardino,071,2135413,173679,154272,4401,158673,1430
2020-12-18,San Diego,073,3302833,136759,120463,5935,126398,1253
2020-12-18,San Francisco,075,870044,21605,20315,186,20501,173
2020-12-18,San Joaquin,077,732212,41123,36484,1175,37659,559
2020-12-18,San Luis Obispo,079,281455,9604,8598,208,8806,62
2020-12-18,San Mateo,081,765935,22637,19971,61,20032,182
2020-12-18,Santa Barbara,083,443738,15622,14361,381,14742,148
2020-12-18,Santa Clara,085,1922200,61786,53992,235,54227,539
2020-12-18,Santa Cruz,087,273765,7986,6838,218,7056,68
2020-12-18,Shasta,089,179085,7571,7114,570,7684,62
2020-12-18,Sierra,091,2930,24,23,0,23,0
2020-12-18,Siskiyou,093,43540,947,840,85,925,2
2020-12-18,Solano,095,438530,16785,14667,155,14822,95
2020-12-18,Sonoma,097,501317,17520,16261,98,16359,173
2020-12-18,Stanislaus,099,539301,31790,28967,2600,31567,490
2020-12-18,Sutter,101,95872,5906,5399,41,5440,39
2020-12-18,Tehama,103,63373,2712,2523,213,2736,9
2020-12-18,Trinity,105,12862,394,215,53,268,2
2020-12-18,Tulare,107,460477,30853,28322,3064,31386,370
2020-12-18,Tuolumne,109,53932,2496,2067,8,2075,12
2020-12-18,Ventura,111,848112,34428,29907,1312,31219,209
2020-12-18,Yolo,113,214977,7703,6901,46,6947,109
2020-12-18,Yuba,115,75493,3440,3097,34,3131,11
2020-12-17,Alameda,001,1643700,45966,41548,732,42280,508
2020-12-17,Alpine,003,1148,65,64,0,64,0
2020-12-17,Amador,005,37829,2079,1703,13,1716,19
2020-12-17,Butte,007,227075,6615,5746,634,6380,78
2020-12-17,Calaveras,009,45235,959,848,0,848,21
2020-12-17,Colusa,011,21464,1155,1053,48,1101,7
2020-12-17,Contra Costa,013,1133247,35923,33006,356,33362,293
2020-12-17,Del Norte,015,27424,678,583,0,583,1
2020-12-17,El Dorado,017,186661,5246,4327,183,4510,9
2020-12-17,Fresno,019,978130,61019,49918,3567,53485,597
2020-12-17,Glenn,021,27897,1361,1244,185,1429,9
2020-12-17,Humboldt,023,135768,1484,1322,6,1328,14
2020-12-17,Imperial,025,180216,21467,20208,781,20989,391
2020-12-17,Inyo,027,18085,539,450,6,456,16
2020-12-17,Kern,029,883053,58913,53683,3707,57390,526
2020-12-17,Kings,031,150075,15123,14057,429,14486,98
2020-12-17,Lake,033,64148,1620,1374,0,1374,20
2020-12-17,Lassen,035,31185,3887,3417,35,3452,1
2020-12-17,Los Angeles,037,10098052,641088,571093,15256,586349,8657
2020-12-17,Madera,039,155013,9452,8465,320,8785,62
2020-12-17,Marin,041,260295,9193,8721,58,8779,142
2020-12-17,Mariposa,043,17540,200,172,2,174,3
2020-12-17,Mendocino,045,87422,2164,1942,20,1962,23
2020-12-17,Merced,047,269075,17032,15648,257,15905,192
2020-12-17,Modoc,049,8938,216,179,66,245,0
2020-12-17,Mono,051,14174,800,718,12,730,3
2020-12-17,Monterey,053,433212,24123,21951,556,22507,163
2020-12-17,Napa,055,140530,5126,4612,24,4636,23
2020-12-17,Nevada,057,99092,2435,2173,74,2247,13
2020-12-17,Orange,059,3164182,135158,118367,4798,123165,1725
2020-12-17,Placer,061,380077,12508,10756,417,11173,99
2020-12-17,Plumas,063,18699,413,324,8,332,0
2020-12-17,Riverside,065,2383286,155249,139325,5946,145271,1696
2020-12-17,Sacramento,067,1510023,58217,53189,443,53632,721
2020-12-17,San Benito,069,59416,3051,2645,22,2667,20
2020-12-17,San Bernardino,071,2135413,169744,149838,4284,154122,1425
2020-12-17,San Diego,073,3302833,133958,116852,5779,122631,1239
2020-12-17,San Francisco,075,870044,21318,19939,181,20120,170
2020-12-17,San Joaquin,077,732212,40397,35894,1138,37032,554
2020-12-17,San Luis Obispo,079,281455,9484,8365,206,8571,59
2020-12-17,San Mateo,081,765935,22266,19647,61,19708,181
2020-12-17,Santa Barbara,083,443738,15389,14207,374,14581,147
2020-12-17,Santa Clara,085,1922200,60618,52559,229,52788,527
2020-12-17,Santa Cruz,087,273765,7831,6687,204,6891,64
2020-12-17,Shasta,089,179085,7494,7000,551,7551,62
2020-12-17,Sierra,091,2930,23,23,0,23,0
2020-12-17,Siskiyou,093,43540,940,827,84,911,2
2020-12-17,Solano,095,438530,16479,14361,153,14514,96
2020-12-17,Sonoma,097,501317,17248,15993,97,16090,171
2020-12-17,Stanislaus,099,539301,31364,28582,2541,31123,489
2020-12-17,Sutter,101,95872,5807,5309,40,5349,39
2020-12-17,Tehama,103,63373,2664,2480,207,2687,9
2020-12-17,Trinity,105,12862,389,213,53,266,2
2020-12-17,Tulare,107,460477,30459,27852,2986,30838,358
2020-12-17,Tuolumne,109,53932,2205,1992,8,2000,11
2020-12-17,Ventura,111,848112,33818,29404,1275,30679,208
2020-12-17,Yolo,113,214977,7578,6800,45,6845,105
2020-12-17,Yuba,115,75493,3381,3035,32,3067,12
2020-12-16,Alameda,001,1643700,45113,40751,705,41456,497
2020-12-16,Alpine,003,1148,65,64,0,64,0
2020-12-16,Amador,005,37829,2032,1693,12,1705,19
2020-12-16,Butte,007,227075,6426,5659,606,6265,76
2020-12-16,Calaveras,009,45235,924,821,0,821,21
2020-12-16,Colusa,011,21464,1142,1038,43,1081,7
2020-12-16,Contra Costa,013,1133247,35366,32429,336,32765,293
2020-12-16,Del Norte,015,27424,676,575,0,575,1
2020-12-16,El Dorado,017,186661,5125,4237,174,4411,9
2020-12-16,Fresno,019,978130,60061,49173,3471,52644,584
2020-12-16,Glenn,021,27897,1343,1236,174,1410,9
2020-12-16,Humboldt,023,135768,1452,1308,5,1313,12
2020-12-16,Imperial,025,180216,21284,19980,715,20695,388
2020-12-16,Inyo,027,18085,526,444,6,450,16
2020-12-16,Kern,029,883053,58036,52896,3575,56471,522
2020-12-16,Kings,031,150075,14943,13734,412,14146,99
2020-12-16,Lake,033,64148,1580,1363,0,1363,20
2020-12-16,Lassen,035,31185,3854,3396,34,3430,1
2020-12-16,Los Angeles,037,10098052,624565,557907,14568,572475,8561
2020-12-16,Madera,039,155013,9327,8278,312,8590,62
2020-12-16,Marin,041,260295,9122,8641,58,8699,142
2020-12-16,Mariposa,043,17540,197,175,2,177,3
2020-12-16,Mendocino,045,87422,2129,1929,20,1949,23
2020-12-16,Merced,047,269075,16746,15443,253,15696,190
2020-12-16,Modoc,049,8938,213,178,66,244,0
2020-12-16,Mono,051,14174,781,702,12,714,3
2020-12-16,Monterey,053,433212,23564,21107,545,21652,163
2020-12-16,Napa,055,140530,5029,4544,24,4568,23
2020-12-16,Nevada,057,99092,2399,2149,72,2221,13
2020-12-16,Orange,059,3164182,131680,115260,4631,119891,1712
2020-12-16,Placer,061,380077,12271,10554,396,10950,96
2020-12-16,Plumas,063,18699,404,319,8,327,0
2020-12-16,Riverside,065,2383286,151125,135751,5697,141448,1664
2020-12-16,Sacramento,067,1510023,57244,52166,418,52584,715
2020-12-16,San Benito,069,59416,2960,2582,22,2604,20
2020-12-16,San Bernardino,071,2135413,165138,143565,4149,147714,1403
2020-12-16,San Diego,073,3302833,130854,114248,5625,119873,1217
2020-12-16,San Francisco,075,870044,21059,19624,181,19805,170
2020-12-16,San Joaquin,077,732212,39571,35010,1098,36108,547
2020-12-16,San Luis Obispo,079,281455,9289,8252,197,8449,58
2020-12-16,San Mateo,081,765935,21940,19292,57,19349,179
2020-12-16,Santa Barbara,083,443738,15139,13966,362,14328,144
2020-12-16,Santa Clara,085,1922200,59376,51502,226,51728,523
2020-12-16,Santa Cruz,087,273765,7647,6536,193,6729,63
2020-12-16,Shasta,089,179085,7421,6914,529,7443,62
2020-12-16,Sierra,091,2930,23,23,0,23,0
2020-12-16,Siskiyou,093,43540,932,818,84,902,2
2020-12-16,Solano,095,438530,16012,14157,149,14306,96
2020-12-16,Sonoma,097,501317,16992,15768,97,15865,170
2020-12-16,Stanislaus,099,539301,30862,28279,2468,30747,489
2020-12-16,Sutter,101,95872,5727,5223,40,5263,39
2020-12-16,Tehama,103,63373,2631,2441,181,2622,9
2020-12-16,Trinity,105,12862,383,212,53,265,2
2020-12-16,Tulare,107,460477,30036,27500,2886,30386,352
2020-12-16,Tuolumne,109,53932,2162,1941,8,1949,11
2020-12-16,Ventura,111,848112,33044,28566,1232,29798,203
2020-12-16,Yolo,113,214977,7450,6649,44,6693,103
2020-12-16,Yuba,115,75493,3295,2980,31,3011,11
2020-12-15,Alameda,001,1643700,44257,40026,683,40709,492
2020-12-15,Alpine,003,1148,65,64,0,64,0
2020-12-15,Amador,005,37829,1919,1669,10,1679,19
2020-12-15,Butte,007,227075,6288,5565,577,6142,75
2020-12-15,Calaveras,009,45235,892,799,0,799,21
2020-12-15,Colusa,011,21464,1129,1026,42,1068,7
2020-12-15,Contra Costa,013,1133247,34709,31423,322,31745,281
2020-12-15,Del Norte,015,27424,665,564,0,564,1
2020-12-15,El Dorado,017,186661,5017,4113,160,4273,9
2020-12-15,Fresno,019,978130,58688,47316,3337,50653,574
2020-12-15,Glenn,021,27897,1330,1207,158,1365,9
2020-12-15,Humboldt,023,135768,1432,1276,5,1281,12
2020-12-15,Imperial,025,180216,21065,19756,635,20391,380
2020-12-15,Inyo,027,18085,513,394,6,400,16
2020-12-15,Kern,029,883053,57024,52002,3472,55474,511
2020-12-15,Kings,031,150075,14779,13652,393,14045,97
2020-12-15,Lake,033,64148,1555,1341,0,1341,21
2020-12-15,Lassen,035,31185,3682,3378,33,3411,1
2020-12-15,Los Angeles,037,10098052,608189,536258,13924,550182,8429
2020-12-15,Madera,039,155013,9173,8118,305,8423,60
2020-12-15,Marin,041,260295,9014,8528,56,8584,141
2020-12-15,Mariposa,043,17540,193,171,2,173,3
2020-12-15,Mendocino,045,87422,2102,1883,20,1903,24
2020-12-15,Merced,047,269075,16448,15120,249,15369,190
2020-12-15,Modoc,049,8938,211,179,66,245,0
2020-12-15,Mono,051,14174,765,702,12,714,3
2020-12-15,Monterey,053,433212,22966,19905,484,20389,161
2020-12-15,Napa,055,140530,4926,4440,24,4464,23
2020-12-15,Nevada,057,99092,2366,2117,70,2187,11
2020-12-15,Orange,059,3164182,128023,112893,4477,117370,1689
2020-12-15,Placer,061,380077,12037,10301,374,10675,95
2020-12-15,Plumas,063,18699,399,313,8,321,0
2020-12-15,Riverside,065,2383286,147067,131822,5418,137240,1624
2020-12-15,Sacramento,067,1510023,56227,51076,405,51481,703
2020-12-15,San Benito,069,59416,2881,2520,21,2541,19
2020-12-15,San Bernardino,071,2135413,160683,137548,3998,141546,1351
2020-12-15,San Diego,073,3302833,127288,111441,5462,116903,1194
2020-12-15,San Francisco,075,870044,20749,19283,178,19461,171
2020-12-15,San Joaquin,077,732212,38648,33849,1061,34910,537
2020-12-15,San Luis Obispo,079,281455,9180,8074,194,8268,55
2020-12-15,San Mateo,081,765935,21530,18907,55,18962,178
2020-12-15,Santa Barbara,083,443738,14913,13782,354,14136,144
2020-12-15,Santa Clara,085,1922200,57940,50311,223,50534,505
2020-12-15,Santa Cruz,087,273765,7462,6361,179,6540,59
2020-12-15,Shasta,089,179085,7362,6794,504,7298,54
2020-12-15,Sierra,091,2930,23,23,0,23,0
2020-12-15,Siskiyou,093,43540,923,812,83,895,2
2020-12-15,Solano,095,438530,15662,13796,149,13945,95
2020-12-15,Sonoma,097,501317,16771,15406,97,15503,167
2020-12-15,Stanislaus,099,539301,30348,27823,2387,30210,485
2020-12-15,Sutter,101,95872,5629,5080,39,5119,36
2020-12-15,Tehama,103,63373,2593,2392,176,2568,9
2020-12-15,Trinity,105,12862,375,213,51,264,1
2020-12-15,Tulare,107,460477,29547,27026,2796,29822,342
2020-12-15,Tuolumne,109,53932,2132,1874,8,1882,8
2020-12-15,Ventura,111,848112,32422,27936,1185,29121,201
2020-12-15,Yolo,113,214977,7327,6531,42,6573,104
2020-12-15,Yuba,115,75493,3201,2891,30,2921,11
2020-12-14,Alameda,001,1643700,43359,39252,664,39916,487
2020-12-14,Alpine,003,1148,65,63,0,63,0
2020-12-14,Amador,005,37829,1847,1609,10,1619,19
2020-12-14,Butte,007,227075,6120,5202,560,5762,75
2020-12-14,Calaveras,009,45235,854,718,0,718,21
2020-12-14,Colusa,011,21464,1105,949,41,990,7
2020-12-14,Contra Costa,013,1133247,34010,30594,308,30902,281
2020-12-14,Del Norte,015,27424,659,560,0,560,1
2020-12-14,El Dorado,017,186661,4861,4018,144,4162,9
2020-12-14,Fresno,019,978130,57664,44726,3157,47883,560
2020-12-14,Glenn,021,27897,1304,1186,150,1336,9
2020-12-14,Humboldt,023,135768,1419,1256,5,1261,9
2020-12-14,Imperial,025,180216,20827,19608,557,20165,379
2020-12-14,Inyo,027,18085,499,382,6,388,16
2020-12-14,Kern,029,883053,55987,50538,3351,53889,510
2020-12-14,Kings,031,150075,14594,13491,366,13857,97
2020-12-14,Lake,033,64148,1506,1301,0,1301,21
2020-12-14,Lassen,035,31185,3584,2905,30,2935,1
2020-12-14,Los Angeles,037,10098052,590567,524668,13279,537947,8340
2020-12-14,Madera,039,155013,8906,8011,296,8307,60
2020-12-14,Marin,041,260295,8931,8475,55,8530,141
2020-12-14,Mariposa,043,17540,192,171,2,173,3
2020-12-14,Mendocino,045,87422,2081,1845,20,1865,24
2020-12-14,Merced,047,269075,16040,14572,235,14807,189
2020-12-14,Modoc,049,8938,205,180,64,244,0
2020-12-14,Mono,051,14174,757,685,12,697,3
2020-12-14,Monterey,053,433212,22444,19154,478,19632,155
2020-12-14,Napa,055,140530,4833,4289,24,4313,22
2020-12-14,Nevada,057,99092,2327,2070,67,2137,11
2020-12-14,Orange,059,3164182,124133,108602,4341,112943,1688
2020-12-14,Placer,061,380077,11756,9551,363,9914,95
2020-12-14,Plumas,063,18699,387,309,8,317,0
2020-12-14,Riverside,065,2383286,142937,123715,5156,128871,1588
2020-12-14,Sacramento,067,1510023,55121,50304,380,50684,691
2020-12-14,San Benito,069,59416,2815,2467,20,2487,19
2020-12-14,San Bernardino,071,2135413,156238,129151,3870,133021,1347
2020-12-14,San Diego,073,3302833,123552,109578,5277,114855,1162
2020-12-14,San Francisco,075,870044,20372,18904,176,19080,171
2020-12-14,San Joaquin,077,732212,37804,32522,1015,33537,534
2020-12-14,San Luis Obispo,079,281455,8934,7791,190,7981,52
2020-12-14,San Mateo,081,765935,21031,18361,52,18413,178
2020-12-14,Santa Barbara,083,443738,14640,13587,346,13933,144
2020-12-14,Santa Clara,085,1922200,56378,49180,211,49391,502
2020-12-14,Santa Cruz,087,273765,7276,6049,164,6213,54
2020-12-14,Shasta,089,179085,7273,6665,485,7150,54
2020-12-14,Sierra,091,2930,23,21,0,21,0
2020-12-14,Siskiyou,093,43540,900,764,77,841,2
2020-12-14,Solano,095,438530,15300,13352,148,13500,93
2020-12-14,Sonoma,097,501317,16464,14807,96,14903,167
2020-12-14,Stanislaus,099,539301,29814,27311,2338,29649,485
2020-12-14,Sutter,101,95872,5524,5001,32,5033,35
2020-12-14,Tehama,103,63373,2548,2344,173,2517,9
2020-12-14,Trinity,105,12862,371,205,49,254,1
2020-12-14,Tulare,107,460477,29074,25735,2705,28440,341
2020-12-14,Tuolumne,109,53932,2079,1647,8,1655,8
2020-12-14,Ventura,111,848112,31499,27436,1126,28562,202
2020-12-14,Yolo,113,214977,7167,6389,41,6430,95
2020-12-14,Yuba,115,75493,3139,2851,30,2881,11
2020-12-13,Alameda,001,1643700,42162,38064,638,38702,486
2020-12-13,Alpine,003,1148,65,63,0,63,0
2020-12-13,Amador,005,37829,1791,1457,9,1466,19
2020-12-13,Butte,007,227075,5971,5103,518,5621,75
2020-12-13,Calaveras,009,45235,818,710,0,710,21
2020-12-13,Colusa,011,21464,1089,945,37,982,7
2020-12-13,Contra Costa,013,1133247,33282,29667,302,29969,281
2020-12-13,Del Norte,015,27424,606,542,0,542,1
2020-12-13,El Dorado,017,186661,4760,3770,133,3903,9
2020-12-13,Fresno,019,978130,56557,44114,2997,47111,559
2020-12-13,Glenn,021,27897,1291,1171,139,1310,9
2020-12-13,Humboldt,023,135768,1396,1238,4,1242,9
2020-12-13,Imperial,025,180216,20536,19472,432,19904,379
2020-12-13,Inyo,027,18085,478,380,6,386,16
2020-12-13,Kern,029,883053,54956,49051,3197,52248,510
2020-12-13,Kings,031,150075,14314,13357,348,13705,97
2020-12-13,Lake,033,64148,1463,1271,0,1271,21
2020-12-13,Lassen,035,31185,3477,2867,25,2892,1
2020-12-13,Los Angeles,037,10098052,572958,517472,12571,530043,8294
2020-12-13,Madera,039,155013,8724,7909,282,8191,60
2020-12-13,Marin,041,260295,8811,8409,55,8464,141
2020-12-13,Mariposa,043,17540,188,167,2,169,3
2020-12-13,Mendocino,045,87422,2047,1793,20,1813,24
2020-12-13,Merced,047,269075,15689,14384,232,14616,189
2020-12-13,Modoc,049,8938,192,179,58,237,0
2020-12-13,Mono,051,14174,741,675,12,687,3
2020-12-13,Monterey,053,433212,22022,18913,464,19377,153
2020-12-13,Napa,055,140530,4727,4194,24,4218,22
2020-12-13,Nevada,057,99092,2279,2030,65,2095,11
2020-12-13,Orange,059,3164182,120200,104768,4167,108935,1688
2020-12-13,Placer,061,380077,11442,9405,345,9750,95
2020-12-13,Plumas,063,18699,381,291,8,299,0
2020-12-13,Riverside,065,2383286,138807,119691,4893,124584,1581
2020-12-13,Sacramento,067,1510023,53852,49480,351,49831,682
2020-12-13,San Benito,069,59416,2745,2408,19,2427,19
2020-12-13,San Bernardino,071,2135413,151341,126718,3707,130425,1333
2020-12-13,San Diego,073,3302833,119952,107372,5108,112480,1162
2020-12-13,San Francisco,075,870044,20027,18686,167,18853,167
2020-12-13,San Joaquin,077,732212,37000,32170,975,33145,534
2020-12-13,San Luis Obispo,079,281455,8744,7625,182,7807,52
2020-12-13,San Mateo,081,765935,20540,18090,46,18136,177
2020-12-13,Santa Barbara,083,443738,14370,13249,331,13580,144
2020-12-13,Santa Clara,085,1922200,54952,47920,202,48122,499
2020-12-13,Santa Cruz,087,273765,7027,5986,153,6139,54
2020-12-13,Shasta,089,179085,7199,6647,459,7106,54
2020-12-13,Sierra,091,2930,23,21,0,21,0
2020-12-13,Siskiyou,093,43540,888,762,72,834,2
2020-12-13,Solano,095,438530,14862,13276,145,13421,93
2020-12-13,Sonoma,097,501317,16149,14495,95,14590,167
2020-12-13,Stanislaus,099,539301,29249,26569,2276,28845,485
2020-12-13,Sutter,101,95872,5397,4798,28,4826,34
2020-12-13,Tehama,103,63373,2502,2325,158,2483,9
2020-12-13,Trinity,105,12862,365,204,49,253,1
2020-12-13,Tulare,107,460477,28583,25496,2618,28114,340
2020-12-13,Tuolumne,109,53932,2017,1611,8,1619,8
2020-12-13,Ventura,111,848112,30496,26588,1063,27651,202
2020-12-13,Yolo,113,214977,6983,6265,35,6300,95
2020-12-13,Yuba,115,75493,3074,2754,27,2781,11
2020-12-12,Alameda,001,1643700,41718,37027,618,37645,486
2020-12-12,Alpine,003,1148,65,63,0,63,0
2020-12-12,Amador,005,37829,1763,1236,8,1244,19
2020-12-12,Butte,007,227075,5898,4972,506,5478,73
2020-12-12,Calaveras,009,45235,808,708,0,708,21
2020-12-12,Colusa,011,21464,1069,945,35,980,7
2020-12-12,Contra Costa,013,1133247,32938,29506,293,29799,281
2020-12-12,Del Norte,015,27424,598,529,0,529,1
2020-12-12,El Dorado,017,186661,4685,3706,116,3822,9
2020-12-12,Fresno,019,978130,56206,43756,2937,46693,559
2020-12-12,Glenn,021,27897,1283,1143,135,1278,8
2020-12-12,Humboldt,023,135768,1377,1208,4,1212,9
2020-12-12,Imperial,025,180216,20452,18947,374,19321,379
2020-12-12,Inyo,027,18085,474,380,6,386,16
2020-12-12,Kern,029,883053,54436,48194,3109,51303,507
2020-12-12,Kings,031,150075,14225,13205,344,13549,96
2020-12-12,Lake,033,64148,1447,1232,0,1232,21
2020-12-12,Lassen,035,31185,3454,2866,22,2888,1
2020-12-12,Los Angeles,037,10098052,566158,504317,12062,516379,8269
2020-12-12,Madera,039,155013,8597,7765,279,8044,59
2020-12-12,Marin,041,260295,8757,8363,54,8417,141
2020-12-12,Mariposa,043,17540,187,164,2,166,3
2020-12-12,Mendocino,045,87422,2011,1771,20,1791,24
2020-12-12,Merced,047,269075,15598,14181,228,14409,188
2020-12-12,Modoc,049,8938,191,169,55,224,0
2020-12-12,Mono,051,14174,734,640,12,652,3
2020-12-12,Monterey,053,433212,21911,18596,435,19031,151
2020-12-12,Napa,055,140530,4682,4113,24,4137,22
2020-12-12,Nevada,057,99092,2261,1981,63,2044,10
2020-12-12,Orange,059,3164182,118316,100468,4019,104487,1674
2020-12-12,Placer,061,380077,11277,9390,340,9730,95
2020-12-12,Plumas,063,18699,375,291,8,299,0
2020-12-12,Riverside,065,2383286,136750,118335,4688,123023,1579
2020-12-12,Sacramento,067,1510023,53268,48319,338,48657,673
2020-12-12,San Benito,069,59416,2689,2355,19,2374,19
2020-12-12,San Bernardino,071,2135413,149711,125741,3605,129346,1321
2020-12-12,San Diego,073,3302833,118331,104958,5011,109969,1151
2020-12-12,San Francisco,075,870044,19837,18413,163,18576,167
2020-12-12,San Joaquin,077,732212,36673,32200,944,33144,534
2020-12-12,San Luis Obispo,079,281455,8645,7462,176,7638,50
2020-12-12,San Mateo,081,765935,20319,17574,45,17619,177
2020-12-12,Santa Barbara,083,443738,14218,13174,323,13497,144
2020-12-12,Santa Clara,085,1922200,54002,45892,199,46091,498
2020-12-12,Santa Cruz,087,273765,6929,5905,144,6049,54
2020-12-12,Shasta,089,179085,7165,6551,441,6992,54
2020-12-12,Sierra,091,2930,23,21,0,21,0
2020-12-12,Siskiyou,093,43540,886,762,69,831,2
2020-12-12,Solano,095,438530,14664,12748,138,12886,93
2020-12-12,Sonoma,097,501317,16028,14466,95,14561,166
2020-12-12,Stanislaus,099,539301,28948,26246,2224,28470,483
2020-12-12,Sutter,101,95872,5335,4717,28,4745,32
2020-12-12,Tehama,103,63373,2484,2252,152,2404,9
2020-12-12,Trinity,105,12862,363,204,47,251,1
2020-12-12,Tulare,107,460477,28324,25333,2560,27893,341
2020-12-12,Tuolumne,109,53932,1974,1536,8,1544,8
2020-12-12,Ventura,111,848112,30052,25955,1030,26985,202
2020-12-12,Yolo,113,214977,6901,6116,33,6149,95
2020-12-12,Yuba,115,75493,3047,2692,26,2718,10
2020-12-11,Alameda,001,1643700,41151,36281,606,36887,482
2020-12-11,Alpine,003,1148,65,63,0,63,0
2020-12-11,Amador,005,37829,1747,1213,8,1221,19
2020-12-11,Butte,007,227075,5825,4941,488,5429,73
2020-12-11,Calaveras,009,45235,792,697,0,697,21
2020-12-11,Colusa,011,21464,1059,923,33,956,7
2020-12-11,Contra Costa,013,1133247,32515,29036,289,29325,282
2020-12-11,Del Norte,015,27424,592,505,0,505,1
2020-12-11,El Dorado,017,186661,4604,3669,101,3770,9
2020-12-11,Fresno,019,978130,55194,43071,2871,45942,550
2020-12-11,Glenn,021,27897,1267,1135,130,1265,8
2020-12-11,Humboldt,023,135768,1359,1190,4,1194,9
2020-12-11,Imperial,025,180216,20361,18599,330,18929,377
2020-12-11,Inyo,027,18085,462,372,6,378,16
2020-12-11,Kern,029,883053,53758,47664,3047,50711,502
2020-12-11,Kings,031,150075,14081,13118,340,13458,94
2020-12-11,Lake,033,64148,1434,1205,0,1205,21
2020-12-11,Lassen,035,31185,3442,2790,21,2811,1
2020-12-11,Los Angeles,037,10098052,554356,493592,11650,505242,8198
2020-12-11,Madera,039,155013,8506,7648,269,7917,59
2020-12-11,Marin,041,260295,8664,8317,53,8370,141
2020-12-11,Mariposa,043,17540,186,164,2,166,3
2020-12-11,Mendocino,045,87422,1987,1769,20,1789,24
2020-12-11,Merced,047,269075,15478,14038,220,14258,186
2020-12-11,Modoc,049,8938,191,168,54,222,0
2020-12-11,Mono,051,14174,724,631,12,643,3
2020-12-11,Monterey,053,433212,21610,18421,430,18851,150
2020-12-11,Napa,055,140530,4627,4054,24,4078,22
2020-12-11,Nevada,057,99092,2244,1959,60,2019,10
2020-12-11,Orange,059,3164182,116008,98357,3917,102274,1656
2020-12-11,Placer,061,380077,11115,8904,324,9228,93
2020-12-11,Plumas,063,18699,367,286,8,294,0
2020-12-11,Riverside,065,2383286,133682,115329,4468,119797,1573
2020-12-11,Sacramento,067,1510023,52606,47468,330,47798,669
2020-12-11,San Benito,069,59416,2638,2319,19,2338,19
2020-12-11,San Bernardino,071,2135413,147022,123092,3489,126581,1313
2020-12-11,San Diego,073,3302833,116371,102468,4928,107396,1137
2020-12-11,San Francisco,075,870044,19607,18246,162,18408,165
2020-12-11,San Joaquin,077,732212,36327,32044,916,32960,534
2020-12-11,San Luis Obispo,079,281455,8484,7415,174,7589,49
2020-12-11,San Mateo,081,765935,20048,17240,34,17274,177
2020-12-11,Santa Barbara,083,443738,14075,12997,315,13312,144
2020-12-11,Santa Clara,085,1922200,52996,45101,190,45291,494
2020-12-11,Santa Cruz,087,273765,6816,5764,135,5899,50
2020-12-11,Shasta,089,179085,7120,6459,434,6893,54
2020-12-11,Sierra,091,2930,23,19,0,19,0
2020-12-11,Siskiyou,093,43540,879,753,66,819,2
2020-12-11,Solano,095,438530,14478,12554,134,12688,92
2020-12-11,Sonoma,097,501317,15861,14298,93,14391,166
2020-12-11,Stanislaus,099,539301,28680,25928,2181,28109,464
2020-12-11,Sutter,101,95872,5272,4600,27,4627,30
2020-12-11,Tehama,103,63373,2453,2232,148,2380,9
2020-12-11,Trinity,105,12862,360,204,47,251,1
2020-12-11,Tulare,107,460477,27964,24953,2513,27466,338
2020-12-11,Tuolumne,109,53932,1960,1510,8,1518,8
2020-12-11,Ventura,111,848112,29446,24999,1008,26007,202
2020-12-11,Yolo,113,214977,6795,6006,32,6038,95
2020-12-11,Yuba,115,75493,2987,2649,25,2674,10
2020-12-10,Alameda,001,1643700,40381,35686,584,36270,477
2020-12-10,Alpine,003,1148,65,63,0,63,0
2020-12-10,Amador,005,37829,1690,1191,8,1199,18
2020-12-10,Butte,007,227075,5709,4863,461,5324,72
2020-12-10,Calaveras,009,45235,774,684,0,684,21
2020-12-10,Colusa,011,21464,1036,909,28,937,7
2020-12-10,Contra Costa,013,1133247,31834,28413,283,28696,276
2020-12-10,Del Norte,015,27424,582,501,0,501,1
2020-12-10,El Dorado,017,186661,4486,3557,96,3653,9
2020-12-10,Fresno,019,978130,54215,42461,2728,45189,540
2020-12-10,Glenn,021,27897,1247,1126,121,1247,8
2020-12-10,Humboldt,023,135768,1339,1140,4,1144,9
2020-12-10,Imperial,025,180216,20145,18333,253,18586,370
2020-12-10,Inyo,027,18085,441,365,6,371,15
2020-12-10,Kern,029,883053,52774,47176,2881,50057,499
2020-12-10,Kings,031,150075,13923,12993,334,13327,92
2020-12-10,Lake,033,64148,1393,1167,0,1167,21
2020-12-10,Lassen,035,31185,3420,2764,17,2781,0
2020-12-10,Los Angeles,037,10098052,540392,480354,11111,491465,8149
2020-12-10,Madera,039,155013,8400,7445,254,7699,59
2020-12-10,Marin,041,260295,8611,8245,52,8297,140
2020-12-10,Mariposa,043,17540,185,160,2,162,3
2020-12-10,Mendocino,045,87422,1961,1748,17,1765,24
2020-12-10,Merced,047,269075,15232,13756,217,13973,186
2020-12-10,Modoc,049,8938,186,165,52,217,0
2020-12-10,Mono,051,14174,719,601,12,613,3
2020-12-10,Monterey,053,433212,21129,18266,420,18686,145
2020-12-10,Napa,055,140530,4541,3974,23,3997,22
2020-12-10,Nevada,057,99092,2208,1919,60,1979,10
2020-12-10,Orange,059,3164182,112911,95297,3755,99052,1651
2020-12-10,Placer,061,380077,10862,8906,306,9212,90
2020-12-10,Plumas,063,18699,356,281,8,289,0
2020-12-10,Riverside,065,2383286,129996,112794,4199,116993,1552
2020-12-10,Sacramento,067,1510023,51708,46471,309,46780,664
2020-12-10,San Benito,069,59416,2578,2268,18,2286,19
2020-12-10,San Bernardino,071,2135413,142792,120186,3315,123501,1306
2020-12-10,San Diego,073,3302833,113846,99601,4779,104380,1114
2020-12-10,San Francisco,075,870044,19295,17945,154,18099,164
2020-12-10,San Joaquin,077,732212,35692,31228,886,32114,534
2020-12-10,San Luis Obispo,079,281455,8321,7245,163,7408,49
2020-12-10,San Mateo,081,765935,19603,16701,24,16725,177
2020-12-10,Santa Barbara,083,443738,13896,12788,306,13094,143
2020-12-10,Santa Clara,085,1922200,51858,43939,175,44114,491
2020-12-10,Santa Cruz,087,273765,6649,5645,122,5767,48
2020-12-10,Shasta,089,179085,7052,6312,409,6721,53
2020-12-10,Sierra,091,2930,23,18,0,18,0
2020-12-10,Siskiyou,093,43540,869,712,65,777,2
2020-12-10,Solano,095,438530,14111,12017,128,12145,90
2020-12-10,Sonoma,097,501317,15606,14282,91,14373,167
2020-12-10,Stanislaus,099,539301,28217,25582,2112,27694,464
2020-12-10,Sutter,101,95872,5142,4528,25,4553,27
2020-12-10,Tehama,103,63373,2410,2190,138,2328,9
2020-12-10,Trinity,105,12862,356,202,45,247,1
2020-12-10,Tulare,107,460477,27510,24506,2447,26953,337
2020-12-10,Tuolumne,109,53932,1718,1451,8,1459,8
2020-12-10,Ventura,111,848112,28595,24075,964,25039,202
2020-12-10,Yolo,113,214977,6675,5896,31,5927,95
2020-12-10,Yuba,115,75493,2923,2604,24,2628,10
2020-12-09,Alameda,001,1643700,39538,35047,562,35609,470
2020-12-09,Alpine,003,1148,65,58,0,58,0
2020-12-09,Amador,005,37829,1647,1121,8,1129,19
2020-12-09,Butte,007,227075,5566,4733,441,5174,70
2020-12-09,Calaveras,009,45235,747,670,0,670,21
2020-12-09,Colusa,011,21464,1021,896,27,923,7
2020-12-09,Contra Costa,013,1133247,31128,28308,272,28580,273
2020-12-09,Del Norte,015,27424,569,481,0,481,2
2020-12-09,El Dorado,017,186661,4351,3449,88,3537,8
2020-12-09,Fresno,019,978130,53213,41954,2574,44528,533
2020-12-09,Glenn,021,27897,1233,1107,115,1222,8
2020-12-09,Humboldt,023,135768,1307,1086,4,1090,10
2020-12-09,Imperial,025,180216,19891,17757,216,17973,368
2020-12-09,Inyo,027,18085,428,356,6,362,15
2020-12-09,Kern,029,883053,51615,46379,2739,49118,494
2020-12-09,Kings,031,150075,13778,12716,326,13042,92
2020-12-09,Lake,033,64148,1366,1158,0,1158,20
2020-12-09,Lassen,035,31185,3351,2331,15,2346,0
2020-12-09,Los Angeles,037,10098052,526914,467971,10559,478530,8075
2020-12-09,Madera,039,155013,8287,7216,251,7467,59
2020-12-09,Marin,041,260295,8549,8182,51,8233,138
2020-12-09,Mariposa,043,17540,183,154,2,156,3
2020-12-09,Mendocino,045,87422,1935,1703,16,1719,24
2020-12-09,Merced,047,269075,14991,13588,210,13798,183
2020-12-09,Modoc,049,8938,181,146,43,189,0
2020-12-09,Mono,051,14174,707,601,12,613,3
2020-12-09,Monterey,053,433212,20728,17891,412,18303,143
2020-12-09,Napa,055,140530,4455,3858,22,3880,21
2020-12-09,Nevada,057,99092,2155,1864,60,1924,10
2020-12-09,Orange,059,3164182,109821,93763,3582,97345,1629
2020-12-09,Placer,061,380077,10600,8588,292,8880,85
2020-12-09,Plumas,063,18699,348,271,8,279,0
2020-12-09,Riverside,065,2383286,126298,110376,3992,114368,1543
2020-12-09,Sacramento,067,1510023,50644,45284,282,45566,659
2020-12-09,San Benito,069,59416,2505,2217,16,2233,19
2020-12-09,San Bernardino,071,2135413,138513,114516,3122,117638,1305
2020-12-09,San Diego,073,3302833,110866,97551,4640,102191,1103
2020-12-09,San Francisco,075,870044,18994,17628,153,17781,163
2020-12-09,San Joaquin,077,732212,34874,30539,861,31400,531
2020-12-09,San Luis Obispo,079,281455,8102,7105,155,7260,47
2020-12-09,San Mateo,081,765935,19152,16422,23,16445,175
2020-12-09,Santa Barbara,083,443738,13696,12630,296,12926,142
2020-12-09,Santa Clara,085,1922200,50710,42912,159,43071,489
2020-12-09,Santa Cruz,087,273765,6490,5527,107,5634,47
2020-12-09,Shasta,089,179085,6987,6105,395,6500,52
2020-12-09,Sierra,091,2930,23,18,0,18,0
2020-12-09,Siskiyou,093,43540,858,713,64,777,2
2020-12-09,Solano,095,438530,13763,11862,120,11982,90
2020-12-09,Sonoma,097,501317,15350,13994,88,14082,164
2020-12-09,Stanislaus,099,539301,27719,25157,2051,27208,463
2020-12-09,Sutter,101,95872,5024,4418,21,4439,24
2020-12-09,Tehama,103,63373,2374,2102,134,2236,9
2020-12-09,Trinity,105,12862,348,199,42,241,0
2020-12-09,Tulare,107,460477,26914,24124,2369,26493,334
2020-12-09,Tuolumne,109,53932,1685,1319,8,1327,8
2020-12-09,Ventura,111,848112,27732,23830,922,24752,201
2020-12-09,Yolo,113,214977,6551,5760,29,5789,95
2020-12-09,Yuba,115,75493,2855,2513,23,2536,10
2020-12-08,Alameda,001,1643700,38640,34373,546,34919,469
2020-12-08,Alpine,003,1148,64,53,0,53,0
2020-12-08,Amador,005,37829,1361,1043,8,1051,17
2020-12-08,Butte,007,227075,5407,4651,400,5051,70
2020-12-08,Calaveras,009,45235,723,657,0,657,21
2020-12-08,Colusa,011,21464,1005,875,26,901,6
2020-12-08,Contra Costa,013,1133247,30425,27926,255,28181,270
2020-12-08,Del Norte,015,27424,553,465,0,465,2
2020-12-08,El Dorado,017,186661,4227,3296,75,3371,8
2020-12-08,Fresno,019,978130,51950,41574,2416,43990,529
2020-12-08,Glenn,021,27897,1213,1094,107,1201,8
2020-12-08,Humboldt,023,135768,1281,1059,4,1063,10
2020-12-08,Imperial,025,180216,19374,17568,208,17776,363
2020-12-08,Inyo,027,18085,405,333,6,339,15
2020-12-08,Kern,029,883053,50321,45116,2582,47698,487
2020-12-08,Kings,031,150075,13624,12623,317,12940,90
2020-12-08,Lake,033,64148,1324,1127,0,1127,20
2020-12-08,Lassen,035,31185,3195,2165,15,2180,0
2020-12-08,Los Angeles,037,10098052,514226,459738,10075,469813,8004
2020-12-08,Madera,039,155013,8156,7082,238,7320,59
2020-12-08,Marin,041,260295,8469,8099,50,8149,137
2020-12-08,Mariposa,043,17540,179,150,2,152,2
2020-12-08,Mendocino,045,87422,1893,1666,16,1682,23
2020-12-08,Merced,047,269075,14679,13380,209,13589,181
2020-12-08,Modoc,049,8938,173,138,40,178,0
2020-12-08,Mono,051,14174,693,597,12,609,3
2020-12-08,Monterey,053,433212,20154,17752,405,18157,134
2020-12-08,Napa,055,140530,4368,3778,21,3799,22
2020-12-08,Nevada,057,99092,2101,1809,57,1866,11
2020-12-08,Orange,059,3164182,106601,91406,3417,94823,1629
2020-12-08,Placer,061,380077,10332,8224,287,8511,82
2020-12-08,Plumas,063,18699,338,258,8,266,0
2020-12-08,Riverside,065,2383286,122935,107620,3812,111432,1514
2020-12-08,Sacramento,067,1510023,49580,44635,267,44902,649
2020-12-08,San Benito,069,59416,2452,2180,16,2196,18
2020-12-08,San Bernardino,071,2135413,134165,110676,2996,113672,1301
2020-12-08,San Diego,073,3302833,107495,95447,4483,99930,1088
2020-12-08,San Francisco,075,870044,18684,17384,151,17535,162
2020-12-08,San Joaquin,077,732212,33979,30225,828,31053,530
2020-12-08,San Luis Obispo,079,281455,7973,6903,144,7047,45
2020-12-08,San Mateo,081,765935,18752,16305,23,16328,175
2020-12-08,Santa Barbara,083,443738,13512,12516,287,12803,141
2020-12-08,Santa Clara,085,1922200,49404,41309,150,41459,484
2020-12-08,Santa Cruz,087,273765,6312,5374,105,5479,45
2020-12-08,Shasta,089,179085,6878,5946,387,6333,50
2020-12-08,Sierra,091,2930,22,18,0,18,0
2020-12-08,Siskiyou,093,43540,844,704,62,766,2
2020-12-08,Solano,095,438530,13361,11669,118,11787,89
2020-12-08,Sonoma,097,501317,15091,13601,87,13688,164
2020-12-08,Stanislaus,099,539301,27229,24793,1986,26779,461
2020-12-08,Sutter,101,95872,4928,4342,20,4362,24
2020-12-08,Tehama,103,63373,2294,2057,126,2183,9
2020-12-08,Trinity,105,12862,339,198,41,239,0
2020-12-08,Tulare,107,460477,26310,23607,2308,25915,330
2020-12-08,Tuolumne,109,53932,1661,1264,8,1272,7
2020-12-08,Ventura,111,848112,27069,23665,879,24544,195
2020-12-08,Yolo,113,214977,6420,5560,29,5589,90
2020-12-08,Yuba,115,75493,2778,2477,23,2500,10
2020-12-07,Alameda,001,1643700,37774,33887,511,34398,466
2020-12-07,Alpine,003,1148,63,53,0,53,0
2020-12-07,Amador,005,37829,1286,993,7,1000,17
2020-12-07,Butte,007,227075,5272,4604,378,4982,67
2020-12-07,Calaveras,009,45235,691,606,0,606,21
2020-12-07,Colusa,011,21464,980,825,24,849,6
2020-12-07,Contra Costa,013,1133247,29811,27307,242,27549,270
2020-12-07,Del Norte,015,27424,541,424,0,424,2
2020-12-07,El Dorado,017,186661,4048,3275,68,3343,8
2020-12-07,Fresno,019,978130,50475,41098,2294,43392,526
2020-12-07,Glenn,021,27897,1194,1085,101,1186,8
2020-12-07,Humboldt,023,135768,1246,1023,4,1027,9
2020-12-07,Imperial,025,180216,18952,17234,196,17430,364
2020-12-07,Inyo,027,18085,390,333,6,339,15
2020-12-07,Kern,029,883053,49296,44409,2446,46855,486
2020-12-07,Kings,031,150075,13481,12412,307,12719,90
2020-12-07,Lake,033,64148,1295,1090,0,1090,20
2020-12-07,Lassen,035,31185,3098,2167,15,2182,0
2020-12-07,Los Angeles,037,10098052,500566,451052,9633,460685,7937
2020-12-07,Madera,039,155013,7891,6935,233,7168,59
2020-12-07,Marin,041,260295,8411,8049,49,8098,136
2020-12-07,Mariposa,043,17540,176,146,2,148,2
2020-12-07,Mendocino,045,87422,1857,1638,14,1652,23
2020-12-07,Merced,047,269075,14320,13250,199,13449,179
2020-12-07,Modoc,049,8938,166,128,37,165,0
2020-12-07,Mono,051,14174,680,590,12,602,3
2020-12-07,Monterey,053,433212,19673,17746,393,18139,132
2020-12-07,Napa,055,140530,4277,3684,21,3705,21
2020-12-07,Nevada,057,99092,2052,1777,56,1833,11
2020-12-07,Orange,059,3164182,103339,89793,3298,93091,1628
2020-12-07,Placer,061,380077,10005,7911,273,8184,82
2020-12-07,Plumas,063,18699,326,256,5,261,0
2020-12-07,Riverside,065,2383286,119737,102363,3629,105992,1491
2020-12-07,Sacramento,067,1510023,48485,43419,249,43668,638
2020-12-07,San Benito,069,59416,2401,2165,15,2180,18
2020-12-07,San Bernardino,071,2135413,130216,108161,2877,111038,1295
2020-12-07,San Diego,073,3302833,104706,94171,4302,98473,1062
2020-12-07,San Francisco,075,870044,18393,17220,144,17364,161
2020-12-07,San Joaquin,077,732212,33104,28188,801,28989,530
2020-12-07,San Luis Obispo,079,281455,7791,6782,137,6919,45
2020-12-07,San Mateo,081,765935,18311,16029,22,16051,175
2020-12-07,Santa Barbara,083,443738,13271,12362,277,12639,141
2020-12-07,Santa Clara,085,1922200,48017,40621,141,40762,484
2020-12-07,Santa Cruz,087,273765,6147,5152,99,5251,41
2020-12-07,Shasta,089,179085,6755,5742,372,6114,50
2020-12-07,Sierra,091,2930,20,18,0,18,0
2020-12-07,Siskiyou,093,43540,817,652,62,714,2
2020-12-07,Solano,095,438530,13021,11354,114,11468,89
2020-12-07,Sonoma,097,501317,14807,13376,87,13463,164
2020-12-07,Stanislaus,099,539301,26671,24479,1934,26413,454
2020-12-07,Sutter,101,95872,4787,4106,20,4126,24
2020-12-07,Tehama,103,63373,2240,2030,121,2151,9
2020-12-07,Trinity,105,12862,335,194,41,235,0
2020-12-07,Tulare,107,460477,25775,22760,2251,25011,328
2020-12-07,Tuolumne,109,53932,1576,1256,7,1263,7
2020-12-07,Ventura,111,848112,26482,23354,843,24197,191
2020-12-07,Yolo,113,214977,6256,5537,28,5565,90
2020-12-07,Yuba,115,75493,2710,2428,21,2449,10
2020-12-06,Alameda,001,1643700,36786,33477,491,33968,465
2020-12-06,Alpine,003,1148,59,53,0,53,0
2020-12-06,Amador,005,37829,1223,952,6,958,17
2020-12-06,Butte,007,227075,5119,4527,344,4871,67
2020-12-06,Calaveras,009,45235,672,606,0,606,21
2020-12-06,Colusa,011,21464,963,824,21,845,6
2020-12-06,Contra Costa,013,1133247,29205,26566,235,26801,270
2020-12-06,Del Norte,015,27424,486,414,0,414,2
2020-12-06,El Dorado,017,186661,3911,3086,63,3149,8
2020-12-06,Fresno,019,978130,49520,40869,2178,43047,526
2020-12-06,Glenn,021,27897,1183,1067,97,1164,8
2020-12-06,Humboldt,023,135768,1221,1004,4,1008,9
2020-12-06,Imperial,025,180216,18641,16922,187,17109,364
2020-12-06,Inyo,027,18085,377,333,6,339,15
2020-12-06,Kern,029,883053,48307,43899,2276,46175,486
2020-12-06,Kings,031,150075,13209,12056,290,12346,90
2020-12-06,Lake,033,64148,1257,1075,0,1075,20
2020-12-06,Lassen,035,31185,2993,2168,13,2181,0
2020-12-06,Los Angeles,037,10098052,486980,443230,9186,452416,7910
2020-12-06,Madera,039,155013,7719,6826,224,7050,59
2020-12-06,Marin,041,260295,8330,8013,47,8060,136
2020-12-06,Mariposa,043,17540,175,144,2,146,2
2020-12-06,Mendocino,045,87422,1817,1614,14,1628,23
2020-12-06,Merced,047,269075,13985,12928,190,13118,179
2020-12-06,Modoc,049,8938,153,125,29,154,0
2020-12-06,Mono,051,14174,658,586,10,596,3
2020-12-06,Monterey,053,433212,19054,17426,383,17809,130
2020-12-06,Napa,055,140530,4165,3644,21,3665,21
2020-12-06,Nevada,057,99092,1993,1710,53,1763,10
2020-12-06,Orange,059,3164182,100273,87737,3168,90905,1627
2020-12-06,Placer,061,380077,9724,7837,252,8089,82
2020-12-06,Plumas,063,18699,313,254,4,258,0
2020-12-06,Riverside,065,2383286,116643,100088,3405,103493,1482
2020-12-06,Sacramento,067,1510023,47245,42808,233,43041,638
2020-12-06,San Benito,069,59416,2364,2135,15,2150,18
2020-12-06,San Bernardino,071,2135413,126073,106927,2720,109647,1286
2020-12-06,San Diego,073,3302833,101674,92173,4148,96321,1062
2020-12-06,San Francisco,075,870044,18071,17107,137,17244,161
2020-12-06,San Joaquin,077,732212,32270,28188,772,28960,530
2020-12-06,San Luis Obispo,079,281455,7625,6723,132,6855,45
2020-12-06,San Mateo,081,765935,17806,15855,19,15874,175
2020-12-06,Santa Barbara,083,443738,13039,12252,268,12520,141
2020-12-06,Santa Clara,085,1922200,46640,39112,135,39247,482
2020-12-06,Santa Cruz,087,273765,5973,5069,93,5162,40
2020-12-06,Shasta,089,179085,6614,5743,351,6094,49
2020-12-06,Sierra,091,2930,20,17,0,17,0
2020-12-06,Siskiyou,093,43540,799,652,60,712,2
2020-12-06,Solano,095,438530,12734,11354,104,11458,88
2020-12-06,Sonoma,097,501317,14518,13238,86,13324,164
2020-12-06,Stanislaus,099,539301,26118,24036,1870,25906,454
2020-12-06,Sutter,101,95872,4671,4009,19,4028,21
2020-12-06,Tehama,103,63373,2181,1982,112,2094,9
2020-12-06,Trinity,105,12862,328,181,39,220,0
2020-12-06,Tulare,107,460477,25248,22756,2182,24938,327
2020-12-06,Tuolumne,109,53932,1480,1210,7,1217,7
2020-12-06,Ventura,111,848112,25940,23035,816,23851,191
2020-12-06,Yolo,113,214977,6095,5465,23,5488,90
2020-12-06,Yuba,115,75493,2666,2340,20,2360,10
2020-12-05,Alameda,001,1643700,36427,32781,480,33261,465
2020-12-05,Alpine,003,1148,58,53,0,53,0
2020-12-05,Amador,005,37829,1199,847,6,853,17
2020-12-05,Butte,007,227075,5051,4455,325,4780,66
2020-12-05,Calaveras,009,45235,660,606,0,606,21
2020-12-05,Colusa,011,21464,945,825,18,843,6
2020-12-05,Contra Costa,013,1133247,28913,26217,228,26445,270
2020-12-05,Del Norte,015,27424,480,408,0,408,2
2020-12-05,El Dorado,017,186661,3846,3061,58,3119,8
2020-12-05,Fresno,019,978130,49201,40568,2123,42691,525
2020-12-05,Glenn,021,27897,1170,1056,91,1147,8
2020-12-05,Humboldt,023,135768,1188,979,4,983,9
2020-12-05,Imperial,025,180216,18475,16544,185,16729,362
2020-12-05,Inyo,027,18085,372,332,6,338,15
2020-12-05,Kern,029,883053,47843,43332,2191,45523,484
2020-12-05,Kings,031,150075,13128,11898,287,12185,90
2020-12-05,Lake,033,64148,1232,1069,0,1069,20
2020-12-05,Lassen,035,31185,2802,2168,11,2179,0
2020-12-05,Los Angeles,037,10098052,481181,433120,8867,441987,7888
2020-12-05,Madera,039,155013,7626,6619,217,6836,59
2020-12-05,Marin,041,260295,8303,7961,47,8008,136
2020-12-05,Mariposa,043,17540,170,143,2,145,2
2020-12-05,Mendocino,045,87422,1778,1585,14,1599,23
2020-12-05,Merced,047,269075,13878,12747,179,12926,180
2020-12-05,Modoc,049,8938,153,118,28,146,0
2020-12-05,Mono,051,14174,653,554,10,564,3
2020-12-05,Monterey,053,433212,18908,17077,379,17456,127
2020-12-05,Napa,055,140530,4094,3565,21,3586,21
2020-12-05,Nevada,057,99092,1978,1642,51,1693,10
2020-12-05,Orange,059,3164182,98815,85735,3072,88807,1612
2020-12-05,Placer,061,380077,9604,7811,243,8054,78
2020-12-05,Plumas,063,18699,306,246,1,247,0
2020-12-05,Riverside,065,2383286,115031,98612,3227,101839,1477
2020-12-05,Sacramento,067,1510023,46577,41878,218,42096,625
2020-12-05,San Benito,069,59416,2320,2073,15,2088,18
2020-12-05,San Bernardino,071,2135413,124549,105382,2591,107973,1283
2020-12-05,San Diego,073,3302833,100322,90470,4067,94537,1055
2020-12-05,San Francisco,075,870044,17887,16786,133,16919,161
2020-12-05,San Joaquin,077,732212,32006,28105,739,28844,523
2020-12-05,San Luis Obispo,079,281455,7558,6623,129,6752,44
2020-12-05,San Mateo,081,765935,17549,15512,19,15531,175
2020-12-05,Santa Barbara,083,443738,12939,12107,262,12369,141
2020-12-05,Santa Clara,085,1922200,45902,38339,130,38469,474
2020-12-05,Santa Cruz,087,273765,5899,4997,91,5088,40
2020-12-05,Shasta,089,179085,6553,5653,340,5993,49
2020-12-05,Sierra,091,2930,20,17,0,17,0
2020-12-05,Siskiyou,093,43540,791,649,59,708,2
2020-12-05,Solano,095,438530,12565,11351,102,11453,87
2020-12-05,Sonoma,097,501317,14422,13137,86,13223,164
2020-12-05,Stanislaus,099,539301,25806,23662,1835,25497,454
2020-12-05,Sutter,101,95872,4605,3937,19,3956,20
2020-12-05,Tehama,103,63373,2165,1926,110,2036,9
2020-12-05,Trinity,105,12862,327,177,39,216,0
2020-12-05,Tulare,107,460477,25032,22660,2124,24784,324
2020-12-05,Tuolumne,109,53932,1423,1180,7,1187,7
2020-12-05,Ventura,111,848112,25569,22710,802,23512,191
2020-12-05,Yolo,113,214977,6018,5351,22,5373,90
2020-12-05,Yuba,115,75493,2629,2275,20,2295,10
2020-12-04,Alameda,001,1643700,35880,31871,467,32338,465
2020-12-04,Alpine,003,1148,58,53,0,53,0
2020-12-04,Amador,005,37829,1185,766,3,769,16
2020-12-04,Butte,007,227075,4979,4336,305,4641,65
2020-12-04,Calaveras,009,45235,655,585,0,585,21
2020-12-04,Colusa,011,21464,931,790,17,807,6
2020-12-04,Contra Costa,013,1133247,28568,25705,216,25921,264
2020-12-04,Del Norte,015,27424,469,401,0,401,2
2020-12-04,El Dorado,017,186661,3758,2933,55,2988,7
2020-12-04,Fresno,019,978130,48492,40108,2055,42163,522
2020-12-04,Glenn,021,27897,1164,1017,83,1100,8
2020-12-04,Humboldt,023,135768,1170,960,4,964,9
2020-12-04,Imperial,025,180216,18233,16484,185,16669,362
2020-12-04,Inyo,027,18085,364,324,6,330,15
2020-12-04,Kern,029,883053,47292,42497,2088,44585,485
2020-12-04,Kings,031,150075,13035,11767,281,12048,88
2020-12-04,Lake,033,64148,1204,1018,0,1018,20
2020-12-04,Lassen,035,31185,2795,2167,10,2177,0
2020-12-04,Los Angeles,037,10098052,472566,424164,8568,432732,7845
2020-12-04,Madera,039,155013,7535,6479,214,6693,58
2020-12-04,Marin,041,260295,8252,7896,44,7940,136
2020-12-04,Mariposa,043,17540,170,136,2,138,2
2020-12-04,Mendocino,045,87422,1759,1563,13,1576,23
2020-12-04,Merced,047,269075,13763,12474,171,12645,177
2020-12-04,Modoc,049,8938,153,115,28,143,0
2020-12-04,Mono,051,14174,648,549,10,559,3
2020-12-04,Monterey,053,433212,18698,16737,370,17107,127
2020-12-04,Napa,055,140530,4040,3432,21,3453,19
2020-12-04,Nevada,057,99092,1953,1560,48,1608,10
2020-12-04,Orange,059,3164182,96894,83738,3007,86745,1597
2020-12-04,Placer,061,380077,9479,7461,229,7690,76
2020-12-04,Plumas,063,18699,299,232,0,232,0
2020-12-04,Riverside,065,2383286,112832,95255,3070,98325,1475
2020-12-04,Sacramento,067,1510023,45812,41061,201,41262,618
2020-12-04,San Benito,069,59416,2287,2006,15,2021,17
2020-12-04,San Bernardino,071,2135413,122277,102418,2483,104901,1290
2020-12-04,San Diego,073,3302833,98838,88183,3980,92163,1047
2020-12-04,San Francisco,075,870044,17696,16499,133,16632,161
2020-12-04,San Joaquin,077,732212,31569,27806,702,28508,522
2020-12-04,San Luis Obispo,079,281455,7473,6473,126,6599,42
2020-12-04,San Mateo,081,765935,17261,15112,18,15130,173
2020-12-04,Santa Barbara,083,443738,12833,11947,255,12202,141
2020-12-04,Santa Clara,085,1922200,44981,37465,124,37589,468
2020-12-04,Santa Cruz,087,273765,5812,4985,89,5074,32
2020-12-04,Shasta,089,179085,6465,5439,330,5769,49
2020-12-04,Sierra,091,2930,19,17,0,17,0
2020-12-04,Siskiyou,093,43540,784,639,56,695,2
2020-12-04,Solano,095,438530,12419,11037,99,11136,87
2020-12-04,Sonoma,097,501317,14274,12962,85,13047,164
2020-12-04,Stanislaus,099,539301,25536,23206,1790,24996,448
2020-12-04,Sutter,101,95872,4532,3791,14,3805,20
2020-12-04,Tehama,103,63373,2125,1876,105,1981,9
2020-12-04,Trinity,105,12862,325,172,39,211,0
2020-12-04,Tulare,107,460477,24749,22273,2052,24325,322
2020-12-04,Tuolumne,109,53932,1392,1134,7,1141,7
2020-12-04,Ventura,111,848112,25192,22024,785,22809,189
2020-12-04,Yolo,113,214977,5944,5294,21,5315,87
2020-12-04,Yuba,115,75493,2586,2225,19,2244,10
2020-12-03,Alameda,001,1643700,35114,31184,448,31632,465
2020-12-03,Alpine,003,1148,57,53,0,53,0
2020-12-03,Amador,005,37829,1134,653,3,656,16
2020-12-03,Butte,007,227075,4883,4305,286,4591,65
2020-12-03,Calaveras,009,45235,636,572,0,572,21
2020-12-03,Colusa,011,21464,918,774,17,791,6
2020-12-03,Contra Costa,013,1133247,28068,25464,209,25673,265
2020-12-03,Del Norte,015,27424,465,388,0,388,2
2020-12-03,El Dorado,017,186661,3632,2740,53,2793,6
2020-12-03,Fresno,019,978130,47739,39680,1983,41663,516
2020-12-03,Glenn,021,27897,1146,997,75,1072,8
2020-12-03,Humboldt,023,135768,1140,923,4,927,9
2020-12-03,Imperial,025,180216,18027,16436,173,16609,359
2020-12-03,Inyo,027,18085,361,321,6,327,15
2020-12-03,Kern,029,883053,46445,42062,1987,44049,483
2020-12-03,Kings,031,150075,12935,11658,269,11927,87
2020-12-03,Lake,033,64148,1189,991,0,991,20
2020-12-03,Lassen,035,31185,2755,2128,9,2137,0
2020-12-03,Los Angeles,037,10098052,462473,415805,8205,424010,7787
2020-12-03,Madera,039,155013,7412,6398,209,6607,58
2020-12-03,Marin,041,260295,8192,7861,40,7901,136
2020-12-03,Mariposa,043,17540,166,132,2,134,2
2020-12-03,Mendocino,045,87422,1742,1547,10,1557,23
2020-12-03,Merced,047,269075,13518,12310,163,12473,177
2020-12-03,Modoc,049,8938,151,114,28,142,0
2020-12-03,Mono,051,14174,626,527,10,537,3
2020-12-03,Monterey,053,433212,18236,16218,359,16577,125
2020-12-03,Napa,055,140530,3926,3360,21,3381,19
2020-12-03,Nevada,057,99092,1875,1472,47,1519,10
2020-12-03,Orange,059,3164182,94361,82187,2937,85124,1591
2020-12-03,Placer,061,380077,9277,7270,213,7483,73
2020-12-03,Plumas,063,18699,284,223,0,223,0
2020-12-03,Riverside,065,2383286,110068,92489,2908,95397,1461
2020-12-03,Sacramento,067,1510023,44752,40280,186,40466,614
2020-12-03,San Benito,069,59416,2241,1967,15,1982,16
2020-12-03,San Bernardino,071,2135413,118953,100787,2399,103186,1283
2020-12-03,San Diego,073,3302833,97023,86144,3862,90006,1040
2020-12-03,San Francisco,075,870044,17474,16236,132,16368,161
2020-12-03,San Joaquin,077,732212,30846,27239,657,27896,522
2020-12-03,San Luis Obispo,079,281455,7305,6388,125,6513,42
2020-12-03,San Mateo,081,765935,16908,14909,18,14927,173
2020-12-03,Santa Barbara,083,443738,12704,11829,249,12078,141
2020-12-03,Santa Clara,085,1922200,43786,36621,118,36739,465
2020-12-03,Santa Cruz,087,273765,5669,4850,85,4935,28
2020-12-03,Shasta,089,179085,6356,5330,323,5653,48
2020-12-03,Sierra,091,2930,19,17,0,17,0
2020-12-03,Siskiyou,093,43540,769,629,53,682,2
2020-12-03,Solano,095,438530,12205,10857,96,10953,87
2020-12-03,Sonoma,097,501317,14031,12772,84,12856,164
2020-12-03,Stanislaus,099,539301,25127,22821,1742,24563,447
2020-12-03,Sutter,101,95872,4448,3727,14,3741,20
2020-12-03,Tehama,103,63373,2072,1832,96,1928,9
2020-12-03,Trinity,105,12862,322,166,39,205,0
2020-12-03,Tulare,107,460477,24350,21993,1959,23952,321
2020-12-03,Tuolumne,109,53932,1350,1105,7,1112,7
2020-12-03,Ventura,111,848112,24489,21555,772,22327,187
2020-12-03,Yolo,113,214977,5806,5069,21,5090,87
2020-12-03,Yuba,115,75493,2516,2182,18,2200,10
2020-12-02,Alameda,001,1643700,34488,30697,438,31135,463
2020-12-02,Alpine,003,1148,56,52,0,52,0
2020-12-02,Amador,005,37829,1062,585,3,588,16
2020-12-02,Butte,007,227075,4760,4243,276,4519,65
2020-12-02,Calaveras,009,45235,620,553,0,553,21
2020-12-02,Colusa,011,21464,902,756,16,772,6
2020-12-02,Contra Costa,013,1133247,27608,25147,197,25344,264
2020-12-02,Del Norte,015,27424,451,384,0,384,2
2020-12-02,El Dorado,017,186661,3530,2638,49,2687,5
2020-12-02,Fresno,019,978130,46983,39324,1882,41206,507
2020-12-02,Glenn,021,27897,1129,995,67,1062,7
2020-12-02,Humboldt,023,135768,1114,899,4,903,9
2020-12-02,Imperial,025,180216,17603,16360,165,16525,356
2020-12-02,Inyo,027,18085,354,314,6,320,15
2020-12-02,Kern,029,883053,45548,41660,1889,43549,479
2020-12-02,Kings,031,150075,12582,11531,255,11786,86
2020-12-02,Lake,033,64148,1158,971,0,971,20
2020-12-02,Lassen,035,31185,2696,2115,9,2124,0
2020-12-02,Los Angeles,037,10098052,452426,408289,7866,416155,7739
2020-12-02,Madera,039,155013,7288,6370,203,6573,57
2020-12-02,Marin,041,260295,8145,7819,38,7857,136
2020-12-02,Mariposa,043,17540,163,131,2,133,2
2020-12-02,Mendocino,045,87422,1709,1524,10,1534,23
2020-12-02,Merced,047,269075,13275,12168,155,12323,173
2020-12-02,Modoc,049,8938,148,113,28,141,0
2020-12-02,Mono,051,14174,617,520,10,530,3
2020-12-02,Monterey,053,433212,17756,16064,320,16384,121
2020-12-02,Napa,055,140530,3823,3298,20,3318,19
2020-12-02,Nevada,057,99092,1813,1430,46,1476,9
2020-12-02,Orange,059,3164182,92164,81046,2857,83903,1569
2020-12-02,Placer,061,380077,9045,6941,199,7140,73
2020-12-02,Plumas,063,18699,271,218,0,218,0
2020-12-02,Riverside,065,2383286,107348,90089,2727,92816,1451
2020-12-02,Sacramento,067,1510023,43712,39334,175,39509,597
2020-12-02,San Benito,069,59416,2176,1921,15,1936,16
2020-12-02,San Bernardino,071,2135413,115384,98567,2291,100858,1240
2020-12-02,San Diego,073,3302833,95107,84640,3747,88387,1035
2020-12-02,San Francisco,075,870044,17238,16058,130,16188,157
2020-12-02,San Joaquin,077,732212,30225,26740,633,27373,519
2020-12-02,San Luis Obispo,079,281455,7206,6324,123,6447,42
2020-12-02,San Mateo,081,765935,16545,14757,17,14774,170
2020-12-02,Santa Barbara,083,443738,12553,11705,237,11942,140
2020-12-02,Santa Clara,085,1922200,42671,35878,118,35996,458
2020-12-02,Santa Cruz,087,273765,5537,4766,82,4848,27
2020-12-02,Shasta,089,179085,6233,5188,306,5494,47
2020-12-02,Sierra,091,2930,19,17,0,17,0
2020-12-02,Siskiyou,093,43540,753,624,51,675,1
2020-12-02,Solano,095,438530,11959,10701,92,10793,87
2020-12-02,Sonoma,097,501317,13792,12635,83,12718,163
2020-12-02,Stanislaus,099,539301,24626,22615,1687,24302,448
2020-12-02,Sutter,101,95872,4287,3604,14,3618,18
2020-12-02,Tehama,103,63373,2028,1800,81,1881,9
2020-12-02,Trinity,105,12862,312,165,38,203,0
2020-12-02,Tulare,107,460477,23970,21789,1879,23668,321
2020-12-02,Tuolumne,109,53932,1309,1076,7,1083,7
2020-12-02,Ventura,111,848112,24078,21208,754,21962,186
2020-12-02,Yolo,113,214977,5697,5053,20,5073,87
2020-12-02,Yuba,115,75493,2439,2119,17,2136,10
2020-12-01,Alameda,001,1643700,33798,30252,428,30680,460
2020-12-01,Alpine,003,1148,56,41,0,41,0
2020-12-01,Amador,005,37829,915,575,2,577,16
2020-12-01,Butte,007,227075,4654,4177,262,4439,65
2020-12-01,Calaveras,009,45235,602,544,0,544,21
2020-12-01,Colusa,011,21464,885,747,16,763,6
2020-12-01,Contra Costa,013,1133247,27036,24788,189,24977,264
2020-12-01,Del Norte,015,27424,423,357,0,357,2
2020-12-01,El Dorado,017,186661,3385,2542,44,2586,4
2020-12-01,Fresno,019,978130,46081,39004,1804,40808,505
2020-12-01,Glenn,021,27897,1108,989,62,1051,7
2020-12-01,Humboldt,023,135768,1083,886,4,890,9
2020-12-01,Imperial,025,180216,17289,16278,162,16440,356
2020-12-01,Inyo,027,18085,347,304,6,310,15
2020-12-01,Kern,029,883053,44745,41345,1758,43103,478
2020-12-01,Kings,031,150075,12267,11415,241,11656,86
2020-12-01,Lake,033,64148,1140,969,0,969,19
2020-12-01,Lassen,035,31185,2530,2047,8,2055,0
2020-12-01,Los Angeles,037,10098052,442063,403266,7539,410805,7704
2020-12-01,Madera,039,155013,7171,6270,193,6463,57
2020-12-01,Marin,041,260295,8075,7787,37,7824,136
2020-12-01,Mariposa,043,17540,158,128,2,130,2
2020-12-01,Mendocino,045,87422,1675,1497,10,1507,23
2020-12-01,Merced,047,269075,13032,12032,146,12178,172
2020-12-01,Modoc,049,8938,143,113,24,137,0
2020-12-01,Mono,051,14174,604,520,10,530,3
2020-12-01,Monterey,053,433212,17249,15835,309,16144,121
2020-12-01,Napa,055,140530,3739,3124,19,3143,19
2020-12-01,Nevada,057,99092,1751,1411,45,1456,9
2020-12-01,Orange,059,3164182,90066,79468,2769,82237,1567
2020-12-01,Placer,061,380077,8721,6794,192,6986,72
2020-12-01,Plumas,063,18699,259,201,0,201,0
2020-12-01,Riverside,065,2383286,104539,88530,2565,91095,1448
2020-12-01,Sacramento,067,1510023,42664,38966,170,39136,589
2020-12-01,San Benito,069,59416,2121,1888,15,1903,15
2020-12-01,San Bernardino,071,2135413,111913,95854,2167,98021,1220
2020-12-01,San Diego,073,3302833,92850,83423,3637,87060,1019
2020-12-01,San Francisco,075,870044,16957,15797,126,15923,157
2020-12-01,San Joaquin,077,732212,29425,26432,611,27043,514
2020-12-01,San Luis Obispo,079,281455,7064,6264,118,6382,40
2020-12-01,San Mateo,081,765935,16220,14495,17,14512,170
2020-12-01,Santa Barbara,083,443738,12414,11611,227,11838,140
2020-12-01,Santa Clara,085,1922200,41414,35397,112,35509,452
2020-12-01,Santa Cruz,087,273765,5379,4638,74,4712,27
2020-12-01,Shasta,089,179085,6108,5077,286,5363,47
2020-12-01,Sierra,091,2930,19,17,0,17,0
2020-12-01,Siskiyou,093,43540,739,608,47,655,1
2020-12-01,Solano,095,438530,11699,10604,87,10691,87
2020-12-01,Sonoma,097,501317,13587,12491,80,12571,163
2020-12-01,Stanislaus,099,539301,24169,22351,1630,23981,447
2020-12-01,Sutter,101,95872,4145,3538,14,3552,17
2020-12-01,Tehama,103,63373,1965,1773,71,1844,9
2020-12-01,Trinity,105,12862,298,165,32,197,0
2020-12-01,Tulare,107,460477,23515,21645,1809,23454,319
2020-12-01,Tuolumne,109,53932,1273,1052,5,1057,7
2020-12-01,Ventura,111,848112,23465,20604,732,21336,186
2020-12-01,Yolo,113,214977,5557,4928,20,4948,86
2020-12-01,Yuba,115,75493,2373,2088,16,2104,10
2020-11-30,Alameda,001,1643700,32980,29972,411,30383,457
2020-11-30,Alpine,003,1148,54,41,0,41,0
2020-11-30,Amador,005,37829,874,559,2,561,16
2020-11-30,Butte,007,227075,4536,4148,246,4394,65
2020-11-30,Calaveras,009,45235,580,478,0,478,21
2020-11-30,Colusa,011,21464,858,737,12,749,6
2020-11-30,Contra Costa,013,1133247,26454,24365,185,24550,264
2020-11-30,Del Norte,015,27424,400,339,0,339,2
2020-11-30,El Dorado,017,186661,3211,2488,39,2527,4
2020-11-30,Fresno,019,978130,44970,38712,1690,40402,500
2020-11-30,Glenn,021,27897,1085,954,57,1011,5
2020-11-30,Humboldt,023,135768,1036,870,4,874,9
2020-11-30,Imperial,025,180216,17035,16212,141,16353,356
2020-11-30,Inyo,027,18085,342,304,5,309,15
2020-11-30,Kern,029,883053,43982,40941,1622,42563,473
2020-11-30,Kings,031,150075,12119,11346,226,11572,85
2020-11-30,Lake,033,64148,1109,939,0,939,18
2020-11-30,Lassen,035,31185,2437,1793,8,1801,0
2020-11-30,Los Angeles,037,10098052,431399,396202,7205,403407,7658
2020-11-30,Madera,039,155013,7005,6210,179,6389,57
2020-11-30,Marin,041,260295,8032,7764,36,7800,136
2020-11-30,Mariposa,043,17540,151,123,2,125,2
2020-11-30,Mendocino,045,87422,1647,1482,10,1492,23
2020-11-30,Merced,047,269075,12757,11913,135,12048,172
2020-11-30,Modoc,049,8938,133,113,24,137,0
2020-11-30,Mono,051,14174,582,519,10,529,3
2020-11-30,Monterey,053,433212,16818,15837,301,16138,119
2020-11-30,Napa,055,140530,3639,3091,19,3110,18
2020-11-30,Nevada,057,99092,1665,1347,42,1389,9
2020-11-30,Orange,059,3164182,87954,78711,2673,81384,1568
2020-11-30,Placer,061,380077,8426,6575,179,6754,72
2020-11-30,Plumas,063,18699,248,192,0,192,0
2020-11-30,Riverside,065,2383286,101545,87722,2418,90140,1446
2020-11-30,Sacramento,067,1510023,41584,37834,161,37995,586
2020-11-30,San Benito,069,59416,2074,1875,14,1889,15
2020-11-30,San Bernardino,071,2135413,108184,92704,2055,94759,1220
2020-11-30,San Diego,073,3302833,90487,82045,3510,85555,997
2020-11-30,San Francisco,075,870044,16657,15638,123,15761,157
2020-11-30,San Joaquin,077,732212,28719,25742,585,26327,509
2020-11-30,San Luis Obispo,079,281455,6930,6224,116,6340,36
2020-11-30,San Mateo,081,765935,15860,14276,17,14293,170
2020-11-30,Santa Barbara,083,443738,12236,11572,219,11791,140
2020-11-30,Santa Clara,085,1922200,40206,35019,111,35130,451
2020-11-30,Santa Cruz,087,273765,5241,4558,70,4628,26
2020-11-30,Shasta,089,179085,5963,4933,257,5190,44
2020-11-30,Sierra,091,2930,19,16,0,16,0
2020-11-30,Siskiyou,093,43540,730,605,43,648,1
2020-11-30,Solano,095,438530,11437,10392,82,10474,87
2020-11-30,Sonoma,097,501317,13342,12232,76,12308,163
2020-11-30,Stanislaus,099,539301,23707,22110,1586,23696,446
2020-11-30,Sutter,101,95872,3988,3430,13,3443,16
2020-11-30,Tehama,103,63373,1917,1724,65,1789,9
2020-11-30,Trinity,105,12862,292,162,32,194,0
2020-11-30,Tulare,107,460477,23128,20833,1714,22547,319
2020-11-30,Tuolumne,109,53932,1229,1027,5,1032,7
2020-11-30,Ventura,111,848112,22709,20308,716,21024,180
2020-11-30,Yolo,113,214977,5445,4894,20,4914,81
2020-11-30,Yuba,115,75493,2312,2028,14,2042,10
2020-11-29,Alameda,001,1643700,32195,29918,389,30307,457
2020-11-29,Alpine,003,1148,51,41,0,41,0
2020-11-29,Amador,005,37829,723,548,2,550,16
2020-11-29,Butte,007,227075,4434,4008,229,4237,65
2020-11-29,Calaveras,009,45235,548,478,0,478,21
2020-11-29,Colusa,011,21464,829,723,8,731,6
2020-11-29,Contra Costa,013,1133247,25951,24165,179,24344,264
2020-11-29,Del Norte,015,27424,394,339,0,339,2
2020-11-29,El Dorado,017,186661,3080,2447,38,2485,4
2020-11-29,Fresno,019,978130,44017,38568,1618,40186,500
2020-11-29,Glenn,021,27897,1062,951,55,1006,4
2020-11-29,Humboldt,023,135768,1007,856,4,860,9
2020-11-29,Imperial,025,180216,16806,16138,113,16251,356
2020-11-29,Inyo,027,18085,327,289,5,294,15
2020-11-29,Kern,029,883053,43219,40596,1474,42070,473
2020-11-29,Kings,031,150075,11969,11247,208,11455,85
2020-11-29,Lake,033,64148,1085,927,0,927,18
2020-11-29,Lassen,035,31185,2334,1793,8,1801,0
2020-11-29,Los Angeles,037,10098052,420995,391162,6906,398068,7642
2020-11-29,Madera,039,155013,6862,6184,173,6357,57
2020-11-29,Marin,041,260295,7966,7739,33,7772,135
2020-11-29,Mariposa,043,17540,147,123,2,125,2
2020-11-29,Mendocino,045,87422,1613,1473,10,1483,23
2020-11-29,Merced,047,269075,12518,11773,126,11899,172
2020-11-29,Modoc,049,8938,129,105,22,127,0
2020-11-29,Mono,051,14174,559,515,9,524,3
2020-11-29,Monterey,053,433212,16506,15621,294,15915,119
2020-11-29,Napa,055,140530,3534,3090,18,3108,18
2020-11-29,Nevada,057,99092,1584,1311,40,1351,9
2020-11-29,Orange,059,3164182,85935,78057,2626,80683,1567
2020-11-29,Placer,061,380077,8129,6535,167,6702,72
2020-11-29,Plumas,063,18699,243,191,0,191,0
2020-11-29,Riverside,065,2383286,99152,87383,2265,89648,1442
2020-11-29,Sacramento,067,1510023,40505,37415,152,37567,585
2020-11-29,San Benito,069,59416,2030,1860,14,1874,15
2020-11-29,San Bernardino,071,2135413,104834,92052,1939,93991,1223
2020-11-29,San Diego,073,3302833,88076,81086,3357,84443,997
2020-11-29,San Francisco,075,870044,16376,15571,116,15687,153
2020-11-29,San Joaquin,077,732212,27977,25740,579,26319,509
2020-11-29,San Luis Obispo,079,281455,6807,6145,116,6261,36
2020-11-29,San Mateo,081,765935,15527,14177,17,14194,169
2020-11-29,Santa Barbara,083,443738,12081,11520,215,11735,140
2020-11-29,Santa Clara,085,1922200,39000,34234,105,34339,451
2020-11-29,Santa Cruz,087,273765,5082,4490,68,4558,26
2020-11-29,Shasta,089,179085,5791,4935,229,5164,43
2020-11-29,Sierra,091,2930,19,16,0,16,0
2020-11-29,Siskiyou,093,43540,707,590,41,631,1
2020-11-29,Solano,095,438530,11205,10393,78,10471,87
2020-11-29,Sonoma,097,501317,13090,12052,72,12124,163
2020-11-29,Stanislaus,099,539301,23211,21701,1552,23253,446
2020-11-29,Sutter,101,95872,3870,3297,13,3310,16
2020-11-29,Tehama,103,63373,1867,1710,49,1759,9
2020-11-29,Trinity,105,12862,289,159,30,189,0
2020-11-29,Tulare,107,460477,22759,20793,1638,22431,319
2020-11-29,Tuolumne,109,53932,1192,988,5,993,7
2020-11-29,Ventura,111,848112,22024,19952,703,20655,179
2020-11-29,Yolo,113,214977,5307,4830,19,4849,80
2020-11-29,Yuba,115,75493,2256,1959,14,1973,10
2020-11-28,Alameda,001,1643700,31885,29368,384,29752,456
2020-11-28,Alpine,003,1148,51,41,0,41,0
2020-11-28,Amador,005,37829,646,536,2,538,16
2020-11-28,Butte,007,227075,4376,3894,225,4119,65
2020-11-28,Calaveras,009,45235,544,478,0,478,21
2020-11-28,Colusa,011,21464,820,711,6,717,6
2020-11-28,Contra Costa,013,1133247,25618,23798,175,23973,264
2020-11-28,Del Norte,015,27424,384,328,0,328,2
2020-11-28,El Dorado,017,186661,3012,2415,32,2447,4
2020-11-28,Fresno,019,978130,43669,38288,1579,39867,500
2020-11-28,Glenn,021,27897,1051,925,51,976,4
2020-11-28,Humboldt,023,135768,972,844,4,848,9
2020-11-28,Imperial,025,180216,16741,16019,111,16130,356
2020-11-28,Inyo,027,18085,319,289,5,294,15
2020-11-28,Kern,029,883053,42856,40255,1386,41641,473
2020-11-28,Kings,031,150075,11904,11070,201,11271,85
2020-11-28,Lake,033,64148,1070,920,0,920,18
2020-11-28,Lassen,035,31185,2267,1714,8,1722,0
2020-11-28,Los Angeles,037,10098052,416079,386194,6748,392942,7625
2020-11-28,Madera,039,155013,6760,6119,166,6285,57
2020-11-28,Marin,041,260295,7936,7696,29,7725,135
2020-11-28,Mariposa,043,17540,144,120,2,122,2
2020-11-28,Mendocino,045,87422,1582,1458,10,1468,22
2020-11-28,Merced,047,269075,12420,11688,120,11808,172
2020-11-28,Modoc,049,8938,126,103,22,125,0
2020-11-28,Mono,051,14174,553,505,9,514,3
2020-11-28,Monterey,053,433212,16340,15328,290,15618,118
2020-11-28,Napa,055,140530,3482,3033,18,3051,18
2020-11-28,Nevada,057,99092,1556,1272,38,1310,9
2020-11-28,Orange,059,3164182,84838,76882,2579,79461,1568
2020-11-28,Placer,061,380077,7967,6497,164,6661,70
2020-11-28,Plumas,063,18699,236,188,0,188,0
2020-11-28,Riverside,065,2383286,97742,86854,2163,89017,1440
2020-11-28,Sacramento,067,1510023,39927,36905,148,37053,580
2020-11-28,San Benito,069,59416,1983,1835,14,1849,15
2020-11-28,San Bernardino,071,2135413,103436,91183,1841,93024,1224
2020-11-28,San Diego,073,3302833,86822,80020,3273,83293,997
2020-11-28,San Francisco,075,870044,16200,15450,108,15558,153
2020-11-28,San Joaquin,077,732212,27778,25742,564,26306,509
2020-11-28,San Luis Obispo,079,281455,6737,6106,112,6218,36
2020-11-28,San Mateo,081,765935,15336,14040,17,14057,169
2020-11-28,Santa Barbara,083,443738,11979,11481,210,11691,140
2020-11-28,Santa Clara,085,1922200,38256,33701,103,33804,449
2020-11-28,Santa Cruz,087,273765,5005,4426,68,4494,26
2020-11-28,Shasta,089,179085,5714,4882,222,5104,43
2020-11-28,Sierra,091,2930,19,16,0,16,0
2020-11-28,Siskiyou,093,43540,697,558,38,596,1
2020-11-28,Solano,095,438530,11086,10252,76,10328,87
2020-11-28,Sonoma,097,501317,12986,12008,63,12071,162
2020-11-28,Stanislaus,099,539301,22972,21574,1517,23091,446
2020-11-28,Sutter,101,95872,3786,3244,13,3257,15
2020-11-28,Tehama,103,63373,1851,1678,44,1722,9
2020-11-28,Trinity,105,12862,286,157,28,185,0
2020-11-28,Tulare,107,460477,22563,20701,1596,22297,319
2020-11-28,Tuolumne,109,53932,1170,976,5,981,7
2020-11-28,Ventura,111,848112,21726,19510,693,20203,179
2020-11-28,Yolo,113,214977,5233,4739,17,4756,80
2020-11-28,Yuba,115,75493,2203,1912,14,1926,10
2020-11-27,Alameda,001,1643700,31446,29064,373,29437,450
2020-11-27,Alpine,003,1148,51,41,0,41,0
2020-11-27,Amador,005,37829,599,498,1,499,16
2020-11-27,Butte,007,227075,4335,3894,219,4113,65
2020-11-27,Calaveras,009,45235,535,478,0,478,21
2020-11-27,Colusa,011,21464,803,694,4,698,6
2020-11-27,Contra Costa,013,1133247,25358,23463,169,23632,264
2020-11-27,Del Norte,015,27424,378,307,0,307,2
2020-11-27,El Dorado,017,186661,2941,2238,29,2267,4
2020-11-27,Fresno,019,978130,43263,37994,1521,39515,500
2020-11-27,Glenn,021,27897,1038,891,46,937,4
2020-11-27,Humboldt,023,135768,953,795,3,798,9
2020-11-27,Imperial,025,180216,16673,15960,102,16062,356
2020-11-27,Inyo,027,18085,313,289,5,294,15
2020-11-27,Kern,029,883053,42432,39707,1316,41023,473
2020-11-27,Kings,031,150075,11818,10667,183,10850,85
2020-11-27,Lake,033,64148,1034,909,0,909,18
2020-11-27,Lassen,035,31185,2255,1714,8,1722,0
2020-11-27,Los Angeles,037,10098052,409573,382740,6592,389332,7606
2020-11-27,Madera,039,155013,6688,6050,160,6210,57
2020-11-27,Marin,041,260295,7893,7660,29,7689,135
2020-11-27,Mariposa,043,17540,142,118,2,120,2
2020-11-27,Mendocino,045,87422,1568,1387,9,1396,22
2020-11-27,Merced,047,269075,12314,11550,113,11663,172
2020-11-27,Modoc,049,8938,125,100,22,122,0
2020-11-27,Mono,051,14174,549,498,9,507,3
2020-11-27,Monterey,053,433212,16172,14753,290,15043,113
2020-11-27,Napa,055,140530,3442,2988,18,3006,18
2020-11-27,Nevada,057,99092,1526,1184,36,1220,9
2020-11-27,Orange,059,3164182,83548,75151,2540,77691,1568
2020-11-27,Placer,061,380077,7806,6283,154,6437,68
2020-11-27,Plumas,063,18699,233,188,0,188,0
2020-11-27,Riverside,065,2383286,96131,85769,2010,87779,1440
2020-11-27,Sacramento,067,1510023,39305,36579,144,36723,579
2020-11-27,San Benito,069,59416,1949,1805,13,1818,15
2020-11-27,San Bernardino,071,2135413,101926,90254,1760,92014,1224
2020-11-27,San Diego,073,3302833,85628,78161,3184,81345,996
2020-11-27,San Francisco,075,870044,16045,15377,106,15483,153
2020-11-27,San Joaquin,077,732212,27557,25741,544,26285,509
2020-11-27,San Luis Obispo,079,281455,6654,6039,109,6148,36
2020-11-27,San Mateo,081,765935,15133,13872,16,13888,169
2020-11-27,Santa Barbara,083,443738,11886,11340,207,11547,140
2020-11-27,Santa Clara,085,1922200,37580,32935,96,33031,449
2020-11-27,Santa Cruz,087,273765,4934,4358,66,4424,26
2020-11-27,Shasta,089,179085,5637,4710,209,4919,43
2020-11-27,Sierra,091,2930,18,16,0,16,0
2020-11-27,Siskiyou,093,43540,682,554,35,589,1
2020-11-27,Solano,095,438530,10967,10044,73,10117,87
2020-11-27,Sonoma,097,501317,12853,11924,61,11985,162
2020-11-27,Stanislaus,099,539301,22744,21185,1487,22672,446
2020-11-27,Sutter,101,95872,3719,3101,13,3114,15
2020-11-27,Tehama,103,63373,1823,1649,40,1689,9
2020-11-27,Trinity,105,12862,282,151,28,179,0
2020-11-27,Tulare,107,460477,22375,20634,1539,22173,319
2020-11-27,Tuolumne,109,53932,1138,881,5,886,7
2020-11-27,Ventura,111,848112,21402,19379,671,20050,179
2020-11-27,Yolo,113,214977,5184,4737,17,4754,79
2020-11-27,Yuba,115,75493,2174,1864,13,1877,10
2020-11-26,Alameda,001,1643700,31035,28797,354,29151,447
2020-11-26,Alpine,003,1148,51,41,0,41,0
2020-11-26,Amador,005,37829,591,488,1,489,16
2020-11-26,Butte,007,227075,4272,3894,213,4107,65
2020-11-26,Calaveras,009,45235,507,478,0,478,21
2020-11-26,Colusa,011,21464,789,694,4,698,6
2020-11-26,Contra Costa,013,1133247,25024,23468,163,23631,264
2020-11-26,Del Norte,015,27424,367,307,0,307,2
2020-11-26,El Dorado,017,186661,2860,2217,27,2244,4
2020-11-26,Fresno,019,978130,42857,37724,1476,39200,500
2020-11-26,Glenn,021,27897,1022,892,44,936,4
2020-11-26,Humboldt,023,135768,931,795,2,797,9
2020-11-26,Imperial,025,180216,16564,15722,98,15820,355
2020-11-26,Inyo,027,18085,312,289,5,294,15
2020-11-26,Kern,029,883053,41982,39123,1254,40377,471
2020-11-26,Kings,031,150075,11763,10475,171,10646,85
2020-11-26,Lake,033,64148,1021,890,0,890,18
2020-11-26,Lassen,035,31185,2240,1714,8,1722,0
2020-11-26,Los Angeles,037,10098052,404419,378340,6356,384696,7581
2020-11-26,Madera,039,155013,6613,6003,154,6157,57
2020-11-26,Marin,041,260295,7856,7610,29,7639,135
2020-11-26,Mariposa,043,17540,137,116,2,118,2
2020-11-26,Mendocino,045,87422,1554,1387,7,1394,22
2020-11-26,Merced,047,269075,12166,11440,111,11551,172
2020-11-26,Modoc,049,8938,123,100,22,122,0
2020-11-26,Mono,051,14174,541,485,9,494,2
2020-11-26,Monterey,053,433212,15935,14750,282,15032,113
2020-11-26,Napa,055,140530,3378,2988,18,3006,18
2020-11-26,Nevada,057,99092,1480,1184,36,1220,9
2020-11-26,Orange,059,3164182,82160,74264,2478,76742,1563
2020-11-26,Placer,061,380077,7644,6278,145,6423,68
2020-11-26,Plumas,063,18699,225,188,0,188,0
2020-11-26,Riverside,065,2383286,94527,85774,1886,87660,1440
2020-11-26,Sacramento,067,1510023,38663,35854,136,35990,580
2020-11-26,San Benito,069,59416,1922,1769,13,1782,15
2020-11-26,San Bernardino,071,2135413,100278,89727,1668,91395,1223
2020-11-26,San Diego,073,3302833,84018,76359,3080,79439,996
2020-11-26,San Francisco,075,870044,15908,15156,103,15259,153
2020-11-26,San Joaquin,077,732212,27301,25738,532,26270,509
2020-11-26,San Luis Obispo,079,281455,6561,5964,106,6070,36
2020-11-26,San Mateo,081,765935,14944,13715,15,13730,169
2020-11-26,Santa Barbara,083,443738,11805,11277,206,11483,139
2020-11-26,Santa Clara,085,1922200,36938,32411,88,32499,446
2020-11-26,Santa Cruz,087,273765,4803,4269,60,4329,26
2020-11-26,Shasta,089,179085,5554,4712,198,4910,43
2020-11-26,Sierra,091,2930,18,15,0,15,0
2020-11-26,Siskiyou,093,43540,672,526,34,560,1
2020-11-26,Solano,095,438530,10824,9941,71,10012,87
2020-11-26,Sonoma,097,501317,12705,11922,59,11981,162
2020-11-26,Stanislaus,099,539301,22512,21186,1446,22632,445
2020-11-26,Sutter,101,95872,3625,3101,12,3113,15
2020-11-26,Tehama,103,63373,1781,1612,37,1649,9
2020-11-26,Trinity,105,12862,278,139,28,167,0
2020-11-26,Tulare,107,460477,22136,20649,1475,22124,319
2020-11-26,Tuolumne,109,53932,1110,871,5,876,7
2020-11-26,Ventura,111,848112,20906,19058,657,19715,179
2020-11-26,Yolo,113,214977,5097,4566,17,4583,76
2020-11-26,Yuba,115,75493,2114,1865,11,1876,10
2020-11-25,Alameda,001,1643700,30820,28378,346,28724,447
2020-11-25,Alpine,003,1148,51,41,0,41,0
2020-11-25,Amador,005,37829,581,484,1,485,16
2020-11-25,Butte,007,227075,4241,3848,210,4058,64
2020-11-25,Calaveras,009,45235,504,475,0,475,21
2020-11-25,Colusa,011,21464,772,693,4,697,6
2020-11-25,Contra Costa,013,1133247,24869,23307,162,23469,263
2020-11-25,Del Norte,015,27424,366,304,0,304,2
2020-11-25,El Dorado,017,186661,2824,2154,27,2181,4
2020-11-25,Fresno,019,978130,42624,37349,1454,38803,494
2020-11-25,Glenn,021,27897,1005,891,42,933,4
2020-11-25,Humboldt,023,135768,923,777,2,779,9
2020-11-25,Imperial,025,180216,16494,15640,96,15736,355
2020-11-25,Inyo,027,18085,310,289,5,294,15
2020-11-25,Kern,029,883053,41826,38878,1235,40113,467
2020-11-25,Kings,031,150075,11728,10417,167,10584,85
2020-11-25,Lake,033,64148,1004,878,0,878,18
2020-11-25,Lassen,035,31185,2197,1701,8,1709,0
2020-11-25,Los Angeles,037,10098052,401390,373919,6253,380172,7545
2020-11-25,Madera,039,155013,6591,5989,151,6140,57
2020-11-25,Marin,041,260295,7829,7601,28,7629,135
2020-11-25,Mariposa,043,17540,136,114,2,116,2
2020-11-25,Mendocino,045,87422,1535,1373,7,1380,22
2020-11-25,Merced,047,269075,12108,11346,111,11457,172
2020-11-25,Modoc,049,8938,123,96,22,118,0
2020-11-25,Mono,051,14174,536,487,9,496,2
2020-11-25,Monterey,053,433212,15818,14695,280,14975,113
2020-11-25,Napa,055,140530,3345,2945,18,2963,17
2020-11-25,Nevada,057,99092,1462,1170,34,1204,9
2020-11-25,Orange,059,3164182,81406,73014,2458,75472,1551
2020-11-25,Placer,061,380077,7568,6221,144,6365,68
2020-11-25,Plumas,063,18699,220,183,0,183,0
2020-11-25,Riverside,065,2383286,93983,85077,1868,86945,1438
2020-11-25,Sacramento,067,1510023,38327,35687,133,35820,574
2020-11-25,San Benito,069,59416,1899,1764,13,1777,15
2020-11-25,San Bernardino,071,2135413,99438,88469,1640,90109,1225
2020-11-25,San Diego,073,3302833,83361,75307,3044,78351,988
2020-11-25,San Francisco,075,870044,15803,15053,101,15154,153
2020-11-25,San Joaquin,077,732212,27174,25556,520,26076,515
2020-11-25,San Luis Obispo,079,281455,6518,5913,105,6018,34
2020-11-25,San Mateo,081,765935,14829,13614,15,13629,170
2020-11-25,Santa Barbara,083,443738,11755,11183,206,11389,138
2020-11-25,Santa Clara,085,1922200,36492,32032,87,32119,442
2020-11-25,Santa Cruz,087,273765,4751,4202,59,4261,25
2020-11-25,Shasta,089,179085,5508,4588,191,4779,43
2020-11-25,Sierra,091,2930,18,15,0,15,0
2020-11-25,Siskiyou,093,43540,665,499,34,533,1
2020-11-25,Solano,095,438530,10719,9832,70,9902,87
2020-11-25,Sonoma,097,501317,12642,11775,58,11833,162
2020-11-25,Stanislaus,099,539301,22381,21022,1419,22441,445
2020-11-25,Sutter,101,95872,3581,3064,12,3076,14
2020-11-25,Tehama,103,63373,1769,1587,32,1619,9
2020-11-25,Trinity,105,12862,276,135,28,163,0
2020-11-25,Tulare,107,460477,22046,20528,1444,21972,318
2020-11-25,Tuolumne,109,53932,1093,842,5,847,7
2020-11-25,Ventura,111,848112,20811,18914,651,19565,179
2020-11-25,Yolo,113,214977,5061,4527,17,4544,76
2020-11-25,Yuba,115,75493,2088,1840,11,1851,10
2020-11-24,Alameda,001,1643700,30341,28030,335,28365,444
2020-11-24,Alpine,003,1148,51,41,0,41,0
2020-11-24,Amador,005,37829,556,470,1,471,16
2020-11-24,Butte,007,227075,4156,3798,202,4000,63
2020-11-24,Calaveras,009,45235,497,466,0,466,21
2020-11-24,Colusa,011,21464,754,682,4,686,6
2020-11-24,Contra Costa,013,1133247,24516,23072,156,23228,259
2020-11-24,Del Norte,015,27424,357,298,0,298,2
2020-11-24,El Dorado,017,186661,2719,2005,26,2031,4
2020-11-24,Fresno,019,978130,42221,37021,1377,38398,493
2020-11-24,Glenn,021,27897,987,883,38,921,4
2020-11-24,Humboldt,023,135768,904,774,2,776,9
2020-11-24,Imperial,025,180216,16391,15600,91,15691,355
2020-11-24,Inyo,027,18085,309,282,5,287,15
2020-11-24,Kern,029,883053,41352,38551,1157,39708,465
2020-11-24,Kings,031,150075,11461,10338,154,10492,85
2020-11-24,Lake,033,64148,988,872,0,872,18
2020-11-24,Lassen,035,31185,2174,1657,8,1665,0
2020-11-24,Los Angeles,037,10098052,395080,370008,6016,376024,7501
2020-11-24,Madera,039,155013,6506,5881,145,6026,57
2020-11-24,Marin,041,260295,7782,7591,28,7619,135
2020-11-24,Mariposa,043,17540,126,114,1,115,2
2020-11-24,Mendocino,045,87422,1513,1346,6,1352,22
2020-11-24,Merced,047,269075,11919,11268,105,11373,171
2020-11-24,Modoc,049,8938,119,91,22,113,0
2020-11-24,Mono,051,14174,532,483,9,492,2
2020-11-24,Monterey,053,433212,15557,14354,268,14622,113
2020-11-24,Napa,055,140530,3279,2904,18,2922,17
2020-11-24,Nevada,057,99092,1398,1156,32,1188,9
2020-11-24,Orange,059,3164182,79962,71975,2378,74353,1547
2020-11-24,Placer,061,380077,7387,6147,137,6284,67
2020-11-24,Plumas,063,18699,217,180,0,180,0
2020-11-24,Riverside,065,2383286,92224,83685,1739,85424,1420
2020-11-24,Sacramento,067,1510023,37647,35097,126,35223,568
2020-11-24,San Benito,069,59416,1867,1740,12,1752,15
2020-11-24,San Bernardino,071,2135413,97101,86645,1539,88184,1226
2020-11-24,San Diego,073,3302833,81951,74363,2973,77336,984
2020-11-24,San Francisco,075,870044,15608,14874,97,14971,153
2020-11-24,San Joaquin,077,732212,26858,25318,492,25810,517
2020-11-24,San Luis Obispo,079,281455,6455,5805,104,5909,34
2020-11-24,San Mateo,081,765935,14620,13558,14,13572,170
2020-11-24,Santa Barbara,083,443738,11649,11154,204,11358,138
2020-11-24,Santa Clara,085,1922200,35702,31564,83,31647,438
2020-11-24,Santa Cruz,087,273765,4638,4132,58,4190,25
2020-11-24,Shasta,089,179085,5408,4410,172,4582,43
2020-11-24,Sierra,091,2930,18,15,0,15,0
2020-11-24,Siskiyou,093,43540,647,473,31,504,1
2020-11-24,Solano,095,438530,10548,9716,69,9785,86
2020-11-24,Sonoma,097,501317,12462,11644,55,11699,162
2020-11-24,Stanislaus,099,539301,22139,20830,1376,22206,438
2020-11-24,Sutter,101,95872,3475,2974,12,2986,14
2020-11-24,Tehama,103,63373,1719,1565,27,1592,9
2020-11-24,Trinity,105,12862,269,129,27,156,0
2020-11-24,Tulare,107,460477,21797,20319,1380,21699,315
2020-11-24,Tuolumne,109,53932,1064,832,5,837,7
2020-11-24,Ventura,111,848112,20429,18637,641,19278,179
2020-11-24,Yolo,113,214977,4977,4420,17,4437,76
2020-11-24,Yuba,115,75493,2037,1804,9,1813,10
2020-11-23,Alameda,001,1643700,29925,27718,323,28041,444
2020-11-23,Alpine,003,1148,49,41,0,41,0
2020-11-23,Amador,005,37829,515,457,1,458,16
2020-11-23,Butte,007,227075,4092,3765,196,3961,61
2020-11-23,Calaveras,009,45235,480,434,0,434,21
2020-11-23,Colusa,011,21464,740,662,4,666,6
2020-11-23,Contra Costa,013,1133247,24244,22674,151,22825,260
2020-11-23,Del Norte,015,27424,335,296,0,296,2
2020-11-23,El Dorado,017,186661,2599,2005,25,2030,4
2020-11-23,Fresno,019,978130,41772,36688,1314,38002,488
2020-11-23,Glenn,021,27897,961,853,38,891,4
2020-11-23,Humboldt,023,135768,891,746,2,748,9
2020-11-23,Imperial,025,180216,16220,15104,86,15190,355
2020-11-23,Inyo,027,18085,301,279,5,284,15
2020-11-23,Kern,029,883053,40839,38245,1094,39339,463
2020-11-23,Kings,031,150075,11041,10204,147,10351,85
2020-11-23,Lake,033,64148,965,840,0,840,18
2020-11-23,Lassen,035,31185,2094,1271,7,1278,0
2020-11-23,Los Angeles,037,10098052,388984,366374,5766,372140,7447
2020-11-23,Madera,039,155013,6380,5787,141,5928,56
2020-11-23,Marin,041,260295,7740,7543,28,7571,135
2020-11-23,Mariposa,043,17540,125,97,1,98,2
2020-11-23,Mendocino,045,87422,1483,1330,6,1336,22
2020-11-23,Merced,047,269075,11731,11148,102,11250,169
2020-11-23,Modoc,049,8938,105,91,21,112,0
2020-11-23,Mono,051,14174,519,480,9,489,2
2020-11-23,Monterey,053,433212,15278,14265,262,14527,112
2020-11-23,Napa,055,140530,3213,2811,17,2828,17
2020-11-23,Nevada,057,99092,1309,1087,32,1119,9
2020-11-23,Orange,059,3164182,78560,71074,2332,73406,1546
2020-11-23,Placer,061,380077,7185,5999,136,6135,66
2020-11-23,Plumas,063,18699,213,172,0,172,0
2020-11-23,Riverside,065,2383286,90445,82175,1674,83849,1415
2020-11-23,Sacramento,067,1510023,37077,34141,119,34260,556
2020-11-23,San Benito,069,59416,1839,1729,11,1740,15
2020-11-23,San Bernardino,071,2135413,94995,84387,1476,85863,1224
2020-11-23,San Diego,073,3302833,80489,72817,2885,75702,968
2020-11-23,San Francisco,075,870044,15450,14646,95,14741,153
2020-11-23,San Joaquin,077,732212,26509,24622,488,25110,517
2020-11-23,San Luis Obispo,079,281455,6373,5772,102,5874,34
2020-11-23,San Mateo,081,765935,14428,13364,14,13378,170
2020-11-23,Santa Barbara,083,443738,11542,10944,200,11144,137
2020-11-23,Santa Clara,085,1922200,35052,31064,80,31144,435
2020-11-23,Santa Cruz,087,273765,4528,4003,54,4057,25
2020-11-23,Shasta,089,179085,5290,4100,160,4260,43
2020-11-23,Sierra,091,2930,17,15,0,15,0
2020-11-23,Siskiyou,093,43540,620,460,30,490,0
2020-11-23,Solano,095,438530,10391,9394,66,9460,86
2020-11-23,Sonoma,097,501317,12289,11507,51,11558,160
2020-11-23,Stanislaus,099,539301,21846,20487,1343,21830,436
2020-11-23,Sutter,101,95872,3338,2840,11,2851,14
2020-11-23,Tehama,103,63373,1671,1526,24,1550,9
2020-11-23,Trinity,105,12862,260,120,25,145,0
2020-11-23,Tulare,107,460477,21502,19818,1314,21132,315
2020-11-23,Tuolumne,109,53932,1024,774,5,779,7
2020-11-23,Ventura,111,848112,20054,18480,628,19108,179
2020-11-23,Yolo,113,214977,4897,4265,16,4281,75
2020-11-23,Yuba,115,75493,1970,1702,9,1711,10
2020-11-22,Alameda,001,1643700,29488,27472,312,27784,444
2020-11-22,Alpine,003,1148,46,41,0,41,0
2020-11-22,Amador,005,37829,503,450,1,451,16
2020-11-22,Butte,007,227075,4041,3712,189,3901,61
2020-11-22,Calaveras,009,45235,468,434,0,434,21
2020-11-22,Colusa,011,21464,722,642,3,645,6
2020-11-22,Contra Costa,013,1133247,23939,22407,146,22553,260
2020-11-22,Del Norte,015,27424,311,271,0,271,2
2020-11-22,El Dorado,017,186661,2489,1917,22,1939,4
2020-11-22,Fresno,019,978130,41290,36315,1259,37574,488
2020-11-22,Glenn,021,27897,939,832,34,866,4
2020-11-22,Humboldt,023,135768,875,729,2,731,9
2020-11-22,Imperial,025,180216,16015,15109,41,15150,355
2020-11-22,Inyo,027,18085,295,279,5,284,15
2020-11-22,Kern,029,883053,40260,37904,1060,38964,463
2020-11-22,Kings,031,150075,10940,10035,138,10173,85
2020-11-22,Lake,033,64148,943,834,0,834,18
2020-11-22,Lassen,035,31185,1929,1211,6,1217,0
2020-11-22,Los Angeles,037,10098052,382705,360341,5517,365858,7438
2020-11-22,Madera,039,155013,6300,5745,130,5875,56
2020-11-22,Marin,041,260295,7705,7506,27,7533,135
2020-11-22,Mariposa,043,17540,124,95,1,96,2
2020-11-22,Mendocino,045,87422,1459,1285,5,1290,22
2020-11-22,Merced,047,269075,11582,10939,102,11041,169
2020-11-22,Modoc,049,8938,104,87,19,106,0
2020-11-22,Mono,051,14174,504,481,9,490,2
2020-11-22,Monterey,053,433212,15036,13887,256,14143,111
2020-11-22,Napa,055,140530,3132,2778,17,2795,17
2020-11-22,Nevada,057,99092,1251,1052,32,1084,9
2020-11-22,Orange,059,3164182,77148,69913,2293,72206,1546
2020-11-22,Placer,061,380077,6958,5880,126,6006,66
2020-11-22,Plumas,063,18699,200,172,0,172,0
2020-11-22,Riverside,065,2383286,88850,81565,1613,83178,1409
2020-11-22,Sacramento,067,1510023,36345,33421,106,33527,555
2020-11-22,San Benito,069,59416,1810,1704,11,1715,15
2020-11-22,San Bernardino,071,2135413,92652,83505,1406,84911,1224
2020-11-22,San Diego,073,3302833,78752,71649,2810,74459,968
2020-11-22,San Francisco,075,870044,15279,14515,94,14609,153
2020-11-22,San Joaquin,077,732212,26210,24619,476,25095,517
2020-11-22,San Luis Obispo,079,281455,6265,5664,101,5765,34
2020-11-22,San Mateo,081,765935,14223,13228,14,13242,170
2020-11-22,Santa Barbara,083,443738,11407,10946,195,11141,137
2020-11-22,Santa Clara,085,1922200,34374,30633,78,30711,434
2020-11-22,Santa Cruz,087,273765,4446,3896,47,3943,25
2020-11-22,Shasta,089,179085,5134,4100,142,4242,43
2020-11-22,Sierra,091,2930,17,13,0,13,0
2020-11-22,Siskiyou,093,43540,588,411,30,441,0
2020-11-22,Solano,095,438530,10220,9363,62,9425,86
2020-11-22,Sonoma,097,501317,12131,11415,49,11464,159
2020-11-22,Stanislaus,099,539301,21519,20223,1313,21536,436
2020-11-22,Sutter,101,95872,3220,2677,11,2688,13
2020-11-22,Tehama,103,63373,1637,1457,19,1476,9
2020-11-22,Trinity,105,12862,254,114,25,139,0
2020-11-22,Tulare,107,460477,21250,19818,1244,21062,314
2020-11-22,Tuolumne,109,53932,998,689,5,694,7
2020-11-22,Ventura,111,848112,19693,18105,614,18719,179
2020-11-22,Yolo,113,214977,4797,4206,16,4222,75
2020-11-22,Yuba,115,75493,1917,1672,9,1681,10
2020-11-21,Alameda,001,1643700,29301,27424,310,27734,444
2020-11-21,Alpine,003,1148,46,41,0,41,0
2020-11-21,Amador,005,37829,489,450,1,451,16
2020-11-21,Butte,007,227075,3993,3664,186,3850,61
2020-11-21,Calaveras,009,45235,462,434,0,434,21
2020-11-21,Colusa,011,21464,713,642,3,645,6
2020-11-21,Contra Costa,013,1133247,23786,22338,144,22482,260
2020-11-21,Del Norte,015,27424,306,271,0,271,2
2020-11-21,El Dorado,017,186661,2440,1900,21,1921,4
2020-11-21,Fresno,019,978130,41034,35973,1225,37198,482
2020-11-21,Glenn,021,27897,934,829,32,861,4
2020-11-21,Humboldt,023,135768,865,728,2,730,9
2020-11-21,Imperial,025,180216,15938,15053,41,15094,355
2020-11-21,Inyo,027,18085,293,283,5,288,15
2020-11-21,Kern,029,883053,40004,37403,1025,38428,463
2020-11-21,Kings,031,150075,10892,10019,134,10153,85
2020-11-21,Lake,033,64148,930,832,0,832,18
2020-11-21,Lassen,035,31185,1862,1211,6,1217,0
2020-11-21,Los Angeles,037,10098052,379525,357754,5371,363125,7428
2020-11-21,Madera,039,155013,6263,5706,130,5836,56
2020-11-21,Marin,041,260295,7682,7488,26,7514,134
2020-11-21,Mariposa,043,17540,124,92,1,93,2
2020-11-21,Mendocino,045,87422,1428,1282,5,1287,22
2020-11-21,Merced,047,269075,11521,10849,101,10950,169
2020-11-21,Modoc,049,8938,100,87,18,105,0
2020-11-21,Mono,051,14174,499,469,9,478,2
2020-11-21,Monterey,053,433212,14938,13886,251,14137,110
2020-11-21,Napa,055,140530,3098,2757,17,2774,17
2020-11-21,Nevada,057,99092,1239,1018,31,1049,9
2020-11-21,Orange,059,3164182,76345,69021,2263,71284,1543
2020-11-21,Placer,061,380077,6845,5778,123,5901,65
2020-11-21,Plumas,063,18699,195,172,0,172,0
2020-11-21,Riverside,065,2383286,88073,80676,1567,82243,1407
2020-11-21,Sacramento,067,1510023,35949,33133,98,33231,548
2020-11-21,San Benito,069,59416,1791,1691,11,1702,15
2020-11-21,San Bernardino,071,2135413,91776,83206,1330,84536,1222
2020-11-21,San Diego,073,3302833,77973,70711,2755,73466,966
2020-11-21,San Francisco,075,870044,15176,14445,93,14538,153
2020-11-21,San Joaquin,077,732212,26077,24620,461,25081,517
2020-11-21,San Luis Obispo,079,281455,6212,5618,98,5716,34
2020-11-21,San Mateo,081,765935,14121,13138,14,13152,170
2020-11-21,Santa Barbara,083,443738,11356,10922,192,11114,137
2020-11-21,Santa Clara,085,1922200,33990,30377,75,30452,433
2020-11-21,Santa Cruz,087,273765,4389,3898,47,3945,25
2020-11-21,Shasta,089,179085,5060,4095,139,4234,42
2020-11-21,Sierra,091,2930,17,13,0,13,0
2020-11-21,Siskiyou,093,43540,572,403,30,433,0
2020-11-21,Solano,095,438530,10130,9290,59,9349,86
2020-11-21,Sonoma,097,501317,12056,11394,47,11441,158
2020-11-21,Stanislaus,099,539301,21376,20111,1288,21399,435
2020-11-21,Sutter,101,95872,3160,2615,10,2625,13
2020-11-21,Tehama,103,63373,1617,1435,18,1453,9
2020-11-21,Trinity,105,12862,251,110,24,134,0
2020-11-21,Tulare,107,460477,21124,19752,1210,20962,313
2020-11-21,Tuolumne,109,53932,979,690,5,695,7
2020-11-21,Ventura,111,848112,19529,18040,604,18644,177
2020-11-21,Yolo,113,214977,4723,4147,15,4162,75
2020-11-21,Yuba,115,75493,1885,1643,9,1652,10
2020-11-20,Alameda,001,1643700,29086,27221,303,27524,444
2020-11-20,Alpine,003,1148,46,20,0,20,0
2020-11-20,Amador,005,37829,485,446,1,447,16
2020-11-20,Butte,007,227075,3961,3618,182,3800,60
2020-11-20,Calaveras,009,45235,450,424,0,424,21
2020-11-20,Colusa,011,21464,705,631,2,633,6
2020-11-20,Contra Costa,013,1133247,23600,22116,140,22256,260
2020-11-20,Del Norte,015,27424,302,264,0,264,2
2020-11-20,El Dorado,017,186661,2344,1868,19,1887,4
2020-11-20,Fresno,019,978130,40740,35635,1195,36830,480
2020-11-20,Glenn,021,27897,922,826,30,856,4
2020-11-20,Humboldt,023,135768,856,714,1,715,9
2020-11-20,Imperial,025,180216,15876,14864,37,14901,353
2020-11-20,Inyo,027,18085,291,262,5,267,15
2020-11-20,Kern,029,883053,39711,37143,999,38142,462
2020-11-20,Kings,031,150075,10844,9903,133,10036,85
2020-11-20,Lake,033,64148,921,820,0,820,18
2020-11-20,Lassen,035,31185,1777,1212,5,1217,0
2020-11-20,Los Angeles,037,10098052,375642,353554,5207,358761,7398
2020-11-20,Madera,039,155013,6170,5635,129,5764,54
2020-11-20,Marin,041,260295,7658,7467,25,7492,134
2020-11-20,Mariposa,043,17540,116,89,1,90,2
2020-11-20,Mendocino,045,87422,1408,1269,5,1274,22
2020-11-20,Merced,047,269075,11435,10729,101,10830,167
2020-11-20,Modoc,049,8938,100,83,18,101,0
2020-11-20,Mono,051,14174,497,469,9,478,2
2020-11-20,Monterey,053,433212,14813,13738,242,13980,110
2020-11-20,Napa,055,140530,3068,2718,17,2735,17
2020-11-20,Nevada,057,99092,1221,990,30,1020,9
2020-11-20,Orange,059,3164182,75508,68212,2225,70437,1532
2020-11-20,Placer,061,380077,6710,5687,108,5795,66
2020-11-20,Plumas,063,18699,193,163,0,163,0
2020-11-20,Riverside,065,2383286,87062,79613,1504,81117,1405
2020-11-20,Sacramento,067,1510023,35573,32832,91,32923,549
2020-11-20,San Benito,069,59416,1779,1668,11,1679,15
2020-11-20,San Bernardino,071,2135413,90410,81203,1249,82452,1220
2020-11-20,San Diego,073,3302833,76975,69233,2673,71906,960
2020-11-20,San Francisco,075,870044,15072,14327,92,14419,153
2020-11-20,San Joaquin,077,732212,25924,24460,448,24908,515
2020-11-20,San Luis Obispo,079,281455,6156,5524,95,5619,34
2020-11-20,San Mateo,081,765935,13988,12980,13,12993,169
2020-11-20,Santa Barbara,083,443738,11300,10825,186,11011,136
2020-11-20,Santa Clara,085,1922200,33568,30002,70,30072,431
2020-11-20,Santa Cruz,087,273765,4323,3815,47,3862,25
2020-11-20,Shasta,089,179085,4987,3861,134,3995,42
2020-11-20,Sierra,091,2930,17,12,0,12,0
2020-11-20,Siskiyou,093,43540,559,387,29,416,0
2020-11-20,Solano,095,438530,10038,9216,57,9273,85
2020-11-20,Sonoma,097,501317,11972,11316,46,11362,158
2020-11-20,Stanislaus,099,539301,21221,19889,1262,21151,433
2020-11-20,Sutter,101,95872,3110,2580,10,2590,13
2020-11-20,Tehama,103,63373,1602,1410,15,1425,9
2020-11-20,Trinity,105,12862,250,102,24,126,0
2020-11-20,Tulare,107,460477,20991,19568,1171,20739,311
2020-11-20,Tuolumne,109,53932,940,662,5,667,7
2020-11-20,Ventura,111,848112,19361,17741,576,18317,175
2020-11-20,Yolo,113,214977,4645,4081,14,4095,74
2020-11-20,Yuba,115,75493,1857,1611,9,1620,10
2020-11-19,Alameda,001,1643700,28740,26971,295,27266,441
2020-11-19,Alpine,003,1148,43,20,0,20,0
2020-11-19,Amador,005,37829,481,436,1,437,16
2020-11-19,Butte,007,227075,3912,3576,175,3751,60
2020-11-19,Calaveras,009,45235,440,417,0,417,21
2020-11-19,Colusa,011,21464,687,621,2,623,6
2020-11-19,Contra Costa,013,1133247,23328,21886,137,22023,259
2020-11-19,Del Norte,015,27424,294,251,0,251,2
2020-11-19,El Dorado,017,186661,2270,1825,18,1843,4
2020-11-19,Fresno,019,978130,40290,35278,1138,36416,478
2020-11-19,Glenn,021,27897,900,806,29,835,4
2020-11-19,Humboldt,023,135768,836,693,1,694,9
2020-11-19,Imperial,025,180216,15667,14507,37,14544,349
2020-11-19,Inyo,027,18085,289,262,5,267,15
2020-11-19,Kern,029,883053,39290,36779,957,37736,459
2020-11-19,Kings,031,150075,10696,9763,125,9888,85
2020-11-19,Lake,033,64148,907,809,0,809,18
2020-11-19,Lassen,035,31185,1660,1201,3,1204,0
2020-11-19,Los Angeles,037,10098052,370620,349493,5037,354530,7365
2020-11-19,Madera,039,155013,6098,5540,121,5661,54
2020-11-19,Marin,041,260295,7627,7451,25,7476,134
2020-11-19,Mariposa,043,17540,109,88,0,88,2
2020-11-19,Mendocino,045,87422,1387,1237,5,1242,23
2020-11-19,Merced,047,269075,11294,10634,95,10729,167
2020-11-19,Modoc,049,8938,97,82,18,100,0
2020-11-19,Mono,051,14174,489,468,9,477,2
2020-11-19,Monterey,053,433212,14598,13369,230,13599,108
2020-11-19,Napa,055,140530,3014,2641,17,2658,17
2020-11-19,Nevada,057,99092,1180,945,29,974,9
2020-11-19,Orange,059,3164182,74246,66998,2180,69178,1530
2020-11-19,Placer,061,380077,6519,5612,107,5719,65
2020-11-19,Plumas,063,18699,188,158,0,158,0
2020-11-19,Riverside,065,2383286,85577,78535,1433,79968,1402
2020-11-19,Sacramento,067,1510023,35059,32367,89,32456,546
2020-11-19,San Benito,069,59416,1756,1643,11,1654,15
2020-11-19,San Bernardino,071,2135413,88515,79244,1169,80413,1215
2020-11-19,San Diego,073,3302833,75725,68142,2569,70711,952
2020-11-19,San Francisco,075,870044,14915,14178,86,14264,153
2020-11-19,San Joaquin,077,732212,25604,24270,437,24707,516
2020-11-19,San Luis Obispo,079,281455,6079,5410,91,5501,34
2020-11-19,San Mateo,081,765935,13850,12714,13,12727,169
2020-11-19,Santa Barbara,083,443738,11220,10741,183,10924,136
2020-11-19,Santa Clara,085,1922200,33010,29630,69,29699,424
2020-11-19,Santa Cruz,087,273765,4232,3679,45,3724,25
2020-11-19,Shasta,089,179085,4849,3685,124,3809,42
2020-11-19,Sierra,091,2930,17,11,0,11,0
2020-11-19,Siskiyou,093,43540,534,360,28,388,0
2020-11-19,Solano,095,438530,9901,9093,53,9146,84
2020-11-19,Sonoma,097,501317,11802,11205,44,11249,156
2020-11-19,Stanislaus,099,539301,20981,19736,1220,20956,433
2020-11-19,Sutter,101,95872,3011,2509,10,2519,13
2020-11-19,Tehama,103,63373,1569,1373,12,1385,9
2020-11-19,Trinity,105,12862,244,97,24,121,0
2020-11-19,Tulare,107,460477,20769,19384,1106,20490,304
2020-11-19,Tuolumne,109,53932,907,602,5,607,7
2020-11-19,Ventura,111,848112,19008,17300,563,17863,174
2020-11-19,Yolo,113,214977,4550,3973,14,3987,72
2020-11-19,Yuba,115,75493,1817,1568,9,1577,10
2020-11-18,Alameda,001,1643700,28477,26610,290,26900,440
2020-11-18,Alpine,003,1148,42,16,0,16,0
2020-11-18,Amador,005,37829,476,430,1,431,16
2020-11-18,Butte,007,227075,3859,3537,162,3699,59
2020-11-18,Calaveras,009,45235,436,409,0,409,21
2020-11-18,Colusa,011,21464,674,611,2,613,6
2020-11-18,Contra Costa,013,1133247,23061,21685,133,21818,258
2020-11-18,Del Norte,015,27424,281,240,0,240,2
2020-11-18,El Dorado,017,186661,2182,1799,17,1816,4
2020-11-18,Fresno,019,978130,39850,34997,1087,36084,474
2020-11-18,Glenn,021,27897,883,803,27,830,4
2020-11-18,Humboldt,023,135768,822,690,1,691,9
2020-11-18,Imperial,025,180216,15445,14428,37,14465,348
2020-11-18,Inyo,027,18085,287,262,5,267,15
2020-11-18,Kern,029,883053,38901,36537,907,37444,456
2020-11-18,Kings,031,150075,10548,9696,122,9818,85
2020-11-18,Lake,033,64148,894,802,0,802,18
2020-11-18,Lassen,035,31185,1560,1124,3,1127,0
2020-11-18,Los Angeles,037,10098052,365754,344675,4852,349527,7338
2020-11-18,Madera,039,155013,6011,5519,109,5628,54
2020-11-18,Marin,041,260295,7603,7435,25,7460,134
2020-11-18,Mariposa,043,17540,106,88,0,88,2
2020-11-18,Mendocino,045,87422,1367,1237,5,1242,23
2020-11-18,Merced,047,269075,11178,10536,94,10630,166
2020-11-18,Modoc,049,8938,94,77,18,95,0
2020-11-18,Mono,051,14174,484,468,9,477,2
2020-11-18,Monterey,053,433212,14403,13340,216,13556,108
2020-11-18,Napa,055,140530,2968,2607,17,2624,17
2020-11-18,Nevada,057,99092,1140,933,27,960,9
2020-11-18,Orange,059,3164182,73148,66381,2155,68536,1521
2020-11-18,Placer,061,380077,6341,5543,102,5645,64
2020-11-18,Plumas,063,18699,183,143,0,143,0
2020-11-18,Riverside,065,2383286,84112,77739,1330,79069,1387
2020-11-18,Sacramento,067,1510023,34434,31816,81,31897,541
2020-11-18,San Benito,069,59416,1731,1632,10,1642,15
2020-11-18,San Bernardino,071,2135413,86757,77400,1089,78489,1206
2020-11-18,San Diego,073,3302833,74431,67243,2509,69752,945
2020-11-18,San Francisco,075,870044,14771,14057,84,14141,153
2020-11-18,San Joaquin,077,732212,25338,24146,422,24568,517
2020-11-18,San Luis Obispo,079,281455,6003,5322,90,5412,34
2020-11-18,San Mateo,081,765935,13697,12631,12,12643,169
2020-11-18,Santa Barbara,083,443738,11141,10684,176,10860,136
2020-11-18,Santa Clara,085,1922200,32545,29285,64,29349,421
2020-11-18,Santa Cruz,087,273765,4140,3618,43,3661,25
2020-11-18,Shasta,089,179085,4715,3547,120,3667,42
2020-11-18,Sierra,091,2930,17,11,0,11,0
2020-11-18,Siskiyou,093,43540,502,351,27,378,0
2020-11-18,Solano,095,438530,9769,8994,51,9045,84
2020-11-18,Sonoma,097,501317,11695,11129,41,11170,155
2020-11-18,Stanislaus,099,539301,20738,19609,1195,20804,431
2020-11-18,Sutter,101,95872,2893,2442,10,2452,13
2020-11-18,Tehama,103,63373,1531,1338,12,1350,8
2020-11-18,Trinity,105,12862,230,95,23,118,0
2020-11-18,Tulare,107,460477,20559,19286,1055,20341,306
2020-11-18,Tuolumne,109,53932,872,590,5,595,7
2020-11-18,Ventura,111,848112,18683,17169,548,17717,173
2020-11-18,Yolo,113,214977,4476,3929,14,3943,71
2020-11-18,Yuba,115,75493,1763,1540,9,1549,10
2020-11-17,Alameda,001,1643700,28150,26425,280,26705,439
2020-11-17,Alpine,003,1148,40,12,0,12,0
2020-11-17,Amador,005,37829,465,423,1,424,16
2020-11-17,Butte,007,227075,3817,3500,152,3652,59
2020-11-17,Calaveras,009,45235,421,405,0,405,21
2020-11-17,Colusa,011,21464,663,606,1,607,6
2020-11-17,Contra Costa,013,1133247,22788,21557,128,21685,256
2020-11-17,Del Norte,015,27424,275,233,0,233,2
2020-11-17,El Dorado,017,186661,2123,1758,17,1775,4
2020-11-17,Fresno,019,978130,39252,34765,1028,35793,472
2020-11-17,Glenn,021,27897,872,795,26,821,4
2020-11-17,Humboldt,023,135768,800,685,1,686,9
2020-11-17,Imperial,025,180216,15209,14204,35,14239,346
2020-11-17,Inyo,027,18085,286,263,5,268,15
2020-11-17,Kern,029,883053,38451,36164,854,37018,455
2020-11-17,Kings,031,150075,10475,9653,115,9768,85
2020-11-17,Lake,033,64148,874,792,0,792,18
2020-11-17,Lassen,035,31185,1481,1124,3,1127,0
2020-11-17,Los Angeles,037,10098052,360810,340933,4688,345621,7302
2020-11-17,Madera,039,155013,5922,5485,102,5587,54
2020-11-17,Marin,041,260295,7571,7404,24,7428,134
2020-11-17,Mariposa,043,17540,103,87,0,87,2
2020-11-17,Mendocino,045,87422,1346,1216,5,1221,23
2020-11-17,Merced,047,269075,11034,10457,87,10544,162
2020-11-17,Modoc,049,8938,88,71,17,88,0
2020-11-17,Mono,051,14174,479,459,9,468,2
2020-11-17,Monterey,053,433212,14174,13220,206,13426,108
2020-11-17,Napa,055,140530,2914,2568,17,2585,17
2020-11-17,Nevada,057,99092,1099,918,26,944,9
2020-11-17,Orange,059,3164182,71998,65757,2127,67884,1519
2020-11-17,Placer,061,380077,6179,5435,96,5531,63
2020-11-17,Plumas,063,18699,175,142,0,142,0
2020-11-17,Riverside,065,2383286,82725,77079,1239,78318,1379
2020-11-17,Sacramento,067,1510023,33835,31341,77,31418,538
2020-11-17,San Benito,069,59416,1715,1611,4,1615,15
2020-11-17,San Bernardino,071,2135413,84943,76134,999,77133,1188
2020-11-17,San Diego,073,3302833,73178,66321,2453,68774,933
2020-11-17,San Francisco,075,870044,14605,13952,83,14035,153
2020-11-17,San Joaquin,077,732212,25066,23997,402,24399,516
2020-11-17,San Luis Obispo,079,281455,5907,5235,90,5325,34
2020-11-17,San Mateo,081,765935,13535,12491,11,12502,169
2020-11-17,Santa Barbara,083,443738,11055,10597,171,10768,136
2020-11-17,Santa Clara,085,1922200,31998,29013,63,29076,419
2020-11-17,Santa Cruz,087,273765,4056,3548,40,3588,25
2020-11-17,Shasta,089,179085,4557,3457,108,3565,40
2020-11-17,Sierra,091,2930,15,11,0,11,0
2020-11-17,Siskiyou,093,43540,454,333,26,359,0
2020-11-17,Solano,095,438530,9624,8905,50,8955,84
2020-11-17,Sonoma,097,501317,11561,11084,39,11123,155
2020-11-17,Stanislaus,099,539301,20514,19466,1167,20633,425
2020-11-17,Sutter,101,95872,2810,2370,9,2379,12
2020-11-17,Tehama,103,63373,1480,1290,12,1302,7
2020-11-17,Trinity,105,12862,213,83,23,106,0
2020-11-17,Tulare,107,460477,20328,19176,993,20169,305
2020-11-17,Tuolumne,109,53932,834,568,5,573,7
2020-11-17,Ventura,111,848112,18411,16797,530,17327,173
2020-11-17,Yolo,113,214977,4299,3887,13,3900,70
2020-11-17,Yuba,115,75493,1715,1519,9,1528,10
2020-11-16,Alameda,001,1643700,27803,26063,275,26338,436
2020-11-16,Alpine,003,1148,37,12,0,12,0
2020-11-16,Amador,005,37829,457,414,1,415,16
2020-11-16,Butte,007,227075,3778,3490,144,3634,58
2020-11-16,Calaveras,009,45235,413,402,0,402,21
2020-11-16,Colusa,011,21464,654,601,1,602,6
2020-11-16,Contra Costa,013,1133247,22521,21386,123,21509,256
2020-11-16,Del Norte,015,27424,268,225,0,225,2
2020-11-16,El Dorado,017,186661,2063,1694,15,1709,4
2020-11-16,Fresno,019,978130,38762,34593,974,35567,471
2020-11-16,Glenn,021,27897,860,786,25,811,4
2020-11-16,Humboldt,023,135768,784,660,1,661,9
2020-11-16,Imperial,025,180216,14961,14111,35,14146,346
2020-11-16,Inyo,027,18085,283,263,5,268,15
2020-11-16,Kern,029,883053,38057,36049,811,36860,455
2020-11-16,Kings,031,150075,10208,9569,111,9680,85
2020-11-16,Lake,033,64148,862,784,0,784,18
2020-11-16,Lassen,035,31185,1300,1124,3,1127,0
2020-11-16,Los Angeles,037,10098052,356064,338778,4514,343292,7277
2020-11-16,Madera,039,155013,5835,5433,96,5529,54
2020-11-16,Marin,041,260295,7542,7359,24,7383,134
2020-11-16,Mariposa,043,17540,100,86,0,86,2
2020-11-16,Mendocino,045,87422,1321,1209,5,1214,23
2020-11-16,Merced,047,269075,10896,10399,84,10483,162
2020-11-16,Modoc,049,8938,86,71,17,88,0
2020-11-16,Mono,051,14174,477,453,9,462,2
2020-11-16,Monterey,053,433212,13928,13089,196,13285,107
2020-11-16,Napa,055,140530,2838,2536,17,2553,17
2020-11-16,Nevada,057,99092,1056,889,24,913,9
2020-11-16,Orange,059,3164182,70901,65396,2113,67509,1519
2020-11-16,Placer,061,380077,6059,5387,87,5474,63
2020-11-16,Plumas,063,18699,168,127,0,127,0
2020-11-16,Riverside,065,2383286,81350,76449,1174,77623,1379
2020-11-16,Sacramento,067,1510023,33197,30954,70,31024,534
2020-11-16,San Benito,069,59416,1697,1603,3,1606,15
2020-11-16,San Bernardino,071,2135413,83115,74401,930,75331,1186
2020-11-16,San Diego,073,3302833,71867,65603,2381,67984,926
2020-11-16,San Francisco,075,870044,14446,13847,80,13927,153
2020-11-16,San Joaquin,077,732212,24778,23515,393,23908,513
2020-11-16,San Luis Obispo,079,281455,5804,5161,85,5246,34
2020-11-16,San Mateo,081,765935,13375,12398,11,12409,169
2020-11-16,Santa Barbara,083,443738,10991,10565,167,10732,135
2020-11-16,Santa Clara,085,1922200,31432,28673,62,28735,419
2020-11-16,Santa Cruz,087,273765,3983,3520,40,3560,25
2020-11-16,Shasta,089,179085,4409,3284,103,3387,37
2020-11-16,Sierra,091,2930,15,11,0,11,0
2020-11-16,Siskiyou,093,43540,427,294,26,320,0
2020-11-16,Solano,095,438530,9425,8827,50,8877,84
2020-11-16,Sonoma,097,501317,11470,10961,38,10999,155
2020-11-16,Stanislaus,099,539301,20278,19333,1140,20473,425
2020-11-16,Sutter,101,95872,2704,2322,9,2331,12
2020-11-16,Tehama,103,63373,1435,1261,8,1269,7
2020-11-16,Trinity,105,12862,201,67,23,90,0
2020-11-16,Tulare,107,460477,20149,18891,939,19830,305
2020-11-16,Tuolumne,109,53932,798,543,5,548,7
2020-11-16,Ventura,111,848112,18073,16691,522,17213,172
2020-11-16,Yolo,113,214977,4203,3858,13,3871,70
2020-11-16,Yuba,115,75493,1679,1500,8,1508,10
2020-11-15,Alameda,001,1643700,27485,25879,269,26148,436
2020-11-15,Alpine,003,1148,35,12,0,12,0
2020-11-15,Amador,005,37829,445,409,1,410,16
2020-11-15,Butte,007,227075,3724,3452,135,3587,58
2020-11-15,Calaveras,009,45235,399,386,0,386,21
2020-11-15,Colusa,011,21464,645,601,1,602,6
2020-11-15,Contra Costa,013,1133247,22222,21179,122,21301,256
2020-11-15,Del Norte,015,27424,253,224,0,224,2
2020-11-15,El Dorado,017,186661,2001,1683,14,1697,4
2020-11-15,Fresno,019,978130,38248,34297,936,35233,471
2020-11-15,Glenn,021,27897,848,783,24,807,4
2020-11-15,Humboldt,023,135768,755,653,1,654,9
2020-11-15,Imperial,025,180216,14724,13940,35,13975,346
2020-11-15,Inyo,027,18085,273,263,5,268,15
2020-11-15,Kern,029,883053,37652,35911,776,36687,455
2020-11-15,Kings,031,150075,10015,9533,107,9640,85
2020-11-15,Lake,033,64148,853,777,0,777,17
2020-11-15,Lassen,035,31185,1253,1124,3,1127,0
2020-11-15,Los Angeles,037,10098052,351022,336035,4342,340377,7271
2020-11-15,Madera,039,155013,5738,5391,90,5481,54
2020-11-15,Marin,041,260295,7516,7347,24,7371,133
2020-11-15,Mariposa,043,17540,97,86,0,86,2
2020-11-15,Mendocino,045,87422,1302,1197,5,1202,22
2020-11-15,Merced,047,269075,10763,10350,84,10434,162
2020-11-15,Modoc,049,8938,85,68,17,85,0
2020-11-15,Mono,051,14174,475,453,9,462,2
2020-11-15,Monterey,053,433212,13731,12999,183,13182,107
2020-11-15,Napa,055,140530,2779,2509,15,2524,17
2020-11-15,Nevada,057,99092,1001,859,24,883,9
2020-11-15,Orange,059,3164182,69860,65008,2097,67105,1519
2020-11-15,Placer,061,380077,5904,5330,79,5409,63
2020-11-15,Plumas,063,18699,162,127,0,127,0
2020-11-15,Riverside,065,2383286,80026,75531,1115,76646,1374
2020-11-15,Sacramento,067,1510023,32571,30601,65,30666,534
2020-11-15,San Benito,069,59416,1672,1589,2,1591,15
2020-11-15,San Bernardino,071,2135413,80961,73769,855,74624,1185
2020-11-15,San Diego,073,3302833,70366,64770,2324,67094,926
2020-11-15,San Francisco,075,870044,14270,13757,79,13836,153
2020-11-15,San Joaquin,077,732212,24568,23516,377,23893,513
2020-11-15,San Luis Obispo,079,281455,5681,5120,83,5203,34
2020-11-15,San Mateo,081,765935,13198,12348,11,12359,169
2020-11-15,Santa Barbara,083,443738,10896,10516,165,10681,135
2020-11-15,Santa Clara,085,1922200,30978,28289,61,28350,418
2020-11-15,Santa Cruz,087,273765,3845,3439,39,3478,25
2020-11-15,Shasta,089,179085,4236,3290,94,3384,37
2020-11-15,Sierra,091,2930,15,11,0,11,0
2020-11-15,Siskiyou,093,43540,408,294,26,320,0
2020-11-15,Solano,095,438530,9264,8713,47,8760,84
2020-11-15,Sonoma,097,501317,11350,10833,37,10870,154
2020-11-15,Stanislaus,099,539301,20006,19228,1115,20343,425
2020-11-15,Sutter,101,95872,2614,2230,9,2239,12
2020-11-15,Tehama,103,63373,1384,1222,7,1229,7
2020-11-15,Trinity,105,12862,191,67,21,88,0
2020-11-15,Tulare,107,460477,19932,18891,886,19777,305
2020-11-15,Tuolumne,109,53932,756,486,5,491,7
2020-11-15,Ventura,111,848112,17799,16564,514,17078,172
2020-11-15,Yolo,113,214977,4100,3819,12,3831,67
2020-11-15,Yuba,115,75493,1638,1470,7,1477,10
2020-11-14,Alameda,001,1643700,27218,25714,267,25981,435
2020-11-14,Alpine,003,1148,35,12,0,12,0
2020-11-14,Amador,005,37829,436,404,0,404,16
2020-11-14,Butte,007,227075,3688,3434,121,3555,58
2020-11-14,Calaveras,009,45235,398,386,0,386,21
2020-11-14,Colusa,011,21464,633,601,1,602,6
2020-11-14,Contra Costa,013,1133247,22083,20975,115,21090,256
2020-11-14,Del Norte,015,27424,247,219,0,219,2
2020-11-14,El Dorado,017,186661,1957,1648,14,1662,4
2020-11-14,Fresno,019,978130,37998,33969,899,34868,471
2020-11-14,Glenn,021,27897,839,772,21,793,3
2020-11-14,Humboldt,023,135768,740,643,1,644,9
2020-11-14,Imperial,025,180216,14631,13932,34,13966,346
2020-11-14,Inyo,027,18085,272,263,5,268,15
2020-11-14,Kern,029,883053,37443,35626,757,36383,454
2020-11-14,Kings,031,150075,9980,9490,104,9594,85
2020-11-14,Lake,033,64148,844,773,0,773,17
2020-11-14,Lassen,035,31185,1239,833,3,836,0
2020-11-14,Los Angeles,037,10098052,348314,333021,4233,337254,7269
2020-11-14,Madera,039,155013,5708,5371,88,5459,54
2020-11-14,Marin,041,260295,7500,7325,24,7349,133
2020-11-14,Mariposa,043,17540,96,86,0,86,2
2020-11-14,Mendocino,045,87422,1286,1181,5,1186,22
2020-11-14,Merced,047,269075,10707,10286,82,10368,161
2020-11-14,Modoc,049,8938,84,64,16,80,0
2020-11-14,Mono,051,14174,475,453,9,462,2
2020-11-14,Monterey,053,433212,13635,12854,173,13027,105
2020-11-14,Napa,055,140530,2745,2473,15,2488,17
2020-11-14,Nevada,057,99092,985,835,24,859,9
2020-11-14,Orange,059,3164182,69239,64340,2086,66426,1517
2020-11-14,Placer,061,380077,5828,5215,73,5288,63
2020-11-14,Plumas,063,18699,157,128,0,128,0
2020-11-14,Riverside,065,2383286,79285,74910,1075,75985,1373
2020-11-14,Sacramento,067,1510023,32245,30298,65,30363,532
2020-11-14,San Benito,069,59416,1657,1573,2,1575,15
2020-11-14,San Bernardino,071,2135413,80027,72868,823,73691,1184
2020-11-14,San Diego,073,3302833,69601,63715,2272,65987,926
2020-11-14,San Francisco,075,870044,14182,13661,78,13739,153
2020-11-14,San Joaquin,077,732212,24477,23516,369,23885,511
2020-11-14,San Luis Obispo,079,281455,5617,5073,78,5151,34
2020-11-14,San Mateo,081,765935,13090,12293,11,12304,169
2020-11-14,Santa Barbara,083,443738,10842,10482,163,10645,135
2020-11-14,Santa Clara,085,1922200,30693,27962,59,28021,416
2020-11-14,Santa Cruz,087,273765,3790,3402,39,3441,25
2020-11-14,Shasta,089,179085,4155,3195,92,3287,37
2020-11-14,Sierra,091,2930,15,11,0,11,0
2020-11-14,Siskiyou,093,43540,395,292,26,318,0
2020-11-14,Solano,095,438530,9184,8655,46,8701,84
2020-11-14,Sonoma,097,501317,11297,10769,37,10806,154
2020-11-14,Stanislaus,099,539301,19863,19068,1093,20161,424
2020-11-14,Sutter,101,95872,2569,2182,9,2191,12
2020-11-14,Tehama,103,63373,1363,1206,6,1212,7
2020-11-14,Trinity,105,12862,186,67,21,88,0
2020-11-14,Tulare,107,460477,19837,18853,858,19711,305
2020-11-14,Tuolumne,109,53932,728,448,5,453,7
2020-11-14,Ventura,111,848112,17653,16297,503,16800,172
2020-11-14,Yolo,113,214977,4057,3765,10,3775,65
2020-11-14,Yuba,115,75493,1609,1453,7,1460,10
2020-11-13,Alameda,001,1643700,27002,25515,262,25777,434
2020-11-13,Alpine,003,1148,35,12,0,12,0
2020-11-13,Amador,005,37829,433,397,0,397,16
2020-11-13,Butte,007,227075,3664,3402,112,3514,58
2020-11-13,Calaveras,009,45235,394,378,0,378,21
2020-11-13,Colusa,011,21464,625,598,1,599,6
2020-11-13,Contra Costa,013,1133247,21910,20799,115,20914,256
2020-11-13,Del Norte,015,27424,244,208,0,208,2
2020-11-13,El Dorado,017,186661,1912,1611,13,1624,4
2020-11-13,Fresno,019,978130,37751,33693,885,34578,470
2020-11-13,Glenn,021,27897,825,755,17,772,3
2020-11-13,Humboldt,023,135768,725,638,1,639,9
2020-11-13,Imperial,025,180216,14561,13790,33,13823,341
2020-11-13,Inyo,027,18085,271,262,5,267,15
2020-11-13,Kern,029,883053,37241,35431,740,36171,453
2020-11-13,Kings,031,150075,9921,9428,103,9531,85
2020-11-13,Lake,033,64148,838,770,0,770,17
2020-11-13,Lassen,035,31185,1230,832,3,835,0
2020-11-13,Los Angeles,037,10098052,345188,329364,4126,333490,7248
2020-11-13,Madera,039,155013,5668,5340,87,5427,54
2020-11-13,Marin,041,260295,7487,7307,23,7330,133
2020-11-13,Mariposa,043,17540,94,86,0,86,2
2020-11-13,Mendocino,045,87422,1274,1173,5,1178,22
2020-11-13,Merced,047,269075,10651,10185,79,10264,159
2020-11-13,Modoc,049,8938,84,63,14,77,0
2020-11-13,Mono,051,14174,475,448,8,456,2
2020-11-13,Monterey,053,433212,13439,12681,161,12842,104
2020-11-13,Napa,055,140530,2706,2440,15,2455,17
2020-11-13,Nevada,057,99092,966,798,24,822,9
2020-11-13,Orange,059,3164182,68640,63804,2066,65870,1514
2020-11-13,Placer,061,380077,5723,5122,67,5189,63
2020-11-13,Plumas,063,18699,151,125,0,125,0
2020-11-13,Riverside,065,2383286,78546,74138,1046,75184,1372
2020-11-13,Sacramento,067,1510023,31927,29787,60,29847,524
2020-11-13,San Benito,069,59416,1645,1553,1,1554,15
2020-11-13,San Bernardino,071,2135413,78979,71895,802,72697,1184
2020-11-13,San Diego,073,3302833,68754,62978,2234,65212,921
2020-11-13,San Francisco,075,870044,14089,13516,76,13592,146
2020-11-13,San Joaquin,077,732212,24382,23314,363,23677,510
2020-11-13,San Luis Obispo,079,281455,5550,4960,75,5035,34
2020-11-13,San Mateo,081,765935,12996,12182,11,12193,169
2020-11-13,Santa Barbara,083,443738,10790,10405,161,10566,134
2020-11-13,Santa Clara,085,1922200,30366,27609,57,27666,415
2020-11-13,Santa Cruz,087,273765,3717,3343,39,3382,25
2020-11-13,Shasta,089,179085,4071,2983,88,3071,37
2020-11-13,Sierra,091,2930,15,11,0,11,0
2020-11-13,Siskiyou,093,43540,390,280,25,305,0
2020-11-13,Solano,095,438530,9093,8525,46,8571,84
2020-11-13,Sonoma,097,501317,11236,10685,35,10720,151
2020-11-13,Stanislaus,099,539301,19738,18936,1065,20001,422
2020-11-13,Sutter,101,95872,2523,2121,8,2129,12
2020-11-13,Tehama,103,63373,1335,1167,6,1173,7
2020-11-13,Trinity,105,12862,184,64,21,85,0
2020-11-13,Tulare,107,460477,19713,18714,817,19531,305
2020-11-13,Tuolumne,109,53932,695,427,5,432,7
2020-11-13,Ventura,111,848112,17507,16172,489,16661,171
2020-11-13,Yolo,113,214977,4006,3716,10,3726,65
2020-11-13,Yuba,115,75493,1582,1435,7,1442,10
2020-11-12,Alameda,001,1643700,26735,25345,262,25607,432
2020-11-12,Alpine,003,1148,34,12,0,12,0
2020-11-12,Amador,005,37829,432,392,0,392,16
2020-11-12,Butte,007,227075,3615,3347,109,3456,58
2020-11-12,Calaveras,009,45235,389,373,0,373,21
2020-11-12,Colusa,011,21464,620,591,1,592,6
2020-11-12,Contra Costa,013,1133247,21703,20619,113,20732,255
2020-11-12,Del Norte,015,27424,237,203,0,203,2
2020-11-12,El Dorado,017,186661,1866,1573,9,1582,4
2020-11-12,Fresno,019,978130,37402,33459,843,34302,468
2020-11-12,Glenn,021,27897,806,727,17,744,3
2020-11-12,Humboldt,023,135768,712,625,1,626,9
2020-11-12,Imperial,025,180216,14396,13619,32,13651,341
2020-11-12,Inyo,027,18085,270,255,5,260,15
2020-11-12,Kern,029,883053,36977,35207,725,35932,451
2020-11-12,Kings,031,150075,9854,9335,102,9437,85
2020-11-12,Lake,033,64148,829,764,0,764,17
2020-11-12,Lassen,035,31185,1161,832,2,834,0
2020-11-12,Los Angeles,037,10098052,341447,327001,4025,331026,7223
2020-11-12,Madera,039,155013,5633,5273,82,5355,54
2020-11-12,Marin,041,260295,7458,7268,23,7291,133
2020-11-12,Mariposa,043,17540,92,84,0,84,2
2020-11-12,Mendocino,045,87422,1255,1142,5,1147,22
2020-11-12,Merced,047,269075,10537,10107,76,10183,158
2020-11-12,Modoc,049,8938,84,63,14,77,0
2020-11-12,Mono,051,14174,474,442,8,450,2
2020-11-12,Monterey,053,433212,13318,12489,147,12636,100
2020-11-12,Napa,055,140530,2644,2398,15,2413,16
2020-11-12,Nevada,057,99092,943,780,23,803,9
2020-11-12,Orange,059,3164182,67895,63232,2047,65279,1514
2020-11-12,Placer,061,380077,5613,5044,58,5102,62
2020-11-12,Plumas,063,18699,147,121,0,121,0
2020-11-12,Riverside,065,2383286,77613,73381,1003,74384,1362
2020-11-12,Sacramento,067,1510023,31436,29459,53,29512,520
2020-11-12,San Benito,069,59416,1625,1525,1,1526,15
2020-11-12,San Bernardino,071,2135413,77614,70758,763,71521,1183
2020-11-12,San Diego,073,3302833,67774,62336,2183,64519,918
2020-11-12,San Francisco,075,870044,13990,13289,75,13364,146
2020-11-12,San Joaquin,077,732212,24189,23002,342,23344,509
2020-11-12,San Luis Obispo,079,281455,5486,4898,74,4972,33
2020-11-12,San Mateo,081,765935,12872,12086,10,12096,169
2020-11-12,Santa Barbara,083,443738,10728,10325,156,10481,134
2020-11-12,Santa Clara,085,1922200,29990,27261,56,27317,414
2020-11-12,Santa Cruz,087,273765,3634,3317,37,3354,25
2020-11-12,Shasta,089,179085,3934,2825,77,2902,37
2020-11-12,Sierra,091,2930,15,11,0,11,0
2020-11-12,Siskiyou,093,43540,373,275,20,295,0
2020-11-12,Solano,095,438530,8993,8417,45,8462,85
2020-11-12,Sonoma,097,501317,11134,10602,34,10636,151
2020-11-12,Stanislaus,099,539301,19569,18787,1036,19823,422
2020-11-12,Sutter,101,95872,2439,2075,7,2082,12
2020-11-12,Tehama,103,63373,1308,1117,6,1123,7
2020-11-12,Trinity,105,12862,176,62,20,82,0
2020-11-12,Tulare,107,460477,19601,18545,779,19324,305
2020-11-12,Tuolumne,109,53932,656,353,5,358,7
2020-11-12,Ventura,111,848112,17257,16013,483,16496,158
2020-11-12,Yolo,113,214977,3962,3646,10,3656,63
2020-11-12,Yuba,115,75493,1547,1410,7,1417,10
2020-11-11,Alameda,001,1643700,26492,25140,260,25400,429
2020-11-11,Alpine,003,1148,29,12,0,12,0
2020-11-11,Amador,005,37829,425,389,0,389,16
2020-11-11,Butte,007,227075,3589,3348,96,3444,58
2020-11-11,Calaveras,009,45235,379,373,0,373,21
2020-11-11,Colusa,011,21464,614,591,1,592,6
2020-11-11,Contra Costa,013,1133247,21485,20452,111,20563,255
2020-11-11,Del Norte,015,27424,230,203,0,203,2
2020-11-11,El Dorado,017,186661,1820,1564,8,1572,4
2020-11-11,Fresno,019,978130,37083,33287,808,34095,468
2020-11-11,Glenn,021,27897,790,722,16,738,3
2020-11-11,Humboldt,023,135768,698,623,1,624,9
2020-11-11,Imperial,025,180216,14226,13623,30,13653,340
2020-11-11,Inyo,027,18085,268,255,5,260,15
2020-11-11,Kern,029,883053,36702,35014,708,35722,449
2020-11-11,Kings,031,150075,9748,9263,99,9362,85
2020-11-11,Lake,033,64148,819,763,0,763,17
2020-11-11,Lassen,035,31185,1136,831,2,833,0
2020-11-11,Los Angeles,037,10098052,338083,324567,3940,328507,7220
2020-11-11,Madera,039,155013,5598,5248,80,5328,54
2020-11-11,Marin,041,260295,7435,7268,23,7291,133
2020-11-11,Mariposa,043,17540,92,84,0,84,2
2020-11-11,Mendocino,045,87422,1243,1142,5,1147,22
2020-11-11,Merced,047,269075,10466,10074,74,10148,157
2020-11-11,Modoc,049,8938,80,62,13,75,0
2020-11-11,Mono,051,14174,472,443,8,451,2
2020-11-11,Monterey,053,433212,13174,12417,143,12560,100
2020-11-11,Napa,055,140530,2595,2365,12,2377,15
2020-11-11,Nevada,057,99092,901,741,23,764,9
2020-11-11,Orange,059,3164182,67257,62929,2024,64953,1506
2020-11-11,Placer,061,380077,5529,4981,50,5031,60
2020-11-11,Plumas,063,18699,145,111,0,111,0
2020-11-11,Riverside,065,2383286,76709,72953,957,73910,1361
2020-11-11,Sacramento,067,1510023,30979,28968,51,29019,520
2020-11-11,San Benito,069,59416,1611,1512,1,1513,15
2020-11-11,San Bernardino,071,2135413,76327,70374,736,71110,1182
2020-11-11,San Diego,073,3302833,66839,61746,2122,63868,918
2020-11-11,San Francisco,075,870044,13882,13287,74,13361,146
2020-11-11,San Joaquin,077,732212,24029,23001,336,23337,509
2020-11-11,San Luis Obispo,079,281455,5410,4832,71,4903,33
2020-11-11,San Mateo,081,765935,12757,12008,10,12018,169
2020-11-11,Santa Barbara,083,443738,10663,10278,156,10434,134
2020-11-11,Santa Clara,085,1922200,29637,27075,55,27130,413
2020-11-11,Santa Cruz,087,273765,3566,3247,37,3284,25
2020-11-11,Shasta,089,179085,3810,2766,67,2833,36
2020-11-11,Sierra,091,2930,13,11,0,11,0
2020-11-11,Siskiyou,093,43540,342,261,17,278,0
2020-11-11,Solano,095,438530,8875,8353,43,8396,85
2020-11-11,Sonoma,097,501317,11060,10498,34,10532,150
2020-11-11,Stanislaus,099,539301,19432,18671,1006,19677,422
2020-11-11,Sutter,101,95872,2391,2049,6,2055,12
2020-11-11,Tehama,103,63373,1266,1105,5,1110,7
2020-11-11,Trinity,105,12862,165,62,20,82,0
2020-11-11,Tulare,107,460477,19470,18500,748,19248,305
2020-11-11,Tuolumne,109,53932,600,354,4,358,7
2020-11-11,Ventura,111,848112,17042,15801,470,16271,158
2020-11-11,Yolo,113,214977,3911,3606,10,3616,63
2020-11-11,Yuba,115,75493,1532,1400,7,1407,10
2020-11-10,Alameda,001,1643700,26262,25008,257,25265,424
2020-11-10,Alpine,003,1148,29,9,0,9,0
2020-11-10,Amador,005,37829,419,384,0,384,16
2020-11-10,Butte,007,227075,3553,3327,92,3419,58
2020-11-10,Calaveras,009,45235,374,367,0,367,21
2020-11-10,Colusa,011,21464,606,590,1,591,6
2020-11-10,Contra Costa,013,1133247,21278,20326,109,20435,255
2020-11-10,Del Norte,015,27424,224,196,0,196,2
2020-11-10,El Dorado,017,186661,1759,1551,8,1559,4
2020-11-10,Fresno,019,978130,36813,33024,770,33794,465
2020-11-10,Glenn,021,27897,782,719,12,731,3
2020-11-10,Humboldt,023,135768,681,610,1,611,9
2020-11-10,Imperial,025,180216,14097,13570,30,13600,338
2020-11-10,Inyo,027,18085,267,252,5,257,14
2020-11-10,Kern,029,883053,36425,34858,689,35547,448
2020-11-10,Kings,031,150075,9701,9236,92,9328,85
2020-11-10,Lake,033,64148,809,762,0,762,16
2020-11-10,Lassen,035,31185,1121,830,2,832,0
2020-11-10,Los Angeles,037,10098052,334831,322569,3826,326395,7205
2020-11-10,Madera,039,155013,5556,5229,74,5303,54
2020-11-10,Marin,041,260295,7416,7259,23,7282,133
2020-11-10,Mariposa,043,17540,90,84,0,84,2
2020-11-10,Mendocino,045,87422,1235,1137,5,1142,22
2020-11-10,Merced,047,269075,10404,9992,68,10060,157
2020-11-10,Modoc,049,8938,78,61,13,74,0
2020-11-10,Mono,051,14174,470,443,8,451,2
2020-11-10,Monterey,053,433212,13036,12335,135,12470,100
2020-11-10,Napa,055,140530,2557,2341,10,2351,15
2020-11-10,Nevada,057,99092,885,734,23,757,9
2020-11-10,Orange,059,3164182,66706,62597,2014,64611,1504
2020-11-10,Placer,061,380077,5449,4902,49,4951,60
2020-11-10,Plumas,063,18699,141,108,0,108,0
2020-11-10,Riverside,065,2383286,76067,72316,930,73246,1359
2020-11-10,Sacramento,067,1510023,30572,28677,48,28725,519
2020-11-10,San Benito,069,59416,1596,1508,1,1509,15
2020-11-10,San Bernardino,071,2135413,75157,69666,703,70369,1182
2020-11-10,San Diego,073,3302833,65948,61085,2085,63170,915
2020-11-10,San Francisco,075,870044,13765,13210,74,13284,146
2020-11-10,San Joaquin,077,732212,23864,22865,329,23194,508
2020-11-10,San Luis Obispo,079,281455,5347,4780,68,4848,33
2020-11-10,San Mateo,081,765935,12656,11939,10,11949,169
2020-11-10,Santa Barbara,083,443738,10596,10252,152,10404,134
2020-11-10,Santa Clara,085,1922200,29293,26917,54,26971,409
2020-11-10,Santa Cruz,087,273765,3502,3221,37,3258,25
2020-11-10,Shasta,089,179085,3667,2686,59,2745,36
2020-11-10,Sierra,091,2930,12,10,0,10,0
2020-11-10,Siskiyou,093,43540,326,263,16,279,0
2020-11-10,Solano,095,438530,8777,8299,43,8342,85
2020-11-10,Sonoma,097,501317,10973,10414,34,10448,150
2020-11-10,Stanislaus,099,539301,19298,18592,982,19574,420
2020-11-10,Sutter,101,95872,2296,2035,5,2040,12
2020-11-10,Tehama,103,63373,1240,1099,4,1103,7
2020-11-10,Trinity,105,12862,156,62,18,80,0
2020-11-10,Tulare,107,460477,19355,18430,724,19154,305
2020-11-10,Tuolumne,109,53932,552,353,4,357,7
2020-11-10,Ventura,111,848112,16859,15625,468,16093,158
2020-11-10,Yolo,113,214977,3850,3573,10,3583,63
2020-11-10,Yuba,115,75493,1509,1392,7,1399,10
2020-11-09,Alameda,001,1643700,26013,24899,253,25152,424
2020-11-09,Alpine,003,1148,27,6,0,6,0
2020-11-09,Amador,005,37829,410,380,0,380,16
2020-11-09,Butte,007,227075,3508,3301,83,3384,57
2020-11-09,Calaveras,009,45235,370,360,0,360,21
2020-11-09,Colusa,011,21464,600,583,1,584,6
2020-11-09,Contra Costa,013,1133247,21105,20193,107,20300,255
2020-11-09,Del Norte,015,27424,218,195,0,195,2
2020-11-09,El Dorado,017,186661,1718,1515,8,1523,4
2020-11-09,Fresno,019,978130,36502,32755,729,33484,465
2020-11-09,Glenn,021,27897,776,714,9,723,3
2020-11-09,Humboldt,023,135768,668,607,1,608,9
2020-11-09,Imperial,025,180216,13980,13508,29,13537,338
2020-11-09,Inyo,027,18085,267,252,5,257,14
2020-11-09,Kern,029,883053,36194,34764,653,35417,448
2020-11-09,Kings,031,150075,9631,9141,90,9231,84
2020-11-09,Lake,033,64148,800,755,0,755,16
2020-11-09,Lassen,035,31185,1025,799,2,801,0
2020-11-09,Los Angeles,037,10098052,331734,320370,3750,324120,7180
2020-11-09,Madera,039,155013,5510,5209,71,5280,54
2020-11-09,Marin,041,260295,7390,7237,22,7259,131
2020-11-09,Mariposa,043,17540,90,84,0,84,2
2020-11-09,Mendocino,045,87422,1223,1132,5,1137,22
2020-11-09,Merced,047,269075,10301,9922,65,9987,157
2020-11-09,Modoc,049,8938,74,54,12,66,0
2020-11-09,Mono,051,14174,467,352,8,360,2
2020-11-09,Monterey,053,433212,12889,12148,126,12274,98
2020-11-09,Napa,055,140530,2514,2309,10,2319,15
2020-11-09,Nevada,057,99092,848,729,22,751,9
2020-11-09,Orange,059,3164182,66065,62335,2002,64337,1501
2020-11-09,Placer,061,380077,5364,4843,37,4880,60
2020-11-09,Plumas,063,18699,134,102,0,102,0
2020-11-09,Riverside,065,2383286,75283,72059,896,72955,1346
2020-11-09,Sacramento,067,1510023,30101,28200,48,28248,516
2020-11-09,San Benito,069,59416,1587,1506,1,1507,15
2020-11-09,San Bernardino,071,2135413,74103,69015,661,69676,1182
2020-11-09,San Diego,073,3302833,65093,60572,2045,62617,908
2020-11-09,San Francisco,075,870044,13645,12984,71,13055,146
2020-11-09,San Joaquin,077,732212,23699,22512,324,22836,505
2020-11-09,San Luis Obispo,079,281455,5260,4746,66,4812,32
2020-11-09,San Mateo,081,765935,12549,11857,10,11867,169
2020-11-09,Santa Barbara,083,443738,10539,10214,146,10360,134
2020-11-09,Santa Clara,085,1922200,28898,26693,54,26747,409
2020-11-09,Santa Cruz,087,273765,3444,3194,37,3231,25
2020-11-09,Shasta,089,179085,3513,2581,50,2631,36
2020-11-09,Sierra,091,2930,10,10,0,10,0
2020-11-09,Siskiyou,093,43540,315,257,14,271,0
2020-11-09,Solano,095,438530,8661,8254,42,8296,85
2020-11-09,Sonoma,097,501317,10865,10310,34,10344,150
2020-11-09,Stanislaus,099,539301,19145,18482,965,19447,418
2020-11-09,Sutter,101,95872,2229,2010,4,2014,12
2020-11-09,Tehama,103,63373,1204,1071,3,1074,7
2020-11-09,Trinity,105,12862,149,46,18,64,0
2020-11-09,Tulare,107,460477,19235,18272,692,18964,304
2020-11-09,Tuolumne,109,53932,498,346,4,350,7
2020-11-09,Ventura,111,848112,16657,15568,465,16033,156
2020-11-09,Yolo,113,214977,3790,3522,9,3531,62
2020-11-09,Yuba,115,75493,1476,1380,7,1387,10
2020-11-08,Alameda,001,1643700,25783,24731,253,24984,424
2020-11-08,Alpine,003,1148,24,6,0,6,0
2020-11-08,Amador,005,37829,403,376,0,376,16
2020-11-08,Butte,007,227075,3470,3285,76,3361,57
2020-11-08,Calaveras,009,45235,368,360,0,360,21
2020-11-08,Colusa,011,21464,597,583,1,584,6
2020-11-08,Contra Costa,013,1133247,20935,20031,105,20136,254
2020-11-08,Del Norte,015,27424,210,195,0,195,2
2020-11-08,El Dorado,017,186661,1680,1502,8,1510,4
2020-11-08,Fresno,019,978130,36166,32619,691,33310,465
2020-11-08,Glenn,021,27897,770,707,8,715,3
2020-11-08,Humboldt,023,135768,652,605,1,606,9
2020-11-08,Imperial,025,180216,13864,13428,29,13457,338
2020-11-08,Inyo,027,18085,263,252,5,257,14
2020-11-08,Kern,029,883053,35975,34644,636,35280,448
2020-11-08,Kings,031,150075,9498,9026,87,9113,84
2020-11-08,Lake,033,64148,792,754,0,754,16
2020-11-08,Lassen,035,31185,877,799,2,801,0
2020-11-08,Los Angeles,037,10098052,328608,318960,3682,322642,7176
2020-11-08,Madera,039,155013,5441,5196,68,5264,54
2020-11-08,Marin,041,260295,7370,7227,22,7249,131
2020-11-08,Mariposa,043,17540,90,83,0,83,2
2020-11-08,Mendocino,045,87422,1214,1129,5,1134,22
2020-11-08,Merced,047,269075,10226,9885,63,9948,157
2020-11-08,Modoc,049,8938,70,54,12,66,0
2020-11-08,Mono,051,14174,461,352,8,360,2
2020-11-08,Monterey,053,433212,12744,12122,115,12237,98
2020-11-08,Napa,055,140530,2474,2274,10,2284,15
2020-11-08,Nevada,057,99092,832,715,22,737,9
2020-11-08,Orange,059,3164182,65476,62034,1988,64022,1501
2020-11-08,Placer,061,380077,5261,4800,32,4832,60
2020-11-08,Plumas,063,18699,129,102,0,102,0
2020-11-08,Riverside,065,2383286,74628,71442,854,72296,1345
2020-11-08,Sacramento,067,1510023,29541,28059,45,28104,515
2020-11-08,San Benito,069,59416,1572,1496,1,1497,15
2020-11-08,San Bernardino,071,2135413,72852,68412,622,69034,1182
2020-11-08,San Diego,073,3302833,64248,60199,2001,62200,908
2020-11-08,San Francisco,075,870044,13514,12985,66,13051,146
2020-11-08,San Joaquin,077,732212,23505,22514,320,22834,505
2020-11-08,San Luis Obispo,079,281455,5194,4698,61,4759,32
2020-11-08,San Mateo,081,765935,12430,11783,10,11793,169
2020-11-08,Santa Barbara,083,443738,10469,10180,144,10324,134
2020-11-08,Santa Clara,085,1922200,28524,26442,53,26495,410
2020-11-08,Santa Cruz,087,273765,3387,3134,37,3171,25
2020-11-08,Shasta,089,179085,3377,2582,44,2626,36
2020-11-08,Sierra,091,2930,10,7,0,7,0
2020-11-08,Siskiyou,093,43540,303,246,13,259,0
2020-11-08,Solano,095,438530,8540,8132,41,8173,85
2020-11-08,Sonoma,097,501317,10758,10229,34,10263,149
2020-11-08,Stanislaus,099,539301,18970,18413,944,19357,418
2020-11-08,Sutter,101,95872,2171,1980,4,1984,12
2020-11-08,Tehama,103,63373,1180,1054,3,1057,7
2020-11-08,Trinity,105,12862,146,46,17,63,0
2020-11-08,Tulare,107,460477,19092,18272,662,18934,304
2020-11-08,Tuolumne,109,53932,471,341,4,345,7
2020-11-08,Ventura,111,848112,16462,15504,457,15961,156
2020-11-08,Yolo,113,214977,3729,3492,9,3501,61
2020-11-08,Yuba,115,75493,1455,1369,7,1376,10
2020-11-07,Alameda,001,1643700,25673,24578,251,24829,424
2020-11-07,Alpine,003,1148,24,6,0,6,0
2020-11-07,Amador,005,37829,400,375,0,375,16
2020-11-07,Butte,007,227075,3458,3277,71,3348,57
2020-11-07,Calaveras,009,45235,366,360,0,360,21
2020-11-07,Colusa,011,21464,597,583,1,584,6
2020-11-07,Contra Costa,013,1133247,20834,19943,104,20047,254
2020-11-07,Del Norte,015,27424,206,194,0,194,2
2020-11-07,El Dorado,017,186661,1655,1495,7,1502,4
2020-11-07,Fresno,019,978130,36012,32497,668,33165,465
2020-11-07,Glenn,021,27897,762,707,8,715,3
2020-11-07,Humboldt,023,135768,641,590,1,591,9
2020-11-07,Imperial,025,180216,13806,13388,28,13416,338
2020-11-07,Inyo,027,18085,261,252,5,257,14
2020-11-07,Kern,029,883053,35820,34513,626,35139,448
2020-11-07,Kings,031,150075,9465,9005,81,9086,84
2020-11-07,Lake,033,64148,788,751,0,751,16
2020-11-07,Lassen,035,31185,861,799,2,801,0
2020-11-07,Los Angeles,037,10098052,327100,316756,3614,320370,7174
2020-11-07,Madera,039,155013,5419,5177,66,5243,54
2020-11-07,Marin,041,260295,7359,7215,22,7237,131
2020-11-07,Mariposa,043,17540,90,81,0,81,2
2020-11-07,Mendocino,045,87422,1203,1118,5,1123,22
2020-11-07,Merced,047,269075,10194,9855,59,9914,157
2020-11-07,Modoc,049,8938,70,51,12,63,0
2020-11-07,Mono,051,14174,458,352,8,360,2
2020-11-07,Monterey,053,433212,12675,12030,111,12141,98
2020-11-07,Napa,055,140530,2444,2260,9,2269,15
2020-11-07,Nevada,057,99092,815,710,22,732,9
2020-11-07,Orange,059,3164182,65190,62038,1982,64020,1505
2020-11-07,Placer,061,380077,5198,4745,32,4777,60
2020-11-07,Plumas,063,18699,127,94,0,94,0
2020-11-07,Riverside,065,2383286,74233,71153,826,71979,1345
2020-11-07,Sacramento,067,1510023,29290,27773,45,27818,515
2020-11-07,San Benito,069,59416,1560,1489,1,1490,15
2020-11-07,San Bernardino,071,2135413,72337,67935,611,68546,1182
2020-11-07,San Diego,073,3302833,63736,59682,1969,61651,909
2020-11-07,San Francisco,075,870044,13453,12980,65,13045,146
2020-11-07,San Joaquin,077,732212,23396,22517,314,22831,505
2020-11-07,San Luis Obispo,079,281455,5145,4668,58,4726,32
2020-11-07,San Mateo,081,765935,12367,11711,10,11721,169
2020-11-07,Santa Barbara,083,443738,10427,10157,142,10299,134
2020-11-07,Santa Clara,085,1922200,28319,26244,52,26296,410
2020-11-07,Santa Cruz,087,273765,3349,3130,37,3167,25
2020-11-07,Shasta,089,179085,3310,2547,42,2589,36
2020-11-07,Sierra,091,2930,10,7,0,7,0
2020-11-07,Siskiyou,093,43540,299,241,13,254,0
2020-11-07,Solano,095,438530,8488,8066,41,8107,85
2020-11-07,Sonoma,097,501317,10712,10200,34,10234,149
2020-11-07,Stanislaus,099,539301,18861,18386,927,19313,418
2020-11-07,Sutter,101,95872,2131,1973,4,1977,12
2020-11-07,Tehama,103,63373,1156,1043,3,1046,7
2020-11-07,Trinity,105,12862,146,42,16,58,0
2020-11-07,Tulare,107,460477,19036,18229,645,18874,304
2020-11-07,Tuolumne,109,53932,460,327,4,331,7
2020-11-07,Ventura,111,848112,16402,15364,452,15816,156
2020-11-07,Yolo,113,214977,3698,3486,9,3495,61
2020-11-07,Yuba,115,75493,1440,1349,7,1356,10
2020-11-06,Alameda,001,1643700,25541,24389,249,24638,420
2020-11-06,Alpine,003,1148,24,6,0,6,0
2020-11-06,Amador,005,37829,398,369,0,369,16
2020-11-06,Butte,007,227075,3433,3254,63,3317,57
2020-11-06,Calaveras,009,45235,365,359,0,359,21
2020-11-06,Colusa,011,21464,595,580,1,581,6
2020-11-06,Contra Costa,013,1133247,20685,19744,104,19848,252
2020-11-06,Del Norte,015,27424,203,194,0,194,2
2020-11-06,El Dorado,017,186661,1629,1475,7,1482,4
2020-11-06,Fresno,019,978130,35824,32278,651,32929,460
2020-11-06,Glenn,021,27897,756,707,7,714,3
2020-11-06,Humboldt,023,135768,638,587,1,588,9
2020-11-06,Imperial,025,180216,13753,13230,28,13258,338
2020-11-06,Inyo,027,18085,259,246,5,251,14
2020-11-06,Kern,029,883053,35655,34360,608,34968,443
2020-11-06,Kings,031,150075,9441,8883,79,8962,83
2020-11-06,Lake,033,64148,787,741,0,741,16
2020-11-06,Lassen,035,31185,853,794,2,796,0
2020-11-06,Los Angeles,037,10098052,325127,314356,3561,317917,7160
2020-11-06,Madera,039,155013,5403,5136,65,5201,54
2020-11-06,Marin,041,260295,7338,7184,22,7206,131
2020-11-06,Mariposa,043,17540,89,79,0,79,2
2020-11-06,Mendocino,045,87422,1198,1113,5,1118,22
2020-11-06,Merced,047,269075,10154,9778,56,9834,157
2020-11-06,Modoc,049,8938,70,48,12,60,0
2020-11-06,Mono,051,14174,452,308,8,316,1
2020-11-06,Monterey,053,433212,12558,11914,110,12024,96
2020-11-06,Napa,055,140530,2419,2189,9,2198,15
2020-11-06,Nevada,057,99092,802,692,21,713,9
2020-11-06,Orange,059,3164182,64887,61049,1972,63021,1494
2020-11-06,Placer,061,380077,5125,4680,32,4712,60
2020-11-06,Plumas,063,18699,122,90,0,90,0
2020-11-06,Riverside,065,2383286,73783,70409,785,71194,1341
2020-11-06,Sacramento,067,1510023,28998,27489,43,27532,514
2020-11-06,San Benito,069,59416,1551,1479,1,1480,15
2020-11-06,San Bernardino,071,2135413,71741,66740,590,67330,1179
2020-11-06,San Diego,073,3302833,63212,59143,1937,61080,907
2020-11-06,San Francisco,075,870044,13383,12825,64,12889,146
2020-11-06,San Joaquin,077,732212,23311,22424,304,22728,502
2020-11-06,San Luis Obispo,079,281455,5080,4531,52,4583,32
2020-11-06,San Mateo,081,765935,12292,11587,10,11597,168
2020-11-06,Santa Barbara,083,443738,10391,10118,137,10255,133
2020-11-06,Santa Clara,085,1922200,28077,25831,52,25883,402
2020-11-06,Santa Cruz,087,273765,3312,3063,37,3100,25
2020-11-06,Shasta,089,179085,3237,2475,41,2516,35
2020-11-06,Sierra,091,2930,9,7,0,7,0
2020-11-06,Siskiyou,093,43540,286,237,12,249,0
2020-11-06,Solano,095,438530,8423,7959,41,8000,85
2020-11-06,Sonoma,097,501317,10662,10142,34,10176,149
2020-11-06,Stanislaus,099,539301,18773,18250,918,19168,417
2020-11-06,Sutter,101,95872,2104,1937,2,1939,12
2020-11-06,Tehama,103,63373,1135,1024,3,1027,6
2020-11-06,Trinity,105,12862,143,41,16,57,0
2020-11-06,Tulare,107,460477,18972,18136,620,18756,300
2020-11-06,Tuolumne,109,53932,439,316,4,320,5
2020-11-06,Ventura,111,848112,16316,15222,449,15671,154
2020-11-06,Yolo,113,214977,3669,3420,9,3429,62
2020-11-06,Yuba,115,75493,1427,1335,7,1342,10
2020-11-05,Alameda,001,1643700,25363,24270,249,24519,420
2020-11-05,Alpine,003,1148,24,6,0,6,0
2020-11-05,Amador,005,37829,395,363,0,363,16
2020-11-05,Butte,007,227075,3410,3239,57,3296,57
2020-11-05,Calaveras,009,45235,358,333,0,333,19
2020-11-05,Colusa,011,21464,591,574,1,575,6
2020-11-05,Contra Costa,013,1133247,20503,19656,102,19758,252
2020-11-05,Del Norte,015,27424,201,192,0,192,2
2020-11-05,El Dorado,017,186661,1605,1466,7,1473,4
2020-11-05,Fresno,019,978130,35581,32056,626,32682,460
2020-11-05,Glenn,021,27897,736,702,7,709,3
2020-11-05,Humboldt,023,135768,627,581,1,582,9
2020-11-05,Imperial,025,180216,13661,13178,27,13205,337
2020-11-05,Inyo,027,18085,259,247,5,252,14
2020-11-05,Kern,029,883053,35453,34232,594,34826,443
2020-11-05,Kings,031,150075,9286,8846,76,8922,83
2020-11-05,Lake,033,64148,783,739,0,739,16
2020-11-05,Lassen,035,31185,822,782,2,784,0
2020-11-05,Los Angeles,037,10098052,322771,312381,3508,315889,7146
2020-11-05,Madera,039,155013,5364,5129,62,5191,54
2020-11-05,Marin,041,260295,7316,7171,22,7193,131
2020-11-05,Mariposa,043,17540,88,79,0,79,2
2020-11-05,Mendocino,045,87422,1186,1112,5,1117,22
2020-11-05,Merced,047,269075,10095,9753,51,9804,155
2020-11-05,Modoc,049,8938,69,47,11,58,0
2020-11-05,Mono,051,14174,450,307,8,315,1
2020-11-05,Monterey,053,433212,12450,11784,106,11890,96
2020-11-05,Napa,055,140530,2392,2158,9,2167,15
2020-11-05,Nevada,057,99092,780,687,20,707,9
2020-11-05,Orange,059,3164182,64440,60740,1962,62702,1484
2020-11-05,Placer,061,380077,5056,4627,27,4654,60
2020-11-05,Plumas,063,18699,114,90,0,90,0
2020-11-05,Riverside,065,2383286,73072,70094,727,70821,1338
2020-11-05,Sacramento,067,1510023,28617,27232,42,27274,512
2020-11-05,San Benito,069,59416,1536,1477,1,1478,15
2020-11-05,San Bernardino,071,2135413,70913,66407,577,66984,1174
2020-11-05,San Diego,073,3302833,62586,58659,1911,60570,904
2020-11-05,San Francisco,075,870044,13271,12726,63,12789,146
2020-11-05,San Joaquin,077,732212,23147,22318,300,22618,502
2020-11-05,San Luis Obispo,079,281455,5013,4459,50,4509,32
2020-11-05,San Mateo,081,765935,12198,11535,10,11545,168
2020-11-05,Santa Barbara,083,443738,10347,10080,134,10214,133
2020-11-05,Santa Clara,085,1922200,27810,25651,52,25703,402
2020-11-05,Santa Cruz,087,273765,3274,3023,37,3060,25
2020-11-05,Shasta,089,179085,3147,2401,40,2441,34
2020-11-05,Sierra,091,2930,9,6,0,6,0
2020-11-05,Siskiyou,093,43540,275,228,12,240,0
2020-11-05,Solano,095,438530,8340,7842,41,7883,85
2020-11-05,Sonoma,097,501317,10550,10064,33,10097,145
2020-11-05,Stanislaus,099,539301,18659,18194,905,19099,417
2020-11-05,Sutter,101,95872,2072,1925,2,1927,12
2020-11-05,Tehama,103,63373,1113,1015,2,1017,6
2020-11-05,Trinity,105,12862,127,41,15,56,0
2020-11-05,Tulare,107,460477,18884,18049,593,18642,301
2020-11-05,Tuolumne,109,53932,410,312,4,316,5
2020-11-05,Ventura,111,848112,16150,15113,438,15551,155
2020-11-05,Yolo,113,214977,3619,3391,9,3400,61
2020-11-05,Yuba,115,75493,1409,1322,7,1329,10
2020-11-04,Alameda,001,1643700,25186,24172,247,24419,418
2020-11-04,Alpine,003,1148,20,5,0,5,0
2020-11-04,Amador,005,37829,392,362,0,362,16
2020-11-04,Butte,007,227075,3384,3218,54,3272,57
2020-11-04,Calaveras,009,45235,355,290,0,290,19
2020-11-04,Colusa,011,21464,589,571,1,572,6
2020-11-04,Contra Costa,013,1133247,20336,19472,99,19571,251
2020-11-04,Del Norte,015,27424,197,188,0,188,2
2020-11-04,El Dorado,017,186661,1590,1448,4,1452,4
2020-11-04,Fresno,019,978130,35348,31952,598,32550,457
2020-11-04,Glenn,021,27897,732,701,6,707,3
2020-11-04,Humboldt,023,135768,618,571,1,572,9
2020-11-04,Imperial,025,180216,13563,13087,27,13114,335
2020-11-04,Inyo,027,18085,258,247,5,252,14
2020-11-04,Kern,029,883053,35298,34027,583,34610,439
2020-11-04,Kings,031,150075,9252,8817,74,8891,83
2020-11-04,Lake,033,64148,776,735,0,735,16
2020-11-04,Lassen,035,31185,817,781,2,783,0
2020-11-04,Los Angeles,037,10098052,320461,310456,3428,313884,7124
2020-11-04,Madera,039,155013,5344,5083,58,5141,54
2020-11-04,Marin,041,260295,7304,7157,22,7179,131
2020-11-04,Mariposa,043,17540,88,79,0,79,2
2020-11-04,Mendocino,045,87422,1168,1089,5,1094,22
2020-11-04,Merced,047,269075,10045,9717,49,9766,153
2020-11-04,Modoc,049,8938,59,47,11,58,0
2020-11-04,Mono,051,14174,447,237,7,244,1
2020-11-04,Monterey,053,433212,12245,11743,100,11843,96
2020-11-04,Napa,055,140530,2338,2133,9,2142,15
2020-11-04,Nevada,057,99092,761,675,20,695,9
2020-11-04,Orange,059,3164182,64006,60463,1939,62402,1483
2020-11-04,Placer,061,380077,4977,4526,24,4550,60
2020-11-04,Plumas,063,18699,112,88,0,88,0
2020-11-04,Riverside,065,2383286,72455,69562,668,70230,1335
2020-11-04,Sacramento,067,1510023,28266,27005,41,27046,510
2020-11-04,San Benito,069,59416,1521,1464,1,1465,15
2020-11-04,San Bernardino,071,2135413,70116,65891,554,66445,1169
2020-11-04,San Diego,073,3302833,61940,58126,1885,60011,904
2020-11-04,San Francisco,075,870044,13187,12649,60,12709,146
2020-11-04,San Joaquin,077,732212,23010,22197,287,22484,500
2020-11-04,San Luis Obispo,079,281455,4946,4389,48,4437,32
2020-11-04,San Mateo,081,765935,12103,11456,10,11466,168
2020-11-04,Santa Barbara,083,443738,10309,10026,133,10159,132
2020-11-04,Santa Clara,085,1922200,27547,25487,52,25539,393
2020-11-04,Santa Cruz,087,273765,3237,2997,37,3034,25
2020-11-04,Shasta,089,179085,3016,2321,35,2356,34
2020-11-04,Sierra,091,2930,9,6,0,6,0
2020-11-04,Siskiyou,093,43540,266,222,12,234,0
2020-11-04,Solano,095,438530,8241,7733,41,7774,85
2020-11-04,Sonoma,097,501317,10456,9965,33,9998,142
2020-11-04,Stanislaus,099,539301,18542,18114,890,19004,416
2020-11-04,Sutter,101,95872,2038,1916,2,1918,12
2020-11-04,Tehama,103,63373,1088,997,2,999,6
2020-11-04,Trinity,105,12862,123,37,15,52,0
2020-11-04,Tulare,107,460477,18775,17952,565,18517,298
2020-11-04,Tuolumne,109,53932,388,310,4,314,5
2020-11-04,Ventura,111,848112,16009,14936,435,15371,155
2020-11-04,Yolo,113,214977,3578,3361,9,3370,62
2020-11-04,Yuba,115,75493,1388,1312,7,1319,10
2020-11-03,Alameda,001,1643700,25002,24055,245,24300,418
2020-11-03,Alpine,003,1148,19,4,0,4,0
2020-11-03,Amador,005,37829,387,361,0,361,16
2020-11-03,Butte,007,227075,3360,3211,49,3260,57
2020-11-03,Calaveras,009,45235,351,287,0,287,19
2020-11-03,Colusa,011,21464,584,572,1,573,6
2020-11-03,Contra Costa,013,1133247,20181,19416,99,19515,250
2020-11-03,Del Norte,015,27424,196,187,0,187,2
2020-11-03,El Dorado,017,186661,1568,1445,3,1448,4
2020-11-03,Fresno,019,978130,35078,31856,575,32431,457
2020-11-03,Glenn,021,27897,726,698,6,704,3
2020-11-03,Humboldt,023,135768,612,570,1,571,8
2020-11-03,Imperial,025,180216,13474,13044,26,13070,335
2020-11-03,Inyo,027,18085,257,244,5,249,14
2020-11-03,Kern,029,883053,35107,33957,572,34529,439
2020-11-03,Kings,031,150075,9089,8783,69,8852,83
2020-11-03,Lake,033,64148,766,732,0,732,16
2020-11-03,Lassen,035,31185,808,782,2,784,0
2020-11-03,Los Angeles,037,10098052,318005,308812,3360,312172,7104
2020-11-03,Madera,039,155013,5307,5058,57,5115,54
2020-11-03,Marin,041,260295,7284,7147,21,7168,131
2020-11-03,Mariposa,043,17540,87,79,0,79,2
2020-11-03,Mendocino,045,87422,1153,1084,5,1089,22
2020-11-03,Merced,047,269075,9992,9713,48,9761,153
2020-11-03,Modoc,049,8938,57,47,9,56,0
2020-11-03,Mono,051,14174,443,210,7,217,1
2020-11-03,Monterey,053,433212,12176,11703,93,11796,94
2020-11-03,Napa,055,140530,2302,2130,9,2139,15
2020-11-03,Nevada,057,99092,741,670,19,689,9
2020-11-03,Orange,059,3164182,63577,60283,1928,62211,1477
2020-11-03,Placer,061,380077,4903,4514,24,4538,60
2020-11-03,Plumas,063,18699,109,86,0,86,0
2020-11-03,Riverside,065,2383286,71836,69300,643,69943,1325
2020-11-03,Sacramento,067,1510023,27886,26841,40,26881,510
2020-11-03,San Benito,069,59416,1511,1463,1,1464,15
2020-11-03,San Bernardino,071,2135413,69304,65320,546,65866,1159
2020-11-03,San Diego,073,3302833,61264,57722,1841,59563,901
2020-11-03,San Francisco,075,870044,13064,12585,60,12645,146
2020-11-03,San Joaquin,077,732212,22875,22109,281,22390,500
2020-11-03,San Luis Obispo,079,281455,4862,4371,46,4417,32
2020-11-03,San Mateo,081,765935,12008,11406,10,11416,162
2020-11-03,Santa Barbara,083,443738,10255,10008,128,10136,132
2020-11-03,Santa Clara,085,1922200,27275,25386,51,25437,393
2020-11-03,Santa Cruz,087,273765,3187,2980,36,3016,25
2020-11-03,Shasta,089,179085,2922,2288,28,2316,33
2020-11-03,Sierra,091,2930,7,6,0,6,0
2020-11-03,Siskiyou,093,43540,262,219,11,230,0
2020-11-03,Solano,095,438530,8158,7691,41,7732,85
2020-11-03,Sonoma,097,501317,10354,9906,33,9939,142
2020-11-03,Stanislaus,099,539301,18421,18080,879,18959,416
2020-11-03,Sutter,101,95872,2005,1914,2,1916,12
2020-11-03,Tehama,103,63373,1067,988,2,990,6
2020-11-03,Trinity,105,12862,116,36,14,50,0
2020-11-03,Tulare,107,460477,18669,17890,540,18430,297
2020-11-03,Tuolumne,109,53932,365,302,4,306,5
2020-11-03,Ventura,111,848112,15882,14816,428,15244,155
2020-11-03,Yolo,113,214977,3527,3343,9,3352,61
2020-11-03,Yuba,115,75493,1375,1295,7,1302,10
2020-11-02,Alameda,001,1643700,24806,23991,242,24233,419
2020-11-02,Alpine,003,1148,16,4,0,4,0
2020-11-02,Amador,005,37829,379,357,0,357,16
2020-11-02,Butte,007,227075,3340,3198,46,3244,57
2020-11-02,Calaveras,009,45235,351,282,0,282,18
2020-11-02,Colusa,011,21464,579,571,1,572,6
2020-11-02,Contra Costa,013,1133247,20027,19339,98,19437,250
2020-11-02,Del Norte,015,27424,193,175,0,175,2
2020-11-02,El Dorado,017,186661,1544,1405,3,1408,4
2020-11-02,Fresno,019,978130,34809,31738,558,32296,451
2020-11-02,Glenn,021,27897,720,692,5,697,3
2020-11-02,Humboldt,023,135768,603,569,1,570,8
2020-11-02,Imperial,025,180216,13394,13004,25,13029,334
2020-11-02,Inyo,027,18085,254,243,5,248,14
2020-11-02,Kern,029,883053,34949,33834,562,34396,437
2020-11-02,Kings,031,150075,9059,8654,66,8720,82
2020-11-02,Lake,033,64148,760,728,0,728,17
2020-11-02,Lassen,035,31185,800,782,2,784,0
2020-11-02,Los Angeles,037,10098052,315662,307620,3282,310902,7079
2020-11-02,Madera,039,155013,5276,5033,56,5089,54
2020-11-02,Marin,041,260295,7266,7132,20,7152,125
2020-11-02,Mariposa,043,17540,87,79,0,79,2
2020-11-02,Mendocino,045,87422,1139,1076,5,1081,21
2020-11-02,Merced,047,269075,9930,9664,42,9706,152
2020-11-02,Modoc,049,8938,54,45,5,50,0
2020-11-02,Mono,051,14174,441,211,7,218,1
2020-11-02,Monterey,053,433212,12069,11602,90,11692,93
2020-11-02,Napa,055,140530,2260,2081,9,2090,15
2020-11-02,Nevada,057,99092,725,656,19,675,9
2020-11-02,Orange,059,3164182,63172,59996,1912,61908,1474
2020-11-02,Placer,061,380077,4835,4461,22,4483,60
2020-11-02,Plumas,063,18699,101,86,0,86,0
2020-11-02,Riverside,065,2383286,71205,68833,602,69435,1321
2020-11-02,Sacramento,067,1510023,27544,26676,38,26714,508
2020-11-02,San Benito,069,59416,1499,1459,1,1460,15
2020-11-02,San Bernardino,071,2135413,68450,64629,535,65164,1157
2020-11-02,San Diego,073,3302833,60541,57429,1796,59225,891
2020-11-02,San Francisco,075,870044,12967,12436,59,12495,145
2020-11-02,San Joaquin,077,732212,22735,21919,273,22192,500
2020-11-02,San Luis Obispo,079,281455,4762,4303,43,4346,31
2020-11-02,San Mateo,081,765935,11899,11328,10,11338,161
2020-11-02,Santa Barbara,083,443738,10214,9985,123,10108,130
2020-11-02,Santa Clara,085,1922200,26985,25222,51,25273,387
2020-11-02,Santa Cruz,087,273765,3145,2943,36,2979,25
2020-11-02,Shasta,089,179085,2819,2174,24,2198,33
2020-11-02,Sierra,091,2930,7,6,0,6,0
2020-11-02,Siskiyou,093,43540,252,216,11,227,0
2020-11-02,Solano,095,438530,8040,7665,41,7706,84
2020-11-02,Sonoma,097,501317,10272,9796,32,9828,140
2020-11-02,Stanislaus,099,539301,18325,18005,870,18875,412
2020-11-02,Sutter,101,95872,1981,1895,2,1897,12
2020-11-02,Tehama,103,63373,1044,971,2,973,6
2020-11-02,Trinity,105,12862,110,30,14,44,0
2020-11-02,Tulare,107,460477,18576,17774,519,18293,299
2020-11-02,Tuolumne,109,53932,344,302,4,306,5
2020-11-02,Ventura,111,848112,15741,14767,414,15181,156
2020-11-02,Yolo,113,214977,3478,3318,9,3327,61
2020-11-02,Yuba,115,75493,1362,1280,7,1287,10
2020-11-01,Alameda,001,1643700,24643,23892,240,24132,419
2020-11-01,Alpine,003,1148,10,4,0,4,0
2020-11-01,Amador,005,37829,376,352,0,352,16
2020-11-01,Butte,007,227075,3316,3185,45,3230,57
2020-11-01,Calaveras,009,45235,350,282,0,282,18
2020-11-01,Colusa,011,21464,577,567,1,568,6
2020-11-01,Contra Costa,013,1133247,19853,19246,97,19343,250
2020-11-01,Del Norte,015,27424,189,175,0,175,2
2020-11-01,El Dorado,017,186661,1528,1394,3,1397,4
2020-11-01,Fresno,019,978130,34552,31613,538,32151,451
2020-11-01,Glenn,021,27897,711,688,3,691,3
2020-11-01,Humboldt,023,135768,595,568,1,569,8
2020-11-01,Imperial,025,180216,13303,12969,23,12992,334
2020-11-01,Inyo,027,18085,252,241,5,246,14
2020-11-01,Kern,029,883053,34768,33760,467,34227,437
2020-11-01,Kings,031,150075,9021,8641,65,8706,82
2020-11-01,Lake,033,64148,754,727,0,727,17
2020-11-01,Lassen,035,31185,800,782,2,784,0
2020-11-01,Los Angeles,037,10098052,313095,306217,3189,309406,7077
2020-11-01,Madera,039,155013,5228,5019,54,5073,54
2020-11-01,Marin,041,260295,7249,7124,20,7144,125
2020-11-01,Mariposa,043,17540,83,79,0,79,2
2020-11-01,Mendocino,045,87422,1126,1074,5,1079,21
2020-11-01,Merced,047,269075,9869,9626,42,9668,152
2020-11-01,Modoc,049,8938,53,45,5,50,0
2020-11-01,Mono,051,14174,412,211,6,217,1
2020-11-01,Monterey,053,433212,11961,11587,87,11674,93
2020-11-01,Napa,055,140530,2226,2067,9,2076,15
2020-11-01,Nevada,057,99092,709,646,18,664,9
2020-11-01,Orange,059,3164182,62770,59733,1885,61618,1475
2020-11-01,Placer,061,380077,4769,4422,21,4443,58
2020-11-01,Plumas,063,18699,96,86,0,86,0
2020-11-01,Riverside,065,2383286,70575,68493,566,69059,1319
2020-11-01,Sacramento,067,1510023,27223,26442,38,26480,508
2020-11-01,San Benito,069,59416,1484,1451,1,1452,15
2020-11-01,San Bernardino,071,2135413,67607,64339,514,64853,1157
2020-11-01,San Diego,073,3302833,59853,57122,1756,58878,891
2020-11-01,San Francisco,075,870044,12844,12436,54,12490,145
2020-11-01,San Joaquin,077,732212,22607,21919,267,22186,500
2020-11-01,San Luis Obispo,079,281455,4682,4303,42,4345,31
2020-11-01,San Mateo,081,765935,11818,11280,10,11290,160
2020-11-01,Santa Barbara,083,443738,10163,9969,107,10076,130
2020-11-01,Santa Clara,085,1922200,26705,25090,51,25141,386
2020-11-01,Santa Cruz,087,273765,3092,2921,36,2957,25
2020-11-01,Shasta,089,179085,2684,2172,23,2195,33
2020-11-01,Sierra,091,2930,7,6,0,6,0
2020-11-01,Siskiyou,093,43540,247,205,11,216,0
2020-11-01,Solano,095,438530,7950,7591,41,7632,84
2020-11-01,Sonoma,097,501317,10180,9688,32,9720,140
2020-11-01,Stanislaus,099,539301,18224,17961,850,18811,412
2020-11-01,Sutter,101,95872,1955,1888,1,1889,12
2020-11-01,Tehama,103,63373,1027,965,2,967,5
2020-11-01,Trinity,105,12862,108,30,13,43,0
2020-11-01,Tulare,107,460477,18464,17774,488,18262,299
2020-11-01,Tuolumne,109,53932,322,295,4,299,5
2020-11-01,Ventura,111,848112,15592,14686,383,15069,156
2020-11-01,Yolo,113,214977,3430,3303,9,3312,60
2020-11-01,Yuba,115,75493,1345,1273,7,1280,10
2020-10-31,Alameda,001,1643700,24528,23780,236,24016,416
2020-10-31,Alpine,003,1148,10,4,0,4,0
2020-10-31,Amador,005,37829,372,347,0,347,16
2020-10-31,Butte,007,227075,3303,3172,43,3215,57
2020-10-31,Calaveras,009,45235,350,280,0,280,18
2020-10-31,Colusa,011,21464,575,555,1,556,6
2020-10-31,Contra Costa,013,1133247,19747,19161,97,19258,249
2020-10-31,Del Norte,015,27424,188,175,0,175,2
2020-10-31,El Dorado,017,186661,1519,1390,3,1393,4
2020-10-31,Fresno,019,978130,34416,31558,535,32093,451
2020-10-31,Glenn,021,27897,709,678,3,681,3
2020-10-31,Humboldt,023,135768,592,561,1,562,8
2020-10-31,Imperial,025,180216,13261,12912,23,12935,334
2020-10-31,Inyo,027,18085,251,241,5,246,14
2020-10-31,Kern,029,883053,34665,33666,457,34123,437
2020-10-31,Kings,031,150075,9000,8612,64,8676,82
2020-10-31,Lake,033,64148,750,724,0,724,16
2020-10-31,Lassen,035,31185,795,782,2,784,0
2020-10-31,Los Angeles,037,10098052,311722,304704,3145,307849,7073
2020-10-31,Madera,039,155013,5210,5013,51,5064,54
2020-10-31,Marin,041,260295,7233,7112,20,7132,125
2020-10-31,Mariposa,043,17540,83,79,0,79,2
2020-10-31,Mendocino,045,87422,1118,1066,5,1071,21
2020-10-31,Merced,047,269075,9836,9597,41,9638,151
2020-10-31,Modoc,049,8938,52,34,4,38,0
2020-10-31,Mono,051,14174,263,194,5,199,1
2020-10-31,Monterey,053,433212,11893,11539,83,11622,93
2020-10-31,Napa,055,140530,2207,2040,9,2049,15
2020-10-31,Nevada,057,99092,691,644,18,662,9
2020-10-31,Orange,059,3164182,62512,59488,1867,61355,1473
2020-10-31,Placer,061,380077,4719,4374,20,4394,58
2020-10-31,Plumas,063,18699,95,85,0,85,0
2020-10-31,Riverside,065,2383286,70218,68178,543,68721,1319
2020-10-31,Sacramento,067,1510023,27024,26316,36,26352,507
2020-10-31,San Benito,069,59416,1477,1448,1,1449,15
2020-10-31,San Bernardino,071,2135413,67182,64016,504,64520,1157
2020-10-31,San Diego,073,3302833,59400,56769,1728,58497,891
2020-10-31,San Francisco,075,870044,12770,12438,53,12491,145
2020-10-31,San Joaquin,077,732212,22532,21918,258,22176,500
2020-10-31,San Luis Obispo,079,281455,4613,4285,39,4324,31
2020-10-31,San Mateo,081,765935,11766,11253,10,11263,160
2020-10-31,Santa Barbara,083,443738,10134,9957,99,10056,130
2020-10-31,Santa Clara,085,1922200,26536,24957,51,25008,379
2020-10-31,Santa Cruz,087,273765,3057,2895,35,2930,25
2020-10-31,Shasta,089,179085,2630,2122,22,2144,33
2020-10-31,Sierra,091,2930,7,6,0,6,0
2020-10-31,Siskiyou,093,43540,245,200,11,211,0
2020-10-31,Solano,095,438530,7886,7545,41,7586,84
2020-10-31,Sonoma,097,501317,10127,9648,32,9680,140
2020-10-31,Stanislaus,099,539301,18161,17920,834,18754,412
2020-10-31,Sutter,101,95872,1946,1876,1,1877,12
2020-10-31,Tehama,103,63373,1017,953,2,955,5
2020-10-31,Trinity,105,12862,105,30,13,43,0
2020-10-31,Tulare,107,460477,18415,17758,480,18238,299
2020-10-31,Tuolumne,109,53932,315,290,4,294,5
2020-10-31,Ventura,111,848112,15508,14635,365,15000,155
2020-10-31,Yolo,113,214977,3395,3290,9,3299,60
2020-10-31,Yuba,115,75493,1329,1260,6,1266,10
2020-10-30,Alameda,001,1643700,24448,23676,234,23910,401
2020-10-30,Alpine,003,1148,10,4,0,4,0
2020-10-30,Amador,005,37829,372,344,0,344,16
2020-10-30,Butte,007,227075,3298,3160,43,3203,57
2020-10-30,Calaveras,009,45235,349,279,0,279,18
2020-10-30,Colusa,011,21464,573,554,1,555,6
2020-10-30,Contra Costa,013,1133247,19675,19074,97,19171,249
2020-10-30,Del Norte,015,27424,187,175,0,175,2
2020-10-30,El Dorado,017,186661,1506,1386,3,1389,4
2020-10-30,Fresno,019,978130,34294,31409,526,31935,446
2020-10-30,Glenn,021,27897,703,674,2,676,3
2020-10-30,Humboldt,023,135768,591,561,1,562,7
2020-10-30,Imperial,025,180216,13220,12853,23,12876,334
2020-10-30,Inyo,027,18085,250,241,5,246,14
2020-10-30,Kern,029,883053,34572,33583,456,34039,437
2020-10-30,Kings,031,150075,8990,8564,62,8626,82
2020-10-30,Lake,033,64148,750,720,0,720,16
2020-10-30,Lassen,035,31185,789,777,2,779,0
2020-10-30,Los Angeles,037,10098052,310287,303425,3109,306534,7060
2020-10-30,Madera,039,155013,5198,4991,49,5040,54
2020-10-30,Marin,041,260295,7213,7097,20,7117,125
2020-10-30,Mariposa,043,17540,83,78,0,78,2
2020-10-30,Mendocino,045,87422,1116,1062,5,1067,21
2020-10-30,Merced,047,269075,9804,9539,41,9580,150
2020-10-30,Modoc,049,8938,51,34,3,37,0
2020-10-30,Mono,051,14174,262,193,5,198,1
2020-10-30,Monterey,053,433212,11830,11491,78,11569,92
2020-10-30,Napa,055,140530,2189,2028,9,2037,15
2020-10-30,Nevada,057,99092,685,634,18,652,9
2020-10-30,Orange,059,3164182,62270,59334,1855,61189,1469
2020-10-30,Placer,061,380077,4672,4335,20,4355,58
2020-10-30,Plumas,063,18699,92,80,0,80,0
2020-10-30,Riverside,065,2383286,69878,67752,523,68275,1317
2020-10-30,Sacramento,067,1510023,26876,26147,36,26183,505
2020-10-30,San Benito,069,59416,1471,1440,1,1441,15
2020-10-30,San Bernardino,071,2135413,66766,63512,501,64013,1156
2020-10-30,San Diego,073,3302833,58995,56387,1706,58093,888
2020-10-30,San Francisco,075,870044,12715,12384,53,12437,145
2020-10-30,San Joaquin,077,732212,22465,21849,252,22101,500
2020-10-30,San Luis Obispo,079,281455,4570,4256,39,4295,31
2020-10-30,San Mateo,081,765935,11707,11207,10,11217,159
2020-10-30,Santa Barbara,083,443738,10111,9937,99,10036,128
2020-10-30,Santa Clara,085,1922200,26387,24811,51,24862,378
2020-10-30,Santa Cruz,087,273765,3039,2874,35,2909,25
2020-10-30,Shasta,089,179085,2586,2048,21,2069,32
2020-10-30,Sierra,091,2930,7,6,0,6,0
2020-10-30,Siskiyou,093,43540,245,192,11,203,0
2020-10-30,Solano,095,438530,7825,7497,41,7538,84
2020-10-30,Sonoma,097,501317,10052,9602,32,9634,140
2020-10-30,Stanislaus,099,539301,18113,17861,818,18679,410
2020-10-30,Sutter,101,95872,1933,1860,1,1861,12
2020-10-30,Tehama,103,63373,1013,932,2,934,5
2020-10-30,Trinity,105,12862,105,29,13,42,0
2020-10-30,Tulare,107,460477,18370,17682,465,18147,299
2020-10-30,Tuolumne,109,53932,308,286,4,290,4
2020-10-30,Ventura,111,848112,15435,14578,353,14931,154
2020-10-30,Yolo,113,214977,3378,3263,9,3272,60
2020-10-30,Yuba,115,75493,1321,1256,6,1262,10
2020-10-29,Alameda,001,1643700,24284,23530,233,23763,401
2020-10-29,Alpine,003,1148,7,4,0,4,0
2020-10-29,Amador,005,37829,368,338,0,338,16
2020-10-29,Butte,007,227075,3280,3143,42,3185,57
2020-10-29,Calaveras,009,45235,347,278,0,278,13
2020-10-29,Colusa,011,21464,569,552,1,553,6
2020-10-29,Contra Costa,013,1133247,19576,18933,96,19029,249
2020-10-29,Del Norte,015,27424,185,174,0,174,2
2020-10-29,El Dorado,017,186661,1484,1370,3,1373,4
2020-10-29,Fresno,019,978130,34137,31321,519,31840,445
2020-10-29,Glenn,021,27897,701,673,2,675,3
2020-10-29,Humboldt,023,135768,586,559,1,560,7
2020-10-29,Imperial,025,180216,13176,12769,23,12792,334
2020-10-29,Inyo,027,18085,248,238,5,243,14
2020-10-29,Kern,029,883053,34471,33460,452,33912,437
2020-10-29,Kings,031,150075,8836,8502,61,8563,82
2020-10-29,Lake,033,64148,747,702,0,702,16
2020-10-29,Lassen,035,31185,788,772,2,774,0
2020-10-29,Los Angeles,037,10098052,308659,302246,3062,305308,7046
2020-10-29,Madera,039,155013,5168,4970,47,5017,53
2020-10-29,Marin,041,260295,7199,7083,20,7103,125
2020-10-29,Mariposa,043,17540,81,78,0,78,2
2020-10-29,Mendocino,045,87422,1110,1058,5,1063,21
2020-10-29,Merced,047,269075,9751,9496,41,9537,150
2020-10-29,Modoc,049,8938,49,31,3,34,0
2020-10-29,Mono,051,14174,255,176,5,181,1
2020-10-29,Monterey,053,433212,11749,11425,76,11501,92
2020-10-29,Napa,055,140530,2165,2009,9,2018,15
2020-10-29,Nevada,057,99092,678,632,18,650,9
2020-10-29,Orange,059,3164182,62002,59046,1835,60881,1464
2020-10-29,Placer,061,380077,4627,4270,18,4288,58
2020-10-29,Plumas,063,18699,90,69,0,69,0
2020-10-29,Riverside,065,2383286,69501,67268,493,67761,1304
2020-10-29,Sacramento,067,1510023,26664,25978,35,26013,507
2020-10-29,San Benito,069,59416,1466,1431,1,1432,15
2020-10-29,San Bernardino,071,2135413,66198,62968,491,63459,1150
2020-10-29,San Diego,073,3302833,58529,55916,1677,57593,885
2020-10-29,San Francisco,075,870044,12636,12312,53,12365,145
2020-10-29,San Joaquin,077,732212,22381,21736,240,21976,498
2020-10-29,San Luis Obispo,079,281455,4540,4223,38,4261,31
2020-10-29,San Mateo,081,765935,11661,11145,10,11155,157
2020-10-29,Santa Barbara,083,443738,10078,9902,97,9999,128
2020-10-29,Santa Clara,085,1922200,26235,24614,51,24665,377
2020-10-29,Santa Cruz,087,273765,3014,2850,35,2885,24
2020-10-29,Shasta,089,179085,2523,2008,21,2029,32
2020-10-29,Sierra,091,2930,6,6,0,6,0
2020-10-29,Siskiyou,093,43540,229,185,11,196,0
2020-10-29,Solano,095,438530,7763,7453,41,7494,78
2020-10-29,Sonoma,097,501317,9988,9533,32,9565,140
2020-10-29,Stanislaus,099,539301,18060,17790,797,18587,410
2020-10-29,Sutter,101,95872,1925,1852,1,1853,12
2020-10-29,Tehama,103,63373,995,925,2,927,5
2020-10-29,Trinity,105,12862,100,28,12,40,0
2020-10-29,Tulare,107,460477,18292,17627,446,18073,299
2020-10-29,Tuolumne,109,53932,303,279,4,283,4
2020-10-29,Ventura,111,848112,15344,14486,349,14835,154
2020-10-29,Yolo,113,214977,3349,3246,9,3255,60
2020-10-29,Yuba,115,75493,1310,1248,6,1254,10
2020-10-28,Alameda,001,1643700,24184,23468,232,23700,400
2020-10-28,Alpine,003,1148,6,4,0,4,0
2020-10-28,Amador,005,37829,365,337,0,337,16
2020-10-28,Butte,007,227075,3264,3134,39,3173,56
2020-10-28,Calaveras,009,45235,346,278,0,278,13
2020-10-28,Colusa,011,21464,566,551,1,552,6
2020-10-28,Contra Costa,013,1133247,19489,18828,95,18923,246
2020-10-28,Del Norte,015,27424,182,173,0,173,2
2020-10-28,El Dorado,017,186661,1472,1363,3,1366,4
2020-10-28,Fresno,019,978130,34015,31195,513,31708,444
2020-10-28,Glenn,021,27897,697,673,2,675,3
2020-10-28,Humboldt,023,135768,582,559,1,560,7
2020-10-28,Imperial,025,180216,13127,12730,23,12753,333
2020-10-28,Inyo,027,18085,248,238,5,243,14
2020-10-28,Kern,029,883053,34369,33424,433,33857,436
2020-10-28,Kings,031,150075,8814,8486,60,8546,82
2020-10-28,Lake,033,64148,744,700,0,700,15
2020-10-28,Lassen,035,31185,784,771,2,773,0
2020-10-28,Los Angeles,037,10098052,307200,300726,3020,303746,7031
2020-10-28,Madera,039,155013,5151,4954,46,5000,53
2020-10-28,Marin,041,260295,7188,7079,20,7099,126
2020-10-28,Mariposa,043,17540,81,78,0,78,2
2020-10-28,Mendocino,045,87422,1109,1037,5,1042,20
2020-10-28,Merced,047,269075,9725,9480,40,9520,150
2020-10-28,Modoc,049,8938,48,31,2,33,0
2020-10-28,Mono,051,14174,237,176,5,181,1
2020-10-28,Monterey,053,433212,11691,11330,74,11404,89
2020-10-28,Napa,055,140530,2139,1998,8,2006,15
2020-10-28,Nevada,057,99092,670,629,18,647,9
2020-10-28,Orange,059,3164182,61738,58801,1819,60620,1459
2020-10-28,Placer,061,380077,4571,4236,18,4254,57
2020-10-28,Plumas,063,18699,89,67,0,67,0
2020-10-28,Riverside,065,2383286,69103,67003,469,67472,1302
2020-10-28,Sacramento,067,1510023,26468,25838,34,25872,506
2020-10-28,San Benito,069,59416,1458,1429,1,1430,15
2020-10-28,San Bernardino,071,2135413,65738,62778,482,63260,1154
2020-10-28,San Diego,073,3302833,58146,55556,1648,57204,881
2020-10-28,San Francisco,075,870044,12578,12261,52,12313,145
2020-10-28,San Joaquin,077,732212,22297,21707,229,21936,498
2020-10-28,San Luis Obispo,079,281455,4496,4197,35,4232,31
2020-10-28,San Mateo,081,765935,11594,11101,10,11111,157
2020-10-28,Santa Barbara,083,443738,10054,9872,95,9967,127
2020-10-28,Santa Clara,085,1922200,26091,24503,51,24554,375
2020-10-28,Santa Cruz,087,273765,2983,2836,35,2871,24
2020-10-28,Shasta,089,179085,2443,1996,20,2016,31
2020-10-28,Sierra,091,2930,6,6,0,6,0
2020-10-28,Siskiyou,093,43540,226,182,10,192,0
2020-10-28,Solano,095,438530,7704,7362,41,7403,77
2020-10-28,Sonoma,097,501317,9898,9457,27,9484,140
2020-10-28,Stanislaus,099,539301,17995,17765,787,18552,409
2020-10-28,Sutter,101,95872,1916,1840,1,1841,12
2020-10-28,Tehama,103,63373,984,921,2,923,5
2020-10-28,Trinity,105,12862,93,28,11,39,0
2020-10-28,Tulare,107,460477,18235,17569,430,17999,297
2020-10-28,Tuolumne,109,53932,300,277,4,281,4
2020-10-28,Ventura,111,848112,15271,14409,340,14749,153
2020-10-28,Yolo,113,214977,3325,3230,9,3239,60
2020-10-28,Yuba,115,75493,1298,1245,6,1251,10
2020-10-27,Alameda,001,1643700,24068,23365,230,23595,400
2020-10-27,Alpine,003,1148,6,3,0,3,0
2020-10-27,Amador,005,37829,362,335,0,335,16
2020-10-27,Butte,007,227075,3248,3107,36,3143,56
2020-10-27,Calaveras,009,45235,344,277,0,277,13
2020-10-27,Colusa,011,21464,561,549,1,550,6
2020-10-27,Contra Costa,013,1133247,19384,18766,95,18861,246
2020-10-27,Del Norte,015,27424,179,173,0,173,2
2020-10-27,El Dorado,017,186661,1459,1351,3,1354,4
2020-10-27,Fresno,019,978130,33896,31096,508,31604,442
2020-10-27,Glenn,021,27897,695,667,1,668,3
2020-10-27,Humboldt,023,135768,579,559,1,560,7
2020-10-27,Imperial,025,180216,13078,12680,22,12702,333
2020-10-27,Inyo,027,18085,248,231,5,236,14
2020-10-27,Kern,029,883053,34252,33328,429,33757,436
2020-10-27,Kings,031,150075,8783,8411,60,8471,83
2020-10-27,Lake,033,64148,741,700,0,700,15
2020-10-27,Lassen,035,31185,782,764,2,766,0
2020-10-27,Los Angeles,037,10098052,305816,299438,2991,302429,7008
2020-10-27,Madera,039,155013,5121,4942,45,4987,53
2020-10-27,Marin,041,260295,7172,7070,20,7090,126
2020-10-27,Mariposa,043,17540,80,78,0,78,2
2020-10-27,Mendocino,045,87422,1103,1033,4,1037,20
2020-10-27,Merced,047,269075,9685,9449,40,9489,150
2020-10-27,Modoc,049,8938,46,31,2,33,0
2020-10-27,Mono,051,14174,223,169,5,174,1
2020-10-27,Monterey,053,433212,11635,11261,72,11333,88
2020-10-27,Napa,055,140530,2123,1979,8,1987,15
2020-10-27,Nevada,057,99092,664,622,18,640,8
2020-10-27,Orange,059,3164182,61467,58550,1803,60353,1448
2020-10-27,Placer,061,380077,4522,4197,16,4213,57
2020-10-27,Plumas,063,18699,86,63,0,63,0
2020-10-27,Riverside,065,2383286,68750,66699,424,67123,1299
2020-10-27,Sacramento,067,1510023,26280,25701,33,25734,501
2020-10-27,San Benito,069,59416,1453,1428,1,1429,15
2020-10-27,San Bernardino,071,2135413,65275,62357,469,62826,1154
2020-10-27,San Diego,073,3302833,57673,55226,1625,56851,877
2020-10-27,San Francisco,075,870044,12503,12218,51,12269,140
2020-10-27,San Joaquin,077,732212,22206,21637,220,21857,496
2020-10-27,San Luis Obispo,079,281455,4469,4148,31,4179,31
2020-10-27,San Mateo,081,765935,11545,11074,10,11084,156
2020-10-27,Santa Barbara,083,443738,10024,9874,94,9968,125
2020-10-27,Santa Clara,085,1922200,25949,24368,51,24419,367
2020-10-27,Santa Cruz,087,273765,2953,2815,34,2849,24
2020-10-27,Shasta,089,179085,2357,1962,20,1982,29
2020-10-27,Sierra,091,2930,6,6,0,6,0
2020-10-27,Siskiyou,093,43540,217,181,10,191,0
2020-10-27,Solano,095,438530,7635,7298,41,7339,77
2020-10-27,Sonoma,097,501317,9831,9389,27,9416,140
2020-10-27,Stanislaus,099,539301,17927,17720,780,18500,408
2020-10-27,Sutter,101,95872,1903,1832,1,1833,12
2020-10-27,Tehama,103,63373,970,913,2,915,5
2020-10-27,Trinity,105,12862,90,28,11,39,0
2020-10-27,Tulare,107,460477,18172,17520,407,17927,296
2020-10-27,Tuolumne,109,53932,296,275,4,279,4
2020-10-27,Ventura,111,848112,15188,14347,333,14680,153
2020-10-27,Yolo,113,214977,3311,3216,9,3225,58
2020-10-27,Yuba,115,75493,1285,1235,6,1241,10
2020-10-26,Alameda,001,1643700,23955,23284,229,23513,398
2020-10-26,Alpine,003,1148,4,3,0,3,0
2020-10-26,Amador,005,37829,358,331,0,331,16
2020-10-26,Butte,007,227075,3236,3095,34,3129,56
2020-10-26,Calaveras,009,45235,340,274,0,274,13
2020-10-26,Colusa,011,21464,559,548,1,549,6
2020-10-26,Contra Costa,013,1133247,19288,18718,94,18812,245
2020-10-26,Del Norte,015,27424,179,171,0,171,2
2020-10-26,El Dorado,017,186661,1445,1336,3,1339,4
2020-10-26,Fresno,019,978130,33783,30969,501,31470,441
2020-10-26,Glenn,021,27897,688,660,1,661,3
2020-10-26,Humboldt,023,135768,571,554,1,555,7
2020-10-26,Imperial,025,180216,13024,12654,19,12673,333
2020-10-26,Inyo,027,18085,248,226,5,231,14
2020-10-26,Kern,029,883053,34168,33233,424,33657,432
2020-10-26,Kings,031,150075,8761,8264,58,8322,82
2020-10-26,Lake,033,64148,739,697,0,697,15
2020-10-26,Lassen,035,31185,779,764,2,766,0
2020-10-26,Los Angeles,037,10098052,304388,297961,2949,300910,6979
2020-10-26,Madera,039,155013,5100,4922,44,4966,53
2020-10-26,Marin,041,260295,7166,7064,19,7083,104
2020-10-26,Mariposa,043,17540,80,77,0,77,2
2020-10-26,Mendocino,045,87422,1095,1026,4,1030,20
2020-10-26,Merced,047,269075,9638,9375,39,9414,150
2020-10-26,Modoc,049,8938,44,28,0,28,0
2020-10-26,Mono,051,14174,217,167,5,172,1
2020-10-26,Monterey,053,433212,11585,11207,68,11275,87
2020-10-26,Napa,055,140530,2091,1966,8,1974,14
2020-10-26,Nevada,057,99092,657,618,18,636,8
2020-10-26,Orange,059,3164182,61264,58377,1784,60161,1442
2020-10-26,Placer,061,380077,4480,4161,15,4176,57
2020-10-26,Plumas,063,18699,84,63,0,63,0
2020-10-26,Riverside,065,2383286,68298,66475,398,66873,1294
2020-10-26,Sacramento,067,1510023,26098,25555,31,25586,496
2020-10-26,San Benito,069,59416,1445,1424,1,1425,15
2020-10-26,San Bernardino,071,2135413,64804,61871,466,62337,1153
2020-10-26,San Diego,073,3302833,57280,54957,1587,56544,870
2020-10-26,San Francisco,075,870044,12443,12072,51,12123,138
2020-10-26,San Joaquin,077,732212,22123,21459,214,21673,495
2020-10-26,San Luis Obispo,079,281455,4444,4133,31,4164,31
2020-10-26,San Mateo,081,765935,11501,11037,10,11047,156
2020-10-26,Santa Barbara,083,443738,10001,9827,94,9921,122
2020-10-26,Santa Clara,085,1922200,25759,24258,50,24308,365
2020-10-26,Santa Cruz,087,273765,2927,2808,34,2842,24
2020-10-26,Shasta,089,179085,2303,1889,20,1909,29
2020-10-26,Sierra,091,2930,6,6,0,6,0
2020-10-26,Siskiyou,093,43540,209,179,10,189,0
2020-10-26,Solano,095,438530,7555,7271,41,7312,62
2020-10-26,Sonoma,097,501317,9752,9315,27,9342,140
2020-10-26,Stanislaus,099,539301,17877,17666,770,18436,400
2020-10-26,Sutter,101,95872,1895,1817,1,1818,12
2020-10-26,Tehama,103,63373,950,892,2,894,5
2020-10-26,Trinity,105,12862,89,26,11,37,0
2020-10-26,Tulare,107,460477,18095,17432,384,17816,296
2020-10-26,Tuolumne,109,53932,287,271,4,275,4
2020-10-26,Ventura,111,848112,15118,14330,330,14660,154
2020-10-26,Yolo,113,214977,3292,3206,9,3215,58
2020-10-26,Yuba,115,75493,1269,1226,6,1232,10
2020-10-25,Alameda,001,1643700,23849,23192,229,23421,398
2020-10-25,Alpine,003,1148,3,3,0,3,0
2020-10-25,Amador,005,37829,347,330,0,330,16
2020-10-25,Butte,007,227075,3217,3087,34,3121,56
2020-10-25,Calaveras,009,45235,339,274,0,274,13
2020-10-25,Colusa,011,21464,555,548,1,549,6
2020-10-25,Contra Costa,013,1133247,19187,18640,94,18734,245
2020-10-25,Del Norte,015,27424,175,171,0,171,2
2020-10-25,El Dorado,017,186661,1430,1328,3,1331,4
2020-10-25,Fresno,019,978130,33649,30858,488,31346,441
2020-10-25,Glenn,021,27897,685,652,1,653,3
2020-10-25,Humboldt,023,135768,568,554,1,555,7
2020-10-25,Imperial,025,180216,12974,12572,19,12591,333
2020-10-25,Inyo,027,18085,245,226,5,231,14
2020-10-25,Kern,029,883053,34061,33185,420,33605,432
2020-10-25,Kings,031,150075,8728,8246,56,8302,82
2020-10-25,Lake,033,64148,722,695,0,695,15
2020-10-25,Lassen,035,31185,776,764,2,766,0
2020-10-25,Los Angeles,037,10098052,302826,297110,2912,300022,6973
2020-10-25,Madera,039,155013,5070,4909,39,4948,53
2020-10-25,Marin,041,260295,7156,7052,19,7071,102
2020-10-25,Mariposa,043,17540,80,77,0,77,2
2020-10-25,Mendocino,045,87422,1088,1024,4,1028,20
2020-10-25,Merced,047,269075,9573,9352,37,9389,150
2020-10-25,Modoc,049,8938,39,28,0,28,0
2020-10-25,Mono,051,14174,209,167,5,172,1
2020-10-25,Monterey,053,433212,11502,11182,63,11245,87
2020-10-25,Napa,055,140530,2061,1962,8,1970,14
2020-10-25,Nevada,057,99092,649,616,18,634,8
2020-10-25,Orange,059,3164182,60976,58185,1775,59960,1443
2020-10-25,Placer,061,380077,4428,4140,15,4155,57
2020-10-25,Plumas,063,18699,84,63,0,63,0
2020-10-25,Riverside,065,2383286,67846,66192,382,66574,1289
2020-10-25,Sacramento,067,1510023,25882,25445,28,25473,496
2020-10-25,San Benito,069,59416,1438,1423,1,1424,15
2020-10-25,San Bernardino,071,2135413,64263,61551,454,62005,1153
2020-10-25,San Diego,073,3302833,56817,54599,1555,56154,870
2020-10-25,San Francisco,075,870044,12370,12072,51,12123,137
2020-10-25,San Joaquin,077,732212,22015,21459,206,21665,495
2020-10-25,San Luis Obispo,079,281455,4402,4126,29,4155,31
2020-10-25,San Mateo,081,765935,11456,10987,10,10997,156
2020-10-25,Santa Barbara,083,443738,9981,9814,94,9908,122
2020-10-25,Santa Clara,085,1922200,25571,24087,50,24137,365
2020-10-25,Santa Cruz,087,273765,2900,2789,34,2823,24
2020-10-25,Shasta,089,179085,2239,1889,20,1909,29
2020-10-25,Sierra,091,2930,6,6,0,6,0
2020-10-25,Siskiyou,093,43540,206,176,10,186,0
2020-10-25,Solano,095,438530,7477,7197,41,7238,60
2020-10-25,Sonoma,097,501317,9659,9235,26,9261,140
2020-10-25,Stanislaus,099,539301,17820,17641,760,18401,400
2020-10-25,Sutter,101,95872,1877,1811,1,1812,12
2020-10-25,Tehama,103,63373,933,880,2,882,5
2020-10-25,Trinity,105,12862,85,26,11,37,0
2020-10-25,Tulare,107,460477,18022,17431,374,17805,296
2020-10-25,Tuolumne,109,53932,282,271,4,275,4
2020-10-25,Ventura,111,848112,15025,14300,324,14624,154
2020-10-25,Yolo,113,214977,3271,3190,9,3199,58
2020-10-25,Yuba,115,75493,1261,1219,6,1225,10
2020-10-24,Alameda,001,1643700,23778,23099,226,23325,398
2020-10-24,Alpine,003,1148,3,3,0,3,0
2020-10-24,Amador,005,37829,346,328,0,328,16
2020-10-24,Butte,007,227075,3208,3078,34,3112,56
2020-10-24,Calaveras,009,45235,337,274,0,274,13
2020-10-24,Colusa,011,21464,550,548,1,549,6
2020-10-24,Contra Costa,013,1133247,19120,18567,94,18661,244
2020-10-24,Del Norte,015,27424,174,171,0,171,2
2020-10-24,El Dorado,017,186661,1414,1317,3,1320,4
2020-10-24,Fresno,019,978130,33588,30752,483,31235,441
2020-10-24,Glenn,021,27897,682,650,1,651,3
2020-10-24,Humboldt,023,135768,566,553,1,554,7
2020-10-24,Imperial,025,180216,12947,12469,19,12488,333
2020-10-24,Inyo,027,18085,245,226,5,231,14
2020-10-24,Kern,029,883053,34003,33105,414,33519,432
2020-10-24,Kings,031,150075,8718,8228,55,8283,82
2020-10-24,Lake,033,64148,717,696,0,696,15
2020-10-24,Lassen,035,31185,775,764,2,766,0
2020-10-24,Los Angeles,037,10098052,302007,296323,2890,299213,6969
2020-10-24,Madera,039,155013,5057,4898,38,4936,53
2020-10-24,Marin,041,260295,7147,7042,19,7061,102
2020-10-24,Mariposa,043,17540,80,77,0,77,2
2020-10-24,Mendocino,045,87422,1076,1022,4,1026,20
2020-10-24,Merced,047,269075,9549,9351,37,9388,150
2020-10-24,Modoc,049,8938,38,28,0,28,0
2020-10-24,Mono,051,14174,195,167,5,172,1
2020-10-24,Monterey,053,433212,11433,11153,62,11215,87
2020-10-24,Napa,055,140530,2044,1957,8,1965,14
2020-10-24,Nevada,057,99092,645,608,18,626,8
2020-10-24,Orange,059,3164182,60821,57928,1765,59693,1441
2020-10-24,Placer,061,380077,4397,4093,15,4108,57
2020-10-24,Plumas,063,18699,78,63,0,63,0
2020-10-24,Riverside,065,2383286,67638,65902,367,66269,1288
2020-10-24,Sacramento,067,1510023,25801,25372,28,25400,496
2020-10-24,San Benito,069,59416,1433,1417,1,1418,15
2020-10-24,San Bernardino,071,2135413,64023,61351,445,61796,1153
2020-10-24,San Diego,073,3302833,56540,54330,1542,55872,868
2020-10-24,San Francisco,075,870044,12312,12073,50,12123,137
2020-10-24,San Joaquin,077,732212,21963,21458,201,21659,495
2020-10-24,San Luis Obispo,079,281455,4377,4119,28,4147,31
2020-10-24,San Mateo,081,765935,11417,10942,10,10952,155
2020-10-24,Santa Barbara,083,443738,9964,9781,94,9875,122
2020-10-24,Santa Clara,085,1922200,25484,23978,50,24028,365
2020-10-24,Santa Cruz,087,273765,2881,2775,34,2809,24
2020-10-24,Shasta,089,179085,2194,1878,20,1898,29
2020-10-24,Sierra,091,2930,6,6,0,6,0
2020-10-24,Siskiyou,093,43540,205,174,10,184,0
2020-10-24,Solano,095,438530,7424,7189,41,7230,60
2020-10-24,Sonoma,097,501317,9625,9179,26,9205,140
2020-10-24,Stanislaus,099,539301,17776,17574,744,18318,400
2020-10-24,Sutter,101,95872,1868,1804,1,1805,12
2020-10-24,Tehama,103,63373,925,872,2,874,5
2020-10-24,Trinity,105,12862,85,25,11,36,0
2020-10-24,Tulare,107,460477,17999,17406,363,17769,295
2020-10-24,Tuolumne,109,53932,279,269,4,273,4
2020-10-24,Ventura,111,848112,14972,14240,323,14563,154
2020-10-24,Yolo,113,214977,3259,3164,9,3173,57
2020-10-24,Yuba,115,75493,1258,1210,6,1216,10
2020-10-23,Alameda,001,1643700,23705,23047,224,23271,393
2020-10-23,Alpine,003,1148,3,3,0,3,0
2020-10-23,Amador,005,37829,345,324,0,324,16
2020-10-23,Butte,007,227075,3199,3059,34,3093,55
2020-10-23,Calaveras,009,45235,336,273,0,273,13
2020-10-23,Colusa,011,21464,550,547,1,548,6
2020-10-23,Contra Costa,013,1133247,19050,18483,93,18576,244
2020-10-23,Del Norte,015,27424,174,171,0,171,2
2020-10-23,El Dorado,017,186661,1405,1310,3,1313,4
2020-10-23,Fresno,019,978130,33521,30590,479,31069,441
2020-10-23,Glenn,021,27897,679,644,1,645,3
2020-10-23,Humboldt,023,135768,564,553,1,554,7
2020-10-23,Imperial,025,180216,12916,12398,18,12416,333
2020-10-23,Inyo,027,18085,244,226,5,231,14
2020-10-23,Kern,029,883053,33935,33077,409,33486,431
2020-10-23,Kings,031,150075,8709,8218,55,8273,82
2020-10-23,Lake,033,64148,715,689,0,689,15
2020-10-23,Lassen,035,31185,774,764,2,766,0
2020-10-23,Los Angeles,037,10098052,300925,294287,2862,297149,6956
2020-10-23,Madera,039,155013,5052,4888,38,4926,53
2020-10-23,Marin,041,260295,7134,7029,19,7048,102
2020-10-23,Mariposa,043,17540,80,77,0,77,2
2020-10-23,Mendocino,045,87422,1073,1019,4,1023,20
2020-10-23,Merced,047,269075,9535,9327,37,9364,149
2020-10-23,Modoc,049,8938,38,28,0,28,0
2020-10-23,Mono,051,14174,194,159,5,164,1
2020-10-23,Monterey,053,433212,11386,11099,58,11157,86
2020-10-23,Napa,055,140530,2036,1942,8,1950,14
2020-10-23,Nevada,057,99092,642,604,18,622,8
2020-10-23,Orange,059,3164182,60650,57595,1750,59345,1430
2020-10-23,Placer,061,380077,4351,4073,15,4088,57
2020-10-23,Plumas,063,18699,75,63,0,63,0
2020-10-23,Riverside,065,2383286,67399,65512,359,65871,1279
2020-10-23,Sacramento,067,1510023,25695,25224,28,25252,496
2020-10-23,San Benito,069,59416,1431,1412,1,1413,15
2020-10-23,San Bernardino,071,2135413,63736,60854,431,61285,1150
2020-10-23,San Diego,073,3302833,56234,53944,1515,55459,867
2020-10-23,San Francisco,075,870044,12281,12015,50,12065,137
2020-10-23,San Joaquin,077,732212,21907,21361,195,21556,495
2020-10-23,San Luis Obispo,079,281455,4351,4102,28,4130,31
2020-10-23,San Mateo,081,765935,11368,10872,10,10882,155
2020-10-23,Santa Barbara,083,443738,9948,9751,94,9845,121
2020-10-23,Santa Clara,085,1922200,25382,23822,50,23872,364
2020-10-23,Santa Cruz,087,273765,2867,2757,34,2791,24
2020-10-23,Shasta,089,179085,2157,1846,19,1865,29
2020-10-23,Sierra,091,2930,6,6,0,6,0
2020-10-23,Siskiyou,093,43540,201,172,10,182,0
2020-10-23,Solano,095,438530,7393,7174,41,7215,59
2020-10-23,Sonoma,097,501317,9568,9112,26,9138,139
2020-10-23,Stanislaus,099,539301,17739,17496,737,18233,395
2020-10-23,Sutter,101,95872,1861,1797,1,1798,12
2020-10-23,Tehama,103,63373,916,862,2,864,5
2020-10-23,Trinity,105,12862,85,26,11,37,0
2020-10-23,Tulare,107,460477,17954,17334,351,17685,295
2020-10-23,Tuolumne,109,53932,277,254,4,258,4
2020-10-23,Ventura,111,848112,14943,14192,323,14515,155
2020-10-23,Yolo,113,214977,3247,3140,9,3149,57
2020-10-23,Yuba,115,75493,1254,1206,6,1212,10
2020-10-22,Alameda,001,1643700,23602,22915,224,23139,393
2020-10-22,Alpine,003,1148,3,3,0,3,0
2020-10-22,Amador,005,37829,341,317,0,317,16
2020-10-22,Butte,007,227075,3189,3046,32,3078,55
2020-10-22,Calaveras,009,45235,333,273,0,273,13
2020-10-22,Colusa,011,21464,550,547,1,548,6
2020-10-22,Contra Costa,013,1133247,18978,18393,93,18486,243
2020-10-22,Del Norte,015,27424,173,168,0,168,2
2020-10-22,El Dorado,017,186661,1395,1308,3,1311,4
2020-10-22,Fresno,019,978130,33411,30471,471,30942,438
2020-10-22,Glenn,021,27897,672,643,1,644,3
2020-10-22,Humboldt,023,135768,562,548,1,549,7
2020-10-22,Imperial,025,180216,12863,12311,18,12329,333
2020-10-22,Inyo,027,18085,241,220,5,225,14
2020-10-22,Kern,029,883053,33854,32991,406,33397,431
2020-10-22,Kings,031,150075,8458,8201,55,8256,82
2020-10-22,Lake,033,64148,711,678,0,678,15
2020-10-22,Lassen,035,31185,771,764,2,766,0
2020-10-22,Los Angeles,037,10098052,299550,291599,2803,294402,6935
2020-10-22,Madera,039,155013,5031,4847,38,4885,52
2020-10-22,Marin,041,260295,7127,7014,19,7033,102
2020-10-22,Mariposa,043,17540,80,77,0,77,2
2020-10-22,Mendocino,045,87422,1068,1016,4,1020,20
2020-10-22,Merced,047,269075,9507,9323,37,9360,149
2020-10-22,Modoc,049,8938,34,26,0,26,0
2020-10-22,Mono,051,14174,189,156,5,161,1
2020-10-22,Monterey,053,433212,11327,11059,55,11114,84
2020-10-22,Napa,055,140530,2021,1928,8,1936,14
2020-10-22,Nevada,057,99092,636,600,18,618,8
2020-10-22,Orange,059,3164182,60435,57418,1733,59151,1422
2020-10-22,Placer,061,380077,4302,4036,15,4051,57
2020-10-22,Plumas,063,18699,72,62,0,62,0
2020-10-22,Riverside,065,2383286,67064,65104,339,65443,1279
2020-10-22,Sacramento,067,1510023,25555,25054,28,25082,492
2020-10-22,San Benito,069,59416,1427,1403,1,1404,15
2020-10-22,San Bernardino,071,2135413,63335,60402,416,60818,1149
2020-10-22,San Diego,073,3302833,55847,53514,1496,55010,866
2020-10-22,San Francisco,075,870044,12223,11991,48,12039,137
2020-10-22,San Joaquin,077,732212,21834,21282,189,21471,495
2020-10-22,San Luis Obispo,079,281455,4335,4081,28,4109,31
2020-10-22,San Mateo,081,765935,11312,10796,10,10806,155
2020-10-22,Santa Barbara,083,443738,9914,9710,92,9802,120
2020-10-22,Santa Clara,085,1922200,25228,23621,50,23671,363
2020-10-22,Santa Cruz,087,273765,2849,2738,33,2771,24
2020-10-22,Shasta,089,179085,2111,1799,19,1818,29
2020-10-22,Sierra,091,2930,6,6,0,6,0
2020-10-22,Siskiyou,093,43540,201,169,10,179,0
2020-10-22,Solano,095,438530,7347,7116,41,7157,59
2020-10-22,Sonoma,097,501317,9502,9052,25,9077,139
2020-10-22,Stanislaus,099,539301,17685,17440,725,18165,395
2020-10-22,Sutter,101,95872,1847,1794,1,1795,12
2020-10-22,Tehama,103,63373,905,852,2,854,5
2020-10-22,Trinity,105,12862,84,26,11,37,0
2020-10-22,Tulare,107,460477,17888,17265,338,17603,293
2020-10-22,Tuolumne,109,53932,275,252,4,256,4
2020-10-22,Ventura,111,848112,14896,14124,321,14445,154
2020-10-22,Yolo,113,214977,3235,3116,9,3125,58
2020-10-22,Yuba,115,75493,1247,1199,5,1204,10
2020-10-21,Alameda,001,1643700,23514,22853,222,23075,392
2020-10-21,Alpine,003,1148,3,3,0,3,0
2020-10-21,Amador,005,37829,336,313,0,313,16
2020-10-21,Butte,007,227075,3177,3041,32,3073,55
2020-10-21,Calaveras,009,45235,332,272,0,272,13
2020-10-21,Colusa,011,21464,550,546,1,547,6
2020-10-21,Contra Costa,013,1133247,18904,18299,93,18392,243
2020-10-21,Del Norte,015,27424,173,169,0,169,2
2020-10-21,El Dorado,017,186661,1383,1305,2,1307,4
2020-10-21,Fresno,019,978130,33315,30328,466,30794,433
2020-10-21,Glenn,021,27897,667,640,1,641,3
2020-10-21,Humboldt,023,135768,561,548,1,549,7
2020-10-21,Imperial,025,180216,12806,12210,18,12228,331
2020-10-21,Inyo,027,18085,237,220,5,225,14
2020-10-21,Kern,029,883053,33779,32956,405,33361,430
2020-10-21,Kings,031,150075,8431,8186,55,8241,80
2020-10-21,Lake,033,64148,710,676,0,676,15
2020-10-21,Lassen,035,31185,770,764,2,766,0
2020-10-21,Los Angeles,037,10098052,298210,288096,2761,290857,6923
2020-10-21,Madera,039,155013,5006,4831,38,4869,52
2020-10-21,Marin,041,260295,7118,7002,19,7021,102
2020-10-21,Mariposa,043,17540,80,77,0,77,2
2020-10-21,Mendocino,045,87422,1066,1011,4,1015,21
2020-10-21,Merced,047,269075,9483,9319,35,9354,149
2020-10-21,Modoc,049,8938,33,26,0,26,0
2020-10-21,Mono,051,14174,187,156,5,161,1
2020-10-21,Monterey,053,433212,11289,11005,54,11059,83
2020-10-21,Napa,055,140530,2006,1918,8,1926,13
2020-10-21,Nevada,057,99092,630,597,18,615,8
2020-10-21,Orange,059,3164182,60222,57189,1724,58913,1409
2020-10-21,Placer,061,380077,4265,4007,15,4022,56
2020-10-21,Plumas,063,18699,69,58,0,58,0
2020-10-21,Riverside,065,2383286,66768,64778,315,65093,1278
2020-10-21,Sacramento,067,1510023,25361,24908,28,24936,490
2020-10-21,San Benito,069,59416,1426,1401,1,1402,14
2020-10-21,San Bernardino,071,2135413,62927,59948,409,60357,1141
2020-10-21,San Diego,073,3302833,55495,53279,1468,54747,863
2020-10-21,San Francisco,075,870044,12174,11976,47,12023,137
2020-10-21,San Joaquin,077,732212,21758,21201,183,21384,495
2020-10-21,San Luis Obispo,079,281455,4320,4055,26,4081,31
2020-10-21,San Mateo,081,765935,11263,10730,10,10740,155
2020-10-21,Santa Barbara,083,443738,9896,9681,91,9772,121
2020-10-21,Santa Clara,085,1922200,25102,23537,50,23587,361
2020-10-21,Santa Cruz,087,273765,2826,2729,33,2762,24
2020-10-21,Shasta,089,179085,2075,1777,19,1796,27
2020-10-21,Sierra,091,2930,6,6,0,6,0
2020-10-21,Siskiyou,093,43540,197,169,10,179,0
2020-10-21,Solano,095,438530,7301,7088,41,7129,59
2020-10-21,Sonoma,097,501317,9422,8987,25,9012,138
2020-10-21,Stanislaus,099,539301,17635,17419,717,18136,392
2020-10-21,Sutter,101,95872,1832,1786,1,1787,12
2020-10-21,Tehama,103,63373,889,824,2,826,5
2020-10-21,Trinity,105,12862,78,25,10,35,0
2020-10-21,Tulare,107,460477,17850,17204,324,17528,292
2020-10-21,Tuolumne,109,53932,274,251,4,255,4
2020-10-21,Ventura,111,848112,14833,14050,318,14368,153
2020-10-21,Yolo,113,214977,3216,3095,9,3104,58
2020-10-21,Yuba,115,75493,1238,1194,5,1199,10
2020-10-20,Alameda,001,1643700,23411,22750,218,22968,391
2020-10-20,Alpine,003,1148,3,3,0,3,0
2020-10-20,Amador,005,37829,335,313,0,313,16
2020-10-20,Butte,007,227075,3165,3027,32,3059,56
2020-10-20,Calaveras,009,45235,331,273,0,273,13
2020-10-20,Colusa,011,21464,547,546,1,547,6
2020-10-20,Contra Costa,013,1133247,18812,18246,93,18339,241
2020-10-20,Del Norte,015,27424,172,169,0,169,2
2020-10-20,El Dorado,017,186661,1377,1295,2,1297,4
2020-10-20,Fresno,019,978130,33212,30220,460,30680,431
2020-10-20,Glenn,021,27897,662,638,1,639,3
2020-10-20,Humboldt,023,135768,557,545,1,546,7
2020-10-20,Imperial,025,180216,12737,12114,17,12131,330
2020-10-20,Inyo,027,18085,237,218,5,223,14
2020-10-20,Kern,029,883053,33704,32889,392,33281,429
2020-10-20,Kings,031,150075,8413,8178,54,8232,80
2020-10-20,Lake,033,64148,708,675,0,675,15
2020-10-20,Lassen,035,31185,769,757,2,759,0
2020-10-20,Los Angeles,037,10098052,296719,287727,2710,290437,6891
2020-10-20,Madera,039,155013,4989,4823,38,4861,52
2020-10-20,Marin,041,260295,7103,6994,19,7013,101
2020-10-20,Mariposa,043,17540,79,77,0,77,2
2020-10-20,Mendocino,045,87422,1064,1004,4,1008,21
2020-10-20,Merced,047,269075,9461,9323,35,9358,149
2020-10-20,Modoc,049,8938,32,26,0,26,0
2020-10-20,Mono,051,14174,187,156,5,161,1
2020-10-20,Monterey,053,433212,11246,10942,51,10993,81
2020-10-20,Napa,055,140530,1987,1912,8,1920,13
2020-10-20,Nevada,057,99092,620,596,18,614,8
2020-10-20,Orange,059,3164182,59958,56914,1714,58628,1397
2020-10-20,Placer,061,380077,4227,3997,15,4012,56
2020-10-20,Plumas,063,18699,66,53,0,53,0
2020-10-20,Riverside,065,2383286,66388,64452,303,64755,1275
2020-10-20,Sacramento,067,1510023,25233,24767,27,24794,485
2020-10-20,San Benito,069,59416,1423,1398,1,1399,14
2020-10-20,San Bernardino,071,2135413,62545,59571,407,59978,1109
2020-10-20,San Diego,073,3302833,55159,53004,1448,54452,857
2020-10-20,San Francisco,075,870044,12127,12013,46,12059,126
2020-10-20,San Joaquin,077,732212,21679,21173,173,21346,490
2020-10-20,San Luis Obispo,079,281455,4302,4043,25,4068,31
2020-10-20,San Mateo,081,765935,11216,10659,10,10669,155
2020-10-20,Santa Barbara,083,443738,9867,9664,89,9753,121
2020-10-20,Santa Clara,085,1922200,24965,23406,50,23456,358
2020-10-20,Santa Cruz,087,273765,2803,2710,33,2743,23
2020-10-20,Shasta,089,179085,2052,1747,19,1766,20
2020-10-20,Sierra,091,2930,6,6,0,6,0
2020-10-20,Siskiyou,093,43540,189,168,10,178,0
2020-10-20,Solano,095,438530,7252,7044,41,7085,57
2020-10-20,Sonoma,097,501317,9359,8904,23,8927,135
2020-10-20,Stanislaus,099,539301,17581,17367,713,18080,393
2020-10-20,Sutter,101,95872,1823,1783,1,1784,12
2020-10-20,Tehama,103,63373,874,813,2,815,5
2020-10-20,Trinity,105,12862,77,25,10,35,0
2020-10-20,Tulare,107,460477,17783,17156,319,17475,289
2020-10-20,Tuolumne,109,53932,272,250,4,254,4
2020-10-20,Ventura,111,848112,14769,13980,316,14296,152
2020-10-20,Yolo,113,214977,3193,3083,9,3092,56
2020-10-20,Yuba,115,75493,1228,1191,5,1196,10
2020-10-19,Alameda,001,1643700,23300,22647,217,22864,392
2020-10-19,Alpine,003,1148,3,3,0,3,0
2020-10-19,Amador,005,37829,329,313,0,313,16
2020-10-19,Butte,007,227075,3154,3026,32,3058,55
2020-10-19,Calaveras,009,45235,330,268,0,268,13
2020-10-19,Colusa,011,21464,547,544,1,545,6
2020-10-19,Contra Costa,013,1133247,18714,18173,93,18266,239
2020-10-19,Del Norte,015,27424,169,167,0,167,2
2020-10-19,El Dorado,017,186661,1356,1287,2,1289,4
2020-10-19,Fresno,019,978130,33103,30152,454,30606,431
2020-10-19,Glenn,021,27897,657,635,0,635,3
2020-10-19,Humboldt,023,135768,557,543,1,544,7
2020-10-19,Imperial,025,180216,12683,12036,16,12052,330
2020-10-19,Inyo,027,18085,236,218,5,223,14
2020-10-19,Kern,029,883053,33628,32840,389,33229,428
2020-10-19,Kings,031,150075,8395,8173,54,8227,80
2020-10-19,Lake,033,64148,705,673,0,673,15
2020-10-19,Lassen,035,31185,768,757,2,759,0
2020-10-19,Los Angeles,037,10098052,295231,287119,2672,289791,6858
2020-10-19,Madera,039,155013,4974,4787,38,4825,52
2020-10-19,Marin,041,260295,7085,6981,19,7000,100
2020-10-19,Mariposa,043,17540,79,77,0,77,2
2020-10-19,Mendocino,045,87422,1059,1001,4,1005,21
2020-10-19,Merced,047,269075,9436,9305,31,9336,148
2020-10-19,Modoc,049,8938,31,26,0,26,0
2020-10-19,Mono,051,14174,182,156,5,161,1
2020-10-19,Monterey,053,433212,11185,10907,51,10958,80
2020-10-19,Napa,055,140530,1975,1892,8,1900,12
2020-10-19,Nevada,057,99092,617,590,18,608,8
2020-10-19,Orange,059,3164182,59674,56652,1699,58351,1396
2020-10-19,Placer,061,380077,4178,3962,15,3977,49
2020-10-19,Plumas,063,18699,64,52,0,52,0
2020-10-19,Riverside,065,2383286,65957,64016,287,64303,1272
2020-10-19,Sacramento,067,1510023,25094,24542,27,24569,483
2020-10-19,San Benito,069,59416,1416,1395,1,1396,14
2020-10-19,San Bernardino,071,2135413,62095,59265,396,59661,1100
2020-10-19,San Diego,073,3302833,54773,52739,1423,54162,853
2020-10-19,San Francisco,075,870044,12083,11879,46,11925,126
2020-10-19,San Joaquin,077,732212,21604,20930,165,21095,489
2020-10-19,San Luis Obispo,079,281455,4286,4016,25,4041,31
2020-10-19,San Mateo,081,765935,11170,10568,10,10578,154
2020-10-19,Santa Barbara,083,443738,9832,9632,89,9721,121
2020-10-19,Santa Clara,085,1922200,24815,23301,50,23351,352
2020-10-19,Santa Cruz,087,273765,2786,2705,33,2738,19
2020-10-19,Shasta,089,179085,2008,1709,18,1727,20
2020-10-19,Sierra,091,2930,6,6,0,6,0
2020-10-19,Siskiyou,093,43540,182,167,10,177,0
2020-10-19,Solano,095,438530,7211,7003,41,7044,57
2020-10-19,Sonoma,097,501317,9272,8830,23,8853,135
2020-10-19,Stanislaus,099,539301,17530,17342,703,18045,390
2020-10-19,Sutter,101,95872,1818,1773,1,1774,12
2020-10-19,Tehama,103,63373,871,793,2,795,5
2020-10-19,Trinity,105,12862,75,23,10,33,0
2020-10-19,Tulare,107,460477,17733,17047,312,17359,291
2020-10-19,Tuolumne,109,53932,270,247,4,251,4
2020-10-19,Ventura,111,848112,14703,13930,313,14243,152
2020-10-19,Yolo,113,214977,3180,3069,9,3078,56
2020-10-19,Yuba,115,75493,1221,1183,5,1188,10
2020-10-18,Alameda,001,1643700,23196,22546,216,22762,392
2020-10-18,Alpine,003,1148,3,3,0,3,0
2020-10-18,Amador,005,37829,317,313,0,313,16
2020-10-18,Butte,007,227075,3141,3019,32,3051,55
2020-10-18,Calaveras,009,45235,329,267,0,267,13
2020-10-18,Colusa,011,21464,545,544,1,545,6
2020-10-18,Contra Costa,013,1133247,18615,18120,93,18213,237
2020-10-18,Del Norte,015,27424,169,167,0,167,2
2020-10-18,El Dorado,017,186661,1347,1283,2,1285,4
2020-10-18,Fresno,019,978130,32974,30051,446,30497,430
2020-10-18,Glenn,021,27897,655,634,0,634,3
2020-10-18,Humboldt,023,135768,554,540,1,541,7
2020-10-18,Imperial,025,180216,12621,11987,15,12002,330
2020-10-18,Inyo,027,18085,233,215,5,220,14
2020-10-18,Kern,029,883053,33555,32799,382,33181,428
2020-10-18,Kings,031,150075,8380,8159,54,8213,80
2020-10-18,Lake,033,64148,698,670,0,670,15
2020-10-18,Lassen,035,31185,768,757,2,759,0
2020-10-18,Los Angeles,037,10098052,293524,286187,2629,288816,6857
2020-10-18,Madera,039,155013,4949,4770,37,4807,52
2020-10-18,Marin,041,260295,7064,6969,19,6988,99
2020-10-18,Mariposa,043,17540,79,77,0,77,2
2020-10-18,Mendocino,045,87422,1057,988,4,992,21
2020-10-18,Merced,047,269075,9401,9292,31,9323,148
2020-10-18,Modoc,049,8938,30,26,0,26,0
2020-10-18,Mono,051,14174,177,155,5,160,1
2020-10-18,Monterey,053,433212,11132,10872,51,10923,80
2020-10-18,Napa,055,140530,1962,1882,8,1890,12
2020-10-18,Nevada,057,99092,611,582,18,600,8
2020-10-18,Orange,059,3164182,59377,56394,1683,58077,1396
2020-10-18,Placer,061,380077,4130,3938,15,3953,49
2020-10-18,Plumas,063,18699,62,52,0,52,0
2020-10-18,Riverside,065,2383286,65644,63765,266,64031,1270
2020-10-18,Sacramento,067,1510023,24939,24425,27,24452,482
2020-10-18,San Benito,069,59416,1409,1395,1,1396,14
2020-10-18,San Bernardino,071,2135413,61595,58893,388,59281,1098
2020-10-18,San Diego,073,3302833,54384,52359,1402,53761,853
2020-10-18,San Francisco,075,870044,12044,11878,46,11924,126
2020-10-18,San Joaquin,077,732212,21521,20931,152,21083,489
2020-10-18,San Luis Obispo,079,281455,4255,4009,23,4032,31
2020-10-18,San Mateo,081,765935,11111,10503,10,10513,154
2020-10-18,Santa Barbara,083,443738,9793,9608,88,9696,121
2020-10-18,Santa Clara,085,1922200,24642,23169,50,23219,352
2020-10-18,Santa Cruz,087,273765,2772,2692,33,2725,19
2020-10-18,Shasta,089,179085,1983,1708,18,1726,20
2020-10-18,Sierra,091,2930,6,6,0,6,0
2020-10-18,Siskiyou,093,43540,182,167,10,177,0
2020-10-18,Solano,095,438530,7164,6962,41,7003,57
2020-10-18,Sonoma,097,501317,9195,8781,22,8803,134
2020-10-18,Stanislaus,099,539301,17474,17290,694,17984,390
2020-10-18,Sutter,101,95872,1809,1764,1,1765,12
2020-10-18,Tehama,103,63373,839,774,2,776,5
2020-10-18,Trinity,105,12862,75,20,10,30,0
2020-10-18,Tulare,107,460477,17639,17048,303,17351,290
2020-10-18,Tuolumne,109,53932,265,245,4,249,4
2020-10-18,Ventura,111,848112,14623,13901,312,14213,151
2020-10-18,Yolo,113,214977,3141,3059,9,3068,55
2020-10-18,Yuba,115,75493,1210,1176,5,1181,10
2020-10-17,Alameda,001,1643700,23150,22394,214,22608,398
2020-10-17,Alpine,003,1148,3,3,0,3,0
2020-10-17,Amador,005,37829,315,309,0,309,16
2020-10-17,Butte,007,227075,3133,3012,30,3042,55
2020-10-17,Calaveras,009,45235,329,267,0,267,13
2020-10-17,Colusa,011,21464,544,544,1,545,6
2020-10-17,Contra Costa,013,1133247,18562,18005,93,18098,237
2020-10-17,Del Norte,015,27424,169,167,0,167,2
2020-10-17,El Dorado,017,186661,1343,1277,2,1279,4
2020-10-17,Fresno,019,978130,32920,29911,444,30355,430
2020-10-17,Glenn,021,27897,652,633,0,633,3
2020-10-17,Humboldt,023,135768,551,535,1,536,7
2020-10-17,Imperial,025,180216,12593,11962,15,11977,330
2020-10-17,Inyo,027,18085,228,212,5,217,14
2020-10-17,Kern,029,883053,33504,32710,379,33089,428
2020-10-17,Kings,031,150075,8374,8151,53,8204,80
2020-10-17,Lake,033,64148,695,663,0,663,15
2020-10-17,Lassen,035,31185,768,757,2,759,0
2020-10-17,Los Angeles,037,10098052,292771,285858,2602,288460,6844
2020-10-17,Madera,039,155013,4943,4759,37,4796,53
2020-10-17,Marin,041,260295,7061,6958,19,6977,99
2020-10-17,Mariposa,043,17540,78,77,0,77,2
2020-10-17,Mendocino,045,87422,1050,977,4,981,21
2020-10-17,Merced,047,269075,9387,9275,31,9306,148
2020-10-17,Modoc,049,8938,30,26,0,26,0
2020-10-17,Mono,051,14174,176,155,5,160,1
2020-10-17,Monterey,053,433212,11092,10807,50,10857,80
2020-10-17,Napa,055,140530,1953,1866,8,1874,12
2020-10-17,Nevada,057,99092,610,580,18,598,8
2020-10-17,Orange,059,3164182,59235,56197,1676,57873,1396
2020-10-17,Placer,061,380077,4103,3898,15,3913,49
2020-10-17,Plumas,063,18699,62,52,0,52,0
2020-10-17,Riverside,065,2383286,65446,63171,256,63427,1270
2020-10-17,Sacramento,067,1510023,24855,24304,27,24331,482
2020-10-17,San Benito,069,59416,1405,1389,1,1390,14
2020-10-17,San Bernardino,071,2135413,61324,58415,381,58796,1097
2020-10-17,San Diego,073,3302833,54159,51986,1391,53377,853
2020-10-17,San Francisco,075,870044,12016,11877,45,11922,126
2020-10-17,San Joaquin,077,732212,21467,20932,146,21078,489
2020-10-17,San Luis Obispo,079,281455,4240,3979,23,4002,31
2020-10-17,San Mateo,081,765935,11083,10423,10,10433,153
2020-10-17,Santa Barbara,083,443738,9774,9588,86,9674,121
2020-10-17,Santa Clara,085,1922200,24553,22997,50,23047,349
2020-10-17,Santa Cruz,087,273765,2758,2680,33,2713,19
2020-10-17,Shasta,089,179085,1957,1679,18,1697,20
2020-10-17,Sierra,091,2930,6,6,0,6,0
2020-10-17,Siskiyou,093,43540,181,167,10,177,0
2020-10-17,Solano,095,438530,7138,6929,41,6970,57
2020-10-17,Sonoma,097,501317,9152,8725,22,8747,134
2020-10-17,Stanislaus,099,539301,17434,17232,685,17917,390
2020-10-17,Sutter,101,95872,1807,1762,1,1763,12
2020-10-17,Tehama,103,63373,823,764,2,766,5
2020-10-17,Trinity,105,12862,75,20,10,30,0
2020-10-17,Tulare,107,460477,17609,16995,294,17289,290
2020-10-17,Tuolumne,109,53932,265,241,4,245,4
2020-10-17,Ventura,111,848112,14578,13845,309,14154,151
2020-10-17,Yolo,113,214977,3126,3045,8,3053,55
2020-10-17,Yuba,115,75493,1205,1164,5,1169,10
2020-10-16,Alameda,001,1643700,23096,22315,214,22529,397
2020-10-16,Alpine,003,1148,3,3,0,3,0
2020-10-16,Amador,005,37829,315,309,0,309,16
2020-10-16,Butte,007,227075,3122,3004,30,3034,54
2020-10-16,Calaveras,009,45235,329,267,0,267,13
2020-10-16,Colusa,011,21464,543,544,1,545,6
2020-10-16,Contra Costa,013,1133247,18509,17956,93,18049,237
2020-10-16,Del Norte,015,27424,169,166,0,166,2
2020-10-16,El Dorado,017,186661,1337,1273,2,1275,4
2020-10-16,Fresno,019,978130,32844,29796,443,30239,427
2020-10-16,Glenn,021,27897,647,632,0,632,3
2020-10-16,Humboldt,023,135768,551,533,1,534,7
2020-10-16,Imperial,025,180216,12553,11885,15,11900,330
2020-10-16,Inyo,027,18085,224,212,5,217,14
2020-10-16,Kern,029,883053,33461,32660,377,33037,428
2020-10-16,Kings,031,150075,8365,8146,52,8198,80
2020-10-16,Lake,033,64148,693,644,0,644,14
2020-10-16,Lassen,035,31185,768,757,2,759,0
2020-10-16,Los Angeles,037,10098052,291709,284988,2581,287569,6835
2020-10-16,Madera,039,155013,4931,4736,36,4772,53
2020-10-16,Marin,041,260295,7051,6933,19,6952,99
2020-10-16,Mariposa,043,17540,78,76,0,76,2
2020-10-16,Mendocino,045,87422,1043,974,4,978,21
2020-10-16,Merced,047,269075,9370,9246,31,9277,148
2020-10-16,Modoc,049,8938,30,26,0,26,0
2020-10-16,Mono,051,14174,174,155,5,160,1
2020-10-16,Monterey,053,433212,11057,10727,50,10777,79
2020-10-16,Napa,055,140530,1944,1855,8,1863,12
2020-10-16,Nevada,057,99092,608,579,18,597,8
2020-10-16,Orange,059,3164182,59057,56091,1670,57761,1388
2020-10-16,Placer,061,380077,4083,3864,15,3879,49
2020-10-16,Plumas,063,18699,61,52,0,52,0
2020-10-16,Riverside,065,2383286,65220,62986,255,63241,1267
2020-10-16,Sacramento,067,1510023,24761,24144,27,24171,479
2020-10-16,San Benito,069,59416,1402,1388,1,1389,14
2020-10-16,San Bernardino,071,2135413,61055,58233,381,58614,1069
2020-10-16,San Diego,073,3302833,53917,51785,1377,53162,850
2020-10-16,San Francisco,075,870044,11994,11840,44,11884,126
2020-10-16,San Joaquin,077,732212,21422,20910,145,21055,489
2020-10-16,San Luis Obispo,079,281455,4224,3952,23,3975,32
2020-10-16,San Mateo,081,765935,11058,10405,10,10415,153
2020-10-16,Santa Barbara,083,443738,9756,9549,86,9635,119
2020-10-16,Santa Clara,085,1922200,24466,22920,50,22970,345
2020-10-16,Santa Cruz,087,273765,2745,2666,33,2699,20
2020-10-16,Shasta,089,179085,1935,1660,18,1678,20
2020-10-16,Sierra,091,2930,6,6,0,6,0
2020-10-16,Siskiyou,093,43540,179,167,10,177,0
2020-10-16,Solano,095,438530,7115,6879,41,6920,55
2020-10-16,Sonoma,097,501317,9096,8652,22,8674,133
2020-10-16,Stanislaus,099,539301,17400,17201,677,17878,366
2020-10-16,Sutter,101,95872,1799,1756,1,1757,12
2020-10-16,Tehama,103,63373,822,737,2,739,3
2020-10-16,Trinity,105,12862,75,20,10,30,0
2020-10-16,Tulare,107,460477,17577,16965,286,17251,290
2020-10-16,Tuolumne,109,53932,263,237,4,241,4
2020-10-16,Ventura,111,848112,14535,13805,304,14109,152
2020-10-16,Yolo,113,214977,3117,3030,8,3038,55
2020-10-16,Yuba,115,75493,1205,1155,5,1160,10
2020-10-15,Alameda,001,1643700,23028,22267,213,22480,390
2020-10-15,Alpine,003,1148,3,3,0,3,0
2020-10-15,Amador,005,37829,315,309,0,309,16
2020-10-15,Butte,007,227075,3110,3000,29,3029,54
2020-10-15,Calaveras,009,45235,328,267,0,267,13
2020-10-15,Colusa,011,21464,542,543,1,544,6
2020-10-15,Contra Costa,013,1133247,18442,17893,92,17985,237
2020-10-15,Del Norte,015,27424,169,164,0,164,2
2020-10-15,El Dorado,017,186661,1332,1265,2,1267,4
2020-10-15,Fresno,019,978130,32747,29727,440,30167,425
2020-10-15,Glenn,021,27897,642,632,0,632,3
2020-10-15,Humboldt,023,135768,547,531,1,532,7
2020-10-15,Imperial,025,180216,12512,11820,14,11834,330
2020-10-15,Inyo,027,18085,224,210,5,215,14
2020-10-15,Kern,029,883053,33380,32593,374,32967,427
2020-10-15,Kings,031,150075,8350,8134,52,8186,80
2020-10-15,Lake,033,64148,691,642,0,642,14
2020-10-15,Lassen,035,31185,767,752,2,754,0
2020-10-15,Los Angeles,037,10098052,290424,284019,2547,286566,6807
2020-10-15,Madera,039,155013,4919,4723,35,4758,50
2020-10-15,Marin,041,260295,7043,6912,19,6931,99
2020-10-15,Mariposa,043,17540,78,76,0,76,2
2020-10-15,Mendocino,045,87422,1037,963,4,967,21
2020-10-15,Merced,047,269075,9343,9213,31,9244,147
2020-10-15,Modoc,049,8938,30,26,0,26,0
2020-10-15,Mono,051,14174,174,155,5,160,1
2020-10-15,Monterey,053,433212,10990,10677,49,10726,79
2020-10-15,Napa,055,140530,1931,1842,8,1850,12
2020-10-15,Nevada,057,99092,604,575,18,593,8
2020-10-15,Orange,059,3164182,58840,55952,1658,57610,1379
2020-10-15,Placer,061,380077,4054,3848,15,3863,48
2020-10-15,Plumas,063,18699,58,52,0,52,0
2020-10-15,Riverside,065,2383286,64889,62819,252,63071,1266
2020-10-15,Sacramento,067,1510023,24645,24068,27,24095,474
2020-10-15,San Benito,069,59416,1399,1384,1,1385,14
2020-10-15,San Bernardino,071,2135413,60716,58068,378,58446,1067
2020-10-15,San Diego,073,3302833,53633,51472,1361,52833,847
2020-10-15,San Francisco,075,870044,11966,11808,41,11849,126
2020-10-15,San Joaquin,077,732212,21349,20880,139,21019,487
2020-10-15,San Luis Obispo,079,281455,4207,3934,23,3957,32
2020-10-15,San Mateo,081,765935,11018,10340,10,10350,152
2020-10-15,Santa Barbara,083,443738,9732,9526,85,9611,117
2020-10-15,Santa Clara,085,1922200,24350,22808,50,22858,343
2020-10-15,Santa Cruz,087,273765,2731,2656,33,2689,13
2020-10-15,Shasta,089,179085,1924,1635,18,1653,20
2020-10-15,Sierra,091,2930,6,6,0,6,0
2020-10-15,Siskiyou,093,43540,175,166,10,176,0
2020-10-15,Solano,095,438530,7076,6830,41,6871,55
2020-10-15,Sonoma,097,501317,9004,8571,22,8593,133
2020-10-15,Stanislaus,099,539301,17362,17151,663,17814,366
2020-10-15,Sutter,101,95872,1796,1752,1,1753,12
2020-10-15,Tehama,103,63373,795,726,2,728,3
2020-10-15,Trinity,105,12862,75,20,10,30,0
2020-10-15,Tulare,107,460477,17517,16918,271,17189,289
2020-10-15,Tuolumne,109,53932,261,236,4,240,4
2020-10-15,Ventura,111,848112,14479,13750,299,14049,152
2020-10-15,Yolo,113,214977,3097,3014,8,3022,55
2020-10-15,Yuba,115,75493,1198,1151,5,1156,10
2020-10-14,Alameda,001,1643700,22929,22227,212,22439,398
2020-10-14,Alpine,003,1148,3,3,0,3,0
2020-10-14,Amador,005,37829,313,308,0,308,16
2020-10-14,Butte,007,227075,3102,2995,29,3024,54
2020-10-14,Calaveras,009,45235,328,266,0,266,12
2020-10-14,Colusa,011,21464,542,543,1,544,6
2020-10-14,Contra Costa,013,1133247,18385,17820,90,17910,236
2020-10-14,Del Norte,015,27424,168,163,0,163,2
2020-10-14,El Dorado,017,186661,1326,1264,2,1266,4
2020-10-14,Fresno,019,978130,32632,29650,434,30084,424
2020-10-14,Glenn,021,27897,641,629,0,629,3
2020-10-14,Humboldt,023,135768,544,531,1,532,7
2020-10-14,Imperial,025,180216,12475,11765,12,11777,330
2020-10-14,Inyo,027,18085,223,209,4,213,14
2020-10-14,Kern,029,883053,33305,32528,372,32900,425
2020-10-14,Kings,031,150075,8332,8118,52,8170,80
2020-10-14,Lake,033,64148,690,642,0,642,14
2020-10-14,Lassen,035,31185,765,752,2,754,0
2020-10-14,Los Angeles,037,10098052,289111,282918,2503,285421,6786
2020-10-14,Madera,039,155013,4904,4713,34,4747,50
2020-10-14,Marin,041,260295,7037,6907,19,6926,99
2020-10-14,Mariposa,043,17540,77,76,0,76,2
2020-10-14,Mendocino,045,87422,1031,955,4,959,21
2020-10-14,Merced,047,269075,9318,9201,29,9230,147
2020-10-14,Modoc,049,8938,30,27,0,27,0
2020-10-14,Mono,051,14174,174,155,5,160,1
2020-10-14,Monterey,053,433212,10939,10616,49,10665,78
2020-10-14,Napa,055,140530,1914,1837,8,1845,12
2020-10-14,Nevada,057,99092,602,573,18,591,7
2020-10-14,Orange,059,3164182,58626,55756,1649,57405,1348
2020-10-14,Placer,061,380077,4031,3829,15,3844,48
2020-10-14,Plumas,063,18699,54,52,0,52,0
2020-10-14,Riverside,065,2383286,64606,62607,251,62858,1261
2020-10-14,Sacramento,067,1510023,24501,24013,27,24040,472
2020-10-14,San Benito,069,59416,1397,1381,0,1381,14
2020-10-14,San Bernardino,071,2135413,60389,57774,374,58148,1063
2020-10-14,San Diego,073,3302833,53314,51329,1337,52666,844
2020-10-14,San Francisco,075,870044,11934,11783,40,11823,123
2020-10-14,San Joaquin,077,732212,21270,20845,125,20970,487
2020-10-14,San Luis Obispo,079,281455,4184,3901,22,3923,32
2020-10-14,San Mateo,081,765935,10967,10309,10,10319,132
2020-10-14,Santa Barbara,083,443738,9697,9509,85,9594,117
2020-10-14,Santa Clara,085,1922200,24201,22735,50,22785,343
2020-10-14,Santa Cruz,087,273765,2721,2618,33,2651,13
2020-10-14,Shasta,089,179085,1886,1553,18,1571,20
2020-10-14,Sierra,091,2930,6,6,0,6,0
2020-10-14,Siskiyou,093,43540,175,166,10,176,0
2020-10-14,Solano,095,438530,7020,6786,41,6827,55
2020-10-14,Sonoma,097,501317,8951,8514,22,8536,133
2020-10-14,Stanislaus,099,539301,17317,17105,660,17765,365
2020-10-14,Sutter,101,95872,1787,1747,1,1748,12
2020-10-14,Tehama,103,63373,784,721,2,723,3
2020-10-14,Trinity,105,12862,74,20,10,30,0
2020-10-14,Tulare,107,460477,17455,16863,258,17121,287
2020-10-14,Tuolumne,109,53932,260,236,4,240,4
2020-10-14,Ventura,111,848112,14426,13697,295,13992,152
2020-10-14,Yolo,113,214977,3079,3007,7,3014,55
2020-10-14,Yuba,115,75493,1190,1147,5,1152,10
2020-10-13,Alameda,001,1643700,22825,22185,210,22395,389
2020-10-13,Alpine,003,1148,3,3,0,3,0
2020-10-13,Amador,005,37829,311,306,0,306,16
2020-10-13,Butte,007,227075,3093,2992,29,3021,54
2020-10-13,Calaveras,009,45235,324,262,0,262,12
2020-10-13,Colusa,011,21464,542,541,1,542,6
2020-10-13,Contra Costa,013,1133247,18327,17783,90,17873,234
2020-10-13,Del Norte,015,27424,168,163,0,163,2
2020-10-13,El Dorado,017,186661,1317,1262,2,1264,4
2020-10-13,Fresno,019,978130,32510,29579,430,30009,424
2020-10-13,Glenn,021,27897,640,629,0,629,3
2020-10-13,Humboldt,023,135768,542,523,1,524,7
2020-10-13,Imperial,025,180216,12440,11727,11,11738,327
2020-10-13,Inyo,027,18085,220,207,4,211,14
2020-10-13,Kern,029,883053,33230,32497,370,32867,419
2020-10-13,Kings,031,150075,8323,8111,52,8163,80
2020-10-13,Lake,033,64148,687,639,0,639,12
2020-10-13,Lassen,035,31185,763,752,2,754,0
2020-10-13,Los Angeles,037,10098052,287833,281716,2460,284176,6767
2020-10-13,Madera,039,155013,4886,4700,34,4734,50
2020-10-13,Marin,041,260295,7015,6900,18,6918,97
2020-10-13,Mariposa,043,17540,77,76,0,76,2
2020-10-13,Mendocino,045,87422,1022,950,4,954,21
2020-10-13,Merced,047,269075,9301,9181,29,9210,146
2020-10-13,Modoc,049,8938,29,28,0,28,0
2020-10-13,Mono,051,14174,174,155,4,159,1
2020-10-13,Monterey,053,433212,10878,10574,48,10622,78
2020-10-13,Napa,055,140530,1905,1825,8,1833,12
2020-10-13,Nevada,057,99092,595,572,18,590,7
2020-10-13,Orange,059,3164182,58413,55515,1636,57151,1326
2020-10-13,Placer,061,380077,3993,3825,15,3840,48
2020-10-13,Plumas,063,18699,52,51,0,51,0
2020-10-13,Riverside,065,2383286,64286,62279,249,62528,1254
2020-10-13,Sacramento,067,1510023,24424,23930,27,23957,466
2020-10-13,San Benito,069,59416,1389,1380,0,1380,14
2020-10-13,San Bernardino,071,2135413,60050,57411,372,57783,1061
2020-10-13,San Diego,073,3302833,53021,51026,1320,52346,840
2020-10-13,San Francisco,075,870044,11899,11659,40,11699,122
2020-10-13,San Joaquin,077,732212,21209,20822,121,20943,481
2020-10-13,San Luis Obispo,079,281455,4168,3892,21,3913,32
2020-10-13,San Mateo,081,765935,10924,10286,10,10296,130
2020-10-13,Santa Barbara,083,443738,9666,9489,85,9574,117
2020-10-13,Santa Clara,085,1922200,24074,22678,50,22728,343
2020-10-13,Santa Cruz,087,273765,2703,2603,33,2636,13
2020-10-13,Shasta,089,179085,1862,1606,18,1624,20
2020-10-13,Sierra,091,2930,6,6,0,6,0
2020-10-13,Siskiyou,093,43540,174,163,10,173,0
2020-10-13,Solano,095,438530,6985,6761,41,6802,55
2020-10-13,Sonoma,097,501317,8868,8456,22,8478,133
2020-10-13,Stanislaus,099,539301,17272,17082,655,17737,362
2020-10-13,Sutter,101,95872,1778,1748,1,1749,12
2020-10-13,Tehama,103,63373,776,717,2,719,3
2020-10-13,Trinity,105,12862,70,19,9,28,0
2020-10-13,Tulare,107,460477,17396,16822,250,17072,286
2020-10-13,Tuolumne,109,53932,258,235,4,239,4
2020-10-13,Ventura,111,848112,14371,13645,291,13936,151
2020-10-13,Yolo,113,214977,3071,2983,6,2989,55
2020-10-13,Yuba,115,75493,1185,1143,5,1148,10
2020-10-12,Alameda,001,1643700,22745,22126,209,22335,389
2020-10-12,Alpine,003,1148,3,3,0,3,0
2020-10-12,Amador,005,37829,310,305,0,305,16
2020-10-12,Butte,007,227075,3087,2975,29,3004,54
2020-10-12,Calaveras,009,45235,324,262,0,262,12
2020-10-12,Colusa,011,21464,542,541,1,542,6
2020-10-12,Contra Costa,013,1133247,18252,17728,90,17818,233
2020-10-12,Del Norte,015,27424,168,161,0,161,2
2020-10-12,El Dorado,017,186661,1314,1254,2,1256,4
2020-10-12,Fresno,019,978130,32377,29523,426,29949,421
2020-10-12,Glenn,021,27897,639,626,0,626,3
2020-10-12,Humboldt,023,135768,539,522,1,523,7
2020-10-12,Imperial,025,180216,12401,11689,11,11700,328
2020-10-12,Inyo,027,18085,217,201,4,205,14
2020-10-12,Kern,029,883053,33137,32425,367,32792,419
2020-10-12,Kings,031,150075,8317,8106,51,8157,80
2020-10-12,Lake,033,64148,681,633,0,633,12
2020-10-12,Lassen,035,31185,763,752,2,754,0
2020-10-12,Los Angeles,037,10098052,286615,280961,2433,283394,6747
2020-10-12,Madera,039,155013,4867,4689,34,4723,50
2020-10-12,Marin,041,260295,6998,6886,18,6904,97
2020-10-12,Mariposa,043,17540,77,76,0,76,2
2020-10-12,Mendocino,045,87422,1016,947,4,951,21
2020-10-12,Merced,047,269075,9280,9141,29,9170,146
2020-10-12,Modoc,049,8938,29,27,0,27,0
2020-10-12,Mono,051,14174,174,154,4,158,1
2020-10-12,Monterey,053,433212,10812,10473,48,10521,77
2020-10-12,Napa,055,140530,1897,1819,8,1827,11
2020-10-12,Nevada,057,99092,591,570,18,588,7
2020-10-12,Orange,059,3164182,58183,55373,1626,56999,1326
2020-10-12,Placer,061,380077,3961,3808,14,3822,48
2020-10-12,Plumas,063,18699,52,51,0,51,0
2020-10-12,Riverside,065,2383286,63975,62279,245,62524,1254
2020-10-12,Sacramento,067,1510023,24318,23807,27,23834,466
2020-10-12,San Benito,069,59416,1386,1376,0,1376,13
2020-10-12,San Bernardino,071,2135413,59676,57235,371,57606,1061
2020-10-12,San Diego,073,3302833,52731,50748,1293,52041,826
2020-10-12,San Francisco,075,870044,11867,11659,40,11699,122
2020-10-12,San Joaquin,077,732212,21146,20701,115,20816,480
2020-10-12,San Luis Obispo,079,281455,4140,3874,21,3895,32
2020-10-12,San Mateo,081,765935,10876,10262,10,10272,130
2020-10-12,Santa Barbara,083,443738,9628,9462,85,9547,117
2020-10-12,Santa Clara,085,1922200,23959,22578,50,22628,343
2020-10-12,Santa Cruz,087,273765,2686,2590,33,2623,13
2020-10-12,Shasta,089,179085,1837,1515,18,1533,20
2020-10-12,Sierra,091,2930,6,6,0,6,0
2020-10-12,Siskiyou,093,43540,173,162,10,172,0
2020-10-12,Solano,095,438530,6946,6742,41,6783,55
2020-10-12,Sonoma,097,501317,8797,8377,22,8399,133
2020-10-12,Stanislaus,099,539301,17223,17051,646,17697,361
2020-10-12,Sutter,101,95872,1770,1741,1,1742,12
2020-10-12,Tehama,103,63373,760,708,2,710,3
2020-10-12,Trinity,105,12862,69,19,9,28,0
2020-10-12,Tulare,107,460477,17344,16742,243,16985,286
2020-10-12,Tuolumne,109,53932,253,234,4,238,4
2020-10-12,Ventura,111,848112,14309,13617,287,13904,151
2020-10-12,Yolo,113,214977,3056,2964,6,2970,55
2020-10-12,Yuba,115,75493,1174,1141,5,1146,10
2020-10-11,Alameda,001,1643700,22655,22057,205,22262,392
2020-10-11,Alpine,003,1148,3,3,0,3,0
2020-10-11,Amador,005,37829,308,305,0,305,16
2020-10-11,Butte,007,227075,3079,2967,28,2995,54
2020-10-11,Calaveras,009,45235,322,262,0,262,12
2020-10-11,Colusa,011,21464,540,541,1,542,6
2020-10-11,Contra Costa,013,1133247,18168,17678,90,17768,233
2020-10-11,Del Norte,015,27424,166,161,0,161,2
2020-10-11,El Dorado,017,186661,1305,1242,2,1244,4
2020-10-11,Fresno,019,978130,32239,29419,418,29837,421
2020-10-11,Glenn,021,27897,637,625,0,625,3
2020-10-11,Humboldt,023,135768,538,521,1,522,7
2020-10-11,Imperial,025,180216,12341,11614,11,11625,328
2020-10-11,Inyo,027,18085,213,201,4,205,14
2020-10-11,Kern,029,883053,33050,32399,360,32759,418
2020-10-11,Kings,031,150075,8300,8094,50,8144,80
2020-10-11,Lake,033,64148,668,631,0,631,12
2020-10-11,Lassen,035,31185,762,752,2,754,0
2020-10-11,Los Angeles,037,10098052,285175,280190,2392,282582,6745
2020-10-11,Madera,039,155013,4839,4680,33,4713,50
2020-10-11,Marin,041,260295,6989,6870,18,6888,97
2020-10-11,Mariposa,043,17540,77,76,0,76,2
2020-10-11,Mendocino,045,87422,1009,944,4,948,21
2020-10-11,Merced,047,269075,9262,9124,29,9153,146
2020-10-11,Modoc,049,8938,29,27,0,27,0
2020-10-11,Mono,051,14174,174,154,4,158,1
2020-10-11,Monterey,053,433212,10761,10445,46,10491,77
2020-10-11,Napa,055,140530,1881,1811,8,1819,11
2020-10-11,Nevada,057,99092,589,569,18,587,7
2020-10-11,Orange,059,3164182,57953,55202,1620,56822,1326
2020-10-11,Placer,061,380077,3940,3787,14,3801,48
2020-10-11,Plumas,063,18699,52,51,0,51,0
2020-10-11,Riverside,065,2383286,63686,62112,241,62353,1254
2020-10-11,Sacramento,067,1510023,24176,23778,27,23805,466
2020-10-11,San Benito,069,59416,1385,1374,0,1374,13
2020-10-11,San Bernardino,071,2135413,59221,56997,369,57366,1061
2020-10-11,San Diego,073,3302833,52381,50553,1271,51824,826
2020-10-11,San Francisco,075,870044,11824,11659,40,11699,122
2020-10-11,San Joaquin,077,732212,21071,20700,105,20805,480
2020-10-11,San Luis Obispo,079,281455,4123,3874,20,3894,32
2020-10-11,San Mateo,081,765935,10844,10240,10,10250,130
2020-10-11,Santa Barbara,083,443738,9597,9440,84,9524,117
2020-10-11,Santa Clara,085,1922200,23816,22487,49,22536,336
2020-10-11,Santa Cruz,087,273765,2672,2578,33,2611,13
2020-10-11,Shasta,089,179085,1807,1515,17,1532,20
2020-10-11,Sierra,091,2930,6,6,0,6,0
2020-10-11,Siskiyou,093,43540,172,162,10,172,0
2020-10-11,Solano,095,438530,6892,6685,41,6726,53
2020-10-11,Sonoma,097,501317,8740,8319,22,8341,133
2020-10-11,Stanislaus,099,539301,17159,17007,630,17637,360
2020-10-11,Sutter,101,95872,1767,1742,1,1743,12
2020-10-11,Tehama,103,63373,736,702,2,704,3
2020-10-11,Trinity,105,12862,69,19,9,28,0
2020-10-11,Tulare,107,460477,17280,16741,235,16976,286
2020-10-11,Tuolumne,109,53932,248,234,4,238,4
2020-10-11,Ventura,111,848112,14248,13604,282,13886,151
2020-10-11,Yolo,113,214977,3026,2952,6,2958,55
2020-10-11,Yuba,115,75493,1162,1137,5,1142,10
2020-10-10,Alameda,001,1643700,22605,21979,204,22183,398
2020-10-10,Alpine,003,1148,3,3,0,3,0
2020-10-10,Amador,005,37829,307,304,0,304,16
2020-10-10,Butte,007,227075,3074,2962,27,2989,54
2020-10-10,Calaveras,009,45235,321,262,0,262,12
2020-10-10,Colusa,011,21464,540,541,1,542,6
2020-10-10,Contra Costa,013,1133247,18132,17566,89,17655,233
2020-10-10,Del Norte,015,27424,166,161,0,161,2
2020-10-10,El Dorado,017,186661,1303,1240,2,1242,4
2020-10-10,Fresno,019,978130,32175,29286,416,29702,421
2020-10-10,Glenn,021,27897,637,623,0,623,3
2020-10-10,Humboldt,023,135768,535,518,1,519,7
2020-10-10,Imperial,025,180216,12326,11591,11,11602,327
2020-10-10,Inyo,027,18085,210,201,4,205,14
2020-10-10,Kern,029,883053,33013,32338,360,32698,418
2020-10-10,Kings,031,150075,8296,8078,50,8128,80
2020-10-10,Lake,033,64148,667,630,0,630,11
2020-10-10,Lassen,035,31185,762,752,2,754,0
2020-10-10,Los Angeles,037,10098052,284455,279213,2358,281571,6743
2020-10-10,Madera,039,155013,4826,4662,33,4695,50
2020-10-10,Marin,041,260295,6980,6852,18,6870,97
2020-10-10,Mariposa,043,17540,77,76,0,76,2
2020-10-10,Mendocino,045,87422,1002,935,4,939,21
2020-10-10,Merced,047,269075,9256,9105,28,9133,146
2020-10-10,Modoc,049,8938,29,27,0,27,0
2020-10-10,Mono,051,14174,174,154,4,158,1
2020-10-10,Monterey,053,433212,10728,10410,46,10456,75
2020-10-10,Napa,055,140530,1874,1804,8,1812,11
2020-10-10,Nevada,057,99092,586,564,18,582,6
2020-10-10,Orange,059,3164182,57832,54965,1615,56580,1324
2020-10-10,Placer,061,380077,3923,3757,14,3771,48
2020-10-10,Plumas,063,18699,52,51,0,51,0
2020-10-10,Riverside,065,2383286,63482,61845,239,62084,1254
2020-10-10,Sacramento,067,1510023,24109,23689,27,23716,466
2020-10-10,San Benito,069,59416,1383,1370,0,1370,13
2020-10-10,San Bernardino,071,2135413,59059,56683,367,57050,1061
2020-10-10,San Diego,073,3302833,52151,50145,1253,51398,825
2020-10-10,San Francisco,075,870044,11803,11663,40,11703,122
2020-10-10,San Joaquin,077,732212,21043,20700,101,20801,481
2020-10-10,San Luis Obispo,079,281455,4103,3832,20,3852,32
2020-10-10,San Mateo,081,765935,10807,10218,10,10228,130
2020-10-10,Santa Barbara,083,443738,9586,9417,84,9501,116
2020-10-10,Santa Clara,085,1922200,23724,22354,49,22403,330
2020-10-10,Santa Cruz,087,273765,2658,2572,33,2605,13
2020-10-10,Shasta,089,179085,1790,1473,17,1490,20
2020-10-10,Sierra,091,2930,6,6,0,6,0
2020-10-10,Siskiyou,093,43540,172,161,10,171,0
2020-10-10,Solano,095,438530,6866,6655,41,6696,53
2020-10-10,Sonoma,097,501317,8720,8235,22,8257,133
2020-10-10,Stanislaus,099,539301,17124,16960,622,17582,360
2020-10-10,Sutter,101,95872,1764,1735,1,1736,12
2020-10-10,Tehama,103,63373,729,693,2,695,3
2020-10-10,Trinity,105,12862,69,19,9,28,0
2020-10-10,Tulare,107,460477,17245,16709,230,16939,286
2020-10-10,Tuolumne,109,53932,248,233,4,237,4
2020-10-10,Ventura,111,848112,14223,13520,282,13802,151
2020-10-10,Yolo,113,214977,3017,2939,6,2945,55
2020-10-10,Yuba,115,75493,1160,1134,5,1139,10
2020-10-09,Alameda,001,1643700,22557,21924,204,22128,399
2020-10-09,Alpine,003,1148,3,3,0,3,0
2020-10-09,Amador,005,37829,307,303,0,303,16
2020-10-09,Butte,007,227075,3071,2956,27,2983,51
2020-10-09,Calaveras,009,45235,319,262,0,262,11
2020-10-09,Colusa,011,21464,540,541,1,542,6
2020-10-09,Contra Costa,013,1133247,18082,17487,89,17576,229
2020-10-09,Del Norte,015,27424,165,161,0,161,2
2020-10-09,El Dorado,017,186661,1299,1234,2,1236,4
2020-10-09,Fresno,019,978130,32102,29208,414,29622,417
2020-10-09,Glenn,021,27897,632,617,0,617,3
2020-10-09,Humboldt,023,135768,533,516,1,517,7
2020-10-09,Imperial,025,180216,12299,11516,11,11527,330
2020-10-09,Inyo,027,18085,207,200,4,204,14
2020-10-09,Kern,029,883053,32970,32237,358,32595,417
2020-10-09,Kings,031,150075,8289,7993,48,8041,80
2020-10-09,Lake,033,64148,657,610,0,610,11
2020-10-09,Lassen,035,31185,762,751,2,753,0
2020-10-09,Los Angeles,037,10098052,283321,278039,2333,280372,6715
2020-10-09,Madera,039,155013,4816,4646,33,4679,50
2020-10-09,Marin,041,260295,6966,6838,18,6856,96
2020-10-09,Mariposa,043,17540,77,76,0,76,2
2020-10-09,Mendocino,045,87422,992,933,4,937,20
2020-10-09,Merced,047,269075,9242,9095,28,9123,145
2020-10-09,Modoc,049,8938,29,27,0,27,0
2020-10-09,Mono,051,14174,174,154,4,158,1
2020-10-09,Monterey,053,433212,10694,10369,46,10415,75
2020-10-09,Napa,055,140530,1864,1795,8,1803,11
2020-10-09,Nevada,057,99092,581,561,18,579,6
2020-10-09,Orange,059,3164182,57660,54746,1610,56356,1305
2020-10-09,Placer,061,380077,3909,3737,14,3751,48
2020-10-09,Plumas,063,18699,52,50,0,50,0
2020-10-09,Riverside,065,2383286,63246,61529,238,61767,1252
2020-10-09,Sacramento,067,1510023,24039,23606,27,23633,457
2020-10-09,San Benito,069,59416,1378,1367,0,1367,13
2020-10-09,San Bernardino,071,2135413,58819,56434,365,56799,1057
2020-10-09,San Diego,073,3302833,51875,49825,1242,51067,821
2020-10-09,San Francisco,075,870044,11773,11620,40,11660,120
2020-10-09,San Joaquin,077,732212,21013,20648,92,20740,481
2020-10-09,San Luis Obispo,079,281455,4084,3810,20,3830,32
2020-10-09,San Mateo,081,765935,10779,10140,10,10150,130
2020-10-09,Santa Barbara,083,443738,9558,9396,84,9480,116
2020-10-09,Santa Clara,085,1922200,23622,22251,48,22299,328
2020-10-09,Santa Cruz,087,273765,2649,2555,33,2588,13
2020-10-09,Shasta,089,179085,1764,1353,16,1369,20
2020-10-09,Sierra,091,2930,6,6,0,6,0
2020-10-09,Siskiyou,093,43540,170,156,10,166,0
2020-10-09,Solano,095,438530,6827,6614,41,6655,53
2020-10-09,Sonoma,097,501317,8666,8133,22,8155,133
2020-10-09,Stanislaus,099,539301,17100,16904,613,17517,362
2020-10-09,Sutter,101,95872,1760,1732,1,1733,12
2020-10-09,Tehama,103,63373,723,682,2,684,3
2020-10-09,Trinity,105,12862,69,25,9,34,0
2020-10-09,Tulare,107,460477,17205,16644,221,16865,286
2020-10-09,Tuolumne,109,53932,245,230,4,234,4
2020-10-09,Ventura,111,848112,14187,13469,279,13748,151
2020-10-09,Yolo,113,214977,3010,2928,6,2934,55
2020-10-09,Yuba,115,75493,1159,1129,5,1134,10
2020-10-08,Alameda,001,1643700,22476,21826,203,22029,395
2020-10-08,Alpine,003,1148,3,3,0,3,0
2020-10-08,Amador,005,37829,306,302,0,302,16
2020-10-08,Butte,007,227075,3061,2935,27,2962,51
2020-10-08,Calaveras,009,45235,318,262,0,262,11
2020-10-08,Colusa,011,21464,540,539,1,540,6
2020-10-08,Contra Costa,013,1133247,18022,17418,88,17506,228
2020-10-08,Del Norte,015,27424,165,151,0,151,2
2020-10-08,El Dorado,017,186661,1298,1230,2,1232,4
2020-10-08,Fresno,019,978130,31997,29111,414,29525,416
2020-10-08,Glenn,021,27897,629,616,0,616,3
2020-10-08,Humboldt,023,135768,529,515,1,516,7
2020-10-08,Imperial,025,180216,12260,11405,11,11416,330
2020-10-08,Inyo,027,18085,204,199,4,203,14
2020-10-08,Kern,029,883053,32912,32169,353,32522,411
2020-10-08,Kings,031,150075,8283,7968,48,8016,80
2020-10-08,Lake,033,64148,652,604,0,604,11
2020-10-08,Lassen,035,31185,757,751,2,753,0
2020-10-08,Los Angeles,037,10098052,282121,276763,2293,279056,6699
2020-10-08,Madera,039,155013,4797,4637,33,4670,50
2020-10-08,Marin,041,260295,6952,6810,18,6828,96
2020-10-08,Mariposa,043,17540,77,76,0,76,2
2020-10-08,Mendocino,045,87422,987,930,4,934,20
2020-10-08,Merced,047,269075,9222,9069,28,9097,144
2020-10-08,Modoc,049,8938,29,27,0,27,0
2020-10-08,Mono,051,14174,174,153,4,157,1
2020-10-08,Monterey,053,433212,10627,10343,46,10389,75
2020-10-08,Napa,055,140530,1849,1779,8,1787,11
2020-10-08,Nevada,057,99092,578,556,18,574,6
2020-10-08,Orange,059,3164182,57467,54523,1599,56122,1293
2020-10-08,Placer,061,380077,3891,3715,14,3729,48
2020-10-08,Plumas,063,18699,52,50,0,50,0
2020-10-08,Riverside,065,2383286,62977,61105,235,61340,1244
2020-10-08,Sacramento,067,1510023,23931,23482,27,23509,454
2020-10-08,San Benito,069,59416,1373,1367,0,1367,13
2020-10-08,San Bernardino,071,2135413,58453,56152,364,56516,1048
2020-10-08,San Diego,073,3302833,51595,49468,1210,50678,819
2020-10-08,San Francisco,075,870044,11735,11608,40,11648,115
2020-10-08,San Joaquin,077,732212,20961,20576,87,20663,478
2020-10-08,San Luis Obispo,079,281455,4068,3785,20,3805,32
2020-10-08,San Mateo,081,765935,10747,10044,10,10054,130
2020-10-08,Santa Barbara,083,443738,9530,9374,84,9458,116
2020-10-08,Santa Clara,085,1922200,23520,22095,48,22143,323
2020-10-08,Santa Cruz,087,273765,2637,2535,33,2568,13
2020-10-08,Shasta,089,179085,1730,1305,16,1321,20
2020-10-08,Sierra,091,2930,6,6,0,6,0
2020-10-08,Siskiyou,093,43540,170,156,10,166,0
2020-10-08,Solano,095,438530,6803,6556,41,6597,53
2020-10-08,Sonoma,097,501317,8600,8063,22,8085,132
2020-10-08,Stanislaus,099,539301,17054,16821,605,17426,360
2020-10-08,Sutter,101,95872,1760,1725,1,1726,12
2020-10-08,Tehama,103,63373,714,676,2,678,3
2020-10-08,Trinity,105,12862,68,25,9,34,0
2020-10-08,Tulare,107,460477,17144,16573,212,16785,283
2020-10-08,Tuolumne,109,53932,244,230,4,234,4
2020-10-08,Ventura,111,848112,14139,13399,277,13676,151
2020-10-08,Yolo,113,214977,2993,2914,6,2920,55
2020-10-08,Yuba,115,75493,1154,1126,5,1131,10
2020-10-07,Alameda,001,1643700,22399,21736,203,21939,395
2020-10-07,Alpine,003,1148,3,3,0,3,0
2020-10-07,Amador,005,37829,306,302,0,302,16
2020-10-07,Butte,007,227075,3049,2927,27,2954,47
2020-10-07,Calaveras,009,45235,316,262,0,262,11
2020-10-07,Colusa,011,21464,539,539,0,539,6
2020-10-07,Contra Costa,013,1133247,17952,17346,87,17433,225
2020-10-07,Del Norte,015,27424,164,149,0,149,2
2020-10-07,El Dorado,017,186661,1290,1219,2,1221,4
2020-10-07,Fresno,019,978130,31876,29069,409,29478,413
2020-10-07,Glenn,021,27897,629,615,0,615,3
2020-10-07,Humboldt,023,135768,526,512,1,513,7
2020-10-07,Imperial,025,180216,12223,11289,10,11299,330
2020-10-07,Inyo,027,18085,204,199,4,203,14
2020-10-07,Kern,029,883053,32839,32068,352,32420,410
2020-10-07,Kings,031,150075,8268,7948,48,7996,80
2020-10-07,Lake,033,64148,651,599,0,599,11
2020-10-07,Lassen,035,31185,757,751,2,753,0
2020-10-07,Los Angeles,037,10098052,280940,275559,2259,277818,6681
2020-10-07,Madera,039,155013,4777,4618,33,4651,50
2020-10-07,Marin,041,260295,6925,6790,18,6808,95
2020-10-07,Mariposa,043,17540,77,75,0,75,2
2020-10-07,Mendocino,045,87422,981,927,4,931,19
2020-10-07,Merced,047,269075,9185,9045,27,9072,144
2020-10-07,Modoc,049,8938,29,27,0,27,0
2020-10-07,Mono,051,14174,173,153,3,156,1
2020-10-07,Monterey,053,433212,10568,10272,46,10318,75
2020-10-07,Napa,055,140530,1836,1774,8,1782,11
2020-10-07,Nevada,057,99092,574,552,18,570,6
2020-10-07,Orange,059,3164182,57249,54332,1589,55921,1277
2020-10-07,Placer,061,380077,3875,3693,14,3707,48
2020-10-07,Plumas,063,18699,52,50,0,50,0
2020-10-07,Riverside,065,2383286,62630,60857,231,61088,1241
2020-10-07,Sacramento,067,1510023,23834,23380,27,23407,452
2020-10-07,San Benito,069,59416,1370,1363,0,1363,13
2020-10-07,San Bernardino,071,2135413,58104,55738,363,56101,1043
2020-10-07,San Diego,073,3302833,51279,49177,1186,50363,813
2020-10-07,San Francisco,075,870044,11700,11551,40,11591,115
2020-10-07,San Joaquin,077,732212,20909,20527,80,20607,478
2020-10-07,San Luis Obispo,079,281455,4038,3749,20,3769,32
2020-10-07,San Mateo,081,765935,10704,9980,10,9990,130
2020-10-07,Santa Barbara,083,443738,9504,9350,83,9433,116
2020-10-07,Santa Clara,085,1922200,23392,21993,48,22041,320
2020-10-07,Santa Cruz,087,273765,2625,2518,33,2551,14
2020-10-07,Shasta,089,179085,1687,1268,16,1284,20
2020-10-07,Sierra,091,2930,6,6,0,6,0
2020-10-07,Siskiyou,093,43540,168,154,10,164,0
2020-10-07,Solano,095,438530,6768,6526,41,6567,53
2020-10-07,Sonoma,097,501317,8525,7993,21,8014,130
2020-10-07,Stanislaus,099,539301,17019,16786,599,17385,357
2020-10-07,Sutter,101,95872,1756,1723,1,1724,12
2020-10-07,Tehama,103,63373,705,666,2,668,3
2020-10-07,Trinity,105,12862,64,25,8,33,0
2020-10-07,Tulare,107,460477,17101,16483,203,16686,282
2020-10-07,Tuolumne,109,53932,244,227,4,231,3
2020-10-07,Ventura,111,848112,14089,13333,271,13604,150
2020-10-07,Yolo,113,214977,2967,2904,6,2910,55
2020-10-07,Yuba,115,75493,1148,1120,5,1125,10
2020-10-06,Alameda,001,1643700,22308,21698,201,21899,385
2020-10-06,Alpine,003,1148,3,3,0,3,0
2020-10-06,Amador,005,37829,304,301,0,301,16
2020-10-06,Butte,007,227075,3042,2925,27,2952,47
2020-10-06,Calaveras,009,45235,316,261,0,261,11
2020-10-06,Colusa,011,21464,538,538,0,538,6
2020-10-06,Contra Costa,013,1133247,17873,17295,87,17382,219
2020-10-06,Del Norte,015,27424,164,144,0,144,2
2020-10-06,El Dorado,017,186661,1286,1211,2,1213,4
2020-10-06,Fresno,019,978130,31732,29022,406,29428,412
2020-10-06,Glenn,021,27897,626,604,0,604,3
2020-10-06,Humboldt,023,135768,523,508,1,509,7
2020-10-06,Imperial,025,180216,12185,11196,10,11206,327
2020-10-06,Inyo,027,18085,202,198,4,202,14
2020-10-06,Kern,029,883053,32762,32006,350,32356,407
2020-10-06,Kings,031,150075,8252,7943,48,7991,81
2020-10-06,Lake,033,64148,645,596,0,596,11
2020-10-06,Lassen,035,31185,757,743,2,745,0
2020-10-06,Los Angeles,037,10098052,279704,274115,2209,276324,6657
2020-10-06,Madera,039,155013,4765,4608,33,4641,50
2020-10-06,Marin,041,260295,6910,6766,18,6784,91
2020-10-06,Mariposa,043,17540,77,75,0,75,2
2020-10-06,Mendocino,045,87422,974,920,4,924,19
2020-10-06,Merced,047,269075,9149,9034,26,9060,143
2020-10-06,Modoc,049,8938,29,26,0,26,0
2020-10-06,Mono,051,14174,173,153,3,156,1
2020-10-06,Monterey,053,433212,10512,10235,44,10279,72
2020-10-06,Napa,055,140530,1830,1770,8,1778,11
2020-10-06,Nevada,057,99092,571,551,18,569,6
2020-10-06,Orange,059,3164182,57034,54203,1580,55783,1273
2020-10-06,Placer,061,380077,3853,3680,14,3694,48
2020-10-06,Plumas,063,18699,52,49,0,49,0
2020-10-06,Riverside,065,2383286,62365,60593,228,60821,1238
2020-10-06,Sacramento,067,1510023,23747,23322,27,23349,442
2020-10-06,San Benito,069,59416,1369,1358,0,1358,12
2020-10-06,San Bernardino,071,2135413,57787,55416,359,55775,1040
2020-10-06,San Diego,073,3302833,50942,48823,1169,49992,806
2020-10-06,San Francisco,075,870044,11674,11513,39,11552,115
2020-10-06,San Joaquin,077,732212,20869,20481,77,20558,477
2020-10-06,San Luis Obispo,079,281455,4004,3723,20,3743,32
2020-10-06,San Mateo,081,765935,10671,9934,10,9944,129
2020-10-06,Santa Barbara,083,443738,9475,9331,82,9413,116
2020-10-06,Santa Clara,085,1922200,23297,21914,48,21962,320
2020-10-06,Santa Cruz,087,273765,2603,2510,33,2543,12
2020-10-06,Shasta,089,179085,1647,1242,16,1258,18
2020-10-06,Sierra,091,2930,6,6,0,6,0
2020-10-06,Siskiyou,093,43540,168,154,10,164,0
2020-10-06,Solano,095,438530,6722,6506,41,6547,52
2020-10-06,Sonoma,097,501317,8432,7895,21,7916,130
2020-10-06,Stanislaus,099,539301,16974,16759,593,17352,354
2020-10-06,Sutter,101,95872,1754,1722,1,1723,12
2020-10-06,Tehama,103,63373,696,660,2,662,3
2020-10-06,Trinity,105,12862,64,25,8,33,0
2020-10-06,Tulare,107,460477,17059,16456,195,16651,280
2020-10-06,Tuolumne,109,53932,243,227,4,231,2
2020-10-06,Ventura,111,848112,14022,13242,266,13508,150
2020-10-06,Yolo,113,214977,2953,2899,6,2905,56
2020-10-06,Yuba,115,75493,1147,1114,5,1119,10
2020-10-05,Alameda,001,1643700,22220,21637,198,21835,383
2020-10-05,Alpine,003,1148,3,2,0,2,0
2020-10-05,Amador,005,37829,304,299,0,299,16
2020-10-05,Butte,007,227075,3032,2910,27,2937,46
2020-10-05,Calaveras,009,45235,316,259,0,259,11
2020-10-05,Colusa,011,21464,538,537,0,537,6
2020-10-05,Contra Costa,013,1133247,17796,17250,87,17337,216
2020-10-05,Del Norte,015,27424,161,142,0,142,2
2020-10-05,El Dorado,017,186661,1282,1202,2,1204,4
2020-10-05,Fresno,019,978130,31615,29136,406,29542,408
2020-10-05,Glenn,021,27897,624,603,0,603,3
2020-10-05,Humboldt,023,135768,522,506,1,507,6
2020-10-05,Imperial,025,180216,12145,11169,10,11179,327
2020-10-05,Inyo,027,18085,202,197,4,201,14
2020-10-05,Kern,029,883053,32683,31933,346,32279,404
2020-10-05,Kings,031,150075,8155,7932,48,7980,80
2020-10-05,Lake,033,64148,641,592,0,592,10
2020-10-05,Lassen,035,31185,756,743,2,745,0
2020-10-05,Los Angeles,037,10098052,278617,273200,2167,275367,6632
2020-10-05,Madera,039,155013,4757,4598,31,4629,50
2020-10-05,Marin,041,260295,6893,6751,18,6769,91
2020-10-05,Mariposa,043,17540,77,75,0,75,2
2020-10-05,Mendocino,045,87422,966,913,4,917,19
2020-10-05,Merced,047,269075,9130,9021,25,9046,143
2020-10-05,Modoc,049,8938,29,26,0,26,0
2020-10-05,Mono,051,14174,173,152,3,155,1
2020-10-05,Monterey,053,433212,10465,10187,44,10231,72
2020-10-05,Napa,055,140530,1819,1760,8,1768,11
2020-10-05,Nevada,057,99092,568,550,17,567,6
2020-10-05,Orange,059,3164182,56818,54103,1567,55670,1271
2020-10-05,Placer,061,380077,3827,3670,14,3684,46
2020-10-05,Plumas,063,18699,51,49,0,49,0
2020-10-05,Riverside,065,2383286,62045,60454,224,60678,1232
2020-10-05,Sacramento,067,1510023,23643,23207,27,23234,438
2020-10-05,San Benito,069,59416,1366,1356,0,1356,12
2020-10-05,San Bernardino,071,2135413,57478,55100,358,55458,1031
2020-10-05,San Diego,073,3302833,50606,48662,1145,49807,803
2020-10-05,San Francisco,075,870044,11635,11476,36,11512,110
2020-10-05,San Joaquin,077,732212,20798,20319,74,20393,476
2020-10-05,San Luis Obispo,079,281455,3977,3710,20,3730,32
2020-10-05,San Mateo,081,765935,10644,9896,10,9906,128
2020-10-05,Santa Barbara,083,443738,9453,9309,82,9391,116
2020-10-05,Santa Clara,085,1922200,23180,21861,48,21909,319
2020-10-05,Santa Cruz,087,273765,2591,2492,33,2525,9
2020-10-05,Shasta,089,179085,1615,1158,16,1174,18
2020-10-05,Sierra,091,2930,6,6,0,6,0
2020-10-05,Siskiyou,093,43540,168,153,10,163,0
2020-10-05,Solano,095,438530,6683,6475,41,6516,52
2020-10-05,Sonoma,097,501317,8340,7817,21,7838,130
2020-10-05,Stanislaus,099,539301,16939,16730,586,17316,351
2020-10-05,Sutter,101,95872,1746,1719,1,1720,12
2020-10-05,Tehama,103,63373,688,642,2,644,3
2020-10-05,Trinity,105,12862,62,22,8,30,0
2020-10-05,Tulare,107,460477,17000,16343,190,16533,278
2020-10-05,Tuolumne,109,53932,240,226,4,230,2
2020-10-05,Ventura,111,848112,13953,13224,246,13470,149
2020-10-05,Yolo,113,214977,2934,2889,6,2895,56
2020-10-05,Yuba,115,75493,1134,1108,5,1113,9
2020-10-04,Alameda,001,1643700,22124,21597,198,21795,383
2020-10-04,Alpine,003,1148,3,2,0,2,0
2020-10-04,Amador,005,37829,302,297,0,297,16
2020-10-04,Butte,007,227075,3018,2903,27,2930,46
2020-10-04,Calaveras,009,45235,316,259,0,259,11
2020-10-04,Colusa,011,21464,537,537,0,537,6
2020-10-04,Contra Costa,013,1133247,17731,17192,87,17279,214
2020-10-04,Del Norte,015,27424,157,142,0,142,2
2020-10-04,El Dorado,017,186661,1278,1196,2,1198,4
2020-10-04,Fresno,019,978130,31492,29065,406,29471,408
2020-10-04,Glenn,021,27897,622,601,0,601,3
2020-10-04,Humboldt,023,135768,521,506,1,507,6
2020-10-04,Imperial,025,180216,12106,11127,10,11137,327
2020-10-04,Inyo,027,18085,199,195,4,199,14
2020-10-04,Kern,029,883053,32609,31906,343,32249,404
2020-10-04,Kings,031,150075,8140,7919,48,7967,80
2020-10-04,Lake,033,64148,627,589,0,589,10
2020-10-04,Lassen,035,31185,756,743,2,745,0
2020-10-04,Los Angeles,037,10098052,277228,272822,2119,274941,6625
2020-10-04,Madera,039,155013,4741,4587,31,4618,50
2020-10-04,Marin,041,260295,6873,6741,18,6759,91
2020-10-04,Mariposa,043,17540,77,75,0,75,2
2020-10-04,Mendocino,045,87422,953,905,4,909,18
2020-10-04,Merced,047,269075,9105,9006,25,9031,140
2020-10-04,Modoc,049,8938,29,26,0,26,0
2020-10-04,Mono,051,14174,172,152,2,154,1
2020-10-04,Monterey,053,433212,10424,10141,43,10184,72
2020-10-04,Napa,055,140530,1807,1759,8,1767,11
2020-10-04,Nevada,057,99092,564,547,16,563,6
2020-10-04,Orange,059,3164182,56582,53966,1558,55524,1270
2020-10-04,Placer,061,380077,3806,3664,14,3678,46
2020-10-04,Plumas,063,18699,51,49,0,49,0
2020-10-04,Riverside,065,2383286,61759,60251,220,60471,1226
2020-10-04,Sacramento,067,1510023,23530,23162,27,23189,438
2020-10-04,San Benito,069,59416,1366,1355,0,1355,12
2020-10-04,San Bernardino,071,2135413,57031,55100,356,55456,1031
2020-10-04,San Diego,073,3302833,50239,48438,1120,49558,803
2020-10-04,San Francisco,075,870044,11603,11474,34,11508,110
2020-10-04,San Joaquin,077,732212,20721,20320,68,20388,476
2020-10-04,San Luis Obispo,079,281455,3952,3688,20,3708,31
2020-10-04,San Mateo,081,765935,10583,9858,10,9868,128
2020-10-04,Santa Barbara,083,443738,9427,9276,80,9356,116
2020-10-04,Santa Clara,085,1922200,23043,21780,48,21828,316
2020-10-04,Santa Cruz,087,273765,2575,2483,33,2516,9
2020-10-04,Shasta,089,179085,1517,1158,15,1173,18
2020-10-04,Sierra,091,2930,6,6,0,6,0
2020-10-04,Siskiyou,093,43540,168,153,10,163,0
2020-10-04,Solano,095,438530,6632,6445,41,6486,52
2020-10-04,Sonoma,097,501317,8252,7794,21,7815,129
2020-10-04,Stanislaus,099,539301,16889,16711,577,17288,351
2020-10-04,Sutter,101,95872,1742,1711,1,1712,11
2020-10-04,Tehama,103,63373,673,637,2,639,3
2020-10-04,Trinity,105,12862,61,21,8,29,0
2020-10-04,Tulare,107,460477,16923,16343,178,16521,278
2020-10-04,Tuolumne,109,53932,238,226,4,230,2
2020-10-04,Ventura,111,848112,13871,13197,229,13426,149
2020-10-04,Yolo,113,214977,2923,2875,6,2881,56
2020-10-04,Yuba,115,75493,1130,1103,5,1108,9
2020-10-03,Alameda,001,1643700,22078,21510,197,21707,386
2020-10-03,Alpine,003,1148,3,2,0,2,0
2020-10-03,Amador,005,37829,301,296,0,296,16
2020-10-03,Butte,007,227075,3012,2894,27,2921,46
2020-10-03,Calaveras,009,45235,316,259,0,259,11
2020-10-03,Colusa,011,21464,536,537,0,537,6
2020-10-03,Contra Costa,013,1133247,17681,17087,85,17172,213
2020-10-03,Del Norte,015,27424,153,142,0,142,2
2020-10-03,El Dorado,017,186661,1271,1188,2,1190,4
2020-10-03,Fresno,019,978130,31432,28975,405,29380,408
2020-10-03,Glenn,021,27897,620,601,0,601,3
2020-10-03,Humboldt,023,135768,520,504,1,505,6
2020-10-03,Imperial,025,180216,12083,11090,10,11100,327
2020-10-03,Inyo,027,18085,199,194,4,198,14
2020-10-03,Kern,029,883053,32559,31864,340,32204,403
2020-10-03,Kings,031,150075,8136,7887,48,7935,80
2020-10-03,Lake,033,64148,617,588,0,588,10
2020-10-03,Lassen,035,31185,756,743,2,745,0
2020-10-03,Los Angeles,037,10098052,276523,271869,2090,273959,6620
2020-10-03,Madera,039,155013,4724,4565,31,4596,50
2020-10-03,Marin,041,260295,6867,6728,18,6746,91
2020-10-03,Mariposa,043,17540,77,75,0,75,2
2020-10-03,Mendocino,045,87422,951,898,4,902,18
2020-10-03,Merced,047,269075,9092,8986,25,9011,139
2020-10-03,Modoc,049,8938,29,26,0,26,0
2020-10-03,Mono,051,14174,171,152,2,154,1
2020-10-03,Monterey,053,433212,10390,10092,40,10132,72
2020-10-03,Napa,055,140530,1803,1752,8,1760,11
2020-10-03,Nevada,057,99092,563,544,16,560,6
2020-10-03,Orange,059,3164182,56465,53573,1553,55126,1268
2020-10-03,Placer,061,380077,3795,3648,14,3662,47
2020-10-03,Plumas,063,18699,51,48,0,48,0
2020-10-03,Riverside,065,2383286,61607,59991,218,60209,1226
2020-10-03,Sacramento,067,1510023,23479,23076,27,23103,437
2020-10-03,San Benito,069,59416,1366,1351,0,1351,12
2020-10-03,San Bernardino,071,2135413,56858,55004,353,55357,1031
2020-10-03,San Diego,073,3302833,50008,48202,1103,49305,798
2020-10-03,San Francisco,075,870044,11578,11475,32,11507,110
2020-10-03,San Joaquin,077,732212,20695,20322,68,20390,476
2020-10-03,San Luis Obispo,079,281455,3928,3670,20,3690,31
2020-10-03,San Mateo,081,765935,10557,9822,9,9831,128
2020-10-03,Santa Barbara,083,443738,9414,9256,80,9336,116
2020-10-03,Santa Clara,085,1922200,22963,21672,48,21720,309
2020-10-03,Santa Cruz,087,273765,2567,2476,33,2509,9
2020-10-03,Shasta,089,179085,1489,1117,14,1131,18
2020-10-03,Sierra,091,2930,6,6,0,6,0
2020-10-03,Siskiyou,093,43540,168,152,10,162,0
2020-10-03,Solano,095,438530,6606,6419,41,6460,52
2020-10-03,Sonoma,097,501317,8209,7747,21,7768,129
2020-10-03,Stanislaus,099,539301,16856,16645,573,17218,351
2020-10-03,Sutter,101,95872,1738,1705,1,1706,11
2020-10-03,Tehama,103,63373,667,630,2,632,3
2020-10-03,Trinity,105,12862,61,15,8,23,0
2020-10-03,Tulare,107,460477,16879,16322,174,16496,278
2020-10-03,Tuolumne,109,53932,237,224,4,228,2
2020-10-03,Ventura,111,848112,13832,13150,225,13375,148
2020-10-03,Yolo,113,214977,2916,2863,6,2869,56
2020-10-03,Yuba,115,75493,1122,1097,5,1102,8
2020-10-02,Alameda,001,1643700,22023,21404,196,21600,382
2020-10-02,Alpine,003,1148,3,2,0,2,0
2020-10-02,Amador,005,37829,300,296,0,296,16
2020-10-02,Butte,007,227075,3002,2879,27,2906,46
2020-10-02,Calaveras,009,45235,315,259,0,259,11
2020-10-02,Colusa,011,21464,535,537,0,537,6
2020-10-02,Contra Costa,013,1133247,17638,17002,84,17086,213
2020-10-02,Del Norte,015,27424,152,141,0,141,2
2020-10-02,El Dorado,017,186661,1264,1168,2,1170,4
2020-10-02,Fresno,019,978130,31349,28855,405,29260,403
2020-10-02,Glenn,021,27897,615,594,0,594,3
2020-10-02,Humboldt,023,135768,519,503,1,504,6
2020-10-02,Imperial,025,180216,12061,11024,10,11034,327
2020-10-02,Inyo,027,18085,197,191,4,195,14
2020-10-02,Kern,029,883053,32507,31790,338,32128,399
2020-10-02,Kings,031,150075,8127,7716,48,7764,79
2020-10-02,Lake,033,64148,611,579,0,579,10
2020-10-02,Lassen,035,31185,756,742,2,744,0
2020-10-02,Los Angeles,037,10098052,275621,270935,2063,272998,6602
2020-10-02,Madera,039,155013,4715,4537,31,4568,49
2020-10-02,Marin,041,260295,6850,6717,18,6735,91
2020-10-02,Mariposa,043,17540,77,75,0,75,2
2020-10-02,Mendocino,045,87422,946,883,4,887,18
2020-10-02,Merced,047,269075,9082,8961,25,8986,139
2020-10-02,Modoc,049,8938,29,26,0,26,0
2020-10-02,Mono,051,14174,171,150,2,152,1
2020-10-02,Monterey,053,433212,10356,9997,40,10037,71
2020-10-02,Napa,055,140530,1797,1737,8,1745,11
2020-10-02,Nevada,057,99092,560,543,16,559,6
2020-10-02,Orange,059,3164182,56334,53299,1546,54845,1262
2020-10-02,Placer,061,380077,3775,3612,14,3626,46
2020-10-02,Plumas,063,18699,51,48,0,48,0
2020-10-02,Riverside,065,2383286,61386,59673,215,59888,1223
2020-10-02,Sacramento,067,1510023,23414,22818,27,22845,436
2020-10-02,San Benito,069,59416,1362,1347,0,1347,12
2020-10-02,San Bernardino,071,2135413,56670,54613,353,54966,1028
2020-10-02,San Diego,073,3302833,49755,47793,1088,48881,794
2020-10-02,San Francisco,075,870044,11555,11398,32,11430,110
2020-10-02,San Joaquin,077,732212,20661,20235,67,20302,474
2020-10-02,San Luis Obispo,079,281455,3905,3654,20,3674,31
2020-10-02,San Mateo,081,765935,10516,9745,9,9754,128
2020-10-02,Santa Barbara,083,443738,9391,9234,80,9314,116
2020-10-02,Santa Clara,085,1922200,22877,21545,47,21592,305
2020-10-02,Santa Cruz,087,273765,2550,2463,33,2496,9
2020-10-02,Shasta,089,179085,1454,1046,14,1060,18
2020-10-02,Sierra,091,2930,6,6,0,6,0
2020-10-02,Siskiyou,093,43540,168,151,10,161,0
2020-10-02,Solano,095,438530,6576,6385,41,6426,52
2020-10-02,Sonoma,097,501317,8152,7662,21,7683,125
2020-10-02,Stanislaus,099,539301,16815,16609,564,17173,349
2020-10-02,Sutter,101,95872,1737,1693,1,1694,11
2020-10-02,Tehama,103,63373,662,619,2,621,3
2020-10-02,Trinity,105,12862,61,15,8,23,0
2020-10-02,Tulare,107,460477,16838,16245,167,16412,278
2020-10-02,Tuolumne,109,53932,235,225,4,229,2
2020-10-02,Ventura,111,848112,13793,13120,221,13341,146
2020-10-02,Yolo,113,214977,2911,2845,6,2851,55
2020-10-02,Yuba,115,75493,1120,1090,5,1095,8
2020-10-01,Alameda,001,1643700,21962,21349,192,21541,383
2020-10-01,Alpine,003,1148,3,2,0,2,0
2020-10-01,Amador,005,37829,300,294,0,294,16
2020-10-01,Butte,007,227075,2994,2865,27,2892,45
2020-10-01,Calaveras,009,45235,315,257,0,257,11
2020-10-01,Colusa,011,21464,535,536,0,536,6
2020-10-01,Contra Costa,013,1133247,17575,16898,84,16982,211
2020-10-01,Del Norte,015,27424,147,140,0,140,2
2020-10-01,El Dorado,017,186661,1260,1162,1,1163,4
2020-10-01,Fresno,019,978130,31268,28796,403,29199,397
2020-10-01,Glenn,021,27897,611,593,0,593,3
2020-10-01,Humboldt,023,135768,519,499,1,500,6
2020-10-01,Imperial,025,180216,12018,10928,10,10938,325
2020-10-01,Inyo,027,18085,197,191,4,195,14
2020-10-01,Kern,029,883053,32444,31678,333,32011,399
2020-10-01,Kings,031,150075,8116,7688,45,7733,79
2020-10-01,Lake,033,64148,605,572,0,572,11
2020-10-01,Lassen,035,31185,753,742,2,744,0
2020-10-01,Los Angeles,037,10098052,274579,271513,2029,273542,6621
2020-10-01,Madera,039,155013,4692,4508,31,4539,48
2020-10-01,Marin,041,260295,6836,6710,18,6728,92
2020-10-01,Mariposa,043,17540,77,76,0,76,2
2020-10-01,Mendocino,045,87422,941,874,4,878,19
2020-10-01,Merced,047,269075,9054,8942,25,8967,138
2020-10-01,Modoc,049,8938,29,26,0,26,0
2020-10-01,Mono,051,14174,169,150,2,152,1
2020-10-01,Monterey,053,433212,10280,9958,40,9998,71
2020-10-01,Napa,055,140530,1789,1729,8,1737,11
2020-10-01,Nevada,057,99092,559,543,16,559,6
2020-10-01,Orange,059,3164182,56169,53088,1533,54621,1257
2020-10-01,Placer,061,380077,3748,3599,14,3613,45
2020-10-01,Plumas,063,18699,51,48,0,48,0
2020-10-01,Riverside,065,2383286,61134,59293,209,59502,1223
2020-10-01,Sacramento,067,1510023,23302,22714,26,22740,433
2020-10-01,San Benito,069,59416,1360,1346,0,1346,12
2020-10-01,San Bernardino,071,2135413,56376,54350,350,54700,1021
2020-10-01,San Diego,073,3302833,49473,47487,1068,48555,792
2020-10-01,San Francisco,075,870044,11524,11284,30,11314,110
2020-10-01,San Joaquin,077,732212,20614,20204,64,20268,471
2020-10-01,San Luis Obispo,079,281455,3878,3625,20,3645,31
2020-10-01,San Mateo,081,765935,10471,9681,9,9690,128
2020-10-01,Santa Barbara,083,443738,9350,9215,80,9295,118
2020-10-01,Santa Clara,085,1922200,22776,21398,47,21445,305
2020-10-01,Santa Cruz,087,273765,2535,2418,33,2451,10
2020-10-01,Shasta,089,179085,1403,991,14,1005,18
2020-10-01,Sierra,091,2930,6,6,0,6,0
2020-10-01,Siskiyou,093,43540,165,150,10,160,0
2020-10-01,Solano,095,438530,6538,6352,41,6393,52
2020-10-01,Sonoma,097,501317,8085,7569,21,7590,125
2020-10-01,Stanislaus,099,539301,16782,16555,558,17113,346
2020-10-01,Sutter,101,95872,1732,1684,1,1685,11
2020-10-01,Tehama,103,63373,652,606,2,608,3
2020-10-01,Trinity,105,12862,61,15,8,23,0
2020-10-01,Tulare,107,460477,16763,16182,164,16346,275
2020-10-01,Tuolumne,109,53932,235,223,4,227,2
2020-10-01,Ventura,111,848112,13741,13057,207,13264,146
2020-10-01,Yolo,113,214977,2893,2833,6,2839,55
2020-10-01,Yuba,115,75493,1116,1082,5,1087,8
2020-09-30,Alameda,001,1643700,21883,21271,189,21460,380
2020-09-30,Alpine,003,1148,3,2,0,2,0
2020-09-30,Amador,005,37829,300,294,0,294,16
2020-09-30,Butte,007,227075,2986,2858,27,2885,44
2020-09-30,Calaveras,009,45235,314,258,0,258,11
2020-09-30,Colusa,011,21464,534,534,0,534,6
2020-09-30,Contra Costa,013,1133247,17507,16819,84,16903,211
2020-09-30,Del Norte,015,27424,146,140,0,140,2
2020-09-30,El Dorado,017,186661,1248,1157,1,1158,4
2020-09-30,Fresno,019,978130,31177,28706,400,29106,395
2020-09-30,Glenn,021,27897,606,592,0,592,3
2020-09-30,Humboldt,023,135768,517,497,1,498,6
2020-09-30,Imperial,025,180216,11993,10868,10,10878,287
2020-09-30,Inyo,027,18085,196,189,4,193,14
2020-09-30,Kern,029,883053,32369,31601,332,31933,398
2020-09-30,Kings,031,150075,8087,7685,45,7730,79
2020-09-30,Lake,033,64148,599,567,0,567,10
2020-09-30,Lassen,035,31185,750,742,2,744,0
2020-09-30,Los Angeles,037,10098052,273354,270260,1996,272256,6568
2020-09-30,Madera,039,155013,4683,4477,31,4508,47
2020-09-30,Marin,041,260295,6812,6700,17,6717,91
2020-09-30,Mariposa,043,17540,77,76,0,76,2
2020-09-30,Mendocino,045,87422,935,867,4,871,17
2020-09-30,Merced,047,269075,9034,8926,25,8951,136
2020-09-30,Modoc,049,8938,29,26,0,26,0
2020-09-30,Mono,051,14174,169,150,2,152,1
2020-09-30,Monterey,053,433212,10230,9898,39,9937,70
2020-09-30,Napa,055,140530,1775,1728,8,1736,11
2020-09-30,Nevada,057,99092,557,540,16,556,6
2020-09-30,Orange,059,3164182,55978,52916,1517,54433,1251
2020-09-30,Placer,061,380077,3727,3585,14,3599,43
2020-09-30,Plumas,063,18699,51,48,0,48,0
2020-09-30,Riverside,065,2383286,60779,59074,205,59279,1220
2020-09-30,Sacramento,067,1510023,23198,22613,26,22639,429
2020-09-30,San Benito,069,59416,1357,1342,0,1342,12
2020-09-30,San Bernardino,071,2135413,56096,53988,348,54336,1018
2020-09-30,San Diego,073,3302833,49169,47182,1047,48229,783
2020-09-30,San Francisco,075,870044,11494,11247,30,11277,106
2020-09-30,San Joaquin,077,732212,20531,20150,62,20212,461
2020-09-30,San Luis Obispo,079,281455,3853,3597,20,3617,31
2020-09-30,San Mateo,081,765935,10429,9634,9,9643,128
2020-09-30,Santa Barbara,083,443738,9324,9186,80,9266,115
2020-09-30,Santa Clara,085,1922200,22671,21318,47,21365,302
2020-09-30,Santa Cruz,087,273765,2522,2405,33,2438,10
2020-09-30,Shasta,089,179085,1347,976,13,989,17
2020-09-30,Sierra,091,2930,6,6,0,6,0
2020-09-30,Siskiyou,093,43540,163,150,10,160,0
2020-09-30,Solano,095,438530,6496,6315,41,6356,51
2020-09-30,Sonoma,097,501317,7996,7494,21,7515,125
2020-09-30,Stanislaus,099,539301,16735,16531,552,17083,343
2020-09-30,Sutter,101,95872,1716,1680,1,1681,10
2020-09-30,Tehama,103,63373,646,594,2,596,3
2020-09-30,Trinity,105,12862,58,15,8,23,0
2020-09-30,Tulare,107,460477,16697,16117,157,16274,274
2020-09-30,Tuolumne,109,53932,233,224,4,228,2
2020-09-30,Ventura,111,848112,13706,12968,191,13159,145
2020-09-30,Yolo,113,214977,2880,2822,6,2828,55
2020-09-30,Yuba,115,75493,1113,1075,5,1080,8
2020-09-29,Alameda,001,1643700,21806,21241,185,21426,374
2020-09-29,Alpine,003,1148,3,2,0,2,0
2020-09-29,Amador,005,37829,298,294,0,294,16
2020-09-29,Butte,007,227075,2972,2848,27,2875,44
2020-09-29,Calaveras,009,45235,312,261,0,261,11
2020-09-29,Colusa,011,21464,534,534,0,534,6
2020-09-29,Contra Costa,013,1133247,17452,16716,82,16798,209
2020-09-29,Del Norte,015,27424,142,142,0,142,2
2020-09-29,El Dorado,017,186661,1239,1151,1,1152,4
2020-09-29,Fresno,019,978130,31082,28621,399,29020,394
2020-09-29,Glenn,021,27897,602,589,0,589,3
2020-09-29,Humboldt,023,135768,515,497,1,498,6
2020-09-29,Imperial,025,180216,11959,10811,10,10821,283
2020-09-29,Inyo,027,18085,195,188,4,192,14
2020-09-29,Kern,029,883053,32314,31534,331,31865,397
2020-09-29,Kings,031,150075,8031,7681,45,7726,78
2020-09-29,Lake,033,64148,597,566,0,566,11
2020-09-29,Lassen,035,31185,750,741,2,743,0
2020-09-29,Los Angeles,037,10098052,272139,269246,1967,271213,6545
2020-09-29,Madera,039,155013,4659,4453,31,4484,47
2020-09-29,Marin,041,260295,6791,6692,17,6709,91
2020-09-29,Mariposa,043,17540,77,74,0,74,2
2020-09-29,Mendocino,045,87422,925,854,4,858,17
2020-09-29,Merced,047,269075,9021,8892,23,8915,136
2020-09-29,Modoc,049,8938,29,26,0,26,0
2020-09-29,Mono,051,14174,169,149,2,151,1
2020-09-29,Monterey,053,433212,10175,9826,37,9863,70
2020-09-29,Napa,055,140530,1772,1727,8,1735,11
2020-09-29,Nevada,057,99092,552,539,16,555,6
2020-09-29,Orange,059,3164182,55792,52755,1506,54261,1231
2020-09-29,Placer,061,380077,3705,3570,14,3584,42
2020-09-29,Plumas,063,18699,51,48,0,48,0
2020-09-29,Riverside,065,2383286,60449,58863,198,59061,1208
2020-09-29,Sacramento,067,1510023,23077,22547,26,22573,425
2020-09-29,San Benito,069,59416,1352,1341,0,1341,12
2020-09-29,San Bernardino,071,2135413,55786,53753,347,54100,1012
2020-09-29,San Diego,073,3302833,48892,46987,1024,48011,781
2020-09-29,San Francisco,075,870044,11458,11142,30,11172,104
2020-09-29,San Joaquin,077,732212,20465,20094,60,20154,454
2020-09-29,San Luis Obispo,079,281455,3831,3581,20,3601,31
2020-09-29,San Mateo,081,765935,10382,9619,9,9628,127
2020-09-29,Santa Barbara,083,443738,9304,9149,79,9228,114
2020-09-29,Santa Clara,085,1922200,22535,21233,46,21279,302
2020-09-29,Santa Cruz,087,273765,2507,2383,32,2415,10
2020-09-29,Shasta,089,179085,1286,943,13,956,17
2020-09-29,Sierra,091,2930,6,6,0,6,0
2020-09-29,Siskiyou,093,43540,157,150,10,160,0
2020-09-29,Solano,095,438530,6462,6303,41,6344,51
2020-09-29,Sonoma,097,501317,7924,7426,21,7447,125
2020-09-29,Stanislaus,099,539301,16705,16505,546,17051,341
2020-09-29,Sutter,101,95872,1710,1677,1,1678,10
2020-09-29,Tehama,103,63373,628,585,2,587,2
2020-09-29,Trinity,105,12862,56,16,8,24,0
2020-09-29,Tulare,107,460477,16633,16055,150,16205,270
2020-09-29,Tuolumne,109,53932,233,224,4,228,2
2020-09-29,Ventura,111,848112,13649,12875,188,13063,145
2020-09-29,Yolo,113,214977,2867,2818,6,2824,55
2020-09-29,Yuba,115,75493,1111,1071,5,1076,8
2020-09-28,Alameda,001,1643700,21719,21133,185,21318,370
2020-09-28,Alpine,003,1148,3,2,0,2,0
2020-09-28,Amador,005,37829,296,294,0,294,16
2020-09-28,Butte,007,227075,2957,2837,27,2864,44
2020-09-28,Calaveras,009,45235,312,257,0,257,11
2020-09-28,Colusa,011,21464,533,531,0,531,6
2020-09-28,Contra Costa,013,1133247,17387,16653,82,16735,195
2020-09-28,Del Norte,015,27424,142,138,0,138,2
2020-09-28,El Dorado,017,186661,1232,1144,1,1145,4
2020-09-28,Fresno,019,978130,31000,28517,391,28908,389
2020-09-28,Glenn,021,27897,600,585,0,585,3
2020-09-28,Humboldt,023,135768,509,495,1,496,6
2020-09-28,Imperial,025,180216,11924,10777,10,10787,283
2020-09-28,Inyo,027,18085,194,188,4,192,14
2020-09-28,Kern,029,883053,32249,31481,327,31808,395
2020-09-28,Kings,031,150075,7890,7661,43,7704,78
2020-09-28,Lake,033,64148,593,559,0,559,10
2020-09-28,Lassen,035,31185,749,737,2,739,0
2020-09-28,Los Angeles,037,10098052,271033,268404,1937,270341,6508
2020-09-28,Madera,039,155013,4638,4438,31,4469,47
2020-09-28,Marin,041,260295,6775,6676,17,6693,91
2020-09-28,Mariposa,043,17540,77,74,0,74,2
2020-09-28,Mendocino,045,87422,910,850,4,854,17
2020-09-28,Merced,047,269075,8993,8869,23,8892,136
2020-09-28,Modoc,049,8938,29,26,0,26,0
2020-09-28,Mono,051,14174,169,148,2,150,1
2020-09-28,Monterey,053,433212,10110,9780,35,9815,69
2020-09-28,Napa,055,140530,1760,1705,8,1713,11
2020-09-28,Nevada,057,99092,544,538,16,554,6
2020-09-28,Orange,059,3164182,55586,52633,1497,54130,1196
2020-09-28,Placer,061,380077,3684,3572,14,3586,42
2020-09-28,Plumas,063,18699,50,48,0,48,0
2020-09-28,Riverside,065,2383286,60151,58570,188,58758,1198
2020-09-28,Sacramento,067,1510023,22930,22392,26,22418,423
2020-09-28,San Benito,069,59416,1349,1336,0,1336,11
2020-09-28,San Bernardino,071,2135413,55437,53501,347,53848,988
2020-09-28,San Diego,073,3302833,48574,46736,1004,47740,776
2020-09-28,San Francisco,075,870044,11424,11114,30,11144,100
2020-09-28,San Joaquin,077,732212,20416,19982,59,20041,448
2020-09-28,San Luis Obispo,079,281455,3810,3567,20,3587,31
2020-09-28,San Mateo,081,765935,10331,9582,9,9591,127
2020-09-28,Santa Barbara,083,443738,9286,9121,79,9200,114
2020-09-28,Santa Clara,085,1922200,22418,21180,46,21226,271
2020-09-28,Santa Cruz,087,273765,2497,2359,32,2391,9
2020-09-28,Shasta,089,179085,1232,883,10,893,17
2020-09-28,Sierra,091,2930,6,6,0,6,0
2020-09-28,Siskiyou,093,43540,157,149,10,159,0
2020-09-28,Solano,095,438530,6426,6254,41,6295,51
2020-09-28,Sonoma,097,501317,7848,7369,21,7390,125
2020-09-28,Stanislaus,099,539301,16665,16467,539,17006,336
2020-09-28,Sutter,101,95872,1703,1676,1,1677,10
2020-09-28,Tehama,103,63373,620,579,2,581,2
2020-09-28,Trinity,105,12862,56,16,8,24,0
2020-09-28,Tulare,107,460477,16580,15918,145,16063,270
2020-09-28,Tuolumne,109,53932,233,225,4,229,2
2020-09-28,Ventura,111,848112,13571,12812,181,12993,139
2020-09-28,Yolo,113,214977,2850,2809,6,2815,55
2020-09-28,Yuba,115,75493,1108,1062,5,1067,7
2020-09-27,Alameda,001,1643700,21638,21077,181,21258,370
2020-09-27,Alpine,003,1148,3,2,0,2,0
2020-09-27,Amador,005,37829,296,291,0,291,16
2020-09-27,Butte,007,227075,2945,2833,27,2860,44
2020-09-27,Calaveras,009,45235,311,257,0,257,11
2020-09-27,Colusa,011,21464,532,531,0,531,6
2020-09-27,Contra Costa,013,1133247,17285,16596,81,16677,195
2020-09-27,Del Norte,015,27424,142,138,0,138,2
2020-09-27,El Dorado,017,186661,1217,1130,1,1131,4
2020-09-27,Fresno,019,978130,30894,28441,391,28832,389
2020-09-27,Glenn,021,27897,596,576,0,576,3
2020-09-27,Humboldt,023,135768,507,492,1,493,6
2020-09-27,Imperial,025,180216,11890,10743,10,10753,283
2020-09-27,Inyo,027,18085,192,188,4,192,14
2020-09-27,Kern,029,883053,32130,31462,324,31786,395
2020-09-27,Kings,031,150075,7870,7641,43,7684,78
2020-09-27,Lake,033,64148,589,555,0,555,10
2020-09-27,Lassen,035,31185,749,737,2,739,0
2020-09-27,Los Angeles,037,10098052,269857,267754,1916,269670,6507
2020-09-27,Madera,039,155013,4609,4416,31,4447,47
2020-09-27,Marin,041,260295,6765,6663,17,6680,91
2020-09-27,Mariposa,043,17540,77,74,0,74,2
2020-09-27,Mendocino,045,87422,904,846,4,850,17
2020-09-27,Merced,047,269075,8959,8853,23,8876,136
2020-09-27,Modoc,049,8938,29,26,0,26,0
2020-09-27,Mono,051,14174,169,148,2,150,1
2020-09-27,Monterey,053,433212,10050,9724,34,9758,69
2020-09-27,Napa,055,140530,1755,1690,8,1698,11
2020-09-27,Nevada,057,99092,543,537,16,553,6
2020-09-27,Orange,059,3164182,55311,52458,1488,53946,1195
2020-09-27,Placer,061,380077,3671,3562,14,3576,42
2020-09-27,Plumas,063,18699,50,48,0,48,0
2020-09-27,Riverside,065,2383286,59855,58509,180,58689,1191
2020-09-27,Sacramento,067,1510023,22832,22356,26,22382,422
2020-09-27,San Benito,069,59416,1349,1331,0,1331,11
2020-09-27,San Bernardino,071,2135413,55001,53127,347,53474,988
2020-09-27,San Diego,073,3302833,48230,46612,987,47599,776
2020-09-27,San Francisco,075,870044,11372,11114,30,11144,100
2020-09-27,San Joaquin,077,732212,20356,19981,59,20040,448
2020-09-27,San Luis Obispo,079,281455,3789,3562,20,3582,31
2020-09-27,San Mateo,081,765935,10263,9566,9,9575,127
2020-09-27,Santa Barbara,083,443738,9265,9090,78,9168,114
2020-09-27,Santa Clara,085,1922200,22309,21091,46,21137,271
2020-09-27,Santa Cruz,087,273765,2475,2359,32,2391,9
2020-09-27,Shasta,089,179085,1189,883,9,892,17
2020-09-27,Sierra,091,2930,6,6,0,6,0
2020-09-27,Siskiyou,093,43540,156,149,10,159,0
2020-09-27,Solano,095,438530,6391,6211,41,6252,51
2020-09-27,Sonoma,097,501317,7767,7336,21,7357,124
2020-09-27,Stanislaus,099,539301,16614,16448,533,16981,336
2020-09-27,Sutter,101,95872,1696,1672,1,1673,10
2020-09-27,Tehama,103,63373,603,573,2,575,2
2020-09-27,Trinity,105,12862,56,16,8,24,0
2020-09-27,Tulare,107,460477,16502,15918,136,16054,270
2020-09-27,Tuolumne,109,53932,232,224,4,228,2
2020-09-27,Ventura,111,848112,13482,12775,172,12947,139
2020-09-27,Yolo,113,214977,2836,2796,6,2802,55
2020-09-27,Yuba,115,75493,1098,1059,5,1064,7
2020-09-26,Alameda,001,1643700,21580,21019,180,21199,370
2020-09-26,Alpine,003,1148,3,2,0,2,0
2020-09-26,Amador,005,37829,295,291,0,291,16
2020-09-26,Butte,007,227075,2937,2827,27,2854,44
2020-09-26,Calaveras,009,45235,311,257,0,257,11
2020-09-26,Colusa,011,21464,532,529,0,529,6
2020-09-26,Contra Costa,013,1133247,17242,16508,81,16589,194
2020-09-26,Del Norte,015,27424,142,138,0,138,2
2020-09-26,El Dorado,017,186661,1212,1127,1,1128,4
2020-09-26,Fresno,019,978130,30827,28336,391,28727,389
2020-09-26,Glenn,021,27897,596,576,0,576,3
2020-09-26,Humboldt,023,135768,507,491,1,492,6
2020-09-26,Imperial,025,180216,11873,10721,10,10731,283
2020-09-26,Inyo,027,18085,191,187,4,191,14
2020-09-26,Kern,029,883053,32079,31410,324,31734,394
2020-09-26,Kings,031,150075,7858,7537,43,7580,78
2020-09-26,Lake,033,64148,586,549,0,549,10
2020-09-26,Lassen,035,31185,749,737,2,739,0
2020-09-26,Los Angeles,037,10098052,269223,266931,1901,268832,6497
2020-09-26,Madera,039,155013,4593,4410,31,4441,47
2020-09-26,Marin,041,260295,6752,6641,17,6658,91
2020-09-26,Mariposa,043,17540,76,74,0,74,2
2020-09-26,Mendocino,045,87422,899,836,4,840,17
2020-09-26,Merced,047,269075,8947,8841,22,8863,136
2020-09-26,Modoc,049,8938,29,26,0,26,0
2020-09-26,Mono,051,14174,169,148,2,150,1
2020-09-26,Monterey,053,433212,10023,9651,34,9685,68
2020-09-26,Napa,055,140530,1753,1681,8,1689,11
2020-09-26,Nevada,057,99092,543,534,16,550,6
2020-09-26,Orange,059,3164182,55171,52203,1482,53685,1194
2020-09-26,Placer,061,380077,3658,3551,14,3565,42
2020-09-26,Plumas,063,18699,49,48,0,48,0
2020-09-26,Riverside,065,2383286,59720,58076,178,58254,1190
2020-09-26,Sacramento,067,1510023,22776,22269,26,22295,421
2020-09-26,San Benito,069,59416,1347,1325,0,1325,11
2020-09-26,San Bernardino,071,2135413,54868,53122,347,53469,988
2020-09-26,San Diego,073,3302833,48025,46333,973,47306,775
2020-09-26,San Francisco,075,870044,11344,11113,30,11143,100
2020-09-26,San Joaquin,077,732212,20321,19982,57,20039,449
2020-09-26,San Luis Obispo,079,281455,3773,3546,20,3566,31
2020-09-26,San Mateo,081,765935,10229,9509,9,9518,127
2020-09-26,Santa Barbara,083,443738,9254,9061,78,9139,114
2020-09-26,Santa Clara,085,1922200,22238,20967,45,21012,270
2020-09-26,Santa Cruz,087,273765,2467,2336,32,2368,9
2020-09-26,Shasta,089,179085,1139,856,8,864,17
2020-09-26,Sierra,091,2930,6,6,0,6,0
2020-09-26,Siskiyou,093,43540,155,149,10,159,0
2020-09-26,Solano,095,438530,6372,6209,41,6250,51
2020-09-26,Sonoma,097,501317,7742,7285,20,7305,124
2020-09-26,Stanislaus,099,539301,16589,16421,524,16945,336
2020-09-26,Sutter,101,95872,1691,1662,1,1663,10
2020-09-26,Tehama,103,63373,591,560,2,562,2
2020-09-26,Trinity,105,12862,54,16,8,24,0
2020-09-26,Tulare,107,460477,16476,15881,134,16015,270
2020-09-26,Tuolumne,109,53932,232,223,4,227,2
2020-09-26,Ventura,111,848112,13447,12729,171,12900,137
2020-09-26,Yolo,113,214977,2834,2789,6,2795,55
2020-09-26,Yuba,115,75493,1094,1056,5,1061,7
2020-09-25,Alameda,001,1643700,21526,20911,180,21091,367
2020-09-25,Alpine,003,1148,3,2,0,2,0
2020-09-25,Amador,005,37829,295,289,0,289,16
2020-09-25,Butte,007,227075,2932,2819,27,2846,43
2020-09-25,Calaveras,009,45235,311,257,0,257,11
2020-09-25,Colusa,011,21464,532,528,0,528,6
2020-09-25,Contra Costa,013,1133247,17183,16401,81,16482,194
2020-09-25,Del Norte,015,27424,142,138,0,138,2
2020-09-25,El Dorado,017,186661,1208,1104,1,1105,4
2020-09-25,Fresno,019,978130,30767,28199,390,28589,385
2020-09-25,Glenn,021,27897,594,570,0,570,3
2020-09-25,Humboldt,023,135768,506,489,1,490,5
2020-09-25,Imperial,025,180216,11855,10681,10,10691,283
2020-09-25,Inyo,027,18085,189,187,4,191,14
2020-09-25,Kern,029,883053,32026,31333,322,31655,393
2020-09-25,Kings,031,150075,7853,7450,43,7493,77
2020-09-25,Lake,033,64148,585,539,0,539,9
2020-09-25,Lassen,035,31185,749,737,2,739,0
2020-09-25,Los Angeles,037,10098052,268434,265713,1887,267600,6483
2020-09-25,Madera,039,155013,4574,4369,31,4400,48
2020-09-25,Marin,041,260295,6749,6622,17,6639,90
2020-09-25,Mariposa,043,17540,76,74,0,74,2
2020-09-25,Mendocino,045,87422,884,819,3,822,17
2020-09-25,Merced,047,269075,8931,8830,22,8852,135
2020-09-25,Modoc,049,8938,29,26,0,26,0
2020-09-25,Mono,051,14174,169,149,2,151,1
2020-09-25,Monterey,053,433212,9971,9581,34,9615,68
2020-09-25,Napa,055,140530,1751,1669,8,1677,11
2020-09-25,Nevada,057,99092,541,529,16,545,6
2020-09-25,Orange,059,3164182,55044,52031,1474,53505,1184
2020-09-25,Placer,061,380077,3647,3527,14,3541,41
2020-09-25,Plumas,063,18699,49,48,0,48,0
2020-09-25,Riverside,065,2383286,59544,57783,173,57956,1183
2020-09-25,Sacramento,067,1510023,22699,22132,26,22158,418
2020-09-25,San Benito,069,59416,1346,1318,0,1318,11
2020-09-25,San Bernardino,071,2135413,54714,52814,347,53161,987
2020-09-25,San Diego,073,3302833,47823,46003,957,46960,775
2020-09-25,San Francisco,075,870044,11310,11066,29,11095,100
2020-09-25,San Joaquin,077,732212,20269,19909,57,19966,449
2020-09-25,San Luis Obispo,079,281455,3761,3512,20,3532,31
2020-09-25,San Mateo,081,765935,10193,9447,9,9456,127
2020-09-25,Santa Barbara,083,443738,9230,9026,78,9104,114
2020-09-25,Santa Clara,085,1922200,22174,20812,44,20856,265
2020-09-25,Santa Cruz,087,273765,2455,2309,31,2340,9
2020-09-25,Shasta,089,179085,1105,806,8,814,16
2020-09-25,Sierra,091,2930,6,6,0,6,0
2020-09-25,Siskiyou,093,43540,155,149,10,159,0
2020-09-25,Solano,095,438530,6356,6179,41,6220,50
2020-09-25,Sonoma,097,501317,7702,7202,20,7222,124
2020-09-25,Stanislaus,099,539301,16571,16381,522,16903,326
2020-09-25,Sutter,101,95872,1688,1655,1,1656,10
2020-09-25,Tehama,103,63373,583,546,2,548,2
2020-09-25,Trinity,105,12862,54,15,8,23,0
2020-09-25,Tulare,107,460477,16436,15815,132,15947,267
2020-09-25,Tuolumne,109,53932,232,223,4,227,2
2020-09-25,Ventura,111,848112,13404,12664,168,12832,137
2020-09-25,Yolo,113,214977,2826,2784,6,2790,55
2020-09-25,Yuba,115,75493,1089,1049,5,1054,5
2020-09-24,Alameda,001,1643700,21451,20838,177,21015,364
2020-09-24,Alpine,003,1148,3,2,0,2,0
2020-09-24,Amador,005,37829,295,288,0,288,16
2020-09-24,Butte,007,227075,2921,2803,27,2830,43
2020-09-24,Calaveras,009,45235,311,258,0,258,11
2020-09-24,Colusa,011,21464,532,523,0,523,6
2020-09-24,Contra Costa,013,1133247,17101,16252,81,16333,192
2020-09-24,Del Norte,015,27424,138,137,0,137,2
2020-09-24,El Dorado,017,186661,1199,1093,1,1094,4
2020-09-24,Fresno,019,978130,30661,28106,386,28492,375
2020-09-24,Glenn,021,27897,590,567,0,567,3
2020-09-24,Humboldt,023,135768,503,482,1,483,5
2020-09-24,Imperial,025,180216,11831,10622,10,10632,283
2020-09-24,Inyo,027,18085,189,187,4,191,13
2020-09-24,Kern,029,883053,31963,31273,320,31593,388
2020-09-24,Kings,031,150075,7837,7428,43,7471,76
2020-09-24,Lake,033,64148,576,531,0,531,9
2020-09-24,Lassen,035,31185,748,737,2,739,0
2020-09-24,Los Angeles,037,10098052,267392,264374,1869,266243,6452
2020-09-24,Madera,039,155013,4555,4344,31,4375,48
2020-09-24,Marin,041,260295,6721,6588,17,6605,85
2020-09-24,Mariposa,043,17540,76,74,0,74,2
2020-09-24,Mendocino,045,87422,880,810,3,813,17
2020-09-24,Merced,047,269075,8902,8813,21,8834,135
2020-09-24,Modoc,049,8938,29,24,0,24,0
2020-09-24,Mono,051,14174,169,149,2,151,1
2020-09-24,Monterey,053,433212,9905,9544,31,9575,67
2020-09-24,Napa,055,140530,1739,1661,8,1669,11
2020-09-24,Nevada,057,99092,540,527,16,543,6
2020-09-24,Orange,059,3164182,54836,51749,1456,53205,1164
2020-09-24,Placer,061,380077,3632,3514,14,3528,41
2020-09-24,Plumas,063,18699,49,48,0,48,0
2020-09-24,Riverside,065,2383286,59278,57491,167,57658,1172
2020-09-24,Sacramento,067,1510023,22573,21985,25,22010,417
2020-09-24,San Benito,069,59416,1344,1308,0,1308,11
2020-09-24,San Bernardino,071,2135413,54378,52455,346,52801,988
2020-09-24,San Diego,073,3302833,47554,45598,942,46540,773
2020-09-24,San Francisco,075,870044,11263,10992,29,11021,99
2020-09-24,San Joaquin,077,732212,20231,19851,55,19906,444
2020-09-24,San Luis Obispo,079,281455,3745,3480,20,3500,31
2020-09-24,San Mateo,081,765935,10145,9376,9,9385,127
2020-09-24,Santa Barbara,083,443738,9178,8988,77,9065,114
2020-09-24,Santa Clara,085,1922200,22086,20689,44,20733,262
2020-09-24,Santa Cruz,087,273765,2435,2300,29,2329,9
2020-09-24,Shasta,089,179085,1068,773,5,778,14
2020-09-24,Sierra,091,2930,6,6,0,6,0
2020-09-24,Siskiyou,093,43540,155,149,10,159,0
2020-09-24,Solano,095,438530,6323,6137,41,6178,49
2020-09-24,Sonoma,097,501317,7621,7163,20,7183,122
2020-09-24,Stanislaus,099,539301,16534,16326,517,16843,326
2020-09-24,Sutter,101,95872,1685,1646,1,1647,10
2020-09-24,Tehama,103,63373,580,540,2,542,2
2020-09-24,Trinity,105,12862,54,15,8,23,0
2020-09-24,Tulare,107,460477,16371,15754,131,15885,267
2020-09-24,Tuolumne,109,53932,232,224,4,228,2
2020-09-24,Ventura,111,848112,13322,12617,167,12784,138
2020-09-24,Yolo,113,214977,2819,2776,6,2782,55
2020-09-24,Yuba,115,75493,1084,1042,5,1047,5
2020-09-23,Alameda,001,1643700,21383,20718,175,20893,361
2020-09-23,Alpine,003,1148,3,2,0,2,0
2020-09-23,Amador,005,37829,294,288,0,288,16
2020-09-23,Butte,007,227075,2913,2790,27,2817,43
2020-09-23,Calaveras,009,45235,310,258,0,258,11
2020-09-23,Colusa,011,21464,531,521,0,521,6
2020-09-23,Contra Costa,013,1133247,17038,16167,80,16247,192
2020-09-23,Del Norte,015,27424,136,137,0,137,2
2020-09-23,El Dorado,017,186661,1185,1088,1,1089,4
2020-09-23,Fresno,019,978130,30566,28019,384,28403,371
2020-09-23,Glenn,021,27897,583,561,0,561,3
2020-09-23,Humboldt,023,135768,499,477,1,478,5
2020-09-23,Imperial,025,180216,11805,10587,10,10597,284
2020-09-23,Inyo,027,18085,188,177,4,181,13
2020-09-23,Kern,029,883053,31919,31172,318,31490,387
2020-09-23,Kings,031,150075,7815,7406,43,7449,76
2020-09-23,Lake,033,64148,571,519,0,519,9
2020-09-23,Lassen,035,31185,748,736,2,738,0
2020-09-23,Los Angeles,037,10098052,266375,263318,1840,265158,6421
2020-09-23,Madera,039,155013,4540,4311,31,4342,48
2020-09-23,Marin,041,260295,6702,6567,17,6584,85
2020-09-23,Mariposa,043,17540,76,74,0,74,2
2020-09-23,Mendocino,045,87422,879,801,2,803,17
2020-09-23,Merced,047,269075,8881,8785,19,8804,134
2020-09-23,Modoc,049,8938,29,24,0,24,0
2020-09-23,Mono,051,14174,169,149,2,151,1
2020-09-23,Monterey,053,433212,9836,9452,30,9482,67
2020-09-23,Napa,055,140530,1730,1653,8,1661,11
2020-09-23,Nevada,057,99092,539,523,16,539,6
2020-09-23,Orange,059,3164182,54609,51658,1448,53106,1155
2020-09-23,Placer,061,380077,3620,3506,14,3520,41
2020-09-23,Plumas,063,18699,49,48,0,48,0
2020-09-23,Riverside,065,2383286,58972,57257,164,57421,1165
2020-09-23,Sacramento,067,1510023,22496,21821,25,21846,415
2020-09-23,San Benito,069,59416,1338,1305,0,1305,10
2020-09-23,San Bernardino,071,2135413,54084,52132,344,52476,973
2020-09-23,San Diego,073,3302833,47278,45427,923,46350,767
2020-09-23,San Francisco,075,870044,11214,10926,29,10955,95
2020-09-23,San Joaquin,077,732212,20178,19785,55,19840,439
2020-09-23,San Luis Obispo,079,281455,3727,3447,20,3467,31
2020-09-23,San Mateo,081,765935,10105,9351,9,9360,127
2020-09-23,Santa Barbara,083,443738,9149,8952,77,9029,112
2020-09-23,Santa Clara,085,1922200,21975,20575,41,20616,260
2020-09-23,Santa Cruz,087,273765,2416,2283,29,2312,9
2020-09-23,Shasta,089,179085,1029,756,4,760,14
2020-09-23,Sierra,091,2930,6,6,0,6,0
2020-09-23,Siskiyou,093,43540,155,149,10,159,0
2020-09-23,Solano,095,438530,6298,6123,41,6164,50
2020-09-23,Sonoma,097,501317,7545,7091,20,7111,122
2020-09-23,Stanislaus,099,539301,16504,16271,514,16785,317
2020-09-23,Sutter,101,95872,1681,1646,1,1647,10
2020-09-23,Tehama,103,63373,574,533,2,535,2
2020-09-23,Trinity,105,12862,53,15,8,23,0
2020-09-23,Tulare,107,460477,16306,15664,130,15794,266
2020-09-23,Tuolumne,109,53932,232,223,4,227,2
2020-09-23,Ventura,111,848112,13266,12591,164,12755,137
2020-09-23,Yolo,113,214977,2801,2766,6,2772,55
2020-09-23,Yuba,115,75493,1082,1038,5,1043,5
2020-09-22,Alameda,001,1643700,21303,20607,173,20780,355
2020-09-22,Alpine,003,1148,2,2,0,2,0
2020-09-22,Amador,005,37829,293,287,0,287,16
2020-09-22,Butte,007,227075,2908,2776,27,2803,43
2020-09-22,Calaveras,009,45235,310,258,0,258,11
2020-09-22,Colusa,011,21464,529,518,0,518,6
2020-09-22,Contra Costa,013,1133247,16948,16090,80,16170,190
2020-09-22,Del Norte,015,27424,136,137,0,137,2
2020-09-22,El Dorado,017,186661,1166,1076,1,1077,4
2020-09-22,Fresno,019,978130,30471,27944,381,28325,369
2020-09-22,Glenn,021,27897,580,560,0,560,3
2020-09-22,Humboldt,023,135768,498,476,1,477,5
2020-09-22,Imperial,025,180216,11776,10529,10,10539,284
2020-09-22,Inyo,027,18085,188,177,4,181,13
2020-09-22,Kern,029,883053,31851,31110,311,31421,383
2020-09-22,Kings,031,150075,7758,7395,42,7437,76
2020-09-22,Lake,033,64148,563,516,0,516,9
2020-09-22,Lassen,035,31185,747,736,2,738,0
2020-09-22,Los Angeles,037,10098052,265310,262117,1814,263931,6394
2020-09-22,Madera,039,155013,4524,4303,31,4334,47
2020-09-22,Marin,041,260295,6688,6561,17,6578,84
2020-09-22,Mariposa,043,17540,76,74,0,74,2
2020-09-22,Mendocino,045,87422,859,794,1,795,18
2020-09-22,Merced,047,269075,8851,8769,19,8788,132
2020-09-22,Modoc,049,8938,29,24,0,24,0
2020-09-22,Mono,051,14174,168,149,2,151,1
2020-09-22,Monterey,053,433212,9778,9393,30,9423,67
2020-09-22,Napa,055,140530,1713,1652,8,1660,11
2020-09-22,Nevada,057,99092,539,523,16,539,6
2020-09-22,Orange,059,3164182,54359,51528,1439,52967,1132
2020-09-22,Placer,061,380077,3608,3492,14,3506,40
2020-09-22,Plumas,063,18699,49,48,0,48,0
2020-09-22,Riverside,065,2383286,58488,57066,160,57226,1162
2020-09-22,Sacramento,067,1510023,22376,21745,25,21770,410
2020-09-22,San Benito,069,59416,1333,1305,0,1305,10
2020-09-22,San Bernardino,071,2135413,53810,51899,344,52243,971
2020-09-22,San Diego,073,3302833,46971,45149,904,46053,765
2020-09-22,San Francisco,075,870044,11170,10893,28,10921,95
2020-09-22,San Joaquin,077,732212,20131,19755,54,19809,426
2020-09-22,San Luis Obispo,079,281455,3705,3420,20,3440,31
2020-09-22,San Mateo,081,765935,10067,9291,9,9300,127
2020-09-22,Santa Barbara,083,443738,9119,8927,76,9003,111
2020-09-22,Santa Clara,085,1922200,21856,20514,41,20555,253
2020-09-22,Santa Cruz,087,273765,2393,2264,29,2293,8
2020-09-22,Shasta,089,179085,994,723,4,727,14
2020-09-22,Sierra,091,2930,6,6,0,6,0
2020-09-22,Siskiyou,093,43540,155,149,10,159,0
2020-09-22,Solano,095,438530,6267,6107,41,6148,48
2020-09-22,Sonoma,097,501317,7466,7068,19,7087,117
2020-09-22,Stanislaus,099,539301,16481,16231,507,16738,316
2020-09-22,Sutter,101,95872,1675,1638,1,1639,10
2020-09-22,Tehama,103,63373,566,529,2,531,2
2020-09-22,Trinity,105,12862,53,15,8,23,0
2020-09-22,Tulare,107,460477,16239,15616,126,15742,263
2020-09-22,Tuolumne,109,53932,231,224,4,228,1
2020-09-22,Ventura,111,848112,13214,12507,160,12667,136
2020-09-22,Yolo,113,214977,2794,2763,6,2769,54
2020-09-22,Yuba,115,75493,1073,1035,5,1040,5
2020-09-21,Alameda,001,1643700,21224,20501,172,20673,343
2020-09-21,Alpine,003,1148,2,2,0,2,0
2020-09-21,Amador,005,37829,291,286,0,286,16
2020-09-21,Butte,007,227075,2894,2769,27,2796,41
2020-09-21,Calaveras,009,45235,308,256,0,256,10
2020-09-21,Colusa,011,21464,528,517,0,517,6
2020-09-21,Contra Costa,013,1133247,16861,16008,80,16088,189
2020-09-21,Del Norte,015,27424,136,132,0,132,2
2020-09-21,El Dorado,017,186661,1157,1074,1,1075,4
2020-09-21,Fresno,019,978130,30369,27843,374,28217,362
2020-09-21,Glenn,021,27897,576,556,0,556,3
2020-09-21,Humboldt,023,135768,494,473,1,474,5
2020-09-21,Imperial,025,180216,11745,10521,10,10531,284
2020-09-21,Inyo,027,18085,187,177,4,181,12
2020-09-21,Kern,029,883053,31779,31031,309,31340,379
2020-09-21,Kings,031,150075,7645,7297,41,7338,76
2020-09-21,Lake,033,64148,558,508,0,508,8
2020-09-21,Lassen,035,31185,745,735,2,737,0
2020-09-21,Los Angeles,037,10098052,264223,261418,1769,263187,6360
2020-09-21,Madera,039,155013,4513,4275,30,4305,47
2020-09-21,Marin,041,260295,6677,6538,16,6554,84
2020-09-21,Mariposa,043,17540,75,74,0,74,2
2020-09-21,Mendocino,045,87422,844,778,0,778,18
2020-09-21,Merced,047,269075,8832,8749,17,8766,128
2020-09-21,Modoc,049,8938,29,22,0,22,0
2020-09-21,Mono,051,14174,168,147,2,149,1
2020-09-21,Monterey,053,433212,9714,9331,27,9358,66
2020-09-21,Napa,055,140530,1702,1641,8,1649,11
2020-09-21,Nevada,057,99092,537,515,16,531,6
2020-09-21,Orange,059,3164182,54137,51363,1432,52795,1110
2020-09-21,Placer,061,380077,3598,3473,14,3487,40
2020-09-21,Plumas,063,18699,49,47,0,47,0
2020-09-21,Riverside,065,2383286,58216,57001,153,57154,1153
2020-09-21,Sacramento,067,1510023,22195,21568,25,21593,404
2020-09-21,San Benito,069,59416,1331,1298,0,1298,10
2020-09-21,San Bernardino,071,2135413,53524,51654,344,51998,970
2020-09-21,San Diego,073,3302833,46687,44927,883,45810,760
2020-09-21,San Francisco,075,870044,11122,10743,28,10771,95
2020-09-21,San Joaquin,077,732212,20073,19579,54,19633,423
2020-09-21,San Luis Obispo,079,281455,3679,3406,20,3426,27
2020-09-21,San Mateo,081,765935,10015,9239,9,9248,127
2020-09-21,Santa Barbara,083,443738,9091,8911,76,8987,110
2020-09-21,Santa Clara,085,1922200,21755,20432,41,20473,252
2020-09-21,Santa Cruz,087,273765,2376,2257,27,2284,8
2020-09-21,Shasta,089,179085,944,696,4,700,14
2020-09-21,Sierra,091,2930,6,6,0,6,0
2020-09-21,Siskiyou,093,43540,155,146,10,156,0
2020-09-21,Solano,095,438530,6243,6019,41,6060,46
2020-09-21,Sonoma,097,501317,7390,7017,19,7036,117
2020-09-21,Stanislaus,099,539301,16451,16186,507,16693,310
2020-09-21,Sutter,101,95872,1668,1634,1,1635,10
2020-09-21,Tehama,103,63373,547,513,2,515,2
2020-09-21,Trinity,105,12862,53,15,8,23,0
2020-09-21,Tulare,107,460477,16165,15528,117,15645,260
2020-09-21,Tuolumne,109,53932,231,221,4,225,1
2020-09-21,Ventura,111,848112,13130,12477,154,12631,133
2020-09-21,Yolo,113,214977,2788,2752,6,2758,54
2020-09-21,Yuba,115,75493,1069,1033,5,1038,1
2020-09-20,Alameda,001,1643700,21124,20425,169,20594,343
2020-09-20,Alpine,003,1148,2,2,0,2,0
2020-09-20,Amador,005,37829,290,286,0,286,16
2020-09-20,Butte,007,227075,2882,2764,27,2791,39
2020-09-20,Calaveras,009,45235,304,256,0,256,10
2020-09-20,Colusa,011,21464,526,510,0,510,6
2020-09-20,Contra Costa,013,1133247,16727,15917,79,15996,189
2020-09-20,Del Norte,015,27424,134,132,0,132,2
2020-09-20,El Dorado,017,186661,1142,1073,1,1074,4
2020-09-20,Fresno,019,978130,30255,27769,369,28138,362
2020-09-20,Glenn,021,27897,572,550,0,550,3
2020-09-20,Humboldt,023,135768,494,472,1,473,5
2020-09-20,Imperial,025,180216,11718,10496,9,10505,284
2020-09-20,Inyo,027,18085,187,177,4,181,12
2020-09-20,Kern,029,883053,31696,30992,306,31298,379
2020-09-20,Kings,031,150075,7598,7159,40,7199,76
2020-09-20,Lake,033,64148,546,492,0,492,8
2020-09-20,Lassen,035,31185,745,735,2,737,0
2020-09-20,Los Angeles,037,10098052,262993,260770,1744,262514,6347
2020-09-20,Madera,039,155013,4493,4257,30,4287,47
2020-09-20,Marin,041,260295,6651,6533,16,6549,83
2020-09-20,Mariposa,043,17540,75,74,0,74,2
2020-09-20,Mendocino,045,87422,832,765,0,765,18
2020-09-20,Merced,047,269075,8805,8745,17,8762,128
2020-09-20,Modoc,049,8938,27,22,0,22,0
2020-09-20,Mono,051,14174,167,147,2,149,1
2020-09-20,Monterey,053,433212,9636,9312,27,9339,65
2020-09-20,Napa,055,140530,1693,1626,8,1634,11
2020-09-20,Nevada,057,99092,534,511,16,527,6
2020-09-20,Orange,059,3164182,53896,51233,1422,52655,1110
2020-09-20,Placer,061,380077,3583,3452,14,3466,40
2020-09-20,Plumas,063,18699,49,47,0,47,0
2020-09-20,Riverside,065,2383286,58015,56783,147,56930,1147
2020-09-20,Sacramento,067,1510023,22008,21394,24,21418,401
2020-09-20,San Benito,069,59416,1320,1291,0,1291,9
2020-09-20,San Bernardino,071,2135413,53203,51559,342,51901,970
2020-09-20,San Diego,073,3302833,46314,44579,854,45433,760
2020-09-20,San Francisco,075,870044,11068,10743,28,10771,95
2020-09-20,San Joaquin,077,732212,20008,19578,47,19625,423
2020-09-20,San Luis Obispo,079,281455,3651,3393,20,3413,27
2020-09-20,San Mateo,081,765935,9948,9198,9,9207,127
2020-09-20,Santa Barbara,083,443738,9055,8880,75,8955,110
2020-09-20,Santa Clara,085,1922200,21634,20330,40,20370,252
2020-09-20,Santa Cruz,087,273765,2356,2199,27,2226,8
2020-09-20,Shasta,089,179085,903,696,3,699,14
2020-09-20,Sierra,091,2930,6,6,0,6,0
2020-09-20,Siskiyou,093,43540,155,146,10,156,0
2020-09-20,Solano,095,438530,6199,6020,41,6061,46
2020-09-20,Sonoma,097,501317,7286,6954,19,6973,117
2020-09-20,Stanislaus,099,539301,16420,16159,500,16659,310
2020-09-20,Sutter,101,95872,1662,1624,1,1625,10
2020-09-20,Tehama,103,63373,534,509,2,511,2
2020-09-20,Trinity,105,12862,53,15,8,23,0
2020-09-20,Tulare,107,460477,16079,15528,111,15639,260
2020-09-20,Tuolumne,109,53932,231,221,4,225,1
2020-09-20,Ventura,111,848112,13064,12406,150,12556,133
2020-09-20,Yolo,113,214977,2780,2745,6,2751,54
2020-09-20,Yuba,115,75493,1062,1029,5,1034,1
2020-09-19,Alameda,001,1643700,21073,20349,166,20515,343
2020-09-19,Alpine,003,1148,2,2,0,2,0
2020-09-19,Amador,005,37829,290,285,0,285,16
2020-09-19,Butte,007,227075,2876,2748,27,2775,38
2020-09-19,Calaveras,009,45235,304,256,0,256,10
2020-09-19,Colusa,011,21464,526,507,0,507,6
2020-09-19,Contra Costa,013,1133247,16664,15783,79,15862,186
2020-09-19,Del Norte,015,27424,133,132,0,132,2
2020-09-19,El Dorado,017,186661,1136,1068,0,1068,4
2020-09-19,Fresno,019,978130,30182,27668,369,28037,362
2020-09-19,Glenn,021,27897,569,547,0,547,3
2020-09-19,Humboldt,023,135768,493,471,1,472,5
2020-09-19,Imperial,025,180216,11703,10496,9,10505,284
2020-09-19,Inyo,027,18085,187,177,4,181,12
2020-09-19,Kern,029,883053,31642,30886,303,31189,379
2020-09-19,Kings,031,150075,7592,7130,40,7170,76
2020-09-19,Lake,033,64148,546,465,0,465,8
2020-09-19,Lassen,035,31185,745,731,2,733,0
2020-09-19,Los Angeles,037,10098052,262367,259801,1730,261531,6325
2020-09-19,Madera,039,155013,4470,4237,30,4267,47
2020-09-19,Marin,041,260295,6644,6513,15,6528,81
2020-09-19,Mariposa,043,17540,75,74,0,74,2
2020-09-19,Mendocino,045,87422,829,750,0,750,18
2020-09-19,Merced,047,269075,8794,8717,16,8733,128
2020-09-19,Modoc,049,8938,27,22,0,22,0
2020-09-19,Mono,051,14174,167,147,2,149,1
2020-09-19,Monterey,053,433212,9594,9237,27,9264,65
2020-09-19,Napa,055,140530,1685,1614,8,1622,11
2020-09-19,Nevada,057,99092,532,505,16,521,6
2020-09-19,Orange,059,3164182,53767,50999,1415,52414,1105
2020-09-19,Placer,061,380077,3574,3412,14,3426,40
2020-09-19,Plumas,063,18699,49,47,0,47,0
2020-09-19,Riverside,065,2383286,57888,56562,146,56708,1147
2020-09-19,Sacramento,067,1510023,21954,21297,24,21321,396
2020-09-19,San Benito,069,59416,1316,1276,0,1276,9
2020-09-19,San Bernardino,071,2135413,53047,51353,339,51692,971
2020-09-19,San Diego,073,3302833,46086,44295,831,45126,773
2020-09-19,San Francisco,075,870044,11035,10741,28,10769,95
2020-09-19,San Joaquin,077,732212,19971,19580,47,19627,424
2020-09-19,San Luis Obispo,079,281455,3630,3369,20,3389,27
2020-09-19,San Mateo,081,765935,9917,9158,9,9167,127
2020-09-19,Santa Barbara,083,443738,9035,8862,75,8937,106
2020-09-19,Santa Clara,085,1922200,21545,20170,40,20210,251
2020-09-19,Santa Cruz,087,273765,2342,2198,26,2224,8
2020-09-19,Shasta,089,179085,876,687,3,690,14
2020-09-19,Sierra,091,2930,6,6,0,6,0
2020-09-19,Siskiyou,093,43540,155,146,10,156,0
2020-09-19,Solano,095,438530,6183,5998,41,6039,46
2020-09-19,Sonoma,097,501317,7253,6905,19,6924,117
2020-09-19,Stanislaus,099,539301,16380,16109,493,16602,313
2020-09-19,Sutter,101,95872,1661,1602,1,1603,10
2020-09-19,Tehama,103,63373,529,498,2,500,2
2020-09-19,Trinity,105,12862,53,15,8,23,0
2020-09-19,Tulare,107,460477,16030,15485,108,15593,260
2020-09-19,Tuolumne,109,53932,231,217,4,221,1
2020-09-19,Ventura,111,848112,13032,12328,150,12478,133
2020-09-19,Yolo,113,214977,2772,2739,6,2745,54
2020-09-19,Yuba,115,75493,1055,1023,5,1028,1
2020-09-18,Alameda,001,1643700,21008,20222,160,20382,341
2020-09-18,Alpine,003,1148,2,2,0,2,0
2020-09-18,Amador,005,37829,290,285,0,285,16
2020-09-18,Butte,007,227075,2874,2738,27,2765,37
2020-09-18,Calaveras,009,45235,304,255,0,255,9
2020-09-18,Colusa,011,21464,526,504,0,504,6
2020-09-18,Contra Costa,013,1133247,16579,15667,79,15746,185
2020-09-18,Del Norte,015,27424,133,131,0,131,2
2020-09-18,El Dorado,017,186661,1123,1063,0,1063,4
2020-09-18,Fresno,019,978130,30117,27560,369,27929,359
2020-09-18,Glenn,021,27897,566,541,0,541,3
2020-09-18,Humboldt,023,135768,490,470,1,471,5
2020-09-18,Imperial,025,180216,11688,10460,9,10469,283
2020-09-18,Inyo,027,18085,187,177,4,181,12
2020-09-18,Kern,029,883053,31584,30742,300,31042,373
2020-09-18,Kings,031,150075,7582,7062,40,7102,74
2020-09-18,Lake,033,64148,540,458,0,458,8
2020-09-18,Lassen,035,31185,744,731,2,733,0
2020-09-18,Los Angeles,037,10098052,261606,258488,1712,260200,6324
2020-09-18,Madera,039,155013,4458,4211,30,4241,45
2020-09-18,Marin,041,260295,6629,6475,15,6490,81
2020-09-18,Mariposa,043,17540,75,74,0,74,2
2020-09-18,Mendocino,045,87422,821,739,0,739,18
2020-09-18,Merced,047,269075,8782,8691,15,8706,127
2020-09-18,Modoc,049,8938,27,22,0,22,0
2020-09-18,Mono,051,14174,165,147,2,149,1
2020-09-18,Monterey,053,433212,9552,9183,27,9210,64
2020-09-18,Napa,055,140530,1679,1604,8,1612,11
2020-09-18,Nevada,057,99092,529,504,16,520,6
2020-09-18,Orange,059,3164182,53620,50733,1403,52136,1107
2020-09-18,Placer,061,380077,3563,3389,14,3403,40
2020-09-18,Plumas,063,18699,49,45,0,45,0
2020-09-18,Riverside,065,2383286,57766,56248,142,56390,1143
2020-09-18,Sacramento,067,1510023,21871,21105,24,21129,391
2020-09-18,San Benito,069,59416,1308,1257,0,1257,8
2020-09-18,San Bernardino,071,2135413,52902,51106,336,51442,970
2020-09-18,San Diego,073,3302833,45836,44009,826,44835,757
2020-09-18,San Francisco,075,870044,10997,10644,27,10671,95
2020-09-18,San Joaquin,077,732212,19927,19531,46,19577,423
2020-09-18,San Luis Obispo,079,281455,3606,3328,20,3348,27
2020-09-18,San Mateo,081,765935,9877,9062,9,9071,127
2020-09-18,Santa Barbara,083,443738,9014,8824,75,8899,107
2020-09-18,Santa Clara,085,1922200,21447,20058,40,20098,252
2020-09-18,Santa Cruz,087,273765,2321,2180,25,2205,8
2020-09-18,Shasta,089,179085,841,668,3,671,14
2020-09-18,Sierra,091,2930,6,6,0,6,0
2020-09-18,Siskiyou,093,43540,154,146,10,156,0
2020-09-18,Solano,095,438530,6167,5961,41,6002,46
2020-09-18,Sonoma,097,501317,7205,6856,19,6875,114
2020-09-18,Stanislaus,099,539301,16352,16042,487,16529,277
2020-09-18,Sutter,101,95872,1653,1586,1,1587,10
2020-09-18,Tehama,103,63373,529,490,2,492,2
2020-09-18,Trinity,105,12862,53,15,7,22,0
2020-09-18,Tulare,107,460477,15997,15435,104,15539,259
2020-09-18,Tuolumne,109,53932,230,216,4,220,1
2020-09-18,Ventura,111,848112,12971,12236,146,12382,133
2020-09-18,Yolo,113,214977,2766,2732,6,2738,54
2020-09-18,Yuba,115,75493,1051,1020,5,1025,1
2020-09-17,Alameda,001,1643700,20909,20146,160,20306,339
2020-09-17,Alpine,003,1148,2,2,0,2,0
2020-09-17,Amador,005,37829,288,284,0,284,16
2020-09-17,Butte,007,227075,2856,2720,27,2747,38
2020-09-17,Calaveras,009,45235,304,254,0,254,9
2020-09-17,Colusa,011,21464,524,499,0,499,6
2020-09-17,Contra Costa,013,1133247,16489,15576,79,15655,184
2020-09-17,Del Norte,015,27424,133,131,0,131,2
2020-09-17,El Dorado,017,186661,1114,1057,0,1057,4
2020-09-17,Fresno,019,978130,30007,27487,364,27851,355
2020-09-17,Glenn,021,27897,565,541,0,541,3
2020-09-17,Humboldt,023,135768,484,466,1,467,5
2020-09-17,Imperial,025,180216,11671,10436,9,10445,281
2020-09-17,Inyo,027,18085,187,176,4,180,12
2020-09-17,Kern,029,883053,31523,30627,293,30920,372
2020-09-17,Kings,031,150075,7511,7015,40,7055,72
2020-09-17,Lake,033,64148,530,433,0,433,8
2020-09-17,Lassen,035,31185,742,731,2,733,0
2020-09-17,Los Angeles,037,10098052,260664,257246,1697,258943,6318
2020-09-17,Madera,039,155013,4424,4152,30,4182,45
2020-09-17,Marin,041,260295,6608,6457,15,6472,81
2020-09-17,Mariposa,043,17540,75,74,0,74,2
2020-09-17,Mendocino,045,87422,810,737,0,737,18
2020-09-17,Merced,047,269075,8763,8671,15,8686,119
2020-09-17,Modoc,049,8938,27,22,0,22,0
2020-09-17,Mono,051,14174,165,147,2,149,1
2020-09-17,Monterey,053,433212,9490,9113,25,9138,62
2020-09-17,Napa,055,140530,1668,1592,8,1600,11
2020-09-17,Nevada,057,99092,527,494,16,510,6
2020-09-17,Orange,059,3164182,53439,50537,1391,51928,1098
2020-09-17,Placer,061,380077,3542,3368,14,3382,40
2020-09-17,Plumas,063,18699,49,45,0,45,0
2020-09-17,Riverside,065,2383286,57540,56007,141,56148,1134
2020-09-17,Sacramento,067,1510023,21636,20895,24,20919,385
2020-09-17,San Benito,069,59416,1305,1252,0,1252,8
2020-09-17,San Bernardino,071,2135413,52700,50770,336,51106,904
2020-09-17,San Diego,073,3302833,45556,43621,814,44435,754
2020-09-17,San Francisco,075,870044,10902,10564,27,10591,95
2020-09-17,San Joaquin,077,732212,19868,19439,46,19485,416
2020-09-17,San Luis Obispo,079,281455,3576,3299,20,3319,27
2020-09-17,San Mateo,081,765935,9835,8984,9,8993,127
2020-09-17,Santa Barbara,083,443738,8990,8779,75,8854,107
2020-09-17,Santa Clara,085,1922200,21330,19825,40,19865,254
2020-09-17,Santa Cruz,087,273765,2305,2155,25,2180,7
2020-09-17,Shasta,089,179085,802,660,3,663,12
2020-09-17,Sierra,091,2930,6,6,0,6,0
2020-09-17,Siskiyou,093,43540,154,146,10,156,0
2020-09-17,Solano,095,438530,6144,5915,41,5956,44
2020-09-17,Sonoma,097,501317,7141,6754,19,6773,114
2020-09-17,Stanislaus,099,539301,16319,15984,483,16467,277
2020-09-17,Sutter,101,95872,1648,1572,1,1573,10
2020-09-17,Tehama,103,63373,515,487,2,489,2
2020-09-17,Trinity,105,12862,53,15,7,22,0
2020-09-17,Tulare,107,460477,15944,15344,102,15446,258
2020-09-17,Tuolumne,109,53932,229,214,4,218,1
2020-09-17,Ventura,111,848112,12884,12167,142,12309,130
2020-09-17,Yolo,113,214977,2757,2724,6,2730,53
2020-09-17,Yuba,115,75493,1047,1015,5,1020,1
2020-09-16,Alameda,001,1643700,20811,20009,158,20167,333
2020-09-16,Alpine,003,1148,2,2,0,2,0
2020-09-16,Amador,005,37829,288,284,0,284,16
2020-09-16,Butte,007,227075,2846,2704,26,2730,38
2020-09-16,Calaveras,009,45235,304,254,0,254,9
2020-09-16,Colusa,011,21464,522,497,0,497,6
2020-09-16,Contra Costa,013,1133247,16403,15473,79,15552,183
2020-09-16,Del Norte,015,27424,133,131,0,131,2
2020-09-16,El Dorado,017,186661,1106,1049,0,1049,4
2020-09-16,Fresno,019,978130,29900,27381,362,27743,343
2020-09-16,Glenn,021,27897,563,539,0,539,3
2020-09-16,Humboldt,023,135768,483,455,1,456,4
2020-09-16,Imperial,025,180216,11648,10401,9,10410,277
2020-09-16,Inyo,027,18085,186,176,4,180,12
2020-09-16,Kern,029,883053,31463,30570,292,30862,371
2020-09-16,Kings,031,150075,7486,7002,37,7039,71
2020-09-16,Lake,033,64148,519,417,0,417,6
2020-09-16,Lassen,035,31185,741,730,2,732,0
2020-09-16,Los Angeles,037,10098052,259685,256101,1679,257780,6299
2020-09-16,Madera,039,155013,4401,4138,30,4168,45
2020-09-16,Marin,041,260295,6580,6430,15,6445,77
2020-09-16,Mariposa,043,17540,75,74,0,74,2
2020-09-16,Mendocino,045,87422,801,727,0,727,18
2020-09-16,Merced,047,269075,8742,8646,15,8661,118
2020-09-16,Modoc,049,8938,27,22,0,22,0
2020-09-16,Mono,051,14174,165,147,2,149,1
2020-09-16,Monterey,053,433212,9436,8997,25,9022,62
2020-09-16,Napa,055,140530,1654,1587,8,1595,11
2020-09-16,Nevada,057,99092,522,495,15,510,6
2020-09-16,Orange,059,3164182,53238,50414,1382,51796,1096
2020-09-16,Placer,061,380077,3524,3351,14,3365,39
2020-09-16,Plumas,063,18699,49,45,0,45,0
2020-09-16,Riverside,065,2383286,57346,55811,133,55944,1127
2020-09-16,Sacramento,067,1510023,21541,20610,24,20634,377
2020-09-16,San Benito,069,59416,1297,1244,0,1244,8
2020-09-16,San Bernardino,071,2135413,52475,50509,335,50844,907
2020-09-16,San Diego,073,3302833,45264,43447,793,44240,748
2020-09-16,San Francisco,075,870044,10855,10502,27,10529,90
2020-09-16,San Joaquin,077,732212,19814,19377,45,19422,409
2020-09-16,San Luis Obispo,079,281455,3545,3285,20,3305,28
2020-09-16,San Mateo,081,765935,9770,8944,9,8953,127
2020-09-16,Santa Barbara,083,443738,8957,8764,75,8839,107
2020-09-16,Santa Clara,085,1922200,21211,19684,40,19724,253
2020-09-16,Santa Cruz,087,273765,2264,2089,24,2113,7
2020-09-16,Shasta,089,179085,776,635,3,638,11
2020-09-16,Sierra,091,2930,6,6,0,6,0
2020-09-16,Siskiyou,093,43540,153,145,10,155,0
2020-09-16,Solano,095,438530,6114,5899,41,5940,44
2020-09-16,Sonoma,097,501317,7080,6731,19,6750,104
2020-09-16,Stanislaus,099,539301,16271,15897,475,16372,263
2020-09-16,Sutter,101,95872,1635,1567,1,1568,10
2020-09-16,Tehama,103,63373,507,485,2,487,2
2020-09-16,Trinity,105,12862,53,15,7,22,0
2020-09-16,Tulare,107,460477,15900,15314,95,15409,258
2020-09-16,Tuolumne,109,53932,228,210,4,214,1
2020-09-16,Ventura,111,848112,12813,12073,140,12213,130
2020-09-16,Yolo,113,214977,2750,2709,6,2715,53
2020-09-16,Yuba,115,75493,1045,1000,5,1005,1
2020-09-15,Alameda,001,1643700,20704,19931,155,20086,327
2020-09-15,Alpine,003,1148,2,2,0,2,0
2020-09-15,Amador,005,37829,287,282,0,282,16
2020-09-15,Butte,007,227075,2833,2695,24,2719,38
2020-09-15,Calaveras,009,45235,304,248,0,248,5
2020-09-15,Colusa,011,21464,516,497,0,497,6
2020-09-15,Contra Costa,013,1133247,16300,15423,78,15501,180
2020-09-15,Del Norte,015,27424,133,129,0,129,2
2020-09-15,El Dorado,017,186661,1101,1046,0,1046,4
2020-09-15,Fresno,019,978130,29793,27312,357,27669,343
2020-09-15,Glenn,021,27897,562,531,0,531,3
2020-09-15,Humboldt,023,135768,481,456,1,457,4
2020-09-15,Imperial,025,180216,11623,10376,9,10385,277
2020-09-15,Inyo,027,18085,186,176,4,180,12
2020-09-15,Kern,029,883053,31350,30429,289,30718,368
2020-09-15,Kings,031,150075,7328,6977,37,7014,70
2020-09-15,Lake,033,64148,505,416,0,416,4
2020-09-15,Lassen,035,31185,737,719,2,721,0
2020-09-15,Los Angeles,037,10098052,258575,255048,1657,256705,6269
2020-09-15,Madera,039,155013,4382,4122,30,4152,45
2020-09-15,Marin,041,260295,6549,6423,15,6438,77
2020-09-15,Mariposa,043,17540,75,74,0,74,2
2020-09-15,Mendocino,045,87422,783,724,0,724,18
2020-09-15,Merced,047,269075,8712,8633,15,8648,114
2020-09-15,Modoc,049,8938,26,21,0,21,0
2020-09-15,Mono,051,14174,165,147,2,149,1
2020-09-15,Monterey,053,433212,9387,8943,25,8968,62
2020-09-15,Napa,055,140530,1640,1580,8,1588,11
2020-09-15,Nevada,057,99092,517,494,15,509,6
2020-09-15,Orange,059,3164182,53056,50294,1367,51661,1088
2020-09-15,Placer,061,380077,3500,3331,14,3345,38
2020-09-15,Plumas,063,18699,49,44,0,44,0
2020-09-15,Riverside,065,2383286,57052,55569,123,55692,1118
2020-09-15,Sacramento,067,1510023,21398,20487,24,20511,372
2020-09-15,San Benito,069,59416,1290,1237,0,1237,7
2020-09-15,San Bernardino,071,2135413,52259,50333,334,50667,904
2020-09-15,San Diego,073,3302833,44945,43183,773,43956,742
2020-09-15,San Francisco,075,870044,10797,10414,27,10441,90
2020-09-15,San Joaquin,077,732212,19762,19313,45,19358,401
2020-09-15,San Luis Obispo,079,281455,3525,3262,20,3282,28
2020-09-15,San Mateo,081,765935,9700,8895,9,8904,127
2020-09-15,Santa Barbara,083,443738,8932,8724,74,8798,104
2020-09-15,Santa Clara,085,1922200,21075,19610,40,19650,252
2020-09-15,Santa Cruz,087,273765,2238,2079,23,2102,7
2020-09-15,Shasta,089,179085,764,627,3,630,11
2020-09-15,Sierra,091,2930,6,6,0,6,0
2020-09-15,Siskiyou,093,43540,153,143,10,153,0
2020-09-15,Solano,095,438530,6080,5878,41,5919,45
2020-09-15,Sonoma,097,501317,7041,6701,19,6720,104
2020-09-15,Stanislaus,099,539301,16223,15880,473,16353,260
2020-09-15,Sutter,101,95872,1623,1556,1,1557,10
2020-09-15,Tehama,103,63373,495,484,2,486,2
2020-09-15,Trinity,105,12862,53,15,7,22,0
2020-09-15,Tulare,107,460477,15823,15203,93,15296,254
2020-09-15,Tuolumne,109,53932,228,209,4,213,1
2020-09-15,Ventura,111,848112,12760,11932,139,12071,128
2020-09-15,Yolo,113,214977,2746,2708,6,2714,53
2020-09-15,Yuba,115,75493,1039,991,4,995,1
2020-09-14,Alameda,001,1643700,20577,19851,154,20005,306
2020-09-14,Alpine,003,1148,2,2,0,2,0
2020-09-14,Amador,005,37829,285,281,0,281,16
2020-09-14,Butte,007,227075,2816,2642,24,2666,37
2020-09-14,Calaveras,009,45235,304,244,0,244,3
2020-09-14,Colusa,011,21464,515,486,0,486,6
2020-09-14,Contra Costa,013,1133247,16176,15354,77,15431,174
2020-09-14,Del Norte,015,27424,130,116,0,116,2
2020-09-14,El Dorado,017,186661,1097,1039,0,1039,3
2020-09-14,Fresno,019,978130,29708,27232,354,27586,344
2020-09-14,Glenn,021,27897,554,521,0,521,3
2020-09-14,Humboldt,023,135768,478,437,1,438,4
2020-09-14,Imperial,025,180216,11603,10340,9,10349,273
2020-09-14,Inyo,027,18085,186,176,4,180,12
2020-09-14,Kern,029,883053,31262,30344,288,30632,368
2020-09-14,Kings,031,150075,7246,6950,37,6987,70
2020-09-14,Lake,033,64148,485,407,0,407,4
2020-09-14,Lassen,035,31185,737,719,2,721,0
2020-09-14,Los Angeles,037,10098052,257548,254622,1632,256254,6226
2020-09-14,Madera,039,155013,4368,4104,30,4134,45
2020-09-14,Marin,041,260295,6528,6409,15,6424,70
2020-09-14,Mariposa,043,17540,75,74,0,74,2
2020-09-14,Mendocino,045,87422,766,710,0,710,17
2020-09-14,Merced,047,269075,8693,8593,15,8608,112
2020-09-14,Modoc,049,8938,26,21,0,21,0
2020-09-14,Mono,051,14174,165,147,2,149,1
2020-09-14,Monterey,053,433212,9316,8845,24,8869,61
2020-09-14,Napa,055,140530,1623,1576,8,1584,11
2020-09-14,Nevada,057,99092,512,489,15,504,6
2020-09-14,Orange,059,3164182,52895,50149,1351,51500,1079
2020-09-14,Placer,061,380077,3479,3302,14,3316,38
2020-09-14,Plumas,063,18699,48,42,0,42,0
2020-09-14,Riverside,065,2383286,56833,55488,118,55606,1113
2020-09-14,Sacramento,067,1510023,21203,20377,23,20400,367
2020-09-14,San Benito,069,59416,1275,1233,0,1233,7
2020-09-14,San Bernardino,071,2135413,52034,50163,333,50496,895
2020-09-14,San Diego,073,3302833,44634,42889,753,43642,734
2020-09-14,San Francisco,075,870044,10730,10255,25,10280,90
2020-09-14,San Joaquin,077,732212,19688,19111,44,19155,397
2020-09-14,San Luis Obispo,079,281455,3500,3248,20,3268,25
2020-09-14,San Mateo,081,765935,9638,8847,9,8856,127
2020-09-14,Santa Barbara,083,443738,8906,8692,74,8766,104
2020-09-14,Santa Clara,085,1922200,20886,19545,40,19585,247
2020-09-14,Santa Cruz,087,273765,2217,2016,22,2038,7
2020-09-14,Shasta,089,179085,741,584,3,587,10
2020-09-14,Sierra,091,2930,6,6,0,6,0
2020-09-14,Siskiyou,093,43540,152,143,10,153,0
2020-09-14,Solano,095,438530,6045,5834,41,5875,44
2020-09-14,Sonoma,097,501317,6978,6630,19,6649,102
2020-09-14,Stanislaus,099,539301,16178,15812,470,16282,253
2020-09-14,Sutter,101,95872,1612,1549,1,1550,10
2020-09-14,Tehama,103,63373,493,475,2,477,1
2020-09-14,Trinity,105,12862,52,14,7,21,0
2020-09-14,Tulare,107,460477,15753,15096,87,15183,254
2020-09-14,Tuolumne,109,53932,227,208,4,212,1
2020-09-14,Ventura,111,848112,12658,11903,136,12039,125
2020-09-14,Yolo,113,214977,2735,2687,6,2693,53
2020-09-14,Yuba,115,75493,1031,977,4,981,1
2020-09-13,Alameda,001,1643700,20471,19815,151,19966,306
2020-09-13,Alpine,003,1148,2,2,0,2,0
2020-09-13,Amador,005,37829,282,279,0,279,16
2020-09-13,Butte,007,227075,2794,2640,24,2664,37
2020-09-13,Calaveras,009,45235,303,246,0,246,3
2020-09-13,Colusa,011,21464,511,486,0,486,6
2020-09-13,Contra Costa,013,1133247,16068,15284,77,15361,172
2020-09-13,Del Norte,015,27424,127,116,0,116,1
2020-09-13,El Dorado,017,186661,1092,1035,0,1035,2
2020-09-13,Fresno,019,978130,29600,27196,345,27541,345
2020-09-13,Glenn,021,27897,550,517,0,517,3
2020-09-13,Humboldt,023,135768,478,434,1,435,4
2020-09-13,Imperial,025,180216,11566,10304,8,10312,273
2020-09-13,Inyo,027,18085,186,176,4,180,12
2020-09-13,Kern,029,883053,31169,30277,281,30558,368
2020-09-13,Kings,031,150075,7227,6937,37,6974,70
2020-09-13,Lake,033,64148,466,397,0,397,4
2020-09-13,Lassen,035,31185,734,719,2,721,0
2020-09-13,Los Angeles,037,10098052,256399,253950,1616,255566,6203
2020-09-13,Madera,039,155013,4311,4090,30,4120,45
2020-09-13,Marin,041,260295,6507,6395,15,6410,70
2020-09-13,Mariposa,043,17540,75,74,0,74,2
2020-09-13,Mendocino,045,87422,759,707,0,707,17
2020-09-13,Merced,047,269075,8659,8575,14,8589,112
2020-09-13,Modoc,049,8938,26,21,0,21,0
2020-09-13,Mono,051,14174,165,147,2,149,1
2020-09-13,Monterey,053,433212,9234,8826,23,8849,61
2020-09-13,Napa,055,140530,1616,1563,8,1571,11
2020-09-13,Nevada,057,99092,504,486,15,501,6
2020-09-13,Orange,059,3164182,52679,50061,1344,51405,1075
2020-09-13,Placer,061,380077,3449,3291,14,3305,38
2020-09-13,Plumas,063,18699,48,42,0,42,0
2020-09-13,Riverside,065,2383286,56626,55235,107,55342,1108
2020-09-13,Sacramento,067,1510023,20857,20279,23,20302,367
2020-09-13,San Benito,069,59416,1267,1217,0,1217,7
2020-09-13,San Bernardino,071,2135413,51748,49968,331,50299,895
2020-09-13,San Diego,073,3302833,44308,42681,719,43400,734
2020-09-13,San Francisco,075,870044,10652,10254,25,10279,90
2020-09-13,San Joaquin,077,732212,19616,19110,43,19153,396
2020-09-13,San Luis Obispo,079,281455,3463,3240,20,3260,24
2020-09-13,San Mateo,081,765935,9577,8811,9,8820,127
2020-09-13,Santa Barbara,083,443738,8869,8690,74,8764,104
2020-09-13,Santa Clara,085,1922200,20750,19456,39,19495,245
2020-09-13,Santa Cruz,087,273765,2184,2016,20,2036,7
2020-09-13,Shasta,089,179085,729,583,3,586,10
2020-09-13,Sierra,091,2930,6,6,0,6,0
2020-09-13,Siskiyou,093,43540,152,143,9,152,0
2020-09-13,Solano,095,438530,5999,5810,41,5851,43
2020-09-13,Sonoma,097,501317,6913,6592,19,6611,95
2020-09-13,Stanislaus,099,539301,16115,15759,458,16217,253
2020-09-13,Sutter,101,95872,1599,1539,1,1540,10
2020-09-13,Tehama,103,63373,489,476,2,478,1
2020-09-13,Trinity,105,12862,52,14,7,21,0
2020-09-13,Tulare,107,460477,15682,15098,86,15184,254
2020-09-13,Tuolumne,109,53932,224,208,4,212,1
2020-09-13,Ventura,111,848112,12550,11855,135,11990,123
2020-09-13,Yolo,113,214977,2723,2675,6,2681,53
2020-09-13,Yuba,115,75493,1026,967,4,971,1
2020-09-12,Alameda,001,1643700,20412,19758,151,19909,307
2020-09-12,Alpine,003,1148,2,2,0,2,0
2020-09-12,Amador,005,37829,281,278,0,278,16
2020-09-12,Butte,007,227075,2787,2629,23,2652,37
2020-09-12,Calaveras,009,45235,301,246,0,246,3
2020-09-12,Colusa,011,21464,507,486,0,486,6
2020-09-12,Contra Costa,013,1133247,15992,15135,76,15211,174
2020-09-12,Del Norte,015,27424,126,116,0,116,1
2020-09-12,El Dorado,017,186661,1085,1034,0,1034,2
2020-09-12,Fresno,019,978130,29529,27076,345,27421,345
2020-09-12,Glenn,021,27897,549,517,0,517,3
2020-09-12,Humboldt,023,135768,477,430,1,431,4
2020-09-12,Imperial,025,180216,11554,10305,8,10313,273
2020-09-12,Inyo,027,18085,186,177,4,181,12
2020-09-12,Kern,029,883053,31103,30202,281,30483,368
2020-09-12,Kings,031,150075,7217,6895,37,6932,70
2020-09-12,Lake,033,64148,460,393,0,393,4
2020-09-12,Lassen,035,31185,734,719,2,721,0
2020-09-12,Los Angeles,037,10098052,255840,253156,1595,254751,6193
2020-09-12,Madera,039,155013,4300,4058,30,4088,43
2020-09-12,Marin,041,260295,6498,6393,15,6408,69
2020-09-12,Mariposa,043,17540,75,72,0,72,2
2020-09-12,Mendocino,045,87422,756,700,0,700,17
2020-09-12,Merced,047,269075,8650,8533,14,8547,112
2020-09-12,Modoc,049,8938,25,21,0,21,0
2020-09-12,Mono,051,14174,165,147,2,149,1
2020-09-12,Monterey,053,433212,9198,8743,23,8766,61
2020-09-12,Napa,055,140530,1613,1556,8,1564,11
2020-09-12,Nevada,057,99092,503,482,15,497,6
2020-09-12,Orange,059,3164182,52564,49895,1341,51236,1078
2020-09-12,Placer,061,380077,3432,3280,14,3294,38
2020-09-12,Plumas,063,18699,48,42,0,42,0
2020-09-12,Riverside,065,2383286,56497,55058,103,55161,1108
2020-09-12,Sacramento,067,1510023,20788,20184,23,20207,367
2020-09-12,San Benito,069,59416,1264,1208,0,1208,7
2020-09-12,San Bernardino,071,2135413,51657,49945,329,50274,896
2020-09-12,San Diego,073,3302833,44113,42416,710,43126,747
2020-09-12,San Francisco,075,870044,10607,10257,25,10282,90
2020-09-12,San Joaquin,077,732212,19588,19108,43,19151,396
2020-09-12,San Luis Obispo,079,281455,3436,3220,20,3240,24
2020-09-12,San Mateo,081,765935,9532,8759,9,8768,127
2020-09-12,Santa Barbara,083,443738,8855,8642,74,8716,104
2020-09-12,Santa Clara,085,1922200,20666,19330,39,19369,237
2020-09-12,Santa Cruz,087,273765,2172,2016,20,2036,7
2020-09-12,Shasta,089,179085,717,569,3,572,10
2020-09-12,Sierra,091,2930,6,6,0,6,0
2020-09-12,Siskiyou,093,43540,152,141,9,150,0
2020-09-12,Solano,095,438530,5975,5772,41,5813,43
2020-09-12,Sonoma,097,501317,6889,6531,19,6550,95
2020-09-12,Stanislaus,099,539301,16083,15675,455,16130,253
2020-09-12,Sutter,101,95872,1593,1529,1,1530,10
2020-09-12,Tehama,103,63373,486,471,2,473,1
2020-09-12,Trinity,105,12862,52,15,7,22,0
2020-09-12,Tulare,107,460477,15636,15018,85,15103,254
2020-09-12,Tuolumne,109,53932,224,208,4,212,1
2020-09-12,Ventura,111,848112,12499,11759,133,11892,123
2020-09-12,Yolo,113,214977,2716,2646,6,2652,53
2020-09-12,Yuba,115,75493,1022,963,4,967,1
2020-09-11,Alameda,001,1643700,20357,19625,150,19775,298
2020-09-11,Alpine,003,1148,2,2,0,2,0
2020-09-11,Amador,005,37829,281,277,0,277,16
2020-09-11,Butte,007,227075,2776,2605,23,2628,37
2020-09-11,Calaveras,009,45235,300,242,0,242,1
2020-09-11,Colusa,011,21464,506,484,0,484,6
2020-09-11,Contra Costa,013,1133247,15940,15001,73,15074,173
2020-09-11,Del Norte,015,27424,126,115,0,115,1
2020-09-11,El Dorado,017,186661,1082,1024,0,1024,2
2020-09-11,Fresno,019,978130,29449,26917,344,27261,344
2020-09-11,Glenn,021,27897,544,515,0,515,3
2020-09-11,Humboldt,023,135768,475,426,1,427,4
2020-09-11,Imperial,025,180216,11536,10286,8,10294,273
2020-09-11,Inyo,027,18085,186,176,4,180,12
2020-09-11,Kern,029,883053,31035,30059,280,30339,365
2020-09-11,Kings,031,150075,7200,6770,37,6807,70
2020-09-11,Lake,033,64148,453,382,0,382,4
2020-09-11,Lassen,035,31185,734,719,2,721,0
2020-09-11,Los Angeles,037,10098052,255159,252057,1584,253641,6172
2020-09-11,Madera,039,155013,4281,4018,30,4048,43
2020-09-11,Marin,041,260295,6495,6364,15,6379,69
2020-09-11,Mariposa,043,17540,75,72,0,72,2
2020-09-11,Mendocino,045,87422,745,700,0,700,17
2020-09-11,Merced,047,269075,8629,8489,14,8503,109
2020-09-11,Modoc,049,8938,25,21,0,21,0
2020-09-11,Mono,051,14174,165,145,2,147,1
2020-09-11,Monterey,053,433212,9150,8595,23,8618,61
2020-09-11,Napa,055,140530,1602,1543,8,1551,11
2020-09-11,Nevada,057,99092,496,483,15,498,6
2020-09-11,Orange,059,3164182,52435,49755,1329,51084,1068
2020-09-11,Placer,061,380077,3417,3254,14,3268,37
2020-09-11,Plumas,063,18699,48,42,0,42,0
2020-09-11,Riverside,065,2383286,56362,54717,100,54817,1099
2020-09-11,Sacramento,067,1510023,20703,20012,23,20035,358
2020-09-11,San Benito,069,59416,1254,1202,0,1202,7
2020-09-11,San Bernardino,071,2135413,51558,49682,329,50011,871
2020-09-11,San Diego,073,3302833,43893,41971,704,42675,730
2020-09-11,San Francisco,075,870044,10559,10133,24,10157,89
2020-09-11,San Joaquin,077,732212,19540,19019,43,19062,391
2020-09-11,San Luis Obispo,079,281455,3418,3190,20,3210,24
2020-09-11,San Mateo,081,765935,9490,8611,9,8620,127
2020-09-11,Santa Barbara,083,443738,8822,8592,73,8665,103
2020-09-11,Santa Clara,085,1922200,20577,19065,39,19104,234
2020-09-11,Santa Cruz,087,273765,2155,1997,20,2017,7
2020-09-11,Shasta,089,179085,707,568,3,571,10
2020-09-11,Sierra,091,2930,6,6,0,6,0
2020-09-11,Siskiyou,093,43540,151,139,9,148,0
2020-09-11,Solano,095,438530,5958,5742,41,5783,42
2020-09-11,Sonoma,097,501317,6844,6469,19,6488,91
2020-09-11,Stanislaus,099,539301,16045,15613,452,16065,253
2020-09-11,Sutter,101,95872,1583,1505,1,1506,11
2020-09-11,Tehama,103,63373,483,466,2,468,1
2020-09-11,Trinity,105,12862,52,16,7,23,0
2020-09-11,Tulare,107,460477,15605,14932,83,15015,251
2020-09-11,Tuolumne,109,53932,224,208,4,212,1
2020-09-11,Ventura,111,848112,12445,11700,131,11831,123
2020-09-11,Yolo,113,214977,2705,2632,6,2638,53
2020-09-11,Yuba,115,75493,1014,946,4,950,1
2020-09-10,Alameda,001,1643700,20283,19509,150,19659,292
2020-09-10,Alpine,003,1148,2,2,0,2,0
2020-09-10,Amador,005,37829,280,277,0,277,16
2020-09-10,Butte,007,227075,2759,2590,23,2613,37
2020-09-10,Calaveras,009,45235,300,244,0,244,1
2020-09-10,Colusa,011,21464,504,482,0,482,6
2020-09-10,Contra Costa,013,1133247,15870,14909,73,14982,172
2020-09-10,Del Norte,015,27424,125,112,0,112,1
2020-09-10,El Dorado,017,186661,1079,1020,0,1020,2
2020-09-10,Fresno,019,978130,29327,26783,344,27127,338
2020-09-10,Glenn,021,27897,534,511,0,511,3
2020-09-10,Humboldt,023,135768,464,422,1,423,4
2020-09-10,Imperial,025,180216,11520,10251,8,10259,270
2020-09-10,Inyo,027,18085,185,176,4,180,11
2020-09-10,Kern,029,883053,30953,29988,276,30264,363
2020-09-10,Kings,031,150075,7170,6739,37,6776,70
2020-09-10,Lake,033,64148,446,377,0,377,4
2020-09-10,Lassen,035,31185,733,716,2,718,0
2020-09-10,Los Angeles,037,10098052,254181,251003,1563,252566,6132
2020-09-10,Madera,039,155013,4263,3979,30,4009,43
2020-09-10,Marin,041,260295,6483,6344,15,6359,68
2020-09-10,Mariposa,043,17540,75,72,0,72,2
2020-09-10,Mendocino,045,87422,735,697,0,697,16
2020-09-10,Merced,047,269075,8583,8461,14,8475,109
2020-09-10,Modoc,049,8938,25,21,0,21,0
2020-09-10,Mono,051,14174,165,145,2,147,1
2020-09-10,Monterey,053,433212,9080,8570,23,8593,59
2020-09-10,Napa,055,140530,1596,1536,8,1544,11
2020-09-10,Nevada,057,99092,492,478,15,493,6
2020-09-10,Orange,059,3164182,52272,49617,1323,50940,1057
2020-09-10,Placer,061,380077,3398,3233,14,3247,37
2020-09-10,Plumas,063,18699,48,42,0,42,0
2020-09-10,Riverside,065,2383286,56043,54417,97,54514,1091
2020-09-10,Sacramento,067,1510023,20581,19618,22,19640,354
2020-09-10,San Benito,069,59416,1248,1201,0,1201,5
2020-09-10,San Bernardino,071,2135413,51369,49467,327,49794,867
2020-09-10,San Diego,073,3302833,43627,41610,677,42287,725
2020-09-10,San Francisco,075,870044,10482,10082,24,10106,89
2020-09-10,San Joaquin,077,732212,19487,18854,43,18897,389
2020-09-10,San Luis Obispo,079,281455,3404,3161,20,3181,24
2020-09-10,San Mateo,081,765935,9444,8529,9,8538,125
2020-09-10,Santa Barbara,083,443738,8777,8552,73,8625,100
2020-09-10,Santa Clara,085,1922200,20463,18870,39,18909,231
2020-09-10,Santa Cruz,087,273765,2140,1986,18,2004,7
2020-09-10,Shasta,089,179085,696,566,3,569,10
2020-09-10,Sierra,091,2930,6,6,0,6,0
2020-09-10,Siskiyou,093,43540,151,137,9,146,0
2020-09-10,Solano,095,438530,5918,5696,41,5737,42
2020-09-10,Sonoma,097,501317,6795,6424,19,6443,91
2020-09-10,Stanislaus,099,539301,15991,15509,447,15956,243
2020-09-10,Sutter,101,95872,1571,1494,1,1495,11
2020-09-10,Tehama,103,63373,476,466,2,468,1
2020-09-10,Trinity,105,12862,52,15,7,22,0
2020-09-10,Tulare,107,460477,15550,14860,80,14940,250
2020-09-10,Tuolumne,109,53932,223,205,4,209,1
2020-09-10,Ventura,111,848112,12351,11600,124,11724,122
2020-09-10,Yolo,113,214977,2700,2612,6,2618,53
2020-09-10,Yuba,115,75493,1008,941,4,945,1
2020-09-09,Alameda,001,1643700,20204,19399,149,19548,289
2020-09-09,Alpine,003,1148,2,2,0,2,0
2020-09-09,Amador,005,37829,279,276,0,276,16
2020-09-09,Butte,007,227075,2742,2561,23,2584,37
2020-09-09,Calaveras,009,45235,300,242,0,242,1
2020-09-09,Colusa,011,21464,499,479,0,479,6
2020-09-09,Contra Costa,013,1133247,15784,14816,73,14889,171
2020-09-09,Del Norte,015,27424,121,109,0,109,1
2020-09-09,El Dorado,017,186661,1076,1020,0,1020,2
2020-09-09,Fresno,019,978130,29224,26724,339,27063,329
2020-09-09,Glenn,021,27897,531,508,0,508,3
2020-09-09,Humboldt,023,135768,462,420,1,421,4
2020-09-09,Imperial,025,180216,11499,10233,8,10241,268
2020-09-09,Inyo,027,18085,184,173,4,177,2
2020-09-09,Kern,029,883053,30855,29925,273,30198,355
2020-09-09,Kings,031,150075,7152,6721,37,6758,72
2020-09-09,Lake,033,64148,438,371,0,371,4
2020-09-09,Lassen,035,31185,732,714,2,716,0
2020-09-09,Los Angeles,037,10098052,253306,249876,1545,251421,6091
2020-09-09,Madera,039,155013,4237,3926,30,3956,43
2020-09-09,Marin,041,260295,6464,6321,15,6336,68
2020-09-09,Mariposa,043,17540,74,72,0,72,2
2020-09-09,Mendocino,045,87422,727,695,0,695,16
2020-09-09,Merced,047,269075,8557,8441,14,8455,107
2020-09-09,Modoc,049,8938,24,20,0,20,0
2020-09-09,Mono,051,14174,165,145,2,147,1
2020-09-09,Monterey,053,433212,9008,8527,23,8550,59
2020-09-09,Napa,055,140530,1586,1531,8,1539,11
2020-09-09,Nevada,057,99092,488,476,15,491,6
2020-09-09,Orange,059,3164182,52092,49394,1315,50709,1054
2020-09-09,Placer,061,380077,3378,3222,14,3236,36
2020-09-09,Plumas,063,18699,46,42,0,42,0
2020-09-09,Riverside,065,2383286,55813,54320,94,54414,1081
2020-09-09,Sacramento,067,1510023,20475,19474,21,19495,347
2020-09-09,San Benito,069,59416,1244,1199,0,1199,5
2020-09-09,San Bernardino,071,2135413,51171,49264,326,49590,866
2020-09-09,San Diego,073,3302833,43338,41326,665,41991,721
2020-09-09,San Francisco,075,870044,10432,9996,23,10019,86
2020-09-09,San Joaquin,077,732212,19423,18799,42,18841,388
2020-09-09,San Luis Obispo,079,281455,3386,3131,20,3151,24
2020-09-09,San Mateo,081,765935,9383,8478,9,8487,125
2020-09-09,Santa Barbara,083,443738,8734,8528,73,8601,97
2020-09-09,Santa Clara,085,1922200,20331,18759,39,18798,228
2020-09-09,Santa Cruz,087,273765,2117,1967,18,1985,7
2020-09-09,Shasta,089,179085,684,562,3,565,10
2020-09-09,Sierra,091,2930,6,6,0,6,0
2020-09-09,Siskiyou,093,43540,149,137,9,146,0
2020-09-09,Solano,095,438530,5886,5680,41,5721,36
2020-09-09,Sonoma,097,501317,6728,6397,19,6416,92
2020-09-09,Stanislaus,099,539301,15952,15469,436,15905,243
2020-09-09,Sutter,101,95872,1563,1487,1,1488,11
2020-09-09,Tehama,103,63373,473,462,2,464,1
2020-09-09,Trinity,105,12862,52,14,7,21,0
2020-09-09,Tulare,107,460477,15501,14787,75,14862,249
2020-09-09,Tuolumne,109,53932,222,204,3,207,1
2020-09-09,Ventura,111,848112,12260,11497,121,11618,121
2020-09-09,Yolo,113,214977,2689,2604,6,2610,53
2020-09-09,Yuba,115,75493,1003,936,4,940,1
2020-09-08,Alameda,001,1643700,20096,19293,149,19442,288
2020-09-08,Alpine,003,1148,2,2,0,2,0
2020-09-08,Amador,005,37829,279,276,0,276,16
2020-09-08,Butte,007,227075,2724,2453,23,2476,36
2020-09-08,Calaveras,009,45235,298,233,0,233,1
2020-09-08,Colusa,011,21464,497,475,0,475,6
2020-09-08,Contra Costa,013,1133247,15656,14740,70,14810,171
2020-09-08,Del Norte,015,27424,121,109,0,109,2
2020-09-08,El Dorado,017,186661,1073,1011,0,1011,2
2020-09-08,Fresno,019,978130,29104,26640,335,26975,329
2020-09-08,Glenn,021,27897,527,492,0,492,3
2020-09-08,Humboldt,023,135768,460,420,1,421,4
2020-09-08,Imperial,025,180216,11483,10198,8,10206,267
2020-09-08,Inyo,027,18085,184,169,4,173,2
2020-09-08,Kern,029,883053,30769,29850,271,30121,351
2020-09-08,Kings,031,150075,7114,6658,37,6695,72
2020-09-08,Lake,033,64148,428,370,0,370,4
2020-09-08,Lassen,035,31185,732,710,2,712,0
2020-09-08,Los Angeles,037,10098052,252377,249217,1517,250734,6034
2020-09-08,Madera,039,155013,4213,3904,30,3934,43
2020-09-08,Marin,041,260295,6433,6313,15,6328,68
2020-09-08,Mariposa,043,17540,74,72,0,72,2
2020-09-08,Mendocino,045,87422,720,690,0,690,16
2020-09-08,Merced,047,269075,8534,8381,14,8395,104
2020-09-08,Modoc,049,8938,24,20,0,20,0
2020-09-08,Mono,051,14174,165,145,2,147,1
2020-09-08,Monterey,053,433212,8923,8491,23,8514,59
2020-09-08,Napa,055,140530,1582,1518,8,1526,11
2020-09-08,Nevada,057,99092,488,470,15,485,6
2020-09-08,Orange,059,3164182,51951,49214,1311,50525,1044
2020-09-08,Placer,061,380077,3364,3205,14,3219,36
2020-09-08,Plumas,063,18699,46,42,0,42,0
2020-09-08,Riverside,065,2383286,55599,54168,91,54259,1069
2020-09-08,Sacramento,067,1510023,20240,19411,20,19431,347
2020-09-08,San Benito,069,59416,1237,1188,0,1188,5
2020-09-08,San Bernardino,071,2135413,50981,49034,325,49359,856
2020-09-08,San Diego,073,3302833,43022,41079,653,41732,709
2020-09-08,San Francisco,075,870044,10359,9821,23,9844,86
2020-09-08,San Joaquin,077,732212,19345,18550,42,18592,388
2020-09-08,San Luis Obispo,079,281455,3371,3120,20,3140,23
2020-09-08,San Mateo,081,765935,9307,8460,9,8469,125
2020-09-08,Santa Barbara,083,443738,8700,8488,72,8560,96
2020-09-08,Santa Clara,085,1922200,20155,18645,39,18684,228
2020-09-08,Santa Cruz,087,273765,2089,1903,18,1921,7
2020-09-08,Shasta,089,179085,676,556,3,559,10
2020-09-08,Sierra,091,2930,6,6,0,6,0
2020-09-08,Siskiyou,093,43540,147,136,9,145,0
2020-09-08,Solano,095,438530,5849,5654,41,5695,36
2020-09-08,Sonoma,097,501317,6659,6356,19,6375,92
2020-09-08,Stanislaus,099,539301,15888,15415,424,15839,238
2020-09-08,Sutter,101,95872,1548,1473,1,1474,11
2020-09-08,Tehama,103,63373,469,458,2,460,1
2020-09-08,Trinity,105,12862,51,13,7,20,0
2020-09-08,Tulare,107,460477,15421,14635,74,14709,249
2020-09-08,Tuolumne,109,53932,221,197,3,200,1
2020-09-08,Ventura,111,848112,12191,11475,118,11593,118
2020-09-08,Yolo,113,214977,2679,2580,6,2586,53
2020-09-08,Yuba,115,75493,991,923,4,927,1
2020-09-07,Alameda,001,1643700,19974,19188,143,19331,281
2020-09-07,Alpine,003,1148,2,2,0,2,0
2020-09-07,Amador,005,37829,279,276,0,276,16
2020-09-07,Butte,007,227075,2691,2450,22,2472,30
2020-09-07,Calaveras,009,45235,288,234,0,234,1
2020-09-07,Colusa,011,21464,496,475,0,475,6
2020-09-07,Contra Costa,013,1133247,15543,14637,67,14704,172
2020-09-07,Del Norte,015,27424,121,109,0,109,2
2020-09-07,El Dorado,017,186661,1062,1011,0,1011,2
2020-09-07,Fresno,019,978130,29010,26565,332,26897,329
2020-09-07,Glenn,021,27897,522,488,0,488,3
2020-09-07,Humboldt,023,135768,451,416,1,417,4
2020-09-07,Imperial,025,180216,11452,10199,8,10207,267
2020-09-07,Inyo,027,18085,184,169,4,173,2
2020-09-07,Kern,029,883053,30648,29790,266,30056,348
2020-09-07,Kings,031,150075,6989,6630,37,6667,72
2020-09-07,Lake,033,64148,405,367,0,367,2
2020-09-07,Lassen,035,31185,732,709,2,711,0
2020-09-07,Los Angeles,037,10098052,251331,248804,1495,250299,6030
2020-09-07,Madera,039,155013,4182,3889,29,3918,43
2020-09-07,Marin,041,260295,6403,6296,15,6311,67
2020-09-07,Mariposa,043,17540,74,72,0,72,2
2020-09-07,Mendocino,045,87422,712,687,0,687,16
2020-09-07,Merced,047,269075,8487,8381,14,8395,104
2020-09-07,Modoc,049,8938,23,20,0,20,0
2020-09-07,Mono,051,14174,165,145,2,147,1
2020-09-07,Monterey,053,433212,8844,8463,23,8486,57
2020-09-07,Napa,055,140530,1570,1514,8,1522,11
2020-09-07,Nevada,057,99092,486,469,15,484,6
2020-09-07,Orange,059,3164182,51778,49132,1307,50439,1042
2020-09-07,Placer,061,380077,3333,3188,13,3201,36
2020-09-07,Plumas,063,18699,45,42,0,42,0
2020-09-07,Riverside,065,2383286,55324,54178,85,54263,1069
2020-09-07,Sacramento,067,1510023,19997,19292,19,19311,345
2020-09-07,San Benito,069,59416,1231,1180,0,1180,4
2020-09-07,San Bernardino,071,2135413,50753,49043,323,49366,821
2020-09-07,San Diego,073,3302833,42622,40868,626,41494,708
2020-09-07,San Francisco,075,870044,10308,9813,22,9835,85
2020-09-07,San Joaquin,077,732212,19264,18552,40,18592,386
2020-09-07,San Luis Obispo,079,281455,3334,3116,20,3136,23
2020-09-07,San Mateo,081,765935,9225,8409,9,8418,125
2020-09-07,Santa Barbara,083,443738,8656,8479,72,8551,95
2020-09-07,Santa Clara,085,1922200,19997,18596,38,18634,226
2020-09-07,Santa Cruz,087,273765,2061,1902,18,1920,7
2020-09-07,Shasta,089,179085,666,556,3,559,10
2020-09-07,Sierra,091,2930,6,6,0,6,0
2020-09-07,Siskiyou,093,43540,146,133,9,142,0
2020-09-07,Solano,095,438530,5784,5640,41,5681,36
2020-09-07,Sonoma,097,501317,6592,6268,19,6287,85
2020-09-07,Stanislaus,099,539301,15823,15343,412,15755,236
2020-09-07,Sutter,101,95872,1531,1468,1,1469,11
2020-09-07,Tehama,103,63373,466,453,2,455,1
2020-09-07,Trinity,105,12862,51,13,7,20,0
2020-09-07,Tulare,107,460477,15315,14637,72,14709,249
2020-09-07,Tuolumne,109,53932,220,196,3,199,1
2020-09-07,Ventura,111,848112,12096,11463,115,11578,118
2020-09-07,Yolo,113,214977,2662,2565,5,2570,53
2020-09-07,Yuba,115,75493,975,923,3,926,1
2020-09-06,Alameda,001,1643700,19916,19029,141,19170,281
2020-09-06,Alpine,003,1148,2,2,0,2,0
2020-09-06,Amador,005,37829,277,275,0,275,16
2020-09-06,Butte,007,227075,2682,2446,22,2468,30
2020-09-06,Calaveras,009,45235,288,235,0,235,1
2020-09-06,Colusa,011,21464,492,475,0,475,6
2020-09-06,Contra Costa,013,1133247,15463,14565,66,14631,171
2020-09-06,Del Norte,015,27424,121,109,0,109,2
2020-09-06,El Dorado,017,186661,1060,1008,0,1008,2
2020-09-06,Fresno,019,978130,28946,26471,330,26801,329
2020-09-06,Glenn,021,27897,516,474,0,474,3
2020-09-06,Humboldt,023,135768,448,404,1,405,4
2020-09-06,Imperial,025,180216,11435,10152,8,10160,267
2020-09-06,Inyo,027,18085,184,169,4,173,2
2020-09-06,Kern,029,883053,30592,29699,262,29961,348
2020-09-06,Kings,031,150075,6969,6561,36,6597,72
2020-09-06,Lake,033,64148,402,362,0,362,2
2020-09-06,Lassen,035,31185,732,709,2,711,0
2020-09-06,Los Angeles,037,10098052,250699,248316,1481,249797,6004
2020-09-06,Madera,039,155013,4138,3867,29,3896,42
2020-09-06,Marin,041,260295,6391,6276,15,6291,67
2020-09-06,Mariposa,043,17540,74,72,0,72,2
2020-09-06,Mendocino,045,87422,711,672,0,672,16
2020-09-06,Merced,047,269075,8467,8327,14,8341,104
2020-09-06,Modoc,049,8938,23,20,0,20,0
2020-09-06,Mono,051,14174,164,145,2,147,1
2020-09-06,Monterey,053,433212,8804,8403,22,8425,56
2020-09-06,Napa,055,140530,1566,1501,6,1507,11
2020-09-06,Nevada,057,99092,486,467,14,481,6
2020-09-06,Orange,059,3164182,51665,48931,1303,50234,1042
2020-09-06,Placer,061,380077,3316,3169,13,3182,36
2020-09-06,Plumas,063,18699,44,42,0,42,0
2020-09-06,Riverside,065,2383286,55208,53970,83,54053,1069
2020-09-06,Sacramento,067,1510023,19902,19128,19,19147,340
2020-09-06,San Benito,069,59416,1229,1178,0,1178,4
2020-09-06,San Bernardino,071,2135413,50644,48923,323,49246,823
2020-09-06,San Diego,073,3302833,42374,40652,620,41272,707
2020-09-06,San Francisco,075,870044,10234,9813,22,9835,85
2020-09-06,San Joaquin,077,732212,19215,18558,40,18598,386
2020-09-06,San Luis Obispo,079,281455,3323,3101,20,3121,23
2020-09-06,San Mateo,081,765935,9172,8387,9,8396,125
2020-09-06,Santa Barbara,083,443738,8627,8434,72,8506,95
2020-09-06,Santa Clara,085,1922200,19896,18495,38,18533,207
2020-09-06,Santa Cruz,087,273765,2054,1902,18,1920,7
2020-09-06,Shasta,089,179085,660,550,3,553,10
2020-09-06,Sierra,091,2930,6,6,0,6,0
2020-09-06,Siskiyou,093,43540,146,132,9,141,0
2020-09-06,Solano,095,438530,5758,5619,41,5660,37
2020-09-06,Sonoma,097,501317,6563,6212,19,6231,85
2020-09-06,Stanislaus,099,539301,15779,15288,408,15696,236
2020-09-06,Sutter,101,95872,1518,1451,1,1452,11
2020-09-06,Tehama,103,63373,465,455,2,457,1
2020-09-06,Trinity,105,12862,50,13,7,20,0
2020-09-06,Tulare,107,460477,15272,14636,71,14707,249
2020-09-06,Tuolumne,109,53932,217,194,3,197,1
2020-09-06,Ventura,111,848112,12051,11315,115,11430,118
2020-09-06,Yolo,113,214977,2648,2556,5,2561,53
2020-09-06,Yuba,115,75493,966,913,3,916,1
2020-09-05,Alameda,001,1643700,19869,18973,139,19112,279
2020-09-05,Alpine,003,1148,2,2,0,2,0
2020-09-05,Amador,005,37829,277,274,0,274,16
2020-09-05,Butte,007,227075,2666,2406,21,2427,30
2020-09-05,Calaveras,009,45235,288,237,0,237,1
2020-09-05,Colusa,011,21464,488,472,0,472,6
2020-09-05,Contra Costa,013,1133247,15386,14456,64,14520,173
2020-09-05,Del Norte,015,27424,121,109,0,109,2
2020-09-05,El Dorado,017,186661,1060,1007,0,1007,2
2020-09-05,Fresno,019,978130,28878,26325,330,26655,331
2020-09-05,Glenn,021,27897,515,474,0,474,3
2020-09-05,Humboldt,023,135768,446,402,1,403,4
2020-09-05,Imperial,025,180216,11418,10151,8,10159,268
2020-09-05,Inyo,027,18085,184,169,4,173,2
2020-09-05,Kern,029,883053,30532,29645,258,29903,347
2020-09-05,Kings,031,150075,6960,6518,36,6554,66
2020-09-05,Lake,033,64148,399,359,0,359,2
2020-09-05,Lassen,035,31185,732,709,2,711,0
2020-09-05,Los Angeles,037,10098052,250164,247572,1469,249041,6001
2020-09-05,Madera,039,155013,4097,3851,29,3880,42
2020-09-05,Marin,041,260295,6384,6259,15,6274,66
2020-09-05,Mariposa,043,17540,74,72,0,72,2
2020-09-05,Mendocino,045,87422,710,658,0,658,16
2020-09-05,Merced,047,269075,8435,8297,12,8309,104
2020-09-05,Modoc,049,8938,23,19,0,19,0
2020-09-05,Mono,051,14174,164,145,2,147,1
2020-09-05,Monterey,053,433212,8774,8301,22,8323,56
2020-09-05,Napa,055,140530,1560,1484,6,1490,11
2020-09-05,Nevada,057,99092,483,461,14,475,6
2020-09-05,Orange,059,3164182,51563,48726,1298,50024,1039
2020-09-05,Placer,061,380077,3306,3141,13,3154,35
2020-09-05,Plumas,063,18699,44,42,0,42,0
2020-09-05,Riverside,065,2383286,55102,53780,83,53863,1066
2020-09-05,Sacramento,067,1510023,19811,18955,19,18974,339
2020-09-05,San Benito,069,59416,1227,1153,0,1153,4
2020-09-05,San Bernardino,071,2135413,50569,48800,322,49122,825
2020-09-05,San Diego,073,3302833,42181,40344,608,40952,717
2020-09-05,San Francisco,075,870044,10201,9812,21,9833,85
2020-09-05,San Joaquin,077,732212,19187,18557,40,18597,386
2020-09-05,San Luis Obispo,079,281455,3313,3083,20,3103,23
2020-09-05,San Mateo,081,765935,9127,8352,9,8361,124
2020-09-05,Santa Barbara,083,443738,8611,8404,72,8476,96
2020-09-05,Santa Clara,085,1922200,19812,18311,38,18349,207
2020-09-05,Santa Cruz,087,273765,2046,1904,18,1922,7
2020-09-05,Shasta,089,179085,659,544,3,547,10
2020-09-05,Sierra,091,2930,6,6,0,6,0
2020-09-05,Siskiyou,093,43540,145,131,9,140,0
2020-09-05,Solano,095,438530,5746,5579,41,5620,37
2020-09-05,Sonoma,097,501317,6530,6149,19,6168,85
2020-09-05,Stanislaus,099,539301,15731,15198,404,15602,236
2020-09-05,Sutter,101,95872,1511,1445,1,1446,11
2020-09-05,Tehama,103,63373,464,447,2,449,1
2020-09-05,Trinity,105,12862,50,13,7,20,0
2020-09-05,Tulare,107,460477,15215,14576,69,14645,249
2020-09-05,Tuolumne,109,53932,217,194,3,197,1
2020-09-05,Ventura,111,848112,12008,11254,115,11369,118
2020-09-05,Yolo,113,214977,2638,2534,5,2539,53
2020-09-05,Yuba,115,75493,960,902,3,905,1
2020-09-04,Alameda,001,1643700,19801,18843,137,18980,276
2020-09-04,Alpine,003,1148,2,2,0,2,0
2020-09-04,Amador,005,37829,276,274,0,274,16
2020-09-04,Butte,007,227075,2643,2325,21,2346,28
2020-09-04,Calaveras,009,45235,286,237,0,237,1
2020-09-04,Colusa,011,21464,486,467,0,467,6
2020-09-04,Contra Costa,013,1133247,15306,14355,63,14418,164
2020-09-04,Del Norte,015,27424,121,109,0,109,2
2020-09-04,El Dorado,017,186661,1056,992,0,992,2
2020-09-04,Fresno,019,978130,28773,26147,329,26476,321
2020-09-04,Glenn,021,27897,507,463,0,463,3
2020-09-04,Humboldt,023,135768,441,390,1,391,4
2020-09-04,Imperial,025,180216,11409,10136,8,10144,267
2020-09-04,Inyo,027,18085,184,169,4,173,2
2020-09-04,Kern,029,883053,30464,29526,255,29781,345
2020-09-04,Kings,031,150075,6947,6259,36,6295,66
2020-09-04,Lake,033,64148,399,347,0,347,2
2020-09-04,Lassen,035,31185,732,708,2,710,0
2020-09-04,Los Angeles,037,10098052,249598,246396,1449,247845,5977
2020-09-04,Madera,039,155013,4084,3838,29,3867,42
2020-09-04,Marin,041,260295,6372,6251,15,6266,66
2020-09-04,Mariposa,043,17540,74,72,0,72,2
2020-09-04,Mendocino,045,87422,708,646,0,646,16
2020-09-04,Merced,047,269075,8415,8214,12,8226,104
2020-09-04,Modoc,049,8938,23,15,0,15,0
2020-09-04,Mono,051,14174,164,145,2,147,1
2020-09-04,Monterey,053,433212,8729,8208,22,8230,56
2020-09-04,Napa,055,140530,1551,1475,6,1481,11
2020-09-04,Nevada,057,99092,480,455,14,469,6
2020-09-04,Orange,059,3164182,51439,48488,1291,49779,1031
2020-09-04,Placer,061,380077,3294,3101,13,3114,35
2020-09-04,Plumas,063,18699,44,42,0,42,0
2020-09-04,Riverside,065,2383286,54989,53606,78,53684,1066
2020-09-04,Sacramento,067,1510023,19723,18765,19,18784,337
2020-09-04,San Benito,069,59416,1218,1137,0,1137,4
2020-09-04,San Bernardino,071,2135413,50476,48497,320,48817,800
2020-09-04,San Diego,073,3302833,41951,39901,599,40500,701
2020-09-04,San Francisco,075,870044,10161,9694,20,9714,85
2020-09-04,San Joaquin,077,732212,19133,18438,40,18478,376
2020-09-04,San Luis Obispo,079,281455,3298,3049,19,3068,21
2020-09-04,San Mateo,081,765935,9083,8275,9,8284,122
2020-09-04,Santa Barbara,083,443738,8581,8340,72,8412,96
2020-09-04,Santa Clara,085,1922200,19704,18074,38,18112,209
2020-09-04,Santa Cruz,087,273765,2029,1896,17,1913,7
2020-09-04,Shasta,089,179085,656,536,3,539,10
2020-09-04,Sierra,091,2930,6,6,0,6,0
2020-09-04,Siskiyou,093,43540,145,129,9,138,0
2020-09-04,Solano,095,438530,5733,5552,41,5593,37
2020-09-04,Sonoma,097,501317,6465,6050,19,6069,85
2020-09-04,Stanislaus,099,539301,15697,15074,395,15469,233
2020-09-04,Sutter,101,95872,1495,1425,1,1426,11
2020-09-04,Tehama,103,63373,460,442,2,444,1
2020-09-04,Trinity,105,12862,50,13,7,20,0
2020-09-04,Tulare,107,460477,15187,14501,65,14566,247
2020-09-04,Tuolumne,109,53932,217,193,3,196,1
2020-09-04,Ventura,111,848112,11966,11171,115,11286,114
2020-09-04,Yolo,113,214977,2624,2495,5,2500,53
2020-09-04,Yuba,115,75493,955,884,3,887,1
2020-09-03,Alameda,001,1643700,19698,18687,137,18824,275
2020-09-03,Alpine,003,1148,2,2,0,2,0
2020-09-03,Amador,005,37829,276,274,0,274,16
2020-09-03,Butte,007,227075,2598,2274,21,2295,27
2020-09-03,Calaveras,009,45235,285,238,0,238,1
2020-09-03,Colusa,011,21464,484,464,0,464,6
2020-09-03,Contra Costa,013,1133247,15199,14206,60,14266,159
2020-09-03,Del Norte,015,27424,118,109,0,109,2
2020-09-03,El Dorado,017,186661,1052,983,0,983,2
2020-09-03,Fresno,019,978130,28654,25978,324,26302,313
2020-09-03,Glenn,021,27897,503,460,0,460,3
2020-09-03,Humboldt,023,135768,436,390,1,391,4
2020-09-03,Imperial,025,180216,11388,10083,8,10091,255
2020-09-03,Inyo,027,18085,182,171,4,175,3
2020-09-03,Kern,029,883053,30372,29426,241,29667,340
2020-09-03,Kings,031,150075,6867,6200,36,6236,64
2020-09-03,Lake,033,64148,390,347,0,347,2
2020-09-03,Lassen,035,31185,732,707,2,709,0
2020-09-03,Los Angeles,037,10098052,248739,245026,1428,246454,5931
2020-09-03,Madera,039,155013,4065,3780,29,3809,43
2020-09-03,Marin,041,260295,6353,6175,15,6190,66
2020-09-03,Mariposa,043,17540,74,71,0,71,2
2020-09-03,Mendocino,045,87422,699,638,0,638,16
2020-09-03,Merced,047,269075,8373,8136,12,8148,105
2020-09-03,Modoc,049,8938,23,14,0,14,0
2020-09-03,Mono,051,14174,163,144,2,146,1
2020-09-03,Monterey,053,433212,8675,8128,22,8150,56
2020-09-03,Napa,055,140530,1544,1466,6,1472,10
2020-09-03,Nevada,057,99092,477,453,14,467,6
2020-09-03,Orange,059,3164182,51252,48226,1276,49502,1009
2020-09-03,Placer,061,380077,3276,3069,13,3082,34
2020-09-03,Plumas,063,18699,44,39,0,39,0
2020-09-03,Riverside,065,2383286,54809,53341,74,53415,1052
2020-09-03,Sacramento,067,1510023,19595,18553,18,18571,328
2020-09-03,San Benito,069,59416,1207,1121,0,1121,4
2020-09-03,San Bernardino,071,2135413,50310,48165,319,48484,800
2020-09-03,San Diego,073,3302833,41637,39448,583,40031,700
2020-09-03,San Francisco,075,870044,10095,9636,18,9654,84
2020-09-03,San Joaquin,077,732212,19056,18331,40,18371,371
2020-09-03,San Luis Obispo,079,281455,3281,3023,19,3042,21
2020-09-03,San Mateo,081,765935,9009,8211,9,8220,122
2020-09-03,Santa Barbara,083,443738,8533,8277,72,8349,96
2020-09-03,Santa Clara,085,1922200,19524,17879,38,17917,208
2020-09-03,Santa Cruz,087,273765,2014,1870,17,1887,7
2020-09-03,Shasta,089,179085,651,535,3,538,10
2020-09-03,Sierra,091,2930,6,6,0,6,0
2020-09-03,Siskiyou,093,43540,145,128,9,137,0
2020-09-03,Solano,095,438530,5713,5499,40,5539,36
2020-09-03,Sonoma,097,501317,6404,5997,19,6016,62
2020-09-03,Stanislaus,099,539301,15645,14985,391,15376,217
2020-09-03,Sutter,101,95872,1485,1412,1,1413,11
2020-09-03,Tehama,103,63373,456,436,2,438,1
2020-09-03,Trinity,105,12862,48,13,7,20,0
2020-09-03,Tulare,107,460477,15121,14408,64,14472,244
2020-09-03,Tuolumne,109,53932,217,193,3,196,1
2020-09-03,Ventura,111,848112,11848,11109,112,11221,112
2020-09-03,Yolo,113,214977,2608,2475,5,2480,53
2020-09-03,Yuba,115,75493,948,867,3,870,1
2020-09-02,Alameda,001,1643700,19578,18522,134,18656,260
2020-09-02,Alpine,003,1148,2,2,0,2,0
2020-09-02,Amador,005,37829,276,245,0,245,14
2020-09-02,Butte,007,227075,2552,2241,21,2262,27
2020-09-02,Calaveras,009,45235,284,235,0,235,1
2020-09-02,Colusa,011,21464,480,460,0,460,6
2020-09-02,Contra Costa,013,1133247,15110,14097,58,14155,159
2020-09-02,Del Norte,015,27424,117,109,0,109,2
2020-09-02,El Dorado,017,186661,1048,975,0,975,2
2020-09-02,Fresno,019,978130,28506,25785,321,26106,292
2020-09-02,Glenn,021,27897,498,457,0,457,3
2020-09-02,Humboldt,023,135768,433,381,1,382,4
2020-09-02,Imperial,025,180216,11372,9832,8,9840,255
2020-09-02,Inyo,027,18085,182,171,4,175,3
2020-09-02,Kern,029,883053,30280,29288,235,29523,335
2020-09-02,Kings,031,150075,6782,6142,36,6178,64
2020-09-02,Lake,033,64148,386,342,0,342,2
2020-09-02,Lassen,035,31185,730,706,2,708,0
2020-09-02,Los Angeles,037,10098052,247808,243999,1400,245399,5887
2020-09-02,Madera,039,155013,4045,3735,29,3764,41
2020-09-02,Marin,041,260295,6338,6131,15,6146,66
2020-09-02,Mariposa,043,17540,74,71,0,71,2
2020-09-02,Mendocino,045,87422,689,636,0,636,15
2020-09-02,Merced,047,269075,8342,8097,11,8108,103
2020-09-02,Modoc,049,8938,22,11,0,11,0
2020-09-02,Mono,051,14174,163,145,2,147,1
2020-09-02,Monterey,053,433212,8611,8070,22,8092,56
2020-09-02,Napa,055,140530,1532,1454,6,1460,10
2020-09-02,Nevada,057,99092,471,452,13,465,6
2020-09-02,Orange,059,3164182,51071,47871,1266,49137,994
2020-09-02,Placer,061,380077,3251,3047,12,3059,33
2020-09-02,Plumas,063,18699,44,39,0,39,0
2020-09-02,Riverside,065,2383286,54607,52923,71,52994,1032
2020-09-02,Sacramento,067,1510023,19362,18355,17,18372,316
2020-09-02,San Benito,069,59416,1194,1107,0,1107,4
2020-09-02,San Bernardino,071,2135413,50147,47766,316,48082,794
2020-09-02,San Diego,073,3302833,41317,39123,569,39692,695
2020-09-02,San Francisco,075,870044,10026,9587,18,9605,84
2020-09-02,San Joaquin,077,732212,18975,18194,39,18233,352
2020-09-02,San Luis Obispo,079,281455,3255,3002,18,3020,21
2020-09-02,San Mateo,081,765935,8952,8148,9,8157,122
2020-09-02,Santa Barbara,083,443738,8478,8206,71,8277,94
2020-09-02,Santa Clara,085,1922200,19370,17673,38,17711,206
2020-09-02,Santa Cruz,087,273765,1991,1850,17,1867,7
2020-09-02,Shasta,089,179085,650,531,3,534,10
2020-09-02,Sierra,091,2930,6,6,0,6,0
2020-09-02,Siskiyou,093,43540,144,127,9,136,0
2020-09-02,Solano,095,438530,5685,5463,40,5503,36
2020-09-02,Sonoma,097,501317,6342,5846,19,5865,62
2020-09-02,Stanislaus,099,539301,15575,14854,384,15238,220
2020-09-02,Sutter,101,95872,1470,1401,1,1402,10
2020-09-02,Tehama,103,63373,453,429,2,431,1
2020-09-02,Trinity,105,12862,48,13,7,20,0
2020-09-02,Tulare,107,460477,15054,14298,63,14361,244
2020-09-02,Tuolumne,109,53932,217,190,3,193,1
2020-09-02,Ventura,111,848112,11761,11031,111,11142,111
2020-09-02,Yolo,113,214977,2587,2449,5,2454,54
2020-09-02,Yuba,115,75493,941,856,3,859,1
2020-09-01,Alameda,001,1643700,19439,18382,131,18513,248
2020-09-01,Alpine,003,1148,2,2,0,2,0
2020-09-01,Amador,005,37829,275,244,0,244,13
2020-09-01,Butte,007,227075,2495,2146,21,2167,26
2020-09-01,Calaveras,009,45235,276,228,0,228,1
2020-09-01,Colusa,011,21464,476,454,0,454,6
2020-09-01,Contra Costa,013,1133247,15016,13998,56,14054,158
2020-09-01,Del Norte,015,27424,116,108,0,108,2
2020-09-01,El Dorado,017,186661,1040,972,0,972,2
2020-09-01,Fresno,019,978130,28359,25542,318,25860,290
2020-09-01,Glenn,021,27897,491,449,0,449,3
2020-09-01,Humboldt,023,135768,427,378,1,379,4
2020-09-01,Imperial,025,180216,11346,9782,8,9790,250
2020-09-01,Inyo,027,18085,182,171,4,175,3
2020-09-01,Kern,029,883053,30189,29162,230,29392,332
2020-09-01,Kings,031,150075,6751,6088,36,6124,62
2020-09-01,Lake,033,64148,383,341,0,341,2
2020-09-01,Lassen,035,31185,727,706,2,708,0
2020-09-01,Los Angeles,037,10098052,246717,242633,1376,244009,5832
2020-09-01,Madera,039,155013,4016,3703,28,3731,41
2020-09-01,Marin,041,260295,6323,6102,15,6117,67
2020-09-01,Mariposa,043,17540,73,72,0,72,2
2020-09-01,Mendocino,045,87422,674,626,0,626,15
2020-09-01,Merced,047,269075,8289,8046,10,8056,103
2020-09-01,Modoc,049,8938,20,10,0,10,0
2020-09-01,Mono,051,14174,163,145,2,147,1
2020-09-01,Monterey,053,433212,8504,7926,22,7948,56
2020-09-01,Napa,055,140530,1517,1446,6,1452,10
2020-09-01,Nevada,057,99092,465,450,13,463,6
2020-09-01,Orange,059,3164182,50906,47671,1247,48918,976
2020-09-01,Placer,061,380077,3229,3013,12,3025,33
2020-09-01,Plumas,063,18699,44,39,0,39,0
2020-09-01,Riverside,065,2383286,54389,52785,70,52855,1027
2020-09-01,Sacramento,067,1510023,19178,18217,16,18233,305
2020-09-01,San Benito,069,59416,1182,1089,0,1089,4
2020-09-01,San Bernardino,071,2135413,49940,47371,315,47686,786
2020-09-01,San Diego,073,3302833,40959,38873,531,39404,688
2020-09-01,San Francisco,075,870044,9957,9492,18,9510,83
2020-09-01,San Joaquin,077,732212,18893,17915,38,17953,341
2020-09-01,San Luis Obispo,079,281455,3229,2970,18,2988,21
2020-09-01,San Mateo,081,765935,8872,8132,9,8141,122
2020-09-01,Santa Barbara,083,443738,8428,8142,70,8212,93
2020-09-01,Santa Clara,085,1922200,19191,17319,38,17357,204
2020-09-01,Santa Cruz,087,273765,1967,1752,17,1769,7
2020-09-01,Shasta,089,179085,642,527,3,530,9
2020-09-01,Sierra,091,2930,6,6,0,6,0
2020-09-01,Siskiyou,093,43540,141,128,8,136,0
2020-09-01,Solano,095,438530,5659,5438,40,5478,34
2020-09-01,Sonoma,097,501317,6252,5733,19,5752,60
2020-09-01,Stanislaus,099,539301,15499,14784,374,15158,212
2020-09-01,Sutter,101,95872,1459,1389,1,1390,10
2020-09-01,Tehama,103,63373,449,422,2,424,1
2020-09-01,Trinity,105,12862,47,13,6,19,0
2020-09-01,Tulare,107,460477,14971,14156,63,14219,241
2020-09-01,Tuolumne,109,53932,211,183,3,186,1
2020-09-01,Ventura,111,848112,11683,10899,106,11005,108
2020-09-01,Yolo,113,214977,2571,2440,5,2445,51
2020-09-01,Yuba,115,75493,932,841,3,844,1
2020-08-31,Alameda,001,1643700,19294,18148,131,18279,248
2020-08-31,Alpine,003,1148,2,2,0,2,0
2020-08-31,Amador,005,37829,275,243,0,243,13
2020-08-31,Butte,007,227075,2431,2069,21,2090,26
2020-08-31,Calaveras,009,45235,271,212,0,212,1
2020-08-31,Colusa,011,21464,475,443,0,443,6
2020-08-31,Contra Costa,013,1133247,14889,13902,53,13955,153
2020-08-31,Del Norte,015,27424,116,108,0,108,2
2020-08-31,El Dorado,017,186661,1033,965,0,965,2
2020-08-31,Fresno,019,978130,28138,25185,312,25497,290
2020-08-31,Glenn,021,27897,479,437,0,437,3
2020-08-31,Humboldt,023,135768,425,374,1,375,4
2020-08-31,Imperial,025,180216,11315,9759,8,9767,250
2020-08-31,Inyo,027,18085,181,160,4,164,3
2020-08-31,Kern,029,883053,30091,29067,229,29296,318
2020-08-31,Kings,031,150075,6483,6037,36,6073,62
2020-08-31,Lake,033,64148,367,341,0,341,2
2020-08-31,Lassen,035,31185,724,706,2,708,0
2020-08-31,Los Angeles,037,10098052,245616,241793,1348,243141,5787
2020-08-31,Madera,039,155013,3993,3662,27,3689,35
2020-08-31,Marin,041,260295,6287,6074,15,6089,67
2020-08-31,Mariposa,043,17540,73,69,0,69,2
2020-08-31,Mendocino,045,87422,662,618,0,618,15
2020-08-31,Merced,047,269075,8227,7991,10,8001,79
2020-08-31,Modoc,049,8938,18,10,0,10,0
2020-08-31,Mono,051,14174,163,145,2,147,1
2020-08-31,Monterey,053,433212,8397,7839,22,7861,56
2020-08-31,Napa,055,140530,1509,1434,6,1440,10
2020-08-31,Nevada,057,99092,463,447,13,460,6
2020-08-31,Orange,059,3164182,50706,47392,1219,48611,965
2020-08-31,Placer,061,380077,3180,2989,12,3001,33
2020-08-31,Plumas,063,18699,43,39,0,39,0
2020-08-31,Riverside,065,2383286,54167,52508,68,52576,1020
2020-08-31,Sacramento,067,1510023,18941,17999,16,18015,303
2020-08-31,San Benito,069,59416,1166,1080,0,1080,4
2020-08-31,San Bernardino,071,2135413,49729,47370,314,47684,755
2020-08-31,San Diego,073,3302833,40592,38606,498,39104,682
2020-08-31,San Francisco,075,870044,9878,9293,15,9308,83
2020-08-31,San Joaquin,077,732212,18806,17807,37,17844,338
2020-08-31,San Luis Obispo,079,281455,3206,2951,17,2968,21
2020-08-31,San Mateo,081,765935,8802,8065,9,8074,122
2020-08-31,Santa Barbara,083,443738,8382,8124,70,8194,94
2020-08-31,Santa Clara,085,1922200,19002,17211,38,17249,202
2020-08-31,Santa Cruz,087,273765,1942,1742,17,1759,7
2020-08-31,Shasta,089,179085,637,528,3,531,9
2020-08-31,Sierra,091,2930,6,6,0,6,0
2020-08-31,Siskiyou,093,43540,140,127,8,135,0
2020-08-31,Solano,095,438530,5627,5302,39,5341,34
2020-08-31,Sonoma,097,501317,6177,5650,19,5669,60
2020-08-31,Stanislaus,099,539301,15424,14685,365,15050,213
2020-08-31,Sutter,101,95872,1444,1365,1,1366,10
2020-08-31,Tehama,103,63373,446,421,2,423,1
2020-08-31,Trinity,105,12862,47,13,6,19,0
2020-08-31,Tulare,107,460477,14884,13985,61,14046,237
2020-08-31,Tuolumne,109,53932,211,178,3,181,1
2020-08-31,Ventura,111,848112,11595,10866,105,10971,108
2020-08-31,Yolo,113,214977,2553,2423,5,2428,51
2020-08-31,Yuba,115,75493,918,830,3,833,1
2020-08-30,Alameda,001,1643700,19170,18099,129,18228,248
2020-08-30,Alpine,003,1148,2,2,0,2,0
2020-08-30,Amador,005,37829,274,240,0,240,13
2020-08-30,Butte,007,227075,2350,1988,21,2009,26
2020-08-30,Calaveras,009,45235,262,211,0,211,1
2020-08-30,Colusa,011,21464,474,440,0,440,6
2020-08-30,Contra Costa,013,1133247,14751,13780,53,13833,150
2020-08-30,Del Norte,015,27424,115,108,0,108,2
2020-08-30,El Dorado,017,186661,1023,962,0,962,2
2020-08-30,Fresno,019,978130,28012,24963,311,25274,291
2020-08-30,Glenn,021,27897,472,437,0,437,3
2020-08-30,Humboldt,023,135768,414,362,1,363,4
2020-08-30,Imperial,025,180216,11296,9703,8,9711,250
2020-08-30,Inyo,027,18085,181,160,4,164,3
2020-08-30,Kern,029,883053,29998,28987,229,29216,317
2020-08-30,Kings,031,150075,6437,6000,36,6036,62
2020-08-30,Lake,033,64148,362,334,0,334,2
2020-08-30,Lassen,035,31185,722,706,2,708,0
2020-08-30,Los Angeles,037,10098052,244479,240775,1315,242090,5772
2020-08-30,Madera,039,155013,3964,3626,27,3653,33
2020-08-30,Marin,041,260295,6257,6060,15,6075,66
2020-08-30,Mariposa,043,17540,73,69,0,69,2
2020-08-30,Mendocino,045,87422,656,611,0,611,13
2020-08-30,Merced,047,269075,8152,7960,10,7970,79
2020-08-30,Modoc,049,8938,13,10,0,10,0
2020-08-30,Mono,051,14174,163,145,2,147,1
2020-08-30,Monterey,053,433212,8313,7816,22,7838,54
2020-08-30,Napa,055,140530,1497,1423,6,1429,10
2020-08-30,Nevada,057,99092,460,445,13,458,6
2020-08-30,Orange,059,3164182,50510,47283,1205,48488,965
2020-08-30,Placer,061,380077,3147,2961,12,2973,32
2020-08-30,Plumas,063,18699,42,39,0,39,0
2020-08-30,Riverside,065,2383286,53988,52227,66,52293,1017
2020-08-30,Sacramento,067,1510023,18763,17751,16,17767,300
2020-08-30,San Benito,069,59416,1156,1071,0,1071,4
2020-08-30,San Bernardino,071,2135413,49472,47201,314,47515,755
2020-08-30,San Diego,073,3302833,40194,38302,477,38779,682
2020-08-30,San Francisco,075,870044,9780,9294,12,9306,83
2020-08-30,San Joaquin,077,732212,18689,17637,36,17673,338
2020-08-30,San Luis Obispo,079,281455,3181,2934,17,2951,21
2020-08-30,San Mateo,081,765935,8725,8013,8,8021,122
2020-08-30,Santa Barbara,083,443738,8322,8088,70,8158,93
2020-08-30,Santa Clara,085,1922200,18826,17045,38,17083,202
2020-08-30,Santa Cruz,087,273765,1916,1743,17,1760,7
2020-08-30,Shasta,089,179085,634,525,3,528,9
2020-08-30,Sierra,091,2930,6,6,0,6,0
2020-08-30,Siskiyou,093,43540,138,125,8,133,0
2020-08-30,Solano,095,438530,5583,5303,39,5342,34
2020-08-30,Sonoma,097,501317,6119,5590,19,5609,60
2020-08-30,Stanislaus,099,539301,15353,14580,356,14936,209
2020-08-30,Sutter,101,95872,1422,1351,1,1352,10
2020-08-30,Tehama,103,63373,437,419,2,421,1
2020-08-30,Trinity,105,12862,47,13,6,19,0
2020-08-30,Tulare,107,460477,14789,13985,60,14045,236
2020-08-30,Tuolumne,109,53932,207,178,3,181,1
2020-08-30,Ventura,111,848112,11482,10775,100,10875,108
2020-08-30,Yolo,113,214977,2525,2391,4,2395,51
2020-08-30,Yuba,115,75493,904,832,3,835,1
2020-08-29,Alameda,001,1643700,19103,17888,129,18017,250
2020-08-29,Alpine,003,1148,2,2,0,2,0
2020-08-29,Amador,005,37829,274,239,0,239,13
2020-08-29,Butte,007,227075,2319,1948,21,1969,26
2020-08-29,Calaveras,009,45235,258,211,0,211,1
2020-08-29,Colusa,011,21464,471,440,0,440,6
2020-08-29,Contra Costa,013,1133247,14678,13663,52,13715,159
2020-08-29,Del Norte,015,27424,115,108,0,108,1
2020-08-29,El Dorado,017,186661,1020,958,0,958,2
2020-08-29,Fresno,019,978130,27957,24821,311,25132,291
2020-08-29,Glenn,021,27897,466,437,0,437,3
2020-08-29,Humboldt,023,135768,411,363,1,364,4
2020-08-29,Imperial,025,180216,11281,9698,8,9706,250
2020-08-29,Inyo,027,18085,181,160,4,164,3
2020-08-29,Kern,029,883053,29957,28947,228,29175,317
2020-08-29,Kings,031,150075,6422,5906,36,5942,62
2020-08-29,Lake,033,64148,361,329,0,329,2
2020-08-29,Lassen,035,31185,722,706,2,708,0
2020-08-29,Los Angeles,037,10098052,243848,239815,1302,241117,5762
2020-08-29,Madera,039,155013,3955,3605,26,3631,33
2020-08-29,Marin,041,260295,6245,6007,15,6022,64
2020-08-29,Mariposa,043,17540,73,69,0,69,2
2020-08-29,Mendocino,045,87422,651,596,0,596,13
2020-08-29,Merced,047,269075,8122,7867,10,7877,79
2020-08-29,Modoc,049,8938,13,9,0,9,0
2020-08-29,Mono,051,14174,163,145,2,147,1
2020-08-29,Monterey,053,433212,8268,7680,22,7702,53
2020-08-29,Napa,055,140530,1494,1413,6,1419,10
2020-08-29,Nevada,057,99092,460,442,13,455,5
2020-08-29,Orange,059,3164182,50400,47007,1195,48202,960
2020-08-29,Placer,061,380077,3130,2935,12,2947,32
2020-08-29,Plumas,063,18699,41,39,0,39,0
2020-08-29,Riverside,065,2383286,53876,51918,64,51982,1016
2020-08-29,Sacramento,067,1510023,18691,17588,16,17604,291
2020-08-29,San Benito,069,59416,1147,1045,0,1045,4
2020-08-29,San Bernardino,071,2135413,49357,46849,314,47163,755
2020-08-29,San Diego,073,3302833,39928,38049,459,38508,694
2020-08-29,San Francisco,075,870044,9752,9291,11,9302,83
2020-08-29,San Joaquin,077,732212,18645,17493,36,17529,335
2020-08-29,San Luis Obispo,079,281455,3156,2917,17,2934,21
2020-08-29,San Mateo,081,765935,8683,7928,8,7936,122
2020-08-29,Santa Barbara,083,443738,8296,8052,69,8121,93
2020-08-29,Santa Clara,085,1922200,18729,16898,37,16935,202
2020-08-29,Santa Cruz,087,273765,1904,1746,17,1763,7
2020-08-29,Shasta,089,179085,626,522,3,525,9
2020-08-29,Sierra,091,2930,6,6,0,6,0
2020-08-29,Siskiyou,093,43540,138,121,8,129,0
2020-08-29,Solano,095,438530,5562,5303,39,5342,34
2020-08-29,Sonoma,097,501317,6084,5537,19,5556,60
2020-08-29,Stanislaus,099,539301,15304,14479,346,14825,208
2020-08-29,Sutter,101,95872,1417,1333,1,1334,9
2020-08-29,Tehama,103,63373,436,417,2,419,1
2020-08-29,Trinity,105,12862,46,11,6,17,0
2020-08-29,Tulare,107,460477,14751,13890,59,13949,236
2020-08-29,Tuolumne,109,53932,207,178,3,181,1
2020-08-29,Ventura,111,848112,11440,10705,100,10805,108
2020-08-29,Yolo,113,214977,2507,2357,4,2361,51
2020-08-29,Yuba,115,75493,895,822,3,825,1
2020-08-28,Alameda,001,1643700,19020,17729,128,17857,237
2020-08-28,Alpine,003,1148,2,2,0,2,0
2020-08-28,Amador,005,37829,274,234,0,234,13
2020-08-28,Butte,007,227075,2289,1886,21,1907,25
2020-08-28,Calaveras,009,45235,256,207,0,207,1
2020-08-28,Colusa,011,21464,470,441,0,441,6
2020-08-28,Contra Costa,013,1133247,14607,13522,51,13573,158
2020-08-28,Del Norte,015,27424,115,107,0,107,1
2020-08-28,El Dorado,017,186661,1014,949,0,949,2
2020-08-28,Fresno,019,978130,27823,24612,311,24923,282
2020-08-28,Glenn,021,27897,459,429,0,429,3
2020-08-28,Humboldt,023,135768,407,362,1,363,4
2020-08-28,Imperial,025,180216,11267,9656,8,9664,241
2020-08-28,Inyo,027,18085,180,160,4,164,2
2020-08-28,Kern,029,883053,29909,28744,228,28972,306
2020-08-28,Kings,031,150075,6415,5829,35,5864,62
2020-08-28,Lake,033,64148,356,320,0,320,2
2020-08-28,Lassen,035,31185,722,704,2,706,0
2020-08-28,Los Angeles,037,10098052,243038,238544,1277,239821,5740
2020-08-28,Madera,039,155013,3936,3552,26,3578,33
2020-08-28,Marin,041,260295,6223,5991,15,6006,63
2020-08-28,Mariposa,043,17540,73,67,0,67,2
2020-08-28,Mendocino,045,87422,646,588,0,588,11
2020-08-28,Merced,047,269075,8092,7803,10,7813,77
2020-08-28,Modoc,049,8938,13,6,0,6,0
2020-08-28,Mono,051,14174,163,145,2,147,1
2020-08-28,Monterey,053,433212,8211,7591,22,7613,53
2020-08-28,Napa,055,140530,1486,1403,5,1408,10
2020-08-28,Nevada,057,99092,459,438,13,451,5
2020-08-28,Orange,059,3164182,50300,46696,1180,47876,942
2020-08-28,Placer,061,380077,3119,2891,12,2903,32
2020-08-28,Plumas,063,18699,41,39,0,39,0
2020-08-28,Riverside,065,2383286,53745,51510,60,51570,1008
2020-08-28,Sacramento,067,1510023,18594,17119,16,17135,283
2020-08-28,San Benito,069,59416,1131,1016,0,1016,3
2020-08-28,San Bernardino,071,2135413,49239,46553,310,46863,754
2020-08-28,San Diego,073,3302833,39698,37786,444,38230,676
2020-08-28,San Francisco,075,870044,9699,9135,11,9146,83
2020-08-28,San Joaquin,077,732212,18592,17114,35,17149,314
2020-08-28,San Luis Obispo,079,281455,3139,2849,17,2866,20
2020-08-28,San Mateo,081,765935,8636,7783,8,7791,121
2020-08-28,Santa Barbara,083,443738,8264,8001,69,8070,92
2020-08-28,Santa Clara,085,1922200,18598,16696,37,16733,201
2020-08-28,Santa Cruz,087,273765,1892,1747,17,1764,7
2020-08-28,Shasta,089,179085,622,516,3,519,9
2020-08-28,Sierra,091,2930,6,6,0,6,0
2020-08-28,Siskiyou,093,43540,136,119,8,127,0
2020-08-28,Solano,095,438530,5543,5219,39,5258,34
2020-08-28,Sonoma,097,501317,6049,5425,18,5443,58
2020-08-28,Stanislaus,099,539301,15262,14176,342,14518,190
2020-08-28,Sutter,101,95872,1407,1308,1,1309,9
2020-08-28,Tehama,103,63373,431,410,2,412,1
2020-08-28,Trinity,105,12862,46,11,6,17,0
2020-08-28,Tulare,107,460477,14705,13776,59,13835,236
2020-08-28,Tuolumne,109,53932,207,176,3,179,1
2020-08-28,Ventura,111,848112,11404,10606,98,10704,103
2020-08-28,Yolo,113,214977,2498,2323,4,2327,51
2020-08-28,Yuba,115,75493,886,810,3,813,1
2020-08-27,Alameda,001,1643700,18875,17584,125,17709,234
2020-08-27,Alpine,003,1148,2,2,0,2,0
2020-08-27,Amador,005,37829,273,233,0,233,13
2020-08-27,Butte,007,227075,2223,1803,20,1823,25
2020-08-27,Calaveras,009,45235,250,204,0,204,1
2020-08-27,Colusa,011,21464,468,438,0,438,6
2020-08-27,Contra Costa,013,1133247,14506,13379,50,13429,158
2020-08-27,Del Norte,015,27424,115,107,0,107,1
2020-08-27,El Dorado,017,186661,1010,942,0,942,2
2020-08-27,Fresno,019,978130,27640,24367,306,24673,272
2020-08-27,Glenn,021,27897,451,429,0,429,3
2020-08-27,Humboldt,023,135768,399,358,1,359,4
2020-08-27,Imperial,025,180216,11240,9608,8,9616,235
2020-08-27,Inyo,027,18085,180,157,3,160,2
2020-08-27,Kern,029,883053,29837,28635,219,28854,294
2020-08-27,Kings,031,150075,6393,5759,35,5794,62
2020-08-27,Lake,033,64148,354,314,0,314,2
2020-08-27,Lassen,035,31185,722,703,2,705,0
2020-08-27,Los Angeles,037,10098052,242035,237103,1261,238364,5704
2020-08-27,Madera,039,155013,3910,3465,26,3491,33
2020-08-27,Marin,041,260295,6199,5929,15,5944,62
2020-08-27,Mariposa,043,17540,73,67,0,67,2
2020-08-27,Mendocino,045,87422,637,581,0,581,10
2020-08-27,Merced,047,269075,8047,7765,10,7775,75
2020-08-27,Modoc,049,8938,11,5,0,5,0
2020-08-27,Mono,051,14174,163,145,2,147,1
2020-08-27,Monterey,053,433212,8117,7501,22,7523,52
2020-08-27,Napa,055,140530,1480,1397,5,1402,10
2020-08-27,Nevada,057,99092,456,435,13,448,5
2020-08-27,Orange,059,3164182,50143,46449,1169,47618,935
2020-08-27,Placer,061,380077,3088,2869,12,2881,32
2020-08-27,Plumas,063,18699,40,39,0,39,0
2020-08-27,Riverside,065,2383286,53536,51306,57,51363,999
2020-08-27,Sacramento,067,1510023,18396,16875,16,16891,281
2020-08-27,San Benito,069,59416,1115,987,0,987,3
2020-08-27,San Bernardino,071,2135413,49013,46345,303,46648,751
2020-08-27,San Diego,073,3302833,39427,37501,424,37925,673
2020-08-27,San Francisco,075,870044,9633,9014,11,9025,83
2020-08-27,San Joaquin,077,732212,18512,16989,35,17024,314
2020-08-27,San Luis Obispo,079,281455,3114,2808,17,2825,20
2020-08-27,San Mateo,081,765935,8527,7728,8,7736,121
2020-08-27,Santa Barbara,083,443738,8226,7934,69,8003,92
2020-08-27,Santa Clara,085,1922200,18416,16495,37,16532,199
2020-08-27,Santa Cruz,087,273765,1875,1734,17,1751,7
2020-08-27,Shasta,089,179085,616,512,3,515,9
2020-08-27,Sierra,091,2930,6,6,0,6,0
2020-08-27,Siskiyou,093,43540,136,118,8,126,0
2020-08-27,Solano,095,438530,5505,5167,39,5206,34
2020-08-27,Sonoma,097,501317,5937,5357,18,5375,58
2020-08-27,Stanislaus,099,539301,15181,14080,339,14419,186
2020-08-27,Sutter,101,95872,1387,1296,1,1297,9
2020-08-27,Tehama,103,63373,427,398,2,400,1
2020-08-27,Trinity,105,12862,46,11,6,17,0
2020-08-27,Tulare,107,460477,14613,13666,58,13724,231
2020-08-27,Tuolumne,109,53932,202,174,3,177,1
2020-08-27,Ventura,111,848112,11341,10483,94,10577,102
2020-08-27,Yolo,113,214977,2474,2293,4,2297,51
2020-08-27,Yuba,115,75493,875,807,3,810,1
2020-08-26,Alameda,001,1643700,18713,17373,125,17498,233
2020-08-26,Alpine,003,1148,2,2,0,2,0
2020-08-26,Amador,005,37829,273,229,0,229,13
2020-08-26,Butte,007,227075,2156,1765,18,1783,25
2020-08-26,Calaveras,009,45235,243,201,0,201,1
2020-08-26,Colusa,011,21464,462,433,0,433,5
2020-08-26,Contra Costa,013,1133247,14369,13248,50,13298,157
2020-08-26,Del Norte,015,27424,114,86,0,86,1
2020-08-26,El Dorado,017,186661,1008,938,0,938,2
2020-08-26,Fresno,019,978130,27492,24071,304,24375,255
2020-08-26,Glenn,021,27897,449,429,0,429,3
2020-08-26,Humboldt,023,135768,387,357,1,358,4
2020-08-26,Imperial,025,180216,11218,9453,8,9461,227
2020-08-26,Inyo,027,18085,177,157,3,160,2
2020-08-26,Kern,029,883053,29698,28507,216,28723,286
2020-08-26,Kings,031,150075,6372,5720,35,5755,62
2020-08-26,Lake,033,64148,349,308,0,308,2
2020-08-26,Lassen,035,31185,722,702,2,704,0
2020-08-26,Los Angeles,037,10098052,241023,235499,1229,236728,5665
2020-08-26,Madera,039,155013,3881,3458,26,3484,32
2020-08-26,Marin,041,260295,6182,5887,15,5902,56
2020-08-26,Mariposa,043,17540,73,68,0,68,2
2020-08-26,Mendocino,045,87422,626,581,0,581,10
2020-08-26,Merced,047,269075,8014,7720,10,7730,74
2020-08-26,Modoc,049,8938,8,5,0,5,0
2020-08-26,Mono,051,14174,163,141,2,143,1
2020-08-26,Monterey,053,433212,8024,7439,22,7461,51
2020-08-26,Napa,055,140530,1467,1382,5,1387,10
2020-08-26,Nevada,057,99092,453,432,13,445,2
2020-08-26,Orange,059,3164182,49959,46157,1154,47311,905
2020-08-26,Placer,061,380077,3066,2846,10,2856,32
2020-08-26,Plumas,063,18699,39,39,0,39,0
2020-08-26,Riverside,065,2383286,53294,51138,57,51195,987
2020-08-26,Sacramento,067,1510023,18233,16708,16,16724,271
2020-08-26,San Benito,069,59416,1100,978,0,978,3
2020-08-26,San Bernardino,071,2135413,48805,45840,299,46139,743
2020-08-26,San Diego,073,3302833,39089,37224,397,37621,668
2020-08-26,San Francisco,075,870044,9558,8938,11,8949,81
2020-08-26,San Joaquin,077,732212,18423,16845,34,16879,309
2020-08-26,San Luis Obispo,079,281455,3086,2761,17,2778,20
2020-08-26,San Mateo,081,765935,8460,7655,8,7663,121
2020-08-26,Santa Barbara,083,443738,8192,7904,69,7973,90
2020-08-26,Santa Clara,085,1922200,18239,16283,37,16320,198
2020-08-26,Santa Cruz,087,273765,1864,1726,17,1743,7
2020-08-26,Shasta,089,179085,611,511,3,514,9
2020-08-26,Sierra,091,2930,6,6,0,6,0
2020-08-26,Siskiyou,093,43540,133,109,8,117,0
2020-08-26,Solano,095,438530,5481,5131,38,5169,34
2020-08-26,Sonoma,097,501317,5864,5283,18,5301,58
2020-08-26,Stanislaus,099,539301,15104,13964,333,14297,186
2020-08-26,Sutter,101,95872,1369,1275,1,1276,9
2020-08-26,Tehama,103,63373,424,396,2,398,1
2020-08-26,Trinity,105,12862,45,10,6,16,0
2020-08-26,Tulare,107,460477,14546,13568,58,13626,232
2020-08-26,Tuolumne,109,53932,201,172,3,175,1
2020-08-26,Ventura,111,848112,11269,10412,87,10499,100
2020-08-26,Yolo,113,214977,2452,2279,4,2283,49
2020-08-26,Yuba,115,75493,860,779,3,782,1
2020-08-25,Alameda,001,1643700,18556,17278,125,17403,232
2020-08-25,Alpine,003,1148,2,2,0,2,0
2020-08-25,Amador,005,37829,273,227,0,227,13
2020-08-25,Butte,007,227075,2089,1718,18,1736,24
2020-08-25,Calaveras,009,45235,241,196,0,196,1
2020-08-25,Colusa,011,21464,455,430,0,430,5
2020-08-25,Contra Costa,013,1133247,14231,13181,49,13230,156
2020-08-25,Del Norte,015,27424,113,83,0,83,1
2020-08-25,El Dorado,017,186661,1005,928,0,928,2
2020-08-25,Fresno,019,978130,27304,23932,303,24235,250
2020-08-25,Glenn,021,27897,446,429,0,429,3
2020-08-25,Humboldt,023,135768,382,342,1,343,4
2020-08-25,Imperial,025,180216,11190,9381,8,9389,217
2020-08-25,Inyo,027,18085,175,144,3,147,1
2020-08-25,Kern,029,883053,29561,28416,216,28632,285
2020-08-25,Kings,031,150075,6215,5702,35,5737,59
2020-08-25,Lake,033,64148,344,304,0,304,2
2020-08-25,Lassen,035,31185,721,692,2,694,0
2020-08-25,Los Angeles,037,10098052,239728,233961,1179,235140,5612
2020-08-25,Madera,039,155013,3866,3446,25,3471,32
2020-08-25,Marin,041,260295,6144,5860,15,5875,56
2020-08-25,Mariposa,043,17540,73,67,0,67,2
2020-08-25,Mendocino,045,87422,618,571,0,571,10
2020-08-25,Merced,047,269075,7947,7693,9,7702,69
2020-08-25,Modoc,049,8938,8,5,0,5,0
2020-08-25,Mono,051,14174,163,129,2,131,1
2020-08-25,Monterey,053,433212,7944,7333,22,7355,51
2020-08-25,Napa,055,140530,1460,1374,5,1379,10
2020-08-25,Nevada,057,99092,449,430,13,443,2
2020-08-25,Orange,059,3164182,49765,45737,1138,46875,902
2020-08-25,Placer,061,380077,3047,2829,7,2836,31
2020-08-25,Plumas,063,18699,39,39,0,39,0
2020-08-25,Riverside,065,2383286,53062,50889,57,50946,981
2020-08-25,Sacramento,067,1510023,18080,16601,16,16617,265
2020-08-25,San Benito,069,59416,1084,973,0,973,3
2020-08-25,San Bernardino,071,2135413,48571,45544,296,45840,727
2020-08-25,San Diego,073,3302833,38810,36996,375,37371,665
2020-08-25,San Francisco,075,870044,9480,8848,11,8859,81
2020-08-25,San Joaquin,077,732212,18296,16795,34,16829,306
2020-08-25,San Luis Obispo,079,281455,3027,2731,16,2747,20
2020-08-25,San Mateo,081,765935,8400,7636,8,7644,120
2020-08-25,Santa Barbara,083,443738,8140,7854,69,7923,90
2020-08-25,Santa Clara,085,1922200,18066,16199,37,16236,194
2020-08-25,Santa Cruz,087,273765,1845,1708,17,1725,7
2020-08-25,Shasta,089,179085,607,511,3,514,9
2020-08-25,Sierra,091,2930,6,6,0,6,0
2020-08-25,Siskiyou,093,43540,132,109,8,117,0
2020-08-25,Solano,095,438530,5420,5114,38,5152,34
2020-08-25,Sonoma,097,501317,5778,5148,18,5166,56
2020-08-25,Stanislaus,099,539301,14996,13886,322,14208,182
2020-08-25,Sutter,101,95872,1352,1259,1,1260,9
2020-08-25,Tehama,103,63373,421,394,2,396,1
2020-08-25,Trinity,105,12862,44,10,6,16,0
2020-08-25,Tulare,107,460477,14443,13514,57,13571,224
2020-08-25,Tuolumne,109,53932,199,172,3,175,1
2020-08-25,Ventura,111,848112,11184,10313,82,10395,99
2020-08-25,Yolo,113,214977,2439,2254,4,2258,50
2020-08-25,Yuba,115,75493,850,775,3,778,1
2020-08-24,Alameda,001,1643700,18361,16913,124,17037,231
2020-08-24,Alpine,003,1148,2,2,0,2,0
2020-08-24,Amador,005,37829,271,227,0,227,13
2020-08-24,Butte,007,227075,2005,1649,18,1667,23
2020-08-24,Calaveras,009,45235,231,187,0,187,1
2020-08-24,Colusa,011,21464,451,425,0,425,5
2020-08-24,Contra Costa,013,1133247,14116,12906,47,12953,153
2020-08-24,Del Norte,015,27424,113,80,0,80,1
2020-08-24,El Dorado,017,186661,997,908,0,908,2
2020-08-24,Fresno,019,978130,27116,23618,296,23914,235
2020-08-24,Glenn,021,27897,444,421,0,421,2
2020-08-24,Humboldt,023,135768,378,340,1,341,4
2020-08-24,Imperial,025,180216,11156,9323,8,9331,210
2020-08-24,Inyo,027,18085,171,144,3,147,2
2020-08-24,Kern,029,883053,29463,28157,210,28367,277
2020-08-24,Kings,031,150075,6127,5652,35,5687,60
2020-08-24,Lake,033,64148,329,302,0,302,2
2020-08-24,Lassen,035,31185,721,693,2,695,0
2020-08-24,Los Angeles,037,10098052,238366,233036,1160,234196,5562
2020-08-24,Madera,039,155013,3839,3418,25,3443,32
2020-08-24,Marin,041,260295,6081,5834,15,5849,56
2020-08-24,Mariposa,043,17540,71,66,0,66,2
2020-08-24,Mendocino,045,87422,603,550,0,550,10
2020-08-24,Merced,047,269075,7869,7605,9,7614,69
2020-08-24,Modoc,049,8938,8,5,0,5,0
2020-08-24,Mono,051,14174,163,129,2,131,1
2020-08-24,Monterey,053,433212,7835,7212,21,7233,50
2020-08-24,Napa,055,140530,1447,1358,5,1363,10
2020-08-24,Nevada,057,99092,444,423,13,436,2
2020-08-24,Orange,059,3164182,49572,45536,1128,46664,887
2020-08-24,Placer,061,380077,3001,2793,7,2800,31
2020-08-24,Plumas,063,18699,39,37,0,37,0
2020-08-24,Riverside,065,2383286,52784,50496,57,50553,975
2020-08-24,Sacramento,067,1510023,17883,16318,16,16334,249
2020-08-24,San Benito,069,59416,1063,961,0,961,3
2020-08-24,San Bernardino,071,2135413,48308,45199,294,45493,720
2020-08-24,San Diego,073,3302833,38522,36729,347,37076,660
2020-08-24,San Francisco,075,870044,9397,8621,10,8631,81
2020-08-24,San Joaquin,077,732212,18155,16565,33,16598,305
2020-08-24,San Luis Obispo,079,281455,2999,2705,16,2721,20
2020-08-24,San Mateo,081,765935,8333,7502,8,7510,120
2020-08-24,Santa Barbara,083,443738,8099,7784,69,7853,90
2020-08-24,Santa Clara,085,1922200,17862,16049,37,16086,192
2020-08-24,Santa Cruz,087,273765,1825,1627,16,1643,6
2020-08-24,Shasta,089,179085,605,505,3,508,9
2020-08-24,Sierra,091,2930,6,6,0,6,0
2020-08-24,Siskiyou,093,43540,128,107,8,115,0
2020-08-24,Solano,095,438530,5371,4979,36,5015,32
2020-08-24,Sonoma,097,501317,5676,5071,18,5089,56
2020-08-24,Stanislaus,099,539301,14897,13521,308,13829,171
2020-08-24,Sutter,101,95872,1333,1219,1,1220,9
2020-08-24,Tehama,103,63373,416,388,2,390,1
2020-08-24,Trinity,105,12862,44,10,6,16,0
2020-08-24,Tulare,107,460477,14336,13360,56,13416,223
2020-08-24,Tuolumne,109,53932,198,170,3,173,1
2020-08-24,Ventura,111,848112,11104,10261,78,10339,99
2020-08-24,Yolo,113,214977,2405,2239,4,2243,47
2020-08-24,Yuba,115,75493,833,750,3,753,1
2020-08-23,Alameda,001,1643700,18138,16786,123,16909,231
2020-08-23,Alpine,003,1148,2,2,0,2,0
2020-08-23,Amador,005,37829,268,227,0,227,13
2020-08-23,Butte,007,227075,1891,1637,18,1655,23
2020-08-23,Calaveras,009,45235,221,187,0,187,1
2020-08-23,Colusa,011,21464,444,424,0,424,5
2020-08-23,Contra Costa,013,1133247,13956,12642,47,12689,153
2020-08-23,Del Norte,015,27424,113,80,0,80,1
2020-08-23,El Dorado,017,186661,984,901,0,901,2
2020-08-23,Fresno,019,978130,26911,23414,292,23706,235
2020-08-23,Glenn,021,27897,437,421,0,421,2
2020-08-23,Humboldt,023,135768,376,341,1,342,4
2020-08-23,Imperial,025,180216,11128,9243,8,9251,210
2020-08-23,Inyo,027,18085,168,144,3,147,2
2020-08-23,Kern,029,883053,29314,28028,205,28233,277
2020-08-23,Kings,031,150075,6084,5628,35,5663,60
2020-08-23,Lake,033,64148,325,299,0,299,2
2020-08-23,Lassen,035,31185,720,693,2,695,0
2020-08-23,Los Angeles,037,10098052,236771,231833,1090,232923,5549
2020-08-23,Madera,039,155013,3807,3401,24,3425,32
2020-08-23,Marin,041,260295,6042,5807,14,5821,50
2020-08-23,Mariposa,043,17540,71,66,0,66,2
2020-08-23,Mendocino,045,87422,599,550,0,550,10
2020-08-23,Merced,047,269075,7800,7574,8,7582,69
2020-08-23,Modoc,049,8938,7,5,0,5,0
2020-08-23,Mono,051,14174,163,129,2,131,1
2020-08-23,Monterey,053,433212,7745,7173,21,7194,50
2020-08-23,Napa,055,140530,1435,1348,5,1353,10
2020-08-23,Nevada,057,99092,439,421,13,434,2
2020-08-23,Orange,059,3164182,49334,45267,1117,46384,887
2020-08-23,Placer,061,380077,2962,2772,7,2779,31
2020-08-23,Plumas,063,18699,39,37,0,37,0
2020-08-23,Riverside,065,2383286,52514,50293,55,50348,955
2020-08-23,Sacramento,067,1510023,17659,16084,15,16099,243
2020-08-23,San Benito,069,59416,1050,938,0,938,3
2020-08-23,San Bernardino,071,2135413,48039,45010,284,45294,719
2020-08-23,San Diego,073,3302833,38201,36542,320,36862,660
2020-08-23,San Francisco,075,870044,9302,8564,9,8573,80
2020-08-23,San Joaquin,077,732212,18022,16069,32,16101,305
2020-08-23,San Luis Obispo,079,281455,2957,2679,16,2695,20
2020-08-23,San Mateo,081,765935,8238,7450,8,7458,120
2020-08-23,Santa Barbara,083,443738,8031,7725,69,7794,90
2020-08-23,Santa Clara,085,1922200,17667,15912,35,15947,191
2020-08-23,Santa Cruz,087,273765,1799,1627,16,1643,6
2020-08-23,Shasta,089,179085,600,501,3,504,9
2020-08-23,Sierra,091,2930,6,6,0,6,0
2020-08-23,Siskiyou,093,43540,123,107,8,115,0
2020-08-23,Solano,095,438530,5313,4977,34,5011,32
2020-08-23,Sonoma,097,501317,5588,5018,18,5036,56
2020-08-23,Stanislaus,099,539301,14762,13483,285,13768,171
2020-08-23,Sutter,101,95872,1311,1203,1,1204,9
2020-08-23,Tehama,103,63373,406,381,2,383,1
2020-08-23,Trinity,105,12862,44,10,6,16,0
2020-08-23,Tulare,107,460477,14204,13303,53,13356,223
2020-08-23,Tuolumne,109,53932,195,164,3,167,1
2020-08-23,Ventura,111,848112,11003,10126,74,10200,99
2020-08-23,Yolo,113,214977,2377,2210,4,2214,47
2020-08-23,Yuba,115,75493,812,750,3,753,1
2020-08-22,Alameda,001,1643700,18044,16648,122,16770,231
2020-08-22,Alpine,003,1148,2,2,0,2,0
2020-08-22,Amador,005,37829,267,224,0,224,13
2020-08-22,Butte,007,227075,1840,1618,18,1636,22
2020-08-22,Calaveras,009,45235,218,187,0,187,1
2020-08-22,Colusa,011,21464,440,419,0,419,5
2020-08-22,Contra Costa,013,1133247,13869,12522,47,12569,153
2020-08-22,Del Norte,015,27424,112,80,0,80,1
2020-08-22,El Dorado,017,186661,982,900,0,900,2
2020-08-22,Fresno,019,978130,26814,23197,291,23488,235
2020-08-22,Glenn,021,27897,436,421,0,421,2
2020-08-22,Humboldt,023,135768,366,334,1,335,4
2020-08-22,Imperial,025,180216,11120,9244,8,9252,210
2020-08-22,Inyo,027,18085,168,144,3,147,1
2020-08-22,Kern,029,883053,29260,27807,205,28012,277
2020-08-22,Kings,031,150075,6075,5447,35,5482,60
2020-08-22,Lake,033,64148,323,291,0,291,2
2020-08-22,Lassen,035,31185,720,693,2,695,0
2020-08-22,Los Angeles,037,10098052,236112,230858,1072,231930,5540
2020-08-22,Madera,039,155013,3788,3330,24,3354,32
2020-08-22,Marin,041,260295,6030,5789,14,5803,49
2020-08-22,Mariposa,043,17540,71,66,0,66,2
2020-08-22,Mendocino,045,87422,596,529,0,529,10
2020-08-22,Merced,047,269075,7772,7493,8,7501,69
2020-08-22,Modoc,049,8938,7,5,0,5,0
2020-08-22,Mono,051,14174,163,129,2,131,1
2020-08-22,Monterey,053,433212,7697,7081,21,7102,50
2020-08-22,Napa,055,140530,1430,1328,5,1333,11
2020-08-22,Nevada,057,99092,439,411,13,424,2
2020-08-22,Orange,059,3164182,49193,45131,1111,46242,885
2020-08-22,Placer,061,380077,2948,2734,7,2741,30
2020-08-22,Plumas,063,18699,39,37,0,37,0
2020-08-22,Riverside,065,2383286,52366,49944,54,49998,953
2020-08-22,Sacramento,067,1510023,17547,15516,15,15531,239
2020-08-22,San Benito,069,59416,1034,912,0,912,3
2020-08-22,San Bernardino,071,2135413,47910,44803,280,45083,719
2020-08-22,San Diego,073,3302833,38019,36205,309,36514,673
2020-08-22,San Francisco,075,870044,9242,8568,9,8577,80
2020-08-22,San Joaquin,077,732212,17966,16068,32,16100,305
2020-08-22,San Luis Obispo,079,281455,2931,2660,16,2676,20
2020-08-22,San Mateo,081,765935,8191,7361,8,7369,120
2020-08-22,Santa Barbara,083,443738,8005,7685,69,7754,90
2020-08-22,Santa Clara,085,1922200,17559,15590,35,15625,190
2020-08-22,Santa Cruz,087,273765,1783,1628,15,1643,6
2020-08-22,Shasta,089,179085,598,493,3,496,9
2020-08-22,Sierra,091,2930,6,6,0,6,0
2020-08-22,Siskiyou,093,43540,123,106,8,114,0
2020-08-22,Solano,095,438530,5283,4944,33,4977,32
2020-08-22,Sonoma,097,501317,5542,4891,18,4909,57
2020-08-22,Stanislaus,099,539301,14712,13380,268,13648,170
2020-08-22,Sutter,101,95872,1304,1189,1,1190,8
2020-08-22,Tehama,103,63373,405,368,2,370,1
2020-08-22,Trinity,105,12862,44,8,6,14,0
2020-08-22,Tulare,107,460477,14137,13196,53,13249,222
2020-08-22,Tuolumne,109,53932,193,162,3,165,1
2020-08-22,Ventura,111,848112,10948,9959,72,10031,99
2020-08-22,Yolo,113,214977,2361,2188,4,2192,47
2020-08-22,Yuba,115,75493,800,738,3,741,1
2020-08-21,Alameda,001,1643700,17952,16413,122,16535,232
2020-08-21,Alpine,003,1148,2,2,0,2,0
2020-08-21,Amador,005,37829,266,223,0,223,11
2020-08-21,Butte,007,227075,1801,1582,18,1600,19
2020-08-21,Calaveras,009,45235,218,182,0,182,1
2020-08-21,Colusa,011,21464,438,418,0,418,5
2020-08-21,Contra Costa,013,1133247,13780,12333,46,12379,149
2020-08-21,Del Norte,015,27424,112,78,0,78,1
2020-08-21,El Dorado,017,186661,978,885,0,885,2
2020-08-21,Fresno,019,978130,26644,22840,290,23130,232
2020-08-21,Glenn,021,27897,432,418,0,418,2
2020-08-21,Humboldt,023,135768,363,331,1,332,4
2020-08-21,Imperial,025,180216,11104,9166,8,9174,204
2020-08-21,Inyo,027,18085,168,144,3,147,1
2020-08-21,Kern,029,883053,29201,27567,203,27770,269
2020-08-21,Kings,031,150075,6053,5391,35,5426,60
2020-08-21,Lake,033,64148,321,281,0,281,2
2020-08-21,Lassen,035,31185,720,693,2,695,0
2020-08-21,Los Angeles,037,10098052,235238,229235,1052,230287,5494
2020-08-21,Madera,039,155013,3758,3271,24,3295,31
2020-08-21,Marin,041,260295,6010,5762,14,5776,49
2020-08-21,Mariposa,043,17540,71,66,0,66,2
2020-08-21,Mendocino,045,87422,586,505,0,505,10
2020-08-21,Merced,047,269075,7743,7357,8,7365,69
2020-08-21,Modoc,049,8938,7,5,0,5,0
2020-08-21,Mono,051,14174,163,128,2,130,1
2020-08-21,Monterey,053,433212,7625,6974,21,6995,49
2020-08-21,Napa,055,140530,1421,1317,5,1322,10
2020-08-21,Nevada,057,99092,438,406,13,419,2
2020-08-21,Orange,059,3164182,49052,44625,1102,45727,875
2020-08-21,Placer,061,380077,2932,2698,6,2704,30
2020-08-21,Plumas,063,18699,39,36,0,36,0
2020-08-21,Riverside,065,2383286,52171,49409,54,49463,932
2020-08-21,Sacramento,067,1510023,17424,15247,15,15262,237
2020-08-21,San Benito,069,59416,1024,891,0,891,3
2020-08-21,San Bernardino,071,2135413,47790,44249,276,44525,668
2020-08-21,San Diego,073,3302833,37815,35914,292,36206,652
2020-08-21,San Francisco,075,870044,9192,8375,9,8384,80
2020-08-21,San Joaquin,077,732212,17883,15888,30,15918,301
2020-08-21,San Luis Obispo,079,281455,2908,2640,16,2656,19
2020-08-21,San Mateo,081,765935,8133,7253,8,7261,120
2020-08-21,Santa Barbara,083,443738,7964,7645,69,7714,86
2020-08-21,Santa Clara,085,1922200,17407,15399,35,15434,190
2020-08-21,Santa Cruz,087,273765,1771,1617,15,1632,6
2020-08-21,Shasta,089,179085,598,486,3,489,9
2020-08-21,Sierra,091,2930,6,6,0,6,0
2020-08-21,Siskiyou,093,43540,123,103,6,109,0
2020-08-21,Solano,095,438530,5260,4891,32,4923,32
2020-08-21,Sonoma,097,501317,5472,4816,18,4834,57
2020-08-21,Stanislaus,099,539301,14643,13282,253,13535,161
2020-08-21,Sutter,101,95872,1291,1173,1,1174,8
2020-08-21,Tehama,103,63373,403,357,2,359,1
2020-08-21,Trinity,105,12862,44,8,6,14,0
2020-08-21,Tulare,107,460477,14065,13002,52,13054,217
2020-08-21,Tuolumne,109,53932,185,161,3,164,1
2020-08-21,Ventura,111,848112,10883,9865,70,9935,98
2020-08-21,Yolo,113,214977,2345,2164,4,2168,46
2020-08-21,Yuba,115,75493,796,717,3,720,1
2020-08-20,Alameda,001,1643700,17793,16174,122,16296,229
2020-08-20,Alpine,003,1148,2,2,0,2,0
2020-08-20,Amador,005,37829,264,222,0,222,11
2020-08-20,Butte,007,227075,1750,1549,18,1567,18
2020-08-20,Calaveras,009,45235,215,179,0,179,1
2020-08-20,Colusa,011,21464,436,415,0,415,5
2020-08-20,Contra Costa,013,1133247,13652,12108,45,12153,144
2020-08-20,Del Norte,015,27424,112,78,0,78,1
2020-08-20,El Dorado,017,186661,974,881,0,881,2
2020-08-20,Fresno,019,978130,26462,22535,285,22820,228
2020-08-20,Glenn,021,27897,427,414,0,414,2
2020-08-20,Humboldt,023,135768,358,318,1,319,4
2020-08-20,Imperial,025,180216,11085,9086,8,9094,196
2020-08-20,Inyo,027,18085,167,144,3,147,1
2020-08-20,Kern,029,883053,29033,27337,192,27529,267
2020-08-20,Kings,031,150075,6013,5347,34,5381,59
2020-08-20,Lake,033,64148,316,280,0,280,2
2020-08-20,Lassen,035,31185,719,693,2,695,0
2020-08-20,Los Angeles,037,10098052,234014,227492,1033,228525,5445
2020-08-20,Madera,039,155013,3732,3197,24,3221,31
2020-08-20,Marin,041,260295,5992,5745,14,5759,47
2020-08-20,Mariposa,043,17540,71,67,0,67,2
2020-08-20,Mendocino,045,87422,575,497,0,497,10
2020-08-20,Merced,047,269075,7668,7173,8,7181,68
2020-08-20,Modoc,049,8938,7,5,0,5,0
2020-08-20,Mono,051,14174,163,128,2,130,1
2020-08-20,Monterey,053,433212,7554,6892,21,6913,47
2020-08-20,Napa,055,140530,1413,1306,5,1311,10
2020-08-20,Nevada,057,99092,437,401,13,414,2
2020-08-20,Orange,059,3164182,48825,44299,1091,45390,849
2020-08-20,Placer,061,380077,2916,2681,6,2687,30
2020-08-20,Plumas,063,18699,39,36,0,36,0
2020-08-20,Riverside,065,2383286,51952,48953,53,49006,927
2020-08-20,Sacramento,067,1510023,17182,14992,15,15007,231
2020-08-20,San Benito,069,59416,1011,866,0,866,3
2020-08-20,San Bernardino,071,2135413,47534,43627,272,43899,665
2020-08-20,San Diego,073,3302833,37595,35610,274,35884,644
2020-08-20,San Francisco,075,870044,9106,8262,9,8271,72
2020-08-20,San Joaquin,077,732212,17790,15778,30,15808,297
2020-08-20,San Luis Obispo,079,281455,2888,2590,16,2606,19
2020-08-20,San Mateo,081,765935,8067,7188,8,7196,120
2020-08-20,Santa Barbara,083,443738,7926,7571,69,7640,81
2020-08-20,Santa Clara,085,1922200,17235,15162,35,15197,190
2020-08-20,Santa Cruz,087,273765,1758,1581,15,1596,6
2020-08-20,Shasta,089,179085,597,478,3,481,9
2020-08-20,Sierra,091,2930,6,6,0,6,0
2020-08-20,Siskiyou,093,43540,122,102,1,103,0
2020-08-20,Solano,095,438530,5216,4843,32,4875,31
2020-08-20,Sonoma,097,501317,5400,4737,18,4755,54
2020-08-20,Stanislaus,099,539301,14547,13120,244,13364,161
2020-08-20,Sutter,101,95872,1267,1158,1,1159,8
2020-08-20,Tehama,103,63373,397,350,2,352,1
2020-08-20,Trinity,105,12862,44,8,6,14,0
2020-08-20,Tulare,107,460477,13957,12907,51,12958,217
2020-08-20,Tuolumne,109,53932,181,159,3,162,1
2020-08-20,Ventura,111,848112,10770,9744,69,9813,93
2020-08-20,Yolo,113,214977,2323,2150,4,2154,47
2020-08-20,Yuba,115,75493,779,709,3,712,1
2020-08-19,Alameda,001,1643700,17634,15874,121,15995,226
2020-08-19,Alpine,003,1148,2,2,0,2,0
2020-08-19,Amador,005,37829,263,219,0,219,9
2020-08-19,Butte,007,227075,1707,1517,18,1535,16
2020-08-19,Calaveras,009,45235,212,177,0,177,1
2020-08-19,Colusa,011,21464,435,415,0,415,5
2020-08-19,Contra Costa,013,1133247,13540,11895,43,11938,142
2020-08-19,Del Norte,015,27424,112,78,0,78,1
2020-08-19,El Dorado,017,186661,968,870,0,870,2
2020-08-19,Fresno,019,978130,26273,22167,276,22443,221
2020-08-19,Glenn,021,27897,425,414,0,414,2
2020-08-19,Humboldt,023,135768,355,316,1,317,4
2020-08-19,Imperial,025,180216,11057,9041,8,9049,192
2020-08-19,Inyo,027,18085,165,140,3,143,1
2020-08-19,Kern,029,883053,28916,27142,188,27330,263
2020-08-19,Kings,031,150075,5840,5301,32,5333,59
2020-08-19,Lake,033,64148,313,277,0,277,2
2020-08-19,Lassen,035,31185,711,693,2,695,0
2020-08-19,Los Angeles,037,10098052,232740,226006,993,226999,5399
2020-08-19,Madera,039,155013,3698,3158,22,3180,30
2020-08-19,Marin,041,260295,5968,5723,13,5736,46
2020-08-19,Mariposa,043,17540,71,64,0,64,2
2020-08-19,Mendocino,045,87422,559,495,0,495,8
2020-08-19,Merced,047,269075,7541,7082,5,7087,66
2020-08-19,Modoc,049,8938,7,5,0,5,0
2020-08-19,Mono,051,14174,163,128,2,130,1
2020-08-19,Monterey,053,433212,7452,6693,21,6714,45
2020-08-19,Napa,055,140530,1408,1293,5,1298,10
2020-08-19,Nevada,057,99092,430,398,13,411,2
2020-08-19,Orange,059,3164182,48620,43938,1088,45026,829
2020-08-19,Placer,061,380077,2894,2659,6,2665,28
2020-08-19,Plumas,063,18699,39,36,0,36,0
2020-08-19,Riverside,065,2383286,51703,48741,53,48794,922
2020-08-19,Sacramento,067,1510023,17001,14764,15,14779,229
2020-08-19,San Benito,069,59416,994,853,0,853,3
2020-08-19,San Bernardino,071,2135413,47235,43224,266,43490,661
2020-08-19,San Diego,073,3302833,37346,35378,259,35637,638
2020-08-19,San Francisco,075,870044,9041,8236,9,8245,72
2020-08-19,San Joaquin,077,732212,17664,15677,29,15706,296
2020-08-19,San Luis Obispo,079,281455,2848,2553,16,2569,19
2020-08-19,San Mateo,081,765935,7999,7146,8,7154,119
2020-08-19,Santa Barbara,083,443738,7877,7499,69,7568,80
2020-08-19,Santa Clara,085,1922200,17089,14994,35,15029,189
2020-08-19,Santa Cruz,087,273765,1732,1554,15,1569,6
2020-08-19,Shasta,089,179085,593,475,3,478,9
2020-08-19,Sierra,091,2930,6,6,0,6,0
2020-08-19,Siskiyou,093,43540,121,103,1,104,0
2020-08-19,Solano,095,438530,5175,4807,32,4839,31
2020-08-19,Sonoma,097,501317,5321,4614,18,4632,54
2020-08-19,Stanislaus,099,539301,14444,13084,222,13306,160
2020-08-19,Sutter,101,95872,1233,1146,1,1147,8
2020-08-19,Tehama,103,63373,391,342,2,344,1
2020-08-19,Trinity,105,12862,43,8,6,14,0
2020-08-19,Tulare,107,460477,13859,12756,51,12807,217
2020-08-19,Tuolumne,109,53932,178,159,3,162,1
2020-08-19,Ventura,111,848112,10678,9587,67,9654,91
2020-08-19,Yolo,113,214977,2300,2126,4,2130,47
2020-08-19,Yuba,115,75493,767,701,3,704,1
2020-08-18,Alameda,001,1643700,17457,15627,119,15746,223
2020-08-18,Alpine,003,1148,2,2,0,2,0
2020-08-18,Amador,005,37829,262,215,0,215,9
2020-08-18,Butte,007,227075,1674,1491,18,1509,16
2020-08-18,Calaveras,009,45235,208,174,0,174,1
2020-08-18,Colusa,011,21464,434,415,0,415,5
2020-08-18,Contra Costa,013,1133247,13420,11689,41,11730,141
2020-08-18,Del Norte,015,27424,111,78,0,78,0
2020-08-18,El Dorado,017,186661,963,866,0,866,2
2020-08-18,Fresno,019,978130,26052,21798,270,22068,212
2020-08-18,Glenn,021,27897,425,407,0,407,2
2020-08-18,Humboldt,023,135768,353,315,1,316,4
2020-08-18,Imperial,025,180216,11023,8968,8,8976,189
2020-08-18,Inyo,027,18085,164,140,3,143,1
2020-08-18,Kern,029,883053,28763,26978,184,27162,263
2020-08-18,Kings,031,150075,5805,5269,31,5300,58
2020-08-18,Lake,033,64148,310,274,0,274,2
2020-08-18,Lassen,035,31185,711,693,2,695,0
2020-08-18,Los Angeles,037,10098052,231480,224218,956,225174,5339
2020-08-18,Madera,039,155013,3670,3125,22,3147,28
2020-08-18,Marin,041,260295,5938,5708,13,5721,47
2020-08-18,Mariposa,043,17540,71,61,0,61,2
2020-08-18,Mendocino,045,87422,550,468,0,468,8
2020-08-18,Merced,047,269075,7493,6940,5,6945,66
2020-08-18,Modoc,049,8938,7,5,0,5,0
2020-08-18,Mono,051,14174,162,129,2,131,1
2020-08-18,Monterey,053,433212,7360,6691,20,6711,44
2020-08-18,Napa,055,140530,1405,1274,5,1279,10
2020-08-18,Nevada,057,99092,423,389,13,402,2
2020-08-18,Orange,059,3164182,48395,43659,1073,44732,809
2020-08-18,Placer,061,380077,2868,2644,5,2649,28
2020-08-18,Plumas,063,18699,39,34,0,34,0
2020-08-18,Riverside,065,2383286,51372,48447,53,48500,917
2020-08-18,Sacramento,067,1510023,16771,14610,14,14624,222
2020-08-18,San Benito,069,59416,974,836,0,836,3
2020-08-18,San Bernardino,071,2135413,46953,42827,260,43087,648
2020-08-18,San Diego,073,3302833,37053,35164,227,35391,633
2020-08-18,San Francisco,075,870044,8955,8016,9,8025,72
2020-08-18,San Joaquin,077,732212,17548,15509,28,15537,290
2020-08-18,San Luis Obispo,079,281455,2823,2535,15,2550,18
2020-08-18,San Mateo,081,765935,7937,7074,8,7082,119
2020-08-18,Santa Barbara,083,443738,7835,7472,69,7541,81
2020-08-18,Santa Clara,085,1922200,16916,14786,34,14820,184
2020-08-18,Santa Cruz,087,273765,1719,1509,15,1524,6
2020-08-18,Shasta,089,179085,589,468,3,471,9
2020-08-18,Sierra,091,2930,6,6,0,6,0
2020-08-18,Siskiyou,093,43540,120,103,1,104,0
2020-08-18,Solano,095,438530,5148,4700,32,4732,31
2020-08-18,Sonoma,097,501317,5252,4506,18,4524,48
2020-08-18,Stanislaus,099,539301,14346,12935,206,13141,149
2020-08-18,Sutter,101,95872,1214,1126,1,1127,8
2020-08-18,Tehama,103,63373,381,333,2,335,1
2020-08-18,Trinity,105,12862,41,8,6,14,0
2020-08-18,Tulare,107,460477,13728,12637,48,12685,212
2020-08-18,Tuolumne,109,53932,175,159,3,162,1
2020-08-18,Ventura,111,848112,10588,9536,62,9598,89
2020-08-18,Yolo,113,214977,2278,2102,4,2106,47
2020-08-18,Yuba,115,75493,759,679,3,682,1
2020-08-17,Alameda,001,1643700,17263,15454,118,15572,221
2020-08-17,Alpine,003,1148,2,2,0,2,0
2020-08-17,Amador,005,37829,262,215,0,215,9
2020-08-17,Butte,007,227075,1629,1463,18,1481,15
2020-08-17,Calaveras,009,45235,204,167,0,167,1
2020-08-17,Colusa,011,21464,431,408,0,408,5
2020-08-17,Contra Costa,013,1133247,13283,11442,41,11483,141
2020-08-17,Del Norte,015,27424,107,77,0,77,0
2020-08-17,El Dorado,017,186661,960,846,0,846,2
2020-08-17,Fresno,019,978130,25844,21316,263,21579,211
2020-08-17,Glenn,021,27897,424,402,0,402,2
2020-08-17,Humboldt,023,135768,349,302,1,303,4
2020-08-17,Imperial,025,180216,10982,8897,7,8904,188
2020-08-17,Inyo,027,18085,156,124,3,127,1
2020-08-17,Kern,029,883053,28616,26773,173,26946,249
2020-08-17,Kings,031,150075,5767,5249,31,5280,58
2020-08-17,Lake,033,64148,305,270,0,270,2
2020-08-17,Lassen,035,31185,711,666,2,668,0
2020-08-17,Los Angeles,037,10098052,229964,223418,908,224326,5282
2020-08-17,Madera,039,155013,3627,3050,21,3071,26
2020-08-17,Marin,041,260295,5915,5683,12,5695,46
2020-08-17,Mariposa,043,17540,71,61,0,61,2
2020-08-17,Mendocino,045,87422,532,454,0,454,8
2020-08-17,Merced,047,269075,7398,6814,5,6819,66
2020-08-17,Modoc,049,8938,7,5,0,5,0
2020-08-17,Mono,051,14174,162,126,2,128,1
2020-08-17,Monterey,053,433212,7260,6553,20,6573,44
2020-08-17,Napa,055,140530,1384,1255,5,1260,10
2020-08-17,Nevada,057,99092,418,383,13,396,2
2020-08-17,Orange,059,3164182,48185,43621,1060,44681,804
2020-08-17,Placer,061,380077,2843,2609,5,2614,28
2020-08-17,Plumas,063,18699,39,33,0,33,0
2020-08-17,Riverside,065,2383286,51040,48062,51,48113,916
2020-08-17,Sacramento,067,1510023,16551,14333,14,14347,219
2020-08-17,San Benito,069,59416,959,822,0,822,2
2020-08-17,San Bernardino,071,2135413,46608,42005,252,42257,604
2020-08-17,San Diego,073,3302833,36787,34962,213,35175,626
2020-08-17,San Francisco,075,870044,8884,7600,9,7609,72
2020-08-17,San Joaquin,077,732212,17385,15323,27,15350,280
2020-08-17,San Luis Obispo,079,281455,2790,2527,15,2542,18
2020-08-17,San Mateo,081,765935,7880,6987,7,6994,118
2020-08-17,Santa Barbara,083,443738,7793,7438,69,7507,80
2020-08-17,Santa Clara,085,1922200,16695,14546,34,14580,183
2020-08-17,Santa Cruz,087,273765,1703,1453,14,1467,6
2020-08-17,Shasta,089,179085,583,467,3,470,9
2020-08-17,Sierra,091,2930,6,6,0,6,0
2020-08-17,Siskiyou,093,43540,119,103,0,103,0
2020-08-17,Solano,095,438530,5091,4479,32,4511,31
2020-08-17,Sonoma,097,501317,5164,4402,16,4418,48
2020-08-17,Stanislaus,099,539301,14221,12745,199,12944,148
2020-08-17,Sutter,101,95872,1198,1071,1,1072,8
2020-08-17,Tehama,103,63373,372,324,2,326,1
2020-08-17,Trinity,105,12862,41,8,6,14,0
2020-08-17,Tulare,107,460477,13615,12487,47,12534,210
2020-08-17,Tuolumne,109,53932,172,157,3,160,1
2020-08-17,Ventura,111,848112,10465,9490,57,9547,89
2020-08-17,Yolo,113,214977,2251,2083,4,2087,47
2020-08-17,Yuba,115,75493,744,647,3,650,1
2020-08-16,Alameda,001,1643700,16972,15338,118,15456,221
2020-08-16,Alpine,003,1148,2,2,0,2,0
2020-08-16,Amador,005,37829,259,215,0,215,9
2020-08-16,Butte,007,227075,1591,1432,18,1450,15
2020-08-16,Calaveras,009,45235,197,167,0,167,1
2020-08-16,Colusa,011,21464,429,407,0,407,5
2020-08-16,Contra Costa,013,1133247,13097,11255,41,11296,140
2020-08-16,Del Norte,015,27424,103,77,0,77,0
2020-08-16,El Dorado,017,186661,948,843,0,843,2
2020-08-16,Fresno,019,978130,25623,21010,258,21268,211
2020-08-16,Glenn,021,27897,422,400,0,400,2
2020-08-16,Humboldt,023,135768,347,301,1,302,4
2020-08-16,Imperial,025,180216,10938,8883,7,8890,188
2020-08-16,Inyo,027,18085,149,125,2,127,1
2020-08-16,Kern,029,883053,28415,26520,165,26685,249
2020-08-16,Kings,031,150075,5736,5146,31,5177,58
2020-08-16,Lake,033,64148,301,269,0,269,2
2020-08-16,Lassen,035,31185,711,666,2,668,0
2020-08-16,Los Angeles,037,10098052,228396,222236,878,223114,5263
2020-08-16,Madera,039,155013,3582,3013,21,3034,26
2020-08-16,Marin,041,260295,5889,5664,12,5676,46
2020-08-16,Mariposa,043,17540,71,61,0,61,2
2020-08-16,Mendocino,045,87422,524,451,0,451,8
2020-08-16,Merced,047,269075,7316,6744,5,6749,66
2020-08-16,Modoc,049,8938,7,5,0,5,0
2020-08-16,Mono,051,14174,162,126,2,128,1
2020-08-16,Monterey,053,433212,7162,6516,19,6535,44
2020-08-16,Napa,055,140530,1366,1241,3,1244,10
2020-08-16,Nevada,057,99092,409,379,13,392,2
2020-08-16,Orange,059,3164182,47935,43303,1049,44352,803
2020-08-16,Placer,061,380077,2814,2583,4,2587,28
2020-08-16,Plumas,063,18699,39,33,0,33,0
2020-08-16,Riverside,065,2383286,50709,47669,50,47719,910
2020-08-16,Sacramento,067,1510023,16311,14210,14,14224,219
2020-08-16,San Benito,069,59416,930,815,0,815,2
2020-08-16,San Bernardino,071,2135413,46184,41724,244,41968,603
2020-08-16,San Diego,073,3302833,36523,34680,198,34878,626
2020-08-16,San Francisco,075,870044,8797,7602,9,7611,72
2020-08-16,San Joaquin,077,732212,17182,15288,27,15315,280
2020-08-16,San Luis Obispo,079,281455,2761,2494,15,2509,17
2020-08-16,San Mateo,081,765935,7805,6942,7,6949,118
2020-08-16,Santa Barbara,083,443738,7744,7368,69,7437,79
2020-08-16,Santa Clara,085,1922200,16497,14329,34,14363,183
2020-08-16,Santa Cruz,087,273765,1676,1449,13,1462,6
2020-08-16,Shasta,089,179085,576,465,3,468,9
2020-08-16,Sierra,091,2930,6,6,0,6,0
2020-08-16,Siskiyou,093,43540,118,102,0,102,0
2020-08-16,Solano,095,438530,5031,4479,32,4511,31
2020-08-16,Sonoma,097,501317,5060,4329,16,4345,46
2020-08-16,Stanislaus,099,539301,14063,12668,189,12857,148
2020-08-16,Sutter,101,95872,1180,1071,1,1072,8
2020-08-16,Tehama,103,63373,362,318,2,320,1
2020-08-16,Trinity,105,12862,38,8,6,14,0
2020-08-16,Tulare,107,460477,13483,12334,44,12378,211
2020-08-16,Tuolumne,109,53932,172,156,3,159,1
2020-08-16,Ventura,111,848112,10356,9408,52,9460,89
2020-08-16,Yolo,113,214977,2232,2057,4,2061,47
2020-08-16,Yuba,115,75493,735,647,2,649,1
2020-08-15,Alameda,001,1643700,16895,15165,118,15283,221
2020-08-15,Alpine,003,1148,2,2,0,2,0
2020-08-15,Amador,005,37829,259,210,0,210,9
2020-08-15,Butte,007,227075,1569,1409,18,1427,15
2020-08-15,Calaveras,009,45235,195,167,0,167,1
2020-08-15,Colusa,011,21464,428,401,0,401,5
2020-08-15,Contra Costa,013,1133247,13001,11106,41,11147,138
2020-08-15,Del Norte,015,27424,103,77,0,77,0
2020-08-15,El Dorado,017,186661,943,838,0,838,2
2020-08-15,Fresno,019,978130,25507,20603,256,20859,211
2020-08-15,Glenn,021,27897,422,398,0,398,2
2020-08-15,Humboldt,023,135768,346,301,1,302,4
2020-08-15,Imperial,025,180216,10918,8794,7,8801,188
2020-08-15,Inyo,027,18085,149,123,2,125,1
2020-08-15,Kern,029,883053,28327,26338,165,26503,249
2020-08-15,Kings,031,150075,5718,5039,31,5070,56
2020-08-15,Lake,033,64148,299,268,0,268,2
2020-08-15,Lassen,035,31185,711,666,2,668,0
2020-08-15,Los Angeles,037,10098052,227645,221043,868,221911,5252
2020-08-15,Madera,039,155013,3532,2950,21,2971,26
2020-08-15,Marin,041,260295,5882,5628,12,5640,46
2020-08-15,Mariposa,043,17540,71,61,0,61,2
2020-08-15,Mendocino,045,87422,520,444,0,444,8
2020-08-15,Merced,047,269075,7282,6656,5,6661,66
2020-08-15,Modoc,049,8938,7,5,0,5,0
2020-08-15,Mono,051,14174,162,126,2,128,1
2020-08-15,Monterey,053,433212,7117,6162,19,6181,44
2020-08-15,Napa,055,140530,1356,1232,3,1235,10
2020-08-15,Nevada,057,99092,409,376,13,389,2
2020-08-15,Orange,059,3164182,47822,42811,1038,43849,801
2020-08-15,Placer,061,380077,2793,2551,4,2555,27
2020-08-15,Plumas,063,18699,39,33,0,33,0
2020-08-15,Riverside,065,2383286,50558,46720,50,46770,910
2020-08-15,Sacramento,067,1510023,16201,14018,14,14032,219
2020-08-15,San Benito,069,59416,917,805,0,805,2
2020-08-15,San Bernardino,071,2135413,46032,41231,242,41473,602
2020-08-15,San Diego,073,3302833,36357,34346,184,34530,639
2020-08-15,San Francisco,075,870044,8733,7601,9,7610,69
2020-08-15,San Joaquin,077,732212,17109,15113,27,15140,280
2020-08-15,San Luis Obispo,079,281455,2744,2461,15,2476,17
2020-08-15,San Mateo,081,765935,7768,6860,7,6867,118
2020-08-15,Santa Barbara,083,443738,7716,7338,69,7407,79
2020-08-15,Santa Clara,085,1922200,16401,14105,34,14139,183
2020-08-15,Santa Cruz,087,273765,1655,1449,13,1462,6
2020-08-15,Shasta,089,179085,573,458,3,461,9
2020-08-15,Sierra,091,2930,6,6,0,6,0
2020-08-15,Siskiyou,093,43540,117,100,0,100,0
2020-08-15,Solano,095,438530,5009,4477,32,4509,31
2020-08-15,Sonoma,097,501317,5005,4134,16,4150,45
2020-08-15,Stanislaus,099,539301,13999,12541,188,12729,149
2020-08-15,Sutter,101,95872,1169,1046,1,1047,8
2020-08-15,Tehama,103,63373,361,312,2,314,1
2020-08-15,Trinity,105,12862,36,6,6,12,0
2020-08-15,Tulare,107,460477,13445,12262,44,12306,211
2020-08-15,Tuolumne,109,53932,172,155,3,158,1
2020-08-15,Ventura,111,848112,10297,9379,50,9429,89
2020-08-15,Yolo,113,214977,2220,2031,4,2035,46
2020-08-15,Yuba,115,75493,731,623,2,625,1
2020-08-14,Alameda,001,1643700,16756,14909,118,15027,221
2020-08-14,Alpine,003,1148,2,2,0,2,0
2020-08-14,Amador,005,37829,259,209,0,209,9
2020-08-14,Butte,007,227075,1560,1384,18,1402,15
2020-08-14,Calaveras,009,45235,191,165,0,165,1
2020-08-14,Colusa,011,21464,426,399,0,399,5
2020-08-14,Contra Costa,013,1133247,12889,10893,41,10934,137
2020-08-14,Del Norte,015,27424,103,76,0,76,0
2020-08-14,El Dorado,017,186661,935,827,0,827,2
2020-08-14,Fresno,019,978130,25373,19900,256,20156,208
2020-08-14,Glenn,021,27897,420,395,0,395,2
2020-08-14,Humboldt,023,135768,340,294,1,295,4
2020-08-14,Imperial,025,180216,10894,8756,7,8763,185
2020-08-14,Inyo,027,18085,148,115,2,117,1
2020-08-14,Kern,029,883053,28223,25893,164,26057,249
2020-08-14,Kings,031,150075,5704,4953,31,4984,56
2020-08-14,Lake,033,64148,290,267,0,267,2
2020-08-14,Lassen,035,31185,711,665,2,667,0
2020-08-14,Los Angeles,037,10098052,226478,219083,851,219934,5222
2020-08-14,Madera,039,155013,3502,2876,21,2897,26
2020-08-14,Marin,041,260295,5871,5601,12,5613,46
2020-08-14,Mariposa,043,17540,70,61,0,61,2
2020-08-14,Mendocino,045,87422,511,432,0,432,8
2020-08-14,Merced,047,269075,7252,6466,5,6471,67
2020-08-14,Modoc,049,8938,7,5,0,5,0
2020-08-14,Mono,051,14174,162,126,2,128,1
2020-08-14,Monterey,053,433212,7066,6121,19,6140,41
2020-08-14,Napa,055,140530,1346,1230,3,1233,10
2020-08-14,Nevada,057,99092,405,377,13,390,2
2020-08-14,Orange,059,3164182,47672,42399,1025,43424,798
2020-08-14,Placer,061,380077,2774,2546,4,2550,26
2020-08-14,Plumas,063,18699,38,33,0,33,0
2020-08-14,Riverside,065,2383286,50329,46456,50,46506,891
2020-08-14,Sacramento,067,1510023,16051,13645,14,13659,212
2020-08-14,San Benito,069,59416,900,783,0,783,2
2020-08-14,San Bernardino,071,2135413,45845,40442,239,40681,594
2020-08-14,San Diego,073,3302833,36163,34067,177,34244,622
2020-08-14,San Francisco,075,870044,8674,7467,9,7476,69
2020-08-14,San Joaquin,077,732212,17009,14925,27,14952,276
2020-08-14,San Luis Obispo,079,281455,2729,2422,15,2437,17
2020-08-14,San Mateo,081,765935,7709,6655,7,6662,118
2020-08-14,Santa Barbara,083,443738,7666,7302,69,7371,77
2020-08-14,Santa Clara,085,1922200,16235,13785,33,13818,183
2020-08-14,Santa Cruz,087,273765,1633,1418,12,1430,6
2020-08-14,Shasta,089,179085,568,446,3,449,9
2020-08-14,Sierra,091,2930,6,5,0,5,0
2020-08-14,Siskiyou,093,43540,117,98,0,98,0
2020-08-14,Solano,095,438530,4988,4421,32,4453,31
2020-08-14,Sonoma,097,501317,4945,4087,13,4100,45
2020-08-14,Stanislaus,099,539301,13921,12379,184,12563,140
2020-08-14,Sutter,101,95872,1161,1039,1,1040,8
2020-08-14,Tehama,103,63373,357,305,2,307,1
2020-08-14,Trinity,105,12862,36,6,6,12,0
2020-08-14,Tulare,107,460477,13368,12009,44,12053,211
2020-08-14,Tuolumne,109,53932,171,155,3,158,1
2020-08-14,Ventura,111,848112,10222,9313,50,9363,89
2020-08-14,Yolo,113,214977,2206,1991,4,1995,45
2020-08-14,Yuba,115,75493,715,606,2,608,1
2020-08-13,Alameda,001,1643700,16479,14385,118,14503,218
2020-08-13,Alpine,003,1148,2,2,0,2,0
2020-08-13,Amador,005,37829,259,198,0,198,8
2020-08-13,Butte,007,227075,1535,1345,18,1363,15
2020-08-13,Calaveras,009,45235,189,162,0,162,1
2020-08-13,Colusa,011,21464,426,395,0,395,5
2020-08-13,Contra Costa,013,1133247,12735,10545,40,10585,136
2020-08-13,Del Norte,015,27424,102,74,0,74,0
2020-08-13,El Dorado,017,186661,930,803,0,803,2
2020-08-13,Fresno,019,978130,25146,19157,250,19407,201
2020-08-13,Glenn,021,27897,416,392,0,392,1
2020-08-13,Humboldt,023,135768,332,281,1,282,4
2020-08-13,Imperial,025,180216,10862,8640,7,8647,170
2020-08-13,Inyo,027,18085,144,97,2,99,1
2020-08-13,Kern,029,883053,28056,25472,161,25633,242
2020-08-13,Kings,031,150075,5669,4824,31,4855,52
2020-08-13,Lake,033,64148,285,263,0,263,2
2020-08-13,Lassen,035,31185,711,652,2,654,0
2020-08-13,Los Angeles,037,10098052,225103,216497,830,217327,5179
2020-08-13,Madera,039,155013,3458,2675,20,2695,25
2020-08-13,Marin,041,260295,5855,5503,12,5515,44
2020-08-13,Mariposa,043,17540,69,61,0,61,2
2020-08-13,Mendocino,045,87422,506,401,0,401,8
2020-08-13,Merced,047,269075,7135,5945,5,5950,63
2020-08-13,Modoc,049,8938,7,5,0,5,0
2020-08-13,Mono,051,14174,162,124,2,126,1
2020-08-13,Monterey,053,433212,6983,5925,19,5944,38
2020-08-13,Napa,055,140530,1337,1179,3,1182,10
2020-08-13,Nevada,057,99092,401,362,13,375,1
2020-08-13,Orange,059,3164182,47433,42019,1013,43032,773
2020-08-13,Placer,061,380077,2751,2460,4,2464,26
2020-08-13,Plumas,063,18699,38,32,0,32,0
2020-08-13,Riverside,065,2383286,50033,45327,50,45377,885
2020-08-13,Sacramento,067,1510023,15849,13237,14,13251,197
2020-08-13,San Benito,069,59416,871,757,0,757,2
2020-08-13,San Bernardino,071,2135413,45450,39395,233,39628,591
2020-08-13,San Diego,073,3302833,35927,33661,159,33820,627
2020-08-13,San Francisco,075,870044,8580,7277,9,7286,69
2020-08-13,San Joaquin,077,732212,16854,14537,26,14563,261
2020-08-13,San Luis Obispo,079,281455,2707,2283,15,2298,16
2020-08-13,San Mateo,081,765935,7647,6503,7,6510,117
2020-08-13,Santa Barbara,083,443738,7621,7129,68,7197,74
2020-08-13,Santa Clara,085,1922200,16012,13257,33,13290,182
2020-08-13,Santa Cruz,087,273765,1608,1383,12,1395,6
2020-08-13,Shasta,089,179085,563,428,3,431,9
2020-08-13,Sierra,091,2930,6,5,0,5,0
2020-08-13,Siskiyou,093,43540,117,95,0,95,0
2020-08-13,Solano,095,438530,4951,4305,32,4337,31
2020-08-13,Sonoma,097,501317,4871,3902,13,3915,45
2020-08-13,Stanislaus,099,539301,13791,11953,168,12121,136
2020-08-13,Sutter,101,95872,1139,992,1,993,8
2020-08-13,Tehama,103,63373,348,302,2,304,1
2020-08-13,Trinity,105,12862,35,6,6,12,0
2020-08-13,Tulare,107,460477,13224,11692,41,11733,210
2020-08-13,Tuolumne,109,53932,170,152,3,155,1
2020-08-13,Ventura,111,848112,10133,9114,50,9164,90
2020-08-13,Yolo,113,214977,2179,1938,4,1942,44
2020-08-13,Yuba,115,75493,699,568,2,570,1
2020-08-12,Alameda,001,1643700,16266,14214,118,14332,215
2020-08-12,Alpine,003,1148,2,2,0,2,0
2020-08-12,Amador,005,37829,256,197,0,197,8
2020-08-12,Butte,007,227075,1507,1317,18,1335,15
2020-08-12,Calaveras,009,45235,186,157,0,157,1
2020-08-12,Colusa,011,21464,421,394,0,394,5
2020-08-12,Contra Costa,013,1133247,12590,10304,39,10343,134
2020-08-12,Del Norte,015,27424,101,74,0,74,0
2020-08-12,El Dorado,017,186661,912,794,0,794,2
2020-08-12,Fresno,019,978130,24916,18690,243,18933,194
2020-08-12,Glenn,021,27897,413,388,0,388,1
2020-08-12,Humboldt,023,135768,325,281,1,282,4
2020-08-12,Imperial,025,180216,10839,8566,7,8573,167
2020-08-12,Inyo,027,18085,127,97,2,99,1
2020-08-12,Kern,029,883053,27864,25191,159,25350,232
2020-08-12,Kings,031,150075,5630,4736,31,4767,50
2020-08-12,Lake,033,64148,283,253,0,253,2
2020-08-12,Lassen,035,31185,710,651,2,653,0
2020-08-12,Los Angeles,037,10098052,223703,214542,814,215356,5119
2020-08-12,Madera,039,155013,3424,2681,18,2699,23
2020-08-12,Marin,041,260295,5833,5423,12,5435,44
2020-08-12,Mariposa,043,17540,69,61,0,61,2
2020-08-12,Mendocino,045,87422,487,386,0,386,9
2020-08-12,Merced,047,269075,7073,5777,5,5782,66
2020-08-12,Modoc,049,8938,7,5,0,5,0
2020-08-12,Mono,051,14174,161,124,2,126,1
2020-08-12,Monterey,053,433212,6879,5919,19,5938,38
2020-08-12,Napa,055,140530,1327,1161,3,1164,10
2020-08-12,Nevada,057,99092,396,357,13,370,1
2020-08-12,Orange,059,3164182,47182,41576,989,42565,754
2020-08-12,Placer,061,380077,2719,2417,4,2421,25
2020-08-12,Plumas,063,18699,38,31,0,31,0
2020-08-12,Riverside,065,2383286,49685,44747,50,44797,867
2020-08-12,Sacramento,067,1510023,15637,12528,14,12542,189
2020-08-12,San Benito,069,59416,858,751,0,751,2
2020-08-12,San Bernardino,071,2135413,45107,38811,224,39035,589
2020-08-12,San Diego,073,3302833,35718,33395,139,33534,608
2020-08-12,San Francisco,075,870044,8497,7194,9,7203,66
2020-08-12,San Joaquin,077,732212,16708,14154,26,14180,253
2020-08-12,San Luis Obispo,079,281455,2682,2263,15,2278,15
2020-08-12,San Mateo,081,765935,7568,6427,7,6434,117
2020-08-12,Santa Barbara,083,443738,7561,7049,66,7115,74
2020-08-12,Santa Clara,085,1922200,15836,13002,33,13035,182
2020-08-12,Santa Cruz,087,273765,1579,1382,11,1393,6
2020-08-12,Shasta,089,179085,559,417,3,420,9
2020-08-12,Sierra,091,2930,5,4,0,4,0
2020-08-12,Siskiyou,093,43540,116,90,0,90,0
2020-08-12,Solano,095,438530,4906,4258,32,4290,31
2020-08-12,Sonoma,097,501317,4797,3847,13,3860,47
2020-08-12,Stanislaus,099,539301,13652,11682,160,11842,136
2020-08-12,Sutter,101,95872,1115,987,1,988,7
2020-08-12,Tehama,103,63373,338,289,2,291,1
2020-08-12,Trinity,105,12862,34,6,6,12,0
2020-08-12,Tulare,107,460477,13096,11460,41,11501,211
2020-08-12,Tuolumne,109,53932,169,150,3,153,1
2020-08-12,Ventura,111,848112,10046,9005,50,9055,87
2020-08-12,Yolo,113,214977,2155,1921,4,1925,44
2020-08-12,Yuba,115,75493,677,549,1,550,1
2020-08-11,Alameda,001,1643700,16005,13960,115,14075,204
2020-08-11,Alpine,003,1148,2,2,0,2,0
2020-08-11,Amador,005,37829,250,187,0,187,3
2020-08-11,Butte,007,227075,1480,1296,18,1314,15
2020-08-11,Calaveras,009,45235,184,161,0,161,1
2020-08-11,Colusa,011,21464,416,390,0,390,5
2020-08-11,Contra Costa,013,1133247,12401,10012,37,10049,131
2020-08-11,Del Norte,015,27424,100,73,0,73,0
2020-08-11,El Dorado,017,186661,905,786,0,786,2
2020-08-11,Fresno,019,978130,24594,18344,240,18584,187
2020-08-11,Glenn,021,27897,411,380,0,380,1
2020-08-11,Humboldt,023,135768,320,283,1,284,4
2020-08-11,Imperial,025,180216,10784,8518,7,8525,165
2020-08-11,Inyo,027,18085,122,97,2,99,1
2020-08-11,Kern,029,883053,27529,25042,157,25199,230
2020-08-11,Kings,031,150075,5439,4696,31,4727,50
2020-08-11,Lake,033,64148,280,243,0,243,2
2020-08-11,Lassen,035,31185,704,605,2,607,0
2020-08-11,Los Angeles,037,10098052,222203,212421,789,213210,5065
2020-08-11,Madera,039,155013,3370,2673,18,2691,22
2020-08-11,Marin,041,260295,5805,5287,11,5298,44
2020-08-11,Mariposa,043,17540,68,60,0,60,2
2020-08-11,Mendocino,045,87422,477,385,0,385,9
2020-08-11,Merced,047,269075,6978,5322,4,5326,65
2020-08-11,Modoc,049,8938,7,5,0,5,0
2020-08-11,Mono,051,14174,161,124,2,126,1
2020-08-11,Monterey,053,433212,6771,5624,19,5643,36
2020-08-11,Napa,055,140530,1316,1143,2,1145,11
2020-08-11,Nevada,057,99092,393,358,13,371,1
2020-08-11,Orange,059,3164182,46962,41205,967,42172,742
2020-08-11,Placer,061,380077,2687,2393,4,2397,24
2020-08-11,Plumas,063,18699,38,31,0,31,0
2020-08-11,Riverside,065,2383286,49328,44237,50,44287,836
2020-08-11,Sacramento,067,1510023,15346,12298,14,12312,182
2020-08-11,San Benito,069,59416,846,750,0,750,2
2020-08-11,San Bernardino,071,2135413,44766,38467,217,38684,584
2020-08-11,San Diego,073,3302833,35451,33159,120,33279,602
2020-08-11,San Francisco,075,870044,8401,6988,9,6997,66
2020-08-11,San Joaquin,077,732212,16530,13997,21,14018,251
2020-08-11,San Luis Obispo,079,281455,2625,2234,15,2249,15
2020-08-11,San Mateo,081,765935,7494,6339,7,6346,117
2020-08-11,Santa Barbara,083,443738,7511,6942,66,7008,70
2020-08-11,Santa Clara,085,1922200,15614,12920,33,12953,183
2020-08-11,Santa Cruz,087,273765,1556,1352,11,1363,4
2020-08-11,Shasta,089,179085,555,416,3,419,9
2020-08-11,Sierra,091,2930,5,4,0,4,0
2020-08-11,Siskiyou,093,43540,116,90,0,90,0
2020-08-11,Solano,095,438530,4858,4206,31,4237,31
2020-08-11,Sonoma,097,501317,4703,3752,13,3765,45
2020-08-11,Stanislaus,099,539301,13548,11592,148,11740,128
2020-08-11,Sutter,101,95872,1093,964,1,965,7
2020-08-11,Tehama,103,63373,334,289,2,291,1
2020-08-11,Trinity,105,12862,34,5,6,11,0
2020-08-11,Tulare,107,460477,12971,11392,40,11432,201
2020-08-11,Tuolumne,109,53932,164,146,3,149,1
2020-08-11,Ventura,111,848112,9978,8953,49,9002,88
2020-08-11,Yolo,113,214977,2133,1912,4,1916,44
2020-08-11,Yuba,115,75493,666,540,1,541,1
2020-08-10,Alameda,001,1643700,15765,13420,114,13534,203
2020-08-10,Alpine,003,1148,2,2,0,2,0
2020-08-10,Amador,005,37829,249,172,0,172,2
2020-08-10,Butte,007,227075,1456,1174,16,1190,15
2020-08-10,Calaveras,009,45235,174,121,0,121,1
2020-08-10,Colusa,011,21464,414,387,0,387,4
2020-08-10,Contra Costa,013,1133247,12248,9454,35,9489,130
2020-08-10,Del Norte,015,27424,98,69,0,69,0
2020-08-10,El Dorado,017,186661,893,771,0,771,2
2020-08-10,Fresno,019,978130,24313,17978,239,18217,183
2020-08-10,Glenn,021,27897,408,381,0,381,1
2020-08-10,Humboldt,023,135768,314,277,1,278,4
2020-08-10,Imperial,025,180216,10740,8465,7,8472,165
2020-08-10,Inyo,027,18085,122,97,2,99,1
2020-08-10,Kern,029,883053,27303,24499,156,24655,215
2020-08-10,Kings,031,150075,5333,4588,31,4619,50
2020-08-10,Lake,033,64148,273,239,0,239,2
2020-08-10,Lassen,035,31185,704,588,2,590,0
2020-08-10,Los Angeles,037,10098052,220627,211035,771,211806,5003
2020-08-10,Madera,039,155013,3337,2365,17,2382,22
2020-08-10,Marin,041,260295,5760,5242,10,5252,44
2020-08-10,Mariposa,043,17540,68,57,0,57,2
2020-08-10,Mendocino,045,87422,453,364,0,364,1
2020-08-10,Merced,047,269075,6897,4913,4,4917,51
2020-08-10,Modoc,049,8938,7,5,0,5,0
2020-08-10,Mono,051,14174,161,123,2,125,1
2020-08-10,Monterey,053,433212,6661,5358,19,5377,34
2020-08-10,Napa,055,140530,1298,1084,2,1086,8
2020-08-10,Nevada,057,99092,385,356,13,369,1
2020-08-10,Orange,059,3164182,46692,40445,949,41394,721
2020-08-10,Placer,061,380077,2648,2298,4,2302,21
2020-08-10,Plumas,063,18699,38,27,0,27,0
2020-08-10,Riverside,065,2383286,48944,43296,49,43345,830
2020-08-10,Sacramento,067,1510023,15035,12059,14,12073,168
2020-08-10,San Benito,069,59416,833,743,0,743,2
2020-08-10,San Bernardino,071,2135413,44389,37367,208,37575,579
2020-08-10,San Diego,073,3302833,35185,32977,104,33081,594
2020-08-10,San Francisco,075,870044,8311,6816,8,6824,66
2020-08-10,San Joaquin,077,732212,16348,13308,21,13329,240
2020-08-10,San Luis Obispo,079,281455,2526,2208,14,2222,15
2020-08-10,San Mateo,081,765935,7417,6222,7,6229,117
2020-08-10,Santa Barbara,083,443738,7456,6869,66,6935,66
2020-08-10,Santa Clara,085,1922200,15354,12615,32,12647,182
2020-08-10,Santa Cruz,087,273765,1536,1239,10,1249,4
2020-08-10,Shasta,089,179085,551,384,3,387,9
2020-08-10,Sierra,091,2930,5,3,0,3,0
2020-08-10,Siskiyou,093,43540,113,88,0,88,0
2020-08-10,Solano,095,438530,4798,4101,31,4132,31
2020-08-10,Sonoma,097,501317,4534,3640,9,3649,42
2020-08-10,Stanislaus,099,539301,13366,10855,131,10986,106
2020-08-10,Sutter,101,95872,1068,865,1,866,7
2020-08-10,Tehama,103,63373,327,282,2,284,1
2020-08-10,Trinity,105,12862,31,5,6,11,0
2020-08-10,Tulare,107,460477,12798,10750,38,10788,194
2020-08-10,Tuolumne,109,53932,164,143,2,145,1
2020-08-10,Ventura,111,848112,9894,8851,48,8899,85
2020-08-10,Yolo,113,214977,2110,1840,4,1844,45
2020-08-10,Yuba,115,75493,649,527,1,528,1
2020-08-09,Alameda,001,1643700,15485,13241,112,13353,203
2020-08-09,Alpine,003,1148,2,2,0,2,0
2020-08-09,Amador,005,37829,244,153,0,153,2
2020-08-09,Butte,007,227075,1412,1155,16,1171,15
2020-08-09,Calaveras,009,45235,169,122,0,122,1
2020-08-09,Colusa,011,21464,410,371,0,371,4
2020-08-09,Contra Costa,013,1133247,12020,9214,34,9248,130
2020-08-09,Del Norte,015,27424,98,69,0,69,0
2020-08-09,El Dorado,017,186661,885,748,0,748,2
2020-08-09,Fresno,019,978130,24004,17846,235,18081,183
2020-08-09,Glenn,021,27897,406,354,0,354,1
2020-08-09,Humboldt,023,135768,308,279,1,280,4
2020-08-09,Imperial,025,180216,10697,8310,6,8316,165
2020-08-09,Inyo,027,18085,117,86,1,87,1
2020-08-09,Kern,029,883053,27047,23680,156,23836,215
2020-08-09,Kings,031,150075,5290,4446,30,4476,50
2020-08-09,Lake,033,64148,266,225,0,225,2
2020-08-09,Lassen,035,31185,698,589,2,591,0
2020-08-09,Los Angeles,037,10098052,218567,208810,749,209559,4984
2020-08-09,Madera,039,155013,3278,2322,13,2335,22
2020-08-09,Marin,041,260295,5717,5204,10,5214,44
2020-08-09,Mariposa,043,17540,66,56,0,56,2
2020-08-09,Mendocino,045,87422,443,283,0,283,1
2020-08-09,Merced,047,269075,6799,4735,3,4738,51
2020-08-09,Modoc,049,8938,7,4,0,4,0
2020-08-09,Mono,051,14174,160,113,2,115,1
2020-08-09,Monterey,053,433212,6537,5199,19,5218,34
2020-08-09,Napa,055,140530,1279,1062,2,1064,8
2020-08-09,Nevada,057,99092,377,332,13,345,1
2020-08-09,Orange,059,3164182,46393,39244,934,40178,722
2020-08-09,Placer,061,380077,2619,2211,4,2215,20
2020-08-09,Plumas,063,18699,38,27,0,27,0
2020-08-09,Riverside,065,2383286,48598,41894,49,41943,828
2020-08-09,Sacramento,067,1510023,14755,11301,14,11315,167
2020-08-09,San Benito,069,59416,814,687,0,687,2
2020-08-09,San Bernardino,071,2135413,43914,36092,208,36300,579
2020-08-09,San Diego,073,3302833,34894,32749,93,32842,594
2020-08-09,San Francisco,075,870044,8196,6820,8,6828,66
2020-08-09,San Joaquin,077,732212,16144,12933,20,12953,240
2020-08-09,San Luis Obispo,079,281455,2490,2124,14,2138,15
2020-08-09,San Mateo,081,765935,7322,6094,7,6101,117
2020-08-09,Santa Barbara,083,443738,7368,6669,66,6735,66
2020-08-09,Santa Clara,085,1922200,15084,11878,32,11910,181
2020-08-09,Santa Cruz,087,273765,1512,1246,10,1256,4
2020-08-09,Shasta,089,179085,547,361,3,364,9
2020-08-09,Sierra,091,2930,5,3,0,3,0
2020-08-09,Siskiyou,093,43540,112,74,0,74,0
2020-08-09,Solano,095,438530,4745,3954,30,3984,31
2020-08-09,Sonoma,097,501317,4398,3531,7,3538,41
2020-08-09,Stanislaus,099,539301,13158,10264,118,10382,106
2020-08-09,Sutter,101,95872,1034,857,1,858,7
2020-08-09,Tehama,103,63373,319,265,2,267,1
2020-08-09,Trinity,105,12862,31,5,6,11,0
2020-08-09,Tulare,107,460477,12606,10630,35,10665,194
2020-08-09,Tuolumne,109,53932,161,143,2,145,1
2020-08-09,Ventura,111,848112,9746,8633,47,8680,85
2020-08-09,Yolo,113,214977,2079,1765,4,1769,44
2020-08-09,Yuba,115,75493,629,442,1,443,1
2020-08-08,Alameda,001,1643700,15375,13087,112,13199,204
2020-08-08,Alpine,003,1148,2,2,0,2,0
2020-08-08,Amador,005,37829,244,139,0,139,2
2020-08-08,Butte,007,227075,1394,1140,16,1156,15
2020-08-08,Calaveras,009,45235,168,122,0,122,1
2020-08-08,Colusa,011,21464,409,368,0,368,4
2020-08-08,Contra Costa,013,1133247,11911,9104,34,9138,129
2020-08-08,Del Norte,015,27424,97,69,0,69,0
2020-08-08,El Dorado,017,186661,878,734,0,734,2
2020-08-08,Fresno,019,978130,23867,17538,233,17771,183
2020-08-08,Glenn,021,27897,406,344,0,344,1
2020-08-08,Humboldt,023,135768,305,277,1,278,4
2020-08-08,Imperial,025,180216,10682,8213,6,8219,165
2020-08-08,Inyo,027,18085,113,86,1,87,1
2020-08-08,Kern,029,883053,26933,22803,156,22959,215
2020-08-08,Kings,031,150075,5276,4367,30,4397,49
2020-08-08,Lake,033,64148,264,221,0,221,2
2020-08-08,Lassen,035,31185,698,589,2,591,0
2020-08-08,Los Angeles,037,10098052,217682,206971,738,207709,4974
2020-08-08,Madera,039,155013,3247,2275,13,2288,22
2020-08-08,Marin,041,260295,5697,5118,10,5128,44
2020-08-08,Mariposa,043,17540,65,55,0,55,2
2020-08-08,Mendocino,045,87422,441,264,0,264,1
2020-08-08,Merced,047,269075,6759,4570,3,4573,51
2020-08-08,Modoc,049,8938,7,4,0,4,0
2020-08-08,Mono,051,14174,160,113,2,115,1
2020-08-08,Monterey,053,433212,6479,5101,19,5120,33
2020-08-08,Napa,055,140530,1271,1062,2,1064,8
2020-08-08,Nevada,057,99092,375,325,13,338,1
2020-08-08,Orange,059,3164182,46263,38688,925,39613,718
2020-08-08,Placer,061,380077,2602,2153,4,2157,20
2020-08-08,Plumas,063,18699,38,27,0,27,0
2020-08-08,Riverside,065,2383286,48394,41412,49,41461,823
2020-08-08,Sacramento,067,1510023,14626,11144,14,11158,166
2020-08-08,San Benito,069,59416,806,684,0,684,2
2020-08-08,San Bernardino,071,2135413,43718,35691,207,35898,531
2020-08-08,San Diego,073,3302833,34705,32332,84,32416,593
2020-08-08,San Francisco,075,870044,8130,6820,8,6828,66
2020-08-08,San Joaquin,077,732212,16063,12559,19,12578,240
2020-08-08,San Luis Obispo,079,281455,2467,2081,14,2095,15
2020-08-08,San Mateo,081,765935,7264,6021,7,6028,117
2020-08-08,Santa Barbara,083,443738,7330,6598,66,6664,66
2020-08-08,Santa Clara,085,1922200,14932,11615,32,11647,181
2020-08-08,Santa Cruz,087,273765,1498,1247,10,1257,4
2020-08-08,Shasta,089,179085,545,343,3,346,9
2020-08-08,Sierra,091,2930,5,3,0,3,0
2020-08-08,Siskiyou,093,43540,112,73,0,73,0
2020-08-08,Solano,095,438530,4724,3889,29,3918,31
2020-08-08,Sonoma,097,501317,4367,3399,7,3406,41
2020-08-08,Stanislaus,099,539301,13083,9963,113,10076,105
2020-08-08,Sutter,101,95872,1024,830,1,831,7
2020-08-08,Tehama,103,63373,318,251,2,253,1
2020-08-08,Trinity,105,12862,31,5,6,11,0
2020-08-08,Tulare,107,460477,12530,10505,35,10540,192
2020-08-08,Tuolumne,109,53932,161,143,2,145,1
2020-08-08,Ventura,111,848112,9691,8462,46,8508,85
2020-08-08,Yolo,113,214977,2066,1725,4,1729,44
2020-08-08,Yuba,115,75493,620,430,1,431,1
2020-08-07,Alameda,001,1643700,15265,12805,112,12917,204
2020-08-07,Alpine,003,1148,2,2,0,2,0
2020-08-07,Amador,005,37829,242,125,0,125,2
2020-08-07,Butte,007,227075,1376,1092,16,1108,13
2020-08-07,Calaveras,009,45235,168,119,0,119,1
2020-08-07,Colusa,011,21464,408,358,0,358,4
2020-08-07,Contra Costa,013,1133247,11762,8810,34,8844,126
2020-08-07,Del Norte,015,27424,97,69,0,69,0
2020-08-07,El Dorado,017,186661,873,724,0,724,2
2020-08-07,Fresno,019,978130,23707,17290,233,17523,171
2020-08-07,Glenn,021,27897,405,339,0,339,1
2020-08-07,Humboldt,023,135768,301,274,1,275,4
2020-08-07,Imperial,025,180216,10657,8085,6,8091,164
2020-08-07,Inyo,027,18085,112,81,1,82,1
2020-08-07,Kern,029,883053,26807,22143,153,22296,206
2020-08-07,Kings,031,150075,5259,4315,30,4345,48
2020-08-07,Lake,033,64148,262,215,0,215,1
2020-08-07,Lassen,035,31185,697,588,2,590,0
2020-08-07,Los Angeles,037,10098052,216216,204406,726,205132,4924
2020-08-07,Madera,039,155013,3215,2245,13,2258,20
2020-08-07,Marin,041,260295,5668,5094,10,5104,43
2020-08-07,Mariposa,043,17540,65,53,0,53,2
2020-08-07,Mendocino,045,87422,427,262,0,262,1
2020-08-07,Merced,047,269075,6716,4358,3,4361,30
2020-08-07,Modoc,049,8938,7,4,0,4,0
2020-08-07,Mono,051,14174,160,112,2,114,1
2020-08-07,Monterey,053,433212,6404,5041,19,5060,33
2020-08-07,Napa,055,140530,1266,1055,2,1057,8
2020-08-07,Nevada,057,99092,372,324,13,337,1
2020-08-07,Orange,059,3164182,46051,38459,908,39367,701
2020-08-07,Placer,061,380077,2584,2078,4,2082,20
2020-08-07,Plumas,063,18699,38,25,0,25,0
2020-08-07,Riverside,065,2383286,48131,40902,48,40950,810
2020-08-07,Sacramento,067,1510023,14481,10798,14,10812,160
2020-08-07,San Benito,069,59416,800,647,0,647,2
2020-08-07,San Bernardino,071,2135413,43471,35200,206,35406,524
2020-08-07,San Diego,073,3302833,34520,31781,81,31862,586
2020-08-07,San Francisco,075,870044,8052,6765,8,6773,66
2020-08-07,San Joaquin,077,732212,15978,12392,19,12411,223
2020-08-07,San Luis Obispo,079,281455,2436,2050,14,2064,14
2020-08-07,San Mateo,081,765935,7205,5948,7,5955,117
2020-08-07,Santa Barbara,083,443738,7279,6509,66,6575,66
2020-08-07,Santa Clara,085,1922200,14733,11409,32,11441,180
2020-08-07,Santa Cruz,087,273765,1480,1234,10,1244,5
2020-08-07,Shasta,089,179085,540,342,3,345,9
2020-08-07,Sierra,091,2930,5,3,0,3,0
2020-08-07,Siskiyou,093,43540,109,73,0,73,0
2020-08-07,Solano,095,438530,4692,3844,28,3872,31
2020-08-07,Sonoma,097,501317,4303,3329,7,3336,34
2020-08-07,Stanislaus,099,539301,12961,9665,103,9768,98
2020-08-07,Sutter,101,95872,1020,807,1,808,6
2020-08-07,Tehama,103,63373,314,246,2,248,1
2020-08-07,Trinity,105,12862,30,5,6,11,0
2020-08-07,Tulare,107,460477,12453,10292,35,10327,195
2020-08-07,Tuolumne,109,53932,160,136,2,138,1
2020-08-07,Ventura,111,848112,9631,8356,44,8400,84
2020-08-07,Yolo,113,214977,2039,1689,4,1693,37
2020-08-07,Yuba,115,75493,615,413,1,414,1
2020-08-06,Alameda,001,1643700,15042,12474,111,12585,200
2020-08-06,Alpine,003,1148,2,2,0,2,0
2020-08-06,Amador,005,37829,228,125,0,125,0
2020-08-06,Butte,007,227075,1357,1060,16,1076,13
2020-08-06,Calaveras,009,45235,166,117,0,117,1
2020-08-06,Colusa,011,21464,405,358,0,358,3
2020-08-06,Contra Costa,013,1133247,11568,8583,33,8616,124
2020-08-06,Del Norte,015,27424,97,69,0,69,0
2020-08-06,El Dorado,017,186661,862,703,0,703,1
2020-08-06,Fresno,019,978130,23409,17031,226,17257,161
2020-08-06,Glenn,021,27897,400,332,0,332,1
2020-08-06,Humboldt,023,135768,296,266,1,267,4
2020-08-06,Imperial,025,180216,10614,8064,6,8070,163
2020-08-06,Inyo,027,18085,104,83,1,84,1
2020-08-06,Kern,029,883053,26571,21843,152,21995,197
2020-08-06,Kings,031,150075,5197,4264,29,4293,47
2020-08-06,Lake,033,64148,259,209,0,209,1
2020-08-06,Lassen,035,31185,695,588,2,590,0
2020-08-06,Los Angeles,037,10098052,214146,201372,710,202082,4874
2020-08-06,Madera,039,155013,3167,2240,12,2252,19
2020-08-06,Marin,041,260295,5636,5058,10,5068,43
2020-08-06,Mariposa,043,17540,64,52,0,52,2
2020-08-06,Mendocino,045,87422,413,260,0,260,1
2020-08-06,Merced,047,269075,6615,4235,3,4238,30
2020-08-06,Modoc,049,8938,7,4,0,4,0
2020-08-06,Mono,051,14174,159,111,2,113,1
2020-08-06,Monterey,053,433212,6295,5001,18,5019,33
2020-08-06,Napa,055,140530,1252,1032,2,1034,8
2020-08-06,Nevada,057,99092,367,321,13,334,1
2020-08-06,Orange,059,3164182,45759,38399,903,39302,694
2020-08-06,Placer,061,380077,2558,2045,4,2049,20
2020-08-06,Plumas,063,18699,37,25,0,25,0
2020-08-06,Riverside,065,2383286,47736,40269,48,40317,781
2020-08-06,Sacramento,067,1510023,14252,10548,14,10562,153
2020-08-06,San Benito,069,59416,792,626,0,626,2
2020-08-06,San Bernardino,071,2135413,43066,34819,204,35023,516
2020-08-06,San Diego,073,3302833,34253,31129,74,31203,583
2020-08-06,San Francisco,075,870044,7959,6737,7,6744,60
2020-08-06,San Joaquin,077,732212,15819,12269,19,12288,203
2020-08-06,San Luis Obispo,079,281455,2412,2000,13,2013,13
2020-08-06,San Mateo,081,765935,7105,5885,7,5892,117
2020-08-06,Santa Barbara,083,443738,7219,6620,66,6686,65
2020-08-06,Santa Clara,085,1922200,14504,11280,32,11312,178
2020-08-06,Santa Cruz,087,273765,1459,1215,10,1225,4
2020-08-06,Shasta,089,179085,531,343,3,346,9
2020-08-06,Sierra,091,2930,5,3,0,3,0
2020-08-06,Siskiyou,093,43540,109,73,0,73,0
2020-08-06,Solano,095,438530,4649,3784,28,3812,29
2020-08-06,Sonoma,097,501317,4239,3259,7,3266,33
2020-08-06,Stanislaus,099,539301,12811,9566,87,9653,98
2020-08-06,Sutter,101,95872,989,797,1,798,6
2020-08-06,Tehama,103,63373,311,242,2,244,1
2020-08-06,Trinity,105,12862,27,5,6,11,0
2020-08-06,Tulare,107,460477,12294,10169,35,10204,195
2020-08-06,Tuolumne,109,53932,159,136,2,138,1
2020-08-06,Ventura,111,848112,9516,8245,41,8286,80
2020-08-06,Yolo,113,214977,2015,1662,4,1666,36
2020-08-06,Yuba,115,75493,606,407,0,407,1
2020-08-05,Alameda,001,1643700,14828,12140,111,12251,193
2020-08-05,Alpine,003,1148,2,2,0,2,0
2020-08-05,Amador,005,37829,218,123,0,123,0
2020-08-05,Butte,007,227075,1323,1038,15,1053,13
2020-08-05,Calaveras,009,45235,163,116,0,116,1
2020-08-05,Colusa,011,21464,401,354,0,354,3
2020-08-05,Contra Costa,013,1133247,11399,8362,33,8395,122
2020-08-05,Del Norte,015,27424,96,69,0,69,0
2020-08-05,El Dorado,017,186661,854,692,0,692,1
2020-08-05,Fresno,019,978130,23165,16625,221,16846,159
2020-08-05,Glenn,021,27897,397,330,0,330,1
2020-08-05,Humboldt,023,135768,294,249,1,250,4
2020-08-05,Imperial,025,180216,10579,8036,6,8042,163
2020-08-05,Inyo,027,18085,102,62,1,63,1
2020-08-05,Kern,029,883053,26383,21540,147,21687,194
2020-08-05,Kings,031,150075,5152,4192,27,4219,47
2020-08-05,Lake,033,64148,252,209,0,209,1
2020-08-05,Lassen,035,31185,648,557,2,559,0
2020-08-05,Los Angeles,037,10098052,212229,198355,690,199045,4832
2020-08-05,Madera,039,155013,3125,2172,12,2184,19
2020-08-05,Marin,041,260295,5604,5036,10,5046,43
2020-08-05,Mariposa,043,17540,64,52,0,52,2
2020-08-05,Mendocino,045,87422,401,248,0,248,1
2020-08-05,Merced,047,269075,6480,4119,3,4122,30
2020-08-05,Modoc,049,8938,7,3,0,3,0
2020-08-05,Mono,051,14174,159,104,2,106,1
2020-08-05,Monterey,053,433212,6180,4936,18,4954,32
2020-08-05,Napa,055,140530,1240,1020,2,1022,8
2020-08-05,Nevada,057,99092,358,327,13,340,2
2020-08-05,Orange,059,3164182,45450,37907,895,38802,663
2020-08-05,Placer,061,380077,2517,1989,4,1993,18
2020-08-05,Plumas,063,18699,36,25,0,25,0
2020-08-05,Riverside,065,2383286,47344,39454,46,39500,761
2020-08-05,Sacramento,067,1510023,14033,10261,13,10274,151
2020-08-05,San Benito,069,59416,783,613,0,613,2
2020-08-05,San Bernardino,071,2135413,42604,34442,199,34641,504
2020-08-05,San Diego,073,3302833,34029,30866,58,30924,578
2020-08-05,San Francisco,075,870044,7866,6701,7,6708,60
2020-08-05,San Joaquin,077,732212,15656,12148,19,12167,199
2020-08-05,San Luis Obispo,079,281455,2388,1928,13,1941,13
2020-08-05,San Mateo,081,765935,7009,5695,7,5702,116
2020-08-05,Santa Barbara,083,443738,7159,6597,66,6663,63
2020-08-05,Santa Clara,085,1922200,14270,11074,32,11106,176
2020-08-05,Santa Cruz,087,273765,1439,1192,8,1200,4
2020-08-05,Shasta,089,179085,525,338,3,341,9
2020-08-05,Sierra,091,2930,5,3,0,3,0
2020-08-05,Siskiyou,093,43540,105,72,0,72,0
2020-08-05,Solano,095,438530,4598,3750,27,3777,29
2020-08-05,Sonoma,097,501317,4156,3173,7,3180,33
2020-08-05,Stanislaus,099,539301,12652,9408,82,9490,97
2020-08-05,Sutter,101,95872,978,780,1,781,6
2020-08-05,Tehama,103,63373,308,231,2,233,1
2020-08-05,Trinity,105,12862,27,5,6,11,0
2020-08-05,Tulare,107,460477,12154,9924,35,9959,192
2020-08-05,Tuolumne,109,53932,159,137,2,139,0
2020-08-05,Ventura,111,848112,9400,8162,37,8199,75
2020-08-05,Yolo,113,214977,1987,1634,4,1638,36
2020-08-05,Yuba,115,75493,589,400,0,400,1
2020-08-04,Alameda,001,1643700,14611,11983,110,12093,192
2020-08-04,Alpine,003,1148,2,2,0,2,0
2020-08-04,Amador,005,37829,203,123,0,123,0
2020-08-04,Butte,007,227075,1299,1011,15,1026,10
2020-08-04,Calaveras,009,45235,159,116,0,116,1
2020-08-04,Colusa,011,21464,396,354,0,354,3
2020-08-04,Contra Costa,013,1133247,11232,8210,33,8243,122
2020-08-04,Del Norte,015,27424,94,69,0,69,0
2020-08-04,El Dorado,017,186661,844,668,0,668,1
2020-08-04,Fresno,019,978130,22881,16272,213,16485,154
2020-08-04,Glenn,021,27897,396,325,0,325,1
2020-08-04,Humboldt,023,135768,284,241,1,242,4
2020-08-04,Imperial,025,180216,10542,7974,6,7980,163
2020-08-04,Inyo,027,18085,88,59,1,60,1
2020-08-04,Kern,029,883053,26100,21403,147,21550,190
2020-08-04,Kings,031,150075,5087,4163,27,4190,47
2020-08-04,Lake,033,64148,252,206,0,206,1
2020-08-04,Lassen,035,31185,645,556,2,558,0
2020-08-04,Los Angeles,037,10098052,210301,196014,659,196673,4764
2020-08-04,Madera,039,155013,3082,2161,8,2169,19
2020-08-04,Marin,041,260295,5573,5020,9,5029,43
2020-08-04,Mariposa,043,17540,64,51,0,51,2
2020-08-04,Mendocino,045,87422,376,248,0,248,1
2020-08-04,Merced,047,269075,6366,4085,3,4088,30
2020-08-04,Modoc,049,8938,7,3,0,3,0
2020-08-04,Mono,051,14174,158,104,1,105,1
2020-08-04,Monterey,053,433212,6066,4892,18,4910,32
2020-08-04,Napa,055,140530,1227,994,0,994,8
2020-08-04,Nevada,057,99092,357,322,13,335,2
2020-08-04,Orange,059,3164182,45074,37844,889,38733,659
2020-08-04,Placer,061,380077,2480,1964,4,1968,17
2020-08-04,Plumas,063,18699,36,25,0,25,0
2020-08-04,Riverside,065,2383286,46959,38991,45,39036,743
2020-08-04,Sacramento,067,1510023,13815,10205,13,10218,146
2020-08-04,San Benito,069,59416,767,608,0,608,2
2020-08-04,San Bernardino,071,2135413,42054,34215,194,34409,495
2020-08-04,San Diego,073,3302833,33736,30518,46,30564,568
2020-08-04,San Francisco,075,870044,7778,6568,7,6575,60
2020-08-04,San Joaquin,077,732212,15527,12087,16,12103,189
2020-08-04,San Luis Obispo,079,281455,2358,1886,13,1899,13
2020-08-04,San Mateo,081,765935,6903,5690,7,5697,116
2020-08-04,Santa Barbara,083,443738,7099,6591,66,6657,61
2020-08-04,Santa Clara,085,1922200,13969,10986,31,11017,175
2020-08-04,Santa Cruz,087,273765,1420,1202,8,1210,4
2020-08-04,Shasta,089,179085,519,335,3,338,9
2020-08-04,Sierra,091,2930,5,1,0,1,0
2020-08-04,Siskiyou,093,43540,103,71,0,71,0
2020-08-04,Solano,095,438530,4527,3690,27,3717,29
2020-08-04,Sonoma,097,501317,4089,3108,7,3115,33
2020-08-04,Stanislaus,099,539301,12484,9359,74,9433,97
2020-08-04,Sutter,101,95872,964,761,1,762,6
2020-08-04,Tehama,103,63373,301,226,2,228,1
2020-08-04,Trinity,105,12862,27,5,6,11,0
2020-08-04,Tulare,107,460477,11974,9866,35,9901,192
2020-08-04,Tuolumne,109,53932,158,127,2,129,0
2020-08-04,Ventura,111,848112,9286,8134,35,8169,75
2020-08-04,Yolo,113,214977,1961,1626,4,1630,37
2020-08-04,Yuba,115,75493,574,398,0,398,1
2020-08-03,Alameda,001,1643700,14427,11817,106,11923,189
2020-08-03,Alpine,003,1148,2,2,0,2,0
2020-08-03,Amador,005,37829,199,119,0,119,0
2020-08-03,Butte,007,227075,1253,989,14,1003,9
2020-08-03,Calaveras,009,45235,156,117,0,117,1
2020-08-03,Colusa,011,21464,392,336,0,336,2
2020-08-03,Contra Costa,013,1133247,11035,8069,30,8099,120
2020-08-03,Del Norte,015,27424,90,68,0,68,0
2020-08-03,El Dorado,017,186661,833,645,0,645,1
2020-08-03,Fresno,019,978130,22587,15945,207,16152,151
2020-08-03,Glenn,021,27897,389,316,0,316,1
2020-08-03,Humboldt,023,135768,277,234,1,235,4
2020-08-03,Imperial,025,180216,10488,7953,6,7959,161
2020-08-03,Inyo,027,18085,85,57,1,58,1
2020-08-03,Kern,029,883053,25733,21285,140,21425,176
2020-08-03,Kings,031,150075,4975,4107,26,4133,47
2020-08-03,Lake,033,64148,245,201,0,201,1
2020-08-03,Lassen,035,31185,645,555,2,557,0
2020-08-03,Los Angeles,037,10098052,208272,194103,628,194731,4706
2020-08-03,Madera,039,155013,3033,2143,7,2150,18
2020-08-03,Marin,041,260295,5526,5001,9,5010,43
2020-08-03,Mariposa,043,17540,63,52,0,52,2
2020-08-03,Mendocino,045,87422,353,248,0,248,1
2020-08-03,Merced,047,269075,6244,4028,3,4031,29
2020-08-03,Modoc,049,8938,7,2,0,2,0
2020-08-03,Mono,051,14174,158,104,1,105,1
2020-08-03,Monterey,053,433212,5915,4806,15,4821,28
2020-08-03,Napa,055,140530,1213,973,0,973,8
2020-08-03,Nevada,057,99092,352,315,13,328,2
2020-08-03,Orange,059,3164182,44680,37705,879,38584,651
2020-08-03,Placer,061,380077,2425,1947,3,1950,16
2020-08-03,Plumas,063,18699,36,25,0,25,0
2020-08-03,Riverside,065,2383286,46491,38642,45,38687,740
2020-08-03,Sacramento,067,1510023,13620,10143,13,10156,142
2020-08-03,San Benito,069,59416,755,603,0,603,2
2020-08-03,San Bernardino,071,2135413,41527,33979,188,34167,444
2020-08-03,San Diego,073,3302833,33422,30228,36,30264,565
2020-08-03,San Francisco,075,870044,7684,6319,7,6326,60
2020-08-03,San Joaquin,077,732212,15330,12007,15,12022,189
2020-08-03,San Luis Obispo,079,281455,2316,1863,10,1873,14
2020-08-03,San Mateo,081,765935,6822,5661,7,5668,115
2020-08-03,Santa Barbara,083,443738,7055,6580,66,6646,59
2020-08-03,Santa Clara,085,1922200,13693,10747,31,10778,172
2020-08-03,Santa Cruz,087,273765,1400,1154,8,1162,4
2020-08-03,Shasta,089,179085,512,322,3,325,9
2020-08-03,Sierra,091,2930,5,1,0,1,0
2020-08-03,Siskiyou,093,43540,99,67,0,67,0
2020-08-03,Solano,095,438530,4458,3610,26,3636,29
2020-08-03,Sonoma,097,501317,3988,3079,6,3085,33
2020-08-03,Stanislaus,099,539301,12275,9308,66,9374,96
2020-08-03,Sutter,101,95872,940,713,1,714,6
2020-08-03,Tehama,103,63373,293,225,2,227,1
2020-08-03,Trinity,105,12862,27,5,6,11,0
2020-08-03,Tulare,107,460477,11790,9703,35,9738,188
2020-08-03,Tuolumne,109,53932,158,123,2,125,0
2020-08-03,Ventura,111,848112,9195,8084,32,8116,74
2020-08-03,Yolo,113,214977,1926,1598,3,1601,37
2020-08-03,Yuba,115,75493,550,393,0,393,1
2020-08-02,Alameda,001,1643700,14180,11696,94,11790,188
2020-08-02,Alpine,003,1148,2,2,0,2,0
2020-08-02,Amador,005,37829,194,117,0,117,0
2020-08-02,Butte,007,227075,1218,987,14,1001,9
2020-08-02,Calaveras,009,45235,153,116,0,116,1
2020-08-02,Colusa,011,21464,387,335,0,335,2
2020-08-02,Contra Costa,013,1133247,10796,7995,30,8025,118
2020-08-02,Del Norte,015,27424,89,68,0,68,0
2020-08-02,El Dorado,017,186661,823,643,0,643,1
2020-08-02,Fresno,019,978130,22312,15759,201,15960,151
2020-08-02,Glenn,021,27897,388,315,0,315,1
2020-08-02,Humboldt,023,135768,272,232,1,233,4
2020-08-02,Imperial,025,180216,10425,7919,6,7925,157
2020-08-02,Inyo,027,18085,84,45,1,46,1
2020-08-02,Kern,029,883053,25435,21162,138,21300,176
2020-08-02,Kings,031,150075,4913,3964,25,3989,47
2020-08-02,Lake,033,64148,240,201,0,201,1
2020-08-02,Lassen,035,31185,645,555,2,557,0
2020-08-02,Los Angeles,037,10098052,206187,192480,610,193090,4698
2020-08-02,Madera,039,155013,2967,2123,5,2128,18
2020-08-02,Marin,041,260295,5491,4985,9,4994,43
2020-08-02,Mariposa,043,17540,61,52,0,52,2
2020-08-02,Mendocino,045,87422,343,247,0,247,1
2020-08-02,Merced,047,269075,6103,4011,3,4014,29
2020-08-02,Modoc,049,8938,7,2,0,2,0
2020-08-02,Mono,051,14174,151,104,1,105,1
2020-08-02,Monterey,053,433212,5789,4698,15,4713,28
2020-08-02,Napa,055,140530,1198,956,0,956,8
2020-08-02,Nevada,057,99092,349,314,13,327,2
2020-08-02,Orange,059,3164182,44298,37266,868,38134,651
2020-08-02,Placer,061,380077,2386,1920,3,1923,15
2020-08-02,Plumas,063,18699,36,25,0,25,0
2020-08-02,Riverside,065,2383286,46058,38507,44,38551,735
2020-08-02,Sacramento,067,1510023,13341,10099,13,10112,142
2020-08-02,San Benito,069,59416,741,599,0,599,2
2020-08-02,San Bernardino,071,2135413,40926,33643,184,33827,443
2020-08-02,San Diego,073,3302833,33082,29885,27,29912,565
2020-08-02,San Francisco,075,870044,7566,6297,7,6304,60
2020-08-02,San Joaquin,077,732212,15044,11937,13,11950,189
2020-08-02,San Luis Obispo,079,281455,2253,1821,10,1831,14
2020-08-02,San Mateo,081,765935,6707,5618,7,5625,115
2020-08-02,Santa Barbara,083,443738,6965,6532,66,6598,59
2020-08-02,Santa Clara,085,1922200,13475,10577,31,10608,172
2020-08-02,Santa Cruz,087,273765,1380,1162,8,1170,4
2020-08-02,Shasta,089,179085,508,318,3,321,9
2020-08-02,Sierra,091,2930,4,1,0,1,0
2020-08-02,Siskiyou,093,43540,99,65,0,65,0
2020-08-02,Solano,095,438530,4399,3609,26,3635,29
2020-08-02,Sonoma,097,501317,3904,3005,6,3011,33
2020-08-02,Stanislaus,099,539301,12060,9277,61,9338,96
2020-08-02,Sutter,101,95872,905,714,1,715,6
2020-08-02,Tehama,103,63373,287,222,2,224,1
2020-08-02,Trinity,105,12862,27,5,6,11,0
2020-08-02,Tulare,107,460477,11581,9593,35,9628,188
2020-08-02,Tuolumne,109,53932,155,123,2,125,0
2020-08-02,Ventura,111,848112,9048,8014,32,8046,73
2020-08-02,Yolo,113,214977,1901,1588,3,1591,37
2020-08-02,Yuba,115,75493,530,393,0,393,1
2020-08-01,Alameda,001,1643700,14068,11590,94,11684,188
2020-08-01,Alpine,003,1148,2,2,0,2,0
2020-08-01,Amador,005,37829,190,109,0,109,0
2020-08-01,Butte,007,227075,1204,976,14,990,9
2020-08-01,Calaveras,009,45235,149,116,0,116,1
2020-08-01,Colusa,011,21464,386,327,0,327,2
2020-08-01,Contra Costa,013,1133247,10663,7867,29,7896,116
2020-08-01,Del Norte,015,27424,89,68,0,68,0
2020-08-01,El Dorado,017,186661,820,637,0,637,1
2020-08-01,Fresno,019,978130,22175,15448,201,15649,149
2020-08-01,Glenn,021,27897,387,311,0,311,1
2020-08-01,Humboldt,023,135768,271,232,1,233,4
2020-08-01,Imperial,025,180216,10389,7919,6,7925,156
2020-08-01,Inyo,027,18085,82,45,1,46,1
2020-08-01,Kern,029,883053,25277,20796,134,20930,176
2020-08-01,Kings,031,150075,4887,3948,25,3973,47
2020-08-01,Lake,033,64148,238,194,0,194,1
2020-08-01,Lassen,035,31185,644,555,2,557,0
2020-08-01,Los Angeles,037,10098052,205294,191023,583,191606,4674
2020-08-01,Madera,039,155013,2928,2103,5,2108,18
2020-08-01,Marin,041,260295,5476,4945,9,4954,43
2020-08-01,Mariposa,043,17540,61,50,0,50,2
2020-08-01,Mendocino,045,87422,336,243,0,243,1
2020-08-01,Merced,047,269075,6055,3972,3,3975,29
2020-08-01,Modoc,049,8938,7,2,0,2,0
2020-08-01,Mono,051,14174,150,104,1,105,1
2020-08-01,Monterey,053,433212,5722,4611,14,4625,28
2020-08-01,Napa,055,140530,1189,923,0,923,8
2020-08-01,Nevada,057,99092,345,305,13,318,2
2020-08-01,Orange,059,3164182,44071,36703,862,37565,648
2020-08-01,Placer,061,380077,2352,1891,3,1894,14
2020-08-01,Plumas,063,18699,35,25,0,25,0
2020-08-01,Riverside,065,2383286,45846,38216,42,38258,704
2020-08-01,Sacramento,067,1510023,13190,10044,13,10057,141
2020-08-01,San Benito,069,59416,730,579,0,579,2
2020-08-01,San Bernardino,071,2135413,40690,32947,183,33130,440
2020-08-01,San Diego,073,3302833,32865,29579,19,29598,565
2020-08-01,San Francisco,075,870044,7504,6296,7,6303,60
2020-08-01,San Joaquin,077,732212,14971,11807,12,11819,189
2020-08-01,San Luis Obispo,079,281455,2224,1798,10,1808,13
2020-08-01,San Mateo,081,765935,6653,5520,7,5527,115
2020-08-01,Santa Barbara,083,443738,6925,6465,66,6531,59
2020-08-01,Santa Clara,085,1922200,13324,10281,30,10311,171
2020-08-01,Santa Cruz,087,273765,1364,1164,8,1172,4
2020-08-01,Shasta,089,179085,503,312,3,315,9
2020-08-01,Sierra,091,2930,3,1,0,1,0
2020-08-01,Siskiyou,093,43540,99,64,0,64,0
2020-08-01,Solano,095,438530,4365,3591,25,3616,29
2020-08-01,Sonoma,097,501317,3858,2890,6,2896,29
2020-08-01,Stanislaus,099,539301,11942,9221,53,9274,96
2020-08-01,Sutter,101,95872,901,714,1,715,6
2020-08-01,Tehama,103,63373,284,220,2,222,1
2020-08-01,Trinity,105,12862,27,5,6,11,0
2020-08-01,Tulare,107,460477,11513,9520,35,9555,188
2020-08-01,Tuolumne,109,53932,155,123,2,125,0
2020-08-01,Ventura,111,848112,9002,7819,32,7851,73
2020-08-01,Yolo,113,214977,1891,1557,3,1560,37
2020-08-01,Yuba,115,75493,525,387,0,387,1
2020-07-31,Alameda,001,1643700,13937,11441,94,11535,187
2020-07-31,Alpine,003,1148,2,2,0,2,0
2020-07-31,Amador,005,37829,189,98,0,98,0
2020-07-31,Butte,007,227075,1181,925,14,939,7
2020-07-31,Calaveras,009,45235,149,112,0,112,1
2020-07-31,Colusa,011,21464,376,319,0,319,2
2020-07-31,Contra Costa,013,1133247,10515,7697,28,7725,113
2020-07-31,Del Norte,015,27424,88,68,0,68,0
2020-07-31,El Dorado,017,186661,809,616,0,616,1
2020-07-31,Fresno,019,978130,21955,15083,201,15284,133
2020-07-31,Glenn,021,27897,380,304,0,304,1
2020-07-31,Humboldt,023,135768,264,229,1,230,4
2020-07-31,Imperial,025,180216,10357,7886,6,7892,155
2020-07-31,Inyo,027,18085,72,45,1,46,1
2020-07-31,Kern,029,883053,25036,20061,130,20191,173
2020-07-31,Kings,031,150075,4859,3807,25,3832,45
2020-07-31,Lake,033,64148,237,191,0,191,1
2020-07-31,Lassen,035,31185,639,544,2,546,0
2020-07-31,Los Angeles,037,10098052,203694,188688,570,189258,4628
2020-07-31,Madera,039,155013,2881,2036,5,2041,19
2020-07-31,Marin,041,260295,5432,4885,6,4891,43
2020-07-31,Mariposa,043,17540,61,49,0,49,2
2020-07-31,Mendocino,045,87422,321,232,0,232,1
2020-07-31,Merced,047,269075,5972,3789,3,3792,30
2020-07-31,Modoc,049,8938,6,0,0,0,0
2020-07-31,Mono,051,14174,149,104,1,105,1
2020-07-31,Monterey,053,433212,5630,4493,14,4507,24
2020-07-31,Napa,055,140530,1177,897,0,897,7
2020-07-31,Nevada,057,99092,343,302,13,315,2
2020-07-31,Orange,059,3164182,43772,36196,847,37043,620
2020-07-31,Placer,061,380077,2327,1853,3,1856,14
2020-07-31,Plumas,063,18699,34,25,0,25,0
2020-07-31,Riverside,065,2383286,45456,37612,41,37653,694
2020-07-31,Sacramento,067,1510023,13012,9872,13,9885,132
2020-07-31,San Benito,069,59416,722,567,0,567,2
2020-07-31,San Bernardino,071,2135413,40360,32332,182,32514,434
2020-07-31,San Diego,073,3302833,32631,29050,11,29061,561
2020-07-31,San Francisco,075,870044,7405,6126,7,6133,60
2020-07-31,San Joaquin,077,732212,14831,11561,12,11573,177
2020-07-31,San Luis Obispo,079,281455,2155,1746,10,1756,12
2020-07-31,San Mateo,081,765935,6581,5416,7,5423,115
2020-07-31,Santa Barbara,083,443738,6858,6375,66,6441,58
2020-07-31,Santa Clara,085,1922200,13103,9863,30,9893,171
2020-07-31,Santa Cruz,087,273765,1341,1118,8,1126,4
2020-07-31,Shasta,089,179085,493,305,3,308,9
2020-07-31,Sierra,091,2930,3,1,0,1,0
2020-07-31,Siskiyou,093,43540,97,61,0,61,0
2020-07-31,Solano,095,438530,4318,3510,24,3534,29
2020-07-31,Sonoma,097,501317,3800,2745,6,2751,27
2020-07-31,Stanislaus,099,539301,11835,9061,48,9109,94
2020-07-31,Sutter,101,95872,896,714,1,715,6
2020-07-31,Tehama,103,63373,281,213,2,215,1
2020-07-31,Trinity,105,12862,27,5,6,11,0
2020-07-31,Tulare,107,460477,11392,9365,35,9400,184
2020-07-31,Tuolumne,109,53932,155,120,2,122,0
2020-07-31,Ventura,111,848112,8927,7521,32,7553,71
2020-07-31,Yolo,113,214977,1865,1522,3,1525,38
2020-07-31,Yuba,115,75493,516,369,0,369,1
2020-07-30,Alameda,001,1643700,13734,11303,54,11357,185
2020-07-30,Alpine,003,1148,2,2,0,2,0
2020-07-30,Amador,005,37829,171,97,0,97,0
2020-07-30,Butte,007,227075,1165,915,14,929,7
2020-07-30,Calaveras,009,45235,145,111,0,111,1
2020-07-30,Colusa,011,21464,373,315,0,315,2
2020-07-30,Contra Costa,013,1133247,10330,7615,27,7642,112
2020-07-30,Del Norte,015,27424,88,68,0,68,0
2020-07-30,El Dorado,017,186661,802,608,0,608,1
2020-07-30,Fresno,019,978130,21619,14793,195,14988,133
2020-07-30,Glenn,021,27897,373,297,0,297,1
2020-07-30,Humboldt,023,135768,262,228,1,229,4
2020-07-30,Imperial,025,180216,10298,7849,6,7855,151
2020-07-30,Inyo,027,18085,68,44,1,45,1
2020-07-30,Kern,029,883053,24743,19552,126,19678,171
2020-07-30,Kings,031,150075,4755,3785,25,3810,43
2020-07-30,Lake,033,64148,231,181,0,181,1
2020-07-30,Lassen,035,31185,636,544,2,546,0
2020-07-30,Los Angeles,037,10098052,201665,186177,538,186715,4564
2020-07-30,Madera,039,155013,2811,2007,5,2012,18
2020-07-30,Marin,041,260295,5390,4835,5,4840,39
2020-07-30,Mariposa,043,17540,61,49,0,49,1
2020-07-30,Mendocino,045,87422,314,232,0,232,1
2020-07-30,Merced,047,269075,5807,3695,3,3698,30
2020-07-30,Modoc,049,8938,6,0,0,0,0
2020-07-30,Mono,051,14174,148,104,1,105,1
2020-07-30,Monterey,053,433212,5518,4352,14,4366,24
2020-07-30,Napa,055,140530,1160,874,0,874,7
2020-07-30,Nevada,057,99092,338,292,13,305,2
2020-07-30,Orange,059,3164182,43357,36105,822,36927,607
2020-07-30,Placer,061,380077,2276,1821,3,1824,14
2020-07-30,Plumas,063,18699,33,25,0,25,0
2020-07-30,Riverside,065,2383286,44915,37308,41,37349,685
2020-07-30,Sacramento,067,1510023,12793,9704,13,9717,126
2020-07-30,San Benito,069,59416,709,558,0,558,2
2020-07-30,San Bernardino,071,2135413,39837,32010,182,32192,427
2020-07-30,San Diego,073,3302833,32284,28670,9,28679,558
2020-07-30,San Francisco,075,870044,7305,6107,7,6114,59
2020-07-30,San Joaquin,077,732212,14637,11435,12,11447,161
2020-07-30,San Luis Obispo,079,281455,2119,1703,10,1713,12
2020-07-30,San Mateo,081,765935,6486,5369,7,5376,115
2020-07-30,Santa Barbara,083,443738,6778,6273,66,6339,52
2020-07-30,Santa Clara,085,1922200,12867,9708,29,9737,170
2020-07-30,Santa Cruz,087,273765,1313,1087,8,1095,4
2020-07-30,Shasta,089,179085,489,306,3,309,8
2020-07-30,Sierra,091,2930,3,1,0,1,0
2020-07-30,Siskiyou,093,43540,96,60,0,60,0
2020-07-30,Solano,095,438530,4267,3463,24,3487,29
2020-07-30,Sonoma,097,501317,3728,2684,6,2690,25
2020-07-30,Stanislaus,099,539301,11622,8890,40,8930,94
2020-07-30,Sutter,101,95872,877,698,1,699,6
2020-07-30,Tehama,103,63373,278,208,2,210,1
2020-07-30,Trinity,105,12862,26,4,6,10,0
2020-07-30,Tulare,107,460477,11263,9167,35,9202,177
2020-07-30,Tuolumne,109,53932,154,119,2,121,0
2020-07-30,Ventura,111,848112,8815,7304,30,7334,69
2020-07-30,Yolo,113,214977,1845,1511,3,1514,37
2020-07-30,Yuba,115,75493,503,362,0,362,1
2020-07-29,Alameda,001,1643700,13515,11177,49,11226,180
2020-07-29,Alpine,003,1148,2,2,0,2,0
2020-07-29,Amador,005,37829,163,80,0,80,0
2020-07-29,Butte,007,227075,1139,889,12,901,7
2020-07-29,Calaveras,009,45235,139,107,0,107,1
2020-07-29,Colusa,011,21464,369,302,0,302,2
2020-07-29,Contra Costa,013,1133247,10126,7520,27,7547,108
2020-07-29,Del Norte,015,27424,88,68,0,68,0
2020-07-29,El Dorado,017,186661,792,588,0,588,1
2020-07-29,Fresno,019,978130,21327,14312,195,14507,125
2020-07-29,Glenn,021,27897,366,294,0,294,1
2020-07-29,Humboldt,023,135768,259,221,1,222,4
2020-07-29,Imperial,025,180216,10250,7825,6,7831,147
2020-07-29,Inyo,027,18085,63,44,1,45,1
2020-07-29,Kern,029,883053,24405,19073,123,19196,162
2020-07-29,Kings,031,150075,4707,3755,25,3780,43
2020-07-29,Lake,033,64148,229,179,0,179,1
2020-07-29,Lassen,035,31185,621,513,2,515,0
2020-07-29,Los Angeles,037,10098052,199639,183600,521,184121,4523
2020-07-29,Madera,039,155013,2757,1941,5,1946,18
2020-07-29,Marin,041,260295,5352,4747,5,4752,34
2020-07-29,Mariposa,043,17540,60,47,0,47,1
2020-07-29,Mendocino,045,87422,306,228,0,228,0
2020-07-29,Merced,047,269075,5667,3605,3,3608,25
2020-07-29,Modoc,049,8938,5,0,0,0,0
2020-07-29,Mono,051,14174,145,102,1,103,1
2020-07-29,Monterey,053,433212,5419,4252,14,4266,24
2020-07-29,Napa,055,140530,1132,866,0,866,7
2020-07-29,Nevada,057,99092,334,288,13,301,1
2020-07-29,Orange,059,3164182,42923,35339,810,36149,589
2020-07-29,Placer,061,380077,2244,1798,3,1801,14
2020-07-29,Plumas,063,18699,33,25,0,25,0
2020-07-29,Riverside,065,2383286,44323,36968,41,37009,678
2020-07-29,Sacramento,067,1510023,12547,9538,13,9551,122
2020-07-29,San Benito,069,59416,694,537,0,537,2
2020-07-29,San Bernardino,071,2135413,39348,31168,171,31339,417
2020-07-29,San Diego,073,3302833,31959,28289,8,28297,552
2020-07-29,San Francisco,075,870044,7211,6041,7,6048,56
2020-07-29,San Joaquin,077,732212,14389,11249,9,11258,154
2020-07-29,San Luis Obispo,079,281455,2098,1673,10,1683,11
2020-07-29,San Mateo,081,765935,6398,5305,7,5312,114
2020-07-29,Santa Barbara,083,443738,6710,6215,66,6281,31
2020-07-29,Santa Clara,085,1922200,12660,9567,29,9596,165
2020-07-29,Santa Cruz,087,273765,1289,1051,8,1059,4
2020-07-29,Shasta,089,179085,477,297,3,300,8
2020-07-29,Sierra,091,2930,2,1,0,1,0
2020-07-29,Siskiyou,093,43540,94,58,0,58,0
2020-07-29,Solano,095,438530,4213,3380,24,3404,29
2020-07-29,Sonoma,097,501317,3651,2598,6,2604,26
2020-07-29,Stanislaus,099,539301,11401,8745,34,8779,94
2020-07-29,Sutter,101,95872,849,678,1,679,6
2020-07-29,Tehama,103,63373,274,206,2,208,1
2020-07-29,Trinity,105,12862,26,4,6,10,0
2020-07-29,Tulare,107,460477,11092,9028,35,9063,156
2020-07-29,Tuolumne,109,53932,154,118,2,120,0
2020-07-29,Ventura,111,848112,8710,7161,30,7191,68
2020-07-29,Yolo,113,214977,1819,1488,3,1491,36
2020-07-29,Yuba,115,75493,487,350,0,350,1
2020-07-28,Alameda,001,1643700,13287,10875,48,10923,180
2020-07-28,Alpine,003,1148,2,2,0,2,0
2020-07-28,Amador,005,37829,153,77,0,77,0
2020-07-28,Butte,007,227075,1104,857,12,869,7
2020-07-28,Calaveras,009,45235,138,105,0,105,1
2020-07-28,Colusa,011,21464,363,290,0,290,2
2020-07-28,Contra Costa,013,1133247,9904,7426,27,7453,107
2020-07-28,Del Norte,015,27424,87,68,0,68,0
2020-07-28,El Dorado,017,186661,777,558,0,558,1
2020-07-28,Fresno,019,978130,20991,13933,189,14122,125
2020-07-28,Glenn,021,27897,364,289,0,289,1
2020-07-28,Humboldt,023,135768,258,218,1,219,4
2020-07-28,Imperial,025,180216,10214,7804,6,7810,145
2020-07-28,Inyo,027,18085,61,43,1,44,1
2020-07-28,Kern,029,883053,24042,18834,117,18951,155
2020-07-28,Kings,031,150075,4661,3721,25,3746,41
2020-07-28,Lake,033,64148,225,179,0,179,1
2020-07-28,Lassen,035,31185,615,508,2,510,0
2020-07-28,Los Angeles,037,10098052,197410,179107,498,179605,4435
2020-07-28,Madera,039,155013,2691,1889,5,1894,18
2020-07-28,Marin,041,260295,5283,4698,5,4703,23
2020-07-28,Mariposa,043,17540,58,45,0,45,1
2020-07-28,Mendocino,045,87422,295,222,0,222,0
2020-07-28,Merced,047,269075,5522,3446,3,3449,23
2020-07-28,Modoc,049,8938,4,0,0,0,0
2020-07-28,Mono,051,14174,144,102,1,103,1
2020-07-28,Monterey,053,433212,5298,4047,14,4061,22
2020-07-28,Napa,055,140530,1110,824,0,824,6
2020-07-28,Nevada,057,99092,329,278,13,291,1
2020-07-28,Orange,059,3164182,42465,34832,797,35629,582
2020-07-28,Placer,061,380077,2209,1759,3,1762,14
2020-07-28,Plumas,063,18699,33,22,0,22,0
2020-07-28,Riverside,065,2383286,43721,36458,41,36499,668
2020-07-28,Sacramento,067,1510023,12288,9429,12,9441,117
2020-07-28,San Benito,069,59416,684,503,0,503,2
2020-07-28,San Bernardino,071,2135413,38824,30493,167,30660,412
2020-07-28,San Diego,073,3302833,31609,28007,6,28013,547
2020-07-28,San Francisco,075,870044,7098,5888,7,5895,56
2020-07-28,San Joaquin,077,732212,14106,10958,7,10965,141
2020-07-28,San Luis Obispo,079,281455,2065,1636,10,1646,9
2020-07-28,San Mateo,081,765935,6324,5171,7,5178,114
2020-07-28,Santa Barbara,083,443738,6647,6110,64,6174,31
2020-07-28,Santa Clara,085,1922200,12425,9307,29,9336,165
2020-07-28,Santa Cruz,087,273765,1262,1018,8,1026,4
2020-07-28,Shasta,089,179085,465,275,3,278,8
2020-07-28,Sierra,091,2930,2,1,0,1,0
2020-07-28,Siskiyou,093,43540,90,57,0,57,0
2020-07-28,Solano,095,438530,4166,3292,23,3315,29
2020-07-28,Sonoma,097,501317,3578,2553,6,2559,20
2020-07-28,Stanislaus,099,539301,11179,8492,26,8518,92
2020-07-28,Sutter,101,95872,812,653,0,653,2
2020-07-28,Tehama,103,63373,269,199,2,201,1
2020-07-28,Trinity,105,12862,26,3,6,9,0
2020-07-28,Tulare,107,460477,10905,8787,35,8822,96
2020-07-28,Tuolumne,109,53932,153,116,2,118,0
2020-07-28,Ventura,111,848112,8584,7045,29,7074,68
2020-07-28,Yolo,113,214977,1791,1459,3,1462,36
2020-07-28,Yuba,115,75493,470,333,0,333,1
2020-07-27,Alameda,001,1643700,13060,10645,45,10690,176
2020-07-27,Alpine,003,1148,2,2,0,2,0
2020-07-27,Amador,005,37829,148,72,0,72,0
2020-07-27,Butte,007,227075,1077,843,12,855,7
2020-07-27,Calaveras,009,45235,134,103,0,103,1
2020-07-27,Colusa,011,21464,356,271,0,271,2
2020-07-27,Contra Costa,013,1133247,9682,7256,27,7283,104
2020-07-27,Del Norte,015,27424,86,67,0,67,0
2020-07-27,El Dorado,017,186661,765,548,0,548,1
2020-07-27,Fresno,019,978130,20644,13485,183,13668,117
2020-07-27,Glenn,021,27897,362,277,0,277,1
2020-07-27,Humboldt,023,135768,253,218,1,219,4
2020-07-27,Imperial,025,180216,10164,7789,6,7795,144
2020-07-27,Inyo,027,18085,61,43,1,44,1
2020-07-27,Kern,029,883053,23540,17994,111,18105,148
2020-07-27,Kings,031,150075,4412,3685,25,3710,39
2020-07-27,Lake,033,64148,221,176,0,176,1
2020-07-27,Lassen,035,31185,615,503,2,505,0
2020-07-27,Los Angeles,037,10098052,194989,176351,480,176831,4379
2020-07-27,Madera,039,155013,2626,1793,5,1798,17
2020-07-27,Marin,041,260295,5195,4669,5,4674,22
2020-07-27,Mariposa,043,17540,58,43,0,43,1
2020-07-27,Mendocino,045,87422,282,209,0,209,0
2020-07-27,Merced,047,269075,5382,3292,3,3295,23
2020-07-27,Modoc,049,8938,3,0,0,0,0
2020-07-27,Mono,051,14174,140,99,1,100,1
2020-07-27,Monterey,053,433212,5108,3960,14,3974,21
2020-07-27,Napa,055,140530,1095,769,0,769,6
2020-07-27,Nevada,057,99092,325,268,13,281,1
2020-07-27,Orange,059,3164182,42025,34649,781,35430,566
2020-07-27,Placer,061,380077,2159,1679,3,1682,12
2020-07-27,Plumas,063,18699,33,22,0,22,0
2020-07-27,Riverside,065,2383286,43041,35822,41,35863,667
2020-07-27,Sacramento,067,1510023,11995,9091,12,9103,114
2020-07-27,San Benito,069,59416,669,498,0,498,2
2020-07-27,San Bernardino,071,2135413,38232,29928,157,30085,401
2020-07-27,San Diego,073,3302833,31235,27509,5,27514,533
2020-07-27,San Francisco,075,870044,7011,5825,7,5832,55
2020-07-27,San Joaquin,077,732212,13817,10728,7,10735,129
2020-07-27,San Luis Obispo,079,281455,2020,1612,10,1622,9
2020-07-27,San Mateo,081,765935,6215,5108,7,5115,113
2020-07-27,Santa Barbara,083,443738,6567,6026,62,6088,30
2020-07-27,Santa Clara,085,1922200,12156,9157,28,9185,166
2020-07-27,Santa Cruz,087,273765,1239,984,8,992,4
2020-07-27,Shasta,089,179085,458,275,3,278,8
2020-07-27,Sierra,091,2930,2,1,0,1,0
2020-07-27,Siskiyou,093,43540,88,54,0,54,0
2020-07-27,Solano,095,438530,4099,3198,22,3220,29
2020-07-27,Sonoma,097,501317,3487,2504,6,2510,20
2020-07-27,Stanislaus,099,539301,10952,8288,18,8306,84
2020-07-27,Sutter,101,95872,786,620,0,620,2
2020-07-27,Tehama,103,63373,261,192,2,194,1
2020-07-27,Trinity,105,12862,26,3,6,9,0
2020-07-27,Tulare,107,460477,10687,8462,35,8497,172
2020-07-27,Tuolumne,109,53932,150,115,2,117,0
2020-07-27,Ventura,111,848112,8456,6998,28,7026,68
2020-07-27,Yolo,113,214977,1746,1439,3,1442,33
2020-07-27,Yuba,115,75493,450,328,0,328,1
2020-07-26,Alameda,001,1643700,12822,10489,44,10533,176
2020-07-26,Alpine,003,1148,2,2,0,2,0
2020-07-26,Amador,005,37829,142,67,0,67,0
2020-07-26,Butte,007,227075,1040,822,12,834,5
2020-07-26,Calaveras,009,45235,131,103,0,103,1
2020-07-26,Colusa,011,21464,347,270,0,270,2
2020-07-26,Contra Costa,013,1133247,9445,7095,27,7122,104
2020-07-26,Del Norte,015,27424,84,67,0,67,0
2020-07-26,El Dorado,017,186661,747,539,0,539,1
2020-07-26,Fresno,019,978130,20253,13209,175,13384,117
2020-07-26,Glenn,021,27897,354,265,0,265,1
2020-07-26,Humboldt,023,135768,247,214,1,215,4
2020-07-26,Imperial,025,180216,10091,7781,6,7787,144
2020-07-26,Inyo,027,18085,56,43,1,44,1
2020-07-26,Kern,029,883053,23016,17394,108,17502,148
2020-07-26,Kings,031,150075,4353,3591,25,3616,39
2020-07-26,Lake,033,64148,213,174,0,174,1
2020-07-26,Lassen,035,31185,574,503,2,505,0
2020-07-26,Los Angeles,037,10098052,192422,174322,462,174784,4364
2020-07-26,Madera,039,155013,2539,1744,5,1749,17
2020-07-26,Marin,041,260295,5149,4595,5,4600,22
2020-07-26,Mariposa,043,17540,56,43,0,43,1
2020-07-26,Mendocino,045,87422,273,206,0,206,0
2020-07-26,Merced,047,269075,5202,3251,2,3253,23
2020-07-26,Modoc,049,8938,3,0,0,0,0
2020-07-26,Mono,051,14174,136,82,1,83,1
2020-07-26,Monterey,053,433212,4942,3901,14,3915,21
2020-07-26,Napa,055,140530,1076,769,0,769,6
2020-07-26,Nevada,057,99092,322,261,13,274,1
2020-07-26,Orange,059,3164182,41500,34352,750,35102,564
2020-07-26,Placer,061,380077,2095,1628,3,1631,12
2020-07-26,Plumas,063,18699,33,22,0,22,0
2020-07-26,Riverside,065,2383286,42480,35636,41,35677,665
2020-07-26,Sacramento,067,1510023,11690,8972,12,8984,114
2020-07-26,San Benito,069,59416,657,495,0,495,2
2020-07-26,San Bernardino,071,2135413,37592,29545,148,29693,400
2020-07-26,San Diego,073,3302833,30839,26986,4,26990,533
2020-07-26,San Francisco,075,870044,6903,5823,7,5830,55
2020-07-26,San Joaquin,077,732212,13524,10637,7,10644,129
2020-07-26,San Luis Obispo,079,281455,1977,1565,10,1575,8
2020-07-26,San Mateo,081,765935,6109,5078,7,5085,113
2020-07-26,Santa Barbara,083,443738,6465,5939,62,6001,30
2020-07-26,Santa Clara,085,1922200,11927,8986,28,9014,166
2020-07-26,Santa Cruz,087,273765,1212,970,8,978,4
2020-07-26,Shasta,089,179085,451,265,3,268,8
2020-07-26,Sierra,091,2930,2,1,0,1,0
2020-07-26,Siskiyou,093,43540,86,54,0,54,0
2020-07-26,Solano,095,438530,4019,3197,20,3217,29
2020-07-26,Sonoma,097,501317,3398,2503,5,2508,20
2020-07-26,Stanislaus,099,539301,10691,8228,17,8245,84
2020-07-26,Sutter,101,95872,772,612,0,612,2
2020-07-26,Tehama,103,63373,254,175,2,177,1
2020-07-26,Trinity,105,12862,26,3,6,9,0
2020-07-26,Tulare,107,460477,10480,8392,35,8427,172
2020-07-26,Tuolumne,109,53932,145,113,2,115,0
2020-07-26,Ventura,111,848112,8249,6844,28,6872,67
2020-07-26,Yolo,113,214977,1715,1408,3,1411,33
2020-07-26,Yuba,115,75493,431,313,0,313,1
2020-07-25,Alameda,001,1643700,12725,10361,42,10403,176
2020-07-25,Alpine,003,1148,2,2,0,2,0
2020-07-25,Amador,005,37829,139,67,0,67,0
2020-07-25,Butte,007,227075,1031,810,12,822,5
2020-07-25,Calaveras,009,45235,127,103,0,103,1
2020-07-25,Colusa,011,21464,340,265,0,265,2
2020-07-25,Contra Costa,013,1133247,9300,6920,27,6947,104
2020-07-25,Del Norte,015,27424,84,67,0,67,0
2020-07-25,El Dorado,017,186661,736,528,0,528,1
2020-07-25,Fresno,019,978130,20067,12866,175,13041,117
2020-07-25,Glenn,021,27897,352,260,0,260,1
2020-07-25,Humboldt,023,135768,244,212,1,213,4
2020-07-25,Imperial,025,180216,10065,7727,6,7733,144
2020-07-25,Inyo,027,18085,55,43,1,44,1
2020-07-25,Kern,029,883053,22798,16910,107,17017,148
2020-07-25,Kings,031,150075,4336,3516,25,3541,39
2020-07-25,Lake,033,64148,211,173,0,173,1
2020-07-25,Lassen,035,31185,574,503,2,505,0
2020-07-25,Los Angeles,037,10098052,191291,172611,455,173066,4357
2020-07-25,Madera,039,155013,2507,1724,5,1729,17
2020-07-25,Marin,041,260295,5133,4562,5,4567,22
2020-07-25,Mariposa,043,17540,55,43,0,43,1
2020-07-25,Mendocino,045,87422,267,190,0,190,0
2020-07-25,Merced,047,269075,5123,3176,2,3178,23
2020-07-25,Modoc,049,8938,3,0,0,0,0
2020-07-25,Mono,051,14174,136,82,1,83,1
2020-07-25,Monterey,053,433212,4865,3805,14,3819,21
2020-07-25,Napa,055,140530,1063,746,0,746,6
2020-07-25,Nevada,057,99092,320,257,13,270,1
2020-07-25,Orange,059,3164182,41280,33978,729,34707,561
2020-07-25,Placer,061,380077,2079,1596,3,1599,12
2020-07-25,Plumas,063,18699,33,22,0,22,0
2020-07-25,Riverside,065,2383286,42211,34921,41,34962,655
2020-07-25,Sacramento,067,1510023,11544,8674,12,8686,113
2020-07-25,San Benito,069,59416,641,492,0,492,2
2020-07-25,San Bernardino,071,2135413,37314,29265,145,29410,394
2020-07-25,San Diego,073,3302833,30578,26703,3,26706,533
2020-07-25,San Francisco,075,870044,6845,5644,7,5651,55
2020-07-25,San Joaquin,077,732212,13398,10347,6,10353,129
2020-07-25,San Luis Obispo,079,281455,1957,1530,9,1539,8
2020-07-25,San Mateo,081,765935,6046,5023,7,5030,113
2020-07-25,Santa Barbara,083,443738,6430,5880,62,5942,30
2020-07-25,Santa Clara,085,1922200,11793,8767,28,8795,166
2020-07-25,Santa Cruz,087,273765,1195,939,8,947,4
2020-07-25,Shasta,089,179085,446,263,1,264,8
2020-07-25,Sierra,091,2930,2,1,0,1,0
2020-07-25,Siskiyou,093,43540,84,54,0,54,0
2020-07-25,Solano,095,438530,3979,3107,18,3125,29
2020-07-25,Sonoma,097,501317,3359,2412,5,2417,20
2020-07-25,Stanislaus,099,539301,10588,7994,14,8008,84
2020-07-25,Sutter,101,95872,753,603,0,603,2
2020-07-25,Tehama,103,63373,253,169,2,171,1
2020-07-25,Trinity,105,12862,26,3,6,9,0
2020-07-25,Tulare,107,460477,10380,8310,35,8345,172
2020-07-25,Tuolumne,109,53932,144,99,2,101,0
2020-07-25,Ventura,111,848112,8176,6662,28,6690,62
2020-07-25,Yolo,113,214977,1700,1357,3,1360,35
2020-07-25,Yuba,115,75493,425,312,0,312,1
2020-07-24,Alameda,001,1643700,12583,10216,39,10255,176
2020-07-24,Alpine,003,1148,2,2,0,2,0
2020-07-24,Amador,005,37829,137,66,0,66,0
2020-07-24,Butte,007,227075,1019,751,12,763,5
2020-07-24,Calaveras,009,45235,123,102,0,102,0
2020-07-24,Colusa,011,21464,337,255,0,255,2
2020-07-24,Contra Costa,013,1133247,9154,6814,27,6841,100
2020-07-24,Del Norte,015,27424,84,66,0,66,0
2020-07-24,El Dorado,017,186661,714,516,0,516,1
2020-07-24,Fresno,019,978130,19841,12564,175,12739,115
2020-07-24,Glenn,021,27897,349,251,0,251,1
2020-07-24,Humboldt,023,135768,241,210,1,211,4
2020-07-24,Imperial,025,180216,10043,7686,6,7692,141
2020-07-24,Inyo,027,18085,55,41,1,42,1
2020-07-24,Kern,029,883053,22557,16124,107,16231,143
2020-07-24,Kings,031,150075,4306,3471,25,3496,39
2020-07-24,Lake,033,64148,209,167,0,167,1
2020-07-24,Lassen,035,31185,574,503,2,505,0
2020-07-24,Los Angeles,037,10098052,189272,169078,444,169522,4302
2020-07-24,Madera,039,155013,2474,1679,5,1684,16
2020-07-24,Marin,041,260295,5106,4517,5,4522,22
2020-07-24,Mariposa,043,17540,55,41,0,41,1
2020-07-24,Mendocino,045,87422,260,188,0,188,0
2020-07-24,Merced,047,269075,5038,3100,2,3102,23
2020-07-24,Modoc,049,8938,3,0,0,0,0
2020-07-24,Mono,051,14174,135,82,1,83,1
2020-07-24,Monterey,053,433212,4793,3748,14,3762,21
2020-07-24,Napa,055,140530,1050,741,0,741,6
2020-07-24,Nevada,057,99092,317,255,13,268,1
2020-07-24,Orange,059,3164182,40992,33530,713,34243,557
2020-07-24,Placer,061,380077,2048,1551,3,1554,12
2020-07-24,Plumas,063,18699,33,22,0,22,0
2020-07-24,Riverside,065,2383286,41788,34513,40,34553,631
2020-07-24,Sacramento,067,1510023,11356,8570,12,8582,110
2020-07-24,San Benito,069,59416,634,485,0,485,2
2020-07-24,San Bernardino,071,2135413,36941,28990,140,29130,386
2020-07-24,San Diego,073,3302833,30278,26100,3,26103,524
2020-07-24,San Francisco,075,870044,6751,5611,7,5618,55
2020-07-24,San Joaquin,077,732212,13249,10190,6,10196,118
2020-07-24,San Luis Obispo,079,281455,1933,1476,9,1485,8
2020-07-24,San Mateo,081,765935,5983,4954,7,4961,112
2020-07-24,Santa Barbara,083,443738,6376,5776,60,5836,30
2020-07-24,Santa Clara,085,1922200,11628,8658,28,8686,165
2020-07-24,Santa Cruz,087,273765,1175,930,8,938,4
2020-07-24,Shasta,089,179085,438,262,1,263,8
2020-07-24,Sierra,091,2930,2,1,0,1,0
2020-07-24,Siskiyou,093,43540,84,53,0,53,0
2020-07-24,Solano,095,438530,3943,3062,15,3077,29
2020-07-24,Sonoma,097,501317,3307,2345,5,2350,20
2020-07-24,Stanislaus,099,539301,10416,7861,11,7872,82
2020-07-24,Sutter,101,95872,742,593,0,593,2
2020-07-24,Tehama,103,63373,245,170,2,172,1
2020-07-24,Trinity,105,12862,25,3,6,9,0
2020-07-24,Tulare,107,460477,10286,8167,33,8200,167
2020-07-24,Tuolumne,109,53932,138,99,2,101,0
2020-07-24,Ventura,111,848112,8091,6553,28,6581,60
2020-07-24,Yolo,113,214977,1686,1329,3,1332,35
2020-07-24,Yuba,115,75493,410,307,0,307,1
2020-07-23,Alameda,001,1643700,12342,9924,39,9963,171
2020-07-23,Alpine,003,1148,2,2,0,2,0
2020-07-23,Amador,005,37829,120,61,0,61,0
2020-07-23,Butte,007,227075,1004,726,11,737,5
2020-07-23,Calaveras,009,45235,116,102,0,102,0
2020-07-23,Colusa,011,21464,329,242,0,242,2
2020-07-23,Contra Costa,013,1133247,8954,6619,25,6644,98
2020-07-23,Del Norte,015,27424,84,66,0,66,0
2020-07-23,El Dorado,017,186661,703,491,0,491,1
2020-07-23,Fresno,019,978130,19485,12164,172,12336,112
2020-07-23,Glenn,021,27897,344,246,0,246,1
2020-07-23,Humboldt,023,135768,240,208,1,209,4
2020-07-23,Imperial,025,180216,9993,7604,6,7610,138
2020-07-23,Inyo,027,18085,53,38,1,39,1
2020-07-23,Kern,029,883053,22150,14491,103,14594,128
2020-07-23,Kings,031,150075,4194,3371,25,3396,39
2020-07-23,Lake,033,64148,200,160,0,160,1
2020-07-23,Lassen,035,31185,571,503,2,505,0
2020-07-23,Los Angeles,037,10098052,186727,167198,417,167615,4265
2020-07-23,Madera,039,155013,2408,1659,4,1663,13
2020-07-23,Marin,041,260295,5054,4423,5,4428,22
2020-07-23,Mariposa,043,17540,55,40,0,40,1
2020-07-23,Mendocino,045,87422,250,178,0,178,0
2020-07-23,Merced,047,269075,4882,2972,2,2974,22
2020-07-23,Modoc,049,8938,3,0,0,0,0
2020-07-23,Mono,051,14174,131,82,1,83,1
2020-07-23,Monterey,053,433212,4675,3655,14,3669,21
2020-07-23,Napa,055,140530,1026,713,0,713,5
2020-07-23,Nevada,057,99092,314,247,13,260,1
2020-07-23,Orange,059,3164182,40496,32863,683,33546,544
2020-07-23,Placer,061,380077,2005,1519,3,1522,12
2020-07-23,Plumas,063,18699,32,21,0,21,0
2020-07-23,Riverside,065,2383286,41183,33833,40,33873,630
2020-07-23,Sacramento,067,1510023,11125,8222,12,8234,108
2020-07-23,San Benito,069,59416,619,478,0,478,2
2020-07-23,San Bernardino,071,2135413,36421,28121,134,28255,369
2020-07-23,San Diego,073,3302833,29904,25109,3,25112,505
2020-07-23,San Francisco,075,870044,6650,5543,7,5550,55
2020-07-23,San Joaquin,077,732212,13030,9861,6,9867,111
2020-07-23,San Luis Obispo,079,281455,1904,1438,9,1447,7
2020-07-23,San Mateo,081,765935,5878,4895,7,4902,113
2020-07-23,Santa Barbara,083,443738,6303,5628,60,5688,30
2020-07-23,Santa Clara,085,1922200,11410,8458,28,8486,165
2020-07-23,Santa Cruz,087,273765,1139,887,8,895,3
2020-07-23,Shasta,089,179085,427,254,1,255,9
2020-07-23,Sierra,091,2930,2,1,0,1,0
2020-07-23,Siskiyou,093,43540,82,53,0,53,0
2020-07-23,Solano,095,438530,3879,2962,13,2975,29
2020-07-23,Sonoma,097,501317,3231,2289,5,2294,18
2020-07-23,Stanislaus,099,539301,10174,7603,11,7614,71
2020-07-23,Sutter,101,95872,709,570,0,570,2
2020-07-23,Tehama,103,63373,239,158,2,160,1
2020-07-23,Trinity,105,12862,24,3,6,9,0
2020-07-23,Tulare,107,460477,10097,7898,33,7931,168
2020-07-23,Tuolumne,109,53932,138,93,2,95,0
2020-07-23,Ventura,111,848112,7967,6303,28,6331,56
2020-07-23,Yolo,113,214977,1668,1279,3,1282,35
2020-07-23,Yuba,115,75493,390,297,0,297,1
2020-07-22,Alameda,001,1643700,12123,9678,38,9716,169
2020-07-22,Alpine,003,1148,2,2,0,2,0
2020-07-22,Amador,005,37829,118,58,0,58,0
2020-07-22,Butte,007,227075,968,694,11,705,5
2020-07-22,Calaveras,009,45235,116,98,0,98,0
2020-07-22,Colusa,011,21464,322,236,0,236,0
2020-07-22,Contra Costa,013,1133247,8728,6401,25,6426,98
2020-07-22,Del Norte,015,27424,84,66,0,66,0
2020-07-22,El Dorado,017,186661,690,466,0,466,1
2020-07-22,Fresno,019,978130,19122,11756,166,11922,110
2020-07-22,Glenn,021,27897,338,236,0,236,1
2020-07-22,Humboldt,023,135768,238,201,1,202,4
2020-07-22,Imperial,025,180216,9933,7533,6,7539,134
2020-07-22,Inyo,027,18085,49,38,1,39,1
2020-07-22,Kern,029,883053,21718,13513,96,13609,127
2020-07-22,Kings,031,150075,4138,3271,25,3296,38
2020-07-22,Lake,033,64148,197,160,0,160,1
2020-07-22,Lassen,035,31185,568,500,2,502,0
2020-07-22,Los Angeles,037,10098052,184079,165242,394,165636,4218
2020-07-22,Madera,039,155013,2333,1578,4,1582,10
2020-07-22,Marin,041,260295,4998,4373,5,4378,23
2020-07-22,Mariposa,043,17540,55,38,0,38,1
2020-07-22,Mendocino,045,87422,243,166,0,166,0
2020-07-22,Merced,047,269075,4755,2828,2,2830,15
2020-07-22,Modoc,049,8938,3,0,0,0,0
2020-07-22,Mono,051,14174,128,82,1,83,1
2020-07-22,Monterey,053,433212,4574,3533,14,3547,20
2020-07-22,Napa,055,140530,1004,687,0,687,5
2020-07-22,Nevada,057,99092,308,239,12,251,1
2020-07-22,Orange,059,3164182,39997,32047,674,32721,522
2020-07-22,Placer,061,380077,1949,1469,3,1472,12
2020-07-22,Plumas,063,18699,31,20,0,20,0
2020-07-22,Riverside,065,2383286,40547,33093,40,33133,612
2020-07-22,Sacramento,067,1510023,10861,8028,11,8039,106
2020-07-22,San Benito,069,59416,605,465,0,465,2
2020-07-22,San Bernardino,071,2135413,35899,26820,123,26943,348
2020-07-22,San Diego,073,3302833,29516,25109,2,25111,505
2020-07-22,San Francisco,075,870044,6546,5473,6,5479,53
2020-07-22,San Joaquin,077,732212,12754,9628,6,9634,102
2020-07-22,San Luis Obispo,079,281455,1858,1373,9,1382,7
2020-07-22,San Mateo,081,765935,5789,4796,7,4803,112
2020-07-22,Santa Barbara,083,443738,6219,5508,58,5566,29
2020-07-22,Santa Clara,085,1922200,11164,8266,28,8294,166
2020-07-22,Santa Cruz,087,273765,1116,866,8,874,3
2020-07-22,Shasta,089,179085,417,246,1,247,9
2020-07-22,Sierra,091,2930,1,1,0,1,0
2020-07-22,Siskiyou,093,43540,81,52,0,52,0
2020-07-22,Solano,095,438530,3818,2839,12,2851,29
2020-07-22,Sonoma,097,501317,3154,2255,5,2260,17
2020-07-22,Stanislaus,099,539301,10003,7401,11,7412,71
2020-07-22,Sutter,101,95872,685,551,0,551,2
2020-07-22,Tehama,103,63373,231,155,2,157,1
2020-07-22,Trinity,105,12862,23,3,6,9,0
2020-07-22,Tulare,107,460477,9864,7640,33,7673,167
2020-07-22,Tuolumne,109,53932,134,91,2,93,0
2020-07-22,Ventura,111,848112,7839,6223,26,6249,56
2020-07-22,Yolo,113,214977,1625,1233,3,1236,34
2020-07-22,Yuba,115,75493,375,288,0,288,1
2020-07-21,Alameda,001,1643700,11909,9390,38,9428,166
2020-07-21,Alpine,003,1148,2,2,0,2,0
2020-07-21,Amador,005,37829,113,55,0,55,0
2020-07-21,Butte,007,227075,923,659,10,669,5
2020-07-21,Calaveras,009,45235,110,96,0,96,0
2020-07-21,Colusa,011,21464,298,227,0,227,0
2020-07-21,Contra Costa,013,1133247,8486,6210,25,6235,98
2020-07-21,Del Norte,015,27424,84,66,0,66,0
2020-07-21,El Dorado,017,186661,682,440,0,440,1
2020-07-21,Fresno,019,978130,18723,11412,160,11572,107
2020-07-21,Glenn,021,27897,331,229,0,229,1
2020-07-21,Humboldt,023,135768,236,198,1,199,4
2020-07-21,Imperial,025,180216,9884,7458,6,7464,128
2020-07-21,Inyo,027,18085,48,38,1,39,1
2020-07-21,Kern,029,883053,21296,11998,90,12088,119
2020-07-21,Kings,031,150075,4073,3187,24,3211,38
2020-07-21,Lake,033,64148,197,157,0,157,1
2020-07-21,Lassen,035,31185,566,474,2,476,0
2020-07-21,Los Angeles,037,10098052,181096,162205,371,162576,4159
2020-07-21,Madera,039,155013,2268,1508,3,1511,10
2020-07-21,Marin,041,260295,4926,4318,5,4323,21
2020-07-21,Mariposa,043,17540,54,37,0,37,1
2020-07-21,Mendocino,045,87422,232,160,0,160,0
2020-07-21,Merced,047,269075,4576,2725,2,2727,15
2020-07-21,Modoc,049,8938,3,0,0,0,0
2020-07-21,Mono,051,14174,124,79,1,80,1
2020-07-21,Monterey,053,433212,4442,3404,13,3417,20
2020-07-21,Napa,055,140530,977,660,0,660,5
2020-07-21,Nevada,057,99092,306,228,10,238,1
2020-07-21,Orange,059,3164182,39500,31356,642,31998,515
2020-07-21,Placer,061,380077,1908,1413,3,1416,11
2020-07-21,Plumas,063,18699,31,19,0,19,0
2020-07-21,Riverside,065,2383286,39845,32231,40,32271,583
2020-07-21,Sacramento,067,1510023,10589,7789,10,7799,102
2020-07-21,San Benito,069,59416,594,444,0,444,2
2020-07-21,San Bernardino,071,2135413,35250,25323,116,25439,343
2020-07-21,San Diego,073,3302833,29067,24522,2,24524,487
2020-07-21,San Francisco,075,870044,6437,5377,6,5383,53
2020-07-21,San Joaquin,077,732212,12425,9150,6,9156,99
2020-07-21,San Luis Obispo,079,281455,1809,1338,9,1347,7
2020-07-21,San Mateo,081,765935,5697,4733,7,4740,111
2020-07-21,Santa Barbara,083,443738,6138,5422,57,5479,29
2020-07-21,Santa Clara,085,1922200,10901,7989,28,8017,164
2020-07-21,Santa Cruz,087,273765,1083,835,8,843,3
2020-07-21,Shasta,089,179085,409,241,1,242,9
2020-07-21,Sierra,091,2930,1,1,0,1,0
2020-07-21,Siskiyou,093,43540,81,48,0,48,0
2020-07-21,Solano,095,438530,3745,2727,12,2739,27
2020-07-21,Sonoma,097,501317,3097,2200,5,2205,17
2020-07-21,Stanislaus,099,539301,9740,6984,11,6995,69
2020-07-21,Sutter,101,95872,669,533,0,533,2
2020-07-21,Tehama,103,63373,221,150,2,152,1
2020-07-21,Trinity,105,12862,23,2,6,8,0
2020-07-21,Tulare,107,460477,9662,7447,33,7480,167
2020-07-21,Tuolumne,109,53932,132,75,2,77,0
2020-07-21,Ventura,111,848112,7707,6131,26,6157,55
2020-07-21,Yolo,113,214977,1571,1204,3,1207,34
2020-07-21,Yuba,115,75493,369,269,0,269,1
2020-07-20,Alameda,001,1643700,11655,9244,37,9281,162
2020-07-20,Alpine,003,1148,2,2,0,2,0
2020-07-20,Amador,005,37829,110,53,0,53,0
2020-07-20,Butte,007,227075,885,586,10,596,4
2020-07-20,Calaveras,009,45235,107,90,0,90,0
2020-07-20,Colusa,011,21464,287,217,0,217,0
2020-07-20,Contra Costa,013,1133247,8278,5823,25,5848,97
2020-07-20,Del Norte,015,27424,84,61,0,61,0
2020-07-20,El Dorado,017,186661,659,407,0,407,0
2020-07-20,Fresno,019,978130,18282,10891,159,11050,106
2020-07-20,Glenn,021,27897,323,225,0,225,1
2020-07-20,Humboldt,023,135768,229,194,1,195,4
2020-07-20,Imperial,025,180216,9844,7337,6,7343,124
2020-07-20,Inyo,027,18085,46,38,1,39,1
2020-07-20,Kern,029,883053,20786,10908,86,10994,118
2020-07-20,Kings,031,150075,4023,3093,24,3117,37
2020-07-20,Lake,033,64148,194,147,0,147,1
2020-07-20,Lassen,035,31185,564,474,2,476,0
2020-07-20,Los Angeles,037,10098052,178137,159202,344,159546,4108
2020-07-20,Madera,039,155013,2193,1433,3,1436,10
2020-07-20,Marin,041,260295,4844,4255,5,4260,21
2020-07-20,Mariposa,043,17540,53,36,0,36,1
2020-07-20,Mendocino,045,87422,219,153,0,153,0
2020-07-20,Merced,047,269075,4406,2584,2,2586,15
2020-07-20,Modoc,049,8938,3,0,0,0,0
2020-07-20,Mono,051,14174,118,78,1,79,1
2020-07-20,Monterey,053,433212,4336,3205,13,3218,19
2020-07-20,Napa,055,140530,942,632,0,632,5
2020-07-20,Nevada,057,99092,298,218,10,228,1
2020-07-20,Orange,059,3164182,38890,30337,612,30949,507
2020-07-20,Placer,061,380077,1856,1364,3,1367,11
2020-07-20,Plumas,063,18699,30,17,0,17,0
2020-07-20,Riverside,065,2383286,39014,31163,40,31203,581
2020-07-20,Sacramento,067,1510023,10261,7369,10,7379,99
2020-07-20,San Benito,069,59416,576,433,0,433,2
2020-07-20,San Bernardino,071,2135413,34439,24226,112,24338,338
2020-07-20,San Diego,073,3302833,28625,24137,2,24139,478
2020-07-20,San Francisco,075,870044,6316,5090,6,5096,53
2020-07-20,San Joaquin,077,732212,12069,8583,6,8589,97
2020-07-20,San Luis Obispo,079,281455,1767,1282,9,1291,6
2020-07-20,San Mateo,081,765935,5596,4609,7,4616,111
2020-07-20,Santa Barbara,083,443738,6024,5266,55,5321,29
2020-07-20,Santa Clara,085,1922200,10672,7711,27,7738,164
2020-07-20,Santa Cruz,087,273765,1051,758,8,766,3
2020-07-20,Shasta,089,179085,394,233,1,234,9
2020-07-20,Sierra,091,2930,1,1,0,1,0
2020-07-20,Siskiyou,093,43540,77,42,0,42,0
2020-07-20,Solano,095,438530,3662,2537,12,2549,26
2020-07-20,Sonoma,097,501317,2989,2148,5,2153,17
2020-07-20,Stanislaus,099,539301,9457,6835,11,6846,58
2020-07-20,Sutter,101,95872,636,507,0,507,2
2020-07-20,Tehama,103,63373,211,146,2,148,1
2020-07-20,Trinity,105,12862,23,2,6,8,0
2020-07-20,Tulare,107,460477,9428,6974,33,7007,166
2020-07-20,Tuolumne,109,53932,131,75,2,77,0
2020-07-20,Ventura,111,848112,7573,5912,26,5938,52
2020-07-20,Yolo,113,214977,1531,1155,3,1158,30
2020-07-20,Yuba,115,75493,349,258,0,258,1
2020-07-19,Alameda,001,1643700,11416,9227,31,9258,162
2020-07-19,Alpine,003,1148,2,2,0,2,0
2020-07-19,Amador,005,37829,103,51,0,51,0
2020-07-19,Butte,007,227075,860,555,10,565,4
2020-07-19,Calaveras,009,45235,105,89,0,89,0
2020-07-19,Colusa,011,21464,279,187,0,187,0
2020-07-19,Contra Costa,013,1133247,7987,5691,23,5714,95
2020-07-19,Del Norte,015,27424,83,61,0,61,0
2020-07-19,El Dorado,017,186661,641,385,0,385,0
2020-07-19,Fresno,019,978130,17758,10639,147,10786,106
2020-07-19,Glenn,021,27897,309,215,0,215,0
2020-07-19,Humboldt,023,135768,221,195,1,196,4
2020-07-19,Imperial,025,180216,9753,7280,6,7286,124
2020-07-19,Inyo,027,18085,42,38,1,39,1
2020-07-19,Kern,029,883053,20169,10094,79,10173,115
2020-07-19,Kings,031,150075,3937,3035,24,3059,37
2020-07-19,Lake,033,64148,189,144,0,144,1
2020-07-19,Lassen,035,31185,545,474,2,476,0
2020-07-19,Los Angeles,037,10098052,174696,156039,321,156360,4100
2020-07-19,Madera,039,155013,2116,1301,3,1304,10
2020-07-19,Marin,041,260295,4789,4172,5,4177,21
2020-07-19,Mariposa,043,17540,49,35,0,35,1
2020-07-19,Mendocino,045,87422,214,137,0,137,0
2020-07-19,Merced,047,269075,4199,2460,2,2462,15
2020-07-19,Modoc,049,8938,3,0,0,0,0
2020-07-19,Mono,051,14174,107,63,1,64,1
2020-07-19,Monterey,053,433212,4216,3079,13,3092,18
2020-07-19,Napa,055,140530,913,612,0,612,5
2020-07-19,Nevada,057,99092,292,210,10,220,1
2020-07-19,Orange,059,3164182,38326,29941,599,30540,505
2020-07-19,Placer,061,380077,1808,1246,3,1249,11
2020-07-19,Plumas,063,18699,30,17,0,17,0
2020-07-19,Riverside,065,2383286,38309,30340,40,30380,581
2020-07-19,Sacramento,067,1510023,9869,6985,10,6995,97
2020-07-19,San Benito,069,59416,560,412,0,412,2
2020-07-19,San Bernardino,071,2135413,33665,23928,100,24028,337
2020-07-19,San Diego,073,3302833,28124,23684,2,23686,478
2020-07-19,San Francisco,075,870044,6169,5094,6,5100,52
2020-07-19,San Joaquin,077,732212,11663,8308,6,8314,93
2020-07-19,San Luis Obispo,079,281455,1723,1262,8,1270,6
2020-07-19,San Mateo,081,765935,5489,4522,7,4529,110
2020-07-19,Santa Barbara,083,443738,5922,5145,52,5197,29
2020-07-19,Santa Clara,085,1922200,10428,7403,27,7430,164
2020-07-19,Santa Cruz,087,273765,1007,753,8,761,3
2020-07-19,Shasta,089,179085,381,218,1,219,9
2020-07-19,Sierra,091,2930,1,1,0,1,0
2020-07-19,Siskiyou,093,43540,75,42,0,42,0
2020-07-19,Solano,095,438530,3557,2551,12,2563,26
2020-07-19,Sonoma,097,501317,2889,2074,5,2079,17
2020-07-19,Stanislaus,099,539301,9161,6508,11,6519,58
2020-07-19,Sutter,101,95872,605,480,0,480,2
2020-07-19,Tehama,103,63373,207,138,2,140,1
2020-07-19,Trinity,105,12862,23,2,6,8,0
2020-07-19,Tulare,107,460477,9180,6856,33,6889,166
2020-07-19,Tuolumne,109,53932,126,75,2,77,0
2020-07-19,Ventura,111,848112,7383,5706,26,5732,52
2020-07-19,Yolo,113,214977,1491,1127,3,1130,30
2020-07-19,Yuba,115,75493,329,240,0,240,1
2020-07-18,Alameda,001,1643700,11280,9089,30,9119,162
2020-07-18,Alpine,003,1148,2,2,0,2,0
2020-07-18,Amador,005,37829,99,49,0,49,0
2020-07-18,Butte,007,227075,851,551,10,561,4
2020-07-18,Calaveras,009,45235,101,89,0,89,0
2020-07-18,Colusa,011,21464,274,182,0,182,0
2020-07-18,Contra Costa,013,1133247,7852,5617,23,5640,95
2020-07-18,Del Norte,015,27424,83,61,0,61,0
2020-07-18,El Dorado,017,186661,638,385,0,385,0
2020-07-18,Fresno,019,978130,17509,10381,145,10526,106
2020-07-18,Glenn,021,27897,303,212,0,212,0
2020-07-18,Humboldt,023,135768,218,189,1,190,4
2020-07-18,Imperial,025,180216,9722,7268,6,7274,124
2020-07-18,Inyo,027,18085,42,38,1,39,1
2020-07-18,Kern,029,883053,19866,9250,76,9326,114
2020-07-18,Kings,031,150075,3897,2996,23,3019,37
2020-07-18,Lake,033,64148,186,142,0,142,1
2020-07-18,Lassen,035,31185,544,474,2,476,0
2020-07-18,Los Angeles,037,10098052,173252,153265,310,153575,4088
2020-07-18,Madera,039,155013,2070,1260,3,1263,9
2020-07-18,Marin,041,260295,4760,4089,5,4094,21
2020-07-18,Mariposa,043,17540,49,35,0,35,1
2020-07-18,Mendocino,045,87422,208,137,0,137,0
2020-07-18,Merced,047,269075,4080,2424,2,2426,15
2020-07-18,Modoc,049,8938,3,0,0,0,0
2020-07-18,Mono,051,14174,105,54,1,55,1
2020-07-18,Monterey,053,433212,4148,3020,13,3033,17
2020-07-18,Napa,055,140530,902,609,0,609,5
2020-07-18,Nevada,057,99092,288,204,9,213,1
2020-07-18,Orange,059,3164182,38007,29603,578,30181,493
2020-07-18,Placer,061,380077,1785,1233,3,1236,11
2020-07-18,Plumas,063,18699,30,17,0,17,0
2020-07-18,Riverside,065,2383286,37955,30245,39,30284,581
2020-07-18,Sacramento,067,1510023,9624,6739,10,6749,95
2020-07-18,San Benito,069,59416,545,407,0,407,2
2020-07-18,San Bernardino,071,2135413,33205,23680,93,23773,336
2020-07-18,San Diego,073,3302833,27821,23116,2,23118,478
2020-07-18,San Francisco,075,870044,6067,5051,6,5057,52
2020-07-18,San Joaquin,077,732212,11450,8118,6,8124,93
2020-07-18,San Luis Obispo,079,281455,1688,1234,8,1242,6
2020-07-18,San Mateo,081,765935,5429,4488,7,4495,110
2020-07-18,Santa Barbara,083,443738,5862,5110,50,5160,29
2020-07-18,Santa Clara,085,1922200,10278,7255,26,7281,164
2020-07-18,Santa Cruz,087,273765,990,751,8,759,3
2020-07-18,Shasta,089,179085,372,216,1,217,9
2020-07-18,Sierra,091,2930,1,1,0,1,0
2020-07-18,Siskiyou,093,43540,71,42,0,42,0
2020-07-18,Solano,095,438530,3516,2503,12,2515,26
2020-07-18,Sonoma,097,501317,2838,2019,5,2024,15
2020-07-18,Stanislaus,099,539301,9026,6344,11,6355,58
2020-07-18,Sutter,101,95872,599,473,0,473,2
2020-07-18,Tehama,103,63373,202,136,2,138,1
2020-07-18,Trinity,105,12862,23,2,6,8,0
2020-07-18,Tulare,107,460477,9089,6810,32,6842,167
2020-07-18,Tuolumne,109,53932,123,75,2,77,0
2020-07-18,Ventura,111,848112,7301,5630,26,5656,52
2020-07-18,Yolo,113,214977,1463,1077,3,1080,30
2020-07-18,Yuba,115,75493,318,237,0,237,1
2020-07-17,Alameda,001,1643700,11139,8893,29,8922,160
2020-07-17,Alpine,003,1148,2,1,0,1,0
2020-07-17,Amador,005,37829,97,48,0,48,0
2020-07-17,Butte,007,227075,837,497,10,507,4
2020-07-17,Calaveras,009,45235,99,86,0,86,0
2020-07-17,Colusa,011,21464,272,146,0,146,0
2020-07-17,Contra Costa,013,1133247,7704,5483,23,5506,93
2020-07-17,Del Norte,015,27424,82,60,0,60,0
2020-07-17,El Dorado,017,186661,622,368,0,368,0
2020-07-17,Fresno,019,978130,17211,9954,145,10099,104
2020-07-17,Glenn,021,27897,296,203,0,203,0
2020-07-17,Humboldt,023,135768,217,185,1,186,4
2020-07-17,Imperial,025,180216,9700,7193,6,7199,120
2020-07-17,Inyo,027,18085,42,38,1,39,1
2020-07-17,Kern,029,883053,19546,8291,75,8366,113
2020-07-17,Kings,031,150075,3858,2978,23,3001,37
2020-07-17,Lake,033,64148,184,139,0,139,1
2020-07-17,Lassen,035,31185,525,391,2,393,0
2020-07-17,Los Angeles,037,10098052,170879,150481,298,150779,4052
2020-07-17,Madera,039,155013,2026,1214,3,1217,9
2020-07-17,Marin,041,260295,4723,3839,5,3844,21
2020-07-17,Mariposa,043,17540,47,35,0,35,1
2020-07-17,Mendocino,045,87422,200,126,0,126,0
2020-07-17,Merced,047,269075,4005,2328,2,2330,12
2020-07-17,Modoc,049,8938,2,0,0,0,0
2020-07-17,Mono,051,14174,100,54,1,55,1
2020-07-17,Monterey,053,433212,4019,2922,13,2935,18
2020-07-17,Napa,055,140530,888,598,0,598,5
2020-07-17,Nevada,057,99092,281,200,9,209,1
2020-07-17,Orange,059,3164182,37544,28962,545,29507,485
2020-07-17,Placer,061,380077,1756,1207,3,1210,11
2020-07-17,Plumas,063,18699,27,16,0,16,0
2020-07-17,Riverside,065,2383286,37356,29639,39,29678,580
2020-07-17,Sacramento,067,1510023,9380,6563,10,6573,95
2020-07-17,San Benito,069,59416,530,399,0,399,2
2020-07-17,San Bernardino,071,2135413,32685,23057,90,23147,322
2020-07-17,San Diego,073,3302833,27432,22491,2,22493,472
2020-07-17,San Francisco,075,870044,5973,4967,6,4973,52
2020-07-17,San Joaquin,077,732212,11206,7925,6,7931,86
2020-07-17,San Luis Obispo,079,281455,1651,1190,8,1198,6
2020-07-17,San Mateo,081,765935,5333,4407,7,4414,110
2020-07-17,Santa Barbara,083,443738,5790,5001,49,5050,29
2020-07-17,Santa Clara,085,1922200,10060,7080,26,7106,164
2020-07-17,Santa Cruz,087,273765,968,716,8,724,3
2020-07-17,Shasta,089,179085,360,213,1,214,8
2020-07-17,Sierra,091,2930,1,1,0,1,0
2020-07-17,Siskiyou,093,43540,70,40,0,40,0
2020-07-17,Solano,095,438530,3467,2452,12,2464,26
2020-07-17,Sonoma,097,501317,2790,1982,5,1987,15
2020-07-17,Stanislaus,099,539301,8852,6220,11,6231,56
2020-07-17,Sutter,101,95872,586,458,0,458,2
2020-07-17,Tehama,103,63373,198,128,2,130,1
2020-07-17,Trinity,105,12862,23,2,6,8,0
2020-07-17,Tulare,107,460477,8953,6671,32,6703,166
2020-07-17,Tuolumne,109,53932,122,73,2,75,0
2020-07-17,Ventura,111,848112,7217,5451,26,5477,51
2020-07-17,Yolo,113,214977,1439,1055,3,1058,30
2020-07-17,Yuba,115,75493,308,231,0,231,1
2020-07-16,Alameda,001,1643700,10905,8719,24,8743,153
2020-07-16,Alpine,003,1148,2,1,0,1,0
2020-07-16,Amador,005,37829,94,46,0,46,0
2020-07-16,Butte,007,227075,800,465,9,474,4
2020-07-16,Calaveras,009,45235,97,82,0,82,0
2020-07-16,Colusa,011,21464,263,140,0,140,0
2020-07-16,Contra Costa,013,1133247,7492,5338,17,5355,91
2020-07-16,Del Norte,015,27424,82,60,0,60,0
2020-07-16,El Dorado,017,186661,605,357,0,357,0
2020-07-16,Fresno,019,978130,16700,9481,136,9617,101
2020-07-16,Glenn,021,27897,287,190,0,190,0
2020-07-16,Humboldt,023,135768,215,184,1,185,4
2020-07-16,Imperial,025,180216,9605,7148,6,7154,113
2020-07-16,Inyo,027,18085,42,38,1,39,1
2020-07-16,Kern,029,883053,19024,7435,73,7508,112
2020-07-16,Kings,031,150075,3691,2937,23,2960,37
2020-07-16,Lake,033,64148,179,128,0,128,1
2020-07-16,Lassen,035,31185,524,355,2,357,0
2020-07-16,Los Angeles,037,10098052,167662,147759,273,148032,3994
2020-07-16,Madera,039,155013,1962,1192,3,1195,8
2020-07-16,Marin,041,260295,4651,3546,5,3551,21
2020-07-16,Mariposa,043,17540,45,34,0,34,1
2020-07-16,Mendocino,045,87422,195,121,0,121,0
2020-07-16,Merced,047,269075,3843,2228,2,2230,12
2020-07-16,Modoc,049,8938,1,0,0,0,0
2020-07-16,Mono,051,14174,97,53,1,54,1
2020-07-16,Monterey,053,433212,3915,2857,12,2869,18
2020-07-16,Napa,055,140530,859,581,0,581,5
2020-07-16,Nevada,057,99092,278,191,9,200,1
2020-07-16,Orange,059,3164182,36843,28525,509,29034,471
2020-07-16,Placer,061,380077,1708,1168,3,1171,11
2020-07-16,Plumas,063,18699,25,16,0,16,0
2020-07-16,Riverside,065,2383286,36611,28904,37,28941,577
2020-07-16,Sacramento,067,1510023,9067,6440,9,6449,91
2020-07-16,San Benito,069,59416,513,389,0,389,2
2020-07-16,San Bernardino,071,2135413,31824,22355,72,22427,321
2020-07-16,San Diego,073,3302833,26945,21857,2,21859,465
2020-07-16,San Francisco,075,870044,5832,4838,6,4844,52
2020-07-16,San Joaquin,077,732212,10843,7713,6,7719,82
2020-07-16,San Luis Obispo,079,281455,1607,1146,8,1154,6
2020-07-16,San Mateo,081,765935,5229,4336,7,4343,110
2020-07-16,Santa Barbara,083,443738,5695,4872,48,4920,28
2020-07-16,Santa Clara,085,1922200,9780,6990,24,7014,164
2020-07-16,Santa Cruz,087,273765,927,698,8,706,3
2020-07-16,Shasta,089,179085,345,208,1,209,7
2020-07-16,Sierra,091,2930,1,1,0,1,0
2020-07-16,Siskiyou,093,43540,67,39,0,39,0
2020-07-16,Solano,095,438530,3373,2372,12,2384,25
2020-07-16,Sonoma,097,501317,2700,1954,5,1959,14
2020-07-16,Stanislaus,099,539301,8570,6077,10,6087,56
2020-07-16,Sutter,101,95872,570,444,0,444,2
2020-07-16,Tehama,103,63373,188,126,2,128,1
2020-07-16,Trinity,105,12862,23,2,5,7,0
2020-07-16,Tulare,107,460477,8737,6467,31,6498,163
2020-07-16,Tuolumne,109,53932,117,71,2,73,0
2020-07-16,Ventura,111,848112,7055,5231,26,5257,50
2020-07-16,Yolo,113,214977,1398,1034,3,1037,29
2020-07-16,Yuba,115,75493,290,221,0,221,1
2020-07-15,Alameda,001,1643700,10700,8615,19,8634,153
2020-07-15,Alpine,003,1148,2,1,0,1,0
2020-07-15,Amador,005,37829,73,44,0,44,0
2020-07-15,Butte,007,227075,758,420,9,429,4
2020-07-15,Calaveras,009,45235,97,75,0,75,0
2020-07-15,Colusa,011,21464,258,135,0,135,0
2020-07-15,Contra Costa,013,1133247,7261,5246,17,5263,90
2020-07-15,Del Norte,015,27424,81,60,0,60,0
2020-07-15,El Dorado,017,186661,581,339,0,339,0
2020-07-15,Fresno,019,978130,16226,9124,129,9253,101
2020-07-15,Glenn,021,27897,278,184,0,184,0
2020-07-15,Humboldt,023,135768,213,181,1,182,4
2020-07-15,Imperial,025,180216,9538,7110,6,7116,110
2020-07-15,Inyo,027,18085,42,36,1,37,1
2020-07-15,Kern,029,883053,18404,7155,70,7225,108
2020-07-15,Kings,031,150075,3630,2906,23,2929,37
2020-07-15,Lake,033,64148,177,122,0,122,1
2020-07-15,Lassen,035,31185,520,319,2,321,0
2020-07-15,Los Angeles,037,10098052,164198,143343,258,143601,3946
2020-07-15,Madera,039,155013,1893,1147,3,1150,4
2020-07-15,Marin,041,260295,4596,3458,5,3463,21
2020-07-15,Mariposa,043,17540,45,34,0,34,1
2020-07-15,Mendocino,045,87422,192,119,0,119,0
2020-07-15,Merced,047,269075,3693,2156,2,2158,12
2020-07-15,Modoc,049,8938,1,0,0,0,0
2020-07-15,Mono,051,14174,95,52,1,53,1
2020-07-15,Monterey,053,433212,3803,2780,12,2792,18
2020-07-15,Napa,055,140530,833,573,0,573,5
2020-07-15,Nevada,057,99092,274,185,7,192,1
2020-07-15,Orange,059,3164182,36043,27718,475,28193,454
2020-07-15,Placer,061,380077,1650,1145,3,1148,11
2020-07-15,Plumas,063,18699,25,16,0,16,0
2020-07-15,Riverside,065,2383286,35828,28492,35,28527,568
2020-07-15,Sacramento,067,1510023,8686,6217,9,6226,91
2020-07-15,San Benito,069,59416,504,388,0,388,2
2020-07-15,San Bernardino,071,2135413,31035,21508,56,21564,317
2020-07-15,San Diego,073,3302833,26478,21448,2,21450,448
2020-07-15,San Francisco,075,870044,5718,4757,6,4763,50
2020-07-15,San Joaquin,077,732212,10411,7381,5,7386,75
2020-07-15,San Luis Obispo,079,281455,1564,1097,8,1105,6
2020-07-15,San Mateo,081,765935,5116,4258,7,4265,109
2020-07-15,Santa Barbara,083,443738,5580,4733,48,4781,28
2020-07-15,Santa Clara,085,1922200,9476,6900,24,6924,164
2020-07-15,Santa Cruz,087,273765,891,660,7,667,3
2020-07-15,Shasta,089,179085,336,193,1,194,7
2020-07-15,Sierra,091,2930,1,1,0,1,0
2020-07-15,Siskiyou,093,43540,66,38,0,38,0
2020-07-15,Solano,095,438530,3278,2343,12,2355,25
2020-07-15,Sonoma,097,501317,2602,1920,5,1925,14
2020-07-15,Stanislaus,099,539301,8273,5777,10,5787,56
2020-07-15,Sutter,101,95872,544,433,0,433,2
2020-07-15,Tehama,103,63373,180,126,2,128,1
2020-07-15,Trinity,105,12862,22,2,5,7,0
2020-07-15,Tulare,107,460477,8526,6320,30,6350,156
2020-07-15,Tuolumne,109,53932,110,68,2,70,0
2020-07-15,Ventura,111,848112,6878,5087,26,5113,50
2020-07-15,Yolo,113,214977,1366,1002,3,1005,27
2020-07-15,Yuba,115,75493,278,221,0,221,1
2020-07-14,Alameda,001,1643700,10358,8388,13,8401,151
2020-07-14,Alpine,003,1148,2,1,0,1,0
2020-07-14,Amador,005,37829,69,44,0,44,0
2020-07-14,Butte,007,227075,712,382,9,391,4
2020-07-14,Calaveras,009,45235,95,74,0,74,0
2020-07-14,Colusa,011,21464,248,128,0,128,0
2020-07-14,Contra Costa,013,1133247,7024,5110,15,5125,90
2020-07-14,Del Norte,015,27424,80,60,0,60,0
2020-07-14,El Dorado,017,186661,566,324,0,324,0
2020-07-14,Fresno,019,978130,15806,8941,124,9065,98
2020-07-14,Glenn,021,27897,268,177,0,177,0
2020-07-14,Humboldt,023,135768,210,175,1,176,4
2020-07-14,Imperial,025,180216,9410,7095,6,7101,109
2020-07-14,Inyo,027,18085,42,35,1,36,1
2020-07-14,Kern,029,883053,17645,6979,57,7036,107
2020-07-14,Kings,031,150075,3563,2867,22,2889,37
2020-07-14,Lake,033,64148,171,120,0,120,1
2020-07-14,Lassen,035,31185,503,263,2,265,0
2020-07-14,Los Angeles,037,10098052,161065,140632,228,140860,3900
2020-07-14,Madera,039,155013,1819,1118,3,1121,4
2020-07-14,Marin,041,260295,4482,3451,5,3456,21
2020-07-14,Mariposa,043,17540,41,32,0,32,1
2020-07-14,Mendocino,045,87422,184,110,0,110,0
2020-07-14,Merced,047,269075,3514,2084,2,2086,12
2020-07-14,Modoc,049,8938,1,0,0,0,0
2020-07-14,Mono,051,14174,85,48,1,49,1
2020-07-14,Monterey,053,433212,3689,2724,12,2736,18
2020-07-14,Napa,055,140530,777,557,0,557,4
2020-07-14,Nevada,057,99092,257,180,6,186,1
2020-07-14,Orange,059,3164182,35163,26915,428,27343,432
2020-07-14,Placer,061,380077,1592,1122,3,1125,11
2020-07-14,Plumas,063,18699,24,14,0,14,0
2020-07-14,Riverside,065,2383286,35071,27850,34,27884,547
2020-07-14,Sacramento,067,1510023,8332,5978,9,5987,87
2020-07-14,San Benito,069,59416,485,360,0,360,2
2020-07-14,San Bernardino,071,2135413,30184,20489,46,20535,316
2020-07-14,San Diego,073,3302833,25858,20887,2,20889,436
2020-07-14,San Francisco,075,870044,5568,4659,5,4664,50
2020-07-14,San Joaquin,077,732212,9983,7143,5,7148,75
2020-07-14,San Luis Obispo,079,281455,1526,1060,8,1068,5
2020-07-14,San Mateo,081,765935,5023,4173,7,4180,108
2020-07-14,Santa Barbara,083,443738,5456,4641,46,4687,28
2020-07-14,Santa Clara,085,1922200,9148,6686,21,6707,164
2020-07-14,Santa Cruz,087,273765,852,639,7,646,3
2020-07-14,Shasta,089,179085,327,190,1,191,7
2020-07-14,Sierra,091,2930,1,1,0,1,0
2020-07-14,Siskiyou,093,43540,65,38,0,38,0
2020-07-14,Solano,095,438530,3178,2266,10,2276,25
2020-07-14,Sonoma,097,501317,2509,1866,5,1871,14
2020-07-14,Stanislaus,099,539301,7899,5631,9,5640,53
2020-07-14,Sutter,101,95872,525,405,0,405,2
2020-07-14,Tehama,103,63373,168,123,2,125,1
2020-07-14,Trinity,105,12862,21,2,5,7,0
2020-07-14,Tulare,107,460477,8280,6199,30,6229,156
2020-07-14,Tuolumne,109,53932,105,68,2,70,0
2020-07-14,Ventura,111,848112,6717,4950,26,4976,50
2020-07-14,Yolo,113,214977,1318,966,3,969,27
2020-07-14,Yuba,115,75493,261,210,0,210,1
2020-07-13,Alameda,001,1643700,10049,8115,13,8128,148
2020-07-13,Alpine,003,1148,2,1,0,1,0
2020-07-13,Amador,005,37829,65,42,0,42,0
2020-07-13,Butte,007,227075,676,354,9,363,4
2020-07-13,Calaveras,009,45235,87,63,0,63,0
2020-07-13,Colusa,011,21464,242,116,0,116,0
2020-07-13,Contra Costa,013,1133247,6751,4882,13,4895,88
2020-07-13,Del Norte,015,27424,74,59,0,59,0
2020-07-13,El Dorado,017,186661,535,298,0,298,0
2020-07-13,Fresno,019,978130,15375,8666,119,8785,95
2020-07-13,Glenn,021,27897,261,168,0,168,0
2020-07-13,Humboldt,023,135768,205,174,1,175,4
2020-07-13,Imperial,025,180216,9325,7052,6,7058,109
2020-07-13,Inyo,027,18085,41,35,1,36,1
2020-07-13,Kern,029,883053,16960,6808,52,6860,107
2020-07-13,Kings,031,150075,3512,2824,22,2846,37
2020-07-13,Lake,033,64148,166,118,0,118,1
2020-07-13,Lassen,035,31185,498,237,2,239,0
2020-07-13,Los Angeles,037,10098052,157834,136368,214,136582,3829
2020-07-13,Madera,039,155013,1750,1059,3,1062,4
2020-07-13,Marin,041,260295,4378,3402,5,3407,21
2020-07-13,Mariposa,043,17540,40,31,0,31,1
2020-07-13,Mendocino,045,87422,180,87,0,87,0
2020-07-13,Merced,047,269075,3365,2007,2,2009,12
2020-07-13,Modoc,049,8938,1,0,0,0,0
2020-07-13,Mono,051,14174,81,47,0,47,1
2020-07-13,Monterey,053,433212,3566,2613,9,2622,18
2020-07-13,Napa,055,140530,741,534,0,534,4
2020-07-13,Nevada,057,99092,243,172,6,178,1
2020-07-13,Orange,059,3164182,34298,25978,395,26373,423
2020-07-13,Placer,061,380077,1547,1096,3,1099,11
2020-07-13,Plumas,063,18699,22,14,0,14,0
2020-07-13,Riverside,065,2383286,34146,27136,32,27168,545
2020-07-13,Sacramento,067,1510023,8035,5747,9,5756,85
2020-07-13,San Benito,069,59416,472,343,0,343,2
2020-07-13,San Bernardino,071,2135413,29306,19610,40,19650,313
2020-07-13,San Diego,073,3302833,25291,20348,2,20350,422
2020-07-13,San Francisco,075,870044,5440,4534,4,4538,50
2020-07-13,San Joaquin,077,732212,9567,6927,5,6932,71
2020-07-13,San Luis Obispo,079,281455,1495,989,8,997,5
2020-07-13,San Mateo,081,765935,4892,4057,7,4064,108
2020-07-13,Santa Barbara,083,443738,5342,4441,45,4486,28
2020-07-13,Santa Clara,085,1922200,8825,6488,20,6508,164
2020-07-13,Santa Cruz,087,273765,814,574,7,581,3
2020-07-13,Shasta,089,179085,316,185,1,186,6
2020-07-13,Sierra,091,2930,1,1,0,1,0
2020-07-13,Siskiyou,093,43540,61,37,0,37,0
2020-07-13,Solano,095,438530,3066,2046,10,2056,23
2020-07-13,Sonoma,097,501317,2398,1818,5,1823,14
2020-07-13,Stanislaus,099,539301,7596,5324,8,5332,53
2020-07-13,Sutter,101,95872,487,379,0,379,2
2020-07-13,Tehama,103,63373,155,112,2,114,1
2020-07-13,Trinity,105,12862,21,2,5,7,0
2020-07-13,Tulare,107,460477,8019,5930,28,5958,147
2020-07-13,Tuolumne,109,53932,97,56,2,58,0
2020-07-13,Ventura,111,848112,6527,4800,23,4823,50
2020-07-13,Yolo,113,214977,1272,941,3,944,27
2020-07-13,Yuba,115,75493,246,194,0,194,1
2020-07-12,Alameda,001,1643700,9778,8056,13,8069,148
2020-07-12,Alpine,003,1148,2,1,0,1,0
2020-07-12,Amador,005,37829,55,40,0,40,0
2020-07-12,Butte,007,227075,626,341,8,349,4
2020-07-12,Calaveras,009,45235,87,62,0,62,0
2020-07-12,Colusa,011,21464,208,116,0,116,0
2020-07-12,Contra Costa,013,1133247,6481,4708,11,4719,88
2020-07-12,Del Norte,015,27424,63,59,0,59,0
2020-07-12,El Dorado,017,186661,513,290,0,290,0
2020-07-12,Fresno,019,978130,14949,8407,114,8521,95
2020-07-12,Glenn,021,27897,248,166,0,166,0
2020-07-12,Humboldt,023,135768,201,174,1,175,4
2020-07-12,Imperial,025,180216,9207,6999,6,7005,109
2020-07-12,Inyo,027,18085,39,35,1,36,1
2020-07-12,Kern,029,883053,16216,6662,49,6711,105
2020-07-12,Kings,031,150075,3450,2779,22,2801,34
2020-07-12,Lake,033,64148,157,114,0,114,1
2020-07-12,Lassen,035,31185,491,237,2,239,0
2020-07-12,Los Angeles,037,10098052,154417,133830,185,134015,3816
2020-07-12,Madera,039,155013,1695,1025,3,1028,4
2020-07-12,Marin,041,260295,4301,3358,5,3363,21
2020-07-12,Mariposa,043,17540,39,31,0,31,1
2020-07-12,Mendocino,045,87422,161,88,0,88,0
2020-07-12,Merced,047,269075,3235,1908,2,1910,12
2020-07-12,Modoc,049,8938,1,0,0,0,0
2020-07-12,Mono,051,14174,71,45,0,45,1
2020-07-12,Monterey,053,433212,3451,2521,9,2530,18
2020-07-12,Napa,055,140530,709,519,0,519,4
2020-07-12,Nevada,057,99092,233,166,6,172,1
2020-07-12,Orange,059,3164182,33423,25399,386,25785,422
2020-07-12,Placer,061,380077,1491,1058,3,1061,11
2020-07-12,Plumas,063,18699,21,14,0,14,0
2020-07-12,Riverside,065,2383286,33386,26404,32,26436,542
2020-07-12,Sacramento,067,1510023,7723,5515,7,5522,85
2020-07-12,San Benito,069,59416,457,324,0,324,2
2020-07-12,San Bernardino,071,2135413,28394,19042,35,19077,312
2020-07-12,San Diego,073,3302833,24662,19929,2,19931,422
2020-07-12,San Francisco,075,870044,5290,4535,4,4539,50
2020-07-12,San Joaquin,077,732212,9205,6703,5,6708,71
2020-07-12,San Luis Obispo,079,281455,1448,972,7,979,5
2020-07-12,San Mateo,081,765935,4774,3988,7,3995,108
2020-07-12,Santa Barbara,083,443738,5212,4353,44,4397,28
2020-07-12,Santa Clara,085,1922200,8587,6252,19,6271,164
2020-07-12,Santa Cruz,087,273765,772,573,5,578,3
2020-07-12,Shasta,089,179085,310,173,1,174,6
2020-07-12,Sierra,091,2930,1,1,0,1,0
2020-07-12,Siskiyou,093,43540,59,36,0,36,0
2020-07-12,Solano,095,438530,2941,2037,10,2047,23
2020-07-12,Sonoma,097,501317,2304,1743,5,1748,13
2020-07-12,Stanislaus,099,539301,7292,5177,8,5185,53
2020-07-12,Sutter,101,95872,469,362,0,362,2
2020-07-12,Tehama,103,63373,148,111,2,113,1
2020-07-12,Trinity,105,12862,21,2,5,7,0
2020-07-12,Tulare,107,460477,7764,5864,27,5891,146
2020-07-12,Tuolumne,109,53932,89,52,2,54,0
2020-07-12,Ventura,111,848112,6311,4724,22,4746,50
2020-07-12,Yolo,113,214977,1231,889,3,892,27
2020-07-12,Yuba,115,75493,235,188,0,188,1
2020-07-11,Alameda,001,1643700,9676,7845,13,7858,148
2020-07-11,Alpine,003,1148,2,1,0,1,0
2020-07-11,Amador,005,37829,51,37,0,37,0
2020-07-11,Butte,007,227075,610,325,8,333,4
2020-07-11,Calaveras,009,45235,84,62,0,62,0
2020-07-11,Colusa,011,21464,203,110,0,110,0
2020-07-11,Contra Costa,013,1133247,6364,4650,11,4661,87
2020-07-11,Del Norte,015,27424,63,59,0,59,0
2020-07-11,El Dorado,017,186661,502,283,0,283,0
2020-07-11,Fresno,019,978130,14689,8086,112,8198,95
2020-07-11,Glenn,021,27897,240,161,0,161,0
2020-07-11,Humboldt,023,135768,200,174,1,175,4
2020-07-11,Imperial,025,180216,9168,6884,6,6890,109
2020-07-11,Inyo,027,18085,39,35,1,36,1
2020-07-11,Kern,029,883053,15859,6509,48,6557,103
2020-07-11,Kings,031,150075,3423,2753,22,2775,33
2020-07-11,Lake,033,64148,156,110,0,110,1
2020-07-11,Lassen,035,31185,490,237,2,239,0
2020-07-11,Los Angeles,037,10098052,152700,130479,175,130654,3802
2020-07-11,Madera,039,155013,1654,988,3,991,4
2020-07-11,Marin,041,260295,4273,3191,5,3196,21
2020-07-11,Mariposa,043,17540,39,31,0,31,1
2020-07-11,Mendocino,045,87422,157,88,0,88,0
2020-07-11,Merced,047,269075,3154,1851,2,1853,12
2020-07-11,Modoc,049,8938,1,0,0,0,0
2020-07-11,Mono,051,14174,68,45,0,45,1
2020-07-11,Monterey,053,433212,3362,2376,8,2384,18
2020-07-11,Napa,055,140530,697,509,0,509,4
2020-07-11,Nevada,057,99092,224,163,5,168,1
2020-07-11,Orange,059,3164182,33046,24430,372,24802,422
2020-07-11,Placer,061,380077,1456,1029,3,1032,11
2020-07-11,Plumas,063,18699,21,12,0,12,0
2020-07-11,Riverside,065,2383286,32995,25994,32,26026,538
2020-07-11,Sacramento,067,1510023,7549,5367,7,5374,84
2020-07-11,San Benito,069,59416,442,314,0,314,2
2020-07-11,San Bernardino,071,2135413,27957,18907,33,18940,310
2020-07-11,San Diego,073,3302833,24277,19371,2,19373,422
2020-07-11,San Francisco,075,870044,5194,4430,3,4433,50
2020-07-11,San Joaquin,077,732212,9027,6518,5,6523,72
2020-07-11,San Luis Obispo,079,281455,1400,930,7,937,4
2020-07-11,San Mateo,081,765935,4706,3956,7,3963,108
2020-07-11,Santa Barbara,083,443738,5143,4283,43,4326,28
2020-07-11,Santa Clara,085,1922200,8428,5959,19,5978,164
2020-07-11,Santa Cruz,087,273765,741,571,5,576,3
2020-07-11,Shasta,089,179085,303,168,1,169,6
2020-07-11,Sierra,091,2930,1,1,0,1,0
2020-07-11,Siskiyou,093,43540,59,36,0,36,0
2020-07-11,Solano,095,438530,2900,2034,10,2044,23
2020-07-11,Sonoma,097,501317,2266,1690,5,1695,13
2020-07-11,Stanislaus,099,539301,7151,4911,8,4919,51
2020-07-11,Sutter,101,95872,453,352,0,352,2
2020-07-11,Tehama,103,63373,146,111,2,113,1
2020-07-11,Trinity,105,12862,21,2,5,7,0
2020-07-11,Tulare,107,460477,7658,5780,27,5807,149
2020-07-11,Tuolumne,109,53932,87,50,2,52,0
2020-07-11,Ventura,111,848112,6215,4545,21,4566,49
2020-07-11,Yolo,113,214977,1202,833,3,836,27
2020-07-11,Yuba,115,75493,225,175,0,175,1
2020-07-10,Alameda,001,1643700,9519,7551,13,7564,147
2020-07-10,Alpine,003,1148,2,1,0,1,0
2020-07-10,Amador,005,37829,47,37,0,37,0
2020-07-10,Butte,007,227075,599,318,8,326,4
2020-07-10,Calaveras,009,45235,84,61,0,61,0
2020-07-10,Colusa,011,21464,197,103,0,103,0
2020-07-10,Contra Costa,013,1133247,6221,4482,11,4493,86
2020-07-10,Del Norte,015,27424,63,57,0,57,0
2020-07-10,El Dorado,017,186661,484,266,0,266,0
2020-07-10,Fresno,019,978130,14357,7760,109,7869,93
2020-07-10,Glenn,021,27897,235,157,0,157,0
2020-07-10,Humboldt,023,135768,199,168,1,169,4
2020-07-10,Imperial,025,180216,9123,6878,5,6883,98
2020-07-10,Inyo,027,18085,39,35,1,36,1
2020-07-10,Kern,029,883053,15426,6344,47,6391,102
2020-07-10,Kings,031,150075,3387,2707,22,2729,33
2020-07-10,Lake,033,64148,149,104,0,104,1
2020-07-10,Lassen,035,31185,489,235,2,237,0
2020-07-10,Los Angeles,037,10098052,150281,127503,169,127672,3750
2020-07-10,Madera,039,155013,1608,914,3,917,4
2020-07-10,Marin,041,260295,4210,3101,5,3106,21
2020-07-10,Mariposa,043,17540,38,31,0,31,1
2020-07-10,Mendocino,045,87422,149,88,0,88,0
2020-07-10,Merced,047,269075,3075,1802,2,1804,12
2020-07-10,Modoc,049,8938,1,0,0,0,0
2020-07-10,Mono,051,14174,67,45,0,45,1
2020-07-10,Monterey,053,433212,3283,2285,8,2293,18
2020-07-10,Napa,055,140530,686,496,0,496,4
2020-07-10,Nevada,057,99092,219,161,5,166,1
2020-07-10,Orange,059,3164182,32459,23692,369,24061,416
2020-07-10,Placer,061,380077,1414,1002,3,1005,11
2020-07-10,Plumas,063,18699,19,12,0,12,0
2020-07-10,Riverside,065,2383286,32478,25481,32,25513,533
2020-07-10,Sacramento,067,1510023,7294,5181,7,5188,81
2020-07-10,San Benito,069,59416,433,302,0,302,2
2020-07-10,San Bernardino,071,2135413,27432,18242,30,18272,308
2020-07-10,San Diego,073,3302833,23896,18862,2,18864,420
2020-07-10,San Francisco,075,870044,5103,4305,3,4308,50
2020-07-10,San Joaquin,077,732212,8794,6225,5,6230,67
2020-07-10,San Luis Obispo,079,281455,1362,891,7,898,4
2020-07-10,San Mateo,081,765935,4641,3844,7,3851,107
2020-07-10,Santa Barbara,083,443738,5046,4177,42,4219,28
2020-07-10,Santa Clara,085,1922200,8204,5819,19,5838,164
2020-07-10,Santa Cruz,087,273765,714,540,5,545,3
2020-07-10,Shasta,089,179085,299,158,1,159,6
2020-07-10,Sierra,091,2930,1,1,0,1,0
2020-07-10,Siskiyou,093,43540,59,31,0,31,0
2020-07-10,Solano,095,438530,2853,1950,10,1960,23
2020-07-10,Sonoma,097,501317,2219,1606,4,1610,13
2020-07-10,Stanislaus,099,539301,6981,4781,8,4789,46
2020-07-10,Sutter,101,95872,446,338,0,338,2
2020-07-10,Tehama,103,63373,145,107,2,109,1
2020-07-10,Trinity,105,12862,21,2,5,7,0
2020-07-10,Tulare,107,460477,7521,5677,27,5704,150
2020-07-10,Tuolumne,109,53932,86,49,2,51,0
2020-07-10,Ventura,111,848112,6101,4416,21,4437,48
2020-07-10,Yolo,113,214977,1178,794,3,797,27
2020-07-10,Yuba,115,75493,211,164,0,164,1
2020-07-09,Alameda,001,1643700,9283,7433,13,7446,146
2020-07-09,Alpine,003,1148,2,1,0,1,0
2020-07-09,Amador,005,37829,44,36,0,36,0
2020-07-09,Butte,007,227075,567,295,8,303,4
2020-07-09,Calaveras,009,45235,83,59,0,59,0
2020-07-09,Colusa,011,21464,189,97,0,97,0
2020-07-09,Contra Costa,013,1133247,5978,4388,11,4399,86
2020-07-09,Del Norte,015,27424,63,57,0,57,0
2020-07-09,El Dorado,017,186661,459,255,0,255,0
2020-07-09,Fresno,019,978130,13903,7385,106,7491,90
2020-07-09,Glenn,021,27897,225,150,0,150,0
2020-07-09,Humboldt,023,135768,196,166,1,167,4
2020-07-09,Imperial,025,180216,9028,6778,5,6783,87
2020-07-09,Inyo,027,18085,37,35,1,36,1
2020-07-09,Kern,029,883053,14781,6100,45,6145,95
2020-07-09,Kings,031,150075,3323,2686,21,2707,33
2020-07-09,Lake,033,64148,146,99,0,99,1
2020-07-09,Lassen,035,31185,433,221,2,223,0
2020-07-09,Los Angeles,037,10098052,147023,125062,145,125207,3698
2020-07-09,Madera,039,155013,1531,850,3,853,4
2020-07-09,Marin,041,260295,4058,2975,4,2979,20
2020-07-09,Mariposa,043,17540,38,32,0,32,1
2020-07-09,Mendocino,045,87422,145,88,0,88,0
2020-07-09,Merced,047,269075,2942,1728,2,1730,11
2020-07-09,Modoc,049,8938,1,0,0,0,0
2020-07-09,Mono,051,14174,63,45,0,45,1
2020-07-09,Monterey,053,433212,3158,2223,8,2231,17
2020-07-09,Napa,055,140530,669,468,0,468,4
2020-07-09,Nevada,057,99092,213,156,5,161,1
2020-07-09,Orange,059,3164182,31488,22960,351,23311,407
2020-07-09,Placer,061,380077,1372,982,3,985,11
2020-07-09,Plumas,063,18699,19,12,0,12,0
2020-07-09,Riverside,065,2383286,31585,24980,31,25011,529
2020-07-09,Sacramento,067,1510023,6967,4950,7,4957,81
2020-07-09,San Benito,069,59416,417,295,0,295,2
2020-07-09,San Bernardino,071,2135413,26559,17339,24,17363,307
2020-07-09,San Diego,073,3302833,23304,18404,2,18406,415
2020-07-09,San Francisco,075,870044,4971,4143,3,4146,50
2020-07-09,San Joaquin,077,732212,8435,6004,5,6009,66
2020-07-09,San Luis Obispo,079,281455,1322,869,7,876,3
2020-07-09,San Mateo,081,765935,4514,3792,7,3799,106
2020-07-09,Santa Barbara,083,443738,4914,4068,42,4110,28
2020-07-09,Santa Clara,085,1922200,7947,5638,18,5656,164
2020-07-09,Santa Cruz,087,273765,687,526,5,531,3
2020-07-09,Shasta,089,179085,293,155,1,156,5
2020-07-09,Sierra,091,2930,1,1,0,1,0
2020-07-09,Siskiyou,093,43540,55,31,0,31,0
2020-07-09,Solano,095,438530,2755,1892,10,1902,23
2020-07-09,Sonoma,097,501317,2133,1584,4,1588,13
2020-07-09,Stanislaus,099,539301,6665,4633,7,4640,46
2020-07-09,Sutter,101,95872,429,321,0,321,2
2020-07-09,Tehama,103,63373,140,102,2,104,1
2020-07-09,Trinity,105,12862,21,2,5,7,0
2020-07-09,Tulare,107,460477,7302,5501,26,5527,146
2020-07-09,Tuolumne,109,53932,85,47,2,49,0
2020-07-09,Ventura,111,848112,5933,4278,21,4299,47
2020-07-09,Yolo,113,214977,1131,764,3,767,27
2020-07-09,Yuba,115,75493,194,152,0,152,1
2020-07-08,Alameda,001,1643700,8991,7335,13,7348,142
2020-07-08,Alpine,003,1148,2,1,0,1,0
2020-07-08,Amador,005,37829,41,35,0,35,0
2020-07-08,Butte,007,227075,530,281,8,289,3
2020-07-08,Calaveras,009,45235,78,58,0,58,0
2020-07-08,Colusa,011,21464,176,90,0,90,0
2020-07-08,Contra Costa,013,1133247,5732,4268,9,4277,84
2020-07-08,Del Norte,015,27424,61,57,0,57,0
2020-07-08,El Dorado,017,186661,438,248,0,248,0
2020-07-08,Fresno,019,978130,13486,7102,98,7200,86
2020-07-08,Glenn,021,27897,214,146,0,146,0
2020-07-08,Humboldt,023,135768,193,162,1,163,4
2020-07-08,Imperial,025,180216,8941,6727,5,6732,76
2020-07-08,Inyo,027,18085,37,35,1,36,1
2020-07-08,Kern,029,883053,14203,5873,43,5916,91
2020-07-08,Kings,031,150075,3263,2629,18,2647,33
2020-07-08,Lake,033,64148,139,97,0,97,1
2020-07-08,Lassen,035,31185,337,221,2,223,0
2020-07-08,Los Angeles,037,10098052,143823,123462,118,123580,3650
2020-07-08,Madera,039,155013,1461,828,3,831,4
2020-07-08,Marin,041,260295,3959,2756,4,2760,17
2020-07-08,Mariposa,043,17540,38,31,0,31,1
2020-07-08,Mendocino,045,87422,132,84,0,84,0
2020-07-08,Merced,047,269075,2822,1578,2,1580,11
2020-07-08,Modoc,049,8938,1,0,0,0,0
2020-07-08,Mono,051,14174,60,45,0,45,1
2020-07-08,Monterey,053,433212,3040,2182,7,2189,17
2020-07-08,Napa,055,140530,647,468,0,468,4
2020-07-08,Nevada,057,99092,204,156,5,161,1
2020-07-08,Orange,059,3164182,30536,22088,346,22434,378
2020-07-08,Placer,061,380077,1325,948,3,951,11
2020-07-08,Plumas,063,18699,19,12,0,12,0
2020-07-08,Riverside,065,2383286,30621,24042,30,24072,508
2020-07-08,Sacramento,067,1510023,6679,4799,7,4806,80
2020-07-08,San Benito,069,59416,401,282,0,282,2
2020-07-08,San Bernardino,071,2135413,25705,16510,20,16530,296
2020-07-08,San Diego,073,3302833,22737,17844,2,17846,406
2020-07-08,San Francisco,075,870044,4882,4093,3,4096,50
2020-07-08,San Joaquin,077,732212,8092,5759,5,5764,61
2020-07-08,San Luis Obispo,079,281455,1270,825,7,832,2
2020-07-08,San Mateo,081,765935,4393,3733,7,3740,106
2020-07-08,Santa Barbara,083,443738,4795,3985,42,4027,28
2020-07-08,Santa Clara,085,1922200,7714,5510,18,5528,164
2020-07-08,Santa Cruz,087,273765,654,509,4,513,3
2020-07-08,Shasta,089,179085,284,148,1,149,6
2020-07-08,Sierra,091,2930,1,1,0,1,0
2020-07-08,Siskiyou,093,43540,55,31,0,31,0
2020-07-08,Solano,095,438530,2639,1821,10,1831,23
2020-07-08,Sonoma,097,501317,2058,1495,4,1499,9
2020-07-08,Stanislaus,099,539301,6365,4344,7,4351,46
2020-07-08,Sutter,101,95872,404,298,0,298,2
2020-07-08,Tehama,103,63373,134,100,2,102,1
2020-07-08,Trinity,105,12862,20,2,5,7,0
2020-07-08,Tulare,107,460477,7110,5307,21,5328,138
2020-07-08,Tuolumne,109,53932,81,42,2,44,0
2020-07-08,Ventura,111,848112,5768,4139,21,4160,47
2020-07-08,Yolo,113,214977,1088,727,3,730,26
2020-07-08,Yuba,115,75493,181,145,0,145,1
2020-07-07,Alameda,001,1643700,8671,7097,12,7109,141
2020-07-07,Alpine,003,1148,2,1,0,1,0
2020-07-07,Amador,005,37829,41,33,0,33,0
2020-07-07,Butte,007,227075,487,269,8,277,3
2020-07-07,Calaveras,009,45235,76,58,0,58,0
2020-07-07,Colusa,011,21464,143,84,0,84,0
2020-07-07,Contra Costa,013,1133247,5496,4131,8,4139,84
2020-07-07,Del Norte,015,27424,61,57,0,57,0
2020-07-07,El Dorado,017,186661,418,244,0,244,0
2020-07-07,Fresno,019,978130,13033,6738,98,6836,84
2020-07-07,Glenn,021,27897,205,145,0,145,0
2020-07-07,Humboldt,023,135768,190,150,1,151,4
2020-07-07,Imperial,025,180216,8842,6678,5,6683,51
2020-07-07,Inyo,027,18085,36,32,1,33,1
2020-07-07,Kern,029,883053,13504,5645,39,5684,88
2020-07-07,Kings,031,150075,3200,2623,16,2639,33
2020-07-07,Lake,033,64148,129,94,0,94,1
2020-07-07,Lassen,035,31185,266,219,2,221,0
2020-07-07,Los Angeles,037,10098052,140256,121026,110,121136,3588
2020-07-07,Madera,039,155013,1417,794,3,797,4
2020-07-07,Marin,041,260295,3870,2627,4,2631,17
2020-07-07,Mariposa,043,17540,38,31,0,31,1
2020-07-07,Mendocino,045,87422,124,82,0,82,0
2020-07-07,Merced,047,269075,2648,1531,2,1533,10
2020-07-07,Modoc,049,8938,1,0,0,0,0
2020-07-07,Mono,051,14174,59,42,0,42,1
2020-07-07,Monterey,053,433212,2897,2166,7,2173,17
2020-07-07,Napa,055,140530,628,459,0,459,4
2020-07-07,Nevada,057,99092,198,150,5,155,1
2020-07-07,Orange,059,3164182,29525,21741,332,22073,373
2020-07-07,Placer,061,380077,1284,930,3,933,11
2020-07-07,Plumas,063,18699,17,12,0,12,0
2020-07-07,Riverside,065,2383286,29606,23279,30,23309,499
2020-07-07,Sacramento,067,1510023,6335,4592,7,4599,76
2020-07-07,San Benito,069,59416,383,274,0,274,2
2020-07-07,San Bernardino,071,2135413,24834,16004,18,16022,277
2020-07-07,San Diego,073,3302833,22022,17580,2,17582,399
2020-07-07,San Francisco,075,870044,4789,4045,2,4047,50
2020-07-07,San Joaquin,077,732212,7750,5547,5,5552,59
2020-07-07,San Luis Obispo,079,281455,1209,795,7,802,2
2020-07-07,San Mateo,081,765935,4278,3691,7,3698,106
2020-07-07,Santa Barbara,083,443738,4667,3866,41,3907,27
2020-07-07,Santa Clara,085,1922200,7445,5438,18,5456,164
2020-07-07,Santa Cruz,087,273765,620,502,3,505,2
2020-07-07,Shasta,089,179085,271,144,1,145,6
2020-07-07,Sierra,091,2930,1,1,0,1,0
2020-07-07,Siskiyou,093,43540,54,30,0,30,0
2020-07-07,Solano,095,438530,2528,1776,9,1785,22
2020-07-07,Sonoma,097,501317,1988,1473,4,1477,8
2020-07-07,Stanislaus,099,539301,6026,4101,7,4108,46
2020-07-07,Sutter,101,95872,378,273,0,273,2
2020-07-07,Tehama,103,63373,125,95,2,97,1
2020-07-07,Trinity,105,12862,20,2,5,7,0
2020-07-07,Tulare,107,460477,6930,5189,19,5208,137
2020-07-07,Tuolumne,109,53932,75,40,2,42,0
2020-07-07,Ventura,111,848112,5599,3992,19,4011,46
2020-07-07,Yolo,113,214977,1020,706,3,709,26
2020-07-07,Yuba,115,75493,161,138,0,138,1
2020-07-06,Alameda,001,1643700,8433,6970,12,6982,141
2020-07-06,Alpine,003,1148,1,1,0,1,0
2020-07-06,Amador,005,37829,39,33,0,33,0
2020-07-06,Butte,007,227075,431,257,8,265,2
2020-07-06,Calaveras,009,45235,73,45,0,45,0
2020-07-06,Colusa,011,21464,134,80,0,80,0
2020-07-06,Contra Costa,013,1133247,5265,3901,7,3908,83
2020-07-06,Del Norte,015,27424,60,57,0,57,0
2020-07-06,El Dorado,017,186661,403,232,0,232,0
2020-07-06,Fresno,019,978130,12565,6364,92,6456,82
2020-07-06,Glenn,021,27897,197,129,0,129,0
2020-07-06,Humboldt,023,135768,188,148,1,149,3
2020-07-06,Imperial,025,180216,8723,6443,5,6448,47
2020-07-06,Inyo,027,18085,36,32,1,33,1
2020-07-06,Kern,029,883053,12698,5491,37,5528,82
2020-07-06,Kings,031,150075,3149,2583,11,2594,33
2020-07-06,Lake,033,64148,122,93,0,93,1
2020-07-06,Lassen,035,31185,264,219,2,221,0
2020-07-06,Los Angeles,037,10098052,136655,116707,96,116803,3541
2020-07-06,Madera,039,155013,1347,734,3,737,4
2020-07-06,Marin,041,260295,3630,2136,4,2140,17
2020-07-06,Mariposa,043,17540,36,31,0,31,1
2020-07-06,Mendocino,045,87422,107,72,0,72,0
2020-07-06,Merced,047,269075,2497,1396,2,1398,10
2020-07-06,Modoc,049,8938,1,0,0,0,0
2020-07-06,Mono,051,14174,58,40,0,40,1
2020-07-06,Monterey,053,433212,2807,2078,7,2085,15
2020-07-06,Napa,055,140530,610,454,0,454,4
2020-07-06,Nevada,057,99092,192,146,5,151,1
2020-07-06,Orange,059,3164182,28463,20167,295,20462,372
2020-07-06,Placer,061,380077,1222,904,3,907,11
2020-07-06,Plumas,063,18699,17,11,0,11,0
2020-07-06,Riverside,065,2383286,28552,22485,29,22514,477
2020-07-06,Sacramento,067,1510023,5984,4420,7,4427,71
2020-07-06,San Benito,069,59416,368,264,0,264,2
2020-07-06,San Bernardino,071,2135413,23980,15346,15,15361,272
2020-07-06,San Diego,073,3302833,21308,17002,2,17004,387
2020-07-06,San Francisco,075,870044,4668,3861,2,3863,50
2020-07-06,San Joaquin,077,732212,7380,5104,5,5109,57
2020-07-06,San Luis Obispo,079,281455,1151,751,7,758,2
2020-07-06,San Mateo,081,765935,4186,3650,6,3656,106
2020-07-06,Santa Barbara,083,443738,4530,3763,40,3803,27
2020-07-06,Santa Clara,085,1922200,7174,5369,18,5387,165
2020-07-06,Santa Cruz,087,273765,598,466,2,468,2
2020-07-06,Shasta,089,179085,261,143,1,144,6
2020-07-06,Sierra,091,2930,1,1,0,1,0
2020-07-06,Siskiyou,093,43540,50,30,0,30,0
2020-07-06,Solano,095,438530,2395,1668,9,1677,22
2020-07-06,Sonoma,097,501317,1924,1369,4,1373,8
2020-07-06,Stanislaus,099,539301,5624,3983,7,3990,46
2020-07-06,Sutter,101,95872,351,250,0,250,2
2020-07-06,Tehama,103,63373,122,95,2,97,1
2020-07-06,Trinity,105,12862,19,2,5,7,0
2020-07-06,Tulare,107,460477,6725,5039,17,5056,136
2020-07-06,Tuolumne,109,53932,72,30,2,32,0
2020-07-06,Ventura,111,848112,5406,3912,19,3931,44
2020-07-06,Yolo,113,214977,964,685,3,688,26
2020-07-06,Yuba,115,75493,147,124,0,124,1
2020-07-05,Alameda,001,1643700,8181,6861,12,6873,141
2020-07-05,Alpine,003,1148,1,1,0,1,0
2020-07-05,Amador,005,37829,37,31,0,31,0
2020-07-05,Butte,007,227075,396,248,8,256,2
2020-07-05,Calaveras,009,45235,69,45,0,45,0
2020-07-05,Colusa,011,21464,124,79,0,79,0
2020-07-05,Contra Costa,013,1133247,5025,3665,6,3671,80
2020-07-05,Del Norte,015,27424,60,57,0,57,0
2020-07-05,El Dorado,017,186661,385,227,0,227,0
2020-07-05,Fresno,019,978130,11999,6186,91,6277,82
2020-07-05,Glenn,021,27897,194,129,0,129,0
2020-07-05,Humboldt,023,135768,184,147,1,148,3
2020-07-05,Imperial,025,180216,8589,6441,5,6446,47
2020-07-05,Inyo,027,18085,35,32,1,33,1
2020-07-05,Kern,029,883053,11989,5351,37,5388,82
2020-07-05,Kings,031,150075,3066,2546,10,2556,31
2020-07-05,Lake,033,64148,122,92,0,92,1
2020-07-05,Lassen,035,31185,258,219,2,221,0
2020-07-05,Los Angeles,037,10098052,133434,115133,90,115223,3495
2020-07-05,Madera,039,155013,1269,564,3,567,4
2020-07-05,Marin,041,260295,3447,2080,4,2084,17
2020-07-05,Mariposa,043,17540,36,31,0,31,1
2020-07-05,Mendocino,045,87422,104,72,0,72,0
2020-07-05,Merced,047,269075,2352,1340,2,1342,10
2020-07-05,Modoc,049,8938,1,0,0,0,0
2020-07-05,Mono,051,14174,54,39,0,39,1
2020-07-05,Monterey,053,433212,2704,1994,7,2001,15
2020-07-05,Napa,055,140530,580,450,0,450,4
2020-07-05,Nevada,057,99092,186,141,5,146,1
2020-07-05,Orange,059,3164182,27522,19430,282,19712,372
2020-07-05,Placer,061,380077,1165,855,3,858,11
2020-07-05,Plumas,063,18699,16,11,0,11,0
2020-07-05,Riverside,065,2383286,27695,21511,29,21540,474
2020-07-05,Sacramento,067,1510023,5669,4265,6,4271,71
2020-07-05,San Benito,069,59416,349,258,0,258,2
2020-07-05,San Bernardino,071,2135413,23103,15026,15,15041,270
2020-07-05,San Diego,073,3302833,20620,16728,2,16730,387
2020-07-05,San Francisco,075,870044,4550,3861,2,3863,50
2020-07-05,San Joaquin,077,732212,7061,5015,5,5020,57
2020-07-05,San Luis Obispo,079,281455,1072,730,7,737,2
2020-07-05,San Mateo,081,765935,4075,3575,6,3581,106
2020-07-05,Santa Barbara,083,443738,4383,3671,37,3708,27
2020-07-05,Santa Clara,085,1922200,6882,5237,18,5255,162
2020-07-05,Santa Cruz,087,273765,580,467,0,467,2
2020-07-05,Shasta,089,179085,255,138,1,139,6
2020-07-05,Sierra,091,2930,1,1,0,1,0
2020-07-05,Siskiyou,093,43540,46,30,0,30,0
2020-07-05,Solano,095,438530,2275,1547,9,1556,22
2020-07-05,Sonoma,097,501317,1843,1369,4,1373,8
2020-07-05,Stanislaus,099,539301,5293,3777,6,3783,45
2020-07-05,Sutter,101,95872,323,241,0,241,2
2020-07-05,Tehama,103,63373,120,95,2,97,1
2020-07-05,Trinity,105,12862,19,2,5,7,0
2020-07-05,Tulare,107,460477,6466,4981,15,4996,135
2020-07-05,Tuolumne,109,53932,67,30,2,32,0
2020-07-05,Ventura,111,848112,5203,3866,19,3885,44
2020-07-05,Yolo,113,214977,924,644,3,647,26
2020-07-05,Yuba,115,75493,137,115,0,115,1
2020-07-04,Alameda,001,1643700,8069,6737,12,6749,141
2020-07-04,Alpine,003,1148,1,1,0,1,0
2020-07-04,Amador,005,37829,36,31,0,31,0
2020-07-04,Butte,007,227075,378,224,8,232,2
2020-07-04,Calaveras,009,45235,69,45,0,45,0
2020-07-04,Colusa,011,21464,123,76,0,76,0
2020-07-04,Contra Costa,013,1133247,4877,3583,6,3589,80
2020-07-04,Del Norte,015,27424,60,50,0,50,0
2020-07-04,El Dorado,017,186661,366,211,0,211,0
2020-07-04,Fresno,019,978130,11682,5999,89,6088,82
2020-07-04,Glenn,021,27897,187,128,0,128,0
2020-07-04,Humboldt,023,135768,177,144,1,145,3
2020-07-04,Imperial,025,180216,8541,6441,5,6446,47
2020-07-04,Inyo,027,18085,35,32,1,33,1
2020-07-04,Kern,029,883053,11685,5231,37,5268,81
2020-07-04,Kings,031,150075,3023,2509,10,2519,31
2020-07-04,Lake,033,64148,115,86,0,86,1
2020-07-04,Lassen,035,31185,258,219,2,221,0
2020-07-04,Los Angeles,037,10098052,131618,107256,79,107335,3462
2020-07-04,Madera,039,155013,1223,568,3,571,4
2020-07-04,Marin,041,260295,3418,1962,4,1966,17
2020-07-04,Mariposa,043,17540,36,28,0,28,1
2020-07-04,Mendocino,045,87422,104,72,0,72,0
2020-07-04,Merced,047,269075,2249,1252,2,1254,10
2020-07-04,Modoc,049,8938,1,0,0,0,0
2020-07-04,Mono,051,14174,54,37,0,37,1
2020-07-04,Monterey,053,433212,2624,1878,7,1885,15
2020-07-04,Napa,055,140530,571,426,0,426,4
2020-07-04,Nevada,057,99092,183,125,5,130,1
2020-07-04,Orange,059,3164182,27089,19247,269,19516,372
2020-07-04,Placer,061,380077,1130,796,3,799,11
2020-07-04,Plumas,063,18699,16,11,0,11,0
2020-07-04,Riverside,065,2383286,27328,21508,29,21537,474
2020-07-04,Sacramento,067,1510023,5498,4039,6,4045,71
2020-07-04,San Benito,069,59416,336,255,0,255,2
2020-07-04,San Bernardino,071,2135413,22677,14636,13,14649,270
2020-07-04,San Diego,073,3302833,20160,16166,2,16168,387
2020-07-04,San Francisco,075,870044,4458,3861,2,3863,50
2020-07-04,San Joaquin,077,732212,6848,4807,5,4812,57
2020-07-04,San Luis Obispo,079,281455,1032,699,7,706,2
2020-07-04,San Mateo,081,765935,4012,3532,6,3538,106
2020-07-04,Santa Barbara,083,443738,4308,3520,35,3555,27
2020-07-04,Santa Clara,085,1922200,6691,5045,17,5062,161
2020-07-04,Santa Cruz,087,273765,570,466,0,466,2
2020-07-04,Shasta,089,179085,252,135,1,136,6
2020-07-04,Sierra,091,2930,1,1,0,1,0
2020-07-04,Siskiyou,093,43540,39,30,0,30,0
2020-07-04,Solano,095,438530,2239,1548,9,1557,22
2020-07-04,Sonoma,097,501317,1817,1370,4,1374,8
2020-07-04,Stanislaus,099,539301,5135,3572,6,3578,44
2020-07-04,Sutter,101,95872,304,225,0,225,2
2020-07-04,Tehama,103,63373,117,92,2,94,1
2020-07-04,Trinity,105,12862,19,2,5,7,0
2020-07-04,Tulare,107,460477,6354,4802,14,4816,135
2020-07-04,Tuolumne,109,53932,63,30,2,32,0
2020-07-04,Ventura,111,848112,5079,3687,19,3706,44
2020-07-04,Yolo,113,214977,899,615,3,618,26
2020-07-04,Yuba,115,75493,130,102,0,102,1
2020-07-03,Alameda,001,1643700,7948,6486,12,6498,141
2020-07-03,Alpine,003,1148,1,1,0,1,0
2020-07-03,Amador,005,37829,36,25,0,25,0
2020-07-03,Butte,007,227075,366,212,8,220,2
2020-07-03,Calaveras,009,45235,69,44,0,44,0
2020-07-03,Colusa,011,21464,117,70,0,70,0
2020-07-03,Contra Costa,013,1133247,4743,3447,6,3453,78
2020-07-03,Del Norte,015,27424,60,50,0,50,0
2020-07-03,El Dorado,017,186661,354,201,0,201,0
2020-07-03,Fresno,019,978130,11377,5783,87,5870,81
2020-07-03,Glenn,021,27897,182,122,0,122,0
2020-07-03,Humboldt,023,135768,173,143,1,144,3
2020-07-03,Imperial,025,180216,8493,6345,5,6350,47
2020-07-03,Inyo,027,18085,35,32,1,33,1
2020-07-03,Kern,029,883053,11424,5213,37,5250,81
2020-07-03,Kings,031,150075,2987,2492,10,2502,31
2020-07-03,Lake,033,64148,108,83,0,83,0
2020-07-03,Lassen,035,31185,258,219,2,221,0
2020-07-03,Los Angeles,037,10098052,130101,107236,75,107311,3461
2020-07-03,Madera,039,155013,1178,565,3,568,4
2020-07-03,Marin,041,260295,3390,1776,4,1780,17
2020-07-03,Mariposa,043,17540,36,28,0,28,1
2020-07-03,Mendocino,045,87422,103,72,0,72,0
2020-07-03,Merced,047,269075,2183,1188,2,1190,10
2020-07-03,Modoc,049,8938,1,0,0,0,0
2020-07-03,Mono,051,14174,54,37,0,37,1
2020-07-03,Monterey,053,433212,2553,1804,7,1811,15
2020-07-03,Napa,055,140530,553,388,0,388,4
2020-07-03,Nevada,057,99092,182,125,5,130,1
2020-07-03,Orange,059,3164182,26698,18819,261,19080,366
2020-07-03,Placer,061,380077,1103,745,3,748,11
2020-07-03,Plumas,063,18699,16,11,0,11,0
2020-07-03,Riverside,065,2383286,27022,21171,29,21200,472
2020-07-03,Sacramento,067,1510023,5364,3711,6,3717,71
2020-07-03,San Benito,069,59416,329,243,0,243,2
2020-07-03,San Bernardino,071,2135413,22288,14040,13,14053,269
2020-07-03,San Diego,073,3302833,19704,15698,2,15700,387
2020-07-03,San Francisco,075,870044,4411,3781,2,3783,50
2020-07-03,San Joaquin,077,732212,6710,4416,4,4420,56
2020-07-03,San Luis Obispo,079,281455,997,676,7,683,2
2020-07-03,San Mateo,081,765935,3955,3439,6,3445,106
2020-07-03,Santa Barbara,083,443738,4221,3406,34,3440,27
2020-07-03,Santa Clara,085,1922200,6578,4820,17,4837,161
2020-07-03,Santa Cruz,087,273765,557,436,0,436,2
2020-07-03,Shasta,089,179085,244,113,1,114,6
2020-07-03,Sierra,091,2930,1,1,0,1,0
2020-07-03,Siskiyou,093,43540,36,30,0,30,0
2020-07-03,Solano,095,438530,2195,1496,8,1504,22
2020-07-03,Sonoma,097,501317,1768,1282,4,1286,8
2020-07-03,Stanislaus,099,539301,5010,3021,6,3027,43
2020-07-03,Sutter,101,95872,294,205,0,205,2
2020-07-03,Tehama,103,63373,115,89,2,91,1
2020-07-03,Trinity,105,12862,19,2,5,7,0
2020-07-03,Tulare,107,460477,6239,4656,14,4670,134
2020-07-03,Tuolumne,109,53932,61,27,2,29,0
2020-07-03,Ventura,111,848112,4983,3536,19,3555,44
2020-07-03,Yolo,113,214977,865,586,3,589,25
2020-07-03,Yuba,115,75493,125,96,0,96,1
2020-07-02,Alameda,001,1643700,7822,6386,12,6398,139
2020-07-02,Alpine,003,1148,1,1,0,1,0
2020-07-02,Amador,005,37829,35,23,0,23,0
2020-07-02,Butte,007,227075,349,199,8,207,2
2020-07-02,Calaveras,009,45235,65,42,0,42,0
2020-07-02,Colusa,011,21464,109,60,0,60,0
2020-07-02,Contra Costa,013,1133247,4559,3347,6,3353,77
2020-07-02,Del Norte,015,27424,59,50,0,50,0
2020-07-02,El Dorado,017,186661,343,193,0,193,0
2020-07-02,Fresno,019,978130,10917,5402,86,5488,78
2020-07-02,Glenn,021,27897,176,114,0,114,0
2020-07-02,Humboldt,023,135768,169,138,1,139,3
2020-07-02,Imperial,025,180216,8391,6236,5,6241,47
2020-07-02,Inyo,027,18085,35,29,1,30,1
2020-07-02,Kern,029,883053,10888,5036,35,5071,78
2020-07-02,Kings,031,150075,2936,2419,10,2429,31
2020-07-02,Lake,033,64148,104,81,0,81,0
2020-07-02,Lassen,035,31185,256,218,2,220,0
2020-07-02,Los Angeles,037,10098052,128083,107144,52,107196,3458
2020-07-02,Madera,039,155013,1110,548,3,551,4
2020-07-02,Marin,041,260295,3304,1706,4,1710,17
2020-07-02,Mariposa,043,17540,35,28,0,28,1
2020-07-02,Mendocino,045,87422,99,71,0,71,0
2020-07-02,Merced,047,269075,2086,1122,2,1124,10
2020-07-02,Modoc,049,8938,1,0,0,0,0
2020-07-02,Mono,051,14174,54,37,0,37,1
2020-07-02,Monterey,053,433212,2493,1796,7,1803,15
2020-07-02,Napa,055,140530,536,352,0,352,4
2020-07-02,Nevada,057,99092,176,118,4,122,1
2020-07-02,Orange,059,3164182,25934,17056,248,17304,360
2020-07-02,Placer,061,380077,1079,740,3,743,11
2020-07-02,Plumas,063,18699,15,8,0,8,0
2020-07-02,Riverside,065,2383286,26449,20253,29,20282,458
2020-07-02,Sacramento,067,1510023,5137,3587,6,3593,70
2020-07-02,San Benito,069,59416,321,236,0,236,2
2020-07-02,San Bernardino,071,2135413,21752,13185,13,13198,260
2020-07-02,San Diego,073,3302833,19242,15208,2,15210,377
2020-07-02,San Francisco,075,870044,4316,3676,2,3678,50
2020-07-02,San Joaquin,077,732212,6363,4243,4,4247,56
2020-07-02,San Luis Obispo,079,281455,952,659,7,666,2
2020-07-02,San Mateo,081,765935,3875,3390,6,3396,107
2020-07-02,Santa Barbara,083,443738,4121,3385,32,3417,27
2020-07-02,Santa Clara,085,1922200,6452,4722,17,4739,160
2020-07-02,Santa Cruz,087,273765,534,414,0,414,2
2020-07-02,Shasta,089,179085,241,110,1,111,5
2020-07-02,Sierra,091,2930,1,1,0,1,0
2020-07-02,Siskiyou,093,43540,36,30,0,30,0
2020-07-02,Solano,095,438530,2112,1429,8,1437,21
2020-07-02,Sonoma,097,501317,1710,1244,4,1248,6
2020-07-02,Stanislaus,099,539301,4838,2850,6,2856,41
2020-07-02,Sutter,101,95872,282,195,0,195,2
2020-07-02,Tehama,103,63373,113,86,2,88,1
2020-07-02,Trinity,105,12862,19,2,5,7,0
2020-07-02,Tulare,107,460477,6072,4559,13,4572,132
2020-07-02,Tuolumne,109,53932,58,23,2,25,0
2020-07-02,Ventura,111,848112,4827,3394,19,3413,42
2020-07-02,Yolo,113,214977,833,554,3,557,24
2020-07-02,Yuba,115,75493,115,93,0,93,1
2020-07-01,Alameda,001,1643700,7600,6125,12,6137,137
2020-07-01,Alpine,003,1148,1,1,0,1,0
2020-07-01,Amador,005,37829,34,22,0,22,0
2020-07-01,Butte,007,227075,324,185,8,193,2
2020-07-01,Calaveras,009,45235,63,37,0,37,0
2020-07-01,Colusa,011,21464,103,53,0,53,0
2020-07-01,Contra Costa,013,1133247,4346,3259,6,3265,76
2020-07-01,Del Norte,015,27424,59,50,0,50,0
2020-07-01,El Dorado,017,186661,316,183,0,183,0
2020-07-01,Fresno,019,978130,10483,5111,83,5194,76
2020-07-01,Glenn,021,27897,170,110,0,110,0
2020-07-01,Humboldt,023,135768,164,134,0,134,3
2020-07-01,Imperial,025,180216,8294,6150,5,6155,46
2020-07-01,Inyo,027,18085,34,30,1,31,1
2020-07-01,Kern,029,883053,10255,4853,33,4886,78
2020-07-01,Kings,031,150075,2868,2360,10,2370,30
2020-07-01,Lake,033,64148,103,75,0,75,0
2020-07-01,Lassen,035,31185,255,217,2,219,0
2020-07-01,Los Angeles,037,10098052,124881,105325,43,105368,3408
2020-07-01,Madera,039,155013,1069,519,3,522,4
2020-07-01,Marin,041,260295,3147,1636,4,1640,17
2020-07-01,Mariposa,043,17540,35,29,0,29,1
2020-07-01,Mendocino,045,87422,95,70,0,70,0
2020-07-01,Merced,047,269075,1986,1052,2,1054,10
2020-07-01,Modoc,049,8938,1,0,0,0,0
2020-07-01,Mono,051,14174,51,37,0,37,1
2020-07-01,Monterey,053,433212,2385,1703,6,1709,15
2020-07-01,Napa,055,140530,513,347,0,347,4
2020-07-01,Nevada,057,99092,166,115,4,119,1
2020-07-01,Orange,059,3164182,25049,15662,227,15889,343
2020-07-01,Placer,061,380077,1032,713,3,716,11
2020-07-01,Plumas,063,18699,13,8,0,8,0
2020-07-01,Riverside,065,2383286,25607,19537,28,19565,457
2020-07-01,Sacramento,067,1510023,4882,3425,6,3431,64
2020-07-01,San Benito,069,59416,312,219,0,219,2
2020-07-01,San Bernardino,071,2135413,20857,12712,10,12722,253
2020-07-01,San Diego,073,3302833,18683,14624,2,14626,372
2020-07-01,San Francisco,075,870044,4223,3626,2,3628,50
2020-07-01,San Joaquin,077,732212,6005,3990,4,3994,54
2020-07-01,San Luis Obispo,079,281455,925,613,7,620,1
2020-07-01,San Mateo,081,765935,3813,3326,6,3332,84
2020-07-01,Santa Barbara,083,443738,4001,3268,31,3299,27
2020-07-01,Santa Clara,085,1922200,6265,4547,16,4563,159
2020-07-01,Santa Cruz,087,273765,512,398,0,398,2
2020-07-01,Shasta,089,179085,236,104,1,105,5
2020-07-01,Sierra,091,2930,1,1,0,1,0
2020-07-01,Siskiyou,093,43540,36,28,0,28,0
2020-07-01,Solano,095,438530,2023,1350,8,1358,21
2020-07-01,Sonoma,097,501317,1614,1178,4,1182,6
2020-07-01,Stanislaus,099,539301,4559,2619,6,2625,41
2020-07-01,Sutter,101,95872,269,188,0,188,2
2020-07-01,Tehama,103,63373,106,80,2,82,1
2020-07-01,Trinity,105,12862,19,2,4,6,0
2020-07-01,Tulare,107,460477,5894,4359,13,4372,128
2020-07-01,Tuolumne,109,53932,55,17,2,19,0
2020-07-01,Ventura,111,848112,4684,3224,17,3241,41
2020-07-01,Yolo,113,214977,783,526,3,529,24
2020-07-01,Yuba,115,75493,110,57,0,57,1
2020-06-30,Alameda,001,1643700,7351,5959,10,5969,137
2020-06-30,Alpine,003,1148,1,1,0,1,0
2020-06-30,Amador,005,37829,34,21,0,21,0
2020-06-30,Butte,007,227075,307,163,8,171,2
2020-06-30,Calaveras,009,45235,58,31,0,31,0
2020-06-30,Colusa,011,21464,94,33,0,33,0
2020-06-30,Contra Costa,013,1133247,4139,3140,6,3146,75
2020-06-30,Del Norte,015,27424,59,48,0,48,0
2020-06-30,El Dorado,017,186661,303,175,0,175,0
2020-06-30,Fresno,019,978130,10035,4826,77,4903,75
2020-06-30,Glenn,021,27897,165,96,0,96,0
2020-06-30,Humboldt,023,135768,160,132,0,132,3
2020-06-30,Imperial,025,180216,8197,5968,5,5973,45
2020-06-30,Inyo,027,18085,34,30,1,31,1
2020-06-30,Kern,029,883053,9608,4721,30,4751,75
2020-06-30,Kings,031,150075,2819,2315,7,2322,30
2020-06-30,Lake,033,64148,95,56,0,56,0
2020-06-30,Lassen,035,31185,248,215,2,217,0
2020-06-30,Los Angeles,037,10098052,121303,103640,40,103680,3378
2020-06-30,Madera,039,155013,1012,475,3,478,4
2020-06-30,Marin,041,260295,3076,1614,4,1618,17
2020-06-30,Mariposa,043,17540,34,27,0,27,1
2020-06-30,Mendocino,045,87422,90,65,0,65,0
2020-06-30,Merced,047,269075,1849,970,2,972,10
2020-06-30,Modoc,049,8938,1,0,0,0,0
2020-06-30,Mono,051,14174,49,36,0,36,1
2020-06-30,Monterey,053,433212,2287,1657,6,1663,15
2020-06-30,Napa,055,140530,488,342,0,342,4
2020-06-30,Nevada,057,99092,158,113,4,117,1
2020-06-30,Orange,059,3164182,24118,14354,217,14571,335
2020-06-30,Placer,061,380077,1005,667,3,670,11
2020-06-30,Plumas,063,18699,12,8,0,8,0
2020-06-30,Riverside,065,2383286,24890,18656,27,18683,449
2020-06-30,Sacramento,067,1510023,4593,3246,6,3252,64
2020-06-30,San Benito,069,59416,301,200,0,200,2
2020-06-30,San Bernardino,071,2135413,19874,12375,10,12385,249
2020-06-30,San Diego,073,3302833,17979,14150,2,14152,365
2020-06-30,San Francisco,075,870044,4118,3555,1,3556,50
2020-06-30,San Joaquin,077,732212,5630,3744,4,3748,52
2020-06-30,San Luis Obispo,079,281455,887,583,7,590,1
2020-06-30,San Mateo,081,765935,3735,3268,6,3274,84
2020-06-30,Santa Barbara,083,443738,3885,3102,31,3133,25
2020-06-30,Santa Clara,085,1922200,6063,4346,16,4362,157
2020-06-30,Santa Cruz,087,273765,487,379,0,379,2
2020-06-30,Shasta,089,179085,220,100,1,101,5
2020-06-30,Sierra,091,2930,1,1,0,1,0
2020-06-30,Siskiyou,093,43540,35,26,0,26,0
2020-06-30,Solano,095,438530,1931,1256,8,1264,21
2020-06-30,Sonoma,097,501317,1550,1122,4,1126,6
2020-06-30,Stanislaus,099,539301,4261,2578,6,2584,41
2020-06-30,Sutter,101,95872,246,168,0,168,2
2020-06-30,Tehama,103,63373,104,75,2,77,1
2020-06-30,Trinity,105,12862,19,2,4,6,0
2020-06-30,Tulare,107,460477,5685,4207,13,4220,117
2020-06-30,Tuolumne,109,53932,51,16,2,18,0
2020-06-30,Ventura,111,848112,4550,3030,17,3047,40
2020-06-30,Yolo,113,214977,745,515,3,518,24
2020-06-30,Yuba,115,75493,106,55,0,55,1
2020-06-29,Alameda,001,1643700,7141,5766,10,5776,135
2020-06-29,Alpine,003,1148,1,1,0,1,0
2020-06-29,Amador,005,37829,31,20,0,20,0
2020-06-29,Butte,007,227075,286,157,8,165,2
2020-06-29,Calaveras,009,45235,56,30,0,30,0
2020-06-29,Colusa,011,21464,89,17,0,17,0
2020-06-29,Contra Costa,013,1133247,3976,2976,5,2981,75
2020-06-29,Del Norte,015,27424,59,47,0,47,0
2020-06-29,El Dorado,017,186661,289,163,0,163,0
2020-06-29,Fresno,019,978130,9687,4531,75,4606,74
2020-06-29,Glenn,021,27897,156,77,0,77,0
2020-06-29,Humboldt,023,135768,159,128,0,128,3
2020-06-29,Imperial,025,180216,8066,5512,5,5517,45
2020-06-29,Inyo,027,18085,33,29,0,29,1
2020-06-29,Kern,029,883053,8945,4613,28,4641,73
2020-06-29,Kings,031,150075,2754,2280,7,2287,20
2020-06-29,Lake,033,64148,88,53,0,53,0
2020-06-29,Lassen,035,31185,240,77,2,79,0
2020-06-29,Los Angeles,037,10098052,118264,100846,34,100880,3337
2020-06-29,Madera,039,155013,955,422,3,425,4
2020-06-29,Marin,041,260295,3000,1517,4,1521,17
2020-06-29,Mariposa,043,17540,32,25,0,25,1
2020-06-29,Mendocino,045,87422,87,63,0,63,0
2020-06-29,Merced,047,269075,1743,848,2,850,10
2020-06-29,Modoc,049,8938,1,0,0,0,0
2020-06-29,Mono,051,14174,47,35,0,35,1
2020-06-29,Monterey,053,433212,2215,1614,6,1620,14
2020-06-29,Napa,055,140530,466,317,0,317,4
2020-06-29,Nevada,057,99092,155,107,3,110,1
2020-06-29,Orange,059,3164182,23128,13682,201,13883,324
2020-06-29,Placer,061,380077,969,628,3,631,11
2020-06-29,Plumas,063,18699,12,6,0,6,0
2020-06-29,Riverside,065,2383286,23856,17683,27,17710,432
2020-06-29,Sacramento,067,1510023,4306,2985,6,2991,62
2020-06-29,San Benito,069,59416,286,193,0,193,2
2020-06-29,San Bernardino,071,2135413,18913,11643,10,11653,245
2020-06-29,San Diego,073,3302833,17402,13834,2,13836,361
2020-06-29,San Francisco,075,870044,4041,3389,1,3390,50
2020-06-29,San Joaquin,077,732212,5272,3202,4,3206,52
2020-06-29,San Luis Obispo,079,281455,853,544,7,551,1
2020-06-29,San Mateo,081,765935,3681,3170,6,3176,84
2020-06-29,Santa Barbara,083,443738,3776,2933,30,2963,25
2020-06-29,Santa Clara,085,1922200,5891,4231,16,4247,157
2020-06-29,Santa Cruz,087,273765,469,348,0,348,2
2020-06-29,Shasta,089,179085,212,94,1,95,5
2020-06-29,Sierra,091,2930,1,1,0,1,0
2020-06-29,Siskiyou,093,43540,35,25,0,25,0
2020-06-29,Solano,095,438530,1829,1077,8,1085,21
2020-06-29,Sonoma,097,501317,1478,1103,4,1107,5
2020-06-29,Stanislaus,099,539301,4055,2400,5,2405,36
2020-06-29,Sutter,101,95872,224,152,0,152,2
2020-06-29,Tehama,103,63373,100,63,2,65,1
2020-06-29,Trinity,105,12862,18,2,4,6,0
2020-06-29,Tulare,107,460477,5530,3906,12,3918,117
2020-06-29,Tuolumne,109,53932,47,16,2,18,0
2020-06-29,Ventura,111,848112,4403,2794,17,2811,40
2020-06-29,Yolo,113,214977,712,483,3,486,24
2020-06-29,Yuba,115,75493,93,55,0,55,1
2020-06-28,Alameda,001,1643700,6882,5698,10,5708,135
2020-06-28,Alpine,003,1148,1,1,0,1,0
2020-06-28,Amador,005,37829,29,20,0,20,0
2020-06-28,Butte,007,227075,266,150,8,158,2
2020-06-28,Calaveras,009,45235,51,30,0,30,0
2020-06-28,Colusa,011,21464,74,17,0,17,0
2020-06-28,Contra Costa,013,1133247,3786,2803,4,2807,73
2020-06-28,Del Norte,015,27424,58,47,0,47,0
2020-06-28,El Dorado,017,186661,277,162,0,162,0
2020-06-28,Fresno,019,978130,9325,4365,75,4440,74
2020-06-28,Glenn,021,27897,148,77,0,77,0
2020-06-28,Humboldt,023,135768,156,127,0,127,3
2020-06-28,Imperial,025,180216,7878,5513,4,5517,45
2020-06-28,Inyo,027,18085,33,29,0,29,1
2020-06-28,Kern,029,883053,8394,4541,26,4567,72
2020-06-28,Kings,031,150075,2694,2234,7,2241,18
2020-06-28,Lake,033,64148,84,53,0,53,0
2020-06-28,Lassen,035,31185,240,77,2,79,0
2020-06-28,Los Angeles,037,10098052,115063,98003,30,98033,3316
2020-06-28,Madera,039,155013,907,424,3,427,4
2020-06-28,Marin,041,260295,2654,1473,4,1477,17
2020-06-28,Mariposa,043,17540,32,24,0,24,1
2020-06-28,Mendocino,045,87422,85,63,0,63,0
2020-06-28,Merced,047,269075,1630,814,2,816,10
2020-06-28,Modoc,049,8938,1,0,0,0,0
2020-06-28,Mono,051,14174,47,35,0,35,1
2020-06-28,Monterey,053,433212,2133,1560,6,1566,13
2020-06-28,Napa,055,140530,432,307,0,307,4
2020-06-28,Nevada,057,99092,144,102,3,105,1
2020-06-28,Orange,059,3164182,22154,13213,183,13396,324
2020-06-28,Placer,061,380077,930,618,3,621,11
2020-06-28,Plumas,063,18699,11,6,0,6,0
2020-06-28,Riverside,065,2383286,23028,16848,26,16874,432
2020-06-28,Sacramento,067,1510023,4078,2803,6,2809,63
2020-06-28,San Benito,069,59416,275,190,0,190,2
2020-06-28,San Bernardino,071,2135413,18160,11344,9,11353,245
2020-06-28,San Diego,073,3302833,16857,13333,2,13335,361
2020-06-28,San Francisco,075,870044,3962,3388,1,3389,50
2020-06-28,San Joaquin,077,732212,4935,3201,4,3205,52
2020-06-28,San Luis Obispo,079,281455,814,531,6,537,1
2020-06-28,San Mateo,081,765935,3603,3124,6,3130,84
2020-06-28,Santa Barbara,083,443738,3631,2872,30,2902,25
2020-06-28,Santa Clara,085,1922200,5729,4131,16,4147,156
2020-06-28,Santa Cruz,087,273765,446,349,0,349,2
2020-06-28,Shasta,089,179085,199,89,0,89,5
2020-06-28,Sierra,091,2930,1,1,0,1,0
2020-06-28,Siskiyou,093,43540,35,25,0,25,0
2020-06-28,Solano,095,438530,1754,1077,8,1085,21
2020-06-28,Sonoma,097,501317,1424,1084,4,1088,5
2020-06-28,Stanislaus,099,539301,3849,2376,5,2381,36
2020-06-28,Sutter,101,95872,198,145,0,145,2
2020-06-28,Tehama,103,63373,93,63,2,65,1
2020-06-28,Trinity,105,12862,17,2,4,6,0
2020-06-28,Tulare,107,460477,5362,3812,12,3824,117
2020-06-28,Tuolumne,109,53932,42,14,2,16,0
2020-06-28,Ventura,111,848112,4245,2650,17,2667,40
2020-06-28,Yolo,113,214977,677,468,3,471,24
2020-06-28,Yuba,115,75493,89,39,0,39,1
2020-06-27,Alameda,001,1643700,6786,5581,10,5591,135
2020-06-27,Alpine,003,1148,1,1,0,1,0
2020-06-27,Amador,005,37829,27,20,0,20,0
2020-06-27,Butte,007,227075,258,137,8,145,2
2020-06-27,Calaveras,009,45235,49,30,0,30,0
2020-06-27,Colusa,011,21464,68,17,0,17,0
2020-06-27,Contra Costa,013,1133247,3691,2717,3,2720,72
2020-06-27,Del Norte,015,27424,58,47,0,47,0
2020-06-27,El Dorado,017,186661,271,159,0,159,0
2020-06-27,Fresno,019,978130,9079,4238,75,4313,74
2020-06-27,Glenn,021,27897,144,77,0,77,0
2020-06-27,Humboldt,023,135768,154,127,0,127,3
2020-06-27,Imperial,025,180216,7817,5513,4,5517,45
2020-06-27,Inyo,027,18085,33,29,0,29,1
2020-06-27,Kern,029,883053,8130,4411,25,4436,70
2020-06-27,Kings,031,150075,2668,2187,7,2194,18
2020-06-27,Lake,033,64148,81,42,0,42,0
2020-06-27,Lassen,035,31185,240,33,2,35,0
2020-06-27,Los Angeles,037,10098052,113321,95341,27,95368,3291
2020-06-27,Madera,039,155013,864,427,2,429,4
2020-06-27,Marin,041,260295,2609,1423,4,1427,17
2020-06-27,Mariposa,043,17540,31,22,0,22,1
2020-06-27,Mendocino,045,87422,85,63,0,63,0
2020-06-27,Merced,047,269075,1572,807,1,808,10
2020-06-27,Modoc,049,8938,1,0,0,0,0
2020-06-27,Mono,051,14174,46,35,0,35,1
2020-06-27,Monterey,053,433212,2069,1455,6,1461,12
2020-06-27,Napa,055,140530,422,282,0,282,3
2020-06-27,Nevada,057,99092,140,102,2,104,1
2020-06-27,Orange,059,3164182,21643,12951,178,13129,320
2020-06-27,Placer,061,380077,909,584,3,587,10
2020-06-27,Plumas,063,18699,11,6,0,6,0
2020-06-27,Riverside,065,2383286,22639,16209,26,16235,432
2020-06-27,Sacramento,067,1510023,3961,2685,6,2691,63
2020-06-27,San Benito,069,59416,268,182,0,182,2
2020-06-27,San Bernardino,071,2135413,17781,11238,9,11247,243
2020-06-27,San Diego,073,3302833,16492,12836,2,12838,360
2020-06-27,San Francisco,075,870044,3907,3332,1,3333,49
2020-06-27,San Joaquin,077,732212,4769,2995,4,2999,52
2020-06-27,San Luis Obispo,079,281455,791,505,6,511,1
2020-06-27,San Mateo,081,765935,3546,3083,6,3089,83
2020-06-27,Santa Barbara,083,443738,3559,2799,30,2829,25
2020-06-27,Santa Clara,085,1922200,5623,4006,16,4022,157
2020-06-27,Santa Cruz,087,273765,439,347,0,347,2
2020-06-27,Shasta,089,179085,193,87,0,87,5
2020-06-27,Sierra,091,2930,1,1,0,1,0
2020-06-27,Siskiyou,093,43540,35,25,0,25,0
2020-06-27,Solano,095,438530,1721,1076,8,1084,21
2020-06-27,Sonoma,097,501317,1393,1004,4,1008,5
2020-06-27,Stanislaus,099,539301,3749,2164,5,2169,36
2020-06-27,Sutter,101,95872,191,141,0,141,2
2020-06-27,Tehama,103,63373,90,63,2,65,1
2020-06-27,Trinity,105,12862,17,2,4,6,0
2020-06-27,Tulare,107,460477,5266,3810,12,3822,117
2020-06-27,Tuolumne,109,53932,41,13,2,15,0
2020-06-27,Ventura,111,848112,4145,2471,17,2488,40
2020-06-27,Yolo,113,214977,653,432,3,435,24
2020-06-27,Yuba,115,75493,81,39,0,39,1
2020-06-26,Alameda,001,1643700,6700,5502,9,5511,132
2020-06-26,Alpine,003,1148,1,1,0,1,0
2020-06-26,Amador,005,37829,26,20,0,20,0
2020-06-26,Butte,007,227075,243,135,8,143,2
2020-06-26,Calaveras,009,45235,47,30,0,30,0
2020-06-26,Colusa,011,21464,63,17,0,17,0
2020-06-26,Contra Costa,013,1133247,3578,2676,3,2679,72
2020-06-26,Del Norte,015,27424,57,47,0,47,0
2020-06-26,El Dorado,017,186661,263,159,0,159,0
2020-06-26,Fresno,019,978130,8853,4166,75,4241,74
2020-06-26,Glenn,021,27897,137,71,0,71,0
2020-06-26,Humboldt,023,135768,152,126,0,126,3
2020-06-26,Imperial,025,180216,7754,5400,4,5404,44
2020-06-26,Inyo,027,18085,32,29,0,29,1
2020-06-26,Kern,029,883053,7800,4366,25,4391,70
2020-06-26,Kings,031,150075,2636,2176,6,2182,18
2020-06-26,Lake,033,64148,80,42,0,42,0
2020-06-26,Lassen,035,31185,239,30,2,32,0
2020-06-26,Los Angeles,037,10098052,111155,93328,27,93355,3275
2020-06-26,Madera,039,155013,832,409,2,411,4
2020-06-26,Marin,041,260295,2572,1406,4,1410,17
2020-06-26,Mariposa,043,17540,30,21,0,21,1
2020-06-26,Mendocino,045,87422,82,63,0,63,0
2020-06-26,Merced,047,269075,1526,797,1,798,10
2020-06-26,Modoc,049,8938,1,0,0,0,0
2020-06-26,Mono,051,14174,45,35,0,35,1
2020-06-26,Monterey,053,433212,2017,1449,6,1455,12
2020-06-26,Napa,055,140530,412,277,0,277,3
2020-06-26,Nevada,057,99092,136,101,1,102,1
2020-06-26,Orange,059,3164182,20967,12659,175,12834,320
2020-06-26,Placer,061,380077,880,584,3,587,10
2020-06-26,Plumas,063,18699,11,6,0,6,0
2020-06-26,Riverside,065,2383286,22176,15858,26,15884,430
2020-06-26,Sacramento,067,1510023,3796,2687,6,2693,63
2020-06-26,San Benito,069,59416,264,176,0,176,2
2020-06-26,San Bernardino,071,2135413,17404,11111,9,11120,243
2020-06-26,San Diego,073,3302833,16127,12402,2,12404,358
2020-06-26,San Francisco,075,870044,3852,3330,1,3331,49
2020-06-26,San Joaquin,077,732212,4555,2943,4,2947,52
2020-06-26,San Luis Obispo,079,281455,776,498,6,504,1
2020-06-26,San Mateo,081,765935,3494,3055,6,3061,83
2020-06-26,Santa Barbara,083,443738,3469,2784,28,2812,25
2020-06-26,Santa Clara,085,1922200,5522,3968,16,3984,156
2020-06-26,Santa Cruz,087,273765,432,344,0,344,2
2020-06-26,Shasta,089,179085,186,86,0,86,5
2020-06-26,Sierra,091,2930,1,1,0,1,0
2020-06-26,Siskiyou,093,43540,34,24,0,24,0
2020-06-26,Solano,095,438530,1679,1068,8,1076,21
2020-06-26,Sonoma,097,501317,1361,977,4,981,5
2020-06-26,Stanislaus,099,539301,3636,2157,5,2162,36
2020-06-26,Sutter,101,95872,184,138,0,138,2
2020-06-26,Tehama,103,63373,87,63,2,65,1
2020-06-26,Trinity,105,12862,17,2,4,6,0
2020-06-26,Tulare,107,460477,5177,3720,12,3732,117
2020-06-26,Tuolumne,109,53932,39,10,2,12,0
2020-06-26,Ventura,111,848112,4059,2444,17,2461,40
2020-06-26,Yolo,113,214977,630,418,3,421,24
2020-06-26,Yuba,115,75493,75,38,0,38,1
2020-06-25,Alameda,001,1643700,6511,5398,9,5407,130
2020-06-25,Alpine,003,1148,1,1,0,1,0
2020-06-25,Amador,005,37829,25,18,0,18,0
2020-06-25,Butte,007,227075,238,127,8,135,1
2020-06-25,Calaveras,009,45235,42,26,0,26,0
2020-06-25,Colusa,011,21464,53,14,0,14,0
2020-06-25,Contra Costa,013,1133247,3393,2591,3,2594,71
2020-06-25,Del Norte,015,27424,55,47,0,47,0
2020-06-25,El Dorado,017,186661,255,150,0,150,0
2020-06-25,Fresno,019,978130,8540,3938,74,4012,71
2020-06-25,Glenn,021,27897,132,59,0,59,0
2020-06-25,Humboldt,023,135768,151,121,0,121,3
2020-06-25,Imperial,025,180216,7625,5192,4,5196,44
2020-06-25,Inyo,027,18085,29,27,0,27,1
2020-06-25,Kern,029,883053,7375,4236,22,4258,69
2020-06-25,Kings,031,150075,2584,2110,6,2116,17
2020-06-25,Lake,033,64148,79,42,0,42,0
2020-06-25,Lassen,035,31185,233,13,2,15,0
2020-06-25,Los Angeles,037,10098052,108388,91524,27,91551,3239
2020-06-25,Madera,039,155013,788,380,2,382,4
2020-06-25,Marin,041,260295,2470,1321,4,1325,17
2020-06-25,Mariposa,043,17540,29,20,0,20,1
2020-06-25,Mendocino,045,87422,79,61,0,61,0
2020-06-25,Merced,047,269075,1439,747,1,748,10
2020-06-25,Modoc,049,8938,1,0,0,0,0
2020-06-25,Mono,051,14174,44,35,0,35,1
2020-06-25,Monterey,053,433212,1929,1426,5,1431,12
2020-06-25,Napa,055,140530,394,260,0,260,3
2020-06-25,Nevada,057,99092,128,92,1,93,1
2020-06-25,Orange,059,3164182,20045,12221,173,12394,311
2020-06-25,Placer,061,380077,826,574,3,577,10
2020-06-25,Plumas,063,18699,10,6,0,6,0
2020-06-25,Riverside,065,2383286,21421,15224,26,15250,427
2020-06-25,Sacramento,067,1510023,3573,2519,6,2525,62
2020-06-25,San Benito,069,59416,256,174,0,174,2
2020-06-25,San Bernardino,071,2135413,16653,10590,9,10599,242
2020-06-25,San Diego,073,3302833,15588,11963,2,11965,352
2020-06-25,San Francisco,075,870044,3786,3252,1,3253,48
2020-06-25,San Joaquin,077,732212,4282,2803,4,2807,50
2020-06-25,San Luis Obispo,079,281455,744,473,6,479,1
2020-06-25,San Mateo,081,765935,3426,2996,6,3002,82
2020-06-25,Santa Barbara,083,443738,3363,2622,27,2649,25
2020-06-25,Santa Clara,085,1922200,5373,3871,16,3887,156
2020-06-25,Santa Cruz,087,273765,420,335,0,335,2
2020-06-25,Shasta,089,179085,176,84,0,84,5
2020-06-25,Sierra,091,2930,1,1,0,1,0
2020-06-25,Siskiyou,093,43540,33,24,0,24,0
2020-06-25,Solano,095,438530,1626,1034,8,1042,21
2020-06-25,Sonoma,097,501317,1314,953,3,956,5
2020-06-25,Stanislaus,099,539301,3424,2130,5,2135,36
2020-06-25,Sutter,101,95872,172,126,0,126,2
2020-06-25,Tehama,103,63373,83,59,2,61,1
2020-06-25,Trinity,105,12862,17,2,4,6,0
2020-06-25,Tulare,107,460477,5046,3656,12,3668,117
2020-06-25,Tuolumne,109,53932,38,10,1,11,0
2020-06-25,Ventura,111,848112,3877,2346,16,2362,40
2020-06-25,Yolo,113,214977,601,397,3,400,24
2020-06-25,Yuba,115,75493,64,38,0,38,1
2020-06-24,Alameda,001,1643700,6349,5242,9,5251,123
2020-06-24,Alpine,003,1148,1,1,0,1,0
2020-06-24,Amador,005,37829,23,16,0,16,0
2020-06-24,Butte,007,227075,222,119,7,126,1
2020-06-24,Calaveras,009,45235,40,26,0,26,0
2020-06-24,Colusa,011,21464,44,11,0,11,0
2020-06-24,Contra Costa,013,1133247,3238,2520,3,2523,66
2020-06-24,Del Norte,015,27424,49,47,0,47,0
2020-06-24,El Dorado,017,186661,239,149,0,149,0
2020-06-24,Fresno,019,978130,8209,3765,74,3839,71
2020-06-24,Glenn,021,27897,124,54,0,54,0
2020-06-24,Humboldt,023,135768,151,117,0,117,3
2020-06-24,Imperial,025,180216,7507,5138,4,5142,38
2020-06-24,Inyo,027,18085,29,28,0,28,1
2020-06-24,Kern,029,883053,6982,4155,20,4175,67
2020-06-24,Kings,031,150075,2520,2063,6,2069,16
2020-06-24,Lake,033,64148,66,40,0,40,0
2020-06-24,Lassen,035,31185,232,9,2,11,0
2020-06-24,Los Angeles,037,10098052,105628,89566,27,89593,3186
2020-06-24,Madera,039,155013,766,373,2,375,4
2020-06-24,Marin,041,260295,2242,1261,4,1265,17
2020-06-24,Mariposa,043,17540,28,19,0,19,1
2020-06-24,Mendocino,045,87422,79,60,0,60,0
2020-06-24,Merced,047,269075,1353,696,1,697,8
2020-06-24,Modoc,049,8938,1,0,0,0,0
2020-06-24,Mono,051,14174,42,35,0,35,1
2020-06-24,Monterey,053,433212,1852,1407,5,1412,12
2020-06-24,Napa,055,140530,377,258,0,258,3
2020-06-24,Nevada,057,99092,122,92,1,93,1
2020-06-24,Orange,059,3164182,19048,11804,154,11958,303
2020-06-24,Placer,061,380077,787,548,3,551,10
2020-06-24,Plumas,063,18699,10,6,0,6,0
2020-06-24,Riverside,065,2383286,20574,14946,26,14972,410
2020-06-24,Sacramento,067,1510023,3368,2446,5,2451,62
2020-06-24,San Benito,069,59416,252,171,0,171,2
2020-06-24,San Bernardino,071,2135413,15839,10211,9,10220,239
2020-06-24,San Diego,073,3302833,15085,11628,2,11630,347
2020-06-24,San Francisco,075,870044,3723,3216,1,3217,48
2020-06-24,San Joaquin,077,732212,4061,2680,4,2684,49
2020-06-24,San Luis Obispo,079,281455,713,461,5,466,1
2020-06-24,San Mateo,081,765935,3369,2964,6,2970,82
2020-06-24,Santa Barbara,083,443738,3244,2569,25,2594,22
2020-06-24,Santa Clara,085,1922200,5242,3812,16,3828,155
2020-06-24,Santa Cruz,087,273765,408,329,0,329,2
2020-06-24,Shasta,089,179085,168,83,0,83,5
2020-06-24,Sierra,091,2930,1,1,0,1,0
2020-06-24,Siskiyou,093,43540,32,24,0,24,0
2020-06-24,Solano,095,438530,1536,979,7,986,21
2020-06-24,Sonoma,097,501317,1265,933,3,936,4
2020-06-24,Stanislaus,099,539301,3245,2039,5,2044,36
2020-06-24,Sutter,101,95872,159,118,0,118,2
2020-06-24,Tehama,103,63373,81,55,2,57,1
2020-06-24,Trinity,105,12862,16,2,3,5,0
2020-06-24,Tulare,107,460477,4891,3541,10,3551,116
2020-06-24,Tuolumne,109,53932,33,9,1,10,0
2020-06-24,Ventura,111,848112,3536,2314,16,2330,42
2020-06-24,Yolo,113,214977,566,376,3,379,24
2020-06-24,Yuba,115,75493,58,37,0,37,1
2020-06-23,Alameda,001,1643700,6167,5159,9,5168,121
2020-06-23,Alpine,003,1148,1,1,0,1,0
2020-06-23,Amador,005,37829,22,13,0,13,0
2020-06-23,Butte,007,227075,204,111,7,118,1
2020-06-23,Calaveras,009,45235,40,26,0,26,0
2020-06-23,Colusa,011,21464,40,7,0,7,0
2020-06-23,Contra Costa,013,1133247,3112,2453,3,2456,60
2020-06-23,Del Norte,015,27424,48,46,0,46,0
2020-06-23,El Dorado,017,186661,230,142,0,142,0
2020-06-23,Fresno,019,978130,7558,3569,72,3641,67
2020-06-23,Glenn,021,27897,120,47,0,47,0
2020-06-23,Humboldt,023,135768,151,110,0,110,3
2020-06-23,Imperial,025,180216,7344,5025,4,5029,38
2020-06-23,Inyo,027,18085,29,26,0,26,1
2020-06-23,Kern,029,883053,6614,4087,17,4104,64
2020-06-23,Kings,031,150075,2455,1727,6,1733,16
2020-06-23,Lake,033,64148,60,40,0,40,0
2020-06-23,Lassen,035,31185,228,9,2,11,0
2020-06-23,Los Angeles,037,10098052,102688,88433,26,88459,3152
2020-06-23,Madera,039,155013,727,369,2,371,4
2020-06-23,Marin,041,260295,1974,1139,4,1143,17
2020-06-23,Mariposa,043,17540,26,18,0,18,1
2020-06-23,Mendocino,045,87422,78,61,0,61,0
2020-06-23,Merced,047,269075,1255,656,1,657,8
2020-06-23,Modoc,049,8938,1,0,0,0,0
2020-06-23,Mono,051,14174,42,35,0,35,1
2020-06-23,Monterey,053,433212,1782,1346,5,1351,12
2020-06-23,Napa,055,140530,362,230,0,230,3
2020-06-23,Nevada,057,99092,116,81,1,82,1
2020-06-23,Orange,059,3164182,18080,11071,151,11222,278
2020-06-23,Placer,061,380077,761,525,3,528,10
2020-06-23,Plumas,063,18699,9,6,0,6,0
2020-06-23,Riverside,065,2383286,19554,14469,26,14495,406
2020-06-23,Sacramento,067,1510023,3189,2374,5,2379,62
2020-06-23,San Benito,069,59416,238,167,0,167,2
2020-06-23,San Bernardino,071,2135413,15059,9771,9,9780,229
2020-06-23,San Diego,073,3302833,14565,11296,2,11298,341
2020-06-23,San Francisco,075,870044,3649,3177,1,3178,48
2020-06-23,San Joaquin,077,732212,3802,2502,4,2506,48
2020-06-23,San Luis Obispo,079,281455,682,445,5,450,1
2020-06-23,San Mateo,081,765935,3304,2907,6,2913,81
2020-06-23,Santa Barbara,083,443738,3148,2498,25,2523,22
2020-06-23,Santa Clara,085,1922200,5096,3700,16,3716,155
2020-06-23,Santa Cruz,087,273765,398,313,0,313,2
2020-06-23,Shasta,089,179085,159,81,0,81,5
2020-06-23,Sierra,091,2930,1,1,0,1,0
2020-06-23,Siskiyou,093,43540,30,24,0,24,0
2020-06-23,Solano,095,438530,1479,941,6,947,21
2020-06-23,Sonoma,097,501317,1212,912,3,915,4
2020-06-23,Stanislaus,099,539301,3069,1850,5,1855,35
2020-06-23,Sutter,101,95872,149,112,0,112,2
2020-06-23,Tehama,103,63373,79,50,2,52,1
2020-06-23,Trinity,105,12862,16,2,3,5,0
2020-06-23,Tulare,107,460477,4769,3456,10,3466,111
2020-06-23,Tuolumne,109,53932,28,9,0,9,0
2020-06-23,Ventura,111,848112,3376,2209,15,2224,40
2020-06-23,Yolo,113,214977,540,350,0,350,24
2020-06-23,Yuba,115,75493,55,35,0,35,1
2020-06-22,Alameda,001,1643700,6016,4944,9,4953,121
2020-06-22,Alpine,003,1148,1,1,0,1,0
2020-06-22,Amador,005,37829,19,12,0,12,0
2020-06-22,Butte,007,227075,185,104,7,111,1
2020-06-22,Calaveras,009,45235,38,20,0,20,0
2020-06-22,Colusa,011,21464,37,7,0,7,0
2020-06-22,Contra Costa,013,1133247,2970,2363,3,2366,60
2020-06-22,Del Norte,015,27424,48,46,0,46,0
2020-06-22,El Dorado,017,186661,221,137,0,137,0
2020-06-22,Fresno,019,978130,7026,3425,72,3497,67
2020-06-22,Glenn,021,27897,111,40,0,40,0
2020-06-22,Humboldt,023,135768,148,110,0,110,3
2020-06-22,Imperial,025,180216,7188,4700,4,4704,38
2020-06-22,Inyo,027,18085,29,26,0,26,1
2020-06-22,Kern,029,883053,6262,3982,15,3997,60
2020-06-22,Kings,031,150075,2406,1513,6,1519,13
2020-06-22,Lake,033,64148,54,37,0,37,0
2020-06-22,Lassen,035,31185,118,7,2,9,0
2020-06-22,Los Angeles,037,10098052,99791,85925,24,85949,3117
2020-06-22,Madera,039,155013,702,333,2,335,4
2020-06-22,Marin,041,260295,1717,1029,4,1033,17
2020-06-22,Mariposa,043,17540,25,18,0,18,1
2020-06-22,Mendocino,045,87422,73,48,0,48,0
2020-06-22,Merced,047,269075,1166,619,1,620,8
2020-06-22,Modoc,049,8938,1,0,0,0,0
2020-06-22,Mono,051,14174,42,34,0,34,1
2020-06-22,Monterey,053,433212,1721,1293,5,1298,12
2020-06-22,Napa,055,140530,338,222,0,222,3
2020-06-22,Nevada,057,99092,111,79,1,80,1
2020-06-22,Orange,059,3164182,17148,10711,148,10859,275
2020-06-22,Placer,061,380077,735,512,3,515,9
2020-06-22,Plumas,063,18699,7,6,0,6,0
2020-06-22,Riverside,065,2383286,18582,13948,26,13974,403
2020-06-22,Sacramento,067,1510023,2972,2243,5,2248,62
2020-06-22,San Benito,069,59416,229,164,0,164,2
2020-06-22,San Bernardino,071,2135413,14285,9133,9,9142,229
2020-06-22,San Diego,073,3302833,14073,11098,2,11100,338
2020-06-22,San Francisco,075,870044,3556,3000,1,3001,47
2020-06-22,San Joaquin,077,732212,3554,2332,4,2336,48
2020-06-22,San Luis Obispo,079,281455,649,422,5,427,1
2020-06-22,San Mateo,081,765935,3231,2813,5,2818,81
2020-06-22,Santa Barbara,083,443738,3056,2447,25,2472,21
2020-06-22,Santa Clara,085,1922200,4933,3580,16,3596,155
2020-06-22,Santa Cruz,087,273765,385,290,0,290,3
2020-06-22,Shasta,089,179085,156,77,0,77,5
2020-06-22,Sierra,091,2930,1,1,0,1,0
2020-06-22,Siskiyou,093,43540,30,23,0,23,0
2020-06-22,Solano,095,438530,1401,784,5,789,21
2020-06-22,Sonoma,097,501317,1167,860,1,861,4
2020-06-22,Stanislaus,099,539301,2884,1784,5,1789,35
2020-06-22,Sutter,101,95872,140,100,0,100,2
2020-06-22,Tehama,103,63373,75,38,2,40,1
2020-06-22,Trinity,105,12862,16,2,3,5,0
2020-06-22,Tulare,107,460477,4632,3185,10,3195,111
2020-06-22,Tuolumne,109,53932,19,8,0,8,0
2020-06-22,Ventura,111,848112,3227,2065,15,2080,39
2020-06-22,Yolo,113,214977,514,333,0,333,24
2020-06-22,Yuba,115,75493,50,36,0,36,1
2020-06-21,Alameda,001,1643700,5821,4835,9,4844,121
2020-06-21,Alpine,003,1148,1,1,0,1,0
2020-06-21,Amador,005,37829,14,12,0,12,0
2020-06-21,Butte,007,227075,171,97,7,104,1
2020-06-21,Calaveras,009,45235,38,20,0,20,0
2020-06-21,Colusa,011,21464,29,7,0,7,0
2020-06-21,Contra Costa,013,1133247,2844,2282,3,2285,60
2020-06-21,Del Norte,015,27424,47,46,0,46,0
2020-06-21,El Dorado,017,186661,212,132,0,132,0
2020-06-21,Fresno,019,978130,6455,3296,70,3366,67
2020-06-21,Glenn,021,27897,102,40,0,40,0
2020-06-21,Humboldt,023,135768,143,108,0,108,3
2020-06-21,Imperial,025,180216,7005,4701,4,4705,38
2020-06-21,Inyo,027,18085,27,26,0,26,1
2020-06-21,Kern,029,883053,5970,3918,14,3932,60
2020-06-21,Kings,031,150075,2342,1334,6,1340,11
2020-06-21,Lake,033,64148,49,36,0,36,0
2020-06-21,Lassen,035,31185,25,7,2,9,0
2020-06-21,Los Angeles,037,10098052,96909,83383,23,83406,3101
2020-06-21,Madera,039,155013,668,319,2,321,4
2020-06-21,Marin,041,260295,1560,907,4,911,17
2020-06-21,Mariposa,043,17540,22,18,0,18,1
2020-06-21,Mendocino,045,87422,70,48,0,48,0
2020-06-21,Merced,047,269075,1071,577,1,578,8
2020-06-21,Modoc,049,8938,1,0,0,0,0
2020-06-21,Mono,051,14174,42,34,0,34,1
2020-06-21,Monterey,053,433212,1648,1227,5,1232,12
2020-06-21,Napa,055,140530,323,218,0,218,3
2020-06-21,Nevada,057,99092,108,79,1,80,1
2020-06-21,Orange,059,3164182,16316,10563,144,10707,275
2020-06-21,Placer,061,380077,695,498,3,501,9
2020-06-21,Plumas,063,18699,7,6,0,6,0
2020-06-21,Riverside,065,2383286,17876,13528,25,13553,402
2020-06-21,Sacramento,067,1510023,2771,2156,4,2160,62
2020-06-21,San Benito,069,59416,215,151,0,151,2
2020-06-21,San Bernardino,071,2135413,13511,8925,8,8933,229
2020-06-21,San Diego,073,3302833,13527,10796,2,10798,338
2020-06-21,San Francisco,075,870044,3450,3000,1,3001,47
2020-06-21,San Joaquin,077,732212,3318,2188,4,2192,48
2020-06-21,San Luis Obispo,079,281455,623,418,5,423,1
2020-06-21,San Mateo,081,765935,3173,2781,5,2786,81
2020-06-21,Santa Barbara,083,443738,2949,2430,24,2454,21
2020-06-21,Santa Clara,085,1922200,4795,3514,16,3530,154
2020-06-21,Santa Cruz,087,273765,375,290,0,290,3
2020-06-21,Shasta,089,179085,146,75,0,75,5
2020-06-21,Sierra,091,2930,1,1,0,1,0
2020-06-21,Siskiyou,093,43540,30,23,0,23,0
2020-06-21,Solano,095,438530,1301,783,4,787,21
2020-06-21,Sonoma,097,501317,1117,836,1,837,4
2020-06-21,Stanislaus,099,539301,2698,1688,5,1693,35
2020-06-21,Sutter,101,95872,132,96,0,96,2
2020-06-21,Tehama,103,63373,64,35,2,37,1
2020-06-21,Trinity,105,12862,15,2,3,5,0
2020-06-21,Tulare,107,460477,4463,3173,10,3183,111
2020-06-21,Tuolumne,109,53932,17,8,0,8,0
2020-06-21,Ventura,111,848112,3049,2021,15,2036,39
2020-06-21,Yolo,113,214977,482,323,0,323,24
2020-06-21,Yuba,115,75493,46,35,0,35,1
2020-06-20,Alameda,001,1643700,5759,4758,9,4767,119
2020-06-20,Alpine,003,1148,1,1,0,1,0
2020-06-20,Amador,005,37829,14,12,0,12,0
2020-06-20,Butte,007,227075,164,94,7,101,1
2020-06-20,Calaveras,009,45235,38,20,0,20,0
2020-06-20,Colusa,011,21464,26,7,0,7,0
2020-06-20,Contra Costa,013,1133247,2785,2231,3,2234,54
2020-06-20,Del Norte,015,27424,47,46,0,46,0
2020-06-20,El Dorado,017,186661,207,130,0,130,0
2020-06-20,Fresno,019,978130,6329,3222,67,3289,67
2020-06-20,Glenn,021,27897,97,40,0,40,0
2020-06-20,Humboldt,023,135768,143,108,0,108,3
2020-06-20,Imperial,025,180216,6924,4616,4,4620,37
2020-06-20,Inyo,027,18085,27,26,0,26,1
2020-06-20,Kern,029,883053,5805,3836,14,3850,59
2020-06-20,Kings,031,150075,2318,1331,6,1337,9
2020-06-20,Lake,033,64148,49,37,0,37,0
2020-06-20,Lassen,035,31185,24,7,2,9,0
2020-06-20,Los Angeles,037,10098052,95338,81604,22,81626,3093
2020-06-20,Madera,039,155013,635,321,2,323,4
2020-06-20,Marin,041,260295,1540,879,4,883,17
2020-06-20,Mariposa,043,17540,22,18,0,18,1
2020-06-20,Mendocino,045,87422,69,48,0,48,0
2020-06-20,Merced,047,269075,1031,566,1,567,8
2020-06-20,Modoc,049,8938,1,0,0,0,0
2020-06-20,Mono,051,14174,42,34,0,34,1
2020-06-20,Monterey,053,433212,1612,1181,5,1186,12
2020-06-20,Napa,055,140530,314,212,0,212,3
2020-06-20,Nevada,057,99092,105,73,1,74,1
2020-06-20,Orange,059,3164182,15966,10284,140,10424,273
2020-06-20,Placer,061,380077,670,483,3,486,9
2020-06-20,Plumas,063,18699,6,6,0,6,0
2020-06-20,Riverside,065,2383286,17577,13021,25,13046,402
2020-06-20,Sacramento,067,1510023,2700,2069,4,2073,63
2020-06-20,San Benito,069,59416,211,139,0,139,2
2020-06-20,San Bernardino,071,2135413,13149,8718,8,8726,229
2020-06-20,San Diego,073,3302833,13204,10486,2,10488,338
2020-06-20,San Francisco,075,870044,3406,2999,1,3000,47
2020-06-20,San Joaquin,077,732212,3236,2046,4,2050,48
2020-06-20,San Luis Obispo,079,281455,610,405,5,410,1
2020-06-20,San Mateo,081,765935,3125,2755,5,2760,81
2020-06-20,Santa Barbara,083,443738,2892,2358,23,2381,21
2020-06-20,Santa Clara,085,1922200,4721,3435,16,3451,154
2020-06-20,Santa Cruz,087,273765,373,287,0,287,3
2020-06-20,Shasta,089,179085,140,66,0,66,5
2020-06-20,Sierra,091,2930,1,1,0,1,0
2020-06-20,Siskiyou,093,43540,29,22,0,22,0
2020-06-20,Solano,095,438530,1277,784,4,788,21
2020-06-20,Sonoma,097,501317,1081,806,1,807,4
2020-06-20,Stanislaus,099,539301,2590,1598,5,1603,35
2020-06-20,Sutter,101,95872,130,89,0,89,2
2020-06-20,Tehama,103,63373,62,35,2,37,1
2020-06-20,Trinity,105,12862,15,2,3,5,0
2020-06-20,Tulare,107,460477,4390,3172,10,3182,111
2020-06-20,Tuolumne,109,53932,14,8,0,8,0
2020-06-20,Ventura,111,848112,2984,1946,15,1961,37
2020-06-20,Yolo,113,214977,466,309,0,309,24
2020-06-20,Yuba,115,75493,44,34,0,34,1
2020-06-19,Alameda,001,1643700,5688,4646,9,4655,119
2020-06-19,Alpine,003,1148,1,1,0,1,0
2020-06-19,Amador,005,37829,14,12,0,12,0
2020-06-19,Butte,007,227075,159,91,7,98,1
2020-06-19,Calaveras,009,45235,37,20,0,20,0
2020-06-19,Colusa,011,21464,24,7,0,7,0
2020-06-19,Contra Costa,013,1133247,2705,2106,3,2109,54
2020-06-19,Del Norte,015,27424,47,46,0,46,0
2020-06-19,El Dorado,017,186661,198,124,0,124,0
2020-06-19,Fresno,019,978130,6167,3109,65,3174,61
2020-06-19,Glenn,021,27897,91,40,0,40,0
2020-06-19,Humboldt,023,135768,141,106,0,106,3
2020-06-19,Imperial,025,180216,6833,4504,4,4508,36
2020-06-19,Inyo,027,18085,27,26,0,26,1
2020-06-19,Kern,029,883053,5582,3742,13,3755,57
2020-06-19,Kings,031,150075,2297,1285,6,1291,9
2020-06-19,Lake,033,64148,46,36,0,36,0
2020-06-19,Lassen,035,31185,23,7,2,9,0
2020-06-19,Los Angeles,037,10098052,93359,79572,21,79593,3047
2020-06-19,Madera,039,155013,616,300,2,302,4
2020-06-19,Marin,041,260295,1511,829,4,833,17
2020-06-19,Mariposa,043,17540,21,18,0,18,1
2020-06-19,Mendocino,045,87422,68,48,0,48,0
2020-06-19,Merced,047,269075,986,529,1,530,8
2020-06-19,Modoc,049,8938,1,0,0,0,0
2020-06-19,Mono,051,14174,42,34,0,34,1
2020-06-19,Monterey,053,433212,1583,1159,5,1164,12
2020-06-19,Napa,055,140530,304,209,0,209,3
2020-06-19,Nevada,057,99092,102,71,1,72,1
2020-06-19,Orange,059,3164182,15433,9972,133,10105,260
2020-06-19,Placer,061,380077,652,464,3,467,9
2020-06-19,Plumas,063,18699,6,5,0,5,0
2020-06-19,Riverside,065,2383286,17172,12710,25,12735,398
2020-06-19,Sacramento,067,1510023,2617,1976,4,1980,64
2020-06-19,San Benito,069,59416,210,136,0,136,2
2020-06-19,San Bernardino,071,2135413,12744,8454,7,8461,226
2020-06-19,San Diego,073,3302833,12841,10352,2,10354,332
2020-06-19,San Francisco,075,870044,3351,2968,1,2969,47
2020-06-19,San Joaquin,077,732212,3113,1969,4,1973,48
2020-06-19,San Luis Obispo,079,281455,594,392,5,397,1
2020-06-19,San Mateo,081,765935,3086,2713,5,2718,81
2020-06-19,Santa Barbara,083,443738,2819,2284,21,2305,21
2020-06-19,Santa Clara,085,1922200,4647,3376,16,3392,154
2020-06-19,Santa Cruz,087,273765,363,283,0,283,3
2020-06-19,Shasta,089,179085,137,58,0,58,5
2020-06-19,Sierra,091,2930,1,1,0,1,0
2020-06-19,Siskiyou,093,43540,29,21,0,21,0
2020-06-19,Solano,095,438530,1239,755,4,759,21
2020-06-19,Sonoma,097,501317,1054,803,1,804,4
2020-06-19,Stanislaus,099,539301,2480,1549,5,1554,35
2020-06-19,Sutter,101,95872,129,89,0,89,2
2020-06-19,Tehama,103,63373,61,35,2,37,1
2020-06-19,Trinity,105,12862,15,2,3,5,0
2020-06-19,Tulare,107,460477,4319,3053,10,3063,107
2020-06-19,Tuolumne,109,53932,13,8,0,8,0
2020-06-19,Ventura,111,848112,2900,1865,15,1880,37
2020-06-19,Yolo,113,214977,447,303,0,303,24
2020-06-19,Yuba,115,75493,43,33,0,33,1
2020-06-18,Alameda,001,1643700,5558,4589,9,4598,118
2020-06-18,Alpine,003,1148,1,1,0,1,0
2020-06-18,Amador,005,37829,13,12,0,12,0
2020-06-18,Butte,007,227075,154,88,7,95,1
2020-06-18,Calaveras,009,45235,37,20,0,20,0
2020-06-18,Colusa,011,21464,20,7,0,7,0
2020-06-18,Contra Costa,013,1133247,2599,2072,3,2075,53
2020-06-18,Del Norte,015,27424,47,46,0,46,0
2020-06-18,El Dorado,017,186661,194,121,0,121,0
2020-06-18,Fresno,019,978130,5900,2947,64,3011,57
2020-06-18,Glenn,021,27897,82,35,0,35,0
2020-06-18,Humboldt,023,135768,140,106,0,106,3
2020-06-18,Imperial,025,180216,6684,4366,4,4370,36
2020-06-18,Inyo,027,18085,26,25,0,25,1
2020-06-18,Kern,029,883053,5364,3634,13,3647,57
2020-06-18,Kings,031,150075,2238,1141,6,1147,8
2020-06-18,Lake,033,64148,45,36,0,36,0
2020-06-18,Lassen,035,31185,22,5,2,7,0
2020-06-18,Los Angeles,037,10098052,91090,78244,21,78265,3009
2020-06-18,Madera,039,155013,581,288,2,290,4
2020-06-18,Marin,041,260295,1448,819,4,823,17
2020-06-18,Mariposa,043,17540,19,18,0,18,1
2020-06-18,Mendocino,045,87422,64,45,0,45,0
2020-06-18,Merced,047,269075,934,486,1,487,7
2020-06-18,Modoc,049,8938,1,0,0,0,0
2020-06-18,Mono,051,14174,42,34,0,34,1
2020-06-18,Monterey,053,433212,1515,1127,5,1132,12
2020-06-18,Napa,055,140530,289,205,0,205,3
2020-06-18,Nevada,057,99092,98,68,1,69,1
2020-06-18,Orange,059,3164182,14778,9597,114,9711,255
2020-06-18,Placer,061,380077,629,457,3,460,9
2020-06-18,Plumas,063,18699,6,5,0,5,0
2020-06-18,Riverside,065,2383286,16556,12410,25,12435,392
2020-06-18,Sacramento,067,1510023,2501,1938,4,1942,63
2020-06-18,San Benito,069,59416,204,134,0,134,2
2020-06-18,San Bernardino,071,2135413,12104,8141,7,8148,226
2020-06-18,San Diego,073,3302833,12419,10094,2,10096,331
2020-06-18,San Francisco,075,870044,3302,2951,1,2952,47
2020-06-18,San Joaquin,077,732212,2961,1908,4,1912,47
2020-06-18,San Luis Obispo,079,281455,574,378,5,383,1
2020-06-18,San Mateo,081,765935,3047,2674,5,2679,78
2020-06-18,Santa Barbara,083,443738,2745,2201,21,2222,19
2020-06-18,Santa Clara,085,1922200,4544,3338,16,3354,152
2020-06-18,Santa Cruz,087,273765,346,275,0,275,3
2020-06-18,Shasta,089,179085,126,51,0,51,4
2020-06-18,Sierra,091,2930,1,1,0,1,0
2020-06-18,Siskiyou,093,43540,29,18,0,18,0
2020-06-18,Solano,095,438530,1201,735,4,739,21
2020-06-18,Sonoma,097,501317,1012,789,1,790,4
2020-06-18,Stanislaus,099,539301,2346,1495,5,1500,35
2020-06-18,Sutter,101,95872,125,85,0,85,2
2020-06-18,Tehama,103,63373,56,31,2,33,1
2020-06-18,Trinity,105,12862,15,2,3,5,0
2020-06-18,Tulare,107,460477,4197,3005,10,3015,107
2020-06-18,Tuolumne,109,53932,12,8,0,8,0
2020-06-18,Ventura,111,848112,2774,1781,15,1796,37
2020-06-18,Yolo,113,214977,414,294,0,294,24
2020-06-18,Yuba,115,75493,42,32,0,32,1
2020-06-17,Alameda,001,1643700,5435,4485,9,4494,117
2020-06-17,Alpine,003,1148,1,1,0,1,0
2020-06-17,Amador,005,37829,12,10,0,10,0
2020-06-17,Butte,007,227075,145,81,7,88,1
2020-06-17,Calaveras,009,45235,37,20,0,20,0
2020-06-17,Colusa,011,21464,19,7,0,7,0
2020-06-17,Contra Costa,013,1133247,2502,2020,3,2023,45
2020-06-17,Del Norte,015,27424,47,45,0,45,0
2020-06-17,El Dorado,017,186661,187,116,0,116,0
2020-06-17,Fresno,019,978130,5674,2801,61,2862,56
2020-06-17,Glenn,021,27897,75,31,0,31,0
2020-06-17,Humboldt,023,135768,138,105,0,105,3
2020-06-17,Imperial,025,180216,6511,4108,4,4112,36
2020-06-17,Inyo,027,18085,25,25,0,25,1
2020-06-17,Kern,029,883053,5163,3547,13,3560,56
2020-06-17,Kings,031,150075,2208,1097,6,1103,7
2020-06-17,Lake,033,64148,44,32,0,32,0
2020-06-17,Lassen,035,31185,18,5,2,7,0
2020-06-17,Los Angeles,037,10098052,88782,77166,21,77187,2973
2020-06-17,Madera,039,155013,559,258,2,260,4
2020-06-17,Marin,041,260295,1256,771,3,774,17
2020-06-17,Mariposa,043,17540,18,18,0,18,1
2020-06-17,Mendocino,045,87422,62,42,0,42,0
2020-06-17,Merced,047,269075,862,460,1,461,7
2020-06-17,Modoc,049,8938,1,0,0,0,0
2020-06-17,Mono,051,14174,42,34,0,34,1
2020-06-17,Monterey,053,433212,1463,1077,5,1082,12
2020-06-17,Napa,055,140530,274,202,0,202,3
2020-06-17,Nevada,057,99092,94,57,1,58,1
2020-06-17,Orange,059,3164182,14172,9278,108,9386,230
2020-06-17,Placer,061,380077,609,427,3,430,9
2020-06-17,Plumas,063,18699,6,5,0,5,0
2020-06-17,Riverside,065,2383286,15920,11859,25,11884,370
2020-06-17,Sacramento,067,1510023,2394,1889,4,1893,63
2020-06-17,San Benito,069,59416,199,116,0,116,2
2020-06-17,San Bernardino,071,2135413,11554,7670,7,7677,225
2020-06-17,San Diego,073,3302833,12040,9856,2,9858,327
2020-06-17,San Francisco,075,870044,3263,2906,1,2907,46
2020-06-17,San Joaquin,077,732212,2788,1825,4,1829,46
2020-06-17,San Luis Obispo,079,281455,555,362,5,367,1
2020-06-17,San Mateo,081,765935,3000,2649,5,2654,78
2020-06-17,Santa Barbara,083,443738,2672,2147,19,2166,19
2020-06-17,Santa Clara,085,1922200,4451,3264,15,3279,148
2020-06-17,Santa Cruz,087,273765,340,265,0,265,2
2020-06-17,Shasta,089,179085,124,51,0,51,4
2020-06-17,Sierra,091,2930,1,1,0,1,0
2020-06-17,Siskiyou,093,43540,28,16,0,16,0
2020-06-17,Solano,095,438530,1151,722,4,726,21
2020-06-17,Sonoma,097,501317,986,748,1,749,4
2020-06-17,Stanislaus,099,539301,2223,1387,5,1392,35
2020-06-17,Sutter,101,95872,119,79,0,79,2
2020-06-17,Tehama,103,63373,41,24,2,26,1
2020-06-17,Trinity,105,12862,14,2,3,5,0
2020-06-17,Tulare,107,460477,4087,2882,10,2892,106
2020-06-17,Tuolumne,109,53932,12,7,0,7,0
2020-06-17,Ventura,111,848112,2674,1729,15,1744,37
2020-06-17,Yolo,113,214977,394,277,0,277,24
2020-06-17,Yuba,115,75493,41,30,0,30,1
2020-06-16,Alameda,001,1643700,5317,4428,9,4437,113
2020-06-16,Alpine,003,1148,1,1,0,1,0
2020-06-16,Amador,005,37829,12,10,0,10,0
2020-06-16,Butte,007,227075,141,79,7,86,1
2020-06-16,Calaveras,009,45235,34,19,0,19,0
2020-06-16,Colusa,011,21464,16,7,0,7,0
2020-06-16,Contra Costa,013,1133247,2411,1971,2,1973,45
2020-06-16,Del Norte,015,27424,47,45,0,45,0
2020-06-16,El Dorado,017,186661,181,115,0,115,0
2020-06-16,Fresno,019,978130,5436,2731,59,2790,50
2020-06-16,Glenn,021,27897,71,30,0,30,0
2020-06-16,Humboldt,023,135768,135,105,0,105,3
2020-06-16,Imperial,025,180216,6352,3939,4,3943,36
2020-06-16,Inyo,027,18085,25,24,0,24,1
2020-06-16,Kern,029,883053,4940,3496,13,3509,55
2020-06-16,Kings,031,150075,2162,1044,6,1050,6
2020-06-16,Lake,033,64148,44,31,0,31,0
2020-06-16,Lassen,035,31185,15,5,2,7,0
2020-06-16,Los Angeles,037,10098052,86460,75051,21,75072,2942
2020-06-16,Madera,039,155013,533,239,2,241,3
2020-06-16,Marin,041,260295,1203,725,3,728,17
2020-06-16,Mariposa,043,17540,18,17,0,17,1
2020-06-16,Mendocino,045,87422,61,35,0,35,0
2020-06-16,Merced,047,269075,814,436,1,437,7
2020-06-16,Modoc,049,8938,1,0,0,0,0
2020-06-16,Mono,051,14174,42,34,0,34,1
2020-06-16,Monterey,053,433212,1415,1019,5,1024,12
2020-06-16,Napa,055,140530,259,196,0,196,3
2020-06-16,Nevada,057,99092,91,53,1,54,1
2020-06-16,Orange,059,3164182,13588,9163,104,9267,223
2020-06-16,Placer,061,380077,577,392,3,395,9
2020-06-16,Plumas,063,18699,6,5,0,5,0
2020-06-16,Riverside,065,2383286,15245,11638,25,11663,364
2020-06-16,Sacramento,067,1510023,2285,1825,4,1829,60
2020-06-16,San Benito,069,59416,191,110,0,110,2
2020-06-16,San Bernardino,071,2135413,11010,7463,7,7470,225
2020-06-16,San Diego,073,3302833,11678,9732,1,9733,323
2020-06-16,San Francisco,075,870044,3212,2893,1,2894,46
2020-06-16,San Joaquin,077,732212,2635,1718,4,1722,47
2020-06-16,San Luis Obispo,079,281455,531,343,5,348,1
2020-06-16,San Mateo,081,765935,2946,2618,5,2623,77
2020-06-16,Santa Barbara,083,443738,2605,2090,19,2109,16
2020-06-16,Santa Clara,085,1922200,4340,3228,14,3242,148
2020-06-16,Santa Cruz,087,273765,324,257,0,257,2
2020-06-16,Shasta,089,179085,115,51,0,51,4
2020-06-16,Sierra,091,2930,1,1,0,1,0
2020-06-16,Siskiyou,093,43540,27,15,0,15,0
2020-06-16,Solano,095,438530,1061,694,4,698,19
2020-06-16,Sonoma,097,501317,954,739,1,740,4
2020-06-16,Stanislaus,099,539301,2070,1278,5,1283,36
2020-06-16,Sutter,101,95872,112,73,0,73,2
2020-06-16,Tehama,103,63373,37,24,2,26,1
2020-06-16,Trinity,105,12862,14,2,3,5,0
2020-06-16,Tulare,107,460477,3968,2802,10,2812,96
2020-06-16,Tuolumne,109,53932,12,7,0,7,0
2020-06-16,Ventura,111,848112,2573,1676,15,1691,37
2020-06-16,Yolo,113,214977,371,262,0,262,24
2020-06-16,Yuba,115,75493,39,29,0,29,1
2020-06-15,Alameda,001,1643700,5191,4323,9,4332,112
2020-06-15,Alpine,003,1148,1,1,0,1,0
2020-06-15,Amador,005,37829,12,10,0,10,0
2020-06-15,Butte,007,227075,133,78,7,85,1
2020-06-15,Calaveras,009,45235,34,18,0,18,0
2020-06-15,Colusa,011,21464,14,7,0,7,0
2020-06-15,Contra Costa,013,1133247,2334,1918,2,1920,43
2020-06-15,Del Norte,015,27424,47,45,0,45,0
2020-06-15,El Dorado,017,186661,171,114,0,114,0
2020-06-15,Fresno,019,978130,5224,2616,58,2674,48
2020-06-15,Glenn,021,27897,66,21,0,21,0
2020-06-15,Humboldt,023,135768,133,105,0,105,3
2020-06-15,Imperial,025,180216,6177,3726,4,3730,36
2020-06-15,Inyo,027,18085,25,23,0,23,1
2020-06-15,Kern,029,883053,4716,3417,13,3430,55
2020-06-15,Kings,031,150075,2085,1022,6,1028,6
2020-06-15,Lake,033,64148,44,31,0,31,0
2020-06-15,Lassen,035,31185,15,5,2,7,0
2020-06-15,Los Angeles,037,10098052,84273,73705,21,73726,2908
2020-06-15,Madera,039,155013,511,203,2,205,3
2020-06-15,Marin,041,260295,1036,708,3,711,17
2020-06-15,Mariposa,043,17540,18,17,0,17,1
2020-06-15,Mendocino,045,87422,52,33,0,33,0
2020-06-15,Merced,047,269075,768,414,1,415,7
2020-06-15,Modoc,049,8938,1,0,0,0,0
2020-06-15,Mono,051,14174,42,34,0,34,1
2020-06-15,Monterey,053,433212,1349,998,5,1003,12
2020-06-15,Napa,055,140530,251,187,0,187,3
2020-06-15,Nevada,057,99092,85,52,1,53,1
2020-06-15,Orange,059,3164182,13020,8944,96,9040,212
2020-06-15,Placer,061,380077,555,386,3,389,9
2020-06-15,Plumas,063,18699,6,4,0,4,0
2020-06-15,Riverside,065,2383286,14627,11376,24,11400,364
2020-06-15,Sacramento,067,1510023,2169,1791,4,1795,60
2020-06-15,San Benito,069,59416,185,108,0,108,2
2020-06-15,San Bernardino,071,2135413,10507,7189,7,7196,224
2020-06-15,San Diego,073,3302833,11338,9612,1,9613,320
2020-06-15,San Francisco,075,870044,3168,2833,1,2834,45
2020-06-15,San Joaquin,077,732212,2499,1667,4,1671,43
2020-06-15,San Luis Obispo,079,281455,516,332,5,337,1
2020-06-15,San Mateo,081,765935,2899,2591,5,2596,75
2020-06-15,Santa Barbara,083,443738,2537,2054,19,2073,16
2020-06-15,Santa Clara,085,1922200,4240,3204,14,3218,148
2020-06-15,Santa Cruz,087,273765,313,254,0,254,2
2020-06-15,Shasta,089,179085,109,50,0,50,4
2020-06-15,Sierra,091,2930,1,1,0,1,0
2020-06-15,Siskiyou,093,43540,26,14,0,14,0
2020-06-15,Solano,095,438530,1001,638,4,642,19
2020-06-15,Sonoma,097,501317,925,726,1,727,4
2020-06-15,Stanislaus,099,539301,1953,1253,5,1258,35
2020-06-15,Sutter,101,95872,102,71,0,71,2
2020-06-15,Tehama,103,63373,37,17,2,19,1
2020-06-15,Trinity,105,12862,13,2,3,5,0
2020-06-15,Tulare,107,460477,3854,2662,10,2672,96
2020-06-15,Tuolumne,109,53932,11,7,0,7,0
2020-06-15,Ventura,111,848112,2492,1656,15,1671,37
2020-06-15,Yolo,113,214977,351,255,0,255,24
2020-06-15,Yuba,115,75493,39,28,0,28,1
2020-06-14,Alameda,001,1643700,5046,4271,9,4280,112
2020-06-14,Alpine,003,1148,1,1,0,1,0
2020-06-14,Amador,005,37829,12,10,0,10,0
2020-06-14,Butte,007,227075,125,78,7,85,1
2020-06-14,Calaveras,009,45235,33,18,0,18,0
2020-06-14,Colusa,011,21464,13,7,0,7,0
2020-06-14,Contra Costa,013,1133247,2265,1893,2,1895,43
2020-06-14,Del Norte,015,27424,47,45,0,45,0
2020-06-14,El Dorado,017,186661,167,110,0,110,0
2020-06-14,Fresno,019,978130,5039,2585,57,2642,48
2020-06-14,Glenn,021,27897,51,21,0,21,0
2020-06-14,Humboldt,023,135768,129,105,0,105,3
2020-06-14,Imperial,025,180216,5946,3730,4,3734,36
2020-06-14,Inyo,027,18085,24,23,0,23,1
2020-06-14,Kern,029,883053,4505,3328,13,3341,55
2020-06-14,Kings,031,150075,2034,1022,5,1027,6
2020-06-14,Lake,033,64148,41,31,0,31,0
2020-06-14,Lassen,035,31185,15,5,2,7,0
2020-06-14,Los Angeles,037,10098052,81946,72932,20,72952,2887
2020-06-14,Madera,039,155013,492,203,2,205,3
2020-06-14,Marin,041,260295,871,689,2,691,17
2020-06-14,Mariposa,043,17540,18,16,0,16,1
2020-06-14,Mendocino,045,87422,49,33,0,33,0
2020-06-14,Merced,047,269075,717,403,1,404,7
2020-06-14,Modoc,049,8938,1,0,0,0,0
2020-06-14,Mono,051,14174,42,34,0,34,1
2020-06-14,Monterey,053,433212,1288,949,5,954,12
2020-06-14,Napa,055,140530,229,181,0,181,3
2020-06-14,Nevada,057,99092,81,52,1,53,1
2020-06-14,Orange,059,3164182,12593,8744,91,8835,211
2020-06-14,Placer,061,380077,529,369,3,372,9
2020-06-14,Plumas,063,18699,5,4,0,4,0
2020-06-14,Riverside,065,2383286,14185,11218,24,11242,364
2020-06-14,Sacramento,067,1510023,2082,1750,4,1754,60
2020-06-14,San Benito,069,59416,174,104,0,104,2
2020-06-14,San Bernardino,071,2135413,9967,7015,7,7022,224
2020-06-14,San Diego,073,3302833,10963,9442,1,9443,319
2020-06-14,San Francisco,075,870044,3128,2834,1,2835,45
2020-06-14,San Joaquin,077,732212,2348,1603,4,1607,43
2020-06-14,San Luis Obispo,079,281455,501,330,5,335,1
2020-06-14,San Mateo,081,765935,2841,2571,5,2576,75
2020-06-14,Santa Barbara,083,443738,2460,2049,19,2068,17
2020-06-14,Santa Clara,085,1922200,4145,3178,14,3192,148
2020-06-14,Santa Cruz,087,273765,299,254,0,254,2
2020-06-14,Shasta,089,179085,103,48,0,48,4
2020-06-14,Sierra,091,2930,1,1,0,1,0
2020-06-14,Siskiyou,093,43540,25,13,0,13,0
2020-06-14,Solano,095,438530,952,638,4,642,19
2020-06-14,Sonoma,097,501317,897,724,1,725,4
2020-06-14,Stanislaus,099,539301,1805,1159,5,1164,35
2020-06-14,Sutter,101,95872,97,63,0,63,2
2020-06-14,Tehama,103,63373,34,17,2,19,1
2020-06-14,Trinity,105,12862,13,2,3,5,0
2020-06-14,Tulare,107,460477,3720,2646,10,2656,96
2020-06-14,Tuolumne,109,53932,11,7,0,7,0
2020-06-14,Ventura,111,848112,2393,1610,14,1624,37
2020-06-14,Yolo,113,214977,335,254,0,254,24
2020-06-14,Yuba,115,75493,38,28,0,28,1
2020-06-13,Alameda,001,1643700,4983,4196,9,4205,112
2020-06-13,Alpine,003,1148,1,1,0,1,0
2020-06-13,Amador,005,37829,11,10,0,10,0
2020-06-13,Butte,007,227075,116,72,7,79,1
2020-06-13,Calaveras,009,45235,31,18,0,18,0
2020-06-13,Colusa,011,21464,12,7,0,7,0
2020-06-13,Contra Costa,013,1133247,2229,1868,2,1870,43
2020-06-13,Del Norte,015,27424,47,45,0,45,0
2020-06-13,El Dorado,017,186661,163,110,0,110,0
2020-06-13,Fresno,019,978130,4941,2499,57,2556,48
2020-06-13,Glenn,021,27897,49,21,0,21,0
2020-06-13,Humboldt,023,135768,128,104,0,104,3
2020-06-13,Imperial,025,180216,5873,3646,4,3650,36
2020-06-13,Inyo,027,18085,24,23,0,23,1
2020-06-13,Kern,029,883053,4396,3239,13,3252,55
2020-06-13,Kings,031,150075,2014,1023,5,1028,6
2020-06-13,Lake,033,64148,40,29,0,29,0
2020-06-13,Lassen,035,31185,15,5,2,7,0
2020-06-13,Los Angeles,037,10098052,80908,71938,20,71958,2874
2020-06-13,Madera,039,155013,488,203,2,205,3
2020-06-13,Marin,041,260295,840,677,2,679,17
2020-06-13,Mariposa,043,17540,18,16,0,16,1
2020-06-13,Mendocino,045,87422,49,33,0,33,0
2020-06-13,Merced,047,269075,699,376,1,377,7
2020-06-13,Modoc,049,8938,1,0,0,0,0
2020-06-13,Mono,051,14174,42,35,0,35,1
2020-06-13,Monterey,053,433212,1250,900,5,905,11
2020-06-13,Napa,055,140530,226,171,0,171,3
2020-06-13,Nevada,057,99092,79,52,1,53,1
2020-06-13,Orange,059,3164182,12349,8581,88,8669,211
2020-06-13,Placer,061,380077,512,346,3,349,9
2020-06-13,Plumas,063,18699,5,4,0,4,0
2020-06-13,Riverside,065,2383286,13906,10931,24,10955,364
2020-06-13,Sacramento,067,1510023,2027,1713,4,1717,60
2020-06-13,San Benito,069,59416,167,99,0,99,2
2020-06-13,San Bernardino,071,2135413,9743,6885,7,6892,224
2020-06-13,San Diego,073,3302833,10791,9316,1,9317,319
2020-06-13,San Francisco,075,870044,3108,2834,1,2835,44
2020-06-13,San Joaquin,077,732212,2267,1461,4,1465,43
2020-06-13,San Luis Obispo,079,281455,490,326,5,331,1
2020-06-13,San Mateo,081,765935,2818,2551,5,2556,75
2020-06-13,Santa Barbara,083,443738,2402,1999,19,2018,15
2020-06-13,Santa Clara,085,1922200,4102,3141,14,3155,148
2020-06-13,Santa Cruz,087,273765,293,254,0,254,2
2020-06-13,Shasta,089,179085,101,48,0,48,4
2020-06-13,Sierra,091,2930,1,1,0,1,0
2020-06-13,Siskiyou,093,43540,25,13,0,13,0
2020-06-13,Solano,095,438530,924,637,4,641,19
2020-06-13,Sonoma,097,501317,882,711,1,712,4
2020-06-13,Stanislaus,099,539301,1748,1122,5,1127,33
2020-06-13,Sutter,101,95872,96,62,0,62,2
2020-06-13,Tehama,103,63373,33,17,2,19,1
2020-06-13,Trinity,105,12862,13,2,3,5,0
2020-06-13,Tulare,107,460477,3688,2626,10,2636,96
2020-06-13,Tuolumne,109,53932,10,7,0,7,0
2020-06-13,Ventura,111,848112,2347,1567,14,1581,37
2020-06-13,Yolo,113,214977,315,251,0,251,24
2020-06-13,Yuba,115,75493,38,28,0,28,1
2020-06-12,Alameda,001,1643700,4910,4167,9,4176,109
2020-06-12,Alpine,003,1148,1,1,0,1,0
2020-06-12,Amador,005,37829,11,10,0,10,0
2020-06-12,Butte,007,227075,112,71,7,78,1
2020-06-12,Calaveras,009,45235,28,18,0,18,0
2020-06-12,Colusa,011,21464,12,7,0,7,0
2020-06-12,Contra Costa,013,1133247,2192,1827,2,1829,43
2020-06-12,Del Norte,015,27424,47,45,0,45,0
2020-06-12,El Dorado,017,186661,163,110,0,110,0
2020-06-12,Fresno,019,978130,4803,2428,57,2485,47
2020-06-12,Glenn,021,27897,46,21,0,21,0
2020-06-12,Humboldt,023,135768,126,105,0,105,3
2020-06-12,Imperial,025,180216,5789,3543,4,3547,36
2020-06-12,Inyo,027,18085,24,23,0,23,1
2020-06-12,Kern,029,883053,4279,3152,13,3165,54
2020-06-12,Kings,031,150075,2001,987,5,992,6
2020-06-12,Lake,033,64148,39,29,0,29,0
2020-06-12,Lassen,035,31185,15,5,2,7,0
2020-06-12,Los Angeles,037,10098052,79502,70385,20,70405,2814
2020-06-12,Madera,039,155013,463,187,2,189,3
2020-06-12,Marin,041,260295,837,649,2,651,17
2020-06-12,Mariposa,043,17540,18,16,0,16,1
2020-06-12,Mendocino,045,87422,49,33,0,33,0
2020-06-12,Merced,047,269075,665,372,1,373,7
2020-06-12,Modoc,049,8938,1,0,0,0,0
2020-06-12,Mono,051,14174,39,35,0,35,1
2020-06-12,Monterey,053,433212,1209,864,4,868,11
2020-06-12,Napa,055,140530,223,162,0,162,3
2020-06-12,Nevada,057,99092,73,52,1,53,1
2020-06-12,Orange,059,3164182,12043,8440,87,8527,203
2020-06-12,Placer,061,380077,495,333,3,336,9
2020-06-12,Plumas,063,18699,5,4,0,4,0
2020-06-12,Riverside,065,2383286,13569,10616,24,10640,364
2020-06-12,Sacramento,067,1510023,1972,1702,4,1706,60
2020-06-12,San Benito,069,59416,160,96,0,96,2
2020-06-12,San Bernardino,071,2135413,9475,6707,7,6714,223
2020-06-12,San Diego,073,3302833,10621,9132,1,9133,313
2020-06-12,San Francisco,075,870044,3074,2823,1,2824,44
2020-06-12,San Joaquin,077,732212,2187,1406,4,1410,43
2020-06-12,San Luis Obispo,079,281455,474,321,5,326,1
2020-06-12,San Mateo,081,765935,2783,2533,5,2538,75
2020-06-12,Santa Barbara,083,443738,2348,1969,19,1988,14
2020-06-12,Santa Clara,085,1922200,4058,3099,14,3113,149
2020-06-12,Santa Cruz,087,273765,285,251,0,251,2
2020-06-12,Shasta,089,179085,94,48,0,48,5
2020-06-12,Sierra,091,2930,1,1,0,1,0
2020-06-12,Siskiyou,093,43540,25,13,0,13,0
2020-06-12,Solano,095,438530,910,620,4,624,19
2020-06-12,Sonoma,097,501317,863,696,1,697,4
2020-06-12,Stanislaus,099,539301,1689,1092,5,1097,33
2020-06-12,Sutter,101,95872,95,56,0,56,2
2020-06-12,Tehama,103,63373,32,13,2,15,1
2020-06-12,Trinity,105,12862,13,2,3,5,0
2020-06-12,Tulare,107,460477,3634,2552,10,2562,95
2020-06-12,Tuolumne,109,53932,10,7,0,7,0
2020-06-12,Ventura,111,848112,2295,1534,14,1548,35
2020-06-12,Yolo,113,214977,303,243,0,243,24
2020-06-12,Yuba,115,75493,36,27,0,27,1
2020-06-11,Alameda,001,1643700,4780,4073,8,4081,108
2020-06-11,Alpine,003,1148,1,1,0,1,0
2020-06-11,Amador,005,37829,10,10,0,10,0
2020-06-11,Butte,007,227075,106,72,7,79,1
2020-06-11,Calaveras,009,45235,27,16,0,16,0
2020-06-11,Colusa,011,21464,12,7,0,7,0
2020-06-11,Contra Costa,013,1133247,2139,1797,2,1799,43
2020-06-11,Del Norte,015,27424,47,45,0,45,0
2020-06-11,El Dorado,017,186661,155,109,0,109,0
2020-06-11,Fresno,019,978130,4649,2338,57,2395,45
2020-06-11,Glenn,021,27897,42,21,0,21,0
2020-06-11,Humboldt,023,135768,122,113,0,113,3
2020-06-11,Imperial,025,180216,5633,3463,4,3467,36
2020-06-11,Inyo,027,18085,22,23,0,23,1
2020-06-11,Kern,029,883053,4127,3047,11,3058,54
2020-06-11,Kings,031,150075,1968,963,5,968,6
2020-06-11,Lake,033,64148,39,28,0,28,0
2020-06-11,Lassen,035,31185,15,5,2,7,0
2020-06-11,Los Angeles,037,10098052,77837,68807,19,68826,2800
2020-06-11,Madera,039,155013,445,178,2,180,3
2020-06-11,Marin,041,260295,789,637,2,639,17
2020-06-11,Mariposa,043,17540,18,16,0,16,1
2020-06-11,Mendocino,045,87422,40,35,0,35,0
2020-06-11,Merced,047,269075,625,370,1,371,7
2020-06-11,Modoc,049,8938,1,0,0,0,0
2020-06-11,Mono,051,14174,39,35,0,35,1
2020-06-11,Monterey,053,433212,1162,813,4,817,11
2020-06-11,Napa,055,140530,214,162,0,162,3
2020-06-11,Nevada,057,99092,67,50,1,51,1
2020-06-11,Orange,059,3164182,11735,8304,86,8390,188
2020-06-11,Placer,061,380077,476,321,3,324,9
2020-06-11,Plumas,063,18699,5,4,0,4,0
2020-06-11,Riverside,065,2383286,13216,10014,24,10038,361
2020-06-11,Sacramento,067,1510023,1924,1669,4,1673,60
2020-06-11,San Benito,069,59416,154,94,0,94,2
2020-06-11,San Bernardino,071,2135413,9178,6509,7,6516,221
2020-06-11,San Diego,073,3302833,10391,9000,0,9000,308
2020-06-11,San Francisco,075,870044,3045,2766,1,2767,44
2020-06-11,San Joaquin,077,732212,2075,1351,4,1355,43
2020-06-11,San Luis Obispo,079,281455,460,307,5,312,1
2020-06-11,San Mateo,081,765935,2745,2499,5,2504,74
2020-06-11,Santa Barbara,083,443738,2287,1895,19,1914,14
2020-06-11,Santa Clara,085,1922200,3991,3049,14,3063,149
2020-06-11,Santa Cruz,087,273765,281,247,0,247,2
2020-06-11,Shasta,089,179085,87,47,0,47,5
2020-06-11,Sierra,091,2930,1,1,0,1,0
2020-06-11,Siskiyou,093,43540,25,14,0,14,0
2020-06-11,Solano,095,438530,884,616,4,620,19
2020-06-11,Sonoma,097,501317,840,682,1,683,4
2020-06-11,Stanislaus,099,539301,1598,1062,5,1067,30
2020-06-11,Sutter,101,95872,92,56,0,56,2
2020-06-11,Tehama,103,63373,27,10,2,12,1
2020-06-11,Trinity,105,12862,11,2,3,5,0
2020-06-11,Tulare,107,460477,3535,2473,10,2483,95
2020-06-11,Tuolumne,109,53932,10,7,0,7,0
2020-06-11,Ventura,111,848112,2218,1491,13,1504,34
2020-06-11,Yolo,113,214977,295,230,0,230,24
2020-06-11,Yuba,115,75493,36,27,0,27,1
2020-06-10,Alameda,001,1643700,4680,4027,7,4034,107
2020-06-10,Alpine,003,1148,1,1,0,1,0
2020-06-10,Amador,005,37829,10,10,0,10,0
2020-06-10,Butte,007,227075,102,71,7,78,1
2020-06-10,Calaveras,009,45235,27,16,0,16,0
2020-06-10,Colusa,011,21464,11,7,0,7,0
2020-06-10,Contra Costa,013,1133247,2095,1778,2,1780,43
2020-06-10,Del Norte,015,27424,47,45,0,45,0
2020-06-10,El Dorado,017,186661,152,109,0,109,0
2020-06-10,Fresno,019,978130,4472,2324,57,2381,45
2020-06-10,Glenn,021,27897,39,21,0,21,0
2020-06-10,Humboldt,023,135768,118,112,0,112,3
2020-06-10,Imperial,025,180216,5485,3454,4,3458,36
2020-06-10,Inyo,027,18085,22,23,0,23,1
2020-06-10,Kern,029,883053,4002,3000,10,3010,54
2020-06-10,Kings,031,150075,1922,952,4,956,6
2020-06-10,Lake,033,64148,39,28,0,28,0
2020-06-10,Lassen,035,31185,15,5,2,7,0
2020-06-10,Los Angeles,037,10098052,76316,67018,19,67037,2752
2020-06-10,Madera,039,155013,431,176,1,177,3
2020-06-10,Marin,041,260295,757,633,2,635,17
2020-06-10,Mariposa,043,17540,17,16,0,16,1
2020-06-10,Mendocino,045,87422,39,35,0,35,0
2020-06-10,Merced,047,269075,592,370,1,371,7
2020-06-10,Modoc,049,8938,1,0,0,0,0
2020-06-10,Mono,051,14174,39,35,0,35,1
2020-06-10,Monterey,053,433212,1108,791,4,795,11
2020-06-10,Napa,055,140530,211,159,0,159,3
2020-06-10,Nevada,057,99092,65,50,1,51,1
2020-06-10,Orange,059,3164182,11459,8222,83,8305,184
2020-06-10,Placer,061,380077,451,309,3,312,9
2020-06-10,Plumas,063,18699,5,4,0,4,0
2020-06-10,Riverside,065,2383286,12893,9857,24,9881,361
2020-06-10,Sacramento,067,1510023,1885,1643,2,1645,59
2020-06-10,San Benito,069,59416,145,94,0,94,2
2020-06-10,San Bernardino,071,2135413,8885,6438,7,6445,219
2020-06-10,San Diego,073,3302833,10227,8839,0,8839,305
2020-06-10,San Francisco,075,870044,3020,2774,1,2775,44
2020-06-10,San Joaquin,077,732212,1946,1282,4,1286,41
2020-06-10,San Luis Obispo,079,281455,440,306,5,311,1
2020-06-10,San Mateo,081,765935,2705,2492,5,2497,74
2020-06-10,Santa Barbara,083,443738,2231,1878,19,1897,13
2020-06-10,Santa Clara,085,1922200,3940,3032,14,3046,149
2020-06-10,Santa Cruz,087,273765,277,242,0,242,2
2020-06-10,Shasta,089,179085,82,45,0,45,5
2020-06-10,Sierra,091,2930,1,1,0,1,0
2020-06-10,Siskiyou,093,43540,25,14,0,14,0
2020-06-10,Solano,095,438530,848,608,4,612,19
2020-06-10,Sonoma,097,501317,822,673,1,674,4
2020-06-10,Stanislaus,099,539301,1508,1030,5,1035,29
2020-06-10,Sutter,101,95872,91,56,0,56,2
2020-06-10,Tehama,103,63373,25,10,2,12,1
2020-06-10,Trinity,105,12862,11,2,3,5,0
2020-06-10,Tulare,107,460477,3442,2455,10,2465,95
2020-06-10,Tuolumne,109,53932,10,7,0,7,0
2020-06-10,Ventura,111,848112,2172,1446,12,1458,34
2020-06-10,Yolo,113,214977,287,226,0,226,24
2020-06-10,Yuba,115,75493,35,27,0,27,1
2020-06-09,Alameda,001,1643700,4570,3963,7,3970,103
2020-06-09,Alpine,003,1148,1,1,0,1,0
2020-06-09,Amador,005,37829,10,10,0,10,0
2020-06-09,Butte,007,227075,101,70,6,76,1
2020-06-09,Calaveras,009,45235,27,16,0,16,0
2020-06-09,Colusa,011,21464,10,7,0,7,0
2020-06-09,Contra Costa,013,1133247,2054,1744,2,1746,42
2020-06-09,Del Norte,015,27424,47,45,0,45,0
2020-06-09,El Dorado,017,186661,142,108,0,108,0
2020-06-09,Fresno,019,978130,4320,2278,57,2335,43
2020-06-09,Glenn,021,27897,38,19,0,19,0
2020-06-09,Humboldt,023,135768,116,113,0,113,2
2020-06-09,Imperial,025,180216,5333,3067,4,3071,36
2020-06-09,Inyo,027,18085,22,22,0,22,1
2020-06-09,Kern,029,883053,3874,2920,10,2930,51
2020-06-09,Kings,031,150075,1890,934,4,938,6
2020-06-09,Lake,033,64148,39,28,0,28,0
2020-06-09,Lassen,035,31185,15,5,2,7,0
2020-06-09,Los Angeles,037,10098052,74658,65827,19,65846,2692
2020-06-09,Madera,039,155013,416,172,1,173,3
2020-06-09,Marin,041,260295,721,616,2,618,17
2020-06-09,Mariposa,043,17540,17,16,0,16,1
2020-06-09,Mendocino,045,87422,35,35,0,35,0
2020-06-09,Merced,047,269075,563,349,1,350,7
2020-06-09,Modoc,049,8938,1,0,0,0,0
2020-06-09,Mono,051,14174,39,35,0,35,1
2020-06-09,Monterey,053,433212,1067,772,4,776,11
2020-06-09,Napa,055,140530,201,156,0,156,3
2020-06-09,Nevada,057,99092,57,50,1,51,1
2020-06-09,Orange,059,3164182,11218,7991,81,8072,174
2020-06-09,Placer,061,380077,438,301,3,304,9
2020-06-09,Plumas,063,18699,5,4,0,4,0
2020-06-09,Riverside,065,2383286,12515,9511,24,9535,354
2020-06-09,Sacramento,067,1510023,1831,1625,2,1627,59
2020-06-09,San Benito,069,59416,139,95,0,95,2
2020-06-09,San Bernardino,071,2135413,8561,6268,6,6274,217
2020-06-09,San Diego,073,3302833,10042,8731,0,8731,301
2020-06-09,San Francisco,075,870044,2995,2749,1,2750,44
2020-06-09,San Joaquin,077,732212,1840,1240,4,1244,41
2020-06-09,San Luis Obispo,079,281455,427,301,4,305,1
2020-06-09,San Mateo,081,765935,2674,2463,5,2468,74
2020-06-09,Santa Barbara,083,443738,2175,1854,19,1873,13
2020-06-09,Santa Clara,085,1922200,3872,3006,13,3019,147
2020-06-09,Santa Cruz,087,273765,271,237,0,237,2
2020-06-09,Shasta,089,179085,78,44,0,44,4
2020-06-09,Sierra,091,2930,1,1,0,1,0
2020-06-09,Siskiyou,093,43540,20,10,0,10,0
2020-06-09,Solano,095,438530,813,596,4,600,18
2020-06-09,Sonoma,097,501317,799,661,1,662,4
2020-06-09,Stanislaus,099,539301,1407,993,5,998,25
2020-06-09,Sutter,101,95872,88,56,0,56,2
2020-06-09,Tehama,103,63373,25,9,2,11,1
2020-06-09,Trinity,105,12862,10,2,3,5,0
2020-06-09,Tulare,107,460477,3376,2393,10,2403,91
2020-06-09,Tuolumne,109,53932,10,8,0,8,0
2020-06-09,Ventura,111,848112,2106,1407,12,1419,34
2020-06-09,Yolo,113,214977,276,226,0,226,24
2020-06-09,Yuba,115,75493,34,27,0,27,1
2020-06-08,Alameda,001,1643700,4490,3937,7,3944,103
2020-06-08,Alpine,003,1148,1,1,0,1,0
2020-06-08,Amador,005,37829,10,10,0,10,0
2020-06-08,Butte,007,227075,97,68,6,74,1
2020-06-08,Calaveras,009,45235,27,16,0,16,0
2020-06-08,Colusa,011,21464,9,7,0,7,0
2020-06-08,Contra Costa,013,1133247,2011,1714,2,1716,41
2020-06-08,Del Norte,015,27424,47,45,0,45,0
2020-06-08,El Dorado,017,186661,138,107,0,107,0
2020-06-08,Fresno,019,978130,4196,2194,56,2250,42
2020-06-08,Glenn,021,27897,36,17,0,17,0
2020-06-08,Humboldt,023,135768,116,112,0,112,2
2020-06-08,Imperial,025,180216,5181,3051,4,3055,21
2020-06-08,Inyo,027,18085,22,22,0,22,1
2020-06-08,Kern,029,883053,3743,2853,9,2862,49
2020-06-08,Kings,031,150075,1814,892,4,896,6
2020-06-08,Lake,033,64148,39,28,0,28,0
2020-06-08,Lassen,035,31185,15,4,2,6,0
2020-06-08,Los Angeles,037,10098052,73196,64634,19,64653,2640
2020-06-08,Madera,039,155013,386,154,1,155,3
2020-06-08,Marin,041,260295,680,596,2,598,17
2020-06-08,Mariposa,043,17540,16,16,0,16,1
2020-06-08,Mendocino,045,87422,33,32,0,32,0
2020-06-08,Merced,047,269075,529,331,1,332,7
2020-06-08,Modoc,049,8938,1,0,0,0,0
2020-06-08,Mono,051,14174,39,35,0,35,1
2020-06-08,Monterey,053,433212,1016,751,3,754,10
2020-06-08,Napa,055,140530,185,151,0,151,3
2020-06-08,Nevada,057,99092,56,50,1,51,1
2020-06-08,Orange,059,3164182,10967,7786,79,7865,160
2020-06-08,Placer,061,380077,421,290,3,293,9
2020-06-08,Plumas,063,18699,5,4,0,4,0
2020-06-08,Riverside,065,2383286,12146,9246,24,9270,347
2020-06-08,Sacramento,067,1510023,1781,1591,2,1593,59
2020-06-08,San Benito,069,59416,132,93,0,93,2
2020-06-08,San Bernardino,071,2135413,8241,6122,6,6128,214
2020-06-08,San Diego,073,3302833,9885,8621,0,8621,296
2020-06-08,San Francisco,075,870044,2968,2715,1,2716,43
2020-06-08,San Joaquin,077,732212,1733,1198,4,1202,40
2020-06-08,San Luis Obispo,079,281455,421,300,4,304,1
2020-06-08,San Mateo,081,765935,2643,2431,4,2435,74
2020-06-08,Santa Barbara,083,443738,2120,1824,17,1841,13
2020-06-08,Santa Clara,085,1922200,3826,2971,13,2984,146
2020-06-08,Santa Cruz,087,273765,270,234,0,234,2
2020-06-08,Shasta,089,179085,74,43,0,43,4
2020-06-08,Sierra,091,2930,1,1,0,1,0
2020-06-08,Siskiyou,093,43540,20,8,0,8,0
2020-06-08,Solano,095,438530,786,560,4,564,19
2020-06-08,Sonoma,097,501317,783,654,1,655,4
2020-06-08,Stanislaus,099,539301,1325,956,5,961,28
2020-06-08,Sutter,101,95872,81,55,0,55,2
2020-06-08,Tehama,103,63373,19,8,2,10,1
2020-06-08,Trinity,105,12862,10,2,3,5,0
2020-06-08,Tulare,107,460477,3293,2301,10,2311,91
2020-06-08,Tuolumne,109,53932,9,8,0,8,0
2020-06-08,Ventura,111,848112,2048,1382,12,1394,30
2020-06-08,Yolo,113,214977,265,228,0,228,24
2020-06-08,Yuba,115,75493,32,27,0,27,1
2020-06-07,Alameda,001,1643700,4377,3866,7,3873,102
2020-06-07,Alpine,003,1148,1,1,0,1,0
2020-06-07,Amador,005,37829,10,10,0,10,0
2020-06-07,Butte,007,227075,95,64,5,69,1
2020-06-07,Calaveras,009,45235,25,16,0,16,0
2020-06-07,Colusa,011,21464,9,7,0,7,0
2020-06-07,Contra Costa,013,1133247,1960,1653,1,1654,38
2020-06-07,Del Norte,015,27424,45,45,0,45,0
2020-06-07,El Dorado,017,186661,138,104,0,104,0
2020-06-07,Fresno,019,978130,4066,2144,56,2200,41
2020-06-07,Glenn,021,27897,29,16,0,16,0
2020-06-07,Humboldt,023,135768,116,112,0,112,2
2020-06-07,Imperial,025,180216,5030,3048,4,3052,19
2020-06-07,Inyo,027,18085,22,21,0,21,1
2020-06-07,Kern,029,883053,3612,2771,9,2780,46
2020-06-07,Kings,031,150075,1765,882,4,886,6
2020-06-07,Lake,033,64148,36,28,0,28,0
2020-06-07,Lassen,035,31185,14,4,2,6,0
2020-06-07,Los Angeles,037,10098052,71493,63750,19,63769,2629
2020-06-07,Madera,039,155013,369,149,1,150,3
2020-06-07,Marin,041,260295,666,584,2,586,17
2020-06-07,Mariposa,043,17540,16,16,0,16,1
2020-06-07,Mendocino,045,87422,33,32,0,32,0
2020-06-07,Merced,047,269075,496,318,1,319,7
2020-06-07,Modoc,049,8938,1,0,0,0,0
2020-06-07,Mono,051,14174,39,35,0,35,1
2020-06-07,Monterey,053,433212,969,732,3,735,10
2020-06-07,Napa,055,140530,177,142,0,142,3
2020-06-07,Nevada,057,99092,55,50,1,51,1
2020-06-07,Orange,059,3164182,10710,7643,77,7720,158
2020-06-07,Placer,061,380077,400,273,2,275,9
2020-06-07,Plumas,063,18699,5,4,0,4,0
2020-06-07,Riverside,065,2383286,11850,9105,24,9129,344
2020-06-07,Sacramento,067,1510023,1733,1568,2,1570,59
2020-06-07,San Benito,069,59416,129,92,0,92,2
2020-06-07,San Bernardino,071,2135413,7955,6033,6,6039,214
2020-06-07,San Diego,073,3302833,9706,8478,0,8478,296
2020-06-07,San Francisco,075,870044,2924,2674,0,2674,43
2020-06-07,San Joaquin,077,732212,1632,1126,4,1130,37
2020-06-07,San Luis Obispo,079,281455,411,296,4,300,1
2020-06-07,San Mateo,081,765935,2616,2399,4,2403,73
2020-06-07,Santa Barbara,083,443738,2065,1818,17,1835,13
2020-06-07,Santa Clara,085,1922200,3774,2947,13,2960,146
2020-06-07,Santa Cruz,087,273765,262,230,0,230,2
2020-06-07,Shasta,089,179085,73,41,0,41,4
2020-06-07,Sierra,091,2930,1,1,0,1,0
2020-06-07,Siskiyou,093,43540,20,8,0,8,0
2020-06-07,Solano,095,438530,763,560,4,564,19
2020-06-07,Sonoma,097,501317,752,639,1,640,4
2020-06-07,Stanislaus,099,539301,1245,905,5,910,28
2020-06-07,Sutter,101,95872,73,55,0,55,2
2020-06-07,Tehama,103,63373,16,8,2,10,1
2020-06-07,Trinity,105,12862,8,2,3,5,0
2020-06-07,Tulare,107,460477,3171,2219,10,2229,90
2020-06-07,Tuolumne,109,53932,9,4,0,4,0
2020-06-07,Ventura,111,848112,1982,1337,12,1349,30
2020-06-07,Yolo,113,214977,255,224,0,224,24
2020-06-07,Yuba,115,75493,32,27,0,27,1
2020-06-06,Alameda,001,1643700,4332,3801,7,3808,102
2020-06-06,Alpine,003,1148,1,1,0,1,0
2020-06-06,Amador,005,37829,10,10,0,10,0
2020-06-06,Butte,007,227075,94,63,5,68,1
2020-06-06,Calaveras,009,45235,23,16,0,16,0
2020-06-06,Colusa,011,21464,9,7,0,7,0
2020-06-06,Contra Costa,013,1133247,1939,1619,1,1620,37
2020-06-06,Del Norte,015,27424,45,45,0,45,0
2020-06-06,El Dorado,017,186661,133,104,0,104,0
2020-06-06,Fresno,019,978130,4011,2117,56,2173,41
2020-06-06,Glenn,021,27897,27,16,0,16,0
2020-06-06,Humboldt,023,135768,116,112,0,112,2
2020-06-06,Imperial,025,180216,4954,3047,4,3051,19
2020-06-06,Inyo,027,18085,22,21,0,21,1
2020-06-06,Kern,029,883053,3541,2695,9,2704,46
2020-06-06,Kings,031,150075,1746,882,4,886,6
2020-06-06,Lake,033,64148,36,28,0,28,0
2020-06-06,Lassen,035,31185,14,4,2,6,0
2020-06-06,Los Angeles,037,10098052,70746,62269,19,62288,2607
2020-06-06,Madera,039,155013,360,149,1,150,3
2020-06-06,Marin,041,260295,661,556,2,558,17
2020-06-06,Mariposa,043,17540,16,16,0,16,1
2020-06-06,Mendocino,045,87422,33,32,0,32,0
2020-06-06,Merced,047,269075,494,315,1,316,7
2020-06-06,Modoc,049,8938,1,0,0,0,0
2020-06-06,Mono,051,14174,39,35,0,35,1
2020-06-06,Monterey,053,433212,945,679,3,682,10
2020-06-06,Napa,055,140530,171,136,0,136,3
2020-06-06,Nevada,057,99092,54,50,1,51,1
2020-06-06,Orange,059,3164182,10551,7576,76,7652,157
2020-06-06,Placer,061,380077,388,270,2,272,9
2020-06-06,Plumas,063,18699,5,4,0,4,0
2020-06-06,Riverside,065,2383286,11672,8935,24,8959,345
2020-06-06,Sacramento,067,1510023,1710,1533,2,1535,59
2020-06-06,San Benito,069,59416,119,92,0,92,2
2020-06-06,San Bernardino,071,2135413,7807,5946,6,5952,214
2020-06-06,San Diego,073,3302833,9585,8347,0,8347,296
2020-06-06,San Francisco,075,870044,2909,2674,0,2674,43
2020-06-06,San Joaquin,077,732212,1592,1076,4,1080,37
2020-06-06,San Luis Obispo,079,281455,405,295,4,299,1
2020-06-06,San Mateo,081,765935,2601,2342,4,2346,72
2020-06-06,Santa Barbara,083,443738,2026,1815,17,1832,13
2020-06-06,Santa Clara,085,1922200,3733,2934,13,2947,144
2020-06-06,Santa Cruz,087,273765,260,226,0,226,2
2020-06-06,Shasta,089,179085,73,40,0,40,4
2020-06-06,Sierra,091,2930,1,1,0,1,0
2020-06-06,Siskiyou,093,43540,18,8,0,8,0
2020-06-06,Solano,095,438530,748,560,4,564,19
2020-06-06,Sonoma,097,501317,740,622,1,623,4
2020-06-06,Stanislaus,099,539301,1211,858,5,863,27
2020-06-06,Sutter,101,95872,73,51,0,51,2
2020-06-06,Tehama,103,63373,15,8,2,10,1
2020-06-06,Trinity,105,12862,8,2,2,4,0
2020-06-06,Tulare,107,460477,3138,2213,10,2223,90
2020-06-06,Tuolumne,109,53932,9,4,0,4,0
2020-06-06,Ventura,111,848112,1958,1303,12,1315,30
2020-06-06,Yolo,113,214977,253,223,0,223,24
2020-06-06,Yuba,115,75493,32,27,0,27,1
2020-06-05,Alameda,001,1643700,4281,3734,7,3741,102
2020-06-05,Alpine,003,1148,1,1,0,1,0
2020-06-05,Amador,005,37829,10,10,0,10,0
2020-06-05,Butte,007,227075,91,61,5,66,1
2020-06-05,Calaveras,009,45235,22,16,0,16,0
2020-06-05,Colusa,011,21464,9,7,0,7,0
2020-06-05,Contra Costa,013,1133247,1924,1575,1,1576,37
2020-06-05,Del Norte,015,27424,45,45,0,45,0
2020-06-05,El Dorado,017,186661,131,101,0,101,0
2020-06-05,Fresno,019,978130,3947,2051,55,2106,38
2020-06-05,Glenn,021,27897,25,16,0,16,0
2020-06-05,Humboldt,023,135768,115,111,0,111,2
2020-06-05,Imperial,025,180216,4848,2778,4,2782,19
2020-06-05,Inyo,027,18085,22,21,0,21,1
2020-06-05,Kern,029,883053,3452,2624,9,2633,46
2020-06-05,Kings,031,150075,1731,865,4,869,6
2020-06-05,Lake,033,64148,35,28,0,28,0
2020-06-05,Lassen,035,31185,13,4,2,6,0
2020-06-05,Los Angeles,037,10098052,69599,60955,19,60974,2553
2020-06-05,Madera,039,155013,338,144,1,145,3
2020-06-05,Marin,041,260295,652,546,2,548,17
2020-06-05,Mariposa,043,17540,16,16,0,16,1
2020-06-05,Mendocino,045,87422,33,32,0,32,0
2020-06-05,Merced,047,269075,492,309,1,310,7
2020-06-05,Modoc,049,8938,1,0,0,0,0
2020-06-05,Mono,051,14174,39,35,0,35,1
2020-06-05,Monterey,053,433212,913,649,3,652,10
2020-06-05,Napa,055,140530,168,123,0,123,3
2020-06-05,Nevada,057,99092,54,50,1,51,1
2020-06-05,Orange,059,3164182,10354,7391,73,7464,153
2020-06-05,Placer,061,380077,378,265,2,267,9
2020-06-05,Plumas,063,18699,5,4,0,4,0
2020-06-05,Riverside,065,2383286,11413,8700,24,8724,345
2020-06-05,Sacramento,067,1510023,1688,1514,2,1516,59
2020-06-05,San Benito,069,59416,117,92,0,92,2
2020-06-05,San Bernardino,071,2135413,7625,5869,5,5874,212
2020-06-05,San Diego,073,3302833,9470,8182,0,8182,294
2020-06-05,San Francisco,075,870044,2891,2675,0,2675,43
2020-06-05,San Joaquin,077,732212,1513,1046,4,1050,36
2020-06-05,San Luis Obispo,079,281455,398,293,4,297,1
2020-06-05,San Mateo,081,765935,2576,2331,4,2335,72
2020-06-05,Santa Barbara,083,443738,1995,1795,17,1812,13
2020-06-05,Santa Clara,085,1922200,3698,2902,13,2915,144
2020-06-05,Santa Cruz,087,273765,257,222,0,222,2
2020-06-05,Shasta,089,179085,72,40,0,40,4
2020-06-05,Sierra,091,2930,1,1,0,1,0
2020-06-05,Siskiyou,093,43540,16,8,0,8,0
2020-06-05,Solano,095,438530,741,558,4,562,19
2020-06-05,Sonoma,097,501317,719,618,1,619,4
2020-06-05,Stanislaus,099,539301,1178,842,5,847,27
2020-06-05,Sutter,101,95872,73,49,0,49,2
2020-06-05,Tehama,103,63373,15,7,2,9,1
2020-06-05,Trinity,105,12862,8,1,2,3,0
2020-06-05,Tulare,107,460477,3089,2180,10,2190,90
2020-06-05,Tuolumne,109,53932,9,4,0,4,0
2020-06-05,Ventura,111,848112,1925,1274,12,1286,30
2020-06-05,Yolo,113,214977,252,216,0,216,24
2020-06-05,Yuba,115,75493,32,27,0,27,1
2020-06-04,Alameda,001,1643700,4182,3643,7,3650,99
2020-06-04,Alpine,003,1148,1,1,0,1,0
2020-06-04,Amador,005,37829,10,10,0,10,0
2020-06-04,Butte,007,227075,87,57,4,61,1
2020-06-04,Calaveras,009,45235,22,15,0,15,0
2020-06-04,Colusa,011,21464,9,7,0,7,0
2020-06-04,Contra Costa,013,1133247,1866,1551,1,1552,37
2020-06-04,Del Norte,015,27424,45,45,0,45,0
2020-06-04,El Dorado,017,186661,129,101,0,101,0
2020-06-04,Fresno,019,978130,3841,2007,54,2061,35
2020-06-04,Glenn,021,27897,22,16,0,16,0
2020-06-04,Humboldt,023,135768,115,109,0,109,2
2020-06-04,Imperial,025,180216,4665,2631,4,2635,19
2020-06-04,Inyo,027,18085,22,20,0,20,1
2020-06-04,Kern,029,883053,3336,2530,9,2539,46
2020-06-04,Kings,031,150075,1661,842,4,846,6
2020-06-04,Lake,033,64148,34,27,0,27,0
2020-06-04,Lassen,035,31185,11,4,2,6,0
2020-06-04,Los Angeles,037,10098052,68132,59596,19,59615,2515
2020-06-04,Madera,039,155013,330,127,1,128,3
2020-06-04,Marin,041,260295,630,533,2,535,14
2020-06-04,Mariposa,043,17540,16,16,0,16,1
2020-06-04,Mendocino,045,87422,33,29,0,29,0
2020-06-04,Merced,047,269075,472,304,1,305,7
2020-06-04,Modoc,049,8938,1,0,0,0,0
2020-06-04,Mono,051,14174,39,35,0,35,1
2020-06-04,Monterey,053,433212,878,621,2,623,10
2020-06-04,Napa,055,140530,164,117,0,117,3
2020-06-04,Nevada,057,99092,53,49,1,50,1
2020-06-04,Orange,059,3164182,10100,7192,72,7264,148
2020-06-04,Placer,061,380077,362,256,2,258,9
2020-06-04,Plumas,063,18699,4,4,0,4,0
2020-06-04,Riverside,065,2383286,11135,8473,24,8497,341
2020-06-04,Sacramento,067,1510023,1661,1492,2,1494,58
2020-06-04,San Benito,069,59416,115,88,0,88,2
2020-06-04,San Bernardino,071,2135413,7357,5726,5,5731,207
2020-06-04,San Diego,073,3302833,9307,7942,0,7942,288
2020-06-04,San Francisco,075,870044,2858,2636,0,2636,43
2020-06-04,San Joaquin,077,732212,1451,1016,4,1020,36
2020-06-04,San Luis Obispo,079,281455,387,288,4,292,1
2020-06-04,San Mateo,081,765935,2549,2284,4,2288,72
2020-06-04,Santa Barbara,083,443738,1964,1750,16,1766,13
2020-06-04,Santa Clara,085,1922200,3664,2871,13,2884,144
2020-06-04,Santa Cruz,087,273765,251,218,0,218,2
2020-06-04,Shasta,089,179085,66,40,0,40,4
2020-06-04,Sierra,091,2930,1,1,0,1,0
2020-06-04,Siskiyou,093,43540,15,8,0,8,0
2020-06-04,Solano,095,438530,724,551,4,555,19
2020-06-04,Sonoma,097,501317,700,591,1,592,4
2020-06-04,Stanislaus,099,539301,1102,806,5,811,28
2020-06-04,Sutter,101,95872,68,46,0,46,2
2020-06-04,Tehama,103,63373,14,6,1,7,1
2020-06-04,Trinity,105,12862,8,1,2,3,0
2020-06-04,Tulare,107,460477,2972,2086,10,2096,90
2020-06-04,Tuolumne,109,53932,8,4,0,4,0
2020-06-04,Ventura,111,848112,1881,1236,11,1247,30
2020-06-04,Yolo,113,214977,247,216,0,216,24
2020-06-04,Yuba,115,75493,31,27,0,27,1
2020-06-03,Alameda,001,1643700,4123,3589,6,3595,99
2020-06-03,Alpine,003,1148,1,1,0,1,0
2020-06-03,Amador,005,37829,10,10,0,10,0
2020-06-03,Butte,007,227075,85,53,4,57,1
2020-06-03,Calaveras,009,45235,21,15,0,15,0
2020-06-03,Colusa,011,21464,9,7,0,7,0
2020-06-03,Contra Costa,013,1133247,1818,1511,1,1512,37
2020-06-03,Del Norte,015,27424,45,39,0,39,0
2020-06-03,El Dorado,017,186661,126,90,0,90,0
2020-06-03,Fresno,019,978130,3742,1943,54,1997,35
2020-06-03,Glenn,021,27897,22,16,0,16,0
2020-06-03,Humboldt,023,135768,115,103,0,103,2
2020-06-03,Imperial,025,180216,4492,2540,4,2544,19
2020-06-03,Inyo,027,18085,22,20,0,20,1
2020-06-03,Kern,029,883053,3240,2452,8,2460,44
2020-06-03,Kings,031,150075,1596,744,4,748,6
2020-06-03,Lake,033,64148,32,26,0,26,0
2020-06-03,Lassen,035,31185,11,4,2,6,0
2020-06-03,Los Angeles,037,10098052,66525,58166,19,58185,2472
2020-06-03,Madera,039,155013,322,117,1,118,3
2020-06-03,Marin,041,260295,612,527,2,529,14
2020-06-03,Mariposa,043,17540,16,16,0,16,1
2020-06-03,Mendocino,045,87422,32,29,0,29,0
2020-06-03,Merced,047,269075,458,299,1,300,7
2020-06-03,Modoc,049,8938,1,0,0,0,0
2020-06-03,Mono,051,14174,39,35,0,35,1
2020-06-03,Monterey,053,433212,850,592,2,594,10
2020-06-03,Napa,055,140530,163,116,0,116,3
2020-06-03,Nevada,057,99092,52,43,1,44,1
2020-06-03,Orange,059,3164182,9874,6939,71,7010,145
2020-06-03,Placer,061,380077,342,243,2,245,9
2020-06-03,Plumas,063,18699,4,4,0,4,0
2020-06-03,Riverside,065,2383286,10860,8208,24,8232,335
2020-06-03,Sacramento,067,1510023,1631,1457,2,1459,58
2020-06-03,San Benito,069,59416,109,88,0,88,2
2020-06-03,San Bernardino,071,2135413,7134,5565,5,5570,203
2020-06-03,San Diego,073,3302833,9159,7800,0,7800,283
2020-06-03,San Francisco,075,870044,2827,2608,0,2608,43
2020-06-03,San Joaquin,077,732212,1387,1004,4,1008,35
2020-06-03,San Luis Obispo,079,281455,382,279,4,283,1
2020-06-03,San Mateo,081,765935,2521,2243,4,2247,71
2020-06-03,Santa Barbara,083,443738,1930,1722,15,1737,12
2020-06-03,Santa Clara,085,1922200,3622,2836,13,2849,144
2020-06-03,Santa Cruz,087,273765,245,217,0,217,2
2020-06-03,Shasta,089,179085,63,40,0,40,4
2020-06-03,Sierra,091,2930,1,1,0,1,0
2020-06-03,Siskiyou,093,43540,14,8,0,8,0
2020-06-03,Solano,095,438530,699,543,2,545,18
2020-06-03,Sonoma,097,501317,688,578,1,579,4
2020-06-03,Stanislaus,099,539301,1062,780,5,785,27
2020-06-03,Sutter,101,95872,60,45,0,45,2
2020-06-03,Tehama,103,63373,14,6,1,7,1
2020-06-03,Trinity,105,12862,8,1,2,3,0
2020-06-03,Tulare,107,460477,2903,2041,10,2051,88
2020-06-03,Tuolumne,109,53932,6,4,0,4,0
2020-06-03,Ventura,111,848112,1814,1202,11,1213,30
2020-06-03,Yolo,113,214977,243,213,0,213,24
2020-06-03,Yuba,115,75493,31,27,0,27,1
2020-06-02,Alameda,001,1643700,4047,3517,6,3523,99
2020-06-02,Alpine,003,1148,1,1,0,1,0
2020-06-02,Amador,005,37829,10,10,0,10,0
2020-06-02,Butte,007,227075,81,51,3,54,1
2020-06-02,Calaveras,009,45235,21,15,0,15,0
2020-06-02,Colusa,011,21464,9,7,0,7,0
2020-06-02,Contra Costa,013,1133247,1786,1505,1,1506,37
2020-06-02,Del Norte,015,27424,45,39,0,39,0
2020-06-02,El Dorado,017,186661,125,88,0,88,0
2020-06-02,Fresno,019,978130,3629,1917,54,1971,34
2020-06-02,Glenn,021,27897,21,16,0,16,0
2020-06-02,Humboldt,023,135768,115,101,0,101,2
2020-06-02,Imperial,025,180216,4299,2459,4,2463,19
2020-06-02,Inyo,027,18085,20,20,0,20,1
2020-06-02,Kern,029,883053,3141,2406,6,2412,41
2020-06-02,Kings,031,150075,1568,720,4,724,5
2020-06-02,Lake,033,64148,32,25,0,25,0
2020-06-02,Lassen,035,31185,10,4,2,6,0
2020-06-02,Los Angeles,037,10098052,65123,57144,19,57163,2430
2020-06-02,Madera,039,155013,301,110,1,111,2
2020-06-02,Marin,041,260295,585,509,2,511,14
2020-06-02,Mariposa,043,17540,16,16,0,16,1
2020-06-02,Mendocino,045,87422,32,29,0,29,0
2020-06-02,Merced,047,269075,442,297,1,298,6
2020-06-02,Modoc,049,8938,1,0,0,0,0
2020-06-02,Mono,051,14174,39,35,0,35,1
2020-06-02,Monterey,053,433212,820,582,2,584,10
2020-06-02,Napa,055,140530,154,116,0,116,3
2020-06-02,Nevada,057,99092,51,41,1,42,1
2020-06-02,Orange,059,3164182,9673,6790,70,6860,142
2020-06-02,Placer,061,380077,328,226,2,228,9
2020-06-02,Plumas,063,18699,4,4,0,4,0
2020-06-02,Riverside,065,2383286,10564,8091,22,8113,330
2020-06-02,Sacramento,067,1510023,1602,1428,2,1430,58
2020-06-02,San Benito,069,59416,108,86,0,86,2
2020-06-02,San Bernardino,071,2135413,6927,5438,5,5443,202
2020-06-02,San Diego,073,3302833,9013,7676,0,7676,276
2020-06-02,San Francisco,075,870044,2792,2554,0,2554,43
2020-06-02,San Joaquin,077,732212,1321,985,4,989,35
2020-06-02,San Luis Obispo,079,281455,377,275,4,279,1
2020-06-02,San Mateo,081,765935,2486,2203,4,2207,71
2020-06-02,Santa Barbara,083,443738,1890,1703,15,1718,12
2020-06-02,Santa Clara,085,1922200,3572,2819,13,2832,144
2020-06-02,Santa Cruz,087,273765,240,215,0,215,2
2020-06-02,Shasta,089,179085,62,38,0,38,4
2020-06-02,Sierra,091,2930,1,1,0,1,0
2020-06-02,Siskiyou,093,43540,13,8,0,8,0
2020-06-02,Solano,095,438530,684,537,1,538,18
2020-06-02,Sonoma,097,501317,677,571,1,572,4
2020-06-02,Stanislaus,099,539301,1003,772,5,777,27
2020-06-02,Sutter,101,95872,57,43,0,43,2
2020-06-02,Tehama,103,63373,14,6,1,7,1
2020-06-02,Trinity,105,12862,8,1,2,3,0
2020-06-02,Tulare,107,460477,2823,2012,10,2022,86
2020-06-02,Tuolumne,109,53932,6,4,0,4,0
2020-06-02,Ventura,111,848112,1761,1178,11,1189,30
2020-06-02,Yolo,113,214977,241,213,0,213,24
2020-06-02,Yuba,115,75493,31,27,0,27,1
2020-06-01,Alameda,001,1643700,3981,3460,6,3466,98
2020-06-01,Alpine,003,1148,1,1,0,1,0
2020-06-01,Amador,005,37829,10,10,0,10,0
2020-06-01,Butte,007,227075,80,50,2,52,1
2020-06-01,Calaveras,009,45235,21,15,0,15,0
2020-06-01,Colusa,011,21464,9,7,0,7,0
2020-06-01,Contra Costa,013,1133247,1750,1486,1,1487,37
2020-06-01,Del Norte,015,27424,45,38,0,38,0
2020-06-01,El Dorado,017,186661,123,88,0,88,0
2020-06-01,Fresno,019,978130,3534,1854,52,1906,33
2020-06-01,Glenn,021,27897,21,16,0,16,0
2020-06-01,Humboldt,023,135768,115,98,0,98,2
2020-06-01,Imperial,025,180216,4077,2366,4,2370,14
2020-06-01,Inyo,027,18085,20,20,0,20,1
2020-06-01,Kern,029,883053,3058,2366,6,2372,38
2020-06-01,Kings,031,150075,1300,703,4,707,4
2020-06-01,Lake,033,64148,32,22,0,22,0
2020-06-01,Lassen,035,31185,10,4,2,6,0
2020-06-01,Los Angeles,037,10098052,63660,55899,19,55918,2367
2020-06-01,Madera,039,155013,289,103,1,104,2
2020-06-01,Marin,041,260295,544,495,2,497,14
2020-06-01,Mariposa,043,17540,16,16,0,16,1
2020-06-01,Mendocino,045,87422,32,28,0,28,0
2020-06-01,Merced,047,269075,423,289,1,290,6
2020-06-01,Modoc,049,8938,1,0,0,0,0
2020-06-01,Mono,051,14174,39,35,0,35,1
2020-06-01,Monterey,053,433212,795,554,2,556,10
2020-06-01,Napa,055,140530,151,114,0,114,3
2020-06-01,Nevada,057,99092,51,41,1,42,1
2020-06-01,Orange,059,3164182,9476,6640,69,6709,135
2020-06-01,Placer,061,380077,316,218,2,220,9
2020-06-01,Plumas,063,18699,4,4,0,4,0
2020-06-01,Riverside,065,2383286,10112,7921,21,7942,322
2020-06-01,Sacramento,067,1510023,1563,1415,2,1417,58
2020-06-01,San Benito,069,59416,105,86,0,86,2
2020-06-01,San Bernardino,071,2135413,6721,5310,5,5315,202
2020-06-01,San Diego,073,3302833,8833,7556,0,7556,269
2020-06-01,San Francisco,075,870044,2755,2546,0,2546,43
2020-06-01,San Joaquin,077,732212,1256,957,4,961,35
2020-06-01,San Luis Obispo,079,281455,373,275,4,279,1
2020-06-01,San Mateo,081,765935,2456,2190,4,2194,71
2020-06-01,Santa Barbara,083,443738,1856,1671,14,1685,10
2020-06-01,Santa Clara,085,1922200,3534,2797,12,2809,142
2020-06-01,Santa Cruz,087,273765,236,215,0,215,2
2020-06-01,Shasta,089,179085,62,38,0,38,4
2020-06-01,Sierra,091,2930,1,1,0,1,0
2020-06-01,Siskiyou,093,43540,13,7,0,7,0
2020-06-01,Solano,095,438530,660,529,1,530,17
2020-06-01,Sonoma,097,501317,661,565,1,566,4
2020-06-01,Stanislaus,099,539301,966,758,5,763,27
2020-06-01,Sutter,101,95872,52,43,0,43,2
2020-06-01,Tehama,103,63373,11,5,1,6,1
2020-06-01,Trinity,105,12862,7,1,2,3,0
2020-06-01,Tulare,107,460477,2708,1976,10,1986,84
2020-06-01,Tuolumne,109,53932,5,4,0,4,0
2020-06-01,Ventura,111,848112,1708,1163,11,1174,29
2020-06-01,Yolo,113,214977,238,212,0,212,24
2020-06-01,Yuba,115,75493,30,26,0,26,1
2020-05-31,Alameda,001,1643700,3876,3362,6,3368,98
2020-05-31,Alpine,003,1148,1,1,0,1,0
2020-05-31,Amador,005,37829,10,10,0,10,0
2020-05-31,Butte,007,227075,78,51,2,53,0
2020-05-31,Calaveras,009,45235,18,15,0,15,0
2020-05-31,Colusa,011,21464,9,5,0,5,0
2020-05-31,Contra Costa,013,1133247,1716,1458,1,1459,37
2020-05-31,Del Norte,015,27424,45,37,0,37,0
2020-05-31,El Dorado,017,186661,119,88,0,88,0
2020-05-31,Fresno,019,978130,3369,1780,46,1826,31
2020-05-31,Glenn,021,27897,20,16,0,16,0
2020-05-31,Humboldt,023,135768,113,98,0,98,2
2020-05-31,Imperial,025,180216,3810,2197,4,2201,14
2020-05-31,Inyo,027,18085,20,20,0,20,1
2020-05-31,Kern,029,883053,2923,2300,6,2306,38
2020-05-31,Kings,031,150075,1263,703,4,707,3
2020-05-31,Lake,033,64148,32,19,0,19,0
2020-05-31,Lassen,035,31185,10,4,2,6,0
2020-05-31,Los Angeles,037,10098052,62370,54925,19,54944,2344
2020-05-31,Madera,039,155013,271,101,1,102,2
2020-05-31,Marin,041,260295,534,486,2,488,14
2020-05-31,Mariposa,043,17540,16,16,0,16,1
2020-05-31,Mendocino,045,87422,32,24,0,24,0
2020-05-31,Merced,047,269075,396,288,0,288,6
2020-05-31,Modoc,049,8938,0,0,0,0,0
2020-05-31,Mono,051,14174,39,34,0,34,1
2020-05-31,Monterey,053,433212,721,545,2,547,10
2020-05-31,Napa,055,140530,149,114,0,114,3
2020-05-31,Nevada,057,99092,50,41,1,42,1
2020-05-31,Orange,059,3164182,9266,6532,68,6600,135
2020-05-31,Placer,061,380077,294,215,2,217,9
2020-05-31,Plumas,063,18699,4,4,0,4,0
2020-05-31,Riverside,065,2383286,9856,7704,21,7725,321
2020-05-31,Sacramento,067,1510023,1532,1398,2,1400,57
2020-05-31,San Benito,069,59416,99,85,0,85,2
2020-05-31,San Bernardino,071,2135413,6453,5185,5,5190,198
2020-05-31,San Diego,073,3302833,8639,7483,0,7483,269
2020-05-31,San Francisco,075,870044,2719,2501,0,2501,43
2020-05-31,San Joaquin,077,732212,1191,888,4,892,34
2020-05-31,San Luis Obispo,079,281455,363,271,4,275,1
2020-05-31,San Mateo,081,765935,2410,2169,4,2173,71
2020-05-31,Santa Barbara,083,443738,1805,1662,13,1675,9
2020-05-31,Santa Clara,085,1922200,3490,2785,12,2797,142
2020-05-31,Santa Cruz,087,273765,233,210,0,210,2
2020-05-31,Shasta,089,179085,60,38,0,38,4
2020-05-31,Sierra,091,2930,1,1,0,1,0
2020-05-31,Siskiyou,093,43540,12,7,0,7,0
2020-05-31,Solano,095,438530,634,512,1,513,6
2020-05-31,Sonoma,097,501317,641,555,1,556,4
2020-05-31,Stanislaus,099,539301,912,738,5,743,27
2020-05-31,Sutter,101,95872,50,42,0,42,2
2020-05-31,Tehama,103,63373,10,4,1,5,1
2020-05-31,Trinity,105,12862,7,1,2,3,0
2020-05-31,Tulare,107,460477,2635,1884,10,1894,82
2020-05-31,Tuolumne,109,53932,5,4,0,4,0
2020-05-31,Ventura,111,848112,1647,1151,11,1162,30
2020-05-31,Yolo,113,214977,232,211,0,211,24
2020-05-31,Yuba,115,75493,30,26,0,26,1
2020-05-30,Alameda,001,1643700,3850,3304,6,3310,96
2020-05-30,Alpine,003,1148,1,1,0,1,0
2020-05-30,Amador,005,37829,10,10,0,10,0
2020-05-30,Butte,007,227075,77,44,2,46,0
2020-05-30,Calaveras,009,45235,17,15,0,15,0
2020-05-30,Colusa,011,21464,8,5,0,5,0
2020-05-30,Contra Costa,013,1133247,1700,1429,1,1430,37
2020-05-30,Del Norte,015,27424,45,37,0,37,0
2020-05-30,El Dorado,017,186661,118,86,0,86,0
2020-05-30,Fresno,019,978130,3308,1744,45,1789,31
2020-05-30,Glenn,021,27897,19,16,0,16,0
2020-05-30,Humboldt,023,135768,112,98,0,98,2
2020-05-30,Imperial,025,180216,3720,2091,4,2095,14
2020-05-30,Inyo,027,18085,20,20,0,20,1
2020-05-30,Kern,029,883053,2854,2217,6,2223,38
2020-05-30,Kings,031,150075,1249,703,4,707,3
2020-05-30,Lake,033,64148,31,18,0,18,0
2020-05-30,Lassen,035,31185,10,4,2,6,0
2020-05-30,Los Angeles,037,10098052,61834,53627,19,53646,2319
2020-05-30,Madera,039,155013,266,101,1,102,2
2020-05-30,Marin,041,260295,534,462,2,464,14
2020-05-30,Mariposa,043,17540,16,16,0,16,1
2020-05-30,Mendocino,045,87422,32,24,0,24,0
2020-05-30,Merced,047,269075,395,285,0,285,6
2020-05-30,Modoc,049,8938,0,0,0,0,0
2020-05-30,Mono,051,14174,39,34,0,34,1
2020-05-30,Monterey,053,433212,705,520,2,522,10
2020-05-30,Napa,055,140530,147,113,0,113,3
2020-05-30,Nevada,057,99092,50,41,1,42,1
2020-05-30,Orange,059,3164182,9109,6354,68,6422,134
2020-05-30,Placer,061,380077,286,199,1,200,9
2020-05-30,Plumas,063,18699,4,4,0,4,0
2020-05-30,Riverside,065,2383286,9712,7492,21,7513,316
2020-05-30,Sacramento,067,1510023,1521,1384,2,1386,57
2020-05-30,San Benito,069,59416,98,85,0,85,2
2020-05-30,San Bernardino,071,2135413,6344,5122,5,5127,198
2020-05-30,San Diego,073,3302833,8546,7387,0,7387,269
2020-05-30,San Francisco,075,870044,2694,2496,0,2496,41
2020-05-30,San Joaquin,077,732212,1153,888,4,892,34
2020-05-30,San Luis Obispo,079,281455,358,270,4,274,1
2020-05-30,San Mateo,081,765935,2386,2129,4,2133,71
2020-05-30,Santa Barbara,083,443738,1786,1660,13,1673,9
2020-05-30,Santa Clara,085,1922200,3474,2741,12,2753,141
2020-05-30,Santa Cruz,087,273765,233,206,0,206,2
2020-05-30,Shasta,089,179085,60,36,0,36,4
2020-05-30,Sierra,091,2930,1,1,0,1,0
2020-05-30,Siskiyou,093,43540,11,7,0,7,0
2020-05-30,Solano,095,438530,627,512,1,513,6
2020-05-30,Sonoma,097,501317,631,551,1,552,4
2020-05-30,Stanislaus,099,539301,895,712,5,717,27
2020-05-30,Sutter,101,95872,49,40,0,40,2
2020-05-30,Tehama,103,63373,10,4,1,5,1
2020-05-30,Trinity,105,12862,7,1,2,3,0
2020-05-30,Tulare,107,460477,2598,1879,10,1889,81
2020-05-30,Tuolumne,109,53932,5,4,0,4,0
2020-05-30,Ventura,111,848112,1630,1116,11,1127,30
2020-05-30,Yolo,113,214977,228,210,0,210,24
2020-05-30,Yuba,115,75493,30,25,0,25,1
2020-05-29,Alameda,001,1643700,3815,3209,6,3215,96
2020-05-29,Alpine,003,1148,1,1,0,1,0
2020-05-29,Amador,005,37829,10,10,0,10,0
2020-05-29,Butte,007,227075,72,41,2,43,0
2020-05-29,Calaveras,009,45235,17,15,0,15,0
2020-05-29,Colusa,011,21464,8,5,0,5,0
2020-05-29,Contra Costa,013,1133247,1684,1411,1,1412,37
2020-05-29,Del Norte,015,27424,45,37,0,37,0
2020-05-29,El Dorado,017,186661,117,85,0,85,0
2020-05-29,Fresno,019,978130,3258,1687,45,1732,31
2020-05-29,Glenn,021,27897,19,14,0,14,0
2020-05-29,Humboldt,023,135768,111,98,0,98,2
2020-05-29,Imperial,025,180216,3602,1607,4,1611,14
2020-05-29,Inyo,027,18085,20,20,0,20,1
2020-05-29,Kern,029,883053,2796,2128,6,2134,36
2020-05-29,Kings,031,150075,1238,693,4,697,3
2020-05-29,Lake,033,64148,30,17,0,17,0
2020-05-29,Lassen,035,31185,10,0,2,2,0
2020-05-29,Los Angeles,037,10098052,60879,51578,19,51597,2273
2020-05-29,Madera,039,155013,251,98,1,99,2
2020-05-29,Marin,041,260295,526,448,2,450,14
2020-05-29,Mariposa,043,17540,16,16,0,16,1
2020-05-29,Mendocino,045,87422,30,25,0,25,0
2020-05-29,Merced,047,269075,390,285,0,285,7
2020-05-29,Modoc,049,8938,0,0,0,0,0
2020-05-29,Mono,051,14174,38,34,0,34,1
2020-05-29,Monterey,053,433212,675,479,2,481,10
2020-05-29,Napa,055,140530,144,113,0,113,3
2020-05-29,Nevada,057,99092,50,41,1,42,1
2020-05-29,Orange,059,3164182,8924,6176,66,6242,133
2020-05-29,Placer,061,380077,264,199,1,200,9
2020-05-29,Plumas,063,18699,4,4,0,4,0
2020-05-29,Riverside,065,2383286,9526,7376,21,7397,313
2020-05-29,Sacramento,067,1510023,1498,1360,2,1362,57
2020-05-29,San Benito,069,59416,98,84,0,84,2
2020-05-29,San Bernardino,071,2135413,6236,4983,5,4988,196
2020-05-29,San Diego,073,3302833,8423,7242,0,7242,266
2020-05-29,San Francisco,075,870044,2670,2453,0,2453,41
2020-05-29,San Joaquin,077,732212,1116,855,4,859,34
2020-05-29,San Luis Obispo,079,281455,354,270,4,274,1
2020-05-29,San Mateo,081,765935,2370,2103,4,2107,71
2020-05-29,Santa Barbara,083,443738,1759,1656,13,1669,9
2020-05-29,Santa Clara,085,1922200,3446,2707,12,2719,141
2020-05-29,Santa Cruz,087,273765,230,203,0,203,2
2020-05-29,Shasta,089,179085,60,36,0,36,4
2020-05-29,Sierra,091,2930,1,1,0,1,0
2020-05-29,Siskiyou,093,43540,11,7,0,7,0
2020-05-29,Solano,095,438530,619,498,1,499,6
2020-05-29,Sonoma,097,501317,620,537,1,538,4
2020-05-29,Stanislaus,099,539301,865,698,5,703,27
2020-05-29,Sutter,101,95872,47,40,0,40,2
2020-05-29,Tehama,103,63373,9,4,1,5,1
2020-05-29,Trinity,105,12862,7,1,2,3,0
2020-05-29,Tulare,107,460477,2560,1852,10,1862,80
2020-05-29,Tuolumne,109,53932,5,4,0,4,0
2020-05-29,Ventura,111,848112,1606,1093,11,1104,29
2020-05-29,Yolo,113,214977,224,211,0,211,24
2020-05-29,Yuba,115,75493,29,25,0,25,1
2020-05-28,Alameda,001,1643700,3715,3083,6,3089,94
2020-05-28,Alpine,003,1148,1,1,0,1,0
2020-05-28,Amador,005,37829,10,10,0,10,0
2020-05-28,Butte,007,227075,71,40,2,42,0
2020-05-28,Calaveras,009,45235,16,15,0,15,0
2020-05-28,Colusa,011,21464,8,5,0,5,0
2020-05-28,Contra Costa,013,1133247,1645,1392,1,1393,37
2020-05-28,Del Norte,015,27424,45,37,0,37,0
2020-05-28,El Dorado,017,186661,114,82,0,82,0
2020-05-28,Fresno,019,978130,3177,1653,44,1697,31
2020-05-28,Glenn,021,27897,18,14,0,14,0
2020-05-28,Humboldt,023,135768,110,97,0,97,2
2020-05-28,Imperial,025,180216,3407,1430,4,1434,14
2020-05-28,Inyo,027,18085,20,20,0,20,1
2020-05-28,Kern,029,883053,2718,2069,6,2075,36
2020-05-28,Kings,031,150075,901,626,4,630,3
2020-05-28,Lake,033,64148,29,17,0,17,0
2020-05-28,Lassen,035,31185,10,0,2,2,0
2020-05-28,Los Angeles,037,10098052,59300,49861,19,49880,2222
2020-05-28,Madera,039,155013,233,93,1,94,2
2020-05-28,Marin,041,260295,501,443,2,445,14
2020-05-28,Mariposa,043,17540,16,16,0,16,1
2020-05-28,Mendocino,045,87422,28,24,0,24,0
2020-05-28,Merced,047,269075,381,283,0,283,7
2020-05-28,Modoc,049,8938,0,0,0,0,0
2020-05-28,Mono,051,14174,38,34,0,34,1
2020-05-28,Monterey,053,433212,643,471,2,473,10
2020-05-28,Napa,055,140530,141,113,0,113,3
2020-05-28,Nevada,057,99092,45,41,1,42,1
2020-05-28,Orange,059,3164182,8728,6045,66,6111,130
2020-05-28,Placer,061,380077,257,196,1,197,9
2020-05-28,Plumas,063,18699,4,4,0,4,0
2020-05-28,Riverside,065,2383286,9123,7240,20,7260,304
2020-05-28,Sacramento,067,1510023,1478,1339,2,1341,57
2020-05-28,San Benito,069,59416,97,82,0,82,2
2020-05-28,San Bernardino,071,2135413,6071,4831,5,4836,191
2020-05-28,San Diego,073,3302833,8266,7102,0,7102,260
2020-05-28,San Francisco,075,870044,2636,2417,0,2417,40
2020-05-28,San Joaquin,077,732212,1081,840,4,844,34
2020-05-28,San Luis Obispo,079,281455,351,267,4,271,1
2020-05-28,San Mateo,081,765935,2343,2070,4,2074,71
2020-05-28,Santa Barbara,083,443738,1730,1642,12,1654,9
2020-05-28,Santa Clara,085,1922200,3406,2698,12,2710,140
2020-05-28,Santa Cruz,087,273765,229,201,0,201,2
2020-05-28,Shasta,089,179085,58,36,0,36,4
2020-05-28,Sierra,091,2930,1,1,0,1,0
2020-05-28,Siskiyou,093,43540,9,6,0,6,0
2020-05-28,Solano,095,438530,602,489,1,490,6
2020-05-28,Sonoma,097,501317,598,529,1,530,4
2020-05-28,Stanislaus,099,539301,824,684,5,689,27
2020-05-28,Sutter,101,95872,47,40,0,40,2
2020-05-28,Tehama,103,63373,9,4,1,5,1
2020-05-28,Trinity,105,12862,6,1,2,3,0
2020-05-28,Tulare,107,460477,2524,1832,10,1842,79
2020-05-28,Tuolumne,109,53932,5,4,0,4,0
2020-05-28,Ventura,111,848112,1573,1083,11,1094,29
2020-05-28,Yolo,113,214977,221,206,0,206,22
2020-05-28,Yuba,115,75493,28,24,0,24,1
2020-05-27,Alameda,001,1643700,3632,3037,6,3043,94
2020-05-27,Alpine,003,1148,1,1,0,1,0
2020-05-27,Amador,005,37829,10,10,0,10,0
2020-05-27,Butte,007,227075,68,40,1,41,0
2020-05-27,Calaveras,009,45235,15,15,0,15,0
2020-05-27,Colusa,011,21464,8,5,0,5,0
2020-05-27,Contra Costa,013,1133247,1605,1373,1,1374,37
2020-05-27,Del Norte,015,27424,45,34,0,34,0
2020-05-27,El Dorado,017,186661,113,82,0,82,0
2020-05-27,Fresno,019,978130,3089,1620,44,1664,27
2020-05-27,Glenn,021,27897,18,14,0,14,0
2020-05-27,Humboldt,023,135768,110,86,0,86,2
2020-05-27,Imperial,025,180216,3226,1369,4,1373,14
2020-05-27,Inyo,027,18085,20,20,0,20,1
2020-05-27,Kern,029,883053,2653,1999,6,2005,37
2020-05-27,Kings,031,150075,874,586,4,590,3
2020-05-27,Lake,033,64148,29,13,0,13,0
2020-05-27,Lassen,035,31185,10,0,2,2,0
2020-05-27,Los Angeles,037,10098052,57925,48711,19,48730,2177
2020-05-27,Madera,039,155013,224,91,1,92,2
2020-05-27,Marin,041,260295,472,439,2,441,14
2020-05-27,Mariposa,043,17540,16,16,0,16,1
2020-05-27,Mendocino,045,87422,27,21,0,21,0
2020-05-27,Merced,047,269075,377,278,0,278,7
2020-05-27,Modoc,049,8938,0,0,0,0,0
2020-05-27,Mono,051,14174,38,34,0,34,1
2020-05-27,Monterey,053,433212,603,443,2,445,8
2020-05-27,Napa,055,140530,136,112,0,112,3
2020-05-27,Nevada,057,99092,44,41,1,42,1
2020-05-27,Orange,059,3164182,8573,5849,66,5915,121
2020-05-27,Placer,061,380077,238,196,0,196,9
2020-05-27,Plumas,063,18699,4,4,0,4,0
2020-05-27,Riverside,065,2383286,8744,7156,20,7176,299
2020-05-27,Sacramento,067,1510023,1450,1318,2,1320,50
2020-05-27,San Benito,069,59416,94,74,0,74,2
2020-05-27,San Bernardino,071,2135413,5887,4708,5,4713,183
2020-05-27,San Diego,073,3302833,8115,6985,0,6985,255
2020-05-27,San Francisco,075,870044,2607,2394,0,2394,40
2020-05-27,San Joaquin,077,732212,1040,825,4,829,34
2020-05-27,San Luis Obispo,079,281455,346,266,4,270,1
2020-05-27,San Mateo,081,765935,2303,2045,4,2049,71
2020-05-27,Santa Barbara,083,443738,1715,1629,12,1641,9
2020-05-27,Santa Clara,085,1922200,3373,2680,12,2692,140
2020-05-27,Santa Cruz,087,273765,225,202,0,202,2
2020-05-27,Shasta,089,179085,55,36,0,36,4
2020-05-27,Sierra,091,2930,1,1,0,1,0
2020-05-27,Siskiyou,093,43540,9,6,0,6,0
2020-05-27,Solano,095,438530,582,477,1,478,5
2020-05-27,Sonoma,097,501317,584,521,1,522,4
2020-05-27,Stanislaus,099,539301,799,675,5,680,27
2020-05-27,Sutter,101,95872,46,40,0,40,2
2020-05-27,Tehama,103,63373,9,3,1,4,1
2020-05-27,Trinity,105,12862,6,1,2,3,0
2020-05-27,Tulare,107,460477,2472,1817,10,1827,77
2020-05-27,Tuolumne,109,53932,5,4,0,4,0
2020-05-27,Ventura,111,848112,1548,1065,11,1076,28
2020-05-27,Yolo,113,214977,220,204,0,204,22
2020-05-27,Yuba,115,75493,28,24,0,24,1
2020-05-26,Alameda,001,1643700,3537,2956,6,2962,92
2020-05-26,Alpine,003,1148,1,1,0,1,0
2020-05-26,Amador,005,37829,10,10,0,10,0
2020-05-26,Butte,007,227075,66,37,1,38,0
2020-05-26,Calaveras,009,45235,15,13,0,13,0
2020-05-26,Colusa,011,21464,8,4,0,4,0
2020-05-26,Contra Costa,013,1133247,1570,1352,1,1353,37
2020-05-26,Del Norte,015,27424,44,30,0,30,0
2020-05-26,El Dorado,017,186661,109,79,0,79,0
2020-05-26,Fresno,019,978130,3002,1496,44,1540,22
2020-05-26,Glenn,021,27897,16,12,0,12,0
2020-05-26,Humboldt,023,135768,108,81,0,81,2
2020-05-26,Imperial,025,180216,3010,1369,4,1373,14
2020-05-26,Inyo,027,18085,20,20,0,20,1
2020-05-26,Kern,029,883053,2575,1890,6,1896,31
2020-05-26,Kings,031,150075,806,449,3,452,2
2020-05-26,Lake,033,64148,27,12,0,12,0
2020-05-26,Lassen,035,31185,9,0,2,2,0
2020-05-26,Los Angeles,037,10098052,56458,47760,19,47779,2121
2020-05-26,Madera,039,155013,209,83,1,84,2
2020-05-26,Marin,041,260295,460,424,2,426,14
2020-05-26,Mariposa,043,17540,16,16,0,16,1
2020-05-26,Mendocino,045,87422,25,20,0,20,0
2020-05-26,Merced,047,269075,362,266,0,266,7
2020-05-26,Modoc,049,8938,0,1,0,1,0
2020-05-26,Mono,051,14174,37,34,0,34,1
2020-05-26,Monterey,053,433212,575,424,1,425,8
2020-05-26,Napa,055,140530,131,109,0,109,3
2020-05-26,Nevada,057,99092,43,41,1,42,1
2020-05-26,Orange,059,3164182,8303,5651,65,5716,115
2020-05-26,Placer,061,380077,233,188,0,188,9
2020-05-26,Plumas,063,18699,4,4,0,4,0
2020-05-26,Riverside,065,2383286,8297,6917,20,6937,284
2020-05-26,Sacramento,067,1510023,1424,1298,2,1300,50
2020-05-26,San Benito,069,59416,89,69,0,69,2
2020-05-26,San Bernardino,071,2135413,5719,4430,5,4435,175
2020-05-26,San Diego,073,3302833,7972,6884,0,6884,249
2020-05-26,San Francisco,075,870044,2574,2363,0,2363,40
2020-05-26,San Joaquin,077,732212,993,760,4,764,33
2020-05-26,San Luis Obispo,079,281455,344,260,4,264,1
2020-05-26,San Mateo,081,765935,2265,1967,3,1970,71
2020-05-26,Santa Barbara,083,443738,1698,1590,11,1601,9
2020-05-26,Santa Clara,085,1922200,3341,2659,12,2671,139
2020-05-26,Santa Cruz,087,273765,223,197,0,197,2
2020-05-26,Shasta,089,179085,55,36,0,36,4
2020-05-26,Sierra,091,2930,1,1,0,1,0
2020-05-26,Siskiyou,093,43540,8,6,0,6,0
2020-05-26,Solano,095,438530,564,470,1,471,5
2020-05-26,Sonoma,097,501317,576,509,0,509,4
2020-05-26,Stanislaus,099,539301,779,663,5,668,27
2020-05-26,Sutter,101,95872,45,39,0,39,2
2020-05-26,Tehama,103,63373,8,2,1,3,1
2020-05-26,Trinity,105,12862,6,1,2,3,0
2020-05-26,Tulare,107,460477,2416,1768,10,1778,76
2020-05-26,Tuolumne,109,53932,5,2,0,2,0
2020-05-26,Ventura,111,848112,1511,1033,8,1041,27
2020-05-26,Yolo,113,214977,214,198,0,198,22
2020-05-26,Yuba,115,75493,27,24,0,24,1
2020-05-25,Alameda,001,1643700,3444,2900,5,2905,92
2020-05-25,Alpine,003,1148,1,1,0,1,0
2020-05-25,Amador,005,37829,10,10,0,10,0
2020-05-25,Butte,007,227075,63,37,1,38,0
2020-05-25,Calaveras,009,45235,15,13,0,13,0
2020-05-25,Colusa,011,21464,7,4,0,4,0
2020-05-25,Contra Costa,013,1133247,1537,1348,1,1349,37
2020-05-25,Del Norte,015,27424,44,20,0,20,0
2020-05-25,El Dorado,017,186661,101,78,0,78,0
2020-05-25,Fresno,019,978130,2898,1496,42,1538,22
2020-05-25,Glenn,021,27897,16,12,0,12,0
2020-05-25,Humboldt,023,135768,107,81,0,81,2
2020-05-25,Imperial,025,180216,2799,1369,4,1373,14
2020-05-25,Inyo,027,18085,19,20,0,20,1
2020-05-25,Kern,029,883053,2504,1890,6,1896,31
2020-05-25,Kings,031,150075,776,447,3,450,2
2020-05-25,Lake,033,64148,25,13,0,13,0
2020-05-25,Lassen,035,31185,9,0,2,2,0
2020-05-25,Los Angeles,037,10098052,54647,45952,18,45970,2094
2020-05-25,Madera,039,155013,196,83,1,84,2
2020-05-25,Marin,041,260295,442,415,2,417,14
2020-05-25,Mariposa,043,17540,16,15,0,15,1
2020-05-25,Mendocino,045,87422,22,19,0,19,0
2020-05-25,Merced,047,269075,355,262,0,262,6
2020-05-25,Modoc,049,8938,0,1,0,1,0
2020-05-25,Mono,051,14174,37,34,0,34,1
2020-05-25,Monterey,053,433212,545,418,1,419,8
2020-05-25,Napa,055,140530,131,107,0,107,3
2020-05-25,Nevada,057,99092,43,41,1,42,1
2020-05-25,Orange,059,3164182,8081,5601,64,5665,115
2020-05-25,Placer,061,380077,229,186,0,186,9
2020-05-25,Plumas,063,18699,4,4,0,4,0
2020-05-25,Riverside,065,2383286,8066,6900,20,6920,284
2020-05-25,Sacramento,067,1510023,1404,1290,1,1291,50
2020-05-25,San Benito,069,59416,88,70,0,70,2
2020-05-25,San Bernardino,071,2135413,5529,4393,4,4397,175
2020-05-25,San Diego,073,3302833,7796,6799,0,6799,249
2020-05-25,San Francisco,075,870044,2537,2358,0,2358,40
2020-05-25,San Joaquin,077,732212,967,760,4,764,33
2020-05-25,San Luis Obispo,079,281455,341,260,4,264,1
2020-05-25,San Mateo,081,765935,2229,1938,3,1941,71
2020-05-25,Santa Barbara,083,443738,1688,1590,11,1601,9
2020-05-25,Santa Clara,085,1922200,3308,2647,12,2659,139
2020-05-25,Santa Cruz,087,273765,221,191,0,191,2
2020-05-25,Shasta,089,179085,54,36,0,36,4
2020-05-25,Sierra,091,2930,1,1,0,1,0
2020-05-25,Siskiyou,093,43540,8,6,0,6,0
2020-05-25,Solano,095,438530,550,437,1,438,5
2020-05-25,Sonoma,097,501317,564,496,0,496,4
2020-05-25,Stanislaus,099,539301,749,651,5,656,27
2020-05-25,Sutter,101,95872,45,38,0,38,2
2020-05-25,Tehama,103,63373,7,2,1,3,1
2020-05-25,Trinity,105,12862,6,1,2,3,0
2020-05-25,Tulare,107,460477,2352,1747,10,1757,76
2020-05-25,Tuolumne,109,53932,5,2,0,2,0
2020-05-25,Ventura,111,848112,1470,1020,8,1028,27
2020-05-25,Yolo,113,214977,212,197,0,197,22
2020-05-25,Yuba,115,75493,26,24,0,24,1
2020-05-24,Alameda,001,1643700,3371,2830,5,2835,92
2020-05-24,Alpine,003,1148,1,1,0,1,0
2020-05-24,Amador,005,37829,10,9,0,9,0
2020-05-24,Butte,007,227075,61,35,1,36,0
2020-05-24,Calaveras,009,45235,15,13,0,13,0
2020-05-24,Colusa,011,21464,7,4,0,4,0
2020-05-24,Contra Costa,013,1133247,1509,1325,1,1326,37
2020-05-24,Del Norte,015,27424,43,16,0,16,0
2020-05-24,El Dorado,017,186661,100,76,0,76,0
2020-05-24,Fresno,019,978130,2831,1455,41,1496,22
2020-05-24,Glenn,021,27897,15,12,0,12,0
2020-05-24,Humboldt,023,135768,107,81,0,81,2
2020-05-24,Imperial,025,180216,2673,1369,4,1373,14
2020-05-24,Inyo,027,18085,19,20,0,20,1
2020-05-24,Kern,029,883053,2431,1861,5,1866,31
2020-05-24,Kings,031,150075,765,446,3,449,2
2020-05-24,Lake,033,64148,24,12,0,12,0
2020-05-24,Lassen,035,31185,8,0,2,2,0
2020-05-24,Los Angeles,037,10098052,53633,44954,18,44972,2085
2020-05-24,Madera,039,155013,190,83,1,84,2
2020-05-24,Marin,041,260295,440,401,2,403,14
2020-05-24,Mariposa,043,17540,16,15,0,15,1
2020-05-24,Mendocino,045,87422,21,19,0,19,0
2020-05-24,Merced,047,269075,354,258,0,258,6
2020-05-24,Modoc,049,8938,0,0,0,0,0
2020-05-24,Mono,051,14174,37,34,0,34,1
2020-05-24,Monterey,053,433212,517,405,1,406,8
2020-05-24,Napa,055,140530,129,104,0,104,3
2020-05-24,Nevada,057,99092,43,41,1,42,1
2020-05-24,Orange,059,3164182,7927,5439,63,5502,113
2020-05-24,Placer,061,380077,221,184,0,184,9
2020-05-24,Plumas,063,18699,4,4,0,4,0
2020-05-24,Riverside,065,2383286,7925,6571,20,6591,284
2020-05-24,Sacramento,067,1510023,1388,1283,1,1284,50
2020-05-24,San Benito,069,59416,87,67,0,67,2
2020-05-24,San Bernardino,071,2135413,5421,4262,4,4266,175
2020-05-24,San Diego,073,3302833,7653,6703,0,6703,249
2020-05-24,San Francisco,075,870044,2513,2318,0,2318,40
2020-05-24,San Joaquin,077,732212,948,760,4,764,33
2020-05-24,San Luis Obispo,079,281455,339,257,4,261,1
2020-05-24,San Mateo,081,765935,2194,1925,3,1928,71
2020-05-24,Santa Barbara,083,443738,1676,1573,11,1584,9
2020-05-24,Santa Clara,085,1922200,3288,2623,12,2635,139
2020-05-24,Santa Cruz,087,273765,218,185,0,185,2
2020-05-24,Shasta,089,179085,53,36,0,36,4
2020-05-24,Sierra,091,2930,1,1,0,1,0
2020-05-24,Siskiyou,093,43540,7,6,0,6,0
2020-05-24,Solano,095,438530,542,436,0,436,5
2020-05-24,Sonoma,097,501317,553,485,0,485,4
2020-05-24,Stanislaus,099,539301,729,634,5,639,27
2020-05-24,Sutter,101,95872,45,38,0,38,2
2020-05-24,Tehama,103,63373,5,2,1,3,1
2020-05-24,Trinity,105,12862,6,1,2,3,0
2020-05-24,Tulare,107,460477,2306,1684,10,1694,74
2020-05-24,Tuolumne,109,53932,5,2,0,2,0
2020-05-24,Ventura,111,848112,1458,982,8,990,27
2020-05-24,Yolo,113,214977,210,192,0,192,22
2020-05-24,Yuba,115,75493,26,24,0,24,1
2020-05-23,Alameda,001,1643700,3330,2783,5,2788,91
2020-05-23,Alpine,003,1148,1,1,0,1,0
2020-05-23,Amador,005,37829,10,9,0,9,0
2020-05-23,Butte,007,227075,60,34,1,35,0
2020-05-23,Calaveras,009,45235,15,13,0,13,0
2020-05-23,Colusa,011,21464,7,4,0,4,0
2020-05-23,Contra Costa,013,1133247,1498,1302,1,1303,36
2020-05-23,Del Norte,015,27424,43,10,0,10,0
2020-05-23,El Dorado,017,186661,100,74,0,74,0
2020-05-23,Fresno,019,978130,2811,1447,41,1488,21
2020-05-23,Glenn,021,27897,15,12,0,12,0
2020-05-23,Humboldt,023,135768,105,80,0,80,2
2020-05-23,Imperial,025,180216,2585,1283,4,1287,14
2020-05-23,Inyo,027,18085,19,20,0,20,1
2020-05-23,Kern,029,883053,2388,1806,5,1811,31
2020-05-23,Kings,031,150075,761,444,3,447,2
2020-05-23,Lake,033,64148,23,10,0,10,0
2020-05-23,Lassen,035,31185,8,0,2,2,0
2020-05-23,Los Angeles,037,10098052,53091,44029,18,44047,2069
2020-05-23,Madera,039,155013,186,83,1,84,2
2020-05-23,Marin,041,260295,440,393,1,394,14
2020-05-23,Mariposa,043,17540,16,15,0,15,1
2020-05-23,Mendocino,045,87422,21,13,0,13,0
2020-05-23,Merced,047,269075,351,247,0,247,6
2020-05-23,Modoc,049,8938,0,0,0,0,0
2020-05-23,Mono,051,14174,36,34,0,34,1
2020-05-23,Monterey,053,433212,503,397,1,398,8
2020-05-23,Napa,055,140530,125,101,0,101,3
2020-05-23,Nevada,057,99092,43,41,1,42,1
2020-05-23,Orange,059,3164182,7768,5313,62,5375,113
2020-05-23,Placer,061,380077,215,184,0,184,9
2020-05-23,Plumas,063,18699,4,4,0,4,0
2020-05-23,Riverside,065,2383286,7834,6460,20,6480,284
2020-05-23,Sacramento,067,1510023,1372,1275,1,1276,50
2020-05-23,San Benito,069,59416,82,67,0,67,2
2020-05-23,San Bernardino,071,2135413,5326,4172,4,4176,175
2020-05-23,San Diego,073,3302833,7562,6561,0,6561,249
2020-05-23,San Francisco,075,870044,2494,2312,0,2312,40
2020-05-23,San Joaquin,077,732212,933,759,4,763,33
2020-05-23,San Luis Obispo,079,281455,335,256,4,260,1
2020-05-23,San Mateo,081,765935,2166,1862,3,1865,71
2020-05-23,Santa Barbara,083,443738,1668,1566,11,1577,9
2020-05-23,Santa Clara,085,1922200,3274,2593,11,2604,139
2020-05-23,Santa Cruz,087,273765,216,177,0,177,2
2020-05-23,Shasta,089,179085,53,35,0,35,4
2020-05-23,Sierra,091,2930,1,1,0,1,0
2020-05-23,Siskiyou,093,43540,7,6,0,6,0
2020-05-23,Solano,095,438530,537,435,0,435,5
2020-05-23,Sonoma,097,501317,539,462,0,462,4
2020-05-23,Stanislaus,099,539301,721,625,5,630,27
2020-05-23,Sutter,101,95872,44,38,0,38,2
2020-05-23,Tehama,103,63373,5,2,1,3,1
2020-05-23,Trinity,105,12862,6,1,2,3,0
2020-05-23,Tulare,107,460477,2285,1682,10,1692,73
2020-05-23,Tuolumne,109,53932,5,2,0,2,0
2020-05-23,Ventura,111,848112,1438,961,8,969,27
2020-05-23,Yolo,113,214977,209,188,0,188,22
2020-05-23,Yuba,115,75493,26,24,0,24,1
2020-05-22,Alameda,001,1643700,3276,2722,5,2727,91
2020-05-22,Alpine,003,1148,1,1,0,1,0
2020-05-22,Amador,005,37829,10,9,0,9,0
2020-05-22,Butte,007,227075,58,34,1,35,0
2020-05-22,Calaveras,009,45235,15,13,0,13,0
2020-05-22,Colusa,011,21464,7,4,0,4,0
2020-05-22,Contra Costa,013,1133247,1486,1272,1,1273,36
2020-05-22,Del Norte,015,27424,41,9,0,9,0
2020-05-22,El Dorado,017,186661,97,74,0,74,0
2020-05-22,Fresno,019,978130,2752,1399,40,1439,20
2020-05-22,Glenn,021,27897,15,12,0,12,0
2020-05-22,Humboldt,023,135768,105,80,0,80,2
2020-05-22,Imperial,025,180216,2485,1214,4,1218,14
2020-05-22,Inyo,027,18085,19,20,0,20,1
2020-05-22,Kern,029,883053,2339,1749,5,1754,28
2020-05-22,Kings,031,150075,758,428,3,431,2
2020-05-22,Lake,033,64148,22,10,0,10,0
2020-05-22,Lassen,035,31185,6,0,2,2,0
2020-05-22,Los Angeles,037,10098052,52299,43025,18,43043,2027
2020-05-22,Madera,039,155013,182,82,1,83,2
2020-05-22,Marin,041,260295,436,372,1,373,14
2020-05-22,Mariposa,043,17540,16,15,0,15,1
2020-05-22,Mendocino,045,87422,20,13,0,13,0
2020-05-22,Merced,047,269075,351,233,0,233,6
2020-05-22,Modoc,049,8938,0,0,0,0,0
2020-05-22,Mono,051,14174,36,34,0,34,1
2020-05-22,Monterey,053,433212,492,372,1,373,8
2020-05-22,Napa,055,140530,123,97,0,97,3
2020-05-22,Nevada,057,99092,42,41,1,42,1
2020-05-22,Orange,059,3164182,7571,5144,60,5204,113
2020-05-22,Placer,061,380077,215,181,0,181,9
2020-05-22,Plumas,063,18699,4,4,0,4,0
2020-05-22,Riverside,065,2383286,7719,6351,20,6371,283
2020-05-22,Sacramento,067,1510023,1356,1262,1,1263,50
2020-05-22,San Benito,069,59416,81,64,0,64,2
2020-05-22,San Bernardino,071,2135413,5251,4107,4,4111,173
2020-05-22,San Diego,073,3302833,7476,6436,0,6436,242
2020-05-22,San Francisco,075,870044,2476,2251,0,2251,40
2020-05-22,San Joaquin,077,732212,920,747,4,751,33
2020-05-22,San Luis Obispo,079,281455,335,254,4,258,1
2020-05-22,San Mateo,081,765935,2147,1847,3,1850,71
2020-05-22,Santa Barbara,083,443738,1658,1554,11,1565,9
2020-05-22,Santa Clara,085,1922200,3253,2537,11,2548,139
2020-05-22,Santa Cruz,087,273765,213,171,0,171,2
2020-05-22,Shasta,089,179085,53,34,0,34,4
2020-05-22,Sierra,091,2930,1,0,0,0,0
2020-05-22,Siskiyou,093,43540,7,6,0,6,0
2020-05-22,Solano,095,438530,534,431,0,431,4
2020-05-22,Sonoma,097,501317,535,444,0,444,4
2020-05-22,Stanislaus,099,539301,711,616,5,621,27
2020-05-22,Sutter,101,95872,44,38,0,38,2
2020-05-22,Tehama,103,63373,5,2,0,2,1
2020-05-22,Trinity,105,12862,6,1,2,3,0
2020-05-22,Tulare,107,460477,2255,1662,10,1672,73
2020-05-22,Tuolumne,109,53932,5,2,0,2,0
2020-05-22,Ventura,111,848112,1420,937,8,945,27
2020-05-22,Yolo,113,214977,207,187,0,187,22
2020-05-22,Yuba,115,75493,26,24,0,24,1
2020-05-21,Alameda,001,1643700,3211,2606,5,2611,89
2020-05-21,Alpine,003,1148,1,1,0,1,0
2020-05-21,Amador,005,37829,10,9,0,9,0
2020-05-21,Butte,007,227075,57,31,1,32,0
2020-05-21,Calaveras,009,45235,14,13,0,13,0
2020-05-21,Colusa,011,21464,7,4,0,4,0
2020-05-21,Contra Costa,013,1133247,1450,1243,1,1244,36
2020-05-21,Del Norte,015,27424,38,9,0,9,0
2020-05-21,El Dorado,017,186661,95,67,0,67,0
2020-05-21,Fresno,019,978130,2660,1362,39,1401,20
2020-05-21,Glenn,021,27897,14,12,0,12,0
2020-05-21,Humboldt,023,135768,104,79,0,79,0
2020-05-21,Imperial,025,180216,2325,1096,4,1100,14
2020-05-21,Inyo,027,18085,19,20,0,20,1
2020-05-21,Kern,029,883053,2263,1684,4,1688,27
2020-05-21,Kings,031,150075,737,417,2,419,2
2020-05-21,Lake,033,64148,17,10,0,10,0
2020-05-21,Lassen,035,31185,6,0,2,2,0
2020-05-21,Los Angeles,037,10098052,51265,42063,18,42081,1996
2020-05-21,Madera,039,155013,179,82,1,83,2
2020-05-21,Marin,041,260295,425,359,1,360,14
2020-05-21,Mariposa,043,17540,16,15,0,15,1
2020-05-21,Mendocino,045,87422,20,12,0,12,0
2020-05-21,Merced,047,269075,340,226,0,226,6
2020-05-21,Modoc,049,8938,0,0,0,0,0
2020-05-21,Mono,051,14174,36,33,0,33,1
2020-05-21,Monterey,053,433212,481,363,1,364,8
2020-05-21,Napa,055,140530,121,96,0,96,3
2020-05-21,Nevada,057,99092,42,41,1,42,1
2020-05-21,Orange,059,3164182,7368,4975,59,5034,106
2020-05-21,Placer,061,380077,208,176,0,176,8
2020-05-21,Plumas,063,18699,4,4,0,4,0
2020-05-21,Riverside,065,2383286,7533,6245,20,6265,279
2020-05-21,Sacramento,067,1510023,1343,1258,1,1259,56
2020-05-21,San Benito,069,59416,78,61,0,61,2
2020-05-21,San Bernardino,071,2135413,5104,3950,4,3954,167
2020-05-21,San Diego,073,3302833,7340,6317,0,6317,241
2020-05-21,San Francisco,075,870044,2452,2248,0,2248,37
2020-05-21,San Joaquin,077,732212,884,730,4,734,33
2020-05-21,San Luis Obispo,079,281455,335,251,3,254,1
2020-05-21,San Mateo,081,765935,2110,1791,3,1794,74
2020-05-21,Santa Barbara,083,443738,1643,1541,11,1552,10
2020-05-21,Santa Clara,085,1922200,3230,2520,11,2531,138
2020-05-21,Santa Cruz,087,273765,205,164,0,164,3
2020-05-21,Shasta,089,179085,51,34,0,34,4
2020-05-21,Sierra,091,2930,1,0,0,0,0
2020-05-21,Siskiyou,093,43540,7,6,0,6,0
2020-05-21,Solano,095,438530,525,424,0,424,4
2020-05-21,Sonoma,097,501317,517,427,0,427,4
2020-05-21,Stanislaus,099,539301,700,602,5,607,27
2020-05-21,Sutter,101,95872,43,38,0,38,2
2020-05-21,Tehama,103,63373,4,2,0,2,1
2020-05-21,Trinity,105,12862,5,1,2,3,0
2020-05-21,Tulare,107,460477,2205,1606,8,1614,73
2020-05-21,Tuolumne,109,53932,3,2,0,2,0
2020-05-21,Ventura,111,848112,1371,907,8,915,30
2020-05-21,Yolo,113,214977,204,185,0,185,22
2020-05-21,Yuba,115,75493,26,24,0,24,1
2020-05-20,Alameda,001,1643700,3138,2554,5,2559,89
2020-05-20,Alpine,003,1148,1,1,0,1,0
2020-05-20,Amador,005,37829,10,9,0,9,0
2020-05-20,Butte,007,227075,54,30,1,31,0
2020-05-20,Calaveras,009,45235,14,13,0,13,0
2020-05-20,Colusa,011,21464,7,3,0,3,0
2020-05-20,Contra Costa,013,1133247,1420,1223,1,1224,33
2020-05-20,Del Norte,015,27424,31,9,0,9,0
2020-05-20,El Dorado,017,186661,94,67,0,67,0
2020-05-20,Fresno,019,978130,2587,1329,38,1367,17
2020-05-20,Glenn,021,27897,13,12,0,12,0
2020-05-20,Humboldt,023,135768,101,73,0,73,0
2020-05-20,Imperial,025,180216,2212,1047,4,1051,14
2020-05-20,Inyo,027,18085,19,20,0,20,1
2020-05-20,Kern,029,883053,2200,1639,3,1642,27
2020-05-20,Kings,031,150075,593,403,2,405,2
2020-05-20,Lake,033,64148,17,9,0,9,0
2020-05-20,Lassen,035,31185,5,0,2,2,0
2020-05-20,Los Angeles,037,10098052,50271,40932,18,40950,1955
2020-05-20,Madera,039,155013,177,82,1,83,2
2020-05-20,Marin,041,260295,398,348,1,349,14
2020-05-20,Mariposa,043,17540,16,15,0,15,1
2020-05-20,Mendocino,045,87422,20,12,0,12,0
2020-05-20,Merced,047,269075,333,225,0,225,6
2020-05-20,Modoc,049,8938,0,0,0,0,0
2020-05-20,Mono,051,14174,36,33,0,33,1
2020-05-20,Monterey,053,433212,467,356,1,357,8
2020-05-20,Napa,055,140530,114,93,0,93,3
2020-05-20,Nevada,057,99092,42,41,1,42,1
2020-05-20,Orange,059,3164182,7160,4866,57,4923,96
2020-05-20,Placer,061,380077,206,176,0,176,8
2020-05-20,Plumas,063,18699,4,4,0,4,0
2020-05-20,Riverside,065,2383286,7390,6090,20,6110,265
2020-05-20,Sacramento,067,1510023,1333,1244,1,1245,56
2020-05-20,San Benito,069,59416,77,61,0,61,2
2020-05-20,San Bernardino,071,2135413,4976,3771,4,3775,161
2020-05-20,San Diego,073,3302833,7223,6142,0,6142,230
2020-05-20,San Francisco,075,870044,2429,2199,0,2199,37
2020-05-20,San Joaquin,077,732212,848,713,4,717,33
2020-05-20,San Luis Obispo,079,281455,328,249,3,252,1
2020-05-20,San Mateo,081,765935,2057,1739,3,1742,74
2020-05-20,Santa Barbara,083,443738,1624,1524,11,1535,10
2020-05-20,Santa Clara,085,1922200,3209,2508,10,2518,138
2020-05-20,Santa Cruz,087,273765,202,163,0,163,3
2020-05-20,Shasta,089,179085,51,34,0,34,4
2020-05-20,Sierra,091,2930,1,0,0,0,0
2020-05-20,Siskiyou,093,43540,7,6,0,6,0
2020-05-20,Solano,095,438530,520,418,0,418,4
2020-05-20,Sonoma,097,501317,508,411,0,411,4
2020-05-20,Stanislaus,099,539301,684,584,4,588,25
2020-05-20,Sutter,101,95872,43,38,0,38,2
2020-05-20,Tehama,103,63373,4,2,0,2,1
2020-05-20,Trinity,105,12862,4,1,1,2,0
2020-05-20,Tulare,107,460477,2164,1585,8,1593,71
2020-05-20,Tuolumne,109,53932,3,2,0,2,0
2020-05-20,Ventura,111,848112,1335,879,8,887,29
2020-05-20,Yolo,113,214977,201,184,0,184,22
2020-05-20,Yuba,115,75493,26,23,0,23,1
2020-05-19,Alameda,001,1643700,3061,2493,3,2496,88
2020-05-19,Alpine,003,1148,1,1,0,1,0
2020-05-19,Amador,005,37829,10,9,0,9,0
2020-05-19,Butte,007,227075,52,25,1,26,0
2020-05-19,Calaveras,009,45235,14,13,0,13,0
2020-05-19,Colusa,011,21464,5,3,0,3,0
2020-05-19,Contra Costa,013,1133247,1397,1205,1,1206,33
2020-05-19,Del Norte,015,27424,28,8,0,8,0
2020-05-19,El Dorado,017,186661,91,67,0,67,0
2020-05-19,Fresno,019,978130,2473,1288,37,1325,15
2020-05-19,Glenn,021,27897,13,12,0,12,0
2020-05-19,Humboldt,023,135768,101,72,0,72,0
2020-05-19,Imperial,025,180216,2050,1012,4,1016,14
2020-05-19,Inyo,027,18085,19,20,0,20,1
2020-05-19,Kern,029,883053,2102,1601,3,1604,26
2020-05-19,Kings,031,150075,582,393,2,395,2
2020-05-19,Lake,033,64148,14,11,0,11,0
2020-05-19,Lassen,035,31185,5,0,2,2,0
2020-05-19,Los Angeles,037,10098052,49065,39670,18,39688,1906
2020-05-19,Madera,039,155013,173,80,1,81,2
2020-05-19,Marin,041,260295,374,340,1,341,14
2020-05-19,Mariposa,043,17540,16,15,0,15,1
2020-05-19,Mendocino,045,87422,20,12,0,12,0
2020-05-19,Merced,047,269075,325,222,0,222,5
2020-05-19,Modoc,049,8938,0,0,0,0,0
2020-05-19,Mono,051,14174,36,33,0,33,1
2020-05-19,Monterey,053,433212,455,350,1,351,8
2020-05-19,Napa,055,140530,113,93,0,93,3
2020-05-19,Nevada,057,99092,42,41,1,42,1
2020-05-19,Orange,059,3164182,6966,4746,55,4801,90
2020-05-19,Placer,061,380077,204,177,0,177,8
2020-05-19,Plumas,063,18699,4,5,0,5,0
2020-05-19,Riverside,065,2383286,7230,5963,19,5982,265
2020-05-19,Sacramento,067,1510023,1319,1239,1,1240,57
2020-05-19,San Benito,069,59416,75,59,0,59,2
2020-05-19,San Bernardino,071,2135413,4826,3656,4,3660,158
2020-05-19,San Diego,073,3302833,7079,6028,0,6028,222
2020-05-19,San Francisco,075,870044,2395,2186,0,2186,37
2020-05-19,San Joaquin,077,732212,826,705,4,709,33
2020-05-19,San Luis Obispo,079,281455,327,245,3,248,1
2020-05-19,San Mateo,081,765935,2016,1704,3,1707,71
2020-05-19,Santa Barbara,083,443738,1610,1521,11,1532,10
2020-05-19,Santa Clara,085,1922200,3159,2480,10,2490,138
2020-05-19,Santa Cruz,087,273765,191,161,0,161,3
2020-05-19,Shasta,089,179085,51,34,0,34,4
2020-05-19,Sierra,091,2930,0,0,0,0,0
2020-05-19,Siskiyou,093,43540,7,6,0,6,0
2020-05-19,Solano,095,438530,506,415,0,415,4
2020-05-19,Sonoma,097,501317,497,389,0,389,4
2020-05-19,Stanislaus,099,539301,670,582,4,586,25
2020-05-19,Sutter,101,95872,43,38,0,38,2
2020-05-19,Tehama,103,63373,4,2,0,2,1
2020-05-19,Trinity,105,12862,3,1,0,1,0
2020-05-19,Tulare,107,460477,2116,1551,8,1559,68
2020-05-19,Tuolumne,109,53932,3,2,0,2,0
2020-05-19,Ventura,111,848112,1294,861,7,868,28
2020-05-19,Yolo,113,214977,199,183,0,183,22
2020-05-19,Yuba,115,75493,26,23,0,23,1
2020-05-18,Alameda,001,1643700,2988,2442,3,2445,84
2020-05-18,Alpine,003,1148,1,1,0,1,0
2020-05-18,Amador,005,37829,10,8,0,8,0
2020-05-18,Butte,007,227075,50,24,1,25,0
2020-05-18,Calaveras,009,45235,14,13,0,13,0
2020-05-18,Colusa,011,21464,5,3,0,3,0
2020-05-18,Contra Costa,013,1133247,1366,1173,1,1174,33
2020-05-18,Del Norte,015,27424,23,8,0,8,0
2020-05-18,El Dorado,017,186661,89,67,0,67,0
2020-05-18,Fresno,019,978130,2395,1244,36,1280,14
2020-05-18,Glenn,021,27897,13,11,0,11,0
2020-05-18,Humboldt,023,135768,101,70,0,70,0
2020-05-18,Imperial,025,180216,1897,767,4,771,14
2020-05-18,Inyo,027,18085,19,20,0,20,1
2020-05-18,Kern,029,883053,2053,1566,3,1569,26
2020-05-18,Kings,031,150075,551,381,2,383,2
2020-05-18,Lake,033,64148,13,9,0,9,0
2020-05-18,Lassen,035,31185,5,0,2,2,0
2020-05-18,Los Angeles,037,10098052,48044,38477,18,38495,1825
2020-05-18,Madera,039,155013,167,74,1,75,2
2020-05-18,Marin,041,260295,361,329,1,330,14
2020-05-18,Mariposa,043,17540,16,15,0,15,1
2020-05-18,Mendocino,045,87422,15,12,0,12,0
2020-05-18,Merced,047,269075,316,217,0,217,5
2020-05-18,Modoc,049,8938,0,0,0,0,0
2020-05-18,Mono,051,14174,36,33,0,33,1
2020-05-18,Monterey,053,433212,444,345,1,346,8
2020-05-18,Napa,055,140530,109,92,0,92,3
2020-05-18,Nevada,057,99092,42,41,1,42,1
2020-05-18,Orange,059,3164182,6777,4558,53,4611,88
2020-05-18,Placer,061,380077,202,176,0,176,8
2020-05-18,Plumas,063,18699,4,5,0,5,0
2020-05-18,Riverside,065,2383286,7030,5873,18,5891,253
2020-05-18,Sacramento,067,1510023,1313,1233,0,1233,57
2020-05-18,San Benito,069,59416,73,59,0,59,2
2020-05-18,San Bernardino,071,2135413,4679,3558,4,3562,156
2020-05-18,San Diego,073,3302833,6946,5948,0,5948,211
2020-05-18,San Francisco,075,870044,2372,2183,0,2183,36
2020-05-18,San Joaquin,077,732212,814,697,4,701,33
2020-05-18,San Luis Obispo,079,281455,323,243,3,246,1
2020-05-18,San Mateo,081,765935,1978,1701,3,1704,68
2020-05-18,Santa Barbara,083,443738,1599,1501,11,1512,10
2020-05-18,Santa Clara,085,1922200,3126,2468,10,2478,137
2020-05-18,Santa Cruz,087,273765,189,160,0,160,3
2020-05-18,Shasta,089,179085,50,34,0,34,4
2020-05-18,Sierra,091,2930,0,0,0,0,0
2020-05-18,Siskiyou,093,43540,7,6,0,6,0
2020-05-18,Solano,095,438530,496,398,0,398,4
2020-05-18,Sonoma,097,501317,479,387,0,387,4
2020-05-18,Stanislaus,099,539301,658,572,4,576,25
2020-05-18,Sutter,101,95872,43,38,0,38,2
2020-05-18,Tehama,103,63373,4,2,0,2,1
2020-05-18,Trinity,105,12862,3,1,0,1,0
2020-05-18,Tulare,107,460477,2072,1491,8,1499,63
2020-05-18,Tuolumne,109,53932,3,2,0,2,0
2020-05-18,Ventura,111,848112,1271,850,6,856,27
2020-05-18,Yolo,113,214977,194,183,0,183,22
2020-05-18,Yuba,115,75493,26,23,0,23,1
2020-05-17,Alameda,001,1643700,2893,2389,3,2392,83
2020-05-17,Alpine,003,1148,1,1,0,1,0
2020-05-17,Amador,005,37829,10,8,0,8,0
2020-05-17,Butte,007,227075,49,23,1,24,0
2020-05-17,Calaveras,009,45235,14,13,0,13,0
2020-05-17,Colusa,011,21464,3,3,0,3,0
2020-05-17,Contra Costa,013,1133247,1327,1155,1,1156,33
2020-05-17,Del Norte,015,27424,23,7,0,7,0
2020-05-17,El Dorado,017,186661,89,65,0,65,0
2020-05-17,Fresno,019,978130,2289,1213,33,1246,14
2020-05-17,Glenn,021,27897,13,9,0,9,0
2020-05-17,Humboldt,023,135768,94,70,0,70,0
2020-05-17,Imperial,025,180216,1749,715,4,719,14
2020-05-17,Inyo,027,18085,19,20,0,20,1
2020-05-17,Kern,029,883053,1975,1546,3,1549,26
2020-05-17,Kings,031,150075,504,356,2,358,2
2020-05-17,Lake,033,64148,13,7,0,7,0
2020-05-17,Lassen,035,31185,5,0,2,2,0
2020-05-17,Los Angeles,037,10098052,46806,37996,18,38014,1807
2020-05-17,Madera,039,155013,165,69,1,70,2
2020-05-17,Marin,041,260295,350,315,1,316,14
2020-05-17,Mariposa,043,17540,15,15,0,15,1
2020-05-17,Mendocino,045,87422,14,10,0,10,0
2020-05-17,Merced,047,269075,305,214,0,214,5
2020-05-17,Modoc,049,8938,0,0,0,0,0
2020-05-17,Mono,051,14174,36,32,0,32,1
2020-05-17,Monterey,053,433212,424,342,1,343,8
2020-05-17,Napa,055,140530,105,89,0,89,3
2020-05-17,Nevada,057,99092,42,41,1,42,1
2020-05-17,Orange,059,3164182,6598,4466,52,4518,88
2020-05-17,Placer,061,380077,197,175,0,175,8
2020-05-17,Plumas,063,18699,4,4,0,4,0
2020-05-17,Riverside,065,2383286,6857,5776,18,5794,245
2020-05-17,Sacramento,067,1510023,1302,1224,0,1224,56
2020-05-17,San Benito,069,59416,72,59,0,59,2
2020-05-17,San Bernardino,071,2135413,4529,3467,4,3471,155
2020-05-17,San Diego,073,3302833,6814,5838,0,5838,209
2020-05-17,San Francisco,075,870044,2345,2132,0,2132,36
2020-05-17,San Joaquin,077,732212,784,688,4,692,32
2020-05-17,San Luis Obispo,079,281455,321,242,3,245,1
2020-05-17,San Mateo,081,765935,1941,1680,3,1683,68
2020-05-17,Santa Barbara,083,443738,1578,1457,11,1468,10
2020-05-17,Santa Clara,085,1922200,3088,2453,10,2463,135
2020-05-17,Santa Cruz,087,273765,178,155,0,155,3
2020-05-17,Shasta,089,179085,49,34,0,34,4
2020-05-17,Sierra,091,2930,0,0,0,0,0
2020-05-17,Siskiyou,093,43540,7,6,0,6,0
2020-05-17,Solano,095,438530,484,392,0,392,4
2020-05-17,Sonoma,097,501317,458,376,0,376,4
2020-05-17,Stanislaus,099,539301,647,566,4,570,25
2020-05-17,Sutter,101,95872,42,38,0,38,2
2020-05-17,Tehama,103,63373,3,2,0,2,1
2020-05-17,Trinity,105,12862,2,1,0,1,0
2020-05-17,Tulare,107,460477,1996,1430,7,1437,63
2020-05-17,Tuolumne,109,53932,3,2,0,2,0
2020-05-17,Ventura,111,848112,1226,838,6,844,27
2020-05-17,Yolo,113,214977,192,182,0,182,22
2020-05-17,Yuba,115,75493,26,21,0,21,1
2020-05-16,Alameda,001,1643700,2843,2327,3,2330,83
2020-05-16,Alpine,003,1148,1,1,0,1,0
2020-05-16,Amador,005,37829,10,8,0,8,0
2020-05-16,Butte,007,227075,44,22,1,23,0
2020-05-16,Calaveras,009,45235,14,13,0,13,0
2020-05-16,Colusa,011,21464,3,3,0,3,0
2020-05-16,Contra Costa,013,1133247,1309,1136,1,1137,33
2020-05-16,Del Norte,015,27424,19,4,0,4,0
2020-05-16,El Dorado,017,186661,89,65,0,65,0
2020-05-16,Fresno,019,978130,2232,1177,33,1210,14
2020-05-16,Glenn,021,27897,13,9,0,9,0
2020-05-16,Humboldt,023,135768,92,69,0,69,0
2020-05-16,Imperial,025,180216,1685,712,4,716,14
2020-05-16,Inyo,027,18085,19,20,0,20,1
2020-05-16,Kern,029,883053,1939,1509,3,1512,26
2020-05-16,Kings,031,150075,494,356,2,358,2
2020-05-16,Lake,033,64148,13,7,0,7,0
2020-05-16,Lassen,035,31185,4,0,2,2,0
2020-05-16,Los Angeles,037,10098052,46229,37352,18,37370,1778
2020-05-16,Madera,039,155013,163,70,1,71,2
2020-05-16,Marin,041,260295,346,297,1,298,14
2020-05-16,Mariposa,043,17540,15,15,0,15,1
2020-05-16,Mendocino,045,87422,14,10,0,10,0
2020-05-16,Merced,047,269075,303,201,0,201,5
2020-05-16,Modoc,049,8938,0,0,0,0,0
2020-05-16,Mono,051,14174,36,32,0,32,1
2020-05-16,Monterey,053,433212,409,329,1,330,8
2020-05-16,Napa,055,140530,105,86,0,86,3
2020-05-16,Nevada,057,99092,42,41,1,42,1
2020-05-16,Orange,059,3164182,6522,4396,52,4448,87
2020-05-16,Placer,061,380077,195,174,0,174,8
2020-05-16,Plumas,063,18699,4,4,0,4,0
2020-05-16,Riverside,065,2383286,6772,5633,18,5651,243
2020-05-16,Sacramento,067,1510023,1295,1209,0,1209,55
2020-05-16,San Benito,069,59416,67,58,0,58,2
2020-05-16,San Bernardino,071,2135413,4457,3362,4,3366,155
2020-05-16,San Diego,073,3302833,6728,5664,0,5664,209
2020-05-16,San Francisco,075,870044,2322,2094,0,2094,36
2020-05-16,San Joaquin,077,732212,776,668,4,672,32
2020-05-16,San Luis Obispo,079,281455,320,240,3,243,1
2020-05-16,San Mateo,081,765935,1926,1652,3,1655,68
2020-05-16,Santa Barbara,083,443738,1567,1422,10,1432,10
2020-05-16,Santa Clara,085,1922200,3070,2420,10,2430,135
2020-05-16,Santa Cruz,087,273765,175,154,0,154,3
2020-05-16,Shasta,089,179085,49,33,0,33,4
2020-05-16,Sierra,091,2930,0,0,0,0,0
2020-05-16,Siskiyou,093,43540,7,6,0,6,0
2020-05-16,Solano,095,438530,479,392,0,392,4
2020-05-16,Sonoma,097,501317,445,356,0,356,4
2020-05-16,Stanislaus,099,539301,638,546,4,550,24
2020-05-16,Sutter,101,95872,42,35,0,35,2
2020-05-16,Tehama,103,63373,3,2,0,2,1
2020-05-16,Trinity,105,12862,2,1,0,1,0
2020-05-16,Tulare,107,460477,1978,1426,7,1433,63
2020-05-16,Tuolumne,109,53932,3,2,0,2,0
2020-05-16,Ventura,111,848112,1200,813,6,819,25
2020-05-16,Yolo,113,214977,191,181,0,181,22
2020-05-16,Yuba,115,75493,26,21,0,21,1
2020-05-15,Alameda,001,1643700,2809,2289,3,2292,83
2020-05-15,Alpine,003,1148,1,1,0,1,0
2020-05-15,Amador,005,37829,10,8,0,8,0
2020-05-15,Butte,007,227075,42,22,1,23,0
2020-05-15,Calaveras,009,45235,14,13,0,13,0
2020-05-15,Colusa,011,21464,3,3,0,3,0
2020-05-15,Contra Costa,013,1133247,1291,1106,1,1107,33
2020-05-15,Del Norte,015,27424,14,4,0,4,0
2020-05-15,El Dorado,017,186661,89,64,0,64,0
2020-05-15,Fresno,019,978130,2165,1126,33,1159,14
2020-05-15,Glenn,021,27897,13,9,0,9,0
2020-05-15,Humboldt,023,135768,91,60,0,60,0
2020-05-15,Imperial,025,180216,1601,680,0,680,14
2020-05-15,Inyo,027,18085,19,20,0,20,1
2020-05-15,Kern,029,883053,1883,1472,3,1475,25
2020-05-15,Kings,031,150075,491,347,2,349,2
2020-05-15,Lake,033,64148,13,7,0,7,0
2020-05-15,Lassen,035,31185,4,0,2,2,0
2020-05-15,Los Angeles,037,10098052,45443,36317,18,36335,1734
2020-05-15,Madera,039,155013,162,71,1,72,2
2020-05-15,Marin,041,260295,338,295,1,296,14
2020-05-15,Mariposa,043,17540,15,15,0,15,1
2020-05-15,Mendocino,045,87422,14,10,0,10,0
2020-05-15,Merced,047,269075,300,191,0,191,5
2020-05-15,Modoc,049,8938,0,0,0,0,0
2020-05-15,Mono,051,14174,36,31,0,31,1
2020-05-15,Monterey,053,433212,403,321,1,322,8
2020-05-15,Napa,055,140530,105,83,0,83,3
2020-05-15,Nevada,057,99092,42,41,1,42,1
2020-05-15,Orange,059,3164182,6349,4281,52,4333,87
2020-05-15,Placer,061,380077,193,174,0,174,8
2020-05-15,Plumas,063,18699,4,4,0,4,0
2020-05-15,Riverside,065,2383286,6658,5496,18,5514,233
2020-05-15,Sacramento,067,1510023,1285,1203,0,1203,55
2020-05-15,San Benito,069,59416,64,57,0,57,2
2020-05-15,San Bernardino,071,2135413,4379,3225,4,3229,153
2020-05-15,San Diego,073,3302833,6621,5525,0,5525,208
2020-05-15,San Francisco,075,870044,2306,2062,0,2062,36
2020-05-15,San Joaquin,077,732212,770,656,4,660,32
2020-05-15,San Luis Obispo,079,281455,318,237,3,240,1
2020-05-15,San Mateo,081,765935,1904,1612,3,1615,68
2020-05-15,Santa Barbara,083,443738,1558,1409,9,1418,10
2020-05-15,Santa Clara,085,1922200,3027,2395,9,2404,135
2020-05-15,Santa Cruz,087,273765,174,146,0,146,3
2020-05-15,Shasta,089,179085,48,33,0,33,4
2020-05-15,Sierra,091,2930,0,0,0,0,0
2020-05-15,Siskiyou,093,43540,6,5,0,5,0
2020-05-15,Solano,095,438530,475,388,0,388,4
2020-05-15,Sonoma,097,501317,437,349,0,349,4
2020-05-15,Stanislaus,099,539301,631,540,4,544,23
2020-05-15,Sutter,101,95872,41,35,0,35,2
2020-05-15,Tehama,103,63373,3,1,0,1,1
2020-05-15,Trinity,105,12862,2,1,0,1,0
2020-05-15,Tulare,107,460477,1950,1356,7,1363,61
2020-05-15,Tuolumne,109,53932,3,2,0,2,0
2020-05-15,Ventura,111,848112,1182,789,5,794,25
2020-05-15,Yolo,113,214977,190,182,0,182,22
2020-05-15,Yuba,115,75493,26,21,0,21,1
2020-05-14,Alameda,001,1643700,2716,2255,3,2258,80
2020-05-14,Alpine,003,1148,1,1,0,1,0
2020-05-14,Amador,005,37829,10,8,0,8,0
2020-05-14,Butte,007,227075,40,22,1,23,0
2020-05-14,Calaveras,009,45235,14,13,0,13,0
2020-05-14,Colusa,011,21464,3,3,0,3,0
2020-05-14,Contra Costa,013,1133247,1265,1090,1,1091,32
2020-05-14,Del Norte,015,27424,14,4,0,4,0
2020-05-14,El Dorado,017,186661,80,59,0,59,0
2020-05-14,Fresno,019,978130,2105,1038,29,1067,12
2020-05-14,Glenn,021,27897,12,8,0,8,0
2020-05-14,Humboldt,023,135768,89,59,0,59,0
2020-05-14,Imperial,025,180216,1484,652,0,652,13
2020-05-14,Inyo,027,18085,19,20,0,20,1
2020-05-14,Kern,029,883053,1841,1430,3,1433,21
2020-05-14,Kings,031,150075,475,342,2,344,1
2020-05-14,Lake,033,64148,13,7,0,7,0
2020-05-14,Lassen,035,31185,4,0,2,2,0
2020-05-14,Los Angeles,037,10098052,44268,35427,18,35445,1693
2020-05-14,Madera,039,155013,153,69,1,70,2
2020-05-14,Marin,041,260295,320,283,1,284,14
2020-05-14,Mariposa,043,17540,15,15,0,15,0
2020-05-14,Mendocino,045,87422,13,10,0,10,0
2020-05-14,Merced,047,269075,290,182,0,182,3
2020-05-14,Modoc,049,8938,0,0,0,0,0
2020-05-14,Mono,051,14174,36,31,0,31,1
2020-05-14,Monterey,053,433212,393,317,1,318,7
2020-05-14,Napa,055,140530,103,83,0,83,3
2020-05-14,Nevada,057,99092,41,41,1,42,1
2020-05-14,Orange,059,3164182,6173,4163,50,4213,83
2020-05-14,Placer,061,380077,193,172,0,172,8
2020-05-14,Plumas,063,18699,4,4,0,4,0
2020-05-14,Riverside,065,2383286,6474,5339,18,5357,224
2020-05-14,Sacramento,067,1510023,1273,1181,0,1181,55
2020-05-14,San Benito,069,59416,62,56,0,56,2
2020-05-14,San Bernardino,071,2135413,4200,3149,4,3153,149
2020-05-14,San Diego,073,3302833,6486,5393,0,5393,200
2020-05-14,San Francisco,075,870044,2273,2029,0,2029,36
2020-05-14,San Joaquin,077,732212,755,643,4,647,31
2020-05-14,San Luis Obispo,079,281455,315,236,3,239,1
2020-05-14,San Mateo,081,765935,1872,1588,3,1591,67
2020-05-14,Santa Barbara,083,443738,1546,1395,9,1404,11
2020-05-14,Santa Clara,085,1922200,3004,2380,9,2389,134
2020-05-14,Santa Cruz,087,273765,172,145,0,145,3
2020-05-14,Shasta,089,179085,48,33,0,33,4
2020-05-14,Sierra,091,2930,0,0,0,0,0
2020-05-14,Siskiyou,093,43540,6,5,0,5,0
2020-05-14,Solano,095,438530,466,372,0,372,4
2020-05-14,Sonoma,097,501317,420,333,0,333,4
2020-05-14,Stanislaus,099,539301,612,533,4,537,23
2020-05-14,Sutter,101,95872,41,34,0,34,2
2020-05-14,Tehama,103,63373,3,1,0,1,1
2020-05-14,Trinity,105,12862,2,1,0,1,0
2020-05-14,Tulare,107,460477,1911,1317,7,1324,55
2020-05-14,Tuolumne,109,53932,3,2,0,2,0
2020-05-14,Ventura,111,848112,1151,760,5,765,25
2020-05-14,Yolo,113,214977,190,180,0,180,22
2020-05-14,Yuba,115,75493,26,21,0,21,1
2020-05-13,Alameda,001,1643700,2658,2181,3,2184,78
2020-05-13,Alpine,003,1148,1,1,0,1,0
2020-05-13,Amador,005,37829,10,8,0,8,0
2020-05-13,Butte,007,227075,40,21,1,22,0
2020-05-13,Calaveras,009,45235,14,13,0,13,0
2020-05-13,Colusa,011,21464,3,3,0,3,0
2020-05-13,Contra Costa,013,1133247,1243,1082,1,1083,32
2020-05-13,Del Norte,015,27424,13,4,0,4,0
2020-05-13,El Dorado,017,186661,79,58,0,58,0
2020-05-13,Fresno,019,978130,2009,993,29,1022,10
2020-05-13,Glenn,021,27897,11,6,0,6,0
2020-05-13,Humboldt,023,135768,83,58,0,58,0
2020-05-13,Imperial,025,180216,1414,610,0,610,11
2020-05-13,Inyo,027,18085,19,20,0,20,1
2020-05-13,Kern,029,883053,1795,1390,3,1393,19
2020-05-13,Kings,031,150075,461,314,2,316,1
2020-05-13,Lake,033,64148,13,7,0,7,0
2020-05-13,Lassen,035,31185,4,0,2,2,0
2020-05-13,Los Angeles,037,10098052,42962,34574,18,34592,1643
2020-05-13,Madera,039,155013,144,69,1,70,2
2020-05-13,Marin,041,260295,307,278,1,279,14
2020-05-13,Mariposa,043,17540,15,15,0,15,0
2020-05-13,Mendocino,045,87422,13,10,0,10,0
2020-05-13,Merced,047,269075,287,176,0,176,3
2020-05-13,Modoc,049,8938,0,0,0,0,0
2020-05-13,Mono,051,14174,35,31,0,31,1
2020-05-13,Monterey,053,433212,383,309,1,310,6
2020-05-13,Napa,055,140530,103,81,0,81,3
2020-05-13,Nevada,057,99092,41,41,1,42,1
2020-05-13,Orange,059,3164182,5927,4025,48,4073,79
2020-05-13,Placer,061,380077,192,170,0,170,8
2020-05-13,Plumas,063,18699,4,4,0,4,0
2020-05-13,Riverside,065,2383286,6351,5204,18,5222,216
2020-05-13,Sacramento,067,1510023,1258,1173,0,1173,53
2020-05-13,San Benito,069,59416,62,55,0,55,2
2020-05-13,San Bernardino,071,2135413,3944,3064,3,3067,140
2020-05-13,San Diego,073,3302833,6350,5280,0,5280,194
2020-05-13,San Francisco,075,870044,2245,2004,0,2004,35
2020-05-13,San Joaquin,077,732212,734,639,3,642,31
2020-05-13,San Luis Obispo,079,281455,313,231,3,234,1
2020-05-13,San Mateo,081,765935,1840,1550,3,1553,66
2020-05-13,Santa Barbara,083,443738,1535,1382,9,1391,10
2020-05-13,Santa Clara,085,1922200,2984,2370,9,2379,132
2020-05-13,Santa Cruz,087,273765,168,142,0,142,2
2020-05-13,Shasta,089,179085,48,32,0,32,4
2020-05-13,Sierra,091,2930,0,0,0,0,0
2020-05-13,Siskiyou,093,43540,6,5,0,5,0
2020-05-13,Solano,095,438530,453,368,0,368,4
2020-05-13,Sonoma,097,501317,410,330,0,330,4
2020-05-13,Stanislaus,099,539301,603,521,4,525,15
2020-05-13,Sutter,101,95872,41,33,0,33,2
2020-05-13,Tehama,103,63373,3,1,0,1,1
2020-05-13,Trinity,105,12862,2,2,0,2,0
2020-05-13,Tulare,107,460477,1878,1283,7,1290,54
2020-05-13,Tuolumne,109,53932,3,2,0,2,0
2020-05-13,Ventura,111,848112,1120,742,5,747,25
2020-05-13,Yolo,113,214977,188,178,0,178,22
2020-05-13,Yuba,115,75493,24,19,0,19,1
2020-05-12,Alameda,001,1643700,2593,2146,3,2149,74
2020-05-12,Alpine,003,1148,1,1,0,1,0
2020-05-12,Amador,005,37829,10,8,0,8,0
2020-05-12,Butte,007,227075,38,20,1,21,0
2020-05-12,Calaveras,009,45235,13,13,0,13,0
2020-05-12,Colusa,011,21464,3,3,0,3,0
2020-05-12,Contra Costa,013,1133247,1212,1067,1,1068,32
2020-05-12,Del Norte,015,27424,10,3,0,3,0
2020-05-12,El Dorado,017,186661,76,56,0,56,0
2020-05-12,Fresno,019,978130,1925,978,27,1005,9
2020-05-12,Glenn,021,27897,10,6,0,6,0
2020-05-12,Humboldt,023,135768,80,58,0,58,0
2020-05-12,Imperial,025,180216,1283,602,0,602,9
2020-05-12,Inyo,027,18085,19,20,0,20,1
2020-05-12,Kern,029,883053,1754,1363,3,1366,18
2020-05-12,Kings,031,150075,440,302,2,304,1
2020-05-12,Lake,033,64148,13,7,0,7,0
2020-05-12,Lassen,035,31185,4,0,2,2,0
2020-05-12,Los Angeles,037,10098052,41968,33281,17,33298,1601
2020-05-12,Madera,039,155013,138,69,1,70,2
2020-05-12,Marin,041,260295,302,274,1,275,14
2020-05-12,Mariposa,043,17540,15,15,0,15,0
2020-05-12,Mendocino,045,87422,13,10,0,10,0
2020-05-12,Merced,047,269075,276,175,0,175,3
2020-05-12,Modoc,049,8938,0,0,0,0,0
2020-05-12,Mono,051,14174,35,31,0,31,1
2020-05-12,Monterey,053,433212,376,298,1,299,6
2020-05-12,Napa,055,140530,101,80,0,80,3
2020-05-12,Nevada,057,99092,41,41,1,42,1
2020-05-12,Orange,059,3164182,5744,3843,46,3889,78
2020-05-12,Placer,061,380077,191,170,0,170,8
2020-05-12,Plumas,063,18699,4,4,0,4,0
2020-05-12,Riverside,065,2383286,6229,5134,18,5152,210
2020-05-12,Sacramento,067,1510023,1238,1166,0,1166,52
2020-05-12,San Benito,069,59416,62,55,0,55,2
2020-05-12,San Bernardino,071,2135413,3792,2997,3,3000,131
2020-05-12,San Diego,073,3302833,6206,3,0,3,0
2020-05-12,San Francisco,075,870044,2210,1981,0,1981,35
2020-05-12,San Joaquin,077,732212,719,625,3,628,30
2020-05-12,San Luis Obispo,079,281455,310,226,3,229,1
2020-05-12,San Mateo,081,765935,1814,1533,3,1536,66
2020-05-12,Santa Barbara,083,443738,1504,1377,9,1386,10
2020-05-12,Santa Clara,085,1922200,2954,2362,9,2371,131
2020-05-12,Santa Cruz,087,273765,166,141,0,141,2
2020-05-12,Shasta,089,179085,47,33,0,33,4
2020-05-12,Sierra,091,2930,0,0,0,0,0
2020-05-12,Siskiyou,093,43540,6,5,0,5,0
2020-05-12,Solano,095,438530,445,361,0,361,4
2020-05-12,Sonoma,097,501317,387,308,0,308,4
2020-05-12,Stanislaus,099,539301,596,515,4,519,15
2020-05-12,Sutter,101,95872,41,33,0,33,2
2020-05-12,Tehama,103,63373,3,1,0,1,1
2020-05-12,Trinity,105,12862,2,1,0,1,0
2020-05-12,Tulare,107,460477,1846,1261,7,1268,52
2020-05-12,Tuolumne,109,53932,3,2,0,2,0
2020-05-12,Ventura,111,848112,1064,718,5,723,20
2020-05-12,Yolo,113,214977,187,176,0,176,22
2020-05-12,Yuba,115,75493,24,19,0,19,1
2020-05-11,Alameda,001,1643700,2543,2103,3,2106,71
2020-05-11,Alpine,003,1148,1,1,0,1,0
2020-05-11,Amador,005,37829,10,8,0,8,0
2020-05-11,Butte,007,227075,37,19,1,20,0
2020-05-11,Calaveras,009,45235,13,13,0,13,0
2020-05-11,Colusa,011,21464,3,3,0,3,0
2020-05-11,Contra Costa,013,1133247,1198,1052,1,1053,32
2020-05-11,Del Norte,015,27424,8,3,0,3,0
2020-05-11,El Dorado,017,186661,76,55,0,55,0
2020-05-11,Fresno,019,978130,1834,937,26,963,8
2020-05-11,Glenn,021,27897,10,6,0,6,0
2020-05-11,Humboldt,023,135768,77,56,0,56,0
2020-05-11,Imperial,025,180216,1177,562,0,562,9
2020-05-11,Inyo,027,18085,19,20,0,20,1
2020-05-11,Kern,029,883053,1702,1331,3,1334,17
2020-05-11,Kings,031,150075,417,289,1,290,1
2020-05-11,Lake,033,64148,12,7,0,7,0
2020-05-11,Lassen,035,31185,4,0,2,2,0
2020-05-11,Los Angeles,037,10098052,40789,32279,17,32296,1553
2020-05-11,Madera,039,155013,129,68,1,69,2
2020-05-11,Marin,041,260295,293,271,1,272,14
2020-05-11,Mariposa,043,17540,15,15,0,15,0
2020-05-11,Mendocino,045,87422,13,10,0,10,0
2020-05-11,Merced,047,269075,261,158,0,158,3
2020-05-11,Modoc,049,8938,0,0,0,0,0
2020-05-11,Mono,051,14174,35,30,0,30,1
2020-05-11,Monterey,053,433212,373,286,1,287,6
2020-05-11,Napa,055,140530,95,79,0,79,2
2020-05-11,Nevada,057,99092,41,41,1,42,1
2020-05-11,Orange,059,3164182,5529,3699,39,3738,77
2020-05-11,Placer,061,380077,191,170,0,170,8
2020-05-11,Plumas,063,18699,4,4,0,4,0
2020-05-11,Riverside,065,2383286,6071,5082,17,5099,203
2020-05-11,Sacramento,067,1510023,1223,1160,0,1160,52
2020-05-11,San Benito,069,59416,60,52,0,52,2
2020-05-11,San Bernardino,071,2135413,3682,2945,3,2948,124
2020-05-11,San Diego,073,3302833,6053,5067,0,5067,175
2020-05-11,San Francisco,075,870044,2163,1974,0,1974,35
2020-05-11,San Joaquin,077,732212,709,620,3,623,30
2020-05-11,San Luis Obispo,079,281455,308,224,3,227,1
2020-05-11,San Mateo,081,765935,1788,1499,2,1501,66
2020-05-11,Santa Barbara,083,443738,1493,1372,8,1380,10
2020-05-11,Santa Clara,085,1922200,2937,2340,9,2349,129
2020-05-11,Santa Cruz,087,273765,163,140,0,140,2
2020-05-11,Shasta,089,179085,47,31,0,31,4
2020-05-11,Sierra,091,2930,0,0,0,0,0
2020-05-11,Siskiyou,093,43540,6,5,0,5,0
2020-05-11,Solano,095,438530,440,354,0,354,4
2020-05-11,Sonoma,097,501317,377,303,0,303,3
2020-05-11,Stanislaus,099,539301,586,507,4,511,14
2020-05-11,Sutter,101,95872,40,32,0,32,2
2020-05-11,Tehama,103,63373,3,1,0,1,1
2020-05-11,Trinity,105,12862,2,1,0,1,0
2020-05-11,Tulare,107,460477,1797,1203,7,1210,49
2020-05-11,Tuolumne,109,53932,3,2,0,2,0
2020-05-11,Ventura,111,848112,1003,698,4,702,19
2020-05-11,Yolo,113,214977,187,174,0,174,20
2020-05-11,Yuba,115,75493,24,18,0,18,1
2020-05-10,Alameda,001,1643700,2466,2047,3,2050,71
2020-05-10,Alpine,003,1148,1,1,0,1,0
2020-05-10,Amador,005,37829,10,8,0,8,0
2020-05-10,Butte,007,227075,32,18,1,19,0
2020-05-10,Calaveras,009,45235,13,13,0,13,0
2020-05-10,Colusa,011,21464,3,3,0,3,0
2020-05-10,Contra Costa,013,1133247,1184,1046,0,1046,31
2020-05-10,Del Norte,015,27424,7,3,0,3,0
2020-05-10,El Dorado,017,186661,76,55,0,55,0
2020-05-10,Fresno,019,978130,1749,894,26,920,8
2020-05-10,Glenn,021,27897,10,6,0,6,0
2020-05-10,Humboldt,023,135768,73,56,0,56,0
2020-05-10,Imperial,025,180216,1082,509,0,509,7
2020-05-10,Inyo,027,18085,19,20,0,20,1
2020-05-10,Kern,029,883053,1651,1300,2,1302,16
2020-05-10,Kings,031,150075,404,266,1,267,1
2020-05-10,Lake,033,64148,12,7,0,7,0
2020-05-10,Lassen,035,31185,4,0,2,2,0
2020-05-10,Los Angeles,037,10098052,39530,31711,17,31728,1514
2020-05-10,Madera,039,155013,127,65,1,66,2
2020-05-10,Marin,041,260295,285,267,1,268,14
2020-05-10,Mariposa,043,17540,15,15,0,15,0
2020-05-10,Mendocino,045,87422,12,10,0,10,0
2020-05-10,Merced,047,269075,246,154,0,154,3
2020-05-10,Modoc,049,8938,0,0,0,0,0
2020-05-10,Mono,051,14174,35,27,0,27,1
2020-05-10,Monterey,053,433212,359,282,1,283,6
2020-05-10,Napa,055,140530,89,79,0,79,2
2020-05-10,Nevada,057,99092,41,41,1,42,1
2020-05-10,Orange,059,3164182,5386,3627,39,3666,76
2020-05-10,Placer,061,380077,190,168,0,168,8
2020-05-10,Plumas,063,18699,4,4,0,4,0
2020-05-10,Riverside,065,2383286,5949,4951,17,4968,193
2020-05-10,Sacramento,067,1510023,1207,1152,0,1152,52
2020-05-10,San Benito,069,59416,60,52,0,52,2
2020-05-10,San Bernardino,071,2135413,3584,2910,3,2913,121
2020-05-10,San Diego,073,3302833,5901,4928,0,4928,175
2020-05-10,San Francisco,075,870044,2145,1953,0,1953,35
2020-05-10,San Joaquin,077,732212,694,611,3,614,29
2020-05-10,San Luis Obispo,079,281455,305,218,3,221,1
2020-05-10,San Mateo,081,765935,1766,1463,2,1465,65
2020-05-10,Santa Barbara,083,443738,1482,1323,8,1331,10
2020-05-10,Santa Clara,085,1922200,2910,2331,9,2340,129
2020-05-10,Santa Cruz,087,273765,162,139,0,139,2
2020-05-10,Shasta,089,179085,47,31,0,31,4
2020-05-10,Sierra,091,2930,0,0,0,0,0
2020-05-10,Siskiyou,093,43540,5,5,0,5,0
2020-05-10,Solano,095,438530,430,322,0,322,4
2020-05-10,Sonoma,097,501317,367,290,0,290,3
2020-05-10,Stanislaus,099,539301,579,498,4,502,14
2020-05-10,Sutter,101,95872,37,31,0,31,2
2020-05-10,Tehama,103,63373,3,1,0,1,1
2020-05-10,Trinity,105,12862,2,1,0,1,0
2020-05-10,Tulare,107,460477,1726,1143,7,1150,47
2020-05-10,Tuolumne,109,53932,3,2,0,2,0
2020-05-10,Ventura,111,848112,945,690,2,692,19
2020-05-10,Yolo,113,214977,187,173,0,173,20
2020-05-10,Yuba,115,75493,23,17,0,17,1
2020-05-09,Alameda,001,1643700,2423,2011,3,2014,71
2020-05-09,Alpine,003,1148,1,1,0,1,0
2020-05-09,Amador,005,37829,9,8,0,8,0
2020-05-09,Butte,007,227075,31,18,1,19,0
2020-05-09,Calaveras,009,45235,13,13,0,13,0
2020-05-09,Colusa,011,21464,3,3,0,3,0
2020-05-09,Contra Costa,013,1133247,1170,1039,0,1039,31
2020-05-09,Del Norte,015,27424,7,3,0,3,0
2020-05-09,El Dorado,017,186661,73,54,0,54,0
2020-05-09,Fresno,019,978130,1711,861,25,886,8
2020-05-09,Glenn,021,27897,9,6,0,6,0
2020-05-09,Humboldt,023,135768,71,55,0,55,0
2020-05-09,Imperial,025,180216,1026,474,0,474,7
2020-05-09,Inyo,027,18085,19,20,0,20,1
2020-05-09,Kern,029,883053,1615,1262,1,1263,15
2020-05-09,Kings,031,150075,399,264,1,265,1
2020-05-09,Lake,033,64148,12,7,0,7,0
2020-05-09,Lassen,035,31185,4,0,2,2,0
2020-05-09,Los Angeles,037,10098052,38908,31268,17,31285,1499
2020-05-09,Madera,039,155013,126,61,1,62,2
2020-05-09,Marin,041,260295,284,261,1,262,14
2020-05-09,Mariposa,043,17540,15,15,0,15,0
2020-05-09,Mendocino,045,87422,12,10,0,10,0
2020-05-09,Merced,047,269075,242,153,0,153,3
2020-05-09,Modoc,049,8938,0,0,0,0,0
2020-05-09,Mono,051,14174,35,27,0,27,1
2020-05-09,Monterey,053,433212,352,273,1,274,6
2020-05-09,Napa,055,140530,88,78,0,78,2
2020-05-09,Nevada,057,99092,41,41,1,42,1
2020-05-09,Orange,059,3164182,5304,3506,38,3544,75
2020-05-09,Placer,061,380077,189,168,0,168,8
2020-05-09,Plumas,063,18699,4,4,0,4,0
2020-05-09,Riverside,065,2383286,5854,4871,17,4888,183
2020-05-09,Sacramento,067,1510023,1203,1150,0,1150,52
2020-05-09,San Benito,069,59416,59,52,0,52,2
2020-05-09,San Bernardino,071,2135413,3528,2825,3,2828,121
2020-05-09,San Diego,073,3302833,5789,4778,0,4778,175
2020-05-09,San Francisco,075,870044,2130,1944,0,1944,34
2020-05-09,San Joaquin,077,732212,685,605,3,608,28
2020-05-09,San Luis Obispo,079,281455,301,213,3,216,1
2020-05-09,San Mateo,081,765935,1747,1453,2,1455,65
2020-05-09,Santa Barbara,083,443738,1474,1245,8,1253,10
2020-05-09,Santa Clara,085,1922200,2896,2317,9,2326,128
2020-05-09,Santa Cruz,087,273765,161,138,0,138,2
2020-05-09,Shasta,089,179085,47,31,0,31,4
2020-05-09,Sierra,091,2930,0,0,0,0,0
2020-05-09,Siskiyou,093,43540,5,5,0,5,0
2020-05-09,Solano,095,438530,424,321,0,321,4
2020-05-09,Sonoma,097,501317,363,288,0,288,3
2020-05-09,Stanislaus,099,539301,571,491,4,495,12
2020-05-09,Sutter,101,95872,37,31,0,31,2
2020-05-09,Tehama,103,63373,2,1,0,1,1
2020-05-09,Trinity,105,12862,2,1,0,1,0
2020-05-09,Tulare,107,460477,1698,1083,7,1090,47
2020-05-09,Tuolumne,109,53932,3,2,0,2,0
2020-05-09,Ventura,111,848112,924,679,2,681,19
2020-05-09,Yolo,113,214977,187,172,0,172,18
2020-05-09,Yuba,115,75493,23,17,0,17,1
2020-05-08,Alameda,001,1643700,2380,1955,3,1958,70
2020-05-08,Alpine,003,1148,1,1,0,1,0
2020-05-08,Amador,005,37829,9,8,0,8,0
2020-05-08,Butte,007,227075,31,18,1,19,0
2020-05-08,Calaveras,009,45235,13,13,0,13,0
2020-05-08,Colusa,011,21464,3,3,0,3,0
2020-05-08,Contra Costa,013,1133247,1158,1024,0,1024,29
2020-05-08,Del Norte,015,27424,7,3,0,3,0
2020-05-08,El Dorado,017,186661,72,54,0,54,0
2020-05-08,Fresno,019,978130,1669,838,23,861,8
2020-05-08,Glenn,021,27897,8,6,0,6,0
2020-05-08,Humboldt,023,135768,68,54,0,54,0
2020-05-08,Imperial,025,180216,981,467,0,467,7
2020-05-08,Inyo,027,18085,19,20,0,20,1
2020-05-08,Kern,029,883053,1584,1214,1,1215,13
2020-05-08,Kings,031,150075,390,236,1,237,1
2020-05-08,Lake,033,64148,12,7,0,7,0
2020-05-08,Lassen,035,31185,4,0,2,2,0
2020-05-08,Los Angeles,037,10098052,38175,30357,17,30374,1447
2020-05-08,Madera,039,155013,123,57,1,58,2
2020-05-08,Marin,041,260295,284,257,1,258,14
2020-05-08,Mariposa,043,17540,15,15,0,15,0
2020-05-08,Mendocino,045,87422,12,10,0,10,0
2020-05-08,Merced,047,269075,241,151,0,151,3
2020-05-08,Modoc,049,8938,0,0,0,0,0
2020-05-08,Mono,051,14174,32,27,0,27,1
2020-05-08,Monterey,053,433212,344,265,1,266,6
2020-05-08,Napa,055,140530,87,78,0,78,2
2020-05-08,Nevada,057,99092,41,41,1,42,1
2020-05-08,Orange,059,3164182,5158,3395,38,3433,72
2020-05-08,Placer,061,380077,187,166,0,166,8
2020-05-08,Plumas,063,18699,4,4,0,4,0
2020-05-08,Riverside,065,2383286,5754,4672,16,4688,181
2020-05-08,Sacramento,067,1510023,1198,1145,0,1145,51
2020-05-08,San Benito,069,59416,59,51,0,51,2
2020-05-08,San Bernardino,071,2135413,3480,2631,3,2634,119
2020-05-08,San Diego,073,3302833,5682,4664,0,4664,169
2020-05-08,San Francisco,075,870044,2112,1890,0,1890,33
2020-05-08,San Joaquin,077,732212,678,595,3,598,28
2020-05-08,San Luis Obispo,079,281455,298,210,3,213,1
2020-05-08,San Mateo,081,765935,1662,1423,2,1425,62
2020-05-08,Santa Barbara,083,443738,1465,1054,6,1060,8
2020-05-08,Santa Clara,085,1922200,2873,2285,9,2294,128
2020-05-08,Santa Cruz,087,273765,157,137,0,137,2
2020-05-08,Shasta,089,179085,47,31,0,31,4
2020-05-08,Sierra,091,2930,0,0,0,0,0
2020-05-08,Siskiyou,093,43540,5,5,0,5,0
2020-05-08,Solano,095,438530,419,314,0,314,4
2020-05-08,Sonoma,097,501317,358,285,0,285,3
2020-05-08,Stanislaus,099,539301,557,487,4,491,12
2020-05-08,Sutter,101,95872,37,30,0,30,2
2020-05-08,Tehama,103,63373,2,1,0,1,1
2020-05-08,Trinity,105,12862,2,0,0,0,0
2020-05-08,Tulare,107,460477,1653,1050,6,1056,43
2020-05-08,Tuolumne,109,53932,3,2,0,2,0
2020-05-08,Ventura,111,848112,906,665,2,667,19
2020-05-08,Yolo,113,214977,186,172,0,172,18
2020-05-08,Yuba,115,75493,22,16,0,16,1
2020-05-07,Alameda,001,1643700,2320,1914,3,1917,68
2020-05-07,Alpine,003,1148,1,1,0,1,0
2020-05-07,Amador,005,37829,9,8,0,8,0
2020-05-07,Butte,007,227075,31,19,1,20,0
2020-05-07,Calaveras,009,45235,13,13,0,13,0
2020-05-07,Colusa,011,21464,3,3,0,3,0
2020-05-07,Contra Costa,013,1133247,1144,1005,0,1005,29
2020-05-07,Del Norte,015,27424,6,3,0,3,0
2020-05-07,El Dorado,017,186661,71,54,0,54,0
2020-05-07,Fresno,019,978130,1583,812,22,834,8
2020-05-07,Glenn,021,27897,8,5,0,5,0
2020-05-07,Humboldt,023,135768,67,54,0,54,0
2020-05-07,Imperial,025,180216,918,442,0,442,6
2020-05-07,Inyo,027,18085,19,20,0,20,1
2020-05-07,Kern,029,883053,1540,1176,1,1177,13
2020-05-07,Kings,031,150075,367,219,1,220,1
2020-05-07,Lake,033,64148,11,7,0,7,0
2020-05-07,Lassen,035,31185,4,0,2,2,0
2020-05-07,Los Angeles,037,10098052,37055,29544,17,29561,1399
2020-05-07,Madera,039,155013,119,54,1,55,2
2020-05-07,Marin,041,260295,277,252,1,253,14
2020-05-07,Mariposa,043,17540,15,15,0,15,0
2020-05-07,Mendocino,045,87422,12,10,0,10,0
2020-05-07,Merced,047,269075,233,146,0,146,3
2020-05-07,Modoc,049,8938,0,0,0,0,0
2020-05-07,Mono,051,14174,32,26,0,26,1
2020-05-07,Monterey,053,433212,336,249,1,250,6
2020-05-07,Napa,055,140530,87,78,0,78,2
2020-05-07,Nevada,057,99092,41,41,1,42,1
2020-05-07,Orange,059,3164182,4973,3283,37,3320,69
2020-05-07,Placer,061,380077,187,165,0,165,8
2020-05-07,Plumas,063,18699,4,4,0,4,0
2020-05-07,Riverside,065,2383286,5638,4608,16,4624,170
2020-05-07,Sacramento,067,1510023,1192,1139,0,1139,50
2020-05-07,San Benito,069,59416,59,50,0,50,2
2020-05-07,San Bernardino,071,2135413,3388,2522,3,2525,115
2020-05-07,San Diego,073,3302833,5525,4431,0,4431,165
2020-05-07,San Francisco,075,870044,2081,1852,0,1852,33
2020-05-07,San Joaquin,077,732212,665,583,3,586,28
2020-05-07,San Luis Obispo,079,281455,287,209,3,212,1
2020-05-07,San Mateo,081,765935,1640,1398,2,1400,58
2020-05-07,Santa Barbara,083,443738,1437,720,5,725,8
2020-05-07,Santa Clara,085,1922200,2835,2281,9,2290,127
2020-05-07,Santa Cruz,087,273765,154,136,0,136,2
2020-05-07,Shasta,089,179085,46,31,0,31,4
2020-05-07,Sierra,091,2930,0,0,0,0,0
2020-05-07,Siskiyou,093,43540,5,5,0,5,0
2020-05-07,Solano,095,438530,413,307,0,307,4
2020-05-07,Sonoma,097,501317,346,282,0,282,3
2020-05-07,Stanislaus,099,539301,548,466,4,470,10
2020-05-07,Sutter,101,95872,37,29,0,29,2
2020-05-07,Tehama,103,63373,2,1,0,1,1
2020-05-07,Trinity,105,12862,2,0,0,0,0
2020-05-07,Tulare,107,460477,1585,1001,6,1007,41
2020-05-07,Tuolumne,109,53932,3,2,0,2,0
2020-05-07,Ventura,111,848112,882,647,1,648,19
2020-05-07,Yolo,113,214977,185,172,0,172,18
2020-05-07,Yuba,115,75493,22,16,0,16,1
2020-05-06,Alameda,001,1643700,2282,1864,3,1867,67
2020-05-06,Alpine,003,1148,1,1,0,1,0
2020-05-06,Amador,005,37829,9,8,0,8,0
2020-05-06,Butte,007,227075,30,19,1,20,0
2020-05-06,Calaveras,009,45235,13,13,0,13,0
2020-05-06,Colusa,011,21464,3,3,0,3,0
2020-05-06,Contra Costa,013,1133247,1123,990,0,990,29
2020-05-06,Del Norte,015,27424,6,3,0,3,0
2020-05-06,El Dorado,017,186661,69,53,0,53,0
2020-05-06,Fresno,019,978130,1520,773,20,793,8
2020-05-06,Glenn,021,27897,8,3,0,3,0
2020-05-06,Humboldt,023,135768,66,54,0,54,0
2020-05-06,Imperial,025,180216,850,399,0,399,6
2020-05-06,Inyo,027,18085,19,20,0,20,1
2020-05-06,Kern,029,883053,1484,1112,1,1113,12
2020-05-06,Kings,031,150075,349,208,1,209,1
2020-05-06,Lake,033,64148,11,7,0,7,0
2020-05-06,Lassen,035,31185,4,0,2,2,0
2020-05-06,Los Angeles,037,10098052,36050,28687,17,28704,1347
2020-05-06,Madera,039,155013,117,55,1,56,2
2020-05-06,Marin,041,260295,270,244,1,245,14
2020-05-06,Mariposa,043,17540,15,14,0,14,0
2020-05-06,Mendocino,045,87422,12,10,0,10,0
2020-05-06,Merced,047,269075,226,140,0,140,3
2020-05-06,Modoc,049,8938,0,0,0,0,0
2020-05-06,Mono,051,14174,32,26,0,26,1
2020-05-06,Monterey,053,433212,328,246,1,247,6
2020-05-06,Napa,055,140530,86,78,0,78,2
2020-05-06,Nevada,057,99092,41,41,1,42,1
2020-05-06,Orange,059,3164182,4789,3156,36,3192,66
2020-05-06,Placer,061,380077,184,164,0,164,8
2020-05-06,Plumas,063,18699,4,4,0,4,0
2020-05-06,Riverside,065,2383286,5494,4535,16,4551,163
2020-05-06,Sacramento,067,1510023,1186,1135,0,1135,49
2020-05-06,San Benito,069,59416,58,50,0,50,2
2020-05-06,San Bernardino,071,2135413,3266,2426,2,2428,110
2020-05-06,San Diego,073,3302833,5392,4321,0,4321,158
2020-05-06,San Francisco,075,870044,2056,1804,0,1804,32
2020-05-06,San Joaquin,077,732212,652,581,3,584,28
2020-05-06,San Luis Obispo,079,281455,284,207,3,210,1
2020-05-06,San Mateo,081,765935,1609,1348,2,1350,57
2020-05-06,Santa Barbara,083,443738,1396,565,4,569,8
2020-05-06,Santa Clara,085,1922200,2818,2270,8,2278,127
2020-05-06,Santa Cruz,087,273765,150,135,0,135,2
2020-05-06,Shasta,089,179085,45,31,0,31,4
2020-05-06,Sierra,091,2930,0,0,0,0,0
2020-05-06,Siskiyou,093,43540,5,5,0,5,0
2020-05-06,Solano,095,438530,403,300,0,300,4
2020-05-06,Sonoma,097,501317,330,269,0,269,3
2020-05-06,Stanislaus,099,539301,532,434,4,438,9
2020-05-06,Sutter,101,95872,37,29,0,29,2
2020-05-06,Tehama,103,63373,2,1,0,1,1
2020-05-06,Trinity,105,12862,2,0,0,0,0
2020-05-06,Tulare,107,460477,1537,963,6,969,40
2020-05-06,Tuolumne,109,53932,3,2,0,2,0
2020-05-06,Ventura,111,848112,855,619,1,620,19
2020-05-06,Yolo,113,214977,184,172,0,172,18
2020-05-06,Yuba,115,75493,22,15,0,15,1
2020-05-05,Alameda,001,1643700,2239,1819,3,1822,67
2020-05-05,Alpine,003,1148,1,1,0,1,0
2020-05-05,Amador,005,37829,9,8,0,8,0
2020-05-05,Butte,007,227075,29,19,1,20,0
2020-05-05,Calaveras,009,45235,13,13,0,13,0
2020-05-05,Colusa,011,21464,3,3,0,3,0
2020-05-05,Contra Costa,013,1133247,1105,976,0,976,29
2020-05-05,Del Norte,015,27424,6,3,0,3,0
2020-05-05,El Dorado,017,186661,67,54,0,54,0
2020-05-05,Fresno,019,978130,1447,726,18,744,8
2020-05-05,Glenn,021,27897,8,3,0,3,0
2020-05-05,Humboldt,023,135768,63,54,0,54,0
2020-05-05,Imperial,025,180216,795,389,0,389,6
2020-05-05,Inyo,027,18085,19,20,0,20,1
2020-05-05,Kern,029,883053,1432,1084,1,1085,11
2020-05-05,Kings,031,150075,331,187,1,188,1
2020-05-05,Lake,033,64148,10,7,0,7,0
2020-05-05,Lassen,035,31185,4,0,2,2,0
2020-05-05,Los Angeles,037,10098052,34978,27867,17,27884,1289
2020-05-05,Madera,039,155013,113,53,1,54,2
2020-05-05,Marin,041,260295,264,244,1,245,14
2020-05-05,Mariposa,043,17540,15,14,0,14,0
2020-05-05,Mendocino,045,87422,12,10,0,10,0
2020-05-05,Merced,047,269075,221,141,0,141,3
2020-05-05,Modoc,049,8938,0,0,0,0,0
2020-05-05,Mono,051,14174,32,25,0,25,1
2020-05-05,Monterey,053,433212,314,240,1,241,6
2020-05-05,Napa,055,140530,86,74,0,74,2
2020-05-05,Nevada,057,99092,41,41,1,42,1
2020-05-05,Orange,059,3164182,4665,3041,36,3077,63
2020-05-05,Placer,061,380077,184,162,0,162,8
2020-05-05,Plumas,063,18699,4,4,0,4,0
2020-05-05,Riverside,065,2383286,5384,4309,16,4325,161
2020-05-05,Sacramento,067,1510023,1179,1125,0,1125,48
2020-05-05,San Benito,069,59416,57,50,0,50,2
2020-05-05,San Bernardino,071,2135413,3173,2345,2,2347,104
2020-05-05,San Diego,073,3302833,5249,4162,0,4162,150
2020-05-05,San Francisco,075,870044,2021,1779,0,1779,31
2020-05-05,San Joaquin,077,732212,643,577,3,580,26
2020-05-05,San Luis Obispo,079,281455,282,203,3,206,1
2020-05-05,San Mateo,081,765935,1577,1335,2,1337,56
2020-05-05,Santa Barbara,083,443738,1175,541,4,545,7
2020-05-05,Santa Clara,085,1922200,2772,2249,7,2256,124
2020-05-05,Santa Cruz,087,273765,147,134,0,134,2
2020-05-05,Shasta,089,179085,44,31,0,31,4
2020-05-05,Sierra,091,2930,0,0,0,0,0
2020-05-05,Siskiyou,093,43540,5,5,0,5,0
2020-05-05,Solano,095,438530,387,299,0,299,4
2020-05-05,Sonoma,097,501317,327,263,0,263,3
2020-05-05,Stanislaus,099,539301,520,430,4,434,9
2020-05-05,Sutter,101,95872,36,29,0,29,2
2020-05-05,Tehama,103,63373,2,1,0,1,1
2020-05-05,Trinity,105,12862,2,0,0,0,0
2020-05-05,Tulare,107,460477,1439,869,6,875,40
2020-05-05,Tuolumne,109,53932,3,2,0,2,0
2020-05-05,Ventura,111,848112,831,607,1,608,19
2020-05-05,Yolo,113,214977,182,171,0,171,18
2020-05-05,Yuba,115,75493,22,15,0,15,1
2020-05-04,Alameda,001,1643700,2180,1762,3,1765,65
2020-05-04,Alpine,003,1148,1,1,0,1,0
2020-05-04,Amador,005,37829,8,8,0,8,0
2020-05-04,Butte,007,227075,28,16,1,17,0
2020-05-04,Calaveras,009,45235,13,13,0,13,0
2020-05-04,Colusa,011,21464,3,3,0,3,0
2020-05-04,Contra Costa,013,1133247,1087,949,0,949,28
2020-05-04,Del Norte,015,27424,5,3,0,3,0
2020-05-04,El Dorado,017,186661,66,51,0,51,0
2020-05-04,Fresno,019,978130,1377,680,17,697,8
2020-05-04,Glenn,021,27897,8,4,0,4,0
2020-05-04,Humboldt,023,135768,61,54,0,54,0
2020-05-04,Imperial,025,180216,743,351,0,351,6
2020-05-04,Inyo,027,18085,19,20,0,20,1
2020-05-04,Kern,029,883053,1390,1047,1,1048,8
2020-05-04,Kings,031,150075,314,153,1,154,1
2020-05-04,Lake,033,64148,9,7,0,7,0
2020-05-04,Lassen,035,31185,3,0,2,2,0
2020-05-04,Los Angeles,037,10098052,33681,26243,15,26258,1235
2020-05-04,Madera,039,155013,110,52,1,53,2
2020-05-04,Marin,041,260295,259,244,1,245,13
2020-05-04,Mariposa,043,17540,15,13,0,13,0
2020-05-04,Mendocino,045,87422,12,10,0,10,0
2020-05-04,Merced,047,269075,221,138,0,138,3
2020-05-04,Modoc,049,8938,0,0,0,0,0
2020-05-04,Mono,051,14174,32,25,0,25,1
2020-05-04,Monterey,053,433212,303,237,1,238,6
2020-05-04,Napa,055,140530,86,72,0,72,2
2020-05-04,Nevada,057,99092,41,41,1,42,1
2020-05-04,Orange,059,3164182,4527,2931,33,2964,57
2020-05-04,Placer,061,380077,182,162,0,162,8
2020-05-04,Plumas,063,18699,4,4,0,4,0
2020-05-04,Riverside,065,2383286,5290,4221,16,4237,147
2020-05-04,Sacramento,067,1510023,1169,1119,0,1119,44
2020-05-04,San Benito,069,59416,55,49,0,49,2
2020-05-04,San Bernardino,071,2135413,3033,2184,2,2186,99
2020-05-04,San Diego,073,3302833,5108,4022,0,4022,144
2020-05-04,San Francisco,075,870044,1983,1760,0,1760,31
2020-05-04,San Joaquin,077,732212,629,574,3,577,26
2020-05-04,San Luis Obispo,079,281455,279,202,3,205,1
2020-05-04,San Mateo,081,765935,1552,1313,2,1315,53
2020-05-04,Santa Barbara,083,443738,927,524,4,528,7
2020-05-04,Santa Clara,085,1922200,2757,2238,7,2245,119
2020-05-04,Santa Cruz,087,273765,146,133,0,133,2
2020-05-04,Shasta,089,179085,42,31,0,31,4
2020-05-04,Sierra,091,2930,0,0,0,0,0
2020-05-04,Siskiyou,093,43540,5,5,0,5,0
2020-05-04,Solano,095,438530,373,293,0,293,4
2020-05-04,Sonoma,097,501317,313,256,0,256,4
2020-05-04,Stanislaus,099,539301,514,422,4,426,8
2020-05-04,Sutter,101,95872,33,28,0,28,2
2020-05-04,Tehama,103,63373,2,1,0,1,1
2020-05-04,Trinity,105,12862,1,0,0,0,0
2020-05-04,Tulare,107,460477,1360,760,6,766,40
2020-05-04,Tuolumne,109,53932,3,3,0,3,0
2020-05-04,Ventura,111,848112,810,590,1,591,19
2020-05-04,Yolo,113,214977,181,171,0,171,18
2020-05-04,Yuba,115,75493,19,16,0,16,1
2020-05-03,Alameda,001,1643700,2123,1731,3,1734,64
2020-05-03,Alpine,003,1148,1,1,0,1,0
2020-05-03,Amador,005,37829,8,8,0,8,0
2020-05-03,Butte,007,227075,28,17,1,18,0
2020-05-03,Calaveras,009,45235,13,13,0,13,0
2020-05-03,Colusa,011,21464,3,3,0,3,0
2020-05-03,Contra Costa,013,1133247,1071,945,0,945,28
2020-05-03,Del Norte,015,27424,5,3,0,3,0
2020-05-03,El Dorado,017,186661,64,49,0,49,0
2020-05-03,Fresno,019,978130,1285,646,15,661,8
2020-05-03,Glenn,021,27897,7,5,0,5,0
2020-05-03,Humboldt,023,135768,60,54,0,54,0
2020-05-03,Imperial,025,180216,687,351,0,351,6
2020-05-03,Inyo,027,18085,19,20,0,20,1
2020-05-03,Kern,029,883053,1335,1025,1,1026,8
2020-05-03,Kings,031,150075,294,137,1,138,1
2020-05-03,Lake,033,64148,9,7,0,7,0
2020-05-03,Lassen,035,31185,3,0,2,2,0
2020-05-03,Los Angeles,037,10098052,32694,25708,15,25723,1210
2020-05-03,Madera,039,155013,103,46,1,47,2
2020-05-03,Marin,041,260295,254,243,1,244,13
2020-05-03,Mariposa,043,17540,15,13,0,13,0
2020-05-03,Mendocino,045,87422,12,10,0,10,0
2020-05-03,Merced,047,269075,213,134,0,134,3
2020-05-03,Modoc,049,8938,0,0,0,0,0
2020-05-03,Mono,051,14174,32,25,0,25,1
2020-05-03,Monterey,053,433212,294,235,1,236,6
2020-05-03,Napa,055,140530,86,72,0,72,2
2020-05-03,Nevada,057,99092,41,41,1,42,1
2020-05-03,Orange,059,3164182,4353,2859,32,2891,55
2020-05-03,Placer,061,380077,182,161,0,161,8
2020-05-03,Plumas,063,18699,4,4,0,4,0
2020-05-03,Riverside,065,2383286,5185,4034,16,4050,139
2020-05-03,Sacramento,067,1510023,1160,1109,0,1109,43
2020-05-03,San Benito,069,59416,55,49,0,49,2
2020-05-03,San Bernardino,071,2135413,2972,2123,2,2125,99
2020-05-03,San Diego,073,3302833,4970,3929,0,3929,142
2020-05-03,San Francisco,075,870044,1954,1692,0,1692,30
2020-05-03,San Joaquin,077,732212,622,570,3,573,26
2020-05-03,San Luis Obispo,079,281455,276,200,3,203,1
2020-05-03,San Mateo,081,765935,1524,1277,2,1279,53
2020-05-03,Santa Barbara,083,443738,568,512,4,516,7
2020-05-03,Santa Clara,085,1922200,2720,2235,7,2242,116
2020-05-03,Santa Cruz,087,273765,146,133,0,133,2
2020-05-03,Shasta,089,179085,40,31,0,31,4
2020-05-03,Sierra,091,2930,0,0,0,0,0
2020-05-03,Siskiyou,093,43540,5,5,0,5,0
2020-05-03,Solano,095,438530,363,266,0,266,4
2020-05-03,Sonoma,097,501317,304,254,0,254,4
2020-05-03,Stanislaus,099,539301,486,411,4,415,8
2020-05-03,Sutter,101,95872,31,28,0,28,2
2020-05-03,Tehama,103,63373,2,1,0,1,1
2020-05-03,Trinity,105,12862,1,0,0,0,0
2020-05-03,Tulare,107,460477,1281,736,6,742,40
2020-05-03,Tuolumne,109,53932,3,3,0,3,0
2020-05-03,Ventura,111,848112,776,583,1,584,19
2020-05-03,Yolo,113,214977,180,171,0,171,18
2020-05-03,Yuba,115,75493,19,16,0,16,1
2020-05-02,Alameda,001,1643700,2086,1678,3,1681,63
2020-05-02,Alpine,003,1148,1,1,0,1,0
2020-05-02,Amador,005,37829,8,8,0,8,0
2020-05-02,Butte,007,227075,28,17,1,18,0
2020-05-02,Calaveras,009,45235,13,13,0,13,0
2020-05-02,Colusa,011,21464,3,3,0,3,0
2020-05-02,Contra Costa,013,1133247,1053,929,0,929,28
2020-05-02,Del Norte,015,27424,5,3,0,3,0
2020-05-02,El Dorado,017,186661,64,47,0,47,0
2020-05-02,Fresno,019,978130,1259,629,14,643,8
2020-05-02,Glenn,021,27897,7,5,0,5,0
2020-05-02,Humboldt,023,135768,60,54,0,54,0
2020-05-02,Imperial,025,180216,660,345,0,345,6
2020-05-02,Inyo,027,18085,19,20,0,20,1
2020-05-02,Kern,029,883053,1309,1007,1,1008,8
2020-05-02,Kings,031,150075,291,120,1,121,1
2020-05-02,Lake,033,64148,9,7,0,7,0
2020-05-02,Lassen,035,31185,3,0,2,2,0
2020-05-02,Los Angeles,037,10098052,32165,24955,15,24970,1192
2020-05-02,Madera,039,155013,103,46,1,47,2
2020-05-02,Marin,041,260295,253,243,1,244,13
2020-05-02,Mariposa,043,17540,15,13,0,13,0
2020-05-02,Mendocino,045,87422,12,10,0,10,0
2020-05-02,Merced,047,269075,210,131,0,131,3
2020-05-02,Modoc,049,8938,0,0,0,0,0
2020-05-02,Mono,051,14174,32,25,0,25,1
2020-05-02,Monterey,053,433212,288,225,1,226,5
2020-05-02,Napa,055,140530,86,71,0,71,2
2020-05-02,Nevada,057,99092,41,41,1,42,1
2020-05-02,Orange,059,3164182,4239,2774,32,2806,52
2020-05-02,Placer,061,380077,180,150,0,150,8
2020-05-02,Plumas,063,18699,4,4,0,4,0
2020-05-02,Riverside,065,2383286,5119,3997,16,4013,137
2020-05-02,Sacramento,067,1510023,1157,1097,0,1097,43
2020-05-02,San Benito,069,59416,55,49,0,49,2
2020-05-02,San Bernardino,071,2135413,2933,2124,2,2126,99
2020-05-02,San Diego,073,3302833,4868,3844,0,3844,138
2020-05-02,San Francisco,075,870044,1931,1632,0,1632,29
2020-05-02,San Joaquin,077,732212,614,559,3,562,25
2020-05-02,San Luis Obispo,079,281455,270,193,3,196,1
2020-05-02,San Mateo,081,765935,1508,1272,2,1274,52
2020-05-02,Santa Barbara,083,443738,560,506,4,510,7
2020-05-02,Santa Clara,085,1922200,2710,2203,7,2210,115
2020-05-02,Santa Cruz,087,273765,145,131,0,131,2
2020-05-02,Shasta,089,179085,40,31,0,31,4
2020-05-02,Sierra,091,2930,0,0,0,0,0
2020-05-02,Siskiyou,093,43540,5,5,0,5,0
2020-05-02,Solano,095,438530,356,267,0,267,4
2020-05-02,Sonoma,097,501317,301,250,0,250,3
2020-05-02,Stanislaus,099,539301,478,388,4,392,8
2020-05-02,Sutter,101,95872,31,28,0,28,2
2020-05-02,Tehama,103,63373,2,1,0,1,1
2020-05-02,Trinity,105,12862,1,0,0,0,0
2020-05-02,Tulare,107,460477,1238,711,6,717,35
2020-05-02,Tuolumne,109,53932,3,3,0,3,0
2020-05-02,Ventura,111,848112,762,564,1,565,19
2020-05-02,Yolo,113,214977,180,169,0,169,17
2020-05-02,Yuba,115,75493,19,16,0,16,1
2020-05-01,Alameda,001,1643700,2049,1630,3,1633,63
2020-05-01,Alpine,003,1148,1,1,0,1,0
2020-05-01,Amador,005,37829,8,8,0,8,0
2020-05-01,Butte,007,227075,28,17,1,18,0
2020-05-01,Calaveras,009,45235,13,13,0,13,0
2020-05-01,Colusa,011,21464,3,3,0,3,0
2020-05-01,Contra Costa,013,1133247,1039,915,0,915,28
2020-05-01,Del Norte,015,27424,5,3,0,3,0
2020-05-01,El Dorado,017,186661,64,47,0,47,0
2020-05-01,Fresno,019,978130,1228,617,14,631,7
2020-05-01,Glenn,021,27897,7,4,0,4,0
2020-05-01,Humboldt,023,135768,60,54,0,54,0
2020-05-01,Imperial,025,180216,623,337,0,337,6
2020-05-01,Inyo,027,18085,19,20,0,20,1
2020-05-01,Kern,029,883053,1282,972,1,973,8
2020-05-01,Kings,031,150075,274,112,1,113,1
2020-05-01,Lake,033,64148,9,6,0,6,0
2020-05-01,Lassen,035,31185,3,0,2,2,0
2020-05-01,Los Angeles,037,10098052,31409,24306,15,24321,1155
2020-05-01,Madera,039,155013,99,46,1,47,2
2020-05-01,Marin,041,260295,253,242,1,243,13
2020-05-01,Mariposa,043,17540,15,10,0,10,0
2020-05-01,Mendocino,045,87422,12,11,0,11,0
2020-05-01,Merced,047,269075,207,131,0,131,3
2020-05-01,Modoc,049,8938,0,0,0,0,0
2020-05-01,Mono,051,14174,32,25,0,25,1
2020-05-01,Monterey,053,433212,284,222,1,223,5
2020-05-01,Napa,055,140530,86,69,0,69,2
2020-05-01,Nevada,057,99092,41,41,1,42,1
2020-05-01,Orange,059,3164182,4162,2660,30,2690,51
2020-05-01,Placer,061,380077,179,149,0,149,8
2020-05-01,Plumas,063,18699,4,4,0,4,0
2020-05-01,Riverside,065,2383286,5055,3893,16,3909,132
2020-05-01,Sacramento,067,1510023,1152,1081,0,1081,43
2020-05-01,San Benito,069,59416,55,49,0,49,2
2020-05-01,San Bernardino,071,2135413,2878,2084,2,2086,98
2020-05-01,San Diego,073,3302833,4777,3713,0,3713,134
2020-05-01,San Francisco,075,870044,1887,1552,0,1552,29
2020-05-01,San Joaquin,077,732212,610,554,3,557,25
2020-05-01,San Luis Obispo,079,281455,267,186,3,189,1
2020-05-01,San Mateo,081,765935,1486,1222,2,1224,52
2020-05-01,Santa Barbara,083,443738,554,499,3,502,7
2020-05-01,Santa Clara,085,1922200,2698,2176,7,2183,112
2020-05-01,Santa Cruz,087,273765,145,127,0,127,2
2020-05-01,Shasta,089,179085,40,31,0,31,4
2020-05-01,Sierra,091,2930,0,0,0,0,0
2020-05-01,Siskiyou,093,43540,5,5,0,5,0
2020-05-01,Solano,095,438530,348,266,0,266,4
2020-05-01,Sonoma,097,501317,298,242,0,242,3
2020-05-01,Stanislaus,099,539301,473,384,4,388,8
2020-05-01,Sutter,101,95872,31,28,0,28,2
2020-05-01,Tehama,103,63373,2,1,0,1,1
2020-05-01,Trinity,105,12862,1,0,0,0,0
2020-05-01,Tulare,107,460477,1194,685,6,691,32
2020-05-01,Tuolumne,109,53932,3,3,0,3,0
2020-05-01,Ventura,111,848112,749,556,1,557,18
2020-05-01,Yolo,113,214977,180,165,0,165,18
2020-05-01,Yuba,115,75493,19,16,0,16,1
2020-04-30,Alameda,001,1643700,1989,1599,3,1602,60
2020-04-30,Alpine,003,1148,1,1,0,1,0
2020-04-30,Amador,005,37829,8,8,0,8,0
2020-04-30,Butte,007,227075,28,16,1,17,0
2020-04-30,Calaveras,009,45235,13,13,0,13,0
2020-04-30,Colusa,011,21464,3,3,0,3,0
2020-04-30,Contra Costa,013,1133247,1017,900,0,900,25
2020-04-30,Del Norte,015,27424,4,3,0,3,0
2020-04-30,El Dorado,017,186661,64,44,0,44,0
2020-04-30,Fresno,019,978130,1163,562,11,573,7
2020-04-30,Glenn,021,27897,7,4,0,4,0
2020-04-30,Humboldt,023,135768,60,54,0,54,0
2020-04-30,Imperial,025,180216,577,322,0,322,6
2020-04-30,Inyo,027,18085,19,20,0,20,1
2020-04-30,Kern,029,883053,1250,941,1,942,8
2020-04-30,Kings,031,150075,262,87,1,88,1
2020-04-30,Lake,033,64148,9,6,0,6,0
2020-04-30,Lassen,035,31185,3,0,2,2,0
2020-04-30,Los Angeles,037,10098052,30402,23284,15,23299,1099
2020-04-30,Madera,039,155013,88,46,1,47,2
2020-04-30,Marin,041,260295,253,240,1,241,13
2020-04-30,Mariposa,043,17540,15,3,0,3,0
2020-04-30,Mendocino,045,87422,12,11,0,11,0
2020-04-30,Merced,047,269075,200,122,0,122,3
2020-04-30,Modoc,049,8938,0,0,0,0,0
2020-04-30,Mono,051,14174,31,25,0,25,1
2020-04-30,Monterey,053,433212,274,213,1,214,5
2020-04-30,Napa,055,140530,84,69,0,69,2
2020-04-30,Nevada,057,99092,41,41,1,42,1
2020-04-30,Orange,059,3164182,3939,2591,27,2618,46
2020-04-30,Placer,061,380077,178,148,0,148,8
2020-04-30,Plumas,063,18699,4,4,0,4,0
2020-04-30,Riverside,065,2383286,4955,3820,15,3835,124
2020-04-30,Sacramento,067,1510023,1146,1071,0,1071,43
2020-04-30,San Benito,069,59416,55,48,0,48,2
2020-04-30,San Bernardino,071,2135413,2676,2020,2,2022,96
2020-04-30,San Diego,073,3302833,4606,3566,0,3566,124
2020-04-30,San Francisco,075,870044,1853,1518,0,1518,26
2020-04-30,San Joaquin,077,732212,602,548,3,551,25
2020-04-30,San Luis Obispo,079,281455,264,182,3,185,1
2020-04-30,San Mateo,081,765935,1456,1194,2,1196,52
2020-04-30,Santa Barbara,083,443738,542,490,3,493,7
2020-04-30,Santa Clara,085,1922200,2658,2172,7,2179,111
2020-04-30,Santa Cruz,087,273765,144,126,0,126,2
2020-04-30,Shasta,089,179085,39,31,0,31,4
2020-04-30,Sierra,091,2930,0,0,0,0,0
2020-04-30,Siskiyou,093,43540,5,5,0,5,0
2020-04-30,Solano,095,438530,338,262,0,262,4
2020-04-30,Sonoma,097,501317,289,233,0,233,3
2020-04-30,Stanislaus,099,539301,466,378,4,382,7
2020-04-30,Sutter,101,95872,31,28,0,28,2
2020-04-30,Tehama,103,63373,1,1,0,1,1
2020-04-30,Trinity,105,12862,1,0,0,0,0
2020-04-30,Tulare,107,460477,1128,637,6,643,31
2020-04-30,Tuolumne,109,53932,3,3,0,3,0
2020-04-30,Ventura,111,848112,721,547,1,548,18
2020-04-30,Yolo,113,214977,179,164,0,164,16
2020-04-30,Yuba,115,75493,19,15,0,15,1
2020-04-29,Alameda,001,1643700,1931,1564,2,1566,60
2020-04-29,Alpine,003,1148,1,1,0,1,0
2020-04-29,Amador,005,37829,8,8,0,8,0
2020-04-29,Butte,007,227075,28,16,1,17,0
2020-04-29,Calaveras,009,45235,13,13,0,13,0
2020-04-29,Colusa,011,21464,3,3,0,3,0
2020-04-29,Contra Costa,013,1133247,998,885,0,885,25
2020-04-29,Del Norte,015,27424,4,3,0,3,0
2020-04-29,El Dorado,017,186661,62,44,0,44,0
2020-04-29,Fresno,019,978130,1111,544,11,555,7
2020-04-29,Glenn,021,27897,7,4,0,4,0
2020-04-29,Humboldt,023,135768,60,53,0,53,0
2020-04-29,Imperial,025,180216,547,300,0,300,6
2020-04-29,Inyo,027,18085,19,20,0,20,1
2020-04-29,Kern,029,883053,1207,910,1,911,6
2020-04-29,Kings,031,150075,243,80,1,81,1
2020-04-29,Lake,033,64148,9,6,0,6,0
2020-04-29,Lassen,035,31185,3,0,2,2,0
2020-04-29,Los Angeles,037,10098052,29425,22560,15,22575,1043
2020-04-29,Madera,039,155013,86,45,1,46,2
2020-04-29,Marin,041,260295,250,234,1,235,13
2020-04-29,Mariposa,043,17540,15,1,0,1,0
2020-04-29,Mendocino,045,87422,12,11,0,11,0
2020-04-29,Merced,047,269075,193,116,0,116,3
2020-04-29,Modoc,049,8938,0,0,0,0,0
2020-04-29,Mono,051,14174,31,25,0,25,1
2020-04-29,Monterey,053,433212,266,204,1,205,5
2020-04-29,Napa,055,140530,82,68,0,68,2
2020-04-29,Nevada,057,99092,41,41,1,42,1
2020-04-29,Orange,059,3164182,3803,2421,26,2447,43
2020-04-29,Placer,061,380077,176,145,0,145,8
2020-04-29,Plumas,063,18699,4,4,0,4,0
2020-04-29,Riverside,065,2383286,4878,3700,15,3715,116
2020-04-29,Sacramento,067,1510023,1124,1055,0,1055,41
2020-04-29,San Benito,069,59416,55,48,0,48,2
2020-04-29,San Bernardino,071,2135413,2589,1975,1,1976,91
2020-04-29,San Diego,073,3302833,4464,3434,0,3434,120
2020-04-29,San Francisco,075,870044,1825,1489,0,1489,23
2020-04-29,San Joaquin,077,732212,594,540,3,543,25
2020-04-29,San Luis Obispo,079,281455,262,181,3,184,1
2020-04-29,San Mateo,081,765935,1430,1170,2,1172,50
2020-04-29,Santa Barbara,083,443738,529,477,3,480,7
2020-04-29,Santa Clara,085,1922200,2631,2147,7,2154,108
2020-04-29,Santa Cruz,087,273765,143,124,0,124,2
2020-04-29,Shasta,089,179085,38,31,0,31,4
2020-04-29,Sierra,091,2930,0,0,0,0,0
2020-04-29,Siskiyou,093,43540,5,5,0,5,0
2020-04-29,Solano,095,438530,314,252,0,252,3
2020-04-29,Sonoma,097,501317,281,230,0,230,2
2020-04-29,Stanislaus,099,539301,453,374,4,378,5
2020-04-29,Sutter,101,95872,31,28,0,28,2
2020-04-29,Tehama,103,63373,1,1,0,1,1
2020-04-29,Trinity,105,12862,1,0,0,0,0
2020-04-29,Tulare,107,460477,1055,615,5,620,30
2020-04-29,Tuolumne,109,53932,3,4,0,4,0
2020-04-29,Ventura,111,848112,697,530,1,531,18
2020-04-29,Yolo,113,214977,176,161,0,161,11
2020-04-29,Yuba,115,75493,19,15,0,15,1
2020-04-28,Alameda,001,1643700,1874,1525,2,1527,55
2020-04-28,Alpine,003,1148,1,1,0,1,0
2020-04-28,Amador,005,37829,8,8,0,8,0
2020-04-28,Butte,007,227075,28,16,1,17,0
2020-04-28,Calaveras,009,45235,13,13,0,13,0
2020-04-28,Colusa,011,21464,3,3,0,3,0
2020-04-28,Contra Costa,013,1133247,991,866,0,866,25
2020-04-28,Del Norte,015,27424,4,3,0,3,0
2020-04-28,El Dorado,017,186661,61,43,0,43,0
2020-04-28,Fresno,019,978130,1060,525,9,534,7
2020-04-28,Glenn,021,27897,5,4,0,4,0
2020-04-28,Humboldt,023,135768,59,53,0,53,0
2020-04-28,Imperial,025,180216,513,295,0,295,6
2020-04-28,Inyo,027,18085,19,20,0,20,1
2020-04-28,Kern,029,883053,1164,882,1,883,5
2020-04-28,Kings,031,150075,230,57,1,58,1
2020-04-28,Lake,033,64148,9,6,0,6,0
2020-04-28,Lassen,035,31185,3,0,2,2,0
2020-04-28,Los Angeles,037,10098052,28360,21029,15,21044,984
2020-04-28,Madera,039,155013,86,44,1,45,2
2020-04-28,Marin,041,260295,249,228,1,229,12
2020-04-28,Mariposa,043,17540,15,0,0,0,0
2020-04-28,Mendocino,045,87422,12,10,0,10,0
2020-04-28,Merced,047,269075,186,108,0,108,3
2020-04-28,Modoc,049,8938,0,0,0,0,0
2020-04-28,Mono,051,14174,31,25,0,25,1
2020-04-28,Monterey,053,433212,260,191,1,192,5
2020-04-28,Napa,055,140530,81,67,0,67,2
2020-04-28,Nevada,057,99092,41,41,1,42,1
2020-04-28,Orange,059,3164182,3638,2324,25,2349,42
2020-04-28,Placer,061,380077,166,143,0,143,8
2020-04-28,Plumas,063,18699,4,4,0,4,0
2020-04-28,Riverside,065,2383286,4783,3504,15,3519,113
2020-04-28,Sacramento,067,1510023,1109,1044,0,1044,41
2020-04-28,San Benito,069,59416,53,46,0,46,2
2020-04-28,San Bernardino,071,2135413,2512,1891,1,1892,89
2020-04-28,San Diego,073,3302833,4334,3316,0,3316,118
2020-04-28,San Francisco,075,870044,1790,1471,0,1471,23
2020-04-28,San Joaquin,077,732212,588,532,3,535,25
2020-04-28,San Luis Obispo,079,281455,255,172,3,175,1
2020-04-28,San Mateo,081,765935,1417,1129,2,1131,48
2020-04-28,Santa Barbara,083,443738,524,469,2,471,7
2020-04-28,Santa Clara,085,1922200,2597,2130,7,2137,106
2020-04-28,Santa Cruz,087,273765,143,123,0,123,2
2020-04-28,Shasta,089,179085,38,29,0,29,4
2020-04-28,Sierra,091,2930,0,0,0,0,0
2020-04-28,Siskiyou,093,43540,5,5,0,5,0
2020-04-28,Solano,095,438530,295,246,0,246,3
2020-04-28,Sonoma,097,501317,278,226,0,226,1
2020-04-28,Stanislaus,099,539301,437,330,4,334,5
2020-04-28,Sutter,101,95872,31,25,0,25,2
2020-04-28,Tehama,103,63373,1,1,0,1,1
2020-04-28,Trinity,105,12862,1,0,0,0,0
2020-04-28,Tulare,107,460477,959,579,5,584,30
2020-04-28,Tuolumne,109,53932,3,4,0,4,0
2020-04-28,Ventura,111,848112,677,517,1,518,17
2020-04-28,Yolo,113,214977,176,160,0,160,10
2020-04-28,Yuba,115,75493,19,15,0,15,1
2020-04-27,Alameda,001,1643700,1814,1494,2,1496,53
2020-04-27,Alpine,003,1148,1,1,0,1,0
2020-04-27,Amador,005,37829,8,8,0,8,0
2020-04-27,Butte,007,227075,27,16,1,17,0
2020-04-27,Calaveras,009,45235,13,13,0,13,0
2020-04-27,Colusa,011,21464,3,3,0,3,0
2020-04-27,Contra Costa,013,1133247,979,843,0,843,25
2020-04-27,Del Norte,015,27424,4,3,0,3,0
2020-04-27,El Dorado,017,186661,60,43,0,43,0
2020-04-27,Fresno,019,978130,957,504,8,512,7
2020-04-27,Glenn,021,27897,5,4,0,4,0
2020-04-27,Humboldt,023,135768,59,52,0,52,0
2020-04-27,Imperial,025,180216,483,290,0,290,6
2020-04-27,Inyo,027,18085,19,20,0,20,1
2020-04-27,Kern,029,883053,1125,865,1,866,4
2020-04-27,Kings,031,150075,207,48,1,49,1
2020-04-27,Lake,033,64148,8,6,0,6,0
2020-04-27,Lassen,035,31185,3,0,2,2,0
2020-04-27,Los Angeles,037,10098052,27343,20456,15,20471,931
2020-04-27,Madera,039,155013,84,42,1,43,2
2020-04-27,Marin,041,260295,244,227,1,228,12
2020-04-27,Mariposa,043,17540,14,0,0,0,0
2020-04-27,Mendocino,045,87422,12,10,0,10,0
2020-04-27,Merced,047,269075,183,108,0,108,3
2020-04-27,Modoc,049,8938,0,0,0,0,0
2020-04-27,Mono,051,14174,31,23,0,23,1
2020-04-27,Monterey,053,433212,253,185,1,186,4
2020-04-27,Napa,055,140530,77,64,0,64,2
2020-04-27,Nevada,057,99092,41,39,1,40,1
2020-04-27,Orange,059,3164182,3469,2198,25,2223,42
2020-04-27,Placer,061,380077,166,142,0,142,8
2020-04-27,Plumas,063,18699,4,4,0,4,0
2020-04-27,Riverside,065,2383286,4660,3381,15,3396,100
2020-04-27,Sacramento,067,1510023,1094,1035,0,1035,41
2020-04-27,San Benito,069,59416,51,45,0,45,2
2020-04-27,San Bernardino,071,2135413,2398,1742,1,1743,82
2020-04-27,San Diego,073,3302833,4208,3143,0,3143,113
2020-04-27,San Francisco,075,870044,1736,1453,0,1453,23
2020-04-27,San Joaquin,077,732212,582,522,3,525,25
2020-04-27,San Luis Obispo,079,281455,247,166,3,169,1
2020-04-27,San Mateo,081,765935,1395,1092,2,1094,46
2020-04-27,Santa Barbara,083,443738,516,466,2,468,7
2020-04-27,Santa Clara,085,1922200,2572,2104,6,2110,105
2020-04-27,Santa Cruz,087,273765,143,123,0,123,2
2020-04-27,Shasta,089,179085,38,29,0,29,4
2020-04-27,Sierra,091,2930,0,0,0,0,0
2020-04-27,Siskiyou,093,43540,5,5,0,5,0
2020-04-27,Solano,095,438530,295,222,0,222,3
2020-04-27,Sonoma,097,501317,269,220,0,220,1
2020-04-27,Stanislaus,099,539301,421,316,4,320,5
2020-04-27,Sutter,101,95872,29,26,0,26,2
2020-04-27,Tehama,103,63373,1,1,0,1,1
2020-04-27,Trinity,105,12862,1,0,0,0,0
2020-04-27,Tulare,107,460477,888,535,5,540,28
2020-04-27,Tuolumne,109,53932,3,3,0,3,0
2020-04-27,Ventura,111,848112,658,513,1,514,17
2020-04-27,Yolo,113,214977,173,160,0,160,9
2020-04-27,Yuba,115,75493,19,15,0,15,1
2020-04-26,Alameda,001,1643700,1753,1449,2,1451,52
2020-04-26,Alpine,003,1148,1,1,0,1,0
2020-04-26,Amador,005,37829,8,8,0,8,0
2020-04-26,Butte,007,227075,27,16,1,17,0
2020-04-26,Calaveras,009,45235,13,13,0,13,0
2020-04-26,Colusa,011,21464,3,3,0,3,0
2020-04-26,Contra Costa,013,1133247,963,830,0,830,25
2020-04-26,Del Norte,015,27424,3,3,0,3,0
2020-04-26,El Dorado,017,186661,58,41,0,41,0
2020-04-26,Fresno,019,978130,863,476,7,483,7
2020-04-26,Glenn,021,27897,5,4,0,4,0
2020-04-26,Humboldt,023,135768,59,53,0,53,0
2020-04-26,Imperial,025,180216,449,272,0,272,6
2020-04-26,Inyo,027,18085,19,20,0,20,1
2020-04-26,Kern,029,883053,1075,831,1,832,4
2020-04-26,Kings,031,150075,182,33,1,34,1
2020-04-26,Lake,033,64148,8,6,0,6,0
2020-04-26,Lassen,035,31185,3,0,2,2,0
2020-04-26,Los Angeles,037,10098052,26192,19570,15,19585,901
2020-04-26,Madera,039,155013,82,39,1,40,2
2020-04-26,Marin,041,260295,238,225,1,226,12
2020-04-26,Mariposa,043,17540,14,0,0,0,0
2020-04-26,Mendocino,045,87422,12,5,0,5,0
2020-04-26,Merced,047,269075,166,104,0,104,3
2020-04-26,Modoc,049,8938,0,0,0,0,0
2020-04-26,Mono,051,14174,31,23,0,23,1
2020-04-26,Monterey,053,433212,246,182,1,183,4
2020-04-26,Napa,055,140530,76,62,0,62,2
2020-04-26,Nevada,057,99092,41,37,1,38,1
2020-04-26,Orange,059,3164182,3304,2124,25,2149,40
2020-04-26,Placer,061,380077,165,141,0,141,8
2020-04-26,Plumas,063,18699,4,4,0,4,0
2020-04-26,Riverside,065,2383286,4517,3301,15,3316,95
2020-04-26,Sacramento,067,1510023,1085,1027,0,1027,41
2020-04-26,San Benito,069,59416,51,45,0,45,2
2020-04-26,San Bernardino,071,2135413,2302,1681,1,1682,82
2020-04-26,San Diego,073,3302833,4066,3045,0,3045,111
2020-04-26,San Francisco,075,870044,1697,1403,0,1403,23
2020-04-26,San Joaquin,077,732212,574,514,3,517,25
2020-04-26,San Luis Obispo,079,281455,244,165,3,168,1
2020-04-26,San Mateo,081,765935,1369,1070,2,1072,46
2020-04-26,Santa Barbara,083,443738,509,464,2,466,7
2020-04-26,Santa Clara,085,1922200,2549,2097,5,2102,102
2020-04-26,Santa Cruz,087,273765,143,116,0,116,2
2020-04-26,Shasta,089,179085,35,29,0,29,4
2020-04-26,Sierra,091,2930,0,0,0,0,0
2020-04-26,Siskiyou,093,43540,5,5,0,5,0
2020-04-26,Solano,095,438530,286,205,0,205,3
2020-04-26,Sonoma,097,501317,258,216,0,216,1
2020-04-26,Stanislaus,099,539301,406,294,4,298,4
2020-04-26,Sutter,101,95872,29,26,0,26,2
2020-04-26,Tehama,103,63373,1,1,0,1,1
2020-04-26,Trinity,105,12862,1,0,0,0,0
2020-04-26,Tulare,107,460477,829,497,5,502,28
2020-04-26,Tuolumne,109,53932,3,3,0,3,0
2020-04-26,Ventura,111,848112,640,509,1,510,17
2020-04-26,Yolo,113,214977,172,158,0,158,8
2020-04-26,Yuba,115,75493,18,15,0,15,1
2020-04-25,Alameda,001,1643700,1728,1396,2,1398,52
2020-04-25,Alpine,003,1148,1,1,0,1,0
2020-04-25,Amador,005,37829,8,8,0,8,0
2020-04-25,Butte,007,227075,26,16,1,17,0
2020-04-25,Calaveras,009,45235,13,12,0,12,0
2020-04-25,Colusa,011,21464,3,3,0,3,0
2020-04-25,Contra Costa,013,1133247,949,821,0,821,24
2020-04-25,Del Norte,015,27424,2,2,0,2,0
2020-04-25,El Dorado,017,186661,57,41,0,41,0
2020-04-25,Fresno,019,978130,831,459,6,465,7
2020-04-25,Glenn,021,27897,5,4,0,4,0
2020-04-25,Humboldt,023,135768,59,53,0,53,0
2020-04-25,Imperial,025,180216,432,232,0,232,6
2020-04-25,Inyo,027,18085,19,20,0,20,1
2020-04-25,Kern,029,883053,1044,802,1,803,4
2020-04-25,Kings,031,150075,170,33,1,34,1
2020-04-25,Lake,033,64148,6,6,0,6,0
2020-04-25,Lassen,035,31185,3,0,2,2,0
2020-04-25,Los Angeles,037,10098052,25559,19144,15,19159,881
2020-04-25,Madera,039,155013,79,39,1,40,2
2020-04-25,Marin,041,260295,238,215,1,216,12
2020-04-25,Mariposa,043,17540,14,0,0,0,0
2020-04-25,Mendocino,045,87422,11,5,0,5,0
2020-04-25,Merced,047,269075,166,103,0,103,3
2020-04-25,Modoc,049,8938,0,0,0,0,0
2020-04-25,Mono,051,14174,31,23,0,23,1
2020-04-25,Monterey,053,433212,244,173,1,174,4
2020-04-25,Napa,055,140530,76,60,0,60,2
2020-04-25,Nevada,057,99092,41,37,1,38,1
2020-04-25,Orange,059,3164182,3195,2047,25,2072,40
2020-04-25,Placer,061,380077,165,137,0,137,8
2020-04-25,Plumas,063,18699,4,4,0,4,0
2020-04-25,Riverside,065,2383286,4427,3037,15,3052,93
2020-04-25,Sacramento,067,1510023,1083,1015,0,1015,41
2020-04-25,San Benito,069,59416,51,45,0,45,2
2020-04-25,San Bernardino,071,2135413,2257,1675,1,1676,82
2020-04-25,San Diego,073,3302833,3966,2945,0,2945,111
2020-04-25,San Francisco,075,870044,1672,1341,0,1341,22
2020-04-25,San Joaquin,077,732212,567,497,3,500,24
2020-04-25,San Luis Obispo,079,281455,243,159,3,162,1
2020-04-25,San Mateo,081,765935,1351,1054,2,1056,46
2020-04-25,Santa Barbara,083,443738,502,457,2,459,7
2020-04-25,Santa Clara,085,1922200,2527,2045,4,2049,99
2020-04-25,Santa Cruz,087,273765,143,112,0,112,2
2020-04-25,Shasta,089,179085,35,29,0,29,4
2020-04-25,Sierra,091,2930,0,0,0,0,0
2020-04-25,Siskiyou,093,43540,5,5,0,5,0
2020-04-25,Solano,095,438530,282,203,0,203,3
2020-04-25,Sonoma,097,501317,254,199,0,199,1
2020-04-25,Stanislaus,099,539301,398,276,4,280,4
2020-04-25,Sutter,101,95872,29,24,0,24,2
2020-04-25,Tehama,103,63373,1,1,0,1,1
2020-04-25,Trinity,105,12862,0,0,0,0,0
2020-04-25,Tulare,107,460477,796,478,5,483,28
2020-04-25,Tuolumne,109,53932,3,2,0,2,0
2020-04-25,Ventura,111,848112,626,494,1,495,16
2020-04-25,Yolo,113,214977,172,157,0,157,8
2020-04-25,Yuba,115,75493,17,15,0,15,1
2020-04-24,Alameda,001,1643700,1697,1385,2,1387,50
2020-04-24,Alpine,003,1148,1,1,0,1,0
2020-04-24,Amador,005,37829,8,8,0,8,0
2020-04-24,Butte,007,227075,25,15,1,16,0
2020-04-24,Calaveras,009,45235,13,12,0,12,0
2020-04-24,Colusa,011,21464,3,3,0,3,0
2020-04-24,Contra Costa,013,1133247,940,806,0,806,23
2020-04-24,Del Norte,015,27424,2,2,0,2,0
2020-04-24,El Dorado,017,186661,56,41,0,41,0
2020-04-24,Fresno,019,978130,808,449,6,455,7
2020-04-24,Glenn,021,27897,5,4,0,4,0
2020-04-24,Humboldt,023,135768,59,53,0,53,0
2020-04-24,Imperial,025,180216,416,232,0,232,6
2020-04-24,Inyo,027,18085,19,20,0,20,0
2020-04-24,Kern,029,883053,1020,770,1,771,4
2020-04-24,Kings,031,150075,141,30,1,31,1
2020-04-24,Lake,033,64148,6,6,0,6,0
2020-04-24,Lassen,035,31185,3,0,2,2,0
2020-04-24,Los Angeles,037,10098052,24628,18553,15,18568,836
2020-04-24,Madera,039,155013,79,39,1,40,2
2020-04-24,Marin,041,260295,238,211,1,212,11
2020-04-24,Mariposa,043,17540,8,0,0,0,0
2020-04-24,Mendocino,045,87422,11,5,0,5,0
2020-04-24,Merced,047,269075,163,102,0,102,3
2020-04-24,Modoc,049,8938,0,0,0,0,0
2020-04-24,Mono,051,14174,30,23,0,23,1
2020-04-24,Monterey,053,433212,237,167,1,168,4
2020-04-24,Napa,055,140530,75,59,0,59,2
2020-04-24,Nevada,057,99092,41,36,1,37,1
2020-04-24,Orange,059,3164182,3088,1945,25,1970,39
2020-04-24,Placer,061,380077,163,137,0,137,8
2020-04-24,Plumas,063,18699,4,4,0,4,0
2020-04-24,Riverside,065,2383286,4346,3044,15,3059,87
2020-04-24,Sacramento,067,1510023,1077,1009,0,1009,41
2020-04-24,San Benito,069,59416,51,45,0,45,2
2020-04-24,San Bernardino,071,2135413,2222,1667,1,1668,80
2020-04-24,San Diego,073,3302833,3855,2828,0,2828,102
2020-04-24,San Francisco,075,870044,1614,1345,0,1345,22
2020-04-24,San Joaquin,077,732212,560,484,3,487,24
2020-04-24,San Luis Obispo,079,281455,240,151,3,154,1
2020-04-24,San Mateo,081,765935,1328,1004,2,1006,43
2020-04-24,Santa Barbara,083,443738,496,450,2,452,6
2020-04-24,Santa Clara,085,1922200,2484,2026,4,2030,98
2020-04-24,Santa Cruz,087,273765,139,111,0,111,2
2020-04-24,Shasta,089,179085,35,28,0,28,4
2020-04-24,Sierra,091,2930,0,0,0,0,0
2020-04-24,Siskiyou,093,43540,5,5,0,5,0
2020-04-24,Solano,095,438530,280,203,0,203,3
2020-04-24,Sonoma,097,501317,250,199,0,199,1
2020-04-24,Stanislaus,099,539301,395,273,4,277,4
2020-04-24,Sutter,101,95872,28,24,0,24,2
2020-04-24,Tehama,103,63373,1,1,0,1,1
2020-04-24,Trinity,105,12862,0,0,0,0,0
2020-04-24,Tulare,107,460477,768,459,5,464,27
2020-04-24,Tuolumne,109,53932,3,2,0,2,0
2020-04-24,Ventura,111,848112,616,489,1,490,16
2020-04-24,Yolo,113,214977,171,155,0,155,8
2020-04-24,Yuba,115,75493,16,15,0,15,1
2020-04-23,Alameda,001,1643700,1659,1336,2,1338,46
2020-04-23,Alpine,003,1148,1,1,0,1,0
2020-04-23,Amador,005,37829,8,8,0,8,0
2020-04-23,Butte,007,227075,25,15,1,16,0
2020-04-23,Calaveras,009,45235,13,12,0,12,0
2020-04-23,Colusa,011,21464,3,3,0,3,0
2020-04-23,Contra Costa,013,1133247,919,786,0,786,23
2020-04-23,Del Norte,015,27424,2,2,0,2,0
2020-04-23,El Dorado,017,186661,55,39,0,39,0
2020-04-23,Fresno,019,978130,770,426,6,432,7
2020-04-23,Glenn,021,27897,5,3,0,3,0
2020-04-23,Humboldt,023,135768,59,53,0,53,0
2020-04-23,Imperial,025,180216,395,181,0,181,4
2020-04-23,Inyo,027,18085,19,19,0,19,0
2020-04-23,Kern,029,883053,972,732,1,733,4
2020-04-23,Kings,031,150075,126,28,1,29,1
2020-04-23,Lake,033,64148,6,6,0,6,0
2020-04-23,Lassen,035,31185,3,0,2,2,0
2020-04-23,Los Angeles,037,10098052,23568,17548,14,17562,784
2020-04-23,Madera,039,155013,77,37,1,38,2
2020-04-23,Marin,041,260295,225,209,1,210,11
2020-04-23,Mariposa,043,17540,7,0,0,0,0
2020-04-23,Mendocino,045,87422,9,5,0,5,0
2020-04-23,Merced,047,269075,159,98,0,98,3
2020-04-23,Modoc,049,8938,0,0,0,0,0
2020-04-23,Mono,051,14174,30,23,0,23,1
2020-04-23,Monterey,053,433212,233,161,1,162,4
2020-04-23,Napa,055,140530,68,59,0,59,2
2020-04-23,Nevada,057,99092,41,36,1,37,1
2020-04-23,Orange,059,3164182,2910,1841,24,1865,37
2020-04-23,Placer,061,380077,160,136,0,136,8
2020-04-23,Plumas,063,18699,4,4,0,4,0
2020-04-23,Riverside,065,2383286,4232,2935,14,2949,78
2020-04-23,Sacramento,067,1510023,1065,978,0,978,41
2020-04-23,San Benito,069,59416,48,43,0,43,2
2020-04-23,San Bernardino,071,2135413,2157,1604,1,1605,79
2020-04-23,San Diego,073,3302833,3694,2645,0,2645,100
2020-04-23,San Francisco,075,870044,1589,1312,0,1312,21
2020-04-23,San Joaquin,077,732212,550,479,3,482,20
2020-04-23,San Luis Obispo,079,281455,236,146,3,149,1
2020-04-23,San Mateo,081,765935,1289,970,2,972,42
2020-04-23,Santa Barbara,083,443738,490,445,2,447,6
2020-04-23,Santa Clara,085,1922200,2449,1996,4,2000,95
2020-04-23,Santa Cruz,087,273765,138,110,0,110,2
2020-04-23,Shasta,089,179085,35,27,0,27,3
2020-04-23,Sierra,091,2930,0,0,0,0,0
2020-04-23,Siskiyou,093,43540,5,5,0,5,0
2020-04-23,Solano,095,438530,266,196,0,196,3
2020-04-23,Sonoma,097,501317,238,187,0,187,1
2020-04-23,Stanislaus,099,539301,391,254,4,258,4
2020-04-23,Sutter,101,95872,28,24,0,24,2
2020-04-23,Tehama,103,63373,1,1,0,1,1
2020-04-23,Trinity,105,12862,0,0,0,0,0
2020-04-23,Tulare,107,460477,739,440,5,445,25
2020-04-23,Tuolumne,109,53932,3,2,0,2,0
2020-04-23,Ventura,111,848112,602,479,1,480,16
2020-04-23,Yolo,113,214977,168,151,0,151,8
2020-04-23,Yuba,115,75493,16,15,0,15,1
2020-04-22,Alameda,001,1643700,1610,1275,2,1277,46
2020-04-22,Alpine,003,1148,1,1,0,1,0
2020-04-22,Amador,005,37829,8,7,0,7,0
2020-04-22,Butte,007,227075,24,15,1,16,0
2020-04-22,Calaveras,009,45235,13,12,0,12,0
2020-04-22,Colusa,011,21464,3,3,0,3,0
2020-04-22,Contra Costa,013,1133247,904,772,0,772,22
2020-04-22,Del Norte,015,27424,2,2,0,2,0
2020-04-22,El Dorado,017,186661,55,39,0,39,0
2020-04-22,Fresno,019,978130,730,388,6,394,7
2020-04-22,Glenn,021,27897,5,3,0,3,0
2020-04-22,Humboldt,023,135768,59,53,0,53,0
2020-04-22,Imperial,025,180216,384,170,0,170,3
2020-04-22,Inyo,027,18085,19,18,0,18,0
2020-04-22,Kern,029,883053,950,713,1,714,4
2020-04-22,Kings,031,150075,105,28,1,29,1
2020-04-22,Lake,033,64148,6,6,0,6,0
2020-04-22,Lassen,035,31185,3,0,2,2,0
2020-04-22,Los Angeles,037,10098052,22542,16400,14,16414,715
2020-04-22,Madera,039,155013,75,37,1,38,2
2020-04-22,Marin,041,260295,223,202,1,203,11
2020-04-22,Mariposa,043,17540,6,0,0,0,0
2020-04-22,Mendocino,045,87422,6,5,0,5,0
2020-04-22,Merced,047,269075,147,92,0,92,3
2020-04-22,Modoc,049,8938,0,0,0,0,0
2020-04-22,Mono,051,14174,29,23,0,23,1
2020-04-22,Monterey,053,433212,226,154,1,155,4
2020-04-22,Napa,055,140530,67,58,0,58,2
2020-04-22,Nevada,057,99092,41,36,1,37,1
2020-04-22,Orange,059,3164182,2816,1785,23,1808,36
2020-04-22,Placer,061,380077,158,133,0,133,8
2020-04-22,Plumas,063,18699,4,4,0,4,0
2020-04-22,Riverside,065,2383286,4128,2822,14,2836,76
2020-04-22,Sacramento,067,1510023,1060,959,0,959,36
2020-04-22,San Benito,069,59416,47,43,0,43,2
2020-04-22,San Bernardino,071,2135413,2094,1564,1,1565,74
2020-04-22,San Diego,073,3302833,3566,2493,0,2493,96
2020-04-22,San Francisco,075,870044,1552,1255,0,1255,21
2020-04-22,San Joaquin,077,732212,539,462,3,465,20
2020-04-22,San Luis Obispo,079,281455,227,142,3,145,1
2020-04-22,San Mateo,081,765935,1266,945,2,947,40
2020-04-22,Santa Barbara,083,443738,485,437,2,439,6
2020-04-22,Santa Clara,085,1922200,2433,1969,4,1973,95
2020-04-22,Santa Cruz,087,273765,134,106,0,106,2
2020-04-22,Shasta,089,179085,34,26,0,26,3
2020-04-22,Sierra,091,2930,0,0,0,0,0
2020-04-22,Siskiyou,093,43540,5,5,0,5,0
2020-04-22,Solano,095,438530,247,195,0,195,3
2020-04-22,Sonoma,097,501317,235,185,0,185,1
2020-04-22,Stanislaus,099,539301,334,247,4,251,4
2020-04-22,Sutter,101,95872,28,22,0,22,2
2020-04-22,Tehama,103,63373,1,1,0,1,1
2020-04-22,Trinity,105,12862,0,0,0,0,0
2020-04-22,Tulare,107,460477,705,425,5,430,23
2020-04-22,Tuolumne,109,53932,3,2,0,2,0
2020-04-22,Ventura,111,848112,591,465,1,466,15
2020-04-22,Yolo,113,214977,168,147,0,147,8
2020-04-22,Yuba,115,75493,16,15,0,15,1
2020-04-21,Alameda,001,1643700,1580,1234,2,1236,46
2020-04-21,Alpine,003,1148,1,1,0,1,0
2020-04-21,Amador,005,37829,8,7,0,7,0
2020-04-21,Butte,007,227075,23,15,1,16,0
2020-04-21,Calaveras,009,45235,12,12,0,12,0
2020-04-21,Colusa,011,21464,3,3,0,3,0
2020-04-21,Contra Costa,013,1133247,890,766,0,766,22
2020-04-21,Del Norte,015,27424,2,2,0,2,0
2020-04-21,El Dorado,017,186661,54,36,0,36,0
2020-04-21,Fresno,019,978130,696,372,6,378,7
2020-04-21,Glenn,021,27897,5,3,0,3,0
2020-04-21,Humboldt,023,135768,58,53,0,53,0
2020-04-21,Imperial,025,180216,364,165,0,165,2
2020-04-21,Inyo,027,18085,19,18,0,18,0
2020-04-21,Kern,029,883053,908,676,1,677,4
2020-04-21,Kings,031,150075,91,28,1,29,1
2020-04-21,Lake,033,64148,6,6,0,6,0
2020-04-21,Lassen,035,31185,3,0,2,2,0
2020-04-21,Los Angeles,037,10098052,21682,15096,14,15110,650
2020-04-21,Madera,039,155013,75,37,1,38,2
2020-04-21,Marin,041,260295,217,202,1,203,10
2020-04-21,Mariposa,043,17540,5,0,0,0,0
2020-04-21,Mendocino,045,87422,6,5,0,5,0
2020-04-21,Merced,047,269075,143,89,0,89,3
2020-04-21,Modoc,049,8938,0,0,0,0,0
2020-04-21,Mono,051,14174,29,23,0,23,1
2020-04-21,Monterey,053,433212,223,151,1,152,4
2020-04-21,Napa,055,140530,66,58,0,58,2
2020-04-21,Nevada,057,99092,41,36,1,37,1
2020-04-21,Orange,059,3164182,2693,1717,22,1739,36
2020-04-21,Placer,061,380077,156,133,0,133,8
2020-04-21,Plumas,063,18699,4,4,0,4,0
2020-04-21,Riverside,065,2383286,3996,2631,14,2645,68
2020-04-21,Sacramento,067,1510023,1050,941,0,941,33
2020-04-21,San Benito,069,59416,45,43,0,43,2
2020-04-21,San Bernardino,071,2135413,2033,1499,1,1500,71
2020-04-21,San Diego,073,3302833,3410,2436,0,2436,87
2020-04-21,San Francisco,075,870044,1522,1232,0,1232,20
2020-04-21,San Joaquin,077,732212,529,447,3,450,20
2020-04-21,San Luis Obispo,079,281455,219,134,3,137,1
2020-04-21,San Mateo,081,765935,1220,933,2,935,34
2020-04-21,Santa Barbara,083,443738,476,414,2,416,5
2020-04-21,Santa Clara,085,1922200,2383,1943,4,1947,91
2020-04-21,Santa Cruz,087,273765,132,104,0,104,2
2020-04-21,Shasta,089,179085,33,26,0,26,3
2020-04-21,Sierra,091,2930,0,0,0,0,0
2020-04-21,Siskiyou,093,43540,5,5,0,5,0
2020-04-21,Solano,095,438530,239,193,0,193,3
2020-04-21,Sonoma,097,501317,225,182,0,182,1
2020-04-21,Stanislaus,099,539301,315,235,4,239,4
2020-04-21,Sutter,101,95872,28,22,0,22,2
2020-04-21,Tehama,103,63373,1,1,0,1,1
2020-04-21,Trinity,105,12862,0,0,0,0,0
2020-04-21,Tulare,107,460477,668,410,5,415,23
2020-04-21,Tuolumne,109,53932,3,2,0,2,0
2020-04-21,Ventura,111,848112,579,455,1,456,14
2020-04-21,Yolo,113,214977,166,143,0,143,8
2020-04-21,Yuba,115,75493,16,15,0,15,1
2020-04-20,Alameda,001,1643700,1547,1181,2,1183,42
2020-04-20,Alpine,003,1148,1,1,0,1,0
2020-04-20,Amador,005,37829,8,7,0,7,0
2020-04-20,Butte,007,227075,23,15,1,16,0
2020-04-20,Calaveras,009,45235,12,12,0,12,0
2020-04-20,Colusa,011,21464,3,3,0,3,0
2020-04-20,Contra Costa,013,1133247,880,753,0,753,22
2020-04-20,Del Norte,015,27424,2,2,0,2,0
2020-04-20,El Dorado,017,186661,54,36,0,36,0
2020-04-20,Fresno,019,978130,678,356,6,362,7
2020-04-20,Glenn,021,27897,4,3,0,3,0
2020-04-20,Humboldt,023,135768,58,53,0,53,0
2020-04-20,Imperial,025,180216,345,149,0,149,2
2020-04-20,Inyo,027,18085,19,17,0,17,0
2020-04-20,Kern,029,883053,876,651,1,652,3
2020-04-20,Kings,031,150075,80,19,1,20,1
2020-04-20,Lake,033,64148,6,6,0,6,0
2020-04-20,Lassen,035,31185,3,0,2,2,0
2020-04-20,Los Angeles,037,10098052,20767,13787,14,13801,608
2020-04-20,Madera,039,155013,74,35,1,36,2
2020-04-20,Marin,041,260295,213,200,1,201,10
2020-04-20,Mariposa,043,17540,5,0,0,0,0
2020-04-20,Mendocino,045,87422,6,5,0,5,0
2020-04-20,Merced,047,269075,136,88,0,88,3
2020-04-20,Modoc,049,8938,0,0,0,0,0
2020-04-20,Mono,051,14174,29,23,0,23,1
2020-04-20,Monterey,053,433212,214,147,1,148,4
2020-04-20,Napa,055,140530,66,55,0,55,2
2020-04-20,Nevada,057,99092,41,34,1,35,1
2020-04-20,Orange,059,3164182,2609,1679,22,1701,33
2020-04-20,Placer,061,380077,155,132,0,132,8
2020-04-20,Plumas,063,18699,4,4,0,4,0
2020-04-20,Riverside,065,2383286,3871,2477,14,2491,61
2020-04-20,Sacramento,067,1510023,1040,924,0,924,32
2020-04-20,San Benito,069,59416,45,43,0,43,2
2020-04-20,San Bernardino,071,2135413,1946,1344,1,1345,63
2020-04-20,San Diego,073,3302833,3268,2327,0,2327,72
2020-04-20,San Francisco,075,870044,1490,1223,0,1223,19
2020-04-20,San Joaquin,077,732212,525,422,3,425,17
2020-04-20,San Luis Obispo,079,281455,205,132,3,135,1
2020-04-20,San Mateo,081,765935,1197,890,2,892,31
2020-04-20,Santa Barbara,083,443738,469,388,2,390,4
2020-04-20,Santa Clara,085,1922200,2352,1920,4,1924,84
2020-04-20,Santa Cruz,087,273765,130,102,0,102,2
2020-04-20,Shasta,089,179085,33,26,0,26,3
2020-04-20,Sierra,091,2930,0,0,0,0,0
2020-04-20,Siskiyou,093,43540,5,5,0,5,0
2020-04-20,Solano,095,438530,236,185,0,185,2
2020-04-20,Sonoma,097,501317,217,178,0,178,1
2020-04-20,Stanislaus,099,539301,301,228,4,232,3
2020-04-20,Sutter,101,95872,27,22,0,22,2
2020-04-20,Tehama,103,63373,1,1,0,1,1
2020-04-20,Trinity,105,12862,0,0,0,0,0
2020-04-20,Tulare,107,460477,658,401,5,406,20
2020-04-20,Tuolumne,109,53932,3,2,0,2,0
2020-04-20,Ventura,111,848112,565,426,1,427,13
2020-04-20,Yolo,113,214977,165,125,0,125,5
2020-04-20,Yuba,115,75493,16,15,0,15,1
2020-04-19,Alameda,001,1643700,1497,1134,2,1136,41
2020-04-19,Alpine,003,1148,1,1,0,1,0
2020-04-19,Amador,005,37829,7,7,0,7,0
2020-04-19,Butte,007,227075,22,15,1,16,0
2020-04-19,Calaveras,009,45235,12,12,0,12,0
2020-04-19,Colusa,011,21464,3,3,0,3,0
2020-04-19,Contra Costa,013,1133247,866,731,0,731,20
2020-04-19,Del Norte,015,27424,2,2,0,2,0
2020-04-19,El Dorado,017,186661,54,36,0,36,0
2020-04-19,Fresno,019,978130,642,326,6,332,7
2020-04-19,Glenn,021,27897,4,3,0,3,0
2020-04-19,Humboldt,023,135768,58,53,0,53,0
2020-04-19,Imperial,025,180216,319,144,0,144,2
2020-04-19,Inyo,027,18085,19,17,0,17,0
2020-04-19,Kern,029,883053,851,629,1,630,3
2020-04-19,Kings,031,150075,70,17,1,18,1
2020-04-19,Lake,033,64148,6,6,0,6,0
2020-04-19,Lassen,035,31185,3,0,2,2,0
2020-04-19,Los Angeles,037,10098052,19772,12299,14,12313,589
2020-04-19,Madera,039,155013,72,34,1,35,2
2020-04-19,Marin,041,260295,212,194,1,195,10
2020-04-19,Mariposa,043,17540,2,0,0,0,0
2020-04-19,Mendocino,045,87422,6,4,0,4,0
2020-04-19,Merced,047,269075,131,85,0,85,3
2020-04-19,Modoc,049,8938,0,0,0,0,0
2020-04-19,Mono,051,14174,29,23,0,23,1
2020-04-19,Monterey,053,433212,205,140,1,141,4
2020-04-19,Napa,055,140530,64,49,0,49,2
2020-04-19,Nevada,057,99092,40,34,1,35,1
2020-04-19,Orange,059,3164182,2512,1591,21,1612,32
2020-04-19,Placer,061,380077,154,131,0,131,8
2020-04-19,Plumas,063,18699,4,4,0,4,0
2020-04-19,Riverside,065,2383286,3728,2316,14,2330,56
2020-04-19,Sacramento,067,1510023,1013,912,0,912,32
2020-04-19,San Benito,069,59416,43,40,0,40,2
2020-04-19,San Bernardino,071,2135413,1883,1262,1,1263,58
2020-04-19,San Diego,073,3302833,3101,2270,0,2270,71
2020-04-19,San Francisco,075,870044,1457,1153,0,1153,19
2020-04-19,San Joaquin,077,732212,507,404,3,407,17
2020-04-19,San Luis Obispo,079,281455,200,132,3,135,1
2020-04-19,San Mateo,081,765935,1161,845,2,847,31
2020-04-19,Santa Barbara,083,443738,462,377,2,379,3
2020-04-19,Santa Clara,085,1922200,2307,1878,4,1882,81
2020-04-19,Santa Cruz,087,273765,127,98,0,98,2
2020-04-19,Shasta,089,179085,31,26,0,26,3
2020-04-19,Sierra,091,2930,0,0,0,0,0
2020-04-19,Siskiyou,093,43540,5,5,0,5,0
2020-04-19,Solano,095,438530,228,174,0,174,2
2020-04-19,Sonoma,097,501317,211,172,0,172,1
2020-04-19,Stanislaus,099,539301,293,221,4,225,3
2020-04-19,Sutter,101,95872,26,21,0,21,2
2020-04-19,Tehama,103,63373,1,1,0,1,1
2020-04-19,Trinity,105,12862,0,0,0,0,0
2020-04-19,Tulare,107,460477,612,391,5,396,17
2020-04-19,Tuolumne,109,53932,3,2,0,2,0
2020-04-19,Ventura,111,848112,557,418,1,419,13
2020-04-19,Yolo,113,214977,165,120,0,120,5
2020-04-19,Yuba,115,75493,16,15,0,15,1
2020-04-18,Alameda,001,1643700,1472,1085,2,1087,40
2020-04-18,Alpine,003,1148,1,1,0,1,0
2020-04-18,Amador,005,37829,7,7,0,7,0
2020-04-18,Butte,007,227075,21,15,1,16,0
2020-04-18,Calaveras,009,45235,12,12,0,12,0
2020-04-18,Colusa,011,21464,3,3,0,3,0
2020-04-18,Contra Costa,013,1133247,854,721,0,721,17
2020-04-18,Del Norte,015,27424,2,2,0,2,0
2020-04-18,El Dorado,017,186661,54,36,0,36,0
2020-04-18,Fresno,019,978130,622,319,6,325,7
2020-04-18,Glenn,021,27897,4,3,0,3,0
2020-04-18,Humboldt,023,135768,58,52,0,52,0
2020-04-18,Imperial,025,180216,310,137,0,137,2
2020-04-18,Inyo,027,18085,19,17,0,17,0
2020-04-18,Kern,029,883053,829,626,1,627,3
2020-04-18,Kings,031,150075,69,17,1,18,1
2020-04-18,Lake,033,64148,6,6,0,6,0
2020-04-18,Lassen,035,31185,3,0,2,2,0
2020-04-18,Los Angeles,037,10098052,19246,11984,14,11998,566
2020-04-18,Madera,039,155013,71,34,1,35,2
2020-04-18,Marin,041,260295,210,193,1,194,10
2020-04-18,Mariposa,043,17540,2,0,0,0,0
2020-04-18,Mendocino,045,87422,6,4,0,4,0
2020-04-18,Merced,047,269075,129,82,0,82,3
2020-04-18,Modoc,049,8938,0,0,0,0,0
2020-04-18,Mono,051,14174,29,22,0,22,1
2020-04-18,Monterey,053,433212,201,135,1,136,3
2020-04-18,Napa,055,140530,64,49,0,49,2
2020-04-18,Nevada,057,99092,39,34,1,35,1
2020-04-18,Orange,059,3164182,2448,1569,20,1589,32
2020-04-18,Placer,061,380077,152,130,0,130,8
2020-04-18,Plumas,063,18699,4,4,0,4,0
2020-04-18,Riverside,065,2383286,3653,2257,14,2271,56
2020-04-18,Sacramento,067,1510023,1001,901,0,901,32
2020-04-18,San Benito,069,59416,43,40,0,40,2
2020-04-18,San Bernardino,071,2135413,1838,1255,1,1256,58
2020-04-18,San Diego,073,3302833,2999,2215,0,2215,71
2020-04-18,San Francisco,075,870044,1418,1144,0,1144,19
2020-04-18,San Joaquin,077,732212,498,392,3,395,17
2020-04-18,San Luis Obispo,079,281455,196,129,3,132,1
2020-04-18,San Mateo,081,765935,1139,821,2,823,31
2020-04-18,Santa Barbara,083,443738,456,372,2,374,3
2020-04-18,Santa Clara,085,1922200,2274,1862,4,1866,79
2020-04-18,Santa Cruz,087,273765,125,96,0,96,2
2020-04-18,Shasta,089,179085,31,26,0,26,3
2020-04-18,Sierra,091,2930,0,0,0,0,0
2020-04-18,Siskiyou,093,43540,5,5,0,5,0
2020-04-18,Solano,095,438530,225,175,0,175,2
2020-04-18,Sonoma,097,501317,207,168,0,168,1
2020-04-18,Stanislaus,099,539301,285,216,4,220,3
2020-04-18,Sutter,101,95872,26,21,0,21,2
2020-04-18,Tehama,103,63373,1,1,0,1,1
2020-04-18,Trinity,105,12862,0,0,0,0,0
2020-04-18,Tulare,107,460477,601,385,5,390,17
2020-04-18,Tuolumne,109,53932,3,2,0,2,0
2020-04-18,Ventura,111,848112,549,416,1,417,13
2020-04-18,Yolo,113,214977,163,118,0,118,5
2020-04-18,Yuba,115,75493,16,14,0,14,1
2020-04-17,Alameda,001,1643700,1416,1043,1,1044,40
2020-04-17,Alpine,003,1148,1,1,0,1,0
2020-04-17,Amador,005,37829,7,7,0,7,0
2020-04-17,Butte,007,227075,21,15,1,16,0
2020-04-17,Calaveras,009,45235,12,11,0,11,0
2020-04-17,Colusa,011,21464,3,3,0,3,0
2020-04-17,Contra Costa,013,1133247,843,687,0,687,15
2020-04-17,Del Norte,015,27424,2,2,0,2,0
2020-04-17,El Dorado,017,186661,54,35,0,35,0
2020-04-17,Fresno,019,978130,600,315,6,321,7
2020-04-17,Glenn,021,27897,4,3,0,3,0
2020-04-17,Humboldt,023,135768,57,52,0,52,0
2020-04-17,Imperial,025,180216,301,135,0,135,2
2020-04-17,Inyo,027,18085,19,17,0,17,0
2020-04-17,Kern,029,883053,809,612,1,613,3
2020-04-17,Kings,031,150075,67,15,1,16,1
2020-04-17,Lake,033,64148,6,6,0,6,0
2020-04-17,Lassen,035,31185,3,0,2,2,0
2020-04-17,Los Angeles,037,10098052,18603,11354,14,11368,489
2020-04-17,Madera,039,155013,71,34,1,35,2
2020-04-17,Marin,041,260295,207,189,1,190,10
2020-04-17,Mariposa,043,17540,1,0,0,0,0
2020-04-17,Mendocino,045,87422,6,4,0,4,0
2020-04-17,Merced,047,269075,128,80,0,80,3
2020-04-17,Modoc,049,8938,0,0,0,0,0
2020-04-17,Mono,051,14174,29,22,0,22,1
2020-04-17,Monterey,053,433212,196,119,1,120,3
2020-04-17,Napa,055,140530,62,46,0,46,2
2020-04-17,Nevada,057,99092,38,34,1,35,1
2020-04-17,Orange,059,3164182,2397,1496,20,1516,31
2020-04-17,Placer,061,380077,152,130,0,130,8
2020-04-17,Plumas,063,18699,4,4,0,4,0
2020-04-17,Riverside,065,2383286,3526,2080,14,2094,50
2020-04-17,Sacramento,067,1510023,994,882,0,882,32
2020-04-17,San Benito,069,59416,43,38,0,38,2
2020-04-17,San Bernardino,071,2135413,1799,1229,1,1230,57
2020-04-17,San Diego,073,3302833,2909,2160,0,2160,70
2020-04-17,San Francisco,075,870044,1392,1090,0,1090,19
2020-04-17,San Joaquin,077,732212,487,356,3,359,17
2020-04-17,San Luis Obispo,079,281455,189,116,3,119,1
2020-04-17,San Mateo,081,765935,1123,768,2,770,31
2020-04-17,Santa Barbara,083,443738,451,349,2,351,3
2020-04-17,Santa Clara,085,1922200,2238,1834,4,1838,74
2020-04-17,Santa Cruz,087,273765,124,94,0,94,2
2020-04-17,Shasta,089,179085,31,26,0,26,3
2020-04-17,Sierra,091,2930,0,0,0,0,0
2020-04-17,Siskiyou,093,43540,5,5,0,5,0
2020-04-17,Solano,095,438530,224,173,0,173,2
2020-04-17,Sonoma,097,501317,204,167,0,167,1
2020-04-17,Stanislaus,099,539301,283,201,4,205,3
2020-04-17,Sutter,101,95872,26,20,0,20,2
2020-04-17,Tehama,103,63373,1,1,0,1,1
2020-04-17,Trinity,105,12862,0,0,0,0,0
2020-04-17,Tulare,107,460477,594,370,5,375,17
2020-04-17,Tuolumne,109,53932,3,2,0,2,0
2020-04-17,Ventura,111,848112,544,398,1,399,13
2020-04-17,Yolo,113,214977,162,117,0,117,5
2020-04-17,Yuba,115,75493,16,14,0,14,1
2020-04-16,Alameda,001,1643700,1381,981,1,982,39
2020-04-16,Alpine,003,1148,1,1,0,1,0
2020-04-16,Amador,005,37829,7,7,0,7,0
2020-04-16,Butte,007,227075,20,15,1,16,0
2020-04-16,Calaveras,009,45235,12,10,0,10,0
2020-04-16,Colusa,011,21464,3,3,0,3,0
2020-04-16,Contra Costa,013,1133247,829,675,0,675,14
2020-04-16,Del Norte,015,27424,2,2,0,2,0
2020-04-16,El Dorado,017,186661,53,34,0,34,0
2020-04-16,Fresno,019,978130,570,289,6,295,7
2020-04-16,Glenn,021,27897,4,3,0,3,0
2020-04-16,Humboldt,023,135768,57,47,0,47,0
2020-04-16,Imperial,025,180216,287,132,0,132,2
2020-04-16,Inyo,027,18085,17,17,0,17,0
2020-04-16,Kern,029,883053,782,587,1,588,3
2020-04-16,Kings,031,150075,63,12,1,13,1
2020-04-16,Lake,033,64148,6,6,0,6,0
2020-04-16,Lassen,035,31185,3,0,2,2,0
2020-04-16,Los Angeles,037,10098052,17718,10786,14,10800,447
2020-04-16,Madera,039,155013,69,34,1,35,2
2020-04-16,Marin,041,260295,203,170,1,171,10
2020-04-16,Mariposa,043,17540,1,1,0,1,0
2020-04-16,Mendocino,045,87422,6,4,0,4,0
2020-04-16,Merced,047,269075,122,76,0,76,3
2020-04-16,Modoc,049,8938,0,0,0,0,0
2020-04-16,Mono,051,14174,29,22,0,22,1
2020-04-16,Monterey,053,433212,193,116,1,117,3
2020-04-16,Napa,055,140530,59,44,0,44,2
2020-04-16,Nevada,057,99092,38,34,1,35,1
2020-04-16,Orange,059,3164182,2332,1439,19,1458,28
2020-04-16,Placer,061,380077,150,129,0,129,7
2020-04-16,Plumas,063,18699,4,4,0,4,0
2020-04-16,Riverside,065,2383286,3406,1913,14,1927,45
2020-04-16,Sacramento,067,1510023,986,865,0,865,32
2020-04-16,San Benito,069,59416,43,36,0,36,2
2020-04-16,San Bernardino,071,2135413,1717,1143,0,1143,54
2020-04-16,San Diego,073,3302833,2801,2089,0,2089,63
2020-04-16,San Francisco,075,870044,1348,1039,0,1039,16
2020-04-16,San Joaquin,077,732212,472,345,3,348,17
2020-04-16,San Luis Obispo,079,281455,185,113,3,116,1
2020-04-16,San Mateo,081,765935,1094,745,2,747,29
2020-04-16,Santa Barbara,083,443738,440,331,2,333,3
2020-04-16,Santa Clara,085,1922200,2201,1789,4,1793,70
2020-04-16,Santa Cruz,087,273765,122,90,0,90,2
2020-04-16,Shasta,089,179085,31,25,0,25,3
2020-04-16,Sierra,091,2930,0,0,0,0,0
2020-04-16,Siskiyou,093,43540,5,5,0,5,0
2020-04-16,Solano,095,438530,221,162,0,162,2
2020-04-16,Sonoma,097,501317,199,145,0,145,1
2020-04-16,Stanislaus,099,539301,280,185,4,189,3
2020-04-16,Sutter,101,95872,25,21,0,21,2
2020-04-16,Tehama,103,63373,1,1,0,1,1
2020-04-16,Trinity,105,12862,0,0,0,0,0
2020-04-16,Tulare,107,460477,577,305,5,310,16
2020-04-16,Tuolumne,109,53932,3,1,0,1,0
2020-04-16,Ventura,111,848112,532,384,1,385,13
2020-04-16,Yolo,113,214977,160,98,0,98,4
2020-04-16,Yuba,115,75493,15,14,0,14,1
2020-04-15,Alameda,001,1643700,1331,915,1,916,38
2020-04-15,Alpine,003,1148,1,1,0,1,0
2020-04-15,Amador,005,37829,7,7,0,7,0
2020-04-15,Butte,007,227075,20,14,1,15,0
2020-04-15,Calaveras,009,45235,11,9,0,9,0
2020-04-15,Colusa,011,21464,3,3,0,3,0
2020-04-15,Contra Costa,013,1133247,807,645,0,645,14
2020-04-15,Del Norte,015,27424,2,2,0,2,0
2020-04-15,El Dorado,017,186661,51,33,0,33,0
2020-04-15,Fresno,019,978130,544,264,6,270,7
2020-04-15,Glenn,021,27897,4,3,0,3,0
2020-04-15,Humboldt,023,135768,57,47,0,47,0
2020-04-15,Imperial,025,180216,260,115,0,115,2
2020-04-15,Inyo,027,18085,17,12,0,12,0
2020-04-15,Kern,029,883053,760,500,1,501,3
2020-04-15,Kings,031,150075,59,12,1,13,1
2020-04-15,Lake,033,64148,6,4,0,4,0
2020-04-15,Lassen,035,31185,3,0,2,2,0
2020-04-15,Los Angeles,037,10098052,16898,10416,13,10429,394
2020-04-15,Madera,039,155013,69,30,1,31,2
2020-04-15,Marin,041,260295,200,162,1,163,10
2020-04-15,Mariposa,043,17540,0,0,0,0,0
2020-04-15,Mendocino,045,87422,5,4,0,4,0
2020-04-15,Merced,047,269075,120,74,0,74,3
2020-04-15,Modoc,049,8938,0,0,0,0,0
2020-04-15,Mono,051,14174,29,22,0,22,1
2020-04-15,Monterey,053,433212,185,106,1,107,3
2020-04-15,Napa,055,140530,56,34,0,34,2
2020-04-15,Nevada,057,99092,37,34,1,35,1
2020-04-15,Orange,059,3164182,2229,1377,19,1396,24
2020-04-15,Placer,061,380077,149,123,0,123,6
2020-04-15,Plumas,063,18699,4,4,0,4,0
2020-04-15,Riverside,065,2383286,3211,1723,14,1737,42
2020-04-15,Sacramento,067,1510023,977,839,0,839,32
2020-04-15,San Benito,069,59416,43,34,0,34,2
2020-04-15,San Bernardino,071,2135413,1647,1063,0,1063,45
2020-04-15,San Diego,073,3302833,2713,2014,0,2014,60
2020-04-15,San Francisco,075,870044,1312,1006,0,1006,16
2020-04-15,San Joaquin,077,732212,464,329,3,332,17
2020-04-15,San Luis Obispo,079,281455,177,112,3,115,1
2020-04-15,San Mateo,081,765935,1045,707,2,709,28
2020-04-15,Santa Barbara,083,443738,424,317,2,319,2
2020-04-15,Santa Clara,085,1922200,2162,1692,4,1696,69
2020-04-15,Santa Cruz,087,273765,118,92,0,92,2
2020-04-15,Shasta,089,179085,31,25,0,25,3
2020-04-15,Sierra,091,2930,0,0,0,0,0
2020-04-15,Siskiyou,093,43540,5,5,0,5,0
2020-04-15,Solano,095,438530,216,153,0,153,2
2020-04-15,Sonoma,097,501317,197,140,0,140,1
2020-04-15,Stanislaus,099,539301,273,174,4,178,3
2020-04-15,Sutter,101,95872,25,19,0,19,2
2020-04-15,Tehama,103,63373,1,1,0,1,1
2020-04-15,Trinity,105,12862,0,0,0,0,0
2020-04-15,Tulare,107,460477,559,289,5,294,14
2020-04-15,Tuolumne,109,53932,3,1,0,1,0
2020-04-15,Ventura,111,848112,517,365,1,366,13
2020-04-15,Yolo,113,214977,156,93,0,93,3
2020-04-15,Yuba,115,75493,15,15,0,15,1
2020-04-14,Alameda,001,1643700,1286,843,1,844,30
2020-04-14,Alpine,003,1148,1,1,0,1,0
2020-04-14,Amador,005,37829,7,6,0,6,0
2020-04-14,Butte,007,227075,20,13,1,14,0
2020-04-14,Calaveras,009,45235,11,5,0,5,0
2020-04-14,Colusa,011,21464,3,3,0,3,0
2020-04-14,Contra Costa,013,1133247,795,617,0,617,12
2020-04-14,Del Norte,015,27424,2,2,0,2,0
2020-04-14,El Dorado,017,186661,51,30,0,30,0
2020-04-14,Fresno,019,978130,521,244,6,250,6
2020-04-14,Glenn,021,27897,4,3,0,3,0
2020-04-14,Humboldt,023,135768,57,44,0,44,0
2020-04-14,Imperial,025,180216,240,86,0,86,2
2020-04-14,Inyo,027,18085,17,12,0,12,0
2020-04-14,Kern,029,883053,736,453,1,454,3
2020-04-14,Kings,031,150075,58,12,1,13,1
2020-04-14,Lake,033,64148,6,3,0,3,0
2020-04-14,Lassen,035,31185,3,0,2,2,0
2020-04-14,Los Angeles,037,10098052,16004,9948,12,9960,357
2020-04-14,Madera,039,155013,68,29,1,30,2
2020-04-14,Marin,041,260295,196,147,1,148,9
2020-04-14,Mariposa,043,17540,0,0,0,0,0
2020-04-14,Mendocino,045,87422,5,4,0,4,0
2020-04-14,Merced,047,269075,113,61,0,61,3
2020-04-14,Modoc,049,8938,0,0,0,0,0
2020-04-14,Mono,051,14174,29,22,0,22,1
2020-04-14,Monterey,053,433212,180,98,1,99,3
2020-04-14,Napa,055,140530,56,33,0,33,2
2020-04-14,Nevada,057,99092,37,34,1,35,1
2020-04-14,Orange,059,3164182,2127,1362,19,1381,24
2020-04-14,Placer,061,380077,148,117,0,117,5
2020-04-14,Plumas,063,18699,4,3,0,3,0
2020-04-14,Riverside,065,2383286,3076,1467,14,1481,40
2020-04-14,Sacramento,067,1510023,968,737,0,737,29
2020-04-14,San Benito,069,59416,40,34,0,34,2
2020-04-14,San Bernardino,071,2135413,1592,933,0,933,37
2020-04-14,San Diego,073,3302833,2618,1932,0,1932,53
2020-04-14,San Francisco,075,870044,1258,968,0,968,14
2020-04-14,San Joaquin,077,732212,454,280,3,283,17
2020-04-14,San Luis Obispo,079,281455,174,109,3,112,1
2020-04-14,San Mateo,081,765935,1011,681,2,683,28
2020-04-14,Santa Barbara,083,443738,400,292,2,294,2
2020-04-14,Santa Clara,085,1922200,2129,1561,4,1565,63
2020-04-14,Santa Cruz,087,273765,110,84,0,84,2
2020-04-14,Shasta,089,179085,31,24,0,24,3
2020-04-14,Sierra,091,2930,0,0,0,0,0
2020-04-14,Siskiyou,093,43540,5,5,0,5,0
2020-04-14,Solano,095,438530,213,140,0,140,2
2020-04-14,Sonoma,097,501317,193,133,0,133,1
2020-04-14,Stanislaus,099,539301,260,136,4,140,3
2020-04-14,Sutter,101,95872,24,19,0,19,2
2020-04-14,Tehama,103,63373,1,1,0,1,1
2020-04-14,Trinity,105,12862,0,0,0,0,0
2020-04-14,Tulare,107,460477,535,228,5,233,12
2020-04-14,Tuolumne,109,53932,3,0,0,0,0
2020-04-14,Ventura,111,848112,504,328,1,329,11
2020-04-14,Yolo,113,214977,153,81,0,81,3
2020-04-14,Yuba,115,75493,14,14,0,14,1
2020-04-13,Alameda,001,1643700,1247,821,1,822,23
2020-04-13,Alpine,003,1148,1,1,0,1,0
2020-04-13,Amador,005,37829,7,6,0,6,0
2020-04-13,Butte,007,227075,20,13,1,14,0
2020-04-13,Calaveras,009,45235,10,5,0,5,0
2020-04-13,Colusa,011,21464,3,3,0,3,0
2020-04-13,Contra Costa,013,1133247,779,569,0,569,12
2020-04-13,Del Norte,015,27424,2,2,0,2,0
2020-04-13,El Dorado,017,186661,49,29,0,29,0
2020-04-13,Fresno,019,978130,499,205,5,210,4
2020-04-13,Glenn,021,27897,4,3,0,3,0
2020-04-13,Humboldt,023,135768,57,44,0,44,0
2020-04-13,Imperial,025,180216,222,82,0,82,2
2020-04-13,Inyo,027,18085,17,12,0,12,0
2020-04-13,Kern,029,883053,711,346,1,347,3
2020-04-13,Kings,031,150075,54,9,1,10,0
2020-04-13,Lake,033,64148,6,3,0,3,0
2020-04-13,Lassen,035,31185,3,0,2,2,0
2020-04-13,Los Angeles,037,10098052,15290,9367,12,9379,317
2020-04-13,Madera,039,155013,66,29,1,30,2
2020-04-13,Marin,041,260295,192,144,1,145,6
2020-04-13,Mariposa,043,17540,0,0,0,0,0
2020-04-13,Mendocino,045,87422,5,4,0,4,0
2020-04-13,Merced,047,269075,112,60,0,60,3
2020-04-13,Modoc,049,8938,0,0,0,0,0
2020-04-13,Mono,051,14174,29,21,0,21,1
2020-04-13,Monterey,053,433212,173,86,1,87,3
2020-04-13,Napa,055,140530,55,30,0,30,2
2020-04-13,Nevada,057,99092,37,24,1,25,1
2020-04-13,Orange,059,3164182,2054,1313,19,1332,21
2020-04-13,Placer,061,380077,147,116,0,116,5
2020-04-13,Plumas,063,18699,4,3,0,3,0
2020-04-13,Riverside,065,2383286,2935,1460,13,1473,35
2020-04-13,Sacramento,067,1510023,956,723,0,723,25
2020-04-13,San Benito,069,59416,39,33,0,33,2
2020-04-13,San Bernardino,071,2135413,1517,920,0,920,30
2020-04-13,San Diego,073,3302833,2535,1849,0,1849,47
2020-04-13,San Francisco,075,870044,1220,948,0,948,12
2020-04-13,San Joaquin,077,732212,439,255,3,258,16
2020-04-13,San Luis Obispo,079,281455,169,106,3,109,1
2020-04-13,San Mateo,081,765935,971,679,2,681,25
2020-04-13,Santa Barbara,083,443738,381,271,1,272,2
2020-04-13,Santa Clara,085,1922200,2083,1540,4,1544,58
2020-04-13,Santa Cruz,087,273765,104,82,0,82,1
2020-04-13,Shasta,089,179085,30,24,0,24,3
2020-04-13,Sierra,091,2930,0,0,0,0,0
2020-04-13,Siskiyou,093,43540,5,5,0,5,0
2020-04-13,Solano,095,438530,210,136,0,136,2
2020-04-13,Sonoma,097,501317,186,133,0,133,1
2020-04-13,Stanislaus,099,539301,254,130,4,134,1
2020-04-13,Sutter,101,95872,24,18,0,18,2
2020-04-13,Tehama,103,63373,1,1,0,1,0
2020-04-13,Trinity,105,12862,0,0,0,0,0
2020-04-13,Tulare,107,460477,499,185,5,190,11
2020-04-13,Tuolumne,109,53932,3,0,0,0,0
2020-04-13,Ventura,111,848112,483,309,0,309,9
2020-04-13,Yolo,113,214977,147,81,0,81,3
2020-04-13,Yuba,115,75493,14,13,0,13,1
2020-04-12,Alameda,001,1643700,1204,774,1,775,23
2020-04-12,Alpine,003,1148,1,1,0,1,0
2020-04-12,Amador,005,37829,7,6,0,6,0
2020-04-12,Butte,007,227075,20,13,1,14,0
2020-04-12,Calaveras,009,45235,10,5,0,5,0
2020-04-12,Colusa,011,21464,3,3,0,3,0
2020-04-12,Contra Costa,013,1133247,766,553,0,553,12
2020-04-12,Del Norte,015,27424,2,2,0,2,0
2020-04-12,El Dorado,017,186661,49,28,0,28,0
2020-04-12,Fresno,019,978130,470,205,5,210,4
2020-04-12,Glenn,021,27897,4,3,0,3,0
2020-04-12,Humboldt,023,135768,57,43,0,43,0
2020-04-12,Imperial,025,180216,199,78,0,78,2
2020-04-12,Inyo,027,18085,15,12,0,12,0
2020-04-12,Kern,029,883053,679,319,0,319,3
2020-04-12,Kings,031,150075,52,9,1,10,0
2020-04-12,Lake,033,64148,6,3,0,3,0
2020-04-12,Lassen,035,31185,3,0,2,2,0
2020-04-12,Los Angeles,037,10098052,14576,9133,12,9145,294
2020-04-12,Madera,039,155013,65,29,1,30,2
2020-04-12,Marin,041,260295,181,138,1,139,6
2020-04-12,Mariposa,043,17540,0,0,0,0,0
2020-04-12,Mendocino,045,87422,5,4,0,4,0
2020-04-12,Merced,047,269075,106,58,0,58,3
2020-04-12,Modoc,049,8938,0,0,0,0,0
2020-04-12,Mono,051,14174,29,20,0,20,1
2020-04-12,Monterey,053,433212,159,85,1,86,3
2020-04-12,Napa,055,140530,53,29,0,29,2
2020-04-12,Nevada,057,99092,37,24,1,25,1
2020-04-12,Orange,059,3164182,1994,1283,18,1301,21
2020-04-12,Placer,061,380077,146,114,0,114,4
2020-04-12,Plumas,063,18699,4,3,0,3,0
2020-04-12,Riverside,065,2383286,2753,1330,13,1343,34
2020-04-12,Sacramento,067,1510023,919,689,0,689,25
2020-04-12,San Benito,069,59416,37,33,0,33,2
2020-04-12,San Bernardino,071,2135413,1440,827,0,827,30
2020-04-12,San Diego,073,3302833,2445,1806,0,1806,45
2020-04-12,San Francisco,075,870044,1193,886,0,886,11
2020-04-12,San Joaquin,077,732212,421,246,3,249,15
2020-04-12,San Luis Obispo,079,281455,166,102,2,104,1
2020-04-12,San Mateo,081,765935,945,664,2,666,25
2020-04-12,Santa Barbara,083,443738,362,261,1,262,2
2020-04-12,Santa Clara,085,1922200,2055,1461,4,1465,53
2020-04-12,Santa Cruz,087,273765,102,80,0,80,1
2020-04-12,Shasta,089,179085,30,24,0,24,3
2020-04-12,Sierra,091,2930,0,0,0,0,0
2020-04-12,Siskiyou,093,43540,5,5,0,5,0
2020-04-12,Solano,095,438530,204,136,0,136,2
2020-04-12,Sonoma,097,501317,183,131,0,131,1
2020-04-12,Stanislaus,099,539301,246,117,4,121,1
2020-04-12,Sutter,101,95872,23,18,0,18,2
2020-04-12,Tehama,103,63373,1,1,0,1,0
2020-04-12,Trinity,105,12862,0,0,0,0,0
2020-04-12,Tulare,107,460477,487,166,5,171,11
2020-04-12,Tuolumne,109,53932,3,0,0,0,0
2020-04-12,Ventura,111,848112,473,306,0,306,9
2020-04-12,Yolo,113,214977,135,67,0,67,3
2020-04-12,Yuba,115,75493,14,13,0,13,1
2020-04-11,Alameda,001,1643700,1163,751,1,752,23
2020-04-11,Alpine,003,1148,1,1,0,1,0
2020-04-11,Amador,005,37829,7,6,0,6,0
2020-04-11,Butte,007,227075,20,13,1,14,0
2020-04-11,Calaveras,009,45235,10,5,0,5,0
2020-04-11,Colusa,011,21464,3,3,0,3,0
2020-04-11,Contra Costa,013,1133247,757,550,0,550,12
2020-04-11,Del Norte,015,27424,2,2,0,2,0
2020-04-11,El Dorado,017,186661,48,29,0,29,0
2020-04-11,Fresno,019,978130,460,201,5,206,4
2020-04-11,Glenn,021,27897,4,3,0,3,0
2020-04-11,Humboldt,023,135768,57,38,0,38,0
2020-04-11,Imperial,025,180216,189,78,0,78,2
2020-04-11,Inyo,027,18085,15,12,0,12,0
2020-04-11,Kern,029,883053,651,304,0,304,3
2020-04-11,Kings,031,150075,49,9,1,10,0
2020-04-11,Lake,033,64148,6,3,0,3,0
2020-04-11,Lassen,035,31185,3,0,2,2,0
2020-04-11,Los Angeles,037,10098052,14106,8823,12,8835,262
2020-04-11,Madera,039,155013,64,29,1,30,2
2020-04-11,Marin,041,260295,178,136,1,137,6
2020-04-11,Mariposa,043,17540,0,0,0,0,0
2020-04-11,Mendocino,045,87422,5,4,0,4,0
2020-04-11,Merced,047,269075,103,59,0,59,3
2020-04-11,Modoc,049,8938,0,0,0,0,0
2020-04-11,Mono,051,14174,29,20,0,20,1
2020-04-11,Monterey,053,433212,153,78,1,79,3
2020-04-11,Napa,055,140530,53,29,0,29,2
2020-04-11,Nevada,057,99092,37,24,1,25,1
2020-04-11,Orange,059,3164182,1932,1267,18,1285,21
2020-04-11,Placer,061,380077,146,113,0,113,4
2020-04-11,Plumas,063,18699,4,3,0,3,0
2020-04-11,Riverside,065,2383286,2674,1260,13,1273,33
2020-04-11,Sacramento,067,1510023,908,685,0,685,25
2020-04-11,San Benito,069,59416,37,33,0,33,2
2020-04-11,San Bernardino,071,2135413,1404,826,0,826,28
2020-04-11,San Diego,073,3302833,2379,1763,0,1763,45
2020-04-11,San Francisco,075,870044,1171,860,0,860,11
2020-04-11,San Joaquin,077,732212,416,244,3,247,15
2020-04-11,San Luis Obispo,079,281455,166,100,1,101,1
2020-04-11,San Mateo,081,765935,933,662,2,664,25
2020-04-11,Santa Barbara,083,443738,354,258,1,259,2
2020-04-11,Santa Clara,085,1922200,1996,1441,4,1445,51
2020-04-11,Santa Cruz,087,273765,102,79,0,79,1
2020-04-11,Shasta,089,179085,30,24,0,24,3
2020-04-11,Sierra,091,2930,0,0,0,0,0
2020-04-11,Siskiyou,093,43540,5,5,0,5,0
2020-04-11,Solano,095,438530,200,138,0,138,2
2020-04-11,Sonoma,097,501317,181,131,0,131,1
2020-04-11,Stanislaus,099,539301,238,119,3,122,1
2020-04-11,Sutter,101,95872,23,18,0,18,2
2020-04-11,Tehama,103,63373,1,1,0,1,0
2020-04-11,Trinity,105,12862,0,0,0,0,0
2020-04-11,Tulare,107,460477,465,168,5,173,10
2020-04-11,Tuolumne,109,53932,3,0,0,0,0
2020-04-11,Ventura,111,848112,463,304,0,304,9
2020-04-11,Yolo,113,214977,132,67,0,67,3
2020-04-11,Yuba,115,75493,14,13,0,13,1
2020-04-10,Alameda,001,1643700,1122,706,1,707,21
2020-04-10,Alpine,003,1148,1,1,0,1,0
2020-04-10,Amador,005,37829,7,5,0,5,0
2020-04-10,Butte,007,227075,20,13,1,14,0
2020-04-10,Calaveras,009,45235,10,5,0,5,0
2020-04-10,Colusa,011,21464,3,3,0,3,0
2020-04-10,Contra Costa,013,1133247,744,537,0,537,10
2020-04-10,Del Norte,015,27424,2,2,0,2,0
2020-04-10,El Dorado,017,186661,48,26,0,26,0
2020-04-10,Fresno,019,978130,453,186,4,190,3
2020-04-10,Glenn,021,27897,4,3,0,3,0
2020-04-10,Humboldt,023,135768,57,36,0,36,0
2020-04-10,Imperial,025,180216,182,70,0,70,2
2020-04-10,Inyo,027,18085,13,11,0,11,0
2020-04-10,Kern,029,883053,627,272,0,272,3
2020-04-10,Kings,031,150075,46,7,1,8,0
2020-04-10,Lake,033,64148,6,3,0,3,0
2020-04-10,Lassen,035,31185,3,0,2,2,0
2020-04-10,Los Angeles,037,10098052,13592,8384,11,8395,239
2020-04-10,Madera,039,155013,63,29,1,30,2
2020-04-10,Marin,041,260295,173,128,1,129,6
2020-04-10,Mariposa,043,17540,0,0,0,0,0
2020-04-10,Mendocino,045,87422,5,4,0,4,0
2020-04-10,Merced,047,269075,100,56,0,56,3
2020-04-10,Modoc,049,8938,0,0,0,0,0
2020-04-10,Mono,051,14174,29,20,0,20,1
2020-04-10,Monterey,053,433212,142,78,1,79,3
2020-04-10,Napa,055,140530,50,28,0,28,2
2020-04-10,Nevada,057,99092,37,23,1,24,1
2020-04-10,Orange,059,3164182,1885,1167,18,1185,21
2020-04-10,Placer,061,380077,145,112,0,112,4
2020-04-10,Plumas,063,18699,4,3,0,3,0
2020-04-10,Riverside,065,2383286,2608,1162,13,1175,30
2020-04-10,Sacramento,067,1510023,899,642,0,642,24
2020-04-10,San Benito,069,59416,37,32,0,32,2
2020-04-10,San Bernardino,071,2135413,1356,779,0,779,27
2020-04-10,San Diego,073,3302833,2319,1695,0,1695,44
2020-04-10,San Francisco,075,870044,1140,797,0,797,10
2020-04-10,San Joaquin,077,732212,404,234,3,237,14
2020-04-10,San Luis Obispo,079,281455,166,97,1,98,1
2020-04-10,San Mateo,081,765935,917,642,2,644,24
2020-04-10,Santa Barbara,083,443738,346,254,1,255,2
2020-04-10,Santa Clara,085,1922200,1944,1351,4,1355,50
2020-04-10,Santa Cruz,087,273765,101,75,0,75,1
2020-04-10,Shasta,089,179085,30,24,0,24,3
2020-04-10,Sierra,091,2930,0,0,0,0,0
2020-04-10,Siskiyou,093,43540,5,5,0,5,0
2020-04-10,Solano,095,438530,197,129,0,129,2
2020-04-10,Sonoma,097,501317,180,129,0,129,1
2020-04-10,Stanislaus,099,539301,231,101,3,104,0
2020-04-10,Sutter,101,95872,23,18,0,18,2
2020-04-10,Tehama,103,63373,1,1,0,1,0
2020-04-10,Trinity,105,12862,0,0,0,0,0
2020-04-10,Tulare,107,460477,423,163,5,168,10
2020-04-10,Tuolumne,109,53932,3,0,0,0,0
2020-04-10,Ventura,111,848112,454,290,0,290,9
2020-04-10,Yolo,113,214977,130,62,0,62,3
2020-04-10,Yuba,115,75493,14,13,0,13,1
2020-04-09,Alameda,001,1643700,1072,641,1,642,17
2020-04-09,Alpine,003,1148,1,1,0,1,0
2020-04-09,Amador,005,37829,7,2,0,2,0
2020-04-09,Butte,007,227075,19,12,1,13,0
2020-04-09,Calaveras,009,45235,10,5,0,5,0
2020-04-09,Colusa,011,21464,3,3,0,3,0
2020-04-09,Contra Costa,013,1133247,701,505,0,505,7
2020-04-09,Del Norte,015,27424,2,2,0,2,0
2020-04-09,El Dorado,017,186661,47,25,0,25,0
2020-04-09,Fresno,019,978130,428,165,4,169,3
2020-04-09,Glenn,021,27897,4,2,0,2,0
2020-04-09,Humboldt,023,135768,57,36,0,36,0
2020-04-09,Imperial,025,180216,161,67,0,67,2
2020-04-09,Inyo,027,18085,12,11,0,11,0
2020-04-09,Kern,029,883053,591,241,0,241,2
2020-04-09,Kings,031,150075,43,5,1,6,0
2020-04-09,Lake,033,64148,5,1,0,1,0
2020-04-09,Lassen,035,31185,3,0,2,2,0
2020-04-09,Los Angeles,037,10098052,12964,7919,11,7930,220
2020-04-09,Madera,039,155013,63,28,1,29,2
2020-04-09,Marin,041,260295,171,126,1,127,7
2020-04-09,Mariposa,043,17540,0,0,0,0,0
2020-04-09,Mendocino,045,87422,5,4,0,4,0
2020-04-09,Merced,047,269075,97,41,0,41,3
2020-04-09,Modoc,049,8938,0,0,0,0,0
2020-04-09,Mono,051,14174,29,19,0,19,1
2020-04-09,Monterey,053,433212,124,70,1,71,3
2020-04-09,Napa,055,140530,46,27,0,27,2
2020-04-09,Nevada,057,99092,36,23,1,24,1
2020-04-09,Orange,059,3164182,1811,1105,18,1123,19
2020-04-09,Placer,061,380077,144,107,0,107,4
2020-04-09,Plumas,063,18699,4,3,0,3,0
2020-04-09,Riverside,065,2383286,2465,1083,13,1096,29
2020-04-09,Sacramento,067,1510023,876,601,0,601,21
2020-04-09,San Benito,069,59416,37,32,0,32,2
2020-04-09,San Bernardino,071,2135413,1287,717,0,717,27
2020-04-09,San Diego,073,3302833,2223,1630,0,1630,40
2020-04-09,San Francisco,075,870044,1120,748,0,748,8
2020-04-09,San Joaquin,077,732212,383,223,3,226,14
2020-04-09,San Luis Obispo,079,281455,158,93,1,94,1
2020-04-09,San Mateo,081,765935,901,630,2,632,23
2020-04-09,Santa Barbara,083,443738,336,232,1,233,2
2020-04-09,Santa Clara,085,1922200,1874,1301,4,1305,49
2020-04-09,Santa Cruz,087,273765,101,73,0,73,1
2020-04-09,Shasta,089,179085,30,22,0,22,3
2020-04-09,Sierra,091,2930,0,0,0,0,0
2020-04-09,Siskiyou,093,43540,5,4,0,4,0
2020-04-09,Solano,095,438530,188,118,0,118,2
2020-04-09,Sonoma,097,501317,176,113,0,113,1
2020-04-09,Stanislaus,099,539301,219,93,3,96,0
2020-04-09,Sutter,101,95872,23,17,0,17,2
2020-04-09,Tehama,103,63373,1,1,0,1,0
2020-04-09,Trinity,105,12862,0,0,0,0,0
2020-04-09,Tulare,107,460477,394,147,5,152,9
2020-04-09,Tuolumne,109,53932,3,0,0,0,0
2020-04-09,Ventura,111,848112,435,273,0,273,9
2020-04-09,Yolo,113,214977,121,59,0,59,3
2020-04-09,Yuba,115,75493,14,13,0,13,0
2020-04-08,Alameda,001,1643700,1030,594,1,595,15
2020-04-08,Alpine,003,1148,1,1,0,1,0
2020-04-08,Amador,005,37829,7,2,0,2,0
2020-04-08,Butte,007,227075,18,11,1,12,0
2020-04-08,Calaveras,009,45235,10,5,0,5,0
2020-04-08,Colusa,011,21464,3,3,0,3,0
2020-04-08,Contra Costa,013,1133247,688,481,0,481,7
2020-04-08,Del Norte,015,27424,2,2,0,2,0
2020-04-08,El Dorado,017,186661,47,25,0,25,0
2020-04-08,Fresno,019,978130,408,151,4,155,3
2020-04-08,Glenn,021,27897,4,2,0,2,0
2020-04-08,Humboldt,023,135768,57,40,0,40,0
2020-04-08,Imperial,025,180216,150,59,0,59,2
2020-04-08,Inyo,027,18085,12,11,0,11,0
2020-04-08,Kern,029,883053,550,198,0,198,2
2020-04-08,Kings,031,150075,43,5,1,6,0
2020-04-08,Lake,033,64148,5,1,0,1,0
2020-04-08,Lassen,035,31185,3,0,2,2,0
2020-04-08,Los Angeles,037,10098052,12362,7505,11,7516,196
2020-04-08,Madera,039,155013,62,28,1,29,2
2020-04-08,Marin,041,260295,165,125,1,126,7
2020-04-08,Mariposa,043,17540,0,0,0,0,0
2020-04-08,Mendocino,045,87422,5,4,0,4,0
2020-04-08,Merced,047,269075,82,35,0,35,1
2020-04-08,Modoc,049,8938,0,0,0,0,0
2020-04-08,Mono,051,14174,29,19,0,19,1
2020-04-08,Monterey,053,433212,115,68,1,69,3
2020-04-08,Napa,055,140530,44,21,0,21,2
2020-04-08,Nevada,057,99092,36,21,1,22,1
2020-04-08,Orange,059,3164182,1748,1034,18,1052,19
2020-04-08,Placer,061,380077,144,102,0,102,4
2020-04-08,Plumas,063,18699,4,3,0,3,0
2020-04-08,Riverside,065,2383286,2308,974,13,987,28
2020-04-08,Sacramento,067,1510023,842,565,0,565,21
2020-04-08,San Benito,069,59416,37,31,0,31,2
2020-04-08,San Bernardino,071,2135413,1230,635,0,635,22
2020-04-08,San Diego,073,3302833,2149,1532,0,1532,36
2020-04-08,San Francisco,075,870044,1053,687,0,687,7
2020-04-08,San Joaquin,077,732212,366,211,3,214,12
2020-04-08,San Luis Obispo,079,281455,156,90,1,91,1
2020-04-08,San Mateo,081,765935,886,608,2,610,22
2020-04-08,Santa Barbara,083,443738,319,221,1,222,2
2020-04-08,Santa Clara,085,1922200,1829,1257,4,1261,47
2020-04-08,Santa Cruz,087,273765,100,69,0,69,1
2020-04-08,Shasta,089,179085,30,18,0,18,3
2020-04-08,Sierra,091,2930,0,0,0,0,0
2020-04-08,Siskiyou,093,43540,5,4,0,4,0
2020-04-08,Solano,095,438530,175,111,0,111,2
2020-04-08,Sonoma,097,501317,171,107,0,107,1
2020-04-08,Stanislaus,099,539301,203,86,3,89,0
2020-04-08,Sutter,101,95872,22,17,0,17,2
2020-04-08,Tehama,103,63373,1,1,0,1,0
2020-04-08,Trinity,105,12862,0,0,0,0,0
2020-04-08,Tulare,107,460477,363,145,5,150,6
2020-04-08,Tuolumne,109,53932,3,0,0,0,0
2020-04-08,Ventura,111,848112,426,263,0,263,7
2020-04-08,Yolo,113,214977,104,56,0,56,3
2020-04-08,Yuba,115,75493,14,10,0,10,0
2020-04-07,Alameda,001,1643700,995,560,1,561,14
2020-04-07,Alpine,003,1148,1,1,0,1,0
2020-04-07,Amador,005,37829,7,2,0,2,0
2020-04-07,Butte,007,227075,17,11,1,12,0
2020-04-07,Calaveras,009,45235,9,5,0,5,0
2020-04-07,Colusa,011,21464,3,2,0,2,0
2020-04-07,Contra Costa,013,1133247,668,471,0,471,7
2020-04-07,Del Norte,015,27424,2,2,0,2,0
2020-04-07,El Dorado,017,186661,46,22,0,22,0
2020-04-07,Fresno,019,978130,393,138,4,142,3
2020-04-07,Glenn,021,27897,4,2,0,2,0
2020-04-07,Humboldt,023,135768,56,40,0,40,0
2020-04-07,Imperial,025,180216,132,53,0,53,2
2020-04-07,Inyo,027,18085,12,11,0,11,0
2020-04-07,Kern,029,883053,507,134,0,134,2
2020-04-07,Kings,031,150075,40,5,1,6,0
2020-04-07,Lake,033,64148,4,1,0,1,0
2020-04-07,Lassen,035,31185,3,0,2,2,0
2020-04-07,Los Angeles,037,10098052,11713,6885,11,6896,170
2020-04-07,Madera,039,155013,60,28,0,28,2
2020-04-07,Marin,041,260295,163,122,1,123,7
2020-04-07,Mariposa,043,17540,0,0,0,0,0
2020-04-07,Mendocino,045,87422,5,4,0,4,0
2020-04-07,Merced,047,269075,67,27,0,27,1
2020-04-07,Modoc,049,8938,0,0,0,0,0
2020-04-07,Mono,051,14174,28,18,0,18,1
2020-04-07,Monterey,053,433212,107,63,1,64,2
2020-04-07,Napa,055,140530,42,18,0,18,2
2020-04-07,Nevada,057,99092,36,20,1,21,1
2020-04-07,Orange,059,3164182,1701,971,16,987,19
2020-04-07,Placer,061,380077,139,94,0,94,3
2020-04-07,Plumas,063,18699,4,3,0,3,0
2020-04-07,Riverside,065,2383286,2151,905,13,918,25
2020-04-07,Sacramento,067,1510023,812,513,0,513,18
2020-04-07,San Benito,069,59416,37,26,0,26,2
2020-04-07,San Bernardino,071,2135413,1163,554,0,554,19
2020-04-07,San Diego,073,3302833,2072,1456,0,1456,31
2020-04-07,San Francisco,075,870044,993,636,0,636,6
2020-04-07,San Joaquin,077,732212,348,198,3,201,12
2020-04-07,San Luis Obispo,079,281455,149,87,1,88,1
2020-04-07,San Mateo,081,765935,865,573,2,575,22
2020-04-07,Santa Barbara,083,443738,305,209,1,210,2
2020-04-07,Santa Clara,085,1922200,1760,1193,3,1196,46
2020-04-07,Santa Cruz,087,273765,100,67,0,67,1
2020-04-07,Shasta,089,179085,29,16,0,16,3
2020-04-07,Sierra,091,2930,0,0,0,0,0
2020-04-07,Siskiyou,093,43540,5,4,0,4,0
2020-04-07,Solano,095,438530,170,99,0,99,1
2020-04-07,Sonoma,097,501317,168,102,0,102,1
2020-04-07,Stanislaus,099,539301,186,83,3,86,0
2020-04-07,Sutter,101,95872,22,16,0,16,2
2020-04-07,Tehama,103,63373,1,1,0,1,0
2020-04-07,Trinity,105,12862,0,0,0,0,0
2020-04-07,Tulare,107,460477,334,144,5,149,5
2020-04-07,Tuolumne,109,53932,3,1,0,1,0
2020-04-07,Ventura,111,848112,409,247,0,247,6
2020-04-07,Yolo,113,214977,97,51,0,51,2
2020-04-07,Yuba,115,75493,14,10,0,10,0
2020-04-06,Alameda,001,1643700,965,527,1,528,13
2020-04-06,Alpine,003,1148,1,1,0,1,0
2020-04-06,Amador,005,37829,6,2,0,2,0
2020-04-06,Butte,007,227075,16,11,1,12,0
2020-04-06,Calaveras,009,45235,9,4,0,4,0
2020-04-06,Colusa,011,21464,3,1,0,1,0
2020-04-06,Contra Costa,013,1133247,643,447,0,447,7
2020-04-06,Del Norte,015,27424,2,2,0,2,0
2020-04-06,El Dorado,017,186661,44,23,0,23,0
2020-04-06,Fresno,019,978130,371,122,4,126,1
2020-04-06,Glenn,021,27897,4,2,0,2,0
2020-04-06,Humboldt,023,135768,55,37,0,37,0
2020-04-06,Imperial,025,180216,125,47,0,47,1
2020-04-06,Inyo,027,18085,11,11,0,11,0
2020-04-06,Kern,029,883053,470,117,0,117,2
2020-04-06,Kings,031,150075,40,3,1,4,0
2020-04-06,Lake,033,64148,4,1,0,1,0
2020-04-06,Lassen,035,31185,3,0,2,2,0
2020-04-06,Los Angeles,037,10098052,10980,6346,11,6357,145
2020-04-06,Madera,039,155013,58,29,0,29,2
2020-04-06,Marin,041,260295,160,119,1,120,7
2020-04-06,Mariposa,043,17540,0,0,0,0,0
2020-04-06,Mendocino,045,87422,5,4,0,4,0
2020-04-06,Merced,047,269075,60,25,0,25,1
2020-04-06,Modoc,049,8938,0,0,0,0,0
2020-04-06,Mono,051,14174,28,18,0,18,1
2020-04-06,Monterey,053,433212,102,62,1,63,2
2020-04-06,Napa,055,140530,42,18,0,18,2
2020-04-06,Nevada,057,99092,36,19,1,20,1
2020-04-06,Orange,059,3164182,1657,910,15,925,17
2020-04-06,Placer,061,380077,139,90,0,90,3
2020-04-06,Plumas,063,18699,4,2,0,2,0
2020-04-06,Riverside,065,2383286,2025,854,13,867,17
2020-04-06,Sacramento,067,1510023,782,448,0,448,15
2020-04-06,San Benito,069,59416,35,25,0,25,1
2020-04-06,San Bernardino,071,2135413,1104,550,0,550,13
2020-04-06,San Diego,073,3302833,1990,1406,0,1406,19
2020-04-06,San Francisco,075,870044,953,586,0,586,6
2020-04-06,San Joaquin,077,732212,333,191,3,194,10
2020-04-06,San Luis Obispo,079,281455,147,85,1,86,1
2020-04-06,San Mateo,081,765935,847,569,2,571,20
2020-04-06,Santa Barbara,083,443738,296,189,1,190,2
2020-04-06,Santa Clara,085,1922200,1707,1128,3,1131,43
2020-04-06,Santa Cruz,087,273765,98,65,0,65,1
2020-04-06,Shasta,089,179085,29,16,0,16,3
2020-04-06,Sierra,091,2930,0,0,0,0,0
2020-04-06,Siskiyou,093,43540,4,4,0,4,0
2020-04-06,Solano,095,438530,163,95,0,95,1
2020-04-06,Sonoma,097,501317,167,102,0,102,1
2020-04-06,Stanislaus,099,539301,170,72,3,75,0
2020-04-06,Sutter,101,95872,22,14,0,14,2
2020-04-06,Tehama,103,63373,1,1,0,1,0
2020-04-06,Trinity,105,12862,0,0,0,0,0
2020-04-06,Tulare,107,460477,318,126,5,131,5
2020-04-06,Tuolumne,109,53932,3,1,0,1,0
2020-04-06,Ventura,111,848112,391,234,0,234,6
2020-04-06,Yolo,113,214977,93,43,0,43,1
2020-04-06,Yuba,115,75493,14,8,0,8,0
2020-04-05,Alameda,001,1643700,923,475,1,476,12
2020-04-05,Alpine,003,1148,1,1,0,1,0
2020-04-05,Amador,005,37829,6,2,0,2,0
2020-04-05,Butte,007,227075,16,10,1,11,0
2020-04-05,Calaveras,009,45235,9,3,0,3,0
2020-04-05,Colusa,011,21464,3,1,0,1,0
2020-04-05,Contra Costa,013,1133247,626,415,0,415,6
2020-04-05,Del Norte,015,27424,2,1,0,1,0
2020-04-05,El Dorado,017,186661,42,19,0,19,0
2020-04-05,Fresno,019,978130,337,102,4,106,1
2020-04-05,Glenn,021,27897,4,2,0,2,0
2020-04-05,Humboldt,023,135768,55,29,0,29,0
2020-04-05,Imperial,025,180216,117,42,0,42,1
2020-04-05,Inyo,027,18085,11,10,0,10,0
2020-04-05,Kern,029,883053,415,109,0,109,2
2020-04-05,Kings,031,150075,39,4,1,5,0
2020-04-05,Lake,033,64148,4,0,0,0,0
2020-04-05,Lassen,035,31185,3,0,2,2,0
2020-04-05,Los Angeles,037,10098052,10408,5892,11,5903,130
2020-04-05,Madera,039,155013,57,27,0,27,2
2020-04-05,Marin,041,260295,160,113,1,114,6
2020-04-05,Mariposa,043,17540,0,0,0,0,0
2020-04-05,Mendocino,045,87422,5,4,0,4,0
2020-04-05,Merced,047,269075,53,16,0,16,0
2020-04-05,Modoc,049,8938,0,0,0,0,0
2020-04-05,Mono,051,14174,28,18,0,18,1
2020-04-05,Monterey,053,433212,95,61,1,62,2
2020-04-05,Napa,055,140530,40,15,0,15,2
2020-04-05,Nevada,057,99092,36,19,1,20,1
2020-04-05,Orange,059,3164182,1600,820,15,835,15
2020-04-05,Placer,061,380077,136,86,0,86,3
2020-04-05,Plumas,063,18699,3,2,0,2,0
2020-04-05,Riverside,065,2383286,1896,669,13,682,17
2020-04-05,Sacramento,067,1510023,751,393,0,393,11
2020-04-05,San Benito,069,59416,35,22,0,22,1
2020-04-05,San Bernardino,071,2135413,1030,375,0,375,13
2020-04-05,San Diego,073,3302833,1908,1328,0,1328,19
2020-04-05,San Francisco,075,870044,906,559,0,559,6
2020-04-05,San Joaquin,077,732212,318,179,3,182,10
2020-04-05,San Luis Obispo,079,281455,145,83,1,84,1
2020-04-05,San Mateo,081,765935,827,528,2,530,19
2020-04-05,Santa Barbara,083,443738,280,171,1,172,1
2020-04-05,Santa Clara,085,1922200,1660,1052,3,1055,42
2020-04-05,Santa Cruz,087,273765,98,59,0,59,1
2020-04-05,Shasta,089,179085,28,11,0,11,2
2020-04-05,Sierra,091,2930,0,0,0,0,0
2020-04-05,Siskiyou,093,43540,4,3,0,3,0
2020-04-05,Solano,095,438530,159,78,0,78,1
2020-04-05,Sonoma,097,501317,165,88,0,88,1
2020-04-05,Stanislaus,099,539301,156,51,3,54,0
2020-04-05,Sutter,101,95872,22,14,0,14,1
2020-04-05,Tehama,103,63373,1,1,0,1,0
2020-04-05,Trinity,105,12862,0,0,0,0,0
2020-04-05,Tulare,107,460477,281,81,5,86,4
2020-04-05,Tuolumne,109,53932,3,1,0,1,0
2020-04-05,Ventura,111,848112,377,196,0,196,6
2020-04-05,Yolo,113,214977,75,37,0,37,2
2020-04-05,Yuba,115,75493,14,7,0,7,0
2020-04-04,Alameda,001,1643700,900,468,1,469,12
2020-04-04,Alpine,003,1148,1,1,0,1,0
2020-04-04,Amador,005,37829,5,2,0,2,0
2020-04-04,Butte,007,227075,16,10,1,11,0
2020-04-04,Calaveras,009,45235,9,3,0,3,0
2020-04-04,Colusa,011,21464,3,1,0,1,0
2020-04-04,Contra Costa,013,1133247,618,382,0,382,5
2020-04-04,Del Norte,015,27424,2,1,0,1,0
2020-04-04,El Dorado,017,186661,42,19,0,19,0
2020-04-04,Fresno,019,978130,327,102,4,106,1
2020-04-04,Glenn,021,27897,4,2,0,2,0
2020-04-04,Humboldt,023,135768,55,29,0,29,0
2020-04-04,Imperial,025,180216,116,42,0,42,1
2020-04-04,Inyo,027,18085,11,10,0,10,0
2020-04-04,Kern,029,883053,385,103,0,103,2
2020-04-04,Kings,031,150075,39,3,1,4,0
2020-04-04,Lake,033,64148,4,0,0,0,0
2020-04-04,Lassen,035,31185,3,0,2,2,0
2020-04-04,Los Angeles,037,10098052,9791,5275,11,5286,117
2020-04-04,Madera,039,155013,55,27,0,27,2
2020-04-04,Marin,041,260295,158,111,0,111,6
2020-04-04,Mariposa,043,17540,0,0,0,0,0
2020-04-04,Mendocino,045,87422,5,4,0,4,0
2020-04-04,Merced,047,269075,49,11,0,11,0
2020-04-04,Modoc,049,8938,0,0,0,0,0
2020-04-04,Mono,051,14174,28,18,0,18,1
2020-04-04,Monterey,053,433212,91,61,1,62,2
2020-04-04,Napa,055,140530,40,15,0,15,2
2020-04-04,Nevada,057,99092,36,19,1,20,1
2020-04-04,Orange,059,3164182,1558,781,14,795,15
2020-04-04,Placer,061,380077,135,87,0,87,2
2020-04-04,Plumas,063,18699,3,2,0,2,0
2020-04-04,Riverside,065,2383286,1795,652,13,665,15
2020-04-04,Sacramento,067,1510023,733,393,0,393,11
2020-04-04,San Benito,069,59416,35,22,0,22,1
2020-04-04,San Bernardino,071,2135413,982,373,0,373,13
2020-04-04,San Diego,073,3302833,1860,1211,0,1211,18
2020-04-04,San Francisco,075,870044,868,537,0,537,6
2020-04-04,San Joaquin,077,732212,295,171,3,174,10
2020-04-04,San Luis Obispo,079,281455,145,82,1,83,0
2020-04-04,San Mateo,081,765935,815,520,2,522,17
2020-04-04,Santa Barbara,083,443738,271,167,1,168,1
2020-04-04,Santa Clara,085,1922200,1608,1045,3,1048,39
2020-04-04,Santa Cruz,087,273765,98,56,0,56,1
2020-04-04,Shasta,089,179085,27,11,0,11,2
2020-04-04,Sierra,091,2930,0,0,0,0,0
2020-04-04,Siskiyou,093,43540,4,3,0,3,0
2020-04-04,Solano,095,438530,154,79,0,79,1
2020-04-04,Sonoma,097,501317,162,88,0,88,1
2020-04-04,Stanislaus,099,539301,145,51,3,54,0
2020-04-04,Sutter,101,95872,22,14,0,14,1
2020-04-04,Tehama,103,63373,1,1,0,1,0
2020-04-04,Trinity,105,12862,0,0,0,0,0
2020-04-04,Tulare,107,460477,267,79,5,84,4
2020-04-04,Tuolumne,109,53932,3,1,0,1,0
2020-04-04,Ventura,111,848112,364,194,0,194,6
2020-04-04,Yolo,113,214977,73,40,0,40,2
2020-04-04,Yuba,115,75493,13,7,0,7,0
2020-04-03,Alameda,001,1643700,864,395,1,396,11
2020-04-03,Alpine,003,1148,1,1,0,1,0
2020-04-03,Amador,005,37829,5,2,0,2,0
2020-04-03,Butte,007,227075,16,8,1,9,0
2020-04-03,Calaveras,009,45235,9,3,0,3,0
2020-04-03,Colusa,011,21464,3,1,0,1,0
2020-04-03,Contra Costa,013,1133247,595,327,0,327,5
2020-04-03,Del Norte,015,27424,2,1,0,1,0
2020-04-03,El Dorado,017,186661,40,16,0,16,0
2020-04-03,Fresno,019,978130,315,98,4,102,1
2020-04-03,Glenn,021,27897,4,2,0,2,0
2020-04-03,Humboldt,023,135768,55,34,0,34,0
2020-04-03,Imperial,025,180216,107,35,0,35,0
2020-04-03,Inyo,027,18085,11,10,0,10,0
2020-04-03,Kern,029,883053,359,87,0,87,1
2020-04-03,Kings,031,150075,37,3,1,4,0
2020-04-03,Lake,033,64148,3,0,0,0,0
2020-04-03,Lassen,035,31185,3,0,2,2,0
2020-04-03,Los Angeles,037,10098052,9176,4566,11,4577,91
2020-04-03,Madera,039,155013,54,28,0,28,2
2020-04-03,Marin,041,260295,156,106,0,106,6
2020-04-03,Mariposa,043,17540,0,0,0,0,0
2020-04-03,Mendocino,045,87422,5,4,0,4,0
2020-04-03,Merced,047,269075,46,9,0,9,0
2020-04-03,Modoc,049,8938,0,0,0,0,0
2020-04-03,Mono,051,14174,28,18,0,18,1
2020-04-03,Monterey,053,433212,88,58,1,59,2
2020-04-03,Napa,055,140530,39,13,0,13,1
2020-04-03,Nevada,057,99092,36,19,1,20,1
2020-04-03,Orange,059,3164182,1519,713,14,727,13
2020-04-03,Placer,061,380077,131,76,0,76,2
2020-04-03,Plumas,063,18699,3,2,0,2,0
2020-04-03,Riverside,065,2383286,1715,540,13,553,14
2020-04-03,Sacramento,067,1510023,712,363,0,363,11
2020-04-03,San Benito,069,59416,35,22,0,22,1
2020-04-03,San Bernardino,071,2135413,937,356,0,356,11
2020-04-03,San Diego,073,3302833,1800,1114,0,1114,17
2020-04-03,San Francisco,075,870044,844,506,0,506,6
2020-04-03,San Joaquin,077,732212,283,162,3,165,10
2020-04-03,San Luis Obispo,079,281455,144,82,1,83,0
2020-04-03,San Mateo,081,765935,798,474,2,476,13
2020-04-03,Santa Barbara,083,443738,260,154,1,155,1
2020-04-03,Santa Clara,085,1922200,1572,983,3,986,39
2020-04-03,Santa Cruz,087,273765,98,52,0,52,1
2020-04-03,Shasta,089,179085,27,10,0,10,1
2020-04-03,Sierra,091,2930,0,0,0,0,0
2020-04-03,Siskiyou,093,43540,4,3,0,3,0
2020-04-03,Solano,095,438530,146,72,0,72,1
2020-04-03,Sonoma,097,501317,162,84,0,84,1
2020-04-03,Stanislaus,099,539301,139,48,3,51,0
2020-04-03,Sutter,101,95872,22,12,0,12,1
2020-04-03,Tehama,103,63373,1,1,0,1,0
2020-04-03,Trinity,105,12862,0,0,0,0,0
2020-04-03,Tulare,107,460477,253,73,5,78,3
2020-04-03,Tuolumne,109,53932,3,1,0,1,0
2020-04-03,Ventura,111,848112,354,186,0,186,6
2020-04-03,Yolo,113,214977,72,33,0,33,1
2020-04-03,Yuba,115,75493,13,6,0,6,0
2020-04-02,Alameda,001,1643700,813,345,1,346,10
2020-04-02,Alpine,003,1148,1,1,0,1,0
2020-04-02,Amador,005,37829,5,2,0,2,0
2020-04-02,Butte,007,227075,16,7,0,7,0
2020-04-02,Calaveras,009,45235,7,3,0,3,0
2020-04-02,Colusa,011,21464,3,1,0,1,0
2020-04-02,Contra Costa,013,1133247,565,297,0,297,3
2020-04-02,Del Norte,015,27424,2,0,0,0,0
2020-04-02,El Dorado,017,186661,38,16,0,16,0
2020-04-02,Fresno,019,978130,299,92,4,96,0
2020-04-02,Glenn,021,27897,3,2,0,2,0
2020-04-02,Humboldt,023,135768,51,23,0,23,0
2020-04-02,Imperial,025,180216,103,24,0,24,0
2020-04-02,Inyo,027,18085,10,8,0,8,0
2020-04-02,Kern,029,883053,332,74,0,74,0
2020-04-02,Kings,031,150075,37,3,1,4,0
2020-04-02,Lake,033,64148,3,0,0,0,0
2020-04-02,Lassen,035,31185,3,0,2,2,0
2020-04-02,Los Angeles,037,10098052,8344,4040,11,4051,79
2020-04-02,Madera,039,155013,52,25,0,25,1
2020-04-02,Marin,041,260295,150,102,0,102,1
2020-04-02,Mariposa,043,17540,0,0,0,0,0
2020-04-02,Mendocino,045,87422,5,4,0,4,0
2020-04-02,Merced,047,269075,41,9,0,9,0
2020-04-02,Modoc,049,8938,0,0,0,0,0
2020-04-02,Mono,051,14174,28,16,0,16,1
2020-04-02,Monterey,053,433212,86,50,1,51,2
2020-04-02,Napa,055,140530,39,13,0,13,0
2020-04-02,Nevada,057,99092,35,17,1,18,0
2020-04-02,Orange,059,3164182,1467,640,13,653,12
2020-04-02,Placer,061,380077,130,72,0,72,2
2020-04-02,Plumas,063,18699,3,1,0,1,0
2020-04-02,Riverside,065,2383286,1598,438,13,451,13
2020-04-02,Sacramento,067,1510023,694,322,0,322,9
2020-04-02,San Benito,069,59416,33,18,0,18,1
2020-04-02,San Bernardino,071,2135413,882,335,0,335,8
2020-04-02,San Diego,073,3302833,1733,968,0,968,16
2020-04-02,San Francisco,075,870044,817,473,0,473,6
2020-04-02,San Joaquin,077,732212,264,148,3,151,9
2020-04-02,San Luis Obispo,079,281455,139,79,1,80,0
2020-04-02,San Mateo,081,765935,777,423,2,425,13
2020-04-02,Santa Barbara,083,443738,249,125,1,126,1
2020-04-02,Santa Clara,085,1922200,1521,908,3,911,38
2020-04-02,Santa Cruz,087,273765,96,49,0,49,1
2020-04-02,Shasta,089,179085,26,7,0,7,1
2020-04-02,Sierra,091,2930,0,0,0,0,0
2020-04-02,Siskiyou,093,43540,4,3,0,3,0
2020-04-02,Solano,095,438530,136,65,0,65,0
2020-04-02,Sonoma,097,501317,158,76,0,76,1
2020-04-02,Stanislaus,099,539301,128,40,3,43,0
2020-04-02,Sutter,101,95872,21,10,0,10,1
2020-04-02,Tehama,103,63373,1,1,0,1,0
2020-04-02,Trinity,105,12862,0,0,0,0,0
2020-04-02,Tulare,107,460477,219,64,5,69,1
2020-04-02,Tuolumne,109,53932,3,1,0,1,0
2020-04-02,Ventura,111,848112,336,178,0,178,5
2020-04-02,Yolo,113,214977,70,29,0,29,1
2020-04-02,Yuba,115,75493,10,5,0,5,0
2020-04-01,Alameda,001,1643700,786,287,1,288,8
2020-04-01,Alpine,003,1148,1,1,0,1,0
2020-04-01,Amador,005,37829,5,1,0,1,0
2020-04-01,Butte,007,227075,16,6,0,6,0
2020-04-01,Calaveras,009,45235,6,3,0,3,0
2020-04-01,Colusa,011,21464,3,1,0,1,0
2020-04-01,Contra Costa,013,1133247,521,267,0,267,3
2020-04-01,Del Norte,015,27424,2,0,0,0,0
2020-04-01,El Dorado,017,186661,37,14,0,14,0
2020-04-01,Fresno,019,978130,277,75,3,78,0
2020-04-01,Glenn,021,27897,3,2,0,2,0
2020-04-01,Humboldt,023,135768,51,19,0,19,0
2020-04-01,Imperial,025,180216,96,25,0,25,0
2020-04-01,Inyo,027,18085,10,8,0,8,0
2020-04-01,Kern,029,883053,305,53,0,53,0
2020-04-01,Kings,031,150075,35,3,1,4,0
2020-04-01,Lake,033,64148,3,0,0,0,0
2020-04-01,Lassen,035,31185,3,0,2,2,0
2020-04-01,Los Angeles,037,10098052,7694,3502,11,3513,66
2020-04-01,Madera,039,155013,50,17,0,17,1
2020-04-01,Marin,041,260295,146,87,0,87,1
2020-04-01,Mariposa,043,17540,0,0,0,0,0
2020-04-01,Mendocino,045,87422,5,4,0,4,0
2020-04-01,Merced,047,269075,38,7,0,7,0
2020-04-01,Modoc,049,8938,0,0,0,0,0
2020-04-01,Mono,051,14174,28,12,0,12,1
2020-04-01,Monterey,053,433212,85,47,1,48,2
2020-04-01,Napa,055,140530,36,11,0,11,0
2020-04-01,Nevada,057,99092,35,15,1,16,0
2020-04-01,Orange,059,3164182,1415,579,13,592,11
2020-04-01,Placer,061,380077,128,52,0,52,2
2020-04-01,Plumas,063,18699,3,1,0,1,0
2020-04-01,Riverside,065,2383286,1430,306,12,318,11
2020-04-01,Sacramento,067,1510023,661,299,0,299,8
2020-04-01,San Benito,069,59416,30,14,0,14,1
2020-04-01,San Bernardino,071,2135413,833,245,0,245,5
2020-04-01,San Diego,073,3302833,1663,851,0,851,11
2020-04-01,San Francisco,075,870044,789,432,0,432,6
2020-04-01,San Joaquin,077,732212,252,132,3,135,8
2020-04-01,San Luis Obispo,079,281455,133,69,1,70,0
2020-04-01,San Mateo,081,765935,759,354,2,356,13
2020-04-01,Santa Barbara,083,443738,236,103,1,104,0
2020-04-01,Santa Clara,085,1922200,1479,805,3,808,33
2020-04-01,Santa Cruz,087,273765,91,44,0,44,1
2020-04-01,Shasta,089,179085,25,5,0,5,1
2020-04-01,Sierra,091,2930,0,0,0,0,0
2020-04-01,Siskiyou,093,43540,4,3,0,3,0
2020-04-01,Solano,095,438530,131,57,0,57,0
2020-04-01,Sonoma,097,501317,154,60,0,60,1
2020-04-01,Stanislaus,099,539301,117,29,3,32,0
2020-04-01,Sutter,101,95872,21,9,0,9,1
2020-04-01,Tehama,103,63373,1,0,0,0,0
2020-04-01,Trinity,105,12862,0,0,0,0,0
2020-04-01,Tulare,107,460477,181,43,5,48,1
2020-04-01,Tuolumne,109,53932,3,1,0,1,0
2020-04-01,Ventura,111,848112,323,154,0,154,5
2020-04-01,Yolo,113,214977,65,22,0,22,1
2020-04-01,Yuba,115,75493,9,5,0,5,0
2020-03-31,Alameda,001,1643700,718,269,1,270,7
2020-03-31,Alpine,003,1148,1,1,0,1,0
2020-03-31,Amador,005,37829,5,1,0,1,0
2020-03-31,Butte,007,227075,16,6,0,6,0
2020-03-31,Calaveras,009,45235,6,3,0,3,0
2020-03-31,Colusa,011,21464,3,1,0,1,0
2020-03-31,Contra Costa,013,1133247,496,246,0,246,3
2020-03-31,Del Norte,015,27424,1,0,0,0,0
2020-03-31,El Dorado,017,186661,33,14,0,14,0
2020-03-31,Fresno,019,978130,252,59,3,62,0
2020-03-31,Glenn,021,27897,3,2,0,2,0
2020-03-31,Humboldt,023,135768,51,18,0,18,0
2020-03-31,Imperial,025,180216,91,17,0,17,0
2020-03-31,Inyo,027,18085,10,8,0,8,0
2020-03-31,Kern,029,883053,281,47,0,47,0
2020-03-31,Kings,031,150075,33,2,1,3,0
2020-03-31,Lake,033,64148,1,0,0,0,0
2020-03-31,Lassen,035,31185,3,0,2,2,0
2020-03-31,Los Angeles,037,10098052,7029,3001,11,3012,53
2020-03-31,Madera,039,155013,49,17,0,17,1
2020-03-31,Marin,041,260295,137,85,0,85,1
2020-03-31,Mariposa,043,17540,0,0,0,0,0
2020-03-31,Mendocino,045,87422,5,4,0,4,0
2020-03-31,Merced,047,269075,33,6,0,6,0
2020-03-31,Modoc,049,8938,0,0,0,0,0
2020-03-31,Mono,051,14174,26,12,0,12,0
2020-03-31,Monterey,053,433212,83,43,1,44,2
2020-03-31,Napa,055,140530,35,9,0,9,0
2020-03-31,Nevada,057,99092,35,15,1,16,0
2020-03-31,Orange,059,3164182,1345,506,13,519,7
2020-03-31,Placer,061,380077,121,49,0,49,2
2020-03-31,Plumas,063,18699,1,0,0,0,0
2020-03-31,Riverside,065,2383286,1284,284,12,296,8
2020-03-31,Sacramento,067,1510023,609,271,0,271,8
2020-03-31,San Benito,069,59416,30,14,0,14,1
2020-03-31,San Bernardino,071,2135413,748,193,0,193,5
2020-03-31,San Diego,073,3302833,1581,736,0,736,9
2020-03-31,San Francisco,075,870044,754,404,0,404,5
2020-03-31,San Joaquin,077,732212,236,122,3,125,7
2020-03-31,San Luis Obispo,079,281455,129,67,1,68,0
2020-03-31,San Mateo,081,765935,740,297,2,299,12
2020-03-31,Santa Barbara,083,443738,221,89,1,90,0
2020-03-31,Santa Clara,085,1922200,1429,777,3,780,30
2020-03-31,Santa Cruz,087,273765,84,40,0,40,1
2020-03-31,Shasta,089,179085,22,5,0,5,1
2020-03-31,Sierra,091,2930,0,0,0,0,0
2020-03-31,Siskiyou,093,43540,4,3,0,3,0
2020-03-31,Solano,095,438530,117,56,0,56,0
2020-03-31,Sonoma,097,501317,149,58,0,58,1
2020-03-31,Stanislaus,099,539301,102,28,3,31,0
2020-03-31,Sutter,101,95872,21,8,0,8,0
2020-03-31,Tehama,103,63373,1,0,0,0,0
2020-03-31,Trinity,105,12862,0,0,0,0,0
2020-03-31,Tulare,107,460477,158,42,4,46,1
2020-03-31,Tuolumne,109,53932,3,1,0,1,0
2020-03-31,Ventura,111,848112,312,143,0,143,4
2020-03-31,Yolo,113,214977,58,21,0,21,1
2020-03-31,Yuba,115,75493,9,5,0,5,0
2020-03-30,Alameda,001,1643700,678,250,1,251,7
2020-03-30,Alpine,003,1148,1,1,0,1,0
2020-03-30,Amador,005,37829,5,1,0,1,0
2020-03-30,Butte,007,227075,14,5,0,5,0
2020-03-30,Calaveras,009,45235,6,3,0,3,0
2020-03-30,Colusa,011,21464,3,1,0,1,0
2020-03-30,Contra Costa,013,1133247,470,212,0,212,3
2020-03-30,Del Norte,015,27424,0,0,0,0,0
2020-03-30,El Dorado,017,186661,33,11,0,11,0
2020-03-30,Fresno,019,978130,227,46,3,49,0
2020-03-30,Glenn,021,27897,3,2,0,2,0
2020-03-30,Humboldt,023,135768,49,11,0,11,0
2020-03-30,Imperial,025,180216,88,9,0,9,0
2020-03-30,Inyo,027,18085,10,5,0,5,0
2020-03-30,Kern,029,883053,248,30,0,30,0
2020-03-30,Kings,031,150075,33,1,1,2,0
2020-03-30,Lake,033,64148,1,0,0,0,0
2020-03-30,Lassen,035,31185,3,0,1,1,0
2020-03-30,Los Angeles,037,10098052,6373,2467,11,2478,44
2020-03-30,Madera,039,155013,48,14,0,14,1
2020-03-30,Marin,041,260295,130,78,0,78,0
2020-03-30,Mariposa,043,17540,0,0,0,0,0
2020-03-30,Mendocino,045,87422,5,2,0,2,0
2020-03-30,Merced,047,269075,29,6,0,6,0
2020-03-30,Modoc,049,8938,0,0,0,0,0
2020-03-30,Mono,051,14174,26,11,0,11,0
2020-03-30,Monterey,053,433212,78,41,1,42,1
2020-03-30,Napa,055,140530,34,9,0,9,0
2020-03-30,Nevada,057,99092,34,14,1,15,0
2020-03-30,Orange,059,3164182,1279,418,13,431,5
2020-03-30,Placer,061,380077,118,44,0,44,2
2020-03-30,Plumas,063,18699,1,0,0,0,0
2020-03-30,Riverside,065,2383286,1203,204,12,216,7
2020-03-30,Sacramento,067,1510023,585,238,0,238,8
2020-03-30,San Benito,069,59416,30,11,0,11,1
2020-03-30,San Bernardino,071,2135413,704,145,0,145,4
2020-03-30,San Diego,073,3302833,1511,605,0,605,7
2020-03-30,San Francisco,075,870044,714,368,0,368,5
2020-03-30,San Joaquin,077,732212,229,112,3,115,5
2020-03-30,San Luis Obispo,079,281455,126,62,1,63,0
2020-03-30,San Mateo,081,765935,716,257,2,259,11
2020-03-30,Santa Barbara,083,443738,212,79,1,80,0
2020-03-30,Santa Clara,085,1922200,1398,745,3,748,31
2020-03-30,Santa Cruz,087,273765,81,36,0,36,1
2020-03-30,Shasta,089,179085,21,4,0,4,1
2020-03-30,Sierra,091,2930,0,0,0,0,0
2020-03-30,Siskiyou,093,43540,4,2,0,2,0
2020-03-30,Solano,095,438530,111,50,0,50,0
2020-03-30,Sonoma,097,501317,146,57,0,57,1
2020-03-30,Stanislaus,099,539301,95,28,3,31,0
2020-03-30,Sutter,101,95872,20,6,0,6,0
2020-03-30,Tehama,103,63373,1,0,0,0,0
2020-03-30,Trinity,105,12862,0,0,0,0,0
2020-03-30,Tulare,107,460477,146,40,3,43,1
2020-03-30,Tuolumne,109,53932,3,1,0,1,0
2020-03-30,Ventura,111,848112,301,118,0,118,2
2020-03-30,Yolo,113,214977,55,17,0,17,1
2020-03-30,Yuba,115,75493,8,5,0,5,0
2020-03-29,Alameda,001,1643700,644,207,1,208,6
2020-03-29,Alpine,003,1148,1,0,0,0,0
2020-03-29,Amador,005,37829,5,1,0,1,0
2020-03-29,Butte,007,227075,14,4,0,4,0
2020-03-29,Calaveras,009,45235,6,2,0,2,0
2020-03-29,Colusa,011,21464,3,1,0,1,0
2020-03-29,Contra Costa,013,1133247,440,187,0,187,3
2020-03-29,Del Norte,015,27424,0,0,0,0,0
2020-03-29,El Dorado,017,186661,32,9,0,9,0
2020-03-29,Fresno,019,978130,203,31,3,34,0
2020-03-29,Glenn,021,27897,2,1,0,1,0
2020-03-29,Humboldt,023,135768,46,9,0,9,0
2020-03-29,Imperial,025,180216,82,9,0,9,0
2020-03-29,Inyo,027,18085,9,0,0,0,0
2020-03-29,Kern,029,883053,230,20,0,20,0
2020-03-29,Kings,031,150075,30,1,1,2,0
2020-03-29,Lake,033,64148,0,0,0,0,0
2020-03-29,Lassen,035,31185,3,0,1,1,0
2020-03-29,Los Angeles,037,10098052,5728,2119,11,2130,37
2020-03-29,Madera,039,155013,43,11,0,11,1
2020-03-29,Marin,041,260295,125,60,0,60,0
2020-03-29,Mariposa,043,17540,0,0,0,0,0
2020-03-29,Mendocino,045,87422,5,2,0,2,0
2020-03-29,Merced,047,269075,28,4,0,4,0
2020-03-29,Modoc,049,8938,0,0,0,0,0
2020-03-29,Mono,051,14174,26,8,0,8,0
2020-03-29,Monterey,053,433212,73,36,1,37,1
2020-03-29,Napa,055,140530,32,5,0,5,0
2020-03-29,Nevada,057,99092,32,13,1,14,0
2020-03-29,Orange,059,3164182,1206,343,13,356,2
2020-03-29,Placer,061,380077,117,35,0,35,2
2020-03-29,Plumas,063,18699,1,0,0,0,0
2020-03-29,Riverside,065,2383286,1079,122,12,134,7
2020-03-29,Sacramento,067,1510023,545,217,0,217,7
2020-03-29,San Benito,069,59416,29,10,0,10,1
2020-03-29,San Bernardino,071,2135413,652,94,0,94,2
2020-03-29,San Diego,073,3302833,1439,521,0,521,7
2020-03-29,San Francisco,075,870044,670,333,0,333,5
2020-03-29,San Joaquin,077,732212,220,86,3,89,4
2020-03-29,San Luis Obispo,079,281455,119,55,0,55,0
2020-03-29,San Mateo,081,765935,691,234,2,236,12
2020-03-29,Santa Barbara,083,443738,204,52,1,53,0
2020-03-29,Santa Clara,085,1922200,1341,591,3,594,30
2020-03-29,Santa Cruz,087,273765,81,33,0,33,1
2020-03-29,Shasta,089,179085,20,4,0,4,1
2020-03-29,Sierra,091,2930,0,0,0,0,0
2020-03-29,Siskiyou,093,43540,4,2,0,2,0
2020-03-29,Solano,095,438530,103,48,0,48,0
2020-03-29,Sonoma,097,501317,144,35,0,35,1
2020-03-29,Stanislaus,099,539301,90,19,3,22,0
2020-03-29,Sutter,101,95872,17,6,0,6,0
2020-03-29,Tehama,103,63373,1,0,0,0,0
2020-03-29,Trinity,105,12862,0,0,0,0,0
2020-03-29,Tulare,107,460477,121,24,3,27,1
2020-03-29,Tuolumne,109,53932,2,1,0,1,0
2020-03-29,Ventura,111,848112,274,92,0,92,2
2020-03-29,Yolo,113,214977,50,13,0,13,1
2020-03-29,Yuba,115,75493,8,3,0,3,0
2020-03-28,Alameda,001,1643700,617,410,1,411,12
2020-03-28,Alpine,003,1148,1,0,0,0,0
2020-03-28,Amador,005,37829,5,2,0,2,0
2020-03-28,Butte,007,227075,14,8,0,8,0
2020-03-28,Calaveras,009,45235,6,4,0,4,0
2020-03-28,Colusa,011,21464,3,2,0,2,0
2020-03-28,Contra Costa,013,1133247,417,350,0,350,4
2020-03-28,Del Norte,015,27424,0,0,0,0,0
2020-03-28,El Dorado,017,186661,31,18,0,18,0
2020-03-28,Fresno,019,978130,193,62,3,65,0
2020-03-28,Glenn,021,27897,2,2,0,2,0
2020-03-28,Humboldt,023,135768,46,18,0,18,0
2020-03-28,Imperial,025,180216,77,18,0,18,0
2020-03-28,Inyo,027,18085,9,0,0,0,0
2020-03-28,Kern,029,883053,213,40,0,40,0
2020-03-28,Kings,031,150075,29,2,1,3,0
2020-03-28,Lake,033,64148,0,0,0,0,0
2020-03-28,Lassen,035,31185,3,0,1,1,0
2020-03-28,Los Angeles,037,10098052,5342,3600,10,3610,64
2020-03-28,Madera,039,155013,43,22,0,22,2
2020-03-28,Marin,041,260295,120,116,0,116,0
2020-03-28,Mariposa,043,17540,0,0,0,0,0
2020-03-28,Mendocino,045,87422,5,4,0,4,0
2020-03-28,Merced,047,269075,27,8,0,8,0
2020-03-28,Modoc,049,8938,0,0,0,0,0
2020-03-28,Mono,051,14174,24,12,0,12,0
2020-03-28,Monterey,053,433212,72,64,1,65,2
2020-03-28,Napa,055,140530,27,10,0,10,0
2020-03-28,Nevada,057,99092,32,22,1,23,0
2020-03-28,Orange,059,3164182,1170,656,13,669,4
2020-03-28,Placer,061,380077,112,70,0,70,2
2020-03-28,Plumas,063,18699,1,0,0,0,0
2020-03-28,Riverside,065,2383286,1011,242,12,254,14
2020-03-28,Sacramento,067,1510023,527,406,0,406,14
2020-03-28,San Benito,069,59416,29,20,0,20,2
2020-03-28,San Bernardino,071,2135413,604,162,0,162,4
2020-03-28,San Diego,073,3302833,1380,980,0,980,14
2020-03-28,San Francisco,075,870044,646,600,0,600,6
2020-03-28,San Joaquin,077,732212,212,166,3,169,8
2020-03-28,San Luis Obispo,079,281455,117,104,0,104,0
2020-03-28,San Mateo,081,765935,671,462,2,464,17
2020-03-28,Santa Barbara,083,443738,194,98,1,99,0
2020-03-28,Santa Clara,085,1922200,1322,1174,3,1177,54
2020-03-28,Santa Cruz,087,273765,80,62,0,62,0
2020-03-28,Shasta,089,179085,20,8,0,8,2
2020-03-28,Sierra,091,2930,0,0,0,0,0
2020-03-28,Siskiyou,093,43540,4,4,0,4,0
2020-03-28,Solano,095,438530,99,96,0,96,0
2020-03-28,Sonoma,097,501317,142,70,0,70,2
2020-03-28,Stanislaus,099,539301,85,34,3,37,0
2020-03-28,Sutter,101,95872,17,6,0,6,0
2020-03-28,Tehama,103,63373,1,0,0,0,0
2020-03-28,Trinity,105,12862,0,0,0,0,0
2020-03-28,Tulare,107,460477,114,46,3,49,0
2020-03-28,Tuolumne,109,53932,2,2,0,2,0
2020-03-28,Ventura,111,848112,270,178,0,178,4
2020-03-28,Yolo,113,214977,49,26,0,26,2
2020-03-28,Yuba,115,75493,8,6,0,6,0
2020-03-27,Alameda,001,1643700,598,185,1,186,4
2020-03-27,Alpine,003,1148,1,0,0,0,0
2020-03-27,Amador,005,37829,4,1,0,1,0
2020-03-27,Butte,007,227075,12,4,0,4,0
2020-03-27,Calaveras,009,45235,6,2,0,2,0
2020-03-27,Colusa,011,21464,3,0,0,0,0
2020-03-27,Contra Costa,013,1133247,396,161,0,161,2
2020-03-27,Del Norte,015,27424,0,0,0,0,0
2020-03-27,El Dorado,017,186661,29,9,0,9,0
2020-03-27,Fresno,019,978130,181,29,2,31,0
2020-03-27,Glenn,021,27897,2,0,0,0,0
2020-03-27,Humboldt,023,135768,42,9,0,9,0
2020-03-27,Imperial,025,180216,72,9,0,9,0
2020-03-27,Inyo,027,18085,9,0,0,0,0
2020-03-27,Kern,029,883053,200,20,0,20,0
2020-03-27,Kings,031,150075,28,0,1,1,0
2020-03-27,Lake,033,64148,0,0,0,0,0
2020-03-27,Lassen,035,31185,3,0,1,1,0
2020-03-27,Los Angeles,037,10098052,4931,1474,10,1484,26
2020-03-27,Madera,039,155013,41,10,0,10,1
2020-03-27,Marin,041,260295,115,58,0,58,0
2020-03-27,Mariposa,043,17540,0,0,0,0,0
2020-03-27,Mendocino,045,87422,5,2,0,2,0
2020-03-27,Merced,047,269075,26,3,0,3,0
2020-03-27,Modoc,049,8938,0,0,0,0,0
2020-03-27,Mono,051,14174,24,6,0,6,0
2020-03-27,Monterey,053,433212,69,26,1,27,1
2020-03-27,Napa,055,140530,27,5,0,5,0
2020-03-27,Nevada,057,99092,32,6,1,7,0
2020-03-27,Orange,059,3164182,1120,299,13,312,2
2020-03-27,Placer,061,380077,109,33,0,33,1
2020-03-27,Plumas,063,18699,0,0,0,0,0
2020-03-27,Riverside,065,2383286,955,121,12,133,7
2020-03-27,Sacramento,067,1510023,504,163,0,163,6
2020-03-27,San Benito,069,59416,28,9,0,9,1
2020-03-27,San Bernardino,071,2135413,514,77,0,77,2
2020-03-27,San Diego,073,3302833,1323,419,0,419,5
2020-03-27,San Francisco,075,870044,621,285,0,285,2
2020-03-27,San Joaquin,077,732212,201,73,3,76,3
2020-03-27,San Luis Obispo,079,281455,115,46,0,46,0
2020-03-27,San Mateo,081,765935,645,213,2,215,7
2020-03-27,Santa Barbara,083,443738,180,37,1,38,0
2020-03-27,Santa Clara,085,1922200,1284,557,3,560,25
2020-03-27,Santa Cruz,087,273765,79,31,0,31,0
2020-03-27,Shasta,089,179085,17,3,0,3,1
2020-03-27,Sierra,091,2930,0,0,0,0,0
2020-03-27,Siskiyou,093,43540,4,2,0,2,0
2020-03-27,Solano,095,438530,93,48,0,48,0
2020-03-27,Sonoma,097,501317,134,35,0,35,1
2020-03-27,Stanislaus,099,539301,83,16,3,19,0
2020-03-27,Sutter,101,95872,16,2,0,2,0
2020-03-27,Tehama,103,63373,1,0,0,0,0
2020-03-27,Trinity,105,12862,0,0,0,0,0
2020-03-27,Tulare,107,460477,106,15,3,18,0
2020-03-27,Tuolumne,109,53932,2,1,0,1,0
2020-03-27,Ventura,111,848112,261,80,0,80,2
2020-03-27,Yolo,113,214977,48,13,0,13,1
2020-03-27,Yuba,115,75493,7,3,0,3,0
2020-03-26,Alameda,001,1643700,558,172,1,173,4
2020-03-26,Alpine,003,1148,1,0,0,0,0
2020-03-26,Amador,005,37829,4,1,0,1,0
2020-03-26,Butte,007,227075,12,4,0,4,0
2020-03-26,Calaveras,009,45235,6,2,0,2,0
2020-03-26,Colusa,011,21464,3,0,0,0,0
2020-03-26,Contra Costa,013,1133247,386,147,0,147,2
2020-03-26,Del Norte,015,27424,0,0,0,0,0
2020-03-26,El Dorado,017,186661,27,7,0,7,0
2020-03-26,Fresno,019,978130,172,25,2,27,0
2020-03-26,Glenn,021,27897,2,0,0,0,0
2020-03-26,Humboldt,023,135768,38,8,0,8,0
2020-03-26,Imperial,025,180216,68,8,0,8,0
2020-03-26,Inyo,027,18085,8,0,0,0,0
2020-03-26,Kern,029,883053,184,20,0,20,0
2020-03-26,Kings,031,150075,28,0,1,1,0
2020-03-26,Lake,033,64148,0,0,0,0,0
2020-03-26,Lassen,035,31185,3,0,1,1,0
2020-03-26,Los Angeles,037,10098052,4528,1075,10,1085,19
2020-03-26,Madera,039,155013,39,8,0,8,0
2020-03-26,Marin,041,260295,106,56,0,56,0
2020-03-26,Mariposa,043,17540,0,0,0,0,0
2020-03-26,Mendocino,045,87422,4,1,0,1,0
2020-03-26,Merced,047,269075,23,1,0,1,0
2020-03-26,Modoc,049,8938,0,0,0,0,0
2020-03-26,Mono,051,14174,23,5,0,5,0
2020-03-26,Monterey,053,433212,66,25,1,26,1
2020-03-26,Napa,055,140530,26,5,0,5,0
2020-03-26,Nevada,057,99092,32,7,1,8,0
2020-03-26,Orange,059,3164182,1058,279,11,290,1
2020-03-26,Placer,061,380077,106,34,0,34,1
2020-03-26,Plumas,063,18699,0,0,0,0,0
2020-03-26,Riverside,065,2383286,884,118,12,130,7
2020-03-26,Sacramento,067,1510023,471,147,0,147,5
2020-03-26,San Benito,069,59416,28,8,0,8,1
2020-03-26,San Bernardino,071,2135413,448,57,0,57,1
2020-03-26,San Diego,073,3302833,1256,299,0,299,2
2020-03-26,San Francisco,075,870044,594,261,0,261,1
2020-03-26,San Joaquin,077,732212,190,69,3,72,3
2020-03-26,San Luis Obispo,079,281455,110,38,0,38,0
2020-03-26,San Mateo,081,765935,611,122,2,124,5
2020-03-26,Santa Barbara,083,443738,167,33,1,34,0
2020-03-26,Santa Clara,085,1922200,1239,487,2,489,20
2020-03-26,Santa Cruz,087,273765,75,30,0,30,0
2020-03-26,Shasta,089,179085,17,3,0,3,1
2020-03-26,Sierra,091,2930,0,0,0,0,0
2020-03-26,Siskiyou,093,43540,4,2,0,2,0
2020-03-26,Solano,095,438530,85,41,0,41,0
2020-03-26,Sonoma,097,501317,129,33,0,33,1
2020-03-26,Stanislaus,099,539301,81,15,3,18,0
2020-03-26,Sutter,101,95872,12,2,0,2,0
2020-03-26,Tehama,103,63373,1,0,0,0,0
2020-03-26,Trinity,105,12862,0,0,0,0,0
2020-03-26,Tulare,107,460477,97,15,3,18,0
2020-03-26,Tuolumne,109,53932,2,0,0,0,0
2020-03-26,Ventura,111,848112,245,70,0,70,1
2020-03-26,Yolo,113,214977,44,13,0,13,1
2020-03-26,Yuba,115,75493,7,3,0,3,0
2020-03-25,Alameda,001,1643700,537,134,1,135,3
2020-03-25,Alpine,003,1148,1,0,0,0,0
2020-03-25,Amador,005,37829,4,1,0,1,0
2020-03-25,Butte,007,227075,12,4,0,4,0
2020-03-25,Calaveras,009,45235,6,2,0,2,0
2020-03-25,Colusa,011,21464,2,0,0,0,0
2020-03-25,Contra Costa,013,1133247,372,131,0,131,1
2020-03-25,Del Norte,015,27424,0,0,0,0,0
2020-03-25,El Dorado,017,186661,27,5,0,5,0
2020-03-25,Fresno,019,978130,152,21,2,23,0
2020-03-25,Glenn,021,27897,2,0,0,0,0
2020-03-25,Humboldt,023,135768,35,3,0,3,0
2020-03-25,Imperial,025,180216,60,8,0,8,0
2020-03-25,Inyo,027,18085,5,0,0,0,0
2020-03-25,Kern,029,883053,164,13,0,13,0
2020-03-25,Kings,031,150075,26,0,1,1,0
2020-03-25,Lake,033,64148,0,0,0,0,0
2020-03-25,Lassen,035,31185,3,0,1,1,0
2020-03-25,Los Angeles,037,10098052,4133,725,10,735,10
2020-03-25,Madera,039,155013,37,6,0,6,0
2020-03-25,Marin,041,260295,100,47,0,47,0
2020-03-25,Mariposa,043,17540,0,0,0,0,0
2020-03-25,Mendocino,045,87422,3,1,0,1,0
2020-03-25,Merced,047,269075,19,0,0,0,0
2020-03-25,Modoc,049,8938,0,0,0,0,0
2020-03-25,Mono,051,14174,22,4,0,4,0
2020-03-25,Monterey,053,433212,63,23,1,24,1
2020-03-25,Napa,055,140530,26,5,0,5,0
2020-03-25,Nevada,057,99092,31,5,1,6,0
2020-03-25,Orange,059,3164182,1000,214,9,223,1
2020-03-25,Placer,061,380077,100,30,0,30,1
2020-03-25,Plumas,063,18699,0,1,0,1,0
2020-03-25,Riverside,065,2383286,813,87,12,99,5
2020-03-25,Sacramento,067,1510023,445,114,0,114,5
2020-03-25,San Benito,069,59416,27,4,0,4,1
2020-03-25,San Bernardino,071,2135413,409,46,0,46,1
2020-03-25,San Diego,073,3302833,1194,238,0,238,2
2020-03-25,San Francisco,075,870044,553,212,0,212,1
2020-03-25,San Joaquin,077,732212,177,64,3,67,2
2020-03-25,San Luis Obispo,079,281455,105,35,0,35,0
2020-03-25,San Mateo,081,765935,576,111,2,113,5
2020-03-25,Santa Barbara,083,443738,157,25,1,26,0
2020-03-25,Santa Clara,085,1922200,1195,452,2,454,20
2020-03-25,Santa Cruz,087,273765,72,26,0,26,0
2020-03-25,Shasta,089,179085,16,3,0,3,1
2020-03-25,Sierra,091,2930,0,0,0,0,0
2020-03-25,Siskiyou,093,43540,4,2,0,2,0
2020-03-25,Solano,095,438530,80,39,0,39,0
2020-03-25,Sonoma,097,501317,124,31,0,31,1
2020-03-25,Stanislaus,099,539301,74,14,3,17,0
2020-03-25,Sutter,101,95872,9,1,0,1,0
2020-03-25,Tehama,103,63373,1,0,0,0,0
2020-03-25,Trinity,105,12862,0,0,0,0,0
2020-03-25,Tulare,107,460477,87,11,3,14,0
2020-03-25,Tuolumne,109,53932,2,0,0,0,0
2020-03-25,Ventura,111,848112,229,53,0,53,1
2020-03-25,Yolo,113,214977,42,9,0,9,1
2020-03-25,Yuba,115,75493,7,2,0,2,0
2020-03-24,Alameda,001,1643700,504,96,1,97,2
2020-03-24,Alpine,003,1148,1,0,0,0,0
2020-03-24,Amador,005,37829,2,1,0,1,0
2020-03-24,Butte,007,227075,11,3,0,3,0
2020-03-24,Calaveras,009,45235,5,2,0,2,0
2020-03-24,Colusa,011,21464,2,0,0,0,0
2020-03-24,Contra Costa,013,1133247,358,108,0,108,1
2020-03-24,Del Norte,015,27424,0,0,0,0,0
2020-03-24,El Dorado,017,186661,27,3,0,3,0
2020-03-24,Fresno,019,978130,133,18,2,20,0
2020-03-24,Glenn,021,27897,2,0,0,0,0
2020-03-24,Humboldt,023,135768,33,2,0,2,0
2020-03-24,Imperial,025,180216,57,3,0,3,0
2020-03-24,Inyo,027,18085,5,0,0,0,0
2020-03-24,Kern,029,883053,144,5,0,5,0
2020-03-24,Kings,031,150075,25,0,1,1,0
2020-03-24,Lake,033,64148,0,0,0,0,0
2020-03-24,Lassen,035,31185,3,0,1,1,0
2020-03-24,Los Angeles,037,10098052,3681,633,10,643,7
2020-03-24,Madera,039,155013,36,6,0,6,0
2020-03-24,Marin,041,260295,89,44,0,44,0
2020-03-24,Mariposa,043,17540,0,0,0,0,0
2020-03-24,Mendocino,045,87422,3,1,0,1,0
2020-03-24,Merced,047,269075,17,0,0,0,0
2020-03-24,Modoc,049,8938,0,0,0,0,0
2020-03-24,Mono,051,14174,21,1,0,1,0
2020-03-24,Monterey,053,433212,59,23,1,24,1
2020-03-24,Napa,055,140530,23,2,0,2,0
2020-03-24,Nevada,057,99092,30,4,1,5,0
2020-03-24,Orange,059,3164182,938,166,9,175,0
2020-03-24,Placer,061,380077,93,22,0,22,1
2020-03-24,Plumas,063,18699,0,1,0,1,0
2020-03-24,Riverside,065,2383286,746,56,12,68,5
2020-03-24,Sacramento,067,1510023,426,93,0,93,4
2020-03-24,San Benito,069,59416,26,4,0,4,1
2020-03-24,San Bernardino,071,2135413,365,27,0,27,0
2020-03-24,San Diego,073,3302833,1127,231,0,231,2
2020-03-24,San Francisco,075,870044,521,181,0,181,1
2020-03-24,San Joaquin,077,732212,166,52,3,55,2
2020-03-24,San Luis Obispo,079,281455,102,32,0,32,0
2020-03-24,San Mateo,081,765935,535,100,2,102,2
2020-03-24,Santa Barbara,083,443738,151,20,1,21,0
2020-03-24,Santa Clara,085,1922200,1126,389,2,391,17
2020-03-24,Santa Cruz,087,273765,67,22,0,22,0
2020-03-24,Shasta,089,179085,15,3,0,3,0
2020-03-24,Sierra,091,2930,0,0,0,0,0
2020-03-24,Siskiyou,093,43540,4,2,0,2,0
2020-03-24,Solano,095,438530,78,34,0,34,0
2020-03-24,Sonoma,097,501317,117,27,0,27,1
2020-03-24,Stanislaus,099,539301,65,13,3,16,0
2020-03-24,Sutter,101,95872,9,0,0,0,0
2020-03-24,Tehama,103,63373,1,0,0,0,0
2020-03-24,Trinity,105,12862,0,0,0,0,0
2020-03-24,Tulare,107,460477,77,10,3,13,0
2020-03-24,Tuolumne,109,53932,2,0,0,0,0
2020-03-24,Ventura,111,848112,213,44,0,44,1
2020-03-24,Yolo,113,214977,38,8,0,8,0
2020-03-24,Yuba,115,75493,7,2,0,2,0
2020-03-23,Alameda,001,1643700,473,88,1,89,1
2020-03-23,Alpine,003,1148,1,0,0,0,0
2020-03-23,Amador,005,37829,2,1,0,1,0
2020-03-23,Butte,007,227075,11,2,0,2,0
2020-03-23,Calaveras,009,45235,5,2,0,2,0
2020-03-23,Colusa,011,21464,1,0,0,0,0
2020-03-23,Contra Costa,013,1133247,338,91,0,91,2
2020-03-23,Del Norte,015,27424,0,0,0,0,0
2020-03-23,El Dorado,017,186661,26,3,0,3,0
2020-03-23,Fresno,019,978130,123,10,2,12,0
2020-03-23,Glenn,021,27897,2,0,0,0,0
2020-03-23,Humboldt,023,135768,31,2,0,2,0
2020-03-23,Imperial,025,180216,53,2,0,2,0
2020-03-23,Inyo,027,18085,3,0,0,0,0
2020-03-23,Kern,029,883053,130,5,0,5,0
2020-03-23,Kings,031,150075,25,0,1,1,0
2020-03-23,Lake,033,64148,0,0,0,0,0
2020-03-23,Lassen,035,31185,3,0,1,1,0
2020-03-23,Los Angeles,037,10098052,3377,389,10,399,4
2020-03-23,Madera,039,155013,36,4,0,4,0
2020-03-23,Marin,041,260295,84,30,0,30,0
2020-03-23,Mariposa,043,17540,0,0,0,0,0
2020-03-23,Mendocino,045,87422,3,1,0,1,0
2020-03-23,Merced,047,269075,11,0,0,0,0
2020-03-23,Modoc,049,8938,0,0,0,0,0
2020-03-23,Mono,051,14174,19,1,0,1,0
2020-03-23,Monterey,053,433212,54,14,1,15,1
2020-03-23,Napa,055,140530,21,1,0,1,0
2020-03-23,Nevada,057,99092,27,2,1,3,0
2020-03-23,Orange,059,3164182,883,138,7,145,0
2020-03-23,Placer,061,380077,90,19,0,19,1
2020-03-23,Plumas,063,18699,0,0,0,0,0
2020-03-23,Riverside,065,2383286,703,39,12,51,5
2020-03-23,Sacramento,067,1510023,393,87,0,87,4
2020-03-23,San Benito,069,59416,25,4,0,4,1
2020-03-23,San Bernardino,071,2135413,335,17,0,17,0
2020-03-23,San Diego,073,3302833,1068,178,0,178,1
2020-03-23,San Francisco,075,870044,492,152,0,152,0
2020-03-23,San Joaquin,077,732212,154,37,3,40,2
2020-03-23,San Luis Obispo,079,281455,96,23,0,23,0
2020-03-23,San Mateo,081,765935,497,88,2,90,1
2020-03-23,Santa Barbara,083,443738,133,18,1,19,0
2020-03-23,Santa Clara,085,1922200,1077,336,2,338,13
2020-03-23,Santa Cruz,087,273765,65,21,0,21,0
2020-03-23,Shasta,089,179085,13,2,0,2,0
2020-03-23,Sierra,091,2930,0,0,0,0,0
2020-03-23,Siskiyou,093,43540,4,2,0,2,0
2020-03-23,Solano,095,438530,74,33,0,33,0
2020-03-23,Sonoma,097,501317,105,19,0,19,1
2020-03-23,Stanislaus,099,539301,57,10,3,13,0
2020-03-23,Sutter,101,95872,9,0,0,0,0
2020-03-23,Tehama,103,63373,1,0,0,0,0
2020-03-23,Trinity,105,12862,0,0,0,0,0
2020-03-23,Tulare,107,460477,68,9,3,12,0
2020-03-23,Tuolumne,109,53932,2,0,0,0,0
2020-03-23,Ventura,111,848112,196,30,0,30,0
2020-03-23,Yolo,113,214977,37,8,0,8,0
2020-03-23,Yuba,115,75493,7,2,0,2,0
2020-03-22,Alameda,001,1643700,434,72,1,73,1
2020-03-22,Alpine,003,1148,1,0,0,0,0
2020-03-22,Amador,005,37829,2,1,0,1,0
2020-03-22,Butte,007,227075,8,1,0,1,0
2020-03-22,Calaveras,009,45235,4,2,0,2,0
2020-03-22,Colusa,011,21464,1,0,0,0,0
2020-03-22,Contra Costa,013,1133247,311,79,0,79,1
2020-03-22,Del Norte,015,27424,0,0,0,0,0
2020-03-22,El Dorado,017,186661,24,1,0,1,0
2020-03-22,Fresno,019,978130,103,8,2,10,0
2020-03-22,Glenn,021,27897,2,0,0,0,0
2020-03-22,Humboldt,023,135768,28,1,0,1,0
2020-03-22,Imperial,025,180216,51,2,0,2,0
2020-03-22,Inyo,027,18085,1,0,0,0,0
2020-03-22,Kern,029,883053,114,3,0,3,0
2020-03-22,Kings,031,150075,22,0,1,1,0
2020-03-22,Lake,033,64148,0,0,0,0,0
2020-03-22,Lassen,035,31185,3,0,1,1,0
2020-03-22,Los Angeles,037,10098052,3056,384,10,394,3
2020-03-22,Madera,039,155013,33,4,0,4,0
2020-03-22,Marin,041,260295,74,30,0,30,0
2020-03-22,Mariposa,043,17540,0,0,0,0,0
2020-03-22,Mendocino,045,87422,3,1,0,1,0
2020-03-22,Merced,047,269075,7,0,0,0,0
2020-03-22,Modoc,049,8938,0,0,0,0,0
2020-03-22,Mono,051,14174,14,1,0,1,0
2020-03-22,Monterey,053,433212,51,14,1,15,1
2020-03-22,Napa,055,140530,17,1,0,1,0
2020-03-22,Nevada,057,99092,23,2,1,3,0
2020-03-22,Orange,059,3164182,811,102,4,106,0
2020-03-22,Placer,061,380077,87,18,0,18,1
2020-03-22,Plumas,063,18699,0,0,0,0,0
2020-03-22,Riverside,065,2383286,613,26,8,34,5
2020-03-22,Sacramento,067,1510023,361,82,0,82,4
2020-03-22,San Benito,069,59416,20,4,0,4,1
2020-03-22,San Bernardino,071,2135413,292,16,0,16,0
2020-03-22,San Diego,073,3302833,980,161,0,161,0
2020-03-22,San Francisco,075,870044,455,134,0,134,0
2020-03-22,San Joaquin,077,732212,140,30,3,33,2
2020-03-22,San Luis Obispo,079,281455,89,19,0,19,0
2020-03-22,San Mateo,081,765935,464,82,2,84,1
2020-03-22,Santa Barbara,083,443738,119,16,1,17,0
2020-03-22,Santa Clara,085,1922200,1013,284,2,286,13
2020-03-22,Santa Cruz,087,273765,64,19,0,19,0
2020-03-22,Shasta,089,179085,13,1,0,1,0
2020-03-22,Sierra,091,2930,0,0,0,0,0
2020-03-22,Siskiyou,093,43540,4,2,0,2,0
2020-03-22,Solano,095,438530,65,30,0,30,0
2020-03-22,Sonoma,097,501317,100,18,0,18,1
2020-03-22,Stanislaus,099,539301,51,8,3,11,0
2020-03-22,Sutter,101,95872,8,0,0,0,0
2020-03-22,Tehama,103,63373,0,0,0,0,0
2020-03-22,Trinity,105,12862,0,0,0,0,0
2020-03-22,Tulare,107,460477,62,5,3,8,0
2020-03-22,Tuolumne,109,53932,2,0,0,0,0
2020-03-22,Ventura,111,848112,174,26,0,26,0
2020-03-22,Yolo,113,214977,31,6,0,6,0
2020-03-22,Yuba,115,75493,7,2,0,2,0
2020-03-21,Alameda,001,1643700,410,62,1,63,0
2020-03-21,Alpine,003,1148,1,0,0,0,0
2020-03-21,Amador,005,37829,2,1,0,1,0
2020-03-21,Butte,007,227075,7,1,0,1,0
2020-03-21,Calaveras,009,45235,4,2,0,2,0
2020-03-21,Colusa,011,21464,1,0,0,0,0
2020-03-21,Contra Costa,013,1133247,300,62,0,62,1
2020-03-21,Del Norte,015,27424,0,0,0,0,0
2020-03-21,El Dorado,017,186661,21,1,0,1,0
2020-03-21,Fresno,019,978130,99,8,2,10,0
2020-03-21,Glenn,021,27897,2,0,0,0,0
2020-03-21,Humboldt,023,135768,25,1,0,1,0
2020-03-21,Imperial,025,180216,47,2,0,2,0
2020-03-21,Inyo,027,18085,1,0,0,0,0
2020-03-21,Kern,029,883053,108,3,0,3,0
2020-03-21,Kings,031,150075,22,0,1,1,0
2020-03-21,Lake,033,64148,0,0,0,0,0
2020-03-21,Lassen,035,31185,3,0,1,1,0
2020-03-21,Los Angeles,037,10098052,2783,322,10,332,2
2020-03-21,Madera,039,155013,33,4,0,4,0
2020-03-21,Marin,041,260295,69,30,0,30,0
2020-03-21,Mariposa,043,17540,0,0,0,0,0
2020-03-21,Mendocino,045,87422,3,1,0,1,0
2020-03-21,Merced,047,269075,6,0,0,0,0
2020-03-21,Modoc,049,8938,0,0,0,0,0
2020-03-21,Mono,051,14174,14,1,0,1,0
2020-03-21,Monterey,053,433212,48,8,1,9,1
2020-03-21,Napa,055,140530,17,0,0,0,0
2020-03-21,Nevada,057,99092,23,2,1,3,0
2020-03-21,Orange,059,3164182,762,85,4,89,0
2020-03-21,Placer,061,380077,78,11,0,11,1
2020-03-21,Plumas,063,18699,0,0,0,0,0
2020-03-21,Riverside,065,2383286,566,20,8,28,3
2020-03-21,Sacramento,067,1510023,334,66,0,66,3
2020-03-21,San Benito,069,59416,18,4,0,4,1
2020-03-21,San Bernardino,071,2135413,272,13,0,13,0
2020-03-21,San Diego,073,3302833,903,121,0,121,0
2020-03-21,San Francisco,075,870044,419,106,0,106,0
2020-03-21,San Joaquin,077,732212,131,26,3,29,2
2020-03-21,San Luis Obispo,079,281455,84,16,0,16,0
2020-03-21,San Mateo,081,765935,426,78,2,80,1
2020-03-21,Santa Barbara,083,443738,109,8,1,9,0
2020-03-21,Santa Clara,085,1922200,951,269,2,271,10
2020-03-21,Santa Cruz,087,273765,62,17,0,17,0
2020-03-21,Shasta,089,179085,12,1,0,1,0
2020-03-21,Sierra,091,2930,0,0,0,0,0
2020-03-21,Siskiyou,093,43540,4,0,0,0,0
2020-03-21,Solano,095,438530,63,30,0,30,0
2020-03-21,Sonoma,097,501317,99,15,0,15,1
2020-03-21,Stanislaus,099,539301,45,7,3,10,0
2020-03-21,Sutter,101,95872,7,0,0,0,0
2020-03-21,Tehama,103,63373,0,0,0,0,0
2020-03-21,Trinity,105,12862,0,0,0,0,0
2020-03-21,Tulare,107,460477,54,5,3,8,0
2020-03-21,Tuolumne,109,53932,2,0,0,0,0
2020-03-21,Ventura,111,848112,166,22,0,22,0
2020-03-21,Yolo,113,214977,31,6,0,6,0
2020-03-21,Yuba,115,75493,7,1,0,1,0
2020-03-20,Alameda,001,1643700,389,42,1,43,0
2020-03-20,Alpine,003,1148,1,0,0,0,0
2020-03-20,Amador,005,37829,1,0,0,0,0
2020-03-20,Butte,007,227075,7,0,0,0,0
2020-03-20,Calaveras,009,45235,4,2,0,2,0
2020-03-20,Colusa,011,21464,1,0,0,0,0
2020-03-20,Contra Costa,013,1133247,270,52,0,52,1
2020-03-20,Del Norte,015,27424,0,0,0,0,0
2020-03-20,El Dorado,017,186661,20,1,0,1,0
2020-03-20,Fresno,019,978130,96,7,2,9,0
2020-03-20,Glenn,021,27897,1,0,0,0,0
2020-03-20,Humboldt,023,135768,25,1,0,1,0
2020-03-20,Imperial,025,180216,46,2,0,2,0
2020-03-20,Inyo,027,18085,0,0,0,0,0
2020-03-20,Kern,029,883053,93,3,0,3,0
2020-03-20,Kings,031,150075,21,0,1,1,0
2020-03-20,Lake,033,64148,0,0,0,0,0
2020-03-20,Lassen,035,31185,3,0,1,1,0
2020-03-20,Los Angeles,037,10098052,2557,267,9,276,1
2020-03-20,Madera,039,155013,32,4,0,4,0
2020-03-20,Marin,041,260295,66,30,0,30,0
2020-03-20,Mariposa,043,17540,0,0,0,0,0
2020-03-20,Mendocino,045,87422,3,1,0,1,0
2020-03-20,Merced,047,269075,6,0,0,0,0
2020-03-20,Modoc,049,8938,0,0,0,0,0
2020-03-20,Mono,051,14174,14,0,0,0,0
2020-03-20,Monterey,053,433212,47,4,1,5,0
2020-03-20,Napa,055,140530,16,0,0,0,0
2020-03-20,Nevada,057,99092,20,2,1,3,0
2020-03-20,Orange,059,3164182,715,71,4,75,2
2020-03-20,Placer,061,380077,72,9,0,9,1
2020-03-20,Plumas,063,18699,0,0,0,0,0
2020-03-20,Riverside,065,2383286,507,19,8,27,3
2020-03-20,Sacramento,067,1510023,313,56,0,56,4
2020-03-20,San Benito,069,59416,18,4,0,4,1
2020-03-20,San Bernardino,071,2135413,245,9,0,9,0
2020-03-20,San Diego,073,3302833,851,98,0,98,0
2020-03-20,San Francisco,075,870044,387,87,0,87,0
2020-03-20,San Joaquin,077,732212,116,18,3,21,2
2020-03-20,San Luis Obispo,079,281455,80,11,0,11,0
2020-03-20,San Mateo,081,765935,396,71,2,73,1
2020-03-20,Santa Barbara,083,443738,97,7,1,8,0
2020-03-20,Santa Clara,085,1922200,914,246,2,248,8
2020-03-20,Santa Cruz,087,273765,60,13,0,13,0
2020-03-20,Shasta,089,179085,11,1,0,1,0
2020-03-20,Sierra,091,2930,0,0,0,0,0
2020-03-20,Siskiyou,093,43540,4,0,0,0,0
2020-03-20,Solano,095,438530,59,29,0,29,0
2020-03-20,Sonoma,097,501317,91,7,0,7,0
2020-03-20,Stanislaus,099,539301,39,7,3,10,0
2020-03-20,Sutter,101,95872,7,0,0,0,0
2020-03-20,Tehama,103,63373,0,0,0,0,0
2020-03-20,Trinity,105,12862,0,0,0,0,0
2020-03-20,Tulare,107,460477,50,4,3,7,0
2020-03-20,Tuolumne,109,53932,2,0,0,0,0
2020-03-20,Ventura,111,848112,156,18,0,18,0
2020-03-20,Yolo,113,214977,29,5,0,5,0
2020-03-20,Yuba,115,75493,6,0,0,0,0
2020-03-19,Alameda,001,1643700,353,36,1,37,0
2020-03-19,Alpine,003,1148,1,0,0,0,0
2020-03-19,Amador,005,37829,1,0,0,0,0
2020-03-19,Butte,007,227075,5,0,0,0,0
2020-03-19,Calaveras,009,45235,4,2,0,2,0
2020-03-19,Colusa,011,21464,0,0,0,0,0
2020-03-19,Contra Costa,013,1133247,254,46,0,46,0
2020-03-19,Del Norte,015,27424,0,0,0,0,0
2020-03-19,El Dorado,017,186661,18,0,0,0,0
2020-03-19,Fresno,019,978130,87,6,2,8,0
2020-03-19,Glenn,021,27897,1,0,0,0,0
2020-03-19,Humboldt,023,135768,23,1,0,1,0
2020-03-19,Imperial,025,180216,39,2,0,2,0
2020-03-19,Inyo,027,18085,0,0,0,0,0
2020-03-19,Kern,029,883053,81,3,0,3,0
2020-03-19,Kings,031,150075,17,0,1,1,0
2020-03-19,Lake,033,64148,0,0,0,0,0
2020-03-19,Lassen,035,31185,2,0,1,1,0
2020-03-19,Los Angeles,037,10098052,2270,233,9,242,0
2020-03-19,Madera,039,155013,31,3,0,3,0
2020-03-19,Marin,041,260295,63,19,0,19,0
2020-03-19,Mariposa,043,17540,0,0,0,0,0
2020-03-19,Mendocino,045,87422,2,1,0,1,0
2020-03-19,Merced,047,269075,5,0,0,0,0
2020-03-19,Modoc,049,8938,0,0,0,0,0
2020-03-19,Mono,051,14174,12,0,0,0,0
2020-03-19,Monterey,053,433212,39,3,1,4,0
2020-03-19,Napa,055,140530,14,0,0,0,0
2020-03-19,Nevada,057,99092,18,2,1,3,0
2020-03-19,Orange,059,3164182,633,59,4,63,0
2020-03-19,Placer,061,380077,64,8,0,8,1
2020-03-19,Plumas,063,18699,0,0,0,0,0
2020-03-19,Riverside,065,2383286,396,14,6,20,3
2020-03-19,Sacramento,067,1510023,280,52,0,52,3
2020-03-19,San Benito,069,59416,15,3,0,3,0
2020-03-19,San Bernardino,071,2135413,215,7,0,7,0
2020-03-19,San Diego,073,3302833,768,68,0,68,0
2020-03-19,San Francisco,075,870044,351,80,0,80,0
2020-03-19,San Joaquin,077,732212,102,15,3,18,2
2020-03-19,San Luis Obispo,079,281455,77,6,0,6,0
2020-03-19,San Mateo,081,765935,361,58,2,60,1
2020-03-19,Santa Barbara,083,443738,85,5,0,5,0
2020-03-19,Santa Clara,085,1922200,847,183,2,185,8
2020-03-19,Santa Cruz,087,273765,57,13,0,13,0
2020-03-19,Shasta,089,179085,10,1,0,1,0
2020-03-19,Sierra,091,2930,0,0,0,0,0
2020-03-19,Siskiyou,093,43540,3,0,0,0,0
2020-03-19,Solano,095,438530,55,26,0,26,0
2020-03-19,Sonoma,097,501317,88,8,0,8,0
2020-03-19,Stanislaus,099,539301,38,7,3,10,0
2020-03-19,Sutter,101,95872,7,0,0,0,0
2020-03-19,Tehama,103,63373,0,0,0,0,0
2020-03-19,Trinity,105,12862,0,0,0,0,0
2020-03-19,Tulare,107,460477,44,3,3,6,0
2020-03-19,Tuolumne,109,53932,2,0,0,0,0
2020-03-19,Ventura,111,848112,134,15,0,15,0
2020-03-19,Yolo,113,214977,25,5,0,5,0
2020-03-19,Yuba,115,75493,5,0,0,0,0
2020-03-18,Alameda,001,1643700,325,29,1,30,0
2020-03-18,Alpine,003,1148,1,0,0,0,0
2020-03-18,Amador,005,37829,1,0,0,0,0
2020-03-18,Butte,007,227075,4,0,0,0,0
2020-03-18,Calaveras,009,45235,4,2,0,2,0
2020-03-18,Colusa,011,21464,0,0,0,0,0
2020-03-18,Contra Costa,013,1133247,232,44,0,44,0
2020-03-18,Del Norte,015,27424,0,0,0,0,0
2020-03-18,El Dorado,017,186661,17,0,0,0,0
2020-03-18,Fresno,019,978130,78,3,1,4,0
2020-03-18,Glenn,021,27897,1,0,0,0,0
2020-03-18,Humboldt,023,135768,19,1,0,1,0
2020-03-18,Imperial,025,180216,33,2,0,2,0
2020-03-18,Inyo,027,18085,0,0,0,0,0
2020-03-18,Kern,029,883053,66,1,0,1,0
2020-03-18,Kings,031,150075,15,0,1,1,0
2020-03-18,Lake,033,64148,0,0,0,0,0
2020-03-18,Lassen,035,31185,1,0,1,1,0
2020-03-18,Los Angeles,037,10098052,2031,47,9,56,0
2020-03-18,Madera,039,155013,30,2,0,2,0
2020-03-18,Marin,041,260295,58,10,0,10,0
2020-03-18,Mariposa,043,17540,0,0,0,0,0
2020-03-18,Mendocino,045,87422,2,0,0,0,0
2020-03-18,Merced,047,269075,5,0,0,0,0
2020-03-18,Modoc,049,8938,0,0,0,0,0
2020-03-18,Mono,051,14174,11,0,0,0,0
2020-03-18,Monterey,053,433212,31,1,0,1,0
2020-03-18,Napa,055,140530,11,0,0,0,0
2020-03-18,Nevada,057,99092,16,2,1,3,0
2020-03-18,Orange,059,3164182,576,38,4,42,0
2020-03-18,Placer,061,380077,57,8,0,8,1
2020-03-18,Plumas,063,18699,0,0,0,0,0
2020-03-18,Riverside,065,2383286,333,11,5,16,2
2020-03-18,Sacramento,067,1510023,257,46,0,46,3
2020-03-18,San Benito,069,59416,14,3,0,3,0
2020-03-18,San Bernardino,071,2135413,193,3,0,3,0
2020-03-18,San Diego,073,3302833,683,40,0,40,0
2020-03-18,San Francisco,075,870044,332,65,0,65,0
2020-03-18,San Joaquin,077,732212,90,14,3,17,2
2020-03-18,San Luis Obispo,079,281455,70,5,0,5,0
2020-03-18,San Mateo,081,765935,340,57,2,59,1
2020-03-18,Santa Barbara,083,443738,77,2,0,2,0
2020-03-18,Santa Clara,085,1922200,796,151,2,153,6
2020-03-18,Santa Cruz,087,273765,55,11,0,11,0
2020-03-18,Shasta,089,179085,9,1,0,1,0
2020-03-18,Sierra,091,2930,0,0,0,0,0
2020-03-18,Siskiyou,093,43540,3,0,0,0,0
2020-03-18,Solano,095,438530,51,26,0,26,0
2020-03-18,Sonoma,097,501317,79,6,0,6,0
2020-03-18,Stanislaus,099,539301,34,5,2,7,0
2020-03-18,Sutter,101,95872,5,0,0,0,0
2020-03-18,Tehama,103,63373,0,0,0,0,0
2020-03-18,Trinity,105,12862,0,0,0,0,0
2020-03-18,Tulare,107,460477,34,3,3,6,0
2020-03-18,Tuolumne,109,53932,2,0,0,0,0
2020-03-18,Ventura,111,848112,115,11,0,11,0
2020-03-18,Yolo,113,214977,22,4,0,4,0
2020-03-18,Yuba,115,75493,4,0,0,0,0
2020-03-17,Alameda,001,1643700,293,19,0,19,0
2020-03-17,Alpine,003,1148,0,0,0,0,0
2020-03-17,Amador,005,37829,1,0,0,0,0
2020-03-17,Butte,007,227075,4,0,0,0,0
2020-03-17,Calaveras,009,45235,4,2,0,2,0
2020-03-17,Colusa,011,21464,0,0,0,0,0
2020-03-17,Contra Costa,013,1133247,210,37,0,37,0
2020-03-17,Del Norte,015,27424,0,0,0,0,0
2020-03-17,El Dorado,017,186661,16,0,0,0,0
2020-03-17,Fresno,019,978130,68,2,1,3,0
2020-03-17,Glenn,021,27897,1,0,0,0,0
2020-03-17,Humboldt,023,135768,17,1,0,1,0
2020-03-17,Imperial,025,180216,27,2,0,2,0
2020-03-17,Inyo,027,18085,0,0,0,0,0
2020-03-17,Kern,029,883053,52,0,0,0,0
2020-03-17,Kings,031,150075,12,0,1,1,0
2020-03-17,Lake,033,64148,0,0,0,0,0
2020-03-17,Lassen,035,31185,1,0,1,1,0
2020-03-17,Los Angeles,037,10098052,1831,41,9,50,0
2020-03-17,Madera,039,155013,22,2,0,2,0
2020-03-17,Marin,041,260295,51,4,0,4,0
2020-03-17,Mariposa,043,17540,0,0,0,0,0
2020-03-17,Mendocino,045,87422,2,0,0,0,0
2020-03-17,Merced,047,269075,5,0,0,0,0
2020-03-17,Modoc,049,8938,0,0,0,0,0
2020-03-17,Mono,051,14174,9,0,0,0,0
2020-03-17,Monterey,053,433212,29,0,0,0,0
2020-03-17,Napa,055,140530,8,0,0,0,0
2020-03-17,Nevada,057,99092,15,1,1,2,0
2020-03-17,Orange,059,3164182,498,24,3,27,0
2020-03-17,Placer,061,380077,47,7,0,7,1
2020-03-17,Plumas,063,18699,0,0,0,0,0
2020-03-17,Riverside,065,2383286,271,11,5,16,0
2020-03-17,Sacramento,067,1510023,237,36,0,36,1
2020-03-17,San Benito,069,59416,12,2,0,2,0
2020-03-17,San Bernardino,071,2135413,165,2,0,2,0
2020-03-17,San Diego,073,3302833,616,17,0,17,0
2020-03-17,San Francisco,075,870044,305,46,0,46,0
2020-03-17,San Joaquin,077,732212,84,11,3,14,0
2020-03-17,San Luis Obispo,079,281455,62,1,0,1,0
2020-03-17,San Mateo,081,765935,308,46,2,48,1
2020-03-17,Santa Barbara,083,443738,65,0,0,0,0
2020-03-17,Santa Clara,085,1922200,738,121,2,123,4
2020-03-17,Santa Cruz,087,273765,52,10,0,10,0
2020-03-17,Shasta,089,179085,5,1,0,1,0
2020-03-17,Sierra,091,2930,0,0,0,0,0
2020-03-17,Siskiyou,093,43540,3,0,0,0,0
2020-03-17,Solano,095,438530,48,27,0,27,0
2020-03-17,Sonoma,097,501317,71,4,0,4,0
2020-03-17,Stanislaus,099,539301,31,4,2,6,0
2020-03-17,Sutter,101,95872,5,0,0,0,0
2020-03-17,Tehama,103,63373,0,0,0,0,0
2020-03-17,Trinity,105,12862,0,0,0,0,0
2020-03-17,Tulare,107,460477,29,2,3,5,0
2020-03-17,Tuolumne,109,53932,2,0,0,0,0
2020-03-17,Ventura,111,848112,98,7,0,7,0
2020-03-17,Yolo,113,214977,18,2,0,2,0
2020-03-17,Yuba,115,75493,4,0,0,0,0
2020-03-16,Alameda,001,1643700,264,17,0,17,0
2020-03-16,Alpine,003,1148,0,0,0,0,0
2020-03-16,Amador,005,37829,1,0,0,0,0
2020-03-16,Butte,007,227075,3,0,0,0,0
2020-03-16,Calaveras,009,45235,4,2,0,2,0
2020-03-16,Colusa,011,21464,0,0,0,0,0
2020-03-16,Contra Costa,013,1133247,186,36,0,36,0
2020-03-16,Del Norte,015,27424,0,0,0,0,0
2020-03-16,El Dorado,017,186661,15,0,0,0,0
2020-03-16,Fresno,019,978130,53,2,1,3,0
2020-03-16,Glenn,021,27897,0,0,0,0,0
2020-03-16,Humboldt,023,135768,13,1,0,1,0
2020-03-16,Imperial,025,180216,22,2,0,2,0
2020-03-16,Inyo,027,18085,0,0,0,0,0
2020-03-16,Kern,029,883053,43,0,0,0,0
2020-03-16,Kings,031,150075,11,0,1,1,0
2020-03-16,Lake,033,64148,0,0,0,0,0
2020-03-16,Lassen,035,31185,1,0,0,0,0
2020-03-16,Los Angeles,037,10098052,1596,43,9,52,0
2020-03-16,Madera,039,155013,21,2,0,2,0
2020-03-16,Marin,041,260295,48,4,0,4,0
2020-03-16,Mariposa,043,17540,0,0,0,0,0
2020-03-16,Mendocino,045,87422,2,0,0,0,0
2020-03-16,Merced,047,269075,5,0,0,0,0
2020-03-16,Modoc,049,8938,0,0,0,0,0
2020-03-16,Mono,051,14174,7,0,0,0,0
2020-03-16,Monterey,053,433212,28,0,0,0,0
2020-03-16,Napa,055,140530,7,0,0,0,0
2020-03-16,Nevada,057,99092,11,1,1,2,0
2020-03-16,Orange,059,3164182,415,18,3,21,0
2020-03-16,Placer,061,380077,39,7,0,7,1
2020-03-16,Plumas,063,18699,0,0,0,0,0
2020-03-16,Riverside,065,2383286,235,10,5,15,0
2020-03-16,Sacramento,067,1510023,210,34,0,34,1
2020-03-16,San Benito,069,59416,8,2,0,2,0
2020-03-16,San Bernardino,071,2135413,145,1,0,1,0
2020-03-16,San Diego,073,3302833,525,17,0,17,0
2020-03-16,San Francisco,075,870044,267,40,0,40,0
2020-03-16,San Joaquin,077,732212,74,9,3,12,0
2020-03-16,San Luis Obispo,079,281455,55,1,0,1,0
2020-03-16,San Mateo,081,765935,270,42,2,44,1
2020-03-16,Santa Barbara,083,443738,55,0,0,0,0
2020-03-16,Santa Clara,085,1922200,658,115,1,116,2
2020-03-16,Santa Cruz,087,273765,45,9,0,9,0
2020-03-16,Shasta,089,179085,5,1,0,1,0
2020-03-16,Sierra,091,2930,0,0,0,0,0
2020-03-16,Siskiyou,093,43540,2,0,0,0,0
2020-03-16,Solano,095,438530,43,27,0,27,0
2020-03-16,Sonoma,097,501317,63,4,0,4,0
2020-03-16,Stanislaus,099,539301,27,2,2,4,0
2020-03-16,Sutter,101,95872,3,0,0,0,0
2020-03-16,Tehama,103,63373,0,0,0,0,0
2020-03-16,Trinity,105,12862,0,0,0,0,0
2020-03-16,Tulare,107,460477,25,2,3,5,0
2020-03-16,Tuolumne,109,53932,2,0,0,0,0
2020-03-16,Ventura,111,848112,88,7,0,7,0
2020-03-16,Yolo,113,214977,17,2,0,2,0
2020-03-16,Yuba,115,75493,3,0,0,0,0
2020-03-15,Alameda,001,1643700,217,17,0,17,0
2020-03-15,Alpine,003,1148,0,0,0,0,0
2020-03-15,Amador,005,37829,1,0,0,0,0
2020-03-15,Butte,007,227075,3,0,0,0,0
2020-03-15,Calaveras,009,45235,2,2,0,2,0
2020-03-15,Colusa,011,21464,0,0,0,0,0
2020-03-15,Contra Costa,013,1133247,161,34,0,34,0
2020-03-15,Del Norte,015,27424,0,0,0,0,0
2020-03-15,El Dorado,017,186661,14,0,0,0,0
2020-03-15,Fresno,019,978130,33,1,1,2,0
2020-03-15,Glenn,021,27897,0,0,0,0,0
2020-03-15,Humboldt,023,135768,11,1,0,1,0
2020-03-15,Imperial,025,180216,17,2,0,2,0
2020-03-15,Inyo,027,18085,0,0,0,0,0
2020-03-15,Kern,029,883053,37,0,0,0,0
2020-03-15,Kings,031,150075,11,0,1,1,0
2020-03-15,Lake,033,64148,0,0,0,0,0
2020-03-15,Lassen,035,31185,1,0,0,0,0
2020-03-15,Los Angeles,037,10098052,1356,41,9,50,0
2020-03-15,Madera,039,155013,20,2,0,2,0
2020-03-15,Marin,041,260295,41,3,0,3,0
2020-03-15,Mariposa,043,17540,0,0,0,0,0
2020-03-15,Mendocino,045,87422,2,0,0,0,0
2020-03-15,Merced,047,269075,3,0,0,0,0
2020-03-15,Modoc,049,8938,0,0,0,0,0
2020-03-15,Mono,051,14174,6,0,0,0,0
2020-03-15,Monterey,053,433212,21,0,0,0,0
2020-03-15,Napa,055,140530,7,0,0,0,0
2020-03-15,Nevada,057,99092,11,0,1,1,0
2020-03-15,Orange,059,3164182,347,16,1,17,0
2020-03-15,Placer,061,380077,33,7,0,7,1
2020-03-15,Plumas,063,18699,0,0,0,0,0
2020-03-15,Riverside,065,2383286,183,10,5,15,0
2020-03-15,Sacramento,067,1510023,174,30,0,30,1
2020-03-15,San Benito,069,59416,8,2,0,2,0
2020-03-15,San Bernardino,071,2135413,123,0,0,0,0
2020-03-15,San Diego,073,3302833,438,16,0,16,0
2020-03-15,San Francisco,075,870044,209,31,0,31,0
2020-03-15,San Joaquin,077,732212,63,6,3,9,0
2020-03-15,San Luis Obispo,079,281455,45,1,0,1,0
2020-03-15,San Mateo,081,765935,236,29,1,30,1
2020-03-15,Santa Barbara,083,443738,46,0,0,0,0
2020-03-15,Santa Clara,085,1922200,586,79,1,80,2
2020-03-15,Santa Cruz,087,273765,38,8,0,8,0
2020-03-15,Shasta,089,179085,5,1,0,1,0
2020-03-15,Sierra,091,2930,0,0,0,0,0
2020-03-15,Siskiyou,093,43540,2,0,0,0,0
2020-03-15,Solano,095,438530,42,26,0,26,0
2020-03-15,Sonoma,097,501317,54,4,0,4,0
2020-03-15,Stanislaus,099,539301,26,2,2,4,0
2020-03-15,Sutter,101,95872,2,0,0,0,0
2020-03-15,Tehama,103,63373,0,0,0,0,0
2020-03-15,Trinity,105,12862,0,0,0,0,0
2020-03-15,Tulare,107,460477,19,2,3,5,0
2020-03-15,Tuolumne,109,53932,1,0,0,0,0
2020-03-15,Ventura,111,848112,77,5,0,5,0
2020-03-15,Yolo,113,214977,14,2,0,2,0
2020-03-15,Yuba,115,75493,2,0,0,0,0
2020-03-14,Alameda,001,1643700,198,11,0,11,0
2020-03-14,Alpine,003,1148,0,0,0,0,0
2020-03-14,Amador,005,37829,1,0,0,0,0
2020-03-14,Butte,007,227075,2,0,0,0,0
2020-03-14,Calaveras,009,45235,2,2,0,2,0
2020-03-14,Colusa,011,21464,0,0,0,0,0
2020-03-14,Contra Costa,013,1133247,139,30,0,30,0
2020-03-14,Del Norte,015,27424,0,0,0,0,0
2020-03-14,El Dorado,017,186661,12,0,0,0,0
2020-03-14,Fresno,019,978130,25,1,1,2,0
2020-03-14,Glenn,021,27897,0,0,0,0,0
2020-03-14,Humboldt,023,135768,7,1,0,1,0
2020-03-14,Imperial,025,180216,13,2,0,2,0
2020-03-14,Inyo,027,18085,0,0,0,0,0
2020-03-14,Kern,029,883053,32,0,0,0,0
2020-03-14,Kings,031,150075,11,0,1,1,0
2020-03-14,Lake,033,64148,0,0,0,0,0
2020-03-14,Lassen,035,31185,1,0,0,0,0
2020-03-14,Los Angeles,037,10098052,1178,35,9,44,0
2020-03-14,Madera,039,155013,19,2,0,2,0
2020-03-14,Marin,041,260295,37,3,0,3,0
2020-03-14,Mariposa,043,17540,0,0,0,0,0
2020-03-14,Mendocino,045,87422,2,0,0,0,0
2020-03-14,Merced,047,269075,3,0,0,0,0
2020-03-14,Modoc,049,8938,0,0,0,0,0
2020-03-14,Mono,051,14174,5,0,0,0,0
2020-03-14,Monterey,053,433212,15,0,0,0,0
2020-03-14,Napa,055,140530,5,0,0,0,0
2020-03-14,Nevada,057,99092,8,0,1,1,0
2020-03-14,Orange,059,3164182,308,14,0,14,0
2020-03-14,Placer,061,380077,29,6,0,6,1
2020-03-14,Plumas,063,18699,0,0,0,0,0
2020-03-14,Riverside,065,2383286,163,10,5,15,0
2020-03-14,Sacramento,067,1510023,152,31,0,31,1
2020-03-14,San Benito,069,59416,8,2,0,2,0
2020-03-14,San Bernardino,071,2135413,104,0,0,0,0
2020-03-14,San Diego,073,3302833,363,10,0,10,0
2020-03-14,San Francisco,075,870044,188,29,0,29,0
2020-03-14,San Joaquin,077,732212,54,6,3,9,0
2020-03-14,San Luis Obispo,079,281455,40,0,0,0,0
2020-03-14,San Mateo,081,765935,213,27,1,28,0
2020-03-14,Santa Barbara,083,443738,37,0,0,0,0
2020-03-14,Santa Clara,085,1922200,530,62,1,63,2
2020-03-14,Santa Cruz,087,273765,33,8,0,8,0
2020-03-14,Shasta,089,179085,5,1,0,1,0
2020-03-14,Sierra,091,2930,0,0,0,0,0
2020-03-14,Siskiyou,093,43540,1,0,0,0,0
2020-03-14,Solano,095,438530,40,26,0,26,0
2020-03-14,Sonoma,097,501317,41,2,0,2,0
2020-03-14,Stanislaus,099,539301,22,2,2,4,0
2020-03-14,Sutter,101,95872,2,0,0,0,0
2020-03-14,Tehama,103,63373,0,0,0,0,0
2020-03-14,Trinity,105,12862,0,0,0,0,0
2020-03-14,Tulare,107,460477,17,2,2,4,0
2020-03-14,Tuolumne,109,53932,1,0,0,0,0
2020-03-14,Ventura,111,848112,68,5,0,5,0
2020-03-14,Yolo,113,214977,14,2,0,2,0
2020-03-14,Yuba,115,75493,1,0,0,0,0
2020-03-13,Alameda,001,1643700,179,12,0,12,0
2020-03-13,Alpine,003,1148,0,0,0,0,0
2020-03-13,Amador,005,37829,1,0,0,0,0
2020-03-13,Butte,007,227075,0,0,0,0,0
2020-03-13,Calaveras,009,45235,2,2,0,2,0
2020-03-13,Colusa,011,21464,0,0,0,0,0
2020-03-13,Contra Costa,013,1133247,125,22,0,22,0
2020-03-13,Del Norte,015,27424,0,0,0,0,0
2020-03-13,El Dorado,017,186661,11,0,0,0,0
2020-03-13,Fresno,019,978130,20,1,1,2,0
2020-03-13,Glenn,021,27897,0,0,0,0,0
2020-03-13,Humboldt,023,135768,7,1,0,1,0
2020-03-13,Imperial,025,180216,12,2,0,2,0
2020-03-13,Inyo,027,18085,0,0,0,0,0
2020-03-13,Kern,029,883053,27,0,0,0,0
2020-03-13,Kings,031,150075,10,0,1,1,0
2020-03-13,Lake,033,64148,0,0,0,0,0
2020-03-13,Lassen,035,31185,1,0,0,0,0
2020-03-13,Los Angeles,037,10098052,1025,30,7,37,0
2020-03-13,Madera,039,155013,18,1,0,1,0
2020-03-13,Marin,041,260295,34,3,0,3,0
2020-03-13,Mariposa,043,17540,0,0,0,0,0
2020-03-13,Mendocino,045,87422,2,0,0,0,0
2020-03-13,Merced,047,269075,2,0,0,0,0
2020-03-13,Modoc,049,8938,0,0,0,0,0
2020-03-13,Mono,051,14174,3,0,0,0,0
2020-03-13,Monterey,053,433212,10,0,0,0,0
2020-03-13,Napa,055,140530,3,0,0,0,0
2020-03-13,Nevada,057,99092,7,0,1,1,0
2020-03-13,Orange,059,3164182,268,10,0,10,0
2020-03-13,Placer,061,380077,27,6,0,6,1
2020-03-13,Plumas,063,18699,0,0,0,0,0
2020-03-13,Riverside,065,2383286,133,5,4,9,0
2020-03-13,Sacramento,067,1510023,130,18,0,18,1
2020-03-13,San Benito,069,59416,6,2,0,2,0
2020-03-13,San Bernardino,071,2135413,97,0,0,0,0
2020-03-13,San Diego,073,3302833,313,8,0,8,0
2020-03-13,San Francisco,075,870044,174,28,0,28,0
2020-03-13,San Joaquin,077,732212,50,6,3,9,0
2020-03-13,San Luis Obispo,079,281455,33,0,0,0,0
2020-03-13,San Mateo,081,765935,192,24,1,25,0
2020-03-13,Santa Barbara,083,443738,33,0,0,0,0
2020-03-13,Santa Clara,085,1922200,468,59,1,60,1
2020-03-13,Santa Cruz,087,273765,32,7,0,7,0
2020-03-13,Shasta,089,179085,3,1,0,1,0
2020-03-13,Sierra,091,2930,0,0,0,0,0
2020-03-13,Siskiyou,093,43540,0,0,0,0,0
2020-03-13,Solano,095,438530,39,26,0,26,0
2020-03-13,Sonoma,097,501317,40,2,0,2,0
2020-03-13,Stanislaus,099,539301,17,2,2,4,0
2020-03-13,Sutter,101,95872,2,0,0,0,0
2020-03-13,Tehama,103,63373,0,0,0,0,0
2020-03-13,Trinity,105,12862,0,0,0,0,0
2020-03-13,Tulare,107,460477,14,2,2,4,0
2020-03-13,Tuolumne,109,53932,1,0,0,0,0
2020-03-13,Ventura,111,848112,54,5,0,5,0
2020-03-13,Yolo,113,214977,14,1,0,1,0
2020-03-13,Yuba,115,75493,1,0,0,0,0
2020-03-12,Alameda,001,1643700,153,9,0,9,0
2020-03-12,Alpine,003,1148,0,0,0,0,0
2020-03-12,Amador,005,37829,1,0,0,0,0
2020-03-12,Butte,007,227075,0,0,0,0,0
2020-03-12,Calaveras,009,45235,2,2,0,2,0
2020-03-12,Colusa,011,21464,0,0,0,0,0
2020-03-12,Contra Costa,013,1133247,108,18,0,18,0
2020-03-12,Del Norte,015,27424,0,0,0,0,0
2020-03-12,El Dorado,017,186661,9,0,0,0,0
2020-03-12,Fresno,019,978130,12,1,1,2,0
2020-03-12,Glenn,021,27897,0,0,0,0,0
2020-03-12,Humboldt,023,135768,6,1,0,1,0
2020-03-12,Imperial,025,180216,11,2,0,2,0
2020-03-12,Inyo,027,18085,0,0,0,0,0
2020-03-12,Kern,029,883053,18,0,0,0,0
2020-03-12,Kings,031,150075,7,0,1,1,0
2020-03-12,Lake,033,64148,0,0,0,0,0
2020-03-12,Lassen,035,31185,1,0,0,0,0
2020-03-12,Los Angeles,037,10098052,866,30,7,37,0
2020-03-12,Madera,039,155013,15,1,0,1,0
2020-03-12,Marin,041,260295,24,1,0,1,0
2020-03-12,Mariposa,043,17540,0,0,0,0,0
2020-03-12,Mendocino,045,87422,2,0,0,0,0
2020-03-12,Merced,047,269075,2,0,0,0,0
2020-03-12,Modoc,049,8938,0,0,0,0,0
2020-03-12,Mono,051,14174,3,0,0,0,0
2020-03-12,Monterey,053,433212,8,0,0,0,0
2020-03-12,Napa,055,140530,3,0,0,0,0
2020-03-12,Nevada,057,99092,4,0,1,1,0
2020-03-12,Orange,059,3164182,231,7,0,7,0
2020-03-12,Placer,061,380077,23,6,0,6,1
2020-03-12,Plumas,063,18699,0,0,0,0,0
2020-03-12,Riverside,065,2383286,107,5,2,7,0
2020-03-12,Sacramento,067,1510023,106,17,0,17,1
2020-03-12,San Benito,069,59416,5,2,0,2,0
2020-03-12,San Bernardino,071,2135413,81,0,0,0,0
2020-03-12,San Diego,073,3302833,258,9,0,9,0
2020-03-12,San Francisco,075,870044,149,20,0,20,0
2020-03-12,San Joaquin,077,732212,44,3,3,6,1
2020-03-12,San Luis Obispo,079,281455,26,0,0,0,0
2020-03-12,San Mateo,081,765935,158,21,1,22,0
2020-03-12,Santa Barbara,083,443738,22,0,0,0,0
2020-03-12,Santa Clara,085,1922200,410,51,1,52,1
2020-03-12,Santa Cruz,087,273765,29,5,0,5,0
2020-03-12,Shasta,089,179085,2,1,0,1,0
2020-03-12,Sierra,091,2930,0,0,0,0,0
2020-03-12,Siskiyou,093,43540,0,0,0,0,0
2020-03-12,Solano,095,438530,34,26,0,26,0
2020-03-12,Sonoma,097,501317,34,2,0,2,0
2020-03-12,Stanislaus,099,539301,15,2,2,4,0
2020-03-12,Sutter,101,95872,0,0,0,0,0
2020-03-12,Tehama,103,63373,0,0,0,0,0
2020-03-12,Trinity,105,12862,0,0,0,0,0
2020-03-12,Tulare,107,460477,12,1,1,2,0
2020-03-12,Tuolumne,109,53932,1,0,0,0,0
2020-03-12,Ventura,111,848112,45,3,0,3,0
2020-03-12,Yolo,113,214977,13,1,0,1,0
2020-03-12,Yuba,115,75493,1,0,0,0,0
2020-03-11,Alameda,001,1643700,121,5,0,5,0
2020-03-11,Alpine,003,1148,0,0,0,0,0
2020-03-11,Amador,005,37829,1,0,0,0,0
2020-03-11,Butte,007,227075,0,0,0,0,0
2020-03-11,Calaveras,009,45235,2,2,0,2,0
2020-03-11,Colusa,011,21464,0,0,0,0,0
2020-03-11,Contra Costa,013,1133247,93,16,0,16,0
2020-03-11,Del Norte,015,27424,0,0,0,0,0
2020-03-11,El Dorado,017,186661,8,0,0,0,0
2020-03-11,Fresno,019,978130,9,1,1,2,0
2020-03-11,Glenn,021,27897,0,0,0,0,0
2020-03-11,Humboldt,023,135768,6,1,0,1,0
2020-03-11,Imperial,025,180216,9,0,0,0,0
2020-03-11,Inyo,027,18085,0,0,0,0,0
2020-03-11,Kern,029,883053,16,0,0,0,0
2020-03-11,Kings,031,150075,5,0,1,1,0
2020-03-11,Lake,033,64148,0,0,0,0,0
2020-03-11,Lassen,035,31185,1,0,0,0,0
2020-03-11,Los Angeles,037,10098052,698,21,7,28,0
2020-03-11,Madera,039,155013,12,1,0,1,0
2020-03-11,Marin,041,260295,17,1,0,1,0
2020-03-11,Mariposa,043,17540,0,0,0,0,0
2020-03-11,Mendocino,045,87422,1,0,0,0,0
2020-03-11,Merced,047,269075,2,0,0,0,0
2020-03-11,Modoc,049,8938,0,0,0,0,0
2020-03-11,Mono,051,14174,3,0,0,0,0
2020-03-11,Monterey,053,433212,7,0,0,0,0
2020-03-11,Napa,055,140530,2,0,0,0,0
2020-03-11,Nevada,057,99092,4,0,1,1,0
2020-03-11,Orange,059,3164182,202,6,0,6,0
2020-03-11,Placer,061,380077,18,6,0,6,1
2020-03-11,Plumas,063,18699,0,0,0,0,0
2020-03-11,Riverside,065,2383286,81,4,1,5,0
2020-03-11,Sacramento,067,1510023,88,9,0,9,1
2020-03-11,San Benito,069,59416,5,2,0,2,0
2020-03-11,San Bernardino,071,2135413,74,0,0,0,0
2020-03-11,San Diego,073,3302833,208,4,0,4,0
2020-03-11,San Francisco,075,870044,124,17,0,17,0
2020-03-11,San Joaquin,077,732212,33,1,3,4,0
2020-03-11,San Luis Obispo,079,281455,23,0,0,0,0
2020-03-11,San Mateo,081,765935,140,16,0,16,0
2020-03-11,Santa Barbara,083,443738,13,0,0,0,0
2020-03-11,Santa Clara,085,1922200,370,48,1,49,1
2020-03-11,Santa Cruz,087,273765,26,2,0,2,0
2020-03-11,Shasta,089,179085,2,1,0,1,0
2020-03-11,Sierra,091,2930,0,0,0,0,0
2020-03-11,Siskiyou,093,43540,0,0,0,0,0
2020-03-11,Solano,095,438530,29,26,0,26,0
2020-03-11,Sonoma,097,501317,30,2,0,2,0
2020-03-11,Stanislaus,099,539301,15,2,2,4,0
2020-03-11,Sutter,101,95872,0,0,0,0,0
2020-03-11,Tehama,103,63373,0,0,0,0,0
2020-03-11,Trinity,105,12862,0,0,0,0,0
2020-03-11,Tulare,107,460477,10,0,1,1,0
2020-03-11,Tuolumne,109,53932,1,0,0,0,0
2020-03-11,Ventura,111,848112,37,3,0,3,0
2020-03-11,Yolo,113,214977,9,1,0,1,0
2020-03-11,Yuba,115,75493,1,0,0,0,0
2020-03-10,Alameda,001,1643700,99,4,0,4,0
2020-03-10,Alpine,003,1148,0,0,0,0,0
2020-03-10,Amador,005,37829,1,0,0,0,0
2020-03-10,Butte,007,227075,0,0,0,0,0
2020-03-10,Calaveras,009,45235,2,2,0,2,0
2020-03-10,Colusa,011,21464,0,0,0,0,0
2020-03-10,Contra Costa,013,1133247,84,11,0,11,0
2020-03-10,Del Norte,015,27424,0,0,0,0,0
2020-03-10,El Dorado,017,186661,7,0,0,0,0
2020-03-10,Fresno,019,978130,7,1,1,2,0
2020-03-10,Glenn,021,27897,0,0,0,0,0
2020-03-10,Humboldt,023,135768,6,1,0,1,0
2020-03-10,Imperial,025,180216,8,0,0,0,0
2020-03-10,Inyo,027,18085,0,0,0,0,0
2020-03-10,Kern,029,883053,11,0,0,0,0
2020-03-10,Kings,031,150075,5,0,1,1,0
2020-03-10,Lake,033,64148,0,0,0,0,0
2020-03-10,Lassen,035,31185,1,0,0,0,0
2020-03-10,Los Angeles,037,10098052,562,20,7,27,0
2020-03-10,Madera,039,155013,7,1,0,1,0
2020-03-10,Marin,041,260295,16,1,0,1,0
2020-03-10,Mariposa,043,17540,0,0,0,0,0
2020-03-10,Mendocino,045,87422,0,0,0,0,0
2020-03-10,Merced,047,269075,2,0,0,0,0
2020-03-10,Modoc,049,8938,0,0,0,0,0
2020-03-10,Mono,051,14174,3,0,0,0,0
2020-03-10,Monterey,053,433212,5,0,0,0,0
2020-03-10,Napa,055,140530,2,0,0,0,0
2020-03-10,Nevada,057,99092,3,0,1,1,0
2020-03-10,Orange,059,3164182,182,5,0,5,1
2020-03-10,Placer,061,380077,14,7,0,7,1
2020-03-10,Plumas,063,18699,0,0,0,0,0
2020-03-10,Riverside,065,2383286,59,4,1,5,0
2020-03-10,Sacramento,067,1510023,79,8,0,8,0
2020-03-10,San Benito,069,59416,5,2,0,2,0
2020-03-10,San Bernardino,071,2135413,66,0,0,0,0
2020-03-10,San Diego,073,3302833,165,3,0,3,0
2020-03-10,San Francisco,075,870044,92,16,0,16,0
2020-03-10,San Joaquin,077,732212,30,1,3,4,0
2020-03-10,San Luis Obispo,079,281455,15,0,0,0,0
2020-03-10,San Mateo,081,765935,124,11,0,11,0
2020-03-10,Santa Barbara,083,443738,10,0,0,0,0
2020-03-10,Santa Clara,085,1922200,322,45,1,46,1
2020-03-10,Santa Cruz,087,273765,22,2,0,2,0
2020-03-10,Shasta,089,179085,2,1,0,1,0
2020-03-10,Sierra,091,2930,0,0,0,0,0
2020-03-10,Siskiyou,093,43540,0,0,0,0,0
2020-03-10,Solano,095,438530,27,26,0,26,0
2020-03-10,Sonoma,097,501317,27,2,0,2,0
2020-03-10,Stanislaus,099,539301,11,0,2,2,0
2020-03-10,Sutter,101,95872,0,0,0,0,0
2020-03-10,Tehama,103,63373,0,0,0,0,0
2020-03-10,Trinity,105,12862,0,0,0,0,0
2020-03-10,Tulare,107,460477,9,0,1,1,0
2020-03-10,Tuolumne,109,53932,1,0,0,0,0
2020-03-10,Ventura,111,848112,29,1,0,1,0
2020-03-10,Yolo,113,214977,6,2,0,2,0
2020-03-10,Yuba,115,75493,1,0,0,0,0
2020-03-09,Alameda,001,1643700,71,4,0,4,0
2020-03-09,Alpine,003,1148,0,0,0,0,0
2020-03-09,Amador,005,37829,0,0,0,0,0
2020-03-09,Butte,007,227075,0,0,0,0,0
2020-03-09,Calaveras,009,45235,2,0,0,0,0
2020-03-09,Colusa,011,21464,0,0,0,0,0
2020-03-09,Contra Costa,013,1133247,72,9,0,9,0
2020-03-09,Del Norte,015,27424,0,0,0,0,0
2020-03-09,El Dorado,017,186661,5,0,0,0,0
2020-03-09,Fresno,019,978130,7,1,1,2,0
2020-03-09,Glenn,021,27897,0,0,0,0,0
2020-03-09,Humboldt,023,135768,5,1,0,1,0
2020-03-09,Imperial,025,180216,8,0,0,0,0
2020-03-09,Inyo,027,18085,0,0,0,0,0
2020-03-09,Kern,029,883053,8,0,0,0,0
2020-03-09,Kings,031,150075,4,0,1,1,0
2020-03-09,Lake,033,64148,0,0,0,0,0
2020-03-09,Lassen,035,31185,1,0,0,0,0
2020-03-09,Los Angeles,037,10098052,460,17,6,23,0
2020-03-09,Madera,039,155013,7,1,0,1,0
2020-03-09,Marin,041,260295,15,1,0,1,0
2020-03-09,Mariposa,043,17540,0,0,0,0,0
2020-03-09,Mendocino,045,87422,0,0,0,0,0
2020-03-09,Merced,047,269075,2,0,0,0,0
2020-03-09,Modoc,049,8938,0,0,0,0,0
2020-03-09,Mono,051,14174,3,0,0,0,0
2020-03-09,Monterey,053,433212,3,0,0,0,0
2020-03-09,Napa,055,140530,2,0,0,0,0
2020-03-09,Nevada,057,99092,2,0,1,1,0
2020-03-09,Orange,059,3164182,154,4,0,4,0
2020-03-09,Placer,061,380077,12,7,0,7,1
2020-03-09,Plumas,063,18699,0,0,0,0,0
2020-03-09,Riverside,065,2383286,49,4,1,5,0
2020-03-09,Sacramento,067,1510023,75,8,0,8,0
2020-03-09,San Benito,069,59416,3,2,0,2,0
2020-03-09,San Bernardino,071,2135413,55,0,0,0,0
2020-03-09,San Diego,073,3302833,126,2,0,2,0
2020-03-09,San Francisco,075,870044,72,14,0,14,0
2020-03-09,San Joaquin,077,732212,21,0,3,3,0
2020-03-09,San Luis Obispo,079,281455,15,0,0,0,0
2020-03-09,San Mateo,081,765935,110,6,0,6,0
2020-03-09,Santa Barbara,083,443738,8,0,0,0,0
2020-03-09,Santa Clara,085,1922200,278,42,1,43,1
2020-03-09,Santa Cruz,087,273765,19,2,0,2,0
2020-03-09,Shasta,089,179085,2,1,0,1,0
2020-03-09,Sierra,091,2930,0,0,0,0,0
2020-03-09,Siskiyou,093,43540,0,0,0,0,0
2020-03-09,Solano,095,438530,25,26,0,26,0
2020-03-09,Sonoma,097,501317,22,2,0,2,0
2020-03-09,Stanislaus,099,539301,11,0,2,2,0
2020-03-09,Sutter,101,95872,0,0,0,0,0
2020-03-09,Tehama,103,63373,0,0,0,0,0
2020-03-09,Trinity,105,12862,0,0,0,0,0
2020-03-09,Tulare,107,460477,9,0,1,1,0
2020-03-09,Tuolumne,109,53932,1,0,0,0,0
2020-03-09,Ventura,111,848112,25,1,0,1,0
2020-03-09,Yolo,113,214977,5,2,0,2,0
2020-03-09,Yuba,115,75493,0,0,0,0,0
2020-03-08,Alameda,001,1643700,46,4,0,4,0
2020-03-08,Alpine,003,1148,0,0,0,0,0
2020-03-08,Amador,005,37829,0,0,0,0,0
2020-03-08,Butte,007,227075,0,0,0,0,0
2020-03-08,Calaveras,009,45235,2,0,0,0,0
2020-03-08,Colusa,011,21464,0,0,0,0,0
2020-03-08,Contra Costa,013,1133247,58,9,0,9,0
2020-03-08,Del Norte,015,27424,0,0,0,0,0
2020-03-08,El Dorado,017,186661,5,0,0,0,0
2020-03-08,Fresno,019,978130,5,1,1,2,0
2020-03-08,Glenn,021,27897,0,0,0,0,0
2020-03-08,Humboldt,023,135768,5,1,0,1,0
2020-03-08,Imperial,025,180216,8,0,0,0,0
2020-03-08,Inyo,027,18085,0,0,0,0,0
2020-03-08,Kern,029,883053,8,0,0,0,0
2020-03-08,Kings,031,150075,3,0,1,1,0
2020-03-08,Lake,033,64148,0,0,0,0,0
2020-03-08,Lassen,035,31185,0,0,0,0,0
2020-03-08,Los Angeles,037,10098052,367,14,6,20,0
2020-03-08,Madera,039,155013,7,1,0,1,0
2020-03-08,Marin,041,260295,13,1,0,1,0
2020-03-08,Mariposa,043,17540,0,0,0,0,0
2020-03-08,Mendocino,045,87422,0,0,0,0,0
2020-03-08,Merced,047,269075,2,0,0,0,0
2020-03-08,Modoc,049,8938,0,0,0,0,0
2020-03-08,Mono,051,14174,3,0,0,0,0
2020-03-08,Monterey,053,433212,3,0,0,0,0
2020-03-08,Napa,055,140530,2,0,0,0,0
2020-03-08,Nevada,057,99092,1,0,1,1,0
2020-03-08,Orange,059,3164182,129,4,0,4,0
2020-03-08,Placer,061,380077,11,7,0,7,1
2020-03-08,Plumas,063,18699,0,0,0,0,0
2020-03-08,Riverside,065,2383286,41,1,1,2,0
2020-03-08,Sacramento,067,1510023,65,5,0,5,0
2020-03-08,San Benito,069,59416,3,2,0,2,0
2020-03-08,San Bernardino,071,2135413,44,0,0,0,0
2020-03-08,San Diego,073,3302833,92,2,0,2,0
2020-03-08,San Francisco,075,870044,53,9,0,9,0
2020-03-08,San Joaquin,077,732212,18,0,3,3,0
2020-03-08,San Luis Obispo,079,281455,9,0,0,0,0
2020-03-08,San Mateo,081,765935,97,4,0,4,0
2020-03-08,Santa Barbara,083,443738,5,0,0,0,0
2020-03-08,Santa Clara,085,1922200,236,36,1,37,0
2020-03-08,Santa Cruz,087,273765,17,1,0,1,0
2020-03-08,Shasta,089,179085,2,0,0,0,0
2020-03-08,Sierra,091,2930,0,0,0,0,0
2020-03-08,Siskiyou,093,43540,0,0,0,0,0
2020-03-08,Solano,095,438530,24,26,0,26,0
2020-03-08,Sonoma,097,501317,17,2,0,2,0
2020-03-08,Stanislaus,099,539301,10,0,2,2,0
2020-03-08,Sutter,101,95872,0,0,0,0,0
2020-03-08,Tehama,103,63373,0,0,0,0,0
2020-03-08,Trinity,105,12862,0,0,0,0,0
2020-03-08,Tulare,107,460477,9,0,0,0,0
2020-03-08,Tuolumne,109,53932,1,0,0,0,0
2020-03-08,Ventura,111,848112,21,1,0,1,0
2020-03-08,Yolo,113,214977,2,2,0,2,0
2020-03-08,Yuba,115,75493,0,0,0,0,0
2020-03-07,Alameda,001,1643700,41,3,0,3,0
2020-03-07,Alpine,003,1148,0,0,0,0,0
2020-03-07,Amador,005,37829,0,0,0,0,0
2020-03-07,Butte,007,227075,0,0,0,0,0
2020-03-07,Calaveras,009,45235,2,0,0,0,0
2020-03-07,Colusa,011,21464,0,0,0,0,0
2020-03-07,Contra Costa,013,1133247,55,4,0,4,0
2020-03-07,Del Norte,015,27424,0,0,0,0,0
2020-03-07,El Dorado,017,186661,4,0,0,0,0
2020-03-07,Fresno,019,978130,4,1,1,2,0
2020-03-07,Glenn,021,27897,0,0,0,0,0
2020-03-07,Humboldt,023,135768,5,1,0,1,0
2020-03-07,Imperial,025,180216,7,0,0,0,0
2020-03-07,Inyo,027,18085,0,0,0,0,0
2020-03-07,Kern,029,883053,7,0,0,0,0
2020-03-07,Kings,031,150075,3,0,1,1,0
2020-03-07,Lake,033,64148,0,0,0,0,0
2020-03-07,Lassen,035,31185,0,0,0,0,0
2020-03-07,Los Angeles,037,10098052,317,14,6,20,0
2020-03-07,Madera,039,155013,6,1,0,1,0
2020-03-07,Marin,041,260295,11,0,0,0,0
2020-03-07,Mariposa,043,17540,0,0,0,0,0
2020-03-07,Mendocino,045,87422,0,0,0,0,0
2020-03-07,Merced,047,269075,2,0,0,0,0
2020-03-07,Modoc,049,8938,0,0,0,0,0
2020-03-07,Mono,051,14174,3,0,0,0,0
2020-03-07,Monterey,053,433212,3,0,0,0,0
2020-03-07,Napa,055,140530,1,0,0,0,0
2020-03-07,Nevada,057,99092,1,0,1,1,0
2020-03-07,Orange,059,3164182,121,4,0,4,0
2020-03-07,Placer,061,380077,11,6,0,6,1
2020-03-07,Plumas,063,18699,0,0,0,0,0
2020-03-07,Riverside,065,2383286,31,0,1,1,0
2020-03-07,Sacramento,067,1510023,52,4,0,4,0
2020-03-07,San Benito,069,59416,3,2,0,2,0
2020-03-07,San Bernardino,071,2135413,42,0,0,0,0
2020-03-07,San Diego,073,3302833,74,2,0,2,0
2020-03-07,San Francisco,075,870044,47,9,0,9,0
2020-03-07,San Joaquin,077,732212,16,0,3,3,0
2020-03-07,San Luis Obispo,079,281455,6,0,0,0,0
2020-03-07,San Mateo,081,765935,87,1,0,1,0
2020-03-07,Santa Barbara,083,443738,5,0,0,0,0
2020-03-07,Santa Clara,085,1922200,206,31,1,32,0
2020-03-07,Santa Cruz,087,273765,17,1,0,1,0
2020-03-07,Shasta,089,179085,2,0,0,0,0
2020-03-07,Sierra,091,2930,0,0,0,0,0
2020-03-07,Siskiyou,093,43540,0,0,0,0,0
2020-03-07,Solano,095,438530,23,25,0,25,0
2020-03-07,Sonoma,097,501317,13,2,0,2,0
2020-03-07,Stanislaus,099,539301,9,0,2,2,0
2020-03-07,Sutter,101,95872,0,0,0,0,0
2020-03-07,Tehama,103,63373,0,0,0,0,0
2020-03-07,Trinity,105,12862,0,0,0,0,0
2020-03-07,Tulare,107,460477,6,0,0,0,0
2020-03-07,Tuolumne,109,53932,1,0,0,0,0
2020-03-07,Ventura,111,848112,18,1,0,1,0
2020-03-07,Yolo,113,214977,2,2,0,2,0
2020-03-07,Yuba,115,75493,0,0,0,0,0
2020-03-06,Alameda,001,1643700,39,3,0,3,0
2020-03-06,Alpine,003,1148,0,0,0,0,0
2020-03-06,Amador,005,37829,0,0,0,0,0
2020-03-06,Butte,007,227075,0,0,0,0,0
2020-03-06,Calaveras,009,45235,2,0,0,0,0
2020-03-06,Colusa,011,21464,0,0,0,0,0
2020-03-06,Contra Costa,013,1133247,46,4,0,4,0
2020-03-06,Del Norte,015,27424,0,0,0,0,0
2020-03-06,El Dorado,017,186661,3,0,0,0,0
2020-03-06,Fresno,019,978130,3,0,1,1,0
2020-03-06,Glenn,021,27897,0,0,0,0,0
2020-03-06,Humboldt,023,135768,4,1,0,1,0
2020-03-06,Imperial,025,180216,6,0,0,0,0
2020-03-06,Inyo,027,18085,0,0,0,0,0
2020-03-06,Kern,029,883053,6,0,0,0,0
2020-03-06,Kings,031,150075,3,0,1,1,0
2020-03-06,Lake,033,64148,0,0,0,0,0
2020-03-06,Lassen,035,31185,0,0,0,0,0
2020-03-06,Los Angeles,037,10098052,274,13,6,19,0
2020-03-06,Madera,039,155013,5,0,0,0,0
2020-03-06,Marin,041,260295,10,0,0,0,0
2020-03-06,Mariposa,043,17540,0,0,0,0,0
2020-03-06,Mendocino,045,87422,0,0,0,0,0
2020-03-06,Merced,047,269075,2,0,0,0,0
2020-03-06,Modoc,049,8938,0,0,0,0,0
2020-03-06,Mono,051,14174,1,0,0,0,0
2020-03-06,Monterey,053,433212,3,0,0,0,0
2020-03-06,Napa,055,140530,1,0,0,0,0
2020-03-06,Nevada,057,99092,1,0,1,1,0
2020-03-06,Orange,059,3164182,95,4,0,4,0
2020-03-06,Placer,061,380077,10,5,0,5,1
2020-03-06,Plumas,063,18699,0,0,0,0,0
2020-03-06,Riverside,065,2383286,30,0,1,1,0
2020-03-06,Sacramento,067,1510023,43,2,0,2,0
2020-03-06,San Benito,069,59416,3,2,0,2,0
2020-03-06,San Bernardino,071,2135413,40,0,0,0,0
2020-03-06,San Diego,073,3302833,61,2,0,2,0
2020-03-06,San Francisco,075,870044,41,2,0,2,0
2020-03-06,San Joaquin,077,732212,13,0,3,3,0
2020-03-06,San Luis Obispo,079,281455,4,0,0,0,0
2020-03-06,San Mateo,081,765935,79,1,0,1,0
2020-03-06,Santa Barbara,083,443738,3,0,0,0,0
2020-03-06,Santa Clara,085,1922200,188,20,1,21,0
2020-03-06,Santa Cruz,087,273765,15,0,0,0,0
2020-03-06,Shasta,089,179085,2,0,0,0,0
2020-03-06,Sierra,091,2930,0,0,0,0,0
2020-03-06,Siskiyou,093,43540,0,0,0,0,0
2020-03-06,Solano,095,438530,22,25,0,25,0
2020-03-06,Sonoma,097,501317,13,2,0,2,0
2020-03-06,Stanislaus,099,539301,5,0,2,2,0
2020-03-06,Sutter,101,95872,0,0,0,0,0
2020-03-06,Tehama,103,63373,0,0,0,0,0
2020-03-06,Trinity,105,12862,0,0,0,0,0
2020-03-06,Tulare,107,460477,6,0,0,0,0
2020-03-06,Tuolumne,109,53932,1,0,0,0,0
2020-03-06,Ventura,111,848112,15,1,0,1,0
2020-03-06,Yolo,113,214977,2,1,0,1,0
2020-03-06,Yuba,115,75493,0,0,0,0,0
2020-03-05,Alameda,001,1643700,34,2,0,2,0
2020-03-05,Alpine,003,1148,0,0,0,0,0
2020-03-05,Amador,005,37829,0,0,0,0,0
2020-03-05,Butte,007,227075,0,0,0,0,0
2020-03-05,Calaveras,009,45235,2,0,0,0,0
2020-03-05,Colusa,011,21464,0,0,0,0,0
2020-03-05,Contra Costa,013,1133247,39,1,0,1,0
2020-03-05,Del Norte,015,27424,0,0,0,0,0
2020-03-05,El Dorado,017,186661,1,0,0,0,0
2020-03-05,Fresno,019,978130,3,0,1,1,0
2020-03-05,Glenn,021,27897,0,0,0,0,0
2020-03-05,Humboldt,023,135768,4,1,0,1,0
2020-03-05,Imperial,025,180216,5,0,0,0,0
2020-03-05,Inyo,027,18085,0,0,0,0,0
2020-03-05,Kern,029,883053,6,0,0,0,0
2020-03-05,Kings,031,150075,3,0,1,1,0
2020-03-05,Lake,033,64148,0,0,0,0,0
2020-03-05,Lassen,035,31185,0,0,0,0,0
2020-03-05,Los Angeles,037,10098052,227,11,6,17,0
2020-03-05,Madera,039,155013,5,0,0,0,0
2020-03-05,Marin,041,260295,10,0,0,0,0
2020-03-05,Mariposa,043,17540,0,0,0,0,0
2020-03-05,Mendocino,045,87422,0,0,0,0,0
2020-03-05,Merced,047,269075,2,0,0,0,0
2020-03-05,Modoc,049,8938,0,0,0,0,0
2020-03-05,Mono,051,14174,1,0,0,0,0
2020-03-05,Monterey,053,433212,3,0,0,0,0
2020-03-05,Napa,055,140530,1,0,0,0,0
2020-03-05,Nevada,057,99092,0,0,1,1,0
2020-03-05,Orange,059,3164182,80,3,0,3,0
2020-03-05,Placer,061,380077,10,2,0,2,1
2020-03-05,Plumas,063,18699,0,0,0,0,0
2020-03-05,Riverside,065,2383286,27,0,1,1,0
2020-03-05,Sacramento,067,1510023,37,2,0,2,0
2020-03-05,San Benito,069,59416,1,2,0,2,0
2020-03-05,San Bernardino,071,2135413,35,0,0,0,0
2020-03-05,San Diego,073,3302833,54,2,0,2,0
2020-03-05,San Francisco,075,870044,31,2,0,2,0
2020-03-05,San Joaquin,077,732212,10,0,3,3,0
2020-03-05,San Luis Obispo,079,281455,4,0,0,0,0
2020-03-05,San Mateo,081,765935,65,1,0,1,0
2020-03-05,Santa Barbara,083,443738,2,0,0,0,0
2020-03-05,Santa Clara,085,1922200,164,14,1,15,0
2020-03-05,Santa Cruz,087,273765,13,0,0,0,0
2020-03-05,Shasta,089,179085,2,0,0,0,0
2020-03-05,Sierra,091,2930,0,0,0,0,0
2020-03-05,Siskiyou,093,43540,0,0,0,0,0
2020-03-05,Solano,095,438530,22,24,0,24,0
2020-03-05,Sonoma,097,501317,12,2,0,2,0
2020-03-05,Stanislaus,099,539301,4,0,2,2,0
2020-03-05,Sutter,101,95872,0,0,0,0,0
2020-03-05,Tehama,103,63373,0,0,0,0,0
2020-03-05,Trinity,105,12862,0,0,0,0,0
2020-03-05,Tulare,107,460477,6,0,0,0,0
2020-03-05,Tuolumne,109,53932,1,0,0,0,0
2020-03-05,Ventura,111,848112,13,0,0,0,0
2020-03-05,Yolo,113,214977,2,0,0,0,0
2020-03-05,Yuba,115,75493,0,0,0,0,0
2020-03-04,Alameda,001,1643700,30,2,0,2,0
2020-03-04,Alpine,003,1148,0,0,0,0,0
2020-03-04,Amador,005,37829,0,0,0,0,0
2020-03-04,Butte,007,227075,0,0,0,0,0
2020-03-04,Calaveras,009,45235,0,0,0,0,0
2020-03-04,Colusa,011,21464,0,0,0,0,0
2020-03-04,Contra Costa,013,1133247,34,1,0,1,0
2020-03-04,Del Norte,015,27424,0,0,0,0,0
2020-03-04,El Dorado,017,186661,1,0,0,0,0
2020-03-04,Fresno,019,978130,3,0,1,1,0
2020-03-04,Glenn,021,27897,0,0,0,0,0
2020-03-04,Humboldt,023,135768,1,1,0,1,0
2020-03-04,Imperial,025,180216,5,0,0,0,0
2020-03-04,Inyo,027,18085,0,0,0,0,0
2020-03-04,Kern,029,883053,6,0,0,0,0
2020-03-04,Kings,031,150075,3,0,1,1,0
2020-03-04,Lake,033,64148,0,0,0,0,0
2020-03-04,Lassen,035,31185,0,0,0,0,0
2020-03-04,Los Angeles,037,10098052,192,7,6,13,0
2020-03-04,Madera,039,155013,5,0,0,0,0
2020-03-04,Marin,041,260295,10,0,0,0,0
2020-03-04,Mariposa,043,17540,0,0,0,0,0
2020-03-04,Mendocino,045,87422,0,0,0,0,0
2020-03-04,Merced,047,269075,2,0,0,0,0
2020-03-04,Modoc,049,8938,0,0,0,0,0
2020-03-04,Mono,051,14174,1,0,0,0,0
2020-03-04,Monterey,053,433212,3,0,0,0,0
2020-03-04,Napa,055,140530,1,0,0,0,0
2020-03-04,Nevada,057,99092,0,0,1,1,0
2020-03-04,Orange,059,3164182,77,3,0,3,0
2020-03-04,Placer,061,380077,9,2,0,2,1
2020-03-04,Plumas,063,18699,0,0,0,0,0
2020-03-04,Riverside,065,2383286,23,0,1,1,0
2020-03-04,Sacramento,067,1510023,32,1,0,1,0
2020-03-04,San Benito,069,59416,1,2,0,2,0
2020-03-04,San Bernardino,071,2135413,32,0,0,0,0
2020-03-04,San Diego,073,3302833,41,2,0,2,0
2020-03-04,San Francisco,075,870044,26,0,0,0,0
2020-03-04,San Joaquin,077,732212,9,0,3,3,0
2020-03-04,San Luis Obispo,079,281455,4,0,0,0,0
2020-03-04,San Mateo,081,765935,60,1,0,1,0
2020-03-04,Santa Barbara,083,443738,2,0,0,0,0
2020-03-04,Santa Clara,085,1922200,147,12,1,13,0
2020-03-04,Santa Cruz,087,273765,13,0,0,0,0
2020-03-04,Shasta,089,179085,2,0,0,0,0
2020-03-04,Sierra,091,2930,0,0,0,0,0
2020-03-04,Siskiyou,093,43540,0,0,0,0,0
2020-03-04,Solano,095,438530,21,24,0,24,0
2020-03-04,Sonoma,097,501317,11,2,0,2,0
2020-03-04,Stanislaus,099,539301,4,0,2,2,0
2020-03-04,Sutter,101,95872,0,0,0,0,0
2020-03-04,Tehama,103,63373,0,0,0,0,0
2020-03-04,Trinity,105,12862,0,0,0,0,0
2020-03-04,Tulare,107,460477,6,0,0,0,0
2020-03-04,Tuolumne,109,53932,0,0,0,0,0
2020-03-04,Ventura,111,848112,12,0,0,0,0
2020-03-04,Yolo,113,214977,2,0,0,0,0
2020-03-04,Yuba,115,75493,0,0,0,0,0
2020-03-03,Alameda,001,1643700,24,2,0,2,0
2020-03-03,Alpine,003,1148,0,0,0,0,0
2020-03-03,Amador,005,37829,0,0,0,0,0
2020-03-03,Butte,007,227075,0,0,0,0,0
2020-03-03,Calaveras,009,45235,0,0,0,0,0
2020-03-03,Colusa,011,21464,0,0,0,0,0
2020-03-03,Contra Costa,013,1133247,30,0,0,0,0
2020-03-03,Del Norte,015,27424,0,0,0,0,0
2020-03-03,El Dorado,017,186661,1,0,0,0,0
2020-03-03,Fresno,019,978130,2,0,1,1,0
2020-03-03,Glenn,021,27897,0,0,0,0,0
2020-03-03,Humboldt,023,135768,1,1,0,1,0
2020-03-03,Imperial,025,180216,5,0,0,0,0
2020-03-03,Inyo,027,18085,0,0,0,0,0
2020-03-03,Kern,029,883053,4,0,0,0,0
2020-03-03,Kings,031,150075,3,0,1,1,0
2020-03-03,Lake,033,64148,0,0,0,0,0
2020-03-03,Lassen,035,31185,0,0,0,0,0
2020-03-03,Los Angeles,037,10098052,173,5,6,11,0
2020-03-03,Madera,039,155013,4,0,0,0,0
2020-03-03,Marin,041,260295,6,0,0,0,0
2020-03-03,Mariposa,043,17540,0,0,0,0,0
2020-03-03,Mendocino,045,87422,0,0,0,0,0
2020-03-03,Merced,047,269075,2,0,0,0,0
2020-03-03,Modoc,049,8938,0,0,0,0,0
2020-03-03,Mono,051,14174,1,0,0,0,0
2020-03-03,Monterey,053,433212,2,0,0,0,0
2020-03-03,Napa,055,140530,1,0,0,0,0
2020-03-03,Nevada,057,99092,0,0,1,1,0
2020-03-03,Orange,059,3164182,69,1,0,1,0
2020-03-03,Placer,061,380077,8,2,0,2,0
2020-03-03,Plumas,063,18699,0,0,0,0,0
2020-03-03,Riverside,065,2383286,20,0,1,1,0
2020-03-03,Sacramento,067,1510023,31,1,0,1,0
2020-03-03,San Benito,069,59416,1,2,0,2,0
2020-03-03,San Bernardino,071,2135413,29,0,0,0,0
2020-03-03,San Diego,073,3302833,34,2,0,2,0
2020-03-03,San Francisco,075,870044,24,0,0,0,0
2020-03-03,San Joaquin,077,732212,8,0,3,3,0
2020-03-03,San Luis Obispo,079,281455,2,0,0,0,0
2020-03-03,San Mateo,081,765935,53,1,0,1,0
2020-03-03,Santa Barbara,083,443738,1,0,0,0,0
2020-03-03,Santa Clara,085,1922200,132,11,1,12,0
2020-03-03,Santa Cruz,087,273765,10,0,0,0,0
2020-03-03,Shasta,089,179085,2,0,0,0,0
2020-03-03,Sierra,091,2930,0,0,0,0,0
2020-03-03,Siskiyou,093,43540,0,0,0,0,0
2020-03-03,Solano,095,438530,20,24,0,24,0
2020-03-03,Sonoma,097,501317,11,1,0,1,0
2020-03-03,Stanislaus,099,539301,4,0,2,2,0
2020-03-03,Sutter,101,95872,0,0,0,0,0
2020-03-03,Tehama,103,63373,0,0,0,0,0
2020-03-03,Trinity,105,12862,0,0,0,0,0
2020-03-03,Tulare,107,460477,6,0,0,0,0
2020-03-03,Tuolumne,109,53932,0,0,0,0,0
2020-03-03,Ventura,111,848112,11,0,0,0,0
2020-03-03,Yolo,113,214977,1,0,0,0,0
2020-03-03,Yuba,115,75493,0,0,0,0,0
2020-03-02,Alameda,001,1643700,21,1,0,1,0
2020-03-02,Alpine,003,1148,0,0,0,0,0
2020-03-02,Amador,005,37829,0,0,0,0,0
2020-03-02,Butte,007,227075,0,0,0,0,0
2020-03-02,Calaveras,009,45235,0,0,0,0,0
2020-03-02,Colusa,011,21464,0,0,0,0,0
2020-03-02,Contra Costa,013,1133247,27,0,0,0,0
2020-03-02,Del Norte,015,27424,0,0,0,0,0
2020-03-02,El Dorado,017,186661,1,0,0,0,0
2020-03-02,Fresno,019,978130,2,0,1,1,0
2020-03-02,Glenn,021,27897,0,0,0,0,0
2020-03-02,Humboldt,023,135768,1,1,0,1,0
2020-03-02,Imperial,025,180216,5,0,0,0,0
2020-03-02,Inyo,027,18085,0,0,0,0,0
2020-03-02,Kern,029,883053,4,0,0,0,0
2020-03-02,Kings,031,150075,3,0,1,1,0
2020-03-02,Lake,033,64148,0,0,0,0,0
2020-03-02,Lassen,035,31185,0,0,0,0,0
2020-03-02,Los Angeles,037,10098052,158,1,6,7,0
2020-03-02,Madera,039,155013,4,0,0,0,0
2020-03-02,Marin,041,260295,6,0,0,0,0
2020-03-02,Mariposa,043,17540,0,0,0,0,0
2020-03-02,Mendocino,045,87422,0,0,0,0,0
2020-03-02,Merced,047,269075,1,0,0,0,0
2020-03-02,Modoc,049,8938,0,0,0,0,0
2020-03-02,Mono,051,14174,1,0,0,0,0
2020-03-02,Monterey,053,433212,2,0,0,0,0
2020-03-02,Napa,055,140530,1,0,0,0,0
2020-03-02,Nevada,057,99092,0,0,1,1,0
2020-03-02,Orange,059,3164182,64,1,0,1,0
2020-03-02,Placer,061,380077,8,1,0,1,0
2020-03-02,Plumas,063,18699,0,0,0,0,0
2020-03-02,Riverside,065,2383286,19,0,1,1,0
2020-03-02,Sacramento,067,1510023,25,1,0,1,0
2020-03-02,San Benito,069,59416,1,2,0,2,0
2020-03-02,San Bernardino,071,2135413,29,0,0,0,0
2020-03-02,San Diego,073,3302833,28,2,0,2,0
2020-03-02,San Francisco,075,870044,17,0,0,0,0
2020-03-02,San Joaquin,077,732212,7,0,3,3,0
2020-03-02,San Luis Obispo,079,281455,2,0,0,0,0
2020-03-02,San Mateo,081,765935,44,1,0,1,0
2020-03-02,Santa Barbara,083,443738,1,0,0,0,0
2020-03-02,Santa Clara,085,1922200,110,7,1,8,0
2020-03-02,Santa Cruz,087,273765,9,0,0,0,0
2020-03-02,Shasta,089,179085,2,0,0,0,0
2020-03-02,Sierra,091,2930,0,0,0,0,0
2020-03-02,Siskiyou,093,43540,0,0,0,0,0
2020-03-02,Solano,095,438530,19,24,0,24,0
2020-03-02,Sonoma,097,501317,10,1,0,1,0
2020-03-02,Stanislaus,099,539301,2,0,2,2,0
2020-03-02,Sutter,101,95872,0,0,0,0,0
2020-03-02,Tehama,103,63373,0,0,0,0,0
2020-03-02,Trinity,105,12862,0,0,0,0,0
2020-03-02,Tulare,107,460477,6,0,0,0,0
2020-03-02,Tuolumne,109,53932,0,0,0,0,0
2020-03-02,Ventura,111,848112,10,0,0,0,0
2020-03-02,Yolo,113,214977,1,0,0,0,0
2020-03-02,Yuba,115,75493,0,0,0,0,0
2020-03-01,Alameda,001,1643700,20,1,0,1,0
2020-03-01,Alpine,003,1148,0,0,0,0,0
2020-03-01,Amador,005,37829,0,0,0,0,0
2020-03-01,Butte,007,227075,0,0,0,0,0
2020-03-01,Calaveras,009,45235,0,0,0,0,0
2020-03-01,Colusa,011,21464,0,0,0,0,0
2020-03-01,Contra Costa,013,1133247,24,0,0,0,0
2020-03-01,Del Norte,015,27424,0,0,0,0,0
2020-03-01,El Dorado,017,186661,1,0,0,0,0
2020-03-01,Fresno,019,978130,1,0,1,1,0
2020-03-01,Glenn,021,27897,0,0,0,0,0
2020-03-01,Humboldt,023,135768,1,1,0,1,0
2020-03-01,Imperial,025,180216,5,0,0,0,0
2020-03-01,Inyo,027,18085,0,0,0,0,0
2020-03-01,Kern,029,883053,2,0,0,0,0
2020-03-01,Kings,031,150075,3,0,1,1,0
2020-03-01,Lake,033,64148,0,0,0,0,0
2020-03-01,Lassen,035,31185,0,0,0,0,0
2020-03-01,Los Angeles,037,10098052,139,1,6,7,0
2020-03-01,Madera,039,155013,2,0,0,0,0
2020-03-01,Marin,041,260295,5,0,0,0,0
2020-03-01,Mariposa,043,17540,0,0,0,0,0
2020-03-01,Mendocino,045,87422,0,0,0,0,0
2020-03-01,Merced,047,269075,1,0,0,0,0
2020-03-01,Modoc,049,8938,0,0,0,0,0
2020-03-01,Mono,051,14174,1,0,0,0,0
2020-03-01,Monterey,053,433212,1,0,0,0,0
2020-03-01,Napa,055,140530,1,0,0,0,0
2020-03-01,Nevada,057,99092,0,0,1,1,0
2020-03-01,Orange,059,3164182,61,1,0,1,0
2020-03-01,Placer,061,380077,8,0,0,0,0
2020-03-01,Plumas,063,18699,0,0,0,0,0
2020-03-01,Riverside,065,2383286,18,0,1,1,0
2020-03-01,Sacramento,067,1510023,21,1,0,1,0
2020-03-01,San Benito,069,59416,0,2,0,2,0
2020-03-01,San Bernardino,071,2135413,27,0,0,0,0
2020-03-01,San Diego,073,3302833,21,2,0,2,0
2020-03-01,San Francisco,075,870044,13,0,0,0,0
2020-03-01,San Joaquin,077,732212,7,0,3,3,0
2020-03-01,San Luis Obispo,079,281455,2,0,0,0,0
2020-03-01,San Mateo,081,765935,36,0,0,0,0
2020-03-01,Santa Barbara,083,443738,1,0,0,0,0
2020-03-01,Santa Clara,085,1922200,97,6,1,7,0
2020-03-01,Santa Cruz,087,273765,8,0,0,0,0
2020-03-01,Shasta,089,179085,2,0,0,0,0
2020-03-01,Sierra,091,2930,0,0,0,0,0
2020-03-01,Siskiyou,093,43540,0,0,0,0,0
2020-03-01,Solano,095,438530,19,24,0,24,0
2020-03-01,Sonoma,097,501317,9,0,0,0,0
2020-03-01,Stanislaus,099,539301,2,0,2,2,0
2020-03-01,Sutter,101,95872,0,0,0,0,0
2020-03-01,Tehama,103,63373,0,0,0,0,0
2020-03-01,Trinity,105,12862,0,0,0,0,0
2020-03-01,Tulare,107,460477,6,0,0,0,0
2020-03-01,Tuolumne,109,53932,0,0,0,0,0
2020-03-01,Ventura,111,848112,8,0,0,0,0
2020-03-01,Yolo,113,214977,1,0,0,0,0
2020-03-01,Yuba,115,75493,0,0,0,0,0
2020-02-29,Alameda,001,1643700,16,0,0,0,0
2020-02-29,Alpine,003,1148,0,0,0,0,0
2020-02-29,Amador,005,37829,0,0,0,0,0
2020-02-29,Butte,007,227075,0,0,0,0,0
2020-02-29,Calaveras,009,45235,0,0,0,0,0
2020-02-29,Colusa,011,21464,0,0,0,0,0
2020-02-29,Contra Costa,013,1133247,20,0,0,0,0
2020-02-29,Del Norte,015,27424,0,0,0,0,0
2020-02-29,El Dorado,017,186661,1,0,0,0,0
2020-02-29,Fresno,019,978130,1,0,0,0,0
2020-02-29,Glenn,021,27897,0,0,0,0,0
2020-02-29,Humboldt,023,135768,1,1,0,1,0
2020-02-29,Imperial,025,180216,3,0,0,0,0
2020-02-29,Inyo,027,18085,0,0,0,0,0
2020-02-29,Kern,029,883053,2,0,0,0,0
2020-02-29,Kings,031,150075,3,0,1,1,0
2020-02-29,Lake,033,64148,0,0,0,0,0
2020-02-29,Lassen,035,31185,0,0,0,0,0
2020-02-29,Los Angeles,037,10098052,111,1,6,7,0
2020-02-29,Madera,039,155013,2,0,0,0,0
2020-02-29,Marin,041,260295,4,0,0,0,0
2020-02-29,Mariposa,043,17540,0,0,0,0,0
2020-02-29,Mendocino,045,87422,0,0,0,0,0
2020-02-29,Merced,047,269075,1,0,0,0,0
2020-02-29,Modoc,049,8938,0,0,0,0,0
2020-02-29,Mono,051,14174,1,0,0,0,0
2020-02-29,Monterey,053,433212,1,0,0,0,0
2020-02-29,Napa,055,140530,1,0,0,0,0
2020-02-29,Nevada,057,99092,0,0,1,1,0
2020-02-29,Orange,059,3164182,56,1,0,1,0
2020-02-29,Placer,061,380077,7,0,0,0,0
2020-02-29,Plumas,063,18699,0,0,0,0,0
2020-02-29,Riverside,065,2383286,15,0,1,1,0
2020-02-29,Sacramento,067,1510023,16,1,0,1,0
2020-02-29,San Benito,069,59416,0,2,0,2,0
2020-02-29,San Bernardino,071,2135413,25,0,0,0,0
2020-02-29,San Diego,073,3302833,16,2,0,2,0
2020-02-29,San Francisco,075,870044,12,0,0,0,0
2020-02-29,San Joaquin,077,732212,6,0,3,3,0
2020-02-29,San Luis Obispo,079,281455,2,0,0,0,0
2020-02-29,San Mateo,081,765935,29,0,0,0,0
2020-02-29,Santa Barbara,083,443738,0,0,0,0,0
2020-02-29,Santa Clara,085,1922200,75,3,1,4,0
2020-02-29,Santa Cruz,087,273765,8,0,0,0,0
2020-02-29,Shasta,089,179085,2,0,0,0,0
2020-02-29,Sierra,091,2930,0,0,0,0,0
2020-02-29,Siskiyou,093,43540,0,0,0,0,0
2020-02-29,Solano,095,438530,18,23,0,23,0
2020-02-29,Sonoma,097,501317,6,0,0,0,0
2020-02-29,Stanislaus,099,539301,2,0,2,2,0
2020-02-29,Sutter,101,95872,0,0,0,0,0
2020-02-29,Tehama,103,63373,0,0,0,0,0
2020-02-29,Trinity,105,12862,0,0,0,0,0
2020-02-29,Tulare,107,460477,4,0,0,0,0
2020-02-29,Tuolumne,109,53932,0,0,0,0,0
2020-02-29,Ventura,111,848112,6,0,0,0,0
2020-02-29,Yolo,113,214977,1,0,0,0,0
2020-02-29,Yuba,115,75493,0,0,0,0,0
2020-02-28,Alameda,001,1643700,14,0,0,0,0
2020-02-28,Alpine,003,1148,0,0,0,0,0
2020-02-28,Amador,005,37829,0,0,0,0,0
2020-02-28,Butte,007,227075,0,0,0,0,0
2020-02-28,Calaveras,009,45235,0,0,0,0,0
2020-02-28,Colusa,011,21464,0,0,0,0,0
2020-02-28,Contra Costa,013,1133247,20,0,0,0,0
2020-02-28,Del Norte,015,27424,0,0,0,0,0
2020-02-28,El Dorado,017,186661,0,0,0,0,0
2020-02-28,Fresno,019,978130,1,0,0,0,0
2020-02-28,Glenn,021,27897,0,0,0,0,0
2020-02-28,Humboldt,023,135768,1,1,0,1,0
2020-02-28,Imperial,025,180216,3,0,0,0,0
2020-02-28,Inyo,027,18085,0,0,0,0,0
2020-02-28,Kern,029,883053,2,0,0,0,0
2020-02-28,Kings,031,150075,3,0,1,1,0
2020-02-28,Lake,033,64148,0,0,0,0,0
2020-02-28,Lassen,035,31185,0,0,0,0,0
2020-02-28,Los Angeles,037,10098052,103,1,6,7,0
2020-02-28,Madera,039,155013,2,0,0,0,0
2020-02-28,Marin,041,260295,2,0,0,0,0
2020-02-28,Mariposa,043,17540,0,0,0,0,0
2020-02-28,Mendocino,045,87422,0,0,0,0,0
2020-02-28,Merced,047,269075,1,0,0,0,0
2020-02-28,Modoc,049,8938,0,0,0,0,0
2020-02-28,Mono,051,14174,0,0,0,0,0
2020-02-28,Monterey,053,433212,1,0,0,0,0
2020-02-28,Napa,055,140530,1,0,0,0,0
2020-02-28,Nevada,057,99092,0,0,1,1,0
2020-02-28,Orange,059,3164182,54,1,0,1,0
2020-02-28,Placer,061,380077,7,0,0,0,0
2020-02-28,Plumas,063,18699,0,0,0,0,0
2020-02-28,Riverside,065,2383286,13,0,1,1,0
2020-02-28,Sacramento,067,1510023,10,1,0,1,0
2020-02-28,San Benito,069,59416,0,2,0,2,0
2020-02-28,San Bernardino,071,2135413,25,0,0,0,0
2020-02-28,San Diego,073,3302833,13,2,0,2,0
2020-02-28,San Francisco,075,870044,10,0,0,0,0
2020-02-28,San Joaquin,077,732212,6,0,3,3,0
2020-02-28,San Luis Obispo,079,281455,2,0,0,0,0
2020-02-28,San Mateo,081,765935,24,0,0,0,0
2020-02-28,Santa Barbara,083,443738,0,0,0,0,0
2020-02-28,Santa Clara,085,1922200,70,3,1,4,0
2020-02-28,Santa Cruz,087,273765,8,0,0,0,0
2020-02-28,Shasta,089,179085,2,0,0,0,0
2020-02-28,Sierra,091,2930,0,0,0,0,0
2020-02-28,Siskiyou,093,43540,0,0,0,0,0
2020-02-28,Solano,095,438530,17,23,0,23,0
2020-02-28,Sonoma,097,501317,6,0,0,0,0
2020-02-28,Stanislaus,099,539301,2,0,2,2,0
2020-02-28,Sutter,101,95872,0,0,0,0,0
2020-02-28,Tehama,103,63373,0,0,0,0,0
2020-02-28,Trinity,105,12862,0,0,0,0,0
2020-02-28,Tulare,107,460477,3,0,0,0,0
2020-02-28,Tuolumne,109,53932,0,0,0,0,0
2020-02-28,Ventura,111,848112,6,0,0,0,0
2020-02-28,Yolo,113,214977,1,0,0,0,0
2020-02-28,Yuba,115,75493,0,0,0,0,0
2020-02-27,Alameda,001,1643700,13,0,0,0,0
2020-02-27,Alpine,003,1148,0,0,0,0,0
2020-02-27,Amador,005,37829,0,0,0,0,0
2020-02-27,Butte,007,227075,0,0,0,0,0
2020-02-27,Calaveras,009,45235,0,0,0,0,0
2020-02-27,Colusa,011,21464,0,0,0,0,0
2020-02-27,Contra Costa,013,1133247,14,0,0,0,0
2020-02-27,Del Norte,015,27424,0,0,0,0,0
2020-02-27,El Dorado,017,186661,0,0,0,0,0
2020-02-27,Fresno,019,978130,1,0,0,0,0
2020-02-27,Glenn,021,27897,0,0,0,0,0
2020-02-27,Humboldt,023,135768,1,1,0,1,0
2020-02-27,Imperial,025,180216,3,0,0,0,0
2020-02-27,Inyo,027,18085,0,0,0,0,0
2020-02-27,Kern,029,883053,2,0,0,0,0
2020-02-27,Kings,031,150075,3,0,1,1,0
2020-02-27,Lake,033,64148,0,0,0,0,0
2020-02-27,Lassen,035,31185,0,0,0,0,0
2020-02-27,Los Angeles,037,10098052,95,1,6,7,0
2020-02-27,Madera,039,155013,2,0,0,0,0
2020-02-27,Marin,041,260295,1,0,0,0,0
2020-02-27,Mariposa,043,17540,0,0,0,0,0
2020-02-27,Mendocino,045,87422,0,0,0,0,0
2020-02-27,Merced,047,269075,1,0,0,0,0
2020-02-27,Modoc,049,8938,0,0,0,0,0
2020-02-27,Mono,051,14174,0,0,0,0,0
2020-02-27,Monterey,053,433212,1,0,0,0,0
2020-02-27,Napa,055,140530,1,0,0,0,0
2020-02-27,Nevada,057,99092,0,0,1,1,0
2020-02-27,Orange,059,3164182,48,1,0,1,0
2020-02-27,Placer,061,380077,6,0,0,0,0
2020-02-27,Plumas,063,18699,0,0,0,0,0
2020-02-27,Riverside,065,2383286,12,0,1,1,0
2020-02-27,Sacramento,067,1510023,10,1,0,1,0
2020-02-27,San Benito,069,59416,0,2,0,2,0
2020-02-27,San Bernardino,071,2135413,25,0,0,0,0
2020-02-27,San Diego,073,3302833,12,2,0,2,0
2020-02-27,San Francisco,075,870044,9,0,0,0,0
2020-02-27,San Joaquin,077,732212,5,0,3,3,0
2020-02-27,San Luis Obispo,079,281455,2,0,0,0,0
2020-02-27,San Mateo,081,765935,20,0,0,0,0
2020-02-27,Santa Barbara,083,443738,0,0,0,0,0
2020-02-27,Santa Clara,085,1922200,59,2,1,3,0
2020-02-27,Santa Cruz,087,273765,6,0,0,0,0
2020-02-27,Shasta,089,179085,0,0,0,0,0
2020-02-27,Sierra,091,2930,0,0,0,0,0
2020-02-27,Siskiyou,093,43540,0,0,0,0,0
2020-02-27,Solano,095,438530,17,23,0,23,0
2020-02-27,Sonoma,097,501317,5,0,0,0,0
2020-02-27,Stanislaus,099,539301,2,0,2,2,0
2020-02-27,Sutter,101,95872,0,0,0,0,0
2020-02-27,Tehama,103,63373,0,0,0,0,0
2020-02-27,Trinity,105,12862,0,0,0,0,0
2020-02-27,Tulare,107,460477,3,0,0,0,0
2020-02-27,Tuolumne,109,53932,0,0,0,0,0
2020-02-27,Ventura,111,848112,4,0,0,0,0
2020-02-27,Yolo,113,214977,1,0,0,0,0
2020-02-27,Yuba,115,75493,0,0,0,0,0
2020-02-26,Alameda,001,1643700,13,0,0,0,0
2020-02-26,Alpine,003,1148,0,0,0,0,0
2020-02-26,Amador,005,37829,0,0,0,0,0
2020-02-26,Butte,007,227075,0,0,0,0,0
2020-02-26,Calaveras,009,45235,0,0,0,0,0
2020-02-26,Colusa,011,21464,0,0,0,0,0
2020-02-26,Contra Costa,013,1133247,13,0,0,0,0
2020-02-26,Del Norte,015,27424,0,0,0,0,0
2020-02-26,El Dorado,017,186661,0,0,0,0,0
2020-02-26,Fresno,019,978130,1,0,0,0,0
2020-02-26,Glenn,021,27897,0,0,0,0,0
2020-02-26,Humboldt,023,135768,1,1,0,1,0
2020-02-26,Imperial,025,180216,3,0,0,0,0
2020-02-26,Inyo,027,18085,0,0,0,0,0
2020-02-26,Kern,029,883053,2,0,0,0,0
2020-02-26,Kings,031,150075,3,0,1,1,0
2020-02-26,Lake,033,64148,0,0,0,0,0
2020-02-26,Lassen,035,31185,0,0,0,0,0
2020-02-26,Los Angeles,037,10098052,89,1,6,7,0
2020-02-26,Madera,039,155013,2,0,0,0,0
2020-02-26,Marin,041,260295,1,0,0,0,0
2020-02-26,Mariposa,043,17540,0,0,0,0,0
2020-02-26,Mendocino,045,87422,0,0,0,0,0
2020-02-26,Merced,047,269075,1,0,0,0,0
2020-02-26,Modoc,049,8938,0,0,0,0,0
2020-02-26,Mono,051,14174,0,0,0,0,0
2020-02-26,Monterey,053,433212,1,0,0,0,0
2020-02-26,Napa,055,140530,0,0,0,0,0
2020-02-26,Nevada,057,99092,0,0,1,1,0
2020-02-26,Orange,059,3164182,47,1,0,1,0
2020-02-26,Placer,061,380077,5,0,0,0,0
2020-02-26,Plumas,063,18699,0,0,0,0,0
2020-02-26,Riverside,065,2383286,10,0,1,1,0
2020-02-26,Sacramento,067,1510023,10,1,0,1,0
2020-02-26,San Benito,069,59416,0,2,0,2,0
2020-02-26,San Bernardino,071,2135413,23,0,0,0,0
2020-02-26,San Diego,073,3302833,11,2,0,2,0
2020-02-26,San Francisco,075,870044,9,0,0,0,0
2020-02-26,San Joaquin,077,732212,5,0,3,3,0
2020-02-26,San Luis Obispo,079,281455,2,0,0,0,0
2020-02-26,San Mateo,081,765935,18,0,0,0,0
2020-02-26,Santa Barbara,083,443738,0,0,0,0,0
2020-02-26,Santa Clara,085,1922200,50,2,1,3,0
2020-02-26,Santa Cruz,087,273765,6,0,0,0,0
2020-02-26,Shasta,089,179085,0,0,0,0,0
2020-02-26,Sierra,091,2930,0,0,0,0,0
2020-02-26,Siskiyou,093,43540,0,0,0,0,0
2020-02-26,Solano,095,438530,17,23,0,23,0
2020-02-26,Sonoma,097,501317,5,0,0,0,0
2020-02-26,Stanislaus,099,539301,2,0,2,2,0
2020-02-26,Sutter,101,95872,0,0,0,0,0
2020-02-26,Tehama,103,63373,0,0,0,0,0
2020-02-26,Trinity,105,12862,0,0,0,0,0
2020-02-26,Tulare,107,460477,3,0,0,0,0
2020-02-26,Tuolumne,109,53932,0,0,0,0,0
2020-02-26,Ventura,111,848112,4,0,0,0,0
2020-02-26,Yolo,113,214977,1,0,0,0,0
2020-02-26,Yuba,115,75493,0,0,0,0,0
2020-02-25,Alameda,001,1643700,13,0,0,0,0
2020-02-25,Alpine,003,1148,0,0,0,0,0
2020-02-25,Amador,005,37829,0,0,0,0,0
2020-02-25,Butte,007,227075,0,0,0,0,0
2020-02-25,Calaveras,009,45235,0,0,0,0,0
2020-02-25,Colusa,011,21464,0,0,0,0,0
2020-02-25,Contra Costa,013,1133247,11,0,0,0,0
2020-02-25,Del Norte,015,27424,0,0,0,0,0
2020-02-25,El Dorado,017,186661,0,0,0,0,0
2020-02-25,Fresno,019,978130,1,0,0,0,0
2020-02-25,Glenn,021,27897,0,0,0,0,0
2020-02-25,Humboldt,023,135768,1,1,0,1,0
2020-02-25,Imperial,025,180216,3,0,0,0,0
2020-02-25,Inyo,027,18085,0,0,0,0,0
2020-02-25,Kern,029,883053,2,0,0,0,0
2020-02-25,Kings,031,150075,3,0,1,1,0
2020-02-25,Lake,033,64148,0,0,0,0,0
2020-02-25,Lassen,035,31185,0,0,0,0,0
2020-02-25,Los Angeles,037,10098052,77,1,6,7,0
2020-02-25,Madera,039,155013,2,0,0,0,0
2020-02-25,Marin,041,260295,1,0,0,0,0
2020-02-25,Mariposa,043,17540,0,0,0,0,0
2020-02-25,Mendocino,045,87422,0,0,0,0,0
2020-02-25,Merced,047,269075,0,0,0,0,0
2020-02-25,Modoc,049,8938,0,0,0,0,0
2020-02-25,Mono,051,14174,0,0,0,0,0
2020-02-25,Monterey,053,433212,1,0,0,0,0
2020-02-25,Napa,055,140530,0,0,0,0,0
2020-02-25,Nevada,057,99092,0,0,1,1,0
2020-02-25,Orange,059,3164182,46,1,0,1,0
2020-02-25,Placer,061,380077,5,0,0,0,0
2020-02-25,Plumas,063,18699,0,0,0,0,0
2020-02-25,Riverside,065,2383286,10,0,1,1,0
2020-02-25,Sacramento,067,1510023,8,1,0,1,0
2020-02-25,San Benito,069,59416,0,2,0,2,0
2020-02-25,San Bernardino,071,2135413,21,0,0,0,0
2020-02-25,San Diego,073,3302833,7,2,0,2,0
2020-02-25,San Francisco,075,870044,7,0,0,0,0
2020-02-25,San Joaquin,077,732212,5,0,2,2,0
2020-02-25,San Luis Obispo,079,281455,2,0,0,0,0
2020-02-25,San Mateo,081,765935,17,0,0,0,0
2020-02-25,Santa Barbara,083,443738,0,0,0,0,0
2020-02-25,Santa Clara,085,1922200,40,2,1,3,0
2020-02-25,Santa Cruz,087,273765,5,0,0,0,0
2020-02-25,Shasta,089,179085,0,0,0,0,0
2020-02-25,Sierra,091,2930,0,0,0,0,0
2020-02-25,Siskiyou,093,43540,0,0,0,0,0
2020-02-25,Solano,095,438530,16,21,0,21,0
2020-02-25,Sonoma,097,501317,5,0,0,0,0
2020-02-25,Stanislaus,099,539301,2,0,2,2,0
2020-02-25,Sutter,101,95872,0,0,0,0,0
2020-02-25,Tehama,103,63373,0,0,0,0,0
2020-02-25,Trinity,105,12862,0,0,0,0,0
2020-02-25,Tulare,107,460477,3,0,0,0,0
2020-02-25,Tuolumne,109,53932,0,0,0,0,0
2020-02-25,Ventura,111,848112,4,0,0,0,0
2020-02-25,Yolo,113,214977,1,0,0,0,0
2020-02-25,Yuba,115,75493,0,0,0,0,0
2020-02-24,Alameda,001,1643700,13,0,0,0,0
2020-02-24,Alpine,003,1148,0,0,0,0,0
2020-02-24,Amador,005,37829,0,0,0,0,0
2020-02-24,Butte,007,227075,0,0,0,0,0
2020-02-24,Calaveras,009,45235,0,0,0,0,0
2020-02-24,Colusa,011,21464,0,0,0,0,0
2020-02-24,Contra Costa,013,1133247,9,0,0,0,0
2020-02-24,Del Norte,015,27424,0,0,0,0,0
2020-02-24,El Dorado,017,186661,0,0,0,0,0
2020-02-24,Fresno,019,978130,1,0,0,0,0
2020-02-24,Glenn,021,27897,0,0,0,0,0
2020-02-24,Humboldt,023,135768,1,1,0,1,0
2020-02-24,Imperial,025,180216,3,0,0,0,0
2020-02-24,Inyo,027,18085,0,0,0,0,0
2020-02-24,Kern,029,883053,2,0,0,0,0
2020-02-24,Kings,031,150075,3,0,1,1,0
2020-02-24,Lake,033,64148,0,0,0,0,0
2020-02-24,Lassen,035,31185,0,0,0,0,0
2020-02-24,Los Angeles,037,10098052,72,1,6,7,0
2020-02-24,Madera,039,155013,1,0,0,0,0
2020-02-24,Marin,041,260295,1,0,0,0,0
2020-02-24,Mariposa,043,17540,0,0,0,0,0
2020-02-24,Mendocino,045,87422,0,0,0,0,0
2020-02-24,Merced,047,269075,0,0,0,0,0
2020-02-24,Modoc,049,8938,0,0,0,0,0
2020-02-24,Mono,051,14174,0,0,0,0,0
2020-02-24,Monterey,053,433212,1,0,0,0,0
2020-02-24,Napa,055,140530,0,0,0,0,0
2020-02-24,Nevada,057,99092,0,0,1,1,0
2020-02-24,Orange,059,3164182,44,1,0,1,0
2020-02-24,Placer,061,380077,3,0,0,0,0
2020-02-24,Plumas,063,18699,0,0,0,0,0
2020-02-24,Riverside,065,2383286,9,0,1,1,0
2020-02-24,Sacramento,067,1510023,7,1,0,1,0
2020-02-24,San Benito,069,59416,0,2,0,2,0
2020-02-24,San Bernardino,071,2135413,21,0,0,0,0
2020-02-24,San Diego,073,3302833,7,2,0,2,0
2020-02-24,San Francisco,075,870044,6,0,0,0,0
2020-02-24,San Joaquin,077,732212,5,0,1,1,0
2020-02-24,San Luis Obispo,079,281455,2,0,0,0,0
2020-02-24,San Mateo,081,765935,13,0,0,0,0
2020-02-24,Santa Barbara,083,443738,0,0,0,0,0
2020-02-24,Santa Clara,085,1922200,38,2,1,3,0
2020-02-24,Santa Cruz,087,273765,5,0,0,0,0
2020-02-24,Shasta,089,179085,0,0,0,0,0
2020-02-24,Sierra,091,2930,0,0,0,0,0
2020-02-24,Siskiyou,093,43540,0,0,0,0,0
2020-02-24,Solano,095,438530,13,15,0,15,0
2020-02-24,Sonoma,097,501317,5,0,0,0,0
2020-02-24,Stanislaus,099,539301,2,0,2,2,0
2020-02-24,Sutter,101,95872,0,0,0,0,0
2020-02-24,Tehama,103,63373,0,0,0,0,0
2020-02-24,Trinity,105,12862,0,0,0,0,0
2020-02-24,Tulare,107,460477,3,0,0,0,0
2020-02-24,Tuolumne,109,53932,0,0,0,0,0
2020-02-24,Ventura,111,848112,4,0,0,0,0
2020-02-24,Yolo,113,214977,1,0,0,0,0
2020-02-24,Yuba,115,75493,0,0,0,0,0
2020-02-23,Alameda,001,1643700,11,0,0,0,0
2020-02-23,Alpine,003,1148,0,0,0,0,0
2020-02-23,Amador,005,37829,0,0,0,0,0
2020-02-23,Butte,007,227075,0,0,0,0,0
2020-02-23,Calaveras,009,45235,0,0,0,0,0
2020-02-23,Colusa,011,21464,0,0,0,0,0
2020-02-23,Contra Costa,013,1133247,6,0,0,0,0
2020-02-23,Del Norte,015,27424,0,0,0,0,0
2020-02-23,El Dorado,017,186661,0,0,0,0,0
2020-02-23,Fresno,019,978130,1,0,0,0,0
2020-02-23,Glenn,021,27897,0,0,0,0,0
2020-02-23,Humboldt,023,135768,1,1,0,1,0
2020-02-23,Imperial,025,180216,3,0,0,0,0
2020-02-23,Inyo,027,18085,0,0,0,0,0
2020-02-23,Kern,029,883053,2,0,0,0,0
2020-02-23,Kings,031,150075,3,0,1,1,0
2020-02-23,Lake,033,64148,0,0,0,0,0
2020-02-23,Lassen,035,31185,0,0,0,0,0
2020-02-23,Los Angeles,037,10098052,64,1,6,7,0
2020-02-23,Madera,039,155013,1,0,0,0,0
2020-02-23,Marin,041,260295,1,0,0,0,0
2020-02-23,Mariposa,043,17540,0,0,0,0,0
2020-02-23,Mendocino,045,87422,0,0,0,0,0
2020-02-23,Merced,047,269075,0,0,0,0,0
2020-02-23,Modoc,049,8938,0,0,0,0,0
2020-02-23,Mono,051,14174,0,0,0,0,0
2020-02-23,Monterey,053,433212,1,0,0,0,0
2020-02-23,Napa,055,140530,0,0,0,0,0
2020-02-23,Nevada,057,99092,0,0,1,1,0
2020-02-23,Orange,059,3164182,44,1,0,1,0
2020-02-23,Placer,061,380077,3,0,0,0,0
2020-02-23,Plumas,063,18699,0,0,0,0,0
2020-02-23,Riverside,065,2383286,9,0,0,0,0
2020-02-23,Sacramento,067,1510023,6,1,0,1,0
2020-02-23,San Benito,069,59416,0,2,0,2,0
2020-02-23,San Bernardino,071,2135413,20,0,0,0,0
2020-02-23,San Diego,073,3302833,6,2,0,2,0
2020-02-23,San Francisco,075,870044,5,0,0,0,0
2020-02-23,San Joaquin,077,732212,4,0,1,1,0
2020-02-23,San Luis Obispo,079,281455,2,0,0,0,0
2020-02-23,San Mateo,081,765935,10,0,0,0,0
2020-02-23,Santa Barbara,083,443738,0,0,0,0,0
2020-02-23,Santa Clara,085,1922200,26,2,1,3,0
2020-02-23,Santa Cruz,087,273765,2,0,0,0,0
2020-02-23,Shasta,089,179085,0,0,0,0,0
2020-02-23,Sierra,091,2930,0,0,0,0,0
2020-02-23,Siskiyou,093,43540,0,0,0,0,0
2020-02-23,Solano,095,438530,11,15,0,15,0
2020-02-23,Sonoma,097,501317,5,0,0,0,0
2020-02-23,Stanislaus,099,539301,2,0,2,2,0
2020-02-23,Sutter,101,95872,0,0,0,0,0
2020-02-23,Tehama,103,63373,0,0,0,0,0
2020-02-23,Trinity,105,12862,0,0,0,0,0
2020-02-23,Tulare,107,460477,2,0,0,0,0
2020-02-23,Tuolumne,109,53932,0,0,0,0,0
2020-02-23,Ventura,111,848112,4,0,0,0,0
2020-02-23,Yolo,113,214977,1,0,0,0,0
2020-02-23,Yuba,115,75493,0,0,0,0,0
2020-02-22,Alameda,001,1643700,10,0,0,0,0
2020-02-22,Alpine,003,1148,0,0,0,0,0
2020-02-22,Amador,005,37829,0,0,0,0,0
2020-02-22,Butte,007,227075,0,0,0,0,0
2020-02-22,Calaveras,009,45235,0,0,0,0,0
2020-02-22,Colusa,011,21464,0,0,0,0,0
2020-02-22,Contra Costa,013,1133247,5,0,0,0,0
2020-02-22,Del Norte,015,27424,0,0,0,0,0
2020-02-22,El Dorado,017,186661,0,0,0,0,0
2020-02-22,Fresno,019,978130,1,0,0,0,0
2020-02-22,Glenn,021,27897,0,0,0,0,0
2020-02-22,Humboldt,023,135768,1,1,0,1,0
2020-02-22,Imperial,025,180216,2,0,0,0,0
2020-02-22,Inyo,027,18085,0,0,0,0,0
2020-02-22,Kern,029,883053,2,0,0,0,0
2020-02-22,Kings,031,150075,3,0,1,1,0
2020-02-22,Lake,033,64148,0,0,0,0,0
2020-02-22,Lassen,035,31185,0,0,0,0,0
2020-02-22,Los Angeles,037,10098052,62,1,6,7,0
2020-02-22,Madera,039,155013,0,0,0,0,0
2020-02-22,Marin,041,260295,1,0,0,0,0
2020-02-22,Mariposa,043,17540,0,0,0,0,0
2020-02-22,Mendocino,045,87422,0,0,0,0,0
2020-02-22,Merced,047,269075,0,0,0,0,0
2020-02-22,Modoc,049,8938,0,0,0,0,0
2020-02-22,Mono,051,14174,0,0,0,0,0
2020-02-22,Monterey,053,433212,1,0,0,0,0
2020-02-22,Napa,055,140530,0,0,0,0,0
2020-02-22,Nevada,057,99092,0,0,1,1,0
2020-02-22,Orange,059,3164182,43,1,0,1,0
2020-02-22,Placer,061,380077,3,0,0,0,0
2020-02-22,Plumas,063,18699,0,0,0,0,0
2020-02-22,Riverside,065,2383286,9,0,0,0,0
2020-02-22,Sacramento,067,1510023,6,1,0,1,0
2020-02-22,San Benito,069,59416,0,2,0,2,0
2020-02-22,San Bernardino,071,2135413,18,0,0,0,0
2020-02-22,San Diego,073,3302833,5,2,0,2,0
2020-02-22,San Francisco,075,870044,3,0,0,0,0
2020-02-22,San Joaquin,077,732212,4,0,1,1,0
2020-02-22,San Luis Obispo,079,281455,2,0,0,0,0
2020-02-22,San Mateo,081,765935,8,0,0,0,0
2020-02-22,Santa Barbara,083,443738,0,0,0,0,0
2020-02-22,Santa Clara,085,1922200,23,2,1,3,0
2020-02-22,Santa Cruz,087,273765,2,0,0,0,0
2020-02-22,Shasta,089,179085,0,0,0,0,0
2020-02-22,Sierra,091,2930,0,0,0,0,0
2020-02-22,Siskiyou,093,43540,0,0,0,0,0
2020-02-22,Solano,095,438530,11,11,0,11,0
2020-02-22,Sonoma,097,501317,4,0,0,0,0
2020-02-22,Stanislaus,099,539301,2,0,2,2,0
2020-02-22,Sutter,101,95872,0,0,0,0,0
2020-02-22,Tehama,103,63373,0,0,0,0,0
2020-02-22,Trinity,105,12862,0,0,0,0,0
2020-02-22,Tulare,107,460477,2,0,0,0,0
2020-02-22,Tuolumne,109,53932,0,0,0,0,0
2020-02-22,Ventura,111,848112,4,0,0,0,0
2020-02-22,Yolo,113,214977,0,0,0,0,0
2020-02-22,Yuba,115,75493,0,0,0,0,0
2020-02-21,Alameda,001,1643700,9,0,0,0,0
2020-02-21,Alpine,003,1148,0,0,0,0,0
2020-02-21,Amador,005,37829,0,0,0,0,0
2020-02-21,Butte,007,227075,0,0,0,0,0
2020-02-21,Calaveras,009,45235,0,0,0,0,0
2020-02-21,Colusa,011,21464,0,0,0,0,0
2020-02-21,Contra Costa,013,1133247,4,0,0,0,0
2020-02-21,Del Norte,015,27424,0,0,0,0,0
2020-02-21,El Dorado,017,186661,0,0,0,0,0
2020-02-21,Fresno,019,978130,1,0,0,0,0
2020-02-21,Glenn,021,27897,0,0,0,0,0
2020-02-21,Humboldt,023,135768,1,1,0,1,0
2020-02-21,Imperial,025,180216,2,0,0,0,0
2020-02-21,Inyo,027,18085,0,0,0,0,0
2020-02-21,Kern,029,883053,2,0,0,0,0
2020-02-21,Kings,031,150075,3,0,1,1,0
2020-02-21,Lake,033,64148,0,0,0,0,0
2020-02-21,Lassen,035,31185,0,0,0,0,0
2020-02-21,Los Angeles,037,10098052,58,1,6,7,0
2020-02-21,Madera,039,155013,0,0,0,0,0
2020-02-21,Marin,041,260295,1,0,0,0,0
2020-02-21,Mariposa,043,17540,0,0,0,0,0
2020-02-21,Mendocino,045,87422,0,0,0,0,0
2020-02-21,Merced,047,269075,0,0,0,0,0
2020-02-21,Modoc,049,8938,0,0,0,0,0
2020-02-21,Mono,051,14174,0,0,0,0,0
2020-02-21,Monterey,053,433212,1,0,0,0,0
2020-02-21,Napa,055,140530,0,0,0,0,0
2020-02-21,Nevada,057,99092,0,0,1,1,0
2020-02-21,Orange,059,3164182,41,1,0,1,0
2020-02-21,Placer,061,380077,2,0,0,0,0
2020-02-21,Plumas,063,18699,0,0,0,0,0
2020-02-21,Riverside,065,2383286,9,0,0,0,0
2020-02-21,Sacramento,067,1510023,5,1,0,1,0
2020-02-21,San Benito,069,59416,0,2,0,2,0
2020-02-21,San Bernardino,071,2135413,17,0,0,0,0
2020-02-21,San Diego,073,3302833,5,2,0,2,0
2020-02-21,San Francisco,075,870044,3,0,0,0,0
2020-02-21,San Joaquin,077,732212,2,0,1,1,0
2020-02-21,San Luis Obispo,079,281455,2,0,0,0,0
2020-02-21,San Mateo,081,765935,8,0,0,0,0
2020-02-21,Santa Barbara,083,443738,0,0,0,0,0
2020-02-21,Santa Clara,085,1922200,21,2,1,3,0
2020-02-21,Santa Cruz,087,273765,2,0,0,0,0
2020-02-21,Shasta,089,179085,0,0,0,0,0
2020-02-21,Sierra,091,2930,0,0,0,0,0
2020-02-21,Siskiyou,093,43540,0,0,0,0,0
2020-02-21,Solano,095,438530,10,11,0,11,0
2020-02-21,Sonoma,097,501317,3,0,0,0,0
2020-02-21,Stanislaus,099,539301,2,0,2,2,0
2020-02-21,Sutter,101,95872,0,0,0,0,0
2020-02-21,Tehama,103,63373,0,0,0,0,0
2020-02-21,Trinity,105,12862,0,0,0,0,0
2020-02-21,Tulare,107,460477,2,0,0,0,0
2020-02-21,Tuolumne,109,53932,0,0,0,0,0
2020-02-21,Ventura,111,848112,4,0,0,0,0
2020-02-21,Yolo,113,214977,0,0,0,0,0
2020-02-21,Yuba,115,75493,0,0,0,0,0
2020-02-20,Alameda,001,1643700,7,0,0,0,0
2020-02-20,Alpine,003,1148,0,0,0,0,0
2020-02-20,Amador,005,37829,0,0,0,0,0
2020-02-20,Butte,007,227075,0,0,0,0,0
2020-02-20,Calaveras,009,45235,0,0,0,0,0
2020-02-20,Colusa,011,21464,0,0,0,0,0
2020-02-20,Contra Costa,013,1133247,3,0,0,0,0
2020-02-20,Del Norte,015,27424,0,0,0,0,0
2020-02-20,El Dorado,017,186661,0,0,0,0,0
2020-02-20,Fresno,019,978130,1,0,0,0,0
2020-02-20,Glenn,021,27897,0,0,0,0,0
2020-02-20,Humboldt,023,135768,1,1,0,1,0
2020-02-20,Imperial,025,180216,2,0,0,0,0
2020-02-20,Inyo,027,18085,0,0,0,0,0
2020-02-20,Kern,029,883053,2,0,0,0,0
2020-02-20,Kings,031,150075,3,0,1,1,0
2020-02-20,Lake,033,64148,0,0,0,0,0
2020-02-20,Lassen,035,31185,0,0,0,0,0
2020-02-20,Los Angeles,037,10098052,57,1,5,6,0
2020-02-20,Madera,039,155013,0,0,0,0,0
2020-02-20,Marin,041,260295,0,0,0,0,0
2020-02-20,Mariposa,043,17540,0,0,0,0,0
2020-02-20,Mendocino,045,87422,0,0,0,0,0
2020-02-20,Merced,047,269075,0,0,0,0,0
2020-02-20,Modoc,049,8938,0,0,0,0,0
2020-02-20,Mono,051,14174,0,0,0,0,0
2020-02-20,Monterey,053,433212,1,0,0,0,0
2020-02-20,Napa,055,140530,0,0,0,0,0
2020-02-20,Nevada,057,99092,0,0,1,1,0
2020-02-20,Orange,059,3164182,41,1,0,1,0
2020-02-20,Placer,061,380077,2,0,0,0,0
2020-02-20,Plumas,063,18699,0,0,0,0,0
2020-02-20,Riverside,065,2383286,7,0,0,0,0
2020-02-20,Sacramento,067,1510023,2,1,0,1,0
2020-02-20,San Benito,069,59416,0,2,0,2,0
2020-02-20,San Bernardino,071,2135413,15,0,0,0,0
2020-02-20,San Diego,073,3302833,5,2,0,2,0
2020-02-20,San Francisco,075,870044,3,0,0,0,0
2020-02-20,San Joaquin,077,732212,2,0,1,1,0
2020-02-20,San Luis Obispo,079,281455,2,0,0,0,0
2020-02-20,San Mateo,081,765935,7,0,0,0,0
2020-02-20,Santa Barbara,083,443738,0,0,0,0,0
2020-02-20,Santa Clara,085,1922200,17,2,1,3,0
2020-02-20,Santa Cruz,087,273765,2,0,0,0,0
2020-02-20,Shasta,089,179085,0,0,0,0,0
2020-02-20,Sierra,091,2930,0,0,0,0,0
2020-02-20,Siskiyou,093,43540,0,0,0,0,0
2020-02-20,Solano,095,438530,8,7,0,7,0
2020-02-20,Sonoma,097,501317,2,0,0,0,0
2020-02-20,Stanislaus,099,539301,2,0,2,2,0
2020-02-20,Sutter,101,95872,0,0,0,0,0
2020-02-20,Tehama,103,63373,0,0,0,0,0
2020-02-20,Trinity,105,12862,0,0,0,0,0
2020-02-20,Tulare,107,460477,2,0,0,0,0
2020-02-20,Tuolumne,109,53932,0,0,0,0,0
2020-02-20,Ventura,111,848112,4,0,0,0,0
2020-02-20,Yolo,113,214977,0,0,0,0,0
2020-02-20,Yuba,115,75493,0,0,0,0,0
2020-02-19,Alameda,001,1643700,6,0,0,0,0
2020-02-19,Alpine,003,1148,0,0,0,0,0
2020-02-19,Amador,005,37829,0,0,0,0,0
2020-02-19,Butte,007,227075,0,0,0,0,0
2020-02-19,Calaveras,009,45235,0,0,0,0,0
2020-02-19,Colusa,011,21464,0,0,0,0,0
2020-02-19,Contra Costa,013,1133247,3,0,0,0,0
2020-02-19,Del Norte,015,27424,0,0,0,0,0
2020-02-19,El Dorado,017,186661,0,0,0,0,0
2020-02-19,Fresno,019,978130,1,0,0,0,0
2020-02-19,Glenn,021,27897,0,0,0,0,0
2020-02-19,Humboldt,023,135768,1,0,0,0,0
2020-02-19,Imperial,025,180216,2,0,0,0,0
2020-02-19,Inyo,027,18085,0,0,0,0,0
2020-02-19,Kern,029,883053,2,0,0,0,0
2020-02-19,Kings,031,150075,3,0,1,1,0
2020-02-19,Lake,033,64148,0,0,0,0,0
2020-02-19,Lassen,035,31185,0,0,0,0,0
2020-02-19,Los Angeles,037,10098052,54,1,5,6,0
2020-02-19,Madera,039,155013,0,0,0,0,0
2020-02-19,Marin,041,260295,0,0,0,0,0
2020-02-19,Mariposa,043,17540,0,0,0,0,0
2020-02-19,Mendocino,045,87422,0,0,0,0,0
2020-02-19,Merced,047,269075,0,0,0,0,0
2020-02-19,Modoc,049,8938,0,0,0,0,0
2020-02-19,Mono,051,14174,0,0,0,0,0
2020-02-19,Monterey,053,433212,1,0,0,0,0
2020-02-19,Napa,055,140530,0,0,0,0,0
2020-02-19,Nevada,057,99092,0,0,1,1,0
2020-02-19,Orange,059,3164182,40,1,0,1,0
2020-02-19,Placer,061,380077,2,0,0,0,0
2020-02-19,Plumas,063,18699,0,0,0,0,0
2020-02-19,Riverside,065,2383286,5,0,0,0,0
2020-02-19,Sacramento,067,1510023,2,0,0,0,0
2020-02-19,San Benito,069,59416,0,2,0,2,0
2020-02-19,San Bernardino,071,2135413,14,0,0,0,0
2020-02-19,San Diego,073,3302833,4,2,0,2,0
2020-02-19,San Francisco,075,870044,2,0,0,0,0
2020-02-19,San Joaquin,077,732212,2,0,1,1,0
2020-02-19,San Luis Obispo,079,281455,2,0,0,0,0
2020-02-19,San Mateo,081,765935,6,0,0,0,0
2020-02-19,Santa Barbara,083,443738,0,0,0,0,0
2020-02-19,Santa Clara,085,1922200,15,2,1,3,0
2020-02-19,Santa Cruz,087,273765,0,0,0,0,0
2020-02-19,Shasta,089,179085,0,0,0,0,0
2020-02-19,Sierra,091,2930,0,0,0,0,0
2020-02-19,Siskiyou,093,43540,0,0,0,0,0
2020-02-19,Solano,095,438530,5,7,0,7,0
2020-02-19,Sonoma,097,501317,2,0,0,0,0
2020-02-19,Stanislaus,099,539301,1,0,2,2,0
2020-02-19,Sutter,101,95872,0,0,0,0,0
2020-02-19,Tehama,103,63373,0,0,0,0,0
2020-02-19,Trinity,105,12862,0,0,0,0,0
2020-02-19,Tulare,107,460477,2,0,0,0,0
2020-02-19,Tuolumne,109,53932,0,0,0,0,0
2020-02-19,Ventura,111,848112,2,0,0,0,0
2020-02-19,Yolo,113,214977,0,0,0,0,0
2020-02-19,Yuba,115,75493,0,0,0,0,0
2020-02-18,Alameda,001,1643700,6,0,0,0,0
2020-02-18,Alpine,003,1148,0,0,0,0,0
2020-02-18,Amador,005,37829,0,0,0,0,0
2020-02-18,Butte,007,227075,0,0,0,0,0
2020-02-18,Calaveras,009,45235,0,0,0,0,0
2020-02-18,Colusa,011,21464,0,0,0,0,0
2020-02-18,Contra Costa,013,1133247,3,0,0,0,0
2020-02-18,Del Norte,015,27424,0,0,0,0,0
2020-02-18,El Dorado,017,186661,0,0,0,0,0
2020-02-18,Fresno,019,978130,0,0,0,0,0
2020-02-18,Glenn,021,27897,0,0,0,0,0
2020-02-18,Humboldt,023,135768,1,0,0,0,0
2020-02-18,Imperial,025,180216,1,0,0,0,0
2020-02-18,Inyo,027,18085,0,0,0,0,0
2020-02-18,Kern,029,883053,2,0,0,0,0
2020-02-18,Kings,031,150075,3,0,1,1,0
2020-02-18,Lake,033,64148,0,0,0,0,0
2020-02-18,Lassen,035,31185,0,0,0,0,0
2020-02-18,Los Angeles,037,10098052,51,1,4,5,0
2020-02-18,Madera,039,155013,0,0,0,0,0
2020-02-18,Marin,041,260295,0,0,0,0,0
2020-02-18,Mariposa,043,17540,0,0,0,0,0
2020-02-18,Mendocino,045,87422,0,0,0,0,0
2020-02-18,Merced,047,269075,0,0,0,0,0
2020-02-18,Modoc,049,8938,0,0,0,0,0
2020-02-18,Mono,051,14174,0,0,0,0,0
2020-02-18,Monterey,053,433212,1,0,0,0,0
2020-02-18,Napa,055,140530,0,0,0,0,0
2020-02-18,Nevada,057,99092,0,0,1,1,0
2020-02-18,Orange,059,3164182,39,1,0,1,0
2020-02-18,Placer,061,380077,0,0,0,0,0
2020-02-18,Plumas,063,18699,0,0,0,0,0
2020-02-18,Riverside,065,2383286,5,0,0,0,0
2020-02-18,Sacramento,067,1510023,2,0,0,0,0
2020-02-18,San Benito,069,59416,0,2,0,2,0
2020-02-18,San Bernardino,071,2135413,13,0,0,0,0
2020-02-18,San Diego,073,3302833,4,2,0,2,0
2020-02-18,San Francisco,075,870044,2,0,0,0,0
2020-02-18,San Joaquin,077,732212,1,0,1,1,0
2020-02-18,San Luis Obispo,079,281455,2,0,0,0,0
2020-02-18,San Mateo,081,765935,5,0,0,0,0
2020-02-18,Santa Barbara,083,443738,0,0,0,0,0
2020-02-18,Santa Clara,085,1922200,14,2,1,3,0
2020-02-18,Santa Cruz,087,273765,0,0,0,0,0
2020-02-18,Shasta,089,179085,0,0,0,0,0
2020-02-18,Sierra,091,2930,0,0,0,0,0
2020-02-18,Siskiyou,093,43540,0,0,0,0,0
2020-02-18,Solano,095,438530,5,7,0,7,0
2020-02-18,Sonoma,097,501317,1,0,0,0,0
2020-02-18,Stanislaus,099,539301,1,0,2,2,0
2020-02-18,Sutter,101,95872,0,0,0,0,0
2020-02-18,Tehama,103,63373,0,0,0,0,0
2020-02-18,Trinity,105,12862,0,0,0,0,0
2020-02-18,Tulare,107,460477,2,0,0,0,0
2020-02-18,Tuolumne,109,53932,0,0,0,0,0
2020-02-18,Ventura,111,848112,2,0,0,0,0
2020-02-18,Yolo,113,214977,0,0,0,0,0
2020-02-18,Yuba,115,75493,0,0,0,0,0
2020-02-17,Alameda,001,1643700,6,0,0,0,0
2020-02-17,Alpine,003,1148,0,0,0,0,0
2020-02-17,Amador,005,37829,0,0,0,0,0
2020-02-17,Butte,007,227075,0,0,0,0,0
2020-02-17,Calaveras,009,45235,0,0,0,0,0
2020-02-17,Colusa,011,21464,0,0,0,0,0
2020-02-17,Contra Costa,013,1133247,3,0,0,0,0
2020-02-17,Del Norte,015,27424,0,0,0,0,0
2020-02-17,El Dorado,017,186661,0,0,0,0,0
2020-02-17,Fresno,019,978130,0,0,0,0,0
2020-02-17,Glenn,021,27897,0,0,0,0,0
2020-02-17,Humboldt,023,135768,1,0,0,0,0
2020-02-17,Imperial,025,180216,1,0,0,0,0
2020-02-17,Inyo,027,18085,0,0,0,0,0
2020-02-17,Kern,029,883053,2,0,0,0,0
2020-02-17,Kings,031,150075,3,0,0,0,0
2020-02-17,Lake,033,64148,0,0,0,0,0
2020-02-17,Lassen,035,31185,0,0,0,0,0
2020-02-17,Los Angeles,037,10098052,48,1,4,5,0
2020-02-17,Madera,039,155013,0,0,0,0,0
2020-02-17,Marin,041,260295,0,0,0,0,0
2020-02-17,Mariposa,043,17540,0,0,0,0,0
2020-02-17,Mendocino,045,87422,0,0,0,0,0
2020-02-17,Merced,047,269075,0,0,0,0,0
2020-02-17,Modoc,049,8938,0,0,0,0,0
2020-02-17,Mono,051,14174,0,0,0,0,0
2020-02-17,Monterey,053,433212,1,0,0,0,0
2020-02-17,Napa,055,140530,0,0,0,0,0
2020-02-17,Nevada,057,99092,0,0,1,1,0
2020-02-17,Orange,059,3164182,39,1,0,1,0
2020-02-17,Placer,061,380077,0,0,0,0,0
2020-02-17,Plumas,063,18699,0,0,0,0,0
2020-02-17,Riverside,065,2383286,5,0,0,0,0
2020-02-17,Sacramento,067,1510023,2,0,0,0,0
2020-02-17,San Benito,069,59416,0,2,0,2,0
2020-02-17,San Bernardino,071,2135413,11,0,0,0,0
2020-02-17,San Diego,073,3302833,4,2,0,2,0
2020-02-17,San Francisco,075,870044,2,0,0,0,0
2020-02-17,San Joaquin,077,732212,1,0,1,1,0
2020-02-17,San Luis Obispo,079,281455,1,0,0,0,0
2020-02-17,San Mateo,081,765935,5,0,0,0,0
2020-02-17,Santa Barbara,083,443738,0,0,0,0,0
2020-02-17,Santa Clara,085,1922200,12,2,1,3,0
2020-02-17,Santa Cruz,087,273765,0,0,0,0,0
2020-02-17,Shasta,089,179085,0,0,0,0,0
2020-02-17,Sierra,091,2930,0,0,0,0,0
2020-02-17,Siskiyou,093,43540,0,0,0,0,0
2020-02-17,Solano,095,438530,3,5,0,5,0
2020-02-17,Sonoma,097,501317,1,0,0,0,0
2020-02-17,Stanislaus,099,539301,1,0,2,2,0
2020-02-17,Sutter,101,95872,0,0,0,0,0
2020-02-17,Tehama,103,63373,0,0,0,0,0
2020-02-17,Trinity,105,12862,0,0,0,0,0
2020-02-17,Tulare,107,460477,2,0,0,0,0
2020-02-17,Tuolumne,109,53932,0,0,0,0,0
2020-02-17,Ventura,111,848112,2,0,0,0,0
2020-02-17,Yolo,113,214977,0,0,0,0,0
2020-02-17,Yuba,115,75493,0,0,0,0,0
2020-02-16,Alameda,001,1643700,5,0,0,0,0
2020-02-16,Alpine,003,1148,0,0,0,0,0
2020-02-16,Amador,005,37829,0,0,0,0,0
2020-02-16,Butte,007,227075,0,0,0,0,0
2020-02-16,Calaveras,009,45235,0,0,0,0,0
2020-02-16,Colusa,011,21464,0,0,0,0,0
2020-02-16,Contra Costa,013,1133247,3,0,0,0,0
2020-02-16,Del Norte,015,27424,0,0,0,0,0
2020-02-16,El Dorado,017,186661,0,0,0,0,0
2020-02-16,Fresno,019,978130,0,0,0,0,0
2020-02-16,Glenn,021,27897,0,0,0,0,0
2020-02-16,Humboldt,023,135768,1,0,0,0,0
2020-02-16,Imperial,025,180216,1,0,0,0,0
2020-02-16,Inyo,027,18085,0,0,0,0,0
2020-02-16,Kern,029,883053,2,0,0,0,0
2020-02-16,Kings,031,150075,3,0,0,0,0
2020-02-16,Lake,033,64148,0,0,0,0,0
2020-02-16,Lassen,035,31185,0,0,0,0,0
2020-02-16,Los Angeles,037,10098052,42,1,4,5,0
2020-02-16,Madera,039,155013,0,0,0,0,0
2020-02-16,Marin,041,260295,0,0,0,0,0
2020-02-16,Mariposa,043,17540,0,0,0,0,0
2020-02-16,Mendocino,045,87422,0,0,0,0,0
2020-02-16,Merced,047,269075,0,0,0,0,0
2020-02-16,Modoc,049,8938,0,0,0,0,0
2020-02-16,Mono,051,14174,0,0,0,0,0
2020-02-16,Monterey,053,433212,1,0,0,0,0
2020-02-16,Napa,055,140530,0,0,0,0,0
2020-02-16,Nevada,057,99092,0,0,0,0,0
2020-02-16,Orange,059,3164182,38,1,0,1,0
2020-02-16,Placer,061,380077,0,0,0,0,0
2020-02-16,Plumas,063,18699,0,0,0,0,0
2020-02-16,Riverside,065,2383286,5,0,0,0,0
2020-02-16,Sacramento,067,1510023,2,0,0,0,0
2020-02-16,San Benito,069,59416,0,2,0,2,0
2020-02-16,San Bernardino,071,2135413,10,0,0,0,0
2020-02-16,San Diego,073,3302833,4,2,0,2,0
2020-02-16,San Francisco,075,870044,2,0,0,0,0
2020-02-16,San Joaquin,077,732212,1,0,1,1,0
2020-02-16,San Luis Obispo,079,281455,1,0,0,0,0
2020-02-16,San Mateo,081,765935,4,0,0,0,0
2020-02-16,Santa Barbara,083,443738,0,0,0,0,0
2020-02-16,Santa Clara,085,1922200,10,2,1,3,0
2020-02-16,Santa Cruz,087,273765,0,0,0,0,0
2020-02-16,Shasta,089,179085,0,0,0,0,0
2020-02-16,Sierra,091,2930,0,0,0,0,0
2020-02-16,Siskiyou,093,43540,0,0,0,0,0
2020-02-16,Solano,095,438530,1,0,0,0,0
2020-02-16,Sonoma,097,501317,1,0,0,0,0
2020-02-16,Stanislaus,099,539301,1,0,2,2,0
2020-02-16,Sutter,101,95872,0,0,0,0,0
2020-02-16,Tehama,103,63373,0,0,0,0,0
2020-02-16,Trinity,105,12862,0,0,0,0,0
2020-02-16,Tulare,107,460477,2,0,0,0,0
2020-02-16,Tuolumne,109,53932,0,0,0,0,0
2020-02-16,Ventura,111,848112,2,0,0,0,0
2020-02-16,Yolo,113,214977,0,0,0,0,0
2020-02-16,Yuba,115,75493,0,0,0,0,0
2020-02-15,Alameda,001,1643700,5,0,0,0,0
2020-02-15,Alpine,003,1148,0,0,0,0,0
2020-02-15,Amador,005,37829,0,0,0,0,0
2020-02-15,Butte,007,227075,0,0,0,0,0
2020-02-15,Calaveras,009,45235,0,0,0,0,0
2020-02-15,Colusa,011,21464,0,0,0,0,0
2020-02-15,Contra Costa,013,1133247,3,0,0,0,0
2020-02-15,Del Norte,015,27424,0,0,0,0,0
2020-02-15,El Dorado,017,186661,0,0,0,0,0
2020-02-15,Fresno,019,978130,0,0,0,0,0
2020-02-15,Glenn,021,27897,0,0,0,0,0
2020-02-15,Humboldt,023,135768,1,0,0,0,0
2020-02-15,Imperial,025,180216,1,0,0,0,0
2020-02-15,Inyo,027,18085,0,0,0,0,0
2020-02-15,Kern,029,883053,2,0,0,0,0
2020-02-15,Kings,031,150075,3,0,0,0,0
2020-02-15,Lake,033,64148,0,0,0,0,0
2020-02-15,Lassen,035,31185,0,0,0,0,0
2020-02-15,Los Angeles,037,10098052,39,1,4,5,0
2020-02-15,Madera,039,155013,0,0,0,0,0
2020-02-15,Marin,041,260295,0,0,0,0,0
2020-02-15,Mariposa,043,17540,0,0,0,0,0
2020-02-15,Mendocino,045,87422,0,0,0,0,0
2020-02-15,Merced,047,269075,0,0,0,0,0
2020-02-15,Modoc,049,8938,0,0,0,0,0
2020-02-15,Mono,051,14174,0,0,0,0,0
2020-02-15,Monterey,053,433212,1,0,0,0,0
2020-02-15,Napa,055,140530,0,0,0,0,0
2020-02-15,Nevada,057,99092,0,0,0,0,0
2020-02-15,Orange,059,3164182,37,1,0,1,0
2020-02-15,Placer,061,380077,0,0,0,0,0
2020-02-15,Plumas,063,18699,0,0,0,0,0
2020-02-15,Riverside,065,2383286,4,0,0,0,0
2020-02-15,Sacramento,067,1510023,2,0,0,0,0
2020-02-15,San Benito,069,59416,0,2,0,2,0
2020-02-15,San Bernardino,071,2135413,9,0,0,0,0
2020-02-15,San Diego,073,3302833,4,2,0,2,0
2020-02-15,San Francisco,075,870044,2,0,0,0,0
2020-02-15,San Joaquin,077,732212,1,0,1,1,0
2020-02-15,San Luis Obispo,079,281455,1,0,0,0,0
2020-02-15,San Mateo,081,765935,4,0,0,0,0
2020-02-15,Santa Barbara,083,443738,0,0,0,0,0
2020-02-15,Santa Clara,085,1922200,10,2,1,3,0
2020-02-15,Santa Cruz,087,273765,0,0,0,0,0
2020-02-15,Shasta,089,179085,0,0,0,0,0
2020-02-15,Sierra,091,2930,0,0,0,0,0
2020-02-15,Siskiyou,093,43540,0,0,0,0,0
2020-02-15,Solano,095,438530,1,0,0,0,0
2020-02-15,Sonoma,097,501317,0,0,0,0,0
2020-02-15,Stanislaus,099,539301,1,0,2,2,0
2020-02-15,Sutter,101,95872,0,0,0,0,0
2020-02-15,Tehama,103,63373,0,0,0,0,0
2020-02-15,Trinity,105,12862,0,0,0,0,0
2020-02-15,Tulare,107,460477,2,0,0,0,0
2020-02-15,Tuolumne,109,53932,0,0,0,0,0
2020-02-15,Ventura,111,848112,2,0,0,0,0
2020-02-15,Yolo,113,214977,0,0,0,0,0
2020-02-15,Yuba,115,75493,0,0,0,0,0
2020-02-14,Alameda,001,1643700,4,0,0,0,0
2020-02-14,Alpine,003,1148,0,0,0,0,0
2020-02-14,Amador,005,37829,0,0,0,0,0
2020-02-14,Butte,007,227075,0,0,0,0,0
2020-02-14,Calaveras,009,45235,0,0,0,0,0
2020-02-14,Colusa,011,21464,0,0,0,0,0
2020-02-14,Contra Costa,013,1133247,3,0,0,0,0
2020-02-14,Del Norte,015,27424,0,0,0,0,0
2020-02-14,El Dorado,017,186661,0,0,0,0,0
2020-02-14,Fresno,019,978130,0,0,0,0,0
2020-02-14,Glenn,021,27897,0,0,0,0,0
2020-02-14,Humboldt,023,135768,1,0,0,0,0
2020-02-14,Imperial,025,180216,1,0,0,0,0
2020-02-14,Inyo,027,18085,0,0,0,0,0
2020-02-14,Kern,029,883053,2,0,0,0,0
2020-02-14,Kings,031,150075,1,0,0,0,0
2020-02-14,Lake,033,64148,0,0,0,0,0
2020-02-14,Lassen,035,31185,0,0,0,0,0
2020-02-14,Los Angeles,037,10098052,34,1,4,5,0
2020-02-14,Madera,039,155013,0,0,0,0,0
2020-02-14,Marin,041,260295,0,0,0,0,0
2020-02-14,Mariposa,043,17540,0,0,0,0,0
2020-02-14,Mendocino,045,87422,0,0,0,0,0
2020-02-14,Merced,047,269075,0,0,0,0,0
2020-02-14,Modoc,049,8938,0,0,0,0,0
2020-02-14,Mono,051,14174,0,0,0,0,0
2020-02-14,Monterey,053,433212,1,0,0,0,0
2020-02-14,Napa,055,140530,0,0,0,0,0
2020-02-14,Nevada,057,99092,0,0,0,0,0
2020-02-14,Orange,059,3164182,37,1,0,1,0
2020-02-14,Placer,061,380077,0,0,0,0,0
2020-02-14,Plumas,063,18699,0,0,0,0,0
2020-02-14,Riverside,065,2383286,4,0,0,0,0
2020-02-14,Sacramento,067,1510023,1,0,0,0,0
2020-02-14,San Benito,069,59416,0,2,0,2,0
2020-02-14,San Bernardino,071,2135413,9,0,0,0,0
2020-02-14,San Diego,073,3302833,3,2,0,2,0
2020-02-14,San Francisco,075,870044,2,0,0,0,0
2020-02-14,San Joaquin,077,732212,1,0,1,1,0
2020-02-14,San Luis Obispo,079,281455,0,0,0,0,0
2020-02-14,San Mateo,081,765935,3,0,0,0,0
2020-02-14,Santa Barbara,083,443738,0,0,0,0,0
2020-02-14,Santa Clara,085,1922200,8,2,1,3,0
2020-02-14,Santa Cruz,087,273765,0,0,0,0,0
2020-02-14,Shasta,089,179085,0,0,0,0,0
2020-02-14,Sierra,091,2930,0,0,0,0,0
2020-02-14,Siskiyou,093,43540,0,0,0,0,0
2020-02-14,Solano,095,438530,1,0,0,0,0
2020-02-14,Sonoma,097,501317,0,0,0,0,0
2020-02-14,Stanislaus,099,539301,1,0,2,2,0
2020-02-14,Sutter,101,95872,0,0,0,0,0
2020-02-14,Tehama,103,63373,0,0,0,0,0
2020-02-14,Trinity,105,12862,0,0,0,0,0
2020-02-14,Tulare,107,460477,2,0,0,0,0
2020-02-14,Tuolumne,109,53932,0,0,0,0,0
2020-02-14,Ventura,111,848112,2,0,0,0,0
2020-02-14,Yolo,113,214977,0,0,0,0,0
2020-02-14,Yuba,115,75493,0,0,0,0,0
2020-02-13,Alameda,001,1643700,4,0,0,0,0
2020-02-13,Alpine,003,1148,0,0,0,0,0
2020-02-13,Amador,005,37829,0,0,0,0,0
2020-02-13,Butte,007,227075,0,0,0,0,0
2020-02-13,Calaveras,009,45235,0,0,0,0,0
2020-02-13,Colusa,011,21464,0,0,0,0,0
2020-02-13,Contra Costa,013,1133247,3,0,0,0,0
2020-02-13,Del Norte,015,27424,0,0,0,0,0
2020-02-13,El Dorado,017,186661,0,0,0,0,0
2020-02-13,Fresno,019,978130,0,0,0,0,0
2020-02-13,Glenn,021,27897,0,0,0,0,0
2020-02-13,Humboldt,023,135768,1,0,0,0,0
2020-02-13,Imperial,025,180216,1,0,0,0,0
2020-02-13,Inyo,027,18085,0,0,0,0,0
2020-02-13,Kern,029,883053,2,0,0,0,0
2020-02-13,Kings,031,150075,1,0,0,0,0
2020-02-13,Lake,033,64148,0,0,0,0,0
2020-02-13,Lassen,035,31185,0,0,0,0,0
2020-02-13,Los Angeles,037,10098052,31,1,3,4,0
2020-02-13,Madera,039,155013,0,0,0,0,0
2020-02-13,Marin,041,260295,0,0,0,0,0
2020-02-13,Mariposa,043,17540,0,0,0,0,0
2020-02-13,Mendocino,045,87422,0,0,0,0,0
2020-02-13,Merced,047,269075,0,0,0,0,0
2020-02-13,Modoc,049,8938,0,0,0,0,0
2020-02-13,Mono,051,14174,0,0,0,0,0
2020-02-13,Monterey,053,433212,1,0,0,0,0
2020-02-13,Napa,055,140530,0,0,0,0,0
2020-02-13,Nevada,057,99092,0,0,0,0,0
2020-02-13,Orange,059,3164182,36,1,0,1,0
2020-02-13,Placer,061,380077,0,0,0,0,0
2020-02-13,Plumas,063,18699,0,0,0,0,0
2020-02-13,Riverside,065,2383286,4,0,0,0,0
2020-02-13,Sacramento,067,1510023,1,0,0,0,0
2020-02-13,San Benito,069,59416,0,2,0,2,0
2020-02-13,San Bernardino,071,2135413,8,0,0,0,0
2020-02-13,San Diego,073,3302833,2,2,0,2,0
2020-02-13,San Francisco,075,870044,2,0,0,0,0
2020-02-13,San Joaquin,077,732212,1,0,1,1,0
2020-02-13,San Luis Obispo,079,281455,0,0,0,0,0
2020-02-13,San Mateo,081,765935,2,0,0,0,0
2020-02-13,Santa Barbara,083,443738,0,0,0,0,0
2020-02-13,Santa Clara,085,1922200,7,2,0,2,0
2020-02-13,Santa Cruz,087,273765,0,0,0,0,0
2020-02-13,Shasta,089,179085,0,0,0,0,0
2020-02-13,Sierra,091,2930,0,0,0,0,0
2020-02-13,Siskiyou,093,43540,0,0,0,0,0
2020-02-13,Solano,095,438530,0,0,0,0,0
2020-02-13,Sonoma,097,501317,0,0,0,0,0
2020-02-13,Stanislaus,099,539301,1,0,1,1,0
2020-02-13,Sutter,101,95872,0,0,0,0,0
2020-02-13,Tehama,103,63373,0,0,0,0,0
2020-02-13,Trinity,105,12862,0,0,0,0,0
2020-02-13,Tulare,107,460477,2,0,0,0,0
2020-02-13,Tuolumne,109,53932,0,0,0,0,0
2020-02-13,Ventura,111,848112,2,0,0,0,0
2020-02-13,Yolo,113,214977,0,0,0,0,0
2020-02-13,Yuba,115,75493,0,0,0,0,0
2020-02-12,Alameda,001,1643700,4,0,0,0,0
2020-02-12,Alpine,003,1148,0,0,0,0,0
2020-02-12,Amador,005,37829,0,0,0,0,0
2020-02-12,Butte,007,227075,0,0,0,0,0
2020-02-12,Calaveras,009,45235,0,0,0,0,0
2020-02-12,Colusa,011,21464,0,0,0,0,0
2020-02-12,Contra Costa,013,1133247,3,0,0,0,0
2020-02-12,Del Norte,015,27424,0,0,0,0,0
2020-02-12,El Dorado,017,186661,0,0,0,0,0
2020-02-12,Fresno,019,978130,0,0,0,0,0
2020-02-12,Glenn,021,27897,0,0,0,0,0
2020-02-12,Humboldt,023,135768,1,0,0,0,0
2020-02-12,Imperial,025,180216,1,0,0,0,0
2020-02-12,Inyo,027,18085,0,0,0,0,0
2020-02-12,Kern,029,883053,2,0,0,0,0
2020-02-12,Kings,031,150075,1,0,0,0,0
2020-02-12,Lake,033,64148,0,0,0,0,0
2020-02-12,Lassen,035,31185,0,0,0,0,0
2020-02-12,Los Angeles,037,10098052,30,1,3,4,0
2020-02-12,Madera,039,155013,0,0,0,0,0
2020-02-12,Marin,041,260295,0,0,0,0,0
2020-02-12,Mariposa,043,17540,0,0,0,0,0
2020-02-12,Mendocino,045,87422,0,0,0,0,0
2020-02-12,Merced,047,269075,0,0,0,0,0
2020-02-12,Modoc,049,8938,0,0,0,0,0
2020-02-12,Mono,051,14174,0,0,0,0,0
2020-02-12,Monterey,053,433212,1,0,0,0,0
2020-02-12,Napa,055,140530,0,0,0,0,0
2020-02-12,Nevada,057,99092,0,0,0,0,0
2020-02-12,Orange,059,3164182,36,1,0,1,0
2020-02-12,Placer,061,380077,0,0,0,0,0
2020-02-12,Plumas,063,18699,0,0,0,0,0
2020-02-12,Riverside,065,2383286,4,0,0,0,0
2020-02-12,Sacramento,067,1510023,1,0,0,0,0
2020-02-12,San Benito,069,59416,0,2,0,2,0
2020-02-12,San Bernardino,071,2135413,8,0,0,0,0
2020-02-12,San Diego,073,3302833,2,2,0,2,0
2020-02-12,San Francisco,075,870044,2,0,0,0,0
2020-02-12,San Joaquin,077,732212,1,0,1,1,0
2020-02-12,San Luis Obispo,079,281455,0,0,0,0,0
2020-02-12,San Mateo,081,765935,2,0,0,0,0
2020-02-12,Santa Barbara,083,443738,0,0,0,0,0
2020-02-12,Santa Clara,085,1922200,6,2,0,2,0
2020-02-12,Santa Cruz,087,273765,0,0,0,0,0
2020-02-12,Shasta,089,179085,0,0,0,0,0
2020-02-12,Sierra,091,2930,0,0,0,0,0
2020-02-12,Siskiyou,093,43540,0,0,0,0,0
2020-02-12,Solano,095,438530,0,0,0,0,0
2020-02-12,Sonoma,097,501317,0,0,0,0,0
2020-02-12,Stanislaus,099,539301,1,0,1,1,0
2020-02-12,Sutter,101,95872,0,0,0,0,0
2020-02-12,Tehama,103,63373,0,0,0,0,0
2020-02-12,Trinity,105,12862,0,0,0,0,0
2020-02-12,Tulare,107,460477,2,0,0,0,0
2020-02-12,Tuolumne,109,53932,0,0,0,0,0
2020-02-12,Ventura,111,848112,2,0,0,0,0
2020-02-12,Yolo,113,214977,0,0,0,0,0
2020-02-12,Yuba,115,75493,0,0,0,0,0
2020-02-11,Alameda,001,1643700,4,0,0,0,0
2020-02-11,Alpine,003,1148,0,0,0,0,0
2020-02-11,Amador,005,37829,0,0,0,0,0
2020-02-11,Butte,007,227075,0,0,0,0,0
2020-02-11,Calaveras,009,45235,0,0,0,0,0
2020-02-11,Colusa,011,21464,0,0,0,0,0
2020-02-11,Contra Costa,013,1133247,3,0,0,0,0
2020-02-11,Del Norte,015,27424,0,0,0,0,0
2020-02-11,El Dorado,017,186661,0,0,0,0,0
2020-02-11,Fresno,019,978130,0,0,0,0,0
2020-02-11,Glenn,021,27897,0,0,0,0,0
2020-02-11,Humboldt,023,135768,1,0,0,0,0
2020-02-11,Imperial,025,180216,1,0,0,0,0
2020-02-11,Inyo,027,18085,0,0,0,0,0
2020-02-11,Kern,029,883053,2,0,0,0,0
2020-02-11,Kings,031,150075,1,0,0,0,0
2020-02-11,Lake,033,64148,0,0,0,0,0
2020-02-11,Lassen,035,31185,0,0,0,0,0
2020-02-11,Los Angeles,037,10098052,30,1,3,4,0
2020-02-11,Madera,039,155013,0,0,0,0,0
2020-02-11,Marin,041,260295,0,0,0,0,0
2020-02-11,Mariposa,043,17540,0,0,0,0,0
2020-02-11,Mendocino,045,87422,0,0,0,0,0
2020-02-11,Merced,047,269075,0,0,0,0,0
2020-02-11,Modoc,049,8938,0,0,0,0,0
2020-02-11,Mono,051,14174,0,0,0,0,0
2020-02-11,Monterey,053,433212,1,0,0,0,0
2020-02-11,Napa,055,140530,0,0,0,0,0
2020-02-11,Nevada,057,99092,0,0,0,0,0
2020-02-11,Orange,059,3164182,35,1,0,1,0
2020-02-11,Placer,061,380077,0,0,0,0,0
2020-02-11,Plumas,063,18699,0,0,0,0,0
2020-02-11,Riverside,065,2383286,4,0,0,0,0
2020-02-11,Sacramento,067,1510023,1,0,0,0,0
2020-02-11,San Benito,069,59416,0,2,0,2,0
2020-02-11,San Bernardino,071,2135413,8,0,0,0,0
2020-02-11,San Diego,073,3302833,2,1,0,1,0
2020-02-11,San Francisco,075,870044,2,0,0,0,0
2020-02-11,San Joaquin,077,732212,0,0,1,1,0
2020-02-11,San Luis Obispo,079,281455,0,0,0,0,0
2020-02-11,San Mateo,081,765935,2,0,0,0,0
2020-02-11,Santa Barbara,083,443738,0,0,0,0,0
2020-02-11,Santa Clara,085,1922200,5,2,0,2,0
2020-02-11,Santa Cruz,087,273765,0,0,0,0,0
2020-02-11,Shasta,089,179085,0,0,0,0,0
2020-02-11,Sierra,091,2930,0,0,0,0,0
2020-02-11,Siskiyou,093,43540,0,0,0,0,0
2020-02-11,Solano,095,438530,0,0,0,0,0
2020-02-11,Sonoma,097,501317,0,0,0,0,0
2020-02-11,Stanislaus,099,539301,1,0,1,1,0
2020-02-11,Sutter,101,95872,0,0,0,0,0
2020-02-11,Tehama,103,63373,0,0,0,0,0
2020-02-11,Trinity,105,12862,0,0,0,0,0
2020-02-11,Tulare,107,460477,2,0,0,0,0
2020-02-11,Tuolumne,109,53932,0,0,0,0,0
2020-02-11,Ventura,111,848112,2,0,0,0,0
2020-02-11,Yolo,113,214977,0,0,0,0,0
2020-02-11,Yuba,115,75493,0,0,0,0,0
2020-02-10,Alameda,001,1643700,4,0,0,0,0
2020-02-10,Alpine,003,1148,0,0,0,0,0
2020-02-10,Amador,005,37829,0,0,0,0,0
2020-02-10,Butte,007,227075,0,0,0,0,0
2020-02-10,Calaveras,009,45235,0,0,0,0,0
2020-02-10,Colusa,011,21464,0,0,0,0,0
2020-02-10,Contra Costa,013,1133247,3,0,0,0,0
2020-02-10,Del Norte,015,27424,0,0,0,0,0
2020-02-10,El Dorado,017,186661,0,0,0,0,0
2020-02-10,Fresno,019,978130,0,0,0,0,0
2020-02-10,Glenn,021,27897,0,0,0,0,0
2020-02-10,Humboldt,023,135768,0,0,0,0,0
2020-02-10,Imperial,025,180216,1,0,0,0,0
2020-02-10,Inyo,027,18085,0,0,0,0,0
2020-02-10,Kern,029,883053,2,0,0,0,0
2020-02-10,Kings,031,150075,1,0,0,0,0
2020-02-10,Lake,033,64148,0,0,0,0,0
2020-02-10,Lassen,035,31185,0,0,0,0,0
2020-02-10,Los Angeles,037,10098052,28,1,3,4,0
2020-02-10,Madera,039,155013,0,0,0,0,0
2020-02-10,Marin,041,260295,0,0,0,0,0
2020-02-10,Mariposa,043,17540,0,0,0,0,0
2020-02-10,Mendocino,045,87422,0,0,0,0,0
2020-02-10,Merced,047,269075,0,0,0,0,0
2020-02-10,Modoc,049,8938,0,0,0,0,0
2020-02-10,Mono,051,14174,0,0,0,0,0
2020-02-10,Monterey,053,433212,1,0,0,0,0
2020-02-10,Napa,055,140530,0,0,0,0,0
2020-02-10,Nevada,057,99092,0,0,0,0,0
2020-02-10,Orange,059,3164182,35,1,0,1,0
2020-02-10,Placer,061,380077,0,0,0,0,0
2020-02-10,Plumas,063,18699,0,0,0,0,0
2020-02-10,Riverside,065,2383286,4,0,0,0,0
2020-02-10,Sacramento,067,1510023,1,0,0,0,0
2020-02-10,San Benito,069,59416,0,2,0,2,0
2020-02-10,San Bernardino,071,2135413,7,0,0,0,0
2020-02-10,San Diego,073,3302833,2,0,0,0,0
2020-02-10,San Francisco,075,870044,2,0,0,0,0
2020-02-10,San Joaquin,077,732212,0,0,1,1,0
2020-02-10,San Luis Obispo,079,281455,0,0,0,0,0
2020-02-10,San Mateo,081,765935,2,0,0,0,0
2020-02-10,Santa Barbara,083,443738,0,0,0,0,0
2020-02-10,Santa Clara,085,1922200,5,2,0,2,0
2020-02-10,Santa Cruz,087,273765,0,0,0,0,0
2020-02-10,Shasta,089,179085,0,0,0,0,0
2020-02-10,Sierra,091,2930,0,0,0,0,0
2020-02-10,Siskiyou,093,43540,0,0,0,0,0
2020-02-10,Solano,095,438530,0,0,0,0,0
2020-02-10,Sonoma,097,501317,0,0,0,0,0
2020-02-10,Stanislaus,099,539301,1,0,0,0,0
2020-02-10,Sutter,101,95872,0,0,0,0,0
2020-02-10,Tehama,103,63373,0,0,0,0,0
2020-02-10,Trinity,105,12862,0,0,0,0,0
2020-02-10,Tulare,107,460477,2,0,0,0,0
2020-02-10,Tuolumne,109,53932,0,0,0,0,0
2020-02-10,Ventura,111,848112,2,0,0,0,0
2020-02-10,Yolo,113,214977,0,0,0,0,0
2020-02-10,Yuba,115,75493,0,0,0,0,0
2020-02-09,Alameda,001,1643700,4,0,0,0,0
2020-02-09,Alpine,003,1148,0,0,0,0,0
2020-02-09,Amador,005,37829,0,0,0,0,0
2020-02-09,Butte,007,227075,0,0,0,0,0
2020-02-09,Calaveras,009,45235,0,0,0,0,0
2020-02-09,Colusa,011,21464,0,0,0,0,0
2020-02-09,Contra Costa,013,1133247,3,0,0,0,0
2020-02-09,Del Norte,015,27424,0,0,0,0,0
2020-02-09,El Dorado,017,186661,0,0,0,0,0
2020-02-09,Fresno,019,978130,0,0,0,0,0
2020-02-09,Glenn,021,27897,0,0,0,0,0
2020-02-09,Humboldt,023,135768,0,0,0,0,0
2020-02-09,Imperial,025,180216,1,0,0,0,0
2020-02-09,Inyo,027,18085,0,0,0,0,0
2020-02-09,Kern,029,883053,2,0,0,0,0
2020-02-09,Kings,031,150075,1,0,0,0,0
2020-02-09,Lake,033,64148,0,0,0,0,0
2020-02-09,Lassen,035,31185,0,0,0,0,0
2020-02-09,Los Angeles,037,10098052,27,1,3,4,0
2020-02-09,Madera,039,155013,0,0,0,0,0
2020-02-09,Marin,041,260295,0,0,0,0,0
2020-02-09,Mariposa,043,17540,0,0,0,0,0
2020-02-09,Mendocino,045,87422,0,0,0,0,0
2020-02-09,Merced,047,269075,0,0,0,0,0
2020-02-09,Modoc,049,8938,0,0,0,0,0
2020-02-09,Mono,051,14174,0,0,0,0,0
2020-02-09,Monterey,053,433212,1,0,0,0,0
2020-02-09,Napa,055,140530,0,0,0,0,0
2020-02-09,Nevada,057,99092,0,0,0,0,0
2020-02-09,Orange,059,3164182,35,1,0,1,0
2020-02-09,Placer,061,380077,0,0,0,0,0
2020-02-09,Plumas,063,18699,0,0,0,0,0
2020-02-09,Riverside,065,2383286,4,0,0,0,0
2020-02-09,Sacramento,067,1510023,0,0,0,0,0
2020-02-09,San Benito,069,59416,0,2,0,2,0
2020-02-09,San Bernardino,071,2135413,7,0,0,0,0
2020-02-09,San Diego,073,3302833,2,0,0,0,0
2020-02-09,San Francisco,075,870044,1,0,0,0,0
2020-02-09,San Joaquin,077,732212,0,0,1,1,0
2020-02-09,San Luis Obispo,079,281455,0,0,0,0,0
2020-02-09,San Mateo,081,765935,2,0,0,0,0
2020-02-09,Santa Barbara,083,443738,0,0,0,0,0
2020-02-09,Santa Clara,085,1922200,4,2,0,2,0
2020-02-09,Santa Cruz,087,273765,0,0,0,0,0
2020-02-09,Shasta,089,179085,0,0,0,0,0
2020-02-09,Sierra,091,2930,0,0,0,0,0
2020-02-09,Siskiyou,093,43540,0,0,0,0,0
2020-02-09,Solano,095,438530,0,0,0,0,0
2020-02-09,Sonoma,097,501317,0,0,0,0,0
2020-02-09,Stanislaus,099,539301,0,0,0,0,0
2020-02-09,Sutter,101,95872,0,0,0,0,0
2020-02-09,Tehama,103,63373,0,0,0,0,0
2020-02-09,Trinity,105,12862,0,0,0,0,0
2020-02-09,Tulare,107,460477,2,0,0,0,0
2020-02-09,Tuolumne,109,53932,0,0,0,0,0
2020-02-09,Ventura,111,848112,1,0,0,0,0
2020-02-09,Yolo,113,214977,0,0,0,0,0
2020-02-09,Yuba,115,75493,0,0,0,0,0
2020-02-08,Alameda,001,1643700,3,0,0,0,0
2020-02-08,Alpine,003,1148,0,0,0,0,0
2020-02-08,Amador,005,37829,0,0,0,0,0
2020-02-08,Butte,007,227075,0,0,0,0,0
2020-02-08,Calaveras,009,45235,0,0,0,0,0
2020-02-08,Colusa,011,21464,0,0,0,0,0
2020-02-08,Contra Costa,013,1133247,2,0,0,0,0
2020-02-08,Del Norte,015,27424,0,0,0,0,0
2020-02-08,El Dorado,017,186661,0,0,0,0,0
2020-02-08,Fresno,019,978130,0,0,0,0,0
2020-02-08,Glenn,021,27897,0,0,0,0,0
2020-02-08,Humboldt,023,135768,0,0,0,0,0
2020-02-08,Imperial,025,180216,1,0,0,0,0
2020-02-08,Inyo,027,18085,0,0,0,0,0
2020-02-08,Kern,029,883053,2,0,0,0,0
2020-02-08,Kings,031,150075,1,0,0,0,0
2020-02-08,Lake,033,64148,0,0,0,0,0
2020-02-08,Lassen,035,31185,0,0,0,0,0
2020-02-08,Los Angeles,037,10098052,23,1,1,2,0
2020-02-08,Madera,039,155013,0,0,0,0,0
2020-02-08,Marin,041,260295,0,0,0,0,0
2020-02-08,Mariposa,043,17540,0,0,0,0,0
2020-02-08,Mendocino,045,87422,0,0,0,0,0
2020-02-08,Merced,047,269075,0,0,0,0,0
2020-02-08,Modoc,049,8938,0,0,0,0,0
2020-02-08,Mono,051,14174,0,0,0,0,0
2020-02-08,Monterey,053,433212,1,0,0,0,0
2020-02-08,Napa,055,140530,0,0,0,0,0
2020-02-08,Nevada,057,99092,0,0,0,0,0
2020-02-08,Orange,059,3164182,35,1,0,1,0
2020-02-08,Placer,061,380077,0,0,0,0,0
2020-02-08,Plumas,063,18699,0,0,0,0,0
2020-02-08,Riverside,065,2383286,4,0,0,0,0
2020-02-08,Sacramento,067,1510023,0,0,0,0,0
2020-02-08,San Benito,069,59416,0,2,0,2,0
2020-02-08,San Bernardino,071,2135413,7,0,0,0,0
2020-02-08,San Diego,073,3302833,1,0,0,0,0
2020-02-08,San Francisco,075,870044,1,0,0,0,0
2020-02-08,San Joaquin,077,732212,0,0,1,1,0
2020-02-08,San Luis Obispo,079,281455,0,0,0,0,0
2020-02-08,San Mateo,081,765935,2,0,0,0,0
2020-02-08,Santa Barbara,083,443738,0,0,0,0,0
2020-02-08,Santa Clara,085,1922200,4,2,0,2,0
2020-02-08,Santa Cruz,087,273765,0,0,0,0,0
2020-02-08,Shasta,089,179085,0,0,0,0,0
2020-02-08,Sierra,091,2930,0,0,0,0,0
2020-02-08,Siskiyou,093,43540,0,0,0,0,0
2020-02-08,Solano,095,438530,0,0,0,0,0
2020-02-08,Sonoma,097,501317,0,0,0,0,0
2020-02-08,Stanislaus,099,539301,0,0,0,0,0
2020-02-08,Sutter,101,95872,0,0,0,0,0
2020-02-08,Tehama,103,63373,0,0,0,0,0
2020-02-08,Trinity,105,12862,0,0,0,0,0
2020-02-08,Tulare,107,460477,2,0,0,0,0
2020-02-08,Tuolumne,109,53932,0,0,0,0,0
2020-02-08,Ventura,111,848112,1,0,0,0,0
2020-02-08,Yolo,113,214977,0,0,0,0,0
2020-02-08,Yuba,115,75493,0,0,0,0,0
2020-02-07,Alameda,001,1643700,3,0,0,0,0
2020-02-07,Alpine,003,1148,0,0,0,0,0
2020-02-07,Amador,005,37829,0,0,0,0,0
2020-02-07,Butte,007,227075,0,0,0,0,0
2020-02-07,Calaveras,009,45235,0,0,0,0,0
2020-02-07,Colusa,011,21464,0,0,0,0,0
2020-02-07,Contra Costa,013,1133247,2,0,0,0,0
2020-02-07,Del Norte,015,27424,0,0,0,0,0
2020-02-07,El Dorado,017,186661,0,0,0,0,0
2020-02-07,Fresno,019,978130,0,0,0,0,0
2020-02-07,Glenn,021,27897,0,0,0,0,0
2020-02-07,Humboldt,023,135768,0,0,0,0,0
2020-02-07,Imperial,025,180216,1,0,0,0,0
2020-02-07,Inyo,027,18085,0,0,0,0,0
2020-02-07,Kern,029,883053,2,0,0,0,0
2020-02-07,Kings,031,150075,1,0,0,0,0
2020-02-07,Lake,033,64148,0,0,0,0,0
2020-02-07,Lassen,035,31185,0,0,0,0,0
2020-02-07,Los Angeles,037,10098052,22,1,0,1,0
2020-02-07,Madera,039,155013,0,0,0,0,0
2020-02-07,Marin,041,260295,0,0,0,0,0
2020-02-07,Mariposa,043,17540,0,0,0,0,0
2020-02-07,Mendocino,045,87422,0,0,0,0,0
2020-02-07,Merced,047,269075,0,0,0,0,0
2020-02-07,Modoc,049,8938,0,0,0,0,0
2020-02-07,Mono,051,14174,0,0,0,0,0
2020-02-07,Monterey,053,433212,1,0,0,0,0
2020-02-07,Napa,055,140530,0,0,0,0,0
2020-02-07,Nevada,057,99092,0,0,0,0,0
2020-02-07,Orange,059,3164182,33,1,0,1,0
2020-02-07,Placer,061,380077,0,0,0,0,0
2020-02-07,Plumas,063,18699,0,0,0,0,0
2020-02-07,Riverside,065,2383286,4,0,0,0,0
2020-02-07,Sacramento,067,1510023,0,0,0,0,0
2020-02-07,San Benito,069,59416,0,2,0,2,0
2020-02-07,San Bernardino,071,2135413,4,0,0,0,0
2020-02-07,San Diego,073,3302833,1,0,0,0,0
2020-02-07,San Francisco,075,870044,1,0,0,0,0
2020-02-07,San Joaquin,077,732212,0,0,1,1,0
2020-02-07,San Luis Obispo,079,281455,0,0,0,0,0
2020-02-07,San Mateo,081,765935,1,0,0,0,0
2020-02-07,Santa Barbara,083,443738,0,0,0,0,0
2020-02-07,Santa Clara,085,1922200,4,2,0,2,0
2020-02-07,Santa Cruz,087,273765,0,0,0,0,0
2020-02-07,Shasta,089,179085,0,0,0,0,0
2020-02-07,Sierra,091,2930,0,0,0,0,0
2020-02-07,Siskiyou,093,43540,0,0,0,0,0
2020-02-07,Solano,095,438530,0,0,0,0,0
2020-02-07,Sonoma,097,501317,0,0,0,0,0
2020-02-07,Stanislaus,099,539301,0,0,0,0,0
2020-02-07,Sutter,101,95872,0,0,0,0,0
2020-02-07,Tehama,103,63373,0,0,0,0,0
2020-02-07,Trinity,105,12862,0,0,0,0,0
2020-02-07,Tulare,107,460477,2,0,0,0,0
2020-02-07,Tuolumne,109,53932,0,0,0,0,0
2020-02-07,Ventura,111,848112,1,0,0,0,0
2020-02-07,Yolo,113,214977,0,0,0,0,0
2020-02-07,Yuba,115,75493,0,0,0,0,0
2020-02-06,Alameda,001,1643700,3,0,0,0,0
2020-02-06,Alpine,003,1148,0,0,0,0,0
2020-02-06,Amador,005,37829,0,0,0,0,0
2020-02-06,Butte,007,227075,0,0,0,0,0
2020-02-06,Calaveras,009,45235,0,0,0,0,0
2020-02-06,Colusa,011,21464,0,0,0,0,0
2020-02-06,Contra Costa,013,1133247,2,0,0,0,0
2020-02-06,Del Norte,015,27424,0,0,0,0,0
2020-02-06,El Dorado,017,186661,0,0,0,0,0
2020-02-06,Fresno,019,978130,0,0,0,0,0
2020-02-06,Glenn,021,27897,0,0,0,0,0
2020-02-06,Humboldt,023,135768,0,0,0,0,0
2020-02-06,Imperial,025,180216,1,0,0,0,0
2020-02-06,Inyo,027,18085,0,0,0,0,0
2020-02-06,Kern,029,883053,2,0,0,0,0
2020-02-06,Kings,031,150075,0,0,0,0,0
2020-02-06,Lake,033,64148,0,0,0,0,0
2020-02-06,Lassen,035,31185,0,0,0,0,0
2020-02-06,Los Angeles,037,10098052,21,1,0,1,0
2020-02-06,Madera,039,155013,0,0,0,0,0
2020-02-06,Marin,041,260295,0,0,0,0,0
2020-02-06,Mariposa,043,17540,0,0,0,0,0
2020-02-06,Mendocino,045,87422,0,0,0,0,0
2020-02-06,Merced,047,269075,0,0,0,0,0
2020-02-06,Modoc,049,8938,0,0,0,0,0
2020-02-06,Mono,051,14174,0,0,0,0,0
2020-02-06,Monterey,053,433212,1,0,0,0,0
2020-02-06,Napa,055,140530,0,0,0,0,0
2020-02-06,Nevada,057,99092,0,0,0,0,0
2020-02-06,Orange,059,3164182,3,1,0,1,0
2020-02-06,Placer,061,380077,0,0,0,0,0
2020-02-06,Plumas,063,18699,0,0,0,0,0
2020-02-06,Riverside,065,2383286,4,0,0,0,0
2020-02-06,Sacramento,067,1510023,0,0,0,0,0
2020-02-06,San Benito,069,59416,0,2,0,2,0
2020-02-06,San Bernardino,071,2135413,4,0,0,0,0
2020-02-06,San Diego,073,3302833,1,0,0,0,0
2020-02-06,San Francisco,075,870044,1,0,0,0,0
2020-02-06,San Joaquin,077,732212,0,0,1,1,0
2020-02-06,San Luis Obispo,079,281455,0,0,0,0,0
2020-02-06,San Mateo,081,765935,1,0,0,0,0
2020-02-06,Santa Barbara,083,443738,0,0,0,0,0
2020-02-06,Santa Clara,085,1922200,4,2,0,2,0
2020-02-06,Santa Cruz,087,273765,0,0,0,0,0
2020-02-06,Shasta,089,179085,0,0,0,0,0
2020-02-06,Sierra,091,2930,0,0,0,0,0
2020-02-06,Siskiyou,093,43540,0,0,0,0,0
2020-02-06,Solano,095,438530,0,0,0,0,0
2020-02-06,Sonoma,097,501317,0,0,0,0,0
2020-02-06,Stanislaus,099,539301,0,0,0,0,0
2020-02-06,Sutter,101,95872,0,0,0,0,0
2020-02-06,Tehama,103,63373,0,0,0,0,0
2020-02-06,Trinity,105,12862,0,0,0,0,0
2020-02-06,Tulare,107,460477,2,0,0,0,0
2020-02-06,Tuolumne,109,53932,0,0,0,0,0
2020-02-06,Ventura,111,848112,1,0,0,0,0
2020-02-06,Yolo,113,214977,0,0,0,0,0
2020-02-06,Yuba,115,75493,0,0,0,0,0
2020-02-05,Alameda,001,1643700,3,0,0,0,0
2020-02-05,Alpine,003,1148,0,0,0,0,0
2020-02-05,Amador,005,37829,0,0,0,0,0
2020-02-05,Butte,007,227075,0,0,0,0,0
2020-02-05,Calaveras,009,45235,0,0,0,0,0
2020-02-05,Colusa,011,21464,0,0,0,0,0
2020-02-05,Contra Costa,013,1133247,2,0,0,0,0
2020-02-05,Del Norte,015,27424,0,0,0,0,0
2020-02-05,El Dorado,017,186661,0,0,0,0,0
2020-02-05,Fresno,019,978130,0,0,0,0,0
2020-02-05,Glenn,021,27897,0,0,0,0,0
2020-02-05,Humboldt,023,135768,0,0,0,0,0
2020-02-05,Imperial,025,180216,1,0,0,0,0
2020-02-05,Inyo,027,18085,0,0,0,0,0
2020-02-05,Kern,029,883053,1,0,0,0,0
2020-02-05,Kings,031,150075,0,0,0,0,0
2020-02-05,Lake,033,64148,0,0,0,0,0
2020-02-05,Lassen,035,31185,0,0,0,0,0
2020-02-05,Los Angeles,037,10098052,21,1,0,1,0
2020-02-05,Madera,039,155013,0,0,0,0,0
2020-02-05,Marin,041,260295,0,0,0,0,0
2020-02-05,Mariposa,043,17540,0,0,0,0,0
2020-02-05,Mendocino,045,87422,0,0,0,0,0
2020-02-05,Merced,047,269075,0,0,0,0,0
2020-02-05,Modoc,049,8938,0,0,0,0,0
2020-02-05,Mono,051,14174,0,0,0,0,0
2020-02-05,Monterey,053,433212,1,0,0,0,0
2020-02-05,Napa,055,140530,0,0,0,0,0
2020-02-05,Nevada,057,99092,0,0,0,0,0
2020-02-05,Orange,059,3164182,1,1,0,1,0
2020-02-05,Placer,061,380077,0,0,0,0,0
2020-02-05,Plumas,063,18699,0,0,0,0,0
2020-02-05,Riverside,065,2383286,4,0,0,0,0
2020-02-05,Sacramento,067,1510023,0,0,0,0,0
2020-02-05,San Benito,069,59416,0,2,0,2,0
2020-02-05,San Bernardino,071,2135413,4,0,0,0,0
2020-02-05,San Diego,073,3302833,0,0,0,0,0
2020-02-05,San Francisco,075,870044,1,0,0,0,0
2020-02-05,San Joaquin,077,732212,0,0,1,1,0
2020-02-05,San Luis Obispo,079,281455,0,0,0,0,0
2020-02-05,San Mateo,081,765935,1,0,0,0,0
2020-02-05,Santa Barbara,083,443738,0,0,0,0,0
2020-02-05,Santa Clara,085,1922200,2,2,0,2,0
2020-02-05,Santa Cruz,087,273765,0,0,0,0,0
2020-02-05,Shasta,089,179085,0,0,0,0,0
2020-02-05,Sierra,091,2930,0,0,0,0,0
2020-02-05,Siskiyou,093,43540,0,0,0,0,0
2020-02-05,Solano,095,438530,0,0,0,0,0
2020-02-05,Sonoma,097,501317,0,0,0,0,0
2020-02-05,Stanislaus,099,539301,0,0,0,0,0
2020-02-05,Sutter,101,95872,0,0,0,0,0
2020-02-05,Tehama,103,63373,0,0,0,0,0
2020-02-05,Trinity,105,12862,0,0,0,0,0
2020-02-05,Tulare,107,460477,2,0,0,0,0
2020-02-05,Tuolumne,109,53932,0,0,0,0,0
2020-02-05,Ventura,111,848112,0,0,0,0,0
2020-02-05,Yolo,113,214977,0,0,0,0,0
2020-02-05,Yuba,115,75493,0,0,0,0,0
2020-02-04,Alameda,001,1643700,3,0,0,0,0
2020-02-04,Alpine,003,1148,0,0,0,0,0
2020-02-04,Amador,005,37829,0,0,0,0,0
2020-02-04,Butte,007,227075,0,0,0,0,0
2020-02-04,Calaveras,009,45235,0,0,0,0,0
2020-02-04,Colusa,011,21464,0,0,0,0,0
2020-02-04,Contra Costa,013,1133247,2,0,0,0,0
2020-02-04,Del Norte,015,27424,0,0,0,0,0
2020-02-04,El Dorado,017,186661,0,0,0,0,0
2020-02-04,Fresno,019,978130,0,0,0,0,0
2020-02-04,Glenn,021,27897,0,0,0,0,0
2020-02-04,Humboldt,023,135768,0,0,0,0,0
2020-02-04,Imperial,025,180216,1,0,0,0,0
2020-02-04,Inyo,027,18085,0,0,0,0,0
2020-02-04,Kern,029,883053,0,0,0,0,0
2020-02-04,Kings,031,150075,0,0,0,0,0
2020-02-04,Lake,033,64148,0,0,0,0,0
2020-02-04,Lassen,035,31185,0,0,0,0,0
2020-02-04,Los Angeles,037,10098052,21,1,0,1,0
2020-02-04,Madera,039,155013,0,0,0,0,0
2020-02-04,Marin,041,260295,0,0,0,0,0
2020-02-04,Mariposa,043,17540,0,0,0,0,0
2020-02-04,Mendocino,045,87422,0,0,0,0,0
2020-02-04,Merced,047,269075,0,0,0,0,0
2020-02-04,Modoc,049,8938,0,0,0,0,0
2020-02-04,Mono,051,14174,0,0,0,0,0
2020-02-04,Monterey,053,433212,1,0,0,0,0
2020-02-04,Napa,055,140530,0,0,0,0,0
2020-02-04,Nevada,057,99092,0,0,0,0,0
2020-02-04,Orange,059,3164182,1,1,0,1,0
2020-02-04,Placer,061,380077,0,0,0,0,0
2020-02-04,Plumas,063,18699,0,0,0,0,0
2020-02-04,Riverside,065,2383286,4,0,0,0,0
2020-02-04,Sacramento,067,1510023,0,0,0,0,0
2020-02-04,San Benito,069,59416,0,2,0,2,0
2020-02-04,San Bernardino,071,2135413,3,0,0,0,0
2020-02-04,San Diego,073,3302833,0,0,0,0,0
2020-02-04,San Francisco,075,870044,1,0,0,0,0
2020-02-04,San Joaquin,077,732212,0,0,1,1,0
2020-02-04,San Luis Obispo,079,281455,0,0,0,0,0
2020-02-04,San Mateo,081,765935,0,0,0,0,0
2020-02-04,Santa Barbara,083,443738,0,0,0,0,0
2020-02-04,Santa Clara,085,1922200,2,2,0,2,0
2020-02-04,Santa Cruz,087,273765,0,0,0,0,0
2020-02-04,Shasta,089,179085,0,0,0,0,0
2020-02-04,Sierra,091,2930,0,0,0,0,0
2020-02-04,Siskiyou,093,43540,0,0,0,0,0
2020-02-04,Solano,095,438530,0,0,0,0,0
2020-02-04,Sonoma,097,501317,0,0,0,0,0
2020-02-04,Stanislaus,099,539301,0,0,0,0,0
2020-02-04,Sutter,101,95872,0,0,0,0,0
2020-02-04,Tehama,103,63373,0,0,0,0,0
2020-02-04,Trinity,105,12862,0,0,0,0,0
2020-02-04,Tulare,107,460477,2,0,0,0,0
2020-02-04,Tuolumne,109,53932,0,0,0,0,0
2020-02-04,Ventura,111,848112,0,0,0,0,0
2020-02-04,Yolo,113,214977,0,0,0,0,0
2020-02-04,Yuba,115,75493,0,0,0,0,0
2020-02-03,Alameda,001,1643700,3,0,0,0,0
2020-02-03,Alpine,003,1148,0,0,0,0,0
2020-02-03,Amador,005,37829,0,0,0,0,0
2020-02-03,Butte,007,227075,0,0,0,0,0
2020-02-03,Calaveras,009,45235,0,0,0,0,0
2020-02-03,Colusa,011,21464,0,0,0,0,0
2020-02-03,Contra Costa,013,1133247,2,0,0,0,0
2020-02-03,Del Norte,015,27424,0,0,0,0,0
2020-02-03,El Dorado,017,186661,0,0,0,0,0
2020-02-03,Fresno,019,978130,0,0,0,0,0
2020-02-03,Glenn,021,27897,0,0,0,0,0
2020-02-03,Humboldt,023,135768,0,0,0,0,0
2020-02-03,Imperial,025,180216,1,0,0,0,0
2020-02-03,Inyo,027,18085,0,0,0,0,0
2020-02-03,Kern,029,883053,0,0,0,0,0
2020-02-03,Kings,031,150075,0,0,0,0,0
2020-02-03,Lake,033,64148,0,0,0,0,0
2020-02-03,Lassen,035,31185,0,0,0,0,0
2020-02-03,Los Angeles,037,10098052,21,1,0,1,0
2020-02-03,Madera,039,155013,0,0,0,0,0
2020-02-03,Marin,041,260295,0,0,0,0,0
2020-02-03,Mariposa,043,17540,0,0,0,0,0
2020-02-03,Mendocino,045,87422,0,0,0,0,0
2020-02-03,Merced,047,269075,0,0,0,0,0
2020-02-03,Modoc,049,8938,0,0,0,0,0
2020-02-03,Mono,051,14174,0,0,0,0,0
2020-02-03,Monterey,053,433212,1,0,0,0,0
2020-02-03,Napa,055,140530,0,0,0,0,0
2020-02-03,Nevada,057,99092,0,0,0,0,0
2020-02-03,Orange,059,3164182,1,1,0,1,0
2020-02-03,Placer,061,380077,0,0,0,0,0
2020-02-03,Plumas,063,18699,0,0,0,0,0
2020-02-03,Riverside,065,2383286,4,0,0,0,0
2020-02-03,Sacramento,067,1510023,0,0,0,0,0
2020-02-03,San Benito,069,59416,0,2,0,2,0
2020-02-03,San Bernardino,071,2135413,3,0,0,0,0
2020-02-03,San Diego,073,3302833,0,0,0,0,0
2020-02-03,San Francisco,075,870044,1,0,0,0,0
2020-02-03,San Joaquin,077,732212,0,0,1,1,0
2020-02-03,San Luis Obispo,079,281455,0,0,0,0,0
2020-02-03,San Mateo,081,765935,0,0,0,0,0
2020-02-03,Santa Barbara,083,443738,0,0,0,0,0
2020-02-03,Santa Clara,085,1922200,2,2,0,2,0
2020-02-03,Santa Cruz,087,273765,0,0,0,0,0
2020-02-03,Shasta,089,179085,0,0,0,0,0
2020-02-03,Sierra,091,2930,0,0,0,0,0
2020-02-03,Siskiyou,093,43540,0,0,0,0,0
2020-02-03,Solano,095,438530,0,0,0,0,0
2020-02-03,Sonoma,097,501317,0,0,0,0,0
2020-02-03,Stanislaus,099,539301,0,0,0,0,0
2020-02-03,Sutter,101,95872,0,0,0,0,0
2020-02-03,Tehama,103,63373,0,0,0,0,0
2020-02-03,Trinity,105,12862,0,0,0,0,0
2020-02-03,Tulare,107,460477,2,0,0,0,0
2020-02-03,Tuolumne,109,53932,0,0,0,0,0
2020-02-03,Ventura,111,848112,0,0,0,0,0
2020-02-03,Yolo,113,214977,0,0,0,0,0
2020-02-03,Yuba,115,75493,0,0,0,0,0
2020-02-02,Alameda,001,1643700,3,0,0,0,0
2020-02-02,Alpine,003,1148,0,0,0,0,0
2020-02-02,Amador,005,37829,0,0,0,0,0
2020-02-02,Butte,007,227075,0,0,0,0,0
2020-02-02,Calaveras,009,45235,0,0,0,0,0
2020-02-02,Colusa,011,21464,0,0,0,0,0
2020-02-02,Contra Costa,013,1133247,1,0,0,0,0
2020-02-02,Del Norte,015,27424,0,0,0,0,0
2020-02-02,El Dorado,017,186661,0,0,0,0,0
2020-02-02,Fresno,019,978130,0,0,0,0,0
2020-02-02,Glenn,021,27897,0,0,0,0,0
2020-02-02,Humboldt,023,135768,0,0,0,0,0
2020-02-02,Imperial,025,180216,1,0,0,0,0
2020-02-02,Inyo,027,18085,0,0,0,0,0
2020-02-02,Kern,029,883053,0,0,0,0,0
2020-02-02,Kings,031,150075,0,0,0,0,0
2020-02-02,Lake,033,64148,0,0,0,0,0
2020-02-02,Lassen,035,31185,0,0,0,0,0
2020-02-02,Los Angeles,037,10098052,17,1,0,1,0
2020-02-02,Madera,039,155013,0,0,0,0,0
2020-02-02,Marin,041,260295,0,0,0,0,0
2020-02-02,Mariposa,043,17540,0,0,0,0,0
2020-02-02,Mendocino,045,87422,0,0,0,0,0
2020-02-02,Merced,047,269075,0,0,0,0,0
2020-02-02,Modoc,049,8938,0,0,0,0,0
2020-02-02,Mono,051,14174,0,0,0,0,0
2020-02-02,Monterey,053,433212,1,0,0,0,0
2020-02-02,Napa,055,140530,0,0,0,0,0
2020-02-02,Nevada,057,99092,0,0,0,0,0
2020-02-02,Orange,059,3164182,1,1,0,1,0
2020-02-02,Placer,061,380077,0,0,0,0,0
2020-02-02,Plumas,063,18699,0,0,0,0,0
2020-02-02,Riverside,065,2383286,3,0,0,0,0
2020-02-02,Sacramento,067,1510023,0,0,0,0,0
2020-02-02,San Benito,069,59416,0,2,0,2,0
2020-02-02,San Bernardino,071,2135413,2,0,0,0,0
2020-02-02,San Diego,073,3302833,0,0,0,0,0
2020-02-02,San Francisco,075,870044,1,0,0,0,0
2020-02-02,San Joaquin,077,732212,0,0,1,1,0
2020-02-02,San Luis Obispo,079,281455,0,0,0,0,0
2020-02-02,San Mateo,081,765935,0,0,0,0,0
2020-02-02,Santa Barbara,083,443738,0,0,0,0,0
2020-02-02,Santa Clara,085,1922200,2,2,0,2,0
2020-02-02,Santa Cruz,087,273765,0,0,0,0,0
2020-02-02,Shasta,089,179085,0,0,0,0,0
2020-02-02,Sierra,091,2930,0,0,0,0,0
2020-02-02,Siskiyou,093,43540,0,0,0,0,0
2020-02-02,Solano,095,438530,0,0,0,0,0
2020-02-02,Sonoma,097,501317,0,0,0,0,0
2020-02-02,Stanislaus,099,539301,0,0,0,0,0
2020-02-02,Sutter,101,95872,0,0,0,0,0
2020-02-02,Tehama,103,63373,0,0,0,0,0
2020-02-02,Trinity,105,12862,0,0,0,0,0
2020-02-02,Tulare,107,460477,2,0,0,0,0
2020-02-02,Tuolumne,109,53932,0,0,0,0,0
2020-02-02,Ventura,111,848112,0,0,0,0,0
2020-02-02,Yolo,113,214977,0,0,0,0,0
2020-02-02,Yuba,115,75493,0,0,0,0,0
2020-02-01,Alameda,001,1643700,3,0,0,0,0
2020-02-01,Alpine,003,1148,0,0,0,0,0
2020-02-01,Amador,005,37829,0,0,0,0,0
2020-02-01,Butte,007,227075,0,0,0,0,0
2020-02-01,Calaveras,009,45235,0,0,0,0,0
2020-02-01,Colusa,011,21464,0,0,0,0,0
2020-02-01,Contra Costa,013,1133247,0,0,0,0,0
2020-02-01,Del Norte,015,27424,0,0,0,0,0
2020-02-01,El Dorado,017,186661,0,0,0,0,0
2020-02-01,Fresno,019,978130,0,0,0,0,0
2020-02-01,Glenn,021,27897,0,0,0,0,0
2020-02-01,Humboldt,023,135768,0,0,0,0,0
2020-02-01,Imperial,025,180216,0,0,0,0,0
2020-02-01,Inyo,027,18085,0,0,0,0,0
2020-02-01,Kern,029,883053,0,0,0,0,0
2020-02-01,Kings,031,150075,0,0,0,0,0
2020-02-01,Lake,033,64148,0,0,0,0,0
2020-02-01,Lassen,035,31185,0,0,0,0,0
2020-02-01,Los Angeles,037,10098052,13,1,0,1,0
2020-02-01,Madera,039,155013,0,0,0,0,0
2020-02-01,Marin,041,260295,0,0,0,0,0
2020-02-01,Mariposa,043,17540,0,0,0,0,0
2020-02-01,Mendocino,045,87422,0,0,0,0,0
2020-02-01,Merced,047,269075,0,0,0,0,0
2020-02-01,Modoc,049,8938,0,0,0,0,0
2020-02-01,Mono,051,14174,0,0,0,0,0
2020-02-01,Monterey,053,433212,0,0,0,0,0
2020-02-01,Napa,055,140530,0,0,0,0,0
2020-02-01,Nevada,057,99092,0,0,0,0,0
2020-02-01,Orange,059,3164182,1,1,0,1,0
2020-02-01,Placer,061,380077,0,0,0,0,0
2020-02-01,Plumas,063,18699,0,0,0,0,0
2020-02-01,Riverside,065,2383286,2,0,0,0,0
2020-02-01,Sacramento,067,1510023,0,0,0,0,0
2020-02-01,San Benito,069,59416,0,0,0,0,0
2020-02-01,San Bernardino,071,2135413,1,0,0,0,0
2020-02-01,San Diego,073,3302833,0,0,0,0,0
2020-02-01,San Francisco,075,870044,1,0,0,0,0
2020-02-01,San Joaquin,077,732212,0,0,1,1,0
2020-02-01,San Luis Obispo,079,281455,0,0,0,0,0
2020-02-01,San Mateo,081,765935,0,0,0,0,0
2020-02-01,Santa Barbara,083,443738,0,0,0,0,0
2020-02-01,Santa Clara,085,1922200,2,1,0,1,0
2020-02-01,Santa Cruz,087,273765,0,0,0,0,0
2020-02-01,Shasta,089,179085,0,0,0,0,0
2020-02-01,Sierra,091,2930,0,0,0,0,0
2020-02-01,Siskiyou,093,43540,0,0,0,0,0
2020-02-01,Solano,095,438530,0,0,0,0,0
2020-02-01,Sonoma,097,501317,0,0,0,0,0
2020-02-01,Stanislaus,099,539301,0,0,0,0,0
2020-02-01,Sutter,101,95872,0,0,0,0,0
2020-02-01,Tehama,103,63373,0,0,0,0,0
2020-02-01,Trinity,105,12862,0,0,0,0,0
2020-02-01,Tulare,107,460477,1,0,0,0,0
2020-02-01,Tuolumne,109,53932,0,0,0,0,0
2020-02-01,Ventura,111,848112,0,0,0,0,0
2020-02-01,Yolo,113,214977,0,0,0,0,0
2020-02-01,Yuba,115,75493,0,0,0,0,0
