date,county,fips,population,confirmed_cases,reported_cases,probable_cases,reported_and_probable_cases,reported_deaths
2022-12-20,Alameda,001,1643700,366011,366018,19848,385866,2088
2022-12-20,Alpine,003,1148,138,138,1,139,0
2022-12-20,Amador,005,37829,10268,10269,928,11197,96
2022-12-20,Butte,007,227075,40923,40923,9210,50133,473
2022-12-20,Calaveras,009,45235,8794,8794,560,9354,135
2022-12-20,Colusa,011,21464,3889,3891,1313,5204,22
2022-12-20,Contra Costa,013,1133247,262948,262951,20899,283850,1492
2022-12-20,Del Norte,015,27424,7611,7612,406,8018,56
2022-12-20,El Dorado,017,186661,33729,33729,4332,38061,236
2022-12-20,Fresno,019,978130,284357,284361,31597,315958,2907
2022-12-20,Glenn,021,27897,5702,5702,1921,7623,58
2022-12-20,Humboldt,023,135768,22757,22760,5162,27922,161
2022-12-20,Imperial,025,180216,68403,68403,17732,86135,963
2022-12-20,Inyo,027,18085,4655,4655,1028,5683,60
2022-12-20,Kern,029,883053,224940,224945,66266,291211,2446
2022-12-20,Kings,031,150075,61461,61461,4160,65621,467
2022-12-20,Lake,033,64148,13254,13254,1220,14474,149
2022-12-20,Lassen,035,31185,10151,10151,993,11144,66
2022-12-20,Los Angeles,037,10098052,3399593,3399852,198405,3598257,34170
2022-12-20,Madera,039,155013,45288,45290,8279,53569,377
2022-12-20,Marin,041,260295,47453,47457,5434,52891,315
2022-12-20,Mariposa,043,17540,3201,3201,365,3566,32
2022-12-20,Mendocino,045,87422,16435,16435,4520,20955,137
2022-12-20,Merced,047,269075,74494,74498,11941,86439,880
2022-12-20,Modoc,049,8938,927,927,340,1267,11
2022-12-20,Mono,051,14174,3264,3264,269,3533,8
2022-12-20,Monterey,053,433212,96191,96192,21409,117601,776
2022-12-20,Napa,055,140530,33369,33370,1422,34792,163
2022-12-20,Nevada,057,99092,19691,19696,2032,21728,132
2022-12-20,Orange,059,3164182,690844,690845,63527,754372,7628
2022-12-20,Placer,061,380077,78813,78813,9727,88540,669
2022-12-20,Plumas,063,18699,3778,3778,432,4210,13
2022-12-20,Riverside,065,2383286,717516,717576,35437,753013,6738
2022-12-20,Sacramento,067,1510023,361093,361095,34234,395329,3407
2022-12-20,San Benito,069,59416,17107,17109,994,18103,108
2022-12-20,San Bernardino,071,2135413,693510,693567,31182,724749,8136
2022-12-20,San Diego,073,3302833,957866,957866,76123,1033989,5626
2022-12-20,San Francisco,075,870044,188939,188947,12137,201084,1095
2022-12-20,San Joaquin,077,732212,204704,204712,15344,220056,2353
2022-12-20,San Luis Obispo,079,281455,64734,64748,7381,72129,536
2022-12-20,San Mateo,081,765935,176917,176920,10675,187595,748
2022-12-20,Santa Barbara,083,443738,109074,109074,7010,116084,744
2022-12-20,Santa Clara,085,1922200,459071,459089,18883,477972,2579
2022-12-20,Santa Cruz,087,273765,66560,66560,3479,70039,277
2022-12-20,Shasta,089,179085,35856,35856,7519,43375,601
2022-12-20,Sierra,091,2930,308,308,60,368,5
2022-12-20,Siskiyou,093,43540,5334,5334,3307,8641,95
2022-12-20,Solano,095,438530,109888,109900,7911,117811,474
2022-12-20,Sonoma,097,501317,110636,110643,5383,116026,536
2022-12-20,Stanislaus,099,539301,141936,141956,21856,163812,1795
2022-12-20,Sutter,101,95872,25083,25088,2472,27560,235
2022-12-20,Tehama,103,63373,14127,14127,3186,17313,218
2022-12-20,Trinity,105,12862,1438,1438,392,1830,23
2022-12-20,Tulare,107,460477,124848,124848,37533,162381,1546
2022-12-20,Tuolumne,109,53932,16260,16261,934,17195,209
2022-12-20,Ventura,111,848112,215494,215497,15877,231374,1604
2022-12-20,Yolo,113,214977,48842,48842,4694,53536,422
2022-12-20,Yuba,115,75493,19549,19553,1759,21312,132
2022-12-19,Alameda,001,1643700,366011,363758,19848,383606,2082
2022-12-19,Alpine,003,1148,138,139,1,140,0
2022-12-19,Amador,005,37829,10268,10236,928,11164,96
2022-12-19,Butte,007,227075,40923,40800,9210,50010,471
2022-12-19,Calaveras,009,45235,8794,8758,560,9318,135
2022-12-19,Colusa,011,21464,3889,3882,1313,5195,22
2022-12-19,Contra Costa,013,1133247,262948,261280,20899,282179,1491
2022-12-19,Del Norte,015,27424,7611,7586,406,7992,56
2022-12-19,El Dorado,017,186661,33729,33598,4332,37930,235
2022-12-19,Fresno,019,978130,284357,283068,31597,314665,2905
2022-12-19,Glenn,021,27897,5702,5690,1921,7611,58
2022-12-19,Humboldt,023,135768,22757,22679,5162,27841,161
2022-12-19,Imperial,025,180216,68403,68094,17732,85826,963
2022-12-19,Inyo,027,18085,4655,4649,1028,5677,60
2022-12-19,Kern,029,883053,224940,223971,66266,290237,2444
2022-12-19,Kings,031,150075,61461,61254,4160,65414,466
2022-12-19,Lake,033,64148,13254,13201,1220,14421,149
2022-12-19,Lassen,035,31185,10151,10142,993,11135,66
2022-12-19,Los Angeles,037,10098052,3399593,3390335,198405,3588740,34114
2022-12-19,Madera,039,155013,45288,45131,8279,53410,377
2022-12-19,Marin,041,260295,47453,47184,5434,52618,315
2022-12-19,Mariposa,043,17540,3201,3202,365,3567,32
2022-12-19,Mendocino,045,87422,16435,16396,4520,20916,136
2022-12-19,Merced,047,269075,74494,74307,11941,86248,880
2022-12-19,Modoc,049,8938,927,918,340,1258,11
2022-12-19,Mono,051,14174,3264,3251,269,3520,8
2022-12-19,Monterey,053,433212,96191,95970,21409,117379,776
2022-12-19,Napa,055,140530,33369,33212,1422,34634,162
2022-12-19,Nevada,057,99092,19691,19663,2032,21695,132
2022-12-19,Orange,059,3164182,690844,687587,63527,751114,7596
2022-12-19,Placer,061,380077,78813,78475,9727,88202,666
2022-12-19,Plumas,063,18699,3778,3769,432,4201,13
2022-12-19,Riverside,065,2383286,717516,714426,35437,749863,6694
2022-12-19,Sacramento,067,1510023,361093,359420,34234,393654,3395
2022-12-19,San Benito,069,59416,17107,17018,994,18012,108
2022-12-19,San Bernardino,071,2135413,693510,690423,31182,721605,8136
2022-12-19,San Diego,073,3302833,957866,953029,76123,1029152,5608
2022-12-19,San Francisco,075,870044,188939,187665,12137,199802,1087
2022-12-19,San Joaquin,077,732212,204704,203845,15344,219189,2353
2022-12-19,San Luis Obispo,079,281455,64734,64540,7381,71921,533
2022-12-19,San Mateo,081,765935,176917,175963,10675,186638,748
2022-12-19,Santa Barbara,083,443738,109074,108635,7010,115645,743
2022-12-19,Santa Clara,085,1922200,459071,456121,18883,475004,2566
2022-12-19,Santa Cruz,087,273765,66560,66157,3479,69636,275
2022-12-19,Shasta,089,179085,35856,35797,7519,43316,599
2022-12-19,Sierra,091,2930,308,309,60,369,5
2022-12-19,Siskiyou,093,43540,5334,5325,3307,8632,94
2022-12-19,Solano,095,438530,109888,109297,7911,117208,472
2022-12-19,Sonoma,097,501317,110636,110159,5383,115542,533
2022-12-19,Stanislaus,099,539301,141936,141472,21856,163328,1796
2022-12-19,Sutter,101,95872,25083,25020,2472,27492,235
2022-12-19,Tehama,103,63373,14127,14104,3186,17290,218
2022-12-19,Trinity,105,12862,1438,1434,392,1826,23
2022-12-19,Tulare,107,460477,124848,124442,37533,161975,1546
2022-12-19,Tuolumne,109,53932,16260,16161,934,17095,209
2022-12-19,Ventura,111,848112,215494,214659,15877,230536,1597
2022-12-19,Yolo,113,214977,48842,48765,4694,53459,416
2022-12-19,Yuba,115,75493,19549,19482,1759,21241,132
2022-12-18,Alameda,001,1643700,365824,363758,19848,383606,2082
2022-12-18,Alpine,003,1148,138,139,1,140,0
2022-12-18,Amador,005,37829,10266,10236,928,11164,96
2022-12-18,Butte,007,227075,40918,40800,9210,50010,471
2022-12-18,Calaveras,009,45235,8789,8758,560,9318,135
2022-12-18,Colusa,011,21464,3888,3882,1313,5195,22
2022-12-18,Contra Costa,013,1133247,262830,261280,20899,282179,1491
2022-12-18,Del Norte,015,27424,7605,7586,406,7992,56
2022-12-18,El Dorado,017,186661,33715,33598,4332,37930,235
2022-12-18,Fresno,019,978130,284300,283068,31597,314665,2905
2022-12-18,Glenn,021,27897,5702,5690,1921,7611,58
2022-12-18,Humboldt,023,135768,22754,22679,5162,27841,161
2022-12-18,Imperial,025,180216,68375,68094,17732,85826,963
2022-12-18,Inyo,027,18085,4652,4649,1028,5677,60
2022-12-18,Kern,029,883053,224928,223971,66266,290237,2444
2022-12-18,Kings,031,150075,61450,61254,4160,65414,466
2022-12-18,Lake,033,64148,13246,13201,1220,14421,149
2022-12-18,Lassen,035,31185,10150,10142,993,11135,66
2022-12-18,Los Angeles,037,10098052,3399559,3390335,198405,3588740,34114
2022-12-18,Madera,039,155013,45272,45131,8279,53410,377
2022-12-18,Marin,041,260295,47436,47184,5434,52618,315
2022-12-18,Mariposa,043,17540,3200,3202,365,3567,32
2022-12-18,Mendocino,045,87422,16428,16396,4520,20916,136
2022-12-18,Merced,047,269075,74486,74307,11941,86248,880
2022-12-18,Modoc,049,8938,927,918,340,1258,11
2022-12-18,Mono,051,14174,3260,3251,269,3520,8
2022-12-18,Monterey,053,433212,96178,95970,21409,117379,776
2022-12-18,Napa,055,140530,33342,33212,1422,34634,162
2022-12-18,Nevada,057,99092,19691,19663,2032,21695,132
2022-12-18,Orange,059,3164182,690684,687587,63527,751114,7596
2022-12-18,Placer,061,380077,78782,78475,9727,88202,666
2022-12-18,Plumas,063,18699,3776,3769,432,4201,13
2022-12-18,Riverside,065,2383286,717434,714426,35437,749863,6694
2022-12-18,Sacramento,067,1510023,360964,359420,34234,393654,3395
2022-12-18,San Benito,069,59416,17101,17018,994,18012,108
2022-12-18,San Bernardino,071,2135413,693451,690423,31182,721605,8136
2022-12-18,San Diego,073,3302833,957695,953029,76123,1029152,5608
2022-12-18,San Francisco,075,870044,188863,187665,12137,199802,1087
2022-12-18,San Joaquin,077,732212,204645,203845,15344,219189,2353
2022-12-18,San Luis Obispo,079,281455,64729,64540,7381,71921,533
2022-12-18,San Mateo,081,765935,176850,175963,10675,186638,748
2022-12-18,Santa Barbara,083,443738,109042,108635,7010,115645,743
2022-12-18,Santa Clara,085,1922200,458867,456121,18883,475004,2566
2022-12-18,Santa Cruz,087,273765,66554,66157,3479,69636,275
2022-12-18,Shasta,089,179085,35856,35797,7519,43316,599
2022-12-18,Sierra,091,2930,308,309,60,369,5
2022-12-18,Siskiyou,093,43540,5332,5325,3307,8632,94
2022-12-18,Solano,095,438530,109820,109297,7911,117208,472
2022-12-18,Sonoma,097,501317,110588,110159,5383,115542,533
2022-12-18,Stanislaus,099,539301,141904,141472,21856,163328,1796
2022-12-18,Sutter,101,95872,25075,25020,2472,27492,235
2022-12-18,Tehama,103,63373,14127,14104,3186,17290,218
2022-12-18,Trinity,105,12862,1438,1434,392,1826,23
2022-12-18,Tulare,107,460477,124816,124442,37533,161975,1546
2022-12-18,Tuolumne,109,53932,16251,16161,934,17095,209
2022-12-18,Ventura,111,848112,215442,214659,15877,230536,1597
2022-12-18,Yolo,113,214977,48833,48765,4694,53459,416
2022-12-18,Yuba,115,75493,19537,19482,1759,21241,132
2022-12-17,Alameda,001,1643700,365669,363758,19848,383606,2082
2022-12-17,Alpine,003,1148,138,139,1,140,0
2022-12-17,Amador,005,37829,10264,10236,928,11164,96
2022-12-17,Butte,007,227075,40907,40800,9210,50010,471
2022-12-17,Calaveras,009,45235,8786,8758,560,9318,135
2022-12-17,Colusa,011,21464,3888,3882,1313,5195,22
2022-12-17,Contra Costa,013,1133247,262715,261280,20899,282179,1491
2022-12-17,Del Norte,015,27424,7604,7586,406,7992,56
2022-12-17,El Dorado,017,186661,33705,33598,4332,37930,235
2022-12-17,Fresno,019,978130,284225,283068,31597,314665,2905
2022-12-17,Glenn,021,27897,5702,5690,1921,7611,58
2022-12-17,Humboldt,023,135768,22738,22679,5162,27841,161
2022-12-17,Imperial,025,180216,68359,68094,17732,85826,963
2022-12-17,Inyo,027,18085,4652,4649,1028,5677,60
2022-12-17,Kern,029,883053,224898,223971,66266,290237,2444
2022-12-17,Kings,031,150075,61439,61254,4160,65414,466
2022-12-17,Lake,033,64148,13242,13201,1220,14421,149
2022-12-17,Lassen,035,31185,10150,10142,993,11135,66
2022-12-17,Los Angeles,037,10098052,3399513,3390335,198405,3588740,34114
2022-12-17,Madera,039,155013,45263,45131,8279,53410,377
2022-12-17,Marin,041,260295,47420,47184,5434,52618,315
2022-12-17,Mariposa,043,17540,3200,3202,365,3567,32
2022-12-17,Mendocino,045,87422,16421,16396,4520,20916,136
2022-12-17,Merced,047,269075,74474,74307,11941,86248,880
2022-12-17,Modoc,049,8938,927,918,340,1258,11
2022-12-17,Mono,051,14174,3259,3251,269,3520,8
2022-12-17,Monterey,053,433212,96164,95970,21409,117379,776
2022-12-17,Napa,055,140530,33334,33212,1422,34634,162
2022-12-17,Nevada,057,99092,19690,19663,2032,21695,132
2022-12-17,Orange,059,3164182,690469,687587,63527,751114,7596
2022-12-17,Placer,061,380077,78745,78475,9727,88202,666
2022-12-17,Plumas,063,18699,3776,3769,432,4201,13
2022-12-17,Riverside,065,2383286,717225,714426,35437,749863,6694
2022-12-17,Sacramento,067,1510023,360891,359420,34234,393654,3395
2022-12-17,San Benito,069,59416,17093,17018,994,18012,108
2022-12-17,San Bernardino,071,2135413,693286,690423,31182,721605,8136
2022-12-17,San Diego,073,3302833,957338,953029,76123,1029152,5608
2022-12-17,San Francisco,075,870044,188779,187665,12137,199802,1087
2022-12-17,San Joaquin,077,732212,204596,203845,15344,219189,2353
2022-12-17,San Luis Obispo,079,281455,64719,64540,7381,71921,533
2022-12-17,San Mateo,081,765935,176785,175963,10675,186638,748
2022-12-17,Santa Barbara,083,443738,109007,108635,7010,115645,743
2022-12-17,Santa Clara,085,1922200,458709,456121,18883,475004,2566
2022-12-17,Santa Cruz,087,273765,66542,66157,3479,69636,275
2022-12-17,Shasta,089,179085,35853,35797,7519,43316,599
2022-12-17,Sierra,091,2930,308,309,60,369,5
2022-12-17,Siskiyou,093,43540,5331,5325,3307,8632,94
2022-12-17,Solano,095,438530,109792,109297,7911,117208,472
2022-12-17,Sonoma,097,501317,110557,110159,5383,115542,533
2022-12-17,Stanislaus,099,539301,141864,141472,21856,163328,1796
2022-12-17,Sutter,101,95872,25069,25020,2472,27492,235
2022-12-17,Tehama,103,63373,14127,14104,3186,17290,218
2022-12-17,Trinity,105,12862,1438,1434,392,1826,23
2022-12-17,Tulare,107,460477,124794,124442,37533,161975,1546
2022-12-17,Tuolumne,109,53932,16249,16161,934,17095,209
2022-12-17,Ventura,111,848112,215370,214659,15877,230536,1597
2022-12-17,Yolo,113,214977,48823,48765,4694,53459,416
2022-12-17,Yuba,115,75493,19535,19482,1759,21241,132
2022-12-16,Alameda,001,1643700,365494,363758,19848,383606,2082
2022-12-16,Alpine,003,1148,138,139,1,140,0
2022-12-16,Amador,005,37829,10262,10236,928,11164,96
2022-12-16,Butte,007,227075,40902,40800,9210,50010,471
2022-12-16,Calaveras,009,45235,8782,8758,560,9318,135
2022-12-16,Colusa,011,21464,3887,3882,1313,5195,22
2022-12-16,Contra Costa,013,1133247,262571,261280,20899,282179,1491
2022-12-16,Del Norte,015,27424,7603,7586,406,7992,56
2022-12-16,El Dorado,017,186661,33687,33598,4332,37930,235
2022-12-16,Fresno,019,978130,284131,283068,31597,314665,2905
2022-12-16,Glenn,021,27897,5702,5690,1921,7611,58
2022-12-16,Humboldt,023,135768,22734,22679,5162,27841,161
2022-12-16,Imperial,025,180216,68353,68094,17732,85826,963
2022-12-16,Inyo,027,18085,4651,4649,1028,5677,60
2022-12-16,Kern,029,883053,224824,223971,66266,290237,2444
2022-12-16,Kings,031,150075,61418,61254,4160,65414,466
2022-12-16,Lake,033,64148,13237,13201,1220,14421,149
2022-12-16,Lassen,035,31185,10147,10142,993,11135,66
2022-12-16,Los Angeles,037,10098052,3399434,3390335,198405,3588740,34114
2022-12-16,Madera,039,155013,45250,45131,8279,53410,377
2022-12-16,Marin,041,260295,47390,47184,5434,52618,315
2022-12-16,Mariposa,043,17540,3199,3202,365,3567,32
2022-12-16,Mendocino,045,87422,16414,16396,4520,20916,136
2022-12-16,Merced,047,269075,74462,74307,11941,86248,880
2022-12-16,Modoc,049,8938,927,918,340,1258,11
2022-12-16,Mono,051,14174,3256,3251,269,3520,8
2022-12-16,Monterey,053,433212,96149,95970,21409,117379,776
2022-12-16,Napa,055,140530,33318,33212,1422,34634,162
2022-12-16,Nevada,057,99092,19689,19663,2032,21695,132
2022-12-16,Orange,059,3164182,690187,687587,63527,751114,7596
2022-12-16,Placer,061,380077,78720,78475,9727,88202,666
2022-12-16,Plumas,063,18699,3775,3769,432,4201,13
2022-12-16,Riverside,065,2383286,716995,714426,35437,749863,6694
2022-12-16,Sacramento,067,1510023,360770,359420,34234,393654,3395
2022-12-16,San Benito,069,59416,17082,17018,994,18012,108
2022-12-16,San Bernardino,071,2135413,693077,690423,31182,721605,8136
2022-12-16,San Diego,073,3302833,956929,953029,76123,1029152,5608
2022-12-16,San Francisco,075,870044,188700,187665,12137,199802,1087
2022-12-16,San Joaquin,077,732212,204531,203845,15344,219189,2353
2022-12-16,San Luis Obispo,079,281455,64713,64540,7381,71921,533
2022-12-16,San Mateo,081,765935,176715,175963,10675,186638,748
2022-12-16,Santa Barbara,083,443738,108981,108635,7010,115645,743
2022-12-16,Santa Clara,085,1922200,458518,456121,18883,475004,2566
2022-12-16,Santa Cruz,087,273765,66525,66157,3479,69636,275
2022-12-16,Shasta,089,179085,35852,35797,7519,43316,599
2022-12-16,Sierra,091,2930,308,309,60,369,5
2022-12-16,Siskiyou,093,43540,5331,5325,3307,8632,94
2022-12-16,Solano,095,438530,109728,109297,7911,117208,472
2022-12-16,Sonoma,097,501317,110509,110159,5383,115542,533
2022-12-16,Stanislaus,099,539301,141837,141472,21856,163328,1796
2022-12-16,Sutter,101,95872,25059,25020,2472,27492,235
2022-12-16,Tehama,103,63373,14126,14104,3186,17290,218
2022-12-16,Trinity,105,12862,1438,1434,392,1826,23
2022-12-16,Tulare,107,460477,124766,124442,37533,161975,1546
2022-12-16,Tuolumne,109,53932,16239,16161,934,17095,209
2022-12-16,Ventura,111,848112,215311,214659,15877,230536,1597
2022-12-16,Yolo,113,214977,48808,48765,4694,53459,416
2022-12-16,Yuba,115,75493,19528,19482,1759,21241,132
2022-12-15,Alameda,001,1643700,365218,363758,19848,383606,2082
2022-12-15,Alpine,003,1148,138,139,1,140,0
2022-12-15,Amador,005,37829,10253,10236,928,11164,96
2022-12-15,Butte,007,227075,40888,40800,9210,50010,471
2022-12-15,Calaveras,009,45235,8778,8758,560,9318,135
2022-12-15,Colusa,011,21464,3885,3882,1313,5195,22
2022-12-15,Contra Costa,013,1133247,262362,261280,20899,282179,1491
2022-12-15,Del Norte,015,27424,7598,7586,406,7992,56
2022-12-15,El Dorado,017,186661,33666,33598,4332,37930,235
2022-12-15,Fresno,019,978130,284002,283068,31597,314665,2905
2022-12-15,Glenn,021,27897,5700,5690,1921,7611,58
2022-12-15,Humboldt,023,135768,22728,22679,5162,27841,161
2022-12-15,Imperial,025,180216,68324,68094,17732,85826,963
2022-12-15,Inyo,027,18085,4650,4649,1028,5677,60
2022-12-15,Kern,029,883053,224700,223971,66266,290237,2444
2022-12-15,Kings,031,150075,61395,61254,4160,65414,466
2022-12-15,Lake,033,64148,13231,13201,1220,14421,149
2022-12-15,Lassen,035,31185,10145,10142,993,11135,66
2022-12-15,Los Angeles,037,10098052,3399307,3390335,198405,3588740,34114
2022-12-15,Madera,039,155013,45237,45131,8279,53410,377
2022-12-15,Marin,041,260295,47354,47184,5434,52618,315
2022-12-15,Mariposa,043,17540,3199,3202,365,3567,32
2022-12-15,Mendocino,045,87422,16406,16396,4520,20916,136
2022-12-15,Merced,047,269075,74443,74307,11941,86248,880
2022-12-15,Modoc,049,8938,927,918,340,1258,11
2022-12-15,Mono,051,14174,3255,3251,269,3520,8
2022-12-15,Monterey,053,433212,96125,95970,21409,117379,776
2022-12-15,Napa,055,140530,33296,33212,1422,34634,162
2022-12-15,Nevada,057,99092,19685,19663,2032,21695,132
2022-12-15,Orange,059,3164182,689760,687587,63527,751114,7596
2022-12-15,Placer,061,380077,78683,78475,9727,88202,666
2022-12-15,Plumas,063,18699,3774,3769,432,4201,13
2022-12-15,Riverside,065,2383286,716641,714426,35437,749863,6694
2022-12-15,Sacramento,067,1510023,360553,359420,34234,393654,3395
2022-12-15,San Benito,069,59416,17072,17018,994,18012,108
2022-12-15,San Bernardino,071,2135413,692751,690423,31182,721605,8136
2022-12-15,San Diego,073,3302833,956325,953029,76123,1029152,5608
2022-12-15,San Francisco,075,870044,188542,187665,12137,199802,1087
2022-12-15,San Joaquin,077,732212,204429,203845,15344,219189,2353
2022-12-15,San Luis Obispo,079,281455,64682,64540,7381,71921,533
2022-12-15,San Mateo,081,765935,176610,175963,10675,186638,748
2022-12-15,Santa Barbara,083,443738,108934,108635,7010,115645,743
2022-12-15,Santa Clara,085,1922200,458177,456121,18883,475004,2566
2022-12-15,Santa Cruz,087,273765,66504,66157,3479,69636,275
2022-12-15,Shasta,089,179085,35844,35797,7519,43316,599
2022-12-15,Sierra,091,2930,308,309,60,369,5
2022-12-15,Siskiyou,093,43540,5330,5325,3307,8632,94
2022-12-15,Solano,095,438530,109647,109297,7911,117208,472
2022-12-15,Sonoma,097,501317,110468,110159,5383,115542,533
2022-12-15,Stanislaus,099,539301,141785,141472,21856,163328,1796
2022-12-15,Sutter,101,95872,25050,25020,2472,27492,235
2022-12-15,Tehama,103,63373,14119,14104,3186,17290,218
2022-12-15,Trinity,105,12862,1438,1434,392,1826,23
2022-12-15,Tulare,107,460477,124736,124442,37533,161975,1546
2022-12-15,Tuolumne,109,53932,16226,16161,934,17095,209
2022-12-15,Ventura,111,848112,215193,214659,15877,230536,1597
2022-12-15,Yolo,113,214977,48789,48765,4694,53459,416
2022-12-15,Yuba,115,75493,19521,19482,1759,21241,132
2022-12-14,Alameda,001,1643700,364914,363758,19848,383606,2082
2022-12-14,Alpine,003,1148,138,139,1,140,0
2022-12-14,Amador,005,37829,10251,10236,928,11164,96
2022-12-14,Butte,007,227075,40875,40800,9210,50010,471
2022-12-14,Calaveras,009,45235,8775,8758,560,9318,135
2022-12-14,Colusa,011,21464,3883,3882,1313,5195,22
2022-12-14,Contra Costa,013,1133247,262177,261280,20899,282179,1491
2022-12-14,Del Norte,015,27424,7596,7586,406,7992,56
2022-12-14,El Dorado,017,186661,33655,33598,4332,37930,235
2022-12-14,Fresno,019,978130,283840,283068,31597,314665,2905
2022-12-14,Glenn,021,27897,5698,5690,1921,7611,58
2022-12-14,Humboldt,023,135768,22714,22679,5162,27841,161
2022-12-14,Imperial,025,180216,68282,68094,17732,85826,963
2022-12-14,Inyo,027,18085,4649,4649,1028,5677,60
2022-12-14,Kern,029,883053,224562,223971,66266,290237,2444
2022-12-14,Kings,031,150075,61360,61254,4160,65414,466
2022-12-14,Lake,033,64148,13223,13201,1220,14421,149
2022-12-14,Lassen,035,31185,10145,10142,993,11135,66
2022-12-14,Los Angeles,037,10098052,3399088,3390335,198405,3588740,34114
2022-12-14,Madera,039,155013,45209,45131,8279,53410,377
2022-12-14,Marin,041,260295,47317,47184,5434,52618,315
2022-12-14,Mariposa,043,17540,3198,3202,365,3567,32
2022-12-14,Mendocino,045,87422,16403,16396,4520,20916,136
2022-12-14,Merced,047,269075,74419,74307,11941,86248,880
2022-12-14,Modoc,049,8938,926,918,340,1258,11
2022-12-14,Mono,051,14174,3254,3251,269,3520,8
2022-12-14,Monterey,053,433212,96102,95970,21409,117379,776
2022-12-14,Napa,055,140530,33279,33212,1422,34634,162
2022-12-14,Nevada,057,99092,19680,19663,2032,21695,132
2022-12-14,Orange,059,3164182,689290,687587,63527,751114,7596
2022-12-14,Placer,061,380077,78636,78475,9727,88202,666
2022-12-14,Plumas,063,18699,3774,3769,432,4201,13
2022-12-14,Riverside,065,2383286,716279,714426,35437,749863,6694
2022-12-14,Sacramento,067,1510023,360326,359420,34234,393654,3395
2022-12-14,San Benito,069,59416,17061,17018,994,18012,108
2022-12-14,San Bernardino,071,2135413,692341,690423,31182,721605,8136
2022-12-14,San Diego,073,3302833,955626,953029,76123,1029152,5608
2022-12-14,San Francisco,075,870044,188402,187665,12137,199802,1087
2022-12-14,San Joaquin,077,732212,204324,203845,15344,219189,2353
2022-12-14,San Luis Obispo,079,281455,64653,64540,7381,71921,533
2022-12-14,San Mateo,081,765935,176477,175963,10675,186638,748
2022-12-14,Santa Barbara,083,443738,108860,108635,7010,115645,743
2022-12-14,Santa Clara,085,1922200,457839,456121,18883,475004,2566
2022-12-14,Santa Cruz,087,273765,66477,66157,3479,69636,275
2022-12-14,Shasta,089,179085,35834,35797,7519,43316,599
2022-12-14,Sierra,091,2930,308,309,60,369,5
2022-12-14,Siskiyou,093,43540,5330,5325,3307,8632,94
2022-12-14,Solano,095,438530,109561,109297,7911,117208,472
2022-12-14,Sonoma,097,501317,110416,110159,5383,115542,533
2022-12-14,Stanislaus,099,539301,141709,141472,21856,163328,1796
2022-12-14,Sutter,101,95872,25044,25020,2472,27492,235
2022-12-14,Tehama,103,63373,14117,14104,3186,17290,218
2022-12-14,Trinity,105,12862,1438,1434,392,1826,23
2022-12-14,Tulare,107,460477,124678,124442,37533,161975,1546
2022-12-14,Tuolumne,109,53932,16211,16161,934,17095,209
2022-12-14,Ventura,111,848112,215045,214659,15877,230536,1597
2022-12-14,Yolo,113,214977,48770,48765,4694,53459,416
2022-12-14,Yuba,115,75493,19509,19482,1759,21241,132
2022-12-13,Alameda,001,1643700,364567,363758,19848,383606,2082
2022-12-13,Alpine,003,1148,138,139,1,140,0
2022-12-13,Amador,005,37829,10248,10236,928,11164,96
2022-12-13,Butte,007,227075,40848,40800,9210,50010,471
2022-12-13,Calaveras,009,45235,8773,8758,560,9318,135
2022-12-13,Colusa,011,21464,3881,3882,1313,5195,22
2022-12-13,Contra Costa,013,1133247,261946,261280,20899,282179,1491
2022-12-13,Del Norte,015,27424,7592,7586,406,7992,56
2022-12-13,El Dorado,017,186661,33632,33598,4332,37930,235
2022-12-13,Fresno,019,978130,283686,283068,31597,314665,2905
2022-12-13,Glenn,021,27897,5696,5690,1921,7611,58
2022-12-13,Humboldt,023,135768,22692,22679,5162,27841,161
2022-12-13,Imperial,025,180216,68243,68094,17732,85826,963
2022-12-13,Inyo,027,18085,4647,4649,1028,5677,60
2022-12-13,Kern,029,883053,224444,223971,66266,290237,2444
2022-12-13,Kings,031,150075,61323,61254,4160,65414,466
2022-12-13,Lake,033,64148,13213,13201,1220,14421,149
2022-12-13,Lassen,035,31185,10145,10142,993,11135,66
2022-12-13,Los Angeles,037,10098052,3398108,3390335,198405,3588740,34114
2022-12-13,Madera,039,155013,45178,45131,8279,53410,377
2022-12-13,Marin,041,260295,47284,47184,5434,52618,315
2022-12-13,Mariposa,043,17540,3198,3202,365,3567,32
2022-12-13,Mendocino,045,87422,16398,16396,4520,20916,136
2022-12-13,Merced,047,269075,74388,74307,11941,86248,880
2022-12-13,Modoc,049,8938,924,918,340,1258,11
2022-12-13,Mono,051,14174,3253,3251,269,3520,8
2022-12-13,Monterey,053,433212,96068,95970,21409,117379,776
2022-12-13,Napa,055,140530,33263,33212,1422,34634,162
2022-12-13,Nevada,057,99092,19677,19663,2032,21695,132
2022-12-13,Orange,059,3164182,688770,687587,63527,751114,7596
2022-12-13,Placer,061,380077,78568,78475,9727,88202,666
2022-12-13,Plumas,063,18699,3771,3769,432,4201,13
2022-12-13,Riverside,065,2383286,715812,714426,35437,749863,6694
2022-12-13,Sacramento,067,1510023,360066,359420,34234,393654,3395
2022-12-13,San Benito,069,59416,17044,17018,994,18012,108
2022-12-13,San Bernardino,071,2135413,691882,690423,31182,721605,8136
2022-12-13,San Diego,073,3302833,954889,953029,76123,1029152,5608
2022-12-13,San Francisco,075,870044,188216,187665,12137,199802,1087
2022-12-13,San Joaquin,077,732212,204187,203845,15344,219189,2353
2022-12-13,San Luis Obispo,079,281455,64606,64540,7381,71921,533
2022-12-13,San Mateo,081,765935,176358,175963,10675,186638,748
2022-12-13,Santa Barbara,083,443738,108789,108635,7010,115645,743
2022-12-13,Santa Clara,085,1922200,457426,456121,18883,475004,2566
2022-12-13,Santa Cruz,087,273765,66443,66157,3479,69636,275
2022-12-13,Shasta,089,179085,35828,35797,7519,43316,599
2022-12-13,Sierra,091,2930,308,309,60,369,5
2022-12-13,Siskiyou,093,43540,5330,5325,3307,8632,94
2022-12-13,Solano,095,438530,109462,109297,7911,117208,472
2022-12-13,Sonoma,097,501317,110359,110159,5383,115542,533
2022-12-13,Stanislaus,099,539301,141648,141472,21856,163328,1796
2022-12-13,Sutter,101,95872,25030,25020,2472,27492,235
2022-12-13,Tehama,103,63373,14115,14104,3186,17290,218
2022-12-13,Trinity,105,12862,1438,1434,392,1826,23
2022-12-13,Tulare,107,460477,124624,124442,37533,161975,1546
2022-12-13,Tuolumne,109,53932,16203,16161,934,17095,209
2022-12-13,Ventura,111,848112,214922,214659,15877,230536,1597
2022-12-13,Yolo,113,214977,48754,48765,4694,53459,416
2022-12-13,Yuba,115,75493,19501,19482,1759,21241,132
2022-12-12,Alameda,001,1643700,364186,360943,19848,380791,2081
2022-12-12,Alpine,003,1148,138,139,1,140,0
2022-12-12,Amador,005,37829,10241,10196,928,11124,96
2022-12-12,Butte,007,227075,40829,40598,9210,49808,470
2022-12-12,Calaveras,009,45235,8771,8727,560,9287,135
2022-12-12,Colusa,011,21464,3880,3869,1313,5182,22
2022-12-12,Contra Costa,013,1133247,261698,259434,20899,280333,1487
2022-12-12,Del Norte,015,27424,7589,7563,406,7969,56
2022-12-12,El Dorado,017,186661,33607,33447,4332,37779,235
2022-12-12,Fresno,019,978130,283488,281598,31597,313195,2899
2022-12-12,Glenn,021,27897,5690,5668,1921,7589,58
2022-12-12,Humboldt,023,135768,22685,22566,5162,27728,161
2022-12-12,Imperial,025,180216,68191,67632,17732,85364,962
2022-12-12,Inyo,027,18085,4646,4627,1028,5655,60
2022-12-12,Kern,029,883053,224279,222985,66266,289251,2437
2022-12-12,Kings,031,150075,61279,60965,4160,65125,464
2022-12-12,Lake,033,64148,13205,13140,1220,14360,149
2022-12-12,Lassen,035,31185,10145,10128,993,11121,66
2022-12-12,Los Angeles,037,10098052,3396134,3370904,198405,3569309,34009
2022-12-12,Madera,039,155013,45152,44902,8279,53181,379
2022-12-12,Marin,041,260295,47244,46842,5434,52276,315
2022-12-12,Mariposa,043,17540,3198,3190,365,3555,32
2022-12-12,Mendocino,045,87422,16388,16350,4520,20870,136
2022-12-12,Merced,047,269075,74344,73999,11941,85940,877
2022-12-12,Modoc,049,8938,918,908,340,1248,11
2022-12-12,Mono,051,14174,3253,3238,269,3507,8
2022-12-12,Monterey,053,433212,96040,95709,21409,117118,776
2022-12-12,Napa,055,140530,33239,33043,1422,34465,164
2022-12-12,Nevada,057,99092,19665,19565,2032,21597,132
2022-12-12,Orange,059,3164182,688210,684112,63527,747639,7576
2022-12-12,Placer,061,380077,78539,78117,9727,87844,665
2022-12-12,Plumas,063,18699,3771,3762,432,4194,13
2022-12-12,Riverside,065,2383286,715349,710833,35437,746270,6697
2022-12-12,Sacramento,067,1510023,359790,357413,34234,391647,3382
2022-12-12,San Benito,069,59416,17016,16829,994,17823,108
2022-12-12,San Bernardino,071,2135413,691362,686731,31182,717913,8135
2022-12-12,San Diego,073,3302833,954041,948180,76123,1024303,5584
2022-12-12,San Francisco,075,870044,188034,186203,12137,198340,1081
2022-12-12,San Joaquin,077,732212,204081,202515,15344,217859,2354
2022-12-12,San Luis Obispo,079,281455,64580,64350,7381,71731,533
2022-12-12,San Mateo,081,765935,176214,174791,10675,185466,749
2022-12-12,Santa Barbara,083,443738,108737,108151,7010,115161,739
2022-12-12,Santa Clara,085,1922200,456919,448654,18883,467537,2565
2022-12-12,Santa Cruz,087,273765,66366,65656,3479,69135,275
2022-12-12,Shasta,089,179085,35815,35666,7519,43185,598
2022-12-12,Sierra,091,2930,308,308,60,368,5
2022-12-12,Siskiyou,093,43540,5325,5442,3307,8749,95
2022-12-12,Solano,095,438530,109349,108649,7911,116560,473
2022-12-12,Sonoma,097,501317,110253,109622,5383,115005,531
2022-12-12,Stanislaus,099,539301,141574,140827,21856,162683,1785
2022-12-12,Sutter,101,95872,25016,24906,2472,27378,234
2022-12-12,Tehama,103,63373,14106,14004,3186,17190,218
2022-12-12,Trinity,105,12862,1436,1431,392,1823,23
2022-12-12,Tulare,107,460477,124564,123976,37533,161509,1546
2022-12-12,Tuolumne,109,53932,16196,16054,934,16988,208
2022-12-12,Ventura,111,848112,214800,213720,15877,229597,1598
2022-12-12,Yolo,113,214977,48735,48547,4694,53241,416
2022-12-12,Yuba,115,75493,19491,19399,1759,21158,132
2022-12-11,Alameda,001,1643700,363783,360943,19848,380791,2081
2022-12-11,Alpine,003,1148,138,139,1,140,0
2022-12-11,Amador,005,37829,10239,10196,928,11124,96
2022-12-11,Butte,007,227075,40802,40598,9210,49808,470
2022-12-11,Calaveras,009,45235,8761,8727,560,9287,135
2022-12-11,Colusa,011,21464,3879,3869,1313,5182,22
2022-12-11,Contra Costa,013,1133247,261379,259434,20899,280333,1487
2022-12-11,Del Norte,015,27424,7583,7563,406,7969,56
2022-12-11,El Dorado,017,186661,33586,33447,4332,37779,235
2022-12-11,Fresno,019,978130,283253,281598,31596,313194,2899
2022-12-11,Glenn,021,27897,5688,5668,1920,7588,58
2022-12-11,Humboldt,023,135768,22675,22566,5162,27728,161
2022-12-11,Imperial,025,180216,68122,67632,17732,85364,962
2022-12-11,Inyo,027,18085,4645,4627,1028,5655,60
2022-12-11,Kern,029,883053,224089,222985,66260,289245,2437
2022-12-11,Kings,031,150075,61246,60965,4160,65125,464
2022-12-11,Lake,033,64148,13198,13140,1220,14360,149
2022-12-11,Lassen,035,31185,10142,10128,993,11121,66
2022-12-11,Los Angeles,037,10098052,3393531,3370904,198399,3569303,34009
2022-12-11,Madera,039,155013,45111,44902,8279,53181,379
2022-12-11,Marin,041,260295,47186,46842,5431,52273,315
2022-12-11,Mariposa,043,17540,3197,3190,365,3555,32
2022-12-11,Mendocino,045,87422,16381,16350,4520,20870,136
2022-12-11,Merced,047,269075,74302,73999,11939,85938,877
2022-12-11,Modoc,049,8938,918,908,340,1248,11
2022-12-11,Mono,051,14174,3252,3238,269,3507,8
2022-12-11,Monterey,053,433212,95989,95709,21409,117118,776
2022-12-11,Napa,055,140530,33200,33043,1422,34465,164
2022-12-11,Nevada,057,99092,19654,19565,2027,21592,132
2022-12-11,Orange,059,3164182,687578,684112,63525,747637,7576
2022-12-11,Placer,061,380077,78488,78117,9727,87844,665
2022-12-11,Plumas,063,18699,3769,3762,432,4194,13
2022-12-11,Riverside,065,2383286,714834,710833,35435,746268,6697
2022-12-11,Sacramento,067,1510023,359481,357413,34232,391645,3382
2022-12-11,San Benito,069,59416,17006,16829,994,17823,108
2022-12-11,San Bernardino,071,2135413,690766,686731,31182,717913,8135
2022-12-11,San Diego,073,3302833,953200,948180,76029,1024209,5584
2022-12-11,San Francisco,075,870044,187766,186203,12137,198340,1081
2022-12-11,San Joaquin,077,732212,203899,202515,15344,217859,2354
2022-12-11,San Luis Obispo,079,281455,64532,64350,7380,71730,533
2022-12-11,San Mateo,081,765935,176016,174791,10675,185466,749
2022-12-11,Santa Barbara,083,443738,108634,108151,7009,115160,739
2022-12-11,Santa Clara,085,1922200,456321,448654,18883,467537,2565
2022-12-11,Santa Cruz,087,273765,66253,65656,3479,69135,275
2022-12-11,Shasta,089,179085,35805,35666,7519,43185,598
2022-12-11,Sierra,091,2930,308,308,60,368,5
2022-12-11,Siskiyou,093,43540,5322,5442,3307,8749,95
2022-12-11,Solano,095,438530,109221,108649,7911,116560,473
2022-12-11,Sonoma,097,501317,110125,109622,5383,115005,531
2022-12-11,Stanislaus,099,539301,141474,140827,21856,162683,1785
2022-12-11,Sutter,101,95872,25000,24906,2472,27378,234
2022-12-11,Tehama,103,63373,14100,14004,3186,17190,218
2022-12-11,Trinity,105,12862,1435,1431,392,1823,23
2022-12-11,Tulare,107,460477,124469,123976,37530,161506,1546
2022-12-11,Tuolumne,109,53932,16184,16054,934,16988,208
2022-12-11,Ventura,111,848112,214645,213720,15877,229597,1598
2022-12-11,Yolo,113,214977,48714,48547,4693,53240,416
2022-12-11,Yuba,115,75493,19474,19399,1756,21155,132
2022-12-10,Alameda,001,1643700,363555,360943,19848,380791,2081
2022-12-10,Alpine,003,1148,138,139,1,140,0
2022-12-10,Amador,005,37829,10235,10196,928,11124,96
2022-12-10,Butte,007,227075,40789,40598,9210,49808,470
2022-12-10,Calaveras,009,45235,8757,8727,560,9287,135
2022-12-10,Colusa,011,21464,3879,3869,1313,5182,22
2022-12-10,Contra Costa,013,1133247,261220,259434,20899,280333,1487
2022-12-10,Del Norte,015,27424,7578,7563,406,7969,56
2022-12-10,El Dorado,017,186661,33571,33447,4332,37779,235
2022-12-10,Fresno,019,978130,283147,281598,31596,313194,2899
2022-12-10,Glenn,021,27897,5687,5668,1920,7588,58
2022-12-10,Humboldt,023,135768,22660,22566,5162,27728,161
2022-12-10,Imperial,025,180216,68102,67632,17732,85364,962
2022-12-10,Inyo,027,18085,4641,4627,1026,5653,60
2022-12-10,Kern,029,883053,224011,222985,66253,289238,2437
2022-12-10,Kings,031,150075,61236,60965,4160,65125,464
2022-12-10,Lake,033,64148,13193,13140,1220,14360,149
2022-12-10,Lassen,035,31185,10141,10128,993,11121,66
2022-12-10,Los Angeles,037,10098052,3392237,3370904,198293,3569197,34009
2022-12-10,Madera,039,155013,45097,44902,8279,53181,379
2022-12-10,Marin,041,260295,47155,46842,5431,52273,315
2022-12-10,Mariposa,043,17540,3197,3190,365,3555,32
2022-12-10,Mendocino,045,87422,16376,16350,4520,20870,136
2022-12-10,Merced,047,269075,74280,73999,11939,85938,877
2022-12-10,Modoc,049,8938,918,908,340,1248,11
2022-12-10,Mono,051,14174,3252,3238,269,3507,8
2022-12-10,Monterey,053,433212,95963,95709,21409,117118,776
2022-12-10,Napa,055,140530,33188,33043,1422,34465,164
2022-12-10,Nevada,057,99092,19649,19565,2026,21591,132
2022-12-10,Orange,059,3164182,687307,684112,63525,747637,7576
2022-12-10,Placer,061,380077,78448,78117,9727,87844,665
2022-12-10,Plumas,063,18699,3767,3762,432,4194,13
2022-12-10,Riverside,065,2383286,714541,710833,35435,746268,6697
2022-12-10,Sacramento,067,1510023,359343,357413,34230,391643,3382
2022-12-10,San Benito,069,59416,16989,16829,994,17823,108
2022-12-10,San Bernardino,071,2135413,690463,686731,31182,717913,8135
2022-12-10,San Diego,073,3302833,952860,948180,75980,1024160,5584
2022-12-10,San Francisco,075,870044,187626,186203,12137,198340,1081
2022-12-10,San Joaquin,077,732212,203817,202515,15336,217851,2354
2022-12-10,San Luis Obispo,079,281455,64514,64350,7380,71730,533
2022-12-10,San Mateo,081,765935,175911,174791,10675,185466,749
2022-12-10,Santa Barbara,083,443738,108586,108151,7009,115160,739
2022-12-10,Santa Clara,085,1922200,456038,448654,18883,467537,2565
2022-12-10,Santa Cruz,087,273765,66219,65656,3479,69135,275
2022-12-10,Shasta,089,179085,35795,35666,7519,43185,598
2022-12-10,Sierra,091,2930,308,308,60,368,5
2022-12-10,Siskiyou,093,43540,5321,5442,3307,8749,95
2022-12-10,Solano,095,438530,109196,108649,7911,116560,473
2022-12-10,Sonoma,097,501317,110085,109622,5383,115005,531
2022-12-10,Stanislaus,099,539301,141422,140827,21856,162683,1785
2022-12-10,Sutter,101,95872,24991,24906,2472,27378,234
2022-12-10,Tehama,103,63373,14096,14004,3186,17190,218
2022-12-10,Trinity,105,12862,1434,1431,392,1823,23
2022-12-10,Tulare,107,460477,124427,123976,37528,161504,1546
2022-12-10,Tuolumne,109,53932,16147,16054,934,16988,208
2022-12-10,Ventura,111,848112,214567,213720,15877,229597,1598
2022-12-10,Yolo,113,214977,48693,48547,4693,53240,416
2022-12-10,Yuba,115,75493,19467,19399,1755,21154,132
2022-12-09,Alameda,001,1643700,363286,360943,19848,380791,2081
2022-12-09,Alpine,003,1148,138,139,1,140,0
2022-12-09,Amador,005,37829,10231,10196,928,11124,96
2022-12-09,Butte,007,227075,40774,40598,9210,49808,470
2022-12-09,Calaveras,009,45235,8753,8727,560,9287,135
2022-12-09,Colusa,011,21464,3875,3869,1313,5182,22
2022-12-09,Contra Costa,013,1133247,261071,259434,20899,280333,1487
2022-12-09,Del Norte,015,27424,7575,7563,406,7969,56
2022-12-09,El Dorado,017,186661,33558,33447,4332,37779,235
2022-12-09,Fresno,019,978130,283011,281598,31596,313194,2899
2022-12-09,Glenn,021,27897,5687,5668,1920,7588,58
2022-12-09,Humboldt,023,135768,22650,22566,5162,27728,161
2022-12-09,Imperial,025,180216,68067,67632,17732,85364,962
2022-12-09,Inyo,027,18085,4640,4627,1026,5653,60
2022-12-09,Kern,029,883053,223918,222985,66244,289229,2437
2022-12-09,Kings,031,150075,61213,60965,4160,65125,464
2022-12-09,Lake,033,64148,13188,13140,1220,14360,149
2022-12-09,Lassen,035,31185,10140,10128,993,11121,66
2022-12-09,Los Angeles,037,10098052,3390663,3370904,198131,3569035,34009
2022-12-09,Madera,039,155013,45077,44902,8279,53181,379
2022-12-09,Marin,041,260295,47136,46842,5427,52269,315
2022-12-09,Mariposa,043,17540,3197,3190,365,3555,32
2022-12-09,Mendocino,045,87422,16369,16350,4520,20870,136
2022-12-09,Merced,047,269075,74247,73999,11936,85935,877
2022-12-09,Modoc,049,8938,918,908,340,1248,11
2022-12-09,Mono,051,14174,3251,3238,269,3507,8
2022-12-09,Monterey,053,433212,95938,95709,21409,117118,776
2022-12-09,Napa,055,140530,33175,33043,1422,34465,164
2022-12-09,Nevada,057,99092,19642,19565,2026,21591,132
2022-12-09,Orange,059,3164182,686971,684112,63525,747637,7576
2022-12-09,Placer,061,380077,78425,78117,9727,87844,665
2022-12-09,Plumas,063,18699,3766,3762,432,4194,13
2022-12-09,Riverside,065,2383286,714244,710833,35435,746268,6697
2022-12-09,Sacramento,067,1510023,359141,357413,34230,391643,3382
2022-12-09,San Benito,069,59416,16980,16829,994,17823,108
2022-12-09,San Bernardino,071,2135413,690158,686731,31182,717913,8135
2022-12-09,San Diego,073,3302833,952453,948180,75929,1024109,5584
2022-12-09,San Francisco,075,870044,187510,186203,12133,198336,1081
2022-12-09,San Joaquin,077,732212,203732,202515,15335,217850,2354
2022-12-09,San Luis Obispo,079,281455,64500,64350,7379,71729,533
2022-12-09,San Mateo,081,765935,175803,174791,10675,185466,749
2022-12-09,Santa Barbara,083,443738,108542,108151,7008,115159,739
2022-12-09,Santa Clara,085,1922200,455729,448654,18883,467537,2565
2022-12-09,Santa Cruz,087,273765,66148,65656,3479,69135,275
2022-12-09,Shasta,089,179085,35788,35666,7519,43185,598
2022-12-09,Sierra,091,2930,308,308,60,368,5
2022-12-09,Siskiyou,093,43540,5320,5442,3307,8749,95
2022-12-09,Solano,095,438530,109133,108649,7911,116560,473
2022-12-09,Sonoma,097,501317,110033,109622,5382,115004,531
2022-12-09,Stanislaus,099,539301,141351,140827,21856,162683,1785
2022-12-09,Sutter,101,95872,24982,24906,2472,27378,234
2022-12-09,Tehama,103,63373,14091,14004,3186,17190,218
2022-12-09,Trinity,105,12862,1434,1431,392,1823,23
2022-12-09,Tulare,107,460477,124387,123976,37525,161501,1546
2022-12-09,Tuolumne,109,53932,16134,16054,934,16988,208
2022-12-09,Ventura,111,848112,214483,213720,15877,229597,1598
2022-12-09,Yolo,113,214977,48678,48547,4693,53240,416
2022-12-09,Yuba,115,75493,19459,19399,1755,21154,132
2022-12-08,Alameda,001,1643700,362889,360943,19848,380791,2081
2022-12-08,Alpine,003,1148,138,139,1,140,0
2022-12-08,Amador,005,37829,10225,10196,928,11124,96
2022-12-08,Butte,007,227075,40749,40598,9209,49807,470
2022-12-08,Calaveras,009,45235,8749,8727,560,9287,135
2022-12-08,Colusa,011,21464,3871,3869,1313,5182,22
2022-12-08,Contra Costa,013,1133247,260847,259434,20899,280333,1487
2022-12-08,Del Norte,015,27424,7574,7563,406,7969,56
2022-12-08,El Dorado,017,186661,33535,33447,4332,37779,235
2022-12-08,Fresno,019,978130,282818,281598,31596,313194,2899
2022-12-08,Glenn,021,27897,5681,5668,1919,7587,58
2022-12-08,Humboldt,023,135768,22637,22566,5162,27728,161
2022-12-08,Imperial,025,180216,67999,67632,17732,85364,962
2022-12-08,Inyo,027,18085,4634,4627,1026,5653,60
2022-12-08,Kern,029,883053,223808,222985,66235,289220,2437
2022-12-08,Kings,031,150075,61176,60965,4160,65125,464
2022-12-08,Lake,033,64148,13176,13140,1220,14360,149
2022-12-08,Lassen,035,31185,10138,10128,993,11121,66
2022-12-08,Los Angeles,037,10098052,3388278,3370904,197885,3568789,34009
2022-12-08,Madera,039,155013,45057,44902,8279,53181,379
2022-12-08,Marin,041,260295,47083,46842,5421,52263,315
2022-12-08,Mariposa,043,17540,3193,3190,365,3555,32
2022-12-08,Mendocino,045,87422,16363,16350,4520,20870,136
2022-12-08,Merced,047,269075,74224,73999,11935,85934,877
2022-12-08,Modoc,049,8938,918,908,340,1248,11
2022-12-08,Mono,051,14174,3250,3238,269,3507,8
2022-12-08,Monterey,053,433212,95910,95709,21409,117118,776
2022-12-08,Napa,055,140530,33144,33043,1422,34465,164
2022-12-08,Nevada,057,99092,19625,19565,2025,21590,132
2022-12-08,Orange,059,3164182,686530,684112,63525,747637,7576
2022-12-08,Placer,061,380077,78377,78117,9727,87844,665
2022-12-08,Plumas,063,18699,3766,3762,432,4194,13
2022-12-08,Riverside,065,2383286,713793,710833,35435,746268,6697
2022-12-08,Sacramento,067,1510023,358845,357413,34229,391642,3382
2022-12-08,San Benito,069,59416,16971,16829,994,17823,108
2022-12-08,San Bernardino,071,2135413,689627,686731,31182,717913,8135
2022-12-08,San Diego,073,3302833,951845,948180,75830,1024010,5584
2022-12-08,San Francisco,075,870044,187303,186203,12131,198334,1081
2022-12-08,San Joaquin,077,732212,203599,202515,15329,217844,2354
2022-12-08,San Luis Obispo,079,281455,64470,64350,7379,71729,533
2022-12-08,San Mateo,081,765935,175646,174791,10675,185466,749
2022-12-08,Santa Barbara,083,443738,108474,108151,7007,115158,739
2022-12-08,Santa Clara,085,1922200,455248,448654,18883,467537,2565
2022-12-08,Santa Cruz,087,273765,66121,65656,3479,69135,275
2022-12-08,Shasta,089,179085,35775,35666,7519,43185,598
2022-12-08,Sierra,091,2930,308,308,60,368,5
2022-12-08,Siskiyou,093,43540,5317,5442,3307,8749,95
2022-12-08,Solano,095,438530,109027,108649,7911,116560,473
2022-12-08,Sonoma,097,501317,109955,109622,5382,115004,531
2022-12-08,Stanislaus,099,539301,141269,140827,21842,162669,1785
2022-12-08,Sutter,101,95872,24962,24906,2472,27378,234
2022-12-08,Tehama,103,63373,14083,14004,3184,17188,218
2022-12-08,Trinity,105,12862,1433,1431,392,1823,23
2022-12-08,Tulare,107,460477,124346,123976,37517,161493,1546
2022-12-08,Tuolumne,109,53932,16113,16054,934,16988,208
2022-12-08,Ventura,111,848112,214364,213720,15877,229597,1598
2022-12-08,Yolo,113,214977,48642,48547,4693,53240,416
2022-12-08,Yuba,115,75493,19448,19399,1754,21153,132
2022-12-07,Alameda,001,1643700,362522,360943,19846,380789,2081
2022-12-07,Alpine,003,1148,138,139,1,140,0
2022-12-07,Amador,005,37829,10222,10196,928,11124,96
2022-12-07,Butte,007,227075,40718,40598,9208,49806,470
2022-12-07,Calaveras,009,45235,8746,8727,560,9287,135
2022-12-07,Colusa,011,21464,3871,3869,1313,5182,22
2022-12-07,Contra Costa,013,1133247,260626,259434,20898,280332,1487
2022-12-07,Del Norte,015,27424,7572,7563,406,7969,56
2022-12-07,El Dorado,017,186661,33513,33447,4332,37779,235
2022-12-07,Fresno,019,978130,282554,281598,31596,313194,2899
2022-12-07,Glenn,021,27897,5680,5668,1919,7587,58
2022-12-07,Humboldt,023,135768,22625,22566,5162,27728,161
2022-12-07,Imperial,025,180216,67931,67632,17675,85307,962
2022-12-07,Inyo,027,18085,4630,4627,1004,5631,60
2022-12-07,Kern,029,883053,223689,222985,66209,289194,2437
2022-12-07,Kings,031,150075,61136,60965,4160,65125,464
2022-12-07,Lake,033,64148,13168,13140,1220,14360,149
2022-12-07,Lassen,035,31185,10137,10128,993,11121,66
2022-12-07,Los Angeles,037,10098052,3385653,3370904,197565,3568469,34009
2022-12-07,Madera,039,155013,45012,44902,8279,53181,379
2022-12-07,Marin,041,260295,47049,46842,5412,52254,315
2022-12-07,Mariposa,043,17540,3191,3190,365,3555,32
2022-12-07,Mendocino,045,87422,16359,16350,4520,20870,136
2022-12-07,Merced,047,269075,74182,73999,11935,85934,877
2022-12-07,Modoc,049,8938,917,908,340,1248,11
2022-12-07,Mono,051,14174,3248,3238,269,3507,8
2022-12-07,Monterey,053,433212,95874,95709,21407,117116,776
2022-12-07,Napa,055,140530,33126,33043,1422,34465,164
2022-12-07,Nevada,057,99092,19608,19565,2020,21585,132
2022-12-07,Orange,059,3164182,686029,684112,63524,747636,7576
2022-12-07,Placer,061,380077,78333,78117,9727,87844,665
2022-12-07,Plumas,063,18699,3765,3762,432,4194,13
2022-12-07,Riverside,065,2383286,713253,710833,35435,746268,6697
2022-12-07,Sacramento,067,1510023,358607,357413,34225,391638,3382
2022-12-07,San Benito,069,59416,16948,16829,993,17822,108
2022-12-07,San Bernardino,071,2135413,689112,686731,31182,717913,8135
2022-12-07,San Diego,073,3302833,951080,948180,75714,1023894,5584
2022-12-07,San Francisco,075,870044,187101,186203,12130,198333,1081
2022-12-07,San Joaquin,077,732212,203440,202515,15320,217835,2354
2022-12-07,San Luis Obispo,079,281455,64447,64350,7376,71726,533
2022-12-07,San Mateo,081,765935,175489,174791,10675,185466,749
2022-12-07,Santa Barbara,083,443738,108394,108151,7006,115157,739
2022-12-07,Santa Clara,085,1922200,454815,448654,18883,467537,2565
2022-12-07,Santa Cruz,087,273765,66029,65656,3479,69135,275
2022-12-07,Shasta,089,179085,35756,35666,7519,43185,598
2022-12-07,Sierra,091,2930,308,308,60,368,5
2022-12-07,Siskiyou,093,43540,5315,5442,3307,8749,95
2022-12-07,Solano,095,438530,108933,108649,7911,116560,473
2022-12-07,Sonoma,097,501317,109886,109622,5382,115004,531
2022-12-07,Stanislaus,099,539301,141208,140827,21830,162657,1785
2022-12-07,Sutter,101,95872,24948,24906,2472,27378,234
2022-12-07,Tehama,103,63373,14076,14004,3184,17188,218
2022-12-07,Trinity,105,12862,1433,1431,392,1823,23
2022-12-07,Tulare,107,460477,124295,123976,37513,161489,1546
2022-12-07,Tuolumne,109,53932,16102,16054,934,16988,208
2022-12-07,Ventura,111,848112,214246,213720,15877,229597,1598
2022-12-07,Yolo,113,214977,48614,48547,4693,53240,416
2022-12-07,Yuba,115,75493,19442,19399,1752,21151,132
2022-12-06,Alameda,001,1643700,362095,360943,19846,380789,2081
2022-12-06,Alpine,003,1148,138,139,1,140,0
2022-12-06,Amador,005,37829,10214,10196,928,11124,96
2022-12-06,Butte,007,227075,40689,40598,9207,49805,470
2022-12-06,Calaveras,009,45235,8740,8727,560,9287,135
2022-12-06,Colusa,011,21464,3870,3869,1313,5182,22
2022-12-06,Contra Costa,013,1133247,260324,259434,20898,280332,1487
2022-12-06,Del Norte,015,27424,7569,7563,406,7969,56
2022-12-06,El Dorado,017,186661,33487,33447,4332,37779,235
2022-12-06,Fresno,019,978130,282336,281598,31595,313193,2899
2022-12-06,Glenn,021,27897,5678,5668,1915,7583,58
2022-12-06,Humboldt,023,135768,22605,22566,5162,27728,161
2022-12-06,Imperial,025,180216,67855,67632,17635,85267,962
2022-12-06,Inyo,027,18085,4627,4627,1004,5631,60
2022-12-06,Kern,029,883053,223589,222985,66174,289159,2437
2022-12-06,Kings,031,150075,61092,60965,4159,65124,464
2022-12-06,Lake,033,64148,13159,13140,1220,14360,149
2022-12-06,Lassen,035,31185,10136,10128,993,11121,66
2022-12-06,Los Angeles,037,10098052,3382884,3370904,197071,3567975,34009
2022-12-06,Madera,039,155013,44990,44902,8279,53181,379
2022-12-06,Marin,041,260295,47004,46842,5408,52250,315
2022-12-06,Mariposa,043,17540,3191,3190,365,3555,32
2022-12-06,Mendocino,045,87422,16353,16350,4520,20870,136
2022-12-06,Merced,047,269075,74141,73999,11935,85934,877
2022-12-06,Modoc,049,8938,914,908,340,1248,11
2022-12-06,Mono,051,14174,3247,3238,269,3507,8
2022-12-06,Monterey,053,433212,95842,95709,21405,117114,776
2022-12-06,Napa,055,140530,33103,33043,1422,34465,164
2022-12-06,Nevada,057,99092,19593,19565,2008,21573,132
2022-12-06,Orange,059,3164182,685498,684112,63523,747635,7576
2022-12-06,Placer,061,380077,78276,78117,9725,87842,665
2022-12-06,Plumas,063,18699,3765,3762,432,4194,13
2022-12-06,Riverside,065,2383286,712754,710833,35434,746267,6697
2022-12-06,Sacramento,067,1510023,358347,357413,34224,391637,3382
2022-12-06,San Benito,069,59416,16929,16829,993,17822,108
2022-12-06,San Bernardino,071,2135413,688573,686731,31182,717913,8135
2022-12-06,San Diego,073,3302833,950300,948180,75579,1023759,5584
2022-12-06,San Francisco,075,870044,186876,186203,12128,198331,1081
2022-12-06,San Joaquin,077,732212,203285,202515,15310,217825,2354
2022-12-06,San Luis Obispo,079,281455,64414,64350,7368,71718,533
2022-12-06,San Mateo,081,765935,175303,174791,10675,185466,749
2022-12-06,Santa Barbara,083,443738,108326,108151,7006,115157,739
2022-12-06,Santa Clara,085,1922200,454317,448654,18883,467537,2565
2022-12-06,Santa Cruz,087,273765,65922,65656,3479,69135,275
2022-12-06,Shasta,089,179085,35742,35666,7518,43184,598
2022-12-06,Sierra,091,2930,307,308,60,368,5
2022-12-06,Siskiyou,093,43540,5312,5442,3307,8749,95
2022-12-06,Solano,095,438530,108825,108649,7911,116560,473
2022-12-06,Sonoma,097,501317,109797,109622,5382,115004,531
2022-12-06,Stanislaus,099,539301,141112,140827,21827,162654,1785
2022-12-06,Sutter,101,95872,24934,24906,2472,27378,234
2022-12-06,Tehama,103,63373,14063,14004,3182,17186,218
2022-12-06,Trinity,105,12862,1433,1431,392,1823,23
2022-12-06,Tulare,107,460477,124239,123976,37500,161476,1546
2022-12-06,Tuolumne,109,53932,16093,16054,934,16988,208
2022-12-06,Ventura,111,848112,214085,213720,15877,229597,1598
2022-12-06,Yolo,113,214977,48574,48547,4693,53240,416
2022-12-06,Yuba,115,75493,19428,19399,1752,21151,132
2022-12-05,Alameda,001,1643700,361656,357689,19846,377535,2063
2022-12-05,Alpine,003,1148,138,139,1,140,0
2022-12-05,Amador,005,37829,10209,10150,928,11078,96
2022-12-05,Butte,007,227075,40653,40335,9204,49539,465
2022-12-05,Calaveras,009,45235,8734,8676,560,9236,135
2022-12-05,Colusa,011,21464,3869,3849,1313,5162,22
2022-12-05,Contra Costa,013,1133247,260063,257263,20898,278161,1485
2022-12-05,Del Norte,015,27424,7562,7519,406,7925,56
2022-12-05,El Dorado,017,186661,33470,33200,4332,37532,235
2022-12-05,Fresno,019,978130,282069,279787,31595,311382,2898
2022-12-05,Glenn,021,27897,5676,5647,1915,7562,58
2022-12-05,Humboldt,023,135768,22591,22436,5162,27598,160
2022-12-05,Imperial,025,180216,67753,67001,17630,84631,960
2022-12-05,Inyo,027,18085,4624,4590,1004,5594,60
2022-12-05,Kern,029,883053,223392,222087,66149,288236,2431
2022-12-05,Kings,031,150075,61029,60636,4158,64794,464
2022-12-05,Lake,033,64148,13151,13078,1220,14298,149
2022-12-05,Lassen,035,31185,10131,10110,993,11103,65
2022-12-05,Los Angeles,037,10098052,3379932,3346956,196578,3543534,33937
2022-12-05,Madera,039,155013,44946,44650,8279,52929,377
2022-12-05,Marin,041,260295,46947,46509,5402,51911,314
2022-12-05,Mariposa,043,17540,3190,3175,365,3540,32
2022-12-05,Mendocino,045,87422,16343,16294,4520,20814,136
2022-12-05,Merced,047,269075,74095,73547,11931,85478,876
2022-12-05,Modoc,049,8938,913,895,340,1235,11
2022-12-05,Mono,051,14174,3245,3237,269,3506,8
2022-12-05,Monterey,053,433212,95801,95364,21404,116768,775
2022-12-05,Napa,055,140530,33080,32859,1422,34281,161
2022-12-05,Nevada,057,99092,19585,19398,2007,21405,132
2022-12-05,Orange,059,3164182,684878,679165,63522,742687,7567
2022-12-05,Placer,061,380077,78230,77618,9721,87339,665
2022-12-05,Plumas,063,18699,3764,3738,432,4170,13
2022-12-05,Riverside,065,2383286,712177,706396,35434,741830,6693
2022-12-05,Sacramento,067,1510023,358044,354844,34215,389059,3377
2022-12-05,San Benito,069,59416,16892,16555,993,17548,108
2022-12-05,San Bernardino,071,2135413,687948,681872,31181,713053,8133
2022-12-05,San Diego,073,3302833,949491,942451,75424,1017875,5569
2022-12-05,San Francisco,075,870044,186634,184552,12128,196680,1078
2022-12-05,San Joaquin,077,732212,203117,201175,15296,216471,2347
2022-12-05,San Luis Obispo,079,281455,64371,64105,7360,71465,531
2022-12-05,San Mateo,081,765935,175063,173283,10675,183958,748
2022-12-05,Santa Barbara,083,443738,108242,107527,7002,114529,738
2022-12-05,Santa Clara,085,1922200,453768,444150,18883,463033,2560
2022-12-05,Santa Cruz,087,273765,65798,65044,3479,68523,275
2022-12-05,Shasta,089,179085,35730,35519,7518,43037,598
2022-12-05,Sierra,091,2930,307,308,60,368,5
2022-12-05,Siskiyou,093,43540,5311,5406,3307,8713,95
2022-12-05,Solano,095,438530,108728,107925,7911,115836,470
2022-12-05,Sonoma,097,501317,109705,109040,5382,114422,530
2022-12-05,Stanislaus,099,539301,141000,140127,21825,161952,1785
2022-12-05,Sutter,101,95872,24910,24800,2472,27272,234
2022-12-05,Tehama,103,63373,14049,13904,3180,17084,216
2022-12-05,Trinity,105,12862,1433,1428,392,1820,22
2022-12-05,Tulare,107,460477,124147,123368,37483,160851,1546
2022-12-05,Tuolumne,109,53932,16077,15945,934,16879,207
2022-12-05,Ventura,111,848112,213921,212363,15877,228240,1591
2022-12-05,Yolo,113,214977,48540,48329,4693,53022,409
2022-12-05,Yuba,115,75493,19416,19307,1751,21058,132
2022-12-04,Alameda,001,1643700,361119,357689,19845,377534,2063
2022-12-04,Alpine,003,1148,138,139,1,140,0
2022-12-04,Amador,005,37829,10205,10150,928,11078,96
2022-12-04,Butte,007,227075,40595,40335,9202,49537,465
2022-12-04,Calaveras,009,45235,8725,8676,560,9236,135
2022-12-04,Colusa,011,21464,3867,3849,1313,5162,22
2022-12-04,Contra Costa,013,1133247,259709,257263,20898,278161,1485
2022-12-04,Del Norte,015,27424,7558,7519,406,7925,56
2022-12-04,El Dorado,017,186661,33449,33200,4331,37531,235
2022-12-04,Fresno,019,978130,281775,279787,31595,311382,2898
2022-12-04,Glenn,021,27897,5671,5647,1914,7561,58
2022-12-04,Humboldt,023,135768,22564,22436,5161,27597,160
2022-12-04,Imperial,025,180216,67672,67001,17563,84564,960
2022-12-04,Inyo,027,18085,4623,4590,1004,5594,60
2022-12-04,Kern,029,883053,223255,222087,66095,288182,2431
2022-12-04,Kings,031,150075,60973,60636,4157,64793,464
2022-12-04,Lake,033,64148,13139,13078,1220,14298,149
2022-12-04,Lassen,035,31185,10128,10110,993,11103,65
2022-12-04,Los Angeles,037,10098052,3376307,3346956,196062,3543018,33937
2022-12-04,Madera,039,155013,44918,44650,8279,52929,377
2022-12-04,Marin,041,260295,46880,46509,5397,51906,314
2022-12-04,Mariposa,043,17540,3187,3175,365,3540,32
2022-12-04,Mendocino,045,87422,16336,16294,4520,20814,136
2022-12-04,Merced,047,269075,74048,73547,11929,85476,876
2022-12-04,Modoc,049,8938,911,895,340,1235,11
2022-12-04,Mono,051,14174,3244,3237,269,3506,8
2022-12-04,Monterey,053,433212,95760,95364,21399,116763,775
2022-12-04,Napa,055,140530,33056,32859,1421,34280,161
2022-12-04,Nevada,057,99092,19562,19398,1999,21397,132
2022-12-04,Orange,059,3164182,684206,679165,63518,742683,7567
2022-12-04,Placer,061,380077,78161,77618,9717,87335,665
2022-12-04,Plumas,063,18699,3761,3738,432,4170,13
2022-12-04,Riverside,065,2383286,711494,706396,35432,741828,6693
2022-12-04,Sacramento,067,1510023,357694,354844,34214,389058,3377
2022-12-04,San Benito,069,59416,16876,16555,993,17548,108
2022-12-04,San Bernardino,071,2135413,687184,681872,31178,713050,8133
2022-12-04,San Diego,073,3302833,948455,942451,75278,1017729,5569
2022-12-04,San Francisco,075,870044,186334,184552,12128,196680,1078
2022-12-04,San Joaquin,077,732212,202936,201175,15277,216452,2347
2022-12-04,San Luis Obispo,079,281455,64330,64105,7354,71459,531
2022-12-04,San Mateo,081,765935,174845,173283,10675,183958,748
2022-12-04,Santa Barbara,083,443738,108146,107527,6999,114526,738
2022-12-04,Santa Clara,085,1922200,453126,444150,18882,463032,2560
2022-12-04,Santa Cruz,087,273765,65734,65044,3479,68523,275
2022-12-04,Shasta,089,179085,35710,35519,7517,43036,598
2022-12-04,Sierra,091,2930,307,308,60,368,5
2022-12-04,Siskiyou,093,43540,5306,5406,3307,8713,95
2022-12-04,Solano,095,438530,108588,107925,7911,115836,470
2022-12-04,Sonoma,097,501317,109606,109040,5382,114422,530
2022-12-04,Stanislaus,099,539301,140882,140127,21823,161950,1785
2022-12-04,Sutter,101,95872,24892,24800,2472,27272,234
2022-12-04,Tehama,103,63373,14032,13904,3179,17083,216
2022-12-04,Trinity,105,12862,1433,1428,392,1820,22
2022-12-04,Tulare,107,460477,124041,123368,37467,160835,1546
2022-12-04,Tuolumne,109,53932,16058,15945,934,16879,207
2022-12-04,Ventura,111,848112,213754,212363,15877,228240,1591
2022-12-04,Yolo,113,214977,48496,48329,4692,53021,409
2022-12-04,Yuba,115,75493,19406,19307,1751,21058,132
2022-12-03,Alameda,001,1643700,360885,357689,19845,377534,2063
2022-12-03,Alpine,003,1148,138,139,1,140,0
2022-12-03,Amador,005,37829,10199,10150,928,11078,96
2022-12-03,Butte,007,227075,40579,40335,9198,49533,465
2022-12-03,Calaveras,009,45235,8723,8676,560,9236,135
2022-12-03,Colusa,011,21464,3865,3849,1313,5162,22
2022-12-03,Contra Costa,013,1133247,259538,257263,20898,278161,1485
2022-12-03,Del Norte,015,27424,7555,7519,406,7925,56
2022-12-03,El Dorado,017,186661,33434,33200,4331,37531,235
2022-12-03,Fresno,019,978130,281643,279787,31595,311382,2898
2022-12-03,Glenn,021,27897,5669,5647,1914,7561,58
2022-12-03,Humboldt,023,135768,22543,22436,5161,27597,160
2022-12-03,Imperial,025,180216,67635,67001,17550,84551,960
2022-12-03,Inyo,027,18085,4622,4590,1004,5594,60
2022-12-03,Kern,029,883053,223204,222087,66063,288150,2431
2022-12-03,Kings,031,150075,60952,60636,4157,64793,464
2022-12-03,Lake,033,64148,13134,13078,1220,14298,149
2022-12-03,Lassen,035,31185,10126,10110,993,11103,65
2022-12-03,Los Angeles,037,10098052,3374582,3346956,195836,3542792,33937
2022-12-03,Madera,039,155013,44898,44650,8279,52929,377
2022-12-03,Marin,041,260295,46841,46509,5396,51905,314
2022-12-03,Mariposa,043,17540,3185,3175,365,3540,32
2022-12-03,Mendocino,045,87422,16331,16294,4520,20814,136
2022-12-03,Merced,047,269075,74011,73547,11928,85475,876
2022-12-03,Modoc,049,8938,909,895,339,1234,11
2022-12-03,Mono,051,14174,3242,3237,269,3506,8
2022-12-03,Monterey,053,433212,95741,95364,21397,116761,775
2022-12-03,Napa,055,140530,33048,32859,1421,34280,161
2022-12-03,Nevada,057,99092,19555,19398,1997,21395,132
2022-12-03,Orange,059,3164182,683870,679165,63517,742682,7567
2022-12-03,Placer,061,380077,78113,77618,9717,87335,665
2022-12-03,Plumas,063,18699,3759,3738,432,4170,13
2022-12-03,Riverside,065,2383286,711105,706396,35432,741828,6693
2022-12-03,Sacramento,067,1510023,357516,354844,34207,389051,3377
2022-12-03,San Benito,069,59416,16856,16555,992,17547,108
2022-12-03,San Bernardino,071,2135413,686838,681872,31178,713050,8133
2022-12-03,San Diego,073,3302833,947967,942451,75218,1017669,5569
2022-12-03,San Francisco,075,870044,186193,184552,12127,196679,1078
2022-12-03,San Joaquin,077,732212,202828,201175,15261,216436,2347
2022-12-03,San Luis Obispo,079,281455,64318,64105,7349,71454,531
2022-12-03,San Mateo,081,765935,174721,173283,10675,183958,748
2022-12-03,Santa Barbara,083,443738,108105,107527,6998,114525,738
2022-12-03,Santa Clara,085,1922200,452775,444150,18882,463032,2560
2022-12-03,Santa Cruz,087,273765,65692,65044,3479,68523,275
2022-12-03,Shasta,089,179085,35701,35519,7517,43036,598
2022-12-03,Sierra,091,2930,307,308,60,368,5
2022-12-03,Siskiyou,093,43540,5305,5406,3307,8713,95
2022-12-03,Solano,095,438530,108559,107925,7911,115836,470
2022-12-03,Sonoma,097,501317,109560,109040,5382,114422,530
2022-12-03,Stanislaus,099,539301,140816,140127,21820,161947,1785
2022-12-03,Sutter,101,95872,24876,24800,2472,27272,234
2022-12-03,Tehama,103,63373,14028,13904,3177,17081,216
2022-12-03,Trinity,105,12862,1433,1428,392,1820,22
2022-12-03,Tulare,107,460477,123981,123368,37464,160832,1546
2022-12-03,Tuolumne,109,53932,16044,15945,934,16879,207
2022-12-03,Ventura,111,848112,213661,212363,15877,228240,1591
2022-12-03,Yolo,113,214977,48472,48329,4692,53021,409
2022-12-03,Yuba,115,75493,19402,19307,1751,21058,132
2022-12-02,Alameda,001,1643700,360625,357689,19845,377534,2063
2022-12-02,Alpine,003,1148,138,139,1,140,0
2022-12-02,Amador,005,37829,10194,10150,928,11078,96
2022-12-02,Butte,007,227075,40564,40335,9197,49532,465
2022-12-02,Calaveras,009,45235,8720,8676,560,9236,135
2022-12-02,Colusa,011,21464,3865,3849,1313,5162,22
2022-12-02,Contra Costa,013,1133247,259387,257263,20898,278161,1485
2022-12-02,Del Norte,015,27424,7551,7519,406,7925,56
2022-12-02,El Dorado,017,186661,33418,33200,4331,37531,235
2022-12-02,Fresno,019,978130,281490,279787,31594,311381,2898
2022-12-02,Glenn,021,27897,5668,5647,1913,7560,58
2022-12-02,Humboldt,023,135768,22531,22436,5161,27597,160
2022-12-02,Imperial,025,180216,67592,67001,17536,84537,960
2022-12-02,Inyo,027,18085,4621,4590,1004,5594,60
2022-12-02,Kern,029,883053,223114,222087,66048,288135,2431
2022-12-02,Kings,031,150075,60934,60636,4156,64792,464
2022-12-02,Lake,033,64148,13128,13078,1220,14298,149
2022-12-02,Lassen,035,31185,10125,10110,993,11103,65
2022-12-02,Los Angeles,037,10098052,3372687,3346956,195518,3542474,33937
2022-12-02,Madera,039,155013,44874,44650,8279,52929,377
2022-12-02,Marin,041,260295,46804,46509,5396,51905,314
2022-12-02,Mariposa,043,17540,3184,3175,365,3540,32
2022-12-02,Mendocino,045,87422,16326,16294,4520,20814,136
2022-12-02,Merced,047,269075,73981,73547,11928,85475,876
2022-12-02,Modoc,049,8938,908,895,338,1233,11
2022-12-02,Mono,051,14174,3242,3237,269,3506,8
2022-12-02,Monterey,053,433212,95712,95364,21397,116761,775
2022-12-02,Napa,055,140530,33034,32859,1421,34280,161
2022-12-02,Nevada,057,99092,19549,19398,1993,21391,132
2022-12-02,Orange,059,3164182,683499,679165,63516,742681,7567
2022-12-02,Placer,061,380077,78086,77618,9713,87331,665
2022-12-02,Plumas,063,18699,3759,3738,432,4170,13
2022-12-02,Riverside,065,2383286,710666,706396,35432,741828,6693
2022-12-02,Sacramento,067,1510023,357293,354844,34204,389048,3377
2022-12-02,San Benito,069,59416,16833,16555,992,17547,108
2022-12-02,San Bernardino,071,2135413,686481,681872,31178,713050,8133
2022-12-02,San Diego,073,3302833,947474,942451,75151,1017602,5569
2022-12-02,San Francisco,075,870044,186071,184552,12123,196675,1078
2022-12-02,San Joaquin,077,732212,202732,201175,15255,216430,2347
2022-12-02,San Luis Obispo,079,281455,64297,64105,7340,71445,531
2022-12-02,San Mateo,081,765935,174592,173283,10675,183958,748
2022-12-02,Santa Barbara,083,443738,108050,107527,6997,114524,738
2022-12-02,Santa Clara,085,1922200,452457,444150,18882,463032,2560
2022-12-02,Santa Cruz,087,273765,65637,65044,3479,68523,275
2022-12-02,Shasta,089,179085,35684,35519,7517,43036,598
2022-12-02,Sierra,091,2930,307,308,60,368,5
2022-12-02,Siskiyou,093,43540,5303,5406,3307,8713,95
2022-12-02,Solano,095,438530,108491,107925,7911,115836,470
2022-12-02,Sonoma,097,501317,109513,109040,5382,114422,530
2022-12-02,Stanislaus,099,539301,140753,140127,21820,161947,1785
2022-12-02,Sutter,101,95872,24867,24800,2472,27272,234
2022-12-02,Tehama,103,63373,14023,13904,3174,17078,216
2022-12-02,Trinity,105,12862,1433,1428,392,1820,22
2022-12-02,Tulare,107,460477,123934,123368,37461,160829,1546
2022-12-02,Tuolumne,109,53932,16033,15945,934,16879,207
2022-12-02,Ventura,111,848112,213561,212363,15877,228240,1591
2022-12-02,Yolo,113,214977,48460,48329,4692,53021,409
2022-12-02,Yuba,115,75493,19390,19307,1751,21058,132
2022-12-01,Alameda,001,1643700,360223,357689,19845,377534,2063
2022-12-01,Alpine,003,1148,138,139,1,140,0
2022-12-01,Amador,005,37829,10188,10150,928,11078,96
2022-12-01,Butte,007,227075,40537,40335,9195,49530,465
2022-12-01,Calaveras,009,45235,8713,8676,560,9236,135
2022-12-01,Colusa,011,21464,3865,3849,1311,5160,22
2022-12-01,Contra Costa,013,1133247,259158,257263,20898,278161,1485
2022-12-01,Del Norte,015,27424,7550,7519,406,7925,56
2022-12-01,El Dorado,017,186661,33391,33200,4329,37529,235
2022-12-01,Fresno,019,978130,281314,279787,31593,311380,2898
2022-12-01,Glenn,021,27897,5660,5647,1911,7558,58
2022-12-01,Humboldt,023,135768,22520,22436,5161,27597,160
2022-12-01,Imperial,025,180216,67520,67001,17435,84436,960
2022-12-01,Inyo,027,18085,4617,4590,1003,5593,60
2022-12-01,Kern,029,883053,222967,222087,66008,288095,2431
2022-12-01,Kings,031,150075,60895,60636,4155,64791,464
2022-12-01,Lake,033,64148,13122,13078,1220,14298,149
2022-12-01,Lassen,035,31185,10123,10110,993,11103,65
2022-12-01,Los Angeles,037,10098052,3369974,3346956,195108,3542064,33937
2022-12-01,Madera,039,155013,44841,44650,8279,52929,377
2022-12-01,Marin,041,260295,46765,46509,5388,51897,314
2022-12-01,Mariposa,043,17540,3181,3175,365,3540,32
2022-12-01,Mendocino,045,87422,16322,16294,4520,20814,136
2022-12-01,Merced,047,269075,73935,73547,11926,85473,876
2022-12-01,Modoc,049,8938,905,895,338,1233,11
2022-12-01,Mono,051,14174,3239,3237,269,3506,8
2022-12-01,Monterey,053,433212,95677,95364,21394,116758,775
2022-12-01,Napa,055,140530,33005,32859,1421,34280,161
2022-12-01,Nevada,057,99092,19533,19398,1991,21389,132
2022-12-01,Orange,059,3164182,682925,679165,63511,742676,7567
2022-12-01,Placer,061,380077,78029,77618,9711,87329,665
2022-12-01,Plumas,063,18699,3752,3738,432,4170,13
2022-12-01,Riverside,065,2383286,710141,706396,35432,741828,6693
2022-12-01,Sacramento,067,1510023,356983,354844,34201,389045,3377
2022-12-01,San Benito,069,59416,16802,16555,992,17547,108
2022-12-01,San Bernardino,071,2135413,685927,681872,31178,713050,8133
2022-12-01,San Diego,073,3302833,946687,942451,75026,1017477,5569
2022-12-01,San Francisco,075,870044,185862,184552,12123,196675,1078
2022-12-01,San Joaquin,077,732212,202583,201175,15244,216419,2347
2022-12-01,San Luis Obispo,079,281455,64275,64105,7332,71437,531
2022-12-01,San Mateo,081,765935,174428,173283,10675,183958,748
2022-12-01,Santa Barbara,083,443738,107985,107527,6994,114521,738
2022-12-01,Santa Clara,085,1922200,451965,444150,18882,463032,2560
2022-12-01,Santa Cruz,087,273765,65567,65044,3479,68523,275
2022-12-01,Shasta,089,179085,35664,35519,7517,43036,598
2022-12-01,Sierra,091,2930,307,308,60,368,5
2022-12-01,Siskiyou,093,43540,5301,5406,3307,8713,95
2022-12-01,Solano,095,438530,108415,107925,7911,115836,470
2022-12-01,Sonoma,097,501317,109445,109040,5382,114422,530
2022-12-01,Stanislaus,099,539301,140672,140127,21820,161947,1785
2022-12-01,Sutter,101,95872,24857,24800,2472,27272,234
2022-12-01,Tehama,103,63373,14007,13904,3172,17076,216
2022-12-01,Trinity,105,12862,1433,1428,392,1820,22
2022-12-01,Tulare,107,460477,123872,123368,37453,160821,1546
2022-12-01,Tuolumne,109,53932,16018,15945,934,16879,207
2022-12-01,Ventura,111,848112,213422,212363,15877,228240,1591
2022-12-01,Yolo,113,214977,48426,48329,4690,53019,409
2022-12-01,Yuba,115,75493,19371,19307,1751,21058,132
2022-11-30,Alameda,001,1643700,359800,357689,19844,377533,2063
2022-11-30,Alpine,003,1148,138,139,1,140,0
2022-11-30,Amador,005,37829,10183,10150,928,11078,96
2022-11-30,Butte,007,227075,40501,40335,9189,49524,465
2022-11-30,Calaveras,009,45235,8708,8676,560,9236,135
2022-11-30,Colusa,011,21464,3862,3849,1311,5160,22
2022-11-30,Contra Costa,013,1133247,258913,257263,20898,278161,1485
2022-11-30,Del Norte,015,27424,7545,7519,406,7925,56
2022-11-30,El Dorado,017,186661,33365,33200,4328,37528,235
2022-11-30,Fresno,019,978130,281062,279787,31592,311379,2898
2022-11-30,Glenn,021,27897,5658,5647,1908,7555,58
2022-11-30,Humboldt,023,135768,22507,22436,5156,27592,160
2022-11-30,Imperial,025,180216,67408,67001,17349,84350,960
2022-11-30,Inyo,027,18085,4616,4590,1003,5593,60
2022-11-30,Kern,029,883053,222871,222087,65972,288059,2431
2022-11-30,Kings,031,150075,60838,60636,4148,64784,464
2022-11-30,Lake,033,64148,13113,13078,1220,14298,149
2022-11-30,Lassen,035,31185,10121,10110,993,11103,65
2022-11-30,Los Angeles,037,10098052,3366653,3346956,194617,3541573,33937
2022-11-30,Madera,039,155013,44814,44650,8279,52929,377
2022-11-30,Marin,041,260295,46728,46509,5385,51894,314
2022-11-30,Mariposa,043,17540,3178,3175,365,3540,32
2022-11-30,Mendocino,045,87422,16315,16294,4520,20814,136
2022-11-30,Merced,047,269075,73874,73547,11925,85472,876
2022-11-30,Modoc,049,8938,905,895,338,1233,11
2022-11-30,Mono,051,14174,3237,3237,269,3506,8
2022-11-30,Monterey,053,433212,95633,95364,21390,116754,775
2022-11-30,Napa,055,140530,32973,32859,1421,34280,161
2022-11-30,Nevada,057,99092,19523,19398,1988,21386,132
2022-11-30,Orange,059,3164182,682302,679165,63496,742661,7567
2022-11-30,Placer,061,380077,77964,77618,9709,87327,665
2022-11-30,Plumas,063,18699,3750,3738,432,4170,13
2022-11-30,Riverside,065,2383286,709482,706396,35432,741828,6693
2022-11-30,Sacramento,067,1510023,356695,354844,34198,389042,3377
2022-11-30,San Benito,069,59416,16762,16555,991,17546,108
2022-11-30,San Bernardino,071,2135413,685335,681872,31175,713047,8133
2022-11-30,San Diego,073,3302833,945836,942451,74914,1017365,5569
2022-11-30,San Francisco,075,870044,185637,184552,12123,196675,1078
2022-11-30,San Joaquin,077,732212,202411,201175,15227,216402,2347
2022-11-30,San Luis Obispo,079,281455,64243,64105,7326,71431,531
2022-11-30,San Mateo,081,765935,174242,173283,10675,183958,748
2022-11-30,Santa Barbara,083,443738,107910,107527,6990,114517,738
2022-11-30,Santa Clara,085,1922200,451461,444150,18882,463032,2560
2022-11-30,Santa Cruz,087,273765,65506,65044,3476,68520,275
2022-11-30,Shasta,089,179085,35647,35519,7517,43036,598
2022-11-30,Sierra,091,2930,307,308,60,368,5
2022-11-30,Siskiyou,093,43540,5298,5406,3307,8713,95
2022-11-30,Solano,095,438530,108326,107925,7911,115836,470
2022-11-30,Sonoma,097,501317,109374,109040,5382,114422,530
2022-11-30,Stanislaus,099,539301,140566,140127,21820,161947,1785
2022-11-30,Sutter,101,95872,24839,24800,2472,27272,234
2022-11-30,Tehama,103,63373,13988,13904,3168,17072,216
2022-11-30,Trinity,105,12862,1432,1428,392,1820,22
2022-11-30,Tulare,107,460477,123790,123368,37444,160812,1546
2022-11-30,Tuolumne,109,53932,16005,15945,934,16879,207
2022-11-30,Ventura,111,848112,213236,212363,15877,228240,1591
2022-11-30,Yolo,113,214977,48398,48329,4688,53017,409
2022-11-30,Yuba,115,75493,19359,19307,1751,21058,132
2022-11-29,Alameda,001,1643700,359377,357689,19843,377532,2063
2022-11-29,Alpine,003,1148,138,139,1,140,0
2022-11-29,Amador,005,37829,10179,10150,928,11078,96
2022-11-29,Butte,007,227075,40458,40335,9188,49523,465
2022-11-29,Calaveras,009,45235,8701,8676,560,9236,135
2022-11-29,Colusa,011,21464,3861,3849,1307,5156,22
2022-11-29,Contra Costa,013,1133247,258657,257263,20898,278161,1485
2022-11-29,Del Norte,015,27424,7538,7519,406,7925,56
2022-11-29,El Dorado,017,186661,33325,33200,4328,37528,235
2022-11-29,Fresno,019,978130,280838,279787,31592,311379,2898
2022-11-29,Glenn,021,27897,5656,5647,1908,7555,58
2022-11-29,Humboldt,023,135768,22491,22436,5155,27591,160
2022-11-29,Imperial,025,180216,67315,67001,17269,84270,960
2022-11-29,Inyo,027,18085,4610,4590,1003,5593,60
2022-11-29,Kern,029,883053,222754,222087,65923,288010,2431
2022-11-29,Kings,031,150075,60798,60636,4148,64784,464
2022-11-29,Lake,033,64148,13105,13078,1220,14298,149
2022-11-29,Lassen,035,31185,10118,10110,993,11103,65
2022-11-29,Los Angeles,037,10098052,3362887,3346956,194065,3541021,33937
2022-11-29,Madera,039,155013,44772,44650,8279,52929,377
2022-11-29,Marin,041,260295,46682,46509,5383,51892,314
2022-11-29,Mariposa,043,17540,3177,3175,365,3540,32
2022-11-29,Mendocino,045,87422,16306,16294,4520,20814,136
2022-11-29,Merced,047,269075,73822,73547,11920,85467,876
2022-11-29,Modoc,049,8938,903,895,338,1233,11
2022-11-29,Mono,051,14174,3236,3237,269,3506,8
2022-11-29,Monterey,053,433212,95593,95364,21387,116751,775
2022-11-29,Napa,055,140530,32948,32859,1421,34280,161
2022-11-29,Nevada,057,99092,19502,19398,1985,21383,132
2022-11-29,Orange,059,3164182,681569,679165,63480,742645,7567
2022-11-29,Placer,061,380077,77893,77618,9706,87324,665
2022-11-29,Plumas,063,18699,3744,3738,432,4170,13
2022-11-29,Riverside,065,2383286,708888,706396,35431,741827,6693
2022-11-29,Sacramento,067,1510023,356312,354844,34194,389038,3377
2022-11-29,San Benito,069,59416,16720,16555,990,17545,108
2022-11-29,San Bernardino,071,2135413,684709,681872,31171,713043,8133
2022-11-29,San Diego,073,3302833,944937,942451,74755,1017206,5569
2022-11-29,San Francisco,075,870044,185407,184552,12123,196675,1078
2022-11-29,San Joaquin,077,732212,202212,201175,15210,216385,2347
2022-11-29,San Luis Obispo,079,281455,64205,64105,7322,71427,531
2022-11-29,San Mateo,081,765935,174058,173283,10675,183958,748
2022-11-29,Santa Barbara,083,443738,107826,107527,6989,114516,738
2022-11-29,Santa Clara,085,1922200,450927,444150,18882,463032,2560
2022-11-29,Santa Cruz,087,273765,65423,65044,3476,68520,275
2022-11-29,Shasta,089,179085,35627,35519,7517,43036,598
2022-11-29,Sierra,091,2930,307,308,60,368,5
2022-11-29,Siskiyou,093,43540,5294,5406,3307,8713,95
2022-11-29,Solano,095,438530,108219,107925,7910,115835,470
2022-11-29,Sonoma,097,501317,109295,109040,5381,114421,530
2022-11-29,Stanislaus,099,539301,140483,140127,21819,161946,1785
2022-11-29,Sutter,101,95872,24831,24800,2472,27272,234
2022-11-29,Tehama,103,63373,13973,13904,3164,17068,216
2022-11-29,Trinity,105,12862,1430,1428,392,1820,22
2022-11-29,Tulare,107,460477,123704,123368,37438,160806,1546
2022-11-29,Tuolumne,109,53932,15990,15945,934,16879,207
2022-11-29,Ventura,111,848112,213058,212363,15877,228240,1591
2022-11-29,Yolo,113,214977,48364,48329,4680,53009,409
2022-11-29,Yuba,115,75493,19348,19307,1751,21058,132
2022-11-28,Alameda,001,1643700,358929,356253,19843,376096,2059
2022-11-28,Alpine,003,1148,138,138,1,139,0
2022-11-28,Amador,005,37829,10171,10132,928,11060,95
2022-11-28,Butte,007,227075,40419,40206,9185,49391,465
2022-11-28,Calaveras,009,45235,8692,8651,560,9211,135
2022-11-28,Colusa,011,21464,3855,3840,1307,5147,22
2022-11-28,Contra Costa,013,1133247,258361,256191,20898,277089,1483
2022-11-28,Del Norte,015,27424,7533,7502,406,7908,56
2022-11-28,El Dorado,017,186661,33293,33057,4328,37385,233
2022-11-28,Fresno,019,978130,280568,278793,31589,310382,2893
2022-11-28,Glenn,021,27897,5653,5625,1906,7531,58
2022-11-28,Humboldt,023,135768,22476,22351,5146,27497,160
2022-11-28,Imperial,025,180216,67172,66747,17175,83922,960
2022-11-28,Inyo,027,18085,4603,4557,1003,5560,60
2022-11-28,Kern,029,883053,222597,221639,65867,287506,2430
2022-11-28,Kings,031,150075,60735,60457,4146,64603,463
2022-11-28,Lake,033,64148,13092,13042,1220,14262,149
2022-11-28,Lassen,035,31185,10117,10091,992,11083,65
2022-11-28,Los Angeles,037,10098052,3358774,3332327,193536,3525863,33882
2022-11-28,Madera,039,155013,44741,44503,8279,52782,377
2022-11-28,Marin,041,260295,46639,46293,5381,51674,314
2022-11-28,Mariposa,043,17540,3175,3156,365,3521,32
2022-11-28,Mendocino,045,87422,16299,16255,4520,20775,136
2022-11-28,Merced,047,269075,73762,73259,11915,85174,876
2022-11-28,Modoc,049,8938,901,895,338,1233,11
2022-11-28,Mono,051,14174,3236,3233,268,3501,8
2022-11-28,Monterey,053,433212,95545,95169,21381,116550,775
2022-11-28,Napa,055,140530,32920,32736,1421,34157,161
2022-11-28,Nevada,057,99092,19475,19310,1983,21293,132
2022-11-28,Orange,059,3164182,680746,676959,63466,740425,7565
2022-11-28,Placer,061,380077,77845,77331,9705,87036,665
2022-11-28,Plumas,063,18699,3742,3737,432,4169,13
2022-11-28,Riverside,065,2383286,708240,704180,35431,739611,6692
2022-11-28,Sacramento,067,1510023,355930,353538,34193,387731,3374
2022-11-28,San Benito,069,59416,16675,16474,988,17462,108
2022-11-28,San Bernardino,071,2135413,684020,679620,31163,710783,8133
2022-11-28,San Diego,073,3302833,943893,938583,74640,1013223,5562
2022-11-28,San Francisco,075,870044,185153,183671,12122,195793,1076
2022-11-28,San Joaquin,077,732212,202027,200474,15182,215656,2344
2022-11-28,San Luis Obispo,079,281455,64172,63962,7322,71284,530
2022-11-28,San Mateo,081,765935,173820,172573,10675,183248,748
2022-11-28,Santa Barbara,083,443738,107728,107184,6987,114171,735
2022-11-28,Santa Clara,085,1922200,450340,442182,18882,461064,2558
2022-11-28,Santa Cruz,087,273765,65330,64814,3476,68290,275
2022-11-28,Shasta,089,179085,35599,35452,7516,42968,596
2022-11-28,Sierra,091,2930,307,308,60,368,5
2022-11-28,Siskiyou,093,43540,5289,5385,3307,8692,95
2022-11-28,Solano,095,438530,108105,107446,7910,115356,469
2022-11-28,Sonoma,097,501317,109208,108690,5377,114067,530
2022-11-28,Stanislaus,099,539301,140368,139741,21807,161548,1785
2022-11-28,Sutter,101,95872,24816,24730,2472,27202,234
2022-11-28,Tehama,103,63373,13954,13857,3163,17020,216
2022-11-28,Trinity,105,12862,1430,1425,392,1817,21
2022-11-28,Tulare,107,460477,123628,123029,37434,160463,1545
2022-11-28,Tuolumne,109,53932,15981,15885,934,16819,206
2022-11-28,Ventura,111,848112,212849,211680,15877,227557,1591
2022-11-28,Yolo,113,214977,48332,48228,4672,52900,408
2022-11-28,Yuba,115,75493,19334,19233,1751,20984,132
2022-11-27,Alameda,001,1643700,358351,356253,19840,376093,2059
2022-11-27,Alpine,003,1148,138,138,1,139,0
2022-11-27,Amador,005,37829,10166,10132,928,11060,95
2022-11-27,Butte,007,227075,40373,40206,9185,49391,465
2022-11-27,Calaveras,009,45235,8686,8651,560,9211,135
2022-11-27,Colusa,011,21464,3851,3840,1305,5145,22
2022-11-27,Contra Costa,013,1133247,258012,256191,20897,277088,1483
2022-11-27,Del Norte,015,27424,7525,7502,406,7908,56
2022-11-27,El Dorado,017,186661,33249,33057,4328,37385,233
2022-11-27,Fresno,019,978130,280231,278793,31588,310381,2893
2022-11-27,Glenn,021,27897,5652,5625,1905,7530,58
2022-11-27,Humboldt,023,135768,22459,22351,5141,27492,160
2022-11-27,Imperial,025,180216,67082,66747,17104,83851,960
2022-11-27,Inyo,027,18085,4595,4557,1003,5560,60
2022-11-27,Kern,029,883053,222439,221639,65783,287422,2430
2022-11-27,Kings,031,150075,60661,60457,4142,64599,463
2022-11-27,Lake,033,64148,13078,13042,1219,14261,149
2022-11-27,Lassen,035,31185,10110,10091,992,11083,65
2022-11-27,Los Angeles,037,10098052,3353846,3332327,192895,3525222,33882
2022-11-27,Madera,039,155013,44692,44503,8279,52782,377
2022-11-27,Marin,041,260295,46581,46293,5379,51672,314
2022-11-27,Mariposa,043,17540,3171,3156,365,3521,32
2022-11-27,Mendocino,045,87422,16287,16255,4520,20775,136
2022-11-27,Merced,047,269075,73650,73259,11914,85173,876
2022-11-27,Modoc,049,8938,899,895,338,1233,11
2022-11-27,Mono,051,14174,3236,3233,268,3501,8
2022-11-27,Monterey,053,433212,95483,95169,21379,116548,775
2022-11-27,Napa,055,140530,32887,32736,1421,34157,161
2022-11-27,Nevada,057,99092,19445,19310,1979,21289,132
2022-11-27,Orange,059,3164182,679940,676959,63446,740405,7565
2022-11-27,Placer,061,380077,77752,77331,9695,87026,665
2022-11-27,Plumas,063,18699,3740,3737,432,4169,13
2022-11-27,Riverside,065,2383286,707400,704180,35429,739609,6692
2022-11-27,Sacramento,067,1510023,355482,353538,34193,387731,3374
2022-11-27,San Benito,069,59416,16634,16474,988,17462,108
2022-11-27,San Bernardino,071,2135413,683126,679620,31161,710781,8133
2022-11-27,San Diego,073,3302833,942661,938583,74485,1013068,5562
2022-11-27,San Francisco,075,870044,184848,183671,12122,195793,1076
2022-11-27,San Joaquin,077,732212,201759,200474,15159,215633,2344
2022-11-27,San Luis Obispo,079,281455,64101,63962,7321,71283,530
2022-11-27,San Mateo,081,765935,173506,172573,10674,183247,748
2022-11-27,Santa Barbara,083,443738,107620,107184,6982,114166,735
2022-11-27,Santa Clara,085,1922200,449663,442182,18881,461063,2558
2022-11-27,Santa Cruz,087,273765,65183,64814,3476,68290,275
2022-11-27,Shasta,089,179085,35582,35452,7516,42968,596
2022-11-27,Sierra,091,2930,307,308,60,368,5
2022-11-27,Siskiyou,093,43540,5285,5385,3307,8692,95
2022-11-27,Solano,095,438530,107968,107446,7909,115355,469
2022-11-27,Sonoma,097,501317,109103,108690,5377,114067,530
2022-11-27,Stanislaus,099,539301,140258,139741,21804,161545,1785
2022-11-27,Sutter,101,95872,24797,24730,2472,27202,234
2022-11-27,Tehama,103,63373,13936,13857,3157,17014,216
2022-11-27,Trinity,105,12862,1429,1425,392,1817,21
2022-11-27,Tulare,107,460477,123477,123029,37418,160447,1545
2022-11-27,Tuolumne,109,53932,15974,15885,934,16819,206
2022-11-27,Ventura,111,848112,212613,211680,15877,227557,1591
2022-11-27,Yolo,113,214977,48292,48228,4672,52900,408
2022-11-27,Yuba,115,75493,19314,19233,1751,20984,132
2022-11-26,Alameda,001,1643700,358084,356253,19839,376092,2059
2022-11-26,Alpine,003,1148,138,138,1,139,0
2022-11-26,Amador,005,37829,10162,10132,928,11060,95
2022-11-26,Butte,007,227075,40350,40206,9182,49388,465
2022-11-26,Calaveras,009,45235,8683,8651,560,9211,135
2022-11-26,Colusa,011,21464,3848,3840,1304,5144,22
2022-11-26,Contra Costa,013,1133247,257795,256191,20897,277088,1483
2022-11-26,Del Norte,015,27424,7515,7502,406,7908,56
2022-11-26,El Dorado,017,186661,33231,33057,4328,37385,233
2022-11-26,Fresno,019,978130,280066,278793,31588,310381,2893
2022-11-26,Glenn,021,27897,5648,5625,1901,7526,58
2022-11-26,Humboldt,023,135768,22446,22351,5140,27491,160
2022-11-26,Imperial,025,180216,67039,66747,17089,83836,960
2022-11-26,Inyo,027,18085,4589,4557,1003,5560,60
2022-11-26,Kern,029,883053,222348,221639,65738,287377,2430
2022-11-26,Kings,031,150075,60635,60457,4142,64599,463
2022-11-26,Lake,033,64148,13071,13042,1219,14261,149
2022-11-26,Lassen,035,31185,10109,10091,992,11083,65
2022-11-26,Los Angeles,037,10098052,3351533,3332327,192540,3524867,33882
2022-11-26,Madera,039,155013,44670,44503,8279,52782,377
2022-11-26,Marin,041,260295,46541,46293,5378,51671,314
2022-11-26,Mariposa,043,17540,3171,3156,365,3521,32
2022-11-26,Mendocino,045,87422,16281,16255,4520,20775,136
2022-11-26,Merced,047,269075,73610,73259,11912,85171,876
2022-11-26,Modoc,049,8938,899,895,338,1233,11
2022-11-26,Mono,051,14174,3235,3233,268,3501,8
2022-11-26,Monterey,053,433212,95443,95169,21376,116545,775
2022-11-26,Napa,055,140530,32875,32736,1421,34157,161
2022-11-26,Nevada,057,99092,19438,19310,1977,21287,132
2022-11-26,Orange,059,3164182,679530,676959,63445,740404,7565
2022-11-26,Placer,061,380077,77693,77331,9692,87023,665
2022-11-26,Plumas,063,18699,3740,3737,432,4169,13
2022-11-26,Riverside,065,2383286,706960,704180,35429,739609,6692
2022-11-26,Sacramento,067,1510023,355278,353538,34193,387731,3374
2022-11-26,San Benito,069,59416,16613,16474,988,17462,108
2022-11-26,San Bernardino,071,2135413,682730,679620,31157,710777,8133
2022-11-26,San Diego,073,3302833,942217,938583,74405,1012988,5562
2022-11-26,San Francisco,075,870044,184693,183671,12121,195792,1076
2022-11-26,San Joaquin,077,732212,201631,200474,15141,215615,2344
2022-11-26,San Luis Obispo,079,281455,64084,63962,7320,71282,530
2022-11-26,San Mateo,081,765935,173359,172573,10674,183247,748
2022-11-26,Santa Barbara,083,443738,107531,107184,6981,114165,735
2022-11-26,Santa Clara,085,1922200,449169,442182,18881,461063,2558
2022-11-26,Santa Cruz,087,273765,65135,64814,3476,68290,275
2022-11-26,Shasta,089,179085,35568,35452,7515,42967,596
2022-11-26,Sierra,091,2930,307,308,60,368,5
2022-11-26,Siskiyou,093,43540,5278,5385,3307,8692,95
2022-11-26,Solano,095,438530,107920,107446,7909,115355,469
2022-11-26,Sonoma,097,501317,109047,108690,5377,114067,530
2022-11-26,Stanislaus,099,539301,140194,139741,21803,161544,1785
2022-11-26,Sutter,101,95872,24791,24730,2472,27202,234
2022-11-26,Tehama,103,63373,13930,13857,3154,17011,216
2022-11-26,Trinity,105,12862,1429,1425,392,1817,21
2022-11-26,Tulare,107,460477,123428,123029,37412,160441,1545
2022-11-26,Tuolumne,109,53932,15962,15885,934,16819,206
2022-11-26,Ventura,111,848112,212476,211680,15877,227557,1591
2022-11-26,Yolo,113,214977,48272,48228,4669,52897,408
2022-11-26,Yuba,115,75493,19307,19233,1751,20984,132
2022-11-25,Alameda,001,1643700,357819,356253,19837,376090,2059
2022-11-25,Alpine,003,1148,138,138,1,139,0
2022-11-25,Amador,005,37829,10155,10132,928,11060,95
2022-11-25,Butte,007,227075,40333,40206,9177,49383,465
2022-11-25,Calaveras,009,45235,8680,8651,560,9211,135
2022-11-25,Colusa,011,21464,3846,3840,1304,5144,22
2022-11-25,Contra Costa,013,1133247,257632,256191,20897,277088,1483
2022-11-25,Del Norte,015,27424,7514,7502,406,7908,56
2022-11-25,El Dorado,017,186661,33205,33057,4327,37384,233
2022-11-25,Fresno,019,978130,279897,278793,31588,310381,2893
2022-11-25,Glenn,021,27897,5647,5625,1900,7525,58
2022-11-25,Humboldt,023,135768,22433,22351,5140,27491,160
2022-11-25,Imperial,025,180216,67002,66747,17056,83803,960
2022-11-25,Inyo,027,18085,4585,4557,1002,5559,60
2022-11-25,Kern,029,883053,222281,221639,65707,287346,2430
2022-11-25,Kings,031,150075,60612,60457,4142,64599,463
2022-11-25,Lake,033,64148,13069,13042,1219,14261,149
2022-11-25,Lassen,035,31185,10109,10091,992,11083,65
2022-11-25,Los Angeles,037,10098052,3349342,3332327,192172,3524499,33882
2022-11-25,Madera,039,155013,44646,44503,8279,52782,377
2022-11-25,Marin,041,260295,46500,46293,5378,51671,314
2022-11-25,Mariposa,043,17540,3170,3156,365,3521,32
2022-11-25,Mendocino,045,87422,16273,16255,4520,20775,136
2022-11-25,Merced,047,269075,73574,73259,11910,85169,876
2022-11-25,Modoc,049,8938,898,895,338,1233,11
2022-11-25,Mono,051,14174,3235,3233,268,3501,8
2022-11-25,Monterey,053,433212,95396,95169,21373,116542,775
2022-11-25,Napa,055,140530,32862,32736,1421,34157,161
2022-11-25,Nevada,057,99092,19423,19310,1976,21286,132
2022-11-25,Orange,059,3164182,679134,676959,63445,740404,7565
2022-11-25,Placer,061,380077,77654,77331,9690,87021,665
2022-11-25,Plumas,063,18699,3740,3737,432,4169,13
2022-11-25,Riverside,065,2383286,706585,704180,35428,739608,6692
2022-11-25,Sacramento,067,1510023,355065,353538,34192,387730,3374
2022-11-25,San Benito,069,59416,16589,16474,988,17462,108
2022-11-25,San Bernardino,071,2135413,682332,679620,31153,710773,8133
2022-11-25,San Diego,073,3302833,941731,938583,74348,1012931,5562
2022-11-25,San Francisco,075,870044,184547,183671,12120,195791,1076
2022-11-25,San Joaquin,077,732212,201520,200474,15133,215607,2344
2022-11-25,San Luis Obispo,079,281455,64070,63962,7312,71274,530
2022-11-25,San Mateo,081,765935,173181,172573,10674,183247,748
2022-11-25,Santa Barbara,083,443738,107468,107184,6981,114165,735
2022-11-25,Santa Clara,085,1922200,448750,442182,18881,461063,2558
2022-11-25,Santa Cruz,087,273765,65099,64814,3476,68290,275
2022-11-25,Shasta,089,179085,35561,35452,7514,42966,596
2022-11-25,Sierra,091,2930,307,308,60,368,5
2022-11-25,Siskiyou,093,43540,5275,5385,3307,8692,95
2022-11-25,Solano,095,438530,107840,107446,7909,115355,469
2022-11-25,Sonoma,097,501317,108995,108690,5377,114067,530
2022-11-25,Stanislaus,099,539301,140124,139741,21803,161544,1785
2022-11-25,Sutter,101,95872,24780,24730,2472,27202,234
2022-11-25,Tehama,103,63373,13921,13857,3151,17008,216
2022-11-25,Trinity,105,12862,1429,1425,392,1817,21
2022-11-25,Tulare,107,460477,123366,123029,37407,160436,1545
2022-11-25,Tuolumne,109,53932,15952,15885,934,16819,206
2022-11-25,Ventura,111,848112,212347,211680,15874,227554,1591
2022-11-25,Yolo,113,214977,48253,48228,4662,52890,408
2022-11-25,Yuba,115,75493,19296,19233,1751,20984,132
2022-11-24,Alameda,001,1643700,357508,356253,19837,376090,2059
2022-11-24,Alpine,003,1148,138,138,1,139,0
2022-11-24,Amador,005,37829,10152,10132,928,11060,95
2022-11-24,Butte,007,227075,40294,40206,9172,49378,465
2022-11-24,Calaveras,009,45235,8673,8651,560,9211,135
2022-11-24,Colusa,011,21464,3843,3840,1304,5144,22
2022-11-24,Contra Costa,013,1133247,257457,256191,20897,277088,1483
2022-11-24,Del Norte,015,27424,7513,7502,406,7908,56
2022-11-24,El Dorado,017,186661,33173,33057,4326,37383,233
2022-11-24,Fresno,019,978130,279709,278793,31585,310378,2893
2022-11-24,Glenn,021,27897,5643,5625,1899,7524,58
2022-11-24,Humboldt,023,135768,22420,22351,5139,27490,160
2022-11-24,Imperial,025,180216,66941,66747,17045,83792,960
2022-11-24,Inyo,027,18085,4581,4557,1002,5559,60
2022-11-24,Kern,029,883053,222205,221639,65659,287298,2430
2022-11-24,Kings,031,150075,60578,60457,4141,64598,463
2022-11-24,Lake,033,64148,13062,13042,1219,14261,149
2022-11-24,Lassen,035,31185,10105,10091,992,11083,65
2022-11-24,Los Angeles,037,10098052,3346831,3332327,191779,3524106,33882
2022-11-24,Madera,039,155013,44624,44503,8279,52782,377
2022-11-24,Marin,041,260295,46455,46293,5377,51670,314
2022-11-24,Mariposa,043,17540,3167,3156,365,3521,32
2022-11-24,Mendocino,045,87422,16267,16255,4520,20775,136
2022-11-24,Merced,047,269075,73516,73259,11908,85167,876
2022-11-24,Modoc,049,8938,898,895,338,1233,11
2022-11-24,Mono,051,14174,3233,3233,268,3501,8
2022-11-24,Monterey,053,433212,95356,95169,21369,116538,775
2022-11-24,Napa,055,140530,32842,32736,1421,34157,161
2022-11-24,Nevada,057,99092,19408,19310,1975,21285,132
2022-11-24,Orange,059,3164182,678712,676959,63444,740403,7565
2022-11-24,Placer,061,380077,77614,77331,9682,87013,665
2022-11-24,Plumas,063,18699,3739,3737,432,4169,13
2022-11-24,Riverside,065,2383286,706115,704180,35427,739607,6692
2022-11-24,Sacramento,067,1510023,354809,353538,34188,387726,3374
2022-11-24,San Benito,069,59416,16579,16474,988,17462,108
2022-11-24,San Bernardino,071,2135413,681845,679620,31150,710770,8133
2022-11-24,San Diego,073,3302833,941150,938583,74264,1012847,5562
2022-11-24,San Francisco,075,870044,184387,183671,12117,195788,1076
2022-11-24,San Joaquin,077,732212,201366,200474,15109,215583,2344
2022-11-24,San Luis Obispo,079,281455,64050,63962,7308,71270,530
2022-11-24,San Mateo,081,765935,173047,172573,10674,183247,748
2022-11-24,Santa Barbara,083,443738,107422,107184,6981,114165,735
2022-11-24,Santa Clara,085,1922200,448418,442182,18881,461063,2558
2022-11-24,Santa Cruz,087,273765,65069,64814,3476,68290,275
2022-11-24,Shasta,089,179085,35548,35452,7511,42963,596
2022-11-24,Sierra,091,2930,307,308,60,368,5
2022-11-24,Siskiyou,093,43540,5275,5385,3307,8692,95
2022-11-24,Solano,095,438530,107723,107446,7909,115355,469
2022-11-24,Sonoma,097,501317,108934,108690,5377,114067,530
2022-11-24,Stanislaus,099,539301,140044,139741,21803,161544,1785
2022-11-24,Sutter,101,95872,24768,24730,2472,27202,234
2022-11-24,Tehama,103,63373,13910,13857,3149,17006,216
2022-11-24,Trinity,105,12862,1429,1425,392,1817,21
2022-11-24,Tulare,107,460477,123314,123029,37401,160430,1545
2022-11-24,Tuolumne,109,53932,15938,15885,934,16819,206
2022-11-24,Ventura,111,848112,212209,211680,15874,227554,1591
2022-11-24,Yolo,113,214977,48235,48228,4658,52886,408
2022-11-24,Yuba,115,75493,19281,19233,1751,20984,132
2022-11-23,Alameda,001,1643700,357358,356253,19837,376090,2059
2022-11-23,Alpine,003,1148,138,138,1,139,0
2022-11-23,Amador,005,37829,10149,10132,928,11060,95
2022-11-23,Butte,007,227075,40279,40206,9169,49375,465
2022-11-23,Calaveras,009,45235,8668,8651,560,9211,135
2022-11-23,Colusa,011,21464,3843,3840,1304,5144,22
2022-11-23,Contra Costa,013,1133247,257348,256191,20897,277088,1483
2022-11-23,Del Norte,015,27424,7512,7502,406,7908,56
2022-11-23,El Dorado,017,186661,33163,33057,4326,37383,233
2022-11-23,Fresno,019,978130,279623,278793,31585,310378,2893
2022-11-23,Glenn,021,27897,5642,5625,1899,7524,58
2022-11-23,Humboldt,023,135768,22414,22351,5139,27490,160
2022-11-23,Imperial,025,180216,66899,66747,17039,83786,960
2022-11-23,Inyo,027,18085,4580,4557,1002,5559,60
2022-11-23,Kern,029,883053,222153,221639,65653,287292,2430
2022-11-23,Kings,031,150075,60566,60457,4141,64598,463
2022-11-23,Lake,033,64148,13056,13042,1219,14261,149
2022-11-23,Lassen,035,31185,10101,10091,992,11083,65
2022-11-23,Los Angeles,037,10098052,3345825,3332327,191603,3523930,33882
2022-11-23,Madera,039,155013,44623,44503,8279,52782,377
2022-11-23,Marin,041,260295,46430,46293,5377,51670,314
2022-11-23,Mariposa,043,17540,3167,3156,365,3521,32
2022-11-23,Mendocino,045,87422,16266,16255,4520,20775,136
2022-11-23,Merced,047,269075,73495,73259,11907,85166,876
2022-11-23,Modoc,049,8938,898,895,338,1233,11
2022-11-23,Mono,051,14174,3233,3233,268,3501,8
2022-11-23,Monterey,053,433212,95336,95169,21365,116534,775
2022-11-23,Napa,055,140530,32831,32736,1421,34157,161
2022-11-23,Nevada,057,99092,19401,19310,1975,21285,132
2022-11-23,Orange,059,3164182,678577,676959,63444,740403,7565
2022-11-23,Placer,061,380077,77576,77331,9680,87011,665
2022-11-23,Plumas,063,18699,3738,3737,432,4169,13
2022-11-23,Riverside,065,2383286,705932,704180,35425,739605,6692
2022-11-23,Sacramento,067,1510023,354690,353538,34184,387722,3374
2022-11-23,San Benito,069,59416,16576,16474,988,17462,108
2022-11-23,San Bernardino,071,2135413,681651,679620,31148,710768,8133
2022-11-23,San Diego,073,3302833,940945,938583,74230,1012813,5562
2022-11-23,San Francisco,075,870044,184311,183671,12116,195787,1076
2022-11-23,San Joaquin,077,732212,201300,200474,15095,215569,2344
2022-11-23,San Luis Obispo,079,281455,64043,63962,7308,71270,530
2022-11-23,San Mateo,081,765935,172993,172573,10674,183247,748
2022-11-23,Santa Barbara,083,443738,107389,107184,6981,114165,735
2022-11-23,Santa Clara,085,1922200,448247,442182,18880,461062,2558
2022-11-23,Santa Cruz,087,273765,65051,64814,3476,68290,275
2022-11-23,Shasta,089,179085,35542,35452,7511,42963,596
2022-11-23,Sierra,091,2930,307,308,60,368,5
2022-11-23,Siskiyou,093,43540,5272,5385,3307,8692,95
2022-11-23,Solano,095,438530,107708,107446,7909,115355,469
2022-11-23,Sonoma,097,501317,108904,108690,5377,114067,530
2022-11-23,Stanislaus,099,539301,140006,139741,21803,161544,1785
2022-11-23,Sutter,101,95872,24764,24730,2472,27202,234
2022-11-23,Tehama,103,63373,13905,13857,3149,17006,216
2022-11-23,Trinity,105,12862,1429,1425,392,1817,21
2022-11-23,Tulare,107,460477,123265,123029,37399,160428,1545
2022-11-23,Tuolumne,109,53932,15925,15885,934,16819,206
2022-11-23,Ventura,111,848112,212142,211680,15874,227554,1591
2022-11-23,Yolo,113,214977,48217,48228,4657,52885,408
2022-11-23,Yuba,115,75493,19274,19233,1751,20984,132
2022-11-22,Alameda,001,1643700,356988,356253,19837,376090,2059
2022-11-22,Alpine,003,1148,138,138,1,139,0
2022-11-22,Amador,005,37829,10146,10132,928,11060,95
2022-11-22,Butte,007,227075,40252,40206,9167,49373,465
2022-11-22,Calaveras,009,45235,8666,8651,560,9211,135
2022-11-22,Colusa,011,21464,3842,3840,1304,5144,22
2022-11-22,Contra Costa,013,1133247,257121,256191,20897,277088,1483
2022-11-22,Del Norte,015,27424,7507,7502,406,7908,56
2022-11-22,El Dorado,017,186661,33136,33057,4325,37382,233
2022-11-22,Fresno,019,978130,279434,278793,31583,310376,2893
2022-11-22,Glenn,021,27897,5639,5625,1896,7521,58
2022-11-22,Humboldt,023,135768,22390,22351,5138,27489,160
2022-11-22,Imperial,025,180216,66849,66747,16943,83690,960
2022-11-22,Inyo,027,18085,4576,4557,1002,5559,60
2022-11-22,Kern,029,883053,222081,221639,65623,287262,2430
2022-11-22,Kings,031,150075,60524,60457,4139,64596,463
2022-11-22,Lake,033,64148,13053,13042,1219,14261,149
2022-11-22,Lassen,035,31185,10094,10091,992,11083,65
2022-11-22,Los Angeles,037,10098052,3343184,3332327,191176,3523503,33882
2022-11-22,Madera,039,155013,44598,44503,8279,52782,377
2022-11-22,Marin,041,260295,46389,46293,5376,51669,314
2022-11-22,Mariposa,043,17540,3162,3156,365,3521,32
2022-11-22,Mendocino,045,87422,16260,16255,4520,20775,136
2022-11-22,Merced,047,269075,73455,73259,11907,85166,876
2022-11-22,Modoc,049,8938,898,895,336,1231,11
2022-11-22,Mono,051,14174,3232,3233,268,3501,8
2022-11-22,Monterey,053,433212,95304,95169,21361,116530,775
2022-11-22,Napa,055,140530,32803,32736,1421,34157,161
2022-11-22,Nevada,057,99092,19383,19310,1968,21278,132
2022-11-22,Orange,059,3164182,678170,676959,63436,740395,7565
2022-11-22,Placer,061,380077,77517,77331,9674,87005,665
2022-11-22,Plumas,063,18699,3736,3737,432,4169,13
2022-11-22,Riverside,065,2383286,705511,704180,35425,739605,6692
2022-11-22,Sacramento,067,1510023,354445,353538,34177,387715,3374
2022-11-22,San Benito,069,59416,16560,16474,988,17462,108
2022-11-22,San Bernardino,071,2135413,681249,679620,31144,710764,8133
2022-11-22,San Diego,073,3302833,940452,938583,74137,1012720,5562
2022-11-22,San Francisco,075,870044,184167,183671,12115,195786,1076
2022-11-22,San Joaquin,077,732212,201173,200474,15075,215549,2344
2022-11-22,San Luis Obispo,079,281455,64025,63962,7305,71267,530
2022-11-22,San Mateo,081,765935,172857,172573,10674,183247,748
2022-11-22,Santa Barbara,083,443738,107338,107184,6980,114164,735
2022-11-22,Santa Clara,085,1922200,447859,442182,18880,461062,2558
2022-11-22,Santa Cruz,087,273765,65006,64814,3476,68290,275
2022-11-22,Shasta,089,179085,35524,35452,7510,42962,596
2022-11-22,Sierra,091,2930,307,308,60,368,5
2022-11-22,Siskiyou,093,43540,5268,5385,3307,8692,95
2022-11-22,Solano,095,438530,107624,107446,7909,115355,469
2022-11-22,Sonoma,097,501317,108840,108690,5373,114063,530
2022-11-22,Stanislaus,099,539301,139937,139741,21802,161543,1785
2022-11-22,Sutter,101,95872,24750,24730,2472,27202,234
2022-11-22,Tehama,103,63373,13895,13857,3149,17006,216
2022-11-22,Trinity,105,12862,1428,1425,392,1817,21
2022-11-22,Tulare,107,460477,123190,123029,37394,160423,1545
2022-11-22,Tuolumne,109,53932,15914,15885,934,16819,206
2022-11-22,Ventura,111,848112,212038,211680,15869,227549,1591
2022-11-22,Yolo,113,214977,48191,48228,4653,52881,408
2022-11-22,Yuba,115,75493,19264,19233,1751,20984,132
2022-11-21,Alameda,001,1643700,356719,354457,19837,374294,2054
2022-11-21,Alpine,003,1148,138,136,1,137,0
2022-11-21,Amador,005,37829,10141,10108,928,11036,95
2022-11-21,Butte,007,227075,40218,40058,9166,49224,461
2022-11-21,Calaveras,009,45235,8661,8612,560,9172,135
2022-11-21,Colusa,011,21464,3840,3828,1304,5132,22
2022-11-21,Contra Costa,013,1133247,256952,254944,20897,275841,1479
2022-11-21,Del Norte,015,27424,7505,7492,406,7898,56
2022-11-21,El Dorado,017,186661,33109,32903,4321,37224,233
2022-11-21,Fresno,019,978130,279261,277735,31582,309317,2888
2022-11-21,Glenn,021,27897,5636,5591,1894,7485,50
2022-11-21,Humboldt,023,135768,22372,22254,5137,27391,160
2022-11-21,Imperial,025,180216,66796,66473,16885,83358,960
2022-11-21,Inyo,027,18085,4570,4530,1002,5532,60
2022-11-21,Kern,029,883053,221974,221145,65583,286728,2430
2022-11-21,Kings,031,150075,60492,60156,4136,64292,462
2022-11-21,Lake,033,64148,13045,12978,1218,14196,149
2022-11-21,Lassen,035,31185,10090,10043,992,11035,65
2022-11-21,Los Angeles,037,10098052,3340617,3320411,190755,3511166,33830
2022-11-21,Madera,039,155013,44579,44373,8279,52652,375
2022-11-21,Marin,041,260295,46343,46115,5376,51491,314
2022-11-21,Mariposa,043,17540,3158,3138,365,3503,32
2022-11-21,Mendocino,045,87422,16253,16205,4520,20725,136
2022-11-21,Merced,047,269075,73416,73022,11906,84928,875
2022-11-21,Modoc,049,8938,896,889,335,1224,11
2022-11-21,Mono,051,14174,3232,3226,268,3494,8
2022-11-21,Monterey,053,433212,95267,94949,21354,116303,773
2022-11-21,Napa,055,140530,32783,32610,1421,34031,161
2022-11-21,Nevada,057,99092,19362,19238,1964,21202,132
2022-11-21,Orange,059,3164182,677701,674980,63428,738408,7553
2022-11-21,Placer,061,380077,77461,76976,9669,86645,662
2022-11-21,Plumas,063,18699,3736,3729,432,4161,13
2022-11-21,Riverside,065,2383286,705064,702343,35424,737767,6686
2022-11-21,Sacramento,067,1510023,354150,352117,34173,386290,3362
2022-11-21,San Benito,069,59416,16548,16410,988,17398,108
2022-11-21,San Bernardino,071,2135413,680744,677641,31124,708765,8131
2022-11-21,San Diego,073,3302833,939860,935811,74024,1009835,5557
2022-11-21,San Francisco,075,870044,183995,182855,12115,194970,1074
2022-11-21,San Joaquin,077,732212,201044,199682,15060,214742,2341
2022-11-21,San Luis Obispo,079,281455,64000,63812,7305,71117,530
2022-11-21,San Mateo,081,765935,172733,171862,10674,182536,748
2022-11-21,Santa Barbara,083,443738,107264,106885,6979,113864,733
2022-11-21,Santa Clara,085,1922200,447451,440104,18880,458984,2541
2022-11-21,Santa Cruz,087,273765,64961,64515,3476,67991,276
2022-11-21,Shasta,089,179085,35507,35346,7510,42856,595
2022-11-21,Sierra,091,2930,307,308,60,368,5
2022-11-21,Siskiyou,093,43540,5263,5364,3307,8671,95
2022-11-21,Solano,095,438530,107524,106903,7909,114812,469
2022-11-21,Sonoma,097,501317,108759,108386,5371,113757,527
2022-11-21,Stanislaus,099,539301,139863,139293,21795,161088,1785
2022-11-21,Sutter,101,95872,24734,24642,2472,27114,234
2022-11-21,Tehama,103,63373,13887,13784,3149,16933,216
2022-11-21,Trinity,105,12862,1427,1422,392,1814,20
2022-11-21,Tulare,107,460477,123119,122707,37384,160091,1545
2022-11-21,Tuolumne,109,53932,15910,15805,934,16739,209
2022-11-21,Ventura,111,848112,211898,210938,15869,226807,1586
2022-11-21,Yolo,113,214977,48163,48092,4649,52741,355
2022-11-21,Yuba,115,75493,19244,19157,1750,20907,132
2022-11-20,Alameda,001,1643700,356373,354457,19837,374294,2054
2022-11-20,Alpine,003,1148,138,136,1,137,0
2022-11-20,Amador,005,37829,10139,10108,928,11036,95
2022-11-20,Butte,007,227075,40187,40058,9166,49224,461
2022-11-20,Calaveras,009,45235,8653,8612,560,9172,135
2022-11-20,Colusa,011,21464,3838,3828,1304,5132,22
2022-11-20,Contra Costa,013,1133247,256750,254944,20897,275841,1479
2022-11-20,Del Norte,015,27424,7499,7492,406,7898,56
2022-11-20,El Dorado,017,186661,33056,32903,4321,37224,233
2022-11-20,Fresno,019,978130,279052,277735,31582,309317,2888
2022-11-20,Glenn,021,27897,5631,5591,1894,7485,50
2022-11-20,Humboldt,023,135768,22353,22254,5137,27391,160
2022-11-20,Imperial,025,180216,66730,66473,16836,83309,960
2022-11-20,Inyo,027,18085,4563,4530,1002,5532,60
2022-11-20,Kern,029,883053,221865,221145,65539,286684,2430
2022-11-20,Kings,031,150075,60443,60156,4136,64292,462
2022-11-20,Lake,033,64148,13036,12978,1218,14196,149
2022-11-20,Lassen,035,31185,10089,10043,992,11035,65
2022-11-20,Los Angeles,037,10098052,3337806,3320411,190334,3510745,33830
2022-11-20,Madera,039,155013,44564,44373,8279,52652,375
2022-11-20,Marin,041,260295,46314,46115,5375,51490,314
2022-11-20,Mariposa,043,17540,3155,3138,365,3503,32
2022-11-20,Mendocino,045,87422,16248,16205,4520,20725,136
2022-11-20,Merced,047,269075,73341,73022,11906,84928,875
2022-11-20,Modoc,049,8938,892,889,335,1224,11
2022-11-20,Mono,051,14174,3230,3226,268,3494,8
2022-11-20,Monterey,053,433212,95227,94949,21348,116297,773
2022-11-20,Napa,055,140530,32760,32610,1421,34031,161
2022-11-20,Nevada,057,99092,19333,19238,1957,21195,132
2022-11-20,Orange,059,3164182,677241,674980,63420,738400,7553
2022-11-20,Placer,061,380077,77400,76976,9669,86645,662
2022-11-20,Plumas,063,18699,3735,3729,432,4161,13
2022-11-20,Riverside,065,2383286,704647,702343,35424,737767,6686
2022-11-20,Sacramento,067,1510023,353856,352117,34170,386287,3362
2022-11-20,San Benito,069,59416,16529,16410,987,17397,108
2022-11-20,San Bernardino,071,2135413,680235,677641,31122,708763,8131
2022-11-20,San Diego,073,3302833,939175,935811,73912,1009723,5557
2022-11-20,San Francisco,075,870044,183788,182855,12115,194970,1074
2022-11-20,San Joaquin,077,732212,200921,199682,15049,214731,2341
2022-11-20,San Luis Obispo,079,281455,63971,63812,7304,71116,530
2022-11-20,San Mateo,081,765935,172587,171862,10674,182536,748
2022-11-20,Santa Barbara,083,443738,107200,106885,6978,113863,733
2022-11-20,Santa Clara,085,1922200,447061,440104,18880,458984,2541
2022-11-20,Santa Cruz,087,273765,64891,64515,3475,67990,276
2022-11-20,Shasta,089,179085,35488,35346,7509,42855,595
2022-11-20,Sierra,091,2930,307,308,60,368,5
2022-11-20,Siskiyou,093,43540,5261,5364,3307,8671,95
2022-11-20,Solano,095,438530,107413,106903,7909,114812,469
2022-11-20,Sonoma,097,501317,108701,108386,5370,113756,527
2022-11-20,Stanislaus,099,539301,139772,139293,21787,161080,1785
2022-11-20,Sutter,101,95872,24716,24642,2471,27113,234
2022-11-20,Tehama,103,63373,13877,13784,3148,16932,216
2022-11-20,Trinity,105,12862,1427,1422,392,1814,20
2022-11-20,Tulare,107,460477,123050,122707,37375,160082,1545
2022-11-20,Tuolumne,109,53932,15901,15805,934,16739,209
2022-11-20,Ventura,111,848112,211769,210938,15869,226807,1586
2022-11-20,Yolo,113,214977,48136,48092,4642,52734,355
2022-11-20,Yuba,115,75493,19239,19157,1750,20907,132
2022-11-19,Alameda,001,1643700,356196,354457,19837,374294,2054
2022-11-19,Alpine,003,1148,138,136,1,137,0
2022-11-19,Amador,005,37829,10136,10108,928,11036,95
2022-11-19,Butte,007,227075,40176,40058,9163,49221,461
2022-11-19,Calaveras,009,45235,8650,8612,560,9172,135
2022-11-19,Colusa,011,21464,3836,3828,1304,5132,22
2022-11-19,Contra Costa,013,1133247,256653,254944,20897,275841,1479
2022-11-19,Del Norte,015,27424,7498,7492,406,7898,56
2022-11-19,El Dorado,017,186661,33033,32903,4321,37224,233
2022-11-19,Fresno,019,978130,278946,277735,31582,309317,2888
2022-11-19,Glenn,021,27897,5631,5591,1894,7485,50
2022-11-19,Humboldt,023,135768,22338,22254,5137,27391,160
2022-11-19,Imperial,025,180216,66710,66473,16827,83300,960
2022-11-19,Inyo,027,18085,4561,4530,1002,5532,60
2022-11-19,Kern,029,883053,221822,221145,65521,286666,2430
2022-11-19,Kings,031,150075,60422,60156,4134,64290,462
2022-11-19,Lake,033,64148,13031,12978,1218,14196,149
2022-11-19,Lassen,035,31185,10088,10043,992,11035,65
2022-11-19,Los Angeles,037,10098052,3336348,3320411,190120,3510531,33830
2022-11-19,Madera,039,155013,44549,44373,8279,52652,375
2022-11-19,Marin,041,260295,46292,46115,5375,51490,314
2022-11-19,Mariposa,043,17540,3155,3138,365,3503,32
2022-11-19,Mendocino,045,87422,16245,16205,4520,20725,136
2022-11-19,Merced,047,269075,73317,73022,11904,84926,875
2022-11-19,Modoc,049,8938,892,889,335,1224,11
2022-11-19,Mono,051,14174,3230,3226,268,3494,8
2022-11-19,Monterey,053,433212,95202,94949,21344,116293,773
2022-11-19,Napa,055,140530,32748,32610,1421,34031,161
2022-11-19,Nevada,057,99092,19323,19238,1956,21194,132
2022-11-19,Orange,059,3164182,677028,674980,63419,738399,7553
2022-11-19,Placer,061,380077,77350,76976,9666,86642,662
2022-11-19,Plumas,063,18699,3735,3729,432,4161,13
2022-11-19,Riverside,065,2383286,704418,702343,35424,737767,6686
2022-11-19,Sacramento,067,1510023,353738,352117,34170,386287,3362
2022-11-19,San Benito,069,59416,16515,16410,987,17397,108
2022-11-19,San Bernardino,071,2135413,679982,677641,31121,708762,8131
2022-11-19,San Diego,073,3302833,938933,935811,73870,1009681,5557
2022-11-19,San Francisco,075,870044,183693,182855,12115,194970,1074
2022-11-19,San Joaquin,077,732212,200831,199682,15027,214709,2341
2022-11-19,San Luis Obispo,079,281455,63956,63812,7301,71113,530
2022-11-19,San Mateo,081,765935,172511,171862,10674,182536,748
2022-11-19,Santa Barbara,083,443738,107167,106885,6978,113863,733
2022-11-19,Santa Clara,085,1922200,446848,440104,18880,458984,2541
2022-11-19,Santa Cruz,087,273765,64874,64515,3475,67990,276
2022-11-19,Shasta,089,179085,35479,35346,7509,42855,595
2022-11-19,Sierra,091,2930,307,308,60,368,5
2022-11-19,Siskiyou,093,43540,5254,5364,3307,8671,95
2022-11-19,Solano,095,438530,107384,106903,7909,114812,469
2022-11-19,Sonoma,097,501317,108676,108386,5370,113756,527
2022-11-19,Stanislaus,099,539301,139713,139293,21786,161079,1785
2022-11-19,Sutter,101,95872,24707,24642,2471,27113,234
2022-11-19,Tehama,103,63373,13870,13784,3147,16931,216
2022-11-19,Trinity,105,12862,1427,1422,392,1814,20
2022-11-19,Tulare,107,460477,123013,122707,37367,160074,1545
2022-11-19,Tuolumne,109,53932,15885,15805,934,16739,209
2022-11-19,Ventura,111,848112,211694,210938,15869,226807,1586
2022-11-19,Yolo,113,214977,48120,48092,4641,52733,355
2022-11-19,Yuba,115,75493,19233,19157,1750,20907,132
2022-11-18,Alameda,001,1643700,356014,354457,19837,374294,2054
2022-11-18,Alpine,003,1148,138,136,1,137,0
2022-11-18,Amador,005,37829,10130,10108,928,11036,95
2022-11-18,Butte,007,227075,40162,40058,9160,49218,461
2022-11-18,Calaveras,009,45235,8645,8612,560,9172,135
2022-11-18,Colusa,011,21464,3834,3828,1304,5132,22
2022-11-18,Contra Costa,013,1133247,256536,254944,20897,275841,1479
2022-11-18,Del Norte,015,27424,7496,7492,406,7898,56
2022-11-18,El Dorado,017,186661,33022,32903,4321,37224,233
2022-11-18,Fresno,019,978130,278838,277735,31581,309316,2888
2022-11-18,Glenn,021,27897,5630,5591,1894,7485,50
2022-11-18,Humboldt,023,135768,22325,22254,5137,27391,160
2022-11-18,Imperial,025,180216,66692,66473,16816,83289,960
2022-11-18,Inyo,027,18085,4559,4530,1002,5532,60
2022-11-18,Kern,029,883053,221785,221145,65476,286621,2430
2022-11-18,Kings,031,150075,60403,60156,4134,64290,462
2022-11-18,Lake,033,64148,13027,12978,1218,14196,149
2022-11-18,Lassen,035,31185,10088,10043,992,11035,65
2022-11-18,Los Angeles,037,10098052,3334970,3320411,189893,3510304,33830
2022-11-18,Madera,039,155013,44527,44373,8279,52652,375
2022-11-18,Marin,041,260295,46273,46115,5372,51487,314
2022-11-18,Mariposa,043,17540,3149,3138,365,3503,32
2022-11-18,Mendocino,045,87422,16242,16205,4520,20725,136
2022-11-18,Merced,047,269075,73298,73022,11903,84925,875
2022-11-18,Modoc,049,8938,892,889,335,1224,11
2022-11-18,Mono,051,14174,3230,3226,267,3493,8
2022-11-18,Monterey,053,433212,95176,94949,21341,116290,773
2022-11-18,Napa,055,140530,32737,32610,1421,34031,161
2022-11-18,Nevada,057,99092,19316,19238,1948,21186,132
2022-11-18,Orange,059,3164182,676826,674980,63418,738398,7553
2022-11-18,Placer,061,380077,77315,76976,9664,86640,662
2022-11-18,Plumas,063,18699,3734,3729,432,4161,13
2022-11-18,Riverside,065,2383286,704203,702343,35424,737767,6686
2022-11-18,Sacramento,067,1510023,353582,352117,34166,386283,3362
2022-11-18,San Benito,069,59416,16513,16410,987,17397,108
2022-11-18,San Bernardino,071,2135413,679759,677641,31121,708762,8131
2022-11-18,San Diego,073,3302833,938594,935811,73819,1009630,5557
2022-11-18,San Francisco,075,870044,183590,182855,12114,194969,1074
2022-11-18,San Joaquin,077,732212,200758,199682,15022,214704,2341
2022-11-18,San Luis Obispo,079,281455,63940,63812,7299,71111,530
2022-11-18,San Mateo,081,765935,172453,171862,10674,182536,748
2022-11-18,Santa Barbara,083,443738,107141,106885,6977,113862,733
2022-11-18,Santa Clara,085,1922200,446617,440104,18880,458984,2541
2022-11-18,Santa Cruz,087,273765,64851,64515,3474,67989,276
2022-11-18,Shasta,089,179085,35470,35346,7509,42855,595
2022-11-18,Sierra,091,2930,307,308,60,368,5
2022-11-18,Siskiyou,093,43540,5252,5364,3307,8671,95
2022-11-18,Solano,095,438530,107329,106903,7909,114812,469
2022-11-18,Sonoma,097,501317,108642,108386,5369,113755,527
2022-11-18,Stanislaus,099,539301,139664,139293,21785,161078,1785
2022-11-18,Sutter,101,95872,24700,24642,2471,27113,234
2022-11-18,Tehama,103,63373,13866,13784,3147,16931,216
2022-11-18,Trinity,105,12862,1427,1422,392,1814,20
2022-11-18,Tulare,107,460477,122968,122707,37341,160048,1545
2022-11-18,Tuolumne,109,53932,15873,15805,934,16739,209
2022-11-18,Ventura,111,848112,211616,210938,15869,226807,1586
2022-11-18,Yolo,113,214977,48105,48092,4639,52731,355
2022-11-18,Yuba,115,75493,19222,19157,1750,20907,132
2022-11-17,Alameda,001,1643700,355759,354457,19837,374294,2054
2022-11-17,Alpine,003,1148,137,136,1,137,0
2022-11-17,Amador,005,37829,10128,10108,928,11036,95
2022-11-17,Butte,007,227075,40141,40058,9158,49216,461
2022-11-17,Calaveras,009,45235,8640,8612,560,9172,135
2022-11-17,Colusa,011,21464,3834,3828,1304,5132,22
2022-11-17,Contra Costa,013,1133247,256389,254944,20897,275841,1479
2022-11-17,Del Norte,015,27424,7493,7492,406,7898,56
2022-11-17,El Dorado,017,186661,32992,32903,4321,37224,233
2022-11-17,Fresno,019,978130,278677,277735,31580,309315,2888
2022-11-17,Glenn,021,27897,5624,5591,1893,7484,50
2022-11-17,Humboldt,023,135768,22318,22254,5134,27388,160
2022-11-17,Imperial,025,180216,66643,66473,16776,83249,960
2022-11-17,Inyo,027,18085,4552,4530,1002,5532,60
2022-11-17,Kern,029,883053,221707,221145,65444,286589,2430
2022-11-17,Kings,031,150075,60368,60156,4131,64287,462
2022-11-17,Lake,033,64148,13022,12978,1218,14196,149
2022-11-17,Lassen,035,31185,10081,10043,992,11035,65
2022-11-17,Los Angeles,037,10098052,3333042,3320411,189630,3510041,33830
2022-11-17,Madera,039,155013,44471,44373,8279,52652,375
2022-11-17,Marin,041,260295,46246,46115,5372,51487,314
2022-11-17,Mariposa,043,17540,3144,3138,365,3503,32
2022-11-17,Mendocino,045,87422,16236,16205,4520,20725,136
2022-11-17,Merced,047,269075,73260,73022,11902,84924,875
2022-11-17,Modoc,049,8938,890,889,335,1224,11
2022-11-17,Mono,051,14174,3229,3226,267,3493,8
2022-11-17,Monterey,053,433212,95147,94949,21335,116284,773
2022-11-17,Napa,055,140530,32713,32610,1420,34030,161
2022-11-17,Nevada,057,99092,19304,19238,1945,21183,132
2022-11-17,Orange,059,3164182,676510,674980,63399,738379,7553
2022-11-17,Placer,061,380077,77271,76976,9661,86637,662
2022-11-17,Plumas,063,18699,3730,3729,432,4161,13
2022-11-17,Riverside,065,2383286,703905,702343,35422,737765,6686
2022-11-17,Sacramento,067,1510023,353365,352117,34166,386283,3362
2022-11-17,San Benito,069,59416,16505,16410,987,17397,108
2022-11-17,San Bernardino,071,2135413,679447,677641,31118,708759,8131
2022-11-17,San Diego,073,3302833,938185,935811,73764,1009575,5557
2022-11-17,San Francisco,075,870044,183463,182855,12113,194968,1074
2022-11-17,San Joaquin,077,732212,200639,199682,14993,214675,2341
2022-11-17,San Luis Obispo,079,281455,63919,63812,7297,71109,530
2022-11-17,San Mateo,081,765935,172354,171862,10674,182536,748
2022-11-17,Santa Barbara,083,443738,107101,106885,6975,113860,733
2022-11-17,Santa Clara,085,1922200,446278,440104,18880,458984,2541
2022-11-17,Santa Cruz,087,273765,64816,64515,3473,67988,276
2022-11-17,Shasta,089,179085,35459,35346,7509,42855,595
2022-11-17,Sierra,091,2930,307,308,60,368,5
2022-11-17,Siskiyou,093,43540,5249,5364,3307,8671,95
2022-11-17,Solano,095,438530,107263,106903,7909,114812,469
2022-11-17,Sonoma,097,501317,108595,108386,5369,113755,527
2022-11-17,Stanislaus,099,539301,139602,139293,21780,161073,1785
2022-11-17,Sutter,101,95872,24690,24642,2471,27113,234
2022-11-17,Tehama,103,63373,13852,13784,3147,16931,216
2022-11-17,Trinity,105,12862,1425,1422,392,1814,20
2022-11-17,Tulare,107,460477,122900,122707,37316,160023,1545
2022-11-17,Tuolumne,109,53932,15860,15805,934,16739,209
2022-11-17,Ventura,111,848112,211517,210938,15869,226807,1586
2022-11-17,Yolo,113,214977,48093,48092,4635,52727,355
2022-11-17,Yuba,115,75493,19207,19157,1749,20906,132
2022-11-16,Alameda,001,1643700,355528,354457,19837,374294,2054
2022-11-16,Alpine,003,1148,137,136,1,137,0
2022-11-16,Amador,005,37829,10120,10108,928,11036,95
2022-11-16,Butte,007,227075,40118,40058,9153,49211,461
2022-11-16,Calaveras,009,45235,8633,8612,560,9172,135
2022-11-16,Colusa,011,21464,3832,3828,1303,5131,22
2022-11-16,Contra Costa,013,1133247,256261,254944,20897,275841,1479
2022-11-16,Del Norte,015,27424,7493,7492,406,7898,56
2022-11-16,El Dorado,017,186661,32971,32903,4321,37224,233
2022-11-16,Fresno,019,978130,278521,277735,31579,309314,2888
2022-11-16,Glenn,021,27897,5621,5591,1893,7484,50
2022-11-16,Humboldt,023,135768,22301,22254,5134,27388,160
2022-11-16,Imperial,025,180216,66605,66473,16712,83185,960
2022-11-16,Inyo,027,18085,4547,4530,1000,5530,60
2022-11-16,Kern,029,883053,221624,221145,65405,286550,2430
2022-11-16,Kings,031,150075,60309,60156,4128,64284,462
2022-11-16,Lake,033,64148,13007,12978,1218,14196,149
2022-11-16,Lassen,035,31185,10077,10043,992,11035,65
2022-11-16,Los Angeles,037,10098052,3331247,3320411,189347,3509758,33830
2022-11-16,Madera,039,155013,44451,44373,8279,52652,375
2022-11-16,Marin,041,260295,46220,46115,5370,51485,314
2022-11-16,Mariposa,043,17540,3144,3138,365,3503,32
2022-11-16,Mendocino,045,87422,16232,16205,4520,20725,136
2022-11-16,Merced,047,269075,73213,73022,11902,84924,875
2022-11-16,Modoc,049,8938,889,889,335,1224,11
2022-11-16,Mono,051,14174,3229,3226,267,3493,8
2022-11-16,Monterey,053,433212,95109,94949,21327,116276,773
2022-11-16,Napa,055,140530,32683,32610,1419,34029,161
2022-11-16,Nevada,057,99092,19293,19238,1944,21182,132
2022-11-16,Orange,059,3164182,676200,674980,63388,738368,7553
2022-11-16,Placer,061,380077,77212,76976,9660,86636,662
2022-11-16,Plumas,063,18699,3730,3729,432,4161,13
2022-11-16,Riverside,065,2383286,703585,702343,35419,737762,6686
2022-11-16,Sacramento,067,1510023,353121,352117,34165,386282,3362
2022-11-16,San Benito,069,59416,16496,16410,987,17397,108
2022-11-16,San Bernardino,071,2135413,679084,677641,31115,708756,8131
2022-11-16,San Diego,073,3302833,937712,935811,73710,1009521,5557
2022-11-16,San Francisco,075,870044,183332,182855,12113,194968,1074
2022-11-16,San Joaquin,077,732212,200517,199682,14987,214669,2341
2022-11-16,San Luis Obispo,079,281455,63899,63812,7297,71109,530
2022-11-16,San Mateo,081,765935,172251,171862,10674,182536,748
2022-11-16,Santa Barbara,083,443738,107051,106885,6971,113856,733
2022-11-16,Santa Clara,085,1922200,445942,440104,18880,458984,2541
2022-11-16,Santa Cruz,087,273765,64774,64515,3473,67988,276
2022-11-16,Shasta,089,179085,35451,35346,7509,42855,595
2022-11-16,Sierra,091,2930,307,308,60,368,5
2022-11-16,Siskiyou,093,43540,5246,5364,3307,8671,95
2022-11-16,Solano,095,438530,107193,106903,7909,114812,469
2022-11-16,Sonoma,097,501317,108544,108386,5367,113753,527
2022-11-16,Stanislaus,099,539301,139543,139293,21774,161067,1785
2022-11-16,Sutter,101,95872,24675,24642,2471,27113,234
2022-11-16,Tehama,103,63373,13842,13784,3139,16923,216
2022-11-16,Trinity,105,12862,1424,1422,392,1814,20
2022-11-16,Tulare,107,460477,122841,122707,37284,159991,1545
2022-11-16,Tuolumne,109,53932,15849,15805,934,16739,209
2022-11-16,Ventura,111,848112,211402,210938,15867,226805,1586
2022-11-16,Yolo,113,214977,48070,48092,4630,52722,355
2022-11-16,Yuba,115,75493,19194,19157,1749,20906,132
2022-11-15,Alameda,001,1643700,355298,354457,19837,374294,2054
2022-11-15,Alpine,003,1148,137,136,1,137,0
2022-11-15,Amador,005,37829,10115,10108,928,11036,95
2022-11-15,Butte,007,227075,40101,40058,9152,49210,461
2022-11-15,Calaveras,009,45235,8628,8612,560,9172,135
2022-11-15,Colusa,011,21464,3831,3828,1303,5131,22
2022-11-15,Contra Costa,013,1133247,256114,254944,20897,275841,1479
2022-11-15,Del Norte,015,27424,7491,7492,406,7898,56
2022-11-15,El Dorado,017,186661,32945,32903,4320,37223,233
2022-11-15,Fresno,019,978130,278352,277735,31578,309313,2888
2022-11-15,Glenn,021,27897,5617,5591,1892,7483,50
2022-11-15,Humboldt,023,135768,22288,22254,5134,27388,160
2022-11-15,Imperial,025,180216,66569,66473,16675,83148,960
2022-11-15,Inyo,027,18085,4543,4530,1000,5530,60
2022-11-15,Kern,029,883053,221539,221145,65360,286505,2430
2022-11-15,Kings,031,150075,60272,60156,4127,64283,462
2022-11-15,Lake,033,64148,13000,12978,1218,14196,149
2022-11-15,Lassen,035,31185,10070,10043,992,11035,65
2022-11-15,Los Angeles,037,10098052,3329397,3320411,189091,3509502,33830
2022-11-15,Madera,039,155013,44432,44373,8279,52652,375
2022-11-15,Marin,041,260295,46197,46115,5368,51483,314
2022-11-15,Mariposa,043,17540,3143,3138,365,3503,32
2022-11-15,Mendocino,045,87422,16227,16205,4520,20725,136
2022-11-15,Merced,047,269075,73185,73022,11901,84923,875
2022-11-15,Modoc,049,8938,888,889,335,1224,11
2022-11-15,Mono,051,14174,3229,3226,267,3493,8
2022-11-15,Monterey,053,433212,95079,94949,21312,116261,773
2022-11-15,Napa,055,140530,32660,32610,1419,34029,161
2022-11-15,Nevada,057,99092,19280,19238,1942,21180,132
2022-11-15,Orange,059,3164182,675856,674980,63371,738351,7553
2022-11-15,Placer,061,380077,77166,76976,9659,86635,662
2022-11-15,Plumas,063,18699,3729,3729,432,4161,13
2022-11-15,Riverside,065,2383286,703264,702343,35418,737761,6686
2022-11-15,Sacramento,067,1510023,352877,352117,34164,386281,3362
2022-11-15,San Benito,069,59416,16493,16410,987,17397,108
2022-11-15,San Bernardino,071,2135413,678814,677641,31113,708754,8131
2022-11-15,San Diego,073,3302833,937244,935811,73657,1009468,5557
2022-11-15,San Francisco,075,870044,183207,182855,12113,194968,1074
2022-11-15,San Joaquin,077,732212,200402,199682,14982,214664,2341
2022-11-15,San Luis Obispo,079,281455,63867,63812,7297,71109,530
2022-11-15,San Mateo,081,765935,172138,171862,10674,182536,748
2022-11-15,Santa Barbara,083,443738,107008,106885,6970,113855,733
2022-11-15,Santa Clara,085,1922200,445625,440104,18880,458984,2541
2022-11-15,Santa Cruz,087,273765,64736,64515,3473,67988,276
2022-11-15,Shasta,089,179085,35439,35346,7509,42855,595
2022-11-15,Sierra,091,2930,307,308,60,368,5
2022-11-15,Siskiyou,093,43540,5242,5364,3307,8671,95
2022-11-15,Solano,095,438530,107111,106903,7909,114812,469
2022-11-15,Sonoma,097,501317,108499,108386,5366,113752,527
2022-11-15,Stanislaus,099,539301,139476,139293,21750,161043,1785
2022-11-15,Sutter,101,95872,24666,24642,2471,27113,234
2022-11-15,Tehama,103,63373,13829,13784,3136,16920,216
2022-11-15,Trinity,105,12862,1424,1422,392,1814,20
2022-11-15,Tulare,107,460477,122771,122707,37253,159960,1545
2022-11-15,Tuolumne,109,53932,15844,15805,934,16739,209
2022-11-15,Ventura,111,848112,211292,210938,15867,226805,1586
2022-11-15,Yolo,113,214977,48047,48092,4624,52716,355
2022-11-15,Yuba,115,75493,19184,19157,1747,20904,132
2022-11-14,Alameda,001,1643700,355025,352725,19837,372562,2050
2022-11-14,Alpine,003,1148,137,136,1,137,0
2022-11-14,Amador,005,37829,10115,10080,928,11008,95
2022-11-14,Butte,007,227075,40076,39935,9151,49086,461
2022-11-14,Calaveras,009,45235,8622,8590,560,9150,135
2022-11-14,Colusa,011,21464,3831,3822,1302,5124,22
2022-11-14,Contra Costa,013,1133247,255968,253870,20897,274767,1469
2022-11-14,Del Norte,015,27424,7490,7472,406,7878,56
2022-11-14,El Dorado,017,186661,32925,32713,4320,37033,232
2022-11-14,Fresno,019,978130,278206,276921,31576,308497,2887
2022-11-14,Glenn,021,27897,5615,5570,1892,7462,48
2022-11-14,Humboldt,023,135768,22272,22176,5133,27309,160
2022-11-14,Imperial,025,180216,66524,66182,16633,82815,960
2022-11-14,Inyo,027,18085,4541,4520,999,5519,60
2022-11-14,Kern,029,883053,221466,220676,65320,285996,2430
2022-11-14,Kings,031,150075,60200,59955,4124,64079,461
2022-11-14,Lake,033,64148,12993,12931,1218,14149,149
2022-11-14,Lassen,035,31185,10056,10019,992,11011,65
2022-11-14,Los Angeles,037,10098052,3327639,3311644,188814,3500458,33784
2022-11-14,Madera,039,155013,44416,44281,8279,52560,375
2022-11-14,Marin,041,260295,46168,45924,5368,51292,314
2022-11-14,Mariposa,043,17540,3143,3124,365,3489,32
2022-11-14,Mendocino,045,87422,16217,16164,4520,20684,136
2022-11-14,Merced,047,269075,73158,72817,11899,84716,870
2022-11-14,Modoc,049,8938,888,887,328,1215,11
2022-11-14,Mono,051,14174,3229,3218,267,3485,8
2022-11-14,Monterey,053,433212,95043,94708,21296,116004,772
2022-11-14,Napa,055,140530,32639,32510,1418,33928,162
2022-11-14,Nevada,057,99092,19272,19171,1940,21111,132
2022-11-14,Orange,059,3164182,675566,673328,63356,736684,7546
2022-11-14,Placer,061,380077,77106,76490,9655,86145,662
2022-11-14,Plumas,063,18699,3729,3723,432,4155,13
2022-11-14,Riverside,065,2383286,702927,700602,35418,736020,6660
2022-11-14,Sacramento,067,1510023,352634,350522,34162,384684,3358
2022-11-14,San Benito,069,59416,16484,16350,987,17337,108
2022-11-14,San Bernardino,071,2135413,678433,676086,31107,707193,8126
2022-11-14,San Diego,073,3302833,936662,933599,73599,1007198,5538
2022-11-14,San Francisco,075,870044,183061,181964,12112,194076,1072
2022-11-14,San Joaquin,077,732212,200288,199089,14976,214065,2340
2022-11-14,San Luis Obispo,079,281455,63838,63683,7296,70979,525
2022-11-14,San Mateo,081,765935,171999,171191,10674,181865,748
2022-11-14,Santa Barbara,083,443738,106949,106642,6970,113612,733
2022-11-14,Santa Clara,085,1922200,445296,438278,18880,457158,2535
2022-11-14,Santa Cruz,087,273765,64680,64221,3472,67693,274
2022-11-14,Shasta,089,179085,35418,35246,7509,42755,594
2022-11-14,Sierra,091,2930,307,309,60,369,5
2022-11-14,Siskiyou,093,43540,5239,5337,3307,8644,94
2022-11-14,Solano,095,438530,107041,106391,7909,114300,468
2022-11-14,Sonoma,097,501317,108445,108080,5366,113446,525
2022-11-14,Stanislaus,099,539301,139423,138963,21749,160712,1785
2022-11-14,Sutter,101,95872,24644,24537,2471,27008,235
2022-11-14,Tehama,103,63373,13817,13745,3136,16881,216
2022-11-14,Trinity,105,12862,1424,1414,392,1806,20
2022-11-14,Tulare,107,460477,122692,122447,37229,159676,1544
2022-11-14,Tuolumne,109,53932,15828,15727,934,16661,201
2022-11-14,Ventura,111,848112,211185,210439,15867,226306,1585
2022-11-14,Yolo,113,214977,48032,47953,4621,52574,354
2022-11-14,Yuba,115,75493,19175,19098,1747,20845,132
2022-11-13,Alameda,001,1643700,354713,352725,19836,372561,2050
2022-11-13,Alpine,003,1148,136,136,1,137,0
2022-11-13,Amador,005,37829,10112,10080,928,11008,95
2022-11-13,Butte,007,227075,40049,39935,9149,49084,461
2022-11-13,Calaveras,009,45235,8619,8590,560,9150,135
2022-11-13,Colusa,011,21464,3829,3822,1300,5122,22
2022-11-13,Contra Costa,013,1133247,255786,253870,20897,274767,1469
2022-11-13,Del Norte,015,27424,7487,7472,406,7878,56
2022-11-13,El Dorado,017,186661,32902,32713,4320,37033,232
2022-11-13,Fresno,019,978130,278025,276921,31573,308494,2887
2022-11-13,Glenn,021,27897,5607,5570,1892,7462,48
2022-11-13,Humboldt,023,135768,22256,22176,5130,27306,160
2022-11-13,Imperial,025,180216,66463,66182,16584,82766,960
2022-11-13,Inyo,027,18085,4536,4520,999,5519,60
2022-11-13,Kern,029,883053,221354,220676,65261,285937,2430
2022-11-13,Kings,031,150075,60160,59955,4120,64075,461
2022-11-13,Lake,033,64148,12972,12931,1218,14149,149
2022-11-13,Lassen,035,31185,10040,10019,992,11011,65
2022-11-13,Los Angeles,037,10098052,3325710,3311644,188557,3500201,33784
2022-11-13,Madera,039,155013,44399,44281,8279,52560,375
2022-11-13,Marin,041,260295,46135,45924,5368,51292,314
2022-11-13,Mariposa,043,17540,3140,3124,365,3489,32
2022-11-13,Mendocino,045,87422,16208,16164,4520,20684,136
2022-11-13,Merced,047,269075,73120,72817,11897,84714,870
2022-11-13,Modoc,049,8938,888,887,325,1212,11
2022-11-13,Mono,051,14174,3229,3218,267,3485,8
2022-11-13,Monterey,053,433212,94999,94708,21281,115989,772
2022-11-13,Napa,055,140530,32621,32510,1418,33928,162
2022-11-13,Nevada,057,99092,19251,19171,1928,21099,132
2022-11-13,Orange,059,3164182,675229,673328,63332,736660,7546
2022-11-13,Placer,061,380077,77040,76490,9654,86144,662
2022-11-13,Plumas,063,18699,3728,3723,432,4155,13
2022-11-13,Riverside,065,2383286,702542,700602,35418,736020,6660
2022-11-13,Sacramento,067,1510023,352386,350522,34159,384681,3358
2022-11-13,San Benito,069,59416,16475,16350,987,17337,108
2022-11-13,San Bernardino,071,2135413,678040,676086,31104,707190,8126
2022-11-13,San Diego,073,3302833,936083,933599,73537,1007136,5538
2022-11-13,San Francisco,075,870044,182924,181964,12112,194076,1072
2022-11-13,San Joaquin,077,732212,200144,199089,14970,214059,2340
2022-11-13,San Luis Obispo,079,281455,63819,63683,7295,70978,525
2022-11-13,San Mateo,081,765935,171869,171191,10674,181865,748
2022-11-13,Santa Barbara,083,443738,106888,106642,6966,113608,733
2022-11-13,Santa Clara,085,1922200,444928,438278,18880,457158,2535
2022-11-13,Santa Cruz,087,273765,64616,64221,3472,67693,274
2022-11-13,Shasta,089,179085,35397,35246,7509,42755,594
2022-11-13,Sierra,091,2930,307,309,60,369,5
2022-11-13,Siskiyou,093,43540,5232,5337,3307,8644,94
2022-11-13,Solano,095,438530,106948,106391,7909,114300,468
2022-11-13,Sonoma,097,501317,108393,108080,5366,113446,525
2022-11-13,Stanislaus,099,539301,139360,138963,21745,160708,1785
2022-11-13,Sutter,101,95872,24631,24537,2471,27008,235
2022-11-13,Tehama,103,63373,13800,13745,3133,16878,216
2022-11-13,Trinity,105,12862,1424,1414,392,1806,20
2022-11-13,Tulare,107,460477,122627,122447,37194,159641,1544
2022-11-13,Tuolumne,109,53932,15817,15727,934,16661,201
2022-11-13,Ventura,111,848112,211074,210439,15867,226306,1585
2022-11-13,Yolo,113,214977,48006,47953,4619,52572,354
2022-11-13,Yuba,115,75493,19161,19098,1746,20844,132
2022-11-12,Alameda,001,1643700,354567,352725,19836,372561,2050
2022-11-12,Alpine,003,1148,136,136,1,137,0
2022-11-12,Amador,005,37829,10111,10080,928,11008,95
2022-11-12,Butte,007,227075,40037,39935,9149,49084,461
2022-11-12,Calaveras,009,45235,8614,8590,560,9150,135
2022-11-12,Colusa,011,21464,3828,3822,1300,5122,22
2022-11-12,Contra Costa,013,1133247,255667,253870,20897,274767,1469
2022-11-12,Del Norte,015,27424,7486,7472,406,7878,56
2022-11-12,El Dorado,017,186661,32885,32713,4319,37032,232
2022-11-12,Fresno,019,978130,277960,276921,31572,308493,2887
2022-11-12,Glenn,021,27897,5603,5570,1892,7462,48
2022-11-12,Humboldt,023,135768,22245,22176,5129,27305,160
2022-11-12,Imperial,025,180216,66441,66182,16572,82754,960
2022-11-12,Inyo,027,18085,4535,4520,999,5519,60
2022-11-12,Kern,029,883053,221313,220676,65237,285913,2430
2022-11-12,Kings,031,150075,60128,59955,4119,64074,461
2022-11-12,Lake,033,64148,12967,12931,1218,14149,149
2022-11-12,Lassen,035,31185,10035,10019,992,11011,65
2022-11-12,Los Angeles,037,10098052,3324748,3311644,188402,3500046,33784
2022-11-12,Madera,039,155013,44389,44281,8279,52560,375
2022-11-12,Marin,041,260295,46119,45924,5368,51292,314
2022-11-12,Mariposa,043,17540,3139,3124,365,3489,32
2022-11-12,Mendocino,045,87422,16204,16164,4520,20684,136
2022-11-12,Merced,047,269075,73103,72817,11895,84712,870
2022-11-12,Modoc,049,8938,888,887,325,1212,11
2022-11-12,Mono,051,14174,3228,3218,267,3485,8
2022-11-12,Monterey,053,433212,94971,94708,21266,115974,772
2022-11-12,Napa,055,140530,32609,32510,1418,33928,162
2022-11-12,Nevada,057,99092,19242,19171,1927,21098,132
2022-11-12,Orange,059,3164182,675072,673328,63330,736658,7546
2022-11-12,Placer,061,380077,76994,76490,9652,86142,662
2022-11-12,Plumas,063,18699,3728,3723,432,4155,13
2022-11-12,Riverside,065,2383286,702363,700602,35418,736020,6660
2022-11-12,Sacramento,067,1510023,352279,350522,34159,384681,3358
2022-11-12,San Benito,069,59416,16472,16350,987,17337,108
2022-11-12,San Bernardino,071,2135413,677825,676086,31098,707184,8126
2022-11-12,San Diego,073,3302833,935846,933599,73504,1007103,5538
2022-11-12,San Francisco,075,870044,182860,181964,12111,194075,1072
2022-11-12,San Joaquin,077,732212,200086,199089,14967,214056,2340
2022-11-12,San Luis Obispo,079,281455,63805,63683,7292,70975,525
2022-11-12,San Mateo,081,765935,171804,171191,10674,181865,748
2022-11-12,Santa Barbara,083,443738,106869,106642,6966,113608,733
2022-11-12,Santa Clara,085,1922200,444730,438278,18880,457158,2535
2022-11-12,Santa Cruz,087,273765,64605,64221,3472,67693,274
2022-11-12,Shasta,089,179085,35384,35246,7508,42754,594
2022-11-12,Sierra,091,2930,307,309,60,369,5
2022-11-12,Siskiyou,093,43540,5227,5337,3307,8644,94
2022-11-12,Solano,095,438530,106915,106391,7909,114300,468
2022-11-12,Sonoma,097,501317,108372,108080,5366,113446,525
2022-11-12,Stanislaus,099,539301,139322,138963,21743,160706,1785
2022-11-12,Sutter,101,95872,24621,24537,2471,27008,235
2022-11-12,Tehama,103,63373,13795,13745,3127,16872,216
2022-11-12,Trinity,105,12862,1423,1414,392,1806,20
2022-11-12,Tulare,107,460477,122595,122447,37178,159625,1544
2022-11-12,Tuolumne,109,53932,15810,15727,934,16661,201
2022-11-12,Ventura,111,848112,211001,210439,15867,226306,1585
2022-11-12,Yolo,113,214977,47981,47953,4616,52569,354
2022-11-12,Yuba,115,75493,19154,19098,1744,20842,132
2022-11-11,Alameda,001,1643700,354425,352725,19834,372559,2050
2022-11-11,Alpine,003,1148,136,136,1,137,0
2022-11-11,Amador,005,37829,10103,10080,928,11008,95
2022-11-11,Butte,007,227075,40029,39935,9148,49083,461
2022-11-11,Calaveras,009,45235,8611,8590,560,9150,135
2022-11-11,Colusa,011,21464,3823,3822,1299,5121,22
2022-11-11,Contra Costa,013,1133247,255568,253870,20897,274767,1469
2022-11-11,Del Norte,015,27424,7481,7472,406,7878,56
2022-11-11,El Dorado,017,186661,32871,32713,4319,37032,232
2022-11-11,Fresno,019,978130,277885,276921,31572,308493,2887
2022-11-11,Glenn,021,27897,5601,5570,1892,7462,48
2022-11-11,Humboldt,023,135768,22233,22176,5127,27303,160
2022-11-11,Imperial,025,180216,66419,66182,16558,82740,960
2022-11-11,Inyo,027,18085,4534,4520,998,5518,60
2022-11-11,Kern,029,883053,221273,220676,65205,285881,2430
2022-11-11,Kings,031,150075,60113,59955,4119,64074,461
2022-11-11,Lake,033,64148,12965,12931,1218,14149,149
2022-11-11,Lassen,035,31185,10033,10019,992,11011,65
2022-11-11,Los Angeles,037,10098052,3323807,3311644,188249,3499893,33784
2022-11-11,Madera,039,155013,44374,44281,8279,52560,375
2022-11-11,Marin,041,260295,46094,45924,5367,51291,314
2022-11-11,Mariposa,043,17540,3137,3124,365,3489,32
2022-11-11,Mendocino,045,87422,16200,16164,4520,20684,136
2022-11-11,Merced,047,269075,73083,72817,11895,84712,870
2022-11-11,Modoc,049,8938,887,887,325,1212,11
2022-11-11,Mono,051,14174,3227,3218,267,3485,8
2022-11-11,Monterey,053,433212,94956,94708,21260,115968,772
2022-11-11,Napa,055,140530,32599,32510,1418,33928,162
2022-11-11,Nevada,057,99092,19234,19171,1927,21098,132
2022-11-11,Orange,059,3164182,674913,673328,63328,736656,7546
2022-11-11,Placer,061,380077,76969,76490,9651,86141,662
2022-11-11,Plumas,063,18699,3728,3723,432,4155,13
2022-11-11,Riverside,065,2383286,702203,700602,35418,736020,6660
2022-11-11,Sacramento,067,1510023,352159,350522,34158,384680,3358
2022-11-11,San Benito,069,59416,16469,16350,987,17337,108
2022-11-11,San Bernardino,071,2135413,677639,676086,31098,707184,8126
2022-11-11,San Diego,073,3302833,935566,933599,73483,1007082,5538
2022-11-11,San Francisco,075,870044,182789,181964,12111,194075,1072
2022-11-11,San Joaquin,077,732212,200019,199089,14961,214050,2340
2022-11-11,San Luis Obispo,079,281455,63796,63683,7292,70975,525
2022-11-11,San Mateo,081,765935,171738,171191,10674,181865,748
2022-11-11,Santa Barbara,083,443738,106858,106642,6965,113607,733
2022-11-11,Santa Clara,085,1922200,444556,438278,18880,457158,2535
2022-11-11,Santa Cruz,087,273765,64576,64221,3472,67693,274
2022-11-11,Shasta,089,179085,35374,35246,7508,42754,594
2022-11-11,Sierra,091,2930,307,309,60,369,5
2022-11-11,Siskiyou,093,43540,5226,5337,3307,8644,94
2022-11-11,Solano,095,438530,106887,106391,7909,114300,468
2022-11-11,Sonoma,097,501317,108345,108080,5365,113445,525
2022-11-11,Stanislaus,099,539301,139282,138963,21741,160704,1785
2022-11-11,Sutter,101,95872,24613,24537,2471,27008,235
2022-11-11,Tehama,103,63373,13787,13745,3127,16872,216
2022-11-11,Trinity,105,12862,1420,1414,392,1806,20
2022-11-11,Tulare,107,460477,122565,122447,37160,159607,1544
2022-11-11,Tuolumne,109,53932,15800,15727,934,16661,201
2022-11-11,Ventura,111,848112,210940,210439,15866,226305,1585
2022-11-11,Yolo,113,214977,47969,47953,4616,52569,354
2022-11-11,Yuba,115,75493,19147,19098,1744,20842,132
2022-11-10,Alameda,001,1643700,354241,352725,19834,372559,2050
2022-11-10,Alpine,003,1148,136,136,1,137,0
2022-11-10,Amador,005,37829,10103,10080,928,11008,95
2022-11-10,Butte,007,227075,40016,39935,9148,49083,461
2022-11-10,Calaveras,009,45235,8608,8590,560,9150,135
2022-11-10,Colusa,011,21464,3823,3822,1297,5119,22
2022-11-10,Contra Costa,013,1133247,255452,253870,20897,274767,1469
2022-11-10,Del Norte,015,27424,7481,7472,406,7878,56
2022-11-10,El Dorado,017,186661,32849,32713,4318,37031,232
2022-11-10,Fresno,019,978130,277773,276921,31572,308493,2887
2022-11-10,Glenn,021,27897,5599,5570,1892,7462,48
2022-11-10,Humboldt,023,135768,22227,22176,5127,27303,160
2022-11-10,Imperial,025,180216,66390,66182,16525,82707,960
2022-11-10,Inyo,027,18085,4533,4520,998,5518,60
2022-11-10,Kern,029,883053,221221,220676,65156,285832,2430
2022-11-10,Kings,031,150075,60095,59955,4119,64074,461
2022-11-10,Lake,033,64148,12963,12931,1217,14148,149
2022-11-10,Lassen,035,31185,10030,10019,992,11011,65
2022-11-10,Los Angeles,037,10098052,3322547,3311644,188098,3499742,33784
2022-11-10,Madera,039,155013,44360,44281,8279,52560,375
2022-11-10,Marin,041,260295,46072,45924,5367,51291,314
2022-11-10,Mariposa,043,17540,3137,3124,365,3489,32
2022-11-10,Mendocino,045,87422,16193,16164,4520,20684,136
2022-11-10,Merced,047,269075,73068,72817,11895,84712,870
2022-11-10,Modoc,049,8938,886,887,325,1212,11
2022-11-10,Mono,051,14174,3226,3218,267,3485,8
2022-11-10,Monterey,053,433212,94933,94708,21249,115957,772
2022-11-10,Napa,055,140530,32586,32510,1418,33928,162
2022-11-10,Nevada,057,99092,19224,19171,1926,21097,132
2022-11-10,Orange,059,3164182,674716,673328,63326,736654,7546
2022-11-10,Placer,061,380077,76930,76490,9650,86140,662
2022-11-10,Plumas,063,18699,3728,3723,432,4155,13
2022-11-10,Riverside,065,2383286,702030,700602,35418,736020,6660
2022-11-10,Sacramento,067,1510023,351997,350522,34155,384677,3358
2022-11-10,San Benito,069,59416,16468,16350,987,17337,108
2022-11-10,San Bernardino,071,2135413,677421,676086,31095,707181,8126
2022-11-10,San Diego,073,3302833,935306,933599,73450,1007049,5538
2022-11-10,San Francisco,075,870044,182685,181964,12110,194074,1072
2022-11-10,San Joaquin,077,732212,199942,199089,14957,214046,2340
2022-11-10,San Luis Obispo,079,281455,63781,63683,7291,70974,525
2022-11-10,San Mateo,081,765935,171654,171191,10674,181865,748
2022-11-10,Santa Barbara,083,443738,106840,106642,6964,113606,733
2022-11-10,Santa Clara,085,1922200,444313,438278,18880,457158,2535
2022-11-10,Santa Cruz,087,273765,64546,64221,3472,67693,274
2022-11-10,Shasta,089,179085,35362,35246,7508,42754,594
2022-11-10,Sierra,091,2930,307,309,60,369,5
2022-11-10,Siskiyou,093,43540,5223,5337,3307,8644,94
2022-11-10,Solano,095,438530,106828,106391,7909,114300,468
2022-11-10,Sonoma,097,501317,108313,108080,5364,113444,525
2022-11-10,Stanislaus,099,539301,139236,138963,21740,160703,1785
2022-11-10,Sutter,101,95872,24599,24537,2471,27008,235
2022-11-10,Tehama,103,63373,13786,13745,3126,16871,216
2022-11-10,Trinity,105,12862,1420,1414,392,1806,20
2022-11-10,Tulare,107,460477,122511,122447,37121,159568,1544
2022-11-10,Tuolumne,109,53932,15791,15727,934,16661,201
2022-11-10,Ventura,111,848112,210845,210439,15866,226305,1585
2022-11-10,Yolo,113,214977,47954,47953,4615,52568,354
2022-11-10,Yuba,115,75493,19142,19098,1743,20841,132
2022-11-09,Alameda,001,1643700,354020,352725,19832,372557,2050
2022-11-09,Alpine,003,1148,136,136,1,137,0
2022-11-09,Amador,005,37829,10101,10080,928,11008,95
2022-11-09,Butte,007,227075,39993,39935,9144,49079,461
2022-11-09,Calaveras,009,45235,8602,8590,560,9150,135
2022-11-09,Colusa,011,21464,3822,3822,1294,5116,22
2022-11-09,Contra Costa,013,1133247,255320,253870,20897,274767,1469
2022-11-09,Del Norte,015,27424,7480,7472,406,7878,56
2022-11-09,El Dorado,017,186661,32824,32713,4318,37031,232
2022-11-09,Fresno,019,978130,277667,276921,31572,308493,2887
2022-11-09,Glenn,021,27897,5598,5570,1892,7462,48
2022-11-09,Humboldt,023,135768,22216,22176,5127,27303,160
2022-11-09,Imperial,025,180216,66353,66182,16478,82660,960
2022-11-09,Inyo,027,18085,4532,4520,998,5518,60
2022-11-09,Kern,029,883053,221154,220676,65114,285790,2430
2022-11-09,Kings,031,150075,60050,59955,4118,64073,461
2022-11-09,Lake,033,64148,12958,12931,1217,14148,149
2022-11-09,Lassen,035,31185,10027,10019,992,11011,65
2022-11-09,Los Angeles,037,10098052,3321085,3311644,187928,3499572,33784
2022-11-09,Madera,039,155013,44347,44281,8279,52560,375
2022-11-09,Marin,041,260295,46053,45924,5365,51289,314
2022-11-09,Mariposa,043,17540,3136,3124,365,3489,32
2022-11-09,Mendocino,045,87422,16190,16164,4520,20684,136
2022-11-09,Merced,047,269075,73042,72817,11895,84712,870
2022-11-09,Modoc,049,8938,886,887,325,1212,11
2022-11-09,Mono,051,14174,3225,3218,266,3484,8
2022-11-09,Monterey,053,433212,94903,94708,21246,115954,772
2022-11-09,Napa,055,140530,32567,32510,1418,33928,162
2022-11-09,Nevada,057,99092,19220,19171,1920,21091,132
2022-11-09,Orange,059,3164182,674484,673328,63312,736640,7546
2022-11-09,Placer,061,380077,76887,76490,9648,86138,662
2022-11-09,Plumas,063,18699,3725,3723,432,4155,13
2022-11-09,Riverside,065,2383286,701793,700602,35418,736020,6660
2022-11-09,Sacramento,067,1510023,351831,350522,34149,384671,3358
2022-11-09,San Benito,069,59416,16461,16350,987,17337,108
2022-11-09,San Bernardino,071,2135413,677170,676086,31093,707179,8126
2022-11-09,San Diego,073,3302833,934986,933599,73393,1006992,5538
2022-11-09,San Francisco,075,870044,182588,181964,12110,194074,1072
2022-11-09,San Joaquin,077,732212,199856,199089,14948,214037,2340
2022-11-09,San Luis Obispo,079,281455,63764,63683,7290,70973,525
2022-11-09,San Mateo,081,765935,171552,171191,10674,181865,748
2022-11-09,Santa Barbara,083,443738,106818,106642,6963,113605,733
2022-11-09,Santa Clara,085,1922200,444075,438278,18880,457158,2535
2022-11-09,Santa Cruz,087,273765,64515,64221,3471,67692,274
2022-11-09,Shasta,089,179085,35352,35246,7506,42752,594
2022-11-09,Sierra,091,2930,307,309,60,369,5
2022-11-09,Siskiyou,093,43540,5222,5337,3307,8644,94
2022-11-09,Solano,095,438530,106771,106391,7909,114300,468
2022-11-09,Sonoma,097,501317,108266,108080,5361,113441,525
2022-11-09,Stanislaus,099,539301,139195,138963,21737,160700,1785
2022-11-09,Sutter,101,95872,24585,24537,2470,27007,235
2022-11-09,Tehama,103,63373,13779,13745,3125,16870,216
2022-11-09,Trinity,105,12862,1417,1414,392,1806,20
2022-11-09,Tulare,107,460477,122474,122447,37099,159546,1544
2022-11-09,Tuolumne,109,53932,15778,15727,934,16661,201
2022-11-09,Ventura,111,848112,210772,210439,15866,226305,1585
2022-11-09,Yolo,113,214977,47932,47953,4613,52566,354
2022-11-09,Yuba,115,75493,19133,19098,1737,20835,132
2022-11-08,Alameda,001,1643700,353816,352725,19831,372556,2050
2022-11-08,Alpine,003,1148,136,136,1,137,0
2022-11-08,Amador,005,37829,10099,10080,928,11008,95
2022-11-08,Butte,007,227075,39975,39935,9144,49079,461
2022-11-08,Calaveras,009,45235,8599,8590,560,9150,135
2022-11-08,Colusa,011,21464,3821,3822,1294,5116,22
2022-11-08,Contra Costa,013,1133247,255193,253870,20897,274767,1469
2022-11-08,Del Norte,015,27424,7476,7472,405,7877,56
2022-11-08,El Dorado,017,186661,32801,32713,4317,37030,232
2022-11-08,Fresno,019,978130,277566,276921,31571,308492,2887
2022-11-08,Glenn,021,27897,5597,5570,1892,7462,48
2022-11-08,Humboldt,023,135768,22209,22176,5124,27300,160
2022-11-08,Imperial,025,180216,66301,66182,16419,82601,960
2022-11-08,Inyo,027,18085,4532,4520,998,5518,60
2022-11-08,Kern,029,883053,221077,220676,65069,285745,2430
2022-11-08,Kings,031,150075,60025,59955,4117,64072,461
2022-11-08,Lake,033,64148,12948,12931,1217,14148,149
2022-11-08,Lassen,035,31185,10025,10019,992,11011,65
2022-11-08,Los Angeles,037,10098052,3319675,3311644,187737,3499381,33784
2022-11-08,Madera,039,155013,44332,44281,8279,52560,375
2022-11-08,Marin,041,260295,46025,45924,5364,51288,314
2022-11-08,Mariposa,043,17540,3132,3124,365,3489,32
2022-11-08,Mendocino,045,87422,16183,16164,4520,20684,136
2022-11-08,Merced,047,269075,73012,72817,11894,84711,870
2022-11-08,Modoc,049,8938,885,887,325,1212,11
2022-11-08,Mono,051,14174,3221,3218,264,3482,8
2022-11-08,Monterey,053,433212,94874,94708,21243,115951,772
2022-11-08,Napa,055,140530,32555,32510,1418,33928,162
2022-11-08,Nevada,057,99092,19214,19171,1918,21089,132
2022-11-08,Orange,059,3164182,674243,673328,63295,736623,7546
2022-11-08,Placer,061,380077,76844,76490,9644,86134,662
2022-11-08,Plumas,063,18699,3725,3723,432,4155,13
2022-11-08,Riverside,065,2383286,701553,700602,35418,736020,6660
2022-11-08,Sacramento,067,1510023,351642,350522,34143,384665,3358
2022-11-08,San Benito,069,59416,16453,16350,986,17336,108
2022-11-08,San Bernardino,071,2135413,676935,676086,31092,707178,8126
2022-11-08,San Diego,073,3302833,934577,933599,73356,1006955,5538
2022-11-08,San Francisco,075,870044,182465,181964,12109,194073,1072
2022-11-08,San Joaquin,077,732212,199774,199089,14942,214031,2340
2022-11-08,San Luis Obispo,079,281455,63747,63683,7289,70972,525
2022-11-08,San Mateo,081,765935,171458,171191,10674,181865,748
2022-11-08,Santa Barbara,083,443738,106784,106642,6963,113605,733
2022-11-08,Santa Clara,085,1922200,443817,438278,18880,457158,2535
2022-11-08,Santa Cruz,087,273765,64483,64221,3471,67692,274
2022-11-08,Shasta,089,179085,35330,35246,7505,42751,594
2022-11-08,Sierra,091,2930,307,309,60,369,5
2022-11-08,Siskiyou,093,43540,5221,5337,3307,8644,94
2022-11-08,Solano,095,438530,106701,106391,7908,114299,468
2022-11-08,Sonoma,097,501317,108227,108080,5360,113440,525
2022-11-08,Stanislaus,099,539301,139134,138963,21734,160697,1785
2022-11-08,Sutter,101,95872,24568,24537,2470,27007,235
2022-11-08,Tehama,103,63373,13774,13745,3125,16870,216
2022-11-08,Trinity,105,12862,1415,1414,392,1806,20
2022-11-08,Tulare,107,460477,122425,122447,37068,159515,1544
2022-11-08,Tuolumne,109,53932,15769,15727,934,16661,201
2022-11-08,Ventura,111,848112,210710,210439,15866,226305,1585
2022-11-08,Yolo,113,214977,47913,47953,4607,52560,354
2022-11-08,Yuba,115,75493,19123,19098,1736,20834,132
2022-11-07,Alameda,001,1643700,353581,351524,19830,371354,2044
2022-11-07,Alpine,003,1148,136,136,1,137,0
2022-11-07,Amador,005,37829,10095,10055,928,10983,95
2022-11-07,Butte,007,227075,39958,39852,9143,48995,462
2022-11-07,Calaveras,009,45235,8594,8576,560,9136,135
2022-11-07,Colusa,011,21464,3820,3820,1294,5114,22
2022-11-07,Contra Costa,013,1133247,255051,253122,20897,274019,1463
2022-11-07,Del Norte,015,27424,7473,7469,405,7874,56
2022-11-07,El Dorado,017,186661,32785,32622,4317,36939,231
2022-11-07,Fresno,019,978130,277449,276454,31568,308022,2885
2022-11-07,Glenn,021,27897,5595,5557,1891,7448,48
2022-11-07,Humboldt,023,135768,22193,22115,5118,27233,160
2022-11-07,Imperial,025,180216,66263,66024,16382,82406,960
2022-11-07,Inyo,027,18085,4531,4506,997,5503,60
2022-11-07,Kern,029,883053,221022,220216,65013,285229,2426
2022-11-07,Kings,031,150075,60004,59856,4114,63970,459
2022-11-07,Lake,033,64148,12940,12898,1217,14115,148
2022-11-07,Lassen,035,31185,10021,10007,992,10999,65
2022-11-07,Los Angeles,037,10098052,3318321,3304428,187504,3491932,33733
2022-11-07,Madera,039,155013,44323,44229,8279,52508,375
2022-11-07,Marin,041,260295,45997,45806,5364,51170,314
2022-11-07,Mariposa,043,17540,3127,3116,365,3481,32
2022-11-07,Mendocino,045,87422,16182,16130,4520,20650,137
2022-11-07,Merced,047,269075,72980,72727,11892,84619,870
2022-11-07,Modoc,049,8938,885,885,325,1210,11
2022-11-07,Mono,051,14174,3219,3216,264,3480,7
2022-11-07,Monterey,053,433212,94847,94541,21233,115774,770
2022-11-07,Napa,055,140530,32535,32484,1418,33902,161
2022-11-07,Nevada,057,99092,19208,19129,1917,21046,132
2022-11-07,Orange,059,3164182,674019,672253,63275,735528,7520
2022-11-07,Placer,061,380077,76801,76321,9639,85960,662
2022-11-07,Plumas,063,18699,3725,3720,432,4152,13
2022-11-07,Riverside,065,2383286,701292,699360,35418,734778,6660
2022-11-07,Sacramento,067,1510023,351465,349696,34139,383835,3350
2022-11-07,San Benito,069,59416,16445,16324,985,17309,108
2022-11-07,San Bernardino,071,2135413,676666,674939,31091,706030,8123
2022-11-07,San Diego,073,3302833,934210,931531,73314,1004845,5532
2022-11-07,San Francisco,075,870044,182358,180989,12108,193097,1067
2022-11-07,San Joaquin,077,732212,199692,198717,14934,213651,2336
2022-11-07,San Luis Obispo,079,281455,63728,63599,7288,70887,525
2022-11-07,San Mateo,081,765935,171367,170464,10674,181138,741
2022-11-07,Santa Barbara,083,443738,106764,106478,6963,113441,732
2022-11-07,Santa Clara,085,1922200,443567,436967,18880,455847,2533
2022-11-07,Santa Cruz,087,273765,64434,64070,3470,67540,274
2022-11-07,Shasta,089,179085,35316,35178,7505,42683,594
2022-11-07,Sierra,091,2930,307,308,60,368,5
2022-11-07,Siskiyou,093,43540,5213,5326,3307,8633,94
2022-11-07,Solano,095,438530,106619,106106,7908,114014,468
2022-11-07,Sonoma,097,501317,108189,107907,5360,113267,524
2022-11-07,Stanislaus,099,539301,139096,138715,21728,160443,1785
2022-11-07,Sutter,101,95872,24550,24470,2470,26940,233
2022-11-07,Tehama,103,63373,13769,13707,3124,16831,216
2022-11-07,Trinity,105,12862,1415,1413,392,1805,20
2022-11-07,Tulare,107,460477,122398,122246,37046,159292,1544
2022-11-07,Tuolumne,109,53932,15760,15672,934,16606,196
2022-11-07,Ventura,111,848112,210629,210085,15866,225951,1584
2022-11-07,Yolo,113,214977,47881,47786,4604,52390,353
2022-11-07,Yuba,115,75493,19115,19059,1734,20793,132
2022-11-06,Alameda,001,1643700,353355,351524,19830,371354,2044
2022-11-06,Alpine,003,1148,136,136,1,137,0
2022-11-06,Amador,005,37829,10090,10055,928,10983,95
2022-11-06,Butte,007,227075,39927,39852,9143,48995,462
2022-11-06,Calaveras,009,45235,8590,8576,560,9136,135
2022-11-06,Colusa,011,21464,3820,3820,1294,5114,22
2022-11-06,Contra Costa,013,1133247,254900,253122,20897,274019,1463
2022-11-06,Del Norte,015,27424,7470,7469,405,7874,56
2022-11-06,El Dorado,017,186661,32770,32622,4315,36937,231
2022-11-06,Fresno,019,978130,277318,276454,31567,308021,2885
2022-11-06,Glenn,021,27897,5578,5557,1884,7441,48
2022-11-06,Humboldt,023,135768,22183,22115,5118,27233,160
2022-11-06,Imperial,025,180216,66213,66024,16343,82367,960
2022-11-06,Inyo,027,18085,4529,4506,996,5502,60
2022-11-06,Kern,029,883053,220920,220216,64965,285181,2426
2022-11-06,Kings,031,150075,59959,59856,4113,63969,459
2022-11-06,Lake,033,64148,12928,12898,1217,14115,148
2022-11-06,Lassen,035,31185,10020,10007,992,10999,65
2022-11-06,Los Angeles,037,10098052,3316683,3304428,187277,3491705,33733
2022-11-06,Madera,039,155013,44312,44229,8279,52508,375
2022-11-06,Marin,041,260295,45968,45806,5363,51169,314
2022-11-06,Mariposa,043,17540,3126,3116,365,3481,32
2022-11-06,Mendocino,045,87422,16176,16130,4520,20650,137
2022-11-06,Merced,047,269075,72954,72727,11887,84614,870
2022-11-06,Modoc,049,8938,885,885,325,1210,11
2022-11-06,Mono,051,14174,3219,3216,262,3478,7
2022-11-06,Monterey,053,433212,94797,94541,21224,115765,770
2022-11-06,Napa,055,140530,32513,32484,1418,33902,161
2022-11-06,Nevada,057,99092,19193,19129,1911,21040,132
2022-11-06,Orange,059,3164182,673755,672253,63272,735525,7520
2022-11-06,Placer,061,380077,76751,76321,9636,85957,662
2022-11-06,Plumas,063,18699,3725,3720,432,4152,13
2022-11-06,Riverside,065,2383286,700984,699360,35418,734778,6660
2022-11-06,Sacramento,067,1510023,351252,349696,34134,383830,3350
2022-11-06,San Benito,069,59416,16437,16324,985,17309,108
2022-11-06,San Bernardino,071,2135413,676372,674939,31088,706027,8123
2022-11-06,San Diego,073,3302833,933703,931531,73257,1004788,5532
2022-11-06,San Francisco,075,870044,182224,180989,12107,193096,1067
2022-11-06,San Joaquin,077,732212,199605,198717,14930,213647,2336
2022-11-06,San Luis Obispo,079,281455,63711,63599,7288,70887,525
2022-11-06,San Mateo,081,765935,171267,170464,10674,181138,741
2022-11-06,Santa Barbara,083,443738,106709,106478,6961,113439,732
2022-11-06,Santa Clara,085,1922200,443280,436967,18880,455847,2533
2022-11-06,Santa Cruz,087,273765,64364,64070,3470,67540,274
2022-11-06,Shasta,089,179085,35293,35178,7504,42682,594
2022-11-06,Sierra,091,2930,307,308,60,368,5
2022-11-06,Siskiyou,093,43540,5213,5326,3307,8633,94
2022-11-06,Solano,095,438530,106527,106106,7908,114014,468
2022-11-06,Sonoma,097,501317,108127,107907,5360,113267,524
2022-11-06,Stanislaus,099,539301,139042,138715,21726,160441,1785
2022-11-06,Sutter,101,95872,24532,24470,2470,26940,233
2022-11-06,Tehama,103,63373,13763,13707,3111,16818,216
2022-11-06,Trinity,105,12862,1415,1413,392,1805,20
2022-11-06,Tulare,107,460477,122362,122246,37020,159266,1544
2022-11-06,Tuolumne,109,53932,15750,15672,934,16606,196
2022-11-06,Ventura,111,848112,210548,210085,15866,225951,1584
2022-11-06,Yolo,113,214977,47866,47786,4594,52380,353
2022-11-06,Yuba,115,75493,19107,19059,1734,20793,132
2022-11-05,Alameda,001,1643700,353211,351524,19830,371354,2044
2022-11-05,Alpine,003,1148,136,136,1,137,0
2022-11-05,Amador,005,37829,10088,10055,928,10983,95
2022-11-05,Butte,007,227075,39918,39852,9141,48993,462
2022-11-05,Calaveras,009,45235,8589,8576,560,9136,135
2022-11-05,Colusa,011,21464,3818,3820,1294,5114,22
2022-11-05,Contra Costa,013,1133247,254799,253122,20897,274019,1463
2022-11-05,Del Norte,015,27424,7470,7469,405,7874,56
2022-11-05,El Dorado,017,186661,32754,32622,4314,36936,231
2022-11-05,Fresno,019,978130,277264,276454,31565,308019,2885
2022-11-05,Glenn,021,27897,5576,5557,1884,7441,48
2022-11-05,Humboldt,023,135768,22173,22115,5118,27233,160
2022-11-05,Imperial,025,180216,66189,66024,16331,82355,960
2022-11-05,Inyo,027,18085,4528,4506,996,5502,60
2022-11-05,Kern,029,883053,220875,220216,64942,285158,2426
2022-11-05,Kings,031,150075,59943,59856,4113,63969,459
2022-11-05,Lake,033,64148,12923,12898,1217,14115,148
2022-11-05,Lassen,035,31185,10020,10007,992,10999,65
2022-11-05,Los Angeles,037,10098052,3315836,3304428,187148,3491576,33733
2022-11-05,Madera,039,155013,44306,44229,8279,52508,375
2022-11-05,Marin,041,260295,45951,45806,5363,51169,314
2022-11-05,Mariposa,043,17540,3125,3116,365,3481,32
2022-11-05,Mendocino,045,87422,16174,16130,4520,20650,137
2022-11-05,Merced,047,269075,72940,72727,11886,84613,870
2022-11-05,Modoc,049,8938,885,885,325,1210,11
2022-11-05,Mono,051,14174,3219,3216,262,3478,7
2022-11-05,Monterey,053,433212,94772,94541,21221,115762,770
2022-11-05,Napa,055,140530,32509,32484,1418,33902,161
2022-11-05,Nevada,057,99092,19188,19129,1909,21038,132
2022-11-05,Orange,059,3164182,673615,672253,63271,735524,7520
2022-11-05,Placer,061,380077,76710,76321,9636,85957,662
2022-11-05,Plumas,063,18699,3725,3720,432,4152,13
2022-11-05,Riverside,065,2383286,700802,699360,35418,734778,6660
2022-11-05,Sacramento,067,1510023,351132,349696,34126,383822,3350
2022-11-05,San Benito,069,59416,16429,16324,985,17309,108
2022-11-05,San Bernardino,071,2135413,676227,674939,31087,706026,8123
2022-11-05,San Diego,073,3302833,933512,931531,73240,1004771,5532
2022-11-05,San Francisco,075,870044,182143,180989,12107,193096,1067
2022-11-05,San Joaquin,077,732212,199553,198717,14929,213646,2336
2022-11-05,San Luis Obispo,079,281455,63702,63599,7288,70887,525
2022-11-05,San Mateo,081,765935,171210,170464,10674,181138,741
2022-11-05,Santa Barbara,083,443738,106689,106478,6961,113439,732
2022-11-05,Santa Clara,085,1922200,443086,436967,18880,455847,2533
2022-11-05,Santa Cruz,087,273765,64335,64070,3470,67540,274
2022-11-05,Shasta,089,179085,35284,35178,7504,42682,594
2022-11-05,Sierra,091,2930,307,308,60,368,5
2022-11-05,Siskiyou,093,43540,5212,5326,3307,8633,94
2022-11-05,Solano,095,438530,106499,106106,7908,114014,468
2022-11-05,Sonoma,097,501317,108109,107907,5358,113265,524
2022-11-05,Stanislaus,099,539301,139001,138715,21722,160437,1785
2022-11-05,Sutter,101,95872,24522,24470,2470,26940,233
2022-11-05,Tehama,103,63373,13759,13707,3109,16816,216
2022-11-05,Trinity,105,12862,1415,1413,392,1805,20
2022-11-05,Tulare,107,460477,122346,122246,37003,159249,1544
2022-11-05,Tuolumne,109,53932,15743,15672,934,16606,196
2022-11-05,Ventura,111,848112,210498,210085,15866,225951,1584
2022-11-05,Yolo,113,214977,47853,47786,4589,52375,353
2022-11-05,Yuba,115,75493,19102,19059,1733,20792,132
2022-11-04,Alameda,001,1643700,353071,351524,19830,371354,2044
2022-11-04,Alpine,003,1148,136,136,1,137,0
2022-11-04,Amador,005,37829,10085,10055,928,10983,95
2022-11-04,Butte,007,227075,39909,39852,9140,48992,462
2022-11-04,Calaveras,009,45235,8588,8576,560,9136,135
2022-11-04,Colusa,011,21464,3818,3820,1294,5114,22
2022-11-04,Contra Costa,013,1133247,254706,253122,20897,274019,1463
2022-11-04,Del Norte,015,27424,7470,7469,405,7874,56
2022-11-04,El Dorado,017,186661,32745,32622,4314,36936,231
2022-11-04,Fresno,019,978130,277212,276454,31564,308018,2885
2022-11-04,Glenn,021,27897,5575,5557,1883,7440,48
2022-11-04,Humboldt,023,135768,22166,22115,5118,27233,160
2022-11-04,Imperial,025,180216,66177,66024,16323,82347,960
2022-11-04,Inyo,027,18085,4525,4506,996,5502,60
2022-11-04,Kern,029,883053,220836,220216,64914,285130,2426
2022-11-04,Kings,031,150075,59928,59856,4113,63969,459
2022-11-04,Lake,033,64148,12915,12898,1217,14115,148
2022-11-04,Lassen,035,31185,10019,10007,992,10999,65
2022-11-04,Los Angeles,037,10098052,3315019,3304428,187010,3491438,33733
2022-11-04,Madera,039,155013,44299,44229,8279,52508,375
2022-11-04,Marin,041,260295,45935,45806,5362,51168,314
2022-11-04,Mariposa,043,17540,3125,3116,365,3481,32
2022-11-04,Mendocino,045,87422,16170,16130,4520,20650,137
2022-11-04,Merced,047,269075,72931,72727,11886,84613,870
2022-11-04,Modoc,049,8938,885,885,325,1210,11
2022-11-04,Mono,051,14174,3217,3216,262,3478,7
2022-11-04,Monterey,053,433212,94746,94541,21212,115753,770
2022-11-04,Napa,055,140530,32504,32484,1418,33902,161
2022-11-04,Nevada,057,99092,19182,19129,1905,21034,132
2022-11-04,Orange,059,3164182,673508,672253,63269,735522,7520
2022-11-04,Placer,061,380077,76691,76321,9635,85956,662
2022-11-04,Plumas,063,18699,3724,3720,432,4152,13
2022-11-04,Riverside,065,2383286,700629,699360,35418,734778,6660
2022-11-04,Sacramento,067,1510023,351021,349696,34123,383819,3350
2022-11-04,San Benito,069,59416,16425,16324,985,17309,108
2022-11-04,San Bernardino,071,2135413,676077,674939,31087,706026,8123
2022-11-04,San Diego,073,3302833,933307,931531,73227,1004758,5532
2022-11-04,San Francisco,075,870044,182075,180989,12107,193096,1067
2022-11-04,San Joaquin,077,732212,199504,198717,14927,213644,2336
2022-11-04,San Luis Obispo,079,281455,63690,63599,7286,70885,525
2022-11-04,San Mateo,081,765935,171138,170464,10674,181138,741
2022-11-04,Santa Barbara,083,443738,106668,106478,6961,113439,732
2022-11-04,Santa Clara,085,1922200,442893,436967,18880,455847,2533
2022-11-04,Santa Cruz,087,273765,64308,64070,3470,67540,274
2022-11-04,Shasta,089,179085,35278,35178,7503,42681,594
2022-11-04,Sierra,091,2930,307,308,60,368,5
2022-11-04,Siskiyou,093,43540,5208,5326,3307,8633,94
2022-11-04,Solano,095,438530,106443,106106,7908,114014,468
2022-11-04,Sonoma,097,501317,108087,107907,5358,113265,524
2022-11-04,Stanislaus,099,539301,138975,138715,21722,160437,1785
2022-11-04,Sutter,101,95872,24514,24470,2470,26940,233
2022-11-04,Tehama,103,63373,13754,13707,3100,16807,216
2022-11-04,Trinity,105,12862,1414,1413,392,1805,20
2022-11-04,Tulare,107,460477,122328,122246,36985,159231,1544
2022-11-04,Tuolumne,109,53932,15731,15672,934,16606,196
2022-11-04,Ventura,111,848112,210447,210085,15866,225951,1584
2022-11-04,Yolo,113,214977,47834,47786,4588,52374,353
2022-11-04,Yuba,115,75493,19099,19059,1733,20792,132
2022-11-03,Alameda,001,1643700,352886,351524,19830,371354,2044
2022-11-03,Alpine,003,1148,136,136,1,137,0
2022-11-03,Amador,005,37829,10080,10055,928,10983,95
2022-11-03,Butte,007,227075,39892,39852,9138,48990,462
2022-11-03,Calaveras,009,45235,8587,8576,560,9136,135
2022-11-03,Colusa,011,21464,3818,3820,1294,5114,22
2022-11-03,Contra Costa,013,1133247,254574,253122,20897,274019,1463
2022-11-03,Del Norte,015,27424,7470,7469,405,7874,56
2022-11-03,El Dorado,017,186661,32729,32622,4314,36936,231
2022-11-03,Fresno,019,978130,277137,276454,31562,308016,2885
2022-11-03,Glenn,021,27897,5572,5557,1882,7439,48
2022-11-03,Humboldt,023,135768,22151,22115,5116,27231,160
2022-11-03,Imperial,025,180216,66151,66024,16285,82309,960
2022-11-03,Inyo,027,18085,4523,4506,996,5502,60
2022-11-03,Kern,029,883053,220788,220216,64882,285098,2426
2022-11-03,Kings,031,150075,59911,59856,4111,63967,459
2022-11-03,Lake,033,64148,12913,12898,1217,14115,148
2022-11-03,Lassen,035,31185,10016,10007,992,10999,65
2022-11-03,Los Angeles,037,10098052,3313935,3304428,186821,3491249,33733
2022-11-03,Madera,039,155013,44288,44229,8279,52508,375
2022-11-03,Marin,041,260295,45909,45806,5362,51168,314
2022-11-03,Mariposa,043,17540,3122,3116,365,3481,32
2022-11-03,Mendocino,045,87422,16159,16130,4520,20650,137
2022-11-03,Merced,047,269075,72902,72727,11886,84613,870
2022-11-03,Modoc,049,8938,885,885,325,1210,11
2022-11-03,Mono,051,14174,3216,3216,262,3478,7
2022-11-03,Monterey,053,433212,94722,94541,21203,115744,770
2022-11-03,Napa,055,140530,32494,32484,1418,33902,161
2022-11-03,Nevada,057,99092,19172,19129,1904,21033,132
2022-11-03,Orange,059,3164182,673341,672253,63263,735516,7520
2022-11-03,Placer,061,380077,76656,76321,9634,85955,662
2022-11-03,Plumas,063,18699,3724,3720,432,4152,13
2022-11-03,Riverside,065,2383286,700424,699360,35417,734777,6660
2022-11-03,Sacramento,067,1510023,350857,349696,34120,383816,3350
2022-11-03,San Benito,069,59416,16421,16324,985,17309,108
2022-11-03,San Bernardino,071,2135413,675882,674939,31087,706026,8123
2022-11-03,San Diego,073,3302833,933050,931531,73199,1004730,5532
2022-11-03,San Francisco,075,870044,181970,180989,12107,193096,1067
2022-11-03,San Joaquin,077,732212,199443,198717,14920,213637,2336
2022-11-03,San Luis Obispo,079,281455,63672,63599,7286,70885,525
2022-11-03,San Mateo,081,765935,171041,170464,10673,181137,741
2022-11-03,Santa Barbara,083,443738,106644,106478,6959,113437,732
2022-11-03,Santa Clara,085,1922200,442652,436967,18880,455847,2533
2022-11-03,Santa Cruz,087,273765,64261,64070,3470,67540,274
2022-11-03,Shasta,089,179085,35263,35178,7503,42681,594
2022-11-03,Sierra,091,2930,307,308,60,368,5
2022-11-03,Siskiyou,093,43540,5205,5326,3307,8633,94
2022-11-03,Solano,095,438530,106398,106106,7908,114014,468
2022-11-03,Sonoma,097,501317,108057,107907,5358,113265,524
2022-11-03,Stanislaus,099,539301,138930,138715,21720,160435,1785
2022-11-03,Sutter,101,95872,24505,24470,2470,26940,233
2022-11-03,Tehama,103,63373,13746,13707,3098,16805,216
2022-11-03,Trinity,105,12862,1414,1413,392,1805,20
2022-11-03,Tulare,107,460477,122307,122246,36973,159219,1544
2022-11-03,Tuolumne,109,53932,15725,15672,934,16606,196
2022-11-03,Ventura,111,848112,210392,210085,15865,225950,1584
2022-11-03,Yolo,113,214977,47816,47786,4586,52372,353
2022-11-03,Yuba,115,75493,19092,19059,1733,20792,132
2022-11-02,Alameda,001,1643700,352706,351524,19830,371354,2044
2022-11-02,Alpine,003,1148,136,136,1,137,0
2022-11-02,Amador,005,37829,10070,10055,928,10983,95
2022-11-02,Butte,007,227075,39873,39852,9135,48987,462
2022-11-02,Calaveras,009,45235,8582,8576,560,9136,135
2022-11-02,Colusa,011,21464,3818,3820,1293,5113,22
2022-11-02,Contra Costa,013,1133247,254450,253122,20897,274019,1463
2022-11-02,Del Norte,015,27424,7470,7469,405,7874,56
2022-11-02,El Dorado,017,186661,32715,32622,4314,36936,231
2022-11-02,Fresno,019,978130,277052,276454,31562,308016,2885
2022-11-02,Glenn,021,27897,5568,5557,1880,7437,48
2022-11-02,Humboldt,023,135768,22141,22115,5115,27230,160
2022-11-02,Imperial,025,180216,66119,66024,16265,82289,960
2022-11-02,Inyo,027,18085,4520,4506,996,5502,60
2022-11-02,Kern,029,883053,220741,220216,64848,285064,2426
2022-11-02,Kings,031,150075,59897,59856,4109,63965,459
2022-11-02,Lake,033,64148,12909,12898,1217,14115,148
2022-11-02,Lassen,035,31185,10014,10007,992,10999,65
2022-11-02,Los Angeles,037,10098052,3312744,3304428,186641,3491069,33733
2022-11-02,Madera,039,155013,44272,44229,8279,52508,375
2022-11-02,Marin,041,260295,45894,45806,5362,51168,314
2022-11-02,Mariposa,043,17540,3121,3116,365,3481,32
2022-11-02,Mendocino,045,87422,16157,16130,4520,20650,137
2022-11-02,Merced,047,269075,72880,72727,11885,84612,870
2022-11-02,Modoc,049,8938,885,885,325,1210,11
2022-11-02,Mono,051,14174,3216,3216,262,3478,7
2022-11-02,Monterey,053,433212,94697,94541,21198,115739,770
2022-11-02,Napa,055,140530,32484,32484,1418,33902,161
2022-11-02,Nevada,057,99092,19167,19129,1899,21028,132
2022-11-02,Orange,059,3164182,673157,672253,63251,735504,7520
2022-11-02,Placer,061,380077,76619,76321,9631,85952,662
2022-11-02,Plumas,063,18699,3724,3720,432,4152,13
2022-11-02,Riverside,065,2383286,700252,699360,35417,734777,6660
2022-11-02,Sacramento,067,1510023,350682,349696,34116,383812,3350
2022-11-02,San Benito,069,59416,16415,16324,985,17309,108
2022-11-02,San Bernardino,071,2135413,675692,674939,31087,706026,8123
2022-11-02,San Diego,073,3302833,932722,931531,73165,1004696,5532
2022-11-02,San Francisco,075,870044,181865,180989,12107,193096,1067
2022-11-02,San Joaquin,077,732212,199370,198717,14918,213635,2336
2022-11-02,San Luis Obispo,079,281455,63650,63599,7284,70883,525
2022-11-02,San Mateo,081,765935,170983,170464,10672,181136,741
2022-11-02,Santa Barbara,083,443738,106614,106478,6959,113437,732
2022-11-02,Santa Clara,085,1922200,442438,436967,18880,455847,2533
2022-11-02,Santa Cruz,087,273765,64228,64070,3470,67540,274
2022-11-02,Shasta,089,179085,35252,35178,7503,42681,594
2022-11-02,Sierra,091,2930,307,308,60,368,5
2022-11-02,Siskiyou,093,43540,5204,5326,3307,8633,94
2022-11-02,Solano,095,438530,106350,106106,7908,114014,468
2022-11-02,Sonoma,097,501317,108023,107907,5357,113264,524
2022-11-02,Stanislaus,099,539301,138895,138715,21718,160433,1785
2022-11-02,Sutter,101,95872,24487,24470,2470,26940,233
2022-11-02,Tehama,103,63373,13740,13707,3093,16800,216
2022-11-02,Trinity,105,12862,1414,1413,392,1805,20
2022-11-02,Tulare,107,460477,122284,122246,36960,159206,1544
2022-11-02,Tuolumne,109,53932,15721,15672,934,16606,196
2022-11-02,Ventura,111,848112,210340,210085,15865,225950,1584
2022-11-02,Yolo,113,214977,47796,47786,4584,52370,353
2022-11-02,Yuba,115,75493,19084,19059,1733,20792,132
2022-11-01,Alameda,001,1643700,352511,351524,19830,371354,2044
2022-11-01,Alpine,003,1148,136,136,1,137,0
2022-11-01,Amador,005,37829,10064,10055,928,10983,95
2022-11-01,Butte,007,227075,39858,39852,9135,48987,462
2022-11-01,Calaveras,009,45235,8580,8576,560,9136,135
2022-11-01,Colusa,011,21464,3818,3820,1292,5112,22
2022-11-01,Contra Costa,013,1133247,254339,253122,20897,274019,1463
2022-11-01,Del Norte,015,27424,7470,7469,405,7874,56
2022-11-01,El Dorado,017,186661,32695,32622,4313,36935,231
2022-11-01,Fresno,019,978130,276974,276454,31561,308015,2885
2022-11-01,Glenn,021,27897,5567,5557,1879,7436,48
2022-11-01,Humboldt,023,135768,22129,22115,5112,27227,160
2022-11-01,Imperial,025,180216,66090,66024,16257,82281,960
2022-11-01,Inyo,027,18085,4517,4506,996,5502,60
2022-11-01,Kern,029,883053,220665,220216,64799,285015,2426
2022-11-01,Kings,031,150075,59876,59856,4107,63963,459
2022-11-01,Lake,033,64148,12905,12898,1217,14115,148
2022-11-01,Lassen,035,31185,10012,10007,992,10999,65
2022-11-01,Los Angeles,037,10098052,3311516,3304428,186431,3490859,33733
2022-11-01,Madera,039,155013,44259,44229,8279,52508,375
2022-11-01,Marin,041,260295,45874,45806,5362,51168,314
2022-11-01,Mariposa,043,17540,3118,3116,365,3481,32
2022-11-01,Mendocino,045,87422,16154,16130,4519,20649,137
2022-11-01,Merced,047,269075,72859,72727,11884,84611,870
2022-11-01,Modoc,049,8938,884,885,325,1210,11
2022-11-01,Mono,051,14174,3216,3216,261,3477,7
2022-11-01,Monterey,053,433212,94667,94541,21196,115737,770
2022-11-01,Napa,055,140530,32472,32484,1418,33902,161
2022-11-01,Nevada,057,99092,19153,19129,1896,21025,132
2022-11-01,Orange,059,3164182,672969,672253,63231,735484,7520
2022-11-01,Placer,061,380077,76592,76321,9626,85947,662
2022-11-01,Plumas,063,18699,3721,3720,432,4152,13
2022-11-01,Riverside,065,2383286,700031,699360,35417,734777,6660
2022-11-01,Sacramento,067,1510023,350528,349696,34114,383810,3350
2022-11-01,San Benito,069,59416,16408,16324,985,17309,108
2022-11-01,San Bernardino,071,2135413,675499,674939,31087,706026,8123
2022-11-01,San Diego,073,3302833,932394,931531,73133,1004664,5532
2022-11-01,San Francisco,075,870044,181758,180989,12107,193096,1067
2022-11-01,San Joaquin,077,732212,199296,198717,14917,213634,2336
2022-11-01,San Luis Obispo,079,281455,63630,63599,7284,70883,525
2022-11-01,San Mateo,081,765935,170908,170464,10672,181136,741
2022-11-01,Santa Barbara,083,443738,106580,106478,6959,113437,732
2022-11-01,Santa Clara,085,1922200,442194,436967,18880,455847,2533
2022-11-01,Santa Cruz,087,273765,64197,64070,3470,67540,274
2022-11-01,Shasta,089,179085,35242,35178,7502,42680,594
2022-11-01,Sierra,091,2930,307,308,60,368,5
2022-11-01,Siskiyou,093,43540,5202,5326,3307,8633,94
2022-11-01,Solano,095,438530,106304,106106,7908,114014,468
2022-11-01,Sonoma,097,501317,107987,107907,5355,113262,524
2022-11-01,Stanislaus,099,539301,138847,138715,21714,160429,1785
2022-11-01,Sutter,101,95872,24480,24470,2470,26940,233
2022-11-01,Tehama,103,63373,13733,13707,3090,16797,216
2022-11-01,Trinity,105,12862,1414,1413,392,1805,20
2022-11-01,Tulare,107,460477,122257,122246,36942,159188,1544
2022-11-01,Tuolumne,109,53932,15715,15672,934,16606,196
2022-11-01,Ventura,111,848112,210273,210085,15865,225950,1584
2022-11-01,Yolo,113,214977,47777,47786,4583,52369,353
2022-11-01,Yuba,115,75493,19077,19059,1733,20792,132
2022-10-31,Alameda,001,1643700,352292,350419,19830,370249,2040
2022-10-31,Alpine,003,1148,136,136,1,137,0
2022-10-31,Amador,005,37829,10063,10038,928,10966,94
2022-10-31,Butte,007,227075,39840,39707,9133,48840,457
2022-10-31,Calaveras,009,45235,8578,8561,560,9121,134
2022-10-31,Colusa,011,21464,3818,3813,1290,5103,22
2022-10-31,Contra Costa,013,1133247,254195,252398,20897,273295,1458
2022-10-31,Del Norte,015,27424,7469,7455,405,7860,56
2022-10-31,El Dorado,017,186661,32679,32513,4312,36825,231
2022-10-31,Fresno,019,978130,276867,275924,31560,307484,2885
2022-10-31,Glenn,021,27897,5566,5553,1878,7431,48
2022-10-31,Humboldt,023,135768,22117,22065,5110,27175,160
2022-10-31,Imperial,025,180216,66055,65903,16242,82145,959
2022-10-31,Inyo,027,18085,4512,4500,996,5496,60
2022-10-31,Kern,029,883053,220568,219943,64756,284699,2425
2022-10-31,Kings,031,150075,59854,59742,4107,63849,459
2022-10-31,Lake,033,64148,12894,12868,1217,14085,148
2022-10-31,Lassen,035,31185,10011,9989,992,10981,65
2022-10-31,Los Angeles,037,10098052,3310284,3298549,186213,3484762,33679
2022-10-31,Madera,039,155013,44247,44172,8279,52451,375
2022-10-31,Marin,041,260295,45850,45649,5361,51010,314
2022-10-31,Mariposa,043,17540,3115,3107,365,3472,31
2022-10-31,Mendocino,045,87422,16148,16104,4519,20623,153
2022-10-31,Merced,047,269075,72844,72606,11884,84490,870
2022-10-31,Modoc,049,8938,883,884,325,1209,11
2022-10-31,Mono,051,14174,3216,3215,260,3475,7
2022-10-31,Monterey,053,433212,94634,94425,21185,115610,769
2022-10-31,Napa,055,140530,32458,32448,1418,33866,160
2022-10-31,Nevada,057,99092,19150,19094,1896,20990,132
2022-10-31,Orange,059,3164182,672782,671141,63222,734363,7502
2022-10-31,Placer,061,380077,76573,76178,9623,85801,662
2022-10-31,Plumas,063,18699,3720,3705,432,4137,13
2022-10-31,Riverside,065,2383286,699803,698387,35416,733803,6659
2022-10-31,Sacramento,067,1510023,350378,348942,34113,383055,3346
2022-10-31,San Benito,069,59416,16402,16284,985,17269,108
2022-10-31,San Bernardino,071,2135413,675258,673959,31086,705045,8120
2022-10-31,San Diego,073,3302833,932060,929768,73100,1002868,5524
2022-10-31,San Francisco,075,870044,181649,180409,12107,192516,1066
2022-10-31,San Joaquin,077,732212,199220,198376,14907,213283,2335
2022-10-31,San Luis Obispo,079,281455,63607,63519,7279,70798,525
2022-10-31,San Mateo,081,765935,170809,169941,10671,180612,741
2022-10-31,Santa Barbara,083,443738,106542,106291,6959,113250,729
2022-10-31,Santa Clara,085,1922200,441934,435788,18880,454668,2528
2022-10-31,Santa Cruz,087,273765,64156,63885,3470,67355,274
2022-10-31,Shasta,089,179085,35220,35117,7501,42618,595
2022-10-31,Sierra,091,2930,307,308,60,368,5
2022-10-31,Siskiyou,093,43540,5198,5307,3307,8614,94
2022-10-31,Solano,095,438530,106249,105796,7907,113703,467
2022-10-31,Sonoma,097,501317,107949,107692,5353,113045,524
2022-10-31,Stanislaus,099,539301,138797,138423,21705,160128,1785
2022-10-31,Sutter,101,95872,24465,24425,2470,26895,233
2022-10-31,Tehama,103,63373,13724,13681,3090,16771,210
2022-10-31,Trinity,105,12862,1413,1398,392,1790,20
2022-10-31,Tulare,107,460477,122240,122140,36925,159065,1541
2022-10-31,Tuolumne,109,53932,15681,15658,934,16592,196
2022-10-31,Ventura,111,848112,210199,209746,15865,225611,1582
2022-10-31,Yolo,113,214977,47709,47703,4580,52283,349
2022-10-31,Yuba,115,75493,19069,19009,1733,20742,133
2022-10-30,Alameda,001,1643700,352082,350419,19829,370248,2040
2022-10-30,Alpine,003,1148,136,136,1,137,0
2022-10-30,Amador,005,37829,10058,10038,928,10966,94
2022-10-30,Butte,007,227075,39819,39707,9130,48837,457
2022-10-30,Calaveras,009,45235,8576,8561,560,9121,134
2022-10-30,Colusa,011,21464,3817,3813,1290,5103,22
2022-10-30,Contra Costa,013,1133247,254039,252398,20897,273295,1458
2022-10-30,Del Norte,015,27424,7466,7455,405,7860,56
2022-10-30,El Dorado,017,186661,32669,32513,4312,36825,231
2022-10-30,Fresno,019,978130,276781,275924,31559,307483,2885
2022-10-30,Glenn,021,27897,5558,5553,1878,7431,48
2022-10-30,Humboldt,023,135768,22111,22065,5108,27173,160
2022-10-30,Imperial,025,180216,66031,65903,16217,82120,959
2022-10-30,Inyo,027,18085,4512,4500,996,5496,60
2022-10-30,Kern,029,883053,220496,219943,64726,284669,2425
2022-10-30,Kings,031,150075,59843,59742,4107,63849,459
2022-10-30,Lake,033,64148,12886,12868,1217,14085,148
2022-10-30,Lassen,035,31185,10006,9989,992,10981,65
2022-10-30,Los Angeles,037,10098052,3309020,3298549,185986,3484535,33679
2022-10-30,Madera,039,155013,44237,44172,8278,52450,375
2022-10-30,Marin,041,260295,45831,45649,5361,51010,314
2022-10-30,Mariposa,043,17540,3115,3107,365,3472,31
2022-10-30,Mendocino,045,87422,16146,16104,4519,20623,153
2022-10-30,Merced,047,269075,72814,72606,11883,84489,870
2022-10-30,Modoc,049,8938,883,884,325,1209,11
2022-10-30,Mono,051,14174,3215,3215,260,3475,7
2022-10-30,Monterey,053,433212,94605,94425,21183,115608,769
2022-10-30,Napa,055,140530,32443,32448,1418,33866,160
2022-10-30,Nevada,057,99092,19144,19094,1894,20988,132
2022-10-30,Orange,059,3164182,672555,671141,63213,734354,7502
2022-10-30,Placer,061,380077,76554,76178,9622,85800,662
2022-10-30,Plumas,063,18699,3719,3705,432,4137,13
2022-10-30,Riverside,065,2383286,699585,698387,35411,733798,6659
2022-10-30,Sacramento,067,1510023,350247,348942,34111,383053,3346
2022-10-30,San Benito,069,59416,16396,16284,985,17269,108
2022-10-30,San Bernardino,071,2135413,675068,673959,31083,705042,8120
2022-10-30,San Diego,073,3302833,931705,929768,73043,1002811,5524
2022-10-30,San Francisco,075,870044,181525,180409,12105,192514,1066
2022-10-30,San Joaquin,077,732212,199153,198376,14897,213273,2335
2022-10-30,San Luis Obispo,079,281455,63594,63519,7277,70796,525
2022-10-30,San Mateo,081,765935,170720,169941,10671,180612,741
2022-10-30,Santa Barbara,083,443738,106517,106291,6956,113247,729
2022-10-30,Santa Clara,085,1922200,441700,435788,18880,454668,2528
2022-10-30,Santa Cruz,087,273765,64103,63885,3469,67354,274
2022-10-30,Shasta,089,179085,35207,35117,7501,42618,595
2022-10-30,Sierra,091,2930,307,308,60,368,5
2022-10-30,Siskiyou,093,43540,5196,5307,3307,8614,94
2022-10-30,Solano,095,438530,106190,105796,7907,113703,467
2022-10-30,Sonoma,097,501317,107914,107692,5353,113045,524
2022-10-30,Stanislaus,099,539301,138756,138423,21702,160125,1785
2022-10-30,Sutter,101,95872,24455,24425,2470,26895,233
2022-10-30,Tehama,103,63373,13716,13681,3090,16771,210
2022-10-30,Trinity,105,12862,1413,1398,392,1790,20
2022-10-30,Tulare,107,460477,122207,122140,36908,159048,1541
2022-10-30,Tuolumne,109,53932,15675,15658,934,16592,196
2022-10-30,Ventura,111,848112,210132,209746,15865,225611,1582
2022-10-30,Yolo,113,214977,47685,47703,4572,52275,349
2022-10-30,Yuba,115,75493,19061,19009,1733,20742,133
2022-10-29,Alameda,001,1643700,351973,350419,19829,370248,2040
2022-10-29,Alpine,003,1148,136,136,1,137,0
2022-10-29,Amador,005,37829,10056,10038,928,10966,94
2022-10-29,Butte,007,227075,39812,39707,9130,48837,457
2022-10-29,Calaveras,009,45235,8571,8561,560,9121,134
2022-10-29,Colusa,011,21464,3816,3813,1290,5103,22
2022-10-29,Contra Costa,013,1133247,253954,252398,20897,273295,1458
2022-10-29,Del Norte,015,27424,7466,7455,405,7860,56
2022-10-29,El Dorado,017,186661,32663,32513,4312,36825,231
2022-10-29,Fresno,019,978130,276732,275924,31558,307482,2885
2022-10-29,Glenn,021,27897,5557,5553,1878,7431,48
2022-10-29,Humboldt,023,135768,22105,22065,5108,27173,160
2022-10-29,Imperial,025,180216,66020,65903,16201,82104,959
2022-10-29,Inyo,027,18085,4512,4500,996,5496,60
2022-10-29,Kern,029,883053,220465,219943,64703,284646,2425
2022-10-29,Kings,031,150075,59835,59742,4107,63849,459
2022-10-29,Lake,033,64148,12882,12868,1217,14085,148
2022-10-29,Lassen,035,31185,10006,9989,992,10981,65
2022-10-29,Los Angeles,037,10098052,3308394,3298549,185880,3484429,33679
2022-10-29,Madera,039,155013,44232,44172,8278,52450,375
2022-10-29,Marin,041,260295,45813,45649,5361,51010,314
2022-10-29,Mariposa,043,17540,3115,3107,365,3472,31
2022-10-29,Mendocino,045,87422,16145,16104,4519,20623,153
2022-10-29,Merced,047,269075,72800,72606,11883,84489,870
2022-10-29,Modoc,049,8938,883,884,325,1209,11
2022-10-29,Mono,051,14174,3215,3215,260,3475,7
2022-10-29,Monterey,053,433212,94594,94425,21180,115605,769
2022-10-29,Napa,055,140530,32433,32448,1418,33866,160
2022-10-29,Nevada,057,99092,19138,19094,1893,20987,132
2022-10-29,Orange,059,3164182,672463,671141,63212,734353,7502
2022-10-29,Placer,061,380077,76539,76178,9621,85799,662
2022-10-29,Plumas,063,18699,3719,3705,432,4137,13
2022-10-29,Riverside,065,2383286,699472,698387,35411,733798,6659
2022-10-29,Sacramento,067,1510023,350179,348942,34111,383053,3346
2022-10-29,San Benito,069,59416,16392,16284,985,17269,108
2022-10-29,San Bernardino,071,2135413,674960,673959,31083,705042,8120
2022-10-29,San Diego,073,3302833,931549,929768,73031,1002799,5524
2022-10-29,San Francisco,075,870044,181458,180409,12104,192513,1066
2022-10-29,San Joaquin,077,732212,199121,198376,14893,213269,2335
2022-10-29,San Luis Obispo,079,281455,63592,63519,7275,70794,525
2022-10-29,San Mateo,081,765935,170665,169941,10671,180612,741
2022-10-29,Santa Barbara,083,443738,106500,106291,6955,113246,729
2022-10-29,Santa Clara,085,1922200,441565,435788,18880,454668,2528
2022-10-29,Santa Cruz,087,273765,64090,63885,3469,67354,274
2022-10-29,Shasta,089,179085,35200,35117,7500,42617,595
2022-10-29,Sierra,091,2930,307,308,60,368,5
2022-10-29,Siskiyou,093,43540,5195,5307,3306,8613,94
2022-10-29,Solano,095,438530,106157,105796,7907,113703,467
2022-10-29,Sonoma,097,501317,107896,107692,5353,113045,524
2022-10-29,Stanislaus,099,539301,138721,138423,21699,160122,1785
2022-10-29,Sutter,101,95872,24449,24425,2470,26895,233
2022-10-29,Tehama,103,63373,13713,13681,3090,16771,210
2022-10-29,Trinity,105,12862,1409,1398,392,1790,20
2022-10-29,Tulare,107,460477,122187,122140,36896,159036,1541
2022-10-29,Tuolumne,109,53932,15670,15658,934,16592,196
2022-10-29,Ventura,111,848112,210091,209746,15865,225611,1582
2022-10-29,Yolo,113,214977,47672,47703,4571,52274,349
2022-10-29,Yuba,115,75493,19058,19009,1733,20742,133
2022-10-28,Alameda,001,1643700,351884,350419,19828,370247,2040
2022-10-28,Alpine,003,1148,136,136,1,137,0
2022-10-28,Amador,005,37829,10051,10038,928,10966,94
2022-10-28,Butte,007,227075,39806,39707,9130,48837,457
2022-10-28,Calaveras,009,45235,8571,8561,560,9121,134
2022-10-28,Colusa,011,21464,3816,3813,1290,5103,22
2022-10-28,Contra Costa,013,1133247,253870,252398,20897,273295,1458
2022-10-28,Del Norte,015,27424,7465,7455,405,7860,56
2022-10-28,El Dorado,017,186661,32653,32513,4312,36825,231
2022-10-28,Fresno,019,978130,276685,275924,31557,307481,2885
2022-10-28,Glenn,021,27897,5556,5553,1877,7430,48
2022-10-28,Humboldt,023,135768,22100,22065,5107,27172,160
2022-10-28,Imperial,025,180216,66005,65903,16193,82096,959
2022-10-28,Inyo,027,18085,4509,4500,996,5496,60
2022-10-28,Kern,029,883053,220438,219943,64696,284639,2425
2022-10-28,Kings,031,150075,59832,59742,4107,63849,459
2022-10-28,Lake,033,64148,12880,12868,1217,14085,148
2022-10-28,Lassen,035,31185,10006,9989,992,10981,65
2022-10-28,Los Angeles,037,10098052,3307760,3298549,185771,3484320,33679
2022-10-28,Madera,039,155013,44224,44172,8278,52450,375
2022-10-28,Marin,041,260295,45801,45649,5361,51010,314
2022-10-28,Mariposa,043,17540,3112,3107,365,3472,31
2022-10-28,Mendocino,045,87422,16142,16104,4519,20623,153
2022-10-28,Merced,047,269075,72788,72606,11883,84489,870
2022-10-28,Modoc,049,8938,883,884,325,1209,11
2022-10-28,Mono,051,14174,3215,3215,260,3475,7
2022-10-28,Monterey,053,433212,94581,94425,21176,115601,769
2022-10-28,Napa,055,140530,32425,32448,1418,33866,160
2022-10-28,Nevada,057,99092,19135,19094,1893,20987,132
2022-10-28,Orange,059,3164182,672354,671141,63205,734346,7502
2022-10-28,Placer,061,380077,76527,76178,9621,85799,662
2022-10-28,Plumas,063,18699,3719,3705,432,4137,13
2022-10-28,Riverside,065,2383286,699356,698387,35411,733798,6659
2022-10-28,Sacramento,067,1510023,350079,348942,34111,383053,3346
2022-10-28,San Benito,069,59416,16388,16284,985,17269,108
2022-10-28,San Bernardino,071,2135413,674846,673959,31082,705041,8120
2022-10-28,San Diego,073,3302833,931366,929768,73017,1002785,5524
2022-10-28,San Francisco,075,870044,181402,180409,12104,192513,1066
2022-10-28,San Joaquin,077,732212,199093,198376,14892,213268,2335
2022-10-28,San Luis Obispo,079,281455,63587,63519,7275,70794,525
2022-10-28,San Mateo,081,765935,170608,169941,10671,180612,741
2022-10-28,Santa Barbara,083,443738,106487,106291,6955,113246,729
2022-10-28,Santa Clara,085,1922200,441419,435788,18880,454668,2528
2022-10-28,Santa Cruz,087,273765,64075,63885,3469,67354,274
2022-10-28,Shasta,089,179085,35194,35117,7500,42617,595
2022-10-28,Sierra,091,2930,307,308,60,368,5
2022-10-28,Siskiyou,093,43540,5191,5307,3306,8613,94
2022-10-28,Solano,095,438530,106130,105796,7907,113703,467
2022-10-28,Sonoma,097,501317,107875,107692,5353,113045,524
2022-10-28,Stanislaus,099,539301,138690,138423,21699,160122,1785
2022-10-28,Sutter,101,95872,24440,24425,2470,26895,233
2022-10-28,Tehama,103,63373,13710,13681,3090,16771,210
2022-10-28,Trinity,105,12862,1406,1398,392,1790,20
2022-10-28,Tulare,107,460477,122164,122140,36887,159027,1541
2022-10-28,Tuolumne,109,53932,15668,15658,934,16592,196
2022-10-28,Ventura,111,848112,210051,209746,15864,225610,1582
2022-10-28,Yolo,113,214977,47661,47703,4571,52274,349
2022-10-28,Yuba,115,75493,19053,19009,1732,20741,133
2022-10-27,Alameda,001,1643700,351752,350419,19827,370246,2040
2022-10-27,Alpine,003,1148,136,136,1,137,0
2022-10-27,Amador,005,37829,10050,10038,928,10966,94
2022-10-27,Butte,007,227075,39799,39707,9130,48837,457
2022-10-27,Calaveras,009,45235,8569,8561,560,9121,134
2022-10-27,Colusa,011,21464,3813,3813,1290,5103,22
2022-10-27,Contra Costa,013,1133247,253771,252398,20896,273294,1458
2022-10-27,Del Norte,015,27424,7460,7455,405,7860,56
2022-10-27,El Dorado,017,186661,32636,32513,4312,36825,231
2022-10-27,Fresno,019,978130,276621,275924,31557,307481,2885
2022-10-27,Glenn,021,27897,5553,5553,1877,7430,48
2022-10-27,Humboldt,023,135768,22092,22065,5107,27172,160
2022-10-27,Imperial,025,180216,65992,65903,16181,82084,959
2022-10-27,Inyo,027,18085,4507,4500,996,5496,60
2022-10-27,Kern,029,883053,220375,219943,64672,284615,2425
2022-10-27,Kings,031,150075,59775,59742,4107,63849,459
2022-10-27,Lake,033,64148,12874,12868,1217,14085,148
2022-10-27,Lassen,035,31185,10004,9989,992,10981,65
2022-10-27,Los Angeles,037,10098052,3306897,3298549,185630,3484179,33679
2022-10-27,Madera,039,155013,44214,44172,8278,52450,375
2022-10-27,Marin,041,260295,45785,45649,5361,51010,314
2022-10-27,Mariposa,043,17540,3111,3107,365,3472,31
2022-10-27,Mendocino,045,87422,16139,16104,4519,20623,153
2022-10-27,Merced,047,269075,72779,72606,11882,84488,870
2022-10-27,Modoc,049,8938,883,884,325,1209,11
2022-10-27,Mono,051,14174,3215,3215,260,3475,7
2022-10-27,Monterey,053,433212,94561,94425,21168,115593,769
2022-10-27,Napa,055,140530,32419,32448,1418,33866,160
2022-10-27,Nevada,057,99092,19131,19094,1892,20986,132
2022-10-27,Orange,059,3164182,672178,671141,63201,734342,7502
2022-10-27,Placer,061,380077,76514,76178,9621,85799,662
2022-10-27,Plumas,063,18699,3719,3705,432,4137,13
2022-10-27,Riverside,065,2383286,699224,698387,35408,733795,6659
2022-10-27,Sacramento,067,1510023,349946,348942,34110,383052,3346
2022-10-27,San Benito,069,59416,16387,16284,985,17269,108
2022-10-27,San Bernardino,071,2135413,674714,673959,31082,705041,8120
2022-10-27,San Diego,073,3302833,931122,929768,72987,1002755,5524
2022-10-27,San Francisco,075,870044,181314,180409,12104,192513,1066
2022-10-27,San Joaquin,077,732212,199061,198376,14889,213265,2335
2022-10-27,San Luis Obispo,079,281455,63577,63519,7273,70792,525
2022-10-27,San Mateo,081,765935,170521,169941,10671,180612,741
2022-10-27,Santa Barbara,083,443738,106457,106291,6955,113246,729
2022-10-27,Santa Clara,085,1922200,441247,435788,18880,454668,2528
2022-10-27,Santa Cruz,087,273765,64055,63885,3469,67354,274
2022-10-27,Shasta,089,179085,35187,35117,7500,42617,595
2022-10-27,Sierra,091,2930,307,308,60,368,5
2022-10-27,Siskiyou,093,43540,5187,5307,3306,8613,94
2022-10-27,Solano,095,438530,106091,105796,7907,113703,467
2022-10-27,Sonoma,097,501317,107846,107692,5353,113045,524
2022-10-27,Stanislaus,099,539301,138653,138423,21696,160119,1785
2022-10-27,Sutter,101,95872,24432,24425,2470,26895,233
2022-10-27,Tehama,103,63373,13709,13681,3090,16771,210
2022-10-27,Trinity,105,12862,1404,1398,392,1790,20
2022-10-27,Tulare,107,460477,122148,122140,36866,159006,1541
2022-10-27,Tuolumne,109,53932,15666,15658,934,16592,196
2022-10-27,Ventura,111,848112,209991,209746,15864,225610,1582
2022-10-27,Yolo,113,214977,47659,47703,4569,52272,349
2022-10-27,Yuba,115,75493,19048,19009,1731,20740,133
2022-10-26,Alameda,001,1643700,351582,350419,19827,370246,2040
2022-10-26,Alpine,003,1148,136,136,1,137,0
2022-10-26,Amador,005,37829,10049,10038,928,10966,94
2022-10-26,Butte,007,227075,39788,39707,9126,48833,457
2022-10-26,Calaveras,009,45235,8568,8561,560,9121,134
2022-10-26,Colusa,011,21464,3810,3813,1290,5103,22
2022-10-26,Contra Costa,013,1133247,253679,252398,20896,273294,1458
2022-10-26,Del Norte,015,27424,7459,7455,405,7860,56
2022-10-26,El Dorado,017,186661,32615,32513,4311,36824,231
2022-10-26,Fresno,019,978130,276569,275924,31556,307480,2885
2022-10-26,Glenn,021,27897,5553,5553,1876,7429,48
2022-10-26,Humboldt,023,135768,22087,22065,5102,27167,160
2022-10-26,Imperial,025,180216,65972,65903,16170,82073,959
2022-10-26,Inyo,027,18085,4506,4500,996,5496,60
2022-10-26,Kern,029,883053,220337,219943,64651,284594,2425
2022-10-26,Kings,031,150075,59770,59742,4107,63849,459
2022-10-26,Lake,033,64148,12872,12868,1217,14085,148
2022-10-26,Lassen,035,31185,9999,9989,992,10981,65
2022-10-26,Los Angeles,037,10098052,3305972,3298549,185487,3484036,33679
2022-10-26,Madera,039,155013,44206,44172,8278,52450,375
2022-10-26,Marin,041,260295,45772,45649,5359,51008,314
2022-10-26,Mariposa,043,17540,3110,3107,365,3472,31
2022-10-26,Mendocino,045,87422,16137,16104,4519,20623,153
2022-10-26,Merced,047,269075,72763,72606,11881,84487,870
2022-10-26,Modoc,049,8938,883,884,325,1209,11
2022-10-26,Mono,051,14174,3215,3215,260,3475,7
2022-10-26,Monterey,053,433212,94538,94425,21163,115588,769
2022-10-26,Napa,055,140530,32412,32448,1418,33866,160
2022-10-26,Nevada,057,99092,19128,19094,1885,20979,132
2022-10-26,Orange,059,3164182,671993,671141,63190,734331,7502
2022-10-26,Placer,061,380077,76492,76178,9619,85797,662
2022-10-26,Plumas,063,18699,3717,3705,432,4137,13
2022-10-26,Riverside,065,2383286,699082,698387,35408,733795,6659
2022-10-26,Sacramento,067,1510023,349874,348942,34110,383052,3346
2022-10-26,San Benito,069,59416,16383,16284,985,17269,108
2022-10-26,San Bernardino,071,2135413,674548,673959,31081,705040,8120
2022-10-26,San Diego,073,3302833,930839,929768,72943,1002711,5524
2022-10-26,San Francisco,075,870044,181237,180409,12104,192513,1066
2022-10-26,San Joaquin,077,732212,199009,198376,14884,213260,2335
2022-10-26,San Luis Obispo,079,281455,63564,63519,7273,70792,525
2022-10-26,San Mateo,081,765935,170435,169941,10671,180612,741
2022-10-26,Santa Barbara,083,443738,106425,106291,6955,113246,729
2022-10-26,Santa Clara,085,1922200,441073,435788,18879,454667,2528
2022-10-26,Santa Cruz,087,273765,64029,63885,3468,67353,274
2022-10-26,Shasta,089,179085,35180,35117,7500,42617,595
2022-10-26,Sierra,091,2930,307,308,60,368,5
2022-10-26,Siskiyou,093,43540,5185,5307,3306,8613,94
2022-10-26,Solano,095,438530,106034,105796,7907,113703,467
2022-10-26,Sonoma,097,501317,107820,107692,5350,113042,524
2022-10-26,Stanislaus,099,539301,138621,138423,21691,160114,1785
2022-10-26,Sutter,101,95872,24422,24425,2470,26895,233
2022-10-26,Tehama,103,63373,13704,13681,3090,16771,210
2022-10-26,Trinity,105,12862,1398,1398,392,1790,20
2022-10-26,Tulare,107,460477,122132,122140,36850,158990,1541
2022-10-26,Tuolumne,109,53932,15660,15658,934,16592,196
2022-10-26,Ventura,111,848112,209929,209746,15863,225609,1582
2022-10-26,Yolo,113,214977,47650,47703,4566,52269,349
2022-10-26,Yuba,115,75493,19041,19009,1731,20740,133
2022-10-25,Alameda,001,1643700,351432,350419,19826,370245,2040
2022-10-25,Alpine,003,1148,136,136,1,137,0
2022-10-25,Amador,005,37829,10047,10038,928,10966,94
2022-10-25,Butte,007,227075,39772,39707,9126,48833,457
2022-10-25,Calaveras,009,45235,8566,8561,560,9121,134
2022-10-25,Colusa,011,21464,3810,3813,1290,5103,22
2022-10-25,Contra Costa,013,1133247,253572,252398,20896,273294,1458
2022-10-25,Del Norte,015,27424,7458,7455,405,7860,56
2022-10-25,El Dorado,017,186661,32594,32513,4310,36823,231
2022-10-25,Fresno,019,978130,276513,275924,31555,307479,2885
2022-10-25,Glenn,021,27897,5551,5553,1876,7429,48
2022-10-25,Humboldt,023,135768,22080,22065,5102,27167,160
2022-10-25,Imperial,025,180216,65951,65903,16163,82066,959
2022-10-25,Inyo,027,18085,4506,4500,996,5496,60
2022-10-25,Kern,029,883053,220287,219943,64621,284564,2425
2022-10-25,Kings,031,150075,59755,59742,4107,63849,459
2022-10-25,Lake,033,64148,12869,12868,1217,14085,148
2022-10-25,Lassen,035,31185,9992,9989,992,10981,65
2022-10-25,Los Angeles,037,10098052,3305091,3298549,185349,3483898,33679
2022-10-25,Madera,039,155013,44197,44172,8278,52450,375
2022-10-25,Marin,041,260295,45745,45649,5358,51007,314
2022-10-25,Mariposa,043,17540,3109,3107,365,3472,31
2022-10-25,Mendocino,045,87422,16130,16104,4519,20623,153
2022-10-25,Merced,047,269075,72747,72606,11881,84487,870
2022-10-25,Modoc,049,8938,883,884,325,1209,11
2022-10-25,Mono,051,14174,3215,3215,260,3475,7
2022-10-25,Monterey,053,433212,94513,94425,21157,115582,769
2022-10-25,Napa,055,140530,32409,32448,1418,33866,160
2022-10-25,Nevada,057,99092,19124,19094,1883,20977,132
2022-10-25,Orange,059,3164182,671818,671141,63176,734317,7502
2022-10-25,Placer,061,380077,76458,76178,9619,85797,662
2022-10-25,Plumas,063,18699,3716,3705,432,4137,13
2022-10-25,Riverside,065,2383286,698915,698387,35408,733795,6659
2022-10-25,Sacramento,067,1510023,349766,348942,34105,383047,3346
2022-10-25,San Benito,069,59416,16376,16284,984,17268,108
2022-10-25,San Bernardino,071,2135413,674408,673959,31081,705040,8120
2022-10-25,San Diego,073,3302833,930568,929768,72887,1002655,5524
2022-10-25,San Francisco,075,870044,181150,180409,12103,192512,1066
2022-10-25,San Joaquin,077,732212,198952,198376,14884,213260,2335
2022-10-25,San Luis Obispo,079,281455,63544,63519,7273,70792,525
2022-10-25,San Mateo,081,765935,170364,169941,10670,180611,741
2022-10-25,Santa Barbara,083,443738,106392,106291,6954,113245,729
2022-10-25,Santa Clara,085,1922200,440880,435788,18879,454667,2528
2022-10-25,Santa Cruz,087,273765,63994,63885,3468,67353,274
2022-10-25,Shasta,089,179085,35174,35117,7500,42617,595
2022-10-25,Sierra,091,2930,307,308,60,368,5
2022-10-25,Siskiyou,093,43540,5183,5307,3306,8613,94
2022-10-25,Solano,095,438530,105989,105796,7907,113703,467
2022-10-25,Sonoma,097,501317,107778,107692,5350,113042,524
2022-10-25,Stanislaus,099,539301,138592,138423,21683,160106,1785
2022-10-25,Sutter,101,95872,24415,24425,2470,26895,233
2022-10-25,Tehama,103,63373,13701,13681,3090,16771,210
2022-10-25,Trinity,105,12862,1398,1398,392,1790,20
2022-10-25,Tulare,107,460477,122107,122140,36837,158977,1541
2022-10-25,Tuolumne,109,53932,15660,15658,934,16592,196
2022-10-25,Ventura,111,848112,209883,209746,15863,225609,1582
2022-10-25,Yolo,113,214977,47639,47703,4557,52260,349
2022-10-25,Yuba,115,75493,19034,19009,1731,20740,133
2022-10-24,Alameda,001,1643700,351274,349337,19826,369163,2031
2022-10-24,Alpine,003,1148,136,136,1,137,0
2022-10-24,Amador,005,37829,10045,10025,928,10953,94
2022-10-24,Butte,007,227075,39758,39607,9124,48731,456
2022-10-24,Calaveras,009,45235,8566,8541,560,9101,135
2022-10-24,Colusa,011,21464,3808,3807,1290,5097,22
2022-10-24,Contra Costa,013,1133247,253456,251722,20896,272618,1444
2022-10-24,Del Norte,015,27424,7453,7450,405,7855,56
2022-10-24,El Dorado,017,186661,32581,32443,4310,36753,232
2022-10-24,Fresno,019,978130,276450,275502,31552,307054,2893
2022-10-24,Glenn,021,27897,5550,5543,1876,7419,48
2022-10-24,Humboldt,023,135768,22074,21979,5100,27079,160
2022-10-24,Imperial,025,180216,65931,65801,16154,81955,961
2022-10-24,Inyo,027,18085,4505,4497,996,5493,60
2022-10-24,Kern,029,883053,220237,219679,64593,284272,2424
2022-10-24,Kings,031,150075,59737,59632,4107,63739,460
2022-10-24,Lake,033,64148,12866,12847,1217,14064,148
2022-10-24,Lassen,035,31185,9992,9977,992,10969,65
2022-10-24,Los Angeles,037,10098052,3304089,3289814,185192,3475006,33533
2022-10-24,Madera,039,155013,44192,44121,8278,52399,375
2022-10-24,Marin,041,260295,45716,45521,5358,50879,314
2022-10-24,Mariposa,043,17540,3107,3096,365,3461,31
2022-10-24,Mendocino,045,87422,16127,16059,4519,20578,136
2022-10-24,Merced,047,269075,72736,72442,11880,84322,869
2022-10-24,Modoc,049,8938,882,883,325,1208,11
2022-10-24,Mono,051,14174,3215,3212,259,3471,7
2022-10-24,Monterey,053,433212,94491,94275,21152,115427,768
2022-10-24,Napa,055,140530,32405,32395,1418,33813,160
2022-10-24,Nevada,057,99092,19116,19056,1874,20930,132
2022-10-24,Orange,059,3164182,671633,669923,63166,733089,7536
2022-10-24,Placer,061,380077,76426,76022,9618,85640,662
2022-10-24,Plumas,063,18699,3715,3691,432,4123,13
2022-10-24,Riverside,065,2383286,698781,697500,35406,732906,6569
2022-10-24,Sacramento,067,1510023,349648,348260,34096,382356,3337
2022-10-24,San Benito,069,59416,16370,16251,984,17235,107
2022-10-24,San Bernardino,071,2135413,674241,673189,31079,704268,8152
2022-10-24,San Diego,073,3302833,930293,928182,72834,1001016,5517
2022-10-24,San Francisco,075,870044,181044,179967,12103,192070,1056
2022-10-24,San Joaquin,077,732212,198896,198041,14876,212917,2336
2022-10-24,San Luis Obispo,079,281455,63533,63410,7272,70682,525
2022-10-24,San Mateo,081,765935,170304,169484,10670,180154,732
2022-10-24,Santa Barbara,083,443738,106369,106125,6953,113078,726
2022-10-24,Santa Clara,085,1922200,440677,434684,18878,453562,2523
2022-10-24,Santa Cruz,087,273765,63972,63592,3467,67059,275
2022-10-24,Shasta,089,179085,35159,35031,7499,42530,595
2022-10-24,Sierra,091,2930,307,305,60,365,5
2022-10-24,Siskiyou,093,43540,5181,5298,3306,8604,94
2022-10-24,Solano,095,438530,105939,105561,7907,113468,466
2022-10-24,Sonoma,097,501317,107748,107436,5350,112786,527
2022-10-24,Stanislaus,099,539301,138565,138223,21680,159903,1785
2022-10-24,Sutter,101,95872,24410,24393,2470,26863,233
2022-10-24,Tehama,103,63373,13699,13647,3089,16736,209
2022-10-24,Trinity,105,12862,1397,1396,392,1788,20
2022-10-24,Tulare,107,460477,122087,122035,36820,158855,1540
2022-10-24,Tuolumne,109,53932,15658,15626,934,16560,196
2022-10-24,Ventura,111,848112,209833,209427,15863,225290,1571
2022-10-24,Yolo,113,214977,47628,47611,4555,52166,346
2022-10-24,Yuba,115,75493,19025,18969,1731,20700,130
2022-10-23,Alameda,001,1643700,351082,349337,19825,369162,2031
2022-10-23,Alpine,003,1148,136,136,1,137,0
2022-10-23,Amador,005,37829,10044,10025,928,10953,94
2022-10-23,Butte,007,227075,39747,39607,9124,48731,456
2022-10-23,Calaveras,009,45235,8561,8541,560,9101,135
2022-10-23,Colusa,011,21464,3808,3807,1288,5095,22
2022-10-23,Contra Costa,013,1133247,253349,251722,20896,272618,1444
2022-10-23,Del Norte,015,27424,7452,7450,405,7855,56
2022-10-23,El Dorado,017,186661,32569,32443,4309,36752,232
2022-10-23,Fresno,019,978130,276388,275502,31552,307054,2893
2022-10-23,Glenn,021,27897,5548,5543,1874,7417,48
2022-10-23,Humboldt,023,135768,22066,21979,5093,27072,160
2022-10-23,Imperial,025,180216,65919,65801,16136,81937,961
2022-10-23,Inyo,027,18085,4505,4497,996,5493,60
2022-10-23,Kern,029,883053,220185,219679,64533,284212,2424
2022-10-23,Kings,031,150075,59719,59632,4106,63738,460
2022-10-23,Lake,033,64148,12865,12847,1217,14064,148
2022-10-23,Lassen,035,31185,9989,9977,992,10969,65
2022-10-23,Los Angeles,037,10098052,3303137,3289814,185013,3474827,33533
2022-10-23,Madera,039,155013,44180,44121,8278,52399,375
2022-10-23,Marin,041,260295,45701,45521,5356,50877,314
2022-10-23,Mariposa,043,17540,3105,3096,365,3461,31
2022-10-23,Mendocino,045,87422,16121,16059,4519,20578,136
2022-10-23,Merced,047,269075,72729,72442,11878,84320,869
2022-10-23,Modoc,049,8938,882,883,325,1208,11
2022-10-23,Mono,051,14174,3215,3212,259,3471,7
2022-10-23,Monterey,053,433212,94471,94275,21145,115420,768
2022-10-23,Napa,055,140530,32387,32395,1418,33813,160
2022-10-23,Nevada,057,99092,19105,19056,1874,20930,132
2022-10-23,Orange,059,3164182,671412,669923,63157,733080,7536
2022-10-23,Placer,061,380077,76396,76022,9617,85639,662
2022-10-23,Plumas,063,18699,3714,3691,432,4123,13
2022-10-23,Riverside,065,2383286,698602,697500,35406,732906,6569
2022-10-23,Sacramento,067,1510023,349504,348260,34095,382355,3337
2022-10-23,San Benito,069,59416,16363,16251,984,17235,107
2022-10-23,San Bernardino,071,2135413,674106,673189,31078,704267,8152
2022-10-23,San Diego,073,3302833,929944,928182,72792,1000974,5517
2022-10-23,San Francisco,075,870044,180937,179967,12103,192070,1056
2022-10-23,San Joaquin,077,732212,198836,198041,14872,212913,2336
2022-10-23,San Luis Obispo,079,281455,63520,63410,7267,70677,525
2022-10-23,San Mateo,081,765935,170215,169484,10669,180153,732
2022-10-23,Santa Barbara,083,443738,106330,106125,6953,113078,726
2022-10-23,Santa Clara,085,1922200,440457,434684,18878,453562,2523
2022-10-23,Santa Cruz,087,273765,63919,63592,3467,67059,275
2022-10-23,Shasta,089,179085,35146,35031,7498,42529,595
2022-10-23,Sierra,091,2930,307,305,60,365,5
2022-10-23,Siskiyou,093,43540,5179,5298,3305,8603,94
2022-10-23,Solano,095,438530,105888,105561,7907,113468,466
2022-10-23,Sonoma,097,501317,107689,107436,5350,112786,527
2022-10-23,Stanislaus,099,539301,138523,138223,21677,159900,1785
2022-10-23,Sutter,101,95872,24404,24393,2470,26863,233
2022-10-23,Tehama,103,63373,13693,13647,3089,16736,209
2022-10-23,Trinity,105,12862,1397,1396,392,1788,20
2022-10-23,Tulare,107,460477,122058,122035,36803,158838,1540
2022-10-23,Tuolumne,109,53932,15656,15626,934,16560,196
2022-10-23,Ventura,111,848112,209786,209427,15863,225290,1571
2022-10-23,Yolo,113,214977,47610,47611,4545,52156,346
2022-10-23,Yuba,115,75493,19019,18969,1730,20699,130
2022-10-22,Alameda,001,1643700,350982,349337,19825,369162,2031
2022-10-22,Alpine,003,1148,136,136,1,137,0
2022-10-22,Amador,005,37829,10042,10025,928,10953,94
2022-10-22,Butte,007,227075,39741,39607,9121,48728,456
2022-10-22,Calaveras,009,45235,8558,8541,560,9101,135
2022-10-22,Colusa,011,21464,3808,3807,1288,5095,22
2022-10-22,Contra Costa,013,1133247,253286,251722,20895,272617,1444
2022-10-22,Del Norte,015,27424,7451,7450,405,7855,56
2022-10-22,El Dorado,017,186661,32562,32443,4309,36752,232
2022-10-22,Fresno,019,978130,276350,275502,31552,307054,2893
2022-10-22,Glenn,021,27897,5547,5543,1874,7417,48
2022-10-22,Humboldt,023,135768,22062,21979,5091,27070,160
2022-10-22,Imperial,025,180216,65907,65801,16127,81928,961
2022-10-22,Inyo,027,18085,4504,4497,996,5493,60
2022-10-22,Kern,029,883053,220166,219679,64503,284182,2424
2022-10-22,Kings,031,150075,59710,59632,4106,63738,460
2022-10-22,Lake,033,64148,12863,12847,1217,14064,148
2022-10-22,Lassen,035,31185,9989,9977,992,10969,65
2022-10-22,Los Angeles,037,10098052,3302621,3289814,184930,3474744,33533
2022-10-22,Madera,039,155013,44173,44121,8278,52399,375
2022-10-22,Marin,041,260295,45681,45521,5354,50875,314
2022-10-22,Mariposa,043,17540,3105,3096,365,3461,31
2022-10-22,Mendocino,045,87422,16120,16059,4519,20578,136
2022-10-22,Merced,047,269075,72719,72442,11878,84320,869
2022-10-22,Modoc,049,8938,882,883,325,1208,11
2022-10-22,Mono,051,14174,3214,3212,259,3471,7
2022-10-22,Monterey,053,433212,94459,94275,21138,115413,768
2022-10-22,Napa,055,140530,32383,32395,1418,33813,160
2022-10-22,Nevada,057,99092,19101,19056,1874,20930,132
2022-10-22,Orange,059,3164182,671321,669923,63153,733076,7536
2022-10-22,Placer,061,380077,76376,76022,9615,85637,662
2022-10-22,Plumas,063,18699,3714,3691,432,4123,13
2022-10-22,Riverside,065,2383286,698507,697500,35406,732906,6569
2022-10-22,Sacramento,067,1510023,349429,348260,34095,382355,3337
2022-10-22,San Benito,069,59416,16355,16251,984,17235,107
2022-10-22,San Bernardino,071,2135413,674027,673189,31077,704266,8152
2022-10-22,San Diego,073,3302833,929813,928182,72769,1000951,5517
2022-10-22,San Francisco,075,870044,180886,179967,12103,192070,1056
2022-10-22,San Joaquin,077,732212,198812,198041,14871,212912,2336
2022-10-22,San Luis Obispo,079,281455,63516,63410,7267,70677,525
2022-10-22,San Mateo,081,765935,170160,169484,10669,180153,732
2022-10-22,Santa Barbara,083,443738,106317,106125,6953,113078,726
2022-10-22,Santa Clara,085,1922200,440325,434684,18877,453561,2523
2022-10-22,Santa Cruz,087,273765,63908,63592,3467,67059,275
2022-10-22,Shasta,089,179085,35142,35031,7498,42529,595
2022-10-22,Sierra,091,2930,307,305,60,365,5
2022-10-22,Siskiyou,093,43540,5175,5298,3305,8603,94
2022-10-22,Solano,095,438530,105867,105561,7907,113468,466
2022-10-22,Sonoma,097,501317,107677,107436,5350,112786,527
2022-10-22,Stanislaus,099,539301,138505,138223,21674,159897,1785
2022-10-22,Sutter,101,95872,24402,24393,2470,26863,233
2022-10-22,Tehama,103,63373,13689,13647,3088,16735,209
2022-10-22,Trinity,105,12862,1397,1396,392,1788,20
2022-10-22,Tulare,107,460477,122047,122035,36792,158827,1540
2022-10-22,Tuolumne,109,53932,15654,15626,934,16560,196
2022-10-22,Ventura,111,848112,209762,209427,15863,225290,1571
2022-10-22,Yolo,113,214977,47600,47611,4544,52155,346
2022-10-22,Yuba,115,75493,19013,18969,1730,20699,130
2022-10-21,Alameda,001,1643700,350902,349337,19824,369161,2031
2022-10-21,Alpine,003,1148,136,136,1,137,0
2022-10-21,Amador,005,37829,10041,10025,928,10953,94
2022-10-21,Butte,007,227075,39729,39607,9119,48726,456
2022-10-21,Calaveras,009,45235,8558,8541,560,9101,135
2022-10-21,Colusa,011,21464,3807,3807,1288,5095,22
2022-10-21,Contra Costa,013,1133247,253221,251722,20895,272617,1444
2022-10-21,Del Norte,015,27424,7451,7450,405,7855,56
2022-10-21,El Dorado,017,186661,32552,32443,4308,36751,232
2022-10-21,Fresno,019,978130,276315,275502,31552,307054,2893
2022-10-21,Glenn,021,27897,5547,5543,1874,7417,48
2022-10-21,Humboldt,023,135768,22054,21979,5091,27070,160
2022-10-21,Imperial,025,180216,65903,65801,16120,81921,961
2022-10-21,Inyo,027,18085,4504,4497,996,5493,60
2022-10-21,Kern,029,883053,220145,219679,64485,284164,2424
2022-10-21,Kings,031,150075,59705,59632,4106,63738,460
2022-10-21,Lake,033,64148,12862,12847,1217,14064,148
2022-10-21,Lassen,035,31185,9987,9977,992,10969,65
2022-10-21,Los Angeles,037,10098052,3302062,3289814,184815,3474629,33533
2022-10-21,Madera,039,155013,44166,44121,8278,52399,375
2022-10-21,Marin,041,260295,45661,45521,5352,50873,314
2022-10-21,Mariposa,043,17540,3104,3096,365,3461,31
2022-10-21,Mendocino,045,87422,16113,16059,4519,20578,136
2022-10-21,Merced,047,269075,72714,72442,11878,84320,869
2022-10-21,Modoc,049,8938,882,883,325,1208,11
2022-10-21,Mono,051,14174,3214,3212,259,3471,7
2022-10-21,Monterey,053,433212,94443,94275,21136,115411,768
2022-10-21,Napa,055,140530,32381,32395,1418,33813,160
2022-10-21,Nevada,057,99092,19097,19056,1873,20929,132
2022-10-21,Orange,059,3164182,671202,669923,63150,733073,7536
2022-10-21,Placer,061,380077,76355,76022,9612,85634,662
2022-10-21,Plumas,063,18699,3713,3691,432,4123,13
2022-10-21,Riverside,065,2383286,698417,697500,35406,732906,6569
2022-10-21,Sacramento,067,1510023,349357,348260,34095,382355,3337
2022-10-21,San Benito,069,59416,16353,16251,983,17234,107
2022-10-21,San Bernardino,071,2135413,673951,673189,31077,704266,8152
2022-10-21,San Diego,073,3302833,929660,928182,72747,1000929,5517
2022-10-21,San Francisco,075,870044,180847,179967,12103,192070,1056
2022-10-21,San Joaquin,077,732212,198785,198041,14870,212911,2336
2022-10-21,San Luis Obispo,079,281455,63508,63410,7267,70677,525
2022-10-21,San Mateo,081,765935,170118,169484,10669,180153,732
2022-10-21,Santa Barbara,083,443738,106303,106125,6953,113078,726
2022-10-21,Santa Clara,085,1922200,440193,434684,18876,453560,2523
2022-10-21,Santa Cruz,087,273765,63893,63592,3467,67059,275
2022-10-21,Shasta,089,179085,35135,35031,7497,42528,595
2022-10-21,Sierra,091,2930,307,305,60,365,5
2022-10-21,Siskiyou,093,43540,5175,5298,3305,8603,94
2022-10-21,Solano,095,438530,105844,105561,7907,113468,466
2022-10-21,Sonoma,097,501317,107654,107436,5350,112786,527
2022-10-21,Stanislaus,099,539301,138490,138223,21672,159895,1785
2022-10-21,Sutter,101,95872,24395,24393,2470,26863,233
2022-10-21,Tehama,103,63373,13685,13647,3088,16735,209
2022-10-21,Trinity,105,12862,1397,1396,392,1788,20
2022-10-21,Tulare,107,460477,122041,122035,36786,158821,1540
2022-10-21,Tuolumne,109,53932,15649,15626,934,16560,196
2022-10-21,Ventura,111,848112,209733,209427,15863,225290,1571
2022-10-21,Yolo,113,214977,47590,47611,4543,52154,346
2022-10-21,Yuba,115,75493,19004,18969,1730,20699,130
2022-10-20,Alameda,001,1643700,350766,349337,19824,369161,2031
2022-10-20,Alpine,003,1148,136,136,1,137,0
2022-10-20,Amador,005,37829,10036,10025,928,10953,94
2022-10-20,Butte,007,227075,39722,39607,9119,48726,456
2022-10-20,Calaveras,009,45235,8557,8541,560,9101,135
2022-10-20,Colusa,011,21464,3807,3807,1287,5094,22
2022-10-20,Contra Costa,013,1133247,253120,251722,20895,272617,1444
2022-10-20,Del Norte,015,27424,7451,7450,405,7855,56
2022-10-20,El Dorado,017,186661,32537,32443,4308,36751,232
2022-10-20,Fresno,019,978130,276265,275502,31552,307054,2893
2022-10-20,Glenn,021,27897,5547,5543,1874,7417,48
2022-10-20,Humboldt,023,135768,22048,21979,5088,27067,160
2022-10-20,Imperial,025,180216,65895,65801,16108,81909,961
2022-10-20,Inyo,027,18085,4501,4497,996,5493,60
2022-10-20,Kern,029,883053,220108,219679,64451,284130,2424
2022-10-20,Kings,031,150075,59690,59632,4106,63738,460
2022-10-20,Lake,033,64148,12858,12847,1217,14064,148
2022-10-20,Lassen,035,31185,9984,9977,992,10969,65
2022-10-20,Los Angeles,037,10098052,3301317,3289814,184692,3474506,33533
2022-10-20,Madera,039,155013,44154,44121,8278,52399,375
2022-10-20,Marin,041,260295,45644,45521,5351,50872,314
2022-10-20,Mariposa,043,17540,3103,3096,365,3461,31
2022-10-20,Mendocino,045,87422,16108,16059,4519,20578,136
2022-10-20,Merced,047,269075,72705,72442,11878,84320,869
2022-10-20,Modoc,049,8938,881,883,324,1207,11
2022-10-20,Mono,051,14174,3214,3212,259,3471,7
2022-10-20,Monterey,053,433212,94428,94275,21133,115408,768
2022-10-20,Napa,055,140530,32375,32395,1418,33813,160
2022-10-20,Nevada,057,99092,19095,19056,1868,20924,132
2022-10-20,Orange,059,3164182,671068,669923,63146,733069,7536
2022-10-20,Placer,061,380077,76323,76022,9610,85632,662
2022-10-20,Plumas,063,18699,3712,3691,432,4123,13
2022-10-20,Riverside,065,2383286,698290,697500,35406,732906,6569
2022-10-20,Sacramento,067,1510023,349219,348260,34095,382355,3337
2022-10-20,San Benito,069,59416,16351,16251,983,17234,107
2022-10-20,San Bernardino,071,2135413,673843,673189,31076,704265,8152
2022-10-20,San Diego,073,3302833,929467,928182,72707,1000889,5517
2022-10-20,San Francisco,075,870044,180786,179967,12102,192069,1056
2022-10-20,San Joaquin,077,732212,198752,198041,14864,212905,2336
2022-10-20,San Luis Obispo,079,281455,63498,63410,7263,70673,525
2022-10-20,San Mateo,081,765935,170047,169484,10669,180153,732
2022-10-20,Santa Barbara,083,443738,106282,106125,6953,113078,726
2022-10-20,Santa Clara,085,1922200,440043,434684,18875,453559,2523
2022-10-20,Santa Cruz,087,273765,63856,63592,3467,67059,275
2022-10-20,Shasta,089,179085,35125,35031,7495,42526,595
2022-10-20,Sierra,091,2930,307,305,60,365,5
2022-10-20,Siskiyou,093,43540,5173,5298,3305,8603,94
2022-10-20,Solano,095,438530,105808,105561,7907,113468,466
2022-10-20,Sonoma,097,501317,107620,107436,5350,112786,527
2022-10-20,Stanislaus,099,539301,138453,138223,21670,159893,1785
2022-10-20,Sutter,101,95872,24391,24393,2470,26863,233
2022-10-20,Tehama,103,63373,13680,13647,3088,16735,209
2022-10-20,Trinity,105,12862,1397,1396,392,1788,20
2022-10-20,Tulare,107,460477,122026,122035,36781,158816,1540
2022-10-20,Tuolumne,109,53932,15643,15626,934,16560,196
2022-10-20,Ventura,111,848112,209696,209427,15863,225290,1571
2022-10-20,Yolo,113,214977,47580,47611,4539,52150,346
2022-10-20,Yuba,115,75493,18998,18969,1730,20699,130
2022-10-19,Alameda,001,1643700,350630,349337,19823,369160,2031
2022-10-19,Alpine,003,1148,136,136,1,137,0
2022-10-19,Amador,005,37829,10034,10025,928,10953,94
2022-10-19,Butte,007,227075,39716,39607,9118,48725,456
2022-10-19,Calaveras,009,45235,8555,8541,560,9101,135
2022-10-19,Colusa,011,21464,3806,3807,1287,5094,22
2022-10-19,Contra Costa,013,1133247,253039,251722,20894,272616,1444
2022-10-19,Del Norte,015,27424,7451,7450,405,7855,56
2022-10-19,El Dorado,017,186661,32522,32443,4307,36750,232
2022-10-19,Fresno,019,978130,276204,275502,31550,307052,2893
2022-10-19,Glenn,021,27897,5544,5543,1874,7417,48
2022-10-19,Humboldt,023,135768,22032,21979,5085,27064,160
2022-10-19,Imperial,025,180216,65879,65801,16097,81898,961
2022-10-19,Inyo,027,18085,4501,4497,996,5493,60
2022-10-19,Kern,029,883053,220060,219679,64412,284091,2424
2022-10-19,Kings,031,150075,59676,59632,4106,63738,460
2022-10-19,Lake,033,64148,12854,12847,1217,14064,148
2022-10-19,Lassen,035,31185,9981,9977,992,10969,65
2022-10-19,Los Angeles,037,10098052,3300490,3289814,184560,3474374,33533
2022-10-19,Madera,039,155013,44146,44121,8278,52399,375
2022-10-19,Marin,041,260295,45622,45521,5351,50872,314
2022-10-19,Mariposa,043,17540,3100,3096,365,3461,31
2022-10-19,Mendocino,045,87422,16103,16059,4519,20578,136
2022-10-19,Merced,047,269075,72688,72442,11878,84320,869
2022-10-19,Modoc,049,8938,881,883,324,1207,11
2022-10-19,Mono,051,14174,3213,3212,258,3470,7
2022-10-19,Monterey,053,433212,94414,94275,21129,115404,768
2022-10-19,Napa,055,140530,32368,32395,1418,33813,160
2022-10-19,Nevada,057,99092,19090,19056,1867,20923,132
2022-10-19,Orange,059,3164182,670860,669923,63142,733065,7536
2022-10-19,Placer,061,380077,76296,76022,9608,85630,662
2022-10-19,Plumas,063,18699,3709,3691,432,4123,13
2022-10-19,Riverside,065,2383286,698170,697500,35405,732905,6569
2022-10-19,Sacramento,067,1510023,349113,348260,34093,382353,3337
2022-10-19,San Benito,069,59416,16349,16251,983,17234,107
2022-10-19,San Bernardino,071,2135413,673711,673189,31076,704265,8152
2022-10-19,San Diego,073,3302833,929210,928182,72661,1000843,5517
2022-10-19,San Francisco,075,870044,180709,179967,12101,192068,1056
2022-10-19,San Joaquin,077,732212,198709,198041,14858,212899,2336
2022-10-19,San Luis Obispo,079,281455,63485,63410,7263,70673,525
2022-10-19,San Mateo,081,765935,169983,169484,10669,180153,732
2022-10-19,Santa Barbara,083,443738,106254,106125,6953,113078,726
2022-10-19,Santa Clara,085,1922200,439883,434684,18874,453558,2523
2022-10-19,Santa Cruz,087,273765,63807,63592,3467,67059,275
2022-10-19,Shasta,089,179085,35116,35031,7494,42525,595
2022-10-19,Sierra,091,2930,307,305,60,365,5
2022-10-19,Siskiyou,093,43540,5172,5298,3304,8602,94
2022-10-19,Solano,095,438530,105776,105561,7906,113467,466
2022-10-19,Sonoma,097,501317,107590,107436,5350,112786,527
2022-10-19,Stanislaus,099,539301,138421,138223,21667,159890,1785
2022-10-19,Sutter,101,95872,24388,24393,2470,26863,233
2022-10-19,Tehama,103,63373,13675,13647,3088,16735,209
2022-10-19,Trinity,105,12862,1396,1396,392,1788,20
2022-10-19,Tulare,107,460477,122018,122035,36761,158796,1540
2022-10-19,Tuolumne,109,53932,15639,15626,934,16560,196
2022-10-19,Ventura,111,848112,209653,209427,15863,225290,1571
2022-10-19,Yolo,113,214977,47570,47611,4531,52142,346
2022-10-19,Yuba,115,75493,18989,18969,1730,20699,130
2022-10-18,Alameda,001,1643700,350506,349337,19823,369160,2031
2022-10-18,Alpine,003,1148,136,136,1,137,0
2022-10-18,Amador,005,37829,10031,10025,928,10953,94
2022-10-18,Butte,007,227075,39707,39607,9118,48725,456
2022-10-18,Calaveras,009,45235,8550,8541,560,9101,135
2022-10-18,Colusa,011,21464,3805,3807,1285,5092,22
2022-10-18,Contra Costa,013,1133247,252951,251722,20893,272615,1444
2022-10-18,Del Norte,015,27424,7447,7450,405,7855,56
2022-10-18,El Dorado,017,186661,32504,32443,4305,36748,232
2022-10-18,Fresno,019,978130,276148,275502,31549,307051,2893
2022-10-18,Glenn,021,27897,5544,5543,1874,7417,48
2022-10-18,Humboldt,023,135768,22019,21979,5084,27063,160
2022-10-18,Imperial,025,180216,65859,65801,16081,81882,961
2022-10-18,Inyo,027,18085,4501,4497,996,5493,60
2022-10-18,Kern,029,883053,220014,219679,64381,284060,2424
2022-10-18,Kings,031,150075,59661,59632,4105,63737,460
2022-10-18,Lake,033,64148,12848,12847,1217,14064,148
2022-10-18,Lassen,035,31185,9978,9977,992,10969,65
2022-10-18,Los Angeles,037,10098052,3299679,3289814,184430,3474244,33533
2022-10-18,Madera,039,155013,44137,44121,8278,52399,375
2022-10-18,Marin,041,260295,45596,45521,5349,50870,314
2022-10-18,Mariposa,043,17540,3098,3096,365,3461,31
2022-10-18,Mendocino,045,87422,16093,16059,4519,20578,136
2022-10-18,Merced,047,269075,72669,72442,11877,84319,869
2022-10-18,Modoc,049,8938,881,883,324,1207,11
2022-10-18,Mono,051,14174,3212,3212,258,3470,7
2022-10-18,Monterey,053,433212,94387,94275,21126,115401,768
2022-10-18,Napa,055,140530,32363,32395,1418,33813,160
2022-10-18,Nevada,057,99092,19084,19056,1867,20923,132
2022-10-18,Orange,059,3164182,670685,669923,63115,733038,7536
2022-10-18,Placer,061,380077,76265,76022,9605,85627,662
2022-10-18,Plumas,063,18699,3708,3691,432,4123,13
2022-10-18,Riverside,065,2383286,698022,697500,35404,732904,6569
2022-10-18,Sacramento,067,1510023,348991,348260,34093,382353,3337
2022-10-18,San Benito,069,59416,16344,16251,983,17234,107
2022-10-18,San Bernardino,071,2135413,673603,673189,31075,704264,8152
2022-10-18,San Diego,073,3302833,928912,928182,72613,1000795,5517
2022-10-18,San Francisco,075,870044,180627,179967,12101,192068,1056
2022-10-18,San Joaquin,077,732212,198673,198041,14852,212893,2336
2022-10-18,San Luis Obispo,079,281455,63462,63410,7261,70671,525
2022-10-18,San Mateo,081,765935,169907,169484,10669,180153,732
2022-10-18,Santa Barbara,083,443738,106228,106125,6953,113078,726
2022-10-18,Santa Clara,085,1922200,439709,434684,18873,453557,2523
2022-10-18,Santa Cruz,087,273765,63786,63592,3467,67059,275
2022-10-18,Shasta,089,179085,35109,35031,7494,42525,595
2022-10-18,Sierra,091,2930,307,305,60,365,5
2022-10-18,Siskiyou,093,43540,5172,5298,3304,8602,94
2022-10-18,Solano,095,438530,105742,105561,7905,113466,466
2022-10-18,Sonoma,097,501317,107545,107436,5350,112786,527
2022-10-18,Stanislaus,099,539301,138397,138223,21662,159885,1785
2022-10-18,Sutter,101,95872,24384,24393,2470,26863,233
2022-10-18,Tehama,103,63373,13668,13647,3087,16734,209
2022-10-18,Trinity,105,12862,1396,1396,392,1788,20
2022-10-18,Tulare,107,460477,121999,122035,36742,158777,1540
2022-10-18,Tuolumne,109,53932,15635,15626,934,16560,196
2022-10-18,Ventura,111,848112,209592,209427,15863,225290,1571
2022-10-18,Yolo,113,214977,47561,47611,4528,52139,346
2022-10-18,Yuba,115,75493,18983,18969,1730,20699,130
2022-10-17,Alameda,001,1643700,350356,348487,19823,368310,2027
2022-10-17,Alpine,003,1148,136,135,1,136,0
2022-10-17,Amador,005,37829,10027,10013,928,10941,93
2022-10-17,Butte,007,227075,39692,39567,9118,48685,456
2022-10-17,Calaveras,009,45235,8546,8523,560,9083,133
2022-10-17,Colusa,011,21464,3805,3805,1285,5090,22
2022-10-17,Contra Costa,013,1133247,252843,250897,20892,271789,1440
2022-10-17,Del Norte,015,27424,7447,7440,405,7845,56
2022-10-17,El Dorado,017,186661,32491,32373,4303,36676,231
2022-10-17,Fresno,019,978130,276081,275035,31547,306582,2873
2022-10-17,Glenn,021,27897,5541,5532,1874,7406,48
2022-10-17,Humboldt,023,135768,22007,21914,5076,26990,159
2022-10-17,Imperial,025,180216,65841,65691,16055,81746,958
2022-10-17,Inyo,027,18085,4501,4492,995,5487,60
2022-10-17,Kern,029,883053,219969,219487,64352,283839,2420
2022-10-17,Kings,031,150075,59650,59560,4104,63664,459
2022-10-17,Lake,033,64148,12845,12815,1216,14031,146
2022-10-17,Lassen,035,31185,9976,9970,992,10962,65
2022-10-17,Los Angeles,037,10098052,3298780,3285385,184283,3469668,33525
2022-10-17,Madera,039,155013,44132,44078,8278,52356,375
2022-10-17,Marin,041,260295,45578,45378,5348,50726,315
2022-10-17,Mariposa,043,17540,3096,3091,365,3456,31
2022-10-17,Mendocino,045,87422,16088,16023,4519,20542,136
2022-10-17,Merced,047,269075,72651,72326,11877,84203,868
2022-10-17,Modoc,049,8938,881,882,324,1206,11
2022-10-17,Mono,051,14174,3212,3206,258,3464,7
2022-10-17,Monterey,053,433212,94363,94183,21123,115306,768
2022-10-17,Napa,055,140530,32354,32326,1418,33744,161
2022-10-17,Nevada,057,99092,19079,19023,1866,20889,132
2022-10-17,Orange,059,3164182,670512,668814,63093,731907,7473
2022-10-17,Placer,061,380077,76236,75902,9599,85501,660
2022-10-17,Plumas,063,18699,3703,3682,432,4114,13
2022-10-17,Riverside,065,2383286,697865,696402,35403,731805,6561
2022-10-17,Sacramento,067,1510023,348854,347495,34092,381587,3324
2022-10-17,San Benito,069,59416,16332,16223,983,17206,107
2022-10-17,San Bernardino,071,2135413,673470,672221,31073,703294,8148
2022-10-17,San Diego,073,3302833,928611,926574,72564,999138,5507
2022-10-17,San Francisco,075,870044,180545,179482,12101,191583,1048
2022-10-17,San Joaquin,077,732212,198627,197672,14847,212519,2322
2022-10-17,San Luis Obispo,079,281455,63447,63321,7260,70581,524
2022-10-17,San Mateo,081,765935,169843,168944,10669,179613,732
2022-10-17,Santa Barbara,083,443738,106209,105931,6953,112884,726
2022-10-17,Santa Clara,085,1922200,439495,433458,18873,452331,2513
2022-10-17,Santa Cruz,087,273765,63738,63316,3467,66783,273
2022-10-17,Shasta,089,179085,35087,34971,7494,42465,595
2022-10-17,Sierra,091,2930,305,305,60,365,5
2022-10-17,Siskiyou,093,43540,5169,5287,3304,8591,92
2022-10-17,Solano,095,438530,105704,105287,7904,113191,465
2022-10-17,Sonoma,097,501317,107506,107199,5348,112547,520
2022-10-17,Stanislaus,099,539301,138367,137994,21656,159650,1782
2022-10-17,Sutter,101,95872,24383,24357,2470,26827,233
2022-10-17,Tehama,103,63373,13664,13624,3086,16710,209
2022-10-17,Trinity,105,12862,1396,1396,392,1788,20
2022-10-17,Tulare,107,460477,121982,121902,36731,158633,1538
2022-10-17,Tuolumne,109,53932,15629,15586,934,16520,196
2022-10-17,Ventura,111,848112,209550,209051,15863,224914,1571
2022-10-17,Yolo,113,214977,47538,47498,4522,52020,343
2022-10-17,Yuba,115,75493,18977,18934,1730,20664,129
2022-10-16,Alameda,001,1643700,350193,348487,19823,368310,2027
2022-10-16,Alpine,003,1148,136,135,1,136,0
2022-10-16,Amador,005,37829,10026,10013,928,10941,93
2022-10-16,Butte,007,227075,39673,39567,9117,48684,456
2022-10-16,Calaveras,009,45235,8545,8523,560,9083,133
2022-10-16,Colusa,011,21464,3804,3805,1285,5090,22
2022-10-16,Contra Costa,013,1133247,252719,250897,20892,271789,1440
2022-10-16,Del Norte,015,27424,7446,7440,405,7845,56
2022-10-16,El Dorado,017,186661,32477,32373,4302,36675,231
2022-10-16,Fresno,019,978130,275995,275035,31547,306582,2873
2022-10-16,Glenn,021,27897,5540,5532,1874,7406,48
2022-10-16,Humboldt,023,135768,21988,21914,5069,26983,159
2022-10-16,Imperial,025,180216,65808,65691,16038,81729,958
2022-10-16,Inyo,027,18085,4501,4492,995,5487,60
2022-10-16,Kern,029,883053,219922,219487,64312,283799,2420
2022-10-16,Kings,031,150075,59639,59560,4104,63664,459
2022-10-16,Lake,033,64148,12841,12815,1216,14031,146
2022-10-16,Lassen,035,31185,9975,9970,992,10962,65
2022-10-16,Los Angeles,037,10098052,3297851,3285385,184134,3469519,33525
2022-10-16,Madera,039,155013,44118,44078,8278,52356,375
2022-10-16,Marin,041,260295,45556,45378,5347,50725,315
2022-10-16,Mariposa,043,17540,3095,3091,365,3456,31
2022-10-16,Mendocino,045,87422,16079,16023,4519,20542,136
2022-10-16,Merced,047,269075,72631,72326,11877,84203,868
2022-10-16,Modoc,049,8938,881,882,324,1206,11
2022-10-16,Mono,051,14174,3211,3206,258,3464,7
2022-10-16,Monterey,053,433212,94335,94183,21117,115300,768
2022-10-16,Napa,055,140530,32346,32326,1418,33744,161
2022-10-16,Nevada,057,99092,19076,19023,1866,20889,132
2022-10-16,Orange,059,3164182,670315,668814,63085,731899,7473
2022-10-16,Placer,061,380077,76211,75902,9594,85496,660
2022-10-16,Plumas,063,18699,3699,3682,432,4114,13
2022-10-16,Riverside,065,2383286,697696,696402,35401,731803,6561
2022-10-16,Sacramento,067,1510023,348675,347495,34092,381587,3324
2022-10-16,San Benito,069,59416,16328,16223,982,17205,107
2022-10-16,San Bernardino,071,2135413,673309,672221,31073,703294,8148
2022-10-16,San Diego,073,3302833,928289,926574,72515,999089,5507
2022-10-16,San Francisco,075,870044,180437,179482,12099,191581,1048
2022-10-16,San Joaquin,077,732212,198552,197672,14844,212516,2322
2022-10-16,San Luis Obispo,079,281455,63424,63321,7258,70579,524
2022-10-16,San Mateo,081,765935,169743,168944,10669,179613,732
2022-10-16,Santa Barbara,083,443738,106182,105931,6953,112884,726
2022-10-16,Santa Clara,085,1922200,439302,433458,18871,452329,2513
2022-10-16,Santa Cruz,087,273765,63652,63316,3466,66782,273
2022-10-16,Shasta,089,179085,35072,34971,7492,42463,595
2022-10-16,Sierra,091,2930,305,305,60,365,5
2022-10-16,Siskiyou,093,43540,5166,5287,3304,8591,92
2022-10-16,Solano,095,438530,105659,105287,7904,113191,465
2022-10-16,Sonoma,097,501317,107456,107199,5348,112547,520
2022-10-16,Stanislaus,099,539301,138340,137994,21654,159648,1782
2022-10-16,Sutter,101,95872,24377,24357,2470,26827,233
2022-10-16,Tehama,103,63373,13659,13624,3086,16710,209
2022-10-16,Trinity,105,12862,1396,1396,392,1788,20
2022-10-16,Tulare,107,460477,121956,121902,36718,158620,1538
2022-10-16,Tuolumne,109,53932,15627,15586,934,16520,196
2022-10-16,Ventura,111,848112,209480,209051,15863,224914,1571
2022-10-16,Yolo,113,214977,47522,47498,4512,52010,343
2022-10-16,Yuba,115,75493,18972,18934,1730,20664,129
2022-10-15,Alameda,001,1643700,350096,348487,19822,368309,2027
2022-10-15,Alpine,003,1148,136,135,1,136,0
2022-10-15,Amador,005,37829,10024,10013,928,10941,93
2022-10-15,Butte,007,227075,39670,39567,9117,48684,456
2022-10-15,Calaveras,009,45235,8542,8523,560,9083,133
2022-10-15,Colusa,011,21464,3804,3805,1285,5090,22
2022-10-15,Contra Costa,013,1133247,252648,250897,20892,271789,1440
2022-10-15,Del Norte,015,27424,7446,7440,405,7845,56
2022-10-15,El Dorado,017,186661,32467,32373,4302,36675,231
2022-10-15,Fresno,019,978130,275968,275035,31547,306582,2873
2022-10-15,Glenn,021,27897,5539,5532,1874,7406,48
2022-10-15,Humboldt,023,135768,21980,21914,5065,26979,159
2022-10-15,Imperial,025,180216,65801,65691,16032,81723,958
2022-10-15,Inyo,027,18085,4501,4492,995,5487,60
2022-10-15,Kern,029,883053,219896,219487,64280,283767,2420
2022-10-15,Kings,031,150075,59625,59560,4104,63664,459
2022-10-15,Lake,033,64148,12841,12815,1216,14031,146
2022-10-15,Lassen,035,31185,9974,9970,992,10962,65
2022-10-15,Los Angeles,037,10098052,3297379,3285385,184051,3469436,33525
2022-10-15,Madera,039,155013,44115,44078,8278,52356,375
2022-10-15,Marin,041,260295,45539,45378,5345,50723,315
2022-10-15,Mariposa,043,17540,3095,3091,365,3456,31
2022-10-15,Mendocino,045,87422,16072,16023,4519,20542,136
2022-10-15,Merced,047,269075,72619,72326,11877,84203,868
2022-10-15,Modoc,049,8938,881,882,324,1206,11
2022-10-15,Mono,051,14174,3210,3206,258,3464,7
2022-10-15,Monterey,053,433212,94319,94183,21112,115295,768
2022-10-15,Napa,055,140530,32343,32326,1418,33744,161
2022-10-15,Nevada,057,99092,19072,19023,1866,20889,132
2022-10-15,Orange,059,3164182,670210,668814,63083,731897,7473
2022-10-15,Placer,061,380077,76197,75902,9593,85495,660
2022-10-15,Plumas,063,18699,3698,3682,432,4114,13
2022-10-15,Riverside,065,2383286,697607,696402,35401,731803,6561
2022-10-15,Sacramento,067,1510023,348589,347495,34092,381587,3324
2022-10-15,San Benito,069,59416,16326,16223,982,17205,107
2022-10-15,San Bernardino,071,2135413,673242,672221,31072,703293,8148
2022-10-15,San Diego,073,3302833,928172,926574,72502,999076,5507
2022-10-15,San Francisco,075,870044,180385,179482,12099,191581,1048
2022-10-15,San Joaquin,077,732212,198516,197672,14843,212515,2322
2022-10-15,San Luis Obispo,079,281455,63416,63321,7255,70576,524
2022-10-15,San Mateo,081,765935,169691,168944,10669,179613,732
2022-10-15,Santa Barbara,083,443738,106158,105931,6951,112882,726
2022-10-15,Santa Clara,085,1922200,439195,433458,18871,452329,2513
2022-10-15,Santa Cruz,087,273765,63626,63316,3464,66780,273
2022-10-15,Shasta,089,179085,35065,34971,7492,42463,595
2022-10-15,Sierra,091,2930,305,305,60,365,5
2022-10-15,Siskiyou,093,43540,5165,5287,3304,8591,92
2022-10-15,Solano,095,438530,105642,105287,7904,113191,465
2022-10-15,Sonoma,097,501317,107432,107199,5348,112547,520
2022-10-15,Stanislaus,099,539301,138323,137994,21653,159647,1782
2022-10-15,Sutter,101,95872,24375,24357,2470,26827,233
2022-10-15,Tehama,103,63373,13657,13624,3086,16710,209
2022-10-15,Trinity,105,12862,1396,1396,392,1788,20
2022-10-15,Tulare,107,460477,121944,121902,36706,158608,1538
2022-10-15,Tuolumne,109,53932,15621,15586,934,16520,196
2022-10-15,Ventura,111,848112,209449,209051,15863,224914,1571
2022-10-15,Yolo,113,214977,47513,47498,4510,52008,343
2022-10-15,Yuba,115,75493,18970,18934,1729,20663,129
2022-10-14,Alameda,001,1643700,350022,348487,19822,368309,2027
2022-10-14,Alpine,003,1148,136,135,1,136,0
2022-10-14,Amador,005,37829,10024,10013,928,10941,93
2022-10-14,Butte,007,227075,39662,39567,9116,48683,456
2022-10-14,Calaveras,009,45235,8538,8523,560,9083,133
2022-10-14,Colusa,011,21464,3803,3805,1285,5090,22
2022-10-14,Contra Costa,013,1133247,252589,250897,20892,271789,1440
2022-10-14,Del Norte,015,27424,7446,7440,405,7845,56
2022-10-14,El Dorado,017,186661,32461,32373,4302,36675,231
2022-10-14,Fresno,019,978130,275938,275035,31547,306582,2873
2022-10-14,Glenn,021,27897,5538,5532,1873,7405,48
2022-10-14,Humboldt,023,135768,21978,21914,5062,26976,159
2022-10-14,Imperial,025,180216,65791,65691,16025,81716,958
2022-10-14,Inyo,027,18085,4501,4492,995,5487,60
2022-10-14,Kern,029,883053,219877,219487,64255,283742,2420
2022-10-14,Kings,031,150075,59618,59560,4104,63664,459
2022-10-14,Lake,033,64148,12839,12815,1216,14031,146
2022-10-14,Lassen,035,31185,9974,9970,992,10962,65
2022-10-14,Los Angeles,037,10098052,3296874,3285385,183956,3469341,33525
2022-10-14,Madera,039,155013,44110,44078,8278,52356,375
2022-10-14,Marin,041,260295,45528,45378,5344,50722,315
2022-10-14,Mariposa,043,17540,3095,3091,365,3456,31
2022-10-14,Mendocino,045,87422,16067,16023,4519,20542,136
2022-10-14,Merced,047,269075,72607,72326,11877,84203,868
2022-10-14,Modoc,049,8938,881,882,324,1206,11
2022-10-14,Mono,051,14174,3210,3206,258,3464,7
2022-10-14,Monterey,053,433212,94300,94183,21111,115294,768
2022-10-14,Napa,055,140530,32335,32326,1418,33744,161
2022-10-14,Nevada,057,99092,19065,19023,1866,20889,132
2022-10-14,Orange,059,3164182,670107,668814,63083,731897,7473
2022-10-14,Placer,061,380077,76181,75902,9590,85492,660
2022-10-14,Plumas,063,18699,3697,3682,432,4114,13
2022-10-14,Riverside,065,2383286,697514,696402,35401,731803,6561
2022-10-14,Sacramento,067,1510023,348517,347495,34092,381587,3324
2022-10-14,San Benito,069,59416,16322,16223,982,17205,107
2022-10-14,San Bernardino,071,2135413,673168,672221,31070,703291,8148
2022-10-14,San Diego,073,3302833,927956,926574,72480,999054,5507
2022-10-14,San Francisco,075,870044,180336,179482,12098,191580,1048
2022-10-14,San Joaquin,077,732212,198484,197672,14842,212514,2322
2022-10-14,San Luis Obispo,079,281455,63406,63321,7253,70574,524
2022-10-14,San Mateo,081,765935,169641,168944,10669,179613,732
2022-10-14,Santa Barbara,083,443738,106143,105931,6951,112882,726
2022-10-14,Santa Clara,085,1922200,439058,433458,18871,452329,2513
2022-10-14,Santa Cruz,087,273765,63595,63316,3463,66779,273
2022-10-14,Shasta,089,179085,35060,34971,7492,42463,595
2022-10-14,Sierra,091,2930,305,305,60,365,5
2022-10-14,Siskiyou,093,43540,5164,5287,3304,8591,92
2022-10-14,Solano,095,438530,105611,105287,7903,113190,465
2022-10-14,Sonoma,097,501317,107412,107199,5348,112547,520
2022-10-14,Stanislaus,099,539301,138300,137994,21650,159644,1782
2022-10-14,Sutter,101,95872,24368,24357,2470,26827,233
2022-10-14,Tehama,103,63373,13653,13624,3085,16709,209
2022-10-14,Trinity,105,12862,1396,1396,392,1788,20
2022-10-14,Tulare,107,460477,121927,121902,36701,158603,1538
2022-10-14,Tuolumne,109,53932,15617,15586,934,16520,196
2022-10-14,Ventura,111,848112,209401,209051,15863,224914,1571
2022-10-14,Yolo,113,214977,47503,47498,4505,52003,343
2022-10-14,Yuba,115,75493,18964,18934,1729,20663,129
2022-10-13,Alameda,001,1643700,349884,348487,19821,368308,2027
2022-10-13,Alpine,003,1148,136,135,1,136,0
2022-10-13,Amador,005,37829,10022,10013,928,10941,93
2022-10-13,Butte,007,227075,39652,39567,9115,48682,456
2022-10-13,Calaveras,009,45235,8536,8523,560,9083,133
2022-10-13,Colusa,011,21464,3803,3805,1285,5090,22
2022-10-13,Contra Costa,013,1133247,252505,250897,20892,271789,1440
2022-10-13,Del Norte,015,27424,7445,7440,405,7845,56
2022-10-13,El Dorado,017,186661,32450,32373,4302,36675,231
2022-10-13,Fresno,019,978130,275896,275035,31546,306581,2873
2022-10-13,Glenn,021,27897,5538,5532,1873,7405,48
2022-10-13,Humboldt,023,135768,21967,21914,5062,26976,159
2022-10-13,Imperial,025,180216,65777,65691,16013,81704,958
2022-10-13,Inyo,027,18085,4500,4492,995,5487,60
2022-10-13,Kern,029,883053,219845,219487,64224,283711,2420
2022-10-13,Kings,031,150075,59608,59560,4104,63664,459
2022-10-13,Lake,033,64148,12836,12815,1216,14031,146
2022-10-13,Lassen,035,31185,9973,9970,992,10962,65
2022-10-13,Los Angeles,037,10098052,3296133,3285385,183826,3469211,33525
2022-10-13,Madera,039,155013,44104,44078,8278,52356,375
2022-10-13,Marin,041,260295,45499,45378,5341,50719,315
2022-10-13,Mariposa,043,17540,3094,3091,365,3456,31
2022-10-13,Mendocino,045,87422,16061,16023,4519,20542,136
2022-10-13,Merced,047,269075,72593,72326,11875,84201,868
2022-10-13,Modoc,049,8938,881,882,324,1206,11
2022-10-13,Mono,051,14174,3209,3206,258,3464,7
2022-10-13,Monterey,053,433212,94287,94183,21107,115290,768
2022-10-13,Napa,055,140530,32321,32326,1417,33743,161
2022-10-13,Nevada,057,99092,19055,19023,1866,20889,132
2022-10-13,Orange,059,3164182,669956,668814,63077,731891,7473
2022-10-13,Placer,061,380077,76165,75902,9587,85489,660
2022-10-13,Plumas,063,18699,3695,3682,432,4114,13
2022-10-13,Riverside,065,2383286,697391,696402,35401,731803,6561
2022-10-13,Sacramento,067,1510023,348388,347495,34092,381587,3324
2022-10-13,San Benito,069,59416,16321,16223,982,17205,107
2022-10-13,San Bernardino,071,2135413,673075,672221,31069,703290,8148
2022-10-13,San Diego,073,3302833,927753,926574,72456,999030,5507
2022-10-13,San Francisco,075,870044,180246,179482,12098,191580,1048
2022-10-13,San Joaquin,077,732212,198441,197672,14842,212514,2322
2022-10-13,San Luis Obispo,079,281455,63400,63321,7246,70567,524
2022-10-13,San Mateo,081,765935,169549,168944,10669,179613,732
2022-10-13,Santa Barbara,083,443738,106122,105931,6950,112881,726
2022-10-13,Santa Clara,085,1922200,438912,433458,18871,452329,2513
2022-10-13,Santa Cruz,087,273765,63570,63316,3462,66778,273
2022-10-13,Shasta,089,179085,35050,34971,7492,42463,595
2022-10-13,Sierra,091,2930,305,305,60,365,5
2022-10-13,Siskiyou,093,43540,5161,5287,3304,8591,92
2022-10-13,Solano,095,438530,105574,105287,7902,113189,465
2022-10-13,Sonoma,097,501317,107377,107199,5348,112547,520
2022-10-13,Stanislaus,099,539301,138269,137994,21650,159644,1782
2022-10-13,Sutter,101,95872,24364,24357,2470,26827,233
2022-10-13,Tehama,103,63373,13650,13624,3085,16709,209
2022-10-13,Trinity,105,12862,1396,1396,392,1788,20
2022-10-13,Tulare,107,460477,121914,121902,36689,158591,1538
2022-10-13,Tuolumne,109,53932,15610,15586,934,16520,196
2022-10-13,Ventura,111,848112,209354,209051,15863,224914,1571
2022-10-13,Yolo,113,214977,47485,47498,4499,51997,343
2022-10-13,Yuba,115,75493,18958,18934,1729,20663,129
2022-10-12,Alameda,001,1643700,349762,348487,19821,368308,2027
2022-10-12,Alpine,003,1148,135,135,1,136,0
2022-10-12,Amador,005,37829,10020,10013,928,10941,93
2022-10-12,Butte,007,227075,39643,39567,9115,48682,456
2022-10-12,Calaveras,009,45235,8531,8523,560,9083,133
2022-10-12,Colusa,011,21464,3803,3805,1285,5090,22
2022-10-12,Contra Costa,013,1133247,252414,250897,20891,271788,1440
2022-10-12,Del Norte,015,27424,7445,7440,405,7845,56
2022-10-12,El Dorado,017,186661,32440,32373,4302,36675,231
2022-10-12,Fresno,019,978130,275853,275035,31546,306581,2873
2022-10-12,Glenn,021,27897,5537,5532,1873,7405,48
2022-10-12,Humboldt,023,135768,21962,21914,5061,26975,159
2022-10-12,Imperial,025,180216,65757,65691,16003,81694,958
2022-10-12,Inyo,027,18085,4499,4492,995,5487,60
2022-10-12,Kern,029,883053,219806,219487,64193,283680,2420
2022-10-12,Kings,031,150075,59603,59560,4104,63664,459
2022-10-12,Lake,033,64148,12828,12815,1216,14031,146
2022-10-12,Lassen,035,31185,9970,9970,992,10962,65
2022-10-12,Los Angeles,037,10098052,3295370,3285385,183690,3469075,33525
2022-10-12,Madera,039,155013,44095,44078,8278,52356,375
2022-10-12,Marin,041,260295,45481,45378,5338,50716,315
2022-10-12,Mariposa,043,17540,3093,3091,365,3456,31
2022-10-12,Mendocino,045,87422,16059,16023,4519,20542,136
2022-10-12,Merced,047,269075,72571,72326,11874,84200,868
2022-10-12,Modoc,049,8938,881,882,324,1206,11
2022-10-12,Mono,051,14174,3208,3206,258,3464,7
2022-10-12,Monterey,053,433212,94270,94183,21106,115289,768
2022-10-12,Napa,055,140530,32311,32326,1417,33743,161
2022-10-12,Nevada,057,99092,19048,19023,1866,20889,132
2022-10-12,Orange,059,3164182,669789,668814,63072,731886,7473
2022-10-12,Placer,061,380077,76146,75902,9586,85488,660
2022-10-12,Plumas,063,18699,3693,3682,432,4114,13
2022-10-12,Riverside,065,2383286,697267,696402,35401,731803,6561
2022-10-12,Sacramento,067,1510023,348281,347495,34091,381586,3324
2022-10-12,San Benito,069,59416,16316,16223,981,17204,107
2022-10-12,San Bernardino,071,2135413,672947,672221,31068,703289,8148
2022-10-12,San Diego,073,3302833,927493,926574,72421,998995,5507
2022-10-12,San Francisco,075,870044,180167,179482,12098,191580,1048
2022-10-12,San Joaquin,077,732212,198385,197672,14838,212510,2322
2022-10-12,San Luis Obispo,079,281455,63388,63321,7243,70564,524
2022-10-12,San Mateo,081,765935,169469,168944,10669,179613,732
2022-10-12,Santa Barbara,083,443738,106107,105931,6949,112880,726
2022-10-12,Santa Clara,085,1922200,438727,433458,18871,452329,2513
2022-10-12,Santa Cruz,087,273765,63533,63316,3462,66778,273
2022-10-12,Shasta,089,179085,35036,34971,7492,42463,595
2022-10-12,Sierra,091,2930,305,305,60,365,5
2022-10-12,Siskiyou,093,43540,5161,5287,3304,8591,92
2022-10-12,Solano,095,438530,105531,105287,7902,113189,465
2022-10-12,Sonoma,097,501317,107346,107199,5348,112547,520
2022-10-12,Stanislaus,099,539301,138223,137994,21646,159640,1782
2022-10-12,Sutter,101,95872,24358,24357,2470,26827,233
2022-10-12,Tehama,103,63373,13648,13624,3085,16709,209
2022-10-12,Trinity,105,12862,1396,1396,392,1788,20
2022-10-12,Tulare,107,460477,121890,121902,36672,158574,1538
2022-10-12,Tuolumne,109,53932,15606,15586,934,16520,196
2022-10-12,Ventura,111,848112,209305,209051,15863,224914,1571
2022-10-12,Yolo,113,214977,47465,47498,4495,51993,343
2022-10-12,Yuba,115,75493,18951,18934,1729,20663,129
2022-10-11,Alameda,001,1643700,349599,348487,19821,368308,2027
2022-10-11,Alpine,003,1148,135,135,1,136,0
2022-10-11,Amador,005,37829,10016,10013,928,10941,93
2022-10-11,Butte,007,227075,39628,39567,9115,48682,456
2022-10-11,Calaveras,009,45235,8527,8523,560,9083,133
2022-10-11,Colusa,011,21464,3802,3805,1285,5090,22
2022-10-11,Contra Costa,013,1133247,252301,250897,20891,271788,1440
2022-10-11,Del Norte,015,27424,7440,7440,405,7845,56
2022-10-11,El Dorado,017,186661,32422,32373,4302,36675,231
2022-10-11,Fresno,019,978130,275799,275035,31545,306580,2873
2022-10-11,Glenn,021,27897,5536,5532,1872,7404,48
2022-10-11,Humboldt,023,135768,21956,21914,5057,26971,159
2022-10-11,Imperial,025,180216,65744,65691,15985,81676,958
2022-10-11,Inyo,027,18085,4497,4492,995,5487,60
2022-10-11,Kern,029,883053,219781,219487,64172,283659,2420
2022-10-11,Kings,031,150075,59589,59560,4102,63662,459
2022-10-11,Lake,033,64148,12824,12815,1216,14031,146
2022-10-11,Lassen,035,31185,9969,9970,992,10962,65
2022-10-11,Los Angeles,037,10098052,3294543,3285385,183569,3468954,33525
2022-10-11,Madera,039,155013,44088,44078,8278,52356,375
2022-10-11,Marin,041,260295,45464,45378,5336,50714,315
2022-10-11,Mariposa,043,17540,3092,3091,365,3456,31
2022-10-11,Mendocino,045,87422,16054,16023,4519,20542,136
2022-10-11,Merced,047,269075,72546,72326,11873,84199,868
2022-10-11,Modoc,049,8938,880,882,324,1206,11
2022-10-11,Mono,051,14174,3208,3206,258,3464,7
2022-10-11,Monterey,053,433212,94260,94183,21104,115287,768
2022-10-11,Napa,055,140530,32307,32326,1417,33743,161
2022-10-11,Nevada,057,99092,19039,19023,1866,20889,132
2022-10-11,Orange,059,3164182,669618,668814,63065,731879,7473
2022-10-11,Placer,061,380077,76116,75902,9585,85487,660
2022-10-11,Plumas,063,18699,3693,3682,432,4114,13
2022-10-11,Riverside,065,2383286,697137,696402,35400,731802,6561
2022-10-11,Sacramento,067,1510023,348123,347495,34091,381586,3324
2022-10-11,San Benito,069,59416,16310,16223,980,17203,107
2022-10-11,San Bernardino,071,2135413,672812,672221,31066,703287,8148
2022-10-11,San Diego,073,3302833,927213,926574,72387,998961,5507
2022-10-11,San Francisco,075,870044,180073,179482,12098,191580,1048
2022-10-11,San Joaquin,077,732212,198343,197672,14837,212509,2322
2022-10-11,San Luis Obispo,079,281455,63367,63321,7233,70554,524
2022-10-11,San Mateo,081,765935,169393,168944,10669,179613,732
2022-10-11,Santa Barbara,083,443738,106078,105931,6948,112879,726
2022-10-11,Santa Clara,085,1922200,438553,433458,18871,452329,2513
2022-10-11,Santa Cruz,087,273765,63491,63316,3462,66778,273
2022-10-11,Shasta,089,179085,35025,34971,7492,42463,595
2022-10-11,Sierra,091,2930,305,305,60,365,5
2022-10-11,Siskiyou,093,43540,5160,5287,3304,8591,92
2022-10-11,Solano,095,438530,105494,105287,7902,113189,465
2022-10-11,Sonoma,097,501317,107304,107199,5348,112547,520
2022-10-11,Stanislaus,099,539301,138191,137994,21644,159638,1782
2022-10-11,Sutter,101,95872,24354,24357,2470,26827,233
2022-10-11,Tehama,103,63373,13647,13624,3084,16708,209
2022-10-11,Trinity,105,12862,1396,1396,392,1788,20
2022-10-11,Tulare,107,460477,121866,121902,36661,158563,1538
2022-10-11,Tuolumne,109,53932,15600,15586,934,16520,196
2022-10-11,Ventura,111,848112,209255,209051,15863,224914,1571
2022-10-11,Yolo,113,214977,47458,47498,4489,51987,343
2022-10-11,Yuba,115,75493,18939,18934,1729,20663,129
2022-10-10,Alameda,001,1643700,349451,347497,19821,367318,2023
2022-10-10,Alpine,003,1148,135,135,1,136,0
2022-10-10,Amador,005,37829,10013,9999,928,10927,93
2022-10-10,Butte,007,227075,39617,39453,9113,48566,454
2022-10-10,Calaveras,009,45235,8527,8511,560,9071,133
2022-10-10,Colusa,011,21464,3801,3794,1285,5079,22
2022-10-10,Contra Costa,013,1133247,252185,250136,20890,271026,1430
2022-10-10,Del Norte,015,27424,7437,7433,405,7838,56
2022-10-10,El Dorado,017,186661,32408,32320,4300,36620,231
2022-10-10,Fresno,019,978130,275741,274628,31544,306172,2865
2022-10-10,Glenn,021,27897,5535,5510,1872,7382,48
2022-10-10,Humboldt,023,135768,21937,21831,5056,26887,159
2022-10-10,Imperial,025,180216,65726,65532,15968,81500,958
2022-10-10,Inyo,027,18085,4496,4489,995,5484,59
2022-10-10,Kern,029,883053,219739,219191,64140,283331,2418
2022-10-10,Kings,031,150075,59580,59489,4102,63591,458
2022-10-10,Lake,033,64148,12820,12795,1216,14011,147
2022-10-10,Lassen,035,31185,9969,9967,992,10959,65
2022-10-10,Los Angeles,037,10098052,3293655,3278961,183422,3462383,33467
2022-10-10,Madera,039,155013,44078,44029,8278,52307,374
2022-10-10,Marin,041,260295,45446,45190,5332,50522,313
2022-10-10,Mariposa,043,17540,3091,3088,365,3453,31
2022-10-10,Mendocino,045,87422,16043,15992,4519,20511,136
2022-10-10,Merced,047,269075,72528,72236,11872,84108,865
2022-10-10,Modoc,049,8938,880,876,324,1200,11
2022-10-10,Mono,051,14174,3206,3205,258,3463,7
2022-10-10,Monterey,053,433212,94244,94111,21104,115215,766
2022-10-10,Napa,055,140530,32296,32258,1417,33675,160
2022-10-10,Nevada,057,99092,19035,18989,1866,20855,132
2022-10-10,Orange,059,3164182,669432,667297,63058,730355,7452
2022-10-10,Placer,061,380077,76093,75768,9582,85350,660
2022-10-10,Plumas,063,18699,3692,3669,432,4101,13
2022-10-10,Riverside,065,2383286,696984,695315,35399,730714,6567
2022-10-10,Sacramento,067,1510023,348004,346748,34064,380812,3310
2022-10-10,San Benito,069,59416,16306,16188,980,17168,106
2022-10-10,San Bernardino,071,2135413,672659,670906,31065,701971,8116
2022-10-10,San Diego,073,3302833,926950,924672,72348,997020,5498
2022-10-10,San Francisco,075,870044,179986,178943,12098,191041,1045
2022-10-10,San Joaquin,077,732212,198286,197390,14836,212226,2319
2022-10-10,San Luis Obispo,079,281455,63345,63219,7232,70451,524
2022-10-10,San Mateo,081,765935,169306,168413,10669,179082,737
2022-10-10,Santa Barbara,083,443738,106036,105695,6948,112643,725
2022-10-10,Santa Clara,085,1922200,438350,432327,18871,451198,2506
2022-10-10,Santa Cruz,087,273765,63457,63099,3462,66561,273
2022-10-10,Shasta,089,179085,35010,34904,7492,42396,593
2022-10-10,Sierra,091,2930,305,305,60,365,5
2022-10-10,Siskiyou,093,43540,5157,5272,3304,8576,92
2022-10-10,Solano,095,438530,105448,105042,7901,112943,465
2022-10-10,Sonoma,097,501317,107269,106940,5348,112288,520
2022-10-10,Stanislaus,099,539301,138150,137838,21641,159479,1781
2022-10-10,Sutter,101,95872,24345,24326,2470,26796,232
2022-10-10,Tehama,103,63373,13643,13603,3084,16687,210
2022-10-10,Trinity,105,12862,1396,1394,392,1786,20
2022-10-10,Tulare,107,460477,121848,121787,36644,158431,1531
2022-10-10,Tuolumne,109,53932,15594,15558,934,16492,196
2022-10-10,Ventura,111,848112,209186,208632,15863,224495,1567
2022-10-10,Yolo,113,214977,47435,47422,4488,51910,341
2022-10-10,Yuba,115,75493,18933,18914,1729,20643,129
2022-10-09,Alameda,001,1643700,349299,347497,19820,367317,2023
2022-10-09,Alpine,003,1148,135,135,1,136,0
2022-10-09,Amador,005,37829,10011,9999,928,10927,93
2022-10-09,Butte,007,227075,39609,39453,9113,48566,454
2022-10-09,Calaveras,009,45235,8524,8511,560,9071,133
2022-10-09,Colusa,011,21464,3801,3794,1285,5079,22
2022-10-09,Contra Costa,013,1133247,252075,250136,20889,271025,1430
2022-10-09,Del Norte,015,27424,7436,7433,405,7838,56
2022-10-09,El Dorado,017,186661,32397,32320,4300,36620,231
2022-10-09,Fresno,019,978130,275650,274628,31543,306171,2865
2022-10-09,Glenn,021,27897,5532,5510,1872,7382,48
2022-10-09,Humboldt,023,135768,21924,21831,5054,26885,159
2022-10-09,Imperial,025,180216,65696,65532,15947,81479,958
2022-10-09,Inyo,027,18085,4496,4489,995,5484,59
2022-10-09,Kern,029,883053,219704,219191,64085,283276,2418
2022-10-09,Kings,031,150075,59563,59489,4102,63591,458
2022-10-09,Lake,033,64148,12813,12795,1216,14011,147
2022-10-09,Lassen,035,31185,9969,9967,992,10959,65
2022-10-09,Los Angeles,037,10098052,3292650,3278961,183262,3462223,33467
2022-10-09,Madera,039,155013,44068,44029,8278,52307,374
2022-10-09,Marin,041,260295,45413,45190,5328,50518,313
2022-10-09,Mariposa,043,17540,3089,3088,365,3453,31
2022-10-09,Mendocino,045,87422,16037,15992,4519,20511,136
2022-10-09,Merced,047,269075,72512,72236,11869,84105,865
2022-10-09,Modoc,049,8938,880,876,324,1200,11
2022-10-09,Mono,051,14174,3206,3205,258,3463,7
2022-10-09,Monterey,053,433212,94228,94111,21103,115214,766
2022-10-09,Napa,055,140530,32282,32258,1416,33674,160
2022-10-09,Nevada,057,99092,19029,18989,1866,20855,132
2022-10-09,Orange,059,3164182,669210,667297,63046,730343,7452
2022-10-09,Placer,061,380077,76075,75768,9580,85348,660
2022-10-09,Plumas,063,18699,3690,3669,432,4101,13
2022-10-09,Riverside,065,2383286,696789,695315,35399,730714,6567
2022-10-09,Sacramento,067,1510023,347845,346748,34064,380812,3310
2022-10-09,San Benito,069,59416,16304,16188,980,17168,106
2022-10-09,San Bernardino,071,2135413,672504,670906,31065,701971,8116
2022-10-09,San Diego,073,3302833,926670,924672,72315,996987,5498
2022-10-09,San Francisco,075,870044,179889,178943,12098,191041,1045
2022-10-09,San Joaquin,077,732212,198208,197390,14834,212224,2319
2022-10-09,San Luis Obispo,079,281455,63338,63219,7230,70449,524
2022-10-09,San Mateo,081,765935,169200,168413,10669,179082,737
2022-10-09,Santa Barbara,083,443738,106002,105695,6948,112643,725
2022-10-09,Santa Clara,085,1922200,438140,432327,18871,451198,2506
2022-10-09,Santa Cruz,087,273765,63392,63099,3461,66560,273
2022-10-09,Shasta,089,179085,34986,34904,7492,42396,593
2022-10-09,Sierra,091,2930,305,305,60,365,5
2022-10-09,Siskiyou,093,43540,5157,5272,3303,8575,92
2022-10-09,Solano,095,438530,105393,105042,7901,112943,465
2022-10-09,Sonoma,097,501317,107222,106940,5348,112288,520
2022-10-09,Stanislaus,099,539301,138125,137838,21634,159472,1781
2022-10-09,Sutter,101,95872,24334,24326,2470,26796,232
2022-10-09,Tehama,103,63373,13641,13603,3084,16687,210
2022-10-09,Trinity,105,12862,1396,1394,392,1786,20
2022-10-09,Tulare,107,460477,121824,121787,36626,158413,1531
2022-10-09,Tuolumne,109,53932,15587,15558,934,16492,196
2022-10-09,Ventura,111,848112,209139,208632,15863,224495,1567
2022-10-09,Yolo,113,214977,47412,47422,4485,51907,341
2022-10-09,Yuba,115,75493,18930,18914,1729,20643,129
2022-10-08,Alameda,001,1643700,349212,347497,19820,367317,2023
2022-10-08,Alpine,003,1148,135,135,1,136,0
2022-10-08,Amador,005,37829,10010,9999,928,10927,93
2022-10-08,Butte,007,227075,39604,39453,9112,48565,454
2022-10-08,Calaveras,009,45235,8522,8511,560,9071,133
2022-10-08,Colusa,011,21464,3801,3794,1285,5079,22
2022-10-08,Contra Costa,013,1133247,251999,250136,20889,271025,1430
2022-10-08,Del Norte,015,27424,7436,7433,405,7838,56
2022-10-08,El Dorado,017,186661,32388,32320,4300,36620,231
2022-10-08,Fresno,019,978130,275620,274628,31543,306171,2865
2022-10-08,Glenn,021,27897,5531,5510,1872,7382,48
2022-10-08,Humboldt,023,135768,21914,21831,5053,26884,159
2022-10-08,Imperial,025,180216,65671,65532,15941,81473,958
2022-10-08,Inyo,027,18085,4496,4489,993,5482,59
2022-10-08,Kern,029,883053,219669,219191,64066,283257,2418
2022-10-08,Kings,031,150075,59559,59489,4102,63591,458
2022-10-08,Lake,033,64148,12810,12795,1216,14011,147
2022-10-08,Lassen,035,31185,9969,9967,992,10959,65
2022-10-08,Los Angeles,037,10098052,3292088,3278961,183177,3462138,33467
2022-10-08,Madera,039,155013,44063,44029,8278,52307,374
2022-10-08,Marin,041,260295,45393,45190,5323,50513,313
2022-10-08,Mariposa,043,17540,3089,3088,365,3453,31
2022-10-08,Mendocino,045,87422,16037,15992,4519,20511,136
2022-10-08,Merced,047,269075,72503,72236,11868,84104,865
2022-10-08,Modoc,049,8938,878,876,324,1200,11
2022-10-08,Mono,051,14174,3206,3205,258,3463,7
2022-10-08,Monterey,053,433212,94218,94111,21103,115214,766
2022-10-08,Napa,055,140530,32275,32258,1416,33674,160
2022-10-08,Nevada,057,99092,19027,18989,1866,20855,132
2022-10-08,Orange,059,3164182,669095,667297,63044,730341,7452
2022-10-08,Placer,061,380077,76047,75768,9578,85346,660
2022-10-08,Plumas,063,18699,3689,3669,432,4101,13
2022-10-08,Riverside,065,2383286,696693,695315,35399,730714,6567
2022-10-08,Sacramento,067,1510023,347785,346748,34064,380812,3310
2022-10-08,San Benito,069,59416,16301,16188,980,17168,106
2022-10-08,San Bernardino,071,2135413,672428,670906,31063,701969,8116
2022-10-08,San Diego,073,3302833,926537,924672,72300,996972,5498
2022-10-08,San Francisco,075,870044,179841,178943,12098,191041,1045
2022-10-08,San Joaquin,077,732212,198174,197390,14830,212220,2319
2022-10-08,San Luis Obispo,079,281455,63332,63219,7229,70448,524
2022-10-08,San Mateo,081,765935,169150,168413,10669,179082,737
2022-10-08,Santa Barbara,083,443738,105978,105695,6947,112642,725
2022-10-08,Santa Clara,085,1922200,438024,432327,18871,451198,2506
2022-10-08,Santa Cruz,087,273765,63370,63099,3461,66560,273
2022-10-08,Shasta,089,179085,34980,34904,7492,42396,593
2022-10-08,Sierra,091,2930,305,305,60,365,5
2022-10-08,Siskiyou,093,43540,5157,5272,3303,8575,92
2022-10-08,Solano,095,438530,105373,105042,7901,112943,465
2022-10-08,Sonoma,097,501317,107193,106940,5348,112288,520
2022-10-08,Stanislaus,099,539301,138109,137838,21632,159470,1781
2022-10-08,Sutter,101,95872,24331,24326,2470,26796,232
2022-10-08,Tehama,103,63373,13640,13603,3084,16687,210
2022-10-08,Trinity,105,12862,1396,1394,392,1786,20
2022-10-08,Tulare,107,460477,121800,121787,36621,158408,1531
2022-10-08,Tuolumne,109,53932,15582,15558,934,16492,196
2022-10-08,Ventura,111,848112,209106,208632,15863,224495,1567
2022-10-08,Yolo,113,214977,47401,47422,4484,51906,341
2022-10-08,Yuba,115,75493,18927,18914,1729,20643,129
2022-10-07,Alameda,001,1643700,349094,347497,19820,367317,2023
2022-10-07,Alpine,003,1148,135,135,1,136,0
2022-10-07,Amador,005,37829,10008,9999,928,10927,93
2022-10-07,Butte,007,227075,39603,39453,9112,48565,454
2022-10-07,Calaveras,009,45235,8521,8511,560,9071,133
2022-10-07,Colusa,011,21464,3801,3794,1284,5078,22
2022-10-07,Contra Costa,013,1133247,251920,250136,20889,271025,1430
2022-10-07,Del Norte,015,27424,7436,7433,405,7838,56
2022-10-07,El Dorado,017,186661,32379,32320,4300,36620,231
2022-10-07,Fresno,019,978130,275590,274628,31543,306171,2865
2022-10-07,Glenn,021,27897,5530,5510,1871,7381,48
2022-10-07,Humboldt,023,135768,21909,21831,5049,26880,159
2022-10-07,Imperial,025,180216,65659,65532,15935,81467,958
2022-10-07,Inyo,027,18085,4494,4489,993,5482,59
2022-10-07,Kern,029,883053,219639,219191,64039,283230,2418
2022-10-07,Kings,031,150075,59551,59489,4102,63591,458
2022-10-07,Lake,033,64148,12806,12795,1216,14011,147
2022-10-07,Lassen,035,31185,9969,9967,992,10959,65
2022-10-07,Los Angeles,037,10098052,3291472,3278961,183076,3462037,33467
2022-10-07,Madera,039,155013,44060,44029,8278,52307,374
2022-10-07,Marin,041,260295,45374,45190,5323,50513,313
2022-10-07,Mariposa,043,17540,3086,3088,365,3453,31
2022-10-07,Mendocino,045,87422,16033,15992,4519,20511,136
2022-10-07,Merced,047,269075,72497,72236,11867,84103,865
2022-10-07,Modoc,049,8938,878,876,324,1200,11
2022-10-07,Mono,051,14174,3205,3205,258,3463,7
2022-10-07,Monterey,053,433212,94203,94111,21102,115213,766
2022-10-07,Napa,055,140530,32267,32258,1416,33674,160
2022-10-07,Nevada,057,99092,19026,18989,1866,20855,132
2022-10-07,Orange,059,3164182,668977,667297,63042,730339,7452
2022-10-07,Placer,061,380077,76028,75768,9576,85344,660
2022-10-07,Plumas,063,18699,3686,3669,432,4101,13
2022-10-07,Riverside,065,2383286,696606,695315,35399,730714,6567
2022-10-07,Sacramento,067,1510023,347701,346748,34063,380811,3310
2022-10-07,San Benito,069,59416,16299,16188,980,17168,106
2022-10-07,San Bernardino,071,2135413,672345,670906,31063,701969,8116
2022-10-07,San Diego,073,3302833,926364,924672,72282,996954,5498
2022-10-07,San Francisco,075,870044,179780,178943,12098,191041,1045
2022-10-07,San Joaquin,077,732212,198140,197390,14830,212220,2319
2022-10-07,San Luis Obispo,079,281455,63320,63219,7228,70447,524
2022-10-07,San Mateo,081,765935,169081,168413,10669,179082,737
2022-10-07,Santa Barbara,083,443738,105953,105695,6947,112642,725
2022-10-07,Santa Clara,085,1922200,437895,432327,18871,451198,2506
2022-10-07,Santa Cruz,087,273765,63338,63099,3460,66559,273
2022-10-07,Shasta,089,179085,34974,34904,7491,42395,593
2022-10-07,Sierra,091,2930,305,305,60,365,5
2022-10-07,Siskiyou,093,43540,5156,5272,3303,8575,92
2022-10-07,Solano,095,438530,105344,105042,7900,112942,465
2022-10-07,Sonoma,097,501317,107166,106940,5347,112287,520
2022-10-07,Stanislaus,099,539301,138091,137838,21631,159469,1781
2022-10-07,Sutter,101,95872,24324,24326,2470,26796,232
2022-10-07,Tehama,103,63373,13640,13603,3084,16687,210
2022-10-07,Trinity,105,12862,1395,1394,392,1786,20
2022-10-07,Tulare,107,460477,121785,121787,36609,158396,1531
2022-10-07,Tuolumne,109,53932,15578,15558,934,16492,196
2022-10-07,Ventura,111,848112,209065,208632,15863,224495,1567
2022-10-07,Yolo,113,214977,47394,47422,4480,51902,341
2022-10-07,Yuba,115,75493,18927,18914,1729,20643,129
2022-10-06,Alameda,001,1643700,348956,347497,19820,367317,2023
2022-10-06,Alpine,003,1148,135,135,1,136,0
2022-10-06,Amador,005,37829,10006,9999,928,10927,93
2022-10-06,Butte,007,227075,39594,39453,9111,48564,454
2022-10-06,Calaveras,009,45235,8519,8511,560,9071,133
2022-10-06,Colusa,011,21464,3801,3794,1284,5078,22
2022-10-06,Contra Costa,013,1133247,251830,250136,20889,271025,1430
2022-10-06,Del Norte,015,27424,7434,7433,405,7838,56
2022-10-06,El Dorado,017,186661,32369,32320,4299,36619,231
2022-10-06,Fresno,019,978130,275542,274628,31543,306171,2865
2022-10-06,Glenn,021,27897,5529,5510,1870,7380,48
2022-10-06,Humboldt,023,135768,21898,21831,5045,26876,159
2022-10-06,Imperial,025,180216,65636,65532,15926,81458,958
2022-10-06,Inyo,027,18085,4494,4489,993,5482,59
2022-10-06,Kern,029,883053,219608,219191,64018,283209,2418
2022-10-06,Kings,031,150075,59537,59489,4102,63591,458
2022-10-06,Lake,033,64148,12805,12795,1216,14011,147
2022-10-06,Lassen,035,31185,9969,9967,992,10959,65
2022-10-06,Los Angeles,037,10098052,3290624,3278961,182934,3461895,33467
2022-10-06,Madera,039,155013,44051,44029,8278,52307,374
2022-10-06,Marin,041,260295,45356,45190,5322,50512,313
2022-10-06,Mariposa,043,17540,3086,3088,365,3453,31
2022-10-06,Mendocino,045,87422,16032,15992,4519,20511,136
2022-10-06,Merced,047,269075,72485,72236,11867,84103,865
2022-10-06,Modoc,049,8938,877,876,324,1200,11
2022-10-06,Mono,051,14174,3205,3205,258,3463,7
2022-10-06,Monterey,053,433212,94194,94111,21101,115212,766
2022-10-06,Napa,055,140530,32260,32258,1416,33674,160
2022-10-06,Nevada,057,99092,19020,18989,1866,20855,132
2022-10-06,Orange,059,3164182,668783,667297,63034,730331,7452
2022-10-06,Placer,061,380077,76003,75768,9574,85342,660
2022-10-06,Plumas,063,18699,3684,3669,432,4101,13
2022-10-06,Riverside,065,2383286,696475,695315,35398,730713,6567
2022-10-06,Sacramento,067,1510023,347583,346748,34062,380810,3310
2022-10-06,San Benito,069,59416,16296,16188,979,17167,106
2022-10-06,San Bernardino,071,2135413,672212,670906,31060,701966,8116
2022-10-06,San Diego,073,3302833,926114,924672,72232,996904,5498
2022-10-06,San Francisco,075,870044,179700,178943,12098,191041,1045
2022-10-06,San Joaquin,077,732212,198089,197390,14826,212216,2319
2022-10-06,San Luis Obispo,079,281455,63302,63219,7227,70446,524
2022-10-06,San Mateo,081,765935,169016,168413,10668,179081,737
2022-10-06,Santa Barbara,083,443738,105928,105695,6947,112642,725
2022-10-06,Santa Clara,085,1922200,437731,432327,18871,451198,2506
2022-10-06,Santa Cruz,087,273765,63299,63099,3460,66559,273
2022-10-06,Shasta,089,179085,34963,34904,7491,42395,593
2022-10-06,Sierra,091,2930,305,305,60,365,5
2022-10-06,Siskiyou,093,43540,5154,5272,3303,8575,92
2022-10-06,Solano,095,438530,105314,105042,7900,112942,465
2022-10-06,Sonoma,097,501317,107141,106940,5346,112286,520
2022-10-06,Stanislaus,099,539301,138062,137838,21629,159467,1781
2022-10-06,Sutter,101,95872,24315,24326,2470,26796,232
2022-10-06,Tehama,103,63373,13634,13603,3084,16687,210
2022-10-06,Trinity,105,12862,1395,1394,392,1786,20
2022-10-06,Tulare,107,460477,121768,121787,36604,158391,1531
2022-10-06,Tuolumne,109,53932,15575,15558,934,16492,196
2022-10-06,Ventura,111,848112,209005,208632,15862,224494,1567
2022-10-06,Yolo,113,214977,47383,47422,4477,51899,341
2022-10-06,Yuba,115,75493,18926,18914,1729,20643,129
2022-10-05,Alameda,001,1643700,348799,347497,19819,367316,2023
2022-10-05,Alpine,003,1148,135,135,1,136,0
2022-10-05,Amador,005,37829,10004,9999,928,10927,93
2022-10-05,Butte,007,227075,39587,39453,9111,48564,454
2022-10-05,Calaveras,009,45235,8517,8511,560,9071,133
2022-10-05,Colusa,011,21464,3800,3794,1284,5078,22
2022-10-05,Contra Costa,013,1133247,251740,250136,20888,271024,1430
2022-10-05,Del Norte,015,27424,7431,7433,405,7838,56
2022-10-05,El Dorado,017,186661,32354,32320,4299,36619,231
2022-10-05,Fresno,019,978130,275473,274628,31543,306171,2865
2022-10-05,Glenn,021,27897,5529,5510,1869,7379,48
2022-10-05,Humboldt,023,135768,21884,21831,5044,26875,159
2022-10-05,Imperial,025,180216,65612,65532,15911,81443,958
2022-10-05,Inyo,027,18085,4494,4489,993,5482,59
2022-10-05,Kern,029,883053,219561,219191,63985,283176,2418
2022-10-05,Kings,031,150075,59528,59489,4101,63590,458
2022-10-05,Lake,033,64148,12803,12795,1216,14011,147
2022-10-05,Lassen,035,31185,9969,9967,992,10959,65
2022-10-05,Los Angeles,037,10098052,3289791,3278961,182787,3461748,33467
2022-10-05,Madera,039,155013,44043,44029,8278,52307,374
2022-10-05,Marin,041,260295,45331,45190,5318,50508,313
2022-10-05,Mariposa,043,17540,3085,3088,365,3453,31
2022-10-05,Mendocino,045,87422,16030,15992,4519,20511,136
2022-10-05,Merced,047,269075,72473,72236,11865,84101,865
2022-10-05,Modoc,049,8938,877,876,324,1200,11
2022-10-05,Mono,051,14174,3205,3205,258,3463,7
2022-10-05,Monterey,053,433212,94180,94111,21101,115212,766
2022-10-05,Napa,055,140530,32251,32258,1416,33674,160
2022-10-05,Nevada,057,99092,19012,18989,1866,20855,132
2022-10-05,Orange,059,3164182,668604,667297,63028,730325,7452
2022-10-05,Placer,061,380077,75979,75768,9572,85340,660
2022-10-05,Plumas,063,18699,3681,3669,432,4101,13
2022-10-05,Riverside,065,2383286,696332,695315,35396,730711,6567
2022-10-05,Sacramento,067,1510023,347487,346748,34062,380810,3310
2022-10-05,San Benito,069,59416,16293,16188,979,17167,106
2022-10-05,San Bernardino,071,2135413,672056,670906,31060,701966,8116
2022-10-05,San Diego,073,3302833,925889,924672,72207,996879,5498
2022-10-05,San Francisco,075,870044,179603,178943,12098,191041,1045
2022-10-05,San Joaquin,077,732212,198046,197390,14822,212212,2319
2022-10-05,San Luis Obispo,079,281455,63298,63219,7227,70446,524
2022-10-05,San Mateo,081,765935,168938,168413,10668,179081,737
2022-10-05,Santa Barbara,083,443738,105900,105695,6947,112642,725
2022-10-05,Santa Clara,085,1922200,437555,432327,18870,451197,2506
2022-10-05,Santa Cruz,087,273765,63267,63099,3460,66559,273
2022-10-05,Shasta,089,179085,34956,34904,7491,42395,593
2022-10-05,Sierra,091,2930,305,305,60,365,5
2022-10-05,Siskiyou,093,43540,5149,5272,3303,8575,92
2022-10-05,Solano,095,438530,105279,105042,7900,112942,465
2022-10-05,Sonoma,097,501317,107109,106940,5346,112286,520
2022-10-05,Stanislaus,099,539301,138033,137838,21626,159464,1781
2022-10-05,Sutter,101,95872,24312,24326,2470,26796,232
2022-10-05,Tehama,103,63373,13630,13603,3084,16687,210
2022-10-05,Trinity,105,12862,1395,1394,392,1786,20
2022-10-05,Tulare,107,460477,121751,121787,36584,158371,1531
2022-10-05,Tuolumne,109,53932,15569,15558,934,16492,196
2022-10-05,Ventura,111,848112,208947,208632,15862,224494,1567
2022-10-05,Yolo,113,214977,47366,47422,4475,51897,341
2022-10-05,Yuba,115,75493,18921,18914,1727,20641,129
2022-10-04,Alameda,001,1643700,348660,347497,19818,367315,2023
2022-10-04,Alpine,003,1148,135,135,1,136,0
2022-10-04,Amador,005,37829,10002,9999,928,10927,93
2022-10-04,Butte,007,227075,39575,39453,9110,48563,454
2022-10-04,Calaveras,009,45235,8516,8511,560,9071,133
2022-10-04,Colusa,011,21464,3800,3794,1284,5078,22
2022-10-04,Contra Costa,013,1133247,251660,250136,20888,271024,1430
2022-10-04,Del Norte,015,27424,7429,7433,405,7838,56
2022-10-04,El Dorado,017,186661,32348,32320,4299,36619,231
2022-10-04,Fresno,019,978130,275414,274628,31543,306171,2865
2022-10-04,Glenn,021,27897,5528,5510,1869,7379,48
2022-10-04,Humboldt,023,135768,21872,21831,5044,26875,159
2022-10-04,Imperial,025,180216,65579,65532,15894,81426,958
2022-10-04,Inyo,027,18085,4493,4489,992,5481,59
2022-10-04,Kern,029,883053,219503,219191,63947,283138,2418
2022-10-04,Kings,031,150075,59513,59489,4101,63590,458
2022-10-04,Lake,033,64148,12798,12795,1216,14011,147
2022-10-04,Lassen,035,31185,9968,9967,992,10959,65
2022-10-04,Los Angeles,037,10098052,3288899,3278961,182626,3461587,33467
2022-10-04,Madera,039,155013,44031,44029,8278,52307,374
2022-10-04,Marin,041,260295,45301,45190,5318,50508,313
2022-10-04,Mariposa,043,17540,3085,3088,365,3453,31
2022-10-04,Mendocino,045,87422,16028,15992,4519,20511,136
2022-10-04,Merced,047,269075,72454,72236,11865,84101,865
2022-10-04,Modoc,049,8938,877,876,324,1200,11
2022-10-04,Mono,051,14174,3205,3205,258,3463,7
2022-10-04,Monterey,053,433212,94167,94111,21101,115212,766
2022-10-04,Napa,055,140530,32247,32258,1416,33674,160
2022-10-04,Nevada,057,99092,19010,18989,1866,20855,132
2022-10-04,Orange,059,3164182,668396,667297,63010,730307,7452
2022-10-04,Placer,061,380077,75946,75768,9569,85337,660
2022-10-04,Plumas,063,18699,3675,3669,432,4101,13
2022-10-04,Riverside,065,2383286,696175,695315,35395,730710,6567
2022-10-04,Sacramento,067,1510023,347369,346748,34058,380806,3310
2022-10-04,San Benito,069,59416,16281,16188,978,17166,106
2022-10-04,San Bernardino,071,2135413,671907,670906,31058,701964,8116
2022-10-04,San Diego,073,3302833,925557,924672,72156,996828,5498
2022-10-04,San Francisco,075,870044,179511,178943,12098,191041,1045
2022-10-04,San Joaquin,077,732212,198004,197390,14820,212210,2319
2022-10-04,San Luis Obispo,079,281455,63282,63219,7223,70442,524
2022-10-04,San Mateo,081,765935,168853,168413,10668,179081,737
2022-10-04,Santa Barbara,083,443738,105871,105695,6947,112642,725
2022-10-04,Santa Clara,085,1922200,437366,432327,18870,451197,2506
2022-10-04,Santa Cruz,087,273765,63231,63099,3460,66559,273
2022-10-04,Shasta,089,179085,34943,34904,7491,42395,593
2022-10-04,Sierra,091,2930,305,305,60,365,5
2022-10-04,Siskiyou,093,43540,5148,5272,3303,8575,92
2022-10-04,Solano,095,438530,105233,105042,7900,112942,465
2022-10-04,Sonoma,097,501317,107074,106940,5345,112285,520
2022-10-04,Stanislaus,099,539301,138006,137838,21624,159462,1781
2022-10-04,Sutter,101,95872,24302,24326,2470,26796,232
2022-10-04,Tehama,103,63373,13628,13603,3084,16687,210
2022-10-04,Trinity,105,12862,1395,1394,392,1786,20
2022-10-04,Tulare,107,460477,121727,121787,36574,158361,1531
2022-10-04,Tuolumne,109,53932,15568,15558,934,16492,196
2022-10-04,Ventura,111,848112,208883,208632,15862,224494,1567
2022-10-04,Yolo,113,214977,47350,47422,4472,51894,341
2022-10-04,Yuba,115,75493,18916,18914,1725,20639,129
2022-10-03,Alameda,001,1643700,348478,346369,19818,366187,2020
2022-10-03,Alpine,003,1148,135,134,1,135,0
2022-10-03,Amador,005,37829,10000,9987,928,10915,90
2022-10-03,Butte,007,227075,39560,39378,9109,48487,454
2022-10-03,Calaveras,009,45235,8515,8497,560,9057,133
2022-10-03,Colusa,011,21464,3800,3782,1283,5065,22
2022-10-03,Contra Costa,013,1133247,251554,249273,20888,270161,1426
2022-10-03,Del Norte,015,27424,7428,7421,405,7826,56
2022-10-03,El Dorado,017,186661,32340,32238,4299,36537,231
2022-10-03,Fresno,019,978130,275358,274028,31543,305571,2859
2022-10-03,Glenn,021,27897,5528,5509,1869,7378,48
2022-10-03,Humboldt,023,135768,21858,21744,5044,26788,157
2022-10-03,Imperial,025,180216,65562,65425,15877,81302,958
2022-10-03,Inyo,027,18085,4492,4483,990,5473,59
2022-10-03,Kern,029,883053,219450,218846,63903,282749,2417
2022-10-03,Kings,031,150075,59495,59394,4101,63495,459
2022-10-03,Lake,033,64148,12794,12761,1216,13977,147
2022-10-03,Lassen,035,31185,9966,9962,992,10954,65
2022-10-03,Los Angeles,037,10098052,3287863,3271661,182472,3454133,33336
2022-10-03,Madera,039,155013,44023,43953,8278,52231,374
2022-10-03,Marin,041,260295,45273,45002,5317,50319,310
2022-10-03,Mariposa,043,17540,3085,3079,365,3444,31
2022-10-03,Mendocino,045,87422,16022,15950,4519,20469,136
2022-10-03,Merced,047,269075,72442,72117,11865,83982,863
2022-10-03,Modoc,049,8938,875,873,324,1197,11
2022-10-03,Mono,051,14174,3205,3201,258,3459,7
2022-10-03,Monterey,053,433212,94154,93991,21101,115092,766
2022-10-03,Napa,055,140530,32232,32171,1416,33587,160
2022-10-03,Nevada,057,99092,19004,18923,1865,20788,132
2022-10-03,Orange,059,3164182,668175,665825,63000,728825,7435
2022-10-03,Placer,061,380077,75925,75573,9567,85140,661
2022-10-03,Plumas,063,18699,3674,3645,432,4077,13
2022-10-03,Riverside,065,2383286,696008,694250,35394,729644,6543
2022-10-03,Sacramento,067,1510023,347227,345905,34057,379962,3294
2022-10-03,San Benito,069,59416,16274,16152,978,17130,106
2022-10-03,San Bernardino,071,2135413,671732,668798,31051,699849,8106
2022-10-03,San Diego,073,3302833,925237,922323,72112,994435,5491
2022-10-03,San Francisco,075,870044,179402,178486,12096,190582,1043
2022-10-03,San Joaquin,077,732212,197940,197009,14819,211828,2319
2022-10-03,San Luis Obispo,079,281455,63267,63060,7223,70283,524
2022-10-03,San Mateo,081,765935,168772,167790,10668,178458,736
2022-10-03,Santa Barbara,083,443738,105831,105437,6946,112383,722
2022-10-03,Santa Clara,085,1922200,437147,430899,18870,449769,2494
2022-10-03,Santa Cruz,087,273765,63185,62866,3460,66326,273
2022-10-03,Shasta,089,179085,34936,34849,7491,42340,592
2022-10-03,Sierra,091,2930,305,304,60,364,5
2022-10-03,Siskiyou,093,43540,5148,5261,3303,8564,91
2022-10-03,Solano,095,438530,105177,104704,7900,112604,464
2022-10-03,Sonoma,097,501317,107033,106624,5342,111966,519
2022-10-03,Stanislaus,099,539301,137971,137589,21620,159209,1780
2022-10-03,Sutter,101,95872,24300,24265,2470,26735,232
2022-10-03,Tehama,103,63373,13625,13564,3084,16648,210
2022-10-03,Trinity,105,12862,1395,1392,392,1784,20
2022-10-03,Tulare,107,460477,121708,121589,36554,158143,1531
2022-10-03,Tuolumne,109,53932,15565,15516,934,16450,196
2022-10-03,Ventura,111,848112,208813,208124,15859,223983,1565
2022-10-03,Yolo,113,214977,47333,47279,4467,51746,341
2022-10-03,Yuba,115,75493,18912,18881,1721,20602,132
2022-10-02,Alameda,001,1643700,348275,346369,19816,366185,2020
2022-10-02,Alpine,003,1148,135,134,1,135,0
2022-10-02,Amador,005,37829,10000,9987,928,10915,90
2022-10-02,Butte,007,227075,39548,39378,9109,48487,454
2022-10-02,Calaveras,009,45235,8511,8497,560,9057,133
2022-10-02,Colusa,011,21464,3798,3782,1283,5065,22
2022-10-02,Contra Costa,013,1133247,251452,249273,20887,270160,1426
2022-10-02,Del Norte,015,27424,7425,7421,405,7826,56
2022-10-02,El Dorado,017,186661,32329,32238,4298,36536,231
2022-10-02,Fresno,019,978130,275283,274028,31542,305570,2859
2022-10-02,Glenn,021,27897,5525,5509,1869,7378,48
2022-10-02,Humboldt,023,135768,21841,21744,5039,26783,157
2022-10-02,Imperial,025,180216,65528,65425,15854,81279,958
2022-10-02,Inyo,027,18085,4492,4483,990,5473,59
2022-10-02,Kern,029,883053,219401,218846,63864,282710,2417
2022-10-02,Kings,031,150075,59480,59394,4101,63495,459
2022-10-02,Lake,033,64148,12790,12761,1216,13977,147
2022-10-02,Lassen,035,31185,9965,9962,992,10954,65
2022-10-02,Los Angeles,037,10098052,3286719,3271661,182316,3453977,33336
2022-10-02,Madera,039,155013,44015,43953,8278,52231,374
2022-10-02,Marin,041,260295,45242,45002,5315,50317,310
2022-10-02,Mariposa,043,17540,3085,3079,365,3444,31
2022-10-02,Mendocino,045,87422,16015,15950,4519,20469,136
2022-10-02,Merced,047,269075,72416,72117,11863,83980,863
2022-10-02,Modoc,049,8938,875,873,324,1197,11
2022-10-02,Mono,051,14174,3205,3201,258,3459,7
2022-10-02,Monterey,053,433212,94138,93991,21100,115091,766
2022-10-02,Napa,055,140530,32221,32171,1414,33585,160
2022-10-02,Nevada,057,99092,19000,18923,1865,20788,132
2022-10-02,Orange,059,3164182,667909,665825,62995,728820,7435
2022-10-02,Placer,061,380077,75899,75573,9566,85139,661
2022-10-02,Plumas,063,18699,3670,3645,432,4077,13
2022-10-02,Riverside,065,2383286,695817,694250,35394,729644,6543
2022-10-02,Sacramento,067,1510023,347055,345905,34052,379957,3294
2022-10-02,San Benito,069,59416,16270,16152,978,17130,106
2022-10-02,San Bernardino,071,2135413,671503,668798,31043,699841,8106
2022-10-02,San Diego,073,3302833,924866,922323,72063,994386,5491
2022-10-02,San Francisco,075,870044,179275,178486,12095,190581,1043
2022-10-02,San Joaquin,077,732212,197867,197009,14817,211826,2319
2022-10-02,San Luis Obispo,079,281455,63232,63060,7221,70281,524
2022-10-02,San Mateo,081,765935,168654,167790,10668,178458,736
2022-10-02,Santa Barbara,083,443738,105784,105437,6945,112382,722
2022-10-02,Santa Clara,085,1922200,436931,430899,18870,449769,2494
2022-10-02,Santa Cruz,087,273765,63148,62866,3460,66326,273
2022-10-02,Shasta,089,179085,34922,34849,7491,42340,592
2022-10-02,Sierra,091,2930,305,304,60,364,5
2022-10-02,Siskiyou,093,43540,5148,5261,3303,8564,91
2022-10-02,Solano,095,438530,105116,104704,7900,112604,464
2022-10-02,Sonoma,097,501317,106983,106624,5342,111966,519
2022-10-02,Stanislaus,099,539301,137938,137589,21616,159205,1780
2022-10-02,Sutter,101,95872,24290,24265,2470,26735,232
2022-10-02,Tehama,103,63373,13620,13564,3084,16648,210
2022-10-02,Trinity,105,12862,1395,1392,392,1784,20
2022-10-02,Tulare,107,460477,121684,121589,36535,158124,1531
2022-10-02,Tuolumne,109,53932,15562,15516,934,16450,196
2022-10-02,Ventura,111,848112,208735,208124,15859,223983,1565
2022-10-02,Yolo,113,214977,47321,47279,4463,51742,341
2022-10-02,Yuba,115,75493,18906,18881,1719,20600,132
2022-10-01,Alameda,001,1643700,348160,346369,19816,366185,2020
2022-10-01,Alpine,003,1148,135,134,1,135,0
2022-10-01,Amador,005,37829,9998,9987,928,10915,90
2022-10-01,Butte,007,227075,39539,39378,9103,48481,454
2022-10-01,Calaveras,009,45235,8511,8497,560,9057,133
2022-10-01,Colusa,011,21464,3798,3782,1281,5063,22
2022-10-01,Contra Costa,013,1133247,251378,249273,20887,270160,1426
2022-10-01,Del Norte,015,27424,7423,7421,405,7826,56
2022-10-01,El Dorado,017,186661,32323,32238,4298,36536,231
2022-10-01,Fresno,019,978130,275252,274028,31542,305570,2859
2022-10-01,Glenn,021,27897,5524,5509,1869,7378,48
2022-10-01,Humboldt,023,135768,21838,21744,5038,26782,157
2022-10-01,Imperial,025,180216,65511,65425,15844,81269,958
2022-10-01,Inyo,027,18085,4492,4483,990,5473,59
2022-10-01,Kern,029,883053,219384,218846,63835,282681,2417
2022-10-01,Kings,031,150075,59471,59394,4101,63495,459
2022-10-01,Lake,033,64148,12787,12761,1216,13977,147
2022-10-01,Lassen,035,31185,9963,9962,992,10954,65
2022-10-01,Los Angeles,037,10098052,3286092,3271661,182210,3453871,33336
2022-10-01,Madera,039,155013,44011,43953,8278,52231,374
2022-10-01,Marin,041,260295,45219,45002,5315,50317,310
2022-10-01,Mariposa,043,17540,3085,3079,365,3444,31
2022-10-01,Mendocino,045,87422,16008,15950,4519,20469,136
2022-10-01,Merced,047,269075,72408,72117,11863,83980,863
2022-10-01,Modoc,049,8938,875,873,324,1197,11
2022-10-01,Mono,051,14174,3205,3201,258,3459,7
2022-10-01,Monterey,053,433212,94125,93991,21099,115090,766
2022-10-01,Napa,055,140530,32216,32171,1414,33585,160
2022-10-01,Nevada,057,99092,18997,18923,1865,20788,132
2022-10-01,Orange,059,3164182,667767,665825,62991,728816,7435
2022-10-01,Placer,061,380077,75872,75573,9565,85138,661
2022-10-01,Plumas,063,18699,3669,3645,432,4077,13
2022-10-01,Riverside,065,2383286,695697,694250,35392,729642,6543
2022-10-01,Sacramento,067,1510023,346986,345905,34052,379957,3294
2022-10-01,San Benito,069,59416,16263,16152,978,17130,106
2022-10-01,San Bernardino,071,2135413,671404,668798,31040,699838,8106
2022-10-01,San Diego,073,3302833,924748,922323,72033,994356,5491
2022-10-01,San Francisco,075,870044,179220,178486,12094,190580,1043
2022-10-01,San Joaquin,077,732212,197836,197009,14812,211821,2319
2022-10-01,San Luis Obispo,079,281455,63222,63060,7219,70279,524
2022-10-01,San Mateo,081,765935,168610,167790,10668,178458,736
2022-10-01,Santa Barbara,083,443738,105754,105437,6945,112382,722
2022-10-01,Santa Clara,085,1922200,436760,430899,18870,449769,2494
2022-10-01,Santa Cruz,087,273765,63134,62866,3459,66325,273
2022-10-01,Shasta,089,179085,34916,34849,7491,42340,592
2022-10-01,Sierra,091,2930,305,304,60,364,5
2022-10-01,Siskiyou,093,43540,5146,5261,3303,8564,91
2022-10-01,Solano,095,438530,105108,104704,7900,112604,464
2022-10-01,Sonoma,097,501317,106957,106624,5342,111966,519
2022-10-01,Stanislaus,099,539301,137916,137589,21614,159203,1780
2022-10-01,Sutter,101,95872,24285,24265,2470,26735,232
2022-10-01,Tehama,103,63373,13618,13564,3084,16648,210
2022-10-01,Trinity,105,12862,1395,1392,392,1784,20
2022-10-01,Tulare,107,460477,121677,121589,36519,158108,1531
2022-10-01,Tuolumne,109,53932,15560,15516,934,16450,196
2022-10-01,Ventura,111,848112,208690,208124,15859,223983,1565
2022-10-01,Yolo,113,214977,47311,47279,4461,51740,341
2022-10-01,Yuba,115,75493,18899,18881,1719,20600,132
2022-09-30,Alameda,001,1643700,348045,346369,19814,366183,2020
2022-09-30,Alpine,003,1148,135,134,1,135,0
2022-09-30,Amador,005,37829,9996,9987,928,10915,90
2022-09-30,Butte,007,227075,39529,39378,9102,48480,454
2022-09-30,Calaveras,009,45235,8508,8497,560,9057,133
2022-09-30,Colusa,011,21464,3797,3782,1280,5062,22
2022-09-30,Contra Costa,013,1133247,251293,249273,20887,270160,1426
2022-09-30,Del Norte,015,27424,7422,7421,405,7826,56
2022-09-30,El Dorado,017,186661,32314,32238,4297,36535,231
2022-09-30,Fresno,019,978130,275209,274028,31539,305567,2859
2022-09-30,Glenn,021,27897,5523,5509,1869,7378,48
2022-09-30,Humboldt,023,135768,21824,21744,5038,26782,157
2022-09-30,Imperial,025,180216,65501,65425,15836,81261,958
2022-09-30,Inyo,027,18085,4491,4483,990,5473,59
2022-09-30,Kern,029,883053,219366,218846,63806,282652,2417
2022-09-30,Kings,031,150075,59465,59394,4101,63495,459
2022-09-30,Lake,033,64148,12784,12761,1216,13977,147
2022-09-30,Lassen,035,31185,9963,9962,992,10954,65
2022-09-30,Los Angeles,037,10098052,3285352,3271661,182098,3453759,33336
2022-09-30,Madera,039,155013,44005,43953,8278,52231,374
2022-09-30,Marin,041,260295,45196,45002,5315,50317,310
2022-09-30,Mariposa,043,17540,3084,3079,365,3444,31
2022-09-30,Mendocino,045,87422,16000,15950,4519,20469,136
2022-09-30,Merced,047,269075,72396,72117,11863,83980,863
2022-09-30,Modoc,049,8938,875,873,324,1197,11
2022-09-30,Mono,051,14174,3205,3201,258,3459,7
2022-09-30,Monterey,053,433212,94106,93991,21097,115088,766
2022-09-30,Napa,055,140530,32205,32171,1414,33585,160
2022-09-30,Nevada,057,99092,18992,18923,1865,20788,132
2022-09-30,Orange,059,3164182,667630,665825,62990,728815,7435
2022-09-30,Placer,061,380077,75855,75573,9564,85137,661
2022-09-30,Plumas,063,18699,3668,3645,432,4077,13
2022-09-30,Riverside,065,2383286,695585,694250,35392,729642,6543
2022-09-30,Sacramento,067,1510023,346903,345905,34052,379957,3294
2022-09-30,San Benito,069,59416,16260,16152,978,17130,106
2022-09-30,San Bernardino,071,2135413,671285,668798,31037,699835,8106
2022-09-30,San Diego,073,3302833,924531,922323,72006,994329,5491
2022-09-30,San Francisco,075,870044,179156,178486,12093,190579,1043
2022-09-30,San Joaquin,077,732212,197802,197009,14811,211820,2319
2022-09-30,San Luis Obispo,079,281455,63217,63060,7216,70276,524
2022-09-30,San Mateo,081,765935,168547,167790,10668,178458,736
2022-09-30,Santa Barbara,083,443738,105729,105437,6945,112382,722
2022-09-30,Santa Clara,085,1922200,436582,430899,18870,449769,2494
2022-09-30,Santa Cruz,087,273765,63112,62866,3459,66325,273
2022-09-30,Shasta,089,179085,34913,34849,7491,42340,592
2022-09-30,Sierra,091,2930,305,304,60,364,5
2022-09-30,Siskiyou,093,43540,5145,5261,3303,8564,91
2022-09-30,Solano,095,438530,105078,104704,7900,112604,464
2022-09-30,Sonoma,097,501317,106923,106624,5342,111966,519
2022-09-30,Stanislaus,099,539301,137896,137589,21612,159201,1780
2022-09-30,Sutter,101,95872,24283,24265,2470,26735,232
2022-09-30,Tehama,103,63373,13616,13564,3084,16648,210
2022-09-30,Trinity,105,12862,1394,1392,392,1784,20
2022-09-30,Tulare,107,460477,121657,121589,36506,158095,1531
2022-09-30,Tuolumne,109,53932,15557,15516,934,16450,196
2022-09-30,Ventura,111,848112,208638,208124,15859,223983,1565
2022-09-30,Yolo,113,214977,47300,47279,4461,51740,341
2022-09-30,Yuba,115,75493,18894,18881,1719,20600,132
2022-09-29,Alameda,001,1643700,347882,346369,19813,366182,2020
2022-09-29,Alpine,003,1148,135,134,1,135,0
2022-09-29,Amador,005,37829,9993,9987,928,10915,90
2022-09-29,Butte,007,227075,39524,39378,9102,48480,454
2022-09-29,Calaveras,009,45235,8503,8497,560,9057,133
2022-09-29,Colusa,011,21464,3796,3782,1280,5062,22
2022-09-29,Contra Costa,013,1133247,251196,249273,20887,270160,1426
2022-09-29,Del Norte,015,27424,7419,7421,405,7826,56
2022-09-29,El Dorado,017,186661,32303,32238,4294,36532,231
2022-09-29,Fresno,019,978130,275117,274028,31537,305565,2859
2022-09-29,Glenn,021,27897,5523,5509,1869,7378,48
2022-09-29,Humboldt,023,135768,21812,21744,5038,26782,157
2022-09-29,Imperial,025,180216,65481,65425,15824,81249,958
2022-09-29,Inyo,027,18085,4491,4483,990,5473,59
2022-09-29,Kern,029,883053,219335,218846,63770,282616,2417
2022-09-29,Kings,031,150075,59458,59394,4101,63495,459
2022-09-29,Lake,033,64148,12780,12761,1216,13977,147
2022-09-29,Lassen,035,31185,9962,9962,992,10954,65
2022-09-29,Los Angeles,037,10098052,3284364,3271661,181989,3453650,33336
2022-09-29,Madera,039,155013,43995,43953,8278,52231,374
2022-09-29,Marin,041,260295,45172,45002,5312,50314,310
2022-09-29,Mariposa,043,17540,3082,3079,365,3444,31
2022-09-29,Mendocino,045,87422,15996,15950,4519,20469,136
2022-09-29,Merced,047,269075,72381,72117,11863,83980,863
2022-09-29,Modoc,049,8938,875,873,324,1197,11
2022-09-29,Mono,051,14174,3204,3201,258,3459,7
2022-09-29,Monterey,053,433212,94095,93991,21097,115088,766
2022-09-29,Napa,055,140530,32194,32171,1414,33585,160
2022-09-29,Nevada,057,99092,18982,18923,1865,20788,132
2022-09-29,Orange,059,3164182,667405,665825,62982,728807,7435
2022-09-29,Placer,061,380077,75832,75573,9556,85129,661
2022-09-29,Plumas,063,18699,3667,3645,432,4077,13
2022-09-29,Riverside,065,2383286,695434,694250,35391,729641,6543
2022-09-29,Sacramento,067,1510023,346765,345905,34049,379954,3294
2022-09-29,San Benito,069,59416,16256,16152,977,17129,106
2022-09-29,San Bernardino,071,2135413,671141,668798,31036,699834,8106
2022-09-29,San Diego,073,3302833,924284,922323,71975,994298,5491
2022-09-29,San Francisco,075,870044,179070,178486,12091,190577,1043
2022-09-29,San Joaquin,077,732212,197759,197009,14805,211814,2319
2022-09-29,San Luis Obispo,079,281455,63199,63060,7213,70273,524
2022-09-29,San Mateo,081,765935,168465,167790,10668,178458,736
2022-09-29,Santa Barbara,083,443738,105695,105437,6945,112382,722
2022-09-29,Santa Clara,085,1922200,436387,430899,18870,449769,2494
2022-09-29,Santa Cruz,087,273765,63068,62866,3459,66325,273
2022-09-29,Shasta,089,179085,34906,34849,7491,42340,592
2022-09-29,Sierra,091,2930,305,304,60,364,5
2022-09-29,Siskiyou,093,43540,5142,5261,3303,8564,91
2022-09-29,Solano,095,438530,105044,104704,7899,112603,464
2022-09-29,Sonoma,097,501317,106866,106624,5342,111966,519
2022-09-29,Stanislaus,099,539301,137865,137589,21610,159199,1780
2022-09-29,Sutter,101,95872,24280,24265,2470,26735,232
2022-09-29,Tehama,103,63373,13615,13564,3084,16648,210
2022-09-29,Trinity,105,12862,1394,1392,392,1784,20
2022-09-29,Tulare,107,460477,121641,121589,36490,158079,1531
2022-09-29,Tuolumne,109,53932,15553,15516,934,16450,196
2022-09-29,Ventura,111,848112,208579,208124,15859,223983,1565
2022-09-29,Yolo,113,214977,47288,47279,4458,51737,341
2022-09-29,Yuba,115,75493,18892,18881,1719,20600,132
2022-09-28,Alameda,001,1643700,347722,346369,19801,366170,2020
2022-09-28,Alpine,003,1148,134,134,1,135,0
2022-09-28,Amador,005,37829,9991,9987,928,10915,90
2022-09-28,Butte,007,227075,39517,39378,9098,48476,454
2022-09-28,Calaveras,009,45235,8501,8497,560,9057,133
2022-09-28,Colusa,011,21464,3796,3782,1280,5062,22
2022-09-28,Contra Costa,013,1133247,251089,249273,20879,270152,1426
2022-09-28,Del Norte,015,27424,7417,7421,405,7826,56
2022-09-28,El Dorado,017,186661,32295,32238,4292,36530,231
2022-09-28,Fresno,019,978130,275036,274028,31530,305558,2859
2022-09-28,Glenn,021,27897,5523,5509,1868,7377,48
2022-09-28,Humboldt,023,135768,21803,21744,5035,26779,157
2022-09-28,Imperial,025,180216,65466,65425,15816,81241,958
2022-09-28,Inyo,027,18085,4489,4483,990,5473,59
2022-09-28,Kern,029,883053,219282,218846,63723,282569,2417
2022-09-28,Kings,031,150075,59436,59394,4098,63492,459
2022-09-28,Lake,033,64148,12771,12761,1216,13977,147
2022-09-28,Lassen,035,31185,9961,9962,992,10954,65
2022-09-28,Los Angeles,037,10098052,3283236,3271661,181881,3453542,33336
2022-09-28,Madera,039,155013,43988,43953,8278,52231,374
2022-09-28,Marin,041,260295,45145,45002,5311,50313,310
2022-09-28,Mariposa,043,17540,3082,3079,365,3444,31
2022-09-28,Mendocino,045,87422,15994,15950,4514,20464,136
2022-09-28,Merced,047,269075,72370,72117,11861,83978,863
2022-09-28,Modoc,049,8938,875,873,323,1196,11
2022-09-28,Mono,051,14174,3204,3201,258,3459,7
2022-09-28,Monterey,053,433212,94081,93991,21090,115081,766
2022-09-28,Napa,055,140530,32179,32171,1412,33583,160
2022-09-28,Nevada,057,99092,18974,18923,1853,20776,132
2022-09-28,Orange,059,3164182,667180,665825,62948,728773,7435
2022-09-28,Placer,061,380077,75798,75573,9553,85126,661
2022-09-28,Plumas,063,18699,3665,3645,432,4077,13
2022-09-28,Riverside,065,2383286,695272,694250,35382,729632,6543
2022-09-28,Sacramento,067,1510023,346639,345905,34030,379935,3294
2022-09-28,San Benito,069,59416,16252,16152,973,17125,106
2022-09-28,San Bernardino,071,2135413,670982,668798,31023,699821,8106
2022-09-28,San Diego,073,3302833,923964,922323,71944,994267,5491
2022-09-28,San Francisco,075,870044,178972,178486,12091,190577,1043
2022-09-28,San Joaquin,077,732212,197721,197009,14803,211812,2319
2022-09-28,San Luis Obispo,079,281455,63184,63060,7205,70265,524
2022-09-28,San Mateo,081,765935,168390,167790,10665,178455,736
2022-09-28,Santa Barbara,083,443738,105661,105437,6940,112377,722
2022-09-28,Santa Clara,085,1922200,436219,430899,18867,449766,2494
2022-09-28,Santa Cruz,087,273765,63031,62866,3458,66324,273
2022-09-28,Shasta,089,179085,34901,34849,7491,42340,592
2022-09-28,Sierra,091,2930,305,304,60,364,5
2022-09-28,Siskiyou,093,43540,5140,5261,3302,8563,91
2022-09-28,Solano,095,438530,105016,104704,7898,112602,464
2022-09-28,Sonoma,097,501317,106831,106624,5338,111962,519
2022-09-28,Stanislaus,099,539301,137831,137589,21605,159194,1780
2022-09-28,Sutter,101,95872,24266,24265,2469,26734,232
2022-09-28,Tehama,103,63373,13611,13564,3084,16648,210
2022-09-28,Trinity,105,12862,1394,1392,390,1782,20
2022-09-28,Tulare,107,460477,121618,121589,36478,158067,1531
2022-09-28,Tuolumne,109,53932,15550,15516,934,16450,196
2022-09-28,Ventura,111,848112,208515,208124,15858,223982,1565
2022-09-28,Yolo,113,214977,47265,47279,4455,51734,341
2022-09-28,Yuba,115,75493,18887,18881,1716,20597,132
2022-09-27,Alameda,001,1643700,347556,346369,19791,366160,2020
2022-09-27,Alpine,003,1148,134,134,1,135,0
2022-09-27,Amador,005,37829,9988,9987,926,10913,90
2022-09-27,Butte,007,227075,39509,39378,9094,48472,454
2022-09-27,Calaveras,009,45235,8500,8497,559,9056,133
2022-09-27,Colusa,011,21464,3796,3782,1280,5062,22
2022-09-27,Contra Costa,013,1133247,250986,249273,20868,270141,1426
2022-09-27,Del Norte,015,27424,7417,7421,405,7826,56
2022-09-27,El Dorado,017,186661,32278,32238,4290,36528,231
2022-09-27,Fresno,019,978130,274974,274028,31522,305550,2859
2022-09-27,Glenn,021,27897,5522,5509,1867,7376,48
2022-09-27,Humboldt,023,135768,21793,21744,5029,26773,157
2022-09-27,Imperial,025,180216,65444,65425,15810,81235,958
2022-09-27,Inyo,027,18085,4487,4483,988,5471,59
2022-09-27,Kern,029,883053,219223,218846,63696,282542,2417
2022-09-27,Kings,031,150075,59420,59394,4098,63492,459
2022-09-27,Lake,033,64148,12768,12761,1214,13975,147
2022-09-27,Lassen,035,31185,9959,9962,992,10954,65
2022-09-27,Los Angeles,037,10098052,3282039,3271661,181721,3453382,33336
2022-09-27,Madera,039,155013,43976,43953,8278,52231,374
2022-09-27,Marin,041,260295,45117,45002,5308,50310,310
2022-09-27,Mariposa,043,17540,3081,3079,365,3444,31
2022-09-27,Mendocino,045,87422,15985,15950,4508,20458,136
2022-09-27,Merced,047,269075,72357,72117,11857,83974,863
2022-09-27,Modoc,049,8938,875,873,323,1196,11
2022-09-27,Mono,051,14174,3203,3201,258,3459,7
2022-09-27,Monterey,053,433212,94060,93991,21077,115068,766
2022-09-27,Napa,055,140530,32162,32171,1412,33583,160
2022-09-27,Nevada,057,99092,18965,18923,1852,20775,132
2022-09-27,Orange,059,3164182,666911,665825,62886,728711,7435
2022-09-27,Placer,061,380077,75757,75573,9549,85122,661
2022-09-27,Plumas,063,18699,3662,3645,432,4077,13
2022-09-27,Riverside,065,2383286,695077,694250,35362,729612,6543
2022-09-27,Sacramento,067,1510023,346493,345905,34010,379915,3294
2022-09-27,San Benito,069,59416,16251,16152,973,17125,106
2022-09-27,San Bernardino,071,2135413,670733,668798,31008,699806,8106
2022-09-27,San Diego,073,3302833,923571,922323,71908,994231,5491
2022-09-27,San Francisco,075,870044,178863,178486,12089,190575,1043
2022-09-27,San Joaquin,077,732212,197669,197009,14796,211805,2319
2022-09-27,San Luis Obispo,079,281455,63156,63060,7203,70263,524
2022-09-27,San Mateo,081,765935,168321,167790,10662,178452,736
2022-09-27,Santa Barbara,083,443738,105620,105437,6933,112370,722
2022-09-27,Santa Clara,085,1922200,435999,430899,18853,449752,2494
2022-09-27,Santa Cruz,087,273765,63000,62866,3456,66322,273
2022-09-27,Shasta,089,179085,34890,34849,7485,42334,592
2022-09-27,Sierra,091,2930,304,304,60,364,5
2022-09-27,Siskiyou,093,43540,5138,5261,3302,8563,91
2022-09-27,Solano,095,438530,104973,104704,7896,112600,464
2022-09-27,Sonoma,097,501317,106780,106624,5335,111959,519
2022-09-27,Stanislaus,099,539301,137803,137589,21604,159193,1780
2022-09-27,Sutter,101,95872,24252,24265,2469,26734,232
2022-09-27,Tehama,103,63373,13609,13564,3084,16648,210
2022-09-27,Trinity,105,12862,1394,1392,388,1780,20
2022-09-27,Tulare,107,460477,121595,121589,36461,158050,1531
2022-09-27,Tuolumne,109,53932,15545,15516,933,16449,196
2022-09-27,Ventura,111,848112,208438,208124,15849,223973,1565
2022-09-27,Yolo,113,214977,47237,47279,4454,51733,341
2022-09-27,Yuba,115,75493,18883,18881,1715,20596,132
2022-09-26,Alameda,001,1643700,347366,345351,19787,365138,2012
2022-09-26,Alpine,003,1148,134,134,1,135,0
2022-09-26,Amador,005,37829,9987,9954,925,10879,90
2022-09-26,Butte,007,227075,39497,39282,9090,48372,453
2022-09-26,Calaveras,009,45235,8497,8475,556,9031,133
2022-09-26,Colusa,011,21464,3793,3775,1278,5053,22
2022-09-26,Contra Costa,013,1133247,250856,248053,20851,268904,1424
2022-09-26,Del Norte,015,27424,7416,7403,405,7808,57
2022-09-26,El Dorado,017,186661,32261,32159,4288,36447,231
2022-09-26,Fresno,019,978130,274903,273381,31506,304887,2850
2022-09-26,Glenn,021,27897,5522,5494,1867,7361,48
2022-09-26,Humboldt,023,135768,21781,21641,5024,26665,156
2022-09-26,Imperial,025,180216,65423,65297,15795,81092,957
2022-09-26,Inyo,027,18085,4487,4481,987,5468,59
2022-09-26,Kern,029,883053,219167,218413,63668,282081,2408
2022-09-26,Kings,031,150075,59408,59288,4096,63384,456
2022-09-26,Lake,033,64148,12762,12731,1214,13945,146
2022-09-26,Lassen,035,31185,9959,9947,991,10938,65
2022-09-26,Los Angeles,037,10098052,3280846,3263510,181548,3445058,33258
2022-09-26,Madera,039,155013,43958,43910,8274,52184,374
2022-09-26,Marin,041,260295,45087,44823,5305,50128,310
2022-09-26,Mariposa,043,17540,3080,3074,365,3439,31
2022-09-26,Mendocino,045,87422,15977,15911,4506,20417,136
2022-09-26,Merced,047,269075,72344,71875,11853,83728,862
2022-09-26,Modoc,049,8938,873,872,323,1195,11
2022-09-26,Mono,051,14174,3201,3198,258,3456,7
2022-09-26,Monterey,053,433212,94044,93829,21056,114885,766
2022-09-26,Napa,055,140530,32144,32094,1411,33505,160
2022-09-26,Nevada,057,99092,18957,18861,1850,20711,132
2022-09-26,Orange,059,3164182,666654,664263,62827,727090,7425
2022-09-26,Placer,061,380077,75721,75381,9542,84923,660
2022-09-26,Plumas,063,18699,3662,3632,432,4064,13
2022-09-26,Riverside,065,2383286,694876,693038,35350,728388,6610
2022-09-26,Sacramento,067,1510023,346333,344748,33984,378732,3282
2022-09-26,San Benito,069,59416,16245,16114,972,17086,106
2022-09-26,San Bernardino,071,2135413,670534,667124,30998,698122,8097
2022-09-26,San Diego,073,3302833,923148,920118,71879,991997,5487
2022-09-26,San Francisco,075,870044,178767,176887,12086,188973,1031
2022-09-26,San Joaquin,077,732212,197604,196573,14786,211359,2306
2022-09-26,San Luis Obispo,079,281455,63126,62950,7196,70146,522
2022-09-26,San Mateo,081,765935,168233,167123,10659,177782,736
2022-09-26,Santa Barbara,083,443738,105581,105185,6928,112113,720
2022-09-26,Santa Clara,085,1922200,435748,429334,18839,448173,2486
2022-09-26,Santa Cruz,087,273765,62962,62704,3454,66158,274
2022-09-26,Shasta,089,179085,34883,34762,7478,42240,592
2022-09-26,Sierra,091,2930,304,303,60,363,5
2022-09-26,Siskiyou,093,43540,5138,5243,3300,8543,90
2022-09-26,Solano,095,438530,104931,104383,7891,112274,463
2022-09-26,Sonoma,097,501317,106712,106322,5330,111652,519
2022-09-26,Stanislaus,099,539301,137775,137340,21596,158936,1752
2022-09-26,Sutter,101,95872,24243,24198,2469,26667,232
2022-09-26,Tehama,103,63373,13606,13528,3084,16612,210
2022-09-26,Trinity,105,12862,1394,1390,387,1777,20
2022-09-26,Tulare,107,460477,121556,121446,36446,157892,1530
2022-09-26,Tuolumne,109,53932,15544,15469,931,16400,196
2022-09-26,Ventura,111,848112,208351,207684,15841,223525,1566
2022-09-26,Yolo,113,214977,47212,47147,4447,51594,335
2022-09-26,Yuba,115,75493,18877,18834,1713,20547,129
2022-09-25,Alameda,001,1643700,347151,345351,19766,365117,2012
2022-09-25,Alpine,003,1148,134,134,1,135,0
2022-09-25,Amador,005,37829,9983,9954,923,10877,90
2022-09-25,Butte,007,227075,39475,39282,9083,48365,453
2022-09-25,Calaveras,009,45235,8493,8475,551,9026,133
2022-09-25,Colusa,011,21464,3791,3775,1272,5047,22
2022-09-25,Contra Costa,013,1133247,250712,248053,20835,268888,1424
2022-09-25,Del Norte,015,27424,7411,7403,405,7808,57
2022-09-25,El Dorado,017,186661,32247,32159,4286,36445,231
2022-09-25,Fresno,019,978130,274799,273381,31480,304861,2850
2022-09-25,Glenn,021,27897,5522,5494,1867,7361,48
2022-09-25,Humboldt,023,135768,21772,21641,5019,26660,156
2022-09-25,Imperial,025,180216,65404,65297,15782,81079,957
2022-09-25,Inyo,027,18085,4484,4481,986,5467,59
2022-09-25,Kern,029,883053,219106,218413,63594,282007,2408
2022-09-25,Kings,031,150075,59389,59288,4095,63383,456
2022-09-25,Lake,033,64148,12757,12731,1212,13943,146
2022-09-25,Lassen,035,31185,9958,9947,991,10938,65
2022-09-25,Los Angeles,037,10098052,3279379,3263510,181351,3444861,33258
2022-09-25,Madera,039,155013,43945,43910,8268,52178,374
2022-09-25,Marin,041,260295,45046,44823,5305,50128,310
2022-09-25,Mariposa,043,17540,3080,3074,365,3439,31
2022-09-25,Mendocino,045,87422,15967,15911,4500,20411,136
2022-09-25,Merced,047,269075,72321,71875,11845,83720,862
2022-09-25,Modoc,049,8938,873,872,323,1195,11
2022-09-25,Mono,051,14174,3201,3198,256,3454,7
2022-09-25,Monterey,053,433212,94021,93829,21044,114873,766
2022-09-25,Napa,055,140530,32126,32094,1410,33504,160
2022-09-25,Nevada,057,99092,18946,18861,1849,20710,132
2022-09-25,Orange,059,3164182,666354,664263,62760,727023,7425
2022-09-25,Placer,061,380077,75676,75381,9531,84912,660
2022-09-25,Plumas,063,18699,3656,3632,432,4064,13
2022-09-25,Riverside,065,2383286,694658,693038,35332,728370,6610
2022-09-25,Sacramento,067,1510023,346175,344748,33950,378698,3282
2022-09-25,San Benito,069,59416,16233,16114,972,17086,106
2022-09-25,San Bernardino,071,2135413,670303,667124,30976,698100,8097
2022-09-25,San Diego,073,3302833,922698,920118,71840,991958,5487
2022-09-25,San Francisco,075,870044,178642,176887,12081,188968,1031
2022-09-25,San Joaquin,077,732212,197521,196573,14767,211340,2306
2022-09-25,San Luis Obispo,079,281455,63093,62950,7188,70138,522
2022-09-25,San Mateo,081,765935,168107,167123,10650,177773,736
2022-09-25,Santa Barbara,083,443738,105528,105185,6925,112110,720
2022-09-25,Santa Clara,085,1922200,435504,429334,18825,448159,2486
2022-09-25,Santa Cruz,087,273765,62915,62704,3451,66155,274
2022-09-25,Shasta,089,179085,34873,34762,7466,42228,592
2022-09-25,Sierra,091,2930,304,303,60,363,5
2022-09-25,Siskiyou,093,43540,5136,5243,3299,8542,90
2022-09-25,Solano,095,438530,104866,104383,7887,112270,463
2022-09-25,Sonoma,097,501317,106657,106322,5326,111648,519
2022-09-25,Stanislaus,099,539301,137723,137340,21593,158933,1752
2022-09-25,Sutter,101,95872,24228,24198,2468,26666,232
2022-09-25,Tehama,103,63373,13598,13528,3084,16612,210
2022-09-25,Trinity,105,12862,1394,1390,387,1777,20
2022-09-25,Tulare,107,460477,121525,121446,36425,157871,1530
2022-09-25,Tuolumne,109,53932,15538,15469,930,16399,196
2022-09-25,Ventura,111,848112,208254,207684,15824,223508,1566
2022-09-25,Yolo,113,214977,47187,47147,4442,51589,335
2022-09-25,Yuba,115,75493,18873,18834,1712,20546,129
2022-09-24,Alameda,001,1643700,347039,345351,19759,365110,2012
2022-09-24,Alpine,003,1148,134,134,1,135,0
2022-09-24,Amador,005,37829,9981,9954,922,10876,90
2022-09-24,Butte,007,227075,39468,39282,9081,48363,453
2022-09-24,Calaveras,009,45235,8490,8475,551,9026,133
2022-09-24,Colusa,011,21464,3790,3775,1271,5046,22
2022-09-24,Contra Costa,013,1133247,250628,248053,20830,268883,1424
2022-09-24,Del Norte,015,27424,7408,7403,405,7808,57
2022-09-24,El Dorado,017,186661,32236,32159,4281,36440,231
2022-09-24,Fresno,019,978130,274761,273381,31473,304854,2850
2022-09-24,Glenn,021,27897,5521,5494,1867,7361,48
2022-09-24,Humboldt,023,135768,21760,21641,5017,26658,156
2022-09-24,Imperial,025,180216,65389,65297,15776,81073,957
2022-09-24,Inyo,027,18085,4484,4481,986,5467,59
2022-09-24,Kern,029,883053,219077,218413,63554,281967,2408
2022-09-24,Kings,031,150075,59377,59288,4095,63383,456
2022-09-24,Lake,033,64148,12755,12731,1211,13942,146
2022-09-24,Lassen,035,31185,9957,9947,991,10938,65
2022-09-24,Los Angeles,037,10098052,3278651,3263510,181208,3444718,33258
2022-09-24,Madera,039,155013,43942,43910,8265,52175,374
2022-09-24,Marin,041,260295,45031,44823,5305,50128,310
2022-09-24,Mariposa,043,17540,3078,3074,365,3439,31
2022-09-24,Mendocino,045,87422,15965,15911,4497,20408,136
2022-09-24,Merced,047,269075,72308,71875,11845,83720,862
2022-09-24,Modoc,049,8938,873,872,322,1194,11
2022-09-24,Mono,051,14174,3201,3198,256,3454,7
2022-09-24,Monterey,053,433212,94011,93829,21039,114868,766
2022-09-24,Napa,055,140530,32117,32094,1409,33503,160
2022-09-24,Nevada,057,99092,18941,18861,1846,20707,132
2022-09-24,Orange,059,3164182,666197,664263,62702,726965,7425
2022-09-24,Placer,061,380077,75652,75381,9527,84908,660
2022-09-24,Plumas,063,18699,3653,3632,432,4064,13
2022-09-24,Riverside,065,2383286,694533,693038,35322,728360,6610
2022-09-24,Sacramento,067,1510023,346103,344748,33940,378688,3282
2022-09-24,San Benito,069,59416,16226,16114,971,17085,106
2022-09-24,San Bernardino,071,2135413,670190,667124,30967,698091,8097
2022-09-24,San Diego,073,3302833,922494,920118,71825,991943,5487
2022-09-24,San Francisco,075,870044,178563,176887,12075,188962,1031
2022-09-24,San Joaquin,077,732212,197495,196573,14760,211333,2306
2022-09-24,San Luis Obispo,079,281455,63081,62950,7187,70137,522
2022-09-24,San Mateo,081,765935,168038,167123,10640,177763,736
2022-09-24,Santa Barbara,083,443738,105505,105185,6923,112108,720
2022-09-24,Santa Clara,085,1922200,435347,429334,18815,448149,2486
2022-09-24,Santa Cruz,087,273765,62898,62704,3448,66152,274
2022-09-24,Shasta,089,179085,34868,34762,7464,42226,592
2022-09-24,Sierra,091,2930,304,303,60,363,5
2022-09-24,Siskiyou,093,43540,5133,5243,3299,8542,90
2022-09-24,Solano,095,438530,104847,104383,7886,112269,463
2022-09-24,Sonoma,097,501317,106629,106322,5323,111645,519
2022-09-24,Stanislaus,099,539301,137698,137340,21585,158925,1752
2022-09-24,Sutter,101,95872,24221,24198,2468,26666,232
2022-09-24,Tehama,103,63373,13593,13528,3083,16611,210
2022-09-24,Trinity,105,12862,1394,1390,387,1777,20
2022-09-24,Tulare,107,460477,121506,121446,36407,157853,1530
2022-09-24,Tuolumne,109,53932,15530,15469,930,16399,196
2022-09-24,Ventura,111,848112,208210,207684,15815,223499,1566
2022-09-24,Yolo,113,214977,47172,47147,4440,51587,335
2022-09-24,Yuba,115,75493,18868,18834,1711,20545,129
2022-09-23,Alameda,001,1643700,346899,345351,19748,365099,2012
2022-09-23,Alpine,003,1148,134,134,1,135,0
2022-09-23,Amador,005,37829,9977,9954,922,10876,90
2022-09-23,Butte,007,227075,39460,39282,9078,48360,453
2022-09-23,Calaveras,009,45235,8489,8475,551,9026,133
2022-09-23,Colusa,011,21464,3790,3775,1271,5046,22
2022-09-23,Contra Costa,013,1133247,250550,248053,20825,268878,1424
2022-09-23,Del Norte,015,27424,7405,7403,405,7808,57
2022-09-23,El Dorado,017,186661,32222,32159,4279,36438,231
2022-09-23,Fresno,019,978130,274714,273381,31466,304847,2850
2022-09-23,Glenn,021,27897,5519,5494,1866,7360,48
2022-09-23,Humboldt,023,135768,21743,21641,5010,26651,156
2022-09-23,Imperial,025,180216,65379,65297,15769,81066,957
2022-09-23,Inyo,027,18085,4484,4481,982,5463,59
2022-09-23,Kern,029,883053,219040,218413,63528,281941,2408
2022-09-23,Kings,031,150075,59370,59288,4094,63382,456
2022-09-23,Lake,033,64148,12755,12731,1211,13942,146
2022-09-23,Lassen,035,31185,9955,9947,991,10938,65
2022-09-23,Los Angeles,037,10098052,3277885,3263510,181129,3444639,33258
2022-09-23,Madera,039,155013,43933,43910,8264,52174,374
2022-09-23,Marin,041,260295,45008,44823,5303,50126,310
2022-09-23,Mariposa,043,17540,3078,3074,364,3438,31
2022-09-23,Mendocino,045,87422,15963,15911,4497,20408,136
2022-09-23,Merced,047,269075,72298,71875,11843,83718,862
2022-09-23,Modoc,049,8938,873,872,322,1194,11
2022-09-23,Mono,051,14174,3201,3198,256,3454,7
2022-09-23,Monterey,053,433212,94003,93829,21030,114859,766
2022-09-23,Napa,055,140530,32108,32094,1409,33503,160
2022-09-23,Nevada,057,99092,18937,18861,1845,20706,132
2022-09-23,Orange,059,3164182,666029,664263,62670,726933,7425
2022-09-23,Placer,061,380077,75630,75381,9522,84903,660
2022-09-23,Plumas,063,18699,3650,3632,432,4064,13
2022-09-23,Riverside,065,2383286,694400,693038,35313,728351,6610
2022-09-23,Sacramento,067,1510023,346030,344748,33936,378684,3282
2022-09-23,San Benito,069,59416,16226,16114,971,17085,106
2022-09-23,San Bernardino,071,2135413,670060,667124,30961,698085,8097
2022-09-23,San Diego,073,3302833,922244,920118,71792,991910,5487
2022-09-23,San Francisco,075,870044,178487,176887,12070,188957,1031
2022-09-23,San Joaquin,077,732212,197459,196573,14747,211320,2306
2022-09-23,San Luis Obispo,079,281455,63071,62950,7186,70136,522
2022-09-23,San Mateo,081,765935,167968,167123,10635,177758,736
2022-09-23,Santa Barbara,083,443738,105478,105185,6923,112108,720
2022-09-23,Santa Clara,085,1922200,435183,429334,18802,448136,2486
2022-09-23,Santa Cruz,087,273765,62882,62704,3448,66152,274
2022-09-23,Shasta,089,179085,34864,34762,7458,42220,592
2022-09-23,Sierra,091,2930,304,303,60,363,5
2022-09-23,Siskiyou,093,43540,5131,5243,3299,8542,90
2022-09-23,Solano,095,438530,104818,104383,7884,112267,463
2022-09-23,Sonoma,097,501317,106602,106322,5321,111643,519
2022-09-23,Stanislaus,099,539301,137673,137340,21581,158921,1752
2022-09-23,Sutter,101,95872,24213,24198,2468,26666,232
2022-09-23,Tehama,103,63373,13589,13528,3081,16609,210
2022-09-23,Trinity,105,12862,1393,1390,387,1777,20
2022-09-23,Tulare,107,460477,121486,121446,36388,157834,1530
2022-09-23,Tuolumne,109,53932,15524,15469,930,16399,196
2022-09-23,Ventura,111,848112,208149,207684,15809,223493,1566
2022-09-23,Yolo,113,214977,47156,47147,4438,51585,335
2022-09-23,Yuba,115,75493,18866,18834,1711,20545,129
2022-09-22,Alameda,001,1643700,346731,345351,19742,365093,2012
2022-09-22,Alpine,003,1148,134,134,1,135,0
2022-09-22,Amador,005,37829,9973,9954,922,10876,90
2022-09-22,Butte,007,227075,39448,39282,9074,48356,453
2022-09-22,Calaveras,009,45235,8487,8475,545,9020,133
2022-09-22,Colusa,011,21464,3788,3775,1271,5046,22
2022-09-22,Contra Costa,013,1133247,250434,248053,20811,268864,1424
2022-09-22,Del Norte,015,27424,7404,7403,405,7808,57
2022-09-22,El Dorado,017,186661,32212,32159,4275,36434,231
2022-09-22,Fresno,019,978130,274633,273381,31449,304830,2850
2022-09-22,Glenn,021,27897,5518,5494,1866,7360,48
2022-09-22,Humboldt,023,135768,21730,21641,5007,26648,156
2022-09-22,Imperial,025,180216,65367,65297,15755,81052,957
2022-09-22,Inyo,027,18085,4484,4481,980,5461,59
2022-09-22,Kern,029,883053,218997,218413,63480,281893,2408
2022-09-22,Kings,031,150075,59355,59288,4094,63382,456
2022-09-22,Lake,033,64148,12753,12731,1210,13941,146
2022-09-22,Lassen,035,31185,9954,9947,991,10938,65
2022-09-22,Los Angeles,037,10098052,3276845,3263510,180979,3444489,33258
2022-09-22,Madera,039,155013,43928,43910,8262,52172,374
2022-09-22,Marin,041,260295,44993,44823,5301,50124,310
2022-09-22,Mariposa,043,17540,3077,3074,364,3438,31
2022-09-22,Mendocino,045,87422,15958,15911,4497,20408,136
2022-09-22,Merced,047,269075,72279,71875,11839,83714,862
2022-09-22,Modoc,049,8938,873,872,322,1194,11
2022-09-22,Mono,051,14174,3200,3198,255,3453,7
2022-09-22,Monterey,053,433212,93984,93829,21021,114850,766
2022-09-22,Napa,055,140530,32090,32094,1408,33502,160
2022-09-22,Nevada,057,99092,18931,18861,1844,20705,132
2022-09-22,Orange,059,3164182,665809,664263,62620,726883,7425
2022-09-22,Placer,061,380077,75598,75381,9518,84899,660
2022-09-22,Plumas,063,18699,3647,3632,432,4064,13
2022-09-22,Riverside,065,2383286,694222,693038,35305,728343,6610
2022-09-22,Sacramento,067,1510023,345873,344748,33917,378665,3282
2022-09-22,San Benito,069,59416,16226,16114,970,17084,106
2022-09-22,San Bernardino,071,2135413,669913,667124,30946,698070,8097
2022-09-22,San Diego,073,3302833,921880,920118,71752,991870,5487
2022-09-22,San Francisco,075,870044,178382,176887,12064,188951,1031
2022-09-22,San Joaquin,077,732212,197412,196573,14739,211312,2306
2022-09-22,San Luis Obispo,079,281455,63053,62950,7184,70134,522
2022-09-22,San Mateo,081,765935,167903,167123,10633,177756,736
2022-09-22,Santa Barbara,083,443738,105449,105185,6919,112104,720
2022-09-22,Santa Clara,085,1922200,435008,429334,18787,448121,2486
2022-09-22,Santa Cruz,087,273765,62840,62704,3441,66145,274
2022-09-22,Shasta,089,179085,34852,34762,7450,42212,592
2022-09-22,Sierra,091,2930,304,303,60,363,5
2022-09-22,Siskiyou,093,43540,5130,5243,3298,8541,90
2022-09-22,Solano,095,438530,104760,104383,7880,112263,463
2022-09-22,Sonoma,097,501317,106567,106322,5319,111641,519
2022-09-22,Stanislaus,099,539301,137639,137340,21577,158917,1752
2022-09-22,Sutter,101,95872,24202,24198,2468,26666,232
2022-09-22,Tehama,103,63373,13585,13528,3078,16606,210
2022-09-22,Trinity,105,12862,1391,1390,387,1777,20
2022-09-22,Tulare,107,460477,121468,121446,36372,157818,1530
2022-09-22,Tuolumne,109,53932,15517,15469,929,16398,196
2022-09-22,Ventura,111,848112,208064,207684,15801,223485,1566
2022-09-22,Yolo,113,214977,47142,47147,4432,51579,335
2022-09-22,Yuba,115,75493,18858,18834,1708,20542,129
2022-09-21,Alameda,001,1643700,346565,345351,19727,365078,2012
2022-09-21,Alpine,003,1148,134,134,1,135,0
2022-09-21,Amador,005,37829,9972,9954,922,10876,90
2022-09-21,Butte,007,227075,39435,39282,9065,48347,453
2022-09-21,Calaveras,009,45235,8484,8475,544,9019,133
2022-09-21,Colusa,011,21464,3788,3775,1271,5046,22
2022-09-21,Contra Costa,013,1133247,250323,248053,20800,268853,1424
2022-09-21,Del Norte,015,27424,7403,7403,405,7808,57
2022-09-21,El Dorado,017,186661,32200,32159,4272,36431,231
2022-09-21,Fresno,019,978130,274556,273381,31437,304818,2850
2022-09-21,Glenn,021,27897,5517,5494,1865,7359,48
2022-09-21,Humboldt,023,135768,21714,21641,5004,26645,156
2022-09-21,Imperial,025,180216,65351,65297,15745,81042,957
2022-09-21,Inyo,027,18085,4484,4481,977,5458,59
2022-09-21,Kern,029,883053,218943,218413,63433,281846,2408
2022-09-21,Kings,031,150075,59339,59288,4094,63382,456
2022-09-21,Lake,033,64148,12747,12731,1208,13939,146
2022-09-21,Lassen,035,31185,9954,9947,991,10938,65
2022-09-21,Los Angeles,037,10098052,3275680,3263510,180809,3444319,33258
2022-09-21,Madera,039,155013,43913,43910,8262,52172,374
2022-09-21,Marin,041,260295,44969,44823,5301,50124,310
2022-09-21,Mariposa,043,17540,3077,3074,364,3438,31
2022-09-21,Mendocino,045,87422,15951,15911,4495,20406,136
2022-09-21,Merced,047,269075,72263,71875,11838,83713,862
2022-09-21,Modoc,049,8938,873,872,322,1194,11
2022-09-21,Mono,051,14174,3200,3198,255,3453,7
2022-09-21,Monterey,053,433212,93963,93829,21013,114842,766
2022-09-21,Napa,055,140530,32083,32094,1408,33502,160
2022-09-21,Nevada,057,99092,18921,18861,1844,20705,132
2022-09-21,Orange,059,3164182,665563,664263,62565,726828,7425
2022-09-21,Placer,061,380077,75564,75381,9514,84895,660
2022-09-21,Plumas,063,18699,3645,3632,432,4064,13
2022-09-21,Riverside,065,2383286,694042,693038,35286,728324,6610
2022-09-21,Sacramento,067,1510023,345719,344748,33902,378650,3282
2022-09-21,San Benito,069,59416,16214,16114,967,17081,106
2022-09-21,San Bernardino,071,2135413,669764,667124,30939,698063,8097
2022-09-21,San Diego,073,3302833,921499,920118,71706,991824,5487
2022-09-21,San Francisco,075,870044,178287,176887,12054,188941,1031
2022-09-21,San Joaquin,077,732212,197358,196573,14733,211306,2306
2022-09-21,San Luis Obispo,079,281455,63035,62950,7177,70127,522
2022-09-21,San Mateo,081,765935,167826,167123,10632,177755,736
2022-09-21,Santa Barbara,083,443738,105405,105185,6915,112100,720
2022-09-21,Santa Clara,085,1922200,434820,429334,18779,448113,2486
2022-09-21,Santa Cruz,087,273765,62794,62704,3437,66141,274
2022-09-21,Shasta,089,179085,34846,34762,7445,42207,592
2022-09-21,Sierra,091,2930,303,303,60,363,5
2022-09-21,Siskiyou,093,43540,5127,5243,3297,8540,90
2022-09-21,Solano,095,438530,104716,104383,7877,112260,463
2022-09-21,Sonoma,097,501317,106533,106322,5313,111635,519
2022-09-21,Stanislaus,099,539301,137604,137340,21568,158908,1752
2022-09-21,Sutter,101,95872,24193,24198,2468,26666,232
2022-09-21,Tehama,103,63373,13580,13528,3077,16605,210
2022-09-21,Trinity,105,12862,1391,1390,387,1777,20
2022-09-21,Tulare,107,460477,121439,121446,36355,157801,1530
2022-09-21,Tuolumne,109,53932,15513,15469,926,16395,196
2022-09-21,Ventura,111,848112,207993,207684,15791,223475,1566
2022-09-21,Yolo,113,214977,47123,47147,4425,51572,335
2022-09-21,Yuba,115,75493,18850,18834,1708,20542,129
2022-09-20,Alameda,001,1643700,346412,345351,19711,365062,2012
2022-09-20,Alpine,003,1148,134,134,1,135,0
2022-09-20,Amador,005,37829,9965,9954,922,10876,90
2022-09-20,Butte,007,227075,39420,39282,9056,48338,453
2022-09-20,Calaveras,009,45235,8482,8475,544,9019,133
2022-09-20,Colusa,011,21464,3788,3775,1271,5046,22
2022-09-20,Contra Costa,013,1133247,250203,248053,20785,268838,1424
2022-09-20,Del Norte,015,27424,7398,7403,405,7808,57
2022-09-20,El Dorado,017,186661,32186,32159,4269,36428,231
2022-09-20,Fresno,019,978130,274483,273381,31421,304802,2850
2022-09-20,Glenn,021,27897,5516,5494,1864,7358,48
2022-09-20,Humboldt,023,135768,21701,21641,5001,26642,156
2022-09-20,Imperial,025,180216,65329,65297,15734,81031,957
2022-09-20,Inyo,027,18085,4483,4481,974,5455,59
2022-09-20,Kern,029,883053,218889,218413,63392,281805,2408
2022-09-20,Kings,031,150075,59316,59288,4093,63381,456
2022-09-20,Lake,033,64148,12744,12731,1208,13939,146
2022-09-20,Lassen,035,31185,9951,9947,991,10938,65
2022-09-20,Los Angeles,037,10098052,3274519,3263510,180662,3444172,33258
2022-09-20,Madera,039,155013,43904,43910,8257,52167,374
2022-09-20,Marin,041,260295,44945,44823,5295,50118,310
2022-09-20,Mariposa,043,17540,3077,3074,364,3438,31
2022-09-20,Mendocino,045,87422,15947,15911,4492,20403,136
2022-09-20,Merced,047,269075,72240,71875,11833,83708,862
2022-09-20,Modoc,049,8938,873,872,322,1194,11
2022-09-20,Mono,051,14174,3200,3198,255,3453,7
2022-09-20,Monterey,053,433212,93944,93829,21004,114833,766
2022-09-20,Napa,055,140530,32074,32094,1407,33501,160
2022-09-20,Nevada,057,99092,18916,18861,1844,20705,132
2022-09-20,Orange,059,3164182,665283,664263,62520,726783,7425
2022-09-20,Placer,061,380077,75535,75381,9509,84890,660
2022-09-20,Plumas,063,18699,3643,3632,432,4064,13
2022-09-20,Riverside,065,2383286,693840,693038,35258,728296,6610
2022-09-20,Sacramento,067,1510023,345568,344748,33879,378627,3282
2022-09-20,San Benito,069,59416,16208,16114,967,17081,106
2022-09-20,San Bernardino,071,2135413,669554,667124,30923,698047,8097
2022-09-20,San Diego,073,3302833,921085,920118,71650,991768,5487
2022-09-20,San Francisco,075,870044,178190,176887,12048,188935,1031
2022-09-20,San Joaquin,077,732212,197297,196573,14728,211301,2306
2022-09-20,San Luis Obispo,079,281455,63020,62950,7167,70117,522
2022-09-20,San Mateo,081,765935,167743,167123,10628,177751,736
2022-09-20,Santa Barbara,083,443738,105369,105185,6910,112095,720
2022-09-20,Santa Clara,085,1922200,434616,429334,18769,448103,2486
2022-09-20,Santa Cruz,087,273765,62772,62704,3432,66136,274
2022-09-20,Shasta,089,179085,34835,34762,7441,42203,592
2022-09-20,Sierra,091,2930,303,303,60,363,5
2022-09-20,Siskiyou,093,43540,5123,5243,3297,8540,90
2022-09-20,Solano,095,438530,104671,104383,7873,112256,463
2022-09-20,Sonoma,097,501317,106481,106322,5311,111633,519
2022-09-20,Stanislaus,099,539301,137561,137340,21560,158900,1752
2022-09-20,Sutter,101,95872,24189,24198,2468,26666,232
2022-09-20,Tehama,103,63373,13578,13528,3077,16605,210
2022-09-20,Trinity,105,12862,1391,1390,387,1777,20
2022-09-20,Tulare,107,460477,121419,121446,36331,157777,1530
2022-09-20,Tuolumne,109,53932,15507,15469,925,16394,196
2022-09-20,Ventura,111,848112,207911,207684,15786,223470,1566
2022-09-20,Yolo,113,214977,47103,47147,4420,51567,335
2022-09-20,Yuba,115,75493,18846,18834,1708,20542,129
2022-09-19,Alameda,001,1643700,346244,344045,19696,363741,2007
2022-09-19,Alpine,003,1148,134,134,1,135,0
2022-09-19,Amador,005,37829,9961,9908,922,10830,90
2022-09-19,Butte,007,227075,39407,39155,9048,48203,453
2022-09-19,Calaveras,009,45235,8477,8455,543,8998,133
2022-09-19,Colusa,011,21464,3786,3765,1271,5036,22
2022-09-19,Contra Costa,013,1133247,250108,247095,20761,267856,1423
2022-09-19,Del Norte,015,27424,7395,7381,405,7786,56
2022-09-19,El Dorado,017,186661,32177,32088,4265,36353,231
2022-09-19,Fresno,019,978130,274397,272774,31412,304186,2839
2022-09-19,Glenn,021,27897,5515,5481,1863,7344,48
2022-09-19,Humboldt,023,135768,21688,21561,4996,26557,155
2022-09-19,Imperial,025,180216,65311,65099,15719,80818,956
2022-09-19,Inyo,027,18085,4482,4472,972,5444,59
2022-09-19,Kern,029,883053,218826,217694,63333,281027,2405
2022-09-19,Kings,031,150075,59302,59122,4093,63215,456
2022-09-19,Lake,033,64148,12739,12696,1207,13903,144
2022-09-19,Lassen,035,31185,9946,9938,991,10929,65
2022-09-19,Los Angeles,037,10098052,3273139,3253906,180480,3434386,33160
2022-09-19,Madera,039,155013,43879,43782,8251,52033,373
2022-09-19,Marin,041,260295,44916,44702,5290,49992,309
2022-09-19,Mariposa,043,17540,3077,3064,364,3428,31
2022-09-19,Mendocino,045,87422,15941,15872,4489,20361,136
2022-09-19,Merced,047,269075,72225,71732,11829,83561,862
2022-09-19,Modoc,049,8938,873,872,322,1194,11
2022-09-19,Mono,051,14174,3200,3191,255,3446,7
2022-09-19,Monterey,053,433212,93910,93692,20991,114683,762
2022-09-19,Napa,055,140530,32059,31979,1406,33385,160
2022-09-19,Nevada,057,99092,18910,18824,1842,20666,132
2022-09-19,Orange,059,3164182,665000,662784,62465,725249,7398
2022-09-19,Placer,061,380077,75514,75159,9506,84665,660
2022-09-19,Plumas,063,18699,3641,3609,432,4041,13
2022-09-19,Riverside,065,2383286,693605,691630,35244,726874,6608
2022-09-19,Sacramento,067,1510023,345419,343926,33859,377785,3267
2022-09-19,San Benito,069,59416,16198,16057,967,17024,106
2022-09-19,San Bernardino,071,2135413,669335,664360,30904,695264,8074
2022-09-19,San Diego,073,3302833,920660,917229,71562,988791,5479
2022-09-19,San Francisco,075,870044,178099,176724,12039,188763,1025
2022-09-19,San Joaquin,077,732212,197202,196128,14722,210850,2304
2022-09-19,San Luis Obispo,079,281455,63001,62716,7158,69874,520
2022-09-19,San Mateo,081,765935,167644,166572,10622,177194,735
2022-09-19,Santa Barbara,083,443738,105329,104912,6903,111815,718
2022-09-19,Santa Clara,085,1922200,434384,428065,18753,446818,2473
2022-09-19,Santa Cruz,087,273765,62742,62480,3427,65907,274
2022-09-19,Shasta,089,179085,34816,34648,7434,42082,591
2022-09-19,Sierra,091,2930,303,303,60,363,5
2022-09-19,Siskiyou,093,43540,5120,5226,3295,8521,90
2022-09-19,Solano,095,438530,104627,104085,7871,111956,462
2022-09-19,Sonoma,097,501317,106424,106028,5311,111339,518
2022-09-19,Stanislaus,099,539301,137515,136981,21549,158530,1727
2022-09-19,Sutter,101,95872,24175,24119,2468,26587,232
2022-09-19,Tehama,103,63373,13573,13503,3076,16579,210
2022-09-19,Trinity,105,12862,1391,1385,387,1772,20
2022-09-19,Tulare,107,460477,121393,121230,36308,157538,1531
2022-09-19,Tuolumne,109,53932,15501,15411,925,16336,196
2022-09-19,Ventura,111,848112,207822,207049,15775,222824,1563
2022-09-19,Yolo,113,214977,47088,47085,4418,51503,334
2022-09-19,Yuba,115,75493,18837,18764,1701,20465,129
2022-09-18,Alameda,001,1643700,346041,344045,19681,363726,2007
2022-09-18,Alpine,003,1148,134,134,1,135,0
2022-09-18,Amador,005,37829,9955,9908,922,10830,90
2022-09-18,Butte,007,227075,39390,39155,9037,48192,453
2022-09-18,Calaveras,009,45235,8471,8455,540,8995,133
2022-09-18,Colusa,011,21464,3785,3765,1271,5036,22
2022-09-18,Contra Costa,013,1133247,249958,247095,20747,267842,1423
2022-09-18,Del Norte,015,27424,7389,7381,405,7786,56
2022-09-18,El Dorado,017,186661,32163,32088,4262,36350,231
2022-09-18,Fresno,019,978130,274300,272774,31388,304162,2839
2022-09-18,Glenn,021,27897,5510,5481,1863,7344,48
2022-09-18,Humboldt,023,135768,21675,21561,4987,26548,155
2022-09-18,Imperial,025,180216,65292,65099,15697,80796,956
2022-09-18,Inyo,027,18085,4480,4472,971,5443,59
2022-09-18,Kern,029,883053,218753,217694,63260,280954,2405
2022-09-18,Kings,031,150075,59284,59122,4089,63211,456
2022-09-18,Lake,033,64148,12733,12696,1204,13900,144
2022-09-18,Lassen,035,31185,9942,9938,991,10929,65
2022-09-18,Los Angeles,037,10098052,3271582,3253906,180314,3434220,33160
2022-09-18,Madera,039,155013,43856,43782,8246,52028,373
2022-09-18,Marin,041,260295,44893,44702,5286,49988,309
2022-09-18,Mariposa,043,17540,3076,3064,364,3428,31
2022-09-18,Mendocino,045,87422,15937,15872,4484,20356,136
2022-09-18,Merced,047,269075,72199,71732,11820,83552,862
2022-09-18,Modoc,049,8938,872,872,322,1194,11
2022-09-18,Mono,051,14174,3200,3191,254,3445,7
2022-09-18,Monterey,053,433212,93882,93692,20975,114667,762
2022-09-18,Napa,055,140530,32045,31979,1404,33383,160
2022-09-18,Nevada,057,99092,18898,18824,1840,20664,132
2022-09-18,Orange,059,3164182,664717,662784,62384,725168,7398
2022-09-18,Placer,061,380077,75478,75159,9497,84656,660
2022-09-18,Plumas,063,18699,3635,3609,432,4041,13
2022-09-18,Riverside,065,2383286,693373,691630,35214,726844,6608
2022-09-18,Sacramento,067,1510023,345234,343926,33828,377754,3267
2022-09-18,San Benito,069,59416,16192,16057,964,17021,106
2022-09-18,San Bernardino,071,2135413,669102,664360,30881,695241,8074
2022-09-18,San Diego,073,3302833,920179,917229,71511,988740,5479
2022-09-18,San Francisco,075,870044,177961,176724,12033,188757,1025
2022-09-18,San Joaquin,077,732212,197124,196128,14715,210843,2304
2022-09-18,San Luis Obispo,079,281455,62981,62716,7149,69865,520
2022-09-18,San Mateo,081,765935,167539,166572,10613,177185,735
2022-09-18,Santa Barbara,083,443738,105283,104912,6899,111811,718
2022-09-18,Santa Clara,085,1922200,434136,428065,18732,446797,2473
2022-09-18,Santa Cruz,087,273765,62712,62480,3422,65902,274
2022-09-18,Shasta,089,179085,34798,34648,7421,42069,591
2022-09-18,Sierra,091,2930,303,303,60,363,5
2022-09-18,Siskiyou,093,43540,5117,5226,3293,8519,90
2022-09-18,Solano,095,438530,104573,104085,7862,111947,462
2022-09-18,Sonoma,097,501317,106370,106028,5307,111335,518
2022-09-18,Stanislaus,099,539301,137462,136981,21537,158518,1727
2022-09-18,Sutter,101,95872,24162,24119,2468,26587,232
2022-09-18,Tehama,103,63373,13563,13503,3074,16577,210
2022-09-18,Trinity,105,12862,1391,1385,384,1769,20
2022-09-18,Tulare,107,460477,121347,121230,36276,157506,1531
2022-09-18,Tuolumne,109,53932,15492,15411,923,16334,196
2022-09-18,Ventura,111,848112,207712,207049,15762,222811,1563
2022-09-18,Yolo,113,214977,47075,47085,4415,51500,334
2022-09-18,Yuba,115,75493,18827,18764,1701,20465,129
2022-09-17,Alameda,001,1643700,345922,344045,19677,363722,2007
2022-09-17,Alpine,003,1148,134,134,1,135,0
2022-09-17,Amador,005,37829,9953,9908,922,10830,90
2022-09-17,Butte,007,227075,39379,39155,9032,48187,453
2022-09-17,Calaveras,009,45235,8467,8455,538,8993,133
2022-09-17,Colusa,011,21464,3781,3765,1271,5036,22
2022-09-17,Contra Costa,013,1133247,249874,247095,20743,267838,1423
2022-09-17,Del Norte,015,27424,7388,7381,405,7786,56
2022-09-17,El Dorado,017,186661,32158,32088,4261,36349,231
2022-09-17,Fresno,019,978130,274254,272774,31378,304152,2839
2022-09-17,Glenn,021,27897,5506,5481,1861,7342,48
2022-09-17,Humboldt,023,135768,21667,21561,4981,26542,155
2022-09-17,Imperial,025,180216,65271,65099,15689,80788,956
2022-09-17,Inyo,027,18085,4480,4472,969,5441,59
2022-09-17,Kern,029,883053,218716,217694,63216,280910,2405
2022-09-17,Kings,031,150075,59273,59122,4087,63209,456
2022-09-17,Lake,033,64148,12732,12696,1204,13900,144
2022-09-17,Lassen,035,31185,9942,9938,991,10929,65
2022-09-17,Los Angeles,037,10098052,3270755,3253906,180167,3434073,33160
2022-09-17,Madera,039,155013,43849,43782,8246,52028,373
2022-09-17,Marin,041,260295,44877,44702,5282,49984,309
2022-09-17,Mariposa,043,17540,3075,3064,364,3428,31
2022-09-17,Mendocino,045,87422,15935,15872,4484,20356,136
2022-09-17,Merced,047,269075,72185,71732,11817,83549,862
2022-09-17,Modoc,049,8938,872,872,322,1194,11
2022-09-17,Mono,051,14174,3200,3191,254,3445,7
2022-09-17,Monterey,053,433212,93869,93692,20966,114658,762
2022-09-17,Napa,055,140530,32039,31979,1403,33382,160
2022-09-17,Nevada,057,99092,18890,18824,1837,20661,132
2022-09-17,Orange,059,3164182,664545,662784,62344,725128,7398
2022-09-17,Placer,061,380077,75444,75159,9490,84649,660
2022-09-17,Plumas,063,18699,3633,3609,432,4041,13
2022-09-17,Riverside,065,2383286,693231,691630,35195,726825,6608
2022-09-17,Sacramento,067,1510023,345157,343926,33810,377736,3267
2022-09-17,San Benito,069,59416,16186,16057,962,17019,106
2022-09-17,San Bernardino,071,2135413,668972,664360,30869,695229,8074
2022-09-17,San Diego,073,3302833,919999,917229,71490,988719,5479
2022-09-17,San Francisco,075,870044,177900,176724,12029,188753,1025
2022-09-17,San Joaquin,077,732212,197099,196128,14712,210840,2304
2022-09-17,San Luis Obispo,079,281455,62970,62716,7149,69865,520
2022-09-17,San Mateo,081,765935,167475,166572,10605,177177,735
2022-09-17,Santa Barbara,083,443738,105254,104912,6897,111809,718
2022-09-17,Santa Clara,085,1922200,433997,428065,18725,446790,2473
2022-09-17,Santa Cruz,087,273765,62704,62480,3422,65902,274
2022-09-17,Shasta,089,179085,34788,34648,7415,42063,591
2022-09-17,Sierra,091,2930,303,303,60,363,5
2022-09-17,Siskiyou,093,43540,5116,5226,3292,8518,90
2022-09-17,Solano,095,438530,104562,104085,7860,111945,462
2022-09-17,Sonoma,097,501317,106335,106028,5306,111334,518
2022-09-17,Stanislaus,099,539301,137439,136981,21529,158510,1727
2022-09-17,Sutter,101,95872,24156,24119,2468,26587,232
2022-09-17,Tehama,103,63373,13561,13503,3073,16576,210
2022-09-17,Trinity,105,12862,1391,1385,384,1769,20
2022-09-17,Tulare,107,460477,121330,121230,36263,157493,1531
2022-09-17,Tuolumne,109,53932,15487,15411,922,16333,196
2022-09-17,Ventura,111,848112,207668,207049,15751,222800,1563
2022-09-17,Yolo,113,214977,47066,47085,4409,51494,334
2022-09-17,Yuba,115,75493,18824,18764,1701,20465,129
2022-09-16,Alameda,001,1643700,345788,344045,19663,363708,2007
2022-09-16,Alpine,003,1148,134,134,1,135,0
2022-09-16,Amador,005,37829,9951,9908,922,10830,90
2022-09-16,Butte,007,227075,39363,39155,9029,48184,453
2022-09-16,Calaveras,009,45235,8464,8455,538,8993,133
2022-09-16,Colusa,011,21464,3780,3765,1271,5036,22
2022-09-16,Contra Costa,013,1133247,249790,247095,20736,267831,1423
2022-09-16,Del Norte,015,27424,7387,7381,405,7786,56
2022-09-16,El Dorado,017,186661,32152,32088,4259,36347,231
2022-09-16,Fresno,019,978130,274215,272774,31370,304144,2839
2022-09-16,Glenn,021,27897,5506,5481,1861,7342,48
2022-09-16,Humboldt,023,135768,21657,21561,4981,26542,155
2022-09-16,Imperial,025,180216,65258,65099,15684,80783,956
2022-09-16,Inyo,027,18085,4480,4472,967,5439,59
2022-09-16,Kern,029,883053,218675,217694,63193,280887,2405
2022-09-16,Kings,031,150075,59258,59122,4087,63209,456
2022-09-16,Lake,033,64148,12728,12696,1204,13900,144
2022-09-16,Lassen,035,31185,9941,9938,990,10928,65
2022-09-16,Los Angeles,037,10098052,3269863,3253906,180064,3433970,33160
2022-09-16,Madera,039,155013,43835,43782,8246,52028,373
2022-09-16,Marin,041,260295,44855,44702,5279,49981,309
2022-09-16,Mariposa,043,17540,3074,3064,364,3428,31
2022-09-16,Mendocino,045,87422,15930,15872,4483,20355,136
2022-09-16,Merced,047,269075,72170,71732,11815,83547,862
2022-09-16,Modoc,049,8938,872,872,322,1194,11
2022-09-16,Mono,051,14174,3200,3191,254,3445,7
2022-09-16,Monterey,053,433212,93852,93692,20963,114655,762
2022-09-16,Napa,055,140530,32029,31979,1402,33381,160
2022-09-16,Nevada,057,99092,18885,18824,1837,20661,132
2022-09-16,Orange,059,3164182,664385,662784,62287,725071,7398
2022-09-16,Placer,061,380077,75426,75159,9485,84644,660
2022-09-16,Plumas,063,18699,3631,3609,432,4041,13
2022-09-16,Riverside,065,2383286,693115,691630,35176,726806,6608
2022-09-16,Sacramento,067,1510023,345063,343926,33801,377727,3267
2022-09-16,San Benito,069,59416,16179,16057,962,17019,106
2022-09-16,San Bernardino,071,2135413,668829,664360,30857,695217,8074
2022-09-16,San Diego,073,3302833,919718,917229,71463,988692,5479
2022-09-16,San Francisco,075,870044,177842,176724,12023,188747,1025
2022-09-16,San Joaquin,077,732212,197063,196128,14709,210837,2304
2022-09-16,San Luis Obispo,079,281455,62954,62716,7148,69864,520
2022-09-16,San Mateo,081,765935,167407,166572,10600,177172,735
2022-09-16,Santa Barbara,083,443738,105229,104912,6895,111807,718
2022-09-16,Santa Clara,085,1922200,433857,428065,18715,446780,2473
2022-09-16,Santa Cruz,087,273765,62683,62480,3422,65902,274
2022-09-16,Shasta,089,179085,34782,34648,7411,42059,591
2022-09-16,Sierra,091,2930,303,303,60,363,5
2022-09-16,Siskiyou,093,43540,5114,5226,3292,8518,90
2022-09-16,Solano,095,438530,104538,104085,7856,111941,462
2022-09-16,Sonoma,097,501317,106304,106028,5306,111334,518
2022-09-16,Stanislaus,099,539301,137401,136981,21526,158507,1727
2022-09-16,Sutter,101,95872,24143,24119,2468,26587,232
2022-09-16,Tehama,103,63373,13559,13503,3072,16575,210
2022-09-16,Trinity,105,12862,1391,1385,384,1769,20
2022-09-16,Tulare,107,460477,121305,121230,36244,157474,1531
2022-09-16,Tuolumne,109,53932,15476,15411,922,16333,196
2022-09-16,Ventura,111,848112,207603,207049,15737,222786,1563
2022-09-16,Yolo,113,214977,47056,47085,4403,51488,334
2022-09-16,Yuba,115,75493,18815,18764,1701,20465,129
2022-09-15,Alameda,001,1643700,345614,344045,19650,363695,2007
2022-09-15,Alpine,003,1148,134,134,1,135,0
2022-09-15,Amador,005,37829,9947,9908,922,10830,90
2022-09-15,Butte,007,227075,39353,39155,9024,48179,453
2022-09-15,Calaveras,009,45235,8462,8455,535,8990,133
2022-09-15,Colusa,011,21464,3779,3765,1271,5036,22
2022-09-15,Contra Costa,013,1133247,249660,247095,20716,267811,1423
2022-09-15,Del Norte,015,27424,7384,7381,405,7786,56
2022-09-15,El Dorado,017,186661,32143,32088,4257,36345,231
2022-09-15,Fresno,019,978130,274116,272774,31358,304132,2839
2022-09-15,Glenn,021,27897,5506,5481,1860,7341,48
2022-09-15,Humboldt,023,135768,21640,21561,4973,26534,155
2022-09-15,Imperial,025,180216,65235,65099,15668,80767,956
2022-09-15,Inyo,027,18085,4480,4472,964,5436,59
2022-09-15,Kern,029,883053,218617,217694,63138,280832,2405
2022-09-15,Kings,031,150075,59241,59122,4087,63209,456
2022-09-15,Lake,033,64148,12725,12696,1203,13899,144
2022-09-15,Lassen,035,31185,9940,9938,990,10928,65
2022-09-15,Los Angeles,037,10098052,3268701,3253906,179901,3433807,33160
2022-09-15,Madera,039,155013,43824,43782,8243,52025,373
2022-09-15,Marin,041,260295,44837,44702,5276,49978,309
2022-09-15,Mariposa,043,17540,3073,3064,363,3427,31
2022-09-15,Mendocino,045,87422,15920,15872,4480,20352,136
2022-09-15,Merced,047,269075,72148,71732,11811,83543,862
2022-09-15,Modoc,049,8938,872,872,321,1193,11
2022-09-15,Mono,051,14174,3200,3191,252,3443,7
2022-09-15,Monterey,053,433212,93831,93692,20953,114645,762
2022-09-15,Napa,055,140530,32016,31979,1402,33381,160
2022-09-15,Nevada,057,99092,18877,18824,1834,20658,132
2022-09-15,Orange,059,3164182,664158,662784,62212,724996,7398
2022-09-15,Placer,061,380077,75389,75159,9480,84639,660
2022-09-15,Plumas,063,18699,3631,3609,432,4041,13
2022-09-15,Riverside,065,2383286,692944,691630,35158,726788,6608
2022-09-15,Sacramento,067,1510023,344911,343926,33772,377698,3267
2022-09-15,San Benito,069,59416,16173,16057,962,17019,106
2022-09-15,San Bernardino,071,2135413,668639,664360,30837,695197,8074
2022-09-15,San Diego,073,3302833,919359,917229,71425,988654,5479
2022-09-15,San Francisco,075,870044,177735,176724,12016,188740,1025
2022-09-15,San Joaquin,077,732212,196996,196128,14696,210824,2304
2022-09-15,San Luis Obispo,079,281455,62930,62716,7145,69861,520
2022-09-15,San Mateo,081,765935,167317,166572,10590,177162,735
2022-09-15,Santa Barbara,083,443738,105192,104912,6886,111798,718
2022-09-15,Santa Clara,085,1922200,433647,428065,18701,446766,2473
2022-09-15,Santa Cruz,087,273765,62662,62480,3418,65898,274
2022-09-15,Shasta,089,179085,34776,34648,7403,42051,591
2022-09-15,Sierra,091,2930,303,303,60,363,5
2022-09-15,Siskiyou,093,43540,5110,5226,3289,8515,90
2022-09-15,Solano,095,438530,104496,104085,7850,111935,462
2022-09-15,Sonoma,097,501317,106268,106028,5303,111331,518
2022-09-15,Stanislaus,099,539301,137360,136981,21520,158501,1727
2022-09-15,Sutter,101,95872,24135,24119,2468,26587,232
2022-09-15,Tehama,103,63373,13554,13503,3070,16573,210
2022-09-15,Trinity,105,12862,1390,1385,383,1768,20
2022-09-15,Tulare,107,460477,121278,121230,36224,157454,1531
2022-09-15,Tuolumne,109,53932,15467,15411,922,16333,196
2022-09-15,Ventura,111,848112,207510,207049,15721,222770,1563
2022-09-15,Yolo,113,214977,47043,47085,4401,51486,334
2022-09-15,Yuba,115,75493,18807,18764,1699,20463,129
2022-09-14,Alameda,001,1643700,345434,344045,19638,363683,2007
2022-09-14,Alpine,003,1148,134,134,1,135,0
2022-09-14,Amador,005,37829,9941,9908,922,10830,90
2022-09-14,Butte,007,227075,39335,39155,9016,48171,453
2022-09-14,Calaveras,009,45235,8456,8455,533,8988,133
2022-09-14,Colusa,011,21464,3776,3765,1271,5036,22
2022-09-14,Contra Costa,013,1133247,249554,247095,20697,267792,1423
2022-09-14,Del Norte,015,27424,7381,7381,405,7786,56
2022-09-14,El Dorado,017,186661,32133,32088,4250,36338,231
2022-09-14,Fresno,019,978130,274023,272774,31341,304115,2839
2022-09-14,Glenn,021,27897,5506,5481,1857,7338,48
2022-09-14,Humboldt,023,135768,21619,21561,4969,26530,155
2022-09-14,Imperial,025,180216,65209,65099,15650,80749,956
2022-09-14,Inyo,027,18085,4478,4472,962,5434,59
2022-09-14,Kern,029,883053,218556,217694,63082,280776,2405
2022-09-14,Kings,031,150075,59219,59122,4083,63205,456
2022-09-14,Lake,033,64148,12717,12696,1202,13898,144
2022-09-14,Lassen,035,31185,9940,9938,988,10926,65
2022-09-14,Los Angeles,037,10098052,3267449,3253906,179755,3433661,33160
2022-09-14,Madera,039,155013,43794,43782,8238,52020,373
2022-09-14,Marin,041,260295,44815,44702,5268,49970,309
2022-09-14,Mariposa,043,17540,3072,3064,363,3427,31
2022-09-14,Mendocino,045,87422,15917,15872,4477,20349,136
2022-09-14,Merced,047,269075,72123,71732,11798,83530,862
2022-09-14,Modoc,049,8938,871,872,320,1192,11
2022-09-14,Mono,051,14174,3200,3191,251,3442,7
2022-09-14,Monterey,053,433212,93813,93692,20944,114636,762
2022-09-14,Napa,055,140530,32003,31979,1398,33377,160
2022-09-14,Nevada,057,99092,18867,18824,1831,20655,132
2022-09-14,Orange,059,3164182,663876,662784,62160,724944,7398
2022-09-14,Placer,061,380077,75358,75159,9476,84635,660
2022-09-14,Plumas,063,18699,3625,3609,432,4041,13
2022-09-14,Riverside,065,2383286,692711,691630,35127,726757,6608
2022-09-14,Sacramento,067,1510023,344756,343926,33731,377657,3267
2022-09-14,San Benito,069,59416,16166,16057,961,17018,106
2022-09-14,San Bernardino,071,2135413,668448,664360,30819,695179,8074
2022-09-14,San Diego,073,3302833,918978,917229,71377,988606,5479
2022-09-14,San Francisco,075,870044,177638,176724,12009,188733,1025
2022-09-14,San Joaquin,077,732212,196928,196128,14685,210813,2304
2022-09-14,San Luis Obispo,079,281455,62907,62716,7139,69855,520
2022-09-14,San Mateo,081,765935,167240,166572,10585,177157,735
2022-09-14,Santa Barbara,083,443738,105157,104912,6884,111796,718
2022-09-14,Santa Clara,085,1922200,433453,428065,18690,446755,2473
2022-09-14,Santa Cruz,087,273765,62648,62480,3417,65897,274
2022-09-14,Shasta,089,179085,34764,34648,7393,42041,591
2022-09-14,Sierra,091,2930,303,303,60,363,5
2022-09-14,Siskiyou,093,43540,5106,5226,3288,8514,90
2022-09-14,Solano,095,438530,104463,104085,7847,111932,462
2022-09-14,Sonoma,097,501317,106216,106028,5299,111327,518
2022-09-14,Stanislaus,099,539301,137295,136981,21507,158488,1727
2022-09-14,Sutter,101,95872,24122,24119,2468,26587,232
2022-09-14,Tehama,103,63373,13553,13503,3067,16570,210
2022-09-14,Trinity,105,12862,1390,1385,379,1764,20
2022-09-14,Tulare,107,460477,121254,121230,36201,157431,1531
2022-09-14,Tuolumne,109,53932,15459,15411,922,16333,196
2022-09-14,Ventura,111,848112,207424,207049,15708,222757,1563
2022-09-14,Yolo,113,214977,47035,47085,4394,51479,334
2022-09-14,Yuba,115,75493,18800,18764,1698,20462,129
2022-09-13,Alameda,001,1643700,345242,344045,19626,363671,2007
2022-09-13,Alpine,003,1148,134,134,1,135,0
2022-09-13,Amador,005,37829,9936,9908,922,10830,90
2022-09-13,Butte,007,227075,39308,39155,9009,48164,453
2022-09-13,Calaveras,009,45235,8453,8455,531,8986,133
2022-09-13,Colusa,011,21464,3775,3765,1271,5036,22
2022-09-13,Contra Costa,013,1133247,249425,247095,20684,267779,1423
2022-09-13,Del Norte,015,27424,7377,7381,405,7786,56
2022-09-13,El Dorado,017,186661,32119,32088,4246,36334,231
2022-09-13,Fresno,019,978130,273929,272774,31324,304098,2839
2022-09-13,Glenn,021,27897,5505,5481,1855,7336,48
2022-09-13,Humboldt,023,135768,21602,21561,4960,26521,155
2022-09-13,Imperial,025,180216,65187,65099,15639,80738,956
2022-09-13,Inyo,027,18085,4476,4472,959,5431,59
2022-09-13,Kern,029,883053,218464,217694,62999,280693,2405
2022-09-13,Kings,031,150075,59183,59122,4081,63203,456
2022-09-13,Lake,033,64148,12712,12696,1201,13897,144
2022-09-13,Lassen,035,31185,9940,9938,985,10923,65
2022-09-13,Los Angeles,037,10098052,3266123,3253906,179604,3433510,33160
2022-09-13,Madera,039,155013,43783,43782,8230,52012,373
2022-09-13,Marin,041,260295,44799,44702,5264,49966,309
2022-09-13,Mariposa,043,17540,3070,3064,363,3427,31
2022-09-13,Mendocino,045,87422,15912,15872,4473,20345,136
2022-09-13,Merced,047,269075,72100,71732,11794,83526,862
2022-09-13,Modoc,049,8938,871,872,320,1192,11
2022-09-13,Mono,051,14174,3200,3191,251,3442,7
2022-09-13,Monterey,053,433212,93784,93692,20931,114623,762
2022-09-13,Napa,055,140530,31984,31979,1398,33377,160
2022-09-13,Nevada,057,99092,18856,18824,1829,20653,132
2022-09-13,Orange,059,3164182,663593,662784,62089,724873,7398
2022-09-13,Placer,061,380077,75324,75159,9472,84631,660
2022-09-13,Plumas,063,18699,3622,3609,432,4041,13
2022-09-13,Riverside,065,2383286,692488,691630,35102,726732,6608
2022-09-13,Sacramento,067,1510023,344577,343926,33694,377620,3267
2022-09-13,San Benito,069,59416,16157,16057,961,17018,106
2022-09-13,San Bernardino,071,2135413,668204,664360,30799,695159,8074
2022-09-13,San Diego,073,3302833,918574,917229,71337,988566,5479
2022-09-13,San Francisco,075,870044,177534,176724,12002,188726,1025
2022-09-13,San Joaquin,077,732212,196848,196128,14678,210806,2304
2022-09-13,San Luis Obispo,079,281455,62877,62716,7131,69847,520
2022-09-13,San Mateo,081,765935,167156,166572,10581,177153,735
2022-09-13,Santa Barbara,083,443738,105103,104912,6876,111788,718
2022-09-13,Santa Clara,085,1922200,433221,428065,18679,446744,2473
2022-09-13,Santa Cruz,087,273765,62623,62480,3415,65895,274
2022-09-13,Shasta,089,179085,34741,34648,7388,42036,591
2022-09-13,Sierra,091,2930,303,303,60,363,5
2022-09-13,Siskiyou,093,43540,5102,5226,3287,8513,90
2022-09-13,Solano,095,438530,104408,104085,7839,111924,462
2022-09-13,Sonoma,097,501317,106160,106028,5297,111325,518
2022-09-13,Stanislaus,099,539301,137246,136981,21501,158482,1727
2022-09-13,Sutter,101,95872,24111,24119,2467,26586,232
2022-09-13,Tehama,103,63373,13544,13503,3066,16569,210
2022-09-13,Trinity,105,12862,1389,1385,379,1764,20
2022-09-13,Tulare,107,460477,121225,121230,36170,157400,1531
2022-09-13,Tuolumne,109,53932,15453,15411,922,16333,196
2022-09-13,Ventura,111,848112,207333,207049,15688,222737,1563
2022-09-13,Yolo,113,214977,47023,47085,4389,51474,334
2022-09-13,Yuba,115,75493,18791,18764,1697,20461,129
2022-09-12,Alameda,001,1643700,345022,343017,19608,362625,2006
2022-09-12,Alpine,003,1148,134,134,1,135,0
2022-09-12,Amador,005,37829,9928,9890,921,10811,89
2022-09-12,Butte,007,227075,39289,39049,8999,48048,453
2022-09-12,Calaveras,009,45235,8449,8444,531,8975,133
2022-09-12,Colusa,011,21464,3774,3755,1270,5025,22
2022-09-12,Contra Costa,013,1133247,249297,246174,20665,266839,1415
2022-09-12,Del Norte,015,27424,7374,7354,405,7759,56
2022-09-12,El Dorado,017,186661,32102,32027,4240,36267,229
2022-09-12,Fresno,019,978130,273805,272161,31304,303465,2835
2022-09-12,Glenn,021,27897,5501,5473,1855,7328,48
2022-09-12,Humboldt,023,135768,21587,21494,4948,26442,155
2022-09-12,Imperial,025,180216,65164,64926,15620,80546,956
2022-09-12,Inyo,027,18085,4474,4465,957,5422,59
2022-09-12,Kern,029,883053,218389,217203,62927,280130,2404
2022-09-12,Kings,031,150075,59166,58980,4077,63057,455
2022-09-12,Lake,033,64148,12704,12663,1197,13860,144
2022-09-12,Lassen,035,31185,9939,9931,985,10916,64
2022-09-12,Los Angeles,037,10098052,3264596,3246402,179415,3425817,33094
2022-09-12,Madera,039,155013,43771,43599,8220,51819,373
2022-09-12,Marin,041,260295,44779,44584,5260,49844,305
2022-09-12,Mariposa,043,17540,3067,3058,361,3419,31
2022-09-12,Mendocino,045,87422,15902,15853,4464,20317,135
2022-09-12,Merced,047,269075,72063,71563,11778,83341,856
2022-09-12,Modoc,049,8938,871,872,318,1190,11
2022-09-12,Mono,051,14174,3196,3188,251,3439,7
2022-09-12,Monterey,053,433212,93751,93513,20907,114420,762
2022-09-12,Napa,055,140530,31962,31910,1398,33308,158
2022-09-12,Nevada,057,99092,18847,18784,1828,20612,132
2022-09-12,Orange,059,3164182,663298,661329,62013,723342,7371
2022-09-12,Placer,061,380077,75293,74994,9467,84461,657
2022-09-12,Plumas,063,18699,3619,3594,431,4025,13
2022-09-12,Riverside,065,2383286,692203,690018,35079,725097,6596
2022-09-12,Sacramento,067,1510023,344410,343048,33663,376711,3254
2022-09-12,San Benito,069,59416,16144,16000,961,16961,103
2022-09-12,San Bernardino,071,2135413,667891,662248,30782,693030,8057
2022-09-12,San Diego,073,3302833,918089,915648,71288,986936,5474
2022-09-12,San Francisco,075,870044,177418,176512,11995,188507,1022
2022-09-12,San Joaquin,077,732212,196753,195697,14665,210362,2303
2022-09-12,San Luis Obispo,079,281455,62850,62569,7124,69693,519
2022-09-12,San Mateo,081,765935,167064,166165,10570,176735,735
2022-09-12,Santa Barbara,083,443738,105066,104627,6872,111499,717
2022-09-12,Santa Clara,085,1922200,432963,426854,18666,445520,2478
2022-09-12,Santa Cruz,087,273765,62595,62255,3414,65669,274
2022-09-12,Shasta,089,179085,34720,34531,7381,41912,591
2022-09-12,Sierra,091,2930,303,303,60,363,5
2022-09-12,Siskiyou,093,43540,5099,5197,3284,8481,90
2022-09-12,Solano,095,438530,104356,103841,7832,111673,461
2022-09-12,Sonoma,097,501317,106113,105778,5288,111066,521
2022-09-12,Stanislaus,099,539301,137188,136674,21495,158169,1726
2022-09-12,Sutter,101,95872,24100,24037,2465,26502,228
2022-09-12,Tehama,103,63373,13538,13471,3065,16536,210
2022-09-12,Trinity,105,12862,1388,1383,378,1761,20
2022-09-12,Tulare,107,460477,121174,120972,36133,157105,1529
2022-09-12,Tuolumne,109,53932,15444,15362,922,16284,196
2022-09-12,Ventura,111,848112,207226,206442,15670,222112,1558
2022-09-12,Yolo,113,214977,47008,46989,4387,51376,334
2022-09-12,Yuba,115,75493,18777,18709,1692,20401,129
2022-09-11,Alameda,001,1643700,344757,343017,19585,362602,2006
2022-09-11,Alpine,003,1148,134,134,1,135,0
2022-09-11,Amador,005,37829,9921,9890,918,10808,89
2022-09-11,Butte,007,227075,39255,39049,8991,48040,453
2022-09-11,Calaveras,009,45235,8446,8444,530,8974,133
2022-09-11,Colusa,011,21464,3772,3755,1268,5023,22
2022-09-11,Contra Costa,013,1133247,249135,246174,20634,266808,1415
2022-09-11,Del Norte,015,27424,7369,7354,404,7758,56
2022-09-11,El Dorado,017,186661,32086,32027,4232,36259,229
2022-09-11,Fresno,019,978130,273697,272161,31281,303442,2835
2022-09-11,Glenn,021,27897,5498,5473,1855,7328,48
2022-09-11,Humboldt,023,135768,21570,21494,4934,26428,155
2022-09-11,Imperial,025,180216,65121,64926,15592,80518,956
2022-09-11,Inyo,027,18085,4473,4465,948,5413,59
2022-09-11,Kern,029,883053,218284,217203,62826,280029,2404
2022-09-11,Kings,031,150075,59129,58980,4074,63054,455
2022-09-11,Lake,033,64148,12690,12663,1194,13857,144
2022-09-11,Lassen,035,31185,9934,9931,985,10916,64
2022-09-11,Los Angeles,037,10098052,3262852,3246402,179173,3425575,33094
2022-09-11,Madera,039,155013,43741,43599,8211,51810,373
2022-09-11,Marin,041,260295,44752,44584,5258,49842,305
2022-09-11,Mariposa,043,17540,3064,3058,361,3419,31
2022-09-11,Mendocino,045,87422,15893,15853,4457,20310,135
2022-09-11,Merced,047,269075,72027,71563,11766,83329,856
2022-09-11,Modoc,049,8938,871,872,317,1189,11
2022-09-11,Mono,051,14174,3193,3188,251,3439,7
2022-09-11,Monterey,053,433212,93723,93513,20888,114401,762
2022-09-11,Napa,055,140530,31942,31910,1396,33306,158
2022-09-11,Nevada,057,99092,18837,18784,1824,20608,132
2022-09-11,Orange,059,3164182,662998,661329,61943,723272,7371
2022-09-11,Placer,061,380077,75260,74994,9461,84455,657
2022-09-11,Plumas,063,18699,3613,3594,431,4025,13
2022-09-11,Riverside,065,2383286,691924,690018,35047,725065,6596
2022-09-11,Sacramento,067,1510023,344209,343048,33600,376648,3254
2022-09-11,San Benito,069,59416,16136,16000,956,16956,103
2022-09-11,San Bernardino,071,2135413,667569,662248,30763,693011,8057
2022-09-11,San Diego,073,3302833,917543,915648,71225,986873,5474
2022-09-11,San Francisco,075,870044,177265,176512,11980,188492,1022
2022-09-11,San Joaquin,077,732212,196651,195697,14644,210341,2303
2022-09-11,San Luis Obispo,079,281455,62823,62569,7105,69674,519
2022-09-11,San Mateo,081,765935,166952,166165,10565,176730,735
2022-09-11,Santa Barbara,083,443738,105025,104627,6868,111495,717
2022-09-11,Santa Clara,085,1922200,432675,426854,18651,445505,2478
2022-09-11,Santa Cruz,087,273765,62559,62255,3410,65665,274
2022-09-11,Shasta,089,179085,34691,34531,7372,41903,591
2022-09-11,Sierra,091,2930,303,303,60,363,5
2022-09-11,Siskiyou,093,43540,5097,5197,3278,8475,90
2022-09-11,Solano,095,438530,104276,103841,7827,111668,461
2022-09-11,Sonoma,097,501317,106047,105778,5281,111059,521
2022-09-11,Stanislaus,099,539301,137120,136674,21479,158153,1726
2022-09-11,Sutter,101,95872,24079,24037,2463,26500,228
2022-09-11,Tehama,103,63373,13524,13471,3062,16533,210
2022-09-11,Trinity,105,12862,1388,1383,378,1761,20
2022-09-11,Tulare,107,460477,121127,120972,36095,157067,1529
2022-09-11,Tuolumne,109,53932,15436,15362,921,16283,196
2022-09-11,Ventura,111,848112,207088,206442,15643,222085,1558
2022-09-11,Yolo,113,214977,46980,46989,4384,51373,334
2022-09-11,Yuba,115,75493,18768,18709,1689,20398,129
2022-09-10,Alameda,001,1643700,344619,343017,19579,362596,2006
2022-09-10,Alpine,003,1148,134,134,1,135,0
2022-09-10,Amador,005,37829,9918,9890,917,10807,89
2022-09-10,Butte,007,227075,39238,39049,8990,48039,453
2022-09-10,Calaveras,009,45235,8444,8444,530,8974,133
2022-09-10,Colusa,011,21464,3771,3755,1268,5023,22
2022-09-10,Contra Costa,013,1133247,249027,246174,20622,266796,1415
2022-09-10,Del Norte,015,27424,7367,7354,403,7757,56
2022-09-10,El Dorado,017,186661,32077,32027,4231,36258,229
2022-09-10,Fresno,019,978130,273613,272161,31270,303431,2835
2022-09-10,Glenn,021,27897,5495,5473,1854,7327,48
2022-09-10,Humboldt,023,135768,21561,21494,4930,26424,155
2022-09-10,Imperial,025,180216,65099,64926,15581,80507,956
2022-09-10,Inyo,027,18085,4473,4465,948,5413,59
2022-09-10,Kern,029,883053,218230,217203,62786,279989,2404
2022-09-10,Kings,031,150075,59119,58980,4074,63054,455
2022-09-10,Lake,033,64148,12687,12663,1194,13857,144
2022-09-10,Lassen,035,31185,9933,9931,985,10916,64
2022-09-10,Los Angeles,037,10098052,3261915,3246402,179027,3425429,33094
2022-09-10,Madera,039,155013,43725,43599,8208,51807,373
2022-09-10,Marin,041,260295,44727,44584,5253,49837,305
2022-09-10,Mariposa,043,17540,3064,3058,360,3418,31
2022-09-10,Mendocino,045,87422,15891,15853,4454,20307,135
2022-09-10,Merced,047,269075,72013,71563,11763,83326,856
2022-09-10,Modoc,049,8938,871,872,316,1188,11
2022-09-10,Mono,051,14174,3192,3188,251,3439,7
2022-09-10,Monterey,053,433212,93703,93513,20882,114395,762
2022-09-10,Napa,055,140530,31934,31910,1396,33306,158
2022-09-10,Nevada,057,99092,18833,18784,1824,20608,132
2022-09-10,Orange,059,3164182,662825,661329,61905,723234,7371
2022-09-10,Placer,061,380077,75231,74994,9459,84453,657
2022-09-10,Plumas,063,18699,3609,3594,431,4025,13
2022-09-10,Riverside,065,2383286,691745,690018,35033,725051,6596
2022-09-10,Sacramento,067,1510023,344115,343048,33591,376639,3254
2022-09-10,San Benito,069,59416,16130,16000,955,16955,103
2022-09-10,San Bernardino,071,2135413,667409,662248,30748,692996,8057
2022-09-10,San Diego,073,3302833,917315,915648,71202,986850,5474
2022-09-10,San Francisco,075,870044,177206,176512,11977,188489,1022
2022-09-10,San Joaquin,077,732212,196600,195697,14636,210333,2303
2022-09-10,San Luis Obispo,079,281455,62811,62569,7102,69671,519
2022-09-10,San Mateo,081,765935,166878,166165,10556,176721,735
2022-09-10,Santa Barbara,083,443738,105006,104627,6864,111491,717
2022-09-10,Santa Clara,085,1922200,432451,426854,18643,445497,2478
2022-09-10,Santa Cruz,087,273765,62549,62255,3406,65661,274
2022-09-10,Shasta,089,179085,34682,34531,7367,41898,591
2022-09-10,Sierra,091,2930,303,303,60,363,5
2022-09-10,Siskiyou,093,43540,5097,5197,3278,8475,90
2022-09-10,Solano,095,438530,104251,103841,7825,111666,461
2022-09-10,Sonoma,097,501317,106026,105778,5280,111058,521
2022-09-10,Stanislaus,099,539301,137080,136674,21473,158147,1726
2022-09-10,Sutter,101,95872,24064,24037,2463,26500,228
2022-09-10,Tehama,103,63373,13523,13471,3062,16533,210
2022-09-10,Trinity,105,12862,1388,1383,378,1761,20
2022-09-10,Tulare,107,460477,121101,120972,36083,157055,1529
2022-09-10,Tuolumne,109,53932,15430,15362,921,16283,196
2022-09-10,Ventura,111,848112,207020,206442,15628,222070,1558
2022-09-10,Yolo,113,214977,46970,46989,4381,51370,334
2022-09-10,Yuba,115,75493,18760,18709,1688,20397,129
2022-09-09,Alameda,001,1643700,344442,343017,19569,362586,2006
2022-09-09,Alpine,003,1148,134,134,1,135,0
2022-09-09,Amador,005,37829,9913,9890,917,10807,89
2022-09-09,Butte,007,227075,39225,39049,8985,48034,453
2022-09-09,Calaveras,009,45235,8442,8444,530,8974,133
2022-09-09,Colusa,011,21464,3769,3755,1267,5022,22
2022-09-09,Contra Costa,013,1133247,248950,246174,20611,266785,1415
2022-09-09,Del Norte,015,27424,7366,7354,403,7757,56
2022-09-09,El Dorado,017,186661,32069,32027,4229,36256,229
2022-09-09,Fresno,019,978130,273546,272161,31257,303418,2835
2022-09-09,Glenn,021,27897,5493,5473,1854,7327,48
2022-09-09,Humboldt,023,135768,21555,21494,4924,26418,155
2022-09-09,Imperial,025,180216,65075,64926,15572,80498,956
2022-09-09,Inyo,027,18085,4471,4465,940,5405,59
2022-09-09,Kern,029,883053,218169,217203,62741,279944,2404
2022-09-09,Kings,031,150075,59100,58980,4074,63054,455
2022-09-09,Lake,033,64148,12684,12663,1193,13856,144
2022-09-09,Lassen,035,31185,9933,9931,985,10916,64
2022-09-09,Los Angeles,037,10098052,3260878,3246402,178881,3425283,33094
2022-09-09,Madera,039,155013,43707,43599,8206,51805,373
2022-09-09,Marin,041,260295,44714,44584,5252,49836,305
2022-09-09,Mariposa,043,17540,3063,3058,360,3418,31
2022-09-09,Mendocino,045,87422,15886,15853,4449,20302,135
2022-09-09,Merced,047,269075,71992,71563,11761,83324,856
2022-09-09,Modoc,049,8938,871,872,316,1188,11
2022-09-09,Mono,051,14174,3192,3188,251,3439,7
2022-09-09,Monterey,053,433212,93689,93513,20873,114386,762
2022-09-09,Napa,055,140530,31922,31910,1396,33306,158
2022-09-09,Nevada,057,99092,18826,18784,1824,20608,132
2022-09-09,Orange,059,3164182,662638,661329,61862,723191,7371
2022-09-09,Placer,061,380077,75209,74994,9456,84450,657
2022-09-09,Plumas,063,18699,3607,3594,431,4025,13
2022-09-09,Riverside,065,2383286,691560,690018,35018,725036,6596
2022-09-09,Sacramento,067,1510023,343980,343048,33579,376627,3254
2022-09-09,San Benito,069,59416,16120,16000,955,16955,103
2022-09-09,San Bernardino,071,2135413,667234,662248,30739,692987,8057
2022-09-09,San Diego,073,3302833,917052,915648,71177,986825,5474
2022-09-09,San Francisco,075,870044,177135,176512,11969,188481,1022
2022-09-09,San Joaquin,077,732212,196546,195697,14619,210316,2303
2022-09-09,San Luis Obispo,079,281455,62805,62569,7099,69668,519
2022-09-09,San Mateo,081,765935,166823,166165,10554,176719,735
2022-09-09,Santa Barbara,083,443738,104969,104627,6861,111488,717
2022-09-09,Santa Clara,085,1922200,432261,426854,18630,445484,2478
2022-09-09,Santa Cruz,087,273765,62528,62255,3404,65659,274
2022-09-09,Shasta,089,179085,34668,34531,7359,41890,591
2022-09-09,Sierra,091,2930,303,303,60,363,5
2022-09-09,Siskiyou,093,43540,5090,5197,3278,8475,90
2022-09-09,Solano,095,438530,104217,103841,7820,111661,461
2022-09-09,Sonoma,097,501317,105998,105778,5280,111058,521
2022-09-09,Stanislaus,099,539301,137054,136674,21464,158138,1726
2022-09-09,Sutter,101,95872,24057,24037,2462,26499,228
2022-09-09,Tehama,103,63373,13518,13471,3062,16533,210
2022-09-09,Trinity,105,12862,1387,1383,378,1761,20
2022-09-09,Tulare,107,460477,121065,120972,36061,157033,1529
2022-09-09,Tuolumne,109,53932,15429,15362,921,16283,196
2022-09-09,Ventura,111,848112,206951,206442,15613,222055,1558
2022-09-09,Yolo,113,214977,46955,46989,4381,51370,334
2022-09-09,Yuba,115,75493,18751,18709,1688,20397,129
2022-09-08,Alameda,001,1643700,344219,343017,19553,362570,2006
2022-09-08,Alpine,003,1148,134,134,1,135,0
2022-09-08,Amador,005,37829,9906,9890,917,10807,89
2022-09-08,Butte,007,227075,39204,39049,8974,48023,453
2022-09-08,Calaveras,009,45235,8442,8444,529,8973,133
2022-09-08,Colusa,011,21464,3769,3755,1267,5022,22
2022-09-08,Contra Costa,013,1133247,248826,246174,20589,266763,1415
2022-09-08,Del Norte,015,27424,7356,7354,403,7757,56
2022-09-08,El Dorado,017,186661,32055,32027,4224,36251,229
2022-09-08,Fresno,019,978130,273430,272161,31235,303396,2835
2022-09-08,Glenn,021,27897,5493,5473,1854,7327,48
2022-09-08,Humboldt,023,135768,21531,21494,4918,26412,155
2022-09-08,Imperial,025,180216,65045,64926,15549,80475,956
2022-09-08,Inyo,027,18085,4469,4465,938,5403,59
2022-09-08,Kern,029,883053,218080,217203,62651,279854,2404
2022-09-08,Kings,031,150075,59071,58980,4072,63052,455
2022-09-08,Lake,033,64148,12675,12663,1193,13856,144
2022-09-08,Lassen,035,31185,9932,9931,985,10916,64
2022-09-08,Los Angeles,037,10098052,3259420,3246402,178682,3425084,33094
2022-09-08,Madera,039,155013,43678,43599,8199,51798,373
2022-09-08,Marin,041,260295,44689,44584,5248,49832,305
2022-09-08,Mariposa,043,17540,3061,3058,359,3417,31
2022-09-08,Mendocino,045,87422,15879,15853,4449,20302,135
2022-09-08,Merced,047,269075,71965,71563,11747,83310,856
2022-09-08,Modoc,049,8938,871,872,316,1188,11
2022-09-08,Mono,051,14174,3192,3188,250,3438,7
2022-09-08,Monterey,053,433212,93660,93513,20849,114362,762
2022-09-08,Napa,055,140530,31909,31910,1396,33306,158
2022-09-08,Nevada,057,99092,18817,18784,1822,20606,132
2022-09-08,Orange,059,3164182,662363,661329,61795,723124,7371
2022-09-08,Placer,061,380077,75178,74994,9451,84445,657
2022-09-08,Plumas,063,18699,3604,3594,431,4025,13
2022-09-08,Riverside,065,2383286,691288,690018,34989,725007,6596
2022-09-08,Sacramento,067,1510023,343806,343048,33555,376603,3254
2022-09-08,San Benito,069,59416,16109,16000,955,16955,103
2022-09-08,San Bernardino,071,2135413,666941,662248,30726,692974,8057
2022-09-08,San Diego,073,3302833,916676,915648,71124,986772,5474
2022-09-08,San Francisco,075,870044,177009,176512,11961,188473,1022
2022-09-08,San Joaquin,077,732212,196461,195697,14601,210298,2303
2022-09-08,San Luis Obispo,079,281455,62788,62569,7091,69660,519
2022-09-08,San Mateo,081,765935,166740,166165,10548,176713,735
2022-09-08,Santa Barbara,083,443738,104929,104627,6854,111481,717
2022-09-08,Santa Clara,085,1922200,431991,426854,18618,445472,2478
2022-09-08,Santa Cruz,087,273765,62497,62255,3400,65655,274
2022-09-08,Shasta,089,179085,34647,34531,7349,41880,591
2022-09-08,Sierra,091,2930,303,303,60,363,5
2022-09-08,Siskiyou,093,43540,5085,5197,3277,8474,90
2022-09-08,Solano,095,438530,104162,103841,7810,111651,461
2022-09-08,Sonoma,097,501317,105919,105778,5271,111049,521
2022-09-08,Stanislaus,099,539301,136989,136674,21448,158122,1726
2022-09-08,Sutter,101,95872,24045,24037,2462,26499,228
2022-09-08,Tehama,103,63373,13510,13471,3059,16530,210
2022-09-08,Trinity,105,12862,1387,1383,378,1761,20
2022-09-08,Tulare,107,460477,121018,120972,36031,157003,1529
2022-09-08,Tuolumne,109,53932,15422,15362,920,16282,196
2022-09-08,Ventura,111,848112,206837,206442,15585,222027,1558
2022-09-08,Yolo,113,214977,46934,46989,4373,51362,334
2022-09-08,Yuba,115,75493,18741,18709,1684,20393,129
2022-09-07,Alameda,001,1643700,343974,342480,19545,362025,1999
2022-09-07,Alpine,003,1148,134,133,1,134,0
2022-09-07,Amador,005,37829,9903,9877,917,10794,89
2022-09-07,Butte,007,227075,39175,38969,8962,47931,453
2022-09-07,Calaveras,009,45235,8440,8437,527,8964,133
2022-09-07,Colusa,011,21464,3766,3748,1267,5015,22
2022-09-07,Contra Costa,013,1133247,248687,245708,20572,266280,1415
2022-09-07,Del Norte,015,27424,7354,7346,403,7749,56
2022-09-07,El Dorado,017,186661,32042,31979,4223,36202,229
2022-09-07,Fresno,019,978130,273272,271753,31205,302958,2835
2022-09-07,Glenn,021,27897,5491,5468,1853,7321,48
2022-09-07,Humboldt,023,135768,21513,21459,4915,26374,155
2022-09-07,Imperial,025,180216,65011,64755,15526,80281,956
2022-09-07,Inyo,027,18085,4464,4456,931,5387,59
2022-09-07,Kern,029,883053,217979,216932,62559,279491,2404
2022-09-07,Kings,031,150075,59036,58922,4068,62990,455
2022-09-07,Lake,033,64148,12667,12647,1191,13838,143
2022-09-07,Lassen,035,31185,9932,9918,984,10902,64
2022-09-07,Los Angeles,037,10098052,3257825,3242352,178482,3420834,32971
2022-09-07,Madera,039,155013,43631,43533,8199,51732,373
2022-09-07,Marin,041,260295,44666,44489,5246,49735,305
2022-09-07,Mariposa,043,17540,3059,3046,359,3405,31
2022-09-07,Mendocino,045,87422,15875,15813,4442,20255,135
2022-09-07,Merced,047,269075,71932,71448,11733,83181,856
2022-09-07,Modoc,049,8938,871,868,316,1184,11
2022-09-07,Mono,051,14174,3191,3184,250,3434,7
2022-09-07,Monterey,053,433212,93630,93430,20830,114260,762
2022-09-07,Napa,055,140530,31889,31854,1396,33250,156
2022-09-07,Nevada,057,99092,18805,18761,1819,20580,132
2022-09-07,Orange,059,3164182,662055,660580,61722,722302,7362
2022-09-07,Placer,061,380077,75152,74884,9441,84325,658
2022-09-07,Plumas,063,18699,3602,3588,430,4018,13
2022-09-07,Riverside,065,2383286,690957,688794,34962,723756,6591
2022-09-07,Sacramento,067,1510023,343644,342602,33522,376124,3248
2022-09-07,San Benito,069,59416,16096,15933,954,16887,103
2022-09-07,San Bernardino,071,2135413,666685,660303,30709,691012,8023
2022-09-07,San Diego,073,3302833,916184,914552,71079,985631,5468
2022-09-07,San Francisco,075,870044,176907,176386,11951,188337,1018
2022-09-07,San Joaquin,077,732212,196349,195359,14588,209947,2303
2022-09-07,San Luis Obispo,079,281455,62769,62548,7086,69634,517
2022-09-07,San Mateo,081,765935,166639,165893,10541,176434,736
2022-09-07,Santa Barbara,083,443738,104887,104452,6847,111299,717
2022-09-07,Santa Clara,085,1922200,431708,426178,18605,444783,2472
2022-09-07,Santa Cruz,087,273765,62464,62187,3397,65584,274
2022-09-07,Shasta,089,179085,34626,34484,7331,41815,591
2022-09-07,Sierra,091,2930,303,303,60,363,5
2022-09-07,Siskiyou,093,43540,5080,5190,3276,8466,89
2022-09-07,Solano,095,438530,104104,103665,7803,111468,463
2022-09-07,Sonoma,097,501317,105857,105389,5267,110656,517
2022-09-07,Stanislaus,099,539301,136913,136477,21436,157913,1726
2022-09-07,Sutter,101,95872,24031,23984,2462,26446,228
2022-09-07,Tehama,103,63373,13507,13453,3055,16508,210
2022-09-07,Trinity,105,12862,1387,1382,378,1760,20
2022-09-07,Tulare,107,460477,120966,120846,36000,156846,1529
2022-09-07,Tuolumne,109,53932,15415,15327,920,16247,196
2022-09-07,Ventura,111,848112,206722,206121,15562,221683,1557
2022-09-07,Yolo,113,214977,46905,46966,4367,51333,334
2022-09-07,Yuba,115,75493,18728,18665,1683,20348,129
2022-09-06,Alameda,001,1643700,343710,342480,19531,362011,1999
2022-09-06,Alpine,003,1148,133,133,1,134,0
2022-09-06,Amador,005,37829,9900,9877,917,10794,89
2022-09-06,Butte,007,227075,39144,38969,8951,47920,453
2022-09-06,Calaveras,009,45235,8438,8437,525,8962,133
2022-09-06,Colusa,011,21464,3764,3748,1267,5015,22
2022-09-06,Contra Costa,013,1133247,248521,245708,20544,266252,1415
2022-09-06,Del Norte,015,27424,7346,7346,403,7749,56
2022-09-06,El Dorado,017,186661,32024,31979,4217,36196,229
2022-09-06,Fresno,019,978130,273144,271753,31177,302930,2835
2022-09-06,Glenn,021,27897,5489,5468,1851,7319,48
2022-09-06,Humboldt,023,135768,21496,21459,4909,26368,155
2022-09-06,Imperial,025,180216,64961,64755,15498,80253,956
2022-09-06,Inyo,027,18085,4462,4456,924,5380,59
2022-09-06,Kern,029,883053,217885,216932,62459,279391,2404
2022-09-06,Kings,031,150075,58996,58922,4063,62985,455
2022-09-06,Lake,033,64148,12664,12647,1175,13822,143
2022-09-06,Lassen,035,31185,9929,9918,982,10900,64
2022-09-06,Los Angeles,037,10098052,3256041,3242352,178268,3420620,32971
2022-09-06,Madera,039,155013,43589,43533,8194,51727,373
2022-09-06,Marin,041,260295,44635,44489,5242,49731,305
2022-09-06,Mariposa,043,17540,3058,3046,358,3404,31
2022-09-06,Mendocino,045,87422,15870,15813,4434,20247,135
2022-09-06,Merced,047,269075,71895,71448,11715,83163,856
2022-09-06,Modoc,049,8938,870,868,316,1184,11
2022-09-06,Mono,051,14174,3191,3184,249,3433,7
2022-09-06,Monterey,053,433212,93595,93430,20811,114241,762
2022-09-06,Napa,055,140530,31873,31854,1396,33250,156
2022-09-06,Nevada,057,99092,18796,18761,1814,20575,132
2022-09-06,Orange,059,3164182,661693,660580,61647,722227,7362
2022-09-06,Placer,061,380077,75108,74884,9439,84323,658
2022-09-06,Plumas,063,18699,3598,3588,430,4018,13
2022-09-06,Riverside,065,2383286,690487,688794,34927,723721,6591
2022-09-06,Sacramento,067,1510023,343429,342602,33479,376081,3248
2022-09-06,San Benito,069,59416,16080,15933,954,16887,103
2022-09-06,San Bernardino,071,2135413,666415,660303,30690,690993,8023
2022-09-06,San Diego,073,3302833,915676,914552,71026,985578,5468
2022-09-06,San Francisco,075,870044,176773,176386,11939,188325,1018
2022-09-06,San Joaquin,077,732212,196258,195359,14573,209932,2303
2022-09-06,San Luis Obispo,079,281455,62728,62548,7084,69632,517
2022-09-06,San Mateo,081,765935,166534,165893,10529,176422,736
2022-09-06,Santa Barbara,083,443738,104831,104452,6841,111293,717
2022-09-06,Santa Clara,085,1922200,431448,426178,18591,444769,2472
2022-09-06,Santa Cruz,087,273765,62384,62187,3397,65584,274
2022-09-06,Shasta,089,179085,34578,34484,7308,41792,591
2022-09-06,Sierra,091,2930,303,303,60,363,5
2022-09-06,Siskiyou,093,43540,5078,5190,3272,8462,89
2022-09-06,Solano,095,438530,104040,103665,7791,111456,463
2022-09-06,Sonoma,097,501317,105797,105389,5263,110652,517
2022-09-06,Stanislaus,099,539301,136844,136477,21420,157897,1726
2022-09-06,Sutter,101,95872,24006,23984,2462,26446,228
2022-09-06,Tehama,103,63373,13498,13453,3052,16505,210
2022-09-06,Trinity,105,12862,1386,1382,378,1760,20
2022-09-06,Tulare,107,460477,120917,120846,35961,156807,1529
2022-09-06,Tuolumne,109,53932,15404,15327,920,16247,196
2022-09-06,Ventura,111,848112,206579,206121,15542,221663,1557
2022-09-06,Yolo,113,214977,46889,46966,4356,51322,334
2022-09-06,Yuba,115,75493,18707,18665,1682,20347,129
2022-09-05,Alameda,001,1643700,343420,342480,19521,362001,1999
2022-09-05,Alpine,003,1148,133,133,1,134,0
2022-09-05,Amador,005,37829,9896,9877,917,10794,89
2022-09-05,Butte,007,227075,39099,38969,8937,47906,453
2022-09-05,Calaveras,009,45235,8435,8437,524,8961,133
2022-09-05,Colusa,011,21464,3757,3748,1264,5012,22
2022-09-05,Contra Costa,013,1133247,248334,245708,20524,266232,1415
2022-09-05,Del Norte,015,27424,7341,7346,401,7747,56
2022-09-05,El Dorado,017,186661,32002,31979,4209,36188,229
2022-09-05,Fresno,019,978130,272914,271753,31112,302865,2835
2022-09-05,Glenn,021,27897,5486,5468,1847,7315,48
2022-09-05,Humboldt,023,135768,21481,21459,4902,26361,155
2022-09-05,Imperial,025,180216,64908,64755,15454,80209,956
2022-09-05,Inyo,027,18085,4460,4456,922,5378,59
2022-09-05,Kern,029,883053,217754,216932,62330,279262,2404
2022-09-05,Kings,031,150075,58938,58922,4060,62982,455
2022-09-05,Lake,033,64148,12658,12647,1172,13819,143
2022-09-05,Lassen,035,31185,9920,9918,981,10899,64
2022-09-05,Los Angeles,037,10098052,3253616,3242352,177999,3420351,32971
2022-09-05,Madera,039,155013,43534,43533,8172,51705,373
2022-09-05,Marin,041,260295,44608,44489,5240,49729,305
2022-09-05,Mariposa,043,17540,3053,3046,358,3404,31
2022-09-05,Mendocino,045,87422,15851,15813,4421,20234,135
2022-09-05,Merced,047,269075,71833,71448,11683,83131,856
2022-09-05,Modoc,049,8938,869,868,315,1183,11
2022-09-05,Mono,051,14174,3189,3184,246,3430,7
2022-09-05,Monterey,053,433212,93531,93430,20788,114218,762
2022-09-05,Napa,055,140530,31846,31854,1392,33246,156
2022-09-05,Nevada,057,99092,18789,18761,1809,20570,132
2022-09-05,Orange,059,3164182,661221,660580,61548,722128,7362
2022-09-05,Placer,061,380077,75058,74884,9435,84319,658
2022-09-05,Plumas,063,18699,3597,3588,430,4018,13
2022-09-05,Riverside,065,2383286,689978,688794,34875,723669,6591
2022-09-05,Sacramento,067,1510023,343140,342602,33414,376016,3248
2022-09-05,San Benito,069,59416,16055,15933,950,16883,103
2022-09-05,San Bernardino,071,2135413,665987,660303,30655,690958,8023
2022-09-05,San Diego,073,3302833,915049,914552,70933,985485,5468
2022-09-05,San Francisco,075,870044,176610,176386,11932,188318,1018
2022-09-05,San Joaquin,077,732212,196118,195359,14560,209919,2303
2022-09-05,San Luis Obispo,079,281455,62675,62548,7066,69614,517
2022-09-05,San Mateo,081,765935,166416,165893,10520,176413,736
2022-09-05,Santa Barbara,083,443738,104746,104452,6834,111286,717
2022-09-05,Santa Clara,085,1922200,431083,426178,18574,444752,2472
2022-09-05,Santa Cruz,087,273765,62326,62187,3392,65579,274
2022-09-05,Shasta,089,179085,34547,34484,7295,41779,591
2022-09-05,Sierra,091,2930,303,303,60,363,5
2022-09-05,Siskiyou,093,43540,5072,5190,3272,8462,89
2022-09-05,Solano,095,438530,103944,103665,7774,111439,463
2022-09-05,Sonoma,097,501317,105725,105389,5256,110645,517
2022-09-05,Stanislaus,099,539301,136746,136477,21403,157880,1726
2022-09-05,Sutter,101,95872,23982,23984,2460,26444,228
2022-09-05,Tehama,103,63373,13490,13453,3051,16504,210
2022-09-05,Trinity,105,12862,1386,1382,377,1759,20
2022-09-05,Tulare,107,460477,120823,120846,35900,156746,1529
2022-09-05,Tuolumne,109,53932,15385,15327,919,16246,196
2022-09-05,Ventura,111,848112,206407,206121,15501,221622,1557
2022-09-05,Yolo,113,214977,46865,46966,4348,51314,334
2022-09-05,Yuba,115,75493,18685,18665,1681,20346,129
2022-09-04,Alameda,001,1643700,343280,341621,19508,361129,1998
2022-09-04,Alpine,003,1148,133,133,1,134,0
2022-09-04,Amador,005,37829,9892,9855,916,10771,89
2022-09-04,Butte,007,227075,39078,38851,8929,47780,453
2022-09-04,Calaveras,009,45235,8433,8422,523,8945,133
2022-09-04,Colusa,011,21464,3756,3742,1261,5003,22
2022-09-04,Contra Costa,013,1133247,248230,245022,20517,265539,1410
2022-09-04,Del Norte,015,27424,7340,7340,400,7740,56
2022-09-04,El Dorado,017,186661,31986,31929,4205,36134,229
2022-09-04,Fresno,019,978130,272809,271062,31101,302163,2835
2022-09-04,Glenn,021,27897,5485,5462,1847,7309,48
2022-09-04,Humboldt,023,135768,21471,21390,4898,26288,154
2022-09-04,Imperial,025,180216,64881,64678,15442,80120,956
2022-09-04,Inyo,027,18085,4458,4449,919,5368,59
2022-09-04,Kern,029,883053,217671,216471,62235,278706,2404
2022-09-04,Kings,031,150075,58924,58753,4060,62813,455
2022-09-04,Lake,033,64148,12651,12608,1171,13779,143
2022-09-04,Lassen,035,31185,9917,9908,981,10889,64
2022-09-04,Los Angeles,037,10098052,3252673,3235242,177880,3413122,32927
2022-09-04,Madera,039,155013,43521,43403,8164,51567,373
2022-09-04,Marin,041,260295,44582,44394,5235,49629,305
2022-09-04,Mariposa,043,17540,3052,3036,358,3394,31
2022-09-04,Mendocino,045,87422,15847,15781,4420,20201,134
2022-09-04,Merced,047,269075,71809,71280,11678,82958,856
2022-09-04,Modoc,049,8938,869,868,315,1183,11
2022-09-04,Mono,051,14174,3189,3183,246,3429,7
2022-09-04,Monterey,053,433212,93499,93246,20765,114011,761
2022-09-04,Napa,055,140530,31837,31799,1392,33191,156
2022-09-04,Nevada,057,99092,18781,18705,1806,20511,132
2022-09-04,Orange,059,3164182,661050,659290,61497,720787,7347
2022-09-04,Placer,061,380077,75023,74754,9433,84187,657
2022-09-04,Plumas,063,18699,3595,3587,430,4017,13
2022-09-04,Riverside,065,2383286,689788,687184,34857,722041,6581
2022-09-04,Sacramento,067,1510023,343041,341766,33396,375162,3243
2022-09-04,San Benito,069,59416,16050,15900,950,16850,103
2022-09-04,San Bernardino,071,2135413,665841,658354,30639,688993,8006
2022-09-04,San Diego,073,3302833,914810,912824,70914,983738,5464
2022-09-04,San Francisco,075,870044,176532,176131,11927,188058,1015
2022-09-04,San Joaquin,077,732212,195995,194904,14546,209450,2301
2022-09-04,San Luis Obispo,079,281455,62665,62455,7062,69517,517
2022-09-04,San Mateo,081,765935,166360,165520,10516,176036,738
2022-09-04,Santa Barbara,083,443738,104695,104161,6829,110990,716
2022-09-04,Santa Clara,085,1922200,430884,425040,18560,443600,2473
2022-09-04,Santa Cruz,087,273765,62307,61989,3391,65380,273
2022-09-04,Shasta,089,179085,34540,34422,7288,41710,591
2022-09-04,Sierra,091,2930,303,303,60,363,5
2022-09-04,Siskiyou,093,43540,5069,5168,3269,8437,89
2022-09-04,Solano,095,438530,103926,103457,7770,111227,461
2022-09-04,Sonoma,097,501317,105699,105162,5251,110413,517
2022-09-04,Stanislaus,099,539301,136686,136168,21394,157562,1726
2022-09-04,Sutter,101,95872,23967,23927,2460,26387,228
2022-09-04,Tehama,103,63373,13482,13406,3048,16454,210
2022-09-04,Trinity,105,12862,1386,1377,376,1753,20
2022-09-04,Tulare,107,460477,120781,120592,35864,156456,1527
2022-09-04,Tuolumne,109,53932,15371,15294,918,16212,196
2022-09-04,Ventura,111,848112,206318,205627,15490,221117,1558
2022-09-04,Yolo,113,214977,46855,46882,4342,51224,334
2022-09-04,Yuba,115,75493,18681,18615,1681,20296,129
2022-09-03,Alameda,001,1643700,343157,341621,19503,361124,1998
2022-09-03,Alpine,003,1148,133,133,1,134,0
2022-09-03,Amador,005,37829,9887,9855,915,10770,89
2022-09-03,Butte,007,227075,39061,38851,8921,47772,453
2022-09-03,Calaveras,009,45235,8432,8422,523,8945,133
2022-09-03,Colusa,011,21464,3756,3742,1260,5002,22
2022-09-03,Contra Costa,013,1133247,248125,245022,20506,265528,1410
2022-09-03,Del Norte,015,27424,7340,7340,400,7740,56
2022-09-03,El Dorado,017,186661,31978,31929,4203,36132,229
2022-09-03,Fresno,019,978130,272729,271062,31086,302148,2835
2022-09-03,Glenn,021,27897,5484,5462,1847,7309,48
2022-09-03,Humboldt,023,135768,21463,21390,4898,26288,154
2022-09-03,Imperial,025,180216,64862,64678,15432,80110,956
2022-09-03,Inyo,027,18085,4457,4449,917,5366,59
2022-09-03,Kern,029,883053,217603,216471,62170,278641,2404
2022-09-03,Kings,031,150075,58911,58753,4060,62813,455
2022-09-03,Lake,033,64148,12645,12608,1171,13779,143
2022-09-03,Lassen,035,31185,9917,9908,981,10889,64
2022-09-03,Los Angeles,037,10098052,3251724,3235242,177744,3412986,32927
2022-09-03,Madera,039,155013,43502,43403,8163,51566,373
2022-09-03,Marin,041,260295,44567,44394,5233,49627,305
2022-09-03,Mariposa,043,17540,3051,3036,357,3393,31
2022-09-03,Mendocino,045,87422,15835,15781,4417,20198,134
2022-09-03,Merced,047,269075,71783,71280,11675,82955,856
2022-09-03,Modoc,049,8938,869,868,315,1183,11
2022-09-03,Mono,051,14174,3189,3183,245,3428,7
2022-09-03,Monterey,053,433212,93484,93246,20753,113999,761
2022-09-03,Napa,055,140530,31831,31799,1392,33191,156
2022-09-03,Nevada,057,99092,18775,18705,1806,20511,132
2022-09-03,Orange,059,3164182,660855,659290,61440,720730,7347
2022-09-03,Placer,061,380077,74991,74754,9431,84185,657
2022-09-03,Plumas,063,18699,3593,3587,430,4017,13
2022-09-03,Riverside,065,2383286,689586,687184,34831,722015,6581
2022-09-03,Sacramento,067,1510023,342922,341766,33386,375152,3243
2022-09-03,San Benito,069,59416,16044,15900,949,16849,103
2022-09-03,San Bernardino,071,2135413,665654,658354,30613,688967,8006
2022-09-03,San Diego,073,3302833,914562,912824,70896,983720,5464
2022-09-03,San Francisco,075,870044,176478,176131,11922,188053,1015
2022-09-03,San Joaquin,077,732212,195940,194904,14536,209440,2301
2022-09-03,San Luis Obispo,079,281455,62655,62455,7059,69514,517
2022-09-03,San Mateo,081,765935,166299,165520,10506,176026,738
2022-09-03,Santa Barbara,083,443738,104650,104161,6824,110985,716
2022-09-03,Santa Clara,085,1922200,430705,425040,18553,443593,2473
2022-09-03,Santa Cruz,087,273765,62288,61989,3390,65379,273
2022-09-03,Shasta,089,179085,34528,34422,7284,41706,591
2022-09-03,Sierra,091,2930,303,303,60,363,5
2022-09-03,Siskiyou,093,43540,5066,5168,3269,8437,89
2022-09-03,Solano,095,438530,103912,103457,7766,111223,461
2022-09-03,Sonoma,097,501317,105676,105162,5251,110413,517
2022-09-03,Stanislaus,099,539301,136644,136168,21389,157557,1726
2022-09-03,Sutter,101,95872,23957,23927,2459,26386,228
2022-09-03,Tehama,103,63373,13477,13406,3047,16453,210
2022-09-03,Trinity,105,12862,1386,1377,376,1753,20
2022-09-03,Tulare,107,460477,120749,120592,35826,156418,1527
2022-09-03,Tuolumne,109,53932,15367,15294,917,16211,196
2022-09-03,Ventura,111,848112,206239,205627,15477,221104,1558
2022-09-03,Yolo,113,214977,46845,46882,4340,51222,334
2022-09-03,Yuba,115,75493,18672,18615,1680,20295,129
2022-09-02,Alameda,001,1643700,343026,341621,19497,361118,1998
2022-09-02,Alpine,003,1148,133,133,1,134,0
2022-09-02,Amador,005,37829,9885,9855,915,10770,89
2022-09-02,Butte,007,227075,39049,38851,8909,47760,453
2022-09-02,Calaveras,009,45235,8428,8422,522,8944,133
2022-09-02,Colusa,011,21464,3755,3742,1260,5002,22
2022-09-02,Contra Costa,013,1133247,248031,245022,20493,265515,1410
2022-09-02,Del Norte,015,27424,7340,7340,398,7738,56
2022-09-02,El Dorado,017,186661,31967,31929,4201,36130,229
2022-09-02,Fresno,019,978130,272615,271062,31066,302128,2835
2022-09-02,Glenn,021,27897,5480,5462,1847,7309,48
2022-09-02,Humboldt,023,135768,21455,21390,4894,26284,154
2022-09-02,Imperial,025,180216,64841,64678,15419,80097,956
2022-09-02,Inyo,027,18085,4454,4449,916,5365,59
2022-09-02,Kern,029,883053,217521,216471,62102,278573,2404
2022-09-02,Kings,031,150075,58899,58753,4057,62810,455
2022-09-02,Lake,033,64148,12641,12608,1170,13778,143
2022-09-02,Lassen,035,31185,9916,9908,981,10889,64
2022-09-02,Los Angeles,037,10098052,3250671,3235242,177581,3412823,32927
2022-09-02,Madera,039,155013,43489,43403,8158,51561,373
2022-09-02,Marin,041,260295,44549,44394,5223,49617,305
2022-09-02,Mariposa,043,17540,3048,3036,355,3391,31
2022-09-02,Mendocino,045,87422,15833,15781,4416,20197,134
2022-09-02,Merced,047,269075,71757,71280,11672,82952,856
2022-09-02,Modoc,049,8938,869,868,315,1183,11
2022-09-02,Mono,051,14174,3189,3183,245,3428,7
2022-09-02,Monterey,053,433212,93457,93246,20736,113982,761
2022-09-02,Napa,055,140530,31818,31799,1392,33191,156
2022-09-02,Nevada,057,99092,18770,18705,1804,20509,132
2022-09-02,Orange,059,3164182,660666,659290,61376,720666,7347
2022-09-02,Placer,061,380077,74974,74754,9425,84179,657
2022-09-02,Plumas,063,18699,3592,3587,430,4017,13
2022-09-02,Riverside,065,2383286,689339,687184,34816,722000,6581
2022-09-02,Sacramento,067,1510023,342777,341766,33378,375144,3243
2022-09-02,San Benito,069,59416,16037,15900,949,16849,103
2022-09-02,San Bernardino,071,2135413,665478,658354,30597,688951,8006
2022-09-02,San Diego,073,3302833,914291,912824,70869,983693,5464
2022-09-02,San Francisco,075,870044,176412,176131,11905,188036,1015
2022-09-02,San Joaquin,077,732212,195837,194904,14516,209420,2301
2022-09-02,San Luis Obispo,079,281455,62639,62455,7058,69513,517
2022-09-02,San Mateo,081,765935,166216,165520,10503,176023,738
2022-09-02,Santa Barbara,083,443738,104604,104161,6820,110981,716
2022-09-02,Santa Clara,085,1922200,430508,425040,18540,443580,2473
2022-09-02,Santa Cruz,087,273765,62265,61989,3388,65377,273
2022-09-02,Shasta,089,179085,34522,34422,7281,41703,591
2022-09-02,Sierra,091,2930,303,303,60,363,5
2022-09-02,Siskiyou,093,43540,5063,5168,3269,8437,89
2022-09-02,Solano,095,438530,103878,103457,7762,111219,461
2022-09-02,Sonoma,097,501317,105642,105162,5247,110409,517
2022-09-02,Stanislaus,099,539301,136598,136168,21383,157551,1726
2022-09-02,Sutter,101,95872,23946,23927,2459,26386,228
2022-09-02,Tehama,103,63373,13475,13406,3045,16451,210
2022-09-02,Trinity,105,12862,1385,1377,376,1753,20
2022-09-02,Tulare,107,460477,120707,120592,35802,156394,1527
2022-09-02,Tuolumne,109,53932,15365,15294,916,16210,196
2022-09-02,Ventura,111,848112,206148,205627,15464,221091,1558
2022-09-02,Yolo,113,214977,46834,46882,4336,51218,334
2022-09-02,Yuba,115,75493,18664,18615,1677,20292,129
2022-09-01,Alameda,001,1643700,342798,341621,19480,361101,1998
2022-09-01,Alpine,003,1148,133,133,1,134,0
2022-09-01,Amador,005,37829,9881,9855,915,10770,89
2022-09-01,Butte,007,227075,39021,38851,8894,47745,453
2022-09-01,Calaveras,009,45235,8422,8422,521,8943,133
2022-09-01,Colusa,011,21464,3751,3742,1260,5002,22
2022-09-01,Contra Costa,013,1133247,247881,245022,20470,265492,1410
2022-09-01,Del Norte,015,27424,7339,7340,396,7736,56
2022-09-01,El Dorado,017,186661,31957,31929,4200,36129,229
2022-09-01,Fresno,019,978130,272444,271062,31003,302065,2835
2022-09-01,Glenn,021,27897,5478,5462,1847,7309,48
2022-09-01,Humboldt,023,135768,21442,21390,4887,26277,154
2022-09-01,Imperial,025,180216,64795,64678,15397,80075,956
2022-09-01,Inyo,027,18085,4452,4449,915,5364,59
2022-09-01,Kern,029,883053,217446,216471,61986,278457,2404
2022-09-01,Kings,031,150075,58871,58753,4055,62808,455
2022-09-01,Lake,033,64148,12631,12608,1168,13776,143
2022-09-01,Lassen,035,31185,9916,9908,979,10887,64
2022-09-01,Los Angeles,037,10098052,3249089,3235242,177356,3412598,32927
2022-09-01,Madera,039,155013,43452,43403,8155,51558,373
2022-09-01,Marin,041,260295,44516,44394,5215,49609,305
2022-09-01,Mariposa,043,17540,3047,3036,355,3391,31
2022-09-01,Mendocino,045,87422,15828,15781,4414,20195,134
2022-09-01,Merced,047,269075,71725,71280,11656,82936,856
2022-09-01,Modoc,049,8938,869,868,314,1182,11
2022-09-01,Mono,051,14174,3189,3183,244,3427,7
2022-09-01,Monterey,053,433212,93418,93246,20715,113961,761
2022-09-01,Napa,055,140530,31799,31799,1392,33191,156
2022-09-01,Nevada,057,99092,18761,18705,1804,20509,132
2022-09-01,Orange,059,3164182,660353,659290,61295,720585,7347
2022-09-01,Placer,061,380077,74937,74754,9418,84172,657
2022-09-01,Plumas,063,18699,3591,3587,430,4017,13
2022-09-01,Riverside,065,2383286,689001,687184,34777,721961,6581
2022-09-01,Sacramento,067,1510023,342581,341766,33339,375105,3243
2022-09-01,San Benito,069,59416,16029,15900,948,16848,103
2022-09-01,San Bernardino,071,2135413,665150,658354,30562,688916,8006
2022-09-01,San Diego,073,3302833,913874,912824,70820,983644,5464
2022-09-01,San Francisco,075,870044,176275,176131,11893,188024,1015
2022-09-01,San Joaquin,077,732212,195747,194904,14495,209399,2301
2022-09-01,San Luis Obispo,079,281455,62603,62455,7049,69504,517
2022-09-01,San Mateo,081,765935,166122,165520,10494,176014,738
2022-09-01,Santa Barbara,083,443738,104543,104161,6811,110972,716
2022-09-01,Santa Clara,085,1922200,430219,425040,18531,443571,2473
2022-09-01,Santa Cruz,087,273765,62212,61989,3383,65372,273
2022-09-01,Shasta,089,179085,34502,34422,7276,41698,591
2022-09-01,Sierra,091,2930,303,303,60,363,5
2022-09-01,Siskiyou,093,43540,5062,5168,3268,8436,89
2022-09-01,Solano,095,438530,103810,103457,7759,111216,461
2022-09-01,Sonoma,097,501317,105575,105162,5238,110400,517
2022-09-01,Stanislaus,099,539301,136517,136168,21367,157535,1726
2022-09-01,Sutter,101,95872,23928,23927,2456,26383,228
2022-09-01,Tehama,103,63373,13469,13406,3042,16448,210
2022-09-01,Trinity,105,12862,1384,1377,373,1750,20
2022-09-01,Tulare,107,460477,120653,120592,35758,156350,1527
2022-09-01,Tuolumne,109,53932,15357,15294,916,16210,196
2022-09-01,Ventura,111,848112,206003,205627,15446,221073,1558
2022-09-01,Yolo,113,214977,46807,46882,4327,51209,334
2022-09-01,Yuba,115,75493,18650,18615,1677,20292,129
2022-08-31,Alameda,001,1643700,342566,340789,19466,360255,1986
2022-08-31,Alpine,003,1148,133,133,1,134,0
2022-08-31,Amador,005,37829,9877,9829,913,10742,89
2022-08-31,Butte,007,227075,38985,38720,8878,47598,452
2022-08-31,Calaveras,009,45235,8418,8404,520,8924,133
2022-08-31,Colusa,011,21464,3750,3744,1260,5004,22
2022-08-31,Contra Costa,013,1133247,247724,244168,20443,264611,1409
2022-08-31,Del Norte,015,27424,7336,7333,396,7729,56
2022-08-31,El Dorado,017,186661,31950,31864,4194,36058,226
2022-08-31,Fresno,019,978130,272263,270456,30869,301325,2829
2022-08-31,Glenn,021,27897,5477,5448,1846,7294,48
2022-08-31,Humboldt,023,135768,21417,21325,4882,26207,154
2022-08-31,Imperial,025,180216,64765,64562,15375,79937,953
2022-08-31,Inyo,027,18085,4450,4444,914,5358,59
2022-08-31,Kern,029,883053,217333,216037,61850,277887,2404
2022-08-31,Kings,031,150075,58835,58629,4050,62679,455
2022-08-31,Lake,033,64148,12619,12563,1168,13731,142
2022-08-31,Lassen,035,31185,9911,9889,978,10867,64
2022-08-31,Los Angeles,037,10098052,3247269,3228552,177120,3405672,32877
2022-08-31,Madera,039,155013,43420,43269,8141,51410,372
2022-08-31,Marin,041,260295,44486,44330,5209,49539,305
2022-08-31,Mariposa,043,17540,3047,3025,354,3379,31
2022-08-31,Mendocino,045,87422,15821,15733,4409,20142,134
2022-08-31,Merced,047,269075,71697,71089,11630,82719,852
2022-08-31,Modoc,049,8938,867,865,314,1179,11
2022-08-31,Mono,051,14174,3188,3181,243,3424,7
2022-08-31,Monterey,053,433212,93375,93046,20693,113739,762
2022-08-31,Napa,055,140530,31784,31725,1390,33115,156
2022-08-31,Nevada,057,99092,18744,18649,1803,20452,132
2022-08-31,Orange,059,3164182,659944,658076,61206,719282,7340
2022-08-31,Placer,061,380077,74896,74612,9411,84023,657
2022-08-31,Plumas,063,18699,3590,3581,430,4011,13
2022-08-31,Riverside,065,2383286,688595,685704,34736,720440,6581
2022-08-31,Sacramento,067,1510023,342372,340949,33293,374242,3230
2022-08-31,San Benito,069,59416,16017,15860,946,16806,103
2022-08-31,San Bernardino,071,2135413,664722,656343,30522,686865,8014
2022-08-31,San Diego,073,3302833,913405,910878,70762,981640,5459
2022-08-31,San Francisco,075,870044,176160,175752,11884,187636,1001
2022-08-31,San Joaquin,077,732212,195589,194437,14477,208914,2298
2022-08-31,San Luis Obispo,079,281455,62574,62312,7036,69348,515
2022-08-31,San Mateo,081,765935,166019,165161,10487,175648,738
2022-08-31,Santa Barbara,083,443738,104455,103894,6802,110696,717
2022-08-31,Santa Clara,085,1922200,429915,424011,18514,442525,2467
2022-08-31,Santa Cruz,087,273765,62163,61812,3380,65192,272
2022-08-31,Shasta,089,179085,34487,34355,7269,41624,590
2022-08-31,Sierra,091,2930,303,302,60,362,5
2022-08-31,Siskiyou,093,43540,5054,5152,3267,8419,89
2022-08-31,Solano,095,438530,103747,103173,7755,110928,461
2022-08-31,Sonoma,097,501317,105504,104964,5227,110191,527
2022-08-31,Stanislaus,099,539301,136428,135801,21343,157144,1722
2022-08-31,Sutter,101,95872,23913,23856,2455,26311,228
2022-08-31,Tehama,103,63373,13456,13370,3037,16407,210
2022-08-31,Trinity,105,12862,1384,1373,373,1746,20
2022-08-31,Tulare,107,460477,120576,120346,35711,156057,1527
2022-08-31,Tuolumne,109,53932,15348,15250,914,16164,196
2022-08-31,Ventura,111,848112,205859,205157,15428,220585,1557
2022-08-31,Yolo,113,214977,46774,46807,4315,51122,334
2022-08-31,Yuba,115,75493,18628,18558,1673,20231,129
2022-08-30,Alameda,001,1643700,342319,340789,19447,360236,1986
2022-08-30,Alpine,003,1148,133,133,1,134,0
2022-08-30,Amador,005,37829,9866,9829,913,10742,89
2022-08-30,Butte,007,227075,38950,38720,8863,47583,452
2022-08-30,Calaveras,009,45235,8415,8404,518,8922,133
2022-08-30,Colusa,011,21464,3750,3744,1258,5002,22
2022-08-30,Contra Costa,013,1133247,247569,244168,20425,264593,1409
2022-08-30,Del Norte,015,27424,7335,7333,396,7729,56
2022-08-30,El Dorado,017,186661,31933,31864,4190,36054,226
2022-08-30,Fresno,019,978130,272065,270456,30769,301225,2829
2022-08-30,Glenn,021,27897,5477,5448,1845,7293,48
2022-08-30,Humboldt,023,135768,21396,21325,4878,26203,154
2022-08-30,Imperial,025,180216,64718,64562,15340,79902,953
2022-08-30,Inyo,027,18085,4449,4444,911,5355,59
2022-08-30,Kern,029,883053,217203,216037,61703,277740,2404
2022-08-30,Kings,031,150075,58779,58629,4046,62675,455
2022-08-30,Lake,033,64148,12609,12563,1166,13729,142
2022-08-30,Lassen,035,31185,9907,9889,978,10867,64
2022-08-30,Los Angeles,037,10098052,3245173,3228552,176855,3405407,32877
2022-08-30,Madera,039,155013,43371,43269,8124,51393,372
2022-08-30,Marin,041,260295,44454,44330,5204,49534,305
2022-08-30,Mariposa,043,17540,3045,3025,352,3377,31
2022-08-30,Mendocino,045,87422,15810,15733,4399,20132,134
2022-08-30,Merced,047,269075,71648,71089,11608,82697,852
2022-08-30,Modoc,049,8938,867,865,314,1179,11
2022-08-30,Mono,051,14174,3186,3181,243,3424,7
2022-08-30,Monterey,053,433212,93329,93046,20678,113724,762
2022-08-30,Napa,055,140530,31766,31725,1389,33114,156
2022-08-30,Nevada,057,99092,18726,18649,1783,20432,132
2022-08-30,Orange,059,3164182,659500,658076,61094,719170,7340
2022-08-30,Placer,061,380077,74860,74612,9403,84015,657
2022-08-30,Plumas,063,18699,3589,3581,430,4011,13
2022-08-30,Riverside,065,2383286,688153,685704,34697,720401,6581
2022-08-30,Sacramento,067,1510023,342177,340949,33253,374202,3230
2022-08-30,San Benito,069,59416,16004,15860,942,16802,103
2022-08-30,San Bernardino,071,2135413,664249,656343,30489,686832,8014
2022-08-30,San Diego,073,3302833,912874,910878,70668,981546,5459
2022-08-30,San Francisco,075,870044,176041,175752,11874,187626,1001
2022-08-30,San Joaquin,077,732212,195438,194437,14443,208880,2298
2022-08-30,San Luis Obispo,079,281455,62537,62312,7020,69332,515
2022-08-30,San Mateo,081,765935,165914,165161,10477,175638,738
2022-08-30,Santa Barbara,083,443738,104362,103894,6790,110684,717
2022-08-30,Santa Clara,085,1922200,429588,424011,18499,442510,2467
2022-08-30,Santa Cruz,087,273765,62114,61812,3371,65183,272
2022-08-30,Shasta,089,179085,34464,34355,7264,41619,590
2022-08-30,Sierra,091,2930,303,302,60,362,5
2022-08-30,Siskiyou,093,43540,5046,5152,3265,8417,89
2022-08-30,Solano,095,438530,103660,103173,7748,110921,461
2022-08-30,Sonoma,097,501317,105442,104964,5220,110184,527
2022-08-30,Stanislaus,099,539301,136322,135801,21328,157129,1722
2022-08-30,Sutter,101,95872,23895,23856,2455,26311,228
2022-08-30,Tehama,103,63373,13450,13370,3029,16399,210
2022-08-30,Trinity,105,12862,1383,1373,372,1745,20
2022-08-30,Tulare,107,460477,120493,120346,35656,156002,1527
2022-08-30,Tuolumne,109,53932,15333,15250,914,16164,196
2022-08-30,Ventura,111,848112,205702,205157,15385,220542,1557
2022-08-30,Yolo,113,214977,46754,46807,4307,51114,334
2022-08-30,Yuba,115,75493,18616,18558,1671,20229,129
2022-08-29,Alameda,001,1643700,341995,340789,19417,360206,1986
2022-08-29,Alpine,003,1148,133,133,1,134,0
2022-08-29,Amador,005,37829,9852,9829,912,10741,89
2022-08-29,Butte,007,227075,38909,38720,8846,47566,452
2022-08-29,Calaveras,009,45235,8414,8404,516,8920,133
2022-08-29,Colusa,011,21464,3750,3744,1258,5002,22
2022-08-29,Contra Costa,013,1133247,247394,244168,20400,264568,1409
2022-08-29,Del Norte,015,27424,7334,7333,396,7729,56
2022-08-29,El Dorado,017,186661,31917,31864,4184,36048,226
2022-08-29,Fresno,019,978130,271839,270456,30727,301183,2829
2022-08-29,Glenn,021,27897,5475,5448,1842,7290,48
2022-08-29,Humboldt,023,135768,21373,21325,4871,26196,154
2022-08-29,Imperial,025,180216,64676,64562,15299,79861,953
2022-08-29,Inyo,027,18085,4448,4444,907,5351,59
2022-08-29,Kern,029,883053,217036,216037,61567,277604,2404
2022-08-29,Kings,031,150075,58709,58629,4042,62671,455
2022-08-29,Lake,033,64148,12595,12563,1165,13728,142
2022-08-29,Lassen,035,31185,9901,9889,978,10867,64
2022-08-29,Los Angeles,037,10098052,3242941,3228552,176577,3405129,32877
2022-08-29,Madera,039,155013,43333,43269,8103,51372,372
2022-08-29,Marin,041,260295,44420,44330,5198,49528,305
2022-08-29,Mariposa,043,17540,3042,3025,350,3375,31
2022-08-29,Mendocino,045,87422,15797,15733,4386,20119,134
2022-08-29,Merced,047,269075,71590,71089,11577,82666,852
2022-08-29,Modoc,049,8938,866,865,313,1178,11
2022-08-29,Mono,051,14174,3185,3181,243,3424,7
2022-08-29,Monterey,053,433212,93293,93046,20647,113693,762
2022-08-29,Napa,055,140530,31746,31725,1389,33114,156
2022-08-29,Nevada,057,99092,18710,18649,1781,20430,132
2022-08-29,Orange,059,3164182,659061,658076,61007,719083,7340
2022-08-29,Placer,061,380077,74821,74612,9390,84002,657
2022-08-29,Plumas,063,18699,3588,3581,430,4011,13
2022-08-29,Riverside,065,2383286,687586,685704,34639,720343,6581
2022-08-29,Sacramento,067,1510023,341902,340949,33197,374146,3230
2022-08-29,San Benito,069,59416,15991,15860,940,16800,103
2022-08-29,San Bernardino,071,2135413,663675,656343,30448,686791,8014
2022-08-29,San Diego,073,3302833,912247,910878,70600,981478,5459
2022-08-29,San Francisco,075,870044,175936,175752,11863,187615,1001
2022-08-29,San Joaquin,077,732212,195294,194437,14417,208854,2298
2022-08-29,San Luis Obispo,079,281455,62504,62312,7007,69319,515
2022-08-29,San Mateo,081,765935,165808,165161,10469,175630,738
2022-08-29,Santa Barbara,083,443738,104267,103894,6779,110673,717
2022-08-29,Santa Clara,085,1922200,429193,424011,18473,442484,2467
2022-08-29,Santa Cruz,087,273765,62047,61812,3363,65175,272
2022-08-29,Shasta,089,179085,34446,34355,7250,41605,590
2022-08-29,Sierra,091,2930,303,302,60,362,5
2022-08-29,Siskiyou,093,43540,5042,5152,3264,8416,89
2022-08-29,Solano,095,438530,103579,103173,7738,110911,461
2022-08-29,Sonoma,097,501317,105362,104964,5213,110177,527
2022-08-29,Stanislaus,099,539301,136203,135801,21294,157095,1722
2022-08-29,Sutter,101,95872,23868,23856,2451,26307,228
2022-08-29,Tehama,103,63373,13441,13370,3028,16398,210
2022-08-29,Trinity,105,12862,1382,1373,372,1745,20
2022-08-29,Tulare,107,460477,120405,120346,35584,155930,1527
2022-08-29,Tuolumne,109,53932,15318,15250,914,16164,196
2022-08-29,Ventura,111,848112,205557,205157,15359,220516,1557
2022-08-29,Yolo,113,214977,46729,46807,4297,51104,334
2022-08-29,Yuba,115,75493,18598,18558,1666,20224,129
2022-08-28,Alameda,001,1643700,341672,339618,19395,359013,1978
2022-08-28,Alpine,003,1148,133,133,1,134,0
2022-08-28,Amador,005,37829,9845,9802,910,10712,89
2022-08-28,Butte,007,227075,38859,38606,8834,47440,452
2022-08-28,Calaveras,009,45235,8406,8368,515,8883,133
2022-08-28,Colusa,011,21464,3748,3736,1254,4990,22
2022-08-28,Contra Costa,013,1133247,247178,243331,20377,263708,1404
2022-08-28,Del Norte,015,27424,7328,7316,395,7711,55
2022-08-28,El Dorado,017,186661,31887,31760,4175,35935,226
2022-08-28,Fresno,019,978130,271590,269680,30670,300350,2829
2022-08-28,Glenn,021,27897,5472,5434,1840,7274,49
2022-08-28,Humboldt,023,135768,21349,21264,4856,26120,154
2022-08-28,Imperial,025,180216,64624,64391,15249,79640,953
2022-08-28,Inyo,027,18085,4447,4443,904,5347,59
2022-08-28,Kern,029,883053,216898,215612,61389,277001,2399
2022-08-28,Kings,031,150075,58652,58443,4031,62474,455
2022-08-28,Lake,033,64148,12583,12524,1161,13685,142
2022-08-28,Lassen,035,31185,9890,9871,978,10849,64
2022-08-28,Los Angeles,037,10098052,3240240,3219328,176220,3395548,32833
2022-08-28,Madera,039,155013,43285,43105,8070,51175,372
2022-08-28,Marin,041,260295,44388,44192,5189,49381,305
2022-08-28,Mariposa,043,17540,3036,3018,349,3367,31
2022-08-28,Mendocino,045,87422,15783,15698,4382,20080,134
2022-08-28,Merced,047,269075,71518,70906,11524,82430,851
2022-08-28,Modoc,049,8938,866,865,313,1178,11
2022-08-28,Mono,051,14174,3184,3181,243,3424,7
2022-08-28,Monterey,053,433212,93226,92844,20618,113462,760
2022-08-28,Napa,055,140530,31718,31668,1388,33056,156
2022-08-28,Nevada,057,99092,18687,18592,1780,20372,132
2022-08-28,Orange,059,3164182,658602,656440,60897,717337,7326
2022-08-28,Placer,061,380077,74776,74391,9377,83768,657
2022-08-28,Plumas,063,18699,3585,3571,430,4001,13
2022-08-28,Riverside,065,2383286,686954,683511,34569,718080,6580
2022-08-28,Sacramento,067,1510023,341582,339846,33124,372970,3222
2022-08-28,San Benito,069,59416,15978,15805,937,16742,103
2022-08-28,San Bernardino,071,2135413,663077,653843,30388,684231,8017
2022-08-28,San Diego,073,3302833,911489,908809,70493,979302,5456
2022-08-28,San Francisco,075,870044,175781,175204,11851,187055,1000
2022-08-28,San Joaquin,077,732212,195064,193880,14384,208264,2296
2022-08-28,San Luis Obispo,079,281455,62459,62105,6985,69090,515
2022-08-28,San Mateo,081,765935,165657,164675,10456,175131,738
2022-08-28,Santa Barbara,083,443738,104135,103496,6758,110254,717
2022-08-28,Santa Clara,085,1922200,428784,422650,18452,441102,2459
2022-08-28,Santa Cruz,087,273765,61948,61594,3347,64941,273
2022-08-28,Shasta,089,179085,34416,34283,7232,41515,590
2022-08-28,Sierra,091,2930,302,300,60,360,5
2022-08-28,Siskiyou,093,43540,5036,5140,3262,8402,89
2022-08-28,Solano,095,438530,103486,102855,7728,110583,460
2022-08-28,Sonoma,097,501317,105280,104646,5202,109848,557
2022-08-28,Stanislaus,099,539301,136052,135310,21265,156575,1722
2022-08-28,Sutter,101,95872,23841,23759,2448,26207,228
2022-08-28,Tehama,103,63373,13421,13340,3026,16366,210
2022-08-28,Trinity,105,12862,1382,1370,370,1740,20
2022-08-28,Tulare,107,460477,120294,119942,35473,155415,1527
2022-08-28,Tuolumne,109,53932,15312,15193,909,16102,196
2022-08-28,Ventura,111,848112,205365,204567,15284,219851,1553
2022-08-28,Yolo,113,214977,46680,46744,4285,51029,334
2022-08-28,Yuba,115,75493,18579,18482,1660,20142,129
2022-08-27,Alameda,001,1643700,341485,339618,19385,359003,1978
2022-08-27,Alpine,003,1148,133,133,1,134,0
2022-08-27,Amador,005,37829,9839,9802,909,10711,89
2022-08-27,Butte,007,227075,38831,38606,8821,47427,452
2022-08-27,Calaveras,009,45235,8401,8368,515,8883,133
2022-08-27,Colusa,011,21464,3746,3736,1249,4985,22
2022-08-27,Contra Costa,013,1133247,247038,243331,20366,263697,1404
2022-08-27,Del Norte,015,27424,7327,7316,394,7710,55
2022-08-27,El Dorado,017,186661,31875,31760,4171,35931,226
2022-08-27,Fresno,019,978130,271469,269680,30654,300334,2829
2022-08-27,Glenn,021,27897,5470,5434,1840,7274,49
2022-08-27,Humboldt,023,135768,21333,21264,4848,26112,154
2022-08-27,Imperial,025,180216,64602,64391,15239,79630,953
2022-08-27,Inyo,027,18085,4446,4443,904,5347,59
2022-08-27,Kern,029,883053,216815,215612,61279,276891,2399
2022-08-27,Kings,031,150075,58622,58443,4028,62471,455
2022-08-27,Lake,033,64148,12579,12524,1157,13681,142
2022-08-27,Lassen,035,31185,9886,9871,978,10849,64
2022-08-27,Los Angeles,037,10098052,3238919,3219328,176007,3395335,32833
2022-08-27,Madera,039,155013,43250,43105,8066,51171,372
2022-08-27,Marin,041,260295,44367,44192,5180,49372,305
2022-08-27,Mariposa,043,17540,3035,3018,348,3366,31
2022-08-27,Mendocino,045,87422,15777,15698,4380,20078,134
2022-08-27,Merced,047,269075,71475,70906,11516,82422,851
2022-08-27,Modoc,049,8938,866,865,313,1178,11
2022-08-27,Mono,051,14174,3183,3181,243,3424,7
2022-08-27,Monterey,053,433212,93195,92844,20602,113446,760
2022-08-27,Napa,055,140530,31703,31668,1386,33054,156
2022-08-27,Nevada,057,99092,18676,18592,1778,20370,132
2022-08-27,Orange,059,3164182,658341,656440,60794,717234,7326
2022-08-27,Placer,061,380077,74739,74391,9373,83764,657
2022-08-27,Plumas,063,18699,3584,3571,430,4001,13
2022-08-27,Riverside,065,2383286,686621,683511,34543,718054,6580
2022-08-27,Sacramento,067,1510023,341451,339846,33109,372955,3222
2022-08-27,San Benito,069,59416,15962,15805,933,16738,103
2022-08-27,San Bernardino,071,2135413,662766,653843,30354,684197,8017
2022-08-27,San Diego,073,3302833,911149,908809,70452,979261,5456
2022-08-27,San Francisco,075,870044,175709,175204,11844,187048,1000
2022-08-27,San Joaquin,077,732212,195006,193880,14362,208242,2296
2022-08-27,San Luis Obispo,079,281455,62444,62105,6978,69083,515
2022-08-27,San Mateo,081,765935,165563,164675,10453,175128,738
2022-08-27,Santa Barbara,083,443738,104073,103496,6746,110242,717
2022-08-27,Santa Clara,085,1922200,428573,422650,18439,441089,2459
2022-08-27,Santa Cruz,087,273765,61935,61594,3346,64940,273
2022-08-27,Shasta,089,179085,34405,34283,7227,41510,590
2022-08-27,Sierra,091,2930,302,300,60,360,5
2022-08-27,Siskiyou,093,43540,5034,5140,3262,8402,89
2022-08-27,Solano,095,438530,103449,102855,7721,110576,460
2022-08-27,Sonoma,097,501317,105237,104646,5199,109845,557
2022-08-27,Stanislaus,099,539301,135978,135310,21239,156549,1722
2022-08-27,Sutter,101,95872,23826,23759,2448,26207,228
2022-08-27,Tehama,103,63373,13415,13340,3025,16365,210
2022-08-27,Trinity,105,12862,1381,1370,368,1738,20
2022-08-27,Tulare,107,460477,120235,119942,35423,155365,1527
2022-08-27,Tuolumne,109,53932,15306,15193,907,16100,196
2022-08-27,Ventura,111,848112,205280,204567,15271,219838,1553
2022-08-27,Yolo,113,214977,46659,46744,4281,51025,334
2022-08-27,Yuba,115,75493,18567,18482,1659,20141,129
2022-08-26,Alameda,001,1643700,341318,339618,19375,358993,1978
2022-08-26,Alpine,003,1148,133,133,1,134,0
2022-08-26,Amador,005,37829,9836,9802,907,10709,89
2022-08-26,Butte,007,227075,38817,38606,8809,47415,452
2022-08-26,Calaveras,009,45235,8396,8368,515,8883,133
2022-08-26,Colusa,011,21464,3745,3736,1249,4985,22
2022-08-26,Contra Costa,013,1133247,246884,243331,20357,263688,1404
2022-08-26,Del Norte,015,27424,7325,7316,394,7710,55
2022-08-26,El Dorado,017,186661,31855,31760,4170,35930,226
2022-08-26,Fresno,019,978130,271313,269680,30617,300297,2829
2022-08-26,Glenn,021,27897,5467,5434,1838,7272,49
2022-08-26,Humboldt,023,135768,21327,21264,4845,26109,154
2022-08-26,Imperial,025,180216,64579,64391,15225,79616,953
2022-08-26,Inyo,027,18085,4445,4443,897,5340,59
2022-08-26,Kern,029,883053,216727,215612,61180,276792,2399
2022-08-26,Kings,031,150075,58608,58443,4026,62469,455
2022-08-26,Lake,033,64148,12571,12524,1156,13680,142
2022-08-26,Lassen,035,31185,9884,9871,978,10849,64
2022-08-26,Los Angeles,037,10098052,3237495,3219328,175791,3395119,32833
2022-08-26,Madera,039,155013,43221,43105,8059,51164,372
2022-08-26,Marin,041,260295,44335,44192,5178,49370,305
2022-08-26,Mariposa,043,17540,3031,3018,343,3361,31
2022-08-26,Mendocino,045,87422,15771,15698,4378,20076,134
2022-08-26,Merced,047,269075,71436,70906,11507,82413,851
2022-08-26,Modoc,049,8938,865,865,313,1178,11
2022-08-26,Mono,051,14174,3183,3181,243,3424,7
2022-08-26,Monterey,053,433212,93157,92844,20585,113429,760
2022-08-26,Napa,055,140530,31690,31668,1385,33053,156
2022-08-26,Nevada,057,99092,18664,18592,1776,20368,132
2022-08-26,Orange,059,3164182,658083,656440,60732,717172,7326
2022-08-26,Placer,061,380077,74704,74391,9362,83753,657
2022-08-26,Plumas,063,18699,3583,3571,430,4001,13
2022-08-26,Riverside,065,2383286,686272,683511,34506,718017,6580
2022-08-26,Sacramento,067,1510023,341266,339846,33098,372944,3222
2022-08-26,San Benito,069,59416,15951,15805,933,16738,103
2022-08-26,San Bernardino,071,2135413,662453,653843,30325,684168,8017
2022-08-26,San Diego,073,3302833,910726,908809,70429,979238,5456
2022-08-26,San Francisco,075,870044,175626,175204,11838,187042,1000
2022-08-26,San Joaquin,077,732212,194933,193880,14344,208224,2296
2022-08-26,San Luis Obispo,079,281455,62422,62105,6974,69079,515
2022-08-26,San Mateo,081,765935,165473,164675,10446,175121,738
2022-08-26,Santa Barbara,083,443738,104021,103496,6740,110236,717
2022-08-26,Santa Clara,085,1922200,428355,422650,18426,441076,2459
2022-08-26,Santa Cruz,087,273765,61888,61594,3342,64936,273
2022-08-26,Shasta,089,179085,34393,34283,7223,41506,590
2022-08-26,Sierra,091,2930,302,300,60,360,5
2022-08-26,Siskiyou,093,43540,5031,5140,3262,8402,89
2022-08-26,Solano,095,438530,103391,102855,7711,110566,460
2022-08-26,Sonoma,097,501317,105195,104646,5197,109843,557
2022-08-26,Stanislaus,099,539301,135901,135310,21230,156540,1722
2022-08-26,Sutter,101,95872,23807,23759,2447,26206,228
2022-08-26,Tehama,103,63373,13404,13340,3023,16363,210
2022-08-26,Trinity,105,12862,1381,1370,368,1738,20
2022-08-26,Tulare,107,460477,120176,119942,35373,155315,1527
2022-08-26,Tuolumne,109,53932,15294,15193,907,16100,196
2022-08-26,Ventura,111,848112,205201,204567,15255,219822,1553
2022-08-26,Yolo,113,214977,46647,46744,4277,51021,334
2022-08-26,Yuba,115,75493,18554,18482,1659,20141,129
2022-08-25,Alameda,001,1643700,341027,339618,19348,358966,1978
2022-08-25,Alpine,003,1148,133,133,1,134,0
2022-08-25,Amador,005,37829,9829,9802,907,10709,89
2022-08-25,Butte,007,227075,38793,38606,8801,47407,452
2022-08-25,Calaveras,009,45235,8390,8368,515,8883,133
2022-08-25,Colusa,011,21464,3745,3736,1247,4983,22
2022-08-25,Contra Costa,013,1133247,246687,243331,20329,263660,1404
2022-08-25,Del Norte,015,27424,7316,7316,394,7710,55
2022-08-25,El Dorado,017,186661,31835,31760,4164,35924,226
2022-08-25,Fresno,019,978130,271117,269680,30566,300246,2829
2022-08-25,Glenn,021,27897,5462,5434,1837,7271,49
2022-08-25,Humboldt,023,135768,21306,21264,4835,26099,154
2022-08-25,Imperial,025,180216,64538,64391,15196,79587,953
2022-08-25,Inyo,027,18085,4445,4443,890,5333,59
2022-08-25,Kern,029,883053,216590,215612,61076,276688,2399
2022-08-25,Kings,031,150075,58552,58443,4018,62461,455
2022-08-25,Lake,033,64148,12558,12524,1153,13677,142
2022-08-25,Lassen,035,31185,9883,9871,977,10848,64
2022-08-25,Los Angeles,037,10098052,3235321,3219328,175496,3394824,32833
2022-08-25,Madera,039,155013,43176,43105,8044,51149,372
2022-08-25,Marin,041,260295,44307,44192,5170,49362,305
2022-08-25,Mariposa,043,17540,3029,3018,343,3361,31
2022-08-25,Mendocino,045,87422,15762,15698,4377,20075,134
2022-08-25,Merced,047,269075,71392,70906,11473,82379,851
2022-08-25,Modoc,049,8938,865,865,313,1178,11
2022-08-25,Mono,051,14174,3183,3181,243,3424,7
2022-08-25,Monterey,053,433212,93106,92844,20563,113407,760
2022-08-25,Napa,055,140530,31673,31668,1384,33052,156
2022-08-25,Nevada,057,99092,18642,18592,1771,20363,132
2022-08-25,Orange,059,3164182,657678,656440,60640,717080,7326
2022-08-25,Placer,061,380077,74655,74391,9354,83745,657
2022-08-25,Plumas,063,18699,3581,3571,430,4001,13
2022-08-25,Riverside,065,2383286,685753,683511,34456,717967,6580
2022-08-25,Sacramento,067,1510023,340991,339846,33058,372904,3222
2022-08-25,San Benito,069,59416,15939,15805,931,16736,103
2022-08-25,San Bernardino,071,2135413,661925,653843,30289,684132,8017
2022-08-25,San Diego,073,3302833,910182,908809,70352,979161,5456
2022-08-25,San Francisco,075,870044,175513,175204,11833,187037,1000
2022-08-25,San Joaquin,077,732212,194786,193880,14319,208199,2296
2022-08-25,San Luis Obispo,079,281455,62323,62105,6963,69068,515
2022-08-25,San Mateo,081,765935,165346,164675,10438,175113,738
2022-08-25,Santa Barbara,083,443738,103927,103496,6724,110220,717
2022-08-25,Santa Clara,085,1922200,428041,422650,18405,441055,2459
2022-08-25,Santa Cruz,087,273765,61829,61594,3337,64931,273
2022-08-25,Shasta,089,179085,34374,34283,7211,41494,590
2022-08-25,Sierra,091,2930,302,300,60,360,5
2022-08-25,Siskiyou,093,43540,5026,5140,3257,8397,89
2022-08-25,Solano,095,438530,103306,102855,7702,110557,460
2022-08-25,Sonoma,097,501317,105119,104646,5190,109836,557
2022-08-25,Stanislaus,099,539301,135776,135310,21206,156516,1722
2022-08-25,Sutter,101,95872,23784,23759,2445,26204,228
2022-08-25,Tehama,103,63373,13397,13340,3015,16355,210
2022-08-25,Trinity,105,12862,1381,1370,367,1737,20
2022-08-25,Tulare,107,460477,120082,119942,35301,155243,1527
2022-08-25,Tuolumne,109,53932,15276,15193,906,16099,196
2022-08-25,Ventura,111,848112,205048,204567,15205,219772,1553
2022-08-25,Yolo,113,214977,46619,46744,4268,51012,334
2022-08-25,Yuba,115,75493,18535,18482,1656,20138,129
2022-08-24,Alameda,001,1643700,340720,338591,19322,357913,1976
2022-08-24,Alpine,003,1148,133,131,1,132,0
2022-08-24,Amador,005,37829,9822,9786,904,10690,89
2022-08-24,Butte,007,227075,38755,38458,8785,47243,449
2022-08-24,Calaveras,009,45235,8375,8334,514,8848,132
2022-08-24,Colusa,011,21464,3745,3722,1244,4966,22
2022-08-24,Contra Costa,013,1133247,246502,242633,20301,262934,1399
2022-08-24,Del Norte,015,27424,7312,7308,392,7700,55
2022-08-24,El Dorado,017,186661,31821,31682,4158,35840,225
2022-08-24,Fresno,019,978130,270926,269025,30506,299531,2822
2022-08-24,Glenn,021,27897,5460,5423,1837,7260,48
2022-08-24,Humboldt,023,135768,21285,21195,4824,26019,153
2022-08-24,Imperial,025,180216,64502,64271,15178,79449,951
2022-08-24,Inyo,027,18085,4444,4440,889,5329,59
2022-08-24,Kern,029,883053,216441,215225,60954,276179,2399
2022-08-24,Kings,031,150075,58499,58324,4014,62338,454
2022-08-24,Lake,033,64148,12551,12476,1149,13625,142
2022-08-24,Lassen,035,31185,9880,9867,974,10841,64
2022-08-24,Los Angeles,037,10098052,3232951,3211321,175182,3386503,32783
2022-08-24,Madera,039,155013,43137,42984,8018,51002,372
2022-08-24,Marin,041,260295,44273,44082,5159,49241,305
2022-08-24,Mariposa,043,17540,3029,3010,343,3353,31
2022-08-24,Mendocino,045,87422,15750,15623,4367,19990,134
2022-08-24,Merced,047,269075,71343,70665,11441,82106,849
2022-08-24,Modoc,049,8938,865,864,312,1176,11
2022-08-24,Mono,051,14174,3183,3181,243,3424,7
2022-08-24,Monterey,053,433212,93045,92590,20523,113113,760
2022-08-24,Napa,055,140530,31663,31602,1382,32984,156
2022-08-24,Nevada,057,99092,18626,18565,1768,20333,132
2022-08-24,Orange,059,3164182,657229,654893,60546,715439,7312
2022-08-24,Placer,061,380077,74594,74226,9349,83575,657
2022-08-24,Plumas,063,18699,3577,3555,430,3985,13
2022-08-24,Riverside,065,2383286,685220,681805,34397,716202,6573
2022-08-24,Sacramento,067,1510023,340713,339009,33013,372022,3208
2022-08-24,San Benito,069,59416,15917,15745,928,16673,103
2022-08-24,San Bernardino,071,2135413,661419,651496,30245,681741,8018
2022-08-24,San Diego,073,3302833,909617,906885,70282,977167,5453
2022-08-24,San Francisco,075,870044,175372,174731,11828,186559,974
2022-08-24,San Joaquin,077,732212,194634,193370,14293,207663,2288
2022-08-24,San Luis Obispo,079,281455,62284,61962,6950,68912,515
2022-08-24,San Mateo,081,765935,165230,164307,10432,174739,738
2022-08-24,Santa Barbara,083,443738,103852,103237,6706,109943,716
2022-08-24,Santa Clara,085,1922200,427693,421483,18394,439877,2454
2022-08-24,Santa Cruz,087,273765,61802,61387,3332,64719,270
2022-08-24,Shasta,089,179085,34360,34180,7197,41377,589
2022-08-24,Sierra,091,2930,302,301,60,361,5
2022-08-24,Siskiyou,093,43540,5022,5133,3256,8389,88
2022-08-24,Solano,095,438530,103219,102631,7692,110323,459
2022-08-24,Sonoma,097,501317,105042,104444,5189,109633,520
2022-08-24,Stanislaus,099,539301,135647,134894,21181,156075,1720
2022-08-24,Sutter,101,95872,23752,23673,2444,26117,228
2022-08-24,Tehama,103,63373,13392,13312,3011,16323,209
2022-08-24,Trinity,105,12862,1380,1369,367,1736,20
2022-08-24,Tulare,107,460477,119977,119644,35199,154843,1525
2022-08-24,Tuolumne,109,53932,15266,15140,906,16046,196
2022-08-24,Ventura,111,848112,204883,204064,15163,219227,1551
2022-08-24,Yolo,113,214977,46590,46665,4260,50925,333
2022-08-24,Yuba,115,75493,18511,18425,1650,20075,129
2022-08-23,Alameda,001,1643700,340402,338591,19299,357890,1976
2022-08-23,Alpine,003,1148,133,131,1,132,0
2022-08-23,Amador,005,37829,9811,9786,903,10689,89
2022-08-23,Butte,007,227075,38724,38458,8764,47222,449
2022-08-23,Calaveras,009,45235,8366,8334,510,8844,132
2022-08-23,Colusa,011,21464,3742,3722,1240,4962,22
2022-08-23,Contra Costa,013,1133247,246306,242633,20270,262903,1399
2022-08-23,Del Norte,015,27424,7308,7308,392,7700,55
2022-08-23,El Dorado,017,186661,31801,31682,4155,35837,225
2022-08-23,Fresno,019,978130,270676,269025,30444,299469,2822
2022-08-23,Glenn,021,27897,5454,5423,1836,7259,48
2022-08-23,Humboldt,023,135768,21272,21195,4812,26007,153
2022-08-23,Imperial,025,180216,64459,64271,15159,79430,951
2022-08-23,Inyo,027,18085,4443,4440,881,5321,59
2022-08-23,Kern,029,883053,216310,215225,60790,276015,2399
2022-08-23,Kings,031,150075,58448,58324,4009,62333,454
2022-08-23,Lake,033,64148,12531,12476,1148,13624,142
2022-08-23,Lassen,035,31185,9876,9867,974,10841,64
2022-08-23,Los Angeles,037,10098052,3230297,3211321,174854,3386175,32783
2022-08-23,Madera,039,155013,43093,42984,7995,50979,372
2022-08-23,Marin,041,260295,44242,44082,5155,49237,305
2022-08-23,Mariposa,043,17540,3026,3010,338,3348,31
2022-08-23,Mendocino,045,87422,15732,15623,4359,19982,134
2022-08-23,Merced,047,269075,71288,70665,11396,82061,849
2022-08-23,Modoc,049,8938,865,864,312,1176,11
2022-08-23,Mono,051,14174,3183,3181,243,3424,7
2022-08-23,Monterey,053,433212,92977,92590,20478,113068,760
2022-08-23,Napa,055,140530,31645,31602,1382,32984,156
2022-08-23,Nevada,057,99092,18612,18565,1760,20325,132
2022-08-23,Orange,059,3164182,656721,654893,60430,715323,7312
2022-08-23,Placer,061,380077,74529,74226,9335,83561,657
2022-08-23,Plumas,063,18699,3571,3555,430,3985,13
2022-08-23,Riverside,065,2383286,684606,681805,34332,716137,6573
2022-08-23,Sacramento,067,1510023,340395,339009,32957,371966,3208
2022-08-23,San Benito,069,59416,15894,15745,924,16669,103
2022-08-23,San Bernardino,071,2135413,660814,651496,30183,681679,8018
2022-08-23,San Diego,073,3302833,908998,906885,70206,977091,5453
2022-08-23,San Francisco,075,870044,175219,174731,11818,186549,974
2022-08-23,San Joaquin,077,732212,194478,193370,14250,207620,2288
2022-08-23,San Luis Obispo,079,281455,62240,61962,6935,68897,515
2022-08-23,San Mateo,081,765935,165108,164307,10428,174735,738
2022-08-23,Santa Barbara,083,443738,103759,103237,6689,109926,716
2022-08-23,Santa Clara,085,1922200,427316,421483,18379,439862,2454
2022-08-23,Santa Cruz,087,273765,61749,61387,3329,64716,270
2022-08-23,Shasta,089,179085,34339,34180,7189,41369,589
2022-08-23,Sierra,091,2930,302,301,60,361,5
2022-08-23,Siskiyou,093,43540,5022,5133,3254,8387,88
2022-08-23,Solano,095,438530,103126,102631,7686,110317,459
2022-08-23,Sonoma,097,501317,104961,104444,5178,109622,520
2022-08-23,Stanislaus,099,539301,135527,134894,21138,156032,1720
2022-08-23,Sutter,101,95872,23733,23673,2439,26112,228
2022-08-23,Tehama,103,63373,13382,13312,3009,16321,209
2022-08-23,Trinity,105,12862,1378,1369,367,1736,20
2022-08-23,Tulare,107,460477,119866,119644,35096,154740,1525
2022-08-23,Tuolumne,109,53932,15251,15140,905,16045,196
2022-08-23,Ventura,111,848112,204710,204064,15125,219189,1551
2022-08-23,Yolo,113,214977,46566,46665,4258,50923,333
2022-08-23,Yuba,115,75493,18490,18425,1646,20071,129
2022-08-22,Alameda,001,1643700,340039,338591,19271,357862,1976
2022-08-22,Alpine,003,1148,133,131,1,132,0
2022-08-22,Amador,005,37829,9806,9786,902,10688,89
2022-08-22,Butte,007,227075,38674,38458,8747,47205,449
2022-08-22,Calaveras,009,45235,8355,8334,508,8842,132
2022-08-22,Colusa,011,21464,3740,3722,1236,4958,22
2022-08-22,Contra Costa,013,1133247,246064,242633,20227,262860,1399
2022-08-22,Del Norte,015,27424,7307,7308,392,7700,55
2022-08-22,El Dorado,017,186661,31775,31682,4151,35833,225
2022-08-22,Fresno,019,978130,270435,269025,30357,299382,2822
2022-08-22,Glenn,021,27897,5453,5423,1834,7257,48
2022-08-22,Humboldt,023,135768,21251,21195,4797,25992,153
2022-08-22,Imperial,025,180216,64386,64271,15117,79388,951
2022-08-22,Inyo,027,18085,4441,4440,881,5321,59
2022-08-22,Kern,029,883053,216155,215225,60603,275828,2399
2022-08-22,Kings,031,150075,58396,58324,4001,62325,454
2022-08-22,Lake,033,64148,12510,12476,1142,13618,142
2022-08-22,Lassen,035,31185,9874,9867,974,10841,64
2022-08-22,Los Angeles,037,10098052,3227370,3211321,174505,3385826,32783
2022-08-22,Madera,039,155013,43040,42984,7969,50953,372
2022-08-22,Marin,041,260295,44209,44082,5146,49228,305
2022-08-22,Mariposa,043,17540,3020,3010,336,3346,31
2022-08-22,Mendocino,045,87422,15711,15623,4341,19964,134
2022-08-22,Merced,047,269075,71213,70665,11353,82018,849
2022-08-22,Modoc,049,8938,865,864,312,1176,11
2022-08-22,Mono,051,14174,3183,3181,243,3424,7
2022-08-22,Monterey,053,433212,92902,92590,20428,113018,760
2022-08-22,Napa,055,140530,31619,31602,1379,32981,156
2022-08-22,Nevada,057,99092,18594,18565,1754,20319,132
2022-08-22,Orange,059,3164182,656131,654893,60305,715198,7312
2022-08-22,Placer,061,380077,74455,74226,9325,83551,657
2022-08-22,Plumas,063,18699,3570,3555,430,3985,13
2022-08-22,Riverside,065,2383286,683946,681805,34261,716066,6573
2022-08-22,Sacramento,067,1510023,340055,339009,32880,371889,3208
2022-08-22,San Benito,069,59416,15873,15745,922,16667,103
2022-08-22,San Bernardino,071,2135413,660086,651496,30113,681609,8018
2022-08-22,San Diego,073,3302833,908314,906885,70086,976971,5453
2022-08-22,San Francisco,075,870044,175069,174731,11804,186535,974
2022-08-22,San Joaquin,077,732212,194301,193370,14210,207580,2288
2022-08-22,San Luis Obispo,079,281455,62190,61962,6920,68882,515
2022-08-22,San Mateo,081,765935,164967,164307,10416,174723,738
2022-08-22,Santa Barbara,083,443738,103637,103237,6671,109908,716
2022-08-22,Santa Clara,085,1922200,426891,421483,18352,439835,2454
2022-08-22,Santa Cruz,087,273765,61666,61387,3325,64712,270
2022-08-22,Shasta,089,179085,34323,34180,7179,41359,589
2022-08-22,Sierra,091,2930,302,301,60,361,5
2022-08-22,Siskiyou,093,43540,5018,5133,3252,8385,88
2022-08-22,Solano,095,438530,103037,102631,7673,110304,459
2022-08-22,Sonoma,097,501317,104882,104444,5162,109606,520
2022-08-22,Stanislaus,099,539301,135365,134894,21100,155994,1720
2022-08-22,Sutter,101,95872,23699,23673,2438,26111,228
2022-08-22,Tehama,103,63373,13376,13312,3006,16318,209
2022-08-22,Trinity,105,12862,1376,1369,365,1734,20
2022-08-22,Tulare,107,460477,119740,119644,34991,154635,1525
2022-08-22,Tuolumne,109,53932,15228,15140,905,16045,196
2022-08-22,Ventura,111,848112,204551,204064,15048,219112,1551
2022-08-22,Yolo,113,214977,46528,46665,4248,50913,333
2022-08-22,Yuba,115,75493,18463,18425,1642,20067,129
2022-08-21,Alameda,001,1643700,339611,337238,19248,356486,1970
2022-08-21,Alpine,003,1148,132,131,1,132,0
2022-08-21,Amador,005,37829,9799,9761,897,10658,89
2022-08-21,Butte,007,227075,38629,38316,8729,47045,449
2022-08-21,Calaveras,009,45235,8342,8313,506,8819,132
2022-08-21,Colusa,011,21464,3734,3718,1230,4948,22
2022-08-21,Contra Costa,013,1133247,245783,241665,20190,261855,1399
2022-08-21,Del Norte,015,27424,7300,7290,391,7681,55
2022-08-21,El Dorado,017,186661,31743,31600,4145,35745,225
2022-08-21,Fresno,019,978130,270160,268147,30267,298414,2822
2022-08-21,Glenn,021,27897,5449,5413,1833,7246,48
2022-08-21,Humboldt,023,135768,21227,21104,4779,25883,153
2022-08-21,Imperial,025,180216,64326,64092,15077,79169,951
2022-08-21,Inyo,027,18085,4441,4435,877,5312,59
2022-08-21,Kern,029,883053,215967,214656,60416,275072,2389
2022-08-21,Kings,031,150075,58325,58109,3990,62099,454
2022-08-21,Lake,033,64148,12489,12426,1137,13563,142
2022-08-21,Lassen,035,31185,9868,9843,973,10816,64
2022-08-21,Los Angeles,037,10098052,3224101,3200023,174100,3374123,32746
2022-08-21,Madera,039,155013,42990,42822,7931,50753,372
2022-08-21,Marin,041,260295,44161,43966,5126,49092,305
2022-08-21,Mariposa,043,17540,3019,3003,335,3338,31
2022-08-21,Mendocino,045,87422,15681,15578,4318,19896,134
2022-08-21,Merced,047,269075,71121,70449,11279,81728,846
2022-08-21,Modoc,049,8938,864,862,312,1174,11
2022-08-21,Mono,051,14174,3183,3177,241,3418,7
2022-08-21,Monterey,053,433212,92800,92287,20372,112659,760
2022-08-21,Napa,055,140530,31597,31534,1378,32912,156
2022-08-21,Nevada,057,99092,18583,18497,1749,20246,132
2022-08-21,Orange,059,3164182,655477,652703,60169,712872,7280
2022-08-21,Placer,061,380077,74394,74027,9320,83347,657
2022-08-21,Plumas,063,18699,3563,3550,430,3980,13
2022-08-21,Riverside,065,2383286,683114,679298,34176,713474,6574
2022-08-21,Sacramento,067,1510023,339686,337745,32810,370555,3208
2022-08-21,San Benito,069,59416,15850,15698,919,16617,103
2022-08-21,San Bernardino,071,2135413,659241,648583,30047,678630,8014
2022-08-21,San Diego,073,3302833,907459,904015,70005,974020,5448
2022-08-21,San Francisco,075,870044,174867,174151,11785,185936,973
2022-08-21,San Joaquin,077,732212,194056,192738,14174,206912,2288
2022-08-21,San Luis Obispo,079,281455,62141,61764,6892,68656,516
2022-08-21,San Mateo,081,765935,164812,163705,10408,174113,738
2022-08-21,Santa Barbara,083,443738,103510,102795,6643,109438,713
2022-08-21,Santa Clara,085,1922200,426362,419723,18320,438043,2437
2022-08-21,Santa Cruz,087,273765,61551,61098,3320,64418,269
2022-08-21,Shasta,089,179085,34284,34105,7164,41269,588
2022-08-21,Sierra,091,2930,302,298,60,358,4
2022-08-21,Siskiyou,093,43540,5017,5119,3245,8364,88
2022-08-21,Solano,095,438530,102953,102355,7662,110017,457
2022-08-21,Sonoma,097,501317,104776,104090,5148,109238,511
2022-08-21,Stanislaus,099,539301,135200,134407,21028,155435,1719
2022-08-21,Sutter,101,95872,23666,23587,2431,26018,228
2022-08-21,Tehama,103,63373,13365,13289,3002,16291,209
2022-08-21,Trinity,105,12862,1374,1366,364,1730,20
2022-08-21,Tulare,107,460477,119616,119251,34837,154088,1521
2022-08-21,Tuolumne,109,53932,15212,15085,903,15988,196
2022-08-21,Ventura,111,848112,204325,203318,14971,218289,1547
2022-08-21,Yolo,113,214977,46488,46567,4243,50810,333
2022-08-21,Yuba,115,75493,18441,18363,1635,19998,129
2022-08-20,Alameda,001,1643700,339400,337238,19232,356470,1970
2022-08-20,Alpine,003,1148,132,131,1,132,0
2022-08-20,Amador,005,37829,9796,9761,897,10658,89
2022-08-20,Butte,007,227075,38601,38316,8724,47040,449
2022-08-20,Calaveras,009,45235,8339,8313,505,8818,132
2022-08-20,Colusa,011,21464,3730,3718,1224,4942,22
2022-08-20,Contra Costa,013,1133247,245648,241665,20175,261840,1399
2022-08-20,Del Norte,015,27424,7299,7290,391,7681,55
2022-08-20,El Dorado,017,186661,31724,31600,4143,35743,225
2022-08-20,Fresno,019,978130,270018,268147,30242,298389,2822
2022-08-20,Glenn,021,27897,5446,5413,1833,7246,48
2022-08-20,Humboldt,023,135768,21211,21104,4764,25868,153
2022-08-20,Imperial,025,180216,64291,64092,15057,79149,951
2022-08-20,Inyo,027,18085,4441,4435,877,5312,59
2022-08-20,Kern,029,883053,215878,214656,60292,274948,2389
2022-08-20,Kings,031,150075,58298,58109,3985,62094,454
2022-08-20,Lake,033,64148,12479,12426,1133,13559,142
2022-08-20,Lassen,035,31185,9865,9843,973,10816,64
2022-08-20,Los Angeles,037,10098052,3222509,3200023,173874,3373897,32746
2022-08-20,Madera,039,155013,42967,42822,7924,50746,372
2022-08-20,Marin,041,260295,44143,43966,5124,49090,305
2022-08-20,Mariposa,043,17540,3019,3003,335,3338,31
2022-08-20,Mendocino,045,87422,15667,15578,4315,19893,134
2022-08-20,Merced,047,269075,71098,70449,11270,81719,846
2022-08-20,Modoc,049,8938,864,862,312,1174,11
2022-08-20,Mono,051,14174,3183,3177,239,3416,7
2022-08-20,Monterey,053,433212,92755,92287,20343,112630,760
2022-08-20,Napa,055,140530,31589,31534,1378,32912,156
2022-08-20,Nevada,057,99092,18580,18497,1747,20244,132
2022-08-20,Orange,059,3164182,655159,652703,60082,712785,7280
2022-08-20,Placer,061,380077,74347,74027,9314,83341,657
2022-08-20,Plumas,063,18699,3563,3550,430,3980,13
2022-08-20,Riverside,065,2383286,682692,679298,34145,713443,6574
2022-08-20,Sacramento,067,1510023,339524,337745,32789,370534,3208
2022-08-20,San Benito,069,59416,15831,15698,916,16614,103
2022-08-20,San Bernardino,071,2135413,658823,648583,30006,678589,8014
2022-08-20,San Diego,073,3302833,907074,904015,69979,973994,5448
2022-08-20,San Francisco,075,870044,174745,174151,11784,185935,973
2022-08-20,San Joaquin,077,732212,193956,192738,14147,206885,2288
2022-08-20,San Luis Obispo,079,281455,62123,61764,6884,68648,516
2022-08-20,San Mateo,081,765935,164713,163705,10403,174108,738
2022-08-20,Santa Barbara,083,443738,103440,102795,6635,109430,713
2022-08-20,Santa Clara,085,1922200,426095,419723,18304,438027,2437
2022-08-20,Santa Cruz,087,273765,61523,61098,3314,64412,269
2022-08-20,Shasta,089,179085,34259,34105,7162,41267,588
2022-08-20,Sierra,091,2930,302,298,60,358,4
2022-08-20,Siskiyou,093,43540,5012,5119,3244,8363,88
2022-08-20,Solano,095,438530,102907,102355,7655,110010,457
2022-08-20,Sonoma,097,501317,104726,104090,5142,109232,511
2022-08-20,Stanislaus,099,539301,135111,134407,21011,155418,1719
2022-08-20,Sutter,101,95872,23638,23587,2431,26018,228
2022-08-20,Tehama,103,63373,13359,13289,3000,16289,209
2022-08-20,Trinity,105,12862,1374,1366,364,1730,20
2022-08-20,Tulare,107,460477,119536,119251,34784,154035,1521
2022-08-20,Tuolumne,109,53932,15203,15085,901,15986,196
2022-08-20,Ventura,111,848112,204217,203318,14954,218272,1547
2022-08-20,Yolo,113,214977,46460,46567,4235,50802,333
2022-08-20,Yuba,115,75493,18434,18363,1634,19997,129
2022-08-19,Alameda,001,1643700,339190,337238,19209,356447,1970
2022-08-19,Alpine,003,1148,132,131,1,132,0
2022-08-19,Amador,005,37829,9795,9761,897,10658,89
2022-08-19,Butte,007,227075,38580,38316,8713,47029,449
2022-08-19,Calaveras,009,45235,8334,8313,505,8818,132
2022-08-19,Colusa,011,21464,3729,3718,1223,4941,22
2022-08-19,Contra Costa,013,1133247,245509,241665,20161,261826,1399
2022-08-19,Del Norte,015,27424,7294,7290,391,7681,55
2022-08-19,El Dorado,017,186661,31712,31600,4139,35739,225
2022-08-19,Fresno,019,978130,269855,268147,30216,298363,2822
2022-08-19,Glenn,021,27897,5445,5413,1833,7246,48
2022-08-19,Humboldt,023,135768,21201,21104,4754,25858,153
2022-08-19,Imperial,025,180216,64263,64092,15042,79134,951
2022-08-19,Inyo,027,18085,4441,4435,873,5308,59
2022-08-19,Kern,029,883053,215789,214656,60200,274856,2389
2022-08-19,Kings,031,150075,58255,58109,3978,62087,454
2022-08-19,Lake,033,64148,12467,12426,1130,13556,142
2022-08-19,Lassen,035,31185,9862,9843,973,10816,64
2022-08-19,Los Angeles,037,10098052,3220680,3200023,173652,3373675,32746
2022-08-19,Madera,039,155013,42945,42822,7920,50742,372
2022-08-19,Marin,041,260295,44108,43966,5118,49084,305
2022-08-19,Mariposa,043,17540,3017,3003,335,3338,31
2022-08-19,Mendocino,045,87422,15655,15578,4306,19884,134
2022-08-19,Merced,047,269075,71058,70449,11265,81714,846
2022-08-19,Modoc,049,8938,864,862,312,1174,11
2022-08-19,Mono,051,14174,3183,3177,239,3416,7
2022-08-19,Monterey,053,433212,92701,92287,20313,112600,760
2022-08-19,Napa,055,140530,31571,31534,1376,32910,156
2022-08-19,Nevada,057,99092,18576,18497,1745,20242,132
2022-08-19,Orange,059,3164182,654795,652703,59997,712700,7280
2022-08-19,Placer,061,380077,74311,74027,9307,83334,657
2022-08-19,Plumas,063,18699,3562,3550,430,3980,13
2022-08-19,Riverside,065,2383286,682276,679298,34113,713411,6574
2022-08-19,Sacramento,067,1510023,339335,337745,32767,370512,3208
2022-08-19,San Benito,069,59416,15828,15698,915,16613,103
2022-08-19,San Bernardino,071,2135413,658372,648583,29989,678572,8014
2022-08-19,San Diego,073,3302833,906578,904015,69926,973941,5448
2022-08-19,San Francisco,075,870044,174605,174151,11767,185918,973
2022-08-19,San Joaquin,077,732212,193853,192738,14128,206866,2288
2022-08-19,San Luis Obispo,079,281455,62108,61764,6882,68646,516
2022-08-19,San Mateo,081,765935,164599,163705,10398,174103,738
2022-08-19,Santa Barbara,083,443738,103361,102795,6630,109425,713
2022-08-19,Santa Clara,085,1922200,425784,419723,18288,438011,2437
2022-08-19,Santa Cruz,087,273765,61460,61098,3309,64407,269
2022-08-19,Shasta,089,179085,34242,34105,7162,41267,588
2022-08-19,Sierra,091,2930,302,298,60,358,4
2022-08-19,Siskiyou,093,43540,5005,5119,3244,8363,88
2022-08-19,Solano,095,438530,102848,102355,7648,110003,457
2022-08-19,Sonoma,097,501317,104667,104090,5138,109228,511
2022-08-19,Stanislaus,099,539301,135029,134407,20994,155401,1719
2022-08-19,Sutter,101,95872,23621,23587,2430,26017,228
2022-08-19,Tehama,103,63373,13349,13289,2994,16283,209
2022-08-19,Trinity,105,12862,1373,1366,364,1730,20
2022-08-19,Tulare,107,460477,119451,119251,34732,153983,1521
2022-08-19,Tuolumne,109,53932,15196,15085,900,15985,196
2022-08-19,Ventura,111,848112,204092,203318,14932,218250,1547
2022-08-19,Yolo,113,214977,46438,46567,4232,50799,333
2022-08-19,Yuba,115,75493,18419,18363,1634,19997,129
2022-08-18,Alameda,001,1643700,338896,337238,19173,356411,1970
2022-08-18,Alpine,003,1148,131,131,1,132,0
2022-08-18,Amador,005,37829,9790,9761,896,10657,89
2022-08-18,Butte,007,227075,38551,38316,8698,47014,449
2022-08-18,Calaveras,009,45235,8329,8313,505,8818,132
2022-08-18,Colusa,011,21464,3729,3718,1219,4937,22
2022-08-18,Contra Costa,013,1133247,245302,241665,20128,261793,1399
2022-08-18,Del Norte,015,27424,7289,7290,390,7680,55
2022-08-18,El Dorado,017,186661,31697,31600,4136,35736,225
2022-08-18,Fresno,019,978130,269636,268147,30155,298302,2822
2022-08-18,Glenn,021,27897,5440,5413,1832,7245,48
2022-08-18,Humboldt,023,135768,21177,21104,4726,25830,153
2022-08-18,Imperial,025,180216,64239,64092,15000,79092,951
2022-08-18,Inyo,027,18085,4440,4435,868,5303,59
2022-08-18,Kern,029,883053,215640,214656,60069,274725,2389
2022-08-18,Kings,031,150075,58210,58109,3967,62076,454
2022-08-18,Lake,033,64148,12455,12426,1127,13553,142
2022-08-18,Lassen,035,31185,9861,9843,972,10815,64
2022-08-18,Los Angeles,037,10098052,3218190,3200023,173366,3373389,32746
2022-08-18,Madera,039,155013,42905,42822,7901,50723,372
2022-08-18,Marin,041,260295,44076,43966,5107,49073,305
2022-08-18,Mariposa,043,17540,3015,3003,335,3338,31
2022-08-18,Mendocino,045,87422,15641,15578,4305,19883,134
2022-08-18,Merced,047,269075,70981,70449,11229,81678,846
2022-08-18,Modoc,049,8938,864,862,312,1174,11
2022-08-18,Mono,051,14174,3181,3177,238,3415,7
2022-08-18,Monterey,053,433212,92615,92287,20275,112562,760
2022-08-18,Napa,055,140530,31551,31534,1376,32910,156
2022-08-18,Nevada,057,99092,18560,18497,1740,20237,132
2022-08-18,Orange,059,3164182,654333,652703,59885,712588,7280
2022-08-18,Placer,061,380077,74256,74027,9304,83331,657
2022-08-18,Plumas,063,18699,3558,3550,430,3980,13
2022-08-18,Riverside,065,2383286,681699,679298,34064,713362,6574
2022-08-18,Sacramento,067,1510023,339037,337745,32709,370454,3208
2022-08-18,San Benito,069,59416,15816,15698,912,16610,103
2022-08-18,San Bernardino,071,2135413,657702,648583,29933,678516,8014
2022-08-18,San Diego,073,3302833,905932,904015,69851,973866,5448
2022-08-18,San Francisco,075,870044,174454,174151,11743,185894,973
2022-08-18,San Joaquin,077,732212,193683,192738,14099,206837,2288
2022-08-18,San Luis Obispo,079,281455,62066,61764,6867,68631,516
2022-08-18,San Mateo,081,765935,164420,163705,10389,174094,738
2022-08-18,Santa Barbara,083,443738,103255,102795,6618,109413,713
2022-08-18,Santa Clara,085,1922200,425347,419723,18257,437980,2437
2022-08-18,Santa Cruz,087,273765,61389,61098,3303,64401,269
2022-08-18,Shasta,089,179085,34222,34105,7157,41262,588
2022-08-18,Sierra,091,2930,301,298,60,358,4
2022-08-18,Siskiyou,093,43540,5003,5119,3242,8361,88
2022-08-18,Solano,095,438530,102777,102355,7637,109992,457
2022-08-18,Sonoma,097,501317,104580,104090,5128,109218,511
2022-08-18,Stanislaus,099,539301,134901,134407,20960,155367,1719
2022-08-18,Sutter,101,95872,23600,23587,2428,26015,228
2022-08-18,Tehama,103,63373,13342,13289,2990,16279,209
2022-08-18,Trinity,105,12862,1372,1366,361,1727,20
2022-08-18,Tulare,107,460477,119356,119251,34634,153885,1521
2022-08-18,Tuolumne,109,53932,15155,15085,895,15980,196
2022-08-18,Ventura,111,848112,203919,203318,14890,218208,1547
2022-08-18,Yolo,113,214977,46414,46567,4223,50790,333
2022-08-18,Yuba,115,75493,18399,18363,1631,19994,129
2022-08-17,Alameda,001,1643700,338563,336198,19139,355337,1948
2022-08-17,Alpine,003,1148,131,131,1,132,0
2022-08-17,Amador,005,37829,9782,9728,896,10624,89
2022-08-17,Butte,007,227075,38512,38203,8686,46889,447
2022-08-17,Calaveras,009,45235,8322,8295,502,8797,131
2022-08-17,Colusa,011,21464,3728,3716,1217,4933,22
2022-08-17,Contra Costa,013,1133247,245076,240894,20092,260986,1394
2022-08-17,Del Norte,015,27424,7285,7274,390,7664,55
2022-08-17,El Dorado,017,186661,31679,31523,4132,35655,225
2022-08-17,Fresno,019,978130,269408,267367,30089,297456,2818
2022-08-17,Glenn,021,27897,5439,5403,1830,7233,48
2022-08-17,Humboldt,023,135768,21154,21029,4711,25740,153
2022-08-17,Imperial,025,180216,64197,63972,14969,78941,950
2022-08-17,Inyo,027,18085,4438,4421,865,5286,58
2022-08-17,Kern,029,883053,215507,214040,59937,273977,2389
2022-08-17,Kings,031,150075,58146,57948,3964,61912,454
2022-08-17,Lake,033,64148,12445,12383,1126,13509,142
2022-08-17,Lassen,035,31185,9852,9813,972,10785,64
2022-08-17,Los Angeles,037,10098052,3215387,3190808,173041,3363849,32701
2022-08-17,Madera,039,155013,42856,42677,7864,50541,372
2022-08-17,Marin,041,260295,44043,43852,5103,48955,305
2022-08-17,Mariposa,043,17540,3011,2998,334,3332,31
2022-08-17,Mendocino,045,87422,15631,15504,4299,19803,132
2022-08-17,Merced,047,269075,70925,70232,11183,81415,843
2022-08-17,Modoc,049,8938,863,857,312,1169,11
2022-08-17,Mono,051,14174,3181,3175,238,3413,7
2022-08-17,Monterey,053,433212,92551,91984,20221,112205,759
2022-08-17,Napa,055,140530,31536,31454,1374,32828,155
2022-08-17,Nevada,057,99092,18543,18443,1738,20181,132
2022-08-17,Orange,059,3164182,653726,650827,59766,710593,7266
2022-08-17,Placer,061,380077,74208,73852,9296,83148,655
2022-08-17,Plumas,063,18699,3556,3544,429,3973,13
2022-08-17,Riverside,065,2383286,681063,677437,34002,711439,6562
2022-08-17,Sacramento,067,1510023,338711,336667,32664,369331,3194
2022-08-17,San Benito,069,59416,15800,15655,911,16566,103
2022-08-17,San Bernardino,071,2135413,657067,646584,29874,676458,7999
2022-08-17,San Diego,073,3302833,905189,901794,69782,971576,5442
2022-08-17,San Francisco,075,870044,174319,173590,11731,185321,971
2022-08-17,San Joaquin,077,732212,193533,192078,14063,206141,2283
2022-08-17,San Luis Obispo,079,281455,62013,61604,6854,68458,514
2022-08-17,San Mateo,081,765935,164323,163218,10382,173600,738
2022-08-17,Santa Barbara,083,443738,103143,102430,6599,109029,712
2022-08-17,Santa Clara,085,1922200,424880,418231,18248,436479,2424
2022-08-17,Santa Cruz,087,273765,61300,60880,3297,64177,269
2022-08-17,Shasta,089,179085,34204,33984,7148,41132,587
2022-08-17,Sierra,091,2930,301,297,60,357,4
2022-08-17,Siskiyou,093,43540,5000,5102,3239,8341,88
2022-08-17,Solano,095,438530,102695,102115,7630,109745,459
2022-08-17,Sonoma,097,501317,104478,103844,5121,108965,504
2022-08-17,Stanislaus,099,539301,134756,133989,20922,154911,1715
2022-08-17,Sutter,101,95872,23566,23489,2422,25911,228
2022-08-17,Tehama,103,63373,13339,13259,2985,16244,209
2022-08-17,Trinity,105,12862,1372,1362,359,1721,20
2022-08-17,Tulare,107,460477,119248,118997,34527,153524,1521
2022-08-17,Tuolumne,109,53932,15147,15044,893,15937,196
2022-08-17,Ventura,111,848112,203739,202609,14834,217443,1546
2022-08-17,Yolo,113,214977,46382,46414,4218,50632,331
2022-08-17,Yuba,115,75493,18379,18305,1628,19933,129
2022-08-16,Alameda,001,1643700,338194,336198,19119,355317,1948
2022-08-16,Alpine,003,1148,131,131,1,132,0
2022-08-16,Amador,005,37829,9769,9728,891,10619,89
2022-08-16,Butte,007,227075,38480,38203,8671,46874,447
2022-08-16,Calaveras,009,45235,8314,8295,502,8797,131
2022-08-16,Colusa,011,21464,3727,3716,1215,4931,22
2022-08-16,Contra Costa,013,1133247,244840,240894,20050,260944,1394
2022-08-16,Del Norte,015,27424,7280,7274,390,7664,55
2022-08-16,El Dorado,017,186661,31659,31523,4125,35648,225
2022-08-16,Fresno,019,978130,269160,267367,30041,297408,2818
2022-08-16,Glenn,021,27897,5438,5403,1827,7230,48
2022-08-16,Humboldt,023,135768,21127,21029,4684,25713,153
2022-08-16,Imperial,025,180216,64146,63972,14931,78903,950
2022-08-16,Inyo,027,18085,4434,4421,861,5282,58
2022-08-16,Kern,029,883053,215366,214040,59785,273825,2389
2022-08-16,Kings,031,150075,58100,57948,3961,61909,454
2022-08-16,Lake,033,64148,12429,12383,1122,13505,142
2022-08-16,Lassen,035,31185,9839,9813,971,10784,64
2022-08-16,Los Angeles,037,10098052,3212304,3190808,172691,3363499,32701
2022-08-16,Madera,039,155013,42798,42677,7843,50520,372
2022-08-16,Marin,041,260295,44005,43852,5097,48949,305
2022-08-16,Mariposa,043,17540,3010,2998,333,3331,31
2022-08-16,Mendocino,045,87422,15613,15504,4285,19789,132
2022-08-16,Merced,047,269075,70847,70232,11139,81371,843
2022-08-16,Modoc,049,8938,863,857,312,1169,11
2022-08-16,Mono,051,14174,3181,3175,237,3412,7
2022-08-16,Monterey,053,433212,92472,91984,20149,112133,759
2022-08-16,Napa,055,140530,31517,31454,1373,32827,155
2022-08-16,Nevada,057,99092,18528,18443,1734,20177,132
2022-08-16,Orange,059,3164182,653062,650827,59633,710460,7266
2022-08-16,Placer,061,380077,74141,73852,9285,83137,655
2022-08-16,Plumas,063,18699,3554,3544,429,3973,13
2022-08-16,Riverside,065,2383286,680374,677437,33953,711390,6562
2022-08-16,Sacramento,067,1510023,338380,336667,32627,369294,3194
2022-08-16,San Benito,069,59416,15787,15655,907,16562,103
2022-08-16,San Bernardino,071,2135413,656342,646584,29802,676386,7999
2022-08-16,San Diego,073,3302833,904372,901794,69688,971482,5442
2022-08-16,San Francisco,075,870044,174157,173590,11725,185315,971
2022-08-16,San Joaquin,077,732212,193318,192078,14033,206111,2283
2022-08-16,San Luis Obispo,079,281455,61976,61604,6847,68451,514
2022-08-16,San Mateo,081,765935,164163,163218,10368,173586,738
2022-08-16,Santa Barbara,083,443738,103015,102430,6576,109006,712
2022-08-16,Santa Clara,085,1922200,424399,418231,18223,436454,2424
2022-08-16,Santa Cruz,087,273765,61247,60880,3293,64173,269
2022-08-16,Shasta,089,179085,34177,33984,7139,41123,587
2022-08-16,Sierra,091,2930,300,297,60,357,4
2022-08-16,Siskiyou,093,43540,4996,5102,3234,8336,88
2022-08-16,Solano,095,438530,102623,102115,7614,109729,459
2022-08-16,Sonoma,097,501317,104375,103844,5113,108957,504
2022-08-16,Stanislaus,099,539301,134621,133989,20860,154849,1715
2022-08-16,Sutter,101,95872,23542,23489,2416,25905,228
2022-08-16,Tehama,103,63373,13333,13259,2980,16239,209
2022-08-16,Trinity,105,12862,1369,1362,359,1721,20
2022-08-16,Tulare,107,460477,119161,118997,34407,153404,1521
2022-08-16,Tuolumne,109,53932,15133,15044,893,15937,196
2022-08-16,Ventura,111,848112,203510,202609,14778,217387,1546
2022-08-16,Yolo,113,214977,46363,46414,4213,50627,331
2022-08-16,Yuba,115,75493,18360,18305,1622,19927,129
2022-08-15,Alameda,001,1643700,337812,336198,19092,355290,1948
2022-08-15,Alpine,003,1148,131,131,1,132,0
2022-08-15,Amador,005,37829,9757,9728,891,10619,89
2022-08-15,Butte,007,227075,38459,38203,8651,46854,447
2022-08-15,Calaveras,009,45235,8312,8295,501,8796,131
2022-08-15,Colusa,011,21464,3724,3716,1214,4930,22
2022-08-15,Contra Costa,013,1133247,244560,240894,20015,260909,1394
2022-08-15,Del Norte,015,27424,7276,7274,389,7663,55
2022-08-15,El Dorado,017,186661,31629,31523,4118,35641,225
2022-08-15,Fresno,019,978130,268854,267367,29977,297344,2818
2022-08-15,Glenn,021,27897,5430,5403,1826,7229,48
2022-08-15,Humboldt,023,135768,21105,21029,4663,25692,153
2022-08-15,Imperial,025,180216,64099,63972,14894,78866,950
2022-08-15,Inyo,027,18085,4433,4421,859,5280,58
2022-08-15,Kern,029,883053,215178,214040,59643,273683,2389
2022-08-15,Kings,031,150075,58026,57948,3952,61900,454
2022-08-15,Lake,033,64148,12413,12383,1120,13503,142
2022-08-15,Lassen,035,31185,9838,9813,971,10784,64
2022-08-15,Los Angeles,037,10098052,3208881,3190808,172345,3363153,32701
2022-08-15,Madera,039,155013,42747,42677,7801,50478,372
2022-08-15,Marin,041,260295,43961,43852,5091,48943,305
2022-08-15,Mariposa,043,17540,3008,2998,332,3330,31
2022-08-15,Mendocino,045,87422,15596,15504,4278,19782,132
2022-08-15,Merced,047,269075,70778,70232,11089,81321,843
2022-08-15,Modoc,049,8938,859,857,312,1169,11
2022-08-15,Mono,051,14174,3179,3175,237,3412,7
2022-08-15,Monterey,053,433212,92362,91984,20079,112063,759
2022-08-15,Napa,055,140530,31492,31454,1373,32827,155
2022-08-15,Nevada,057,99092,18514,18443,1733,20176,132
2022-08-15,Orange,059,3164182,652348,650827,59504,710331,7266
2022-08-15,Placer,061,380077,74083,73852,9275,83127,655
2022-08-15,Plumas,063,18699,3550,3544,429,3973,13
2022-08-15,Riverside,065,2383286,679581,677437,33893,711330,6562
2022-08-15,Sacramento,067,1510023,337983,336667,32589,369256,3194
2022-08-15,San Benito,069,59416,15771,15655,905,16560,103
2022-08-15,San Bernardino,071,2135413,655512,646584,29726,676310,7999
2022-08-15,San Diego,073,3302833,903528,901794,69577,971371,5442
2022-08-15,San Francisco,075,870044,173977,173590,11720,185310,971
2022-08-15,San Joaquin,077,732212,193115,192078,13991,206069,2283
2022-08-15,San Luis Obispo,079,281455,61939,61604,6829,68433,514
2022-08-15,San Mateo,081,765935,163961,163218,10362,173580,738
2022-08-15,Santa Barbara,083,443738,102918,102430,6553,108983,712
2022-08-15,Santa Clara,085,1922200,423877,418231,18193,436424,2424
2022-08-15,Santa Cruz,087,273765,61167,60880,3288,64168,269
2022-08-15,Shasta,089,179085,34152,33984,7129,41113,587
2022-08-15,Sierra,091,2930,300,297,60,357,4
2022-08-15,Siskiyou,093,43540,4993,5102,3230,8332,88
2022-08-15,Solano,095,438530,102516,102115,7599,109714,459
2022-08-15,Sonoma,097,501317,104286,103844,5105,108949,504
2022-08-15,Stanislaus,099,539301,134481,133989,20825,154814,1715
2022-08-15,Sutter,101,95872,23510,23489,2414,25903,228
2022-08-15,Tehama,103,63373,13325,13259,2973,16232,209
2022-08-15,Trinity,105,12862,1366,1362,357,1719,20
2022-08-15,Tulare,107,460477,119030,118997,34290,153287,1521
2022-08-15,Tuolumne,109,53932,15125,15044,893,15937,196
2022-08-15,Ventura,111,848112,203260,202609,14713,217322,1546
2022-08-15,Yolo,113,214977,46329,46414,4210,50624,331
2022-08-15,Yuba,115,75493,18337,18305,1617,19922,129
2022-08-14,Alameda,001,1643700,337354,334944,19068,354012,1948
2022-08-14,Alpine,003,1148,131,131,1,132,0
2022-08-14,Amador,005,37829,9748,9705,889,10594,89
2022-08-14,Butte,007,227075,38409,38062,8635,46697,447
2022-08-14,Calaveras,009,45235,8303,8271,500,8771,131
2022-08-14,Colusa,011,21464,3724,3704,1211,4915,22
2022-08-14,Contra Costa,013,1133247,244292,239735,19962,259697,1393
2022-08-14,Del Norte,015,27424,7268,7245,387,7632,54
2022-08-14,El Dorado,017,186661,31598,31430,4113,35543,225
2022-08-14,Fresno,019,978130,268556,266211,29923,296134,2816
2022-08-14,Glenn,021,27897,5426,5393,1825,7218,48
2022-08-14,Humboldt,023,135768,21077,20954,4648,25602,153
2022-08-14,Imperial,025,180216,64034,63766,14852,78618,950
2022-08-14,Inyo,027,18085,4426,4418,855,5273,58
2022-08-14,Kern,029,883053,214992,213071,59464,272535,2380
2022-08-14,Kings,031,150075,57970,57748,3945,61693,454
2022-08-14,Lake,033,64148,12395,12324,1117,13441,142
2022-08-14,Lassen,035,31185,9818,9795,970,10765,64
2022-08-14,Los Angeles,037,10098052,3205311,3177769,171943,3349712,32657
2022-08-14,Madera,039,155013,42686,42517,7758,50275,372
2022-08-14,Marin,041,260295,43916,43662,5085,48747,305
2022-08-14,Mariposa,043,17540,3006,2986,331,3317,31
2022-08-14,Mendocino,045,87422,15577,15456,4271,19727,132
2022-08-14,Merced,047,269075,70670,69974,11025,80999,842
2022-08-14,Modoc,049,8938,858,856,312,1168,11
2022-08-14,Mono,051,14174,3178,3170,236,3406,7
2022-08-14,Monterey,053,433212,92238,91612,20005,111617,759
2022-08-14,Napa,055,140530,31455,31312,1372,32684,156
2022-08-14,Nevada,057,99092,18494,18398,1730,20128,132
2022-08-14,Orange,059,3164182,651619,648171,59354,707525,7248
2022-08-14,Placer,061,380077,74023,73588,9258,82846,656
2022-08-14,Plumas,063,18699,3548,3539,429,3968,13
2022-08-14,Riverside,065,2383286,678766,674362,33808,708170,6561
2022-08-14,Sacramento,067,1510023,337501,335292,32536,367828,3190
2022-08-14,San Benito,069,59416,15749,15578,896,16474,103
2022-08-14,San Bernardino,071,2135413,654647,643895,29653,673548,7983
2022-08-14,San Diego,073,3302833,902633,898646,69465,968111,5437
2022-08-14,San Francisco,075,870044,173763,172876,11706,184582,955
2022-08-14,San Joaquin,077,732212,192820,191272,13929,205201,2283
2022-08-14,San Luis Obispo,079,281455,61878,61403,6801,68204,512
2022-08-14,San Mateo,081,765935,163756,162531,10348,172879,738
2022-08-14,Santa Barbara,083,443738,102781,101942,6526,108468,712
2022-08-14,Santa Clara,085,1922200,423300,416369,18158,434527,2422
2022-08-14,Santa Cruz,087,273765,61062,60594,3281,63875,273
2022-08-14,Shasta,089,179085,34108,33895,7115,41010,584
2022-08-14,Sierra,091,2930,300,296,60,356,4
2022-08-14,Siskiyou,093,43540,4987,5086,3228,8314,88
2022-08-14,Solano,095,438530,102377,101761,7590,109351,458
2022-08-14,Sonoma,097,501317,104179,103496,5089,108585,504
2022-08-14,Stanislaus,099,539301,134300,133490,20769,154259,1702
2022-08-14,Sutter,101,95872,23468,23386,2410,25796,228
2022-08-14,Tehama,103,63373,13318,13213,2972,16185,209
2022-08-14,Trinity,105,12862,1365,1356,357,1713,20
2022-08-14,Tulare,107,460477,118881,118563,34168,152731,1520
2022-08-14,Tuolumne,109,53932,15105,14964,892,15856,196
2022-08-14,Ventura,111,848112,202997,201765,14669,216434,1541
2022-08-14,Yolo,113,214977,46282,46225,4204,50429,331
2022-08-14,Yuba,115,75493,18315,18232,1614,19846,129
2022-08-13,Alameda,001,1643700,337104,334944,19053,353997,1948
2022-08-13,Alpine,003,1148,131,131,1,132,0
2022-08-13,Amador,005,37829,9744,9705,889,10594,89
2022-08-13,Butte,007,227075,38385,38062,8624,46686,447
2022-08-13,Calaveras,009,45235,8299,8271,499,8770,131
2022-08-13,Colusa,011,21464,3721,3704,1211,4915,22
2022-08-13,Contra Costa,013,1133247,244128,239735,19935,259670,1393
2022-08-13,Del Norte,015,27424,7266,7245,387,7632,54
2022-08-13,El Dorado,017,186661,31585,31430,4112,35542,225
2022-08-13,Fresno,019,978130,268417,266211,29893,296104,2816
2022-08-13,Glenn,021,27897,5426,5393,1823,7216,48
2022-08-13,Humboldt,023,135768,21061,20954,4638,25592,153
2022-08-13,Imperial,025,180216,63993,63766,14834,78600,950
2022-08-13,Inyo,027,18085,4424,4418,854,5272,58
2022-08-13,Kern,029,883053,214900,213071,59382,272453,2380
2022-08-13,Kings,031,150075,57945,57748,3945,61693,454
2022-08-13,Lake,033,64148,12384,12324,1117,13441,142
2022-08-13,Lassen,035,31185,9812,9795,969,10764,64
2022-08-13,Los Angeles,037,10098052,3203449,3177769,171677,3349446,32657
2022-08-13,Madera,039,155013,42670,42517,7751,50268,372
2022-08-13,Marin,041,260295,43896,43662,5082,48744,305
2022-08-13,Mariposa,043,17540,3006,2986,330,3316,31
2022-08-13,Mendocino,045,87422,15565,15456,4268,19724,132
2022-08-13,Merced,047,269075,70633,69974,11019,80993,842
2022-08-13,Modoc,049,8938,858,856,312,1168,11
2022-08-13,Mono,051,14174,3178,3170,235,3405,7
2022-08-13,Monterey,053,433212,92173,91612,19970,111582,759
2022-08-13,Napa,055,140530,31442,31312,1370,32682,156
2022-08-13,Nevada,057,99092,18483,18398,1728,20126,132
2022-08-13,Orange,059,3164182,651228,648171,59278,707449,7248
2022-08-13,Placer,061,380077,73977,73588,9252,82840,656
2022-08-13,Plumas,063,18699,3546,3539,429,3968,13
2022-08-13,Riverside,065,2383286,678332,674362,33775,708137,6561
2022-08-13,Sacramento,067,1510023,337310,335292,32525,367817,3190
2022-08-13,San Benito,069,59416,15743,15578,890,16468,103
2022-08-13,San Bernardino,071,2135413,654178,643895,29623,673518,7983
2022-08-13,San Diego,073,3302833,902180,898646,69422,968068,5437
2022-08-13,San Francisco,075,870044,173646,172876,11700,184576,955
2022-08-13,San Joaquin,077,732212,192697,191272,13906,205178,2283
2022-08-13,San Luis Obispo,079,281455,61859,61403,6796,68199,512
2022-08-13,San Mateo,081,765935,163644,162531,10336,172867,738
2022-08-13,Santa Barbara,083,443738,102703,101942,6511,108453,712
2022-08-13,Santa Clara,085,1922200,422985,416369,18137,434506,2422
2022-08-13,Santa Cruz,087,273765,61025,60594,3275,63869,273
2022-08-13,Shasta,089,179085,34070,33895,7111,41006,584
2022-08-13,Sierra,091,2930,300,296,60,356,4
2022-08-13,Siskiyou,093,43540,4986,5086,3225,8311,88
2022-08-13,Solano,095,438530,102337,101761,7582,109343,458
2022-08-13,Sonoma,097,501317,104126,103496,5088,108584,504
2022-08-13,Stanislaus,099,539301,134199,133490,20745,154235,1702
2022-08-13,Sutter,101,95872,23454,23386,2410,25796,228
2022-08-13,Tehama,103,63373,13313,13213,2971,16184,209
2022-08-13,Trinity,105,12862,1364,1356,357,1713,20
2022-08-13,Tulare,107,460477,118810,118563,34110,152673,1520
2022-08-13,Tuolumne,109,53932,15091,14964,887,15851,196
2022-08-13,Ventura,111,848112,202834,201765,14654,216419,1541
2022-08-13,Yolo,113,214977,46254,46225,4201,50426,331
2022-08-13,Yuba,115,75493,18306,18232,1612,19844,129
2022-08-12,Alameda,001,1643700,336856,334944,19039,353983,1948
2022-08-12,Alpine,003,1148,131,131,1,132,0
2022-08-12,Amador,005,37829,9734,9705,886,10591,89
2022-08-12,Butte,007,227075,38365,38062,8615,46677,447
2022-08-12,Calaveras,009,45235,8291,8271,496,8767,131
2022-08-12,Colusa,011,21464,3718,3704,1211,4915,22
2022-08-12,Contra Costa,013,1133247,243960,239735,19917,259652,1393
2022-08-12,Del Norte,015,27424,7262,7245,387,7632,54
2022-08-12,El Dorado,017,186661,31567,31430,4108,35538,225
2022-08-12,Fresno,019,978130,268210,266211,29866,296077,2816
2022-08-12,Glenn,021,27897,5426,5393,1823,7216,48
2022-08-12,Humboldt,023,135768,21039,20954,4630,25584,153
2022-08-12,Imperial,025,180216,63966,63766,14819,78585,950
2022-08-12,Inyo,027,18085,4423,4418,852,5270,58
2022-08-12,Kern,029,883053,214799,213071,59293,272364,2380
2022-08-12,Kings,031,150075,57925,57748,3944,61692,454
2022-08-12,Lake,033,64148,12380,12324,1114,13438,142
2022-08-12,Lassen,035,31185,9810,9795,969,10764,64
2022-08-12,Los Angeles,037,10098052,3201356,3177769,171426,3349195,32657
2022-08-12,Madera,039,155013,42641,42517,7745,50262,372
2022-08-12,Marin,041,260295,43866,43662,5074,48736,305
2022-08-12,Mariposa,043,17540,3006,2986,330,3316,31
2022-08-12,Mendocino,045,87422,15554,15456,4260,19716,132
2022-08-12,Merced,047,269075,70600,69974,11012,80986,842
2022-08-12,Modoc,049,8938,858,856,312,1168,11
2022-08-12,Mono,051,14174,3178,3170,235,3405,7
2022-08-12,Monterey,053,433212,92116,91612,19937,111549,759
2022-08-12,Napa,055,140530,31421,31312,1369,32681,156
2022-08-12,Nevada,057,99092,18479,18398,1726,20124,132
2022-08-12,Orange,059,3164182,650814,648171,59184,707355,7248
2022-08-12,Placer,061,380077,73926,73588,9242,82830,656
2022-08-12,Plumas,063,18699,3544,3539,429,3968,13
2022-08-12,Riverside,065,2383286,677912,674362,33742,708104,6561
2022-08-12,Sacramento,067,1510023,337095,335292,32508,367800,3190
2022-08-12,San Benito,069,59416,15726,15578,889,16467,103
2022-08-12,San Bernardino,071,2135413,653770,643895,29606,673501,7983
2022-08-12,San Diego,073,3302833,901652,898646,69347,967993,5437
2022-08-12,San Francisco,075,870044,173519,172876,11692,184568,955
2022-08-12,San Joaquin,077,732212,192572,191272,13888,205160,2283
2022-08-12,San Luis Obispo,079,281455,61836,61403,6790,68193,512
2022-08-12,San Mateo,081,765935,163515,162531,10331,172862,738
2022-08-12,Santa Barbara,083,443738,102621,101942,6506,108448,712
2022-08-12,Santa Clara,085,1922200,422641,416369,18116,434485,2422
2022-08-12,Santa Cruz,087,273765,60972,60594,3273,63867,273
2022-08-12,Shasta,089,179085,34056,33895,7103,40998,584
2022-08-12,Sierra,091,2930,298,296,59,355,4
2022-08-12,Siskiyou,093,43540,4985,5086,3225,8311,88
2022-08-12,Solano,095,438530,102264,101761,7571,109332,458
2022-08-12,Sonoma,097,501317,104068,103496,5087,108583,504
2022-08-12,Stanislaus,099,539301,134113,133490,20733,154223,1702
2022-08-12,Sutter,101,95872,23439,23386,2410,25796,228
2022-08-12,Tehama,103,63373,13305,13213,2970,16183,209
2022-08-12,Trinity,105,12862,1361,1356,356,1712,20
2022-08-12,Tulare,107,460477,118751,118563,34052,152615,1520
2022-08-12,Tuolumne,109,53932,15084,14964,886,15850,196
2022-08-12,Ventura,111,848112,202689,201765,14636,216401,1541
2022-08-12,Yolo,113,214977,46232,46225,4196,50421,331
2022-08-12,Yuba,115,75493,18295,18232,1611,19843,129
2022-08-11,Alameda,001,1643700,336534,334944,19006,353950,1948
2022-08-11,Alpine,003,1148,131,131,1,132,0
2022-08-11,Amador,005,37829,9731,9705,883,10588,89
2022-08-11,Butte,007,227075,38329,38062,8601,46663,447
2022-08-11,Calaveras,009,45235,8285,8271,494,8765,131
2022-08-11,Colusa,011,21464,3715,3704,1210,4914,22
2022-08-11,Contra Costa,013,1133247,243703,239735,19883,259618,1393
2022-08-11,Del Norte,015,27424,7256,7245,385,7630,54
2022-08-11,El Dorado,017,186661,31536,31430,4101,35531,225
2022-08-11,Fresno,019,978130,267962,266211,29819,296030,2816
2022-08-11,Glenn,021,27897,5424,5393,1822,7215,48
2022-08-11,Humboldt,023,135768,21009,20954,4621,25575,153
2022-08-11,Imperial,025,180216,63919,63766,14774,78540,950
2022-08-11,Inyo,027,18085,4421,4418,847,5265,58
2022-08-11,Kern,029,883053,214611,213071,59145,272216,2380
2022-08-11,Kings,031,150075,57867,57748,3937,61685,454
2022-08-11,Lake,033,64148,12370,12324,1113,13437,142
2022-08-11,Lassen,035,31185,9805,9795,969,10764,64
2022-08-11,Los Angeles,037,10098052,3198340,3177769,171049,3348818,32657
2022-08-11,Madera,039,155013,42597,42517,7718,50235,372
2022-08-11,Marin,041,260295,43827,43662,5067,48729,305
2022-08-11,Mariposa,043,17540,3006,2986,327,3313,31
2022-08-11,Mendocino,045,87422,15543,15456,4257,19713,132
2022-08-11,Merced,047,269075,70547,69974,10976,80950,842
2022-08-11,Modoc,049,8938,857,856,312,1168,11
2022-08-11,Mono,051,14174,3178,3170,235,3405,7
2022-08-11,Monterey,053,433212,92016,91612,19882,111494,759
2022-08-11,Napa,055,140530,31383,31312,1367,32679,156
2022-08-11,Nevada,057,99092,18461,18398,1722,20120,132
2022-08-11,Orange,059,3164182,650161,648171,59047,707218,7248
2022-08-11,Placer,061,380077,73860,73588,9232,82820,656
2022-08-11,Plumas,063,18699,3543,3539,428,3967,13
2022-08-11,Riverside,065,2383286,677306,674362,33696,708058,6561
2022-08-11,Sacramento,067,1510023,336784,335292,32474,367766,3190
2022-08-11,San Benito,069,59416,15710,15578,888,16466,103
2022-08-11,San Bernardino,071,2135413,653023,643895,29555,673450,7983
2022-08-11,San Diego,073,3302833,900878,898646,69221,967867,5437
2022-08-11,San Francisco,075,870044,173362,172876,11675,184551,955
2022-08-11,San Joaquin,077,732212,192382,191272,13858,205130,2283
2022-08-11,San Luis Obispo,079,281455,61787,61403,6763,68166,512
2022-08-11,San Mateo,081,765935,163353,162531,10319,172850,738
2022-08-11,Santa Barbara,083,443738,102513,101942,6484,108426,712
2022-08-11,Santa Clara,085,1922200,422209,416369,18094,434463,2422
2022-08-11,Santa Cruz,087,273765,60907,60594,3269,63863,273
2022-08-11,Shasta,089,179085,34037,33895,7089,40984,584
2022-08-11,Sierra,091,2930,297,296,59,355,4
2022-08-11,Siskiyou,093,43540,4983,5086,3221,8307,88
2022-08-11,Solano,095,438530,102197,101761,7558,109319,458
2022-08-11,Sonoma,097,501317,103974,103496,5080,108576,504
2022-08-11,Stanislaus,099,539301,133956,133490,20692,154182,1702
2022-08-11,Sutter,101,95872,23409,23386,2410,25796,228
2022-08-11,Tehama,103,63373,13297,13213,2970,16183,209
2022-08-11,Trinity,105,12862,1361,1356,355,1711,20
2022-08-11,Tulare,107,460477,118654,118563,33963,152526,1520
2022-08-11,Tuolumne,109,53932,15076,14964,884,15848,196
2022-08-11,Ventura,111,848112,202487,201765,14599,216364,1541
2022-08-11,Yolo,113,214977,46198,46225,4192,50417,331
2022-08-11,Yuba,115,75493,18272,18232,1608,19840,129
2022-08-10,Alameda,001,1643700,336137,333587,18981,352568,1944
2022-08-10,Alpine,003,1148,131,131,1,132,0
2022-08-10,Amador,005,37829,9726,9677,880,10557,88
2022-08-10,Butte,007,227075,38294,37892,8591,46483,446
2022-08-10,Calaveras,009,45235,8279,8251,491,8742,130
2022-08-10,Colusa,011,21464,3711,3700,1210,4910,22
2022-08-10,Contra Costa,013,1133247,243454,238658,19842,258500,1382
2022-08-10,Del Norte,015,27424,7251,7220,385,7605,54
2022-08-10,El Dorado,017,186661,31510,31354,4086,35440,225
2022-08-10,Fresno,019,978130,267692,265300,29756,295056,2815
2022-08-10,Glenn,021,27897,5422,5387,1819,7206,48
2022-08-10,Humboldt,023,135768,20995,20843,4603,25446,153
2022-08-10,Imperial,025,180216,63860,63532,14732,78264,949
2022-08-10,Inyo,027,18085,4421,4416,846,5262,57
2022-08-10,Kern,029,883053,214423,212602,58998,271600,2380
2022-08-10,Kings,031,150075,57820,57569,3934,61503,453
2022-08-10,Lake,033,64148,12356,12281,1113,13394,142
2022-08-10,Lassen,035,31185,9798,9682,969,10651,64
2022-08-10,Los Angeles,037,10098052,3195122,3168105,170680,3338785,32609
2022-08-10,Madera,039,155013,42560,42350,7702,50052,372
2022-08-10,Marin,041,260295,43781,43532,5064,48596,302
2022-08-10,Mariposa,043,17540,3005,2980,327,3307,31
2022-08-10,Mendocino,045,87422,15529,15394,4255,19649,132
2022-08-10,Merced,047,269075,70475,69740,10951,80691,839
2022-08-10,Modoc,049,8938,856,855,311,1166,11
2022-08-10,Mono,051,14174,3176,3165,235,3400,7
2022-08-10,Monterey,053,433212,91915,91307,19816,111123,758
2022-08-10,Napa,055,140530,31345,31223,1366,32589,153
2022-08-10,Nevada,057,99092,18447,18354,1720,20074,132
2022-08-10,Orange,059,3164182,649445,646005,58924,704929,7235
2022-08-10,Placer,061,380077,73804,73348,9223,82571,650
2022-08-10,Plumas,063,18699,3541,3525,428,3953,13
2022-08-10,Riverside,065,2383286,676588,672334,33634,705968,6555
2022-08-10,Sacramento,067,1510023,336457,334382,32444,366826,3177
2022-08-10,San Benito,069,59416,15681,15507,881,16388,101
2022-08-10,San Bernardino,071,2135413,652379,641936,29501,671437,7977
2022-08-10,San Diego,073,3302833,900027,895482,69104,964586,5429
2022-08-10,San Francisco,075,870044,173197,172265,11657,183922,945
2022-08-10,San Joaquin,077,732212,192157,190596,13817,204413,2281
2022-08-10,San Luis Obispo,079,281455,61742,61207,6748,67955,510
2022-08-10,San Mateo,081,765935,163158,161882,10310,172192,738
2022-08-10,Santa Barbara,083,443738,102386,101558,6464,108022,711
2022-08-10,Santa Clara,085,1922200,421682,414659,18070,432729,2398
2022-08-10,Santa Cruz,087,273765,60826,60360,3267,63627,269
2022-08-10,Shasta,089,179085,34016,33816,7080,40896,584
2022-08-10,Sierra,091,2930,297,295,59,354,4
2022-08-10,Siskiyou,093,43540,4980,5074,3215,8289,87
2022-08-10,Solano,095,438530,102106,101393,7553,108946,457
2022-08-10,Sonoma,097,501317,103882,103168,5072,108240,501
2022-08-10,Stanislaus,099,539301,133817,133071,20659,153730,1702
2022-08-10,Sutter,101,95872,23381,23279,2408,25687,228
2022-08-10,Tehama,103,63373,13290,13187,2969,16156,209
2022-08-10,Trinity,105,12862,1360,1350,355,1705,20
2022-08-10,Tulare,107,460477,118569,118239,33883,152122,1520
2022-08-10,Tuolumne,109,53932,15041,14922,882,15804,196
2022-08-10,Ventura,111,848112,202263,201179,14561,215740,1539
2022-08-10,Yolo,113,214977,46164,46069,4185,50254,330
2022-08-10,Yuba,115,75493,18252,18179,1604,19783,129
2022-08-09,Alameda,001,1643700,335713,333587,18941,352528,1944
2022-08-09,Alpine,003,1148,131,131,1,132,0
2022-08-09,Amador,005,37829,9716,9677,879,10556,88
2022-08-09,Butte,007,227075,38256,37892,8580,46472,446
2022-08-09,Calaveras,009,45235,8272,8251,491,8742,130
2022-08-09,Colusa,011,21464,3708,3700,1209,4909,22
2022-08-09,Contra Costa,013,1133247,243178,238658,19797,258455,1382
2022-08-09,Del Norte,015,27424,7234,7220,384,7604,54
2022-08-09,El Dorado,017,186661,31481,31354,4080,35434,225
2022-08-09,Fresno,019,978130,267363,265300,29719,295019,2815
2022-08-09,Glenn,021,27897,5420,5387,1819,7206,48
2022-08-09,Humboldt,023,135768,20970,20843,4593,25436,153
2022-08-09,Imperial,025,180216,63797,63532,14675,78207,949
2022-08-09,Inyo,027,18085,4420,4416,842,5258,57
2022-08-09,Kern,029,883053,214225,212602,58849,271451,2380
2022-08-09,Kings,031,150075,57754,57569,3932,61501,453
2022-08-09,Lake,033,64148,12332,12281,1112,13393,142
2022-08-09,Lassen,035,31185,9792,9682,969,10651,64
2022-08-09,Los Angeles,037,10098052,3191619,3168105,170289,3338394,32609
2022-08-09,Madera,039,155013,42507,42350,7690,50040,372
2022-08-09,Marin,041,260295,43726,43532,5060,48592,302
2022-08-09,Mariposa,043,17540,3001,2980,326,3306,31
2022-08-09,Mendocino,045,87422,15511,15394,4245,19639,132
2022-08-09,Merced,047,269075,70411,69740,10922,80662,839
2022-08-09,Modoc,049,8938,856,855,310,1165,11
2022-08-09,Mono,051,14174,3176,3165,234,3399,7
2022-08-09,Monterey,053,433212,91803,91307,19751,111058,758
2022-08-09,Napa,055,140530,31317,31223,1364,32587,153
2022-08-09,Nevada,057,99092,18435,18354,1718,20072,132
2022-08-09,Orange,059,3164182,648623,646005,58774,704779,7235
2022-08-09,Placer,061,380077,73739,73348,9215,82563,650
2022-08-09,Plumas,063,18699,3536,3525,428,3953,13
2022-08-09,Riverside,065,2383286,675838,672334,33579,705913,6555
2022-08-09,Sacramento,067,1510023,336037,334382,32411,366793,3177
2022-08-09,San Benito,069,59416,15664,15507,876,16383,101
2022-08-09,San Bernardino,071,2135413,651697,641936,29436,671372,7977
2022-08-09,San Diego,073,3302833,899125,895482,68975,964457,5429
2022-08-09,San Francisco,075,870044,172940,172265,11638,183903,945
2022-08-09,San Joaquin,077,732212,191943,190596,13777,204373,2281
2022-08-09,San Luis Obispo,079,281455,61685,61207,6724,67931,510
2022-08-09,San Mateo,081,765935,162962,161882,10294,172176,738
2022-08-09,Santa Barbara,083,443738,102229,101558,6435,107993,711
2022-08-09,Santa Clara,085,1922200,421154,414659,18050,432709,2398
2022-08-09,Santa Cruz,087,273765,60752,60360,3258,63618,269
2022-08-09,Shasta,089,179085,33994,33816,7077,40893,584
2022-08-09,Sierra,091,2930,297,295,59,354,4
2022-08-09,Siskiyou,093,43540,4978,5074,3211,8285,87
2022-08-09,Solano,095,438530,102003,101393,7541,108934,457
2022-08-09,Sonoma,097,501317,103779,103168,5064,108232,501
2022-08-09,Stanislaus,099,539301,133675,133071,20627,153698,1702
2022-08-09,Sutter,101,95872,23351,23279,2406,25685,228
2022-08-09,Tehama,103,63373,13277,13187,2959,16146,209
2022-08-09,Trinity,105,12862,1358,1350,354,1704,20
2022-08-09,Tulare,107,460477,118457,118239,33797,152036,1520
2022-08-09,Tuolumne,109,53932,15025,14922,882,15804,196
2022-08-09,Ventura,111,848112,202029,201179,14526,215705,1539
2022-08-09,Yolo,113,214977,46122,46069,4173,50242,330
2022-08-09,Yuba,115,75493,18233,18179,1594,19773,129
2022-08-08,Alameda,001,1643700,335256,333587,18899,352486,1944
2022-08-08,Alpine,003,1148,131,131,1,132,0
2022-08-08,Amador,005,37829,9710,9677,878,10555,88
2022-08-08,Butte,007,227075,38203,37892,8566,46458,446
2022-08-08,Calaveras,009,45235,8267,8251,488,8739,130
2022-08-08,Colusa,011,21464,3708,3700,1208,4908,22
2022-08-08,Contra Costa,013,1133247,242806,238658,19749,258407,1382
2022-08-08,Del Norte,015,27424,7227,7220,383,7603,54
2022-08-08,El Dorado,017,186661,31452,31354,4073,35427,225
2022-08-08,Fresno,019,978130,267000,265300,29668,294968,2815
2022-08-08,Glenn,021,27897,5414,5387,1818,7205,48
2022-08-08,Humboldt,023,135768,20932,20843,4576,25419,153
2022-08-08,Imperial,025,180216,63738,63532,14607,78139,949
2022-08-08,Inyo,027,18085,4419,4416,841,5257,57
2022-08-08,Kern,029,883053,213965,212602,58694,271296,2380
2022-08-08,Kings,031,150075,57694,57569,3923,61492,453
2022-08-08,Lake,033,64148,12311,12281,1108,13389,142
2022-08-08,Lassen,035,31185,9779,9682,966,10648,64
2022-08-08,Los Angeles,037,10098052,3187969,3168105,169852,3337957,32609
2022-08-08,Madera,039,155013,42450,42350,7667,50017,372
2022-08-08,Marin,041,260295,43671,43532,5047,48579,302
2022-08-08,Mariposa,043,17540,2997,2980,322,3302,31
2022-08-08,Mendocino,045,87422,15497,15394,4235,19629,132
2022-08-08,Merced,047,269075,70341,69740,10894,80634,839
2022-08-08,Modoc,049,8938,855,855,310,1165,11
2022-08-08,Mono,051,14174,3176,3165,234,3399,7
2022-08-08,Monterey,053,433212,91703,91307,19670,110977,758
2022-08-08,Napa,055,140530,31282,31223,1363,32586,153
2022-08-08,Nevada,057,99092,18420,18354,1710,20064,132
2022-08-08,Orange,059,3164182,647784,646005,58607,704612,7235
2022-08-08,Placer,061,380077,73680,73348,9205,82553,650
2022-08-08,Plumas,063,18699,3533,3525,427,3952,13
2022-08-08,Riverside,065,2383286,675037,672334,33527,705861,6555
2022-08-08,Sacramento,067,1510023,335634,334382,32373,366755,3177
2022-08-08,San Benito,069,59416,15639,15507,873,16380,101
2022-08-08,San Bernardino,071,2135413,650863,641936,29374,671310,7977
2022-08-08,San Diego,073,3302833,898032,895482,68842,964324,5429
2022-08-08,San Francisco,075,870044,172721,172265,11620,183885,945
2022-08-08,San Joaquin,077,732212,191676,190596,13737,204333,2281
2022-08-08,San Luis Obispo,079,281455,61621,61207,6700,67907,510
2022-08-08,San Mateo,081,765935,162753,161882,10283,172165,738
2022-08-08,Santa Barbara,083,443738,102096,101558,6418,107976,711
2022-08-08,Santa Clara,085,1922200,420544,414659,18027,432686,2398
2022-08-08,Santa Cruz,087,273765,60676,60360,3255,63615,269
2022-08-08,Shasta,089,179085,33964,33816,7068,40884,584
2022-08-08,Sierra,091,2930,297,295,59,354,4
2022-08-08,Siskiyou,093,43540,4975,5074,3208,8282,87
2022-08-08,Solano,095,438530,101861,101393,7525,108918,457
2022-08-08,Sonoma,097,501317,103665,103168,5055,108223,501
2022-08-08,Stanislaus,099,539301,133551,133071,20600,153671,1702
2022-08-08,Sutter,101,95872,23315,23279,2406,25685,228
2022-08-08,Tehama,103,63373,13267,13187,2957,16144,209
2022-08-08,Trinity,105,12862,1358,1350,353,1703,20
2022-08-08,Tulare,107,460477,118316,118239,33712,151951,1520
2022-08-08,Tuolumne,109,53932,15017,14922,881,15803,196
2022-08-08,Ventura,111,848112,201784,201179,14475,215654,1539
2022-08-08,Yolo,113,214977,46068,46069,4167,50236,330
2022-08-08,Yuba,115,75493,18209,18179,1592,19771,129
2022-08-07,Alameda,001,1643700,334702,331755,18859,350614,1945
2022-08-07,Alpine,003,1148,131,130,1,131,0
2022-08-07,Amador,005,37829,9703,9655,876,10531,88
2022-08-07,Butte,007,227075,38133,37717,8552,46269,446
2022-08-07,Calaveras,009,45235,8254,8219,484,8703,129
2022-08-07,Colusa,011,21464,3704,3696,1207,4903,22
2022-08-07,Contra Costa,013,1133247,242415,237436,19702,257138,1383
2022-08-07,Del Norte,015,27424,7215,7191,380,7571,54
2022-08-07,El Dorado,017,186661,31412,31240,4068,35308,225
2022-08-07,Fresno,019,978130,266578,263912,29592,293504,2815
2022-08-07,Glenn,021,27897,5412,5379,1815,7194,48
2022-08-07,Humboldt,023,135768,20894,20746,4555,25301,153
2022-08-07,Imperial,025,180216,63656,63198,14534,77732,949
2022-08-07,Inyo,027,18085,4419,4408,838,5246,57
2022-08-07,Kern,029,883053,213734,211798,58492,270290,2375
2022-08-07,Kings,031,150075,57597,57294,3915,61209,453
2022-08-07,Lake,033,64148,12298,12220,1107,13327,142
2022-08-07,Lassen,035,31185,9723,9654,966,10620,64
2022-08-07,Los Angeles,037,10098052,3183515,3153757,169459,3323216,32563
2022-08-07,Madera,039,155013,42393,42139,7628,49767,372
2022-08-07,Marin,041,260295,43615,43295,5037,48332,302
2022-08-07,Mariposa,043,17540,2994,2965,321,3286,31
2022-08-07,Mendocino,045,87422,15478,15335,4216,19551,132
2022-08-07,Merced,047,269075,70220,69498,10841,80339,838
2022-08-07,Modoc,049,8938,854,853,310,1163,11
2022-08-07,Mono,051,14174,3173,3161,234,3395,7
2022-08-07,Monterey,053,433212,91570,90884,19581,110465,757
2022-08-07,Napa,055,140530,31238,31052,1361,32413,151
2022-08-07,Nevada,057,99092,18396,18309,1704,20013,132
2022-08-07,Orange,059,3164182,646884,643029,58411,701440,7213
2022-08-07,Placer,061,380077,73590,73064,9190,82254,648
2022-08-07,Plumas,063,18699,3532,3516,427,3943,13
2022-08-07,Riverside,065,2383286,674110,669230,33446,702676,6555
2022-08-07,Sacramento,067,1510023,335148,332928,32323,365251,3175
2022-08-07,San Benito,069,59416,15613,15403,870,16273,101
2022-08-07,San Bernardino,071,2135413,649968,639120,29308,668428,7956
2022-08-07,San Diego,073,3302833,896759,891504,68730,960234,5424
2022-08-07,San Francisco,075,870044,172442,171486,11593,183079,946
2022-08-07,San Joaquin,077,732212,191374,189696,13682,203378,2276
2022-08-07,San Luis Obispo,079,281455,61523,60903,6668,67571,510
2022-08-07,San Mateo,081,765935,162504,161011,10266,171277,734
2022-08-07,Santa Barbara,083,443738,101910,100995,6391,107386,711
2022-08-07,Santa Clara,085,1922200,419829,412411,18007,430418,2386
2022-08-07,Santa Cruz,087,273765,60555,59982,3239,63221,269
2022-08-07,Shasta,089,179085,33915,33727,7054,40781,583
2022-08-07,Sierra,091,2930,296,295,59,354,4
2022-08-07,Siskiyou,093,43540,4973,5045,3204,8249,87
2022-08-07,Solano,095,438530,101702,100081,7507,107588,457
2022-08-07,Sonoma,097,501317,103548,102682,5047,107729,502
2022-08-07,Stanislaus,099,539301,133357,132406,20567,152973,1701
2022-08-07,Sutter,101,95872,23279,23178,2405,25583,228
2022-08-07,Tehama,103,63373,13257,13155,2953,16108,209
2022-08-07,Trinity,105,12862,1356,1347,352,1699,20
2022-08-07,Tulare,107,460477,118166,117668,33612,151280,1516
2022-08-07,Tuolumne,109,53932,15000,14844,881,15725,196
2022-08-07,Ventura,111,848112,201526,200270,14428,214698,1537
2022-08-07,Yolo,113,214977,46018,45902,4157,50059,331
2022-08-07,Yuba,115,75493,18190,18099,1588,19687,124
2022-08-06,Alameda,001,1643700,334459,331755,18847,350602,1945
2022-08-06,Alpine,003,1148,131,130,1,131,0
2022-08-06,Amador,005,37829,9696,9655,874,10529,88
2022-08-06,Butte,007,227075,38095,37717,8541,46258,446
2022-08-06,Calaveras,009,45235,8247,8219,483,8702,129
2022-08-06,Colusa,011,21464,3702,3696,1204,4900,22
2022-08-06,Contra Costa,013,1133247,242170,237436,19682,257118,1383
2022-08-06,Del Norte,015,27424,7209,7191,380,7571,54
2022-08-06,El Dorado,017,186661,31395,31240,4065,35305,225
2022-08-06,Fresno,019,978130,266401,263912,29568,293480,2815
2022-08-06,Glenn,021,27897,5412,5379,1814,7193,48
2022-08-06,Humboldt,023,135768,20873,20746,4547,25293,153
2022-08-06,Imperial,025,180216,63609,63198,14506,77704,949
2022-08-06,Inyo,027,18085,4419,4408,837,5245,57
2022-08-06,Kern,029,883053,213636,211798,58378,270176,2375
2022-08-06,Kings,031,150075,57557,57294,3915,61209,453
2022-08-06,Lake,033,64148,12293,12220,1106,13326,142
2022-08-06,Lassen,035,31185,9690,9654,966,10620,64
2022-08-06,Los Angeles,037,10098052,3181310,3153757,169174,3322931,32563
2022-08-06,Madera,039,155013,42349,42139,7622,49761,372
2022-08-06,Marin,041,260295,43586,43295,5032,48327,302
2022-08-06,Mariposa,043,17540,2993,2965,321,3286,31
2022-08-06,Mendocino,045,87422,15469,15335,4215,19550,132
2022-08-06,Merced,047,269075,70191,69498,10835,80333,838
2022-08-06,Modoc,049,8938,854,853,310,1163,11
2022-08-06,Mono,051,14174,3171,3161,233,3394,7
2022-08-06,Monterey,053,433212,91517,90884,19537,110421,757
2022-08-06,Napa,055,140530,31217,31052,1360,32412,151
2022-08-06,Nevada,057,99092,18388,18309,1702,20011,132
2022-08-06,Orange,059,3164182,646443,643029,58297,701326,7213
2022-08-06,Placer,061,380077,73533,73064,9183,82247,648
2022-08-06,Plumas,063,18699,3530,3516,427,3943,13
2022-08-06,Riverside,065,2383286,673598,669230,33405,702635,6555
2022-08-06,Sacramento,067,1510023,334973,332928,32314,365242,3175
2022-08-06,San Benito,069,59416,15596,15403,868,16271,101
2022-08-06,San Bernardino,071,2135413,649505,639120,29269,668389,7956
2022-08-06,San Diego,073,3302833,896203,891504,68688,960192,5424
2022-08-06,San Francisco,075,870044,172286,171486,11582,183068,946
2022-08-06,San Joaquin,077,732212,191245,189696,13646,203342,2276
2022-08-06,San Luis Obispo,079,281455,61495,60903,6663,67566,510
2022-08-06,San Mateo,081,765935,162368,161011,10259,171270,734
2022-08-06,Santa Barbara,083,443738,101838,100995,6377,107372,711
2022-08-06,Santa Clara,085,1922200,419366,412411,17989,430400,2386
2022-08-06,Santa Cruz,087,273765,60498,59982,3232,63214,269
2022-08-06,Shasta,089,179085,33884,33727,7044,40771,583
2022-08-06,Sierra,091,2930,296,295,59,354,4
2022-08-06,Siskiyou,093,43540,4971,5045,3202,8247,87
2022-08-06,Solano,095,438530,101654,100081,7501,107582,457
2022-08-06,Sonoma,097,501317,103485,102682,5038,107720,502
2022-08-06,Stanislaus,099,539301,133254,132406,20557,152963,1701
2022-08-06,Sutter,101,95872,23255,23178,2405,25583,228
2022-08-06,Tehama,103,63373,13252,13155,2949,16104,209
2022-08-06,Trinity,105,12862,1356,1347,352,1699,20
2022-08-06,Tulare,107,460477,118085,117668,33569,151237,1516
2022-08-06,Tuolumne,109,53932,14992,14844,880,15724,196
2022-08-06,Ventura,111,848112,201418,200270,14405,214675,1537
2022-08-06,Yolo,113,214977,45986,45902,4149,50051,331
2022-08-06,Yuba,115,75493,18175,18099,1587,19686,124
2022-08-05,Alameda,001,1643700,334151,331755,18836,350591,1945
2022-08-05,Alpine,003,1148,131,130,1,131,0
2022-08-05,Amador,005,37829,9694,9655,873,10528,88
2022-08-05,Butte,007,227075,38057,37717,8530,46247,446
2022-08-05,Calaveras,009,45235,8243,8219,483,8702,129
2022-08-05,Colusa,011,21464,3701,3696,1204,4900,22
2022-08-05,Contra Costa,013,1133247,241980,237436,19654,257090,1383
2022-08-05,Del Norte,015,27424,7205,7191,379,7570,54
2022-08-05,El Dorado,017,186661,31387,31240,4064,35304,225
2022-08-05,Fresno,019,978130,266220,263912,29544,293456,2815
2022-08-05,Glenn,021,27897,5411,5379,1813,7192,48
2022-08-05,Humboldt,023,135768,20856,20746,4534,25280,153
2022-08-05,Imperial,025,180216,63534,63198,14467,77665,949
2022-08-05,Inyo,027,18085,4419,4408,837,5245,57
2022-08-05,Kern,029,883053,213520,211798,58284,270082,2375
2022-08-05,Kings,031,150075,57532,57294,3914,61208,453
2022-08-05,Lake,033,64148,12283,12220,1106,13326,142
2022-08-05,Lassen,035,31185,9678,9654,965,10619,64
2022-08-05,Los Angeles,037,10098052,3178802,3153757,168891,3322648,32563
2022-08-05,Madera,039,155013,42306,42139,7612,49751,372
2022-08-05,Marin,041,260295,43543,43295,5026,48321,302
2022-08-05,Mariposa,043,17540,2989,2965,319,3284,31
2022-08-05,Mendocino,045,87422,15454,15335,4212,19547,132
2022-08-05,Merced,047,269075,70141,69498,10828,80326,838
2022-08-05,Modoc,049,8938,854,853,310,1163,11
2022-08-05,Mono,051,14174,3170,3161,233,3394,7
2022-08-05,Monterey,053,433212,91450,90884,19501,110385,757
2022-08-05,Napa,055,140530,31188,31052,1359,32411,151
2022-08-05,Nevada,057,99092,18379,18309,1700,20009,132
2022-08-05,Orange,059,3164182,645935,643029,58189,701218,7213
2022-08-05,Placer,061,380077,73482,73064,9174,82238,648
2022-08-05,Plumas,063,18699,3528,3516,427,3943,13
2022-08-05,Riverside,065,2383286,673040,669230,33356,702586,6555
2022-08-05,Sacramento,067,1510023,334724,332928,32296,365224,3175
2022-08-05,San Benito,069,59416,15576,15403,866,16269,101
2022-08-05,San Bernardino,071,2135413,649048,639120,29241,668361,7956
2022-08-05,San Diego,073,3302833,895541,891504,68607,960111,5424
2022-08-05,San Francisco,075,870044,172144,171486,11562,183048,946
2022-08-05,San Joaquin,077,732212,191117,189696,13616,203312,2276
2022-08-05,San Luis Obispo,079,281455,61460,60903,6655,67558,510
2022-08-05,San Mateo,081,765935,162196,161011,10248,171259,734
2022-08-05,Santa Barbara,083,443738,101736,100995,6369,107364,711
2022-08-05,Santa Clara,085,1922200,418862,412411,17961,430372,2386
2022-08-05,Santa Cruz,087,273765,60431,59982,3228,63210,269
2022-08-05,Shasta,089,179085,33874,33727,7041,40768,583
2022-08-05,Sierra,091,2930,296,295,59,354,4
2022-08-05,Siskiyou,093,43540,4968,5045,3200,8245,87
2022-08-05,Solano,095,438530,101576,100081,7493,107574,457
2022-08-05,Sonoma,097,501317,103409,102682,5033,107715,502
2022-08-05,Stanislaus,099,539301,133152,132406,20546,152952,1701
2022-08-05,Sutter,101,95872,23236,23178,2403,25581,228
2022-08-05,Tehama,103,63373,13244,13155,2949,16104,209
2022-08-05,Trinity,105,12862,1355,1347,352,1699,20
2022-08-05,Tulare,107,460477,117999,117668,33516,151184,1516
2022-08-05,Tuolumne,109,53932,14979,14844,879,15723,196
2022-08-05,Ventura,111,848112,201268,200270,14376,214646,1537
2022-08-05,Yolo,113,214977,45968,45902,4134,50036,331
2022-08-05,Yuba,115,75493,18167,18099,1586,19685,124
2022-08-04,Alameda,001,1643700,333688,331755,18793,350548,1945
2022-08-04,Alpine,003,1148,130,130,1,131,0
2022-08-04,Amador,005,37829,9683,9655,869,10524,88
2022-08-04,Butte,007,227075,38013,37717,8514,46231,446
2022-08-04,Calaveras,009,45235,8236,8219,482,8701,129
2022-08-04,Colusa,011,21464,3700,3696,1204,4900,22
2022-08-04,Contra Costa,013,1133247,241707,237436,19614,257050,1383
2022-08-04,Del Norte,015,27424,7197,7191,378,7569,54
2022-08-04,El Dorado,017,186661,31355,31240,4061,35301,225
2022-08-04,Fresno,019,978130,265891,263912,29488,293400,2815
2022-08-04,Glenn,021,27897,5406,5379,1810,7189,48
2022-08-04,Humboldt,023,135768,20831,20746,4522,25268,153
2022-08-04,Imperial,025,180216,63467,63198,14413,77611,949
2022-08-04,Inyo,027,18085,4418,4408,836,5244,57
2022-08-04,Kern,029,883053,213314,211798,58153,269951,2375
2022-08-04,Kings,031,150075,57465,57294,3906,61200,453
2022-08-04,Lake,033,64148,12269,12220,1105,13325,142
2022-08-04,Lassen,035,31185,9673,9654,962,10616,64
2022-08-04,Los Angeles,037,10098052,3175090,3153757,168502,3322259,32563
2022-08-04,Madera,039,155013,42265,42139,7569,49708,372
2022-08-04,Marin,041,260295,43489,43295,4997,48292,302
2022-08-04,Mariposa,043,17540,2984,2965,317,3282,31
2022-08-04,Mendocino,045,87422,15441,15335,4204,19539,132
2022-08-04,Merced,047,269075,70070,69498,10788,80286,838
2022-08-04,Modoc,049,8938,854,853,310,1163,11
2022-08-04,Mono,051,14174,3170,3161,233,3394,7
2022-08-04,Monterey,053,433212,91342,90884,19435,110319,757
2022-08-04,Napa,055,140530,31152,31052,1358,32410,151
2022-08-04,Nevada,057,99092,18367,18309,1693,20002,132
2022-08-04,Orange,059,3164182,645167,643029,58045,701074,7213
2022-08-04,Placer,061,380077,73412,73064,9161,82225,648
2022-08-04,Plumas,063,18699,3522,3516,427,3943,13
2022-08-04,Riverside,065,2383286,672326,669230,33310,702540,6555
2022-08-04,Sacramento,067,1510023,334301,332928,32273,365201,3175
2022-08-04,San Benito,069,59416,15549,15403,859,16262,101
2022-08-04,San Bernardino,071,2135413,648346,639120,29184,668304,7956
2022-08-04,San Diego,073,3302833,894557,891504,68506,960010,5424
2022-08-04,San Francisco,075,870044,171932,171486,11534,183020,946
2022-08-04,San Joaquin,077,732212,190912,189696,13579,203275,2276
2022-08-04,San Luis Obispo,079,281455,61392,60903,6628,67531,510
2022-08-04,San Mateo,081,765935,161975,161011,10240,171251,734
2022-08-04,Santa Barbara,083,443738,101603,100995,6348,107343,711
2022-08-04,Santa Clara,085,1922200,418280,412411,17931,430342,2386
2022-08-04,Santa Cruz,087,273765,60343,59982,3227,63209,269
2022-08-04,Shasta,089,179085,33851,33727,7027,40754,583
2022-08-04,Sierra,091,2930,296,295,59,354,4
2022-08-04,Siskiyou,093,43540,4964,5045,3194,8239,87
2022-08-04,Solano,095,438530,101465,100081,7482,107563,457
2022-08-04,Sonoma,097,501317,103301,102682,5022,107704,502
2022-08-04,Stanislaus,099,539301,132995,132406,20522,152928,1701
2022-08-04,Sutter,101,95872,23210,23178,2401,25579,228
2022-08-04,Tehama,103,63373,13230,13155,2944,16099,209
2022-08-04,Trinity,105,12862,1354,1347,351,1698,20
2022-08-04,Tulare,107,460477,117884,117668,33455,151123,1516
2022-08-04,Tuolumne,109,53932,14955,14844,877,15721,196
2022-08-04,Ventura,111,848112,201037,200270,14336,214606,1537
2022-08-04,Yolo,113,214977,45932,45902,4124,50026,331
2022-08-04,Yuba,115,75493,18148,18099,1585,19684,124
2022-08-03,Alameda,001,1643700,333179,330158,18754,348912,1941
2022-08-03,Alpine,003,1148,130,130,1,131,0
2022-08-03,Amador,005,37829,9677,9627,866,10493,88
2022-08-03,Butte,007,227075,37969,37567,8503,46070,444
2022-08-03,Calaveras,009,45235,8228,8194,481,8675,128
2022-08-03,Colusa,011,21464,3700,3676,1204,4880,22
2022-08-03,Contra Costa,013,1133247,241383,236190,19563,255753,1381
2022-08-03,Del Norte,015,27424,7193,7156,378,7534,54
2022-08-03,El Dorado,017,186661,31319,31165,4052,35217,222
2022-08-03,Fresno,019,978130,265484,262758,29439,292197,2806
2022-08-03,Glenn,021,27897,5404,5363,1806,7169,48
2022-08-03,Humboldt,023,135768,20798,20640,4504,25144,153
2022-08-03,Imperial,025,180216,63388,62884,14362,77246,949
2022-08-03,Inyo,027,18085,4418,4398,830,5228,57
2022-08-03,Kern,029,883053,213130,211047,57979,269026,2375
2022-08-03,Kings,031,150075,57402,57065,3904,60969,453
2022-08-03,Lake,033,64148,12252,12172,1102,13274,142
2022-08-03,Lassen,035,31185,9670,9563,962,10525,64
2022-08-03,Los Angeles,037,10098052,3171353,3140955,168107,3309062,32500
2022-08-03,Madera,039,155013,42222,41918,7551,49469,372
2022-08-03,Marin,041,260295,43428,43127,4982,48109,300
2022-08-03,Mariposa,043,17540,2980,2950,317,3267,30
2022-08-03,Mendocino,045,87422,15423,15260,4196,19456,132
2022-08-03,Merced,047,269075,70004,69198,10756,79954,838
2022-08-03,Modoc,049,8938,853,842,310,1152,11
2022-08-03,Mono,051,14174,3169,3157,232,3389,7
2022-08-03,Monterey,053,433212,91237,90456,19370,109826,754
2022-08-03,Napa,055,140530,31115,30935,1353,32288,151
2022-08-03,Nevada,057,99092,18356,18253,1690,19943,132
2022-08-03,Orange,059,3164182,644349,640110,57869,697979,7202
2022-08-03,Placer,061,380077,73330,72834,9143,81977,646
2022-08-03,Plumas,063,18699,3519,3496,427,3923,13
2022-08-03,Riverside,065,2383286,671477,666773,33243,700016,6547
2022-08-03,Sacramento,067,1510023,333873,331584,32240,363824,3162
2022-08-03,San Benito,069,59416,15521,15338,852,16190,100
2022-08-03,San Bernardino,071,2135413,647610,636510,29128,665638,7951
2022-08-03,San Diego,073,3302833,893344,887729,68382,956111,5417
2022-08-03,San Francisco,075,870044,171723,170637,11515,182152,939
2022-08-03,San Joaquin,077,732212,190669,188962,13549,202511,2276
2022-08-03,San Luis Obispo,079,281455,61308,60648,6612,67260,504
2022-08-03,San Mateo,081,765935,161788,160258,10228,170486,725
2022-08-03,Santa Barbara,083,443738,101481,100558,6326,106884,710
2022-08-03,Santa Clara,085,1922200,417799,410394,17902,428296,2383
2022-08-03,Santa Cruz,087,273765,60254,59661,3224,62885,269
2022-08-03,Shasta,089,179085,33822,33630,7022,40652,582
2022-08-03,Sierra,091,2930,296,295,59,354,4
2022-08-03,Siskiyou,093,43540,4962,5021,3192,8213,86
2022-08-03,Solano,095,438530,101348,99608,7467,107075,459
2022-08-03,Sonoma,097,501317,103176,102306,5009,107315,500
2022-08-03,Stanislaus,099,539301,132852,131869,20496,152365,1701
2022-08-03,Sutter,101,95872,23181,23056,2399,25455,228
2022-08-03,Tehama,103,63373,13218,13135,2940,16075,209
2022-08-03,Trinity,105,12862,1354,1342,350,1692,20
2022-08-03,Tulare,107,460477,117750,117288,33387,150675,1516
2022-08-03,Tuolumne,109,53932,14936,14778,876,15654,196
2022-08-03,Ventura,111,848112,200802,199530,14298,213828,1536
2022-08-03,Yolo,113,214977,45885,45757,4105,49862,330
2022-08-03,Yuba,115,75493,18119,18036,1584,19620,124
2022-08-02,Alameda,001,1643700,332641,330158,18724,348882,1941
2022-08-02,Alpine,003,1148,130,130,1,131,0
2022-08-02,Amador,005,37829,9667,9627,859,10486,88
2022-08-02,Butte,007,227075,37930,37567,8491,46058,444
2022-08-02,Calaveras,009,45235,8213,8194,479,8673,128
2022-08-02,Colusa,011,21464,3697,3676,1203,4879,22
2022-08-02,Contra Costa,013,1133247,241035,236190,19500,255690,1381
2022-08-02,Del Norte,015,27424,7183,7156,378,7534,54
2022-08-02,El Dorado,017,186661,31285,31165,4046,35211,222
2022-08-02,Fresno,019,978130,265058,262758,29355,292113,2806
2022-08-02,Glenn,021,27897,5401,5363,1804,7167,48
2022-08-02,Humboldt,023,135768,20761,20640,4481,25121,153
2022-08-02,Imperial,025,180216,63306,62884,14313,77197,949
2022-08-02,Inyo,027,18085,4415,4398,820,5218,57
2022-08-02,Kern,029,883053,212892,211047,57780,268827,2375
2022-08-02,Kings,031,150075,57321,57065,3900,60965,453
2022-08-02,Lake,033,64148,12241,12172,1099,13271,142
2022-08-02,Lassen,035,31185,9667,9563,961,10524,64
2022-08-02,Los Angeles,037,10098052,3166992,3140955,167615,3308570,32500
2022-08-02,Madera,039,155013,42155,41918,7528,49446,372
2022-08-02,Marin,041,260295,43370,43127,4974,48101,300
2022-08-02,Mariposa,043,17540,2976,2950,317,3267,30
2022-08-02,Mendocino,045,87422,15392,15260,4182,19442,132
2022-08-02,Merced,047,269075,69929,69198,10712,79910,838
2022-08-02,Modoc,049,8938,853,842,310,1152,11
2022-08-02,Mono,051,14174,3168,3157,230,3387,7
2022-08-02,Monterey,053,433212,91115,90456,19298,109754,754
2022-08-02,Napa,055,140530,31079,30935,1350,32285,151
2022-08-02,Nevada,057,99092,18341,18253,1689,19942,132
2022-08-02,Orange,059,3164182,643469,640110,57697,697807,7202
2022-08-02,Placer,061,380077,73243,72834,9128,81962,646
2022-08-02,Plumas,063,18699,3514,3496,427,3923,13
2022-08-02,Riverside,065,2383286,670558,666773,33191,699964,6547
2022-08-02,Sacramento,067,1510023,333458,331584,32192,363776,3162
2022-08-02,San Benito,069,59416,15487,15338,849,16187,100
2022-08-02,San Bernardino,071,2135413,646764,636510,29075,665585,7951
2022-08-02,San Diego,073,3302833,892186,887729,68252,955981,5417
2022-08-02,San Francisco,075,870044,171487,170637,11500,182137,939
2022-08-02,San Joaquin,077,732212,190431,188962,13510,202472,2276
2022-08-02,San Luis Obispo,079,281455,61221,60648,6583,67231,504
2022-08-02,San Mateo,081,765935,161543,160258,10223,170481,725
2022-08-02,Santa Barbara,083,443738,101318,100558,6297,106855,710
2022-08-02,Santa Clara,085,1922200,417172,410394,17867,428261,2383
2022-08-02,Santa Cruz,087,273765,60165,59661,3216,62877,269
2022-08-02,Shasta,089,179085,33800,33630,7008,40638,582
2022-08-02,Sierra,091,2930,296,295,59,354,4
2022-08-02,Siskiyou,093,43540,4954,5021,3188,8209,86
2022-08-02,Solano,095,438530,101166,99608,7445,107053,459
2022-08-02,Sonoma,097,501317,103004,102306,4992,107298,500
2022-08-02,Stanislaus,099,539301,132694,131869,20455,152324,1701
2022-08-02,Sutter,101,95872,23147,23056,2398,25454,228
2022-08-02,Tehama,103,63373,13208,13135,2935,16070,209
2022-08-02,Trinity,105,12862,1354,1342,348,1690,20
2022-08-02,Tulare,107,460477,117613,117288,33302,150590,1516
2022-08-02,Tuolumne,109,53932,14919,14778,874,15652,196
2022-08-02,Ventura,111,848112,200550,199530,14253,213783,1536
2022-08-02,Yolo,113,214977,45838,45757,4098,49855,330
2022-08-02,Yuba,115,75493,18098,18036,1580,19616,124
2022-08-01,Alameda,001,1643700,331982,330158,18688,348846,1941
2022-08-01,Alpine,003,1148,130,130,1,131,0
2022-08-01,Amador,005,37829,9660,9627,857,10484,88
2022-08-01,Butte,007,227075,37873,37567,8476,46043,444
2022-08-01,Calaveras,009,45235,8210,8194,478,8672,128
2022-08-01,Colusa,011,21464,3693,3676,1194,4870,22
2022-08-01,Contra Costa,013,1133247,240641,236190,19444,255634,1381
2022-08-01,Del Norte,015,27424,7178,7156,378,7534,54
2022-08-01,El Dorado,017,186661,31256,31165,4041,35206,222
2022-08-01,Fresno,019,978130,264601,262758,29275,292033,2806
2022-08-01,Glenn,021,27897,5393,5363,1803,7166,48
2022-08-01,Humboldt,023,135768,20730,20640,4463,25103,153
2022-08-01,Imperial,025,180216,63193,62884,14254,77138,949
2022-08-01,Inyo,027,18085,4411,4398,816,5214,57
2022-08-01,Kern,029,883053,212653,211047,57609,268656,2375
2022-08-01,Kings,031,150075,57229,57065,3889,60954,453
2022-08-01,Lake,033,64148,12212,12172,1098,13270,142
2022-08-01,Lassen,035,31185,9647,9563,961,10524,64
2022-08-01,Los Angeles,037,10098052,3162245,3140955,167125,3308080,32500
2022-08-01,Madera,039,155013,42074,41918,7497,49415,372
2022-08-01,Marin,041,260295,43317,43127,4949,48076,300
2022-08-01,Mariposa,043,17540,2972,2950,315,3265,30
2022-08-01,Mendocino,045,87422,15368,15260,4173,19433,132
2022-08-01,Merced,047,269075,69820,69198,10678,79876,838
2022-08-01,Modoc,049,8938,853,842,310,1152,11
2022-08-01,Mono,051,14174,3167,3157,228,3385,7
2022-08-01,Monterey,053,433212,90971,90456,19223,109679,754
2022-08-01,Napa,055,140530,31030,30935,1347,32282,151
2022-08-01,Nevada,057,99092,18329,18253,1684,19937,132
2022-08-01,Orange,059,3164182,642522,640110,57524,697634,7202
2022-08-01,Placer,061,380077,73176,72834,9114,81948,646
2022-08-01,Plumas,063,18699,3510,3496,427,3923,13
2022-08-01,Riverside,065,2383286,669554,666773,33143,699916,6547
2022-08-01,Sacramento,067,1510023,333023,331584,32150,363734,3162
2022-08-01,San Benito,069,59416,15468,15338,849,16187,100
2022-08-01,San Bernardino,071,2135413,645842,636510,29015,665525,7951
2022-08-01,San Diego,073,3302833,890757,887729,68077,955806,5417
2022-08-01,San Francisco,075,870044,171234,170637,11486,182123,939
2022-08-01,San Joaquin,077,732212,190161,188962,13470,202432,2276
2022-08-01,San Luis Obispo,079,281455,61125,60648,6566,67214,504
2022-08-01,San Mateo,081,765935,161251,160258,10210,170468,725
2022-08-01,Santa Barbara,083,443738,101143,100558,6272,106830,710
2022-08-01,Santa Clara,085,1922200,416391,410394,17841,428235,2383
2022-08-01,Santa Cruz,087,273765,60060,59661,3204,62865,269
2022-08-01,Shasta,089,179085,33774,33630,6996,40626,582
2022-08-01,Sierra,091,2930,296,295,59,354,4
2022-08-01,Siskiyou,093,43540,4948,5021,3182,8203,86
2022-08-01,Solano,095,438530,100986,99608,7426,107034,459
2022-08-01,Sonoma,097,501317,102835,102306,4981,107287,500
2022-08-01,Stanislaus,099,539301,132522,131869,20428,152297,1701
2022-08-01,Sutter,101,95872,23092,23056,2397,25453,228
2022-08-01,Tehama,103,63373,13192,13135,2929,16064,209
2022-08-01,Trinity,105,12862,1353,1342,347,1689,20
2022-08-01,Tulare,107,460477,117442,117288,33220,150508,1516
2022-08-01,Tuolumne,109,53932,14900,14778,874,15652,196
2022-08-01,Ventura,111,848112,200298,199530,14204,213734,1536
2022-08-01,Yolo,113,214977,45787,45757,4082,49839,330
2022-08-01,Yuba,115,75493,18074,18036,1576,19612,124
2022-07-31,Alameda,001,1643700,331249,327608,18649,346257,1941
2022-07-31,Alpine,003,1148,130,130,1,131,0
2022-07-31,Amador,005,37829,9647,9609,852,10461,88
2022-07-31,Butte,007,227075,37797,37349,8456,45805,444
2022-07-31,Calaveras,009,45235,8198,8145,475,8620,128
2022-07-31,Colusa,011,21464,3689,3664,1192,4856,22
2022-07-31,Contra Costa,013,1133247,240170,234635,19373,254008,1375
2022-07-31,Del Norte,015,27424,7166,7136,375,7511,54
2022-07-31,El Dorado,017,186661,31229,31007,4032,35039,222
2022-07-31,Fresno,019,978130,264047,260858,29192,290050,2805
2022-07-31,Glenn,021,27897,5390,5350,1801,7151,48
2022-07-31,Humboldt,023,135768,20691,20523,4431,24954,151
2022-07-31,Imperial,025,180216,63088,62471,14174,76645,949
2022-07-31,Inyo,027,18085,4406,4388,811,5199,57
2022-07-31,Kern,029,883053,212343,210190,57364,267554,2375
2022-07-31,Kings,031,150075,57102,56673,3880,60553,454
2022-07-31,Lake,033,64148,12196,12102,1096,13198,142
2022-07-31,Lassen,035,31185,9568,9548,961,10509,64
2022-07-31,Los Angeles,037,10098052,3156984,3122700,166496,3289196,32445
2022-07-31,Madera,039,155013,41985,41641,7463,49104,372
2022-07-31,Marin,041,260295,43245,42840,4936,47776,300
2022-07-31,Mariposa,043,17540,2966,2940,314,3254,30
2022-07-31,Mendocino,045,87422,15348,15172,4164,19336,132
2022-07-31,Merced,047,269075,69695,68853,10632,79485,838
2022-07-31,Modoc,049,8938,849,841,310,1151,11
2022-07-31,Mono,051,14174,3166,3155,225,3380,7
2022-07-31,Monterey,053,433212,90812,89974,19139,109113,754
2022-07-31,Napa,055,140530,30964,30777,1343,32120,150
2022-07-31,Nevada,057,99092,18292,18187,1681,19868,131
2022-07-31,Orange,059,3164182,641499,636403,57320,693723,7194
2022-07-31,Placer,061,380077,73074,72444,9097,81541,647
2022-07-31,Plumas,063,18699,3504,3490,426,3916,13
2022-07-31,Riverside,065,2383286,668470,662929,33058,695987,6543
2022-07-31,Sacramento,067,1510023,332425,329639,32092,361731,3156
2022-07-31,San Benito,069,59416,15439,15256,843,16099,100
2022-07-31,San Bernardino,071,2135413,644693,633131,28912,662043,7941
2022-07-31,San Diego,073,3302833,889150,881822,67928,949750,5409
2022-07-31,San Francisco,075,870044,170836,169564,11446,181010,937
2022-07-31,San Joaquin,077,732212,189803,187937,13385,201322,2276
2022-07-31,San Luis Obispo,079,281455,60977,60370,6531,66901,503
2022-07-31,San Mateo,081,765935,161004,159145,10182,169327,726
2022-07-31,Santa Barbara,083,443738,100916,99946,6225,106171,708
2022-07-31,Santa Clara,085,1922200,415614,407392,17806,425198,2381
2022-07-31,Santa Cruz,087,273765,59893,59227,3188,62415,269
2022-07-31,Shasta,089,179085,33723,33454,6973,40427,581
2022-07-31,Sierra,091,2930,296,293,59,352,4
2022-07-31,Siskiyou,093,43540,4938,4997,3179,8176,86
2022-07-31,Solano,095,438530,100790,99034,7412,106446,457
2022-07-31,Sonoma,097,501317,102683,101747,4952,106699,500
2022-07-31,Stanislaus,099,539301,132287,131081,20385,151466,1696
2022-07-31,Sutter,101,95872,23048,22931,2386,25317,228
2022-07-31,Tehama,103,63373,13184,13079,2920,15999,208
2022-07-31,Trinity,105,12862,1351,1340,346,1686,20
2022-07-31,Tulare,107,460477,117253,116640,33100,149740,1514
2022-07-31,Tuolumne,109,53932,14876,14701,871,15572,196
2022-07-31,Ventura,111,848112,199982,198498,14122,212620,1530
2022-07-31,Yolo,113,214977,45726,45511,4071,49582,327
2022-07-31,Yuba,115,75493,18043,17951,1567,19518,124
2022-07-30,Alameda,001,1643700,330911,327608,18630,346238,1941
2022-07-30,Alpine,003,1148,130,130,1,131,0
2022-07-30,Amador,005,37829,9645,9609,847,10456,88
2022-07-30,Butte,007,227075,37768,37349,8447,45796,444
2022-07-30,Calaveras,009,45235,8188,8145,474,8619,128
2022-07-30,Colusa,011,21464,3684,3664,1192,4856,22
2022-07-30,Contra Costa,013,1133247,239895,234635,19333,253968,1375
2022-07-30,Del Norte,015,27424,7161,7136,373,7509,54
2022-07-30,El Dorado,017,186661,31210,31007,4028,35035,222
2022-07-30,Fresno,019,978130,263841,260858,29149,290007,2805
2022-07-30,Glenn,021,27897,5385,5350,1800,7150,48
2022-07-30,Humboldt,023,135768,20672,20523,4419,24942,151
2022-07-30,Imperial,025,180216,63042,62471,14145,76616,949
2022-07-30,Inyo,027,18085,4405,4388,807,5195,57
2022-07-30,Kern,029,883053,212218,210190,57220,267410,2375
2022-07-30,Kings,031,150075,57069,56673,3880,60553,454
2022-07-30,Lake,033,64148,12186,12102,1095,13197,142
2022-07-30,Lassen,035,31185,9567,9548,959,10507,64
2022-07-30,Los Angeles,037,10098052,3154495,3122700,166092,3288792,32445
2022-07-30,Madera,039,155013,41951,41641,7458,49099,372
2022-07-30,Marin,041,260295,43213,42840,4934,47774,300
2022-07-30,Mariposa,043,17540,2964,2940,313,3253,30
2022-07-30,Mendocino,045,87422,15324,15172,4160,19332,132
2022-07-30,Merced,047,269075,69646,68853,10624,79477,838
2022-07-30,Modoc,049,8938,849,841,310,1151,11
2022-07-30,Mono,051,14174,3166,3155,223,3378,7
2022-07-30,Monterey,053,433212,90720,89974,19094,109068,754
2022-07-30,Napa,055,140530,30936,30777,1340,32117,150
2022-07-30,Nevada,057,99092,18283,18187,1677,19864,131
2022-07-30,Orange,059,3164182,640947,636403,57212,693615,7194
2022-07-30,Placer,061,380077,73035,72444,9084,81528,647
2022-07-30,Plumas,063,18699,3503,3490,426,3916,13
2022-07-30,Riverside,065,2383286,667920,662929,33029,695958,6543
2022-07-30,Sacramento,067,1510023,332183,329639,32083,361722,3156
2022-07-30,San Benito,069,59416,15427,15256,840,16096,100
2022-07-30,San Bernardino,071,2135413,644206,633131,28869,662000,7941
2022-07-30,San Diego,073,3302833,888502,881822,67869,949691,5409
2022-07-30,San Francisco,075,870044,170685,169564,11435,180999,937
2022-07-30,San Joaquin,077,732212,189677,187937,13356,201293,2276
2022-07-30,San Luis Obispo,079,281455,60937,60370,6518,66888,503
2022-07-30,San Mateo,081,765935,160819,159145,10164,169309,726
2022-07-30,Santa Barbara,083,443738,100825,99946,6204,106150,708
2022-07-30,Santa Clara,085,1922200,415126,407392,17787,425179,2381
2022-07-30,Santa Cruz,087,273765,59827,59227,3181,62408,269
2022-07-30,Shasta,089,179085,33703,33454,6972,40426,581
2022-07-30,Sierra,091,2930,296,293,59,352,4
2022-07-30,Siskiyou,093,43540,4938,4997,3177,8174,86
2022-07-30,Solano,095,438530,100732,99034,7399,106433,457
2022-07-30,Sonoma,097,501317,102594,101747,4944,106691,500
2022-07-30,Stanislaus,099,539301,132155,131081,20360,151441,1696
2022-07-30,Sutter,101,95872,23023,22931,2385,25316,228
2022-07-30,Tehama,103,63373,13178,13079,2917,15996,208
2022-07-30,Trinity,105,12862,1351,1340,346,1686,20
2022-07-30,Tulare,107,460477,117162,116640,33035,149675,1514
2022-07-30,Tuolumne,109,53932,14857,14701,871,15572,196
2022-07-30,Ventura,111,848112,199811,198498,14089,212587,1530
2022-07-30,Yolo,113,214977,45699,45511,4068,49579,327
2022-07-30,Yuba,115,75493,18030,17951,1567,19518,124
2022-07-29,Alameda,001,1643700,330546,327608,18602,346210,1941
2022-07-29,Alpine,003,1148,130,130,1,131,0
2022-07-29,Amador,005,37829,9644,9609,846,10455,88
2022-07-29,Butte,007,227075,37737,37349,8430,45779,444
2022-07-29,Calaveras,009,45235,8184,8145,474,8619,128
2022-07-29,Colusa,011,21464,3684,3664,1192,4856,22
2022-07-29,Contra Costa,013,1133247,239667,234635,19309,253944,1375
2022-07-29,Del Norte,015,27424,7156,7136,372,7508,54
2022-07-29,El Dorado,017,186661,31188,31007,4027,35034,222
2022-07-29,Fresno,019,978130,263596,260858,29100,289958,2805
2022-07-29,Glenn,021,27897,5382,5350,1798,7148,48
2022-07-29,Humboldt,023,135768,20646,20523,4409,24932,151
2022-07-29,Imperial,025,180216,62981,62471,14117,76588,949
2022-07-29,Inyo,027,18085,4404,4388,806,5194,57
2022-07-29,Kern,029,883053,212054,210190,57079,267269,2375
2022-07-29,Kings,031,150075,57032,56673,3879,60552,454
2022-07-29,Lake,033,64148,12171,12102,1092,13194,142
2022-07-29,Lassen,035,31185,9565,9548,959,10507,64
2022-07-29,Los Angeles,037,10098052,3151630,3122700,165759,3288459,32445
2022-07-29,Madera,039,155013,41906,41641,7447,49088,372
2022-07-29,Marin,041,260295,43166,42840,4926,47766,300
2022-07-29,Mariposa,043,17540,2963,2940,313,3253,30
2022-07-29,Mendocino,045,87422,15306,15172,4148,19320,132
2022-07-29,Merced,047,269075,69586,68853,10607,79460,838
2022-07-29,Modoc,049,8938,849,841,310,1151,11
2022-07-29,Mono,051,14174,3165,3155,222,3377,7
2022-07-29,Monterey,053,433212,90627,89974,19059,109033,754
2022-07-29,Napa,055,140530,30911,30777,1339,32116,150
2022-07-29,Nevada,057,99092,18272,18187,1675,19862,131
2022-07-29,Orange,059,3164182,640353,636403,57072,693475,7194
2022-07-29,Placer,061,380077,72963,72444,9070,81514,647
2022-07-29,Plumas,063,18699,3502,3490,426,3916,13
2022-07-29,Riverside,065,2383286,667378,662929,32983,695912,6543
2022-07-29,Sacramento,067,1510023,331873,329639,32064,361703,3156
2022-07-29,San Benito,069,59416,15411,15256,839,16095,100
2022-07-29,San Bernardino,071,2135413,643673,633131,28834,661965,7941
2022-07-29,San Diego,073,3302833,887647,881822,67758,949580,5409
2022-07-29,San Francisco,075,870044,170507,169564,11423,180987,937
2022-07-29,San Joaquin,077,732212,189562,187937,13336,201273,2276
2022-07-29,San Luis Obispo,079,281455,60901,60370,6506,66876,503
2022-07-29,San Mateo,081,765935,160643,159145,10155,169300,726
2022-07-29,Santa Barbara,083,443738,100703,99946,6194,106140,708
2022-07-29,Santa Clara,085,1922200,414651,407392,17767,425159,2381
2022-07-29,Santa Cruz,087,273765,59751,59227,3178,62405,269
2022-07-29,Shasta,089,179085,33677,33454,6964,40418,581
2022-07-29,Sierra,091,2930,296,293,58,351,4
2022-07-29,Siskiyou,093,43540,4937,4997,3177,8174,86
2022-07-29,Solano,095,438530,100602,99034,7387,106421,457
2022-07-29,Sonoma,097,501317,102491,101747,4932,106679,500
2022-07-29,Stanislaus,099,539301,132051,131081,20348,151429,1696
2022-07-29,Sutter,101,95872,23003,22931,2385,25316,228
2022-07-29,Tehama,103,63373,13171,13079,2915,15994,208
2022-07-29,Trinity,105,12862,1347,1340,345,1685,20
2022-07-29,Tulare,107,460477,117060,116640,32975,149615,1514
2022-07-29,Tuolumne,109,53932,14844,14701,870,15571,196
2022-07-29,Ventura,111,848112,199661,198498,14050,212548,1530
2022-07-29,Yolo,113,214977,45664,45511,4055,49566,327
2022-07-29,Yuba,115,75493,18009,17951,1565,19516,124
2022-07-28,Alameda,001,1643700,330062,327608,18554,346162,1941
2022-07-28,Alpine,003,1148,130,130,1,131,0
2022-07-28,Amador,005,37829,9637,9609,845,10454,88
2022-07-28,Butte,007,227075,37685,37349,8417,45766,444
2022-07-28,Calaveras,009,45235,8173,8145,473,8618,128
2022-07-28,Colusa,011,21464,3678,3664,1192,4856,22
2022-07-28,Contra Costa,013,1133247,239304,234635,19254,253889,1375
2022-07-28,Del Norte,015,27424,7150,7136,371,7507,54
2022-07-28,El Dorado,017,186661,31153,31007,4022,35029,222
2022-07-28,Fresno,019,978130,263164,260858,29026,289884,2805
2022-07-28,Glenn,021,27897,5380,5350,1794,7144,48
2022-07-28,Humboldt,023,135768,20612,20523,4398,24921,151
2022-07-28,Imperial,025,180216,62882,62471,14053,76524,949
2022-07-28,Inyo,027,18085,4400,4388,804,5192,57
2022-07-28,Kern,029,883053,211805,210190,56912,267102,2375
2022-07-28,Kings,031,150075,56930,56673,3876,60549,454
2022-07-28,Lake,033,64148,12154,12102,1091,13193,142
2022-07-28,Lassen,035,31185,9560,9548,959,10507,64
2022-07-28,Los Angeles,037,10098052,3147305,3122700,165204,3287904,32445
2022-07-28,Madera,039,155013,41849,41641,7438,49079,372
2022-07-28,Marin,041,260295,43118,42840,4921,47761,300
2022-07-28,Mariposa,043,17540,2960,2940,310,3250,30
2022-07-28,Mendocino,045,87422,15285,15172,4137,19309,132
2022-07-28,Merced,047,269075,69505,68853,10566,79419,838
2022-07-28,Modoc,049,8938,846,841,310,1151,11
2022-07-28,Mono,051,14174,3165,3155,221,3376,7
2022-07-28,Monterey,053,433212,90473,89974,18982,108956,754
2022-07-28,Napa,055,140530,30872,30777,1337,32114,150
2022-07-28,Nevada,057,99092,18259,18187,1669,19856,131
2022-07-28,Orange,059,3164182,639401,636403,56921,693324,7194
2022-07-28,Placer,061,380077,72872,72444,9049,81493,647
2022-07-28,Plumas,063,18699,3501,3490,426,3916,13
2022-07-28,Riverside,065,2383286,666574,662929,32930,695859,6543
2022-07-28,Sacramento,067,1510023,331456,329639,32035,361674,3156
2022-07-28,San Benito,069,59416,15383,15256,834,16090,100
2022-07-28,San Bernardino,071,2135413,642830,633131,28789,661920,7941
2022-07-28,San Diego,073,3302833,886297,881822,67624,949446,5409
2022-07-28,San Francisco,075,870044,170274,169564,11393,180957,937
2022-07-28,San Joaquin,077,732212,189308,187937,13290,201227,2276
2022-07-28,San Luis Obispo,079,281455,60816,60370,6484,66854,503
2022-07-28,San Mateo,081,765935,160389,159145,10141,169286,726
2022-07-28,Santa Barbara,083,443738,100566,99946,6161,106107,708
2022-07-28,Santa Clara,085,1922200,414005,407392,17735,425127,2381
2022-07-28,Santa Cruz,087,273765,59633,59227,3166,62393,269
2022-07-28,Shasta,089,179085,33650,33454,6949,40403,581
2022-07-28,Sierra,091,2930,296,293,58,351,4
2022-07-28,Siskiyou,093,43540,4933,4997,3171,8168,86
2022-07-28,Solano,095,438530,100452,99034,7376,106410,457
2022-07-28,Sonoma,097,501317,102367,101747,4906,106653,500
2022-07-28,Stanislaus,099,539301,131902,131081,20307,151388,1696
2022-07-28,Sutter,101,95872,22972,22931,2380,25311,228
2022-07-28,Tehama,103,63373,13153,13079,2906,15985,208
2022-07-28,Trinity,105,12862,1346,1340,344,1684,20
2022-07-28,Tulare,107,460477,116934,116640,32877,149517,1514
2022-07-28,Tuolumne,109,53932,14825,14701,868,15569,196
2022-07-28,Ventura,111,848112,199393,198498,14009,212507,1530
2022-07-28,Yolo,113,214977,45615,45511,4043,49554,327
2022-07-28,Yuba,115,75493,17995,17951,1556,19507,124
2022-07-27,Alameda,001,1643700,329534,325669,18508,344177,1938
2022-07-27,Alpine,003,1148,130,130,1,131,0
2022-07-27,Amador,005,37829,9629,9568,844,10412,87
2022-07-27,Butte,007,227075,37641,37146,8405,45551,441
2022-07-27,Calaveras,009,45235,8163,8105,472,8577,130
2022-07-27,Colusa,011,21464,3669,3649,1192,4841,22
2022-07-27,Contra Costa,013,1133247,238949,233236,19203,252439,1374
2022-07-27,Del Norte,015,27424,7146,7161,371,7532,54
2022-07-27,El Dorado,017,186661,31106,30891,4013,34904,222
2022-07-27,Fresno,019,978130,262751,259483,28948,288431,2801
2022-07-27,Glenn,021,27897,5376,5327,1793,7120,48
2022-07-27,Humboldt,023,135768,20572,20406,4390,24796,150
2022-07-27,Imperial,025,180216,62797,62014,13999,76013,948
2022-07-27,Inyo,027,18085,4396,4381,800,5181,57
2022-07-27,Kern,029,883053,211578,209400,56699,266099,2368
2022-07-27,Kings,031,150075,56855,56417,3868,60285,451
2022-07-27,Lake,033,64148,12138,12025,1089,13114,142
2022-07-27,Lassen,035,31185,9555,9509,958,10467,64
2022-07-27,Los Angeles,037,10098052,3142532,3107063,164686,3271749,32392
2022-07-27,Madera,039,155013,41762,41423,7425,48848,372
2022-07-27,Marin,041,260295,43046,42624,4913,47537,300
2022-07-27,Mariposa,043,17540,2955,2927,310,3237,30
2022-07-27,Mendocino,045,87422,15256,15066,4122,19188,131
2022-07-27,Merced,047,269075,69391,68455,10536,78991,838
2022-07-27,Modoc,049,8938,844,840,310,1150,10
2022-07-27,Mono,051,14174,3163,3148,219,3367,7
2022-07-27,Monterey,053,433212,90342,89520,18908,108428,752
2022-07-27,Napa,055,140530,30829,30647,1336,31983,150
2022-07-27,Nevada,057,99092,18241,18134,1668,19802,132
2022-07-27,Orange,059,3164182,638408,632871,56746,689617,7188
2022-07-27,Placer,061,380077,72791,72194,9028,81222,647
2022-07-27,Plumas,063,18699,3495,3472,426,3898,13
2022-07-27,Riverside,065,2383286,665563,659650,32850,692500,6528
2022-07-27,Sacramento,067,1510023,331000,328249,31981,360230,3146
2022-07-27,San Benito,069,59416,15363,15188,832,16020,100
2022-07-27,San Bernardino,071,2135413,641954,629895,28734,658629,7937
2022-07-27,San Diego,073,3302833,884852,876507,67481,943988,5386
2022-07-27,San Francisco,075,870044,170027,168570,11377,179947,931
2022-07-27,San Joaquin,077,732212,189018,187066,13248,200314,2267
2022-07-27,San Luis Obispo,079,281455,60734,60180,6450,66630,502
2022-07-27,San Mateo,081,765935,160143,158343,10131,168474,724
2022-07-27,Santa Barbara,083,443738,100408,99460,6123,105583,707
2022-07-27,Santa Clara,085,1922200,413315,404896,17715,422611,2380
2022-07-27,Santa Cruz,087,273765,59538,58873,3153,62026,269
2022-07-27,Shasta,089,179085,33617,33314,6939,40253,578
2022-07-27,Sierra,091,2930,295,293,58,351,4
2022-07-27,Siskiyou,093,43540,4927,4975,3168,8143,84
2022-07-27,Solano,095,438530,100288,98579,7365,105944,457
2022-07-27,Sonoma,097,501317,102226,101316,4892,106208,499
2022-07-27,Stanislaus,099,539301,131701,130451,20265,150716,1695
2022-07-27,Sutter,101,95872,22936,22811,2374,25185,228
2022-07-27,Tehama,103,63373,13139,13036,2901,15937,207
2022-07-27,Trinity,105,12862,1345,1337,343,1680,20
2022-07-27,Tulare,107,460477,116772,116167,32804,148971,1514
2022-07-27,Tuolumne,109,53932,14795,14594,865,15459,196
2022-07-27,Ventura,111,848112,199115,197572,13942,211514,1527
2022-07-27,Yolo,113,214977,45570,45359,4026,49385,326
2022-07-27,Yuba,115,75493,17971,17873,1548,19421,124
2022-07-26,Alameda,001,1643700,328897,325669,18465,344134,1938
2022-07-26,Alpine,003,1148,130,130,1,131,0
2022-07-26,Amador,005,37829,9620,9568,840,10408,87
2022-07-26,Butte,007,227075,37581,37146,8388,45534,441
2022-07-26,Calaveras,009,45235,8153,8105,470,8575,130
2022-07-26,Colusa,011,21464,3668,3649,1192,4841,22
2022-07-26,Contra Costa,013,1133247,238516,233236,19146,252382,1374
2022-07-26,Del Norte,015,27424,7133,7161,371,7532,54
2022-07-26,El Dorado,017,186661,31061,30891,4007,34898,222
2022-07-26,Fresno,019,978130,262211,259483,28852,288335,2801
2022-07-26,Glenn,021,27897,5373,5327,1789,7116,48
2022-07-26,Humboldt,023,135768,20540,20406,4376,24782,150
2022-07-26,Imperial,025,180216,62677,62014,13918,75932,948
2022-07-26,Inyo,027,18085,4393,4381,798,5179,57
2022-07-26,Kern,029,883053,211258,209400,56477,265877,2368
2022-07-26,Kings,031,150075,56740,56417,3866,60283,451
2022-07-26,Lake,033,64148,12108,12025,1087,13112,142
2022-07-26,Lassen,035,31185,9552,9509,956,10465,64
2022-07-26,Los Angeles,037,10098052,3137507,3107063,164089,3271152,32392
2022-07-26,Madera,039,155013,41698,41423,7400,48823,372
2022-07-26,Marin,041,260295,42980,42624,4902,47526,300
2022-07-26,Mariposa,043,17540,2953,2927,310,3237,30
2022-07-26,Mendocino,045,87422,15232,15066,4111,19177,131
2022-07-26,Merced,047,269075,69299,68455,10511,78966,838
2022-07-26,Modoc,049,8938,842,840,310,1150,10
2022-07-26,Mono,051,14174,3161,3148,218,3366,7
2022-07-26,Monterey,053,433212,90203,89520,18821,108341,752
2022-07-26,Napa,055,140530,30792,30647,1330,31977,150
2022-07-26,Nevada,057,99092,18218,18134,1665,19799,132
2022-07-26,Orange,059,3164182,637308,632871,56524,689395,7188
2022-07-26,Placer,061,380077,72673,72194,9009,81203,647
2022-07-26,Plumas,063,18699,3492,3472,425,3897,13
2022-07-26,Riverside,065,2383286,664535,659650,32771,692421,6528
2022-07-26,Sacramento,067,1510023,330467,328249,31915,360164,3146
2022-07-26,San Benito,069,59416,15334,15188,830,16018,100
2022-07-26,San Bernardino,071,2135413,640964,629895,28666,658561,7937
2022-07-26,San Diego,073,3302833,883162,876507,67290,943797,5386
2022-07-26,San Francisco,075,870044,169740,168570,11362,179932,931
2022-07-26,San Joaquin,077,732212,188722,187066,13191,200257,2267
2022-07-26,San Luis Obispo,079,281455,60655,60180,6423,66603,502
2022-07-26,San Mateo,081,765935,159859,158343,10120,168463,724
2022-07-26,Santa Barbara,083,443738,100230,99460,6098,105558,707
2022-07-26,Santa Clara,085,1922200,412452,404896,17677,422573,2380
2022-07-26,Santa Cruz,087,273765,59434,58873,3136,62009,269
2022-07-26,Shasta,089,179085,33584,33314,6923,40237,578
2022-07-26,Sierra,091,2930,294,293,58,351,4
2022-07-26,Siskiyou,093,43540,4922,4975,3160,8135,84
2022-07-26,Solano,095,438530,100095,98579,7349,105928,457
2022-07-26,Sonoma,097,501317,102078,101316,4864,106180,499
2022-07-26,Stanislaus,099,539301,131487,130451,20240,150691,1695
2022-07-26,Sutter,101,95872,22906,22811,2373,25184,228
2022-07-26,Tehama,103,63373,13120,13036,2897,15933,207
2022-07-26,Trinity,105,12862,1344,1337,341,1678,20
2022-07-26,Tulare,107,460477,116622,116167,32717,148884,1514
2022-07-26,Tuolumne,109,53932,14776,14594,863,15457,196
2022-07-26,Ventura,111,848112,198804,197572,13884,211456,1527
2022-07-26,Yolo,113,214977,45520,45359,4015,49374,326
2022-07-26,Yuba,115,75493,17953,17873,1547,19420,124
2022-07-25,Alameda,001,1643700,328167,325669,18404,344073,1938
2022-07-25,Alpine,003,1148,130,130,1,131,0
2022-07-25,Amador,005,37829,9607,9568,837,10405,87
2022-07-25,Butte,007,227075,37505,37146,8373,45519,441
2022-07-25,Calaveras,009,45235,8142,8105,469,8574,130
2022-07-25,Colusa,011,21464,3667,3649,1189,4838,22
2022-07-25,Contra Costa,013,1133247,238032,233236,19064,252300,1374
2022-07-25,Del Norte,015,27424,7126,7161,370,7531,54
2022-07-25,El Dorado,017,186661,31022,30891,3993,34884,222
2022-07-25,Fresno,019,978130,261619,259483,28750,288233,2801
2022-07-25,Glenn,021,27897,5365,5327,1786,7113,48
2022-07-25,Humboldt,023,135768,20508,20406,4356,24762,150
2022-07-25,Imperial,025,180216,62558,62014,13830,75844,948
2022-07-25,Inyo,027,18085,4391,4381,792,5173,57
2022-07-25,Kern,029,883053,210967,209400,56250,265650,2368
2022-07-25,Kings,031,150075,56605,56417,3856,60273,451
2022-07-25,Lake,033,64148,12087,12025,1085,13110,142
2022-07-25,Lassen,035,31185,9545,9509,955,10464,64
2022-07-25,Los Angeles,037,10098052,3131661,3107063,163523,3270586,32392
2022-07-25,Madera,039,155013,41611,41423,7374,48797,372
2022-07-25,Marin,041,260295,42906,42624,4895,47519,300
2022-07-25,Mariposa,043,17540,2950,2927,307,3234,30
2022-07-25,Mendocino,045,87422,15193,15066,4098,19164,131
2022-07-25,Merced,047,269075,69186,68455,10480,78935,838
2022-07-25,Modoc,049,8938,837,840,308,1148,10
2022-07-25,Mono,051,14174,3159,3148,217,3365,7
2022-07-25,Monterey,053,433212,90048,89520,18711,108231,752
2022-07-25,Napa,055,140530,30749,30647,1329,31976,150
2022-07-25,Nevada,057,99092,18206,18134,1657,19791,132
2022-07-25,Orange,059,3164182,636061,632871,56318,689189,7188
2022-07-25,Placer,061,380077,72589,72194,9003,81197,647
2022-07-25,Plumas,063,18699,3486,3472,424,3896,13
2022-07-25,Riverside,065,2383286,663446,659650,32691,692341,6528
2022-07-25,Sacramento,067,1510023,329935,328249,31853,360102,3146
2022-07-25,San Benito,069,59416,15301,15188,828,16016,100
2022-07-25,San Bernardino,071,2135413,639798,629895,28608,658503,7937
2022-07-25,San Diego,073,3302833,881379,876507,67098,943605,5386
2022-07-25,San Francisco,075,870044,169425,168570,11347,179917,931
2022-07-25,San Joaquin,077,732212,188431,187066,13118,200184,2267
2022-07-25,San Luis Obispo,079,281455,60551,60180,6390,66570,502
2022-07-25,San Mateo,081,765935,159487,158343,10099,168442,724
2022-07-25,Santa Barbara,083,443738,100038,99460,6073,105533,707
2022-07-25,Santa Clara,085,1922200,411556,404896,17597,422493,2380
2022-07-25,Santa Cruz,087,273765,59313,58873,3123,61996,269
2022-07-25,Shasta,089,179085,33533,33314,6915,40229,578
2022-07-25,Sierra,091,2930,293,293,58,351,4
2022-07-25,Siskiyou,093,43540,4919,4975,3151,8126,84
2022-07-25,Solano,095,438530,99848,98579,7334,105913,457
2022-07-25,Sonoma,097,501317,101919,101316,4846,106162,499
2022-07-25,Stanislaus,099,539301,131289,130451,20212,150663,1695
2022-07-25,Sutter,101,95872,22860,22811,2372,25183,228
2022-07-25,Tehama,103,63373,13103,13036,2889,15925,207
2022-07-25,Trinity,105,12862,1342,1337,341,1678,20
2022-07-25,Tulare,107,460477,116411,116167,32620,148787,1514
2022-07-25,Tuolumne,109,53932,14757,14594,863,15457,196
2022-07-25,Ventura,111,848112,198497,197572,13828,211400,1527
2022-07-25,Yolo,113,214977,45456,45359,3999,49358,326
2022-07-25,Yuba,115,75493,17915,17873,1546,19419,124
2022-07-24,Alameda,001,1643700,327362,323165,18361,341526,1933
2022-07-24,Alpine,003,1148,130,130,1,131,0
2022-07-24,Amador,005,37829,9585,9526,834,10360,87
2022-07-24,Butte,007,227075,37440,36994,8345,45339,440
2022-07-24,Calaveras,009,45235,8125,8064,467,8531,128
2022-07-24,Colusa,011,21464,3661,3639,1189,4828,22
2022-07-24,Contra Costa,013,1133247,237500,231714,18984,250698,1363
2022-07-24,Del Norte,015,27424,7108,7128,366,7494,54
2022-07-24,El Dorado,017,186661,30975,30722,3976,34698,222
2022-07-24,Fresno,019,978130,260965,257571,28650,286221,2792
2022-07-24,Glenn,021,27897,5359,5311,1784,7095,48
2022-07-24,Humboldt,023,135768,20475,20283,4339,24622,150
2022-07-24,Imperial,025,180216,62396,61671,13709,75380,948
2022-07-24,Inyo,027,18085,4387,4366,781,5147,57
2022-07-24,Kern,029,883053,210598,208535,56011,264546,2366
2022-07-24,Kings,031,150075,56480,56103,3843,59946,451
2022-07-24,Lake,033,64148,12061,11957,1082,13039,142
2022-07-24,Lassen,035,31185,9519,9504,952,10456,64
2022-07-24,Los Angeles,037,10098052,3125171,3085376,162835,3248211,32340
2022-07-24,Madera,039,155013,41513,41145,7343,48488,372
2022-07-24,Marin,041,260295,42836,42347,4883,47230,300
2022-07-24,Mariposa,043,17540,2947,2897,306,3203,30
2022-07-24,Mendocino,045,87422,15143,14988,4066,19054,131
2022-07-24,Merced,047,269075,69029,68127,10421,78548,837
2022-07-24,Modoc,049,8938,837,829,307,1136,10
2022-07-24,Mono,051,14174,3158,3141,217,3358,7
2022-07-24,Monterey,053,433212,89871,89067,18611,107678,747
2022-07-24,Napa,055,140530,30695,30495,1328,31823,148
2022-07-24,Nevada,057,99092,18187,18073,1648,19721,131
2022-07-24,Orange,059,3164182,634710,627948,56066,684014,7181
2022-07-24,Placer,061,380077,72465,71870,8990,80860,644
2022-07-24,Plumas,063,18699,3485,3464,424,3888,13
2022-07-24,Riverside,065,2383286,662152,655603,32577,688180,6527
2022-07-24,Sacramento,067,1510023,329256,326216,31784,358000,3136
2022-07-24,San Benito,069,59416,15280,15049,827,15876,100
2022-07-24,San Bernardino,071,2135413,638416,626059,28527,654586,7933
2022-07-24,San Diego,073,3302833,879303,870102,66905,937007,5380
2022-07-24,San Francisco,075,870044,168969,167260,11317,178577,931
2022-07-24,San Joaquin,077,732212,188070,186142,13047,199189,2267
2022-07-24,San Luis Obispo,079,281455,60404,59919,6358,66277,500
2022-07-24,San Mateo,081,765935,159147,157266,10075,167341,724
2022-07-24,Santa Barbara,083,443738,99811,98826,6033,104859,706
2022-07-24,Santa Clara,085,1922200,410594,401495,17556,419051,2381
2022-07-24,Santa Cruz,087,273765,59141,58386,3102,61488,268
2022-07-24,Shasta,089,179085,33469,33185,6900,40085,578
2022-07-24,Sierra,091,2930,293,293,58,351,4
2022-07-24,Siskiyou,093,43540,4915,4938,3136,8074,84
2022-07-24,Solano,095,438530,99632,98016,7319,105335,457
2022-07-24,Sonoma,097,501317,101716,100735,4825,105560,499
2022-07-24,Stanislaus,099,539301,130995,129813,20175,149988,1695
2022-07-24,Sutter,101,95872,22809,22687,2369,25056,228
2022-07-24,Tehama,103,63373,13092,12974,2879,15853,207
2022-07-24,Trinity,105,12862,1341,1330,339,1669,20
2022-07-24,Tulare,107,460477,116226,115548,32517,148065,1513
2022-07-24,Tuolumne,109,53932,14723,14514,862,15376,196
2022-07-24,Ventura,111,848112,198088,196127,13726,209853,1525
2022-07-24,Yolo,113,214977,45381,45141,3987,49128,327
2022-07-24,Yuba,115,75493,17888,17770,1544,19314,124
2022-07-23,Alameda,001,1643700,326947,323165,18345,341510,1933
2022-07-23,Alpine,003,1148,130,130,1,131,0
2022-07-23,Amador,005,37829,9576,9526,834,10360,87
2022-07-23,Butte,007,227075,37393,36994,8338,45332,440
2022-07-23,Calaveras,009,45235,8114,8064,467,8531,128
2022-07-23,Colusa,011,21464,3656,3639,1189,4828,22
2022-07-23,Contra Costa,013,1133247,237202,231714,18954,250668,1363
2022-07-23,Del Norte,015,27424,7105,7128,365,7493,54
2022-07-23,El Dorado,017,186661,30957,30722,3974,34696,222
2022-07-23,Fresno,019,978130,260740,257571,28593,286164,2792
2022-07-23,Glenn,021,27897,5357,5311,1782,7093,48
2022-07-23,Humboldt,023,135768,20448,20283,4326,24609,150
2022-07-23,Imperial,025,180216,62334,61671,13688,75359,948
2022-07-23,Inyo,027,18085,4385,4366,780,5146,57
2022-07-23,Kern,029,883053,210430,208535,55868,264403,2366
2022-07-23,Kings,031,150075,56437,56103,3840,59943,451
2022-07-23,Lake,033,64148,12050,11957,1081,13038,142
2022-07-23,Lassen,035,31185,9517,9504,952,10456,64
2022-07-23,Los Angeles,037,10098052,3122330,3085376,162379,3247755,32340
2022-07-23,Madera,039,155013,41451,41145,7337,48482,372
2022-07-23,Marin,041,260295,42761,42347,4873,47220,300
2022-07-23,Mariposa,043,17540,2944,2897,306,3203,30
2022-07-23,Mendocino,045,87422,15123,14988,4059,19047,131
2022-07-23,Merced,047,269075,68958,68127,10406,78533,837
2022-07-23,Modoc,049,8938,837,829,307,1136,10
2022-07-23,Mono,051,14174,3157,3141,217,3358,7
2022-07-23,Monterey,053,433212,89783,89067,18590,107657,747
2022-07-23,Napa,055,140530,30662,30495,1327,31822,148
2022-07-23,Nevada,057,99092,18175,18073,1646,19719,131
2022-07-23,Orange,059,3164182,634010,627948,55868,683816,7181
2022-07-23,Placer,061,380077,72393,71870,8980,80850,644
2022-07-23,Plumas,063,18699,3484,3464,424,3888,13
2022-07-23,Riverside,065,2383286,661445,655603,32537,688140,6527
2022-07-23,Sacramento,067,1510023,328981,326216,31768,357984,3136
2022-07-23,San Benito,069,59416,15271,15049,818,15867,100
2022-07-23,San Bernardino,071,2135413,637789,626059,28484,654543,7933
2022-07-23,San Diego,073,3302833,878476,870102,66844,936946,5380
2022-07-23,San Francisco,075,870044,168777,167260,11301,178561,931
2022-07-23,San Joaquin,077,732212,187914,186142,13024,199166,2267
2022-07-23,San Luis Obispo,079,281455,60375,59919,6347,66266,500
2022-07-23,San Mateo,081,765935,158972,157266,10061,167327,724
2022-07-23,Santa Barbara,083,443738,99712,98826,6002,104828,706
2022-07-23,Santa Clara,085,1922200,409979,401495,17531,419026,2381
2022-07-23,Santa Cruz,087,273765,59090,58386,3090,61476,268
2022-07-23,Shasta,089,179085,33430,33185,6894,40079,578
2022-07-23,Sierra,091,2930,293,293,58,351,4
2022-07-23,Siskiyou,093,43540,4913,4938,3134,8072,84
2022-07-23,Solano,095,438530,99565,98016,7313,105329,457
2022-07-23,Sonoma,097,501317,101628,100735,4815,105550,499
2022-07-23,Stanislaus,099,539301,130864,129813,20139,149952,1695
2022-07-23,Sutter,101,95872,22788,22687,2369,25056,228
2022-07-23,Tehama,103,63373,13078,12974,2876,15850,207
2022-07-23,Trinity,105,12862,1341,1330,338,1668,20
2022-07-23,Tulare,107,460477,116110,115548,32448,147996,1513
2022-07-23,Tuolumne,109,53932,14700,14514,862,15376,196
2022-07-23,Ventura,111,848112,197904,196127,13691,209818,1525
2022-07-23,Yolo,113,214977,45346,45141,3979,49120,327
2022-07-23,Yuba,115,75493,17875,17770,1540,19310,124
2022-07-22,Alameda,001,1643700,326538,323165,18316,341481,1933
2022-07-22,Alpine,003,1148,130,130,1,131,0
2022-07-22,Amador,005,37829,9570,9526,833,10359,87
2022-07-22,Butte,007,227075,37358,36994,8322,45316,440
2022-07-22,Calaveras,009,45235,8105,8064,467,8531,128
2022-07-22,Colusa,011,21464,3655,3639,1185,4824,22
2022-07-22,Contra Costa,013,1133247,236908,231714,18917,250631,1363
2022-07-22,Del Norte,015,27424,7098,7128,365,7493,54
2022-07-22,El Dorado,017,186661,30928,30722,3969,34691,222
2022-07-22,Fresno,019,978130,260458,257571,28544,286115,2792
2022-07-22,Glenn,021,27897,5352,5311,1781,7092,48
2022-07-22,Humboldt,023,135768,20424,20283,4316,24599,150
2022-07-22,Imperial,025,180216,62243,61671,13656,75327,948
2022-07-22,Inyo,027,18085,4385,4366,773,5139,57
2022-07-22,Kern,029,883053,210229,208535,55717,264252,2366
2022-07-22,Kings,031,150075,56401,56103,3839,59942,451
2022-07-22,Lake,033,64148,12036,11957,1079,13036,142
2022-07-22,Lassen,035,31185,9517,9504,952,10456,64
2022-07-22,Los Angeles,037,10098052,3118795,3085376,161927,3247303,32340
2022-07-22,Madera,039,155013,41408,41145,7326,48471,372
2022-07-22,Marin,041,260295,42706,42347,4865,47212,300
2022-07-22,Mariposa,043,17540,2942,2897,306,3203,30
2022-07-22,Mendocino,045,87422,15099,14988,4051,19039,131
2022-07-22,Merced,047,269075,68888,68127,10394,78521,837
2022-07-22,Modoc,049,8938,837,829,307,1136,10
2022-07-22,Mono,051,14174,3156,3141,216,3357,7
2022-07-22,Monterey,053,433212,89693,89067,18556,107623,747
2022-07-22,Napa,055,140530,30631,30495,1327,31822,148
2022-07-22,Nevada,057,99092,18163,18073,1639,19712,131
2022-07-22,Orange,059,3164182,633237,627948,55709,683657,7181
2022-07-22,Placer,061,380077,72348,71870,8972,80842,644
2022-07-22,Plumas,063,18699,3483,3464,424,3888,13
2022-07-22,Riverside,065,2383286,660701,655603,32473,688076,6527
2022-07-22,Sacramento,067,1510023,328624,326216,31741,357957,3136
2022-07-22,San Benito,069,59416,15262,15049,818,15867,100
2022-07-22,San Bernardino,071,2135413,637167,626059,28439,654498,7933
2022-07-22,San Diego,073,3302833,877397,870102,66706,936808,5380
2022-07-22,San Francisco,075,870044,168584,167260,11272,178532,931
2022-07-22,San Joaquin,077,732212,187753,186142,12993,199135,2267
2022-07-22,San Luis Obispo,079,281455,60320,59919,6335,66254,500
2022-07-22,San Mateo,081,765935,158744,157266,10048,167314,724
2022-07-22,Santa Barbara,083,443738,99610,98826,5996,104822,706
2022-07-22,Santa Clara,085,1922200,409322,401495,17505,419000,2381
2022-07-22,Santa Cruz,087,273765,58984,58386,3082,61468,268
2022-07-22,Shasta,089,179085,33399,33185,6889,40074,578
2022-07-22,Sierra,091,2930,293,293,58,351,4
2022-07-22,Siskiyou,093,43540,4910,4938,3131,8069,84
2022-07-22,Solano,095,438530,99427,98016,7299,105315,457
2022-07-22,Sonoma,097,501317,101522,100735,4797,105532,499
2022-07-22,Stanislaus,099,539301,130734,129813,20114,149927,1695
2022-07-22,Sutter,101,95872,22764,22687,2368,25055,228
2022-07-22,Tehama,103,63373,13069,12974,2874,15848,207
2022-07-22,Trinity,105,12862,1339,1330,337,1667,20
2022-07-22,Tulare,107,460477,115998,115548,32389,147937,1513
2022-07-22,Tuolumne,109,53932,14676,14514,858,15372,196
2022-07-22,Ventura,111,848112,197717,196127,13656,209783,1525
2022-07-22,Yolo,113,214977,45292,45141,3962,49103,327
2022-07-22,Yuba,115,75493,17861,17770,1538,19308,124
2022-07-21,Alameda,001,1643700,325862,323165,18267,341432,1933
2022-07-21,Alpine,003,1148,130,130,1,131,0
2022-07-21,Amador,005,37829,9563,9526,831,10357,87
2022-07-21,Butte,007,227075,37317,36994,8302,45296,440
2022-07-21,Calaveras,009,45235,8090,8064,465,8529,128
2022-07-21,Colusa,011,21464,3651,3639,1183,4822,22
2022-07-21,Contra Costa,013,1133247,236527,231714,18860,250574,1363
2022-07-21,Del Norte,015,27424,7088,7128,365,7493,54
2022-07-21,El Dorado,017,186661,30877,30722,3966,34688,222
2022-07-21,Fresno,019,978130,259984,257571,28463,286034,2792
2022-07-21,Glenn,021,27897,5346,5311,1781,7092,48
2022-07-21,Humboldt,023,135768,20393,20283,4293,24576,150
2022-07-21,Imperial,025,180216,62130,61671,13560,75231,948
2022-07-21,Inyo,027,18085,4381,4366,766,5132,57
2022-07-21,Kern,029,883053,209956,208535,55534,264069,2366
2022-07-21,Kings,031,150075,56328,56103,3826,59929,451
2022-07-21,Lake,033,64148,12023,11957,1076,13033,142
2022-07-21,Lassen,035,31185,9514,9504,952,10456,64
2022-07-21,Los Angeles,037,10098052,3113181,3085376,161313,3246689,32340
2022-07-21,Madera,039,155013,41331,41145,7304,48449,372
2022-07-21,Marin,041,260295,42641,42347,4861,47208,300
2022-07-21,Mariposa,043,17540,2938,2897,305,3202,30
2022-07-21,Mendocino,045,87422,15073,14988,4045,19033,131
2022-07-21,Merced,047,269075,68783,68127,10369,78496,837
2022-07-21,Modoc,049,8938,835,829,307,1136,10
2022-07-21,Mono,051,14174,3152,3141,215,3356,7
2022-07-21,Monterey,053,433212,89569,89067,18481,107548,747
2022-07-21,Napa,055,140530,30587,30495,1327,31822,148
2022-07-21,Nevada,057,99092,18144,18073,1633,19706,131
2022-07-21,Orange,059,3164182,632113,627948,55481,683429,7181
2022-07-21,Placer,061,380077,72240,71870,8950,80820,644
2022-07-21,Plumas,063,18699,3482,3464,424,3888,13
2022-07-21,Riverside,065,2383286,659637,655603,32400,688003,6527
2022-07-21,Sacramento,067,1510023,328110,326216,31700,357916,3136
2022-07-21,San Benito,069,59416,15220,15049,815,15864,100
2022-07-21,San Bernardino,071,2135413,636143,626059,28374,654433,7933
2022-07-21,San Diego,073,3302833,875719,870102,66511,936613,5380
2022-07-21,San Francisco,075,870044,168230,167260,11220,178480,931
2022-07-21,San Joaquin,077,732212,187499,186142,12952,199094,2267
2022-07-21,San Luis Obispo,079,281455,60264,59919,6305,66224,500
2022-07-21,San Mateo,081,765935,158445,157266,10033,167299,724
2022-07-21,Santa Barbara,083,443738,99449,98826,5976,104802,706
2022-07-21,Santa Clara,085,1922200,408512,401495,17467,418962,2381
2022-07-21,Santa Cruz,087,273765,58866,58386,3067,61453,268
2022-07-21,Shasta,089,179085,33349,33185,6875,40060,578
2022-07-21,Sierra,091,2930,293,293,58,351,4
2022-07-21,Siskiyou,093,43540,4904,4938,3125,8063,84
2022-07-21,Solano,095,438530,99280,98016,7291,105307,457
2022-07-21,Sonoma,097,501317,101378,100735,4783,105518,499
2022-07-21,Stanislaus,099,539301,130543,129813,20091,149904,1695
2022-07-21,Sutter,101,95872,22737,22687,2366,25053,228
2022-07-21,Tehama,103,63373,13052,12974,2863,15837,207
2022-07-21,Trinity,105,12862,1335,1330,337,1667,20
2022-07-21,Tulare,107,460477,115846,115548,32308,147856,1513
2022-07-21,Tuolumne,109,53932,14643,14514,855,15369,196
2022-07-21,Ventura,111,848112,197391,196127,13566,209693,1525
2022-07-21,Yolo,113,214977,45231,45141,3949,49090,327
2022-07-21,Yuba,115,75493,17833,17770,1535,19305,124
2022-07-20,Alameda,001,1643700,325181,321347,18226,339573,1915
2022-07-20,Alpine,003,1148,130,130,1,131,0
2022-07-20,Amador,005,37829,9545,9478,829,10307,87
2022-07-20,Butte,007,227075,37268,36820,8282,45102,440
2022-07-20,Calaveras,009,45235,8081,8035,464,8499,126
2022-07-20,Colusa,011,21464,3647,3627,1181,4808,22
2022-07-20,Contra Costa,013,1133247,236128,230356,18811,249167,1362
2022-07-20,Del Norte,015,27424,7079,7081,365,7446,54
2022-07-20,El Dorado,017,186661,30846,30628,3956,34584,221
2022-07-20,Fresno,019,978130,259468,256217,28392,284609,2790
2022-07-20,Glenn,021,27897,5342,5287,1778,7065,48
2022-07-20,Humboldt,023,135768,20354,20149,4275,24424,150
2022-07-20,Imperial,025,180216,61985,61170,13465,74635,944
2022-07-20,Inyo,027,18085,4379,4355,761,5116,56
2022-07-20,Kern,029,883053,209663,207603,55347,262950,2366
2022-07-20,Kings,031,150075,56243,55836,3815,59651,449
2022-07-20,Lake,033,64148,12002,11895,1071,12966,142
2022-07-20,Lassen,035,31185,9505,9455,952,10407,64
2022-07-20,Los Angeles,037,10098052,3107569,3068779,160689,3229468,32292
2022-07-20,Madera,039,155013,41259,40902,7284,48186,372
2022-07-20,Marin,041,260295,42561,42153,4854,47007,300
2022-07-20,Mariposa,043,17540,2923,2884,303,3187,30
2022-07-20,Mendocino,045,87422,15058,14890,4033,18923,131
2022-07-20,Merced,047,269075,68683,67775,10345,78120,833
2022-07-20,Modoc,049,8938,834,799,306,1105,9
2022-07-20,Mono,051,14174,3149,3138,212,3350,7
2022-07-20,Monterey,053,433212,89431,88606,18400,107006,747
2022-07-20,Napa,055,140530,30549,30353,1325,31678,145
2022-07-20,Nevada,057,99092,18118,18020,1627,19647,131
2022-07-20,Orange,059,3164182,630842,624998,55239,680237,7173
2022-07-20,Placer,061,380077,72159,71614,8932,80546,639
2022-07-20,Plumas,063,18699,3476,3433,423,3856,13
2022-07-20,Riverside,065,2383286,658539,652192,32301,684493,6510
2022-07-20,Sacramento,067,1510023,327561,324765,31655,356420,3123
2022-07-20,San Benito,069,59416,15188,14966,812,15778,100
2022-07-20,San Bernardino,071,2135413,635103,622760,28311,651071,7921
2022-07-20,San Diego,073,3302833,873888,864434,66329,930763,5375
2022-07-20,San Francisco,075,870044,167903,166241,11202,177443,929
2022-07-20,San Joaquin,077,732212,187210,185319,12897,198216,2262
2022-07-20,San Luis Obispo,079,281455,60194,59727,6276,66003,499
2022-07-20,San Mateo,081,765935,158157,156191,10008,166199,724
2022-07-20,Santa Barbara,083,443738,99270,98322,5949,104271,703
2022-07-20,Santa Clara,085,1922200,407703,398816,17432,416248,2374
2022-07-20,Santa Cruz,087,273765,58752,58004,3054,61058,267
2022-07-20,Shasta,089,179085,33308,33017,6868,39885,576
2022-07-20,Sierra,091,2930,293,292,58,350,4
2022-07-20,Siskiyou,093,43540,4892,4921,3119,8040,84
2022-07-20,Solano,095,438530,99112,97577,7269,104846,459
2022-07-20,Sonoma,097,501317,101190,100304,4770,105074,499
2022-07-20,Stanislaus,099,539301,130376,129200,20052,149252,1695
2022-07-20,Sutter,101,95872,22702,22592,2363,24955,228
2022-07-20,Tehama,103,63373,13036,12923,2859,15782,205
2022-07-20,Trinity,105,12862,1335,1319,336,1655,20
2022-07-20,Tulare,107,460477,115663,115073,32194,147267,1510
2022-07-20,Tuolumne,109,53932,14617,14389,854,15243,196
2022-07-20,Ventura,111,848112,197072,195189,13493,208682,1522
2022-07-20,Yolo,113,214977,45175,44950,3938,48888,325
2022-07-20,Yuba,115,75493,17809,17661,1534,19195,124
2022-07-19,Alameda,001,1643700,324507,321347,18201,339548,1915
2022-07-19,Alpine,003,1148,130,130,1,131,0
2022-07-19,Amador,005,37829,9533,9478,825,10303,87
2022-07-19,Butte,007,227075,37215,36820,8268,45088,440
2022-07-19,Calaveras,009,45235,8071,8035,464,8499,126
2022-07-19,Colusa,011,21464,3644,3627,1177,4804,22
2022-07-19,Contra Costa,013,1133247,235678,230356,18754,249110,1362
2022-07-19,Del Norte,015,27424,7071,7081,364,7445,54
2022-07-19,El Dorado,017,186661,30802,30628,3947,34575,221
2022-07-19,Fresno,019,978130,258859,256217,28304,284521,2790
2022-07-19,Glenn,021,27897,5335,5287,1777,7064,48
2022-07-19,Humboldt,023,135768,20319,20149,4261,24410,150
2022-07-19,Imperial,025,180216,61851,61170,13375,74545,944
2022-07-19,Inyo,027,18085,4377,4355,759,5114,56
2022-07-19,Kern,029,883053,209384,207603,55154,262757,2366
2022-07-19,Kings,031,150075,56140,55836,3796,59632,449
2022-07-19,Lake,033,64148,11981,11895,1063,12958,142
2022-07-19,Lassen,035,31185,9497,9455,952,10407,64
2022-07-19,Los Angeles,037,10098052,3101387,3068779,159987,3228766,32292
2022-07-19,Madera,039,155013,41180,40902,7261,48163,372
2022-07-19,Marin,041,260295,42498,42153,4841,46994,300
2022-07-19,Mariposa,043,17540,2918,2884,302,3186,30
2022-07-19,Mendocino,045,87422,15026,14890,4022,18912,131
2022-07-19,Merced,047,269075,68578,67775,10313,78088,833
2022-07-19,Modoc,049,8938,833,799,306,1105,9
2022-07-19,Mono,051,14174,3145,3138,212,3350,7
2022-07-19,Monterey,053,433212,89280,88606,18319,106925,747
2022-07-19,Napa,055,140530,30493,30353,1321,31674,145
2022-07-19,Nevada,057,99092,18104,18020,1620,19640,131
2022-07-19,Orange,059,3164182,629559,624998,54989,679987,7173
2022-07-19,Placer,061,380077,72071,71614,8915,80529,639
2022-07-19,Plumas,063,18699,3470,3433,421,3854,13
2022-07-19,Riverside,065,2383286,657231,652192,32207,684399,6510
2022-07-19,Sacramento,067,1510023,326931,324765,31614,356379,3123
2022-07-19,San Benito,069,59416,15144,14966,810,15776,100
2022-07-19,San Bernardino,071,2135413,633985,622760,28238,650998,7921
2022-07-19,San Diego,073,3302833,871795,864434,66082,930516,5375
2022-07-19,San Francisco,075,870044,167552,166241,11183,177424,929
2022-07-19,San Joaquin,077,732212,186929,185319,12839,198158,2262
2022-07-19,San Luis Obispo,079,281455,60110,59727,6238,65965,499
2022-07-19,San Mateo,081,765935,157862,156191,9984,166175,724
2022-07-19,Santa Barbara,083,443738,99059,98322,5927,104249,703
2022-07-19,Santa Clara,085,1922200,406747,398816,17381,416197,2374
2022-07-19,Santa Cruz,087,273765,58630,58004,3039,61043,267
2022-07-19,Shasta,089,179085,33276,33017,6854,39871,576
2022-07-19,Sierra,091,2930,293,292,58,350,4
2022-07-19,Siskiyou,093,43540,4887,4921,3112,8033,84
2022-07-19,Solano,095,438530,98887,97577,7242,104819,459
2022-07-19,Sonoma,097,501317,101033,100304,4742,105046,499
2022-07-19,Stanislaus,099,539301,130133,129200,20020,149220,1695
2022-07-19,Sutter,101,95872,22672,22592,2360,24952,228
2022-07-19,Tehama,103,63373,13022,12923,2852,15775,205
2022-07-19,Trinity,105,12862,1332,1319,335,1654,20
2022-07-19,Tulare,107,460477,115480,115073,32085,147158,1510
2022-07-19,Tuolumne,109,53932,14593,14389,845,15234,196
2022-07-19,Ventura,111,848112,196726,195189,13415,208604,1522
2022-07-19,Yolo,113,214977,45114,44950,3928,48878,325
2022-07-19,Yuba,115,75493,17776,17661,1533,19194,124
2022-07-18,Alameda,001,1643700,323767,321347,18166,339513,1915
2022-07-18,Alpine,003,1148,130,130,1,131,0
2022-07-18,Amador,005,37829,9518,9478,825,10303,87
2022-07-18,Butte,007,227075,37145,36820,8255,45075,440
2022-07-18,Calaveras,009,45235,8060,8035,461,8496,126
2022-07-18,Colusa,011,21464,3641,3627,1171,4798,22
2022-07-18,Contra Costa,013,1133247,235213,230356,18683,249039,1362
2022-07-18,Del Norte,015,27424,7060,7081,362,7443,54
2022-07-18,El Dorado,017,186661,30750,30628,3938,34566,221
2022-07-18,Fresno,019,978130,258266,256217,28223,284440,2790
2022-07-18,Glenn,021,27897,5333,5287,1777,7064,48
2022-07-18,Humboldt,023,135768,20278,20149,4241,24390,150
2022-07-18,Imperial,025,180216,61685,61170,13278,74448,944
2022-07-18,Inyo,027,18085,4373,4355,758,5113,56
2022-07-18,Kern,029,883053,209071,207603,54901,262504,2366
2022-07-18,Kings,031,150075,56033,55836,3788,59624,449
2022-07-18,Lake,033,64148,11959,11895,1057,12952,142
2022-07-18,Lassen,035,31185,9493,9455,951,10406,64
2022-07-18,Los Angeles,037,10098052,3094550,3068779,159317,3228096,32292
2022-07-18,Madera,039,155013,41074,40902,7233,48135,372
2022-07-18,Marin,041,260295,42418,42153,4831,46984,300
2022-07-18,Mariposa,043,17540,2910,2884,301,3185,30
2022-07-18,Mendocino,045,87422,14997,14890,4011,18901,131
2022-07-18,Merced,047,269075,68456,67775,10287,78062,833
2022-07-18,Modoc,049,8938,832,799,306,1105,9
2022-07-18,Mono,051,14174,3144,3138,212,3350,7
2022-07-18,Monterey,053,433212,89116,88606,18239,106845,747
2022-07-18,Napa,055,140530,30453,30353,1318,31671,145
2022-07-18,Nevada,057,99092,18090,18020,1608,19628,131
2022-07-18,Orange,059,3164182,628077,624998,54722,679720,7173
2022-07-18,Placer,061,380077,71985,71614,8899,80513,639
2022-07-18,Plumas,063,18699,3461,3433,420,3853,13
2022-07-18,Riverside,065,2383286,655946,652192,32096,684288,6510
2022-07-18,Sacramento,067,1510023,326311,324765,31555,356320,3123
2022-07-18,San Benito,069,59416,15105,14966,805,15771,100
2022-07-18,San Bernardino,071,2135413,632722,622760,28166,650926,7921
2022-07-18,San Diego,073,3302833,869481,864434,65810,930244,5375
2022-07-18,San Francisco,075,870044,167135,166241,11158,177399,929
2022-07-18,San Joaquin,077,732212,186596,185319,12790,198109,2262
2022-07-18,San Luis Obispo,079,281455,60014,59727,6213,65940,499
2022-07-18,San Mateo,081,765935,157490,156191,9964,166155,724
2022-07-18,Santa Barbara,083,443738,98861,98322,5906,104228,703
2022-07-18,Santa Clara,085,1922200,405761,398816,17331,416147,2374
2022-07-18,Santa Cruz,087,273765,58481,58004,3027,61031,267
2022-07-18,Shasta,089,179085,33227,33017,6838,39855,576
2022-07-18,Sierra,091,2930,293,292,58,350,4
2022-07-18,Siskiyou,093,43540,4883,4921,3105,8026,84
2022-07-18,Solano,095,438530,98652,97577,7221,104798,459
2022-07-18,Sonoma,097,501317,100854,100304,4724,105028,499
2022-07-18,Stanislaus,099,539301,129910,129200,19980,149180,1695
2022-07-18,Sutter,101,95872,22638,22592,2360,24952,228
2022-07-18,Tehama,103,63373,13001,12923,2852,15775,205
2022-07-18,Trinity,105,12862,1330,1319,334,1653,20
2022-07-18,Tulare,107,460477,115290,115073,31996,147069,1510
2022-07-18,Tuolumne,109,53932,14557,14389,843,15232,196
2022-07-18,Ventura,111,848112,196343,195189,13342,208531,1522
2022-07-18,Yolo,113,214977,45045,44950,3917,48867,325
2022-07-18,Yuba,115,75493,17741,17661,1524,19185,124
2022-07-17,Alameda,001,1643700,322867,318442,18109,336551,1911
2022-07-17,Alpine,003,1148,130,130,1,131,0
2022-07-17,Amador,005,37829,9509,9437,821,10258,87
2022-07-17,Butte,007,227075,37084,36644,8233,44877,440
2022-07-17,Calaveras,009,45235,8044,7994,451,8445,126
2022-07-17,Colusa,011,21464,3635,3617,1165,4782,22
2022-07-17,Contra Costa,013,1133247,234650,228634,18609,247243,1356
2022-07-17,Del Norte,015,27424,7033,6860,360,7220,54
2022-07-17,El Dorado,017,186661,30702,30461,3924,34385,219
2022-07-17,Fresno,019,978130,257571,254088,28118,282206,2790
2022-07-17,Glenn,021,27897,5327,5273,1775,7048,48
2022-07-17,Humboldt,023,135768,20222,20016,4224,24240,150
2022-07-17,Imperial,025,180216,61490,60550,13132,73682,944
2022-07-17,Inyo,027,18085,4363,4343,754,5097,56
2022-07-17,Kern,029,883053,208576,206466,54673,261139,2364
2022-07-17,Kings,031,150075,55896,55432,3765,59197,449
2022-07-17,Lake,033,64148,11927,11835,1053,12888,141
2022-07-17,Lassen,035,31185,9467,9425,947,10372,64
2022-07-17,Los Angeles,037,10098052,3087237,3042708,158518,3201226,32248
2022-07-17,Madera,039,155013,40965,40627,7188,47815,372
2022-07-17,Marin,041,260295,42320,41829,4825,46654,300
2022-07-17,Mariposa,043,17540,2903,2866,301,3167,30
2022-07-17,Mendocino,045,87422,14957,14799,3993,18792,131
2022-07-17,Merced,047,269075,68320,67416,10247,77663,833
2022-07-17,Modoc,049,8938,829,799,306,1105,9
2022-07-17,Mono,051,14174,3142,3131,208,3339,7
2022-07-17,Monterey,053,433212,88923,88118,18169,106287,747
2022-07-17,Napa,055,140530,30394,30176,1317,31493,145
2022-07-17,Nevada,057,99092,18063,17941,1600,19541,131
2022-07-17,Orange,059,3164182,626500,620414,54443,674857,7161
2022-07-17,Placer,061,380077,71896,71232,8880,80112,637
2022-07-17,Plumas,063,18699,3446,3406,420,3826,13
2022-07-17,Riverside,065,2383286,654479,647328,31980,679308,6508
2022-07-17,Sacramento,067,1510023,325647,322788,31496,354284,3119
2022-07-17,San Benito,069,59416,15079,14869,799,15668,100
2022-07-17,San Bernardino,071,2135413,631297,618482,28056,646538,7914
2022-07-17,San Diego,073,3302833,867104,857262,65607,922869,5370
2022-07-17,San Francisco,075,870044,166671,164853,11114,175967,928
2022-07-17,San Joaquin,077,732212,186221,184187,12715,196902,2262
2022-07-17,San Luis Obispo,079,281455,59895,59437,6174,65611,499
2022-07-17,San Mateo,081,765935,157122,154961,9942,164903,723
2022-07-17,Santa Barbara,083,443738,98592,97600,5879,103479,702
2022-07-17,Santa Clara,085,1922200,404699,395466,17277,412743,2371
2022-07-17,Santa Cruz,087,273765,58284,57531,3009,60540,267
2022-07-17,Shasta,089,179085,33174,32871,6812,39683,575
2022-07-17,Sierra,091,2930,293,291,58,349,4
2022-07-17,Siskiyou,093,43540,4877,4899,3091,7990,83
2022-07-17,Solano,095,438530,98451,96974,7196,104170,457
2022-07-17,Sonoma,097,501317,100659,99679,4706,104385,499
2022-07-17,Stanislaus,099,539301,129642,128436,19943,148379,1692
2022-07-17,Sutter,101,95872,22585,22452,2357,24809,228
2022-07-17,Tehama,103,63373,12977,12860,2844,15704,205
2022-07-17,Trinity,105,12862,1327,1304,332,1636,20
2022-07-17,Tulare,107,460477,115068,114399,31903,146302,1510
2022-07-17,Tuolumne,109,53932,14524,14280,835,15115,196
2022-07-17,Ventura,111,848112,195884,193965,13225,207190,1519
2022-07-17,Yolo,113,214977,44967,44703,3900,48603,324
2022-07-17,Yuba,115,75493,17701,17567,1514,19081,124
2022-07-16,Alameda,001,1643700,322452,318442,18092,336534,1911
2022-07-16,Alpine,003,1148,130,130,1,131,0
2022-07-16,Amador,005,37829,9501,9437,821,10258,87
2022-07-16,Butte,007,227075,37063,36644,8218,44862,440
2022-07-16,Calaveras,009,45235,8039,7994,445,8439,126
2022-07-16,Colusa,011,21464,3631,3617,1161,4778,22
2022-07-16,Contra Costa,013,1133247,234341,228634,18558,247192,1356
2022-07-16,Del Norte,015,27424,7022,6860,360,7220,54
2022-07-16,El Dorado,017,186661,30681,30461,3922,34383,219
2022-07-16,Fresno,019,978130,257281,254088,28075,282163,2790
2022-07-16,Glenn,021,27897,5322,5273,1772,7045,48
2022-07-16,Humboldt,023,135768,20191,20016,4212,24228,150
2022-07-16,Imperial,025,180216,61405,60550,13088,73638,944
2022-07-16,Inyo,027,18085,4362,4343,753,5096,56
2022-07-16,Kern,029,883053,208404,206466,54505,260971,2364
2022-07-16,Kings,031,150075,55855,55432,3761,59193,449
2022-07-16,Lake,033,64148,11911,11835,1053,12888,141
2022-07-16,Lassen,035,31185,9465,9425,946,10371,64
2022-07-16,Los Angeles,037,10098052,3083764,3042708,158039,3200747,32248
2022-07-16,Madera,039,155013,40922,40627,7175,47802,372
2022-07-16,Marin,041,260295,42284,41829,4818,46647,300
2022-07-16,Mariposa,043,17540,2901,2866,301,3167,30
2022-07-16,Mendocino,045,87422,14949,14799,3990,18789,131
2022-07-16,Merced,047,269075,68231,67416,10236,77652,833
2022-07-16,Modoc,049,8938,829,799,306,1105,9
2022-07-16,Mono,051,14174,3141,3131,207,3338,7
2022-07-16,Monterey,053,433212,88829,88118,18127,106245,747
2022-07-16,Napa,055,140530,30365,30176,1315,31491,145
2022-07-16,Nevada,057,99092,18049,17941,1593,19534,131
2022-07-16,Orange,059,3164182,625774,620414,54284,674698,7161
2022-07-16,Placer,061,380077,71811,71232,8864,80096,637
2022-07-16,Plumas,063,18699,3442,3406,419,3825,13
2022-07-16,Riverside,065,2383286,653690,647328,31929,679257,6508
2022-07-16,Sacramento,067,1510023,325374,322788,31481,354269,3119
2022-07-16,San Benito,069,59416,15062,14869,795,15664,100
2022-07-16,San Bernardino,071,2135413,630552,618482,27994,646476,7914
2022-07-16,San Diego,073,3302833,866193,857262,65522,922784,5370
2022-07-16,San Francisco,075,870044,166487,164853,11098,175951,928
2022-07-16,San Joaquin,077,732212,186062,184187,12685,196872,2262
2022-07-16,San Luis Obispo,079,281455,59867,59437,6154,65591,499
2022-07-16,San Mateo,081,765935,156881,154961,9932,164893,723
2022-07-16,Santa Barbara,083,443738,98476,97600,5859,103459,702
2022-07-16,Santa Clara,085,1922200,404026,395466,17251,412717,2371
2022-07-16,Santa Cruz,087,273765,58212,57531,3004,60535,267
2022-07-16,Shasta,089,179085,33154,32871,6808,39679,575
2022-07-16,Sierra,091,2930,293,291,58,349,4
2022-07-16,Siskiyou,093,43540,4876,4899,3086,7985,83
2022-07-16,Solano,095,438530,98378,96974,7179,104153,457
2022-07-16,Sonoma,097,501317,100572,99679,4695,104374,499
2022-07-16,Stanislaus,099,539301,129511,128436,19909,148345,1692
2022-07-16,Sutter,101,95872,22562,22452,2356,24808,228
2022-07-16,Tehama,103,63373,12968,12860,2839,15699,205
2022-07-16,Trinity,105,12862,1325,1304,332,1636,20
2022-07-16,Tulare,107,460477,114961,114399,31842,146241,1510
2022-07-16,Tuolumne,109,53932,14500,14280,835,15115,196
2022-07-16,Ventura,111,848112,195658,193965,13184,207149,1519
2022-07-16,Yolo,113,214977,44921,44703,3887,48590,324
2022-07-16,Yuba,115,75493,17677,17567,1514,19081,124
2022-07-15,Alameda,001,1643700,321991,318442,18057,336499,1911
2022-07-15,Alpine,003,1148,130,130,1,131,0
2022-07-15,Amador,005,37829,9498,9437,820,10257,87
2022-07-15,Butte,007,227075,37024,36644,8213,44857,440
2022-07-15,Calaveras,009,45235,8033,7994,441,8435,126
2022-07-15,Colusa,011,21464,3629,3617,1159,4776,22
2022-07-15,Contra Costa,013,1133247,234066,228634,18508,247142,1356
2022-07-15,Del Norte,015,27424,7011,6860,357,7217,54
2022-07-15,El Dorado,017,186661,30653,30461,3919,34380,219
2022-07-15,Fresno,019,978130,256887,254088,28009,282097,2790
2022-07-15,Glenn,021,27897,5319,5273,1769,7042,48
2022-07-15,Humboldt,023,135768,20167,20016,4200,24216,150
2022-07-15,Imperial,025,180216,61331,60550,13046,73596,944
2022-07-15,Inyo,027,18085,4357,4343,748,5091,56
2022-07-15,Kern,029,883053,208189,206466,54334,260800,2364
2022-07-15,Kings,031,150075,55792,55432,3754,59186,449
2022-07-15,Lake,033,64148,11899,11835,1050,12885,141
2022-07-15,Lassen,035,31185,9463,9425,944,10369,64
2022-07-15,Los Angeles,037,10098052,3079572,3042708,157520,3200228,32248
2022-07-15,Madera,039,155013,40859,40627,7156,47783,372
2022-07-15,Marin,041,260295,42224,41829,4807,46636,300
2022-07-15,Mariposa,043,17540,2898,2866,300,3166,30
2022-07-15,Mendocino,045,87422,14925,14799,3985,18784,131
2022-07-15,Merced,047,269075,68170,67416,10227,77643,833
2022-07-15,Modoc,049,8938,828,799,306,1105,9
2022-07-15,Mono,051,14174,3139,3131,206,3337,7
2022-07-15,Monterey,053,433212,88715,88118,18100,106218,747
2022-07-15,Napa,055,140530,30333,30176,1314,31490,145
2022-07-15,Nevada,057,99092,18037,17941,1591,19532,131
2022-07-15,Orange,059,3164182,624930,620414,54106,674520,7161
2022-07-15,Placer,061,380077,71738,71232,8837,80069,637
2022-07-15,Plumas,063,18699,3435,3406,417,3823,13
2022-07-15,Riverside,065,2383286,652864,647328,31867,679195,6508
2022-07-15,Sacramento,067,1510023,325004,322788,31460,354248,3119
2022-07-15,San Benito,069,59416,15047,14869,795,15664,100
2022-07-15,San Bernardino,071,2135413,629805,618482,27953,646435,7914
2022-07-15,San Diego,073,3302833,864919,857262,65357,922619,5370
2022-07-15,San Francisco,075,870044,166236,164853,11056,175909,928
2022-07-15,San Joaquin,077,732212,185884,184187,12647,196834,2262
2022-07-15,San Luis Obispo,079,281455,59835,59437,6142,65579,499
2022-07-15,San Mateo,081,765935,156644,154961,9915,164876,723
2022-07-15,Santa Barbara,083,443738,98347,97600,5852,103452,702
2022-07-15,Santa Clara,085,1922200,403339,395466,17224,412690,2371
2022-07-15,Santa Cruz,087,273765,58122,57531,2992,60523,267
2022-07-15,Shasta,089,179085,33131,32871,6801,39672,575
2022-07-15,Sierra,091,2930,293,291,58,349,4
2022-07-15,Siskiyou,093,43540,4876,4899,3084,7983,83
2022-07-15,Solano,095,438530,98229,96974,7167,104141,457
2022-07-15,Sonoma,097,501317,100449,99679,4686,104365,499
2022-07-15,Stanislaus,099,539301,129387,128436,19889,148325,1692
2022-07-15,Sutter,101,95872,22535,22452,2355,24807,228
2022-07-15,Tehama,103,63373,12961,12860,2831,15691,205
2022-07-15,Trinity,105,12862,1321,1304,332,1636,20
2022-07-15,Tulare,107,460477,114810,114399,31757,146156,1510
2022-07-15,Tuolumne,109,53932,14457,14280,832,15112,196
2022-07-15,Ventura,111,848112,195432,193965,13145,207110,1519
2022-07-15,Yolo,113,214977,44875,44703,3876,48579,324
2022-07-15,Yuba,115,75493,17651,17567,1514,19081,124
2022-07-14,Alameda,001,1643700,321228,318442,17996,336438,1911
2022-07-14,Alpine,003,1148,130,130,1,131,0
2022-07-14,Amador,005,37829,9485,9437,814,10251,87
2022-07-14,Butte,007,227075,36984,36644,8207,44851,440
2022-07-14,Calaveras,009,45235,8026,7994,437,8431,126
2022-07-14,Colusa,011,21464,3629,3617,1157,4774,22
2022-07-14,Contra Costa,013,1133247,233623,228634,18421,247055,1356
2022-07-14,Del Norte,015,27424,6990,6860,355,7215,54
2022-07-14,El Dorado,017,186661,30617,30461,3910,34371,219
2022-07-14,Fresno,019,978130,256352,254088,27914,282002,2790
2022-07-14,Glenn,021,27897,5310,5273,1766,7039,48
2022-07-14,Humboldt,023,135768,20127,20016,4185,24201,150
2022-07-14,Imperial,025,180216,61152,60550,12930,73480,944
2022-07-14,Inyo,027,18085,4355,4343,743,5086,56
2022-07-14,Kern,029,883053,207860,206466,54135,260601,2364
2022-07-14,Kings,031,150075,55697,55432,3743,59175,449
2022-07-14,Lake,033,64148,11883,11835,1048,12883,141
2022-07-14,Lassen,035,31185,9458,9425,943,10368,64
2022-07-14,Los Angeles,037,10098052,3073378,3042708,156804,3199512,32248
2022-07-14,Madera,039,155013,40785,40627,7098,47725,372
2022-07-14,Marin,041,260295,42133,41829,4802,46631,300
2022-07-14,Mariposa,043,17540,2892,2866,295,3161,30
2022-07-14,Mendocino,045,87422,14911,14799,3979,18778,131
2022-07-14,Merced,047,269075,68077,67416,10200,77616,833
2022-07-14,Modoc,049,8938,828,799,306,1105,9
2022-07-14,Mono,051,14174,3138,3131,206,3337,7
2022-07-14,Monterey,053,433212,88598,88118,18022,106140,747
2022-07-14,Napa,055,140530,30289,30176,1310,31486,145
2022-07-14,Nevada,057,99092,18012,17941,1582,19523,131
2022-07-14,Orange,059,3164182,623664,620414,53870,674284,7161
2022-07-14,Placer,061,380077,71628,71232,8817,80049,637
2022-07-14,Plumas,063,18699,3426,3406,416,3822,13
2022-07-14,Riverside,065,2383286,651630,647328,31793,679121,6508
2022-07-14,Sacramento,067,1510023,324454,322788,31418,354206,3119
2022-07-14,San Benito,069,59416,15017,14869,791,15660,100
2022-07-14,San Bernardino,071,2135413,628649,618482,27875,646357,7914
2022-07-14,San Diego,073,3302833,863042,857262,65128,922390,5370
2022-07-14,San Francisco,075,870044,165895,164853,11009,175862,928
2022-07-14,San Joaquin,077,732212,185572,184187,12606,196793,2262
2022-07-14,San Luis Obispo,079,281455,59748,59437,6096,65533,499
2022-07-14,San Mateo,081,765935,156354,154961,9893,164854,723
2022-07-14,Santa Barbara,083,443738,98168,97600,5840,103440,702
2022-07-14,Santa Clara,085,1922200,402478,395466,17181,412647,2371
2022-07-14,Santa Cruz,087,273765,58030,57531,2978,60509,267
2022-07-14,Shasta,089,179085,33083,32871,6789,39660,575
2022-07-14,Sierra,091,2930,293,291,58,349,4
2022-07-14,Siskiyou,093,43540,4869,4899,3076,7975,83
2022-07-14,Solano,095,438530,98051,96974,7153,104127,457
2022-07-14,Sonoma,097,501317,100316,99679,4663,104342,499
2022-07-14,Stanislaus,099,539301,129180,128436,19857,148293,1692
2022-07-14,Sutter,101,95872,22509,22452,2354,24806,228
2022-07-14,Tehama,103,63373,12938,12860,2826,15686,205
2022-07-14,Trinity,105,12862,1321,1304,328,1632,20
2022-07-14,Tulare,107,460477,114681,114399,31658,146057,1510
2022-07-14,Tuolumne,109,53932,14417,14280,828,15108,196
2022-07-14,Ventura,111,848112,195083,193965,13071,207036,1519
2022-07-14,Yolo,113,214977,44810,44703,3861,48564,324
2022-07-14,Yuba,115,75493,17619,17567,1505,19072,124
2022-07-13,Alameda,001,1643700,320528,316026,17958,333984,1911
2022-07-13,Alpine,003,1148,130,129,1,130,0
2022-07-13,Amador,005,37829,9474,9388,813,10201,87
2022-07-13,Butte,007,227075,36928,36405,8193,44598,439
2022-07-13,Calaveras,009,45235,8013,7945,436,8381,125
2022-07-13,Colusa,011,21464,3624,3606,1157,4763,22
2022-07-13,Contra Costa,013,1133247,233144,226833,18334,245167,1356
2022-07-13,Del Norte,015,27424,6971,6790,355,7145,54
2022-07-13,El Dorado,017,186661,30568,30273,3904,34177,218
2022-07-13,Fresno,019,978130,255795,252573,27801,280374,2786
2022-07-13,Glenn,021,27897,5306,5256,1765,7021,48
2022-07-13,Humboldt,023,135768,20094,19854,4170,24024,150
2022-07-13,Imperial,025,180216,60998,60011,12848,72859,944
2022-07-13,Inyo,027,18085,4354,4324,738,5062,56
2022-07-13,Kern,029,883053,207449,205428,53901,259329,2359
2022-07-13,Kings,031,150075,55587,55138,3734,58872,449
2022-07-13,Lake,033,64148,11865,11773,1047,12820,140
2022-07-13,Lassen,035,31185,9436,9381,942,10323,64
2022-07-13,Los Angeles,037,10098052,3066703,3024953,156095,3181048,32206
2022-07-13,Madera,039,155013,40718,40378,7070,47448,372
2022-07-13,Marin,041,260295,42066,41616,4794,46410,300
2022-07-13,Mariposa,043,17540,2887,2847,294,3141,30
2022-07-13,Mendocino,045,87422,14891,14713,3962,18675,128
2022-07-13,Merced,047,269075,67943,67028,10169,77197,832
2022-07-13,Modoc,049,8938,827,791,305,1096,9
2022-07-13,Mono,051,14174,3137,3131,202,3333,7
2022-07-13,Monterey,053,433212,88455,87575,17945,105520,745
2022-07-13,Napa,055,140530,30250,30032,1308,31340,145
2022-07-13,Nevada,057,99092,17994,17849,1574,19423,131
2022-07-13,Orange,059,3164182,622285,616278,53621,669899,7147
2022-07-13,Placer,061,380077,71520,70890,8803,79693,637
2022-07-13,Plumas,063,18699,3418,3354,415,3769,13
2022-07-13,Riverside,065,2383286,650421,643472,31695,675167,6504
2022-07-13,Sacramento,067,1510023,323925,321076,31377,352453,3114
2022-07-13,San Benito,069,59416,14990,14774,785,15559,100
2022-07-13,San Bernardino,071,2135413,627462,614957,27778,642735,7907
2022-07-13,San Diego,073,3302833,861135,851596,64896,916492,5363
2022-07-13,San Francisco,075,870044,165490,163635,10981,174616,919
2022-07-13,San Joaquin,077,732212,185244,183283,12563,195846,2260
2022-07-13,San Luis Obispo,079,281455,59642,59134,6048,65182,498
2022-07-13,San Mateo,081,765935,156011,153875,9876,163751,723
2022-07-13,Santa Barbara,083,443738,97989,97053,5827,102880,699
2022-07-13,Santa Clara,085,1922200,401586,392415,17141,409556,2365
2022-07-13,Santa Cruz,087,273765,57894,57124,2971,60095,267
2022-07-13,Shasta,089,179085,33025,32708,6774,39482,574
2022-07-13,Sierra,091,2930,293,289,58,347,4
2022-07-13,Siskiyou,093,43540,4864,4873,3074,7947,82
2022-07-13,Solano,095,438530,97846,96479,7127,103606,455
2022-07-13,Sonoma,097,501317,100158,99173,4646,103819,499
2022-07-13,Stanislaus,099,539301,128981,127845,19800,147645,1689
2022-07-13,Sutter,101,95872,22463,22331,2352,24683,228
2022-07-13,Tehama,103,63373,12925,12793,2823,15616,205
2022-07-13,Trinity,105,12862,1320,1293,326,1619,20
2022-07-13,Tulare,107,460477,114488,113830,31565,145395,1508
2022-07-13,Tuolumne,109,53932,14393,14159,823,14982,194
2022-07-13,Ventura,111,848112,194746,192923,12988,205911,1518
2022-07-13,Yolo,113,214977,44749,44447,3851,48298,326
2022-07-13,Yuba,115,75493,17592,17464,1497,18961,124
2022-07-12,Alameda,001,1643700,319754,316026,17918,333944,1911
2022-07-12,Alpine,003,1148,130,129,1,130,0
2022-07-12,Amador,005,37829,9441,9388,806,10194,87
2022-07-12,Butte,007,227075,36871,36405,8174,44579,439
2022-07-12,Calaveras,009,45235,7998,7945,434,8379,125
2022-07-12,Colusa,011,21464,3622,3606,1154,4760,22
2022-07-12,Contra Costa,013,1133247,232641,226833,18258,245091,1356
2022-07-12,Del Norte,015,27424,6924,6790,352,7142,54
2022-07-12,El Dorado,017,186661,30528,30273,3898,34171,218
2022-07-12,Fresno,019,978130,255248,252573,27711,280284,2786
2022-07-12,Glenn,021,27897,5302,5256,1761,7017,48
2022-07-12,Humboldt,023,135768,20044,19854,4153,24007,150
2022-07-12,Imperial,025,180216,60822,60011,12748,72759,944
2022-07-12,Inyo,027,18085,4346,4324,738,5062,56
2022-07-12,Kern,029,883053,207119,205428,53691,259119,2359
2022-07-12,Kings,031,150075,55476,55138,3724,58862,449
2022-07-12,Lake,033,64148,11853,11773,1042,12815,140
2022-07-12,Lassen,035,31185,9422,9381,936,10317,64
2022-07-12,Los Angeles,037,10098052,3059883,3024953,155394,3180347,32206
2022-07-12,Madera,039,155013,40632,40378,7055,47433,372
2022-07-12,Marin,041,260295,41991,41616,4784,46400,300
2022-07-12,Mariposa,043,17540,2876,2847,294,3141,30
2022-07-12,Mendocino,045,87422,14851,14713,3938,18651,128
2022-07-12,Merced,047,269075,67835,67028,10136,77164,832
2022-07-12,Modoc,049,8938,825,791,302,1093,9
2022-07-12,Mono,051,14174,3134,3131,202,3333,7
2022-07-12,Monterey,053,433212,88302,87575,17857,105432,745
2022-07-12,Napa,055,140530,30196,30032,1305,31337,145
2022-07-12,Nevada,057,99092,17972,17849,1567,19416,131
2022-07-12,Orange,059,3164182,620879,616278,53359,669637,7147
2022-07-12,Placer,061,380077,71410,70890,8788,79678,637
2022-07-12,Plumas,063,18699,3412,3354,414,3768,13
2022-07-12,Riverside,065,2383286,649138,643472,31600,675072,6504
2022-07-12,Sacramento,067,1510023,323327,321076,31338,352414,3114
2022-07-12,San Benito,069,59416,14944,14774,779,15553,100
2022-07-12,San Bernardino,071,2135413,626135,614957,27690,642647,7907
2022-07-12,San Diego,073,3302833,858774,851596,64664,916260,5363
2022-07-12,San Francisco,075,870044,165082,163635,10957,174592,919
2022-07-12,San Joaquin,077,732212,184932,183283,12505,195788,2260
2022-07-12,San Luis Obispo,079,281455,59564,59134,6018,65152,498
2022-07-12,San Mateo,081,765935,155612,153875,9857,163732,723
2022-07-12,Santa Barbara,083,443738,97774,97053,5810,102863,699
2022-07-12,Santa Clara,085,1922200,400622,392415,17098,409513,2365
2022-07-12,Santa Cruz,087,273765,57757,57124,2962,60086,267
2022-07-12,Shasta,089,179085,32962,32708,6755,39463,574
2022-07-12,Sierra,091,2930,292,289,58,347,4
2022-07-12,Siskiyou,093,43540,4855,4873,3072,7945,82
2022-07-12,Solano,095,438530,97630,96479,7102,103581,455
2022-07-12,Sonoma,097,501317,99996,99173,4618,103791,499
2022-07-12,Stanislaus,099,539301,128733,127845,19762,147607,1689
2022-07-12,Sutter,101,95872,22429,22331,2350,24681,228
2022-07-12,Tehama,103,63373,12905,12793,2816,15609,205
2022-07-12,Trinity,105,12862,1312,1293,326,1619,20
2022-07-12,Tulare,107,460477,114295,113830,31465,145295,1508
2022-07-12,Tuolumne,109,53932,14359,14159,819,14978,194
2022-07-12,Ventura,111,848112,194414,192923,12888,205811,1518
2022-07-12,Yolo,113,214977,44679,44447,3843,48290,326
2022-07-12,Yuba,115,75493,17564,17464,1484,18948,124
2022-07-11,Alameda,001,1643700,318840,316026,17859,333885,1911
2022-07-11,Alpine,003,1148,130,129,1,130,0
2022-07-11,Amador,005,37829,9433,9388,800,10188,87
2022-07-11,Butte,007,227075,36811,36405,8155,44560,439
2022-07-11,Calaveras,009,45235,7982,7945,432,8377,125
2022-07-11,Colusa,011,21464,3618,3606,1151,4757,22
2022-07-11,Contra Costa,013,1133247,232163,226833,18198,245031,1356
2022-07-11,Del Norte,015,27424,6893,6790,342,7132,54
2022-07-11,El Dorado,017,186661,30471,30273,3887,34160,218
2022-07-11,Fresno,019,978130,254575,252573,27628,280201,2786
2022-07-11,Glenn,021,27897,5299,5256,1759,7015,48
2022-07-11,Humboldt,023,135768,19985,19854,4134,23988,150
2022-07-11,Imperial,025,180216,60663,60011,12637,72648,944
2022-07-11,Inyo,027,18085,4343,4324,734,5058,56
2022-07-11,Kern,029,883053,206781,205428,53489,258917,2359
2022-07-11,Kings,031,150075,55328,55138,3714,58852,449
2022-07-11,Lake,033,64148,11827,11773,1040,12813,140
2022-07-11,Lassen,035,31185,9416,9381,936,10317,64
2022-07-11,Los Angeles,037,10098052,3052737,3024953,154595,3179548,32206
2022-07-11,Madera,039,155013,40546,40378,7010,47388,372
2022-07-11,Marin,041,260295,41902,41616,4775,46391,300
2022-07-11,Mariposa,043,17540,2868,2847,292,3139,30
2022-07-11,Mendocino,045,87422,14812,14713,3924,18637,128
2022-07-11,Merced,047,269075,67710,67028,10101,77129,832
2022-07-11,Modoc,049,8938,819,791,300,1091,9
2022-07-11,Mono,051,14174,3134,3131,201,3332,7
2022-07-11,Monterey,053,433212,88136,87575,17788,105363,745
2022-07-11,Napa,055,140530,30135,30032,1305,31337,145
2022-07-11,Nevada,057,99092,17955,17849,1565,19414,131
2022-07-11,Orange,059,3164182,619300,616278,53097,669375,7147
2022-07-11,Placer,061,380077,71301,70890,8773,79663,637
2022-07-11,Plumas,063,18699,3401,3354,412,3766,13
2022-07-11,Riverside,065,2383286,647701,643472,31515,674987,6504
2022-07-11,Sacramento,067,1510023,322781,321076,31292,352368,3114
2022-07-11,San Benito,069,59416,14908,14774,775,15549,100
2022-07-11,San Bernardino,071,2135413,624758,614957,27599,642556,7907
2022-07-11,San Diego,073,3302833,856394,851596,64419,916015,5363
2022-07-11,San Francisco,075,870044,164654,163635,10929,174564,919
2022-07-11,San Joaquin,077,732212,184552,183283,12459,195742,2260
2022-07-11,San Luis Obispo,079,281455,59455,59134,5986,65120,498
2022-07-11,San Mateo,081,765935,155210,153875,9822,163697,723
2022-07-11,Santa Barbara,083,443738,97565,97053,5797,102850,699
2022-07-11,Santa Clara,085,1922200,399553,392415,17044,409459,2365
2022-07-11,Santa Cruz,087,273765,57607,57124,2948,60072,267
2022-07-11,Shasta,089,179085,32904,32708,6725,39433,574
2022-07-11,Sierra,091,2930,292,289,58,347,4
2022-07-11,Siskiyou,093,43540,4849,4873,3065,7938,82
2022-07-11,Solano,095,438530,97417,96479,7084,103563,455
2022-07-11,Sonoma,097,501317,99801,99173,4598,103771,499
2022-07-11,Stanislaus,099,539301,128508,127845,19722,147567,1689
2022-07-11,Sutter,101,95872,22387,22331,2343,24674,228
2022-07-11,Tehama,103,63373,12891,12793,2809,15602,205
2022-07-11,Trinity,105,12862,1310,1293,325,1618,20
2022-07-11,Tulare,107,460477,114108,113830,31360,145190,1508
2022-07-11,Tuolumne,109,53932,14319,14159,817,14976,194
2022-07-11,Ventura,111,848112,194018,192923,12800,205723,1518
2022-07-11,Yolo,113,214977,44613,44447,3828,48275,326
2022-07-11,Yuba,115,75493,17528,17464,1481,18945,124
2022-07-10,Alameda,001,1643700,317841,312651,17779,330430,1912
2022-07-10,Alpine,003,1148,130,129,1,130,0
2022-07-10,Amador,005,37829,9423,9335,797,10132,87
2022-07-10,Butte,007,227075,36712,36165,8133,44298,438
2022-07-10,Calaveras,009,45235,7973,7895,431,8326,125
2022-07-10,Colusa,011,21464,3614,3586,1143,4729,22
2022-07-10,Contra Costa,013,1133247,231551,224718,18104,242822,1351
2022-07-10,Del Norte,015,27424,6853,6666,336,7002,54
2022-07-10,El Dorado,017,186661,30387,30070,3879,33949,218
2022-07-10,Fresno,019,978130,253898,250379,27534,277913,2786
2022-07-10,Glenn,021,27897,5294,5231,1755,6986,48
2022-07-10,Humboldt,023,135768,19926,19677,4120,23797,149
2022-07-10,Imperial,025,180216,60439,59558,12496,72054,944
2022-07-10,Inyo,027,18085,4338,4297,728,5025,56
2022-07-10,Kern,029,883053,206266,204128,53249,257377,2359
2022-07-10,Kings,031,150075,55152,54725,3708,58433,449
2022-07-10,Lake,033,64148,11802,11685,1037,12722,140
2022-07-10,Lassen,035,31185,9401,9362,934,10296,64
2022-07-10,Los Angeles,037,10098052,3045428,3002013,153769,3155782,32151
2022-07-10,Madera,039,155013,40438,40081,6976,47057,372
2022-07-10,Marin,041,260295,41805,41271,4766,46037,302
2022-07-10,Mariposa,043,17540,2861,2805,288,3093,30
2022-07-10,Mendocino,045,87422,14782,14610,3907,18517,128
2022-07-10,Merced,047,269075,67553,66616,10044,76660,832
2022-07-10,Modoc,049,8938,818,789,292,1081,9
2022-07-10,Mono,051,14174,3133,3119,199,3318,7
2022-07-10,Monterey,053,433212,87945,87002,17708,104710,745
2022-07-10,Napa,055,140530,30072,29807,1303,31110,145
2022-07-10,Nevada,057,99092,17894,17693,1556,19249,131
2022-07-10,Orange,059,3164182,617601,610975,52775,663750,7132
2022-07-10,Placer,061,380077,71184,70401,8754,79155,632
2022-07-10,Plumas,063,18699,3388,3339,408,3747,13
2022-07-10,Riverside,065,2383286,646108,638193,31385,669578,6506
2022-07-10,Sacramento,067,1510023,322075,318556,31218,349774,3108
2022-07-10,San Benito,069,59416,14872,14628,764,15392,100
2022-07-10,San Bernardino,071,2135413,623297,610086,27518,637604,7893
2022-07-10,San Diego,073,3302833,853901,844085,64148,908233,5357
2022-07-10,San Francisco,075,870044,164106,161931,10855,172786,914
2022-07-10,San Joaquin,077,732212,184175,181958,12398,194356,2257
2022-07-10,San Luis Obispo,079,281455,59334,58636,5947,64583,498
2022-07-10,San Mateo,081,765935,154742,152319,9794,162113,723
2022-07-10,Santa Barbara,083,443738,97332,96266,5771,102037,697
2022-07-10,Santa Clara,085,1922200,398416,388270,16983,405253,2360
2022-07-10,Santa Cruz,087,273765,57417,56455,2931,59386,266
2022-07-10,Shasta,089,179085,32837,32536,6702,39238,576
2022-07-10,Sierra,091,2930,290,291,58,349,4
2022-07-10,Siskiyou,093,43540,4846,4855,3052,7907,82
2022-07-10,Solano,095,438530,97167,95651,7051,102702,455
2022-07-10,Sonoma,097,501317,99598,98430,4566,102996,496
2022-07-10,Stanislaus,099,539301,128268,126897,19679,146576,1686
2022-07-10,Sutter,101,95872,22338,22165,2342,24507,228
2022-07-10,Tehama,103,63373,12864,12716,2796,15512,205
2022-07-10,Trinity,105,12862,1304,1272,323,1595,20
2022-07-10,Tulare,107,460477,113853,113002,31264,144266,1508
2022-07-10,Tuolumne,109,53932,14284,14019,809,14828,194
2022-07-10,Ventura,111,848112,193543,191462,12696,204158,1518
2022-07-10,Yolo,113,214977,44535,44152,3813,47965,323
2022-07-10,Yuba,115,75493,17489,17345,1479,18824,125
2022-07-09,Alameda,001,1643700,317354,312651,17755,330406,1912
2022-07-09,Alpine,003,1148,130,129,1,130,0
2022-07-09,Amador,005,37829,9415,9335,795,10130,87
2022-07-09,Butte,007,227075,36666,36165,8119,44284,438
2022-07-09,Calaveras,009,45235,7958,7895,430,8325,125
2022-07-09,Colusa,011,21464,3613,3586,1142,4728,22
2022-07-09,Contra Costa,013,1133247,231243,224718,18046,242764,1351
2022-07-09,Del Norte,015,27424,6845,6666,336,7002,54
2022-07-09,El Dorado,017,186661,30344,30070,3874,33944,218
2022-07-09,Fresno,019,978130,253636,250379,27494,277873,2786
2022-07-09,Glenn,021,27897,5287,5231,1755,6986,48
2022-07-09,Humboldt,023,135768,19908,19677,4110,23787,149
2022-07-09,Imperial,025,180216,60360,59558,12443,72001,944
2022-07-09,Inyo,027,18085,4333,4297,727,5024,56
2022-07-09,Kern,029,883053,206084,204128,53106,257234,2359
2022-07-09,Kings,031,150075,55113,54725,3706,58431,449
2022-07-09,Lake,033,64148,11794,11685,1036,12721,140
2022-07-09,Lassen,035,31185,9400,9362,934,10296,64
2022-07-09,Los Angeles,037,10098052,3041920,3002013,153274,3155287,32151
2022-07-09,Madera,039,155013,40398,40081,6968,47049,372
2022-07-09,Marin,041,260295,41749,41271,4755,46026,302
2022-07-09,Mariposa,043,17540,2856,2805,288,3093,30
2022-07-09,Mendocino,045,87422,14767,14610,3897,18507,128
2022-07-09,Merced,047,269075,67501,66616,10039,76655,832
2022-07-09,Modoc,049,8938,818,789,288,1077,9
2022-07-09,Mono,051,14174,3132,3119,199,3318,7
2022-07-09,Monterey,053,433212,87848,87002,17658,104660,745
2022-07-09,Napa,055,140530,30040,29807,1300,31107,145
2022-07-09,Nevada,057,99092,17882,17693,1552,19245,131
2022-07-09,Orange,059,3164182,616739,610975,52600,663575,7132
2022-07-09,Placer,061,380077,71095,70401,8746,79147,632
2022-07-09,Plumas,063,18699,3381,3339,406,3745,13
2022-07-09,Riverside,065,2383286,645212,638193,31330,669523,6506
2022-07-09,Sacramento,067,1510023,321773,318556,31199,349755,3108
2022-07-09,San Benito,069,59416,14852,14628,763,15391,100
2022-07-09,San Bernardino,071,2135413,622578,610086,27467,637553,7893
2022-07-09,San Diego,073,3302833,852993,844085,64060,908145,5357
2022-07-09,San Francisco,075,870044,163877,161931,10834,172765,914
2022-07-09,San Joaquin,077,732212,184007,181958,12369,194327,2257
2022-07-09,San Luis Obispo,079,281455,59277,58636,5928,64564,498
2022-07-09,San Mateo,081,765935,154498,152319,9778,162097,723
2022-07-09,Santa Barbara,083,443738,97199,96266,5761,102027,697
2022-07-09,Santa Clara,085,1922200,397680,388270,16954,405224,2360
2022-07-09,Santa Cruz,087,273765,57340,56455,2922,59377,266
2022-07-09,Shasta,089,179085,32815,32536,6692,39228,576
2022-07-09,Sierra,091,2930,290,291,58,349,4
2022-07-09,Siskiyou,093,43540,4843,4855,3050,7905,82
2022-07-09,Solano,095,438530,97082,95651,7036,102687,455
2022-07-09,Sonoma,097,501317,99510,98430,4560,102990,496
2022-07-09,Stanislaus,099,539301,128105,126897,19648,146545,1686
2022-07-09,Sutter,101,95872,22310,22165,2342,24507,228
2022-07-09,Tehama,103,63373,12848,12716,2787,15503,205
2022-07-09,Trinity,105,12862,1304,1272,322,1594,20
2022-07-09,Tulare,107,460477,113743,113002,31206,144208,1508
2022-07-09,Tuolumne,109,53932,14246,14019,807,14826,194
2022-07-09,Ventura,111,848112,193281,191462,12649,204111,1518
2022-07-09,Yolo,113,214977,44485,44152,3799,47951,323
2022-07-09,Yuba,115,75493,17466,17345,1479,18824,125
2022-07-08,Alameda,001,1643700,316831,312651,17712,330363,1912
2022-07-08,Alpine,003,1148,130,129,1,130,0
2022-07-08,Amador,005,37829,9405,9335,793,10128,87
2022-07-08,Butte,007,227075,36635,36165,8105,44270,438
2022-07-08,Calaveras,009,45235,7943,7895,430,8325,125
2022-07-08,Colusa,011,21464,3609,3586,1142,4728,22
2022-07-08,Contra Costa,013,1133247,230892,224718,17997,242715,1351
2022-07-08,Del Norte,015,27424,6834,6666,334,7000,54
2022-07-08,El Dorado,017,186661,30319,30070,3867,33937,218
2022-07-08,Fresno,019,978130,253267,250379,27441,277820,2786
2022-07-08,Glenn,021,27897,5282,5231,1752,6983,48
2022-07-08,Humboldt,023,135768,19895,19677,4099,23776,149
2022-07-08,Imperial,025,180216,60272,59558,12403,71961,944
2022-07-08,Inyo,027,18085,4332,4297,723,5020,56
2022-07-08,Kern,029,883053,205838,204128,52968,257096,2359
2022-07-08,Kings,031,150075,55071,54725,3705,58430,449
2022-07-08,Lake,033,64148,11777,11685,1033,12718,140
2022-07-08,Lassen,035,31185,9394,9362,933,10295,64
2022-07-08,Los Angeles,037,10098052,3037640,3002013,152689,3154702,32151
2022-07-08,Madera,039,155013,40344,40081,6954,47035,372
2022-07-08,Marin,041,260295,41663,41271,4739,46010,302
2022-07-08,Mariposa,043,17540,2853,2805,287,3092,30
2022-07-08,Mendocino,045,87422,14749,14610,3893,18503,128
2022-07-08,Merced,047,269075,67433,66616,10029,76645,832
2022-07-08,Modoc,049,8938,818,789,288,1077,9
2022-07-08,Mono,051,14174,3130,3119,198,3317,7
2022-07-08,Monterey,053,433212,87720,87002,17628,104630,745
2022-07-08,Napa,055,140530,30016,29807,1299,31106,145
2022-07-08,Nevada,057,99092,17874,17693,1550,19243,131
2022-07-08,Orange,059,3164182,615839,610975,52410,663385,7132
2022-07-08,Placer,061,380077,71020,70401,8732,79133,632
2022-07-08,Plumas,063,18699,3376,3339,406,3745,13
2022-07-08,Riverside,065,2383286,644300,638193,31272,669465,6506
2022-07-08,Sacramento,067,1510023,321335,318556,31177,349733,3108
2022-07-08,San Benito,069,59416,14835,14628,760,15388,100
2022-07-08,San Bernardino,071,2135413,621821,610086,27424,637510,7893
2022-07-08,San Diego,073,3302833,851740,844085,63894,907979,5357
2022-07-08,San Francisco,075,870044,163612,161931,10807,172738,914
2022-07-08,San Joaquin,077,732212,183834,181958,12353,194311,2257
2022-07-08,San Luis Obispo,079,281455,59241,58636,5913,64549,498
2022-07-08,San Mateo,081,765935,154202,152319,9764,162083,723
2022-07-08,Santa Barbara,083,443738,97072,96266,5757,102023,697
2022-07-08,Santa Clara,085,1922200,396904,388270,16933,405203,2360
2022-07-08,Santa Cruz,087,273765,57252,56455,2914,59369,266
2022-07-08,Shasta,089,179085,32785,32536,6684,39220,576
2022-07-08,Sierra,091,2930,290,291,58,349,4
2022-07-08,Siskiyou,093,43540,4841,4855,3047,7902,82
2022-07-08,Solano,095,438530,96964,95651,7022,102673,455
2022-07-08,Sonoma,097,501317,99364,98430,4543,102973,496
2022-07-08,Stanislaus,099,539301,127967,126897,19635,146532,1686
2022-07-08,Sutter,101,95872,22285,22165,2341,24506,228
2022-07-08,Tehama,103,63373,12836,12716,2785,15501,205
2022-07-08,Trinity,105,12862,1302,1272,321,1593,20
2022-07-08,Tulare,107,460477,113623,113002,31138,144140,1508
2022-07-08,Tuolumne,109,53932,14215,14019,801,14820,194
2022-07-08,Ventura,111,848112,193042,191462,12610,204072,1518
2022-07-08,Yolo,113,214977,44433,44152,3787,47939,323
2022-07-08,Yuba,115,75493,17450,17345,1478,18823,125
2022-07-07,Alameda,001,1643700,316025,312651,17665,330316,1912
2022-07-07,Alpine,003,1148,129,129,1,130,0
2022-07-07,Amador,005,37829,9389,9335,786,10121,87
2022-07-07,Butte,007,227075,36571,36165,8085,44250,438
2022-07-07,Calaveras,009,45235,7934,7895,425,8320,125
2022-07-07,Colusa,011,21464,3604,3586,1141,4727,22
2022-07-07,Contra Costa,013,1133247,230345,224718,17921,242639,1351
2022-07-07,Del Norte,015,27424,6808,6666,330,6996,54
2022-07-07,El Dorado,017,186661,30268,30070,3856,33926,218
2022-07-07,Fresno,019,978130,252717,250379,27337,277716,2786
2022-07-07,Glenn,021,27897,5276,5231,1750,6981,48
2022-07-07,Humboldt,023,135768,19850,19677,4083,23760,149
2022-07-07,Imperial,025,180216,60097,59558,12293,71851,944
2022-07-07,Inyo,027,18085,4328,4297,715,5012,56
2022-07-07,Kern,029,883053,205538,204128,52761,256889,2359
2022-07-07,Kings,031,150075,54994,54725,3701,58426,449
2022-07-07,Lake,033,64148,11756,11685,1033,12718,140
2022-07-07,Lassen,035,31185,9393,9362,933,10295,64
2022-07-07,Los Angeles,037,10098052,3031300,3002013,151998,3154011,32151
2022-07-07,Madera,039,155013,40264,40081,6938,47019,372
2022-07-07,Marin,041,260295,41585,41271,4728,45999,302
2022-07-07,Mariposa,043,17540,2846,2805,284,3089,30
2022-07-07,Mendocino,045,87422,14732,14610,3888,18498,128
2022-07-07,Merced,047,269075,67319,66616,9996,76612,832
2022-07-07,Modoc,049,8938,813,789,285,1074,9
2022-07-07,Mono,051,14174,3129,3119,196,3315,7
2022-07-07,Monterey,053,433212,87560,87002,17565,104567,745
2022-07-07,Napa,055,140530,29946,29807,1291,31098,145
2022-07-07,Nevada,057,99092,17844,17693,1545,19238,131
2022-07-07,Orange,059,3164182,614450,610975,52197,663172,7132
2022-07-07,Placer,061,380077,70910,70401,8707,79108,632
2022-07-07,Plumas,063,18699,3369,3339,405,3744,13
2022-07-07,Riverside,065,2383286,642977,638193,31209,669402,6506
2022-07-07,Sacramento,067,1510023,320699,318556,31128,349684,3108
2022-07-07,San Benito,069,59416,14805,14628,760,15388,100
2022-07-07,San Bernardino,071,2135413,620520,610086,27360,637446,7893
2022-07-07,San Diego,073,3302833,849826,844085,63663,907748,5357
2022-07-07,San Francisco,075,870044,163230,161931,10754,172685,914
2022-07-07,San Joaquin,077,732212,183498,181958,12302,194260,2257
2022-07-07,San Luis Obispo,079,281455,59162,58636,5881,64517,498
2022-07-07,San Mateo,081,765935,153854,152319,9755,162074,723
2022-07-07,Santa Barbara,083,443738,96878,96266,5742,102008,697
2022-07-07,Santa Clara,085,1922200,395915,388270,16886,405156,2360
2022-07-07,Santa Cruz,087,273765,57096,56455,2900,59355,266
2022-07-07,Shasta,089,179085,32750,32536,6667,39203,576
2022-07-07,Sierra,091,2930,289,291,57,348,4
2022-07-07,Siskiyou,093,43540,4835,4855,3042,7897,82
2022-07-07,Solano,095,438530,96690,95651,7009,102660,455
2022-07-07,Sonoma,097,501317,99227,98430,4524,102954,496
2022-07-07,Stanislaus,099,539301,127767,126897,19598,146495,1686
2022-07-07,Sutter,101,95872,22239,22165,2339,24504,228
2022-07-07,Tehama,103,63373,12819,12716,2776,15492,205
2022-07-07,Trinity,105,12862,1297,1272,320,1592,20
2022-07-07,Tulare,107,460477,113415,113002,31045,144047,1508
2022-07-07,Tuolumne,109,53932,14178,14019,796,14815,194
2022-07-07,Ventura,111,848112,192722,191462,12529,203991,1518
2022-07-07,Yolo,113,214977,44376,44152,3774,47926,323
2022-07-07,Yuba,115,75493,17416,17345,1476,18821,125
2022-07-06,Alameda,001,1643700,315192,310551,17622,328173,1899
2022-07-06,Alpine,003,1148,129,129,1,130,0
2022-07-06,Amador,005,37829,9370,9301,786,10087,87
2022-07-06,Butte,007,227075,36507,36053,8069,44122,436
2022-07-06,Calaveras,009,45235,7925,7873,423,8296,124
2022-07-06,Colusa,011,21464,3601,3579,1140,4719,22
2022-07-06,Contra Costa,013,1133247,229829,223500,17866,241366,1348
2022-07-06,Del Norte,015,27424,6778,6623,328,6951,54
2022-07-06,El Dorado,017,186661,30223,29953,3844,33797,218
2022-07-06,Fresno,019,978130,252158,249480,27254,276734,2786
2022-07-06,Glenn,021,27897,5271,5222,1750,6972,48
2022-07-06,Humboldt,023,135768,19803,19608,4072,23680,149
2022-07-06,Imperial,025,180216,59897,59184,12205,71389,944
2022-07-06,Inyo,027,18085,4322,4282,709,4991,56
2022-07-06,Kern,029,883053,205215,203587,52545,256132,2353
2022-07-06,Kings,031,150075,54877,54560,3696,58256,449
2022-07-06,Lake,033,64148,11737,11659,1033,12692,140
2022-07-06,Lassen,035,31185,9376,9350,933,10283,64
2022-07-06,Los Angeles,037,10098052,3024843,2991161,151277,3142438,32116
2022-07-06,Madera,039,155013,40193,39952,6916,46868,372
2022-07-06,Marin,041,260295,41517,41036,4718,45754,302
2022-07-06,Mariposa,043,17540,2836,2797,284,3081,30
2022-07-06,Mendocino,045,87422,14704,14540,3876,18416,127
2022-07-06,Merced,047,269075,67198,66420,9973,76393,832
2022-07-06,Modoc,049,8938,807,788,283,1071,8
2022-07-06,Mono,051,14174,3128,3109,196,3305,7
2022-07-06,Monterey,053,433212,87402,86639,17499,104138,744
2022-07-06,Napa,055,140530,29886,29690,1289,30979,144
2022-07-06,Nevada,057,99092,17815,17660,1539,19199,131
2022-07-06,Orange,059,3164182,612927,608084,51975,660059,7125
2022-07-06,Placer,061,380077,70796,70113,8686,78799,632
2022-07-06,Plumas,063,18699,3358,3316,404,3720,13
2022-07-06,Riverside,065,2383286,641614,636209,31137,667346,6505
2022-07-06,Sacramento,067,1510023,320010,317315,31083,348398,3104
2022-07-06,San Benito,069,59416,14763,14556,749,15305,100
2022-07-06,San Bernardino,071,2135413,619267,608119,27283,635402,7870
2022-07-06,San Diego,073,3302833,847702,839970,63409,903379,5349
2022-07-06,San Francisco,075,870044,162811,160612,10722,171334,910
2022-07-06,San Joaquin,077,732212,183181,181448,12272,193720,2256
2022-07-06,San Luis Obispo,079,281455,59050,58488,5842,64330,496
2022-07-06,San Mateo,081,765935,153449,151344,9724,161068,723
2022-07-06,Santa Barbara,083,443738,96687,95918,5721,101639,702
2022-07-06,Santa Clara,085,1922200,394813,385553,16821,402374,2358
2022-07-06,Santa Cruz,087,273765,56954,56307,2882,59189,267
2022-07-06,Shasta,089,179085,32696,32444,6644,39088,570
2022-07-06,Sierra,091,2930,289,290,57,347,4
2022-07-06,Siskiyou,093,43540,4830,4841,3036,7877,82
2022-07-06,Solano,095,438530,96438,95181,6984,102165,455
2022-07-06,Sonoma,097,501317,99044,98031,4506,102537,495
2022-07-06,Stanislaus,099,539301,127544,126492,19567,146059,1682
2022-07-06,Sutter,101,95872,22188,22089,2338,24427,228
2022-07-06,Tehama,103,63373,12808,12680,2770,15450,205
2022-07-06,Trinity,105,12862,1289,1263,316,1579,20
2022-07-06,Tulare,107,460477,113202,112684,30952,143636,1500
2022-07-06,Tuolumne,109,53932,14145,13960,784,14744,189
2022-07-06,Ventura,111,848112,192339,190794,12454,203248,1517
2022-07-06,Yolo,113,214977,44293,43171,3754,46925,324
2022-07-06,Yuba,115,75493,17378,17277,1470,18747,124
2022-07-05,Alameda,001,1643700,314204,310551,17567,328118,1899
2022-07-05,Alpine,003,1148,129,129,1,130,0
2022-07-05,Amador,005,37829,9355,9301,782,10083,87
2022-07-05,Butte,007,227075,36424,36053,8048,44101,436
2022-07-05,Calaveras,009,45235,7914,7873,422,8295,124
2022-07-05,Colusa,011,21464,3596,3579,1138,4717,22
2022-07-05,Contra Costa,013,1133247,229196,223500,17790,241290,1348
2022-07-05,Del Norte,015,27424,6752,6623,323,6946,54
2022-07-05,El Dorado,017,186661,30173,29953,3835,33788,218
2022-07-05,Fresno,019,978130,251558,249480,27168,276648,2786
2022-07-05,Glenn,021,27897,5262,5222,1749,6971,48
2022-07-05,Humboldt,023,135768,19765,19608,4061,23669,149
2022-07-05,Imperial,025,180216,59756,59184,12106,71290,944
2022-07-05,Inyo,027,18085,4308,4282,699,4981,56
2022-07-05,Kern,029,883053,204778,203587,52311,255898,2353
2022-07-05,Kings,031,150075,54748,54560,3682,58242,449
2022-07-05,Lake,033,64148,11714,11659,1030,12689,140
2022-07-05,Lassen,035,31185,9365,9350,933,10283,64
2022-07-05,Los Angeles,037,10098052,3017908,2991161,150516,3141677,32116
2022-07-05,Madera,039,155013,40108,39952,6891,46843,372
2022-07-05,Marin,041,260295,41416,41036,4708,45744,302
2022-07-05,Mariposa,043,17540,2826,2797,281,3078,30
2022-07-05,Mendocino,045,87422,14658,14540,3860,18400,127
2022-07-05,Merced,047,269075,67078,66420,9942,76362,832
2022-07-05,Modoc,049,8938,799,788,283,1071,8
2022-07-05,Mono,051,14174,3125,3109,193,3302,7
2022-07-05,Monterey,053,433212,87238,86639,17447,104086,744
2022-07-05,Napa,055,140530,29834,29690,1284,30974,144
2022-07-05,Nevada,057,99092,17776,17660,1529,19189,131
2022-07-05,Orange,059,3164182,611376,608084,51729,659813,7125
2022-07-05,Placer,061,380077,70691,70113,8665,78778,632
2022-07-05,Plumas,063,18699,3348,3316,403,3719,13
2022-07-05,Riverside,065,2383286,640147,636209,31051,667260,6505
2022-07-05,Sacramento,067,1510023,319362,317315,31015,348330,3104
2022-07-05,San Benito,069,59416,14729,14556,742,15298,100
2022-07-05,San Bernardino,071,2135413,617939,608119,27205,635324,7870
2022-07-05,San Diego,073,3302833,845350,839970,63175,903145,5349
2022-07-05,San Francisco,075,870044,162288,160612,10696,171308,910
2022-07-05,San Joaquin,077,732212,182819,181448,12201,193649,2256
2022-07-05,San Luis Obispo,079,281455,58892,58488,5799,64287,496
2022-07-05,San Mateo,081,765935,152965,151344,9701,161045,723
2022-07-05,Santa Barbara,083,443738,96463,95918,5692,101610,702
2022-07-05,Santa Clara,085,1922200,393647,385553,16767,402320,2358
2022-07-05,Santa Cruz,087,273765,56779,56307,2866,59173,267
2022-07-05,Shasta,089,179085,32653,32444,6620,39064,570
2022-07-05,Sierra,091,2930,289,290,57,347,4
2022-07-05,Siskiyou,093,43540,4826,4841,3024,7865,82
2022-07-05,Solano,095,438530,96149,95181,6960,102141,455
2022-07-05,Sonoma,097,501317,98799,98031,4488,102519,495
2022-07-05,Stanislaus,099,539301,127303,126492,19526,146018,1682
2022-07-05,Sutter,101,95872,22146,22089,2336,24425,228
2022-07-05,Tehama,103,63373,12783,12680,2766,15446,205
2022-07-05,Trinity,105,12862,1280,1263,314,1577,20
2022-07-05,Tulare,107,460477,112964,112684,30871,143555,1500
2022-07-05,Tuolumne,109,53932,14111,13960,777,14737,189
2022-07-05,Ventura,111,848112,191939,190794,12391,203185,1517
2022-07-05,Yolo,113,214977,44208,43171,3744,46915,324
2022-07-05,Yuba,115,75493,17349,17277,1469,18746,124
2022-07-04,Alameda,001,1643700,313053,310551,17482,328033,1899
2022-07-04,Alpine,003,1148,129,129,1,130,0
2022-07-04,Amador,005,37829,9342,9301,781,10082,87
2022-07-04,Butte,007,227075,36314,36053,8030,44083,436
2022-07-04,Calaveras,009,45235,7904,7873,422,8295,124
2022-07-04,Colusa,011,21464,3592,3579,1136,4715,22
2022-07-04,Contra Costa,013,1133247,228482,223500,17689,241189,1348
2022-07-04,Del Norte,015,27424,6719,6623,319,6942,54
2022-07-04,El Dorado,017,186661,30088,29953,3817,33770,218
2022-07-04,Fresno,019,978130,250915,249480,27037,276517,2786
2022-07-04,Glenn,021,27897,5254,5222,1743,6965,48
2022-07-04,Humboldt,023,135768,19694,19608,4047,23655,149
2022-07-04,Imperial,025,180216,59549,59184,11986,71170,944
2022-07-04,Inyo,027,18085,4305,4282,689,4971,56
2022-07-04,Kern,029,883053,204329,203587,52035,255622,2353
2022-07-04,Kings,031,150075,54598,54560,3678,58238,449
2022-07-04,Lake,033,64148,11701,11659,1028,12687,140
2022-07-04,Lassen,035,31185,9357,9350,932,10282,64
2022-07-04,Los Angeles,037,10098052,3009417,2991161,149593,3140754,32116
2022-07-04,Madera,039,155013,40014,39952,6865,46817,372
2022-07-04,Marin,041,260295,41299,41036,4697,45733,302
2022-07-04,Mariposa,043,17540,2816,2797,276,3073,30
2022-07-04,Mendocino,045,87422,14623,14540,3814,18354,127
2022-07-04,Merced,047,269075,66949,66420,9894,76314,832
2022-07-04,Modoc,049,8938,791,788,279,1067,8
2022-07-04,Mono,051,14174,3123,3109,191,3300,7
2022-07-04,Monterey,053,433212,87045,86639,17376,104015,744
2022-07-04,Napa,055,140530,29769,29690,1280,30970,144
2022-07-04,Nevada,057,99092,17734,17660,1521,19181,131
2022-07-04,Orange,059,3164182,609581,608084,51424,659508,7125
2022-07-04,Placer,061,380077,70515,70113,8635,78748,632
2022-07-04,Plumas,063,18699,3330,3316,402,3718,13
2022-07-04,Riverside,065,2383286,638504,636209,30956,667165,6505
2022-07-04,Sacramento,067,1510023,318588,317315,30923,348238,3104
2022-07-04,San Benito,069,59416,14673,14556,737,15293,100
2022-07-04,San Bernardino,071,2135413,616335,608119,27130,635249,7870
2022-07-04,San Diego,073,3302833,842718,839970,62840,902810,5349
2022-07-04,San Francisco,075,870044,161667,160612,10635,171247,910
2022-07-04,San Joaquin,077,732212,182418,181448,12135,193583,2256
2022-07-04,San Luis Obispo,079,281455,58703,58488,5728,64216,496
2022-07-04,San Mateo,081,765935,152446,151344,9661,161005,723
2022-07-04,Santa Barbara,083,443738,96239,95918,5669,101587,702
2022-07-04,Santa Clara,085,1922200,392146,385553,16714,402267,2358
2022-07-04,Santa Cruz,087,273765,56581,56307,2844,59151,267
2022-07-04,Shasta,089,179085,32576,32444,6591,39035,570
2022-07-04,Sierra,091,2930,289,290,57,347,4
2022-07-04,Siskiyou,093,43540,4820,4841,3018,7859,82
2022-07-04,Solano,095,438530,95800,95181,6924,102105,455
2022-07-04,Sonoma,097,501317,98504,98031,4461,102492,495
2022-07-04,Stanislaus,099,539301,127013,126492,19474,145966,1682
2022-07-04,Sutter,101,95872,22100,22089,2334,24423,228
2022-07-04,Tehama,103,63373,12757,12680,2752,15432,205
2022-07-04,Trinity,105,12862,1275,1263,312,1575,20
2022-07-04,Tulare,107,460477,112726,112684,30759,143443,1500
2022-07-04,Tuolumne,109,53932,14069,13960,773,14733,189
2022-07-04,Ventura,111,848112,191469,190794,12285,203079,1517
2022-07-04,Yolo,113,214977,44114,43171,3726,46897,324
2022-07-04,Yuba,115,75493,17310,17277,1469,18746,124
2022-07-03,Alameda,001,1643700,312496,307672,17453,325125,1898
2022-07-03,Alpine,003,1148,129,129,1,130,0
2022-07-03,Amador,005,37829,9334,9243,778,10021,87
2022-07-03,Butte,007,227075,36300,35846,8023,43869,436
2022-07-03,Calaveras,009,45235,7888,7836,422,8258,124
2022-07-03,Colusa,011,21464,3590,3566,1134,4700,22
2022-07-03,Contra Costa,013,1133247,228129,221545,17657,239202,1343
2022-07-03,Del Norte,015,27424,6710,6543,318,6861,53
2022-07-03,El Dorado,017,186661,30056,29764,3811,33575,217
2022-07-03,Fresno,019,978130,250664,247952,27001,274953,2783
2022-07-03,Glenn,021,27897,5253,5211,1740,6951,48
2022-07-03,Humboldt,023,135768,19672,19516,4038,23554,149
2022-07-03,Imperial,025,180216,59474,58768,11947,70715,944
2022-07-03,Inyo,027,18085,4301,4261,687,4948,56
2022-07-03,Kern,029,883053,204187,202502,51880,254382,2352
2022-07-03,Kings,031,150075,54573,54262,3676,57938,449
2022-07-03,Lake,033,64148,11690,11595,1028,12623,140
2022-07-03,Lassen,035,31185,9354,9336,931,10267,64
2022-07-03,Los Angeles,037,10098052,3006597,2969395,149214,3118609,32089
2022-07-03,Madera,039,155013,39987,39738,6860,46598,372
2022-07-03,Marin,041,260295,41229,40653,4688,45341,297
2022-07-03,Mariposa,043,17540,2812,2780,275,3055,30
2022-07-03,Mendocino,045,87422,14611,14464,3813,18277,127
2022-07-03,Merced,047,269075,66902,66093,9889,75982,832
2022-07-03,Modoc,049,8938,791,787,279,1066,8
2022-07-03,Mono,051,14174,3122,3099,190,3289,7
2022-07-03,Monterey,053,433212,86933,86212,17322,103534,744
2022-07-03,Napa,055,140530,29749,29486,1277,30763,145
2022-07-03,Nevada,057,99092,17715,17546,1514,19060,131
2022-07-03,Orange,059,3164182,609038,603511,51280,654791,7114
2022-07-03,Placer,061,380077,70429,69606,8621,78227,631
2022-07-03,Plumas,063,18699,3323,3294,402,3696,13
2022-07-03,Riverside,065,2383286,637933,632038,30913,662951,6502
2022-07-03,Sacramento,067,1510023,318319,315165,30902,346067,3100
2022-07-03,San Benito,069,59416,14666,14420,736,15156,100
2022-07-03,San Bernardino,071,2135413,615728,604093,27095,631188,7860
2022-07-03,San Diego,073,3302833,841986,834116,62767,896883,5341
2022-07-03,San Francisco,075,870044,161331,158871,10623,169494,910
2022-07-03,San Joaquin,077,732212,182246,180368,12097,192465,2256
2022-07-03,San Luis Obispo,079,281455,58634,58079,5718,63797,489
2022-07-03,San Mateo,081,765935,152141,149812,9644,159456,723
2022-07-03,Santa Barbara,083,443738,96131,95214,5657,100871,699
2022-07-03,Santa Clara,085,1922200,391418,381630,16684,398314,2355
2022-07-03,Santa Cruz,087,273765,56520,55757,2823,58580,267
2022-07-03,Shasta,089,179085,32541,32280,6581,38861,570
2022-07-03,Sierra,091,2930,288,283,57,340,4
2022-07-03,Siskiyou,093,43540,4817,4808,3016,7824,82
2022-07-03,Solano,095,438530,95722,94437,6918,101355,455
2022-07-03,Sonoma,097,501317,98394,97379,4456,101835,495
2022-07-03,Stanislaus,099,539301,126893,125788,19459,145247,1681
2022-07-03,Sutter,101,95872,22079,21935,2333,24268,228
2022-07-03,Tehama,103,63373,12739,12615,2750,15365,205
2022-07-03,Trinity,105,12862,1274,1256,309,1565,20
2022-07-03,Tulare,107,460477,112628,112118,30721,142839,1500
2022-07-03,Tuolumne,109,53932,14046,13886,770,14656,189
2022-07-03,Ventura,111,848112,191258,189493,12264,201757,1517
2022-07-03,Yolo,113,214977,44071,42760,3716,46476,324
2022-07-03,Yuba,115,75493,17296,17168,1468,18636,124
2022-07-02,Alameda,001,1643700,312117,307672,17425,325097,1898
2022-07-02,Alpine,003,1148,129,129,1,130,0
2022-07-02,Amador,005,37829,9318,9243,777,10020,87
2022-07-02,Butte,007,227075,36275,35846,8010,43856,436
2022-07-02,Calaveras,009,45235,7882,7836,422,8258,124
2022-07-02,Colusa,011,21464,3586,3566,1132,4698,22
2022-07-02,Contra Costa,013,1133247,227784,221545,17605,239150,1343
2022-07-02,Del Norte,015,27424,6700,6543,318,6861,53
2022-07-02,El Dorado,017,186661,30022,29764,3807,33571,217
2022-07-02,Fresno,019,978130,250437,247952,26964,274916,2783
2022-07-02,Glenn,021,27897,5248,5211,1739,6950,48
2022-07-02,Humboldt,023,135768,19646,19516,4034,23550,149
2022-07-02,Imperial,025,180216,59394,58768,11926,70694,944
2022-07-02,Inyo,027,18085,4297,4261,685,4946,56
2022-07-02,Kern,029,883053,204034,202502,51720,254222,2352
2022-07-02,Kings,031,150075,54528,54262,3676,57938,449
2022-07-02,Lake,033,64148,11681,11595,1026,12621,140
2022-07-02,Lassen,035,31185,9353,9336,930,10266,64
2022-07-02,Los Angeles,037,10098052,3003833,2969395,148784,3118179,32089
2022-07-02,Madera,039,155013,39957,39738,6856,46594,372
2022-07-02,Marin,041,260295,41167,40653,4671,45324,297
2022-07-02,Mariposa,043,17540,2808,2780,274,3054,30
2022-07-02,Mendocino,045,87422,14583,14464,3813,18277,127
2022-07-02,Merced,047,269075,66843,66093,9880,75973,832
2022-07-02,Modoc,049,8938,791,787,278,1065,8
2022-07-02,Mono,051,14174,3119,3099,190,3289,7
2022-07-02,Monterey,053,433212,86842,86212,17284,103496,744
2022-07-02,Napa,055,140530,29720,29486,1277,30763,145
2022-07-02,Nevada,057,99092,17700,17546,1508,19054,131
2022-07-02,Orange,059,3164182,608387,603511,51123,654634,7114
2022-07-02,Placer,061,380077,70337,69606,8607,78213,631
2022-07-02,Plumas,063,18699,3314,3294,402,3696,13
2022-07-02,Riverside,065,2383286,637339,632038,30868,662906,6502
2022-07-02,Sacramento,067,1510023,317984,315165,30879,346044,3100
2022-07-02,San Benito,069,59416,14647,14420,727,15147,100
2022-07-02,San Bernardino,071,2135413,615194,604093,27060,631153,7860
2022-07-02,San Diego,073,3302833,841179,834116,62701,896817,5341
2022-07-02,San Francisco,075,870044,161048,158871,10599,169470,910
2022-07-02,San Joaquin,077,732212,182113,180368,12071,192439,2256
2022-07-02,San Luis Obispo,079,281455,58585,58079,5704,63783,489
2022-07-02,San Mateo,081,765935,151884,149812,9624,159436,723
2022-07-02,Santa Barbara,083,443738,96004,95214,5646,100860,699
2022-07-02,Santa Clara,085,1922200,390681,381630,16654,398284,2355
2022-07-02,Santa Cruz,087,273765,56461,55757,2813,58570,267
2022-07-02,Shasta,089,179085,32511,32280,6570,38850,570
2022-07-02,Sierra,091,2930,288,283,57,340,4
2022-07-02,Siskiyou,093,43540,4813,4808,3015,7823,82
2022-07-02,Solano,095,438530,95649,94437,6902,101339,455
2022-07-02,Sonoma,097,501317,98289,97379,4448,101827,495
2022-07-02,Stanislaus,099,539301,126774,125788,19443,145231,1681
2022-07-02,Sutter,101,95872,22060,21935,2333,24268,228
2022-07-02,Tehama,103,63373,12716,12615,2749,15364,205
2022-07-02,Trinity,105,12862,1272,1256,308,1564,20
2022-07-02,Tulare,107,460477,112527,112118,30680,142798,1500
2022-07-02,Tuolumne,109,53932,14033,13886,761,14647,189
2022-07-02,Ventura,111,848112,191086,189493,12239,201732,1517
2022-07-02,Yolo,113,214977,44026,42760,3709,46469,324
2022-07-02,Yuba,115,75493,17284,17168,1468,18636,124
2022-07-01,Alameda,001,1643700,311633,307672,17396,325068,1898
2022-07-01,Alpine,003,1148,129,129,1,130,0
2022-07-01,Amador,005,37829,9313,9243,775,10018,87
2022-07-01,Butte,007,227075,36248,35846,7992,43838,436
2022-07-01,Calaveras,009,45235,7871,7836,422,8258,124
2022-07-01,Colusa,011,21464,3583,3566,1132,4698,22
2022-07-01,Contra Costa,013,1133247,227482,221545,17562,239107,1343
2022-07-01,Del Norte,015,27424,6680,6543,316,6859,53
2022-07-01,El Dorado,017,186661,29997,29764,3799,33563,217
2022-07-01,Fresno,019,978130,250150,247952,26909,274861,2783
2022-07-01,Glenn,021,27897,5248,5211,1739,6950,48
2022-07-01,Humboldt,023,135768,19624,19516,4025,23541,149
2022-07-01,Imperial,025,180216,59318,58768,11899,70667,944
2022-07-01,Inyo,027,18085,4290,4261,679,4940,56
2022-07-01,Kern,029,883053,203828,202502,51586,254088,2352
2022-07-01,Kings,031,150075,54495,54262,3672,57934,449
2022-07-01,Lake,033,64148,11670,11595,1025,12620,140
2022-07-01,Lassen,035,31185,9350,9336,930,10266,64
2022-07-01,Los Angeles,037,10098052,3000347,2969395,148264,3117659,32089
2022-07-01,Madera,039,155013,39914,39738,6842,46580,372
2022-07-01,Marin,041,260295,41094,40653,4658,45311,297
2022-07-01,Mariposa,043,17540,2806,2780,273,3053,30
2022-07-01,Mendocino,045,87422,14563,14464,3809,18273,127
2022-07-01,Merced,047,269075,66758,66093,9876,75969,832
2022-07-01,Modoc,049,8938,791,787,277,1064,8
2022-07-01,Mono,051,14174,3111,3099,189,3288,7
2022-07-01,Monterey,053,433212,86759,86212,17253,103465,744
2022-07-01,Napa,055,140530,29676,29486,1277,30763,145
2022-07-01,Nevada,057,99092,17680,17546,1503,19049,131
2022-07-01,Orange,059,3164182,607672,603511,50962,654473,7114
2022-07-01,Placer,061,380077,70270,69606,8587,78193,631
2022-07-01,Plumas,063,18699,3312,3294,402,3696,13
2022-07-01,Riverside,065,2383286,636623,632038,30815,662853,6502
2022-07-01,Sacramento,067,1510023,317602,315165,30862,346027,3100
2022-07-01,San Benito,069,59416,14629,14420,726,15146,100
2022-07-01,San Bernardino,071,2135413,614553,604093,27026,631119,7860
2022-07-01,San Diego,073,3302833,840145,834116,62560,896676,5341
2022-07-01,San Francisco,075,870044,160773,158871,10560,169431,910
2022-07-01,San Joaquin,077,732212,181969,180368,12038,192406,2256
2022-07-01,San Luis Obispo,079,281455,58556,58079,5692,63771,489
2022-07-01,San Mateo,081,765935,151608,149812,9604,159416,723
2022-07-01,Santa Barbara,083,443738,95888,95214,5637,100851,699
2022-07-01,Santa Clara,085,1922200,389978,381630,16617,398247,2355
2022-07-01,Santa Cruz,087,273765,56395,55757,2800,58557,267
2022-07-01,Shasta,089,179085,32491,32280,6560,38840,570
2022-07-01,Sierra,091,2930,288,283,57,340,4
2022-07-01,Siskiyou,093,43540,4813,4808,3013,7821,82
2022-07-01,Solano,095,438530,95481,94437,6884,101321,455
2022-07-01,Sonoma,097,501317,98169,97379,4429,101808,495
2022-07-01,Stanislaus,099,539301,126645,125788,19417,145205,1681
2022-07-01,Sutter,101,95872,22031,21935,2333,24268,228
2022-07-01,Tehama,103,63373,12707,12615,2747,15362,205
2022-07-01,Trinity,105,12862,1271,1256,308,1564,20
2022-07-01,Tulare,107,460477,112430,112118,30637,142755,1500
2022-07-01,Tuolumne,109,53932,14014,13886,754,14640,189
2022-07-01,Ventura,111,848112,190875,189493,12203,201696,1517
2022-07-01,Yolo,113,214977,43991,42760,3694,46454,324
2022-07-01,Yuba,115,75493,17263,17168,1468,18636,124
2022-06-30,Alameda,001,1643700,310808,307672,17341,325013,1898
2022-06-30,Alpine,003,1148,129,129,1,130,0
2022-06-30,Amador,005,37829,9303,9243,772,10015,87
2022-06-30,Butte,007,227075,36198,35846,7975,43821,436
2022-06-30,Calaveras,009,45235,7860,7836,421,8257,124
2022-06-30,Colusa,011,21464,3579,3566,1130,4696,22
2022-06-30,Contra Costa,013,1133247,226932,221545,17491,239036,1343
2022-06-30,Del Norte,015,27424,6663,6543,313,6856,53
2022-06-30,El Dorado,017,186661,29952,29764,3790,33554,217
2022-06-30,Fresno,019,978130,249751,247952,26861,274813,2783
2022-06-30,Glenn,021,27897,5245,5211,1739,6950,48
2022-06-30,Humboldt,023,135768,19587,19516,4019,23535,149
2022-06-30,Imperial,025,180216,59204,58768,11867,70635,944
2022-06-30,Inyo,027,18085,4284,4261,679,4940,56
2022-06-30,Kern,029,883053,203510,202502,51402,253904,2352
2022-06-30,Kings,031,150075,54419,54262,3669,57931,449
2022-06-30,Lake,033,64148,11651,11595,1022,12617,140
2022-06-30,Lassen,035,31185,9347,9336,929,10265,64
2022-06-30,Los Angeles,037,10098052,2994941,2969395,147663,3117058,32089
2022-06-30,Madera,039,155013,39848,39738,6815,46553,372
2022-06-30,Marin,041,260295,41010,40653,4651,45304,297
2022-06-30,Mariposa,043,17540,2799,2780,271,3051,30
2022-06-30,Mendocino,045,87422,14546,14464,3803,18267,127
2022-06-30,Merced,047,269075,66659,66093,9859,75952,832
2022-06-30,Modoc,049,8938,790,787,276,1063,8
2022-06-30,Mono,051,14174,3109,3099,188,3287,7
2022-06-30,Monterey,053,433212,86610,86212,17190,103402,744
2022-06-30,Napa,055,140530,29618,29486,1271,30757,145
2022-06-30,Nevada,057,99092,17652,17546,1496,19042,131
2022-06-30,Orange,059,3164182,606506,603511,50760,654271,7114
2022-06-30,Placer,061,380077,70120,69606,8559,78165,631
2022-06-30,Plumas,063,18699,3307,3294,401,3695,13
2022-06-30,Riverside,065,2383286,635524,632038,30745,662783,6502
2022-06-30,Sacramento,067,1510023,317011,315165,30821,345986,3100
2022-06-30,San Benito,069,59416,14593,14420,723,15143,100
2022-06-30,San Bernardino,071,2135413,613506,604093,26984,631077,7860
2022-06-30,San Diego,073,3302833,838625,834116,62348,896464,5341
2022-06-30,San Francisco,075,870044,160349,158871,10530,169401,910
2022-06-30,San Joaquin,077,732212,181689,180368,12006,192374,2256
2022-06-30,San Luis Obispo,079,281455,58456,58079,5664,63743,489
2022-06-30,San Mateo,081,765935,151189,149812,9570,159382,723
2022-06-30,Santa Barbara,083,443738,95690,95214,5625,100839,699
2022-06-30,Santa Clara,085,1922200,388879,381630,16573,398203,2355
2022-06-30,Santa Cruz,087,273765,56276,55757,2786,58543,267
2022-06-30,Shasta,089,179085,32451,32280,6541,38821,570
2022-06-30,Sierra,091,2930,288,283,57,340,4
2022-06-30,Siskiyou,093,43540,4808,4808,3006,7814,82
2022-06-30,Solano,095,438530,95279,94437,6853,101290,455
2022-06-30,Sonoma,097,501317,98005,97379,4408,101787,495
2022-06-30,Stanislaus,099,539301,126450,125788,19387,145175,1681
2022-06-30,Sutter,101,95872,21998,21935,2331,24266,228
2022-06-30,Tehama,103,63373,12686,12615,2744,15359,205
2022-06-30,Trinity,105,12862,1265,1256,306,1562,20
2022-06-30,Tulare,107,460477,112282,112118,30562,142680,1500
2022-06-30,Tuolumne,109,53932,13995,13886,748,14634,189
2022-06-30,Ventura,111,848112,190531,189493,12128,201621,1517
2022-06-30,Yolo,113,214977,43919,42760,3676,46436,324
2022-06-30,Yuba,115,75493,17235,17168,1462,18630,124
2022-06-29,Alameda,001,1643700,310009,305288,17300,322588,1895
2022-06-29,Alpine,003,1148,129,129,1,130,0
2022-06-29,Amador,005,37829,9296,9205,772,9977,87
2022-06-29,Butte,007,227075,36151,35651,7959,43610,434
2022-06-29,Calaveras,009,45235,7848,7798,418,8216,124
2022-06-29,Colusa,011,21464,3576,3548,1128,4676,22
2022-06-29,Contra Costa,013,1133247,226449,219921,17437,237358,1339
2022-06-29,Del Norte,015,27424,6638,6484,309,6793,53
2022-06-29,El Dorado,017,186661,29894,29549,3774,33323,216
2022-06-29,Fresno,019,978130,249358,246740,26795,273535,2777
2022-06-29,Glenn,021,27897,5244,5192,1737,6929,48
2022-06-29,Humboldt,023,135768,19561,19411,4009,23420,149
2022-06-29,Imperial,025,180216,59085,58498,11820,70318,944
2022-06-29,Inyo,027,18085,4280,4243,674,4917,56
2022-06-29,Kern,029,883053,203225,201537,51225,252762,2343
2022-06-29,Kings,031,150075,54329,54031,3667,57698,448
2022-06-29,Lake,033,64148,11624,11548,1018,12566,140
2022-06-29,Lassen,035,31185,9342,9310,929,10239,64
2022-06-29,Los Angeles,037,10098052,2989294,2955489,147068,3102557,32062
2022-06-29,Madera,039,155013,39797,39554,6806,46360,372
2022-06-29,Marin,041,260295,40906,40397,4645,45042,297
2022-06-29,Mariposa,043,17540,2797,2753,271,3024,30
2022-06-29,Mendocino,045,87422,14517,14383,3787,18170,127
2022-06-29,Merced,047,269075,66565,65733,9847,75580,830
2022-06-29,Modoc,049,8938,788,780,275,1055,8
2022-06-29,Mono,051,14174,3109,3081,186,3267,7
2022-06-29,Monterey,053,433212,86478,85711,17140,102851,743
2022-06-29,Napa,055,140530,29566,29285,1267,30552,144
2022-06-29,Nevada,057,99092,17618,17439,1492,18931,129
2022-06-29,Orange,059,3164182,605343,599951,50590,650541,7095
2022-06-29,Placer,061,380077,69984,69244,8550,77794,629
2022-06-29,Plumas,063,18699,3304,3267,399,3666,13
2022-06-29,Riverside,065,2383286,634467,629035,30678,659713,6493
2022-06-29,Sacramento,067,1510023,316415,313224,30774,343998,3082
2022-06-29,San Benito,069,59416,14557,14302,715,15017,100
2022-06-29,San Bernardino,071,2135413,612513,600960,26888,627848,7825
2022-06-29,San Diego,073,3302833,836895,828907,62115,891022,5336
2022-06-29,San Francisco,075,870044,159855,157419,10496,167915,902
2022-06-29,San Joaquin,077,732212,181395,179476,11970,191446,2252
2022-06-29,San Luis Obispo,079,281455,58321,57783,5626,63409,486
2022-06-29,San Mateo,081,765935,150805,148533,9549,158082,723
2022-06-29,Santa Barbara,083,443738,95539,94683,5614,100297,699
2022-06-29,Santa Clara,085,1922200,387884,378000,16515,394515,2348
2022-06-29,Santa Cruz,087,273765,56151,55432,2772,58204,266
2022-06-29,Shasta,089,179085,32404,32106,6525,38631,570
2022-06-29,Sierra,091,2930,286,283,57,340,4
2022-06-29,Siskiyou,093,43540,4802,4773,3006,7779,82
2022-06-29,Solano,095,438530,95046,92975,6834,99809,455
2022-06-29,Sonoma,097,501317,97822,96854,4396,101250,493
2022-06-29,Stanislaus,099,539301,126274,125189,19357,144546,1674
2022-06-29,Sutter,101,95872,21945,21836,2326,24162,227
2022-06-29,Tehama,103,63373,12667,12561,2743,15304,205
2022-06-29,Trinity,105,12862,1263,1245,305,1550,20
2022-06-29,Tulare,107,460477,112149,111707,30489,142196,1499
2022-06-29,Tuolumne,109,53932,13971,13779,732,14511,189
2022-06-29,Ventura,111,848112,190224,188519,12064,200583,1514
2022-06-29,Yolo,113,214977,43817,42410,3665,46075,323
2022-06-29,Yuba,115,75493,17206,17082,1460,18542,124
2022-06-28,Alameda,001,1643700,309168,305288,17264,322552,1895
2022-06-28,Alpine,003,1148,129,129,1,130,0
2022-06-28,Amador,005,37829,9291,9205,771,9976,87
2022-06-28,Butte,007,227075,36085,35651,7941,43592,434
2022-06-28,Calaveras,009,45235,7836,7798,418,8216,124
2022-06-28,Colusa,011,21464,3575,3548,1127,4675,22
2022-06-28,Contra Costa,013,1133247,225844,219921,17374,237295,1339
2022-06-28,Del Norte,015,27424,6601,6484,307,6791,53
2022-06-28,El Dorado,017,186661,29846,29549,3763,33312,216
2022-06-28,Fresno,019,978130,248924,246740,26739,273479,2777
2022-06-28,Glenn,021,27897,5236,5192,1732,6924,48
2022-06-28,Humboldt,023,135768,19541,19411,4002,23413,149
2022-06-28,Imperial,025,180216,58989,58498,11741,70239,944
2022-06-28,Inyo,027,18085,4274,4243,668,4911,56
2022-06-28,Kern,029,883053,202930,201537,51013,252550,2343
2022-06-28,Kings,031,150075,54248,54031,3662,57693,448
2022-06-28,Lake,033,64148,11613,11548,1016,12564,140
2022-06-28,Lassen,035,31185,9335,9310,929,10239,64
2022-06-28,Los Angeles,037,10098052,2983347,2955489,146454,3101943,32062
2022-06-28,Madera,039,155013,39738,39554,6789,46343,372
2022-06-28,Marin,041,260295,40798,40397,4638,45035,297
2022-06-28,Mariposa,043,17540,2789,2753,269,3022,30
2022-06-28,Mendocino,045,87422,14489,14383,3775,18158,127
2022-06-28,Merced,047,269075,66463,65733,9829,75562,830
2022-06-28,Modoc,049,8938,786,780,274,1054,8
2022-06-28,Mono,051,14174,3102,3081,184,3265,7
2022-06-28,Monterey,053,433212,86353,85711,17093,102804,743
2022-06-28,Napa,055,140530,29498,29285,1264,30549,144
2022-06-28,Nevada,057,99092,17587,17439,1488,18927,129
2022-06-28,Orange,059,3164182,603995,599951,50407,650358,7095
2022-06-28,Placer,061,380077,69822,69244,8541,77785,629
2022-06-28,Plumas,063,18699,3304,3267,398,3665,13
2022-06-28,Riverside,065,2383286,633270,629035,30631,659666,6493
2022-06-28,Sacramento,067,1510023,315742,313224,30717,343941,3082
2022-06-28,San Benito,069,59416,14518,14302,714,15016,100
2022-06-28,San Bernardino,071,2135413,611386,600960,26842,627802,7825
2022-06-28,San Diego,073,3302833,835035,828907,61874,890781,5336
2022-06-28,San Francisco,075,870044,159327,157419,10472,167891,902
2022-06-28,San Joaquin,077,732212,181085,179476,11935,191411,2252
2022-06-28,San Luis Obispo,079,281455,58202,57783,5589,63372,486
2022-06-28,San Mateo,081,765935,150345,148533,9522,158055,723
2022-06-28,Santa Barbara,083,443738,95369,94683,5597,100280,699
2022-06-28,Santa Clara,085,1922200,386768,378000,16459,394459,2348
2022-06-28,Santa Cruz,087,273765,56019,55432,2764,58196,266
2022-06-28,Shasta,089,179085,32357,32106,6512,38618,570
2022-06-28,Sierra,091,2930,286,283,57,340,4
2022-06-28,Siskiyou,093,43540,4796,4773,3000,7773,82
2022-06-28,Solano,095,438530,94776,92975,6816,99791,455
2022-06-28,Sonoma,097,501317,97613,96854,4380,101234,493
2022-06-28,Stanislaus,099,539301,126072,125189,19334,144523,1674
2022-06-28,Sutter,101,95872,21910,21836,2324,24160,227
2022-06-28,Tehama,103,63373,12647,12561,2739,15300,205
2022-06-28,Trinity,105,12862,1260,1245,303,1548,20
2022-06-28,Tulare,107,460477,111963,111707,30415,142122,1499
2022-06-28,Tuolumne,109,53932,13940,13779,726,14505,189
2022-06-28,Ventura,111,848112,189901,188519,11985,200504,1514
2022-06-28,Yolo,113,214977,43704,42410,3659,46069,323
2022-06-28,Yuba,115,75493,17170,17082,1456,18538,124
2022-06-27,Alameda,001,1643700,308234,305288,17210,322498,1895
2022-06-27,Alpine,003,1148,129,129,1,130,0
2022-06-27,Amador,005,37829,9276,9205,769,9974,87
2022-06-27,Butte,007,227075,36031,35651,7921,43572,434
2022-06-27,Calaveras,009,45235,7822,7798,418,8216,124
2022-06-27,Colusa,011,21464,3571,3548,1125,4673,22
2022-06-27,Contra Costa,013,1133247,225163,219921,17311,237232,1339
2022-06-27,Del Norte,015,27424,6581,6484,301,6785,53
2022-06-27,El Dorado,017,186661,29781,29549,3745,33294,216
2022-06-27,Fresno,019,978130,248453,246740,26669,273409,2777
2022-06-27,Glenn,021,27897,5230,5192,1725,6917,48
2022-06-27,Humboldt,023,135768,19506,19411,3990,23401,149
2022-06-27,Imperial,025,180216,58849,58498,11675,70173,944
2022-06-27,Inyo,027,18085,4264,4243,659,4902,56
2022-06-27,Kern,029,883053,202572,201537,50805,252342,2343
2022-06-27,Kings,031,150075,54161,54031,3659,57690,448
2022-06-27,Lake,033,64148,11594,11548,1011,12559,140
2022-06-27,Lassen,035,31185,9326,9310,929,10239,64
2022-06-27,Los Angeles,037,10098052,2977130,2955489,145885,3101374,32062
2022-06-27,Madera,039,155013,39673,39554,6777,46331,372
2022-06-27,Marin,041,260295,40691,40397,4625,45022,297
2022-06-27,Mariposa,043,17540,2780,2753,267,3020,30
2022-06-27,Mendocino,045,87422,14459,14383,3769,18152,127
2022-06-27,Merced,047,269075,66355,65733,9793,75526,830
2022-06-27,Modoc,049,8938,781,780,273,1053,8
2022-06-27,Mono,051,14174,3101,3081,184,3265,7
2022-06-27,Monterey,053,433212,86203,85711,17032,102743,743
2022-06-27,Napa,055,140530,29429,29285,1261,30546,144
2022-06-27,Nevada,057,99092,17557,17439,1474,18913,129
2022-06-27,Orange,059,3164182,602633,599951,50187,650138,7095
2022-06-27,Placer,061,380077,69709,69244,8517,77761,629
2022-06-27,Plumas,063,18699,3299,3267,397,3664,13
2022-06-27,Riverside,065,2383286,632119,629035,30565,659600,6493
2022-06-27,Sacramento,067,1510023,315019,313224,30667,343891,3082
2022-06-27,San Benito,069,59416,14463,14302,711,15013,100
2022-06-27,San Bernardino,071,2135413,610276,600960,26795,627755,7825
2022-06-27,San Diego,073,3302833,833112,828907,61645,890552,5336
2022-06-27,San Francisco,075,870044,158772,157419,10446,167865,902
2022-06-27,San Joaquin,077,732212,180742,179476,11893,191369,2252
2022-06-27,San Luis Obispo,079,281455,58088,57783,5552,63335,486
2022-06-27,San Mateo,081,765935,149870,148533,9486,158019,723
2022-06-27,Santa Barbara,083,443738,95182,94683,5583,100266,699
2022-06-27,Santa Clara,085,1922200,385345,378000,16404,394404,2348
2022-06-27,Santa Cruz,087,273765,55849,55432,2756,58188,266
2022-06-27,Shasta,089,179085,32296,32106,6494,38600,570
2022-06-27,Sierra,091,2930,286,283,57,340,4
2022-06-27,Siskiyou,093,43540,4786,4773,2993,7766,82
2022-06-27,Solano,095,438530,94466,92975,6784,99759,455
2022-06-27,Sonoma,097,501317,97420,96854,4361,101215,493
2022-06-27,Stanislaus,099,539301,125845,125189,19313,144502,1674
2022-06-27,Sutter,101,95872,21870,21836,2321,24157,227
2022-06-27,Tehama,103,63373,12625,12561,2737,15298,205
2022-06-27,Trinity,105,12862,1258,1245,301,1546,20
2022-06-27,Tulare,107,460477,111786,111707,30327,142034,1499
2022-06-27,Tuolumne,109,53932,13905,13779,718,14497,189
2022-06-27,Ventura,111,848112,189521,188519,11923,200442,1514
2022-06-27,Yolo,113,214977,43578,42410,3651,46061,323
2022-06-27,Yuba,115,75493,17142,17082,1453,18535,124
2022-06-26,Alameda,001,1643700,307156,302071,17156,319227,1891
2022-06-26,Alpine,003,1148,129,129,1,130,0
2022-06-26,Amador,005,37829,9237,9135,767,9902,87
2022-06-26,Butte,007,227075,35958,35406,7896,43302,433
2022-06-26,Calaveras,009,45235,7807,7754,415,8169,124
2022-06-26,Colusa,011,21464,3562,3540,1121,4661,22
2022-06-26,Contra Costa,013,1133247,224539,218053,17226,235279,1335
2022-06-26,Del Norte,015,27424,6559,6398,297,6695,52
2022-06-26,El Dorado,017,186661,29697,29313,3720,33033,216
2022-06-26,Fresno,019,978130,247915,245118,26605,271723,2777
2022-06-26,Glenn,021,27897,5225,5178,1722,6900,48
2022-06-26,Humboldt,023,135768,19471,19234,3979,23213,149
2022-06-26,Imperial,025,180216,58705,58127,11582,69709,944
2022-06-26,Inyo,027,18085,4253,4228,646,4874,56
2022-06-26,Kern,029,883053,202264,200556,50603,251159,2344
2022-06-26,Kings,031,150075,54053,53783,3656,57439,448
2022-06-26,Lake,033,64148,11575,11471,1009,12480,140
2022-06-26,Lassen,035,31185,9317,9287,929,10216,64
2022-06-26,Los Angeles,037,10098052,2970534,2936815,145241,3082056,32036
2022-06-26,Madera,039,155013,39604,39319,6757,46076,372
2022-06-26,Marin,041,260295,40570,39979,4604,44583,297
2022-06-26,Mariposa,043,17540,2772,2713,267,2980,30
2022-06-26,Mendocino,045,87422,14430,14292,3742,18034,127
2022-06-26,Merced,047,269075,66225,65408,9765,75173,828
2022-06-26,Modoc,049,8938,780,777,271,1048,8
2022-06-26,Mono,051,14174,3091,3076,184,3260,7
2022-06-26,Monterey,053,433212,86030,85275,16971,102246,743
2022-06-26,Napa,055,140530,29349,29054,1258,30312,144
2022-06-26,Nevada,057,99092,17513,17339,1470,18809,129
2022-06-26,Orange,059,3164182,601148,595761,49978,645739,7090
2022-06-26,Placer,061,380077,69574,68785,8494,77279,628
2022-06-26,Plumas,063,18699,3287,3241,397,3638,13
2022-06-26,Riverside,065,2383286,630895,625794,30508,656302,6493
2022-06-26,Sacramento,067,1510023,314197,310837,30599,341436,3077
2022-06-26,San Benito,069,59416,14418,14192,708,14900,99
2022-06-26,San Bernardino,071,2135413,609067,598062,26736,624798,7803
2022-06-26,San Diego,073,3302833,830927,822848,61473,884321,5332
2022-06-26,San Francisco,075,870044,158141,155609,10394,166003,899
2022-06-26,San Joaquin,077,732212,180365,178447,11849,190296,2252
2022-06-26,San Luis Obispo,079,281455,57953,57472,5501,62973,485
2022-06-26,San Mateo,081,765935,149356,146955,9455,156410,723
2022-06-26,Santa Barbara,083,443738,94974,94017,5555,99572,699
2022-06-26,Santa Clara,085,1922200,383962,373961,16327,390288,2338
2022-06-26,Santa Cruz,087,273765,55692,54874,2747,57621,265
2022-06-26,Shasta,089,179085,32214,31921,6476,38397,570
2022-06-26,Sierra,091,2930,285,283,57,340,4
2022-06-26,Siskiyou,093,43540,4768,4744,2986,7730,81
2022-06-26,Solano,095,438530,94196,92248,6745,98993,455
2022-06-26,Sonoma,097,501317,97186,95981,4325,100306,493
2022-06-26,Stanislaus,099,539301,125644,124493,19284,143777,1672
2022-06-26,Sutter,101,95872,21830,21733,2320,24053,227
2022-06-26,Tehama,103,63373,12608,12510,2731,15241,205
2022-06-26,Trinity,105,12862,1253,1233,299,1532,20
2022-06-26,Tulare,107,460477,111606,111188,30245,141433,1496
2022-06-26,Tuolumne,109,53932,13877,13688,711,14399,189
2022-06-26,Ventura,111,848112,189126,187389,11844,199233,1514
2022-06-26,Yolo,113,214977,43463,41932,3637,45569,323
2022-06-26,Yuba,115,75493,17105,16994,1444,18438,124
2022-06-25,Alameda,001,1643700,306688,302071,17143,319214,1891
2022-06-25,Alpine,003,1148,129,129,1,130,0
2022-06-25,Amador,005,37829,9227,9135,766,9901,87
2022-06-25,Butte,007,227075,35919,35406,7874,43280,433
2022-06-25,Calaveras,009,45235,7798,7754,415,8169,124
2022-06-25,Colusa,011,21464,3557,3540,1121,4661,22
2022-06-25,Contra Costa,013,1133247,224178,218053,17183,235236,1335
2022-06-25,Del Norte,015,27424,6545,6398,294,6692,52
2022-06-25,El Dorado,017,186661,29657,29313,3714,33027,216
2022-06-25,Fresno,019,978130,247683,245118,26579,271697,2777
2022-06-25,Glenn,021,27897,5220,5178,1720,6898,48
2022-06-25,Humboldt,023,135768,19450,19234,3968,23202,149
2022-06-25,Imperial,025,180216,58624,58127,11557,69684,944
2022-06-25,Inyo,027,18085,4251,4228,642,4870,56
2022-06-25,Kern,029,883053,202105,200556,50498,251054,2344
2022-06-25,Kings,031,150075,54016,53783,3656,57439,448
2022-06-25,Lake,033,64148,11566,11471,1008,12479,140
2022-06-25,Lassen,035,31185,9311,9287,927,10214,64
2022-06-25,Los Angeles,037,10098052,2967516,2936815,144857,3081672,32036
2022-06-25,Madera,039,155013,39571,39319,6754,46073,372
2022-06-25,Marin,041,260295,40517,39979,4597,44576,297
2022-06-25,Mariposa,043,17540,2770,2713,267,2980,30
2022-06-25,Mendocino,045,87422,14418,14292,3737,18029,127
2022-06-25,Merced,047,269075,66148,65408,9762,75170,828
2022-06-25,Modoc,049,8938,780,777,271,1048,8
2022-06-25,Mono,051,14174,3086,3076,184,3260,7
2022-06-25,Monterey,053,433212,85929,85275,16942,102217,743
2022-06-25,Napa,055,140530,29318,29054,1254,30308,144
2022-06-25,Nevada,057,99092,17489,17339,1466,18805,129
2022-06-25,Orange,059,3164182,600448,595761,49840,645601,7090
2022-06-25,Placer,061,380077,69478,68785,8474,77259,628
2022-06-25,Plumas,063,18699,3283,3241,397,3638,13
2022-06-25,Riverside,065,2383286,630252,625794,30466,656260,6493
2022-06-25,Sacramento,067,1510023,313888,310837,30572,341409,3077
2022-06-25,San Benito,069,59416,14393,14192,707,14899,99
2022-06-25,San Bernardino,071,2135413,608468,598062,26708,624770,7803
2022-06-25,San Diego,073,3302833,830021,822848,61409,884257,5332
2022-06-25,San Francisco,075,870044,157847,155609,10376,165985,899
2022-06-25,San Joaquin,077,732212,180216,178447,11835,190282,2252
2022-06-25,San Luis Obispo,079,281455,57882,57472,5491,62963,485
2022-06-25,San Mateo,081,765935,149082,146955,9432,156387,723
2022-06-25,Santa Barbara,083,443738,94831,94017,5542,99559,699
2022-06-25,Santa Clara,085,1922200,383110,373961,16299,390260,2338
2022-06-25,Santa Cruz,087,273765,55622,54874,2744,57618,265
2022-06-25,Shasta,089,179085,32176,31921,6462,38383,570
2022-06-25,Sierra,091,2930,285,283,57,340,4
2022-06-25,Siskiyou,093,43540,4765,4744,2983,7727,81
2022-06-25,Solano,095,438530,94111,92248,6724,98972,455
2022-06-25,Sonoma,097,501317,97075,95981,4314,100295,493
2022-06-25,Stanislaus,099,539301,125514,124493,19265,143758,1672
2022-06-25,Sutter,101,95872,21809,21733,2319,24052,227
2022-06-25,Tehama,103,63373,12597,12510,2726,15236,205
2022-06-25,Trinity,105,12862,1252,1233,297,1530,20
2022-06-25,Tulare,107,460477,111528,111188,30203,141391,1496
2022-06-25,Tuolumne,109,53932,13859,13688,708,14396,189
2022-06-25,Ventura,111,848112,188918,187389,11815,199204,1514
2022-06-25,Yolo,113,214977,43400,41932,3631,45563,323
2022-06-25,Yuba,115,75493,17084,16994,1443,18437,124
2022-06-24,Alameda,001,1643700,306117,302071,17109,319180,1891
2022-06-24,Alpine,003,1148,129,129,1,130,0
2022-06-24,Amador,005,37829,9220,9135,764,9899,87
2022-06-24,Butte,007,227075,35889,35406,7860,43266,433
2022-06-24,Calaveras,009,45235,7793,7754,414,8168,124
2022-06-24,Colusa,011,21464,3556,3540,1118,4658,22
2022-06-24,Contra Costa,013,1133247,223836,218053,17157,235210,1335
2022-06-24,Del Norte,015,27424,6534,6398,292,6690,52
2022-06-24,El Dorado,017,186661,29614,29313,3710,33023,216
2022-06-24,Fresno,019,978130,247394,245118,26543,271661,2777
2022-06-24,Glenn,021,27897,5218,5178,1720,6898,48
2022-06-24,Humboldt,023,135768,19419,19234,3963,23197,149
2022-06-24,Imperial,025,180216,58552,58127,11527,69654,944
2022-06-24,Inyo,027,18085,4249,4228,638,4866,56
2022-06-24,Kern,029,883053,201932,200556,50402,250958,2344
2022-06-24,Kings,031,150075,53972,53783,3652,57435,448
2022-06-24,Lake,033,64148,11555,11471,1008,12479,140
2022-06-24,Lassen,035,31185,9308,9287,926,10213,64
2022-06-24,Los Angeles,037,10098052,2964233,2936815,144528,3081343,32036
2022-06-24,Madera,039,155013,39525,39319,6748,46067,372
2022-06-24,Marin,041,260295,40441,39979,4585,44564,297
2022-06-24,Mariposa,043,17540,2763,2713,267,2980,30
2022-06-24,Mendocino,045,87422,14409,14292,3734,18026,127
2022-06-24,Merced,047,269075,66110,65408,9753,75161,828
2022-06-24,Modoc,049,8938,780,777,271,1048,8
2022-06-24,Mono,051,14174,3082,3076,183,3259,7
2022-06-24,Monterey,053,433212,85848,85275,16915,102190,743
2022-06-24,Napa,055,140530,29290,29054,1253,30307,144
2022-06-24,Nevada,057,99092,17473,17339,1460,18799,129
2022-06-24,Orange,059,3164182,599758,595761,49696,645457,7090
2022-06-24,Placer,061,380077,69402,68785,8462,77247,628
2022-06-24,Plumas,063,18699,3279,3241,397,3638,13
2022-06-24,Riverside,065,2383286,629607,625794,30422,656216,6493
2022-06-24,Sacramento,067,1510023,313492,310837,30550,341387,3077
2022-06-24,San Benito,069,59416,14380,14192,706,14898,99
2022-06-24,San Bernardino,071,2135413,607880,598062,26683,624745,7803
2022-06-24,San Diego,073,3302833,828983,822848,61327,884175,5332
2022-06-24,San Francisco,075,870044,157534,155609,10349,165958,899
2022-06-24,San Joaquin,077,732212,180037,178447,11810,190257,2252
2022-06-24,San Luis Obispo,079,281455,57837,57472,5486,62958,485
2022-06-24,San Mateo,081,765935,148749,146955,9419,156374,723
2022-06-24,Santa Barbara,083,443738,94700,94017,5539,99556,699
2022-06-24,Santa Clara,085,1922200,382280,373961,16250,390211,2338
2022-06-24,Santa Cruz,087,273765,55521,54874,2733,57607,265
2022-06-24,Shasta,089,179085,32146,31921,6453,38374,570
2022-06-24,Sierra,091,2930,285,283,57,340,4
2022-06-24,Siskiyou,093,43540,4757,4744,2982,7726,81
2022-06-24,Solano,095,438530,93959,92248,6710,98958,455
2022-06-24,Sonoma,097,501317,96936,95981,4297,100278,493
2022-06-24,Stanislaus,099,539301,125389,124493,19243,143736,1672
2022-06-24,Sutter,101,95872,21794,21733,2318,24051,227
2022-06-24,Tehama,103,63373,12582,12510,2720,15230,205
2022-06-24,Trinity,105,12862,1249,1233,297,1530,20
2022-06-24,Tulare,107,460477,111427,111188,30146,141334,1496
2022-06-24,Tuolumne,109,53932,13840,13688,702,14390,189
2022-06-24,Ventura,111,848112,188691,187389,11786,199175,1514
2022-06-24,Yolo,113,214977,43308,41932,3622,45554,323
2022-06-24,Yuba,115,75493,17066,16994,1443,18437,124
2022-06-23,Alameda,001,1643700,305298,302071,17049,319120,1891
2022-06-23,Alpine,003,1148,129,129,1,130,0
2022-06-23,Amador,005,37829,9211,9135,763,9898,87
2022-06-23,Butte,007,227075,35829,35406,7841,43247,433
2022-06-23,Calaveras,009,45235,7782,7754,413,8167,124
2022-06-23,Colusa,011,21464,3549,3540,1116,4656,22
2022-06-23,Contra Costa,013,1133247,223326,218053,17063,235116,1335
2022-06-23,Del Norte,015,27424,6502,6398,290,6688,52
2022-06-23,El Dorado,017,186661,29556,29313,3698,33011,216
2022-06-23,Fresno,019,978130,246988,245118,26482,271600,2777
2022-06-23,Glenn,021,27897,5215,5178,1711,6889,48
2022-06-23,Humboldt,023,135768,19397,19234,3959,23193,149
2022-06-23,Imperial,025,180216,58478,58127,11474,69601,944
2022-06-23,Inyo,027,18085,4246,4228,635,4863,56
2022-06-23,Kern,029,883053,201650,200556,50252,250808,2344
2022-06-23,Kings,031,150075,53913,53783,3649,57432,448
2022-06-23,Lake,033,64148,11534,11471,1008,12479,140
2022-06-23,Lassen,035,31185,9298,9287,925,10212,64
2022-06-23,Los Angeles,037,10098052,2959559,2936815,143984,3080799,32036
2022-06-23,Madera,039,155013,39463,39319,6733,46052,372
2022-06-23,Marin,041,260295,40327,39979,4561,44540,297
2022-06-23,Mariposa,043,17540,2751,2713,267,2980,30
2022-06-23,Mendocino,045,87422,14380,14292,3730,18022,127
2022-06-23,Merced,047,269075,66032,65408,9737,75145,828
2022-06-23,Modoc,049,8938,779,777,271,1048,8
2022-06-23,Mono,051,14174,3080,3076,182,3258,7
2022-06-23,Monterey,053,433212,85702,85275,16862,102137,743
2022-06-23,Napa,055,140530,29233,29054,1252,30306,144
2022-06-23,Nevada,057,99092,17440,17339,1460,18799,129
2022-06-23,Orange,059,3164182,598747,595761,49515,645276,7090
2022-06-23,Placer,061,380077,69264,68785,8441,77226,628
2022-06-23,Plumas,063,18699,3274,3241,395,3636,13
2022-06-23,Riverside,065,2383286,628686,625794,30373,656167,6493
2022-06-23,Sacramento,067,1510023,312889,310837,30507,341344,3077
2022-06-23,San Benito,069,59416,14349,14192,704,14896,99
2022-06-23,San Bernardino,071,2135413,607085,598062,26649,624711,7803
2022-06-23,San Diego,073,3302833,827511,822848,61127,883975,5332
2022-06-23,San Francisco,075,870044,157072,155609,10316,165925,899
2022-06-23,San Joaquin,077,732212,179760,178447,11784,190231,2252
2022-06-23,San Luis Obispo,079,281455,57748,57472,5454,62926,485
2022-06-23,San Mateo,081,765935,148401,146955,9384,156339,723
2022-06-23,Santa Barbara,083,443738,94535,94017,5511,99528,699
2022-06-23,Santa Clara,085,1922200,381288,373961,16202,390163,2338
2022-06-23,Santa Cruz,087,273765,55410,54874,2721,57595,265
2022-06-23,Shasta,089,179085,32104,31921,6441,38362,570
2022-06-23,Sierra,091,2930,284,283,57,340,4
2022-06-23,Siskiyou,093,43540,4751,4744,2975,7719,81
2022-06-23,Solano,095,438530,93712,92248,6668,98916,455
2022-06-23,Sonoma,097,501317,96739,95981,4277,100258,493
2022-06-23,Stanislaus,099,539301,125208,124493,19213,143706,1672
2022-06-23,Sutter,101,95872,21760,21733,2318,24051,227
2022-06-23,Tehama,103,63373,12573,12510,2717,15227,205
2022-06-23,Trinity,105,12862,1247,1233,297,1530,20
2022-06-23,Tulare,107,460477,111302,111188,30078,141266,1496
2022-06-23,Tuolumne,109,53932,13813,13688,690,14378,189
2022-06-23,Ventura,111,848112,188395,187389,11749,199138,1514
2022-06-23,Yolo,113,214977,43204,41932,3611,45543,323
2022-06-23,Yuba,115,75493,17045,16994,1437,18431,124
2022-06-22,Alameda,001,1643700,304475,299567,16990,316557,1888
2022-06-22,Alpine,003,1148,129,129,1,130,0
2022-06-22,Amador,005,37829,9205,9049,762,9811,87
2022-06-22,Butte,007,227075,35763,35203,7823,43026,433
2022-06-22,Calaveras,009,45235,7770,7716,413,8129,122
2022-06-22,Colusa,011,21464,3546,3529,1116,4645,21
2022-06-22,Contra Costa,013,1133247,222806,216355,17008,233363,1328
2022-06-22,Del Norte,015,27424,6484,6367,289,6656,52
2022-06-22,El Dorado,017,186661,29493,29139,3685,32824,215
2022-06-22,Fresno,019,978130,246566,244129,26427,270556,2772
2022-06-22,Glenn,021,27897,5213,5161,1706,6867,48
2022-06-22,Humboldt,023,135768,19345,19111,3939,23050,148
2022-06-22,Imperial,025,180216,58378,57866,11441,69307,944
2022-06-22,Inyo,027,18085,4241,4222,634,4856,56
2022-06-22,Kern,029,883053,201378,199721,50118,249839,2341
2022-06-22,Kings,031,150075,53849,53568,3645,57213,448
2022-06-22,Lake,033,64148,11517,11426,1002,12428,140
2022-06-22,Lassen,035,31185,9290,9259,923,10182,64
2022-06-22,Los Angeles,037,10098052,2954588,2925667,143525,3069192,32015
2022-06-22,Madera,039,155013,39406,39139,6714,45853,372
2022-06-22,Marin,041,260295,40224,39687,4555,44242,297
2022-06-22,Mariposa,043,17540,2745,2695,264,2959,30
2022-06-22,Mendocino,045,87422,14364,14201,3709,17910,127
2022-06-22,Merced,047,269075,65934,65120,9713,74833,827
2022-06-22,Modoc,049,8938,778,773,267,1040,8
2022-06-22,Mono,051,14174,3079,3073,180,3253,7
2022-06-22,Monterey,053,433212,85575,84752,16819,101571,742
2022-06-22,Napa,055,140530,29163,28894,1248,30142,144
2022-06-22,Nevada,057,99092,17421,17280,1450,18730,129
2022-06-22,Orange,059,3164182,597557,592215,49324,641539,7084
2022-06-22,Placer,061,380077,69148,68447,8431,76878,628
2022-06-22,Plumas,063,18699,3264,3220,395,3615,13
2022-06-22,Riverside,065,2383286,627837,623584,30317,653901,6491
2022-06-22,Sacramento,067,1510023,312261,309105,30472,339577,3071
2022-06-22,San Benito,069,59416,14324,14128,701,14829,99
2022-06-22,San Bernardino,071,2135413,606284,595517,26619,622136,7774
2022-06-22,San Diego,073,3302833,825908,815124,60938,876062,5318
2022-06-22,San Francisco,075,870044,156593,154213,10286,164499,897
2022-06-22,San Joaquin,077,732212,179498,177637,11759,189396,2251
2022-06-22,San Luis Obispo,079,281455,57658,57177,5419,62596,485
2022-06-22,San Mateo,081,765935,147993,145781,9361,155142,723
2022-06-22,Santa Barbara,083,443738,94388,93576,5497,99073,700
2022-06-22,Santa Clara,085,1922200,380196,370678,16092,386770,2340
2022-06-22,Santa Cruz,087,273765,55291,54525,2708,57233,265
2022-06-22,Shasta,089,179085,32059,31786,6426,38212,570
2022-06-22,Sierra,091,2930,284,283,57,340,4
2022-06-22,Siskiyou,093,43540,4744,4711,2972,7683,81
2022-06-22,Solano,095,438530,93463,91528,6602,98130,454
2022-06-22,Sonoma,097,501317,96528,95363,4256,99619,493
2022-06-22,Stanislaus,099,539301,125012,124023,19156,143179,1670
2022-06-22,Sutter,101,95872,21728,21649,2317,23966,227
2022-06-22,Tehama,103,63373,12563,12465,2715,15180,205
2022-06-22,Trinity,105,12862,1245,1223,297,1520,20
2022-06-22,Tulare,107,460477,111168,110768,29998,140766,1496
2022-06-22,Tuolumne,109,53932,13794,13596,684,14280,189
2022-06-22,Ventura,111,848112,188090,186601,11697,198298,1514
2022-06-22,Yolo,113,214977,43085,41689,3600,45289,323
2022-06-22,Yuba,115,75493,17025,16912,1433,18345,124
2022-06-21,Alameda,001,1643700,303676,299567,16954,316521,1888
2022-06-21,Alpine,003,1148,129,129,1,130,0
2022-06-21,Amador,005,37829,9198,9049,759,9808,87
2022-06-21,Butte,007,227075,35691,35203,7812,43015,433
2022-06-21,Calaveras,009,45235,7761,7716,412,8128,122
2022-06-21,Colusa,011,21464,3544,3529,1114,4643,21
2022-06-21,Contra Costa,013,1133247,222243,216355,16959,233314,1328
2022-06-21,Del Norte,015,27424,6453,6367,287,6654,52
2022-06-21,El Dorado,017,186661,29420,29139,3678,32817,215
2022-06-21,Fresno,019,978130,246127,244129,26361,270490,2772
2022-06-21,Glenn,021,27897,5206,5161,1704,6865,48
2022-06-21,Humboldt,023,135768,19293,19111,3926,23037,148
2022-06-21,Imperial,025,180216,58283,57866,11405,69271,944
2022-06-21,Inyo,027,18085,4236,4222,628,4850,56
2022-06-21,Kern,029,883053,201056,199721,49935,249656,2341
2022-06-21,Kings,031,150075,53774,53568,3644,57212,448
2022-06-21,Lake,033,64148,11494,11426,999,12425,140
2022-06-21,Lassen,035,31185,9280,9259,920,10179,64
2022-06-21,Los Angeles,037,10098052,2949751,2925667,143012,3068679,32015
2022-06-21,Madera,039,155013,39322,39139,6703,45842,372
2022-06-21,Marin,041,260295,40134,39687,4543,44230,297
2022-06-21,Mariposa,043,17540,2739,2695,263,2958,30
2022-06-21,Mendocino,045,87422,14335,14201,3700,17901,127
2022-06-21,Merced,047,269075,65834,65120,9681,74801,827
2022-06-21,Modoc,049,8938,775,773,266,1039,8
2022-06-21,Mono,051,14174,3077,3073,179,3252,7
2022-06-21,Monterey,053,433212,85419,84752,16777,101529,742
2022-06-21,Napa,055,140530,29110,28894,1247,30141,144
2022-06-21,Nevada,057,99092,17393,17280,1447,18727,129
2022-06-21,Orange,059,3164182,596365,592215,49176,641391,7084
2022-06-21,Placer,061,380077,69021,68447,8419,76866,628
2022-06-21,Plumas,063,18699,3255,3220,394,3614,13
2022-06-21,Riverside,065,2383286,626876,623584,30258,653842,6491
2022-06-21,Sacramento,067,1510023,311568,309105,30427,339532,3071
2022-06-21,San Benito,069,59416,14288,14128,698,14826,99
2022-06-21,San Bernardino,071,2135413,605458,595517,26572,622089,7774
2022-06-21,San Diego,073,3302833,824228,815124,60733,875857,5318
2022-06-21,San Francisco,075,870044,156115,154213,10255,164468,897
2022-06-21,San Joaquin,077,732212,179179,177637,11729,189366,2251
2022-06-21,San Luis Obispo,079,281455,57547,57177,5374,62551,485
2022-06-21,San Mateo,081,765935,147505,145781,9340,155121,723
2022-06-21,Santa Barbara,083,443738,94221,93576,5483,99059,700
2022-06-21,Santa Clara,085,1922200,379030,370678,16044,386722,2340
2022-06-21,Santa Cruz,087,273765,55161,54525,2700,57225,265
2022-06-21,Shasta,089,179085,32014,31786,6408,38194,570
2022-06-21,Sierra,091,2930,284,283,57,340,4
2022-06-21,Siskiyou,093,43540,4736,4711,2964,7675,81
2022-06-21,Solano,095,438530,93202,91528,6584,98112,454
2022-06-21,Sonoma,097,501317,96294,95363,4232,99595,493
2022-06-21,Stanislaus,099,539301,124819,124023,19126,143149,1670
2022-06-21,Sutter,101,95872,21704,21649,2315,23964,227
2022-06-21,Tehama,103,63373,12549,12465,2715,15180,205
2022-06-21,Trinity,105,12862,1239,1223,297,1520,20
2022-06-21,Tulare,107,460477,111028,110768,29938,140706,1496
2022-06-21,Tuolumne,109,53932,13770,13596,678,14274,189
2022-06-21,Ventura,111,848112,187767,186601,11642,198243,1514
2022-06-21,Yolo,113,214977,42952,41689,3588,45277,323
2022-06-21,Yuba,115,75493,16996,16912,1432,18344,124
2022-06-20,Alameda,001,1643700,302778,299567,16895,316462,1888
2022-06-20,Alpine,003,1148,129,129,1,130,0
2022-06-20,Amador,005,37829,9188,9049,757,9806,87
2022-06-20,Butte,007,227075,35621,35203,7797,43000,433
2022-06-20,Calaveras,009,45235,7754,7716,412,8128,122
2022-06-20,Colusa,011,21464,3543,3529,1113,4642,21
2022-06-20,Contra Costa,013,1133247,221644,216355,16892,233247,1328
2022-06-20,Del Norte,015,27424,6441,6367,283,6650,52
2022-06-20,El Dorado,017,186661,29349,29139,3659,32798,215
2022-06-20,Fresno,019,978130,245638,244129,26297,270426,2772
2022-06-20,Glenn,021,27897,5202,5161,1701,6862,48
2022-06-20,Humboldt,023,135768,19245,19111,3909,23020,148
2022-06-20,Imperial,025,180216,58150,57866,11372,69238,944
2022-06-20,Inyo,027,18085,4232,4222,623,4845,56
2022-06-20,Kern,029,883053,200759,199721,49787,249508,2341
2022-06-20,Kings,031,150075,53693,53568,3642,57210,448
2022-06-20,Lake,033,64148,11473,11426,997,12423,140
2022-06-20,Lassen,035,31185,9275,9259,919,10178,64
2022-06-20,Los Angeles,037,10098052,2944335,2925667,142529,3068196,32015
2022-06-20,Madera,039,155013,39260,39139,6685,45824,372
2022-06-20,Marin,041,260295,40032,39687,4520,44207,297
2022-06-20,Mariposa,043,17540,2725,2695,263,2958,30
2022-06-20,Mendocino,045,87422,14306,14201,3695,17896,127
2022-06-20,Merced,047,269075,65741,65120,9655,74775,827
2022-06-20,Modoc,049,8938,774,773,265,1038,8
2022-06-20,Mono,051,14174,3077,3073,176,3249,7
2022-06-20,Monterey,053,433212,85270,84752,16712,101464,742
2022-06-20,Napa,055,140530,29038,28894,1244,30138,144
2022-06-20,Nevada,057,99092,17368,17280,1438,18718,129
2022-06-20,Orange,059,3164182,595102,592215,49018,641233,7084
2022-06-20,Placer,061,380077,68903,68447,8406,76853,628
2022-06-20,Plumas,063,18699,3249,3220,394,3614,13
2022-06-20,Riverside,065,2383286,625939,623584,30190,653774,6491
2022-06-20,Sacramento,067,1510023,310863,309105,30354,339459,3071
2022-06-20,San Benito,069,59416,14242,14128,692,14820,99
2022-06-20,San Bernardino,071,2135413,604553,595517,26534,622051,7774
2022-06-20,San Diego,073,3302833,822242,815124,60481,875605,5318
2022-06-20,San Francisco,075,870044,155500,154213,10216,164429,897
2022-06-20,San Joaquin,077,732212,178853,177637,11684,189321,2251
2022-06-20,San Luis Obispo,079,281455,57443,57177,5326,62503,485
2022-06-20,San Mateo,081,765935,146999,145781,9315,155096,723
2022-06-20,Santa Barbara,083,443738,94037,93576,5458,99034,700
2022-06-20,Santa Clara,085,1922200,377825,370678,15982,386660,2340
2022-06-20,Santa Cruz,087,273765,54988,54525,2693,57218,265
2022-06-20,Shasta,089,179085,31958,31786,6396,38182,570
2022-06-20,Sierra,091,2930,284,283,56,339,4
2022-06-20,Siskiyou,093,43540,4723,4711,2953,7664,81
2022-06-20,Solano,095,438530,92873,91528,6562,98090,454
2022-06-20,Sonoma,097,501317,96054,95363,4206,99569,493
2022-06-20,Stanislaus,099,539301,124634,124023,19097,143120,1670
2022-06-20,Sutter,101,95872,21673,21649,2296,23945,227
2022-06-20,Tehama,103,63373,12534,12465,2712,15177,205
2022-06-20,Trinity,105,12862,1234,1223,297,1520,20
2022-06-20,Tulare,107,460477,110885,110768,29873,140641,1496
2022-06-20,Tuolumne,109,53932,13734,13596,678,14274,189
2022-06-20,Ventura,111,848112,187431,186601,11602,198203,1514
2022-06-20,Yolo,113,214977,42791,41689,3570,45259,323
2022-06-20,Yuba,115,75493,16971,16912,1426,18338,124
2022-06-19,Alameda,001,1643700,301853,296062,16864,312926,1883
2022-06-19,Alpine,003,1148,129,129,1,130,0
2022-06-19,Amador,005,37829,9138,8985,744,9729,87
2022-06-19,Butte,007,227075,35560,34920,7774,42694,432
2022-06-19,Calaveras,009,45235,7736,7664,411,8075,122
2022-06-19,Colusa,011,21464,3538,3519,1109,4628,21
2022-06-19,Contra Costa,013,1133247,220961,213994,16824,230818,1323
2022-06-19,Del Norte,015,27424,6424,6307,280,6587,52
2022-06-19,El Dorado,017,186661,29267,28904,3644,32548,215
2022-06-19,Fresno,019,978130,245189,242214,26228,268442,2768
2022-06-19,Glenn,021,27897,5193,5131,1699,6830,48
2022-06-19,Humboldt,023,135768,19200,18885,3884,22769,148
2022-06-19,Imperial,025,180216,58027,57450,11339,68789,944
2022-06-19,Inyo,027,18085,4231,4209,622,4831,56
2022-06-19,Kern,029,883053,200394,198567,49617,248184,2340
2022-06-19,Kings,031,150075,53599,53242,3639,56881,448
2022-06-19,Lake,033,64148,11459,11318,996,12314,140
2022-06-19,Lassen,035,31185,9262,9225,919,10144,64
2022-06-19,Los Angeles,037,10098052,2939430,2909197,141969,3051166,31999
2022-06-19,Madera,039,155013,39168,38859,6664,45523,372
2022-06-19,Marin,041,260295,39904,39214,4510,43724,294
2022-06-19,Mariposa,043,17540,2718,2662,262,2924,30
2022-06-19,Mendocino,045,87422,14279,14090,3682,17772,127
2022-06-19,Merced,047,269075,65640,64734,9625,74359,827
2022-06-19,Modoc,049,8938,771,771,264,1035,8
2022-06-19,Mono,051,14174,3075,3066,175,3241,6
2022-06-19,Monterey,053,433212,85122,84032,16666,100698,744
2022-06-19,Napa,055,140530,28978,28619,1240,29859,144
2022-06-19,Nevada,057,99092,17338,17134,1430,18564,129
2022-06-19,Orange,059,3164182,593848,587176,48825,636001,7074
2022-06-19,Placer,061,380077,68785,67961,8385,76346,628
2022-06-19,Plumas,063,18699,3241,3201,394,3595,13
2022-06-19,Riverside,065,2383286,625066,619760,30141,649901,6488
2022-06-19,Sacramento,067,1510023,310135,306215,30297,336512,3072
2022-06-19,San Benito,069,59416,14223,13985,690,14675,99
2022-06-19,San Bernardino,071,2135413,603731,591926,26497,618423,7765
2022-06-19,San Diego,073,3302833,820711,815124,60361,875485,5318
2022-06-19,San Francisco,075,870044,154983,151898,10177,162075,897
2022-06-19,San Joaquin,077,732212,178531,176323,11646,187969,2251
2022-06-19,San Luis Obispo,079,281455,57305,56767,5269,62036,485
2022-06-19,San Mateo,081,765935,146545,143879,9281,153160,723
2022-06-19,Santa Barbara,083,443738,93867,92906,5442,98348,699
2022-06-19,Santa Clara,085,1922200,376650,365638,15921,381559,2328
2022-06-19,Santa Cruz,087,273765,54825,53866,2674,56540,264
2022-06-19,Shasta,089,179085,31899,31647,6385,38032,568
2022-06-19,Sierra,091,2930,284,281,56,337,4
2022-06-19,Siskiyou,093,43540,4711,4672,2947,7619,81
2022-06-19,Solano,095,438530,92616,90548,6549,97097,454
2022-06-19,Sonoma,097,501317,95811,94318,4185,98503,493
2022-06-19,Stanislaus,099,539301,124448,123264,19048,142312,1668
2022-06-19,Sutter,101,95872,21638,21501,2288,23789,227
2022-06-19,Tehama,103,63373,12525,12410,2706,15116,205
2022-06-19,Trinity,105,12862,1231,1220,297,1517,20
2022-06-19,Tulare,107,460477,110703,110041,29817,139858,1496
2022-06-19,Tuolumne,109,53932,13707,13487,678,14165,189
2022-06-19,Ventura,111,848112,187079,185219,11557,196776,1513
2022-06-19,Yolo,113,214977,42702,41135,3557,44692,323
2022-06-19,Yuba,115,75493,16939,16786,1423,18209,124
2022-06-18,Alameda,001,1643700,301387,296062,16843,312905,1883
2022-06-18,Alpine,003,1148,129,129,1,130,0
2022-06-18,Amador,005,37829,9131,8985,740,9725,87
2022-06-18,Butte,007,227075,35510,34920,7763,42683,432
2022-06-18,Calaveras,009,45235,7724,7664,411,8075,122
2022-06-18,Colusa,011,21464,3535,3519,1109,4628,21
2022-06-18,Contra Costa,013,1133247,220648,213994,16795,230789,1323
2022-06-18,Del Norte,015,27424,6418,6307,279,6586,52
2022-06-18,El Dorado,017,186661,29238,28904,3641,32545,215
2022-06-18,Fresno,019,978130,244986,242214,26211,268425,2768
2022-06-18,Glenn,021,27897,5190,5131,1698,6829,48
2022-06-18,Humboldt,023,135768,19171,18885,3877,22762,148
2022-06-18,Imperial,025,180216,57957,57450,11326,68776,944
2022-06-18,Inyo,027,18085,4230,4209,621,4830,56
2022-06-18,Kern,029,883053,200270,198567,49531,248098,2340
2022-06-18,Kings,031,150075,53563,53242,3638,56880,448
2022-06-18,Lake,033,64148,11448,11318,994,12312,140
2022-06-18,Lassen,035,31185,9258,9225,919,10144,64
2022-06-18,Los Angeles,037,10098052,2936986,2909197,141677,3050874,31999
2022-06-18,Madera,039,155013,39145,38859,6658,45517,372
2022-06-18,Marin,041,260295,39840,39214,4500,43714,294
2022-06-18,Mariposa,043,17540,2713,2662,262,2924,30
2022-06-18,Mendocino,045,87422,14257,14090,3679,17769,127
2022-06-18,Merced,047,269075,65575,64734,9615,74349,827
2022-06-18,Modoc,049,8938,771,771,264,1035,8
2022-06-18,Mono,051,14174,3074,3066,175,3241,6
2022-06-18,Monterey,053,433212,85030,84032,16638,100670,744
2022-06-18,Napa,055,140530,28953,28619,1239,29858,144
2022-06-18,Nevada,057,99092,17326,17134,1429,18563,129
2022-06-18,Orange,059,3164182,593226,587176,48712,635888,7074
2022-06-18,Placer,061,380077,68720,67961,8372,76333,628
2022-06-18,Plumas,063,18699,3233,3201,394,3595,13
2022-06-18,Riverside,065,2383286,624532,619760,30126,649886,6488
2022-06-18,Sacramento,067,1510023,309817,306215,30275,336490,3072
2022-06-18,San Benito,069,59416,14208,13985,683,14668,99
2022-06-18,San Bernardino,071,2135413,603303,591926,26475,618401,7765
2022-06-18,San Diego,073,3302833,819993,815124,60300,875424,5318
2022-06-18,San Francisco,075,870044,154650,151898,10159,162057,897
2022-06-18,San Joaquin,077,732212,178368,176323,11637,187960,2251
2022-06-18,San Luis Obispo,079,281455,57260,56767,5260,62027,485
2022-06-18,San Mateo,081,765935,146276,143879,9258,153137,723
2022-06-18,Santa Barbara,083,443738,93756,92906,5432,98338,699
2022-06-18,Santa Clara,085,1922200,375897,365638,15876,381514,2328
2022-06-18,Santa Cruz,087,273765,54749,53866,2664,56530,264
2022-06-18,Shasta,089,179085,31878,31647,6382,38029,568
2022-06-18,Sierra,091,2930,284,281,56,337,4
2022-06-18,Siskiyou,093,43540,4703,4672,2943,7615,81
2022-06-18,Solano,095,438530,92533,90548,6540,97088,454
2022-06-18,Sonoma,097,501317,95672,94318,4167,98485,493
2022-06-18,Stanislaus,099,539301,124340,123264,19027,142291,1668
2022-06-18,Sutter,101,95872,21617,21501,2285,23786,227
2022-06-18,Tehama,103,63373,12516,12410,2702,15112,205
2022-06-18,Trinity,105,12862,1230,1220,297,1517,20
2022-06-18,Tulare,107,460477,110622,110041,29776,139817,1496
2022-06-18,Tuolumne,109,53932,13685,13487,675,14162,189
2022-06-18,Ventura,111,848112,186904,185219,11534,196753,1513
2022-06-18,Yolo,113,214977,42633,41135,3552,44687,323
2022-06-18,Yuba,115,75493,16926,16786,1423,18209,124
2022-06-17,Alameda,001,1643700,300917,296062,16829,312891,1883
2022-06-17,Alpine,003,1148,129,129,1,130,0
2022-06-17,Amador,005,37829,9122,8985,740,9725,87
2022-06-17,Butte,007,227075,35479,34920,7753,42673,432
2022-06-17,Calaveras,009,45235,7716,7664,411,8075,122
2022-06-17,Colusa,011,21464,3534,3519,1104,4623,21
2022-06-17,Contra Costa,013,1133247,220349,213994,16769,230763,1323
2022-06-17,Del Norte,015,27424,6404,6307,279,6586,52
2022-06-17,El Dorado,017,186661,29206,28904,3637,32541,215
2022-06-17,Fresno,019,978130,244742,242214,26185,268399,2768
2022-06-17,Glenn,021,27897,5189,5131,1692,6823,48
2022-06-17,Humboldt,023,135768,19144,18885,3873,22758,148
2022-06-17,Imperial,025,180216,57904,57450,11314,68764,944
2022-06-17,Inyo,027,18085,4226,4209,615,4824,56
2022-06-17,Kern,029,883053,200116,198567,49489,248056,2340
2022-06-17,Kings,031,150075,53536,53242,3637,56879,448
2022-06-17,Lake,033,64148,11440,11318,993,12311,140
2022-06-17,Lassen,035,31185,9257,9225,918,10143,64
2022-06-17,Los Angeles,037,10098052,2934137,2909197,141378,3050575,31999
2022-06-17,Madera,039,155013,39120,38859,6652,45511,372
2022-06-17,Marin,041,260295,39745,39214,4487,43701,294
2022-06-17,Mariposa,043,17540,2709,2662,262,2924,30
2022-06-17,Mendocino,045,87422,14240,14090,3675,17765,127
2022-06-17,Merced,047,269075,65517,64734,9611,74345,827
2022-06-17,Modoc,049,8938,771,771,264,1035,8
2022-06-17,Mono,051,14174,3074,3066,175,3241,6
2022-06-17,Monterey,053,433212,84940,84032,16608,100640,744
2022-06-17,Napa,055,140530,28914,28619,1236,29855,144
2022-06-17,Nevada,057,99092,17308,17134,1424,18558,129
2022-06-17,Orange,059,3164182,592549,587176,48575,635751,7074
2022-06-17,Placer,061,380077,68660,67961,8360,76321,628
2022-06-17,Plumas,063,18699,3232,3201,393,3594,13
2022-06-17,Riverside,065,2383286,623981,619760,30090,649850,6488
2022-06-17,Sacramento,067,1510023,309429,306215,30255,336470,3072
2022-06-17,San Benito,069,59416,14196,13985,683,14668,99
2022-06-17,San Bernardino,071,2135413,602865,591926,26444,618370,7765
2022-06-17,San Diego,073,3302833,819029,815124,60196,875320,5318
2022-06-17,San Francisco,075,870044,154336,151898,10126,162024,897
2022-06-17,San Joaquin,077,732212,178217,176323,11627,187950,2251
2022-06-17,San Luis Obispo,079,281455,57223,56767,5254,62021,485
2022-06-17,San Mateo,081,765935,145973,143879,9239,153118,723
2022-06-17,Santa Barbara,083,443738,93651,92906,5420,98326,699
2022-06-17,Santa Clara,085,1922200,375072,365638,15844,381482,2328
2022-06-17,Santa Cruz,087,273765,54683,53866,2659,56525,264
2022-06-17,Shasta,089,179085,31851,31647,6374,38021,568
2022-06-17,Sierra,091,2930,284,281,56,337,4
2022-06-17,Siskiyou,093,43540,4696,4672,2943,7615,81
2022-06-17,Solano,095,438530,92389,90548,6527,97075,454
2022-06-17,Sonoma,097,501317,95507,94318,4150,98468,493
2022-06-17,Stanislaus,099,539301,124243,123264,19018,142282,1668
2022-06-17,Sutter,101,95872,21595,21501,2279,23780,227
2022-06-17,Tehama,103,63373,12501,12410,2699,15109,205
2022-06-17,Trinity,105,12862,1230,1220,297,1517,20
2022-06-17,Tulare,107,460477,110540,110041,29739,139780,1496
2022-06-17,Tuolumne,109,53932,13672,13487,674,14161,189
2022-06-17,Ventura,111,848112,186724,185219,11513,196732,1513
2022-06-17,Yolo,113,214977,42551,41135,3539,44674,323
2022-06-17,Yuba,115,75493,16919,16786,1420,18206,124
2022-06-16,Alameda,001,1643700,300136,296062,16779,312841,1883
2022-06-16,Alpine,003,1148,129,129,1,130,0
2022-06-16,Amador,005,37829,9115,8985,735,9720,87
2022-06-16,Butte,007,227075,35404,34920,7737,42657,432
2022-06-16,Calaveras,009,45235,7704,7664,410,8074,122
2022-06-16,Colusa,011,21464,3532,3519,1103,4622,21
2022-06-16,Contra Costa,013,1133247,219885,213994,16718,230712,1323
2022-06-16,Del Norte,015,27424,6390,6307,278,6585,52
2022-06-16,El Dorado,017,186661,29154,28904,3625,32529,215
2022-06-16,Fresno,019,978130,244368,242214,26122,268336,2768
2022-06-16,Glenn,021,27897,5180,5131,1688,6819,48
2022-06-16,Humboldt,023,135768,19114,18885,3859,22744,148
2022-06-16,Imperial,025,180216,57805,57450,11285,68735,944
2022-06-16,Inyo,027,18085,4225,4209,612,4821,56
2022-06-16,Kern,029,883053,199905,198567,49374,247941,2340
2022-06-16,Kings,031,150075,53469,53242,3633,56875,448
2022-06-16,Lake,033,64148,11424,11318,993,12311,140
2022-06-16,Lassen,035,31185,9250,9225,918,10143,64
2022-06-16,Los Angeles,037,10098052,2930128,2909197,141018,3050215,31999
2022-06-16,Madera,039,155013,39089,38859,6642,45501,372
2022-06-16,Marin,041,260295,39646,39214,4474,43688,294
2022-06-16,Mariposa,043,17540,2701,2662,260,2922,30
2022-06-16,Mendocino,045,87422,14211,14090,3665,17755,127
2022-06-16,Merced,047,269075,65438,64734,9592,74326,827
2022-06-16,Modoc,049,8938,771,771,264,1035,8
2022-06-16,Mono,051,14174,3073,3066,174,3240,6
2022-06-16,Monterey,053,433212,84791,84032,16553,100585,744
2022-06-16,Napa,055,140530,28870,28619,1233,29852,144
2022-06-16,Nevada,057,99092,17285,17134,1419,18553,129
2022-06-16,Orange,059,3164182,591526,587176,48440,635616,7074
2022-06-16,Placer,061,380077,68575,67961,8337,76298,628
2022-06-16,Plumas,063,18699,3225,3201,392,3593,13
2022-06-16,Riverside,065,2383286,623235,619760,30046,649806,6488
2022-06-16,Sacramento,067,1510023,308847,306215,30221,336436,3072
2022-06-16,San Benito,069,59416,14172,13985,680,14665,99
2022-06-16,San Bernardino,071,2135413,602208,591926,26406,618332,7765
2022-06-16,San Diego,073,3302833,817508,815124,60038,875162,5318
2022-06-16,San Francisco,075,870044,153891,151898,10086,161984,897
2022-06-16,San Joaquin,077,732212,177963,176323,11610,187933,2251
2022-06-16,San Luis Obispo,079,281455,57145,56767,5234,62001,485
2022-06-16,San Mateo,081,765935,145608,143879,9223,153102,723
2022-06-16,Santa Barbara,083,443738,93502,92906,5406,98312,699
2022-06-16,Santa Clara,085,1922200,374130,365638,15795,381433,2328
2022-06-16,Santa Cruz,087,273765,54550,53866,2647,56513,264
2022-06-16,Shasta,089,179085,31821,31647,6363,38010,568
2022-06-16,Sierra,091,2930,283,281,56,337,4
2022-06-16,Siskiyou,093,43540,4687,4672,2934,7606,81
2022-06-16,Solano,095,438530,92195,90548,6514,97062,454
2022-06-16,Sonoma,097,501317,95320,94318,4133,98451,493
2022-06-16,Stanislaus,099,539301,124082,123264,19001,142265,1668
2022-06-16,Sutter,101,95872,21570,21501,2277,23778,227
2022-06-16,Tehama,103,63373,12482,12410,2697,15107,205
2022-06-16,Trinity,105,12862,1228,1220,294,1514,20
2022-06-16,Tulare,107,460477,110411,110041,29696,139737,1496
2022-06-16,Tuolumne,109,53932,13648,13487,670,14157,189
2022-06-16,Ventura,111,848112,186453,185219,11468,196687,1513
2022-06-16,Yolo,113,214977,42460,41135,3528,44663,323
2022-06-16,Yuba,115,75493,16895,16786,1416,18202,124
2022-06-15,Alameda,001,1643700,299353,295002,16752,311754,1880
2022-06-15,Alpine,003,1148,129,129,1,130,0
2022-06-15,Amador,005,37829,9107,8972,735,9707,87
2022-06-15,Butte,007,227075,35341,34841,7718,42559,430
2022-06-15,Calaveras,009,45235,7701,7648,408,8056,122
2022-06-15,Colusa,011,21464,3528,3515,1101,4616,21
2022-06-15,Contra Costa,013,1133247,219423,213219,16673,229892,1321
2022-06-15,Del Norte,015,27424,6379,6298,277,6575,52
2022-06-15,El Dorado,017,186661,29100,28829,3613,32442,215
2022-06-15,Fresno,019,978130,243996,241768,26076,267844,2767
2022-06-15,Glenn,021,27897,5174,5128,1680,6808,48
2022-06-15,Humboldt,023,135768,19076,18836,3834,22670,148
2022-06-15,Imperial,025,180216,57722,57373,11262,68635,941
2022-06-15,Inyo,027,18085,4223,4205,611,4816,56
2022-06-15,Kern,029,883053,199640,198216,49267,247483,2338
2022-06-15,Kings,031,150075,53415,53170,3631,56801,448
2022-06-15,Lake,033,64148,11404,11303,988,12291,140
2022-06-15,Lassen,035,31185,9246,9209,917,10126,64
2022-06-15,Los Angeles,037,10098052,2925812,2897298,140655,3037953,31971
2022-06-15,Madera,039,155013,39045,38776,6625,45401,372
2022-06-15,Marin,041,260295,39557,39027,4467,43494,294
2022-06-15,Mariposa,043,17540,2697,2651,258,2909,30
2022-06-15,Mendocino,045,87422,14179,14052,3655,17707,127
2022-06-15,Merced,047,269075,65357,64595,9580,74175,825
2022-06-15,Modoc,049,8938,770,772,264,1036,8
2022-06-15,Mono,051,14174,3073,3060,173,3233,6
2022-06-15,Monterey,053,433212,84650,83837,16513,100350,741
2022-06-15,Napa,055,140530,28810,28518,1224,29742,144
2022-06-15,Nevada,057,99092,17260,17107,1415,18522,127
2022-06-15,Orange,059,3164182,590499,585496,48269,633765,7067
2022-06-15,Placer,061,380077,68452,67805,8321,76126,628
2022-06-15,Plumas,063,18699,3220,3185,390,3575,13
2022-06-15,Riverside,065,2383286,622510,618584,29994,648578,6482
2022-06-15,Sacramento,067,1510023,308251,305361,30174,335535,3059
2022-06-15,San Benito,069,59416,14132,13953,673,14626,99
2022-06-15,San Bernardino,071,2135413,601556,590328,26366,616694,7735
2022-06-15,San Diego,073,3302833,815960,811093,59871,870964,5316
2022-06-15,San Francisco,075,870044,153464,151170,10061,161231,890
2022-06-15,San Joaquin,077,732212,177719,175966,11579,187545,2244
2022-06-15,San Luis Obispo,079,281455,57059,56535,5197,61732,486
2022-06-15,San Mateo,081,765935,145211,143277,9207,152484,722
2022-06-15,Santa Barbara,083,443738,93369,92710,5399,98109,698
2022-06-15,Santa Clara,085,1922200,373121,364014,15759,379773,2323
2022-06-15,Santa Cruz,087,273765,54435,53718,2642,56360,265
2022-06-15,Shasta,089,179085,31781,31598,6356,37954,568
2022-06-15,Sierra,091,2930,281,280,56,336,4
2022-06-15,Siskiyou,093,43540,4676,4656,2924,7580,81
2022-06-15,Solano,095,438530,91966,90265,6502,96767,453
2022-06-15,Sonoma,097,501317,95127,94041,4121,98162,492
2022-06-15,Stanislaus,099,539301,123939,122944,18976,141920,1668
2022-06-15,Sutter,101,95872,21543,21448,2272,23720,227
2022-06-15,Tehama,103,63373,12474,12392,2691,15083,205
2022-06-15,Trinity,105,12862,1227,1217,292,1509,20
2022-06-15,Tulare,107,460477,110307,109930,29659,139589,1495
2022-06-15,Tuolumne,109,53932,13637,13459,670,14129,189
2022-06-15,Ventura,111,848112,186181,184750,11419,196169,1509
2022-06-15,Yolo,113,214977,42356,40756,3513,44269,322
2022-06-15,Yuba,115,75493,16870,16754,1411,18165,124
2022-06-14,Alameda,001,1643700,298657,295002,16708,311710,1880
2022-06-14,Alpine,003,1148,129,129,1,130,0
2022-06-14,Amador,005,37829,9091,8972,730,9702,87
2022-06-14,Butte,007,227075,35286,34841,7702,42543,430
2022-06-14,Calaveras,009,45235,7690,7648,407,8055,122
2022-06-14,Colusa,011,21464,3526,3515,1100,4615,21
2022-06-14,Contra Costa,013,1133247,218889,213219,16614,229833,1321
2022-06-14,Del Norte,015,27424,6371,6298,274,6572,52
2022-06-14,El Dorado,017,186661,29047,28829,3605,32434,215
2022-06-14,Fresno,019,978130,243598,241768,26014,267782,2767
2022-06-14,Glenn,021,27897,5165,5128,1677,6805,48
2022-06-14,Humboldt,023,135768,19026,18836,3817,22653,148
2022-06-14,Imperial,025,180216,57648,57373,11232,68605,941
2022-06-14,Inyo,027,18085,4218,4205,610,4815,56
2022-06-14,Kern,029,883053,199378,198216,49151,247367,2338
2022-06-14,Kings,031,150075,53345,53170,3629,56799,448
2022-06-14,Lake,033,64148,11378,11303,987,12290,140
2022-06-14,Lassen,035,31185,9240,9209,914,10123,64
2022-06-14,Los Angeles,037,10098052,2921273,2897298,140231,3037529,31971
2022-06-14,Madera,039,155013,38992,38776,6616,45392,372
2022-06-14,Marin,041,260295,39448,39027,4456,43483,294
2022-06-14,Mariposa,043,17540,2686,2651,255,2906,30
2022-06-14,Mendocino,045,87422,14151,14052,3642,17694,127
2022-06-14,Merced,047,269075,65275,64595,9555,74150,825
2022-06-14,Modoc,049,8938,770,772,263,1035,8
2022-06-14,Mono,051,14174,3073,3060,172,3232,6
2022-06-14,Monterey,053,433212,84511,83837,16467,100304,741
2022-06-14,Napa,055,140530,28746,28518,1223,29741,144
2022-06-14,Nevada,057,99092,17229,17107,1410,18517,127
2022-06-14,Orange,059,3164182,589371,585496,48104,633600,7067
2022-06-14,Placer,061,380077,68329,67805,8306,76111,628
2022-06-14,Plumas,063,18699,3216,3185,390,3575,13
2022-06-14,Riverside,065,2383286,621729,618584,29959,648543,6482
2022-06-14,Sacramento,067,1510023,307620,305361,30090,335451,3059
2022-06-14,San Benito,069,59416,14097,13953,671,14624,99
2022-06-14,San Bernardino,071,2135413,600841,590328,26322,616650,7735
2022-06-14,San Diego,073,3302833,814250,811093,59722,870815,5316
2022-06-14,San Francisco,075,870044,152985,151170,10034,161204,890
2022-06-14,San Joaquin,077,732212,177450,175966,11543,187509,2244
2022-06-14,San Luis Obispo,079,281455,56950,56535,5149,61684,486
2022-06-14,San Mateo,081,765935,144829,143277,9193,152470,722
2022-06-14,Santa Barbara,083,443738,93233,92710,5383,98093,698
2022-06-14,Santa Clara,085,1922200,372054,364014,15714,379728,2323
2022-06-14,Santa Cruz,087,273765,54308,53718,2631,56349,265
2022-06-14,Shasta,089,179085,31751,31598,6348,37946,568
2022-06-14,Sierra,091,2930,281,280,56,336,4
2022-06-14,Siskiyou,093,43540,4666,4656,2918,7574,81
2022-06-14,Solano,095,438530,91707,90265,6481,96746,453
2022-06-14,Sonoma,097,501317,94911,94041,4107,98148,492
2022-06-14,Stanislaus,099,539301,123762,122944,18947,141891,1668
2022-06-14,Sutter,101,95872,21505,21448,2268,23716,227
2022-06-14,Tehama,103,63373,12456,12392,2690,15082,205
2022-06-14,Trinity,105,12862,1226,1217,292,1509,20
2022-06-14,Tulare,107,460477,110167,109930,29613,139543,1495
2022-06-14,Tuolumne,109,53932,13616,13459,666,14125,189
2022-06-14,Ventura,111,848112,185888,184750,11381,196131,1509
2022-06-14,Yolo,113,214977,42249,40756,3502,44258,322
2022-06-14,Yuba,115,75493,16840,16754,1408,18162,124
2022-06-13,Alameda,001,1643700,297833,295002,16659,311661,1880
2022-06-13,Alpine,003,1148,129,129,1,130,0
2022-06-13,Amador,005,37829,9084,8972,728,9700,87
2022-06-13,Butte,007,227075,35208,34841,7677,42518,430
2022-06-13,Calaveras,009,45235,7672,7648,407,8055,122
2022-06-13,Colusa,011,21464,3526,3515,1097,4612,21
2022-06-13,Contra Costa,013,1133247,218314,213219,16547,229766,1321
2022-06-13,Del Norte,015,27424,6359,6298,270,6568,52
2022-06-13,El Dorado,017,186661,28997,28829,3593,32422,215
2022-06-13,Fresno,019,978130,243171,241768,25958,267726,2767
2022-06-13,Glenn,021,27897,5161,5128,1673,6801,48
2022-06-13,Humboldt,023,135768,18973,18836,3793,22629,148
2022-06-13,Imperial,025,180216,57548,57373,11188,68561,941
2022-06-13,Inyo,027,18085,4214,4205,605,4810,56
2022-06-13,Kern,029,883053,199111,198216,49015,247231,2338
2022-06-13,Kings,031,150075,53280,53170,3625,56795,448
2022-06-13,Lake,033,64148,11353,11303,986,12289,140
2022-06-13,Lassen,035,31185,9232,9209,911,10120,64
2022-06-13,Los Angeles,037,10098052,2916692,2897298,139841,3037139,31971
2022-06-13,Madera,039,155013,38925,38776,6598,45374,372
2022-06-13,Marin,041,260295,39341,39027,4428,43455,294
2022-06-13,Mariposa,043,17540,2672,2651,254,2905,30
2022-06-13,Mendocino,045,87422,14127,14052,3626,17678,127
2022-06-13,Merced,047,269075,65199,64595,9527,74122,825
2022-06-13,Modoc,049,8938,769,772,263,1035,8
2022-06-13,Mono,051,14174,3071,3060,172,3232,6
2022-06-13,Monterey,053,433212,84376,83837,16416,100253,741
2022-06-13,Napa,055,140530,28675,28518,1219,29737,144
2022-06-13,Nevada,057,99092,17198,17107,1407,18514,127
2022-06-13,Orange,059,3164182,588134,585496,47921,633417,7067
2022-06-13,Placer,061,380077,68232,67805,8284,76089,628
2022-06-13,Plumas,063,18699,3211,3185,389,3574,13
2022-06-13,Riverside,065,2383286,620988,618584,29924,648508,6482
2022-06-13,Sacramento,067,1510023,306943,305361,30023,335384,3059
2022-06-13,San Benito,069,59416,14070,13953,665,14618,99
2022-06-13,San Bernardino,071,2135413,600046,590328,26291,616619,7735
2022-06-13,San Diego,073,3302833,812545,811093,59616,870709,5316
2022-06-13,San Francisco,075,870044,152451,151170,10016,161186,890
2022-06-13,San Joaquin,077,732212,177186,175966,11506,187472,2244
2022-06-13,San Luis Obispo,079,281455,56847,56535,5097,61632,486
2022-06-13,San Mateo,081,765935,144389,143277,9171,152448,722
2022-06-13,Santa Barbara,083,443738,93104,92710,5370,98080,698
2022-06-13,Santa Clara,085,1922200,371033,364014,15663,379677,2323
2022-06-13,Santa Cruz,087,273765,54170,53718,2624,56342,265
2022-06-13,Shasta,089,179085,31718,31598,6341,37939,568
2022-06-13,Sierra,091,2930,281,280,56,336,4
2022-06-13,Siskiyou,093,43540,4662,4656,2910,7566,81
2022-06-13,Solano,095,438530,91468,90265,6455,96720,453
2022-06-13,Sonoma,097,501317,94654,94041,4088,98129,492
2022-06-13,Stanislaus,099,539301,123594,122944,18922,141866,1668
2022-06-13,Sutter,101,95872,21477,21448,2264,23712,227
2022-06-13,Tehama,103,63373,12436,12392,2687,15079,205
2022-06-13,Trinity,105,12862,1224,1217,292,1509,20
2022-06-13,Tulare,107,460477,110017,109930,29564,139494,1495
2022-06-13,Tuolumne,109,53932,13593,13459,663,14122,189
2022-06-13,Ventura,111,848112,185596,184750,11329,196079,1509
2022-06-13,Yolo,113,214977,42111,40756,3490,44246,322
2022-06-13,Yuba,115,75493,16822,16754,1404,18158,124
2022-06-12,Alameda,001,1643700,297015,292112,16601,308713,1877
2022-06-12,Alpine,003,1148,129,129,1,130,0
2022-06-12,Amador,005,37829,9061,8869,727,9596,87
2022-06-12,Butte,007,227075,35151,34596,7656,42252,427
2022-06-12,Calaveras,009,45235,7658,7604,404,8008,122
2022-06-12,Colusa,011,21464,3525,3505,1096,4601,21
2022-06-12,Contra Costa,013,1133247,217726,211229,16475,227704,1315
2022-06-12,Del Norte,015,27424,6345,6253,270,6523,52
2022-06-12,El Dorado,017,186661,28936,28641,3576,32217,215
2022-06-12,Fresno,019,978130,242705,240345,25905,266250,2766
2022-06-12,Glenn,021,27897,5158,5104,1671,6775,48
2022-06-12,Humboldt,023,135768,18908,18696,3757,22453,148
2022-06-12,Imperial,025,180216,57471,57129,11144,68273,941
2022-06-12,Inyo,027,18085,4212,4194,604,4798,56
2022-06-12,Kern,029,883053,198829,197353,48895,246248,2338
2022-06-12,Kings,031,150075,53202,52978,3620,56598,447
2022-06-12,Lake,033,64148,11329,11202,985,12187,139
2022-06-12,Lassen,035,31185,9214,9172,909,10081,64
2022-06-12,Los Angeles,037,10098052,2911737,2878981,139356,3018337,31947
2022-06-12,Madera,039,155013,38832,38567,6572,45139,372
2022-06-12,Marin,041,260295,39233,38593,4404,42997,294
2022-06-12,Mariposa,043,17540,2666,2625,253,2878,30
2022-06-12,Mendocino,045,87422,14104,13945,3620,17565,127
2022-06-12,Merced,047,269075,65084,64286,9498,73784,825
2022-06-12,Modoc,049,8938,769,767,263,1030,8
2022-06-12,Mono,051,14174,3067,3052,171,3223,6
2022-06-12,Monterey,053,433212,84219,83391,16337,99728,739
2022-06-12,Napa,055,140530,28613,28202,1210,29412,143
2022-06-12,Nevada,057,99092,17154,16989,1401,18390,127
2022-06-12,Orange,059,3164182,586859,581624,47729,629353,7057
2022-06-12,Placer,061,380077,68119,67306,8260,75566,628
2022-06-12,Plumas,063,18699,3205,3172,388,3560,13
2022-06-12,Riverside,065,2383286,620045,615556,29856,645412,6481
2022-06-12,Sacramento,067,1510023,306198,302721,29918,332639,3058
2022-06-12,San Benito,069,59416,14036,13832,659,14491,99
2022-06-12,San Bernardino,071,2135413,599124,587385,26241,613626,7708
2022-06-12,San Diego,073,3302833,810809,805360,59480,864840,5315
2022-06-12,San Francisco,075,870044,151897,149278,9971,159249,890
2022-06-12,San Joaquin,077,732212,176830,174822,11480,186302,2244
2022-06-12,San Luis Obispo,079,281455,56710,56160,5036,61196,485
2022-06-12,San Mateo,081,765935,143924,141719,9129,150848,715
2022-06-12,Santa Barbara,083,443738,92931,92177,5355,97532,694
2022-06-12,Santa Clara,085,1922200,369853,359925,15617,375542,2322
2022-06-12,Santa Cruz,087,273765,54010,53171,2619,55790,264
2022-06-12,Shasta,089,179085,31671,31483,6327,37810,566
2022-06-12,Sierra,091,2930,281,278,56,334,4
2022-06-12,Siskiyou,093,43540,4654,4633,2905,7538,81
2022-06-12,Solano,095,438530,91176,89424,6436,95860,453
2022-06-12,Sonoma,097,501317,94398,93218,4064,97282,492
2022-06-12,Stanislaus,099,539301,123395,122267,18881,141148,1665
2022-06-12,Sutter,101,95872,21436,21333,2249,23582,227
2022-06-12,Tehama,103,63373,12417,12343,2682,15025,205
2022-06-12,Trinity,105,12862,1221,1213,292,1505,20
2022-06-12,Tulare,107,460477,109822,109467,29498,138965,1495
2022-06-12,Tuolumne,109,53932,13565,13382,661,14043,189
2022-06-12,Ventura,111,848112,185242,183680,11282,194962,1508
2022-06-12,Yolo,113,214977,41990,40202,3485,43687,323
2022-06-12,Yuba,115,75493,16794,16653,1396,18049,123
2022-06-11,Alameda,001,1643700,296600,292112,16581,308693,1877
2022-06-11,Alpine,003,1148,129,129,1,130,0
2022-06-11,Amador,005,37829,9047,8869,727,9596,87
2022-06-11,Butte,007,227075,35116,34596,7640,42236,427
2022-06-11,Calaveras,009,45235,7651,7604,403,8007,122
2022-06-11,Colusa,011,21464,3523,3505,1095,4600,21
2022-06-11,Contra Costa,013,1133247,217414,211229,16440,227669,1315
2022-06-11,Del Norte,015,27424,6337,6253,270,6523,52
2022-06-11,El Dorado,017,186661,28917,28641,3574,32215,215
2022-06-11,Fresno,019,978130,242509,240345,25885,266230,2766
2022-06-11,Glenn,021,27897,5156,5104,1671,6775,48
2022-06-11,Humboldt,023,135768,18888,18696,3749,22445,148
2022-06-11,Imperial,025,180216,57415,57129,11130,68259,941
2022-06-11,Inyo,027,18085,4212,4194,602,4796,56
2022-06-11,Kern,029,883053,198707,197353,48822,246175,2338
2022-06-11,Kings,031,150075,53170,52978,3619,56597,447
2022-06-11,Lake,033,64148,11321,11202,982,12184,139
2022-06-11,Lassen,035,31185,9209,9172,908,10080,64
2022-06-11,Los Angeles,037,10098052,2909394,2878981,139065,3018046,31947
2022-06-11,Madera,039,155013,38811,38567,6570,45137,372
2022-06-11,Marin,041,260295,39156,38593,4370,42963,294
2022-06-11,Mariposa,043,17540,2662,2625,252,2877,30
2022-06-11,Mendocino,045,87422,14093,13945,3616,17561,127
2022-06-11,Merced,047,269075,65035,64286,9494,73780,825
2022-06-11,Modoc,049,8938,769,767,263,1030,8
2022-06-11,Mono,051,14174,3067,3052,171,3223,6
2022-06-11,Monterey,053,433212,84136,83391,16305,99696,739
2022-06-11,Napa,055,140530,28574,28202,1206,29408,143
2022-06-11,Nevada,057,99092,17140,16989,1399,18388,127
2022-06-11,Orange,059,3164182,586219,581624,47591,629215,7057
2022-06-11,Placer,061,380077,68031,67306,8251,75557,628
2022-06-11,Plumas,063,18699,3202,3172,388,3560,13
2022-06-11,Riverside,065,2383286,619519,615556,29827,645383,6481
2022-06-11,Sacramento,067,1510023,305891,302721,29883,332604,3058
2022-06-11,San Benito,069,59416,14026,13832,656,14488,99
2022-06-11,San Bernardino,071,2135413,598702,587385,26218,613603,7708
2022-06-11,San Diego,073,3302833,810107,805360,59435,864795,5315
2022-06-11,San Francisco,075,870044,151575,149278,9951,159229,890
2022-06-11,San Joaquin,077,732212,176676,174822,11461,186283,2244
2022-06-11,San Luis Obispo,079,281455,56676,56160,5026,61186,485
2022-06-11,San Mateo,081,765935,143701,141719,9107,150826,715
2022-06-11,Santa Barbara,083,443738,92865,92177,5341,97518,694
2022-06-11,Santa Clara,085,1922200,369090,359925,15579,375504,2322
2022-06-11,Santa Cruz,087,273765,53954,53171,2605,55776,264
2022-06-11,Shasta,089,179085,31655,31483,6321,37804,566
2022-06-11,Sierra,091,2930,281,278,56,334,4
2022-06-11,Siskiyou,093,43540,4648,4633,2897,7530,81
2022-06-11,Solano,095,438530,91087,89424,6426,95850,453
2022-06-11,Sonoma,097,501317,94290,93218,4039,97257,492
2022-06-11,Stanislaus,099,539301,123293,122267,18858,141125,1665
2022-06-11,Sutter,101,95872,21418,21333,2248,23581,227
2022-06-11,Tehama,103,63373,12410,12343,2682,15025,205
2022-06-11,Trinity,105,12862,1220,1213,292,1505,20
2022-06-11,Tulare,107,460477,109740,109467,29470,138937,1495
2022-06-11,Tuolumne,109,53932,13539,13382,660,14042,189
2022-06-11,Ventura,111,848112,185064,183680,11250,194930,1508
2022-06-11,Yolo,113,214977,41925,40202,3478,43680,323
2022-06-11,Yuba,115,75493,16775,16653,1392,18045,123
2022-06-10,Alameda,001,1643700,296128,292112,16558,308670,1877
2022-06-10,Alpine,003,1148,129,129,1,130,0
2022-06-10,Amador,005,37829,9034,8869,726,9595,87
2022-06-10,Butte,007,227075,35084,34596,7626,42222,427
2022-06-10,Calaveras,009,45235,7646,7604,402,8006,122
2022-06-10,Colusa,011,21464,3518,3505,1094,4599,21
2022-06-10,Contra Costa,013,1133247,217146,211229,16409,227638,1315
2022-06-10,Del Norte,015,27424,6331,6253,269,6522,52
2022-06-10,El Dorado,017,186661,28888,28641,3571,32212,215
2022-06-10,Fresno,019,978130,242280,240345,25862,266207,2766
2022-06-10,Glenn,021,27897,5154,5104,1668,6772,48
2022-06-10,Humboldt,023,135768,18866,18696,3742,22438,148
2022-06-10,Imperial,025,180216,57369,57129,11127,68256,941
2022-06-10,Inyo,027,18085,4211,4194,599,4793,56
2022-06-10,Kern,029,883053,198561,197353,48731,246084,2338
2022-06-10,Kings,031,150075,53150,52978,3618,56596,447
2022-06-10,Lake,033,64148,11306,11202,981,12183,139
2022-06-10,Lassen,035,31185,9206,9172,906,10078,64
2022-06-10,Los Angeles,037,10098052,2906660,2878981,138796,3017777,31947
2022-06-10,Madera,039,155013,38783,38567,6562,45129,372
2022-06-10,Marin,041,260295,39061,38593,4343,42936,294
2022-06-10,Mariposa,043,17540,2658,2625,251,2876,30
2022-06-10,Mendocino,045,87422,14075,13945,3608,17553,127
2022-06-10,Merced,047,269075,64992,64286,9489,73775,825
2022-06-10,Modoc,049,8938,769,767,263,1030,8
2022-06-10,Mono,051,14174,3067,3052,170,3222,6
2022-06-10,Monterey,053,433212,84044,83391,16265,99656,739
2022-06-10,Napa,055,140530,28544,28202,1205,29407,143
2022-06-10,Nevada,057,99092,17127,16989,1398,18387,127
2022-06-10,Orange,059,3164182,585558,581624,47471,629095,7057
2022-06-10,Placer,061,380077,67960,67306,8233,75539,628
2022-06-10,Plumas,063,18699,3198,3172,388,3560,13
2022-06-10,Riverside,065,2383286,618997,615556,29798,645354,6481
2022-06-10,Sacramento,067,1510023,305495,302721,29860,332581,3058
2022-06-10,San Benito,069,59416,14013,13832,655,14487,99
2022-06-10,San Bernardino,071,2135413,598292,587385,26187,613572,7708
2022-06-10,San Diego,073,3302833,809192,805360,59399,864759,5315
2022-06-10,San Francisco,075,870044,151260,149278,9913,159191,890
2022-06-10,San Joaquin,077,732212,176561,174822,11445,186267,2244
2022-06-10,San Luis Obispo,079,281455,56641,56160,5019,61179,485
2022-06-10,San Mateo,081,765935,143445,141719,9094,150813,715
2022-06-10,Santa Barbara,083,443738,92766,92177,5337,97514,694
2022-06-10,Santa Clara,085,1922200,368344,359925,15545,375470,2322
2022-06-10,Santa Cruz,087,273765,53855,53171,2595,55766,264
2022-06-10,Shasta,089,179085,31635,31483,6312,37795,566
2022-06-10,Sierra,091,2930,280,278,56,334,4
2022-06-10,Siskiyou,093,43540,4641,4633,2891,7524,81
2022-06-10,Solano,095,438530,90925,89424,6412,95836,453
2022-06-10,Sonoma,097,501317,94129,93218,4016,97234,492
2022-06-10,Stanislaus,099,539301,123174,122267,18844,141111,1665
2022-06-10,Sutter,101,95872,21403,21333,2246,23579,227
2022-06-10,Tehama,103,63373,12402,12343,2681,15024,205
2022-06-10,Trinity,105,12862,1218,1213,292,1505,20
2022-06-10,Tulare,107,460477,109673,109467,29449,138916,1495
2022-06-10,Tuolumne,109,53932,13525,13382,658,14040,189
2022-06-10,Ventura,111,848112,184878,183680,11216,194896,1508
2022-06-10,Yolo,113,214977,41835,40202,3470,43672,323
2022-06-10,Yuba,115,75493,16754,16653,1389,18042,123
2022-06-09,Alameda,001,1643700,295220,292112,16507,308619,1877
2022-06-09,Alpine,003,1148,129,129,1,130,0
2022-06-09,Amador,005,37829,9023,8869,723,9592,87
2022-06-09,Butte,007,227075,35024,34596,7615,42211,427
2022-06-09,Calaveras,009,45235,7636,7604,402,8006,122
2022-06-09,Colusa,011,21464,3517,3505,1092,4597,21
2022-06-09,Contra Costa,013,1133247,216633,211229,16363,227592,1315
2022-06-09,Del Norte,015,27424,6318,6253,266,6519,52
2022-06-09,El Dorado,017,186661,28831,28641,3561,32202,215
2022-06-09,Fresno,019,978130,241924,240345,25815,266160,2766
2022-06-09,Glenn,021,27897,5148,5104,1666,6770,48
2022-06-09,Humboldt,023,135768,18817,18696,3731,22427,148
2022-06-09,Imperial,025,180216,57311,57129,11110,68239,941
2022-06-09,Inyo,027,18085,4208,4194,594,4788,56
2022-06-09,Kern,029,883053,198359,197353,48633,245986,2338
2022-06-09,Kings,031,150075,53109,52978,3615,56593,447
2022-06-09,Lake,033,64148,11281,11202,979,12181,139
2022-06-09,Lassen,035,31185,9187,9172,904,10076,64
2022-06-09,Los Angeles,037,10098052,2902256,2878981,138415,3017396,31947
2022-06-09,Madera,039,155013,38730,38567,6548,45115,372
2022-06-09,Marin,041,260295,38958,38593,4318,42911,294
2022-06-09,Mariposa,043,17540,2654,2625,250,2875,30
2022-06-09,Mendocino,045,87422,14047,13945,3606,17551,127
2022-06-09,Merced,047,269075,64915,64286,9480,73766,825
2022-06-09,Modoc,049,8938,768,767,263,1030,8
2022-06-09,Mono,051,14174,3061,3052,168,3220,6
2022-06-09,Monterey,053,433212,83923,83391,16196,99587,739
2022-06-09,Napa,055,140530,28484,28202,1203,29405,143
2022-06-09,Nevada,057,99092,17093,16989,1397,18386,127
2022-06-09,Orange,059,3164182,584494,581624,47319,628943,7057
2022-06-09,Placer,061,380077,67839,67306,8220,75526,628
2022-06-09,Plumas,063,18699,3192,3172,388,3560,13
2022-06-09,Riverside,065,2383286,618305,615556,29758,645314,6481
2022-06-09,Sacramento,067,1510023,304912,302721,29772,332493,3058
2022-06-09,San Benito,069,59416,13995,13832,653,14485,99
2022-06-09,San Bernardino,071,2135413,597625,587385,26154,613539,7708
2022-06-09,San Diego,073,3302833,807786,805360,59260,864620,5315
2022-06-09,San Francisco,075,870044,150868,149278,9883,159161,890
2022-06-09,San Joaquin,077,732212,176268,174822,11426,186248,2244
2022-06-09,San Luis Obispo,079,281455,56554,56160,4990,61150,485
2022-06-09,San Mateo,081,765935,143060,141719,9067,150786,715
2022-06-09,Santa Barbara,083,443738,92635,92177,5332,97509,694
2022-06-09,Santa Clara,085,1922200,367378,359925,15477,375402,2322
2022-06-09,Santa Cruz,087,273765,53723,53171,2585,55756,264
2022-06-09,Shasta,089,179085,31603,31483,6302,37785,566
2022-06-09,Sierra,091,2930,280,278,56,334,4
2022-06-09,Siskiyou,093,43540,4634,4633,2877,7510,81
2022-06-09,Solano,095,438530,90679,89424,6397,95821,453
2022-06-09,Sonoma,097,501317,93972,93218,3997,97215,492
2022-06-09,Stanislaus,099,539301,123006,122267,18830,141097,1665
2022-06-09,Sutter,101,95872,21366,21333,2246,23579,227
2022-06-09,Tehama,103,63373,12384,12343,2680,15023,205
2022-06-09,Trinity,105,12862,1217,1213,292,1505,20
2022-06-09,Tulare,107,460477,109552,109467,29413,138880,1495
2022-06-09,Tuolumne,109,53932,13494,13382,655,14037,189
2022-06-09,Ventura,111,848112,184610,183680,11182,194862,1508
2022-06-09,Yolo,113,214977,41723,40202,3455,43657,323
2022-06-09,Yuba,115,75493,16731,16653,1386,18039,123
2022-06-08,Alameda,001,1643700,294458,289661,16459,306120,1873
2022-06-08,Alpine,003,1148,129,128,1,129,0
2022-06-08,Amador,005,37829,9015,8818,721,9539,87
2022-06-08,Butte,007,227075,34957,34380,7597,41977,427
2022-06-08,Calaveras,009,45235,7622,7564,402,7966,122
2022-06-08,Colusa,011,21464,3515,3495,1089,4584,21
2022-06-08,Contra Costa,013,1133247,216121,209384,16298,225682,1310
2022-06-08,Del Norte,015,27424,6296,6229,266,6495,52
2022-06-08,El Dorado,017,186661,28779,28478,3552,32030,215
2022-06-08,Fresno,019,978130,241584,239376,25743,265119,2766
2022-06-08,Glenn,021,27897,5144,5095,1663,6758,48
2022-06-08,Humboldt,023,135768,18787,18598,3705,22303,147
2022-06-08,Imperial,025,180216,57236,56912,11090,68002,941
2022-06-08,Inyo,027,18085,4206,4189,594,4783,56
2022-06-08,Kern,029,883053,198091,196763,48523,245286,2338
2022-06-08,Kings,031,150075,53039,52821,3611,56432,447
2022-06-08,Lake,033,64148,11260,11158,976,12134,137
2022-06-08,Lassen,035,31185,9174,9148,904,10052,64
2022-06-08,Los Angeles,037,10098052,2897618,2865901,138024,3003925,31920
2022-06-08,Madera,039,155013,38685,38408,6535,44943,372
2022-06-08,Marin,041,260295,38866,38338,4301,42639,294
2022-06-08,Mariposa,043,17540,2644,2614,249,2863,30
2022-06-08,Mendocino,045,87422,14027,13859,3594,17453,127
2022-06-08,Merced,047,269075,64849,64080,9458,73538,825
2022-06-08,Modoc,049,8938,764,761,263,1024,8
2022-06-08,Mono,051,14174,3057,3044,168,3212,6
2022-06-08,Monterey,053,433212,83812,83063,16146,99209,740
2022-06-08,Napa,055,140530,28395,27996,1198,29194,143
2022-06-08,Nevada,057,99092,17067,16907,1393,18300,127
2022-06-08,Orange,059,3164182,583388,578530,47128,625658,7044
2022-06-08,Placer,061,380077,67709,66951,8208,75159,627
2022-06-08,Plumas,063,18699,3189,3150,387,3537,13
2022-06-08,Riverside,065,2383286,617619,613469,29723,643192,6480
2022-06-08,Sacramento,067,1510023,304270,300875,29689,330564,3054
2022-06-08,San Benito,069,59416,13961,13734,651,14385,99
2022-06-08,San Bernardino,071,2135413,596931,585029,26110,611139,7685
2022-06-08,San Diego,073,3302833,806291,800840,59084,859924,5308
2022-06-08,San Francisco,075,870044,150445,147960,9857,157817,885
2022-06-08,San Joaquin,077,732212,175992,173887,11399,185286,2241
2022-06-08,San Luis Obispo,079,281455,56398,55822,4927,60749,484
2022-06-08,San Mateo,081,765935,142661,140569,9018,149587,710
2022-06-08,Santa Barbara,083,443738,92496,91747,5321,97068,693
2022-06-08,Santa Clara,085,1922200,366408,356452,15427,371879,2321
2022-06-08,Santa Cruz,087,273765,53583,52753,2574,55327,264
2022-06-08,Shasta,089,179085,31570,31394,6291,37685,565
2022-06-08,Sierra,091,2930,280,278,56,334,4
2022-06-08,Siskiyou,093,43540,4629,4609,2875,7484,81
2022-06-08,Solano,095,438530,90412,88522,6375,94897,453
2022-06-08,Sonoma,097,501317,93787,92644,3963,96607,491
2022-06-08,Stanislaus,099,539301,122823,121787,18795,140582,1662
2022-06-08,Sutter,101,95872,21342,21256,2240,23496,227
2022-06-08,Tehama,103,63373,12377,12306,2679,14985,205
2022-06-08,Trinity,105,12862,1216,1211,291,1502,20
2022-06-08,Tulare,107,460477,109466,109091,29359,138450,1494
2022-06-08,Tuolumne,109,53932,13478,13335,654,13989,189
2022-06-08,Ventura,111,848112,184334,182847,11132,193979,1506
2022-06-08,Yolo,113,214977,41617,39962,3441,43403,321
2022-06-08,Yuba,115,75493,16706,16558,1378,17936,122
2022-06-07,Alameda,001,1643700,293646,289661,16415,306076,1873
2022-06-07,Alpine,003,1148,129,128,1,129,0
2022-06-07,Amador,005,37829,9005,8818,718,9536,87
2022-06-07,Butte,007,227075,34878,34380,7572,41952,427
2022-06-07,Calaveras,009,45235,7614,7564,400,7964,122
2022-06-07,Colusa,011,21464,3515,3495,1086,4581,21
2022-06-07,Contra Costa,013,1133247,215561,209384,16245,225629,1310
2022-06-07,Del Norte,015,27424,6288,6229,263,6492,52
2022-06-07,El Dorado,017,186661,28715,28478,3541,32019,215
2022-06-07,Fresno,019,978130,241199,239376,25676,265052,2766
2022-06-07,Glenn,021,27897,5137,5095,1663,6758,48
2022-06-07,Humboldt,023,135768,18749,18598,3689,22287,147
2022-06-07,Imperial,025,180216,57177,56912,11057,67969,941
2022-06-07,Inyo,027,18085,4205,4189,586,4775,56
2022-06-07,Kern,029,883053,197836,196763,48415,245178,2338
2022-06-07,Kings,031,150075,52981,52821,3607,56428,447
2022-06-07,Lake,033,64148,11235,11158,970,12128,137
2022-06-07,Lassen,035,31185,9165,9148,903,10051,64
2022-06-07,Los Angeles,037,10098052,2892275,2865901,137585,3003486,31920
2022-06-07,Madera,039,155013,38613,38408,6519,44927,372
2022-06-07,Marin,041,260295,38782,38338,4274,42612,294
2022-06-07,Mariposa,043,17540,2637,2614,247,2861,30
2022-06-07,Mendocino,045,87422,13995,13859,3563,17422,127
2022-06-07,Merced,047,269075,64757,64080,9442,73522,825
2022-06-07,Modoc,049,8938,764,761,261,1022,8
2022-06-07,Mono,051,14174,3055,3044,166,3210,6
2022-06-07,Monterey,053,433212,83684,83063,16092,99155,740
2022-06-07,Napa,055,140530,28322,27996,1191,29187,143
2022-06-07,Nevada,057,99092,17040,16907,1387,18294,127
2022-06-07,Orange,059,3164182,582269,578530,46966,625496,7044
2022-06-07,Placer,061,380077,67557,66951,8176,75127,627
2022-06-07,Plumas,063,18699,3184,3150,386,3536,13
2022-06-07,Riverside,065,2383286,616743,613469,29672,643141,6480
2022-06-07,Sacramento,067,1510023,303547,300875,29586,330461,3054
2022-06-07,San Benito,069,59416,13918,13734,647,14381,99
2022-06-07,San Bernardino,071,2135413,596159,585029,26082,611111,7685
2022-06-07,San Diego,073,3302833,804713,800840,58873,859713,5308
2022-06-07,San Francisco,075,870044,149932,147960,9835,157795,885
2022-06-07,San Joaquin,077,732212,175657,173887,11361,185248,2241
2022-06-07,San Luis Obispo,079,281455,56295,55822,4882,60704,484
2022-06-07,San Mateo,081,765935,142243,140569,8962,149531,710
2022-06-07,Santa Barbara,083,443738,92350,91747,5308,97055,693
2022-06-07,Santa Clara,085,1922200,365269,356452,15347,371799,2321
2022-06-07,Santa Cruz,087,273765,53482,52753,2567,55320,264
2022-06-07,Shasta,089,179085,31533,31394,6284,37678,565
2022-06-07,Sierra,091,2930,279,278,56,334,4
2022-06-07,Siskiyou,093,43540,4622,4609,2871,7480,81
2022-06-07,Solano,095,438530,90086,88522,6357,94879,453
2022-06-07,Sonoma,097,501317,93558,92644,3931,96575,491
2022-06-07,Stanislaus,099,539301,122650,121787,18775,140562,1662
2022-06-07,Sutter,101,95872,21313,21256,2238,23494,227
2022-06-07,Tehama,103,63373,12361,12306,2675,14981,205
2022-06-07,Trinity,105,12862,1215,1211,291,1502,20
2022-06-07,Tulare,107,460477,109340,109091,29309,138400,1494
2022-06-07,Tuolumne,109,53932,13465,13335,652,13987,189
2022-06-07,Ventura,111,848112,183969,182847,11088,193935,1506
2022-06-07,Yolo,113,214977,41500,39962,3432,43394,321
2022-06-07,Yuba,115,75493,16677,16558,1377,17935,122
2022-06-06,Alameda,001,1643700,292765,289661,16361,306022,1873
2022-06-06,Alpine,003,1148,129,128,1,129,0
2022-06-06,Amador,005,37829,8954,8818,716,9534,87
2022-06-06,Butte,007,227075,34814,34380,7558,41938,427
2022-06-06,Calaveras,009,45235,7603,7564,400,7964,122
2022-06-06,Colusa,011,21464,3514,3495,1082,4577,21
2022-06-06,Contra Costa,013,1133247,214909,209384,16163,225547,1310
2022-06-06,Del Norte,015,27424,6280,6229,262,6491,52
2022-06-06,El Dorado,017,186661,28668,28478,3529,32007,215
2022-06-06,Fresno,019,978130,240775,239376,25607,264983,2766
2022-06-06,Glenn,021,27897,5129,5095,1661,6756,48
2022-06-06,Humboldt,023,135768,18711,18598,3676,22274,147
2022-06-06,Imperial,025,180216,57103,56912,11024,67936,941
2022-06-06,Inyo,027,18085,4201,4189,583,4772,56
2022-06-06,Kern,029,883053,197553,196763,48285,245048,2338
2022-06-06,Kings,031,150075,52922,52821,3604,56425,447
2022-06-06,Lake,033,64148,11215,11158,964,12122,137
2022-06-06,Lassen,035,31185,9155,9148,902,10050,64
2022-06-06,Los Angeles,037,10098052,2886625,2865901,137166,3003067,31920
2022-06-06,Madera,039,155013,38545,38408,6491,44899,372
2022-06-06,Marin,041,260295,38657,38338,4237,42575,294
2022-06-06,Mariposa,043,17540,2627,2614,245,2859,30
2022-06-06,Mendocino,045,87422,13966,13859,3552,17411,127
2022-06-06,Merced,047,269075,64637,64080,9418,73498,825
2022-06-06,Modoc,049,8938,762,761,259,1020,8
2022-06-06,Mono,051,14174,3052,3044,165,3209,6
2022-06-06,Monterey,053,433212,83541,83063,16027,99090,740
2022-06-06,Napa,055,140530,28243,27996,1182,29178,143
2022-06-06,Nevada,057,99092,17012,16907,1383,18290,127
2022-06-06,Orange,059,3164182,581142,578530,46805,625335,7044
2022-06-06,Placer,061,380077,67441,66951,8144,75095,627
2022-06-06,Plumas,063,18699,3177,3150,385,3535,13
2022-06-06,Riverside,065,2383286,615951,613469,29622,643091,6480
2022-06-06,Sacramento,067,1510023,302773,300875,29483,330358,3054
2022-06-06,San Benito,069,59416,13870,13734,643,14377,99
2022-06-06,San Bernardino,071,2135413,595388,585029,26040,611069,7685
2022-06-06,San Diego,073,3302833,802923,800840,58638,859478,5308
2022-06-06,San Francisco,075,870044,149415,147960,9813,157773,885
2022-06-06,San Joaquin,077,732212,175275,173887,11330,185217,2241
2022-06-06,San Luis Obispo,079,281455,56186,55822,4849,60671,484
2022-06-06,San Mateo,081,765935,141762,140569,8924,149493,710
2022-06-06,Santa Barbara,083,443738,92173,91747,5290,97037,693
2022-06-06,Santa Clara,085,1922200,364009,356452,15265,371717,2321
2022-06-06,Santa Cruz,087,273765,53327,52753,2555,55308,264
2022-06-06,Shasta,089,179085,31498,31394,6272,37666,565
2022-06-06,Sierra,091,2930,279,278,56,334,4
2022-06-06,Siskiyou,093,43540,4612,4609,2861,7470,81
2022-06-06,Solano,095,438530,89795,88522,6338,94860,453
2022-06-06,Sonoma,097,501317,93317,92644,3903,96547,491
2022-06-06,Stanislaus,099,539301,122462,121787,18749,140536,1662
2022-06-06,Sutter,101,95872,21283,21256,2232,23488,227
2022-06-06,Tehama,103,63373,12349,12306,2673,14979,205
2022-06-06,Trinity,105,12862,1213,1211,291,1502,20
2022-06-06,Tulare,107,460477,109201,109091,29254,138345,1494
2022-06-06,Tuolumne,109,53932,13446,13335,651,13986,189
2022-06-06,Ventura,111,848112,183662,182847,11045,193892,1506
2022-06-06,Yolo,113,214977,41344,39962,3421,43383,321
2022-06-06,Yuba,115,75493,16634,16558,1370,17928,122
2022-06-05,Alameda,001,1643700,291715,285785,16300,302085,1873
2022-06-05,Alpine,003,1148,128,128,1,129,0
2022-06-05,Amador,005,37829,8916,8775,713,9488,87
2022-06-05,Butte,007,227075,34735,34129,7540,41669,427
2022-06-05,Calaveras,009,45235,7587,7525,394,7919,121
2022-06-05,Colusa,011,21464,3508,3484,1082,4566,21
2022-06-05,Contra Costa,013,1133247,214199,206711,16051,222762,1310
2022-06-05,Del Norte,015,27424,6269,6206,258,6464,52
2022-06-05,El Dorado,017,186661,28591,28241,3520,31761,214
2022-06-05,Fresno,019,978130,240309,237945,25517,263462,2766
2022-06-05,Glenn,021,27897,5122,5063,1661,6724,48
2022-06-05,Humboldt,023,135768,18662,18433,3654,22087,147
2022-06-05,Imperial,025,180216,57007,56690,10976,67666,941
2022-06-05,Inyo,027,18085,4197,4176,578,4754,56
2022-06-05,Kern,029,883053,197242,195863,48171,244034,2338
2022-06-05,Kings,031,150075,52847,52597,3598,56195,447
2022-06-05,Lake,033,64148,11196,11064,960,12024,137
2022-06-05,Lassen,035,31185,9147,9106,898,10004,64
2022-06-05,Los Angeles,037,10098052,2880552,2846989,136631,2983620,31899
2022-06-05,Madera,039,155013,38483,38188,6475,44663,372
2022-06-05,Marin,041,260295,38543,37879,4204,42083,294
2022-06-05,Mariposa,043,17540,2625,2557,244,2801,30
2022-06-05,Mendocino,045,87422,13930,13738,3505,17243,125
2022-06-05,Merced,047,269075,64546,63756,9384,73140,825
2022-06-05,Modoc,049,8938,761,759,259,1018,8
2022-06-05,Mono,051,14174,3049,3037,163,3200,6
2022-06-05,Monterey,053,433212,83381,82451,15944,98395,738
2022-06-05,Napa,055,140530,28114,27686,1173,28859,143
2022-06-05,Nevada,057,99092,16968,16728,1367,18095,127
2022-06-05,Orange,059,3164182,579878,574146,46618,620764,7038
2022-06-05,Placer,061,380077,67300,66428,8111,74539,627
2022-06-05,Plumas,063,18699,3169,3138,385,3523,13
2022-06-05,Riverside,065,2383286,615015,610369,29559,639928,6481
2022-06-05,Sacramento,067,1510023,301860,297787,29341,327128,3052
2022-06-05,San Benito,069,59416,13825,13572,637,14209,99
2022-06-05,San Bernardino,071,2135413,594404,582305,25996,608301,7664
2022-06-05,San Diego,073,3302833,801023,794822,58446,853268,5303
2022-06-05,San Francisco,075,870044,148827,145876,9760,155636,881
2022-06-05,San Joaquin,077,732212,174838,172621,11283,183904,2242
2022-06-05,San Luis Obispo,079,281455,56024,55333,4776,60109,484
2022-06-05,San Mateo,081,765935,141248,138536,8876,147412,710
2022-06-05,Santa Barbara,083,443738,91981,90911,5271,96182,693
2022-06-05,Santa Clara,085,1922200,362592,351492,15176,366668,2317
2022-06-05,Santa Cruz,087,273765,53135,52333,2542,54875,263
2022-06-05,Shasta,089,179085,31457,31272,6261,37533,565
2022-06-05,Sierra,091,2930,279,278,56,334,4
2022-06-05,Siskiyou,093,43540,4607,4591,2849,7440,81
2022-06-05,Solano,095,438530,89453,87571,6321,93892,452
2022-06-05,Sonoma,097,501317,93037,91518,3874,95392,491
2022-06-05,Stanislaus,099,539301,122265,121001,18721,139722,1661
2022-06-05,Sutter,101,95872,21251,21125,2225,23350,227
2022-06-05,Tehama,103,63373,12331,12262,2670,14932,204
2022-06-05,Trinity,105,12862,1213,1204,291,1495,20
2022-06-05,Tulare,107,460477,109013,108598,29178,137776,1490
2022-06-05,Tuolumne,109,53932,13417,13251,638,13889,189
2022-06-05,Ventura,111,848112,183309,181709,10988,192697,1505
2022-06-05,Yolo,113,214977,41215,39561,3409,42970,321
2022-06-05,Yuba,115,75493,16594,16467,1362,17829,122
2022-06-04,Alameda,001,1643700,291214,285785,16280,302065,1873
2022-06-04,Alpine,003,1148,128,128,1,129,0
2022-06-04,Amador,005,37829,8907,8775,711,9486,87
2022-06-04,Butte,007,227075,34696,34129,7535,41664,427
2022-06-04,Calaveras,009,45235,7573,7525,394,7919,121
2022-06-04,Colusa,011,21464,3505,3484,1077,4561,21
2022-06-04,Contra Costa,013,1133247,213811,206711,16012,222723,1310
2022-06-04,Del Norte,015,27424,6268,6206,258,6464,52
2022-06-04,El Dorado,017,186661,28552,28241,3516,31757,214
2022-06-04,Fresno,019,978130,240138,237945,25500,263445,2766
2022-06-04,Glenn,021,27897,5118,5063,1660,6723,48
2022-06-04,Humboldt,023,135768,18640,18433,3648,22081,147
2022-06-04,Imperial,025,180216,56957,56690,10964,67654,941
2022-06-04,Inyo,027,18085,4197,4176,577,4753,56
2022-06-04,Kern,029,883053,197119,195863,48103,243966,2338
2022-06-04,Kings,031,150075,52805,52597,3598,56195,447
2022-06-04,Lake,033,64148,11181,11064,954,12018,137
2022-06-04,Lassen,035,31185,9142,9106,897,10003,64
2022-06-04,Los Angeles,037,10098052,2878100,2846989,136354,2983343,31899
2022-06-04,Madera,039,155013,38449,38188,6471,44659,372
2022-06-04,Marin,041,260295,38466,37879,4163,42042,294
2022-06-04,Mariposa,043,17540,2622,2557,244,2801,30
2022-06-04,Mendocino,045,87422,13917,13738,3504,17242,125
2022-06-04,Merced,047,269075,64494,63756,9376,73132,825
2022-06-04,Modoc,049,8938,760,759,258,1017,8
2022-06-04,Mono,051,14174,3049,3037,163,3200,6
2022-06-04,Monterey,053,433212,83296,82451,15909,98360,738
2022-06-04,Napa,055,140530,28072,27686,1171,28857,143
2022-06-04,Nevada,057,99092,16955,16728,1366,18094,127
2022-06-04,Orange,059,3164182,579237,574146,46491,620637,7038
2022-06-04,Placer,061,380077,67218,66428,8094,74522,627
2022-06-04,Plumas,063,18699,3165,3138,384,3522,13
2022-06-04,Riverside,065,2383286,614480,610369,29534,639903,6481
2022-06-04,Sacramento,067,1510023,301502,297787,29313,327100,3052
2022-06-04,San Benito,069,59416,13799,13572,634,14206,99
2022-06-04,San Bernardino,071,2135413,593954,582305,25967,608272,7664
2022-06-04,San Diego,073,3302833,800294,794822,58399,853221,5303
2022-06-04,San Francisco,075,870044,148499,145876,9739,155615,881
2022-06-04,San Joaquin,077,732212,174693,172621,11249,183870,2242
2022-06-04,San Luis Obispo,079,281455,55986,55333,4769,60102,484
2022-06-04,San Mateo,081,765935,140944,138536,8848,147384,710
2022-06-04,Santa Barbara,083,443738,91883,90911,5250,96161,693
2022-06-04,Santa Clara,085,1922200,361723,351492,15135,366627,2317
2022-06-04,Santa Cruz,087,273765,53050,52333,2529,54862,263
2022-06-04,Shasta,089,179085,31434,31272,6258,37530,565
2022-06-04,Sierra,091,2930,279,278,56,334,4
2022-06-04,Siskiyou,093,43540,4603,4591,2843,7434,81
2022-06-04,Solano,095,438530,89368,87571,6304,93875,452
2022-06-04,Sonoma,097,501317,92884,91518,3860,95378,491
2022-06-04,Stanislaus,099,539301,122127,121001,18706,139707,1661
2022-06-04,Sutter,101,95872,21224,21125,2222,23347,227
2022-06-04,Tehama,103,63373,12317,12262,2669,14931,204
2022-06-04,Trinity,105,12862,1213,1204,291,1495,20
2022-06-04,Tulare,107,460477,108947,108598,29136,137734,1490
2022-06-04,Tuolumne,109,53932,13407,13251,635,13886,189
2022-06-04,Ventura,111,848112,183124,181709,10971,192680,1505
2022-06-04,Yolo,113,214977,41137,39561,3404,42965,321
2022-06-04,Yuba,115,75493,16578,16467,1358,17825,122
2022-06-03,Alameda,001,1643700,290679,285785,16254,302039,1873
2022-06-03,Alpine,003,1148,128,128,1,129,0
2022-06-03,Amador,005,37829,8901,8775,709,9484,87
2022-06-03,Butte,007,227075,34645,34129,7525,41654,427
2022-06-03,Calaveras,009,45235,7568,7525,394,7919,121
2022-06-03,Colusa,011,21464,3505,3484,1075,4559,21
2022-06-03,Contra Costa,013,1133247,213500,206711,15983,222694,1310
2022-06-03,Del Norte,015,27424,6264,6206,255,6461,52
2022-06-03,El Dorado,017,186661,28523,28241,3513,31754,214
2022-06-03,Fresno,019,978130,239909,237945,25467,263412,2766
2022-06-03,Glenn,021,27897,5112,5063,1658,6721,48
2022-06-03,Humboldt,023,135768,18620,18433,3643,22076,147
2022-06-03,Imperial,025,180216,56911,56690,10954,67644,941
2022-06-03,Inyo,027,18085,4196,4176,577,4753,56
2022-06-03,Kern,029,883053,196978,195863,48035,243898,2338
2022-06-03,Kings,031,150075,52781,52597,3598,56195,447
2022-06-03,Lake,033,64148,11170,11064,951,12015,137
2022-06-03,Lassen,035,31185,9137,9106,897,10003,64
2022-06-03,Los Angeles,037,10098052,2875199,2846989,136068,2983057,31899
2022-06-03,Madera,039,155013,38405,38188,6462,44650,372
2022-06-03,Marin,041,260295,38397,37879,4128,42007,294
2022-06-03,Mariposa,043,17540,2618,2557,244,2801,30
2022-06-03,Mendocino,045,87422,13895,13738,3503,17241,125
2022-06-03,Merced,047,269075,64443,63756,9373,73129,825
2022-06-03,Modoc,049,8938,760,759,258,1017,8
2022-06-03,Mono,051,14174,3046,3037,163,3200,6
2022-06-03,Monterey,053,433212,83197,82451,15862,98313,738
2022-06-03,Napa,055,140530,28022,27686,1163,28849,143
2022-06-03,Nevada,057,99092,16934,16728,1365,18093,127
2022-06-03,Orange,059,3164182,578552,574146,46387,620533,7038
2022-06-03,Placer,061,380077,67137,66428,8077,74505,627
2022-06-03,Plumas,063,18699,3163,3138,383,3521,13
2022-06-03,Riverside,065,2383286,613952,610369,29504,639873,6481
2022-06-03,Sacramento,067,1510023,301031,297787,29278,327065,3052
2022-06-03,San Benito,069,59416,13786,13572,630,14202,99
2022-06-03,San Bernardino,071,2135413,593500,582305,25932,608237,7664
2022-06-03,San Diego,073,3302833,799345,794822,58276,853098,5303
2022-06-03,San Francisco,075,870044,148132,145876,9707,155583,881
2022-06-03,San Joaquin,077,732212,174528,172621,11230,183851,2242
2022-06-03,San Luis Obispo,079,281455,55941,55333,4760,60093,484
2022-06-03,San Mateo,081,765935,140661,138536,8835,147371,710
2022-06-03,Santa Barbara,083,443738,91764,90911,5248,96159,693
2022-06-03,Santa Clara,085,1922200,360831,351492,15089,366581,2317
2022-06-03,Santa Cruz,087,273765,52918,52333,2516,54849,263
2022-06-03,Shasta,089,179085,31422,31272,6257,37529,565
2022-06-03,Sierra,091,2930,279,278,56,334,4
2022-06-03,Siskiyou,093,43540,4599,4591,2842,7433,81
2022-06-03,Solano,095,438530,89252,87571,6293,93864,452
2022-06-03,Sonoma,097,501317,92739,91518,3851,95369,491
2022-06-03,Stanislaus,099,539301,122020,121001,18685,139686,1661
2022-06-03,Sutter,101,95872,21201,21125,2221,23346,227
2022-06-03,Tehama,103,63373,12311,12262,2668,14930,204
2022-06-03,Trinity,105,12862,1211,1204,291,1495,20
2022-06-03,Tulare,107,460477,108879,108598,29101,137699,1490
2022-06-03,Tuolumne,109,53932,13396,13251,632,13883,189
2022-06-03,Ventura,111,848112,182936,181709,10946,192655,1505
2022-06-03,Yolo,113,214977,41075,39561,3390,42951,321
2022-06-03,Yuba,115,75493,16553,16467,1356,17823,122
2022-06-02,Alameda,001,1643700,289783,285785,16191,301976,1873
2022-06-02,Alpine,003,1148,128,128,1,129,0
2022-06-02,Amador,005,37829,8878,8775,707,9482,87
2022-06-02,Butte,007,227075,34569,34129,7509,41638,427
2022-06-02,Calaveras,009,45235,7555,7525,393,7918,121
2022-06-02,Colusa,011,21464,3502,3484,1075,4559,21
2022-06-02,Contra Costa,013,1133247,212914,206711,15891,222602,1310
2022-06-02,Del Norte,015,27424,6254,6206,254,6460,52
2022-06-02,El Dorado,017,186661,28456,28241,3501,31742,214
2022-06-02,Fresno,019,978130,239564,237945,25410,263355,2766
2022-06-02,Glenn,021,27897,5106,5063,1655,6718,48
2022-06-02,Humboldt,023,135768,18579,18433,3622,22055,147
2022-06-02,Imperial,025,180216,56851,56690,10943,67633,941
2022-06-02,Inyo,027,18085,4196,4176,574,4750,56
2022-06-02,Kern,029,883053,196695,195863,47931,243794,2338
2022-06-02,Kings,031,150075,52728,52597,3593,56190,447
2022-06-02,Lake,033,64148,11148,11064,949,12013,137
2022-06-02,Lassen,035,31185,9126,9106,897,10003,64
2022-06-02,Los Angeles,037,10098052,2870275,2846989,135641,2982630,31899
2022-06-02,Madera,039,155013,38352,38188,6449,44637,372
2022-06-02,Marin,041,260295,38299,37879,4101,41980,294
2022-06-02,Mariposa,043,17540,2613,2557,243,2800,30
2022-06-02,Mendocino,045,87422,13866,13738,3495,17233,125
2022-06-02,Merced,047,269075,64366,63756,9364,73120,825
2022-06-02,Modoc,049,8938,759,759,258,1017,8
2022-06-02,Mono,051,14174,3046,3037,163,3200,6
2022-06-02,Monterey,053,433212,83045,82451,15798,98249,738
2022-06-02,Napa,055,140530,27946,27686,1160,28846,143
2022-06-02,Nevada,057,99092,16897,16728,1360,18088,127
2022-06-02,Orange,059,3164182,577522,574146,46241,620387,7038
2022-06-02,Placer,061,380077,67016,66428,8053,74481,627
2022-06-02,Plumas,063,18699,3154,3138,383,3521,13
2022-06-02,Riverside,065,2383286,613268,610369,29445,639814,6481
2022-06-02,Sacramento,067,1510023,300391,297787,29172,326959,3052
2022-06-02,San Benito,069,59416,13753,13572,628,14200,99
2022-06-02,San Bernardino,071,2135413,592831,582305,25887,608192,7664
2022-06-02,San Diego,073,3302833,797972,794822,58104,852926,5303
2022-06-02,San Francisco,075,870044,147715,145876,9658,155534,881
2022-06-02,San Joaquin,077,732212,174217,172621,11197,183818,2242
2022-06-02,San Luis Obispo,079,281455,55811,55333,4725,60058,484
2022-06-02,San Mateo,081,765935,140283,138536,8782,147318,710
2022-06-02,Santa Barbara,083,443738,91590,90911,5233,96144,693
2022-06-02,Santa Clara,085,1922200,359743,351492,14969,366461,2317
2022-06-02,Santa Cruz,087,273765,52802,52333,2505,54838,263
2022-06-02,Shasta,089,179085,31392,31272,6250,37522,565
2022-06-02,Sierra,091,2930,279,278,56,334,4
2022-06-02,Siskiyou,093,43540,4592,4591,2833,7424,81
2022-06-02,Solano,095,438530,88978,87571,6282,93853,452
2022-06-02,Sonoma,097,501317,92513,91518,3825,95343,491
2022-06-02,Stanislaus,099,539301,121861,121001,18656,139657,1661
2022-06-02,Sutter,101,95872,21174,21125,2215,23340,227
2022-06-02,Tehama,103,63373,12299,12262,2661,14923,204
2022-06-02,Trinity,105,12862,1209,1204,291,1495,20
2022-06-02,Tulare,107,460477,108749,108598,29035,137633,1490
2022-06-02,Tuolumne,109,53932,13377,13251,630,13881,189
2022-06-02,Ventura,111,848112,182665,181709,10912,192621,1505
2022-06-02,Yolo,113,214977,40966,39561,3380,42941,321
2022-06-02,Yuba,115,75493,16532,16467,1349,17816,122
2022-06-01,Alameda,001,1643700,288780,284051,16136,300187,1868
2022-06-01,Alpine,003,1148,128,128,1,129,0
2022-06-01,Amador,005,37829,8872,8741,705,9446,87
2022-06-01,Butte,007,227075,34500,34059,7495,41554,427
2022-06-01,Calaveras,009,45235,7550,7502,390,7892,120
2022-06-01,Colusa,011,21464,3499,3476,1075,4551,21
2022-06-01,Contra Costa,013,1133247,212269,205699,15814,221513,1310
2022-06-01,Del Norte,015,27424,6244,6188,253,6441,51
2022-06-01,El Dorado,017,186661,28394,28133,3483,31616,214
2022-06-01,Fresno,019,978130,239206,237367,25354,262721,2765
2022-06-01,Glenn,021,27897,5101,5059,1654,6713,48
2022-06-01,Humboldt,023,135768,18536,18371,3599,21970,147
2022-06-01,Imperial,025,180216,56784,56445,10916,67361,938
2022-06-01,Inyo,027,18085,4192,4171,568,4739,56
2022-06-01,Kern,029,883053,196470,195438,47852,243290,2336
2022-06-01,Kings,031,150075,52671,52491,3589,56080,447
2022-06-01,Lake,033,64148,11127,11024,944,11968,137
2022-06-01,Lassen,035,31185,9113,9083,896,9979,64
2022-06-01,Los Angeles,037,10098052,2864864,2836856,135210,2972066,31882
2022-06-01,Madera,039,155013,38314,38115,6435,44550,372
2022-06-01,Marin,041,260295,38185,37654,4060,41714,293
2022-06-01,Mariposa,043,17540,2598,2549,242,2791,30
2022-06-01,Mendocino,045,87422,13839,13692,3479,17171,125
2022-06-01,Merced,047,269075,64285,63637,9346,72983,824
2022-06-01,Modoc,049,8938,756,755,257,1012,8
2022-06-01,Mono,051,14174,3044,3035,162,3197,6
2022-06-01,Monterey,053,433212,82890,82215,15735,97950,737
2022-06-01,Napa,055,140530,27870,27580,1150,28730,143
2022-06-01,Nevada,057,99092,16858,16693,1351,18044,127
2022-06-01,Orange,059,3164182,576273,571973,46086,618059,7032
2022-06-01,Placer,061,380077,66873,66199,8020,74219,627
2022-06-01,Plumas,063,18699,3147,3117,382,3499,13
2022-06-01,Riverside,065,2383286,612530,608913,29399,638312,6480
2022-06-01,Sacramento,067,1510023,299639,296457,29068,325525,3045
2022-06-01,San Benito,069,59416,13715,13510,617,14127,98
2022-06-01,San Bernardino,071,2135413,592124,580767,25849,606616,7641
2022-06-01,San Diego,073,3302833,796279,791557,57905,849462,5292
2022-06-01,San Francisco,075,870044,147196,144476,9620,154096,879
2022-06-01,San Joaquin,077,732212,173919,172170,11168,183338,2241
2022-06-01,San Luis Obispo,079,281455,55644,55099,4692,59791,482
2022-06-01,San Mateo,081,765935,139802,137566,8707,146273,710
2022-06-01,Santa Barbara,083,443738,91407,90531,5218,95749,693
2022-06-01,Santa Clara,085,1922200,358586,348742,14886,363628,2317
2022-06-01,Santa Cruz,087,273765,52689,52141,2495,54636,263
2022-06-01,Shasta,089,179085,31361,31247,6247,37494,564
2022-06-01,Sierra,091,2930,279,280,56,336,4
2022-06-01,Siskiyou,093,43540,4587,4574,2828,7402,81
2022-06-01,Solano,095,438530,88744,87206,6254,93460,452
2022-06-01,Sonoma,097,501317,92260,91174,3801,94975,491
2022-06-01,Stanislaus,099,539301,121670,120778,18634,139412,1656
2022-06-01,Sutter,101,95872,21145,21065,2211,23276,227
2022-06-01,Tehama,103,63373,12292,12245,2657,14902,204
2022-06-01,Trinity,105,12862,1208,1200,290,1490,20
2022-06-01,Tulare,107,460477,108638,108401,28978,137379,1490
2022-06-01,Tuolumne,109,53932,13363,13221,629,13850,189
2022-06-01,Ventura,111,848112,182382,181163,10881,192044,1503
2022-06-01,Yolo,113,214977,40882,39371,3369,42740,320
2022-06-01,Yuba,115,75493,16508,16406,1341,17747,122
2022-05-31,Alameda,001,1643700,287676,284051,16082,300133,1868
2022-05-31,Alpine,003,1148,128,128,1,129,0
2022-05-31,Amador,005,37829,8854,8741,699,9440,87
2022-05-31,Butte,007,227075,34439,34059,7477,41536,427
2022-05-31,Calaveras,009,45235,7539,7502,390,7892,120
2022-05-31,Colusa,011,21464,3494,3476,1074,4550,21
2022-05-31,Contra Costa,013,1133247,211518,205699,15719,221418,1310
2022-05-31,Del Norte,015,27424,6235,6188,251,6439,51
2022-05-31,El Dorado,017,186661,28333,28133,3463,31596,214
2022-05-31,Fresno,019,978130,238803,237367,25286,262653,2765
2022-05-31,Glenn,021,27897,5093,5059,1652,6711,48
2022-05-31,Humboldt,023,135768,18505,18371,3579,21950,147
2022-05-31,Imperial,025,180216,56720,56445,10892,67337,938
2022-05-31,Inyo,027,18085,4186,4171,566,4737,56
2022-05-31,Kern,029,883053,196226,195438,47756,243194,2336
2022-05-31,Kings,031,150075,52620,52491,3582,56073,447
2022-05-31,Lake,033,64148,11108,11024,940,11964,137
2022-05-31,Lassen,035,31185,9101,9083,895,9978,64
2022-05-31,Los Angeles,037,10098052,2858781,2836856,134744,2971600,31882
2022-05-31,Madera,039,155013,38250,38115,6415,44530,372
2022-05-31,Marin,041,260295,38047,37654,4024,41678,293
2022-05-31,Mariposa,043,17540,2592,2549,237,2786,30
2022-05-31,Mendocino,045,87422,13804,13692,3462,17154,125
2022-05-31,Merced,047,269075,64198,63637,9323,72960,824
2022-05-31,Modoc,049,8938,754,755,257,1012,8
2022-05-31,Mono,051,14174,3040,3035,162,3197,6
2022-05-31,Monterey,053,433212,82730,82215,15669,97884,737
2022-05-31,Napa,055,140530,27777,27580,1147,28727,143
2022-05-31,Nevada,057,99092,16811,16693,1349,18042,127
2022-05-31,Orange,059,3164182,575046,571973,45904,617877,7032
2022-05-31,Placer,061,380077,66713,66199,7990,74189,627
2022-05-31,Plumas,063,18699,3143,3117,381,3498,13
2022-05-31,Riverside,065,2383286,611612,608913,29337,638250,6480
2022-05-31,Sacramento,067,1510023,298785,296457,28927,325384,3045
2022-05-31,San Benito,069,59416,13660,13510,612,14122,98
2022-05-31,San Bernardino,071,2135413,591243,580767,25814,606581,7641
2022-05-31,San Diego,073,3302833,794402,791557,57700,849257,5292
2022-05-31,San Francisco,075,870044,146555,144476,9578,154054,879
2022-05-31,San Joaquin,077,732212,173543,172170,11126,183296,2241
2022-05-31,San Luis Obispo,079,281455,55494,55099,4627,59726,482
2022-05-31,San Mateo,081,765935,139244,137566,8665,146231,710
2022-05-31,Santa Barbara,083,443738,91183,90531,5195,95726,693
2022-05-31,Santa Clara,085,1922200,357077,348742,14809,363551,2317
2022-05-31,Santa Cruz,087,273765,52569,52141,2475,54616,263
2022-05-31,Shasta,089,179085,31327,31247,6236,37483,564
2022-05-31,Sierra,091,2930,278,280,55,335,4
2022-05-31,Siskiyou,093,43540,4582,4574,2822,7396,81
2022-05-31,Solano,095,438530,88412,87206,6230,93436,452
2022-05-31,Sonoma,097,501317,91971,91174,3762,94936,491
2022-05-31,Stanislaus,099,539301,121466,120778,18609,139387,1656
2022-05-31,Sutter,101,95872,21116,21065,2205,23270,227
2022-05-31,Tehama,103,63373,12283,12245,2652,14897,204
2022-05-31,Trinity,105,12862,1207,1200,290,1490,20
2022-05-31,Tulare,107,460477,108499,108401,28919,137320,1490
2022-05-31,Tuolumne,109,53932,13348,13221,626,13847,189
2022-05-31,Ventura,111,848112,182062,181163,10832,191995,1503
2022-05-31,Yolo,113,214977,40708,39371,3358,42729,320
2022-05-31,Yuba,115,75493,16476,16406,1335,17741,122
2022-05-30,Alameda,001,1643700,286306,284051,15992,300043,1868
2022-05-30,Alpine,003,1148,128,128,1,129,0
2022-05-30,Amador,005,37829,8839,8741,698,9439,87
2022-05-30,Butte,007,227075,34362,34059,7454,41513,427
2022-05-30,Calaveras,009,45235,7530,7502,390,7892,120
2022-05-30,Colusa,011,21464,3492,3476,1073,4549,21
2022-05-30,Contra Costa,013,1133247,210675,205699,15583,221282,1310
2022-05-30,Del Norte,015,27424,6217,6188,250,6438,51
2022-05-30,El Dorado,017,186661,28256,28133,3443,31576,214
2022-05-30,Fresno,019,978130,238331,237367,25211,262578,2765
2022-05-30,Glenn,021,27897,5088,5059,1649,6708,48
2022-05-30,Humboldt,023,135768,18451,18371,3551,21922,147
2022-05-30,Imperial,025,180216,56639,56445,10865,67310,938
2022-05-30,Inyo,027,18085,4181,4171,565,4736,56
2022-05-30,Kern,029,883053,195946,195438,47641,243079,2336
2022-05-30,Kings,031,150075,52524,52491,3582,56073,447
2022-05-30,Lake,033,64148,11079,11024,931,11955,137
2022-05-30,Lassen,035,31185,9086,9083,892,9975,64
2022-05-30,Los Angeles,037,10098052,2851440,2836856,134235,2971091,31882
2022-05-30,Madera,039,155013,38194,38115,6375,44490,372
2022-05-30,Marin,041,260295,37922,37654,3982,41636,293
2022-05-30,Mariposa,043,17540,2569,2549,233,2782,30
2022-05-30,Mendocino,045,87422,13757,13692,3444,17136,125
2022-05-30,Merced,047,269075,64101,63637,9286,72923,824
2022-05-30,Modoc,049,8938,751,755,255,1010,8
2022-05-30,Mono,051,14174,3037,3035,162,3197,6
2022-05-30,Monterey,053,433212,82542,82215,15581,97796,737
2022-05-30,Napa,055,140530,27700,27580,1139,28719,143
2022-05-30,Nevada,057,99092,16764,16693,1344,18037,127
2022-05-30,Orange,059,3164182,573581,571973,45688,617661,7032
2022-05-30,Placer,061,380077,66572,66199,7960,74159,627
2022-05-30,Plumas,063,18699,3137,3117,378,3495,13
2022-05-30,Riverside,065,2383286,610602,608913,29259,638172,6480
2022-05-30,Sacramento,067,1510023,297834,296457,28767,325224,3045
2022-05-30,San Benito,069,59416,13598,13510,604,14114,98
2022-05-30,San Bernardino,071,2135413,590247,580767,25778,606545,7641
2022-05-30,San Diego,073,3302833,792132,791557,57406,848963,5292
2022-05-30,San Francisco,075,870044,145900,144476,9524,154000,879
2022-05-30,San Joaquin,077,732212,173148,172170,11086,183256,2241
2022-05-30,San Luis Obispo,079,281455,55288,55099,4555,59654,482
2022-05-30,San Mateo,081,765935,138564,137566,8613,146179,710
2022-05-30,Santa Barbara,083,443738,90927,90531,5161,95692,693
2022-05-30,Santa Clara,085,1922200,355524,348742,14720,363462,2317
2022-05-30,Santa Cruz,087,273765,52431,52141,2465,54606,263
2022-05-30,Shasta,089,179085,31289,31247,6229,37476,564
2022-05-30,Sierra,091,2930,278,280,55,335,4
2022-05-30,Siskiyou,093,43540,4573,4574,2810,7384,81
2022-05-30,Solano,095,438530,88067,87206,6174,93380,452
2022-05-30,Sonoma,097,501317,91684,91174,3718,94892,491
2022-05-30,Stanislaus,099,539301,121274,120778,18580,139358,1656
2022-05-30,Sutter,101,95872,21077,21065,2199,23264,227
2022-05-30,Tehama,103,63373,12267,12245,2648,14893,204
2022-05-30,Trinity,105,12862,1206,1200,290,1490,20
2022-05-30,Tulare,107,460477,108340,108401,28830,137231,1490
2022-05-30,Tuolumne,109,53932,13323,13221,622,13843,189
2022-05-30,Ventura,111,848112,181689,181163,10780,191943,1503
2022-05-30,Yolo,113,214977,40520,39371,3348,42719,320
2022-05-30,Yuba,115,75493,16448,16406,1331,17737,122
2022-05-29,Alameda,001,1643700,285826,280775,15968,296743,1863
2022-05-29,Alpine,003,1148,128,126,1,127,0
2022-05-29,Amador,005,37829,8834,8696,695,9391,86
2022-05-29,Butte,007,227075,34346,33876,7447,41323,426
2022-05-29,Calaveras,009,45235,7519,7469,390,7859,120
2022-05-29,Colusa,011,21464,3491,3474,1072,4546,21
2022-05-29,Contra Costa,013,1133247,210330,203528,15558,219086,1306
2022-05-29,Del Norte,015,27424,6215,6166,249,6415,51
2022-05-29,El Dorado,017,186661,28230,27898,3440,31338,214
2022-05-29,Fresno,019,978130,238201,236250,25191,261441,2764
2022-05-29,Glenn,021,27897,5083,5048,1649,6697,48
2022-05-29,Humboldt,023,135768,18430,18257,3540,21797,147
2022-05-29,Imperial,025,180216,56601,56323,10851,67174,939
2022-05-29,Inyo,027,18085,4180,4161,565,4726,56
2022-05-29,Kern,029,883053,195848,194687,47576,242263,2334
2022-05-29,Kings,031,150075,52499,52292,3582,55874,447
2022-05-29,Lake,033,64148,11070,10958,929,11887,137
2022-05-29,Lassen,035,31185,9082,9049,892,9941,64
2022-05-29,Los Angeles,037,10098052,2849236,2819145,133966,2953111,31862
2022-05-29,Madera,039,155013,38171,37955,6370,44325,371
2022-05-29,Marin,041,260295,37853,37215,3950,41165,293
2022-05-29,Mariposa,043,17540,2564,2526,233,2759,31
2022-05-29,Mendocino,045,87422,13736,13612,3443,17055,124
2022-05-29,Merced,047,269075,64080,63389,9283,72672,824
2022-05-29,Modoc,049,8938,751,751,255,1006,8
2022-05-29,Mono,051,14174,3036,3030,162,3192,6
2022-05-29,Monterey,053,433212,82477,81875,15537,97412,737
2022-05-29,Napa,055,140530,27672,27376,1138,28514,144
2022-05-29,Nevada,057,99092,16749,16568,1342,17910,127
2022-05-29,Orange,059,3164182,573006,568369,45511,613880,7028
2022-05-29,Placer,061,380077,66503,65672,7951,73623,626
2022-05-29,Plumas,063,18699,3130,3096,378,3474,13
2022-05-29,Riverside,065,2383286,610256,606444,29224,635668,6480
2022-05-29,Sacramento,067,1510023,297379,294000,28745,322745,3032
2022-05-29,San Benito,069,59416,13592,13402,602,14004,98
2022-05-29,San Bernardino,071,2135413,589954,578656,25762,604418,7610
2022-05-29,San Diego,073,3302833,791393,786243,57326,843569,5288
2022-05-29,San Francisco,075,870044,145475,142456,9515,151971,879
2022-05-29,San Joaquin,077,732212,172986,171282,11068,182350,2241
2022-05-29,San Luis Obispo,079,281455,55236,54701,4543,59244,481
2022-05-29,San Mateo,081,765935,138312,135746,8600,144346,710
2022-05-29,Santa Barbara,083,443738,90798,89940,5160,95100,693
2022-05-29,Santa Clara,085,1922200,354729,344223,14681,358904,2304
2022-05-29,Santa Cruz,087,273765,52355,51819,2458,54277,263
2022-05-29,Shasta,089,179085,31277,31165,6225,37390,564
2022-05-29,Sierra,091,2930,278,278,55,333,4
2022-05-29,Siskiyou,093,43540,4568,4537,2808,7345,81
2022-05-29,Solano,095,438530,88014,86565,6163,92728,452
2022-05-29,Sonoma,097,501317,91592,90364,3703,94067,490
2022-05-29,Stanislaus,099,539301,121175,120241,18561,138802,1657
2022-05-29,Sutter,101,95872,21057,20976,2199,23175,227
2022-05-29,Tehama,103,63373,12257,12210,2647,14857,204
2022-05-29,Trinity,105,12862,1205,1196,290,1486,20
2022-05-29,Tulare,107,460477,108256,108029,28785,136814,1484
2022-05-29,Tuolumne,109,53932,13308,13141,622,13763,189
2022-05-29,Ventura,111,848112,181544,179953,10770,190723,1503
2022-05-29,Yolo,113,214977,40468,39016,3345,42361,319
2022-05-29,Yuba,115,75493,16432,16314,1327,17641,122
2022-05-28,Alameda,001,1643700,285452,280775,15943,296718,1863
2022-05-28,Alpine,003,1148,128,126,1,127,0
2022-05-28,Amador,005,37829,8825,8696,695,9391,86
2022-05-28,Butte,007,227075,34322,33876,7431,41307,426
2022-05-28,Calaveras,009,45235,7515,7469,390,7859,120
2022-05-28,Colusa,011,21464,3486,3474,1071,4545,21
2022-05-28,Contra Costa,013,1133247,210062,203528,15534,219062,1306
2022-05-28,Del Norte,015,27424,6211,6166,247,6413,51
2022-05-28,El Dorado,017,186661,28200,27898,3439,31337,214
2022-05-28,Fresno,019,978130,238043,236250,25160,261410,2764
2022-05-28,Glenn,021,27897,5080,5048,1649,6697,48
2022-05-28,Humboldt,023,135768,18406,18257,3530,21787,147
2022-05-28,Imperial,025,180216,56575,56323,10841,67164,939
2022-05-28,Inyo,027,18085,4180,4161,563,4724,56
2022-05-28,Kern,029,883053,195749,194687,47526,242213,2334
2022-05-28,Kings,031,150075,52475,52292,3581,55873,447
2022-05-28,Lake,033,64148,11060,10958,929,11887,137
2022-05-28,Lassen,035,31185,9077,9049,892,9941,64
2022-05-28,Los Angeles,037,10098052,2847255,2819145,133698,2952843,31862
2022-05-28,Madera,039,155013,38154,37955,6367,44322,371
2022-05-28,Marin,041,260295,37786,37215,3920,41135,293
2022-05-28,Mariposa,043,17540,2560,2526,233,2759,31
2022-05-28,Mendocino,045,87422,13724,13612,3443,17055,124
2022-05-28,Merced,047,269075,64046,63389,9279,72668,824
2022-05-28,Modoc,049,8938,751,751,255,1006,8
2022-05-28,Mono,051,14174,3036,3030,161,3191,6
2022-05-28,Monterey,053,433212,82409,81875,15505,97380,737
2022-05-28,Napa,055,140530,27627,27376,1137,28513,144
2022-05-28,Nevada,057,99092,16737,16568,1340,17908,127
2022-05-28,Orange,059,3164182,572491,568369,45391,613760,7028
2022-05-28,Placer,061,380077,66428,65672,7937,73609,626
2022-05-28,Plumas,063,18699,3124,3096,377,3473,13
2022-05-28,Riverside,065,2383286,609878,606444,29196,635640,6480
2022-05-28,Sacramento,067,1510023,297105,294000,28728,322728,3032
2022-05-28,San Benito,069,59416,13577,13402,602,14004,98
2022-05-28,San Bernardino,071,2135413,589593,578656,25735,604391,7610
2022-05-28,San Diego,073,3302833,790734,786243,57274,843517,5288
2022-05-28,San Francisco,075,870044,145171,142456,9494,151950,879
2022-05-28,San Joaquin,077,732212,172882,171282,11052,182334,2241
2022-05-28,San Luis Obispo,079,281455,55201,54701,4540,59241,481
2022-05-28,San Mateo,081,765935,138040,135746,8573,144319,710
2022-05-28,Santa Barbara,083,443738,90698,89940,5150,95090,693
2022-05-28,Santa Clara,085,1922200,353947,344223,14653,358876,2304
2022-05-28,Santa Cruz,087,273765,52314,51819,2450,54269,263
2022-05-28,Shasta,089,179085,31266,31165,6220,37385,564
2022-05-28,Sierra,091,2930,278,278,54,332,4
2022-05-28,Siskiyou,093,43540,4560,4537,2804,7341,81
2022-05-28,Solano,095,438530,87940,86565,6153,92718,452
2022-05-28,Sonoma,097,501317,91451,90364,3692,94056,490
2022-05-28,Stanislaus,099,539301,121075,120241,18553,138794,1657
2022-05-28,Sutter,101,95872,21042,20976,2197,23173,227
2022-05-28,Tehama,103,63373,12245,12210,2644,14854,204
2022-05-28,Trinity,105,12862,1204,1196,290,1486,20
2022-05-28,Tulare,107,460477,108199,108029,28752,136781,1484
2022-05-28,Tuolumne,109,53932,13293,13141,621,13762,189
2022-05-28,Ventura,111,848112,181378,179953,10750,190703,1503
2022-05-28,Yolo,113,214977,40414,39016,3338,42354,319
2022-05-28,Yuba,115,75493,16418,16314,1325,17639,122
2022-05-27,Alameda,001,1643700,284978,280775,15906,296681,1863
2022-05-27,Alpine,003,1148,127,126,1,127,0
2022-05-27,Amador,005,37829,8820,8696,695,9391,86
2022-05-27,Butte,007,227075,34296,33876,7415,41291,426
2022-05-27,Calaveras,009,45235,7508,7469,390,7859,120
2022-05-27,Colusa,011,21464,3486,3474,1071,4545,21
2022-05-27,Contra Costa,013,1133247,209781,203528,15502,219030,1306
2022-05-27,Del Norte,015,27424,6205,6166,247,6413,51
2022-05-27,El Dorado,017,186661,28176,27898,3431,31329,214
2022-05-27,Fresno,019,978130,237872,236250,25128,261378,2764
2022-05-27,Glenn,021,27897,5078,5048,1648,6696,48
2022-05-27,Humboldt,023,135768,18396,18257,3524,21781,147
2022-05-27,Imperial,025,180216,56491,56323,10836,67159,939
2022-05-27,Inyo,027,18085,4178,4161,562,4723,56
2022-05-27,Kern,029,883053,195640,194687,47458,242145,2334
2022-05-27,Kings,031,150075,52447,52292,3578,55870,447
2022-05-27,Lake,033,64148,11054,10958,927,11885,137
2022-05-27,Lassen,035,31185,9073,9049,892,9941,64
2022-05-27,Los Angeles,037,10098052,2844904,2819145,133450,2952595,31862
2022-05-27,Madera,039,155013,38120,37955,6358,44313,371
2022-05-27,Marin,041,260295,37719,37215,3886,41101,293
2022-05-27,Mariposa,043,17540,2554,2526,233,2759,31
2022-05-27,Mendocino,045,87422,13707,13612,3439,17051,124
2022-05-27,Merced,047,269075,64003,63389,9276,72665,824
2022-05-27,Modoc,049,8938,751,751,255,1006,8
2022-05-27,Mono,051,14174,3035,3030,161,3191,6
2022-05-27,Monterey,053,433212,82350,81875,15459,97334,737
2022-05-27,Napa,055,140530,27594,27376,1134,28510,144
2022-05-27,Nevada,057,99092,16726,16568,1336,17904,127
2022-05-27,Orange,059,3164182,571939,568369,45281,613650,7028
2022-05-27,Placer,061,380077,66359,65672,7927,73599,626
2022-05-27,Plumas,063,18699,3121,3096,377,3473,13
2022-05-27,Riverside,065,2383286,609464,606444,29164,635608,6480
2022-05-27,Sacramento,067,1510023,296729,294000,28690,322690,3032
2022-05-27,San Benito,069,59416,13565,13402,602,14004,98
2022-05-27,San Bernardino,071,2135413,589259,578656,25710,604366,7610
2022-05-27,San Diego,073,3302833,789856,786243,57182,843425,5288
2022-05-27,San Francisco,075,870044,144840,142456,9454,151910,879
2022-05-27,San Joaquin,077,732212,172749,171282,11033,182315,2241
2022-05-27,San Luis Obispo,079,281455,55140,54701,4527,59228,481
2022-05-27,San Mateo,081,765935,137790,135746,8548,144294,710
2022-05-27,Santa Barbara,083,443738,90609,89940,5149,95089,693
2022-05-27,Santa Clara,085,1922200,353206,344223,14636,358859,2304
2022-05-27,Santa Cruz,087,273765,52259,51819,2438,54257,263
2022-05-27,Shasta,089,179085,31256,31165,6214,37379,564
2022-05-27,Sierra,091,2930,278,278,54,332,4
2022-05-27,Siskiyou,093,43540,4558,4537,2802,7339,81
2022-05-27,Solano,095,438530,87812,86565,6142,92707,452
2022-05-27,Sonoma,097,501317,91306,90364,3680,94044,490
2022-05-27,Stanislaus,099,539301,120992,120241,18538,138779,1657
2022-05-27,Sutter,101,95872,21025,20976,2196,23172,227
2022-05-27,Tehama,103,63373,12242,12210,2643,14853,204
2022-05-27,Trinity,105,12862,1204,1196,290,1486,20
2022-05-27,Tulare,107,460477,108133,108029,28715,136744,1484
2022-05-27,Tuolumne,109,53932,13283,13141,620,13761,189
2022-05-27,Ventura,111,848112,181202,179953,10727,190680,1503
2022-05-27,Yolo,113,214977,40343,39016,3330,42346,319
2022-05-27,Yuba,115,75493,16404,16314,1324,17638,122
2022-05-26,Alameda,001,1643700,284129,280775,15828,296603,1863
2022-05-26,Alpine,003,1148,127,126,1,127,0
2022-05-26,Amador,005,37829,8807,8696,695,9391,86
2022-05-26,Butte,007,227075,34241,33876,7393,41269,426
2022-05-26,Calaveras,009,45235,7498,7469,390,7859,120
2022-05-26,Colusa,011,21464,3483,3474,1068,4542,21
2022-05-26,Contra Costa,013,1133247,209303,203528,15429,218957,1306
2022-05-26,Del Norte,015,27424,6197,6166,243,6409,51
2022-05-26,El Dorado,017,186661,28127,27898,3420,31318,214
2022-05-26,Fresno,019,978130,237617,236250,25072,261322,2764
2022-05-26,Glenn,021,27897,5072,5048,1648,6696,48
2022-05-26,Humboldt,023,135768,18355,18257,3511,21768,147
2022-05-26,Imperial,025,180216,56459,56323,10821,67144,939
2022-05-26,Inyo,027,18085,4177,4161,559,4720,56
2022-05-26,Kern,029,883053,195476,194687,47384,242071,2334
2022-05-26,Kings,031,150075,52401,52292,3575,55867,447
2022-05-26,Lake,033,64148,11039,10958,927,11885,137
2022-05-26,Lassen,035,31185,9064,9049,892,9941,64
2022-05-26,Los Angeles,037,10098052,2840720,2819145,133115,2952260,31862
2022-05-26,Madera,039,155013,38076,37955,6347,44302,371
2022-05-26,Marin,041,260295,37624,37215,3845,41060,293
2022-05-26,Mariposa,043,17540,2549,2526,231,2757,31
2022-05-26,Mendocino,045,87422,13681,13612,3430,17042,124
2022-05-26,Merced,047,269075,63937,63389,9267,72656,824
2022-05-26,Modoc,049,8938,750,751,255,1006,8
2022-05-26,Mono,051,14174,3034,3030,160,3190,6
2022-05-26,Monterey,053,433212,82271,81875,15406,97281,737
2022-05-26,Napa,055,140530,27542,27376,1132,28508,144
2022-05-26,Nevada,057,99092,16695,16568,1327,17895,127
2022-05-26,Orange,059,3164182,571037,568369,45159,613528,7028
2022-05-26,Placer,061,380077,66223,65672,7907,73579,626
2022-05-26,Plumas,063,18699,3117,3096,376,3472,13
2022-05-26,Riverside,065,2383286,608849,606444,29112,635556,6480
2022-05-26,Sacramento,067,1510023,296074,294000,28602,322602,3032
2022-05-26,San Benito,069,59416,13549,13402,600,14002,98
2022-05-26,San Bernardino,071,2135413,588714,578656,25695,604351,7610
2022-05-26,San Diego,073,3302833,788551,786243,57039,843282,5288
2022-05-26,San Francisco,075,870044,144386,142456,9407,151863,879
2022-05-26,San Joaquin,077,732212,172527,171282,11008,182290,2241
2022-05-26,San Luis Obispo,079,281455,55044,54701,4494,59195,481
2022-05-26,San Mateo,081,765935,137402,135746,8510,144256,710
2022-05-26,Santa Barbara,083,443738,90462,89940,5129,95069,693
2022-05-26,Santa Clara,085,1922200,352249,344223,14550,358773,2304
2022-05-26,Santa Cruz,087,273765,52168,51819,2430,54249,263
2022-05-26,Shasta,089,179085,31229,31165,6211,37376,564
2022-05-26,Sierra,091,2930,278,278,54,332,4
2022-05-26,Siskiyou,093,43540,4554,4537,2800,7337,81
2022-05-26,Solano,095,438530,87609,86565,6133,92698,452
2022-05-26,Sonoma,097,501317,91115,90364,3653,94017,490
2022-05-26,Stanislaus,099,539301,120888,120241,18519,138760,1657
2022-05-26,Sutter,101,95872,21005,20976,2192,23168,227
2022-05-26,Tehama,103,63373,12232,12210,2642,14852,204
2022-05-26,Trinity,105,12862,1202,1196,290,1486,20
2022-05-26,Tulare,107,460477,108067,108029,28660,136689,1484
2022-05-26,Tuolumne,109,53932,13263,13141,616,13757,189
2022-05-26,Ventura,111,848112,180940,179953,10690,190643,1503
2022-05-26,Yolo,113,214977,40239,39016,3321,42337,319
2022-05-26,Yuba,115,75493,16388,16314,1322,17636,122
2022-05-25,Alameda,001,1643700,283229,278228,15767,293995,1860
2022-05-25,Alpine,003,1148,126,126,1,127,0
2022-05-25,Amador,005,37829,8790,8654,693,9347,86
2022-05-25,Butte,007,227075,34179,33755,7370,41125,426
2022-05-25,Calaveras,009,45235,7490,7450,388,7838,120
2022-05-25,Colusa,011,21464,3482,3471,1066,4537,21
2022-05-25,Contra Costa,013,1133247,208751,201866,15356,217222,1306
2022-05-25,Del Norte,015,27424,6191,6145,237,6382,50
2022-05-25,El Dorado,017,186661,28075,27715,3411,31126,213
2022-05-25,Fresno,019,978130,237329,235569,25020,260589,2763
2022-05-25,Glenn,021,27897,5067,5030,1646,6676,48
2022-05-25,Humboldt,023,135768,18329,18133,3492,21625,147
2022-05-25,Imperial,025,180216,56403,56203,10810,67013,923
2022-05-25,Inyo,027,18085,4174,4152,559,4711,56
2022-05-25,Kern,029,883053,195282,194251,47297,241548,2336
2022-05-25,Kings,031,150075,52348,52178,3571,55749,447
2022-05-25,Lake,033,64148,11026,10908,926,11834,137
2022-05-25,Lassen,035,31185,9057,9028,892,9920,64
2022-05-25,Los Angeles,037,10098052,2836093,2806770,132743,2939513,31845
2022-05-25,Madera,039,155013,38037,37867,6334,44201,370
2022-05-25,Marin,041,260295,37524,36890,3817,40707,293
2022-05-25,Mariposa,043,17540,2539,2514,229,2743,30
2022-05-25,Mendocino,045,87422,13666,13545,3424,16969,124
2022-05-25,Merced,047,269075,63871,63220,9237,72457,823
2022-05-25,Modoc,049,8938,749,750,254,1004,8
2022-05-25,Mono,051,14174,3034,3024,159,3183,6
2022-05-25,Monterey,053,433212,82205,81592,15363,96955,737
2022-05-25,Napa,055,140530,27493,27240,1126,28366,143
2022-05-25,Nevada,057,99092,16660,16517,1321,17838,127
2022-05-25,Orange,059,3164182,570031,565564,45004,610568,7026
2022-05-25,Placer,061,380077,66072,65309,7886,73195,626
2022-05-25,Plumas,063,18699,3111,3065,375,3440,13
2022-05-25,Riverside,065,2383286,608169,604465,29060,633525,6480
2022-05-25,Sacramento,067,1510023,295430,292211,28493,320704,3028
2022-05-25,San Benito,069,59416,13515,13338,593,13931,98
2022-05-25,San Bernardino,071,2135413,588187,576982,25669,602651,7568
2022-05-25,San Diego,073,3302833,787086,782420,56852,839272,5284
2022-05-25,San Francisco,075,870044,143888,141015,9380,150395,872
2022-05-25,San Joaquin,077,732212,172290,170626,10987,181613,2238
2022-05-25,San Luis Obispo,079,281455,54938,54342,4441,58783,481
2022-05-25,San Mateo,081,765935,136945,134441,8444,142885,710
2022-05-25,Santa Barbara,083,443738,90295,89426,5114,94540,693
2022-05-25,Santa Clara,085,1922200,351180,340868,14444,355312,2304
2022-05-25,Santa Cruz,087,273765,52084,51644,2415,54059,263
2022-05-25,Shasta,089,179085,31204,31072,6202,37274,564
2022-05-25,Sierra,091,2930,278,277,54,331,4
2022-05-25,Siskiyou,093,43540,4544,4516,2797,7313,81
2022-05-25,Solano,095,438530,87399,86024,6114,92138,451
2022-05-25,Sonoma,097,501317,90922,89810,3614,93424,490
2022-05-25,Stanislaus,099,539301,120752,119894,18496,138390,1654
2022-05-25,Sutter,101,95872,20981,20904,2188,23092,226
2022-05-25,Tehama,103,63373,12226,12189,2638,14827,201
2022-05-25,Trinity,105,12862,1202,1194,290,1484,20
2022-05-25,Tulare,107,460477,107985,107790,28617,136407,1482
2022-05-25,Tuolumne,109,53932,13241,13086,613,13699,182
2022-05-25,Ventura,111,848112,180649,179116,10653,189769,1499
2022-05-25,Yolo,113,214977,40145,38782,3311,42093,319
2022-05-25,Yuba,115,75493,16361,16260,1316,17576,122
2022-05-24,Alameda,001,1643700,282350,278228,15711,293939,1860
2022-05-24,Alpine,003,1148,126,126,1,127,0
2022-05-24,Amador,005,37829,8784,8654,689,9343,86
2022-05-24,Butte,007,227075,34135,33755,7348,41103,426
2022-05-24,Calaveras,009,45235,7483,7450,386,7836,120
2022-05-24,Colusa,011,21464,3480,3471,1064,4535,21
2022-05-24,Contra Costa,013,1133247,208100,201866,15256,217122,1306
2022-05-24,Del Norte,015,27424,6186,6145,235,6380,50
2022-05-24,El Dorado,017,186661,28007,27715,3404,31119,213
2022-05-24,Fresno,019,978130,237011,235569,24984,260553,2763
2022-05-24,Glenn,021,27897,5065,5030,1646,6676,48
2022-05-24,Humboldt,023,135768,18297,18133,3474,21607,147
2022-05-24,Imperial,025,180216,56350,56203,10797,67000,923
2022-05-24,Inyo,027,18085,4166,4152,556,4708,56
2022-05-24,Kern,029,883053,195086,194251,47191,241442,2336
2022-05-24,Kings,031,150075,52282,52178,3566,55744,447
2022-05-24,Lake,033,64148,11009,10908,924,11832,137
2022-05-24,Lassen,035,31185,9044,9028,888,9916,64
2022-05-24,Los Angeles,037,10098052,2830820,2806770,132355,2939125,31845
2022-05-24,Madera,039,155013,37990,37867,6319,44186,370
2022-05-24,Marin,041,260295,37417,36890,3766,40656,293
2022-05-24,Mariposa,043,17540,2532,2514,227,2741,30
2022-05-24,Mendocino,045,87422,13642,13545,3414,16959,124
2022-05-24,Merced,047,269075,63810,63220,9206,72426,823
2022-05-24,Modoc,049,8938,748,750,253,1003,8
2022-05-24,Mono,051,14174,3031,3024,159,3183,6
2022-05-24,Monterey,053,433212,82115,81592,15302,96894,737
2022-05-24,Napa,055,140530,27445,27240,1114,28354,143
2022-05-24,Nevada,057,99092,16618,16517,1314,17831,127
2022-05-24,Orange,059,3164182,568998,565564,44833,610397,7026
2022-05-24,Placer,061,380077,65971,65309,7870,73179,626
2022-05-24,Plumas,063,18699,3105,3065,375,3440,13
2022-05-24,Riverside,065,2383286,607475,604465,29011,633476,6480
2022-05-24,Sacramento,067,1510023,294745,292211,28372,320583,3028
2022-05-24,San Benito,069,59416,13480,13338,591,13929,98
2022-05-24,San Bernardino,071,2135413,587563,576982,25640,602622,7568
2022-05-24,San Diego,073,3302833,785435,782420,56635,839055,5284
2022-05-24,San Francisco,075,870044,143352,141015,9353,150368,872
2022-05-24,San Joaquin,077,732212,172022,170626,10954,181580,2238
2022-05-24,San Luis Obispo,079,281455,54788,54342,4387,58729,481
2022-05-24,San Mateo,081,765935,136414,134441,8387,142828,710
2022-05-24,Santa Barbara,083,443738,90133,89426,5087,94513,693
2022-05-24,Santa Clara,085,1922200,349890,340868,14353,355221,2304
2022-05-24,Santa Cruz,087,273765,52007,51644,2405,54049,263
2022-05-24,Shasta,089,179085,31179,31072,6190,37262,564
2022-05-24,Sierra,091,2930,278,277,54,331,4
2022-05-24,Siskiyou,093,43540,4534,4516,2789,7305,81
2022-05-24,Solano,095,438530,87168,86024,6084,92108,451
2022-05-24,Sonoma,097,501317,90714,89810,3576,93386,490
2022-05-24,Stanislaus,099,539301,120613,119894,18460,138354,1654
2022-05-24,Sutter,101,95872,20960,20904,2184,23088,226
2022-05-24,Tehama,103,63373,12217,12189,2636,14825,201
2022-05-24,Trinity,105,12862,1199,1194,290,1484,20
2022-05-24,Tulare,107,460477,107868,107790,28563,136353,1482
2022-05-24,Tuolumne,109,53932,13226,13086,613,13699,182
2022-05-24,Ventura,111,848112,180337,179116,10603,189719,1499
2022-05-24,Yolo,113,214977,40041,38782,3306,42088,319
2022-05-24,Yuba,115,75493,16333,16260,1308,17568,122
2022-05-23,Alameda,001,1643700,281416,278228,15625,293853,1860
2022-05-23,Alpine,003,1148,126,126,1,127,0
2022-05-23,Amador,005,37829,8751,8654,686,9340,86
2022-05-23,Butte,007,227075,34087,33755,7321,41076,426
2022-05-23,Calaveras,009,45235,7476,7450,384,7834,120
2022-05-23,Colusa,011,21464,3479,3471,1062,4533,21
2022-05-23,Contra Costa,013,1133247,207362,201866,15173,217039,1306
2022-05-23,Del Norte,015,27424,6181,6145,231,6376,50
2022-05-23,El Dorado,017,186661,27923,27715,3395,31110,213
2022-05-23,Fresno,019,978130,236661,235569,24916,260485,2763
2022-05-23,Glenn,021,27897,5061,5030,1642,6672,48
2022-05-23,Humboldt,023,135768,18270,18133,3452,21585,147
2022-05-23,Imperial,025,180216,56306,56203,10776,66979,923
2022-05-23,Inyo,027,18085,4163,4152,555,4707,56
2022-05-23,Kern,029,883053,194868,194251,47105,241356,2336
2022-05-23,Kings,031,150075,52234,52178,3561,55739,447
2022-05-23,Lake,033,64148,10990,10908,922,11830,137
2022-05-23,Lassen,035,31185,9036,9028,885,9913,64
2022-05-23,Los Angeles,037,10098052,2825401,2806770,131989,2938759,31845
2022-05-23,Madera,039,155013,37959,37867,6296,44163,370
2022-05-23,Marin,041,260295,37275,36890,3721,40611,293
2022-05-23,Mariposa,043,17540,2530,2514,225,2739,30
2022-05-23,Mendocino,045,87422,13620,13545,3400,16945,124
2022-05-23,Merced,047,269075,63731,63220,9178,72398,823
2022-05-23,Modoc,049,8938,747,750,253,1003,8
2022-05-23,Mono,051,14174,3031,3024,159,3183,6
2022-05-23,Monterey,053,433212,82016,81592,15237,96829,737
2022-05-23,Napa,055,140530,27388,27240,1107,28347,143
2022-05-23,Nevada,057,99092,16583,16517,1311,17828,127
2022-05-23,Orange,059,3164182,567990,565564,44685,610249,7026
2022-05-23,Placer,061,380077,65825,65309,7838,73147,626
2022-05-23,Plumas,063,18699,3102,3065,374,3439,13
2022-05-23,Riverside,065,2383286,606747,604465,28958,633423,6480
2022-05-23,Sacramento,067,1510023,293996,292211,28248,320459,3028
2022-05-23,San Benito,069,59416,13445,13338,588,13926,98
2022-05-23,San Bernardino,071,2135413,586926,576982,25606,602588,7568
2022-05-23,San Diego,073,3302833,783718,782420,56421,838841,5284
2022-05-23,San Francisco,075,870044,142784,141015,9320,150335,872
2022-05-23,San Joaquin,077,732212,171750,170626,10922,181548,2238
2022-05-23,San Luis Obispo,079,281455,54642,54342,4340,58682,481
2022-05-23,San Mateo,081,765935,135841,134441,8335,142776,710
2022-05-23,Santa Barbara,083,443738,89898,89426,5063,94489,693
2022-05-23,Santa Clara,085,1922200,348516,340868,14267,355135,2304
2022-05-23,Santa Cruz,087,273765,51904,51644,2390,54034,263
2022-05-23,Shasta,089,179085,31156,31072,6184,37256,564
2022-05-23,Sierra,091,2930,278,277,54,331,4
2022-05-23,Siskiyou,093,43540,4520,4516,2785,7301,81
2022-05-23,Solano,095,438530,86897,86024,6064,92088,451
2022-05-23,Sonoma,097,501317,90486,89810,3527,93337,490
2022-05-23,Stanislaus,099,539301,120473,119894,18420,138314,1654
2022-05-23,Sutter,101,95872,20920,20904,2179,23083,226
2022-05-23,Tehama,103,63373,12204,12189,2635,14824,201
2022-05-23,Trinity,105,12862,1198,1194,290,1484,20
2022-05-23,Tulare,107,460477,107745,107790,28494,136284,1482
2022-05-23,Tuolumne,109,53932,13202,13086,609,13695,182
2022-05-23,Ventura,111,848112,180006,179116,10572,189688,1499
2022-05-23,Yolo,113,214977,39908,38782,3290,42072,319
2022-05-23,Yuba,115,75493,16304,16260,1304,17564,122
2022-05-22,Alameda,001,1643700,280326,274996,15519,290515,1858
2022-05-22,Alpine,003,1148,126,126,1,127,0
2022-05-22,Amador,005,37829,8734,8628,680,9308,86
2022-05-22,Butte,007,227075,34035,33606,7294,40900,426
2022-05-22,Calaveras,009,45235,7465,7424,380,7804,120
2022-05-22,Colusa,011,21464,3475,3468,1059,4527,21
2022-05-22,Contra Costa,013,1133247,206632,199703,15039,214742,1305
2022-05-22,Del Norte,015,27424,6165,6045,220,6265,50
2022-05-22,El Dorado,017,186661,27846,27517,3379,30896,213
2022-05-22,Fresno,019,978130,236316,234657,24863,259520,2760
2022-05-22,Glenn,021,27897,5051,5020,1641,6661,48
2022-05-22,Humboldt,023,135768,18216,17984,3425,21409,146
2022-05-22,Imperial,025,180216,56238,56014,10761,66775,923
2022-05-22,Inyo,027,18085,4155,4135,553,4688,56
2022-05-22,Kern,029,883053,194631,193705,47005,240710,2334
2022-05-22,Kings,031,150075,52172,52038,3555,55593,447
2022-05-22,Lake,033,64148,10958,10867,920,11787,137
2022-05-22,Lassen,035,31185,9020,9011,882,9893,64
2022-05-22,Los Angeles,037,10098052,2819541,2791671,131560,2923231,31815
2022-05-22,Madera,039,155013,37913,37744,6261,44005,370
2022-05-22,Marin,041,260295,37129,36394,3677,40071,293
2022-05-22,Mariposa,043,17540,2526,2490,224,2714,30
2022-05-22,Mendocino,045,87422,13592,13461,3371,16832,124
2022-05-22,Merced,047,269075,63654,62969,9147,72116,823
2022-05-22,Modoc,049,8938,746,750,253,1003,8
2022-05-22,Mono,051,14174,3030,3012,159,3171,6
2022-05-22,Monterey,053,433212,81860,81224,15137,96361,735
2022-05-22,Napa,055,140530,27317,27034,1099,28133,143
2022-05-22,Nevada,057,99092,16549,16410,1299,17709,127
2022-05-22,Orange,059,3164182,566896,562531,44504,607035,7025
2022-05-22,Placer,061,380077,65666,64802,7806,72608,626
2022-05-22,Plumas,063,18699,3095,3052,372,3424,13
2022-05-22,Riverside,065,2383286,605910,601808,28892,630700,6476
2022-05-22,Sacramento,067,1510023,293197,289972,28087,318059,3027
2022-05-22,San Benito,069,59416,13413,13234,582,13816,98
2022-05-22,San Bernardino,071,2135413,586214,575194,25567,600761,7523
2022-05-22,San Diego,073,3302833,782097,777404,56227,833631,5282
2022-05-22,San Francisco,075,870044,142101,138922,9303,148225,871
2022-05-22,San Joaquin,077,732212,171441,169745,10882,180627,2237
2022-05-22,San Luis Obispo,079,281455,54487,54012,4279,58291,481
2022-05-22,San Mateo,081,765935,135272,132636,8280,140916,711
2022-05-22,Santa Barbara,083,443738,89665,88783,5028,93811,692
2022-05-22,Santa Clara,085,1922200,347073,336488,14191,350679,2301
2022-05-22,Santa Cruz,087,273765,51811,51333,2376,53709,263
2022-05-22,Shasta,089,179085,31108,30966,6172,37138,564
2022-05-22,Sierra,091,2930,278,276,54,330,4
2022-05-22,Siskiyou,093,43540,4511,4501,2784,7285,81
2022-05-22,Solano,095,438530,86613,85038,6031,91069,451
2022-05-22,Sonoma,097,501317,90199,88889,3472,92361,489
2022-05-22,Stanislaus,099,539301,120299,119396,18395,137791,1653
2022-05-22,Sutter,101,95872,20891,20809,2171,22980,226
2022-05-22,Tehama,103,63373,12196,12162,2630,14792,201
2022-05-22,Trinity,105,12862,1198,1191,289,1480,20
2022-05-22,Tulare,107,460477,107641,107485,28411,135896,1477
2022-05-22,Tuolumne,109,53932,13182,12977,607,13584,182
2022-05-22,Ventura,111,848112,179659,178024,10520,188544,1499
2022-05-22,Yolo,113,214977,39783,38377,3266,41643,319
2022-05-22,Yuba,115,75493,16277,16180,1295,17475,122
2022-05-21,Alameda,001,1643700,279864,274996,15498,290494,1858
2022-05-21,Alpine,003,1148,126,126,1,127,0
2022-05-21,Amador,005,37829,8723,8628,680,9308,86
2022-05-21,Butte,007,227075,34014,33606,7280,40886,426
2022-05-21,Calaveras,009,45235,7459,7424,380,7804,120
2022-05-21,Colusa,011,21464,3475,3468,1058,4526,21
2022-05-21,Contra Costa,013,1133247,206273,199703,15006,214709,1305
2022-05-21,Del Norte,015,27424,6161,6045,218,6263,50
2022-05-21,El Dorado,017,186661,27810,27517,3377,30894,213
2022-05-21,Fresno,019,978130,236186,234657,24842,259499,2760
2022-05-21,Glenn,021,27897,5048,5020,1640,6660,48
2022-05-21,Humboldt,023,135768,18191,17984,3417,21401,146
2022-05-21,Imperial,025,180216,56204,56014,10759,66773,923
2022-05-21,Inyo,027,18085,4153,4135,551,4686,56
2022-05-21,Kern,029,883053,194534,193705,46945,240650,2334
2022-05-21,Kings,031,150075,52149,52038,3554,55592,447
2022-05-21,Lake,033,64148,10950,10867,920,11787,137
2022-05-21,Lassen,035,31185,9017,9011,882,9893,64
2022-05-21,Los Angeles,037,10098052,2817232,2791671,131314,2922985,31815
2022-05-21,Madera,039,155013,37895,37744,6255,43999,370
2022-05-21,Marin,041,260295,37034,36394,3633,40027,293
2022-05-21,Mariposa,043,17540,2524,2490,224,2714,30
2022-05-21,Mendocino,045,87422,13581,13461,3366,16827,124
2022-05-21,Merced,047,269075,63619,62969,9141,72110,823
2022-05-21,Modoc,049,8938,745,750,253,1003,8
2022-05-21,Mono,051,14174,3030,3012,159,3171,6
2022-05-21,Monterey,053,433212,81794,81224,15082,96306,735
2022-05-21,Napa,055,140530,27284,27034,1096,28130,143
2022-05-21,Nevada,057,99092,16543,16410,1299,17709,127
2022-05-21,Orange,059,3164182,566382,562531,44394,606925,7025
2022-05-21,Placer,061,380077,65558,64802,7793,72595,626
2022-05-21,Plumas,063,18699,3088,3052,372,3424,13
2022-05-21,Riverside,065,2383286,605435,601808,28867,630675,6476
2022-05-21,Sacramento,067,1510023,292871,289972,28058,318030,3027
2022-05-21,San Benito,069,59416,13401,13234,574,13808,98
2022-05-21,San Bernardino,071,2135413,585874,575194,25542,600736,7523
2022-05-21,San Diego,073,3302833,781401,777404,56163,833567,5282
2022-05-21,San Francisco,075,870044,141795,138922,9290,148212,871
2022-05-21,San Joaquin,077,732212,171323,169745,10863,180608,2237
2022-05-21,San Luis Obispo,079,281455,54408,54012,4265,58277,481
2022-05-21,San Mateo,081,765935,134961,132636,8252,140888,711
2022-05-21,Santa Barbara,083,443738,89573,88783,5015,93798,692
2022-05-21,Santa Clara,085,1922200,346223,336488,14148,350636,2301
2022-05-21,Santa Cruz,087,273765,51766,51333,2357,53690,263
2022-05-21,Shasta,089,179085,31097,30966,6170,37136,564
2022-05-21,Sierra,091,2930,277,276,54,330,4
2022-05-21,Siskiyou,093,43540,4507,4501,2782,7283,81
2022-05-21,Solano,095,438530,86529,85038,6025,91063,451
2022-05-21,Sonoma,097,501317,90073,88889,3463,92352,489
2022-05-21,Stanislaus,099,539301,120220,119396,18371,137767,1653
2022-05-21,Sutter,101,95872,20881,20809,2166,22975,226
2022-05-21,Tehama,103,63373,12194,12162,2629,14791,201
2022-05-21,Trinity,105,12862,1198,1191,289,1480,20
2022-05-21,Tulare,107,460477,107579,107485,28375,135860,1477
2022-05-21,Tuolumne,109,53932,13175,12977,607,13584,182
2022-05-21,Ventura,111,848112,179484,178024,10501,188525,1499
2022-05-21,Yolo,113,214977,39720,38377,3255,41632,319
2022-05-21,Yuba,115,75493,16264,16180,1293,17473,122
2022-05-20,Alameda,001,1643700,279325,274996,15471,290467,1858
2022-05-20,Alpine,003,1148,126,126,1,127,0
2022-05-20,Amador,005,37829,8716,8628,680,9308,86
2022-05-20,Butte,007,227075,33992,33606,7268,40874,426
2022-05-20,Calaveras,009,45235,7451,7424,380,7804,120
2022-05-20,Colusa,011,21464,3475,3468,1058,4526,21
2022-05-20,Contra Costa,013,1133247,205915,199703,14989,214692,1305
2022-05-20,Del Norte,015,27424,6156,6045,217,6262,50
2022-05-20,El Dorado,017,186661,27778,27517,3374,30891,213
2022-05-20,Fresno,019,978130,236027,234657,24812,259469,2760
2022-05-20,Glenn,021,27897,5045,5020,1640,6660,48
2022-05-20,Humboldt,023,135768,18169,17984,3409,21393,146
2022-05-20,Imperial,025,180216,56180,56014,10756,66770,923
2022-05-20,Inyo,027,18085,4150,4135,547,4682,56
2022-05-20,Kern,029,883053,194430,193705,46897,240602,2334
2022-05-20,Kings,031,150075,52134,52038,3553,55591,447
2022-05-20,Lake,033,64148,10933,10867,920,11787,137
2022-05-20,Lassen,035,31185,9015,9011,882,9893,64
2022-05-20,Los Angeles,037,10098052,2814867,2791671,131086,2922757,31815
2022-05-20,Madera,039,155013,37876,37744,6247,43991,370
2022-05-20,Marin,041,260295,36960,36394,3594,39988,293
2022-05-20,Mariposa,043,17540,2519,2490,224,2714,30
2022-05-20,Mendocino,045,87422,13566,13461,3362,16823,124
2022-05-20,Merced,047,269075,63585,62969,9138,72107,823
2022-05-20,Modoc,049,8938,745,750,253,1003,8
2022-05-20,Mono,051,14174,3026,3012,159,3171,6
2022-05-20,Monterey,053,433212,81736,81224,15042,96266,735
2022-05-20,Napa,055,140530,27254,27034,1092,28126,143
2022-05-20,Nevada,057,99092,16535,16410,1297,17707,127
2022-05-20,Orange,059,3164182,565810,562531,44295,606826,7025
2022-05-20,Placer,061,380077,65483,64802,7777,72579,626
2022-05-20,Plumas,063,18699,3086,3052,372,3424,13
2022-05-20,Riverside,065,2383286,604985,601808,28844,630652,6476
2022-05-20,Sacramento,067,1510023,292496,289972,28035,318007,3027
2022-05-20,San Benito,069,59416,13385,13234,573,13807,98
2022-05-20,San Bernardino,071,2135413,585553,575194,25523,600717,7523
2022-05-20,San Diego,073,3302833,780604,777404,56071,833475,5282
2022-05-20,San Francisco,075,870044,141460,138922,9259,148181,871
2022-05-20,San Joaquin,077,732212,171202,169745,10856,180601,2237
2022-05-20,San Luis Obispo,079,281455,54372,54012,4260,58272,481
2022-05-20,San Mateo,081,765935,134646,132636,8229,140865,711
2022-05-20,Santa Barbara,083,443738,89489,88783,5010,93793,692
2022-05-20,Santa Clara,085,1922200,345429,336488,14096,350584,2301
2022-05-20,Santa Cruz,087,273765,51721,51333,2339,53672,263
2022-05-20,Shasta,089,179085,31083,30966,6167,37133,564
2022-05-20,Sierra,091,2930,277,276,54,330,4
2022-05-20,Siskiyou,093,43540,4504,4501,2780,7281,81
2022-05-20,Solano,095,438530,86387,85038,6017,91055,451
2022-05-20,Sonoma,097,501317,89946,88889,3450,92339,489
2022-05-20,Stanislaus,099,539301,120138,119396,18358,137754,1653
2022-05-20,Sutter,101,95872,20872,20809,2165,22974,226
2022-05-20,Tehama,103,63373,12191,12162,2628,14790,201
2022-05-20,Trinity,105,12862,1198,1191,289,1480,20
2022-05-20,Tulare,107,460477,107523,107485,28336,135821,1477
2022-05-20,Tuolumne,109,53932,13156,12977,605,13582,182
2022-05-20,Ventura,111,848112,179287,178024,10483,188507,1499
2022-05-20,Yolo,113,214977,39651,38377,3249,41626,319
2022-05-20,Yuba,115,75493,16249,16180,1289,17469,122
2022-05-19,Alameda,001,1643700,278501,274996,15401,290397,1858
2022-05-19,Alpine,003,1148,126,126,1,127,0
2022-05-19,Amador,005,37829,8708,8628,680,9308,86
2022-05-19,Butte,007,227075,33954,33606,7259,40865,426
2022-05-19,Calaveras,009,45235,7445,7424,377,7801,120
2022-05-19,Colusa,011,21464,3474,3468,1057,4525,21
2022-05-19,Contra Costa,013,1133247,205371,199703,14915,214618,1305
2022-05-19,Del Norte,015,27424,6152,6045,212,6257,50
2022-05-19,El Dorado,017,186661,27726,27517,3359,30876,213
2022-05-19,Fresno,019,978130,235803,234657,24772,259429,2760
2022-05-19,Glenn,021,27897,5044,5020,1636,6656,48
2022-05-19,Humboldt,023,135768,18135,17984,3394,21378,146
2022-05-19,Imperial,025,180216,56133,56014,10755,66769,923
2022-05-19,Inyo,027,18085,4146,4135,546,4681,56
2022-05-19,Kern,029,883053,194289,193705,46822,240527,2334
2022-05-19,Kings,031,150075,52107,52038,3552,55590,447
2022-05-19,Lake,033,64148,10925,10867,918,11785,137
2022-05-19,Lassen,035,31185,9011,9011,882,9893,64
2022-05-19,Los Angeles,037,10098052,2810898,2791671,130754,2922425,31815
2022-05-19,Madera,039,155013,37840,37744,6231,43975,370
2022-05-19,Marin,041,260295,36864,36394,3561,39955,293
2022-05-19,Mariposa,043,17540,2511,2490,224,2714,30
2022-05-19,Mendocino,045,87422,13543,13461,3355,16816,124
2022-05-19,Merced,047,269075,63523,62969,9122,72091,823
2022-05-19,Modoc,049,8938,745,750,253,1003,8
2022-05-19,Mono,051,14174,3025,3012,155,3167,6
2022-05-19,Monterey,053,433212,81656,81224,14977,96201,735
2022-05-19,Napa,055,140530,27197,27034,1089,28123,143
2022-05-19,Nevada,057,99092,16501,16410,1290,17700,127
2022-05-19,Orange,059,3164182,564978,562531,44167,606698,7025
2022-05-19,Placer,061,380077,65364,64802,7761,72563,626
2022-05-19,Plumas,063,18699,3080,3052,372,3424,13
2022-05-19,Riverside,065,2383286,604353,601808,28801,630609,6476
2022-05-19,Sacramento,067,1510023,291939,289972,27952,317924,3027
2022-05-19,San Benito,069,59416,13357,13234,570,13804,98
2022-05-19,San Bernardino,071,2135413,585035,575194,25502,600696,7523
2022-05-19,San Diego,073,3302833,779366,777404,55906,833310,5282
2022-05-19,San Francisco,075,870044,140993,138922,9224,148146,871
2022-05-19,San Joaquin,077,732212,170957,169745,10839,180584,2237
2022-05-19,San Luis Obispo,079,281455,54269,54012,4228,58240,481
2022-05-19,San Mateo,081,765935,134180,132636,8170,140806,711
2022-05-19,Santa Barbara,083,443738,89336,88783,4983,93766,692
2022-05-19,Santa Clara,085,1922200,344349,336488,14006,350494,2301
2022-05-19,Santa Cruz,087,273765,51643,51333,2325,53658,263
2022-05-19,Shasta,089,179085,31054,30966,6161,37127,564
2022-05-19,Sierra,091,2930,277,276,54,330,4
2022-05-19,Siskiyou,093,43540,4501,4501,2778,7279,81
2022-05-19,Solano,095,438530,86200,85038,5992,91030,451
2022-05-19,Sonoma,097,501317,89742,88889,3416,92305,489
2022-05-19,Stanislaus,099,539301,120008,119396,18336,137732,1653
2022-05-19,Sutter,101,95872,20836,20809,2162,22971,226
2022-05-19,Tehama,103,63373,12181,12162,2625,14787,201
2022-05-19,Trinity,105,12862,1197,1191,289,1480,20
2022-05-19,Tulare,107,460477,107431,107485,28290,135775,1477
2022-05-19,Tuolumne,109,53932,13132,12977,602,13579,182
2022-05-19,Ventura,111,848112,179012,178024,10444,188468,1499
2022-05-19,Yolo,113,214977,39561,38377,3241,41618,319
2022-05-19,Yuba,115,75493,16229,16180,1281,17461,122
2022-05-18,Alameda,001,1643700,277658,272530,15331,287861,1859
2022-05-18,Alpine,003,1148,126,126,1,127,0
2022-05-18,Amador,005,37829,8690,8592,680,9272,86
2022-05-18,Butte,007,227075,33913,33486,7244,40730,426
2022-05-18,Calaveras,009,45235,7437,7400,377,7777,120
2022-05-18,Colusa,011,21464,3474,3467,1057,4524,21
2022-05-18,Contra Costa,013,1133247,204812,198207,14828,213035,1303
2022-05-18,Del Norte,015,27424,6144,6001,208,6209,50
2022-05-18,El Dorado,017,186661,27675,27388,3351,30739,212
2022-05-18,Fresno,019,978130,235540,234055,24731,258786,2759
2022-05-18,Glenn,021,27897,5043,5012,1636,6648,48
2022-05-18,Humboldt,023,135768,18110,17868,3373,21241,146
2022-05-18,Imperial,025,180216,56071,55915,10749,66664,918
2022-05-18,Inyo,027,18085,4142,4120,540,4660,56
2022-05-18,Kern,029,883053,194172,193338,46762,240100,2327
2022-05-18,Kings,031,150075,52078,51903,3549,55452,447
2022-05-18,Lake,033,64148,10916,10831,917,11748,137
2022-05-18,Lassen,035,31185,9005,8994,882,9876,65
2022-05-18,Los Angeles,037,10098052,2806553,2780354,130470,2910824,31789
2022-05-18,Madera,039,155013,37802,37644,6222,43866,365
2022-05-18,Marin,041,260295,36774,36024,3520,39544,293
2022-05-18,Mariposa,043,17540,2504,2481,224,2705,30
2022-05-18,Mendocino,045,87422,13522,13403,3340,16743,124
2022-05-18,Merced,047,269075,63458,62802,9095,71897,818
2022-05-18,Modoc,049,8938,745,748,253,1001,8
2022-05-18,Mono,051,14174,3024,3010,153,3163,6
2022-05-18,Monterey,053,433212,81547,80955,14921,95876,735
2022-05-18,Napa,055,140530,27156,26912,1082,27994,143
2022-05-18,Nevada,057,99092,16481,16361,1285,17646,127
2022-05-18,Orange,059,3164182,564175,560094,44060,604154,7021
2022-05-18,Placer,061,380077,65219,64432,7746,72178,626
2022-05-18,Plumas,063,18699,3072,3022,369,3391,13
2022-05-18,Riverside,065,2383286,603707,599947,28749,628696,6471
2022-05-18,Sacramento,067,1510023,291415,288335,27868,316203,3022
2022-05-18,San Benito,069,59416,13333,13186,566,13752,98
2022-05-18,San Bernardino,071,2135413,584567,573790,25475,599265,7455
2022-05-18,San Diego,073,3302833,777930,773934,55742,829676,5277
2022-05-18,San Francisco,075,870044,140469,137341,9197,146538,869
2022-05-18,San Joaquin,077,732212,170722,169045,10753,179798,2236
2022-05-18,San Luis Obispo,079,281455,54170,53756,4194,57950,478
2022-05-18,San Mateo,081,765935,133756,131330,8101,139431,709
2022-05-18,Santa Barbara,083,443738,89176,88317,4962,93279,693
2022-05-18,Santa Clara,085,1922200,343199,333230,13912,347142,2300
2022-05-18,Santa Cruz,087,273765,51553,51020,2312,53332,263
2022-05-18,Shasta,089,179085,31031,30899,6156,37055,558
2022-05-18,Sierra,091,2930,277,275,54,329,4
2022-05-18,Siskiyou,093,43540,4496,4495,2776,7271,81
2022-05-18,Solano,095,438530,85937,84476,5974,90450,451
2022-05-18,Sonoma,097,501317,89543,88195,3377,91572,489
2022-05-18,Stanislaus,099,539301,119898,119025,18303,137328,1645
2022-05-18,Sutter,101,95872,20814,20763,2153,22916,226
2022-05-18,Tehama,103,63373,12175,12133,2622,14755,201
2022-05-18,Trinity,105,12862,1197,1189,289,1478,20
2022-05-18,Tulare,107,460477,107363,107292,28232,135524,1477
2022-05-18,Tuolumne,109,53932,13113,12917,600,13517,182
2022-05-18,Ventura,111,848112,178743,177233,10400,187633,1497
2022-05-18,Yolo,113,214977,39449,38139,3229,41368,316
2022-05-18,Yuba,115,75493,16205,16109,1272,17381,122
2022-05-17,Alameda,001,1643700,276824,272530,15264,287794,1859
2022-05-17,Alpine,003,1148,126,126,1,127,0
2022-05-17,Amador,005,37829,8681,8592,678,9270,86
2022-05-17,Butte,007,227075,33861,33486,7223,40709,426
2022-05-17,Calaveras,009,45235,7430,7400,377,7777,120
2022-05-17,Colusa,011,21464,3473,3467,1056,4523,21
2022-05-17,Contra Costa,013,1133247,204174,198207,14743,212950,1303
2022-05-17,Del Norte,015,27424,6130,6001,208,6209,50
2022-05-17,El Dorado,017,186661,27619,27388,3345,30733,212
2022-05-17,Fresno,019,978130,235287,234055,24700,258755,2759
2022-05-17,Glenn,021,27897,5040,5012,1635,6647,48
2022-05-17,Humboldt,023,135768,18070,17868,3356,21224,146
2022-05-17,Imperial,025,180216,56028,55915,10739,66654,918
2022-05-17,Inyo,027,18085,4140,4120,531,4651,56
2022-05-17,Kern,029,883053,194015,193338,46706,240044,2327
2022-05-17,Kings,031,150075,52035,51903,3545,55448,447
2022-05-17,Lake,033,64148,10901,10831,915,11746,137
2022-05-17,Lassen,035,31185,9000,8994,881,9875,65
2022-05-17,Los Angeles,037,10098052,2802009,2780354,130157,2910511,31789
2022-05-17,Madera,039,155013,37776,37644,6207,43851,365
2022-05-17,Marin,041,260295,36641,36024,3459,39483,293
2022-05-17,Mariposa,043,17540,2499,2481,223,2704,30
2022-05-17,Mendocino,045,87422,13496,13403,3330,16733,124
2022-05-17,Merced,047,269075,63393,62802,9076,71878,818
2022-05-17,Modoc,049,8938,745,748,253,1001,8
2022-05-17,Mono,051,14174,3020,3010,153,3163,6
2022-05-17,Monterey,053,433212,81430,80955,14856,95811,735
2022-05-17,Napa,055,140530,27108,26912,1074,27986,143
2022-05-17,Nevada,057,99092,16452,16361,1277,17638,127
2022-05-17,Orange,059,3164182,563272,560094,43922,604016,7021
2022-05-17,Placer,061,380077,65055,64432,7708,72140,626
2022-05-17,Plumas,063,18699,3066,3022,368,3390,13
2022-05-17,Riverside,065,2383286,603022,599947,28705,628652,6471
2022-05-17,Sacramento,067,1510023,290783,288335,27766,316101,3022
2022-05-17,San Benito,069,59416,13296,13186,565,13751,98
2022-05-17,San Bernardino,071,2135413,584077,573790,25461,599251,7455
2022-05-17,San Diego,073,3302833,776417,773934,55575,829509,5277
2022-05-17,San Francisco,075,870044,139892,137341,9166,146507,869
2022-05-17,San Joaquin,077,732212,170482,169045,10712,179757,2236
2022-05-17,San Luis Obispo,079,281455,54077,53756,4150,57906,478
2022-05-17,San Mateo,081,765935,133261,131330,8061,139391,709
2022-05-17,Santa Barbara,083,443738,88978,88317,4944,93261,693
2022-05-17,Santa Clara,085,1922200,342019,333230,13839,347069,2300
2022-05-17,Santa Cruz,087,273765,51476,51020,2304,53324,263
2022-05-17,Shasta,089,179085,30993,30899,6153,37052,558
2022-05-17,Sierra,091,2930,277,275,54,329,4
2022-05-17,Siskiyou,093,43540,4494,4495,2774,7269,81
2022-05-17,Solano,095,438530,85656,84476,5944,90420,451
2022-05-17,Sonoma,097,501317,89300,88195,3332,91527,489
2022-05-17,Stanislaus,099,539301,119749,119025,18274,137299,1645
2022-05-17,Sutter,101,95872,20794,20763,2149,22912,226
2022-05-17,Tehama,103,63373,12163,12133,2619,14752,201
2022-05-17,Trinity,105,12862,1196,1189,289,1478,20
2022-05-17,Tulare,107,460477,107269,107292,28192,135484,1477
2022-05-17,Tuolumne,109,53932,13099,12917,600,13517,182
2022-05-17,Ventura,111,848112,178420,177233,10346,187579,1497
2022-05-17,Yolo,113,214977,39313,38139,3222,41361,316
2022-05-17,Yuba,115,75493,16180,16109,1269,17378,122
2022-05-16,Alameda,001,1643700,275820,272530,15183,287713,1859
2022-05-16,Alpine,003,1148,126,126,1,127,0
2022-05-16,Amador,005,37829,8671,8592,677,9269,86
2022-05-16,Butte,007,227075,33804,33486,7207,40693,426
2022-05-16,Calaveras,009,45235,7424,7400,375,7775,120
2022-05-16,Colusa,011,21464,3472,3467,1056,4523,21
2022-05-16,Contra Costa,013,1133247,203531,198207,14662,212869,1303
2022-05-16,Del Norte,015,27424,6117,6001,205,6206,50
2022-05-16,El Dorado,017,186661,27563,27388,3337,30725,212
2022-05-16,Fresno,019,978130,235023,234055,24658,258713,2759
2022-05-16,Glenn,021,27897,5035,5012,1630,6642,48
2022-05-16,Humboldt,023,135768,18024,17868,3342,21210,146
2022-05-16,Imperial,025,180216,55964,55915,10726,66641,918
2022-05-16,Inyo,027,18085,4136,4120,528,4648,56
2022-05-16,Kern,029,883053,193862,193338,46640,239978,2327
2022-05-16,Kings,031,150075,51985,51903,3544,55447,447
2022-05-16,Lake,033,64148,10894,10831,914,11745,137
2022-05-16,Lassen,035,31185,8995,8994,879,9873,65
2022-05-16,Los Angeles,037,10098052,2797569,2780354,129870,2910224,31789
2022-05-16,Madera,039,155013,37745,37644,6185,43829,365
2022-05-16,Marin,041,260295,36477,36024,3411,39435,293
2022-05-16,Mariposa,043,17540,2498,2481,222,2703,30
2022-05-16,Mendocino,045,87422,13470,13403,3318,16721,124
2022-05-16,Merced,047,269075,63322,62802,9040,71842,818
2022-05-16,Modoc,049,8938,745,748,253,1001,8
2022-05-16,Mono,051,14174,3017,3010,153,3163,6
2022-05-16,Monterey,053,433212,81319,80955,14769,95724,735
2022-05-16,Napa,055,140530,27057,26912,1069,27981,143
2022-05-16,Nevada,057,99092,16433,16361,1271,17632,127
2022-05-16,Orange,059,3164182,562417,560094,43795,603889,7021
2022-05-16,Placer,061,380077,64947,64432,7677,72109,626
2022-05-16,Plumas,063,18699,3056,3022,367,3389,13
2022-05-16,Riverside,065,2383286,602311,599947,28650,628597,6471
2022-05-16,Sacramento,067,1510023,290121,288335,27675,316010,3022
2022-05-16,San Benito,069,59416,13278,13186,560,13746,98
2022-05-16,San Bernardino,071,2135413,583607,573790,25431,599221,7455
2022-05-16,San Diego,073,3302833,774874,773934,55407,829341,5277
2022-05-16,San Francisco,075,870044,139189,137341,9134,146475,869
2022-05-16,San Joaquin,077,732212,170202,169045,10527,179572,2236
2022-05-16,San Luis Obispo,079,281455,53974,53756,4121,57877,478
2022-05-16,San Mateo,081,765935,132718,131330,8005,139335,709
2022-05-16,Santa Barbara,083,443738,88833,88317,4933,93250,693
2022-05-16,Santa Clara,085,1922200,340694,333230,13752,346982,2300
2022-05-16,Santa Cruz,087,273765,51397,51020,2289,53309,263
2022-05-16,Shasta,089,179085,30960,30899,6145,37044,558
2022-05-16,Sierra,091,2930,277,275,53,328,4
2022-05-16,Siskiyou,093,43540,4491,4495,2767,7262,81
2022-05-16,Solano,095,438530,85394,84476,5918,90394,451
2022-05-16,Sonoma,097,501317,89000,88195,3294,91489,489
2022-05-16,Stanislaus,099,539301,119605,119025,18241,137266,1645
2022-05-16,Sutter,101,95872,20780,20763,2142,22905,226
2022-05-16,Tehama,103,63373,12155,12133,2616,14749,201
2022-05-16,Trinity,105,12862,1195,1189,289,1478,20
2022-05-16,Tulare,107,460477,107194,107292,28141,135433,1477
2022-05-16,Tuolumne,109,53932,13066,12917,597,13514,182
2022-05-16,Ventura,111,848112,178089,177233,10288,187521,1497
2022-05-16,Yolo,113,214977,39178,38139,3213,41352,316
2022-05-16,Yuba,115,75493,16153,16109,1266,17375,122
2022-05-15,Alameda,001,1643700,274748,268944,15114,284058,1857
2022-05-15,Alpine,003,1148,126,125,1,126,0
2022-05-15,Amador,005,37829,8655,8574,672,9246,86
2022-05-15,Butte,007,227075,33746,33377,7186,40563,424
2022-05-15,Calaveras,009,45235,7405,7378,373,7751,120
2022-05-15,Colusa,011,21464,3469,3463,1054,4517,21
2022-05-15,Contra Costa,013,1133247,202767,195925,14580,210505,1301
2022-05-15,Del Norte,015,27424,6044,5919,203,6122,50
2022-05-15,El Dorado,017,186661,27502,27216,3322,30538,212
2022-05-15,Fresno,019,978130,234755,233305,24623,257928,2757
2022-05-15,Glenn,021,27897,5032,5004,1629,6633,48
2022-05-15,Humboldt,023,135768,17974,17633,3302,20935,146
2022-05-15,Imperial,025,180216,55928,55756,10705,66461,917
2022-05-15,Inyo,027,18085,4132,4114,524,4638,56
2022-05-15,Kern,029,883053,193684,192939,46559,239498,2314
2022-05-15,Kings,031,150075,51925,51779,3540,55319,447
2022-05-15,Lake,033,64148,10877,10790,911,11701,137
2022-05-15,Lassen,035,31185,8987,8987,878,9865,65
2022-05-15,Los Angeles,037,10098052,2792952,2768726,129498,2898224,31768
2022-05-15,Madera,039,155013,37703,37520,6167,43687,365
2022-05-15,Marin,041,260295,36306,35486,3372,38858,293
2022-05-15,Mariposa,043,17540,2493,2463,221,2684,30
2022-05-15,Mendocino,045,87422,13450,13349,3291,16640,124
2022-05-15,Merced,047,269075,63237,62627,8994,71621,818
2022-05-15,Modoc,049,8938,744,747,253,1000,8
2022-05-15,Mono,051,14174,3014,3002,151,3153,6
2022-05-15,Monterey,053,433212,81210,80620,14681,95301,735
2022-05-15,Napa,055,140530,27002,26698,1065,27763,143
2022-05-15,Nevada,057,99092,16403,16240,1268,17508,127
2022-05-15,Orange,059,3164182,561471,557134,43657,600791,7017
2022-05-15,Placer,061,380077,64765,63963,7647,71610,626
2022-05-15,Plumas,063,18699,3050,3006,367,3373,13
2022-05-15,Riverside,065,2383286,601594,597914,28582,626496,6471
2022-05-15,Sacramento,067,1510023,289404,286403,27542,313945,3022
2022-05-15,San Benito,069,59416,13253,13106,558,13664,98
2022-05-15,San Bernardino,071,2135413,583061,572057,25402,597459,7423
2022-05-15,San Diego,073,3302833,773367,770323,55208,825531,5271
2022-05-15,San Francisco,075,870044,138478,134916,9100,144016,866
2022-05-15,San Joaquin,077,732212,169961,168174,10450,178624,2236
2022-05-15,San Luis Obispo,079,281455,53847,53502,4079,57581,478
2022-05-15,San Mateo,081,765935,132187,129480,7931,137411,709
2022-05-15,Santa Barbara,083,443738,88603,87773,4898,92671,693
2022-05-15,Santa Clara,085,1922200,339279,328609,13661,342270,2297
2022-05-15,Santa Cruz,087,273765,51292,50268,2273,52541,263
2022-05-15,Shasta,089,179085,30919,30799,6139,36938,557
2022-05-15,Sierra,091,2930,277,275,53,328,4
2022-05-15,Siskiyou,093,43540,4489,4482,2764,7246,81
2022-05-15,Solano,095,438530,85074,83669,5884,89553,451
2022-05-15,Sonoma,097,501317,88675,87070,3269,90339,488
2022-05-15,Stanislaus,099,539301,119436,118586,18209,136795,1645
2022-05-15,Sutter,101,95872,20753,20690,2132,22822,226
2022-05-15,Tehama,103,63373,12138,12115,2610,14725,201
2022-05-15,Trinity,105,12862,1194,1188,289,1477,20
2022-05-15,Tulare,107,460477,107095,107077,28092,135169,1469
2022-05-15,Tuolumne,109,53932,13011,12851,596,13447,182
2022-05-15,Ventura,111,848112,177744,176317,10226,186543,1497
2022-05-15,Yolo,113,214977,39063,37737,3201,40938,316
2022-05-15,Yuba,115,75493,16119,16028,1257,17285,122
2022-05-14,Alameda,001,1643700,274326,268944,15094,284038,1857
2022-05-14,Alpine,003,1148,125,125,1,126,0
2022-05-14,Amador,005,37829,8649,8574,672,9246,86
2022-05-14,Butte,007,227075,33726,33377,7178,40555,424
2022-05-14,Calaveras,009,45235,7403,7378,373,7751,120
2022-05-14,Colusa,011,21464,3469,3463,1054,4517,21
2022-05-14,Contra Costa,013,1133247,202388,195925,14550,210475,1301
2022-05-14,Del Norte,015,27424,6036,5919,201,6120,50
2022-05-14,El Dorado,017,186661,27472,27216,3317,30533,212
2022-05-14,Fresno,019,978130,234631,233305,24614,257919,2757
2022-05-14,Glenn,021,27897,5031,5004,1625,6629,48
2022-05-14,Humboldt,023,135768,17948,17633,3295,20928,146
2022-05-14,Imperial,025,180216,55897,55756,10702,66458,917
2022-05-14,Inyo,027,18085,4127,4114,524,4638,56
2022-05-14,Kern,029,883053,193614,192939,46513,239452,2314
2022-05-14,Kings,031,150075,51898,51779,3540,55319,447
2022-05-14,Lake,033,64148,10867,10790,906,11696,137
2022-05-14,Lassen,035,31185,8985,8987,878,9865,65
2022-05-14,Los Angeles,037,10098052,2791017,2768726,129281,2898007,31768
2022-05-14,Madera,039,155013,37688,37520,6167,43687,365
2022-05-14,Marin,041,260295,36199,35486,3323,38809,293
2022-05-14,Mariposa,043,17540,2492,2463,221,2684,30
2022-05-14,Mendocino,045,87422,13440,13349,3287,16636,124
2022-05-14,Merced,047,269075,63201,62627,8991,71618,818
2022-05-14,Modoc,049,8938,743,747,253,1000,8
2022-05-14,Mono,051,14174,3014,3002,150,3152,6
2022-05-14,Monterey,053,433212,81145,80620,14628,95248,735
2022-05-14,Napa,055,140530,26978,26698,1058,27756,143
2022-05-14,Nevada,057,99092,16388,16240,1267,17507,127
2022-05-14,Orange,059,3164182,561026,557134,43573,600707,7017
2022-05-14,Placer,061,380077,64658,63963,7625,71588,626
2022-05-14,Plumas,063,18699,3046,3006,367,3373,13
2022-05-14,Riverside,065,2383286,601184,597914,28547,626461,6471
2022-05-14,Sacramento,067,1510023,289131,286403,27521,313924,3022
2022-05-14,San Benito,069,59416,13243,13106,555,13661,98
2022-05-14,San Bernardino,071,2135413,582784,572057,25390,597447,7423
2022-05-14,San Diego,073,3302833,772767,770323,55161,825484,5271
2022-05-14,San Francisco,075,870044,138122,134916,9076,143992,866
2022-05-14,San Joaquin,077,732212,169818,168174,10433,178607,2236
2022-05-14,San Luis Obispo,079,281455,53820,53502,4076,57578,478
2022-05-14,San Mateo,081,765935,131864,129480,7902,137382,709
2022-05-14,Santa Barbara,083,443738,88496,87773,4893,92666,693
2022-05-14,Santa Clara,085,1922200,338447,328609,13622,342231,2297
2022-05-14,Santa Cruz,087,273765,51245,50268,2259,52527,263
2022-05-14,Shasta,089,179085,30914,30799,6138,36937,557
2022-05-14,Sierra,091,2930,277,275,53,328,4
2022-05-14,Siskiyou,093,43540,4486,4482,2762,7244,81
2022-05-14,Solano,095,438530,85012,83669,5874,89543,451
2022-05-14,Sonoma,097,501317,88531,87070,3257,90327,488
2022-05-14,Stanislaus,099,539301,119352,118586,18198,136784,1645
2022-05-14,Sutter,101,95872,20746,20690,2131,22821,226
2022-05-14,Tehama,103,63373,12132,12115,2609,14724,201
2022-05-14,Trinity,105,12862,1194,1188,289,1477,20
2022-05-14,Tulare,107,460477,107050,107077,28064,135141,1469
2022-05-14,Tuolumne,109,53932,13000,12851,596,13447,182
2022-05-14,Ventura,111,848112,177582,176317,10201,186518,1497
2022-05-14,Yolo,113,214977,38994,37737,3194,40931,316
2022-05-14,Yuba,115,75493,16112,16028,1256,17284,122
2022-05-13,Alameda,001,1643700,273849,268944,15064,284008,1857
2022-05-13,Alpine,003,1148,125,125,1,126,0
2022-05-13,Amador,005,37829,8644,8574,671,9245,86
2022-05-13,Butte,007,227075,33709,33377,7176,40553,424
2022-05-13,Calaveras,009,45235,7400,7378,373,7751,120
2022-05-13,Colusa,011,21464,3468,3463,1054,4517,21
2022-05-13,Contra Costa,013,1133247,202046,195925,14520,210445,1301
2022-05-13,Del Norte,015,27424,6033,5919,201,6120,50
2022-05-13,El Dorado,017,186661,27444,27216,3317,30533,212
2022-05-13,Fresno,019,978130,234522,233305,24595,257900,2757
2022-05-13,Glenn,021,27897,5029,5004,1624,6628,48
2022-05-13,Humboldt,023,135768,17924,17633,3287,20920,146
2022-05-13,Imperial,025,180216,55878,55756,10701,66457,917
2022-05-13,Inyo,027,18085,4127,4114,523,4637,56
2022-05-13,Kern,029,883053,193539,192939,46483,239422,2314
2022-05-13,Kings,031,150075,51874,51779,3540,55319,447
2022-05-13,Lake,033,64148,10864,10790,906,11696,137
2022-05-13,Lassen,035,31185,8984,8987,878,9865,65
2022-05-13,Los Angeles,037,10098052,2789061,2768726,129087,2897813,31768
2022-05-13,Madera,039,155013,37668,37520,6158,43678,365
2022-05-13,Marin,041,260295,36096,35486,3280,38766,293
2022-05-13,Mariposa,043,17540,2490,2463,221,2684,30
2022-05-13,Mendocino,045,87422,13426,13349,3280,16629,124
2022-05-13,Merced,047,269075,63166,62627,8982,71609,818
2022-05-13,Modoc,049,8938,743,747,253,1000,8
2022-05-13,Mono,051,14174,3012,3002,149,3151,6
2022-05-13,Monterey,053,433212,81089,80620,14589,95209,735
2022-05-13,Napa,055,140530,26942,26698,1056,27754,143
2022-05-13,Nevada,057,99092,16373,16240,1266,17506,127
2022-05-13,Orange,059,3164182,560559,557134,43500,600634,7017
2022-05-13,Placer,061,380077,64579,63963,7616,71579,626
2022-05-13,Plumas,063,18699,3039,3006,367,3373,13
2022-05-13,Riverside,065,2383286,600798,597914,28518,626432,6471
2022-05-13,Sacramento,067,1510023,288797,286403,27502,313905,3022
2022-05-13,San Benito,069,59416,13239,13106,555,13661,98
2022-05-13,San Bernardino,071,2135413,582544,572057,25382,597439,7423
2022-05-13,San Diego,073,3302833,772129,770323,55081,825404,5271
2022-05-13,San Francisco,075,870044,137773,134916,9056,143972,866
2022-05-13,San Joaquin,077,732212,169698,168174,10421,178595,2236
2022-05-13,San Luis Obispo,079,281455,53784,53502,4072,57574,478
2022-05-13,San Mateo,081,765935,131575,129480,7881,137361,709
2022-05-13,Santa Barbara,083,443738,88402,87773,4890,92663,693
2022-05-13,Santa Clara,085,1922200,337645,328609,13589,342198,2297
2022-05-13,Santa Cruz,087,273765,51158,50268,2251,52519,263
2022-05-13,Shasta,089,179085,30910,30799,6138,36937,557
2022-05-13,Sierra,091,2930,276,275,50,325,4
2022-05-13,Siskiyou,093,43540,4485,4482,2762,7244,81
2022-05-13,Solano,095,438530,84888,83669,5867,89536,451
2022-05-13,Sonoma,097,501317,88354,87070,3243,90313,488
2022-05-13,Stanislaus,099,539301,119258,118586,18184,136770,1645
2022-05-13,Sutter,101,95872,20734,20690,2130,22820,226
2022-05-13,Tehama,103,63373,12130,12115,2607,14722,201
2022-05-13,Trinity,105,12862,1193,1188,289,1477,20
2022-05-13,Tulare,107,460477,107004,107077,28028,135105,1469
2022-05-13,Tuolumne,109,53932,12984,12851,596,13447,182
2022-05-13,Ventura,111,848112,177402,176317,10187,186504,1497
2022-05-13,Yolo,113,214977,38931,37737,3190,40927,316
2022-05-13,Yuba,115,75493,16099,16028,1253,17281,122
2022-05-12,Alameda,001,1643700,273106,268944,15008,283952,1857
2022-05-12,Alpine,003,1148,125,125,1,126,0
2022-05-12,Amador,005,37829,8635,8574,671,9245,86
2022-05-12,Butte,007,227075,33682,33377,7162,40539,424
2022-05-12,Calaveras,009,45235,7396,7378,372,7750,120
2022-05-12,Colusa,011,21464,3468,3463,1053,4516,21
2022-05-12,Contra Costa,013,1133247,201526,195925,14457,210382,1301
2022-05-12,Del Norte,015,27424,6016,5919,200,6119,50
2022-05-12,El Dorado,017,186661,27404,27216,3308,30524,212
2022-05-12,Fresno,019,978130,234370,233305,24575,257880,2757
2022-05-12,Glenn,021,27897,5025,5004,1622,6626,48
2022-05-12,Humboldt,023,135768,17882,17633,3274,20907,146
2022-05-12,Imperial,025,180216,55851,55756,10688,66444,917
2022-05-12,Inyo,027,18085,4123,4114,518,4632,56
2022-05-12,Kern,029,883053,193473,192939,46435,239374,2314
2022-05-12,Kings,031,150075,51853,51779,3538,55317,447
2022-05-12,Lake,033,64148,10846,10790,900,11690,137
2022-05-12,Lassen,035,31185,8983,8987,878,9865,65
2022-05-12,Los Angeles,037,10098052,2785841,2768726,128820,2897546,31768
2022-05-12,Madera,039,155013,37643,37520,6146,43666,365
2022-05-12,Marin,041,260295,35996,35486,3257,38743,293
2022-05-12,Mariposa,043,17540,2485,2463,220,2683,30
2022-05-12,Mendocino,045,87422,13409,13349,3268,16617,124
2022-05-12,Merced,047,269075,63134,62627,8971,71598,818
2022-05-12,Modoc,049,8938,742,747,253,1000,8
2022-05-12,Mono,051,14174,3012,3002,148,3150,6
2022-05-12,Monterey,053,433212,81032,80620,14546,95166,735
2022-05-12,Napa,055,140530,26897,26698,1054,27752,143
2022-05-12,Nevada,057,99092,16351,16240,1265,17505,127
2022-05-12,Orange,059,3164182,559919,557134,43391,600525,7017
2022-05-12,Placer,061,380077,64481,63963,7593,71556,626
2022-05-12,Plumas,063,18699,3033,3006,367,3373,13
2022-05-12,Riverside,065,2383286,600342,597914,28485,626399,6471
2022-05-12,Sacramento,067,1510023,288340,286403,27438,313841,3022
2022-05-12,San Benito,069,59416,13224,13106,554,13660,98
2022-05-12,San Bernardino,071,2135413,582193,572057,25365,597422,7423
2022-05-12,San Diego,073,3302833,771176,770323,54991,825314,5271
2022-05-12,San Francisco,075,870044,137394,134916,9018,143934,866
2022-05-12,San Joaquin,077,732212,169519,168174,10380,178554,2236
2022-05-12,San Luis Obispo,079,281455,53725,53502,4043,57545,478
2022-05-12,San Mateo,081,765935,131166,129480,7830,137310,709
2022-05-12,Santa Barbara,083,443738,88296,87773,4879,92652,693
2022-05-12,Santa Clara,085,1922200,336671,328609,13504,342113,2297
2022-05-12,Santa Cruz,087,273765,51014,50268,2245,52513,263
2022-05-12,Shasta,089,179085,30897,30799,6135,36934,557
2022-05-12,Sierra,091,2930,275,275,50,325,4
2022-05-12,Siskiyou,093,43540,4480,4482,2760,7242,81
2022-05-12,Solano,095,438530,84669,83669,5853,89522,451
2022-05-12,Sonoma,097,501317,88137,87070,3216,90286,488
2022-05-12,Stanislaus,099,539301,119156,118586,18155,136741,1645
2022-05-12,Sutter,101,95872,20718,20690,2129,22819,226
2022-05-12,Tehama,103,63373,12123,12115,2605,14720,201
2022-05-12,Trinity,105,12862,1192,1188,288,1476,20
2022-05-12,Tulare,107,460477,106952,107077,27978,135055,1469
2022-05-12,Tuolumne,109,53932,12964,12851,594,13445,182
2022-05-12,Ventura,111,848112,177172,176317,10144,186461,1497
2022-05-12,Yolo,113,214977,38818,37737,3180,40917,316
2022-05-12,Yuba,115,75493,16083,16028,1250,17278,122
2022-05-11,Alameda,001,1643700,272398,267982,14953,282935,1853
2022-05-11,Alpine,003,1148,125,125,1,126,0
2022-05-11,Amador,005,37829,8627,8564,671,9235,86
2022-05-11,Butte,007,227075,33650,33339,7156,40495,423
2022-05-11,Calaveras,009,45235,7391,7368,368,7736,120
2022-05-11,Colusa,011,21464,3467,3462,1053,4515,21
2022-05-11,Contra Costa,013,1133247,201007,195153,14402,209555,1302
2022-05-11,Del Norte,015,27424,6006,5911,200,6111,50
2022-05-11,El Dorado,017,186661,27368,27172,3301,30473,212
2022-05-11,Fresno,019,978130,234206,233021,24542,257563,2754
2022-05-11,Glenn,021,27897,5025,5001,1620,6621,48
2022-05-11,Humboldt,023,135768,17839,17585,3258,20843,146
2022-05-11,Imperial,025,180216,55826,55751,10678,66429,917
2022-05-11,Inyo,027,18085,4122,4093,517,4610,56
2022-05-11,Kern,029,883053,193375,192795,46390,239185,2292
2022-05-11,Kings,031,150075,51825,51752,3536,55288,447
2022-05-11,Lake,033,64148,10833,10786,899,11685,137
2022-05-11,Lassen,035,31185,8982,8984,877,9861,65
2022-05-11,Los Angeles,037,10098052,2782712,2761410,128591,2890001,31747
2022-05-11,Madera,039,155013,37611,37496,6135,43631,365
2022-05-11,Marin,041,260295,35895,35336,3216,38552,292
2022-05-11,Mariposa,043,17540,2480,2461,220,2681,30
2022-05-11,Mendocino,045,87422,13394,13320,3251,16571,124
2022-05-11,Merced,047,269075,63092,62567,8950,71517,818
2022-05-11,Modoc,049,8938,741,747,253,1000,8
2022-05-11,Mono,051,14174,3012,2999,147,3146,6
2022-05-11,Monterey,053,433212,80969,80534,14495,95029,733
2022-05-11,Napa,055,140530,26846,26660,1052,27712,143
2022-05-11,Nevada,057,99092,16335,16230,1260,17490,127
2022-05-11,Orange,059,3164182,559243,556265,43312,599577,7009
2022-05-11,Placer,061,380077,64383,63823,7577,71400,625
2022-05-11,Plumas,063,18699,3025,2998,367,3365,13
2022-05-11,Riverside,065,2383286,599893,597302,28449,625751,6468
2022-05-11,Sacramento,067,1510023,287922,285799,27390,313189,3020
2022-05-11,San Benito,069,59416,13204,13088,550,13638,98
2022-05-11,San Bernardino,071,2135413,581830,571372,25356,596728,7354
2022-05-11,San Diego,073,3302833,770195,768135,54860,822995,5257
2022-05-11,San Francisco,075,870044,136898,134027,8993,143020,864
2022-05-11,San Joaquin,077,732212,169345,167949,10359,178308,2233
2022-05-11,San Luis Obispo,079,281455,53678,53420,4026,57446,478
2022-05-11,San Mateo,081,765935,130769,128821,7786,136607,711
2022-05-11,Santa Barbara,083,443738,88167,87593,4867,92460,693
2022-05-11,Santa Clara,085,1922200,335668,327177,13456,340633,2294
2022-05-11,Santa Cruz,087,273765,50856,50031,2231,52262,263
2022-05-11,Shasta,089,179085,30865,30768,6132,36900,564
2022-05-11,Sierra,091,2930,275,275,50,325,4
2022-05-11,Siskiyou,093,43540,4478,4478,2760,7238,81
2022-05-11,Solano,095,438530,84469,83464,5840,89304,450
2022-05-11,Sonoma,097,501317,87933,86798,3203,90001,488
2022-05-11,Stanislaus,099,539301,119053,118445,18133,136578,1644
2022-05-11,Sutter,101,95872,20703,20668,2128,22796,225
2022-05-11,Tehama,103,63373,12123,12106,2605,14711,201
2022-05-11,Trinity,105,12862,1190,1188,288,1476,20
2022-05-11,Tulare,107,460477,106895,107068,27945,135013,1468
2022-05-11,Tuolumne,109,53932,12947,12829,594,13423,181
2022-05-11,Ventura,111,848112,176973,175955,10102,186057,1491
2022-05-11,Yolo,113,214977,38703,37654,3175,40829,316
2022-05-11,Yuba,115,75493,16064,15997,1240,17237,122
2022-05-10,Alameda,001,1643700,271623,267982,14900,282882,1853
2022-05-10,Alpine,003,1148,125,125,1,126,0
2022-05-10,Amador,005,37829,8623,8564,670,9234,86
2022-05-10,Butte,007,227075,33624,33339,7152,40491,423
2022-05-10,Calaveras,009,45235,7387,7368,367,7735,120
2022-05-10,Colusa,011,21464,3467,3462,1052,4514,21
2022-05-10,Contra Costa,013,1133247,200522,195153,14360,209513,1302
2022-05-10,Del Norte,015,27424,5954,5911,200,6111,50
2022-05-10,El Dorado,017,186661,27331,27172,3295,30467,212
2022-05-10,Fresno,019,978130,234044,233021,24513,257534,2754
2022-05-10,Glenn,021,27897,5022,5001,1620,6621,48
2022-05-10,Humboldt,023,135768,17801,17585,3241,20826,146
2022-05-10,Imperial,025,180216,55791,55751,10660,66411,917
2022-05-10,Inyo,027,18085,4120,4093,511,4604,56
2022-05-10,Kern,029,883053,193273,192795,46349,239144,2292
2022-05-10,Kings,031,150075,51794,51752,3536,55288,447
2022-05-10,Lake,033,64148,10828,10786,899,11685,137
2022-05-10,Lassen,035,31185,8977,8984,877,9861,65
2022-05-10,Los Angeles,037,10098052,2779406,2761410,128356,2889766,31747
2022-05-10,Madera,039,155013,37578,37496,6122,43618,365
2022-05-10,Marin,041,260295,35780,35336,3173,38509,292
2022-05-10,Mariposa,043,17540,2480,2461,220,2681,30
2022-05-10,Mendocino,045,87422,13382,13320,3238,16558,124
2022-05-10,Merced,047,269075,63047,62567,8931,71498,818
2022-05-10,Modoc,049,8938,741,747,253,1000,8
2022-05-10,Mono,051,14174,3008,2999,144,3143,6
2022-05-10,Monterey,053,433212,80903,80534,14447,94981,733
2022-05-10,Napa,055,140530,26808,26660,1050,27710,143
2022-05-10,Nevada,057,99092,16315,16230,1257,17487,127
2022-05-10,Orange,059,3164182,558539,556265,43217,599482,7009
2022-05-10,Placer,061,380077,64270,63823,7562,71385,625
2022-05-10,Plumas,063,18699,3017,2998,366,3364,13
2022-05-10,Riverside,065,2383286,599466,597302,28420,625722,6468
2022-05-10,Sacramento,067,1510023,287418,285799,27324,313123,3020
2022-05-10,San Benito,069,59416,13187,13088,545,13633,98
2022-05-10,San Bernardino,071,2135413,581480,571372,25330,596702,7354
2022-05-10,San Diego,073,3302833,769177,768135,54738,822873,5257
2022-05-10,San Francisco,075,870044,136348,134027,8966,142993,864
2022-05-10,San Joaquin,077,732212,169191,167949,10297,178246,2233
2022-05-10,San Luis Obispo,079,281455,53602,53420,4001,57421,478
2022-05-10,San Mateo,081,765935,130393,128821,7746,136567,711
2022-05-10,Santa Barbara,083,443738,88051,87593,4852,92445,693
2022-05-10,Santa Clara,085,1922200,334638,327177,13375,340552,2294
2022-05-10,Santa Cruz,087,273765,50730,50031,2220,52251,263
2022-05-10,Shasta,089,179085,30845,30768,6131,36899,564
2022-05-10,Sierra,091,2930,275,275,49,324,4
2022-05-10,Siskiyou,093,43540,4474,4478,2760,7238,81
2022-05-10,Solano,095,438530,84282,83464,5821,89285,450
2022-05-10,Sonoma,097,501317,87693,86798,3165,89963,488
2022-05-10,Stanislaus,099,539301,118959,118445,18114,136559,1644
2022-05-10,Sutter,101,95872,20684,20668,2125,22793,225
2022-05-10,Tehama,103,63373,12120,12106,2598,14704,201
2022-05-10,Trinity,105,12862,1190,1188,288,1476,20
2022-05-10,Tulare,107,460477,106852,107068,27917,134985,1468
2022-05-10,Tuolumne,109,53932,12935,12829,594,13423,181
2022-05-10,Ventura,111,848112,176755,175955,10064,186019,1491
2022-05-10,Yolo,113,214977,38599,37654,3164,40818,316
2022-05-10,Yuba,115,75493,16043,15997,1237,17234,122
2022-05-09,Alameda,001,1643700,270848,267982,14855,282837,1853
2022-05-09,Alpine,003,1148,125,125,1,126,0
2022-05-09,Amador,005,37829,8617,8564,670,9234,86
2022-05-09,Butte,007,227075,33598,33339,7143,40482,423
2022-05-09,Calaveras,009,45235,7381,7368,367,7735,120
2022-05-09,Colusa,011,21464,3465,3462,1050,4512,21
2022-05-09,Contra Costa,013,1133247,200050,195153,14302,209455,1302
2022-05-09,Del Norte,015,27424,5945,5911,199,6110,50
2022-05-09,El Dorado,017,186661,27296,27172,3287,30459,212
2022-05-09,Fresno,019,978130,233885,233021,24491,257512,2754
2022-05-09,Glenn,021,27897,5020,5001,1619,6620,48
2022-05-09,Humboldt,023,135768,17750,17585,3219,20804,146
2022-05-09,Imperial,025,180216,55757,55751,10647,66398,917
2022-05-09,Inyo,027,18085,4117,4093,508,4601,56
2022-05-09,Kern,029,883053,193176,192795,46292,239087,2292
2022-05-09,Kings,031,150075,51763,51752,3535,55287,447
2022-05-09,Lake,033,64148,10820,10786,898,11684,137
2022-05-09,Lassen,035,31185,8975,8984,877,9861,65
2022-05-09,Los Angeles,037,10098052,2776041,2761410,128110,2889520,31747
2022-05-09,Madera,039,155013,37546,37496,6113,43609,365
2022-05-09,Marin,041,260295,35663,35336,3138,38474,292
2022-05-09,Mariposa,043,17540,2475,2461,220,2681,30
2022-05-09,Mendocino,045,87422,13371,13320,3227,16547,124
2022-05-09,Merced,047,269075,63007,62567,8912,71479,818
2022-05-09,Modoc,049,8938,741,747,253,1000,8
2022-05-09,Mono,051,14174,3006,2999,142,3141,6
2022-05-09,Monterey,053,433212,80811,80534,14394,94928,733
2022-05-09,Napa,055,140530,26758,26660,1048,27708,143
2022-05-09,Nevada,057,99092,16287,16230,1251,17481,127
2022-05-09,Orange,059,3164182,557870,556265,43135,599400,7009
2022-05-09,Placer,061,380077,64209,63823,7546,71369,625
2022-05-09,Plumas,063,18699,3008,2998,366,3364,13
2022-05-09,Riverside,065,2383286,598975,597302,28384,625686,6468
2022-05-09,Sacramento,067,1510023,286989,285799,27252,313051,3020
2022-05-09,San Benito,069,59416,13168,13088,543,13631,98
2022-05-09,San Bernardino,071,2135413,581142,571372,25319,596691,7354
2022-05-09,San Diego,073,3302833,768200,768135,54596,822731,5257
2022-05-09,San Francisco,075,870044,135793,134027,8942,142969,864
2022-05-09,San Joaquin,077,732212,169008,167949,10275,178224,2233
2022-05-09,San Luis Obispo,079,281455,53549,53420,3980,57400,478
2022-05-09,San Mateo,081,765935,129966,128821,7708,136529,711
2022-05-09,Santa Barbara,083,443738,87921,87593,4841,92434,693
2022-05-09,Santa Clara,085,1922200,333500,327177,13312,340489,2294
2022-05-09,Santa Cruz,087,273765,50589,50031,2212,52243,263
2022-05-09,Shasta,089,179085,30832,30768,6129,36897,564
2022-05-09,Sierra,091,2930,275,275,49,324,4
2022-05-09,Siskiyou,093,43540,4472,4478,2760,7238,81
2022-05-09,Solano,095,438530,84125,83464,5808,89272,450
2022-05-09,Sonoma,097,501317,87433,86798,3139,89937,488
2022-05-09,Stanislaus,099,539301,118863,118445,18096,136541,1644
2022-05-09,Sutter,101,95872,20671,20668,2124,22792,225
2022-05-09,Tehama,103,63373,12118,12106,2596,14702,201
2022-05-09,Trinity,105,12862,1190,1188,288,1476,20
2022-05-09,Tulare,107,460477,106806,107068,27880,134948,1468
2022-05-09,Tuolumne,109,53932,12927,12829,594,13423,181
2022-05-09,Ventura,111,848112,176538,175955,10015,185970,1491
2022-05-09,Yolo,113,214977,38490,37654,3155,40809,316
2022-05-09,Yuba,115,75493,16034,15997,1236,17233,122
2022-05-08,Alameda,001,1643700,269954,265198,14787,279985,1855
2022-05-08,Alpine,003,1148,125,125,1,126,0
2022-05-08,Amador,005,37829,8606,8556,667,9223,86
2022-05-08,Butte,007,227075,33575,33269,7132,40401,421
2022-05-08,Calaveras,009,45235,7374,7353,366,7719,120
2022-05-08,Colusa,011,21464,3464,3459,1050,4509,21
2022-05-08,Contra Costa,013,1133247,199535,193961,14221,208182,1302
2022-05-08,Del Norte,015,27424,5929,5884,199,6083,50
2022-05-08,El Dorado,017,186661,27258,27081,3282,30363,210
2022-05-08,Fresno,019,978130,233717,232655,24468,257123,2754
2022-05-08,Glenn,021,27897,5018,4996,1619,6615,48
2022-05-08,Humboldt,023,135768,17697,17410,3180,20590,146
2022-05-08,Imperial,025,180216,55722,55683,10638,66321,917
2022-05-08,Inyo,027,18085,4110,4087,508,4595,56
2022-05-08,Kern,029,883053,193082,192590,46246,238836,2287
2022-05-08,Kings,031,150075,51746,51702,3535,55237,447
2022-05-08,Lake,033,64148,10813,10766,898,11664,137
2022-05-08,Lassen,035,31185,8971,8978,877,9855,65
2022-05-08,Los Angeles,037,10098052,2772432,2751478,127820,2879298,31738
2022-05-08,Madera,039,155013,37524,37420,6094,43514,365
2022-05-08,Marin,041,260295,35538,34934,3091,38025,292
2022-05-08,Mariposa,043,17540,2468,2438,219,2657,30
2022-05-08,Mendocino,045,87422,13352,13270,3201,16471,124
2022-05-08,Merced,047,269075,62958,62471,8883,71354,818
2022-05-08,Modoc,049,8938,741,745,253,998,8
2022-05-08,Mono,051,14174,3005,2997,140,3137,6
2022-05-08,Monterey,053,433212,80718,80246,14312,94558,733
2022-05-08,Napa,055,140530,26717,26524,1045,27569,143
2022-05-08,Nevada,057,99092,16263,16171,1249,17420,127
2022-05-08,Orange,059,3164182,557189,554411,43032,597443,7007
2022-05-08,Placer,061,380077,64093,63577,7519,71096,625
2022-05-08,Plumas,063,18699,3004,2996,366,3362,13
2022-05-08,Riverside,065,2383286,598487,596022,28348,624370,6467
2022-05-08,Sacramento,067,1510023,286481,284564,27179,311743,3016
2022-05-08,San Benito,069,59416,13153,13047,540,13587,98
2022-05-08,San Bernardino,071,2135413,580710,570381,25285,595666,7306
2022-05-08,San Diego,073,3302833,767171,765377,54492,819869,5244
2022-05-08,San Francisco,075,870044,135142,132659,8912,141571,861
2022-05-08,San Joaquin,077,732212,168823,167568,10242,177810,2229
2022-05-08,San Luis Obispo,079,281455,53478,53273,3960,57233,477
2022-05-08,San Mateo,081,765935,129505,127615,7654,135269,709
2022-05-08,Santa Barbara,083,443738,87787,87305,4832,92137,692
2022-05-08,Santa Clara,085,1922200,332429,324946,13239,338185,2287
2022-05-08,Santa Cruz,087,273765,50409,49605,2208,51813,262
2022-05-08,Shasta,089,179085,30804,30721,6125,36846,563
2022-05-08,Sierra,091,2930,275,275,49,324,4
2022-05-08,Siskiyou,093,43540,4469,4470,2755,7225,81
2022-05-08,Solano,095,438530,83954,83038,5783,88821,450
2022-05-08,Sonoma,097,501317,87214,86150,3104,89254,488
2022-05-08,Stanislaus,099,539301,118755,118235,18071,136306,1643
2022-05-08,Sutter,101,95872,20650,20694,2120,22814,225
2022-05-08,Tehama,103,63373,12112,12098,2593,14691,201
2022-05-08,Trinity,105,12862,1189,1180,288,1468,20
2022-05-08,Tulare,107,460477,106765,106987,27845,134832,1468
2022-05-08,Tuolumne,109,53932,12914,12793,590,13383,181
2022-05-08,Ventura,111,848112,176302,175454,9969,185423,1491
2022-05-08,Yolo,113,214977,38383,37456,3141,40597,315
2022-05-08,Yuba,115,75493,16012,15964,1232,17196,122
2022-05-07,Alameda,001,1643700,269576,265198,14769,279967,1855
2022-05-07,Alpine,003,1148,125,125,1,126,0
2022-05-07,Amador,005,37829,8604,8556,667,9223,86
2022-05-07,Butte,007,227075,33567,33269,7126,40395,421
2022-05-07,Calaveras,009,45235,7367,7353,366,7719,120
2022-05-07,Colusa,011,21464,3464,3459,1050,4509,21
2022-05-07,Contra Costa,013,1133247,199293,193961,14204,208165,1302
2022-05-07,Del Norte,015,27424,5927,5884,199,6083,50
2022-05-07,El Dorado,017,186661,27240,27081,3281,30362,210
2022-05-07,Fresno,019,978130,233660,232655,24461,257116,2754
2022-05-07,Glenn,021,27897,5017,4996,1619,6615,48
2022-05-07,Humboldt,023,135768,17669,17410,3172,20582,146
2022-05-07,Imperial,025,180216,55699,55683,10632,66315,917
2022-05-07,Inyo,027,18085,4107,4087,508,4595,56
2022-05-07,Kern,029,883053,193047,192590,46225,238815,2287
2022-05-07,Kings,031,150075,51735,51702,3535,55237,447
2022-05-07,Lake,033,64148,10809,10766,898,11664,137
2022-05-07,Lassen,035,31185,8971,8978,877,9855,65
2022-05-07,Los Angeles,037,10098052,2770844,2751478,127649,2879127,31738
2022-05-07,Madera,039,155013,37517,37420,6094,43514,365
2022-05-07,Marin,041,260295,35464,34934,3059,37993,292
2022-05-07,Mariposa,043,17540,2465,2438,219,2657,30
2022-05-07,Mendocino,045,87422,13343,13270,3198,16468,124
2022-05-07,Merced,047,269075,62945,62471,8883,71354,818
2022-05-07,Modoc,049,8938,741,745,253,998,8
2022-05-07,Mono,051,14174,3004,2997,139,3136,6
2022-05-07,Monterey,053,433212,80658,80246,14286,94532,733
2022-05-07,Napa,055,140530,26687,26524,1044,27568,143
2022-05-07,Nevada,057,99092,16253,16171,1244,17415,127
2022-05-07,Orange,059,3164182,556862,554411,42979,597390,7007
2022-05-07,Placer,061,380077,64029,63577,7511,71088,625
2022-05-07,Plumas,063,18699,3004,2996,365,3361,13
2022-05-07,Riverside,065,2383286,598232,596022,28321,624343,6467
2022-05-07,Sacramento,067,1510023,286286,284564,27166,311730,3016
2022-05-07,San Benito,069,59416,13144,13047,535,13582,98
2022-05-07,San Bernardino,071,2135413,580498,570381,25280,595661,7306
2022-05-07,San Diego,073,3302833,766685,765377,54461,819838,5244
2022-05-07,San Francisco,075,870044,134814,132659,8892,141551,861
2022-05-07,San Joaquin,077,732212,168718,167568,10233,177801,2229
2022-05-07,San Luis Obispo,079,281455,53466,53273,3949,57222,477
2022-05-07,San Mateo,081,765935,129221,127615,7632,135247,709
2022-05-07,Santa Barbara,083,443738,87707,87305,4829,92134,692
2022-05-07,Santa Clara,085,1922200,331809,324946,13209,338155,2287
2022-05-07,Santa Cruz,087,273765,50356,49605,2198,51803,262
2022-05-07,Shasta,089,179085,30796,30721,6125,36846,563
2022-05-07,Sierra,091,2930,275,275,49,324,4
2022-05-07,Siskiyou,093,43540,4467,4470,2755,7225,81
2022-05-07,Solano,095,438530,83897,83038,5778,88816,450
2022-05-07,Sonoma,097,501317,87089,86150,3095,89245,488
2022-05-07,Stanislaus,099,539301,118708,118235,18062,136297,1643
2022-05-07,Sutter,101,95872,20641,20694,2120,22814,225
2022-05-07,Tehama,103,63373,12110,12098,2592,14690,201
2022-05-07,Trinity,105,12862,1189,1180,288,1468,20
2022-05-07,Tulare,107,460477,106741,106987,27833,134820,1468
2022-05-07,Tuolumne,109,53932,12907,12793,590,13383,181
2022-05-07,Ventura,111,848112,176191,175454,9945,185399,1491
2022-05-07,Yolo,113,214977,38338,37456,3139,40595,315
2022-05-07,Yuba,115,75493,16003,15964,1232,17196,122
2022-05-06,Alameda,001,1643700,269191,265198,14748,279946,1855
2022-05-06,Alpine,003,1148,125,125,1,126,0
2022-05-06,Amador,005,37829,8603,8556,666,9222,86
2022-05-06,Butte,007,227075,33558,33269,7123,40392,421
2022-05-06,Calaveras,009,45235,7365,7353,366,7719,120
2022-05-06,Colusa,011,21464,3464,3459,1050,4509,21
2022-05-06,Contra Costa,013,1133247,199061,193961,14192,208153,1302
2022-05-06,Del Norte,015,27424,5917,5884,199,6083,50
2022-05-06,El Dorado,017,186661,27215,27081,3278,30359,210
2022-05-06,Fresno,019,978130,233584,232655,24452,257107,2754
2022-05-06,Glenn,021,27897,5017,4996,1619,6615,48
2022-05-06,Humboldt,023,135768,17642,17410,3165,20575,146
2022-05-06,Imperial,025,180216,55690,55683,10629,66312,917
2022-05-06,Inyo,027,18085,4098,4087,505,4592,56
2022-05-06,Kern,029,883053,192995,192590,46196,238786,2287
2022-05-06,Kings,031,150075,51727,51702,3535,55237,447
2022-05-06,Lake,033,64148,10807,10766,898,11664,137
2022-05-06,Lassen,035,31185,8971,8978,877,9855,65
2022-05-06,Los Angeles,037,10098052,2769020,2751478,127500,2878978,31738
2022-05-06,Madera,039,155013,37503,37420,6091,43511,365
2022-05-06,Marin,041,260295,35386,34934,3013,37947,292
2022-05-06,Mariposa,043,17540,2464,2438,212,2650,30
2022-05-06,Mendocino,045,87422,13331,13270,3196,16466,124
2022-05-06,Merced,047,269075,62928,62471,8882,71353,818
2022-05-06,Modoc,049,8938,741,745,253,998,8
2022-05-06,Mono,051,14174,3003,2997,139,3136,6
2022-05-06,Monterey,053,433212,80619,80246,14249,94495,733
2022-05-06,Napa,055,140530,26670,26524,1044,27568,143
2022-05-06,Nevada,057,99092,16241,16171,1242,17413,127
2022-05-06,Orange,059,3164182,556518,554411,42913,597324,7007
2022-05-06,Placer,061,380077,63968,63577,7499,71076,625
2022-05-06,Plumas,063,18699,3002,2996,365,3361,13
2022-05-06,Riverside,065,2383286,598004,596022,28301,624323,6467
2022-05-06,Sacramento,067,1510023,286030,284564,27146,311710,3016
2022-05-06,San Benito,069,59416,13140,13047,535,13582,98
2022-05-06,San Bernardino,071,2135413,580321,570381,25274,595655,7306
2022-05-06,San Diego,073,3302833,766175,765377,54424,819801,5244
2022-05-06,San Francisco,075,870044,134488,132659,8871,141530,861
2022-05-06,San Joaquin,077,732212,168628,167568,10221,177789,2229
2022-05-06,San Luis Obispo,079,281455,53440,53273,3944,57217,477
2022-05-06,San Mateo,081,765935,128993,127615,7623,135238,709
2022-05-06,Santa Barbara,083,443738,87653,87305,4827,92132,692
2022-05-06,Santa Clara,085,1922200,331217,324946,13194,338140,2287
2022-05-06,Santa Cruz,087,273765,50291,49605,2194,51799,262
2022-05-06,Shasta,089,179085,30790,30721,6124,36845,563
2022-05-06,Sierra,091,2930,275,275,49,324,4
2022-05-06,Siskiyou,093,43540,4465,4470,2753,7223,81
2022-05-06,Solano,095,438530,83807,83038,5770,88808,450
2022-05-06,Sonoma,097,501317,86967,86150,3080,89230,488
2022-05-06,Stanislaus,099,539301,118651,118235,18055,136290,1643
2022-05-06,Sutter,101,95872,20635,20694,2120,22814,225
2022-05-06,Tehama,103,63373,12105,12098,2592,14690,201
2022-05-06,Trinity,105,12862,1188,1180,288,1468,20
2022-05-06,Tulare,107,460477,106722,106987,27822,134809,1468
2022-05-06,Tuolumne,109,53932,12900,12793,589,13382,181
2022-05-06,Ventura,111,848112,176074,175454,9915,185369,1491
2022-05-06,Yolo,113,214977,38291,37456,3135,40591,315
2022-05-06,Yuba,115,75493,15992,15964,1231,17195,122
2022-05-05,Alameda,001,1643700,268605,265198,14703,279901,1855
2022-05-05,Alpine,003,1148,125,125,1,126,0
2022-05-05,Amador,005,37829,8601,8556,665,9221,86
2022-05-05,Butte,007,227075,33539,33269,7116,40385,421
2022-05-05,Calaveras,009,45235,7361,7353,364,7717,120
2022-05-05,Colusa,011,21464,3464,3459,1047,4506,21
2022-05-05,Contra Costa,013,1133247,198667,193961,14148,208109,1302
2022-05-05,Del Norte,015,27424,5916,5884,199,6083,50
2022-05-05,El Dorado,017,186661,27190,27081,3271,30352,210
2022-05-05,Fresno,019,978130,233483,232655,24429,257084,2754
2022-05-05,Glenn,021,27897,5017,4996,1618,6614,48
2022-05-05,Humboldt,023,135768,17604,17410,3151,20561,146
2022-05-05,Imperial,025,180216,55683,55683,10618,66301,917
2022-05-05,Inyo,027,18085,4094,4087,504,4591,56
2022-05-05,Kern,029,883053,192937,192590,46159,238749,2287
2022-05-05,Kings,031,150075,51719,51702,3535,55237,447
2022-05-05,Lake,033,64148,10803,10766,898,11664,137
2022-05-05,Lassen,035,31185,8971,8978,877,9855,65
2022-05-05,Los Angeles,037,10098052,2766426,2751478,127279,2878757,31738
2022-05-05,Madera,039,155013,37486,37420,6086,43506,365
2022-05-05,Marin,041,260295,35277,34934,2991,37925,292
2022-05-05,Mariposa,043,17540,2462,2438,211,2649,30
2022-05-05,Mendocino,045,87422,13320,13270,3188,16458,124
2022-05-05,Merced,047,269075,62895,62471,8878,71349,818
2022-05-05,Modoc,049,8938,741,745,251,996,8
2022-05-05,Mono,051,14174,3002,2997,138,3135,6
2022-05-05,Monterey,053,433212,80564,80246,14220,94466,733
2022-05-05,Napa,055,140530,26637,26524,1043,27567,143
2022-05-05,Nevada,057,99092,16231,16171,1239,17410,127
2022-05-05,Orange,059,3164182,556009,554411,42855,597266,7007
2022-05-05,Placer,061,380077,63907,63577,7490,71067,625
2022-05-05,Plumas,063,18699,3001,2996,365,3361,13
2022-05-05,Riverside,065,2383286,597667,596022,28274,624296,6467
2022-05-05,Sacramento,067,1510023,285694,284564,27093,311657,3016
2022-05-05,San Benito,069,59416,13129,13047,533,13580,98
2022-05-05,San Bernardino,071,2135413,580031,570381,25258,595639,7306
2022-05-05,San Diego,073,3302833,765434,765377,54354,819731,5244
2022-05-05,San Francisco,075,870044,134072,132659,8837,141496,861
2022-05-05,San Joaquin,077,732212,168537,167568,10193,177761,2229
2022-05-05,San Luis Obispo,079,281455,53404,53273,3929,57202,477
2022-05-05,San Mateo,081,765935,128656,127615,7598,135213,709
2022-05-05,Santa Barbara,083,443738,87578,87305,4822,92127,692
2022-05-05,Santa Clara,085,1922200,330420,324946,13132,338078,2287
2022-05-05,Santa Cruz,087,273765,50193,49605,2190,51795,262
2022-05-05,Shasta,089,179085,30780,30721,6122,36843,563
2022-05-05,Sierra,091,2930,275,275,49,324,4
2022-05-05,Siskiyou,093,43540,4463,4470,2753,7223,81
2022-05-05,Solano,095,438530,83686,83038,5752,88790,450
2022-05-05,Sonoma,097,501317,86794,86150,3062,89212,488
2022-05-05,Stanislaus,099,539301,118593,118235,18041,136276,1643
2022-05-05,Sutter,101,95872,20633,20694,2118,22812,225
2022-05-05,Tehama,103,63373,12101,12098,2590,14688,201
2022-05-05,Trinity,105,12862,1188,1180,288,1468,20
2022-05-05,Tulare,107,460477,106692,106987,27804,134791,1468
2022-05-05,Tuolumne,109,53932,12882,12793,586,13379,181
2022-05-05,Ventura,111,848112,175887,175454,9872,185326,1491
2022-05-05,Yolo,113,214977,38220,37456,3124,40580,315
2022-05-05,Yuba,115,75493,15982,15964,1228,17192,122
2022-05-04,Alameda,001,1643700,267942,263736,14662,278398,1850
2022-05-04,Alpine,003,1148,125,124,1,125,0
2022-05-04,Amador,005,37829,8598,8546,664,9210,86
2022-05-04,Butte,007,227075,33522,33220,7111,40331,417
2022-05-04,Calaveras,009,45235,7356,7344,364,7708,120
2022-05-04,Colusa,011,21464,3463,3460,1047,4507,21
2022-05-04,Contra Costa,013,1133247,198300,193175,14093,207268,1302
2022-05-04,Del Norte,015,27424,5908,5866,199,6065,50
2022-05-04,El Dorado,017,186661,27165,27021,3264,30285,210
2022-05-04,Fresno,019,978130,233366,232332,24418,256750,2751
2022-05-04,Glenn,021,27897,5015,4995,1618,6613,48
2022-05-04,Humboldt,023,135768,17564,17316,3141,20457,146
2022-05-04,Imperial,025,180216,55660,55548,10610,66158,910
2022-05-04,Inyo,027,18085,4094,4085,501,4586,56
2022-05-04,Kern,029,883053,192871,192432,46123,238555,2281
2022-05-04,Kings,031,150075,51701,51663,3534,55197,447
2022-05-04,Lake,033,64148,10798,10758,898,11656,137
2022-05-04,Lassen,035,31185,8970,8972,875,9847,65
2022-05-04,Los Angeles,037,10098052,2763628,2744894,127087,2871981,31722
2022-05-04,Madera,039,155013,37462,37395,6081,43476,365
2022-05-04,Marin,041,260295,35190,34727,2969,37696,291
2022-05-04,Mariposa,043,17540,2456,2435,206,2641,30
2022-05-04,Mendocino,045,87422,13312,13247,3180,16427,123
2022-05-04,Merced,047,269075,62868,62419,8867,71286,818
2022-05-04,Modoc,049,8938,741,746,251,997,8
2022-05-04,Mono,051,14174,3001,2993,135,3128,6
2022-05-04,Monterey,053,433212,80502,80038,14196,94234,732
2022-05-04,Napa,055,140530,26600,26434,1040,27474,143
2022-05-04,Nevada,057,99092,16215,16136,1235,17371,127
2022-05-04,Orange,059,3164182,555425,553177,42780,595957,7006
2022-05-04,Placer,061,380077,63824,63410,7485,70895,625
2022-05-04,Plumas,063,18699,2999,2947,365,3312,13
2022-05-04,Riverside,065,2383286,597333,594981,28248,623229,6457
2022-05-04,Sacramento,067,1510023,285363,283939,27057,310996,3013
2022-05-04,San Benito,069,59416,13120,13019,527,13546,98
2022-05-04,San Bernardino,071,2135413,579768,569570,25245,594815,7240
2022-05-04,San Diego,073,3302833,764686,763453,54261,817714,5239
2022-05-04,San Francisco,075,870044,133666,131599,8815,140414,860
2022-05-04,San Joaquin,077,732212,168433,167280,10164,177444,2225
2022-05-04,San Luis Obispo,079,281455,53360,53156,3918,57074,477
2022-05-04,San Mateo,081,765935,128333,126800,7563,134363,710
2022-05-04,Santa Barbara,083,443738,87473,87058,4807,91865,688
2022-05-04,Santa Clara,085,1922200,329612,322805,13079,335884,2285
2022-05-04,Santa Cruz,087,273765,50078,49230,2187,51417,262
2022-05-04,Shasta,089,179085,30764,30681,6120,36801,556
2022-05-04,Sierra,091,2930,275,275,49,324,4
2022-05-04,Siskiyou,093,43540,4460,4463,2751,7214,81
2022-05-04,Solano,095,438530,83540,82796,5742,88538,449
2022-05-04,Sonoma,097,501317,86618,85694,3037,88731,488
2022-05-04,Stanislaus,099,539301,118530,118123,18030,136153,1643
2022-05-04,Sutter,101,95872,20622,20672,2116,22788,224
2022-05-04,Tehama,103,63373,12099,12090,2585,14675,201
2022-05-04,Trinity,105,12862,1188,1180,288,1468,20
2022-05-04,Tulare,107,460477,106674,106935,27789,134724,1464
2022-05-04,Tuolumne,109,53932,12875,12757,584,13341,181
2022-05-04,Ventura,111,848112,175719,175066,9830,184896,1486
2022-05-04,Yolo,113,214977,38144,37344,3119,40463,315
2022-05-04,Yuba,115,75493,15973,15940,1225,17165,122
2022-05-03,Alameda,001,1643700,267336,263736,14619,278355,1850
2022-05-03,Alpine,003,1148,125,124,1,125,0
2022-05-03,Amador,005,37829,8595,8546,663,9209,86
2022-05-03,Butte,007,227075,33506,33220,7106,40326,417
2022-05-03,Calaveras,009,45235,7349,7344,364,7708,120
2022-05-03,Colusa,011,21464,3462,3460,1047,4507,21
2022-05-03,Contra Costa,013,1133247,197907,193175,14050,207225,1302
2022-05-03,Del Norte,015,27424,5901,5866,197,6063,50
2022-05-03,El Dorado,017,186661,27143,27021,3260,30281,210
2022-05-03,Fresno,019,978130,233255,232332,24399,256731,2751
2022-05-03,Glenn,021,27897,5014,4995,1616,6611,48
2022-05-03,Humboldt,023,135768,17528,17316,3122,20438,146
2022-05-03,Imperial,025,180216,55639,55548,10604,66152,910
2022-05-03,Inyo,027,18085,4092,4085,501,4586,56
2022-05-03,Kern,029,883053,192793,192432,46091,238523,2281
2022-05-03,Kings,031,150075,51689,51663,3534,55197,447
2022-05-03,Lake,033,64148,10794,10758,897,11655,137
2022-05-03,Lassen,035,31185,8970,8972,875,9847,65
2022-05-03,Los Angeles,037,10098052,2760552,2744894,126854,2871748,31722
2022-05-03,Madera,039,155013,37431,37395,6076,43471,365
2022-05-03,Marin,041,260295,35080,34727,2946,37673,291
2022-05-03,Mariposa,043,17540,2448,2435,206,2641,30
2022-05-03,Mendocino,045,87422,13297,13247,3162,16409,123
2022-05-03,Merced,047,269075,62840,62419,8843,71262,818
2022-05-03,Modoc,049,8938,740,746,251,997,8
2022-05-03,Mono,051,14174,2999,2993,134,3127,6
2022-05-03,Monterey,053,433212,80450,80038,14162,94200,732
2022-05-03,Napa,055,140530,26565,26434,1033,27467,143
2022-05-03,Nevada,057,99092,16204,16136,1235,17371,127
2022-05-03,Orange,059,3164182,554901,553177,42702,595879,7006
2022-05-03,Placer,061,380077,63730,63410,7471,70881,625
2022-05-03,Plumas,063,18699,2995,2947,365,3312,13
2022-05-03,Riverside,065,2383286,596966,594981,28224,623205,6457
2022-05-03,Sacramento,067,1510023,285052,283939,27006,310945,3013
2022-05-03,San Benito,069,59416,13107,13019,524,13543,98
2022-05-03,San Bernardino,071,2135413,579499,569570,25233,594803,7240
2022-05-03,San Diego,073,3302833,763841,763453,54161,817614,5239
2022-05-03,San Francisco,075,870044,133191,131599,8785,140384,860
2022-05-03,San Joaquin,077,732212,168350,167280,10138,177418,2225
2022-05-03,San Luis Obispo,079,281455,53313,53156,3909,57065,477
2022-05-03,San Mateo,081,765935,127989,126800,7526,134326,710
2022-05-03,Santa Barbara,083,443738,87384,87058,4805,91863,688
2022-05-03,Santa Clara,085,1922200,328795,322805,13029,335834,2285
2022-05-03,Santa Cruz,087,273765,49986,49230,2181,51411,262
2022-05-03,Shasta,089,179085,30745,30681,6119,36800,556
2022-05-03,Sierra,091,2930,275,275,49,324,4
2022-05-03,Siskiyou,093,43540,4459,4463,2751,7214,81
2022-05-03,Solano,095,438530,83351,82796,5730,88526,449
2022-05-03,Sonoma,097,501317,86437,85694,3013,88707,488
2022-05-03,Stanislaus,099,539301,118476,118123,18017,136140,1643
2022-05-03,Sutter,101,95872,20617,20672,2114,22786,224
2022-05-03,Tehama,103,63373,12095,12090,2584,14674,201
2022-05-03,Trinity,105,12862,1187,1180,288,1468,20
2022-05-03,Tulare,107,460477,106646,106935,27775,134710,1464
2022-05-03,Tuolumne,109,53932,12862,12757,584,13341,181
2022-05-03,Ventura,111,848112,175550,175066,9787,184853,1486
2022-05-03,Yolo,113,214977,38076,37344,3118,40462,315
2022-05-03,Yuba,115,75493,15962,15940,1217,17157,122
2022-05-02,Alameda,001,1643700,266702,263736,14574,278310,1850
2022-05-02,Alpine,003,1148,125,124,1,125,0
2022-05-02,Amador,005,37829,8592,8546,660,9206,86
2022-05-02,Butte,007,227075,33483,33220,7103,40323,417
2022-05-02,Calaveras,009,45235,7348,7344,363,7707,120
2022-05-02,Colusa,011,21464,3462,3460,1047,4507,21
2022-05-02,Contra Costa,013,1133247,197534,193175,14012,207187,1302
2022-05-02,Del Norte,015,27424,5896,5866,192,6058,50
2022-05-02,El Dorado,017,186661,27120,27021,3254,30275,210
2022-05-02,Fresno,019,978130,233144,232332,24370,256702,2751
2022-05-02,Glenn,021,27897,5012,4995,1616,6611,48
2022-05-02,Humboldt,023,135768,17477,17316,3108,20424,146
2022-05-02,Imperial,025,180216,55626,55548,10597,66145,910
2022-05-02,Inyo,027,18085,4091,4085,499,4584,56
2022-05-02,Kern,029,883053,192709,192432,46062,238494,2281
2022-05-02,Kings,031,150075,51672,51663,3534,55197,447
2022-05-02,Lake,033,64148,10790,10758,897,11655,137
2022-05-02,Lassen,035,31185,8969,8972,875,9847,65
2022-05-02,Los Angeles,037,10098052,2757505,2744894,126637,2871531,31722
2022-05-02,Madera,039,155013,37414,37395,6069,43464,365
2022-05-02,Marin,041,260295,34955,34727,2923,37650,291
2022-05-02,Mariposa,043,17540,2443,2435,206,2641,30
2022-05-02,Mendocino,045,87422,13279,13247,3149,16396,123
2022-05-02,Merced,047,269075,62808,62419,8836,71255,818
2022-05-02,Modoc,049,8938,739,746,251,997,8
2022-05-02,Mono,051,14174,2997,2993,133,3126,6
2022-05-02,Monterey,053,433212,80372,80038,14121,94159,732
2022-05-02,Napa,055,140530,26526,26434,1031,27465,143
2022-05-02,Nevada,057,99092,16186,16136,1233,17369,127
2022-05-02,Orange,059,3164182,554361,553177,42606,595783,7006
2022-05-02,Placer,061,380077,63673,63410,7464,70874,625
2022-05-02,Plumas,063,18699,2995,2947,365,3312,13
2022-05-02,Riverside,065,2383286,596576,594981,28197,623178,6457
2022-05-02,Sacramento,067,1510023,284746,283939,26966,310905,3013
2022-05-02,San Benito,069,59416,13095,13019,524,13543,98
2022-05-02,San Bernardino,071,2135413,579212,569570,25215,594785,7240
2022-05-02,San Diego,073,3302833,762977,763453,54065,817518,5239
2022-05-02,San Francisco,075,870044,132756,131599,8758,140357,860
2022-05-02,San Joaquin,077,732212,168233,167280,10127,177407,2225
2022-05-02,San Luis Obispo,079,281455,53260,53156,3900,57056,477
2022-05-02,San Mateo,081,765935,127666,126800,7511,134311,710
2022-05-02,Santa Barbara,083,443738,87283,87058,4801,91859,688
2022-05-02,Santa Clara,085,1922200,327880,322805,12982,335787,2285
2022-05-02,Santa Cruz,087,273765,49860,49230,2177,51407,262
2022-05-02,Shasta,089,179085,30726,30681,6118,36799,556
2022-05-02,Sierra,091,2930,275,275,49,324,4
2022-05-02,Siskiyou,093,43540,4456,4463,2749,7212,81
2022-05-02,Solano,095,438530,83211,82796,5720,88516,449
2022-05-02,Sonoma,097,501317,86254,85694,2992,88686,488
2022-05-02,Stanislaus,099,539301,118403,118123,18003,136126,1643
2022-05-02,Sutter,101,95872,20610,20672,2111,22783,224
2022-05-02,Tehama,103,63373,12090,12090,2581,14671,201
2022-05-02,Trinity,105,12862,1186,1180,288,1468,20
2022-05-02,Tulare,107,460477,106624,106935,27759,134694,1464
2022-05-02,Tuolumne,109,53932,12856,12757,584,13341,181
2022-05-02,Ventura,111,848112,175387,175066,9755,184821,1486
2022-05-02,Yolo,113,214977,37998,37344,3112,40456,315
2022-05-02,Yuba,115,75493,15957,15940,1215,17155,122
2022-05-01,Alameda,001,1643700,266001,262027,14523,276550,1851
2022-05-01,Alpine,003,1148,125,124,1,125,0
2022-05-01,Amador,005,37829,8592,8533,660,9193,86
2022-05-01,Butte,007,227075,33456,33172,7098,40270,418
2022-05-01,Calaveras,009,45235,7344,7328,357,7685,120
2022-05-01,Colusa,011,21464,3462,3457,1047,4504,21
2022-05-01,Contra Costa,013,1133247,197148,192136,13941,206077,1301
2022-05-01,Del Norte,015,27424,5888,5841,192,6033,50
2022-05-01,El Dorado,017,186661,27088,26946,3250,30196,210
2022-05-01,Fresno,019,978130,233039,232067,24350,256417,2748
2022-05-01,Glenn,021,27897,5012,4995,1616,6611,48
2022-05-01,Humboldt,023,135768,17413,17194,3083,20277,145
2022-05-01,Imperial,025,180216,55602,55503,10594,66097,910
2022-05-01,Inyo,027,18085,4090,4084,498,4582,56
2022-05-01,Kern,029,883053,192646,192250,46016,238266,2265
2022-05-01,Kings,031,150075,51651,51640,3530,55170,447
2022-05-01,Lake,033,64148,10783,10742,895,11637,137
2022-05-01,Lassen,035,31185,8969,8966,875,9841,65
2022-05-01,Los Angeles,037,10098052,2754480,2736900,126402,2863302,31712
2022-05-01,Madera,039,155013,37396,37360,6058,43418,365
2022-05-01,Marin,041,260295,34868,34519,2890,37409,291
2022-05-01,Mariposa,043,17540,2442,2430,206,2636,30
2022-05-01,Mendocino,045,87422,13260,13219,3133,16352,123
2022-05-01,Merced,047,269075,62776,62357,8820,71177,818
2022-05-01,Modoc,049,8938,739,745,251,996,8
2022-05-01,Mono,051,14174,2994,2989,131,3120,6
2022-05-01,Monterey,053,433212,80293,79881,14079,93960,731
2022-05-01,Napa,055,140530,26481,26319,1027,27346,143
2022-05-01,Nevada,057,99092,16167,16100,1232,17332,127
2022-05-01,Orange,059,3164182,553808,551822,42503,594325,6998
2022-05-01,Placer,061,380077,63600,63273,7450,70723,625
2022-05-01,Plumas,063,18699,2994,2946,365,3311,13
2022-05-01,Riverside,065,2383286,596117,593965,28163,622128,6457
2022-05-01,Sacramento,067,1510023,284415,283048,26905,309953,3007
2022-05-01,San Benito,069,59416,13087,12988,524,13512,98
2022-05-01,San Bernardino,071,2135413,578892,568758,25198,593956,7191
2022-05-01,San Diego,073,3302833,762096,761253,53973,815226,5238
2022-05-01,San Francisco,075,870044,132264,130241,8729,138970,860
2022-05-01,San Joaquin,077,732212,168088,167028,10096,177124,2225
2022-05-01,San Luis Obispo,079,281455,53188,53040,3884,56924,477
2022-05-01,San Mateo,081,765935,127300,125807,7472,133279,705
2022-05-01,Santa Barbara,083,443738,87179,86768,4791,91559,688
2022-05-01,Santa Clara,085,1922200,326938,320709,12929,333638,2281
2022-05-01,Santa Cruz,087,273765,49708,48798,2169,50967,262
2022-05-01,Shasta,089,179085,30710,30649,6116,36765,554
2022-05-01,Sierra,091,2930,275,274,49,323,4
2022-05-01,Siskiyou,093,43540,4455,4458,2743,7201,81
2022-05-01,Solano,095,438530,83079,82459,5705,88164,449
2022-05-01,Sonoma,097,501317,86034,85290,2964,88254,488
2022-05-01,Stanislaus,099,539301,118348,117943,17987,135930,1643
2022-05-01,Sutter,101,95872,20602,20644,2104,22748,224
2022-05-01,Tehama,103,63373,12089,12078,2580,14658,202
2022-05-01,Trinity,105,12862,1186,1179,288,1467,20
2022-05-01,Tulare,107,460477,106591,106856,27739,134595,1458
2022-05-01,Tuolumne,109,53932,12837,12713,578,13291,181
2022-05-01,Ventura,111,848112,175215,174679,9702,184381,1486
2022-05-01,Yolo,113,214977,37933,37173,3102,40275,314
2022-05-01,Yuba,115,75493,15947,15917,1213,17130,121
2022-04-30,Alameda,001,1643700,265597,262027,14508,276535,1851
2022-04-30,Alpine,003,1148,125,124,1,125,0
2022-04-30,Amador,005,37829,8590,8533,660,9193,86
2022-04-30,Butte,007,227075,33450,33172,7094,40266,418
2022-04-30,Calaveras,009,45235,7341,7328,356,7684,120
2022-04-30,Colusa,011,21464,3461,3457,1047,4504,21
2022-04-30,Contra Costa,013,1133247,196902,192136,13931,206067,1301
2022-04-30,Del Norte,015,27424,5883,5841,192,6033,50
2022-04-30,El Dorado,017,186661,27070,26946,3246,30192,210
2022-04-30,Fresno,019,978130,232993,232067,24342,256409,2748
2022-04-30,Glenn,021,27897,5011,4995,1615,6610,48
2022-04-30,Humboldt,023,135768,17371,17194,3074,20268,145
2022-04-30,Imperial,025,180216,55589,55503,10592,66095,910
2022-04-30,Inyo,027,18085,4090,4084,498,4582,56
2022-04-30,Kern,029,883053,192610,192250,45998,238248,2265
2022-04-30,Kings,031,150075,51645,51640,3529,55169,447
2022-04-30,Lake,033,64148,10780,10742,895,11637,137
2022-04-30,Lassen,035,31185,8969,8966,875,9841,65
2022-04-30,Los Angeles,037,10098052,2753093,2736900,126225,2863125,31712
2022-04-30,Madera,039,155013,37385,37360,6057,43417,365
2022-04-30,Marin,041,260295,34822,34519,2860,37379,291
2022-04-30,Mariposa,043,17540,2440,2430,205,2635,30
2022-04-30,Mendocino,045,87422,13256,13219,3133,16352,123
2022-04-30,Merced,047,269075,62763,62357,8818,71175,818
2022-04-30,Modoc,049,8938,739,745,251,996,8
2022-04-30,Mono,051,14174,2993,2989,129,3118,6
2022-04-30,Monterey,053,433212,80226,79881,14056,93937,731
2022-04-30,Napa,055,140530,26458,26319,1026,27345,143
2022-04-30,Nevada,057,99092,16152,16100,1231,17331,127
2022-04-30,Orange,059,3164182,553541,551822,42460,594282,6998
2022-04-30,Placer,061,380077,63555,63273,7442,70715,625
2022-04-30,Plumas,063,18699,2991,2946,365,3311,13
2022-04-30,Riverside,065,2383286,595873,593965,28145,622110,6457
2022-04-30,Sacramento,067,1510023,284293,283048,26892,309940,3007
2022-04-30,San Benito,069,59416,13084,12988,524,13512,98
2022-04-30,San Bernardino,071,2135413,578717,568758,25189,593947,7191
2022-04-30,San Diego,073,3302833,761723,761253,53943,815196,5238
2022-04-30,San Francisco,075,870044,131979,130241,8707,138948,860
2022-04-30,San Joaquin,077,732212,168033,167028,10091,177119,2225
2022-04-30,San Luis Obispo,079,281455,53177,53040,3881,56921,477
2022-04-30,San Mateo,081,765935,127082,125807,7453,133260,705
2022-04-30,Santa Barbara,083,443738,87123,86768,4788,91556,688
2022-04-30,Santa Clara,085,1922200,326365,320709,12905,333614,2281
2022-04-30,Santa Cruz,087,273765,49662,48798,2169,50967,262
2022-04-30,Shasta,089,179085,30704,30649,6114,36763,554
2022-04-30,Sierra,091,2930,275,274,49,323,4
2022-04-30,Siskiyou,093,43540,4453,4458,2742,7200,81
2022-04-30,Solano,095,438530,83061,82459,5703,88162,449
2022-04-30,Sonoma,097,501317,85917,85290,2952,88242,488
2022-04-30,Stanislaus,099,539301,118317,117943,17981,135924,1643
2022-04-30,Sutter,101,95872,20597,20644,2104,22748,224
2022-04-30,Tehama,103,63373,12085,12078,2578,14656,202
2022-04-30,Trinity,105,12862,1186,1179,288,1467,20
2022-04-30,Tulare,107,460477,106572,106856,27727,134583,1458
2022-04-30,Tuolumne,109,53932,12828,12713,578,13291,181
2022-04-30,Ventura,111,848112,175131,174679,9670,184349,1486
2022-04-30,Yolo,113,214977,37887,37173,3101,40274,314
2022-04-30,Yuba,115,75493,15940,15917,1212,17129,121
2022-04-29,Alameda,001,1643700,265285,262027,14495,276522,1851
2022-04-29,Alpine,003,1148,124,124,1,125,0
2022-04-29,Amador,005,37829,8583,8533,658,9191,86
2022-04-29,Butte,007,227075,33445,33172,7088,40260,418
2022-04-29,Calaveras,009,45235,7339,7328,356,7684,120
2022-04-29,Colusa,011,21464,3460,3457,1047,4504,21
2022-04-29,Contra Costa,013,1133247,196706,192136,13912,206048,1301
2022-04-29,Del Norte,015,27424,5879,5841,192,6033,50
2022-04-29,El Dorado,017,186661,27058,26946,3244,30190,210
2022-04-29,Fresno,019,978130,232943,232067,24334,256401,2748
2022-04-29,Glenn,021,27897,5011,4995,1614,6609,48
2022-04-29,Humboldt,023,135768,17346,17194,3066,20260,145
2022-04-29,Imperial,025,180216,55573,55503,10591,66094,910
2022-04-29,Inyo,027,18085,4090,4084,496,4580,56
2022-04-29,Kern,029,883053,192583,192250,45986,238236,2265
2022-04-29,Kings,031,150075,51640,51640,3529,55169,447
2022-04-29,Lake,033,64148,10779,10742,895,11637,137
2022-04-29,Lassen,035,31185,8968,8966,875,9841,65
2022-04-29,Los Angeles,037,10098052,2751784,2736900,126076,2862976,31712
2022-04-29,Madera,039,155013,37375,37360,6056,43416,365
2022-04-29,Marin,041,260295,34757,34519,2840,37359,291
2022-04-29,Mariposa,043,17540,2438,2430,205,2635,30
2022-04-29,Mendocino,045,87422,13251,13219,3132,16351,123
2022-04-29,Merced,047,269075,62751,62357,8816,71173,818
2022-04-29,Modoc,049,8938,739,745,251,996,8
2022-04-29,Mono,051,14174,2993,2989,129,3118,6
2022-04-29,Monterey,053,433212,80192,79881,14042,93923,731
2022-04-29,Napa,055,140530,26430,26319,1024,27343,143
2022-04-29,Nevada,057,99092,16145,16100,1230,17330,127
2022-04-29,Orange,059,3164182,553274,551822,42406,594228,6998
2022-04-29,Placer,061,380077,63526,63273,7435,70708,625
2022-04-29,Plumas,063,18699,2990,2946,365,3311,13
2022-04-29,Riverside,065,2383286,595654,593965,28124,622089,6457
2022-04-29,Sacramento,067,1510023,284146,283048,26884,309932,3007
2022-04-29,San Benito,069,59416,13079,12988,524,13512,98
2022-04-29,San Bernardino,071,2135413,578559,568758,25179,593937,7191
2022-04-29,San Diego,073,3302833,761306,761253,53917,815170,5238
2022-04-29,San Francisco,075,870044,131757,130241,8687,138928,860
2022-04-29,San Joaquin,077,732212,167978,167028,10087,177115,2225
2022-04-29,San Luis Obispo,079,281455,53162,53040,3876,56916,477
2022-04-29,San Mateo,081,765935,126884,125807,7439,133246,705
2022-04-29,Santa Barbara,083,443738,87083,86768,4786,91554,688
2022-04-29,Santa Clara,085,1922200,325855,320709,12875,333584,2281
2022-04-29,Santa Cruz,087,273765,49606,48798,2165,50963,262
2022-04-29,Shasta,089,179085,30702,30649,6113,36762,554
2022-04-29,Sierra,091,2930,275,274,49,323,4
2022-04-29,Siskiyou,093,43540,4452,4458,2742,7200,81
2022-04-29,Solano,095,438530,83004,82459,5698,88157,449
2022-04-29,Sonoma,097,501317,85809,85290,2939,88229,488
2022-04-29,Stanislaus,099,539301,118294,117943,17975,135918,1643
2022-04-29,Sutter,101,95872,20590,20644,2103,22747,224
2022-04-29,Tehama,103,63373,12083,12078,2578,14656,202
2022-04-29,Trinity,105,12862,1186,1179,288,1467,20
2022-04-29,Tulare,107,460477,106554,106856,27711,134567,1458
2022-04-29,Tuolumne,109,53932,12821,12713,575,13288,181
2022-04-29,Ventura,111,848112,175055,174679,9648,184327,1486
2022-04-29,Yolo,113,214977,37854,37173,3098,40271,314
2022-04-29,Yuba,115,75493,15935,15917,1212,17129,121
2022-04-28,Alameda,001,1643700,264844,262027,14460,276487,1851
2022-04-28,Alpine,003,1148,124,124,1,125,0
2022-04-28,Amador,005,37829,8580,8533,658,9191,86
2022-04-28,Butte,007,227075,33436,33172,7082,40254,418
2022-04-28,Calaveras,009,45235,7335,7328,356,7684,120
2022-04-28,Colusa,011,21464,3460,3457,1047,4504,21
2022-04-28,Contra Costa,013,1133247,196446,192136,13871,206007,1301
2022-04-28,Del Norte,015,27424,5875,5841,192,6033,50
2022-04-28,El Dorado,017,186661,27036,26946,3240,30186,210
2022-04-28,Fresno,019,978130,232884,232067,24325,256392,2748
2022-04-28,Glenn,021,27897,5008,4995,1614,6609,48
2022-04-28,Humboldt,023,135768,17312,17194,3050,20244,145
2022-04-28,Imperial,025,180216,55561,55503,10586,66089,910
2022-04-28,Inyo,027,18085,4090,4084,496,4580,56
2022-04-28,Kern,029,883053,192544,192250,45972,238222,2265
2022-04-28,Kings,031,150075,51634,51640,3529,55169,447
2022-04-28,Lake,033,64148,10775,10742,895,11637,137
2022-04-28,Lassen,035,31185,8968,8966,875,9841,65
2022-04-28,Los Angeles,037,10098052,2749713,2736900,125888,2862788,31712
2022-04-28,Madera,039,155013,37369,37360,6053,43413,365
2022-04-28,Marin,041,260295,34707,34519,2825,37344,291
2022-04-28,Mariposa,043,17540,2438,2430,205,2635,30
2022-04-28,Mendocino,045,87422,13240,13219,3115,16334,123
2022-04-28,Merced,047,269075,62730,62357,8807,71164,818
2022-04-28,Modoc,049,8938,739,745,251,996,8
2022-04-28,Mono,051,14174,2991,2989,129,3118,6
2022-04-28,Monterey,053,433212,80153,79881,14018,93899,731
2022-04-28,Napa,055,140530,26399,26319,1021,27340,143
2022-04-28,Nevada,057,99092,16137,16100,1227,17327,127
2022-04-28,Orange,059,3164182,552915,551822,42339,594161,6998
2022-04-28,Placer,061,380077,63479,63273,7427,70700,625
2022-04-28,Plumas,063,18699,2989,2946,365,3311,13
2022-04-28,Riverside,065,2383286,595371,593965,28102,622067,6457
2022-04-28,Sacramento,067,1510023,283963,283048,26845,309893,3007
2022-04-28,San Benito,069,59416,13069,12988,522,13510,98
2022-04-28,San Bernardino,071,2135413,578359,568758,25171,593929,7191
2022-04-28,San Diego,073,3302833,760765,761253,53853,815106,5238
2022-04-28,San Francisco,075,870044,131455,130241,8653,138894,860
2022-04-28,San Joaquin,077,732212,167907,167028,10072,177100,2225
2022-04-28,San Luis Obispo,079,281455,53134,53040,3858,56898,477
2022-04-28,San Mateo,081,765935,126640,125807,7412,133219,705
2022-04-28,Santa Barbara,083,443738,87030,86768,4783,91551,688
2022-04-28,Santa Clara,085,1922200,325311,320709,12841,333550,2281
2022-04-28,Santa Cruz,087,273765,49508,48798,2159,50957,262
2022-04-28,Shasta,089,179085,30694,30649,6113,36762,554
2022-04-28,Sierra,091,2930,275,274,49,323,4
2022-04-28,Siskiyou,093,43540,4449,4458,2742,7200,81
2022-04-28,Solano,095,438530,82920,82459,5693,88152,449
2022-04-28,Sonoma,097,501317,85694,85290,2925,88215,488
2022-04-28,Stanislaus,099,539301,118256,117943,17968,135911,1643
2022-04-28,Sutter,101,95872,20580,20644,2100,22744,224
2022-04-28,Tehama,103,63373,12082,12078,2577,14655,202
2022-04-28,Trinity,105,12862,1186,1179,288,1467,20
2022-04-28,Tulare,107,460477,106533,106856,27701,134557,1458
2022-04-28,Tuolumne,109,53932,12809,12713,574,13287,181
2022-04-28,Ventura,111,848112,174966,174679,9612,184291,1486
2022-04-28,Yolo,113,214977,37817,37173,3095,40268,314
2022-04-28,Yuba,115,75493,15926,15917,1210,17127,121
2022-04-27,Alameda,001,1643700,264363,260871,14417,275288,1843
2022-04-27,Alpine,003,1148,124,124,1,125,0
2022-04-27,Amador,005,37829,8579,8518,658,9176,86
2022-04-27,Butte,007,227075,33425,33118,7077,40195,411
2022-04-27,Calaveras,009,45235,7332,7307,356,7663,119
2022-04-27,Colusa,011,21464,3460,3457,1047,4504,21
2022-04-27,Contra Costa,013,1133247,196183,191412,13841,205253,1300
2022-04-27,Del Norte,015,27424,5870,5833,192,6025,50
2022-04-27,El Dorado,017,186661,27024,26898,3235,30133,209
2022-04-27,Fresno,019,978130,232818,231951,24311,256262,2744
2022-04-27,Glenn,021,27897,5008,4993,1614,6607,48
2022-04-27,Humboldt,023,135768,17282,17138,3039,20177,145
2022-04-27,Imperial,025,180216,55543,55480,10583,66063,910
2022-04-27,Inyo,027,18085,4089,4080,495,4575,56
2022-04-27,Kern,029,883053,192508,192157,45953,238110,2271
2022-04-27,Kings,031,150075,51629,51617,3528,55145,444
2022-04-27,Lake,033,64148,10771,10732,895,11627,135
2022-04-27,Lassen,035,31185,8967,8965,875,9840,65
2022-04-27,Los Angeles,037,10098052,2747390,2731988,125704,2857692,31691
2022-04-27,Madera,039,155013,37360,37339,6052,43391,354
2022-04-27,Marin,041,260295,34646,34354,2811,37165,288
2022-04-27,Mariposa,043,17540,2436,2427,205,2632,30
2022-04-27,Mendocino,045,87422,13233,13188,3107,16295,123
2022-04-27,Merced,047,269075,62716,62315,8802,71117,815
2022-04-27,Modoc,049,8938,739,745,251,996,8
2022-04-27,Mono,051,14174,2991,2989,129,3118,6
2022-04-27,Monterey,053,433212,80111,79695,13978,93673,729
2022-04-27,Napa,055,140530,26370,26210,1016,27226,143
2022-04-27,Nevada,057,99092,16121,16080,1224,17304,127
2022-04-27,Orange,059,3164182,552542,550859,42277,593136,6991
2022-04-27,Placer,061,380077,63438,63154,7412,70566,623
2022-04-27,Plumas,063,18699,2988,2934,365,3299,13
2022-04-27,Riverside,065,2383286,595105,593397,28086,621483,6453
2022-04-27,Sacramento,067,1510023,283763,281802,26813,308615,3001
2022-04-27,San Benito,069,59416,13056,12989,520,13509,98
2022-04-27,San Bernardino,071,2135413,578161,568018,25164,593182,7105
2022-04-27,San Diego,073,3302833,760191,759873,53790,813663,5236
2022-04-27,San Francisco,075,870044,131103,129284,8629,137913,857
2022-04-27,San Joaquin,077,732212,167831,166848,10057,176905,2225
2022-04-27,San Luis Obispo,079,281455,53089,52911,3847,56758,476
2022-04-27,San Mateo,081,765935,126410,125018,7359,132377,702
2022-04-27,Santa Barbara,083,443738,86966,86557,4776,91333,685
2022-04-27,Santa Clara,085,1922200,324743,319077,12794,331871,2282
2022-04-27,Santa Cruz,087,273765,49424,48500,2151,50651,262
2022-04-27,Shasta,089,179085,30683,30633,6110,36743,554
2022-04-27,Sierra,091,2930,274,276,49,325,4
2022-04-27,Siskiyou,093,43540,4449,4455,2738,7193,81
2022-04-27,Solano,095,438530,82807,82220,5685,87905,448
2022-04-27,Sonoma,097,501317,85585,84983,2907,87890,487
2022-04-27,Stanislaus,099,539301,118214,117841,17958,135799,1643
2022-04-27,Sutter,101,95872,20576,20627,2096,22723,224
2022-04-27,Tehama,103,63373,12082,12073,2577,14650,201
2022-04-27,Trinity,105,12862,1186,1179,288,1467,20
2022-04-27,Tulare,107,460477,106515,106580,27692,134272,1453
2022-04-27,Tuolumne,109,53932,12792,12684,573,13257,181
2022-04-27,Ventura,111,848112,174863,174425,9597,184022,1480
2022-04-27,Yolo,113,214977,37768,37096,3089,40185,314
2022-04-27,Yuba,115,75493,15922,15902,1205,17107,121
2022-04-26,Alameda,001,1643700,263844,260871,14376,275247,1843
2022-04-26,Alpine,003,1148,124,124,1,125,0
2022-04-26,Amador,005,37829,8576,8518,657,9175,86
2022-04-26,Butte,007,227075,33408,33118,7070,40188,411
2022-04-26,Calaveras,009,45235,7328,7307,355,7662,119
2022-04-26,Colusa,011,21464,3460,3457,1047,4504,21
2022-04-26,Contra Costa,013,1133247,195921,191412,13804,205216,1300
2022-04-26,Del Norte,015,27424,5862,5833,192,6025,50
2022-04-26,El Dorado,017,186661,27003,26898,3231,30129,209
2022-04-26,Fresno,019,978130,232738,231951,24301,256252,2744
2022-04-26,Glenn,021,27897,5008,4993,1613,6606,48
2022-04-26,Humboldt,023,135768,17251,17138,3033,20171,145
2022-04-26,Imperial,025,180216,55523,55480,10578,66058,910
2022-04-26,Inyo,027,18085,4089,4080,495,4575,56
2022-04-26,Kern,029,883053,192461,192157,45929,238086,2271
2022-04-26,Kings,031,150075,51623,51617,3528,55145,444
2022-04-26,Lake,033,64148,10764,10732,895,11627,135
2022-04-26,Lassen,035,31185,8962,8965,875,9840,65
2022-04-26,Los Angeles,037,10098052,2744989,2731988,125520,2857508,31691
2022-04-26,Madera,039,155013,37352,37339,6045,43384,354
2022-04-26,Marin,041,260295,34593,34354,2792,37146,288
2022-04-26,Mariposa,043,17540,2436,2427,205,2632,30
2022-04-26,Mendocino,045,87422,13229,13188,3101,16289,123
2022-04-26,Merced,047,269075,62693,62315,8785,71100,815
2022-04-26,Modoc,049,8938,739,745,251,996,8
2022-04-26,Mono,051,14174,2991,2989,128,3117,6
2022-04-26,Monterey,053,433212,80057,79695,13939,93634,729
2022-04-26,Napa,055,140530,26339,26210,1012,27222,143
2022-04-26,Nevada,057,99092,16112,16080,1224,17304,127
2022-04-26,Orange,059,3164182,552133,550859,42218,593077,6991
2022-04-26,Placer,061,380077,63407,63154,7408,70562,623
2022-04-26,Plumas,063,18699,2988,2934,365,3299,13
2022-04-26,Riverside,065,2383286,594797,593397,28060,621457,6453
2022-04-26,Sacramento,067,1510023,283526,281802,26791,308593,3001
2022-04-26,San Benito,069,59416,13052,12989,519,13508,98
2022-04-26,San Bernardino,071,2135413,577952,568018,25150,593168,7105
2022-04-26,San Diego,073,3302833,759530,759873,53685,813558,5236
2022-04-26,San Francisco,075,870044,130704,129284,8604,137888,857
2022-04-26,San Joaquin,077,732212,167770,166848,10047,176895,2225
2022-04-26,San Luis Obispo,079,281455,53060,52911,3836,56747,476
2022-04-26,San Mateo,081,765935,126140,125018,7325,132343,702
2022-04-26,Santa Barbara,083,443738,86905,86557,4771,91328,685
2022-04-26,Santa Clara,085,1922200,324185,319077,12748,331825,2282
2022-04-26,Santa Cruz,087,273765,49324,48500,2148,50648,262
2022-04-26,Shasta,089,179085,30671,30633,6110,36743,554
2022-04-26,Sierra,091,2930,274,276,49,325,4
2022-04-26,Siskiyou,093,43540,4447,4455,2736,7191,81
2022-04-26,Solano,095,438530,82708,82220,5674,87894,448
2022-04-26,Sonoma,097,501317,85479,84983,2891,87874,487
2022-04-26,Stanislaus,099,539301,118179,117841,17948,135789,1643
2022-04-26,Sutter,101,95872,20566,20627,2096,22723,224
2022-04-26,Tehama,103,63373,12073,12073,2577,14650,201
2022-04-26,Trinity,105,12862,1186,1179,288,1467,20
2022-04-26,Tulare,107,460477,106488,106580,27678,134258,1453
2022-04-26,Tuolumne,109,53932,12773,12684,571,13255,181
2022-04-26,Ventura,111,848112,174754,174425,9571,183996,1480
2022-04-26,Yolo,113,214977,37709,37096,3084,40180,314
2022-04-26,Yuba,115,75493,15920,15902,1205,17107,121
2022-04-25,Alameda,001,1643700,263334,260871,14334,275205,1843
2022-04-25,Alpine,003,1148,124,124,1,125,0
2022-04-25,Amador,005,37829,8573,8518,657,9175,86
2022-04-25,Butte,007,227075,33393,33118,7061,40179,411
2022-04-25,Calaveras,009,45235,7325,7307,355,7662,119
2022-04-25,Colusa,011,21464,3460,3457,1047,4504,21
2022-04-25,Contra Costa,013,1133247,195655,191412,13767,205179,1300
2022-04-25,Del Norte,015,27424,5856,5833,190,6023,50
2022-04-25,El Dorado,017,186661,26982,26898,3229,30127,209
2022-04-25,Fresno,019,978130,232647,231951,24288,256239,2744
2022-04-25,Glenn,021,27897,5008,4993,1613,6606,48
2022-04-25,Humboldt,023,135768,17209,17138,3025,20163,145
2022-04-25,Imperial,025,180216,55504,55480,10573,66053,910
2022-04-25,Inyo,027,18085,4089,4080,495,4575,56
2022-04-25,Kern,029,883053,192417,192157,45911,238068,2271
2022-04-25,Kings,031,150075,51614,51617,3527,55144,444
2022-04-25,Lake,033,64148,10761,10732,894,11626,135
2022-04-25,Lassen,035,31185,8961,8965,875,9840,65
2022-04-25,Los Angeles,037,10098052,2742601,2731988,125354,2857342,31691
2022-04-25,Madera,039,155013,37339,37339,6041,43380,354
2022-04-25,Marin,041,260295,34529,34354,2768,37122,288
2022-04-25,Mariposa,043,17540,2436,2427,204,2631,30
2022-04-25,Mendocino,045,87422,13219,13188,3084,16272,123
2022-04-25,Merced,047,269075,62680,62315,8783,71098,815
2022-04-25,Modoc,049,8938,739,745,251,996,8
2022-04-25,Mono,051,14174,2991,2989,128,3117,6
2022-04-25,Monterey,053,433212,80019,79695,13914,93609,729
2022-04-25,Napa,055,140530,26298,26210,1010,27220,143
2022-04-25,Nevada,057,99092,16106,16080,1222,17302,127
2022-04-25,Orange,059,3164182,551726,550859,42155,593014,6991
2022-04-25,Placer,061,380077,63372,63154,7404,70558,623
2022-04-25,Plumas,063,18699,2986,2934,365,3299,13
2022-04-25,Riverside,065,2383286,594534,593397,28043,621440,6453
2022-04-25,Sacramento,067,1510023,283361,281802,26758,308560,3001
2022-04-25,San Benito,069,59416,13045,12989,519,13508,98
2022-04-25,San Bernardino,071,2135413,577721,568018,25133,593151,7105
2022-04-25,San Diego,073,3302833,758847,759873,53607,813480,5236
2022-04-25,San Francisco,075,870044,130343,129284,8588,137872,857
2022-04-25,San Joaquin,077,732212,167686,166848,10033,176881,2225
2022-04-25,San Luis Obispo,079,281455,53011,52911,3828,56739,476
2022-04-25,San Mateo,081,765935,125868,125018,7305,132323,702
2022-04-25,Santa Barbara,083,443738,86844,86557,4765,91322,685
2022-04-25,Santa Clara,085,1922200,323538,319077,12704,331781,2282
2022-04-25,Santa Cruz,087,273765,49182,48500,2139,50639,262
2022-04-25,Shasta,089,179085,30659,30633,6107,36740,554
2022-04-25,Sierra,091,2930,274,276,49,325,4
2022-04-25,Siskiyou,093,43540,4447,4455,2735,7190,81
2022-04-25,Solano,095,438530,82589,82220,5663,87883,448
2022-04-25,Sonoma,097,501317,85355,84983,2872,87855,487
2022-04-25,Stanislaus,099,539301,118134,117841,17941,135782,1643
2022-04-25,Sutter,101,95872,20563,20627,2096,22723,224
2022-04-25,Tehama,103,63373,12073,12073,2577,14650,201
2022-04-25,Trinity,105,12862,1185,1179,288,1467,20
2022-04-25,Tulare,107,460477,106463,106580,27668,134248,1453
2022-04-25,Tuolumne,109,53932,12763,12684,571,13255,181
2022-04-25,Ventura,111,848112,174644,174425,9547,183972,1480
2022-04-25,Yolo,113,214977,37646,37096,3080,40176,314
2022-04-25,Yuba,115,75493,15910,15902,1204,17106,121
2022-04-24,Alameda,001,1643700,262752,259619,14289,273908,1837
2022-04-24,Alpine,003,1148,124,124,1,125,0
2022-04-24,Amador,005,37829,8564,8509,656,9165,86
2022-04-24,Butte,007,227075,33376,33105,7054,40159,411
2022-04-24,Calaveras,009,45235,7316,7296,353,7649,119
2022-04-24,Colusa,011,21464,3459,3453,1047,4500,21
2022-04-24,Contra Costa,013,1133247,195348,190611,13734,204345,1298
2022-04-24,Del Norte,015,27424,5847,5827,188,6015,50
2022-04-24,El Dorado,017,186661,26964,26837,3227,30064,209
2022-04-24,Fresno,019,978130,232567,231751,24274,256025,2744
2022-04-24,Glenn,021,27897,5008,4989,1611,6600,48
2022-04-24,Humboldt,023,135768,17184,17033,3011,20044,145
2022-04-24,Imperial,025,180216,55492,55434,10565,65999,910
2022-04-24,Inyo,027,18085,4085,4079,494,4573,56
2022-04-24,Kern,029,883053,192365,192012,45897,237909,2267
2022-04-24,Kings,031,150075,51605,51588,3527,55115,444
2022-04-24,Lake,033,64148,10753,10720,891,11611,134
2022-04-24,Lassen,035,31185,8960,8966,875,9841,65
2022-04-24,Los Angeles,037,10098052,2740248,2725630,125209,2850839,31667
2022-04-24,Madera,039,155013,37324,37333,6035,43368,354
2022-04-24,Marin,041,260295,34475,34150,2734,36884,288
2022-04-24,Mariposa,043,17540,2433,2422,204,2626,30
2022-04-24,Mendocino,045,87422,13214,13158,3072,16230,122
2022-04-24,Merced,047,269075,62656,62286,8774,71060,815
2022-04-24,Modoc,049,8938,739,745,251,996,8
2022-04-24,Mono,051,14174,2989,2986,128,3114,6
2022-04-24,Monterey,053,433212,79966,79560,13881,93441,729
2022-04-24,Napa,055,140530,26261,26093,1009,27102,143
2022-04-24,Nevada,057,99092,16090,16052,1220,17272,127
2022-04-24,Orange,059,3164182,551303,549765,42092,591857,6989
2022-04-24,Placer,061,380077,63317,63037,7396,70433,622
2022-04-24,Plumas,063,18699,2984,2934,365,3299,13
2022-04-24,Riverside,065,2383286,594257,592683,28008,620691,6450
2022-04-24,Sacramento,067,1510023,283154,280551,26724,307275,2993
2022-04-24,San Benito,069,59416,13040,12966,519,13485,98
2022-04-24,San Bernardino,071,2135413,577488,566806,25111,591917,7047
2022-04-24,San Diego,073,3302833,758216,758311,53544,811855,5233
2022-04-24,San Francisco,075,870044,129899,128323,8563,136886,857
2022-04-24,San Joaquin,077,732212,167599,166626,9997,176623,2224
2022-04-24,San Luis Obispo,079,281455,52935,52826,3817,56643,476
2022-04-24,San Mateo,081,765935,125559,124106,7270,131376,703
2022-04-24,Santa Barbara,083,443738,86775,86376,4763,91139,685
2022-04-24,Santa Clara,085,1922200,322852,317487,12652,330139,2277
2022-04-24,Santa Cruz,087,273765,49069,48255,2133,50388,261
2022-04-24,Shasta,089,179085,30647,30607,6105,36712,557
2022-04-24,Sierra,091,2930,274,276,49,325,4
2022-04-24,Siskiyou,093,43540,4445,4453,2733,7186,81
2022-04-24,Solano,095,438530,82481,81982,5654,87636,448
2022-04-24,Sonoma,097,501317,85219,84581,2850,87431,486
2022-04-24,Stanislaus,099,539301,118083,117737,17935,135672,1632
2022-04-24,Sutter,101,95872,20554,20605,2093,22698,224
2022-04-24,Tehama,103,63373,12069,12064,2577,14641,201
2022-04-24,Trinity,105,12862,1185,1177,288,1465,20
2022-04-24,Tulare,107,460477,106436,106354,27657,134011,1446
2022-04-24,Tuolumne,109,53932,12750,12664,570,13234,181
2022-04-24,Ventura,111,848112,174532,174091,9526,183617,1479
2022-04-24,Yolo,113,214977,37606,36990,3077,40067,314
2022-04-24,Yuba,115,75493,15906,15888,1204,17092,121
2022-04-23,Alameda,001,1643700,262508,259619,14276,273895,1837
2022-04-23,Alpine,003,1148,124,124,1,125,0
2022-04-23,Amador,005,37829,8558,8509,656,9165,86
2022-04-23,Butte,007,227075,33367,33105,7051,40156,411
2022-04-23,Calaveras,009,45235,7308,7296,353,7649,119
2022-04-23,Colusa,011,21464,3459,3453,1047,4500,21
2022-04-23,Contra Costa,013,1133247,195192,190611,13716,204327,1298
2022-04-23,Del Norte,015,27424,5845,5827,187,6014,50
2022-04-23,El Dorado,017,186661,26954,26837,3226,30063,209
2022-04-23,Fresno,019,978130,232534,231751,24268,256019,2744
2022-04-23,Glenn,021,27897,5008,4989,1611,6600,48
2022-04-23,Humboldt,023,135768,17168,17033,3008,20041,145
2022-04-23,Imperial,025,180216,55481,55434,10564,65998,910
2022-04-23,Inyo,027,18085,4085,4079,493,4572,56
2022-04-23,Kern,029,883053,192337,192012,45883,237895,2267
2022-04-23,Kings,031,150075,51600,51588,3526,55114,444
2022-04-23,Lake,033,64148,10752,10720,891,11611,134
2022-04-23,Lassen,035,31185,8960,8966,875,9841,65
2022-04-23,Los Angeles,037,10098052,2739301,2725630,125108,2850738,31667
2022-04-23,Madera,039,155013,37317,37333,6034,43367,354
2022-04-23,Marin,041,260295,34440,34150,2688,36838,288
2022-04-23,Mariposa,043,17540,2433,2422,204,2626,30
2022-04-23,Mendocino,045,87422,13207,13158,3072,16230,122
2022-04-23,Merced,047,269075,62646,62286,8774,71060,815
2022-04-23,Modoc,049,8938,739,745,251,996,8
2022-04-23,Mono,051,14174,2989,2986,128,3114,6
2022-04-23,Monterey,053,433212,79897,79560,13866,93426,729
2022-04-23,Napa,055,140530,26240,26093,1007,27100,143
2022-04-23,Nevada,057,99092,16084,16052,1218,17270,127
2022-04-23,Orange,059,3164182,551087,549765,42043,591808,6989
2022-04-23,Placer,061,380077,63287,63037,7395,70432,622
2022-04-23,Plumas,063,18699,2984,2934,365,3299,13
2022-04-23,Riverside,065,2383286,594121,592683,27998,620681,6450
2022-04-23,Sacramento,067,1510023,283054,280551,26721,307272,2993
2022-04-23,San Benito,069,59416,13039,12966,519,13485,98
2022-04-23,San Bernardino,071,2135413,577366,566806,25108,591914,7047
2022-04-23,San Diego,073,3302833,757954,758311,53526,811837,5233
2022-04-23,San Francisco,075,870044,129695,128323,8538,136861,857
2022-04-23,San Joaquin,077,732212,167558,166626,9989,176615,2224
2022-04-23,San Luis Obispo,079,281455,52920,52826,3813,56639,476
2022-04-23,San Mateo,081,765935,125402,124106,7260,131366,703
2022-04-23,Santa Barbara,083,443738,86739,86376,4762,91138,685
2022-04-23,Santa Clara,085,1922200,322472,317487,12625,330112,2277
2022-04-23,Santa Cruz,087,273765,49019,48255,2131,50386,261
2022-04-23,Shasta,089,179085,30644,30607,6105,36712,557
2022-04-23,Sierra,091,2930,274,276,49,325,4
2022-04-23,Siskiyou,093,43540,4443,4453,2733,7186,81
2022-04-23,Solano,095,438530,82454,81982,5650,87632,448
2022-04-23,Sonoma,097,501317,85151,84581,2841,87422,486
2022-04-23,Stanislaus,099,539301,118047,117737,17933,135670,1632
2022-04-23,Sutter,101,95872,20548,20605,2093,22698,224
2022-04-23,Tehama,103,63373,12068,12064,2577,14641,201
2022-04-23,Trinity,105,12862,1185,1177,288,1465,20
2022-04-23,Tulare,107,460477,106428,106354,27648,134002,1446
2022-04-23,Tuolumne,109,53932,12745,12664,570,13234,181
2022-04-23,Ventura,111,848112,174469,174091,9518,183609,1479
2022-04-23,Yolo,113,214977,37578,36990,3073,40063,314
2022-04-23,Yuba,115,75493,15904,15888,1204,17092,121
2022-04-22,Alameda,001,1643700,262275,259619,14257,273876,1837
2022-04-22,Alpine,003,1148,124,124,1,125,0
2022-04-22,Amador,005,37829,8557,8509,654,9163,86
2022-04-22,Butte,007,227075,33361,33105,7046,40151,411
2022-04-22,Calaveras,009,45235,7307,7296,353,7649,119
2022-04-22,Colusa,011,21464,3459,3453,1047,4500,21
2022-04-22,Contra Costa,013,1133247,195056,190611,13700,204311,1298
2022-04-22,Del Norte,015,27424,5845,5827,187,6014,50
2022-04-22,El Dorado,017,186661,26941,26837,3222,30059,209
2022-04-22,Fresno,019,978130,232504,231751,24264,256015,2744
2022-04-22,Glenn,021,27897,5006,4989,1611,6600,48
2022-04-22,Humboldt,023,135768,17152,17033,3002,20035,145
2022-04-22,Imperial,025,180216,55475,55434,10564,65998,910
2022-04-22,Inyo,027,18085,4085,4079,492,4571,56
2022-04-22,Kern,029,883053,192316,192012,45880,237892,2267
2022-04-22,Kings,031,150075,51596,51588,3525,55113,444
2022-04-22,Lake,033,64148,10751,10720,891,11611,134
2022-04-22,Lassen,035,31185,8960,8966,875,9841,65
2022-04-22,Los Angeles,037,10098052,2738207,2725630,125049,2850679,31667
2022-04-22,Madera,039,155013,37312,37333,6033,43366,354
2022-04-22,Marin,041,260295,34403,34150,2677,36827,288
2022-04-22,Mariposa,043,17540,2432,2422,204,2626,30
2022-04-22,Mendocino,045,87422,13202,13158,3067,16225,122
2022-04-22,Merced,047,269075,62639,62286,8762,71048,815
2022-04-22,Modoc,049,8938,739,745,251,996,8
2022-04-22,Mono,051,14174,2989,2986,127,3113,6
2022-04-22,Monterey,053,433212,79862,79560,13852,93412,729
2022-04-22,Napa,055,140530,26223,26093,1005,27098,143
2022-04-22,Nevada,057,99092,16084,16052,1218,17270,127
2022-04-22,Orange,059,3164182,550902,549765,41990,591755,6989
2022-04-22,Placer,061,380077,63264,63037,7392,70429,622
2022-04-22,Plumas,063,18699,2984,2934,365,3299,13
2022-04-22,Riverside,065,2383286,593977,592683,27983,620666,6450
2022-04-22,Sacramento,067,1510023,282967,280551,26709,307260,2993
2022-04-22,San Benito,069,59416,13034,12966,519,13485,98
2022-04-22,San Bernardino,071,2135413,577253,566806,25100,591906,7047
2022-04-22,San Diego,073,3302833,757633,758311,53498,811809,5233
2022-04-22,San Francisco,075,870044,129528,128323,8512,136835,857
2022-04-22,San Joaquin,077,732212,167528,166626,9988,176614,2224
2022-04-22,San Luis Obispo,079,281455,52914,52826,3812,56638,476
2022-04-22,San Mateo,081,765935,125239,124106,7247,131353,703
2022-04-22,Santa Barbara,083,443738,86693,86376,4761,91137,685
2022-04-22,Santa Clara,085,1922200,322125,317487,12611,330098,2277
2022-04-22,Santa Cruz,087,273765,48979,48255,2130,50385,261
2022-04-22,Shasta,089,179085,30640,30607,6104,36711,557
2022-04-22,Sierra,091,2930,274,276,48,324,4
2022-04-22,Siskiyou,093,43540,4443,4453,2733,7186,81
2022-04-22,Solano,095,438530,82397,81982,5647,87629,448
2022-04-22,Sonoma,097,501317,85087,84581,2837,87418,486
2022-04-22,Stanislaus,099,539301,118025,117737,17928,135665,1632
2022-04-22,Sutter,101,95872,20542,20605,2093,22698,224
2022-04-22,Tehama,103,63373,12063,12064,2576,14640,201
2022-04-22,Trinity,105,12862,1185,1177,287,1464,20
2022-04-22,Tulare,107,460477,106418,106354,27640,133994,1446
2022-04-22,Tuolumne,109,53932,12739,12664,568,13232,181
2022-04-22,Ventura,111,848112,174394,174091,9507,183598,1479
2022-04-22,Yolo,113,214977,37557,36990,3071,40061,314
2022-04-22,Yuba,115,75493,15901,15888,1203,17091,121
2022-04-21,Alameda,001,1643700,261915,259619,14217,273836,1837
2022-04-21,Alpine,003,1148,124,124,1,125,0
2022-04-21,Amador,005,37829,8554,8509,654,9163,86
2022-04-21,Butte,007,227075,33354,33105,7038,40143,411
2022-04-21,Calaveras,009,45235,7304,7296,353,7649,119
2022-04-21,Colusa,011,21464,3458,3453,1047,4500,21
2022-04-21,Contra Costa,013,1133247,194861,190611,13679,204290,1298
2022-04-21,Del Norte,015,27424,5844,5827,187,6014,50
2022-04-21,El Dorado,017,186661,26925,26837,3221,30058,209
2022-04-21,Fresno,019,978130,232462,231751,24255,256006,2744
2022-04-21,Glenn,021,27897,5006,4989,1610,6599,48
2022-04-21,Humboldt,023,135768,17129,17033,2994,20027,145
2022-04-21,Imperial,025,180216,55466,55434,10564,65998,910
2022-04-21,Inyo,027,18085,4085,4079,492,4571,56
2022-04-21,Kern,029,883053,192283,192012,45865,237877,2267
2022-04-21,Kings,031,150075,51588,51588,3525,55113,444
2022-04-21,Lake,033,64148,10748,10720,891,11611,134
2022-04-21,Lassen,035,31185,8960,8966,875,9841,65
2022-04-21,Los Angeles,037,10098052,2736557,2725630,124934,2850564,31667
2022-04-21,Madera,039,155013,37309,37333,6032,43365,354
2022-04-21,Marin,041,260295,34355,34150,2667,36817,288
2022-04-21,Mariposa,043,17540,2431,2422,204,2626,30
2022-04-21,Mendocino,045,87422,13195,13158,3064,16222,122
2022-04-21,Merced,047,269075,62621,62286,8759,71045,815
2022-04-21,Modoc,049,8938,739,745,251,996,8
2022-04-21,Mono,051,14174,2988,2986,126,3112,6
2022-04-21,Monterey,053,433212,79835,79560,13838,93398,729
2022-04-21,Napa,055,140530,26192,26093,1004,27097,143
2022-04-21,Nevada,057,99092,16080,16052,1218,17270,127
2022-04-21,Orange,059,3164182,550650,549765,41953,591718,6989
2022-04-21,Placer,061,380077,63226,63037,7388,70425,622
2022-04-21,Plumas,063,18699,2984,2934,365,3299,13
2022-04-21,Riverside,065,2383286,593817,592683,27965,620648,6450
2022-04-21,Sacramento,067,1510023,282819,280551,26689,307240,2993
2022-04-21,San Benito,069,59416,13028,12966,519,13485,98
2022-04-21,San Bernardino,071,2135413,577060,566806,25088,591894,7047
2022-04-21,San Diego,073,3302833,757208,758311,53454,811765,5233
2022-04-21,San Francisco,075,870044,129305,128323,8484,136807,857
2022-04-21,San Joaquin,077,732212,167474,166626,9983,176609,2224
2022-04-21,San Luis Obispo,079,281455,52894,52826,3805,56631,476
2022-04-21,San Mateo,081,765935,125038,124106,7227,131333,703
2022-04-21,Santa Barbara,083,443738,86634,86376,4758,91134,685
2022-04-21,Santa Clara,085,1922200,321674,317487,12589,330076,2277
2022-04-21,Santa Cruz,087,273765,48933,48255,2128,50383,261
2022-04-21,Shasta,089,179085,30632,30607,6104,36711,557
2022-04-21,Sierra,091,2930,274,276,48,324,4
2022-04-21,Siskiyou,093,43540,4443,4453,2733,7186,81
2022-04-21,Solano,095,438530,82335,81982,5640,87622,448
2022-04-21,Sonoma,097,501317,84973,84581,2817,87398,486
2022-04-21,Stanislaus,099,539301,117986,117737,17920,135657,1632
2022-04-21,Sutter,101,95872,20533,20605,2091,22696,224
2022-04-21,Tehama,103,63373,12063,12064,2576,14640,201
2022-04-21,Trinity,105,12862,1185,1177,287,1464,20
2022-04-21,Tulare,107,460477,106411,106354,27636,133990,1446
2022-04-21,Tuolumne,109,53932,12734,12664,568,13232,181
2022-04-21,Ventura,111,848112,174312,174091,9501,183592,1479
2022-04-21,Yolo,113,214977,37527,36990,3071,40061,314
2022-04-21,Yuba,115,75493,15899,15888,1203,17091,121
2022-04-20,Alameda,001,1643700,261552,258734,14187,272921,1832
2022-04-20,Alpine,003,1148,124,124,1,125,0
2022-04-20,Amador,005,37829,8552,8494,654,9148,86
2022-04-20,Butte,007,227075,33338,33083,7031,40114,408
2022-04-20,Calaveras,009,45235,7298,7288,352,7640,119
2022-04-20,Colusa,011,21464,3458,3453,1047,4500,21
2022-04-20,Contra Costa,013,1133247,194626,190042,13654,203696,1299
2022-04-20,Del Norte,015,27424,5838,5814,187,6001,50
2022-04-20,El Dorado,017,186661,26910,26821,3216,30037,209
2022-04-20,Fresno,019,978130,232412,231568,24254,255822,2740
2022-04-20,Glenn,021,27897,5005,4988,1607,6595,48
2022-04-20,Humboldt,023,135768,17107,16976,2990,19966,145
2022-04-20,Imperial,025,180216,55458,55405,10561,65966,910
2022-04-20,Inyo,027,18085,4085,4075,491,4566,56
2022-04-20,Kern,029,883053,192248,191915,45849,237764,2262
2022-04-20,Kings,031,150075,51579,51571,3523,55094,445
2022-04-20,Lake,033,64148,10748,10711,891,11602,134
2022-04-20,Lassen,035,31185,8960,8951,875,9826,65
2022-04-20,Los Angeles,037,10098052,2734815,2721699,124814,2846513,31630
2022-04-20,Madera,039,155013,37306,37333,6029,43362,354
2022-04-20,Marin,041,260295,34314,33985,2644,36629,288
2022-04-20,Mariposa,043,17540,2429,2412,204,2616,30
2022-04-20,Mendocino,045,87422,13189,13128,3056,16184,122
2022-04-20,Merced,047,269075,62611,62322,8746,71068,813
2022-04-20,Modoc,049,8938,739,744,251,995,8
2022-04-20,Mono,051,14174,2988,2984,126,3110,6
2022-04-20,Monterey,053,433212,79790,79419,13819,93238,727
2022-04-20,Napa,055,140530,26158,26016,1000,27016,143
2022-04-20,Nevada,057,99092,16070,16034,1215,17249,127
2022-04-20,Orange,059,3164182,550322,549136,41906,591042,6963
2022-04-20,Placer,061,380077,63199,62928,7383,70311,619
2022-04-20,Plumas,063,18699,2984,2932,365,3297,13
2022-04-20,Riverside,065,2383286,593625,592224,27943,620167,6447
2022-04-20,Sacramento,067,1510023,282676,279326,26672,305998,2987
2022-04-20,San Benito,069,59416,13022,12971,516,13487,98
2022-04-20,San Bernardino,071,2135413,576853,565405,25071,590476,6977
2022-04-20,San Diego,073,3302833,756766,757138,53394,810532,5231
2022-04-20,San Francisco,075,870044,128998,127594,8466,136060,854
2022-04-20,San Joaquin,077,732212,167403,166531,9976,176507,2222
2022-04-20,San Luis Obispo,079,281455,52867,52740,3798,56538,476
2022-04-20,San Mateo,081,765935,124820,123279,7195,130474,701
2022-04-20,Santa Barbara,083,443738,86598,86214,4752,90966,685
2022-04-20,Santa Clara,085,1922200,321263,316355,12551,328906,2274
2022-04-20,Santa Cruz,087,273765,48869,47997,2124,50121,261
2022-04-20,Shasta,089,179085,30629,30590,6103,36693,554
2022-04-20,Sierra,091,2930,274,276,48,324,4
2022-04-20,Siskiyou,093,43540,4442,4446,2732,7178,80
2022-04-20,Solano,095,438530,82264,81841,5637,87478,447
2022-04-20,Sonoma,097,501317,84885,84429,2793,87222,485
2022-04-20,Stanislaus,099,539301,117950,117540,17909,135449,1630
2022-04-20,Sutter,101,95872,20526,20632,2091,22723,224
2022-04-20,Tehama,103,63373,12061,12061,2576,14637,199
2022-04-20,Trinity,105,12862,1185,1178,287,1465,20
2022-04-20,Tulare,107,460477,106403,105974,27625,133599,1439
2022-04-20,Tuolumne,109,53932,12729,12648,567,13215,180
2022-04-20,Ventura,111,848112,174224,173904,9492,183396,1475
2022-04-20,Yolo,113,214977,37477,36785,3068,39853,311
2022-04-20,Yuba,115,75493,15895,15868,1201,17069,121
2022-04-19,Alameda,001,1643700,261194,258734,14155,272889,1832
2022-04-19,Alpine,003,1148,124,124,1,125,0
2022-04-19,Amador,005,37829,8548,8494,651,9145,86
2022-04-19,Butte,007,227075,33331,33083,7027,40110,408
2022-04-19,Calaveras,009,45235,7295,7288,352,7640,119
2022-04-19,Colusa,011,21464,3458,3453,1047,4500,21
2022-04-19,Contra Costa,013,1133247,194380,190042,13636,203678,1299
2022-04-19,Del Norte,015,27424,5836,5814,185,5999,50
2022-04-19,El Dorado,017,186661,26896,26821,3213,30034,209
2022-04-19,Fresno,019,978130,232357,231568,24244,255812,2740
2022-04-19,Glenn,021,27897,5004,4988,1607,6595,48
2022-04-19,Humboldt,023,135768,17070,16976,2979,19955,145
2022-04-19,Imperial,025,180216,55451,55405,10558,65963,910
2022-04-19,Inyo,027,18085,4082,4075,491,4566,56
2022-04-19,Kern,029,883053,192212,191915,45839,237754,2262
2022-04-19,Kings,031,150075,51565,51571,3522,55093,445
2022-04-19,Lake,033,64148,10744,10711,890,11601,134
2022-04-19,Lassen,035,31185,8960,8951,875,9826,65
2022-04-19,Los Angeles,037,10098052,2733019,2721699,124686,2846385,31630
2022-04-19,Madera,039,155013,37303,37333,6028,43361,354
2022-04-19,Marin,041,260295,34264,33985,2628,36613,288
2022-04-19,Mariposa,043,17540,2429,2412,203,2615,30
2022-04-19,Mendocino,045,87422,13181,13128,3045,16173,122
2022-04-19,Merced,047,269075,62592,62322,8742,71064,813
2022-04-19,Modoc,049,8938,739,744,251,995,8
2022-04-19,Mono,051,14174,2988,2984,126,3110,6
2022-04-19,Monterey,053,433212,79771,79419,13806,93225,727
2022-04-19,Napa,055,140530,26135,26016,991,27007,143
2022-04-19,Nevada,057,99092,16064,16034,1213,17247,127
2022-04-19,Orange,059,3164182,550043,549136,41862,590998,6963
2022-04-19,Placer,061,380077,63168,62928,7378,70306,619
2022-04-19,Plumas,063,18699,2984,2932,365,3297,13
2022-04-19,Riverside,065,2383286,593442,592224,27931,620155,6447
2022-04-19,Sacramento,067,1510023,282502,279326,26649,305975,2987
2022-04-19,San Benito,069,59416,13016,12971,515,13486,98
2022-04-19,San Bernardino,071,2135413,576639,565405,25049,590454,6977
2022-04-19,San Diego,073,3302833,756300,757138,53329,810467,5231
2022-04-19,San Francisco,075,870044,128665,127594,8449,136043,854
2022-04-19,San Joaquin,077,732212,167353,166531,9972,176503,2222
2022-04-19,San Luis Obispo,079,281455,52831,52740,3792,56532,476
2022-04-19,San Mateo,081,765935,124589,123279,7174,130453,701
2022-04-19,Santa Barbara,083,443738,86544,86214,4744,90958,685
2022-04-19,Santa Clara,085,1922200,320842,316355,12522,328877,2274
2022-04-19,Santa Cruz,087,273765,48814,47997,2122,50119,261
2022-04-19,Shasta,089,179085,30617,30590,6102,36692,554
2022-04-19,Sierra,091,2930,274,276,48,324,4
2022-04-19,Siskiyou,093,43540,4441,4446,2730,7176,80
2022-04-19,Solano,095,438530,82180,81841,5630,87471,447
2022-04-19,Sonoma,097,501317,84783,84429,2764,87193,485
2022-04-19,Stanislaus,099,539301,117924,117540,17904,135444,1630
2022-04-19,Sutter,101,95872,20526,20632,2091,22723,224
2022-04-19,Tehama,103,63373,12060,12061,2576,14637,199
2022-04-19,Trinity,105,12862,1184,1178,287,1465,20
2022-04-19,Tulare,107,460477,106388,105974,27619,133593,1439
2022-04-19,Tuolumne,109,53932,12727,12648,567,13215,180
2022-04-19,Ventura,111,848112,174131,173904,9479,183383,1475
2022-04-19,Yolo,113,214977,37432,36785,3066,39851,311
2022-04-19,Yuba,115,75493,15888,15868,1201,17069,121
2022-04-18,Alameda,001,1643700,260811,258734,14132,272866,1832
2022-04-18,Alpine,003,1148,124,124,1,125,0
2022-04-18,Amador,005,37829,8547,8494,650,9144,86
2022-04-18,Butte,007,227075,33327,33083,7022,40105,408
2022-04-18,Calaveras,009,45235,7291,7288,351,7639,119
2022-04-18,Colusa,011,21464,3457,3453,1047,4500,21
2022-04-18,Contra Costa,013,1133247,194145,190042,13611,203653,1299
2022-04-18,Del Norte,015,27424,5831,5814,185,5999,50
2022-04-18,El Dorado,017,186661,26879,26821,3210,30031,209
2022-04-18,Fresno,019,978130,232315,231568,24233,255801,2740
2022-04-18,Glenn,021,27897,5004,4988,1606,6594,48
2022-04-18,Humboldt,023,135768,17041,16976,2976,19952,145
2022-04-18,Imperial,025,180216,55439,55405,10556,65961,910
2022-04-18,Inyo,027,18085,4082,4075,491,4566,56
2022-04-18,Kern,029,883053,192167,191915,45827,237742,2262
2022-04-18,Kings,031,150075,51560,51571,3522,55093,445
2022-04-18,Lake,033,64148,10740,10711,889,11600,134
2022-04-18,Lassen,035,31185,8960,8951,875,9826,65
2022-04-18,Los Angeles,037,10098052,2731181,2721699,124573,2846272,31630
2022-04-18,Madera,039,155013,37295,37333,6027,43360,354
2022-04-18,Marin,041,260295,34200,33985,2605,36590,288
2022-04-18,Mariposa,043,17540,2427,2412,203,2615,30
2022-04-18,Mendocino,045,87422,13164,13128,3040,16168,122
2022-04-18,Merced,047,269075,62580,62322,8736,71058,813
2022-04-18,Modoc,049,8938,738,744,251,995,8
2022-04-18,Mono,051,14174,2987,2984,126,3110,6
2022-04-18,Monterey,053,433212,79698,79419,13790,93209,727
2022-04-18,Napa,055,140530,26099,26016,990,27006,143
2022-04-18,Nevada,057,99092,16054,16034,1211,17245,127
2022-04-18,Orange,059,3164182,549755,549136,41827,590963,6963
2022-04-18,Placer,061,380077,63135,62928,7376,70304,619
2022-04-18,Plumas,063,18699,2984,2932,365,3297,13
2022-04-18,Riverside,065,2383286,593233,592224,27911,620135,6447
2022-04-18,Sacramento,067,1510023,282347,279326,26637,305963,2987
2022-04-18,San Benito,069,59416,13010,12971,515,13486,98
2022-04-18,San Bernardino,071,2135413,576428,565405,25031,590436,6977
2022-04-18,San Diego,073,3302833,755830,757138,53270,810408,5231
2022-04-18,San Francisco,075,870044,128348,127594,8437,136031,854
2022-04-18,San Joaquin,077,732212,167293,166531,9965,176496,2222
2022-04-18,San Luis Obispo,079,281455,52802,52740,3787,56527,476
2022-04-18,San Mateo,081,765935,124357,123279,7154,130433,701
2022-04-18,Santa Barbara,083,443738,86473,86214,4739,90953,685
2022-04-18,Santa Clara,085,1922200,320396,316355,12498,328853,2274
2022-04-18,Santa Cruz,087,273765,48709,47997,2120,50117,261
2022-04-18,Shasta,089,179085,30611,30590,6099,36689,554
2022-04-18,Sierra,091,2930,274,276,48,324,4
2022-04-18,Siskiyou,093,43540,4440,4446,2729,7175,80
2022-04-18,Solano,095,438530,82115,81841,5624,87465,447
2022-04-18,Sonoma,097,501317,84683,84429,2749,87178,485
2022-04-18,Stanislaus,099,539301,117894,117540,17901,135441,1630
2022-04-18,Sutter,101,95872,20524,20632,2089,22721,224
2022-04-18,Tehama,103,63373,12056,12061,2576,14637,199
2022-04-18,Trinity,105,12862,1184,1178,287,1465,20
2022-04-18,Tulare,107,460477,106373,105974,27611,133585,1439
2022-04-18,Tuolumne,109,53932,12720,12648,566,13214,180
2022-04-18,Ventura,111,848112,174040,173904,9469,183373,1475
2022-04-18,Yolo,113,214977,37374,36785,3066,39851,311
2022-04-18,Yuba,115,75493,15879,15868,1200,17068,121
2022-04-17,Alameda,001,1643700,260418,257897,14106,272003,1829
2022-04-17,Alpine,003,1148,124,124,1,125,0
2022-04-17,Amador,005,37829,8542,8491,648,9139,86
2022-04-17,Butte,007,227075,33324,33053,7019,40072,405
2022-04-17,Calaveras,009,45235,7288,7275,350,7625,119
2022-04-17,Colusa,011,21464,3456,3450,1047,4497,21
2022-04-17,Contra Costa,013,1133247,193917,189742,13575,203317,1298
2022-04-17,Del Norte,015,27424,5826,5809,185,5994,50
2022-04-17,El Dorado,017,186661,26868,26796,3208,30004,209
2022-04-17,Fresno,019,978130,232238,231455,24228,255683,2739
2022-04-17,Glenn,021,27897,5004,4991,1606,6597,48
2022-04-17,Humboldt,023,135768,17006,16929,2970,19899,143
2022-04-17,Imperial,025,180216,55430,55371,10554,65925,910
2022-04-17,Inyo,027,18085,4080,4075,491,4566,56
2022-04-17,Kern,029,883053,192132,191866,45812,237678,2258
2022-04-17,Kings,031,150075,51549,51544,3520,55064,445
2022-04-17,Lake,033,64148,10739,10702,889,11591,134
2022-04-17,Lassen,035,31185,8960,8950,875,9825,65
2022-04-17,Los Angeles,037,10098052,2729183,2717479,124454,2841933,31598
2022-04-17,Madera,039,155013,37289,37362,6027,43389,354
2022-04-17,Marin,041,260295,34133,33829,2575,36404,288
2022-04-17,Mariposa,043,17540,2419,2406,203,2609,30
2022-04-17,Mendocino,045,87422,13149,13107,3036,16143,122
2022-04-17,Merced,047,269075,62560,62295,8730,71025,813
2022-04-17,Modoc,049,8938,738,743,251,994,8
2022-04-17,Mono,051,14174,2986,2977,126,3103,6
2022-04-17,Monterey,053,433212,79665,79311,13770,93081,727
2022-04-17,Napa,055,140530,26055,25929,984,26913,143
2022-04-17,Nevada,057,99092,16038,16014,1206,17220,123
2022-04-17,Orange,059,3164182,549392,548311,41776,590087,6945
2022-04-17,Placer,061,380077,63095,62882,7369,70251,618
2022-04-17,Plumas,063,18699,2984,2929,365,3294,13
2022-04-17,Riverside,065,2383286,593012,591772,27891,619663,6443
2022-04-17,Sacramento,067,1510023,282185,278523,26612,305135,2978
2022-04-17,San Benito,069,59416,13007,12926,514,13440,98
2022-04-17,San Bernardino,071,2135413,576190,564397,25017,589414,6948
2022-04-17,San Diego,073,3302833,755340,756165,53202,809367,5229
2022-04-17,San Francisco,075,870044,128030,126976,8421,135397,854
2022-04-17,San Joaquin,077,732212,167243,166645,9959,176604,2220
2022-04-17,San Luis Obispo,079,281455,52733,52698,3782,56480,476
2022-04-17,San Mateo,081,765935,124121,122652,7138,129790,699
2022-04-17,Santa Barbara,083,443738,86415,86030,4732,90762,684
2022-04-17,Santa Clara,085,1922200,319903,315296,12471,327767,2268
2022-04-17,Santa Cruz,087,273765,48587,47895,2118,50013,261
2022-04-17,Shasta,089,179085,30600,30578,6095,36673,554
2022-04-17,Sierra,091,2930,274,276,48,324,4
2022-04-17,Siskiyou,093,43540,4435,4444,2728,7172,80
2022-04-17,Solano,095,438530,82048,81781,5618,87399,447
2022-04-17,Sonoma,097,501317,84571,84172,2742,86914,485
2022-04-17,Stanislaus,099,539301,117864,117567,17894,135461,1619
2022-04-17,Sutter,101,95872,20519,20621,2088,22709,224
2022-04-17,Tehama,103,63373,12055,12061,2576,14637,199
2022-04-17,Trinity,105,12862,1183,1178,287,1465,20
2022-04-17,Tulare,107,460477,106359,105757,27602,133359,1428
2022-04-17,Tuolumne,109,53932,12714,12640,566,13206,180
2022-04-17,Ventura,111,848112,173943,173665,9450,183115,1474
2022-04-17,Yolo,113,214977,37325,36752,3064,39816,311
2022-04-17,Yuba,115,75493,15873,15857,1200,17057,121
2022-04-16,Alameda,001,1643700,260266,257897,14096,271993,1829
2022-04-16,Alpine,003,1148,124,124,1,125,0
2022-04-16,Amador,005,37829,8540,8491,648,9139,86
2022-04-16,Butte,007,227075,33320,33053,7017,40070,405
2022-04-16,Calaveras,009,45235,7286,7275,350,7625,119
2022-04-16,Colusa,011,21464,3456,3450,1047,4497,21
2022-04-16,Contra Costa,013,1133247,193826,189742,13569,203311,1298
2022-04-16,Del Norte,015,27424,5826,5809,185,5994,50
2022-04-16,El Dorado,017,186661,26857,26796,3208,30004,209
2022-04-16,Fresno,019,978130,232210,231455,24227,255682,2739
2022-04-16,Glenn,021,27897,5004,4991,1606,6597,48
2022-04-16,Humboldt,023,135768,16998,16929,2965,19894,143
2022-04-16,Imperial,025,180216,55424,55371,10553,65924,910
2022-04-16,Inyo,027,18085,4080,4075,491,4566,56
2022-04-16,Kern,029,883053,192121,191866,45800,237666,2258
2022-04-16,Kings,031,150075,51546,51544,3520,55064,445
2022-04-16,Lake,033,64148,10737,10702,889,11591,134
2022-04-16,Lassen,035,31185,8960,8950,875,9825,65
2022-04-16,Los Angeles,037,10098052,2728463,2717479,124403,2841882,31598
2022-04-16,Madera,039,155013,37287,37362,6027,43389,354
2022-04-16,Marin,041,260295,34095,33829,2549,36378,288
2022-04-16,Mariposa,043,17540,2418,2406,203,2609,30
2022-04-16,Mendocino,045,87422,13143,13107,3036,16143,122
2022-04-16,Merced,047,269075,62557,62295,8729,71024,813
2022-04-16,Modoc,049,8938,738,743,251,994,8
2022-04-16,Mono,051,14174,2986,2977,126,3103,6
2022-04-16,Monterey,053,433212,79650,79311,13761,93072,727
2022-04-16,Napa,055,140530,26032,25929,982,26911,143
2022-04-16,Nevada,057,99092,16035,16014,1203,17217,123
2022-04-16,Orange,059,3164182,549276,548311,41746,590057,6945
2022-04-16,Placer,061,380077,63078,62882,7367,70249,618
2022-04-16,Plumas,063,18699,2982,2929,365,3294,13
2022-04-16,Riverside,065,2383286,592932,591772,27885,619657,6443
2022-04-16,Sacramento,067,1510023,282134,278523,26608,305131,2978
2022-04-16,San Benito,069,59416,13006,12926,514,13440,98
2022-04-16,San Bernardino,071,2135413,576090,564397,25013,589410,6948
2022-04-16,San Diego,073,3302833,755193,756165,53188,809353,5229
2022-04-16,San Francisco,075,870044,127874,126976,8412,135388,854
2022-04-16,San Joaquin,077,732212,167203,166645,9955,176600,2220
2022-04-16,San Luis Obispo,079,281455,52727,52698,3781,56479,476
2022-04-16,San Mateo,081,765935,124025,122652,7131,129783,699
2022-04-16,Santa Barbara,083,443738,86385,86030,4732,90762,684
2022-04-16,Santa Clara,085,1922200,319662,315296,12463,327759,2268
2022-04-16,Santa Cruz,087,273765,48559,47895,2118,50013,261
2022-04-16,Shasta,089,179085,30596,30578,6095,36673,554
2022-04-16,Sierra,091,2930,274,276,48,324,4
2022-04-16,Siskiyou,093,43540,4435,4444,2728,7172,80
2022-04-16,Solano,095,438530,82033,81781,5616,87397,447
2022-04-16,Sonoma,097,501317,84522,84172,2733,86905,485
2022-04-16,Stanislaus,099,539301,117844,117567,17889,135456,1619
2022-04-16,Sutter,101,95872,20515,20621,2088,22709,224
2022-04-16,Tehama,103,63373,12054,12061,2576,14637,199
2022-04-16,Trinity,105,12862,1183,1178,287,1465,20
2022-04-16,Tulare,107,460477,106349,105757,27600,133357,1428
2022-04-16,Tuolumne,109,53932,12713,12640,566,13206,180
2022-04-16,Ventura,111,848112,173915,173665,9446,183111,1474
2022-04-16,Yolo,113,214977,37317,36752,3063,39815,311
2022-04-16,Yuba,115,75493,15869,15857,1200,17057,121
2022-04-15,Alameda,001,1643700,260084,257897,14088,271985,1829
2022-04-15,Alpine,003,1148,124,124,1,125,0
2022-04-15,Amador,005,37829,8539,8491,646,9137,86
2022-04-15,Butte,007,227075,33318,33053,7015,40068,405
2022-04-15,Calaveras,009,45235,7284,7275,350,7625,119
2022-04-15,Colusa,011,21464,3456,3450,1047,4497,21
2022-04-15,Contra Costa,013,1133247,193709,189742,13562,203304,1298
2022-04-15,Del Norte,015,27424,5825,5809,185,5994,50
2022-04-15,El Dorado,017,186661,26842,26796,3207,30003,209
2022-04-15,Fresno,019,978130,232181,231455,24226,255681,2739
2022-04-15,Glenn,021,27897,5003,4991,1606,6597,48
2022-04-15,Humboldt,023,135768,16986,16929,2964,19893,143
2022-04-15,Imperial,025,180216,55422,55371,10553,65924,910
2022-04-15,Inyo,027,18085,4080,4075,490,4565,56
2022-04-15,Kern,029,883053,192106,191866,45790,237656,2258
2022-04-15,Kings,031,150075,51542,51544,3520,55064,445
2022-04-15,Lake,033,64148,10732,10702,889,11591,134
2022-04-15,Lassen,035,31185,8960,8950,875,9825,65
2022-04-15,Los Angeles,037,10098052,2727684,2717479,124337,2841816,31598
2022-04-15,Madera,039,155013,37285,37362,6027,43389,354
2022-04-15,Marin,041,260295,34061,33829,2528,36357,288
2022-04-15,Mariposa,043,17540,2417,2406,203,2609,30
2022-04-15,Mendocino,045,87422,13137,13107,3034,16141,122
2022-04-15,Merced,047,269075,62553,62295,8729,71024,813
2022-04-15,Modoc,049,8938,738,743,251,994,8
2022-04-15,Mono,051,14174,2981,2977,125,3102,6
2022-04-15,Monterey,053,433212,79623,79311,13755,93066,727
2022-04-15,Napa,055,140530,26015,25929,981,26910,143
2022-04-15,Nevada,057,99092,16033,16014,1202,17216,123
2022-04-15,Orange,059,3164182,549155,548311,41714,590025,6945
2022-04-15,Placer,061,380077,63063,62882,7366,70248,618
2022-04-15,Plumas,063,18699,2982,2929,365,3294,13
2022-04-15,Riverside,065,2383286,592831,591772,27879,619651,6443
2022-04-15,Sacramento,067,1510023,282055,278523,26604,305127,2978
2022-04-15,San Benito,069,59416,13004,12926,513,13439,98
2022-04-15,San Bernardino,071,2135413,576009,564397,25010,589407,6948
2022-04-15,San Diego,073,3302833,754999,756165,53169,809334,5229
2022-04-15,San Francisco,075,870044,127725,126976,8397,135373,854
2022-04-15,San Joaquin,077,732212,167180,166645,9953,176598,2220
2022-04-15,San Luis Obispo,079,281455,52719,52698,3781,56479,476
2022-04-15,San Mateo,081,765935,123894,122652,7120,129772,699
2022-04-15,Santa Barbara,083,443738,86352,86030,4731,90761,684
2022-04-15,Santa Clara,085,1922200,319371,315296,12455,327751,2268
2022-04-15,Santa Cruz,087,273765,48531,47895,2117,50012,261
2022-04-15,Shasta,089,179085,30587,30578,6095,36673,554
2022-04-15,Sierra,091,2930,274,276,48,324,4
2022-04-15,Siskiyou,093,43540,4433,4444,2728,7172,80
2022-04-15,Solano,095,438530,82008,81781,5616,87397,447
2022-04-15,Sonoma,097,501317,84469,84172,2717,86889,485
2022-04-15,Stanislaus,099,539301,117824,117567,17887,135454,1619
2022-04-15,Sutter,101,95872,20512,20621,2088,22709,224
2022-04-15,Tehama,103,63373,12054,12061,2576,14637,199
2022-04-15,Trinity,105,12862,1183,1178,287,1465,20
2022-04-15,Tulare,107,460477,106343,105757,27593,133350,1428
2022-04-15,Tuolumne,109,53932,12710,12640,563,13203,180
2022-04-15,Ventura,111,848112,173886,173665,9440,183105,1474
2022-04-15,Yolo,113,214977,37300,36752,3063,39815,311
2022-04-15,Yuba,115,75493,15866,15857,1200,17057,121
2022-04-14,Alameda,001,1643700,259819,257897,14078,271975,1829
2022-04-14,Alpine,003,1148,124,124,1,125,0
2022-04-14,Amador,005,37829,8539,8491,646,9137,86
2022-04-14,Butte,007,227075,33313,33053,7012,40065,405
2022-04-14,Calaveras,009,45235,7283,7275,350,7625,119
2022-04-14,Colusa,011,21464,3456,3450,1047,4497,21
2022-04-14,Contra Costa,013,1133247,193553,189742,13550,203292,1298
2022-04-14,Del Norte,015,27424,5824,5809,185,5994,50
2022-04-14,El Dorado,017,186661,26839,26796,3205,30001,209
2022-04-14,Fresno,019,978130,232154,231455,24225,255680,2739
2022-04-14,Glenn,021,27897,5003,4991,1604,6595,48
2022-04-14,Humboldt,023,135768,16972,16929,2963,19892,143
2022-04-14,Imperial,025,180216,55412,55371,10553,65924,910
2022-04-14,Inyo,027,18085,4080,4075,489,4564,56
2022-04-14,Kern,029,883053,192087,191866,45782,237648,2258
2022-04-14,Kings,031,150075,51534,51544,3520,55064,445
2022-04-14,Lake,033,64148,10731,10702,889,11591,134
2022-04-14,Lassen,035,31185,8960,8950,874,9824,65
2022-04-14,Los Angeles,037,10098052,2726592,2717479,124247,2841726,31598
2022-04-14,Madera,039,155013,37283,37362,6027,43389,354
2022-04-14,Marin,041,260295,34028,33829,2500,36329,288
2022-04-14,Mariposa,043,17540,2416,2406,203,2609,30
2022-04-14,Mendocino,045,87422,13132,13107,3034,16141,122
2022-04-14,Merced,047,269075,62549,62295,8728,71023,813
2022-04-14,Modoc,049,8938,737,743,251,994,8
2022-04-14,Mono,051,14174,2981,2977,124,3101,6
2022-04-14,Monterey,053,433212,79598,79311,13750,93061,727
2022-04-14,Napa,055,140530,25993,25929,980,26909,143
2022-04-14,Nevada,057,99092,16026,16014,1201,17215,123
2022-04-14,Orange,059,3164182,548965,548311,41685,589996,6945
2022-04-14,Placer,061,380077,63045,62882,7361,70243,618
2022-04-14,Plumas,063,18699,2982,2929,365,3294,13
2022-04-14,Riverside,065,2383286,592711,591772,27869,619641,6443
2022-04-14,Sacramento,067,1510023,281936,278523,26590,305113,2978
2022-04-14,San Benito,069,59416,12998,12926,513,13439,98
2022-04-14,San Bernardino,071,2135413,575836,564397,25005,589402,6948
2022-04-14,San Diego,073,3302833,754721,756165,53131,809296,5229
2022-04-14,San Francisco,075,870044,127523,126976,8385,135361,854
2022-04-14,San Joaquin,077,732212,167148,166645,9952,176597,2220
2022-04-14,San Luis Obispo,079,281455,52703,52698,3777,56475,476
2022-04-14,San Mateo,081,765935,123739,122652,7102,129754,699
2022-04-14,Santa Barbara,083,443738,86307,86030,4729,90759,684
2022-04-14,Santa Clara,085,1922200,319071,315296,12446,327742,2268
2022-04-14,Santa Cruz,087,273765,48501,47895,2116,50011,261
2022-04-14,Shasta,089,179085,30585,30578,6094,36672,554
2022-04-14,Sierra,091,2930,274,276,48,324,4
2022-04-14,Siskiyou,093,43540,4433,4444,2727,7171,80
2022-04-14,Solano,095,438530,81968,81781,5610,87391,447
2022-04-14,Sonoma,097,501317,84378,84172,2712,86884,485
2022-04-14,Stanislaus,099,539301,117805,117567,17884,135451,1619
2022-04-14,Sutter,101,95872,20510,20621,2079,22700,224
2022-04-14,Tehama,103,63373,12053,12061,2575,14636,199
2022-04-14,Trinity,105,12862,1183,1178,287,1465,20
2022-04-14,Tulare,107,460477,106329,105757,27589,133346,1428
2022-04-14,Tuolumne,109,53932,12706,12640,562,13202,180
2022-04-14,Ventura,111,848112,173837,173665,9434,183099,1474
2022-04-14,Yolo,113,214977,37273,36752,3060,39812,311
2022-04-14,Yuba,115,75493,15863,15857,1200,17057,121
2022-04-13,Alameda,001,1643700,259568,257440,14058,271498,1833
2022-04-13,Alpine,003,1148,124,124,1,125,0
2022-04-13,Amador,005,37829,8537,8490,646,9136,86
2022-04-13,Butte,007,227075,33304,33044,7012,40056,402
2022-04-13,Calaveras,009,45235,7282,7270,350,7620,119
2022-04-13,Colusa,011,21464,3456,3451,1047,4498,21
2022-04-13,Contra Costa,013,1133247,193420,189471,13536,203007,1298
2022-04-13,Del Norte,015,27424,5822,5812,185,5997,50
2022-04-13,El Dorado,017,186661,26835,26794,3205,29999,208
2022-04-13,Fresno,019,978130,232121,231325,24213,255538,2738
2022-04-13,Glenn,021,27897,5001,4989,1604,6593,48
2022-04-13,Humboldt,023,135768,16958,16922,2962,19884,143
2022-04-13,Imperial,025,180216,55399,55353,10551,65904,910
2022-04-13,Inyo,027,18085,4080,4074,486,4560,56
2022-04-13,Kern,029,883053,192062,191859,45776,237635,2249
2022-04-13,Kings,031,150075,51528,51535,3520,55055,443
2022-04-13,Lake,033,64148,10729,10695,889,11584,134
2022-04-13,Lassen,035,31185,8959,8949,874,9823,65
2022-04-13,Los Angeles,037,10098052,2725324,2715722,124171,2839893,31578
2022-04-13,Madera,039,155013,37280,37361,6027,43388,354
2022-04-13,Marin,041,260295,33989,33747,2471,36218,288
2022-04-13,Mariposa,043,17540,2410,2402,203,2605,29
2022-04-13,Mendocino,045,87422,13123,13101,3032,16133,120
2022-04-13,Merced,047,269075,62539,62276,8727,71003,811
2022-04-13,Modoc,049,8938,737,743,251,994,8
2022-04-13,Mono,051,14174,2979,2971,124,3095,6
2022-04-13,Monterey,053,433212,79585,79179,13743,92922,727
2022-04-13,Napa,055,140530,25976,25892,977,26869,143
2022-04-13,Nevada,057,99092,16020,16002,1201,17203,123
2022-04-13,Orange,059,3164182,548770,547783,41661,589444,6935
2022-04-13,Placer,061,380077,63018,62851,7358,70209,615
2022-04-13,Plumas,063,18699,2981,2923,365,3288,13
2022-04-13,Riverside,065,2383286,592572,591659,27862,619521,6437
2022-04-13,Sacramento,067,1510023,281851,277866,26587,304453,2974
2022-04-13,San Benito,069,59416,12992,12927,513,13440,98
2022-04-13,San Bernardino,071,2135413,575691,563709,25000,588709,6905
2022-04-13,San Diego,073,3302833,754437,755584,53099,808683,5223
2022-04-13,San Francisco,075,870044,127355,126608,8365,134973,850
2022-04-13,San Joaquin,077,732212,167113,166654,9950,176604,2219
2022-04-13,San Luis Obispo,079,281455,52679,52660,3777,56437,476
2022-04-13,San Mateo,081,765935,123588,122167,7078,129245,699
2022-04-13,Santa Barbara,083,443738,86269,85938,4724,90662,684
2022-04-13,Santa Clara,085,1922200,318801,314863,12429,327292,2267
2022-04-13,Santa Cruz,087,273765,48447,47765,2115,49880,260
2022-04-13,Shasta,089,179085,30583,30569,6094,36663,551
2022-04-13,Sierra,091,2930,274,276,48,324,4
2022-04-13,Siskiyou,093,43540,4432,4444,2726,7170,80
2022-04-13,Solano,095,438530,81930,81843,5607,87450,448
2022-04-13,Sonoma,097,501317,84308,84033,2698,86731,485
2022-04-13,Stanislaus,099,539301,117787,117573,17879,135452,1577
2022-04-13,Sutter,101,95872,20506,20610,2079,22689,223
2022-04-13,Tehama,103,63373,12052,12062,2574,14636,200
2022-04-13,Trinity,105,12862,1183,1177,287,1464,20
2022-04-13,Tulare,107,460477,106322,105519,27584,133103,1426
2022-04-13,Tuolumne,109,53932,12700,12639,562,13201,180
2022-04-13,Ventura,111,848112,173780,173558,9428,182986,1474
2022-04-13,Yolo,113,214977,37234,36684,3058,39742,311
2022-04-13,Yuba,115,75493,15859,15851,1200,17051,121
2022-04-12,Alameda,001,1643700,259323,257440,14049,271489,1833
2022-04-12,Alpine,003,1148,124,124,1,125,0
2022-04-12,Amador,005,37829,8536,8490,646,9136,86
2022-04-12,Butte,007,227075,33292,33044,7006,40050,402
2022-04-12,Calaveras,009,45235,7278,7270,349,7619,119
2022-04-12,Colusa,011,21464,3456,3451,1047,4498,21
2022-04-12,Contra Costa,013,1133247,193266,189471,13522,202993,1298
2022-04-12,Del Norte,015,27424,5819,5812,185,5997,50
2022-04-12,El Dorado,017,186661,26823,26794,3205,29999,208
2022-04-12,Fresno,019,978130,232091,231325,24206,255531,2738
2022-04-12,Glenn,021,27897,5001,4989,1604,6593,48
2022-04-12,Humboldt,023,135768,16950,16922,2960,19882,143
2022-04-12,Imperial,025,180216,55395,55353,10542,65895,910
2022-04-12,Inyo,027,18085,4080,4074,486,4560,56
2022-04-12,Kern,029,883053,192042,191859,45767,237626,2249
2022-04-12,Kings,031,150075,51520,51535,3518,55053,443
2022-04-12,Lake,033,64148,10725,10695,888,11583,134
2022-04-12,Lassen,035,31185,8959,8949,874,9823,65
2022-04-12,Los Angeles,037,10098052,2724078,2715722,124069,2839791,31578
2022-04-12,Madera,039,155013,37279,37361,6027,43388,354
2022-04-12,Marin,041,260295,33944,33747,2444,36191,288
2022-04-12,Mariposa,043,17540,2410,2402,203,2605,29
2022-04-12,Mendocino,045,87422,13115,13101,3026,16127,120
2022-04-12,Merced,047,269075,62525,62276,8725,71001,811
2022-04-12,Modoc,049,8938,737,743,250,993,8
2022-04-12,Mono,051,14174,2979,2971,124,3095,6
2022-04-12,Monterey,053,433212,79561,79179,13736,92915,727
2022-04-12,Napa,055,140530,25953,25892,967,26859,143
2022-04-12,Nevada,057,99092,16017,16002,1200,17202,123
2022-04-12,Orange,059,3164182,548519,547783,41627,589410,6935
2022-04-12,Placer,061,380077,62995,62851,7352,70203,615
2022-04-12,Plumas,063,18699,2980,2923,365,3288,13
2022-04-12,Riverside,065,2383286,592429,591659,27842,619501,6437
2022-04-12,Sacramento,067,1510023,281736,277866,26584,304450,2974
2022-04-12,San Benito,069,59416,12987,12927,512,13439,98
2022-04-12,San Bernardino,071,2135413,575518,563709,24997,588706,6905
2022-04-12,San Diego,073,3302833,754104,755584,53057,808641,5223
2022-04-12,San Francisco,075,870044,127142,126608,8351,134959,850
2022-04-12,San Joaquin,077,732212,167083,166654,9948,176602,2219
2022-04-12,San Luis Obispo,079,281455,52645,52660,3771,56431,476
2022-04-12,San Mateo,081,765935,123431,122167,7056,129223,699
2022-04-12,Santa Barbara,083,443738,86223,85938,4720,90658,684
2022-04-12,Santa Clara,085,1922200,318509,314863,12418,327281,2267
2022-04-12,Santa Cruz,087,273765,48368,47765,2112,49877,260
2022-04-12,Shasta,089,179085,30583,30569,6093,36662,551
2022-04-12,Sierra,091,2930,274,276,48,324,4
2022-04-12,Siskiyou,093,43540,4432,4444,2724,7168,80
2022-04-12,Solano,095,438530,81890,81843,5605,87448,448
2022-04-12,Sonoma,097,501317,84249,84033,2692,86725,485
2022-04-12,Stanislaus,099,539301,117767,117573,17875,135448,1577
2022-04-12,Sutter,101,95872,20503,20610,2079,22689,223
2022-04-12,Tehama,103,63373,12050,12062,2574,14636,200
2022-04-12,Trinity,105,12862,1183,1177,287,1464,20
2022-04-12,Tulare,107,460477,106307,105519,27579,133098,1426
2022-04-12,Tuolumne,109,53932,12698,12639,560,13199,180
2022-04-12,Ventura,111,848112,173732,173558,9422,182980,1474
2022-04-12,Yolo,113,214977,37194,36684,3052,39736,311
2022-04-12,Yuba,115,75493,15854,15851,1200,17051,121
2022-04-11,Alameda,001,1643700,259031,256649,14032,270681,1826
2022-04-11,Alpine,003,1148,124,124,1,125,0
2022-04-11,Amador,005,37829,8535,8489,646,9135,86
2022-04-11,Butte,007,227075,33279,33031,7002,40033,399
2022-04-11,Calaveras,009,45235,7275,7260,349,7609,119
2022-04-11,Colusa,011,21464,3454,3449,1047,4496,21
2022-04-11,Contra Costa,013,1133247,193099,189154,13505,202659,1296
2022-04-11,Del Norte,015,27424,5818,5811,185,5996,50
2022-04-11,El Dorado,017,186661,26810,26757,3204,29961,207
2022-04-11,Fresno,019,978130,232069,231090,24205,255295,2731
2022-04-11,Glenn,021,27897,5000,4988,1603,6591,47
2022-04-11,Humboldt,023,135768,16935,16913,2958,19871,141
2022-04-11,Imperial,025,180216,55390,55267,10540,65807,910
2022-04-11,Inyo,027,18085,4080,4071,486,4557,56
2022-04-11,Kern,029,883053,192017,191542,45765,237307,2244
2022-04-11,Kings,031,150075,51516,51519,3518,55037,443
2022-04-11,Lake,033,64148,10724,10690,887,11577,134
2022-04-11,Lassen,035,31185,8959,8948,874,9822,65
2022-04-11,Los Angeles,037,10098052,2722818,2709735,123996,2833731,31509
2022-04-11,Madera,039,155013,37272,37356,6027,43383,354
2022-04-11,Marin,041,260295,33888,33648,2425,36073,288
2022-04-11,Mariposa,043,17540,2409,2394,203,2597,29
2022-04-11,Mendocino,045,87422,13111,13087,3024,16111,120
2022-04-11,Merced,047,269075,62515,62231,8723,70954,811
2022-04-11,Modoc,049,8938,737,743,250,993,8
2022-04-11,Mono,051,14174,2978,2967,123,3090,6
2022-04-11,Monterey,053,433212,79541,79103,13727,92830,727
2022-04-11,Napa,055,140530,25936,25824,965,26789,144
2022-04-11,Nevada,057,99092,16013,15976,1200,17176,123
2022-04-11,Orange,059,3164182,548313,546983,41593,588576,6912
2022-04-11,Placer,061,380077,62973,62831,7351,70182,616
2022-04-11,Plumas,063,18699,2978,2887,365,3252,13
2022-04-11,Riverside,065,2383286,592302,591268,27825,619093,6429
2022-04-11,Sacramento,067,1510023,281636,277125,26580,303705,2972
2022-04-11,San Benito,069,59416,12986,12917,512,13429,98
2022-04-11,San Bernardino,071,2135413,575368,562571,24988,587559,6892
2022-04-11,San Diego,073,3302833,753778,754281,53017,807298,5210
2022-04-11,San Francisco,075,870044,126911,125963,8339,134302,844
2022-04-11,San Joaquin,077,732212,167045,166547,9942,176489,2212
2022-04-11,San Luis Obispo,079,281455,52622,52609,3770,56379,476
2022-04-11,San Mateo,081,765935,123245,121514,7042,128556,698
2022-04-11,Santa Barbara,083,443738,86174,85754,4715,90469,680
2022-04-11,Santa Clara,085,1922200,318165,313965,12403,326368,2266
2022-04-11,Santa Cruz,087,273765,48273,47624,2109,49733,259
2022-04-11,Shasta,089,179085,30578,30586,6092,36678,549
2022-04-11,Sierra,091,2930,274,272,48,320,4
2022-04-11,Siskiyou,093,43540,4432,4444,2722,7166,80
2022-04-11,Solano,095,438530,81862,81886,5604,87490,448
2022-04-11,Sonoma,097,501317,84181,83600,2680,86280,485
2022-04-11,Stanislaus,099,539301,117733,117528,17867,135395,1578
2022-04-11,Sutter,101,95872,20500,20591,2079,22670,223
2022-04-11,Tehama,103,63373,12049,12059,2573,14632,201
2022-04-11,Trinity,105,12862,1183,1177,287,1464,20
2022-04-11,Tulare,107,460477,106296,105278,27571,132849,1415
2022-04-11,Tuolumne,109,53932,12695,12632,560,13192,180
2022-04-11,Ventura,111,848112,173673,173343,9421,182764,1467
2022-04-11,Yolo,113,214977,37157,36587,3050,39637,312
2022-04-11,Yuba,115,75493,15851,15848,1199,17047,121
2022-04-10,Alameda,001,1643700,258697,256649,14021,270670,1826
2022-04-10,Alpine,003,1148,124,124,1,125,0
2022-04-10,Amador,005,37829,8533,8489,646,9135,86
2022-04-10,Butte,007,227075,33275,33031,6998,40029,399
2022-04-10,Calaveras,009,45235,7272,7260,349,7609,119
2022-04-10,Colusa,011,21464,3453,3449,1047,4496,21
2022-04-10,Contra Costa,013,1133247,192939,189154,13485,202639,1296
2022-04-10,Del Norte,015,27424,5815,5811,185,5996,50
2022-04-10,El Dorado,017,186661,26803,26757,3202,29959,207
2022-04-10,Fresno,019,978130,232031,231090,24203,255293,2731
2022-04-10,Glenn,021,27897,5000,4988,1603,6591,47
2022-04-10,Humboldt,023,135768,16925,16913,2956,19869,141
2022-04-10,Imperial,025,180216,55386,55267,10538,65805,910
2022-04-10,Inyo,027,18085,4080,4071,484,4555,56
2022-04-10,Kern,029,883053,191999,191542,45760,237302,2244
2022-04-10,Kings,031,150075,51514,51519,3518,55037,443
2022-04-10,Lake,033,64148,10720,10690,885,11575,134
2022-04-10,Lassen,035,31185,8958,8948,874,9822,65
2022-04-10,Los Angeles,037,10098052,2721485,2709735,123908,2833643,31509
2022-04-10,Madera,039,155013,37267,37356,6026,43382,354
2022-04-10,Marin,041,260295,33848,33648,2396,36044,288
2022-04-10,Mariposa,043,17540,2407,2394,203,2597,29
2022-04-10,Mendocino,045,87422,13103,13087,3023,16110,120
2022-04-10,Merced,047,269075,62504,62231,8721,70952,811
2022-04-10,Modoc,049,8938,737,743,250,993,8
2022-04-10,Mono,051,14174,2975,2967,123,3090,6
2022-04-10,Monterey,053,433212,79525,79103,13717,92820,727
2022-04-10,Napa,055,140530,25914,25824,963,26787,144
2022-04-10,Nevada,057,99092,15996,15976,1200,17176,123
2022-04-10,Orange,059,3164182,548063,546983,41554,588537,6912
2022-04-10,Placer,061,380077,62939,62831,7350,70181,616
2022-04-10,Plumas,063,18699,2976,2887,365,3252,13
2022-04-10,Riverside,065,2383286,592151,591268,27812,619080,6429
2022-04-10,Sacramento,067,1510023,281538,277125,26570,303695,2972
2022-04-10,San Benito,069,59416,12982,12917,512,13429,98
2022-04-10,San Bernardino,071,2135413,575136,562571,24979,587550,6892
2022-04-10,San Diego,073,3302833,753450,754281,52969,807250,5210
2022-04-10,San Francisco,075,870044,126671,125963,8323,134286,844
2022-04-10,San Joaquin,077,732212,166998,166547,9935,176482,2212
2022-04-10,San Luis Obispo,079,281455,52588,52609,3767,56376,476
2022-04-10,San Mateo,081,765935,123078,121514,7027,128541,698
2022-04-10,Santa Barbara,083,443738,86090,85754,4705,90459,680
2022-04-10,Santa Clara,085,1922200,317836,313965,12389,326354,2266
2022-04-10,Santa Cruz,087,273765,48184,47624,2108,49732,259
2022-04-10,Shasta,089,179085,30571,30586,6092,36678,549
2022-04-10,Sierra,091,2930,274,272,48,320,4
2022-04-10,Siskiyou,093,43540,4432,4444,2721,7165,80
2022-04-10,Solano,095,438530,81815,81886,5599,87485,448
2022-04-10,Sonoma,097,501317,84080,83600,2673,86273,485
2022-04-10,Stanislaus,099,539301,117710,117528,17860,135388,1578
2022-04-10,Sutter,101,95872,20496,20591,2075,22666,223
2022-04-10,Tehama,103,63373,12047,12059,2573,14632,201
2022-04-10,Trinity,105,12862,1183,1177,287,1464,20
2022-04-10,Tulare,107,460477,106282,105278,27564,132842,1415
2022-04-10,Tuolumne,109,53932,12688,12632,560,13192,180
2022-04-10,Ventura,111,848112,173594,173343,9416,182759,1467
2022-04-10,Yolo,113,214977,37127,36587,3045,39632,312
2022-04-10,Yuba,115,75493,15850,15848,1199,17047,121
2022-04-09,Alameda,001,1643700,258521,256649,14016,270665,1826
2022-04-09,Alpine,003,1148,124,124,1,125,0
2022-04-09,Amador,005,37829,8533,8489,645,9134,86
2022-04-09,Butte,007,227075,33272,33031,6998,40029,399
2022-04-09,Calaveras,009,45235,7271,7260,349,7609,119
2022-04-09,Colusa,011,21464,3452,3449,1047,4496,21
2022-04-09,Contra Costa,013,1133247,192843,189154,13478,202632,1296
2022-04-09,Del Norte,015,27424,5814,5811,185,5996,50
2022-04-09,El Dorado,017,186661,26796,26757,3202,29959,207
2022-04-09,Fresno,019,978130,232010,231090,24203,255293,2731
2022-04-09,Glenn,021,27897,5000,4988,1603,6591,47
2022-04-09,Humboldt,023,135768,16918,16913,2956,19869,141
2022-04-09,Imperial,025,180216,55381,55267,10538,65805,910
2022-04-09,Inyo,027,18085,4080,4071,484,4555,56
2022-04-09,Kern,029,883053,191990,191542,45755,237297,2244
2022-04-09,Kings,031,150075,51508,51519,3518,55037,443
2022-04-09,Lake,033,64148,10718,10690,885,11575,134
2022-04-09,Lassen,035,31185,8958,8948,874,9822,65
2022-04-09,Los Angeles,037,10098052,2720799,2709735,123834,2833569,31509
2022-04-09,Madera,039,155013,37264,37356,6026,43382,354
2022-04-09,Marin,041,260295,33815,33648,2353,36001,288
2022-04-09,Mariposa,043,17540,2407,2394,203,2597,29
2022-04-09,Mendocino,045,87422,13101,13087,3023,16110,120
2022-04-09,Merced,047,269075,62492,62231,8719,70950,811
2022-04-09,Modoc,049,8938,737,743,250,993,8
2022-04-09,Mono,051,14174,2974,2967,122,3089,6
2022-04-09,Monterey,053,433212,79516,79103,13713,92816,727
2022-04-09,Napa,055,140530,25889,25824,963,26787,144
2022-04-09,Nevada,057,99092,15993,15976,1200,17176,123
2022-04-09,Orange,059,3164182,547942,546983,41533,588516,6912
2022-04-09,Placer,061,380077,62924,62831,7348,70179,616
2022-04-09,Plumas,063,18699,2976,2887,365,3252,13
2022-04-09,Riverside,065,2383286,592061,591268,27802,619070,6429
2022-04-09,Sacramento,067,1510023,281491,277125,26568,303693,2972
2022-04-09,San Benito,069,59416,12981,12917,511,13428,98
2022-04-09,San Bernardino,071,2135413,575070,562571,24976,587547,6892
2022-04-09,San Diego,073,3302833,753302,754281,52955,807236,5210
2022-04-09,San Francisco,075,870044,126547,125963,8315,134278,844
2022-04-09,San Joaquin,077,732212,166982,166547,9932,176479,2212
2022-04-09,San Luis Obispo,079,281455,52588,52609,3764,56373,476
2022-04-09,San Mateo,081,765935,122988,121514,7020,128534,698
2022-04-09,Santa Barbara,083,443738,86057,85754,4705,90459,680
2022-04-09,Santa Clara,085,1922200,317640,313965,12386,326351,2266
2022-04-09,Santa Cruz,087,273765,48151,47624,2106,49730,259
2022-04-09,Shasta,089,179085,30569,30586,6092,36678,549
2022-04-09,Sierra,091,2930,274,272,48,320,4
2022-04-09,Siskiyou,093,43540,4431,4444,2720,7164,80
2022-04-09,Solano,095,438530,81797,81886,5597,87483,448
2022-04-09,Sonoma,097,501317,84041,83600,2669,86269,485
2022-04-09,Stanislaus,099,539301,117697,117528,17858,135386,1578
2022-04-09,Sutter,101,95872,20496,20591,2075,22666,223
2022-04-09,Tehama,103,63373,12047,12059,2573,14632,201
2022-04-09,Trinity,105,12862,1183,1177,287,1464,20
2022-04-09,Tulare,107,460477,106279,105278,27562,132840,1415
2022-04-09,Tuolumne,109,53932,12686,12632,560,13192,180
2022-04-09,Ventura,111,848112,173557,173343,9413,182756,1467
2022-04-09,Yolo,113,214977,37108,36587,3045,39632,312
2022-04-09,Yuba,115,75493,15849,15848,1199,17047,121
2022-04-08,Alameda,001,1643700,258363,256649,14010,270659,1826
2022-04-08,Alpine,003,1148,124,124,1,125,0
2022-04-08,Amador,005,37829,8531,8489,644,9133,86
2022-04-08,Butte,007,227075,33266,33031,6995,40026,399
2022-04-08,Calaveras,009,45235,7269,7260,349,7609,119
2022-04-08,Colusa,011,21464,3452,3449,1047,4496,21
2022-04-08,Contra Costa,013,1133247,192765,189154,13465,202619,1296
2022-04-08,Del Norte,015,27424,5812,5811,185,5996,50
2022-04-08,El Dorado,017,186661,26794,26757,3202,29959,207
2022-04-08,Fresno,019,978130,231990,231090,24201,255291,2731
2022-04-08,Glenn,021,27897,5000,4988,1603,6591,47
2022-04-08,Humboldt,023,135768,16914,16913,2954,19867,141
2022-04-08,Imperial,025,180216,55377,55267,10538,65805,910
2022-04-08,Inyo,027,18085,4078,4071,483,4554,56
2022-04-08,Kern,029,883053,191971,191542,45754,237296,2244
2022-04-08,Kings,031,150075,51503,51519,3518,55037,443
2022-04-08,Lake,033,64148,10718,10690,885,11575,134
2022-04-08,Lassen,035,31185,8958,8948,874,9822,65
2022-04-08,Los Angeles,037,10098052,2720168,2709735,123776,2833511,31509
2022-04-08,Madera,039,155013,37262,37356,6025,43381,354
2022-04-08,Marin,041,260295,33795,33648,2337,35985,288
2022-04-08,Mariposa,043,17540,2407,2394,202,2596,29
2022-04-08,Mendocino,045,87422,13099,13087,3023,16110,120
2022-04-08,Merced,047,269075,62487,62231,8716,70947,811
2022-04-08,Modoc,049,8938,737,743,250,993,8
2022-04-08,Mono,051,14174,2972,2967,122,3089,6
2022-04-08,Monterey,053,433212,79506,79103,13712,92815,727
2022-04-08,Napa,055,140530,25877,25824,955,26779,144
2022-04-08,Nevada,057,99092,15990,15976,1200,17176,123
2022-04-08,Orange,059,3164182,547824,546983,41519,588502,6912
2022-04-08,Placer,061,380077,62906,62831,7346,70177,616
2022-04-08,Plumas,063,18699,2973,2887,365,3252,13
2022-04-08,Riverside,065,2383286,591985,591268,27799,619067,6429
2022-04-08,Sacramento,067,1510023,281444,277125,26567,303692,2972
2022-04-08,San Benito,069,59416,12981,12917,511,13428,98
2022-04-08,San Bernardino,071,2135413,575017,562571,24973,587544,6892
2022-04-08,San Diego,073,3302833,753134,754281,52944,807225,5210
2022-04-08,San Francisco,075,870044,126451,125963,8310,134273,844
2022-04-08,San Joaquin,077,732212,166965,166547,9930,176477,2212
2022-04-08,San Luis Obispo,079,281455,52584,52609,3764,56373,476
2022-04-08,San Mateo,081,765935,122882,121514,7015,128529,698
2022-04-08,Santa Barbara,083,443738,86036,85754,4705,90459,680
2022-04-08,Santa Clara,085,1922200,317454,313965,12379,326344,2266
2022-04-08,Santa Cruz,087,273765,48134,47624,2103,49727,259
2022-04-08,Shasta,089,179085,30566,30586,6092,36678,549
2022-04-08,Sierra,091,2930,274,272,48,320,4
2022-04-08,Siskiyou,093,43540,4431,4444,2720,7164,80
2022-04-08,Solano,095,438530,81777,81886,5596,87482,448
2022-04-08,Sonoma,097,501317,83990,83600,2665,86265,485
2022-04-08,Stanislaus,099,539301,117682,117528,17856,135384,1578
2022-04-08,Sutter,101,95872,20496,20591,2075,22666,223
2022-04-08,Tehama,103,63373,12047,12059,2573,14632,201
2022-04-08,Trinity,105,12862,1183,1177,287,1464,20
2022-04-08,Tulare,107,460477,106274,105278,27558,132836,1415
2022-04-08,Tuolumne,109,53932,12685,12632,559,13191,180
2022-04-08,Ventura,111,848112,173528,173343,9411,182754,1467
2022-04-08,Yolo,113,214977,37099,36587,3044,39631,312
2022-04-08,Yuba,115,75493,15848,15848,1199,17047,121
2022-04-07,Alameda,001,1643700,258168,256649,14003,270652,1826
2022-04-07,Alpine,003,1148,124,124,1,125,0
2022-04-07,Amador,005,37829,8530,8489,641,9130,86
2022-04-07,Butte,007,227075,33262,33031,6993,40024,399
2022-04-07,Calaveras,009,45235,7267,7260,349,7609,119
2022-04-07,Colusa,011,21464,3451,3449,1047,4496,21
2022-04-07,Contra Costa,013,1133247,192646,189154,13453,202607,1296
2022-04-07,Del Norte,015,27424,5811,5811,185,5996,50
2022-04-07,El Dorado,017,186661,26782,26757,3200,29957,207
2022-04-07,Fresno,019,978130,231964,231090,24200,255290,2731
2022-04-07,Glenn,021,27897,4999,4988,1602,6590,47
2022-04-07,Humboldt,023,135768,16907,16913,2952,19865,141
2022-04-07,Imperial,025,180216,55375,55267,10536,65803,910
2022-04-07,Inyo,027,18085,4078,4071,483,4554,56
2022-04-07,Kern,029,883053,191947,191542,45751,237293,2244
2022-04-07,Kings,031,150075,51495,51519,3518,55037,443
2022-04-07,Lake,033,64148,10714,10690,885,11575,134
2022-04-07,Lassen,035,31185,8958,8948,874,9822,65
2022-04-07,Los Angeles,037,10098052,2719255,2709735,123701,2833436,31509
2022-04-07,Madera,039,155013,37258,37356,6025,43381,354
2022-04-07,Marin,041,260295,33776,33648,2318,35966,288
2022-04-07,Mariposa,043,17540,2404,2394,201,2595,29
2022-04-07,Mendocino,045,87422,13095,13087,3022,16109,120
2022-04-07,Merced,047,269075,62477,62231,8711,70942,811
2022-04-07,Modoc,049,8938,737,743,250,993,8
2022-04-07,Mono,051,14174,2971,2967,122,3089,6
2022-04-07,Monterey,053,433212,79484,79103,13708,92811,727
2022-04-07,Napa,055,140530,25861,25824,951,26775,144
2022-04-07,Nevada,057,99092,15982,15976,1199,17175,123
2022-04-07,Orange,059,3164182,547668,546983,41489,588472,6912
2022-04-07,Placer,061,380077,62889,62831,7343,70174,616
2022-04-07,Plumas,063,18699,2973,2887,365,3252,13
2022-04-07,Riverside,065,2383286,591883,591268,27785,619053,6429
2022-04-07,Sacramento,067,1510023,281378,277125,26560,303685,2972
2022-04-07,San Benito,069,59416,12980,12917,511,13428,98
2022-04-07,San Bernardino,071,2135413,574857,562571,24960,587531,6892
2022-04-07,San Diego,073,3302833,752866,754281,52912,807193,5210
2022-04-07,San Francisco,075,870044,126294,125963,8295,134258,844
2022-04-07,San Joaquin,077,732212,166925,166547,9927,176474,2212
2022-04-07,San Luis Obispo,079,281455,52566,52609,3762,56371,476
2022-04-07,San Mateo,081,765935,122760,121514,6998,128512,698
2022-04-07,Santa Barbara,083,443738,85992,85754,4703,90457,680
2022-04-07,Santa Clara,085,1922200,317231,313965,12367,326332,2266
2022-04-07,Santa Cruz,087,273765,48115,47624,2099,49723,259
2022-04-07,Shasta,089,179085,30564,30586,6092,36678,549
2022-04-07,Sierra,091,2930,274,272,48,320,4
2022-04-07,Siskiyou,093,43540,4431,4444,2719,7163,80
2022-04-07,Solano,095,438530,81747,81886,5596,87482,448
2022-04-07,Sonoma,097,501317,83947,83600,2659,86259,485
2022-04-07,Stanislaus,099,539301,117660,117528,17853,135381,1578
2022-04-07,Sutter,101,95872,20492,20591,2074,22665,223
2022-04-07,Tehama,103,63373,12046,12059,2573,14632,201
2022-04-07,Trinity,105,12862,1183,1177,287,1464,20
2022-04-07,Tulare,107,460477,106268,105278,27557,132835,1415
2022-04-07,Tuolumne,109,53932,12683,12632,558,13190,180
2022-04-07,Ventura,111,848112,173499,173343,9409,182752,1467
2022-04-07,Yolo,113,214977,37081,36587,3044,39631,312
2022-04-07,Yuba,115,75493,15846,15848,1199,17047,121
2022-04-06,Alameda,001,1643700,257982,256143,13996,270139,1814
2022-04-06,Alpine,003,1148,124,124,1,125,0
2022-04-06,Amador,005,37829,8529,8488,641,9129,86
2022-04-06,Butte,007,227075,33257,32997,6991,39988,396
2022-04-06,Calaveras,009,45235,7265,7258,349,7607,120
2022-04-06,Colusa,011,21464,3451,3447,1047,4494,21
2022-04-06,Contra Costa,013,1133247,192580,188850,13437,202287,1296
2022-04-06,Del Norte,015,27424,5811,5809,185,5994,50
2022-04-06,El Dorado,017,186661,26779,26744,3200,29944,205
2022-04-06,Fresno,019,978130,231929,230942,24196,255138,2725
2022-04-06,Glenn,021,27897,4999,4986,1601,6587,47
2022-04-06,Humboldt,023,135768,16903,16904,2951,19855,140
2022-04-06,Imperial,025,180216,55369,55294,10536,65830,908
2022-04-06,Inyo,027,18085,4077,4068,481,4549,56
2022-04-06,Kern,029,883053,191925,191449,45749,237198,2234
2022-04-06,Kings,031,150075,51494,51491,3517,55008,443
2022-04-06,Lake,033,64148,10710,10679,885,11564,136
2022-04-06,Lassen,035,31185,8958,8945,874,9819,65
2022-04-06,Los Angeles,037,10098052,2718205,2707306,123631,2830937,31465
2022-04-06,Madera,039,155013,37254,37349,6025,43374,354
2022-04-06,Marin,041,260295,33756,33566,2310,35876,288
2022-04-06,Mariposa,043,17540,2403,2392,201,2593,29
2022-04-06,Mendocino,045,87422,13091,13074,3021,16095,119
2022-04-06,Merced,047,269075,62469,62195,8707,70902,810
2022-04-06,Modoc,049,8938,737,741,250,991,8
2022-04-06,Mono,051,14174,2970,2967,122,3089,6
2022-04-06,Monterey,053,433212,79471,79019,13700,92719,727
2022-04-06,Napa,055,140530,25842,25790,947,26737,143
2022-04-06,Nevada,057,99092,15980,15974,1199,17173,123
2022-04-06,Orange,059,3164182,547500,546491,41466,587957,6887
2022-04-06,Placer,061,380077,62883,62787,7342,70129,615
2022-04-06,Plumas,063,18699,2973,2850,365,3215,13
2022-04-06,Riverside,065,2383286,591786,590826,27780,618606,6424
2022-04-06,Sacramento,067,1510023,281300,276567,26556,303123,2953
2022-04-06,San Benito,069,59416,12979,12908,511,13419,98
2022-04-06,San Bernardino,071,2135413,574726,561648,24958,586606,6883
2022-04-06,San Diego,073,3302833,752570,753402,52873,806275,5192
2022-04-06,San Francisco,075,870044,126135,125536,8289,133825,843
2022-04-06,San Joaquin,077,732212,166892,166415,9924,176339,2207
2022-04-06,San Luis Obispo,079,281455,52544,52557,3760,56317,475
2022-04-06,San Mateo,081,765935,122652,121041,6986,128027,693
2022-04-06,Santa Barbara,083,443738,85952,85630,4699,90329,679
2022-04-06,Santa Clara,085,1922200,317034,313278,12347,325625,2265
2022-04-06,Santa Cruz,087,273765,48061,47446,2094,49540,259
2022-04-06,Shasta,089,179085,30563,30565,6092,36657,529
2022-04-06,Sierra,091,2930,274,272,48,320,4
2022-04-06,Siskiyou,093,43540,4431,4442,2719,7161,80
2022-04-06,Solano,095,438530,81712,81789,5591,87380,447
2022-04-06,Sonoma,097,501317,83883,83361,2654,86015,485
2022-04-06,Stanislaus,099,539301,117644,117534,17847,135381,1578
2022-04-06,Sutter,101,95872,20487,20581,2074,22655,222
2022-04-06,Tehama,103,63373,12044,12049,2573,14622,198
2022-04-06,Trinity,105,12862,1183,1173,287,1460,20
2022-04-06,Tulare,107,460477,106261,104826,27552,132378,1414
2022-04-06,Tuolumne,109,53932,12681,12621,558,13179,180
2022-04-06,Ventura,111,848112,173446,173179,9403,182582,1460
2022-04-06,Yolo,113,214977,37056,36393,3043,39436,314
2022-04-06,Yuba,115,75493,15841,15839,1199,17038,121
2022-04-05,Alameda,001,1643700,257769,256143,13986,270129,1814
2022-04-05,Alpine,003,1148,124,124,1,125,0
2022-04-05,Amador,005,37829,8527,8488,641,9129,86
2022-04-05,Butte,007,227075,33252,32997,6988,39985,396
2022-04-05,Calaveras,009,45235,7261,7258,349,7607,120
2022-04-05,Colusa,011,21464,3449,3447,1046,4493,21
2022-04-05,Contra Costa,013,1133247,192487,188850,13430,202280,1296
2022-04-05,Del Norte,015,27424,5809,5809,185,5994,50
2022-04-05,El Dorado,017,186661,26767,26744,3200,29944,205
2022-04-05,Fresno,019,978130,231893,230942,24188,255130,2725
2022-04-05,Glenn,021,27897,4999,4986,1600,6586,47
2022-04-05,Humboldt,023,135768,16897,16904,2951,19855,140
2022-04-05,Imperial,025,180216,55367,55294,10536,65830,908
2022-04-05,Inyo,027,18085,4076,4068,480,4548,56
2022-04-05,Kern,029,883053,191905,191449,45746,237195,2234
2022-04-05,Kings,031,150075,51491,51491,3517,55008,443
2022-04-05,Lake,033,64148,10707,10679,885,11564,136
2022-04-05,Lassen,035,31185,8958,8945,874,9819,65
2022-04-05,Los Angeles,037,10098052,2717146,2707306,123557,2830863,31465
2022-04-05,Madera,039,155013,37247,37349,6023,43372,354
2022-04-05,Marin,041,260295,33701,33566,2295,35861,288
2022-04-05,Mariposa,043,17540,2403,2392,201,2593,29
2022-04-05,Mendocino,045,87422,13085,13074,3020,16094,119
2022-04-05,Merced,047,269075,62458,62195,8702,70897,810
2022-04-05,Modoc,049,8938,737,741,250,991,8
2022-04-05,Mono,051,14174,2969,2967,122,3089,6
2022-04-05,Monterey,053,433212,79448,79019,13689,92708,727
2022-04-05,Napa,055,140530,25833,25790,942,26732,143
2022-04-05,Nevada,057,99092,15972,15974,1199,17173,123
2022-04-05,Orange,059,3164182,547319,546491,41437,587928,6887
2022-04-05,Placer,061,380077,62857,62787,7342,70129,615
2022-04-05,Plumas,063,18699,2973,2850,365,3215,13
2022-04-05,Riverside,065,2383286,591665,590826,27768,618594,6424
2022-04-05,Sacramento,067,1510023,281220,276567,26551,303118,2953
2022-04-05,San Benito,069,59416,12972,12908,511,13419,98
2022-04-05,San Bernardino,071,2135413,574595,561648,24948,586596,6883
2022-04-05,San Diego,073,3302833,752262,753402,52829,806231,5192
2022-04-05,San Francisco,075,870044,125932,125536,8281,133817,843
2022-04-05,San Joaquin,077,732212,166850,166415,9922,176337,2207
2022-04-05,San Luis Obispo,079,281455,52527,52557,3755,56312,475
2022-04-05,San Mateo,081,765935,122536,121041,6975,128016,693
2022-04-05,Santa Barbara,083,443738,85916,85630,4698,90328,679
2022-04-05,Santa Clara,085,1922200,316774,313278,12334,325612,2265
2022-04-05,Santa Cruz,087,273765,47994,47446,2091,49537,259
2022-04-05,Shasta,089,179085,30563,30565,6090,36655,529
2022-04-05,Sierra,091,2930,274,272,48,320,4
2022-04-05,Siskiyou,093,43540,4431,4442,2719,7161,80
2022-04-05,Solano,095,438530,81659,81789,5588,87377,447
2022-04-05,Sonoma,097,501317,83819,83361,2645,86006,485
2022-04-05,Stanislaus,099,539301,117630,117534,17838,135372,1578
2022-04-05,Sutter,101,95872,20483,20581,2073,22654,222
2022-04-05,Tehama,103,63373,12042,12049,2572,14621,198
2022-04-05,Trinity,105,12862,1183,1173,287,1460,20
2022-04-05,Tulare,107,460477,106251,104826,27549,132375,1414
2022-04-05,Tuolumne,109,53932,12680,12621,558,13179,180
2022-04-05,Ventura,111,848112,173390,173179,9396,182575,1460
2022-04-05,Yolo,113,214977,37041,36393,3040,39433,314
2022-04-05,Yuba,115,75493,15839,15839,1199,17038,121
2022-04-04,Alameda,001,1643700,257539,256143,13972,270115,1814
2022-04-04,Alpine,003,1148,124,124,1,125,0
2022-04-04,Amador,005,37829,8526,8488,640,9128,86
2022-04-04,Butte,007,227075,33246,32997,6985,39982,396
2022-04-04,Calaveras,009,45235,7261,7258,349,7607,120
2022-04-04,Colusa,011,21464,3448,3447,1046,4493,21
2022-04-04,Contra Costa,013,1133247,192387,188850,13422,202272,1296
2022-04-04,Del Norte,015,27424,5809,5809,185,5994,50
2022-04-04,El Dorado,017,186661,26762,26744,3200,29944,205
2022-04-04,Fresno,019,978130,231875,230942,24183,255125,2725
2022-04-04,Glenn,021,27897,4998,4986,1600,6586,47
2022-04-04,Humboldt,023,135768,16889,16904,2946,19850,140
2022-04-04,Imperial,025,180216,55362,55294,10536,65830,908
2022-04-04,Inyo,027,18085,4076,4068,478,4546,56
2022-04-04,Kern,029,883053,191882,191449,45741,237190,2234
2022-04-04,Kings,031,150075,51485,51491,3517,55008,443
2022-04-04,Lake,033,64148,10702,10679,885,11564,136
2022-04-04,Lassen,035,31185,8958,8945,874,9819,65
2022-04-04,Los Angeles,037,10098052,2716043,2707306,123513,2830819,31465
2022-04-04,Madera,039,155013,37243,37349,6023,43372,354
2022-04-04,Marin,041,260295,33684,33566,2286,35852,288
2022-04-04,Mariposa,043,17540,2402,2392,201,2593,29
2022-04-04,Mendocino,045,87422,13079,13074,3018,16092,119
2022-04-04,Merced,047,269075,62447,62195,8697,70892,810
2022-04-04,Modoc,049,8938,737,741,250,991,8
2022-04-04,Mono,051,14174,2969,2967,122,3089,6
2022-04-04,Monterey,053,433212,79432,79019,13683,92702,727
2022-04-04,Napa,055,140530,25816,25790,941,26731,143
2022-04-04,Nevada,057,99092,15968,15974,1198,17172,123
2022-04-04,Orange,059,3164182,547154,546491,41411,587902,6887
2022-04-04,Placer,061,380077,62847,62787,7341,70128,615
2022-04-04,Plumas,063,18699,2972,2850,365,3215,13
2022-04-04,Riverside,065,2383286,591574,590826,27756,618582,6424
2022-04-04,Sacramento,067,1510023,281129,276567,26543,303110,2953
2022-04-04,San Benito,069,59416,12969,12908,511,13419,98
2022-04-04,San Bernardino,071,2135413,574458,561648,24941,586589,6883
2022-04-04,San Diego,073,3302833,751942,753402,52792,806194,5192
2022-04-04,San Francisco,075,870044,125733,125536,8272,133808,843
2022-04-04,San Joaquin,077,732212,166824,166415,9919,176334,2207
2022-04-04,San Luis Obispo,079,281455,52504,52557,3753,56310,475
2022-04-04,San Mateo,081,765935,122400,121041,6961,128002,693
2022-04-04,Santa Barbara,083,443738,85871,85630,4697,90327,679
2022-04-04,Santa Clara,085,1922200,316505,313278,12322,325600,2265
2022-04-04,Santa Cruz,087,273765,47947,47446,2091,49537,259
2022-04-04,Shasta,089,179085,30560,30565,6089,36654,529
2022-04-04,Sierra,091,2930,274,272,48,320,4
2022-04-04,Siskiyou,093,43540,4431,4442,2719,7161,80
2022-04-04,Solano,095,438530,81613,81789,5585,87374,447
2022-04-04,Sonoma,097,501317,83765,83361,2638,85999,485
2022-04-04,Stanislaus,099,539301,117609,117534,17831,135365,1578
2022-04-04,Sutter,101,95872,20480,20581,2073,22654,222
2022-04-04,Tehama,103,63373,12040,12049,2572,14621,198
2022-04-04,Trinity,105,12862,1183,1173,287,1460,20
2022-04-04,Tulare,107,460477,106242,104826,27546,132372,1414
2022-04-04,Tuolumne,109,53932,12673,12621,558,13179,180
2022-04-04,Ventura,111,848112,173350,173179,9393,182572,1460
2022-04-04,Yolo,113,214977,37027,36393,3038,39431,314
2022-04-04,Yuba,115,75493,15836,15839,1199,17038,121
2022-04-03,Alameda,001,1643700,257284,255650,13970,269620,1813
2022-04-03,Alpine,003,1148,124,124,1,125,0
2022-04-03,Amador,005,37829,8525,8485,640,9125,86
2022-04-03,Butte,007,227075,33239,32981,6983,39964,396
2022-04-03,Calaveras,009,45235,7261,7254,349,7603,119
2022-04-03,Colusa,011,21464,3448,3445,1046,4491,21
2022-04-03,Contra Costa,013,1133247,192281,188658,13412,202070,1291
2022-04-03,Del Norte,015,27424,5809,5812,185,5997,50
2022-04-03,El Dorado,017,186661,26748,26732,3198,29930,200
2022-04-03,Fresno,019,978130,231843,230559,24180,254739,2722
2022-04-03,Glenn,021,27897,4998,4982,1600,6582,47
2022-04-03,Humboldt,023,135768,16884,16898,2946,19844,140
2022-04-03,Imperial,025,180216,55360,55266,10533,65799,908
2022-04-03,Inyo,027,18085,4074,4063,478,4541,56
2022-04-03,Kern,029,883053,191856,191384,45736,237120,2224
2022-04-03,Kings,031,150075,51479,51470,3515,54985,443
2022-04-03,Lake,033,64148,10700,10674,885,11559,136
2022-04-03,Lassen,035,31185,8957,8943,874,9817,65
2022-04-03,Los Angeles,037,10098052,2714844,2703576,123428,2827004,31410
2022-04-03,Madera,039,155013,37241,37333,6022,43355,354
2022-04-03,Marin,041,260295,33649,33493,2278,35771,287
2022-04-03,Mariposa,043,17540,2401,2391,201,2592,29
2022-04-03,Mendocino,045,87422,13073,13058,3017,16075,119
2022-04-03,Merced,047,269075,62432,62149,8691,70840,808
2022-04-03,Modoc,049,8938,736,741,250,991,8
2022-04-03,Mono,051,14174,2969,2967,122,3089,6
2022-04-03,Monterey,053,433212,79415,78964,13658,92622,726
2022-04-03,Napa,055,140530,25797,25757,940,26697,143
2022-04-03,Nevada,057,99092,15962,15962,1197,17159,123
2022-04-03,Orange,059,3164182,546955,546047,41386,587433,6880
2022-04-03,Placer,061,380077,62821,62740,7336,70076,614
2022-04-03,Plumas,063,18699,2971,2803,365,3168,14
2022-04-03,Riverside,065,2383286,591417,590563,27741,618304,6418
2022-04-03,Sacramento,067,1510023,281054,276218,26530,302748,2950
2022-04-03,San Benito,069,59416,12965,12901,511,13412,98
2022-04-03,San Bernardino,071,2135413,574313,561362,24938,586300,6865
2022-04-03,San Diego,073,3302833,751612,752281,52755,805036,5178
2022-04-03,San Francisco,075,870044,125502,125075,8266,133341,843
2022-04-03,San Joaquin,077,732212,166767,166336,9914,176250,2202
2022-04-03,San Luis Obispo,079,281455,52485,52512,3753,56265,475
2022-04-03,San Mateo,081,765935,122260,120717,6954,127671,693
2022-04-03,Santa Barbara,083,443738,85826,85611,4695,90306,678
2022-04-03,Santa Clara,085,1922200,316205,312517,12313,324830,2258
2022-04-03,Santa Cruz,087,273765,47892,47371,2089,49460,259
2022-04-03,Shasta,089,179085,30550,30556,6088,36644,530
2022-04-03,Sierra,091,2930,274,273,48,321,4
2022-04-03,Siskiyou,093,43540,4431,4439,2719,7158,80
2022-04-03,Solano,095,438530,81572,81848,5579,87427,446
2022-04-03,Sonoma,097,501317,83687,83235,2630,85865,485
2022-04-03,Stanislaus,099,539301,117578,117536,17825,135361,1581
2022-04-03,Sutter,101,95872,20477,20570,2073,22643,222
2022-04-03,Tehama,103,63373,12038,12046,2572,14618,198
2022-04-03,Trinity,105,12862,1183,1173,287,1460,20
2022-04-03,Tulare,107,460477,106235,104736,27538,132274,1410
2022-04-03,Tuolumne,109,53932,12672,12618,558,13176,180
2022-04-03,Ventura,111,848112,173297,173044,9389,182433,1460
2022-04-03,Yolo,113,214977,37006,36347,3036,39383,313
2022-04-03,Yuba,115,75493,15834,15835,1199,17034,120
2022-04-02,Alameda,001,1643700,257182,255650,13970,269620,1813
2022-04-02,Alpine,003,1148,124,124,1,125,0
2022-04-02,Amador,005,37829,8525,8485,640,9125,86
2022-04-02,Butte,007,227075,33235,32981,6982,39963,396
2022-04-02,Calaveras,009,45235,7261,7254,349,7603,119
2022-04-02,Colusa,011,21464,3448,3445,1046,4491,21
2022-04-02,Contra Costa,013,1133247,192222,188658,13409,202067,1291
2022-04-02,Del Norte,015,27424,5808,5812,185,5997,50
2022-04-02,El Dorado,017,186661,26745,26732,3198,29930,200
2022-04-02,Fresno,019,978130,231814,230559,24180,254739,2722
2022-04-02,Glenn,021,27897,4998,4982,1600,6582,47
2022-04-02,Humboldt,023,135768,16880,16898,2946,19844,140
2022-04-02,Imperial,025,180216,55357,55266,10533,65799,908
2022-04-02,Inyo,027,18085,4074,4063,478,4541,56
2022-04-02,Kern,029,883053,191841,191384,45732,237116,2224
2022-04-02,Kings,031,150075,51476,51470,3515,54985,443
2022-04-02,Lake,033,64148,10699,10674,885,11559,136
2022-04-02,Lassen,035,31185,8957,8943,874,9817,65
2022-04-02,Los Angeles,037,10098052,2714324,2703576,123388,2826964,31410
2022-04-02,Madera,039,155013,37238,37333,6022,43355,354
2022-04-02,Marin,041,260295,33626,33493,2270,35763,287
2022-04-02,Mariposa,043,17540,2400,2391,201,2592,29
2022-04-02,Mendocino,045,87422,13071,13058,3017,16075,119
2022-04-02,Merced,047,269075,62429,62149,8691,70840,808
2022-04-02,Modoc,049,8938,736,741,250,991,8
2022-04-02,Mono,051,14174,2969,2967,121,3088,6
2022-04-02,Monterey,053,433212,79402,78964,13652,92616,726
2022-04-02,Napa,055,140530,25783,25757,939,26696,143
2022-04-02,Nevada,057,99092,15958,15962,1196,17158,123
2022-04-02,Orange,059,3164182,546849,546047,41374,587421,6880
2022-04-02,Placer,061,380077,62810,62740,7334,70074,614
2022-04-02,Plumas,063,18699,2971,2803,365,3168,14
2022-04-02,Riverside,065,2383286,591343,590563,27736,618299,6418
2022-04-02,Sacramento,067,1510023,281014,276218,26529,302747,2950
2022-04-02,San Benito,069,59416,12964,12901,511,13412,98
2022-04-02,San Bernardino,071,2135413,574261,561362,24935,586297,6865
2022-04-02,San Diego,073,3302833,751488,752281,52745,805026,5178
2022-04-02,San Francisco,075,870044,125398,125075,8258,133333,843
2022-04-02,San Joaquin,077,732212,166746,166336,9912,176248,2202
2022-04-02,San Luis Obispo,079,281455,52480,52512,3753,56265,475
2022-04-02,San Mateo,081,765935,122165,120717,6945,127662,693
2022-04-02,Santa Barbara,083,443738,85807,85611,4694,90305,678
2022-04-02,Santa Clara,085,1922200,316040,312517,12309,324826,2258
2022-04-02,Santa Cruz,087,273765,47880,47371,2088,49459,259
2022-04-02,Shasta,089,179085,30549,30556,6088,36644,530
2022-04-02,Sierra,091,2930,274,273,48,321,4
2022-04-02,Siskiyou,093,43540,4431,4439,2718,7157,80
2022-04-02,Solano,095,438530,81557,81848,5578,87426,446
2022-04-02,Sonoma,097,501317,83639,83235,2624,85859,485
2022-04-02,Stanislaus,099,539301,117569,117536,17823,135359,1581
2022-04-02,Sutter,101,95872,20472,20570,2073,22643,222
2022-04-02,Tehama,103,63373,12038,12046,2572,14618,198
2022-04-02,Trinity,105,12862,1183,1173,287,1460,20
2022-04-02,Tulare,107,460477,106231,104736,27538,132274,1410
2022-04-02,Tuolumne,109,53932,12670,12618,558,13176,180
2022-04-02,Ventura,111,848112,173256,173044,9389,182433,1460
2022-04-02,Yolo,113,214977,36994,36347,3033,39380,313
2022-04-02,Yuba,115,75493,15833,15835,1199,17034,120
2022-04-01,Alameda,001,1643700,257066,255650,13965,269615,1813
2022-04-01,Alpine,003,1148,124,124,1,125,0
2022-04-01,Amador,005,37829,8525,8485,640,9125,86
2022-04-01,Butte,007,227075,33231,32981,6979,39960,396
2022-04-01,Calaveras,009,45235,7259,7254,349,7603,119
2022-04-01,Colusa,011,21464,3447,3445,1046,4491,21
2022-04-01,Contra Costa,013,1133247,192170,188658,13408,202066,1291
2022-04-01,Del Norte,015,27424,5806,5812,185,5997,50
2022-04-01,El Dorado,017,186661,26742,26732,3197,29929,200
2022-04-01,Fresno,019,978130,231789,230559,24178,254737,2722
2022-04-01,Glenn,021,27897,4998,4982,1600,6582,47
2022-04-01,Humboldt,023,135768,16878,16898,2946,19844,140
2022-04-01,Imperial,025,180216,55355,55266,10533,65799,908
2022-04-01,Inyo,027,18085,4072,4063,477,4540,56
2022-04-01,Kern,029,883053,191830,191384,45729,237113,2224
2022-04-01,Kings,031,150075,51473,51470,3515,54985,443
2022-04-01,Lake,033,64148,10696,10674,885,11559,136
2022-04-01,Lassen,035,31185,8956,8943,874,9817,65
2022-04-01,Los Angeles,037,10098052,2713827,2703576,123345,2826921,31410
2022-04-01,Madera,039,155013,37237,37333,6022,43355,354
2022-04-01,Marin,041,260295,33608,33493,2263,35756,287
2022-04-01,Mariposa,043,17540,2397,2391,201,2592,29
2022-04-01,Mendocino,045,87422,13068,13058,3016,16074,119
2022-04-01,Merced,047,269075,62422,62149,8690,70839,808
2022-04-01,Modoc,049,8938,736,741,250,991,8
2022-04-01,Mono,051,14174,2969,2967,121,3088,6
2022-04-01,Monterey,053,433212,79384,78964,13649,92613,726
2022-04-01,Napa,055,140530,25773,25757,939,26696,143
2022-04-01,Nevada,057,99092,15958,15962,1195,17157,123
2022-04-01,Orange,059,3164182,546741,546047,41366,587413,6880
2022-04-01,Placer,061,380077,62796,62740,7334,70074,614
2022-04-01,Plumas,063,18699,2971,2803,364,3167,14
2022-04-01,Riverside,065,2383286,591277,590563,27723,618286,6418
2022-04-01,Sacramento,067,1510023,280976,276218,26522,302740,2950
2022-04-01,San Benito,069,59416,12963,12901,511,13412,98
2022-04-01,San Bernardino,071,2135413,574205,561362,24931,586293,6865
2022-04-01,San Diego,073,3302833,751341,752281,52729,805010,5178
2022-04-01,San Francisco,075,870044,125288,125075,8252,133327,843
2022-04-01,San Joaquin,077,732212,166726,166336,9910,176246,2202
2022-04-01,San Luis Obispo,079,281455,52474,52512,3752,56264,475
2022-04-01,San Mateo,081,765935,122103,120717,6939,127656,693
2022-04-01,Santa Barbara,083,443738,85787,85611,4694,90305,678
2022-04-01,Santa Clara,085,1922200,315890,312517,12308,324825,2258
2022-04-01,Santa Cruz,087,273765,47865,47371,2086,49457,259
2022-04-01,Shasta,089,179085,30548,30556,6088,36644,530
2022-04-01,Sierra,091,2930,274,273,48,321,4
2022-04-01,Siskiyou,093,43540,4431,4439,2717,7156,80
2022-04-01,Solano,095,438530,81542,81848,5578,87426,446
2022-04-01,Sonoma,097,501317,83595,83235,2623,85858,485
2022-04-01,Stanislaus,099,539301,117557,117536,17820,135356,1581
2022-04-01,Sutter,101,95872,20472,20570,2073,22643,222
2022-04-01,Tehama,103,63373,12038,12046,2572,14618,198
2022-04-01,Trinity,105,12862,1183,1173,287,1460,20
2022-04-01,Tulare,107,460477,106226,104736,27534,132270,1410
2022-04-01,Tuolumne,109,53932,12669,12618,558,13176,180
2022-04-01,Ventura,111,848112,173225,173044,9385,182429,1460
2022-04-01,Yolo,113,214977,36980,36347,3032,39379,313
2022-04-01,Yuba,115,75493,15832,15835,1199,17034,120
2022-03-31,Alameda,001,1643700,256889,255650,13952,269602,1813
2022-03-31,Alpine,003,1148,124,124,1,125,0
2022-03-31,Amador,005,37829,8525,8485,640,9125,86
2022-03-31,Butte,007,227075,33227,32981,6976,39957,396
2022-03-31,Calaveras,009,45235,7256,7254,349,7603,119
2022-03-31,Colusa,011,21464,3446,3445,1046,4491,21
2022-03-31,Contra Costa,013,1133247,192074,188658,13402,202060,1291
2022-03-31,Del Norte,015,27424,5805,5812,185,5997,50
2022-03-31,El Dorado,017,186661,26734,26732,3197,29929,200
2022-03-31,Fresno,019,978130,231754,230559,24157,254716,2722
2022-03-31,Glenn,021,27897,4997,4982,1600,6582,47
2022-03-31,Humboldt,023,135768,16874,16898,2946,19844,140
2022-03-31,Imperial,025,180216,55352,55266,10532,65798,908
2022-03-31,Inyo,027,18085,4071,4063,474,4537,56
2022-03-31,Kern,029,883053,191815,191384,45720,237104,2224
2022-03-31,Kings,031,150075,51464,51470,3515,54985,443
2022-03-31,Lake,033,64148,10695,10674,884,11558,136
2022-03-31,Lassen,035,31185,8954,8943,874,9817,65
2022-03-31,Los Angeles,037,10098052,2713081,2703576,123288,2826864,31410
2022-03-31,Madera,039,155013,37234,37333,6022,43355,354
2022-03-31,Marin,041,260295,33582,33493,2251,35744,287
2022-03-31,Mariposa,043,17540,2396,2391,200,2591,29
2022-03-31,Mendocino,045,87422,13064,13058,3016,16074,119
2022-03-31,Merced,047,269075,62417,62149,8687,70836,808
2022-03-31,Modoc,049,8938,736,741,250,991,8
2022-03-31,Mono,051,14174,2969,2967,121,3088,6
2022-03-31,Monterey,053,433212,79367,78964,13638,92602,726
2022-03-31,Napa,055,140530,25766,25757,937,26694,143
2022-03-31,Nevada,057,99092,15951,15962,1194,17156,123
2022-03-31,Orange,059,3164182,546593,546047,41352,587399,6880
2022-03-31,Placer,061,380077,62771,62740,7331,70071,614
2022-03-31,Plumas,063,18699,2971,2803,363,3166,14
2022-03-31,Riverside,065,2383286,591167,590563,27720,618283,6418
2022-03-31,Sacramento,067,1510023,280902,276218,26514,302732,2950
2022-03-31,San Benito,069,59416,12962,12901,511,13412,98
2022-03-31,San Bernardino,071,2135413,574108,561362,24920,586282,6865
2022-03-31,San Diego,073,3302833,751105,752281,52701,804982,5178
2022-03-31,San Francisco,075,870044,125131,125075,8240,133315,843
2022-03-31,San Joaquin,077,732212,166692,166336,9895,176231,2202
2022-03-31,San Luis Obispo,079,281455,52460,52512,3751,56263,475
2022-03-31,San Mateo,081,765935,121993,120717,6937,127654,693
2022-03-31,Santa Barbara,083,443738,85757,85611,4694,90305,678
2022-03-31,Santa Clara,085,1922200,315663,312517,12296,324813,2258
2022-03-31,Santa Cruz,087,273765,47846,47371,2084,49455,259
2022-03-31,Shasta,089,179085,30542,30556,6088,36644,530
2022-03-31,Sierra,091,2930,271,273,48,321,4
2022-03-31,Siskiyou,093,43540,4430,4439,2717,7156,80
2022-03-31,Solano,095,438530,81513,81848,5575,87423,446
2022-03-31,Sonoma,097,501317,83552,83235,2617,85852,485
2022-03-31,Stanislaus,099,539301,117540,117536,17815,135351,1581
2022-03-31,Sutter,101,95872,20469,20570,2072,22642,222
2022-03-31,Tehama,103,63373,12037,12046,2571,14617,198
2022-03-31,Trinity,105,12862,1183,1173,287,1460,20
2022-03-31,Tulare,107,460477,106216,104736,27526,132262,1410
2022-03-31,Tuolumne,109,53932,12668,12618,558,13176,180
2022-03-31,Ventura,111,848112,173185,173044,9382,182426,1460
2022-03-31,Yolo,113,214977,36964,36347,3032,39379,313
2022-03-31,Yuba,115,75493,15832,15835,1196,17031,120
2022-03-30,Alameda,001,1643700,256756,255467,13944,269411,1812
2022-03-30,Alpine,003,1148,124,124,1,125,0
2022-03-30,Amador,005,37829,8525,8485,640,9125,86
2022-03-30,Butte,007,227075,33222,32968,6970,39938,396
2022-03-30,Calaveras,009,45235,7254,7253,348,7601,119
2022-03-30,Colusa,011,21464,3446,3445,1046,4491,21
2022-03-30,Contra Costa,013,1133247,192013,188496,13391,201887,1291
2022-03-30,Del Norte,015,27424,5803,5808,185,5993,50
2022-03-30,El Dorado,017,186661,26726,26722,3197,29919,200
2022-03-30,Fresno,019,978130,231743,230448,24151,254599,2720
2022-03-30,Glenn,021,27897,4996,4982,1600,6582,47
2022-03-30,Humboldt,023,135768,16871,16894,2946,19840,140
2022-03-30,Imperial,025,180216,55348,55252,10529,65781,908
2022-03-30,Inyo,027,18085,4070,4062,472,4534,56
2022-03-30,Kern,029,883053,191787,191363,45715,237078,2219
2022-03-30,Kings,031,150075,51458,51446,3514,54960,443
2022-03-30,Lake,033,64148,10694,10674,884,11558,136
2022-03-30,Lassen,035,31185,8954,8943,874,9817,65
2022-03-30,Los Angeles,037,10098052,2712258,2702536,123233,2825769,31384
2022-03-30,Madera,039,155013,37228,37330,6021,43351,354
2022-03-30,Marin,041,260295,33562,33453,2232,35685,287
2022-03-30,Mariposa,043,17540,2396,2390,200,2590,27
2022-03-30,Mendocino,045,87422,13060,13055,3013,16068,118
2022-03-30,Merced,047,269075,62412,62136,8682,70818,808
2022-03-30,Modoc,049,8938,736,739,250,989,8
2022-03-30,Mono,051,14174,2968,2967,121,3088,6
2022-03-30,Monterey,053,433212,79350,78911,13631,92542,726
2022-03-30,Napa,055,140530,25754,25745,936,26681,141
2022-03-30,Nevada,057,99092,15948,15960,1192,17152,123
2022-03-30,Orange,059,3164182,546443,545895,41330,587225,6876
2022-03-30,Placer,061,380077,62756,62705,7327,70032,614
2022-03-30,Plumas,063,18699,2971,2762,361,3123,13
2022-03-30,Riverside,065,2383286,591084,590437,27707,618144,6411
2022-03-30,Sacramento,067,1510023,280834,276081,26507,302588,2949
2022-03-30,San Benito,069,59416,12958,12898,511,13409,98
2022-03-30,San Bernardino,071,2135413,574025,561153,24916,586069,6863
2022-03-30,San Diego,073,3302833,750874,751684,52674,804358,5169
2022-03-30,San Francisco,075,870044,125025,124930,8231,133161,841
2022-03-30,San Joaquin,077,732212,166663,166299,9889,176188,2201
2022-03-30,San Luis Obispo,079,281455,52446,52484,3747,56231,475
2022-03-30,San Mateo,081,765935,121893,120548,6937,127485,693
2022-03-30,Santa Barbara,083,443738,85735,85488,4691,90179,677
2022-03-30,Santa Clara,085,1922200,315481,312253,12276,324529,2258
2022-03-30,Santa Cruz,087,273765,47790,47340,2083,49423,259
2022-03-30,Shasta,089,179085,30539,30555,6088,36643,530
2022-03-30,Sierra,091,2930,271,273,48,321,4
2022-03-30,Siskiyou,093,43540,4430,4439,2717,7156,80
2022-03-30,Solano,095,438530,81494,81816,5571,87387,443
2022-03-30,Sonoma,097,501317,83515,83163,2616,85779,485
2022-03-30,Stanislaus,099,539301,117527,117593,17812,135405,1559
2022-03-30,Sutter,101,95872,20464,20565,2072,22637,222
2022-03-30,Tehama,103,63373,12036,12045,2570,14615,198
2022-03-30,Trinity,105,12862,1182,1173,287,1460,20
2022-03-30,Tulare,107,460477,106210,104667,27519,132186,1410
2022-03-30,Tuolumne,109,53932,12666,12616,558,13174,180
2022-03-30,Ventura,111,848112,173144,172984,9374,182358,1460
2022-03-30,Yolo,113,214977,36954,36325,3029,39354,313
2022-03-30,Yuba,115,75493,15830,15830,1196,17026,120
2022-03-29,Alameda,001,1643700,256631,255261,13934,269195,1810
2022-03-29,Alpine,003,1148,124,124,1,125,0
2022-03-29,Amador,005,37829,8525,8483,640,9123,86
2022-03-29,Butte,007,227075,33219,32954,6970,39924,396
2022-03-29,Calaveras,009,45235,7253,7250,347,7597,119
2022-03-29,Colusa,011,21464,3446,3445,1046,4491,21
2022-03-29,Contra Costa,013,1133247,191925,188359,13383,201742,1290
2022-03-29,Del Norte,015,27424,5803,5806,184,5990,50
2022-03-29,El Dorado,017,186661,26721,26706,3197,29903,200
2022-03-29,Fresno,019,978130,231715,230256,24147,254403,2718
2022-03-29,Glenn,021,27897,4996,4983,1600,6583,47
2022-03-29,Humboldt,023,135768,16868,16892,2943,19835,140
2022-03-29,Imperial,025,180216,55334,55233,10528,65761,908
2022-03-29,Inyo,027,18085,4068,4062,471,4533,56
2022-03-29,Kern,029,883053,191755,191338,45708,237046,2220
2022-03-29,Kings,031,150075,51451,51416,3513,54929,443
2022-03-29,Lake,033,64148,10690,10674,884,11558,136
2022-03-29,Lassen,035,31185,8953,8943,874,9817,65
2022-03-29,Los Angeles,037,10098052,2711427,2702005,123187,2825192,31378
2022-03-29,Madera,039,155013,37220,37325,6018,43343,354
2022-03-29,Marin,041,260295,33542,33431,2227,35658,287
2022-03-29,Mariposa,043,17540,2396,2388,200,2588,23
2022-03-29,Mendocino,045,87422,13056,13053,3012,16065,119
2022-03-29,Merced,047,269075,62399,62123,8681,70804,806
2022-03-29,Modoc,049,8938,734,737,250,987,8
2022-03-29,Mono,051,14174,2968,2966,121,3087,5
2022-03-29,Monterey,053,433212,79337,78774,13623,92397,725
2022-03-29,Napa,055,140530,25747,25732,936,26668,141
2022-03-29,Nevada,057,99092,15940,15956,1192,17148,123
2022-03-29,Orange,059,3164182,546295,545832,41314,587146,6871
2022-03-29,Placer,061,380077,62738,62687,7322,70009,614
2022-03-29,Plumas,063,18699,2969,2761,361,3122,13
2022-03-29,Riverside,065,2383286,590982,590359,27699,618058,6403
2022-03-29,Sacramento,067,1510023,280768,276040,26495,302535,2946
2022-03-29,San Benito,069,59416,12956,12892,511,13403,97
2022-03-29,San Bernardino,071,2135413,573929,561026,24908,585934,6860
2022-03-29,San Diego,073,3302833,750632,751240,52651,803891,5159
2022-03-29,San Francisco,075,870044,124874,124789,8225,133014,840
2022-03-29,San Joaquin,077,732212,166627,166241,9881,176122,2198
2022-03-29,San Luis Obispo,079,281455,52430,52455,3743,56198,472
2022-03-29,San Mateo,081,765935,121799,120435,6934,127369,686
2022-03-29,Santa Barbara,083,443738,85712,85464,4691,90155,676
2022-03-29,Santa Clara,085,1922200,315242,312067,12259,324326,2259
2022-03-29,Santa Cruz,087,273765,47770,47323,2082,49405,259
2022-03-29,Shasta,089,179085,30532,30552,6086,36638,529
2022-03-29,Sierra,091,2930,271,273,48,321,4
2022-03-29,Siskiyou,093,43540,4430,4439,2716,7155,80
2022-03-29,Solano,095,438530,81472,81713,5568,87281,441
2022-03-29,Sonoma,097,501317,83482,83130,2610,85740,485
2022-03-29,Stanislaus,099,539301,117508,117683,17806,135489,1559
2022-03-29,Sutter,101,95872,20462,20556,2071,22627,221
2022-03-29,Tehama,103,63373,12034,12045,2570,14615,198
2022-03-29,Trinity,105,12862,1182,1173,287,1460,20
2022-03-29,Tulare,107,460477,106205,104622,27514,132136,1406
2022-03-29,Tuolumne,109,53932,12664,12615,558,13173,180
2022-03-29,Ventura,111,848112,173089,172946,9373,182319,1460
2022-03-29,Yolo,113,214977,36941,36296,3028,39324,313
2022-03-29,Yuba,115,75493,15826,15824,1195,17019,117
2022-03-28,Alameda,001,1643700,256478,255192,13924,269116,1808
2022-03-28,Alpine,003,1148,124,124,1,125,0
2022-03-28,Amador,005,37829,8524,8480,640,9120,86
2022-03-28,Butte,007,227075,33202,32947,6970,39917,392
2022-03-28,Calaveras,009,45235,7253,7247,347,7594,119
2022-03-28,Colusa,011,21464,3446,3445,1046,4491,21
2022-03-28,Contra Costa,013,1133247,191845,188305,13378,201683,1290
2022-03-28,Del Norte,015,27424,5801,5834,184,6018,50
2022-03-28,El Dorado,017,186661,26714,26703,3195,29898,200
2022-03-28,Fresno,019,978130,231687,230144,24130,254274,2717
2022-03-28,Glenn,021,27897,4995,4983,1600,6583,47
2022-03-28,Humboldt,023,135768,16867,16916,2943,19859,140
2022-03-28,Imperial,025,180216,55324,55245,10528,65773,909
2022-03-28,Inyo,027,18085,4067,4062,471,4533,56
2022-03-28,Kern,029,883053,191729,191333,45699,237032,2212
2022-03-28,Kings,031,150075,51438,51405,3513,54918,443
2022-03-28,Lake,033,64148,10688,10673,884,11557,136
2022-03-28,Lassen,035,31185,8953,8946,874,9820,63
2022-03-28,Los Angeles,037,10098052,2710554,2700997,123148,2824145,31349
2022-03-28,Madera,039,155013,37216,37324,6018,43342,354
2022-03-28,Marin,041,260295,33517,33391,2222,35613,287
2022-03-28,Mariposa,043,17540,2395,2388,200,2588,23
2022-03-28,Mendocino,045,87422,13054,13046,3011,16057,118
2022-03-28,Merced,047,269075,62389,62116,8676,70792,805
2022-03-28,Modoc,049,8938,733,736,250,986,7
2022-03-28,Mono,051,14174,2968,2966,121,3087,5
2022-03-28,Monterey,053,433212,79304,78784,13619,92403,724
2022-03-28,Napa,055,140530,25741,25723,935,26658,140
2022-03-28,Nevada,057,99092,15938,15969,1192,17161,123
2022-03-28,Orange,059,3164182,546166,545700,41288,586988,6860
2022-03-28,Placer,061,380077,62718,62687,7321,70008,613
2022-03-28,Plumas,063,18699,2968,2760,361,3121,13
2022-03-28,Riverside,065,2383286,590882,590298,27691,617989,6397
2022-03-28,Sacramento,067,1510023,280699,275889,26483,302372,2946
2022-03-28,San Benito,069,59416,12956,12889,511,13400,97
2022-03-28,San Bernardino,071,2135413,573847,560836,24897,585733,6858
2022-03-28,San Diego,073,3302833,750393,750659,52617,803276,5155
2022-03-28,San Francisco,075,870044,124734,124678,8215,132893,839
2022-03-28,San Joaquin,077,732212,166595,166247,9879,176126,2196
2022-03-28,San Luis Obispo,079,281455,52405,52434,3740,56174,470
2022-03-28,San Mateo,081,765935,121685,120337,6927,127264,686
2022-03-28,Santa Barbara,083,443738,85684,85442,4689,90131,675
2022-03-28,Santa Clara,085,1922200,315013,311953,12250,324203,2257
2022-03-28,Santa Cruz,087,273765,47737,47324,2082,49406,259
2022-03-28,Shasta,089,179085,30531,30550,6085,36635,527
2022-03-28,Sierra,091,2930,271,273,48,321,4
2022-03-28,Siskiyou,093,43540,4429,4438,2716,7154,80
2022-03-28,Solano,095,438530,81444,81704,5563,87267,441
2022-03-28,Sonoma,097,501317,83436,83105,2605,85710,485
2022-03-28,Stanislaus,099,539301,117496,117783,17801,135584,1562
2022-03-28,Sutter,101,95872,20456,20549,2071,22620,221
2022-03-28,Tehama,103,63373,12034,12041,2570,14611,200
2022-03-28,Trinity,105,12862,1182,1173,287,1460,20
2022-03-28,Tulare,107,460477,106193,104576,27508,132084,1404
2022-03-28,Tuolumne,109,53932,12664,12627,558,13185,180
2022-03-28,Ventura,111,848112,173050,172867,9372,182239,1455
2022-03-28,Yolo,113,214977,36923,36282,3026,39308,312
2022-03-28,Yuba,115,75493,15825,15821,1193,17014,117
2022-03-27,Alameda,001,1643700,256290,255132,13915,269047,1809
2022-03-27,Alpine,003,1148,124,124,1,125,0
2022-03-27,Amador,005,37829,8521,8480,640,9120,86
2022-03-27,Butte,007,227075,33189,32943,6964,39907,392
2022-03-27,Calaveras,009,45235,7251,7245,347,7592,119
2022-03-27,Colusa,011,21464,3446,3445,1046,4491,21
2022-03-27,Contra Costa,013,1133247,191730,188251,13361,201612,1290
2022-03-27,Del Norte,015,27424,5800,5836,184,6020,50
2022-03-27,El Dorado,017,186661,26700,26699,3192,29891,200
2022-03-27,Fresno,019,978130,231640,230049,24112,254161,2717
2022-03-27,Glenn,021,27897,4993,4983,1600,6583,47
2022-03-27,Humboldt,023,135768,16863,16920,2943,19863,140
2022-03-27,Imperial,025,180216,55311,55240,10527,65767,909
2022-03-27,Inyo,027,18085,4066,4062,469,4531,56
2022-03-27,Kern,029,883053,191691,191332,45693,237025,2213
2022-03-27,Kings,031,150075,51429,51400,3513,54913,443
2022-03-27,Lake,033,64148,10687,10672,883,11555,136
2022-03-27,Lassen,035,31185,8953,8946,874,9820,63
2022-03-27,Los Angeles,037,10098052,2709738,2700983,123101,2824084,31348
2022-03-27,Madera,039,155013,37212,37323,6016,43339,354
2022-03-27,Marin,041,260295,33480,33391,2212,35603,287
2022-03-27,Mariposa,043,17540,2395,2390,200,2590,23
2022-03-27,Mendocino,045,87422,13050,13046,3009,16055,118
2022-03-27,Merced,047,269075,62379,62110,8675,70785,805
2022-03-27,Modoc,049,8938,732,736,248,984,7
2022-03-27,Mono,051,14174,2968,2966,121,3087,5
2022-03-27,Monterey,053,433212,79283,78778,13607,92385,724
2022-03-27,Napa,055,140530,25725,25723,935,26658,140
2022-03-27,Nevada,057,99092,15934,15967,1190,17157,123
2022-03-27,Orange,059,3164182,546032,545644,41254,586898,6860
2022-03-27,Placer,061,380077,62700,62680,7320,70000,613
2022-03-27,Plumas,063,18699,2967,2760,359,3119,13
2022-03-27,Riverside,065,2383286,590796,590251,27680,617931,6395
2022-03-27,Sacramento,067,1510023,280618,275854,26476,302330,2941
2022-03-27,San Benito,069,59416,12951,12889,510,13399,97
2022-03-27,San Bernardino,071,2135413,573730,560853,24895,585748,6862
2022-03-27,San Diego,073,3302833,750137,750659,52594,803253,5155
2022-03-27,San Francisco,075,870044,124547,124619,8204,132823,839
2022-03-27,San Joaquin,077,732212,166559,166238,9875,176113,2196
2022-03-27,San Luis Obispo,079,281455,52384,52430,3738,56168,470
2022-03-27,San Mateo,081,765935,121581,120324,6921,127245,686
2022-03-27,Santa Barbara,083,443738,85648,85434,4687,90121,675
2022-03-27,Santa Clara,085,1922200,314802,311822,12243,324065,2257
2022-03-27,Santa Cruz,087,273765,47704,47321,2080,49401,259
2022-03-27,Shasta,089,179085,30527,30550,6083,36633,527
2022-03-27,Sierra,091,2930,271,273,48,321,4
2022-03-27,Siskiyou,093,43540,4429,4436,2715,7151,80
2022-03-27,Solano,095,438530,81402,81691,5560,87251,441
2022-03-27,Sonoma,097,501317,83383,83088,2601,85689,485
2022-03-27,Stanislaus,099,539301,117476,117778,17798,135576,1562
2022-03-27,Sutter,101,95872,20450,20545,2071,22616,221
2022-03-27,Tehama,103,63373,12034,12040,2570,14610,200
2022-03-27,Trinity,105,12862,1182,1173,287,1460,20
2022-03-27,Tulare,107,460477,106184,104582,27499,132081,1404
2022-03-27,Tuolumne,109,53932,12663,12628,558,13186,180
2022-03-27,Ventura,111,848112,173005,172831,9370,182201,1455
2022-03-27,Yolo,113,214977,36902,36232,3023,39255,312
2022-03-27,Yuba,115,75493,15822,15821,1186,17007,117
2022-03-26,Alameda,001,1643700,256210,254691,13914,268605,1803
2022-03-26,Alpine,003,1148,124,124,1,125,0
2022-03-26,Amador,005,37829,8521,8476,640,9116,86
2022-03-26,Butte,007,227075,33185,32929,6962,39891,391
2022-03-26,Calaveras,009,45235,7249,7240,347,7587,120
2022-03-26,Colusa,011,21464,3444,3445,1046,4491,21
2022-03-26,Contra Costa,013,1133247,191677,187990,13358,201348,1285
2022-03-26,Del Norte,015,27424,5798,5831,184,6015,50
2022-03-26,El Dorado,017,186661,26692,26674,3190,29864,200
2022-03-26,Fresno,019,978130,231617,229799,24111,253910,2710
2022-03-26,Glenn,021,27897,4992,4978,1600,6578,47
2022-03-26,Humboldt,023,135768,16859,16911,2943,19854,139
2022-03-26,Imperial,025,180216,55305,55230,10526,65756,913
2022-03-26,Inyo,027,18085,4066,4060,468,4528,56
2022-03-26,Kern,029,883053,191678,191288,45689,236977,2201
2022-03-26,Kings,031,150075,51428,51397,3513,54910,444
2022-03-26,Lake,033,64148,10687,10659,883,11542,136
2022-03-26,Lassen,035,31185,8953,8944,874,9818,63
2022-03-26,Los Angeles,037,10098052,2709282,2698028,123060,2821088,31291
2022-03-26,Madera,039,155013,37209,37321,6014,43335,354
2022-03-26,Marin,041,260295,33469,33317,2208,35525,287
2022-03-26,Mariposa,043,17540,2395,2386,200,2586,23
2022-03-26,Mendocino,045,87422,13046,13038,3009,16047,118
2022-03-26,Merced,047,269075,62373,62083,8673,70756,805
2022-03-26,Modoc,049,8938,732,736,248,984,7
2022-03-26,Mono,051,14174,2968,2966,121,3087,5
2022-03-26,Monterey,053,433212,79276,78688,13605,92293,724
2022-03-26,Napa,055,140530,25721,25701,935,26636,139
2022-03-26,Nevada,057,99092,15930,15960,1190,17150,123
2022-03-26,Orange,059,3164182,545955,545294,41243,586537,6853
2022-03-26,Placer,061,380077,62688,62634,7316,69950,613
2022-03-26,Plumas,063,18699,2967,2758,358,3116,13
2022-03-26,Riverside,065,2383286,590727,590060,27679,617739,6397
2022-03-26,Sacramento,067,1510023,280584,275529,26474,302003,2935
2022-03-26,San Benito,069,59416,12951,12885,510,13395,97
2022-03-26,San Bernardino,071,2135413,573670,560742,24891,585633,6840
2022-03-26,San Diego,073,3302833,750013,750170,52587,802757,5146
2022-03-26,San Francisco,075,870044,124441,124265,8198,132463,839
2022-03-26,San Joaquin,077,732212,166538,166079,9874,175953,2195
2022-03-26,San Luis Obispo,079,281455,52378,52369,3738,56107,469
2022-03-26,San Mateo,081,765935,121522,120165,6913,127078,684
2022-03-26,Santa Barbara,083,443738,85628,85477,4685,90162,674
2022-03-26,Santa Clara,085,1922200,314644,311189,12236,323425,2250
2022-03-26,Santa Cruz,087,273765,47693,47329,2080,49409,259
2022-03-26,Shasta,089,179085,30526,30542,6082,36624,527
2022-03-26,Sierra,091,2930,271,273,48,321,4
2022-03-26,Siskiyou,093,43540,4428,4433,2715,7148,80
2022-03-26,Solano,095,438530,81393,81659,5560,87219,441
2022-03-26,Sonoma,097,501317,83353,83113,2596,85709,485
2022-03-26,Stanislaus,099,539301,117469,117962,17797,135759,1565
2022-03-26,Sutter,101,95872,20448,20536,2071,22607,221
2022-03-26,Tehama,103,63373,12034,12036,2569,14605,195
2022-03-26,Trinity,105,12862,1182,1174,287,1461,20
2022-03-26,Tulare,107,460477,106177,104538,27498,132036,1400
2022-03-26,Tuolumne,109,53932,12661,12628,558,13186,180
2022-03-26,Ventura,111,848112,172964,172690,9366,182056,1455
2022-03-26,Yolo,113,214977,36893,36234,3023,39257,311
2022-03-26,Yuba,115,75493,15821,15807,1186,16993,117
2022-03-25,Alameda,001,1643700,256147,254691,13911,268602,1803
2022-03-25,Alpine,003,1148,124,124,1,125,0
2022-03-25,Amador,005,37829,8520,8476,640,9116,86
2022-03-25,Butte,007,227075,33180,32929,6962,39891,391
2022-03-25,Calaveras,009,45235,7248,7240,347,7587,120
2022-03-25,Colusa,011,21464,3444,3445,1046,4491,21
2022-03-25,Contra Costa,013,1133247,191630,187990,13355,201345,1285
2022-03-25,Del Norte,015,27424,5798,5831,184,6015,50
2022-03-25,El Dorado,017,186661,26688,26674,3190,29864,200
2022-03-25,Fresno,019,978130,231588,229799,24103,253902,2710
2022-03-25,Glenn,021,27897,4992,4978,1600,6578,47
2022-03-25,Humboldt,023,135768,16859,16911,2943,19854,139
2022-03-25,Imperial,025,180216,55300,55230,10525,65755,913
2022-03-25,Inyo,027,18085,4065,4060,468,4528,56
2022-03-25,Kern,029,883053,191668,191288,45688,236976,2201
2022-03-25,Kings,031,150075,51427,51397,3513,54910,444
2022-03-25,Lake,033,64148,10687,10659,883,11542,136
2022-03-25,Lassen,035,31185,8952,8944,874,9818,63
2022-03-25,Los Angeles,037,10098052,2708856,2698028,123028,2821056,31291
2022-03-25,Madera,039,155013,37208,37321,6013,43334,354
2022-03-25,Marin,041,260295,33454,33317,2199,35516,287
2022-03-25,Mariposa,043,17540,2395,2386,200,2586,23
2022-03-25,Mendocino,045,87422,13046,13038,3009,16047,118
2022-03-25,Merced,047,269075,62367,62083,8672,70755,805
2022-03-25,Modoc,049,8938,732,736,248,984,7
2022-03-25,Mono,051,14174,2967,2966,121,3087,5
2022-03-25,Monterey,053,433212,79265,78688,13602,92290,724
2022-03-25,Napa,055,140530,25714,25701,935,26636,139
2022-03-25,Nevada,057,99092,15929,15960,1190,17150,123
2022-03-25,Orange,059,3164182,545881,545294,41227,586521,6853
2022-03-25,Placer,061,380077,62682,62634,7313,69947,613
2022-03-25,Plumas,063,18699,2966,2758,358,3116,13
2022-03-25,Riverside,065,2383286,590667,590060,27668,617728,6397
2022-03-25,Sacramento,067,1510023,280542,275529,26472,302001,2935
2022-03-25,San Benito,069,59416,12951,12885,510,13395,97
2022-03-25,San Bernardino,071,2135413,573630,560742,24888,585630,6840
2022-03-25,San Diego,073,3302833,749890,750170,52576,802746,5146
2022-03-25,San Francisco,075,870044,124360,124265,8185,132450,839
2022-03-25,San Joaquin,077,732212,166524,166079,9871,175950,2195
2022-03-25,San Luis Obispo,079,281455,52375,52369,3737,56106,469
2022-03-25,San Mateo,081,765935,121470,120165,6913,127078,684
2022-03-25,Santa Barbara,083,443738,85613,85477,4683,90160,674
2022-03-25,Santa Clara,085,1922200,314493,311189,12231,323420,2250
2022-03-25,Santa Cruz,087,273765,47685,47329,2080,49409,259
2022-03-25,Shasta,089,179085,30522,30542,6081,36623,527
2022-03-25,Sierra,091,2930,271,273,48,321,4
2022-03-25,Siskiyou,093,43540,4426,4433,2713,7146,80
2022-03-25,Solano,095,438530,81379,81659,5558,87217,441
2022-03-25,Sonoma,097,501317,83316,83113,2596,85709,485
2022-03-25,Stanislaus,099,539301,117455,117962,17796,135758,1565
2022-03-25,Sutter,101,95872,20443,20536,2071,22607,221
2022-03-25,Tehama,103,63373,12032,12036,2569,14605,195
2022-03-25,Trinity,105,12862,1182,1174,287,1461,20
2022-03-25,Tulare,107,460477,106173,104538,27498,132036,1400
2022-03-25,Tuolumne,109,53932,12660,12628,558,13186,180
2022-03-25,Ventura,111,848112,172926,172690,9366,182056,1455
2022-03-25,Yolo,113,214977,36881,36234,3022,39256,311
2022-03-25,Yuba,115,75493,15816,15807,1185,16992,117
2022-03-24,Alameda,001,1643700,256030,254691,13895,268586,1803
2022-03-24,Alpine,003,1148,124,124,1,125,0
2022-03-24,Amador,005,37829,8520,8476,640,9116,86
2022-03-24,Butte,007,227075,33174,32929,6962,39891,391
2022-03-24,Calaveras,009,45235,7246,7240,347,7587,120
2022-03-24,Colusa,011,21464,3444,3445,1046,4491,21
2022-03-24,Contra Costa,013,1133247,191551,187990,13352,201342,1285
2022-03-24,Del Norte,015,27424,5794,5831,184,6015,50
2022-03-24,El Dorado,017,186661,26678,26674,3190,29864,200
2022-03-24,Fresno,019,978130,231546,229799,24093,253892,2710
2022-03-24,Glenn,021,27897,4991,4978,1600,6578,47
2022-03-24,Humboldt,023,135768,16854,16911,2941,19852,139
2022-03-24,Imperial,025,180216,55293,55230,10525,65755,913
2022-03-24,Inyo,027,18085,4064,4060,468,4528,56
2022-03-24,Kern,029,883053,191658,191288,45686,236974,2201
2022-03-24,Kings,031,150075,51418,51397,3511,54908,444
2022-03-24,Lake,033,64148,10686,10659,883,11542,136
2022-03-24,Lassen,035,31185,8951,8944,874,9818,63
2022-03-24,Los Angeles,037,10098052,2708282,2698028,122983,2821011,31291
2022-03-24,Madera,039,155013,37206,37321,6011,43332,354
2022-03-24,Marin,041,260295,33433,33317,2190,35507,287
2022-03-24,Mariposa,043,17540,2395,2386,200,2586,23
2022-03-24,Mendocino,045,87422,13040,13038,3006,16044,118
2022-03-24,Merced,047,269075,62360,62083,8671,70754,805
2022-03-24,Modoc,049,8938,732,736,248,984,7
2022-03-24,Mono,051,14174,2967,2966,121,3087,5
2022-03-24,Monterey,053,433212,79239,78688,13588,92276,724
2022-03-24,Napa,055,140530,25705,25701,935,26636,139
2022-03-24,Nevada,057,99092,15925,15960,1189,17149,123
2022-03-24,Orange,059,3164182,545779,545294,41212,586506,6853
2022-03-24,Placer,061,380077,62662,62634,7312,69946,613
2022-03-24,Plumas,063,18699,2966,2758,358,3116,13
2022-03-24,Riverside,065,2383286,590590,590060,27660,617720,6397
2022-03-24,Sacramento,067,1510023,280473,275529,26467,301996,2935
2022-03-24,San Benito,069,59416,12950,12885,509,13394,97
2022-03-24,San Bernardino,071,2135413,573547,560742,24884,585626,6840
2022-03-24,San Diego,073,3302833,749683,750170,52563,802733,5146
2022-03-24,San Francisco,075,870044,124278,124265,8179,132444,839
2022-03-24,San Joaquin,077,732212,166497,166079,9871,175950,2195
2022-03-24,San Luis Obispo,079,281455,52359,52369,3736,56105,469
2022-03-24,San Mateo,081,765935,121422,120165,6909,127074,684
2022-03-24,Santa Barbara,083,443738,85598,85477,4680,90157,674
2022-03-24,Santa Clara,085,1922200,314346,311189,12214,323403,2250
2022-03-24,Santa Cruz,087,273765,47667,47329,2079,49408,259
2022-03-24,Shasta,089,179085,30514,30542,6081,36623,527
2022-03-24,Sierra,091,2930,271,273,48,321,4
2022-03-24,Siskiyou,093,43540,4424,4433,2713,7146,80
2022-03-24,Solano,095,438530,81360,81659,5557,87216,441
2022-03-24,Sonoma,097,501317,83281,83113,2594,85707,485
2022-03-24,Stanislaus,099,539301,117447,117962,17793,135755,1565
2022-03-24,Sutter,101,95872,20438,20536,2071,22607,221
2022-03-24,Tehama,103,63373,12030,12036,2568,14604,195
2022-03-24,Trinity,105,12862,1182,1174,287,1461,20
2022-03-24,Tulare,107,460477,106162,104538,27493,132031,1400
2022-03-24,Tuolumne,109,53932,12658,12628,558,13186,180
2022-03-24,Ventura,111,848112,172883,172690,9365,182055,1455
2022-03-24,Yolo,113,214977,36875,36234,3018,39252,311
2022-03-24,Yuba,115,75493,15812,15807,1183,16990,117
2022-03-23,Alameda,001,1643700,255897,254559,13884,268443,1802
2022-03-23,Alpine,003,1148,124,124,1,125,0
2022-03-23,Amador,005,37829,8520,8475,640,9115,86
2022-03-23,Butte,007,227075,33159,32920,6961,39881,387
2022-03-23,Calaveras,009,45235,7241,7237,347,7584,120
2022-03-23,Colusa,011,21464,3443,3444,1046,4490,21
2022-03-23,Contra Costa,013,1133247,191453,187898,13341,201239,1279
2022-03-23,Del Norte,015,27424,5792,5830,184,6014,50
2022-03-23,El Dorado,017,186661,26672,26670,3190,29860,200
2022-03-23,Fresno,019,978130,231510,229656,24080,253736,2710
2022-03-23,Glenn,021,27897,4991,4975,1600,6575,47
2022-03-23,Humboldt,023,135768,16853,16908,2940,19848,139
2022-03-23,Imperial,025,180216,55287,55211,10524,65735,909
2022-03-23,Inyo,027,18085,4064,4060,468,4528,56
2022-03-23,Kern,029,883053,191641,191241,45681,236922,2196
2022-03-23,Kings,031,150075,51407,51384,3511,54895,442
2022-03-23,Lake,033,64148,10682,10658,882,11540,135
2022-03-23,Lassen,035,31185,8950,8944,873,9817,63
2022-03-23,Los Angeles,037,10098052,2707601,2697227,122954,2820181,31267
2022-03-23,Madera,039,155013,37201,37317,6009,43326,354
2022-03-23,Marin,041,260295,33407,33274,2185,35459,287
2022-03-23,Mariposa,043,17540,2393,2382,199,2581,11
2022-03-23,Mendocino,045,87422,13036,13033,3005,16038,118
2022-03-23,Merced,047,269075,62349,62056,8668,70724,805
2022-03-23,Modoc,049,8938,732,736,248,984,7
2022-03-23,Mono,051,14174,2967,2966,121,3087,5
2022-03-23,Monterey,053,433212,79222,78655,13564,92219,724
2022-03-23,Napa,055,140530,25692,25691,933,26624,139
2022-03-23,Nevada,057,99092,15923,15958,1189,17147,123
2022-03-23,Orange,059,3164182,545648,545158,41199,586357,6852
2022-03-23,Placer,061,380077,62643,62622,7310,69932,613
2022-03-23,Plumas,063,18699,2966,2747,358,3105,13
2022-03-23,Riverside,065,2383286,590517,589947,27655,617602,6388
2022-03-23,Sacramento,067,1510023,280410,275398,26459,301857,2934
2022-03-23,San Benito,069,59416,12949,12884,509,13393,97
2022-03-23,San Bernardino,071,2135413,573474,560550,24880,585430,6828
2022-03-23,San Diego,073,3302833,749490,749871,52540,802411,5143
2022-03-23,San Francisco,075,870044,124165,124110,8172,132282,838
2022-03-23,San Joaquin,077,732212,166460,166041,9864,175905,2187
2022-03-23,San Luis Obispo,079,281455,52342,52344,3731,56075,469
2022-03-23,San Mateo,081,765935,121338,120080,6899,126979,685
2022-03-23,Santa Barbara,083,443738,85581,85464,4679,90143,673
2022-03-23,Santa Clara,085,1922200,314180,310956,12202,323158,2250
2022-03-23,Santa Cruz,087,273765,47648,47314,2075,49389,259
2022-03-23,Shasta,089,179085,30510,30524,6080,36604,526
2022-03-23,Sierra,091,2930,271,273,48,321,4
2022-03-23,Siskiyou,093,43540,4424,4433,2713,7146,80
2022-03-23,Solano,095,438530,81326,81615,5556,87171,441
2022-03-23,Sonoma,097,501317,83248,83074,2591,85665,482
2022-03-23,Stanislaus,099,539301,117430,118041,17790,135831,1568
2022-03-23,Sutter,101,95872,20435,20532,2071,22603,218
2022-03-23,Tehama,103,63373,12027,12035,2568,14603,195
2022-03-23,Trinity,105,12862,1182,1174,287,1461,20
2022-03-23,Tulare,107,460477,106145,104489,27488,131977,1394
2022-03-23,Tuolumne,109,53932,12657,12629,558,13187,180
2022-03-23,Ventura,111,848112,172835,172647,9363,182010,1455
2022-03-23,Yolo,113,214977,36855,36197,3016,39213,308
2022-03-23,Yuba,115,75493,15805,15801,1182,16983,117
2022-03-22,Alameda,001,1643700,255774,254467,13586,268053,1802
2022-03-22,Alpine,003,1148,124,122,1,123,0
2022-03-22,Amador,005,37829,8519,8462,639,9101,86
2022-03-22,Butte,007,227075,33149,32907,6957,39864,387
2022-03-22,Calaveras,009,45235,7239,7237,347,7584,120
2022-03-22,Colusa,011,21464,3442,3445,1046,4491,21
2022-03-22,Contra Costa,013,1133247,191377,187813,13320,201133,1279
2022-03-22,Del Norte,015,27424,5786,5824,184,6008,50
2022-03-22,El Dorado,017,186661,26665,26661,3190,29851,200
2022-03-22,Fresno,019,978130,231461,229551,24071,253622,2708
2022-03-22,Glenn,021,27897,4989,4971,1600,6571,47
2022-03-22,Humboldt,023,135768,16850,16911,2940,19851,139
2022-03-22,Imperial,025,180216,55275,55170,10521,65691,908
2022-03-22,Inyo,027,18085,4064,4060,468,4528,56
2022-03-22,Kern,029,883053,191618,191213,45673,236886,2195
2022-03-22,Kings,031,150075,51396,51369,3510,54879,442
2022-03-22,Lake,033,64148,10680,10657,881,11538,135
2022-03-22,Lassen,035,31185,8950,8940,873,9813,63
2022-03-22,Los Angeles,037,10098052,2706933,2696746,122907,2819653,31250
2022-03-22,Madera,039,155013,37198,37304,6006,43310,354
2022-03-22,Marin,041,260295,33382,33253,2181,35434,287
2022-03-22,Mariposa,043,17540,2391,2382,199,2581,6
2022-03-22,Mendocino,045,87422,13031,13030,3003,16033,118
2022-03-22,Merced,047,269075,62338,62056,8664,70720,805
2022-03-22,Modoc,049,8938,732,735,248,983,7
2022-03-22,Mono,051,14174,2967,2963,121,3084,5
2022-03-22,Monterey,053,433212,79205,78614,13554,92168,724
2022-03-22,Napa,055,140530,25682,25688,932,26620,139
2022-03-22,Nevada,057,99092,15915,15950,1189,17139,123
2022-03-22,Orange,059,3164182,545506,545075,41182,586257,6843
2022-03-22,Placer,061,380077,62630,62604,7308,69912,610
2022-03-22,Plumas,063,18699,2965,2744,358,3102,13
2022-03-22,Riverside,065,2383286,590442,589816,27652,617468,6383
2022-03-22,Sacramento,067,1510023,280334,275374,26448,301822,2927
2022-03-22,San Benito,069,59416,12948,12884,508,13392,97
2022-03-22,San Bernardino,071,2135413,573392,560371,24860,585231,6811
2022-03-22,San Diego,073,3302833,749292,749647,52520,802167,5141
2022-03-22,San Francisco,075,870044,124058,123998,8166,132164,838
2022-03-22,San Joaquin,077,732212,166432,165992,9861,175853,2187
2022-03-22,San Luis Obispo,079,281455,52334,52257,3731,55988,465
2022-03-22,San Mateo,081,765935,121265,119975,6896,126871,686
2022-03-22,Santa Barbara,083,443738,85564,85457,4678,90135,672
2022-03-22,Santa Clara,085,1922200,314004,310787,12190,322977,2249
2022-03-22,Santa Cruz,087,273765,47628,47287,2074,49361,259
2022-03-22,Shasta,089,179085,30504,30528,6080,36608,525
2022-03-22,Sierra,091,2930,271,273,48,321,4
2022-03-22,Siskiyou,093,43540,4424,4429,2712,7141,80
2022-03-22,Solano,095,438530,81303,81587,5553,87140,440
2022-03-22,Sonoma,097,501317,83219,83042,2588,85630,482
2022-03-22,Stanislaus,099,539301,117413,118025,17786,135811,1568
2022-03-22,Sutter,101,95872,20434,20525,2068,22593,218
2022-03-22,Tehama,103,63373,12025,12034,2568,14602,162
2022-03-22,Trinity,105,12862,1182,1174,287,1461,20
2022-03-22,Tulare,107,460477,106134,104431,27480,131911,1391
2022-03-22,Tuolumne,109,53932,12657,12628,558,13186,180
2022-03-22,Ventura,111,848112,172786,172590,9361,181951,1455
2022-03-22,Yolo,113,214977,36835,36184,3015,39199,308
2022-03-22,Yuba,115,75493,15802,15795,1181,16976,117
2022-03-21,Alameda,001,1643700,255546,254354,13578,267932,1799
2022-03-21,Alpine,003,1148,124,122,1,123,0
2022-03-21,Amador,005,37829,8516,8461,638,9099,85
2022-03-21,Butte,007,227075,33138,32895,6954,39849,385
2022-03-21,Calaveras,009,45235,7238,7237,347,7584,119
2022-03-21,Colusa,011,21464,3442,3445,1046,4491,21
2022-03-21,Contra Costa,013,1133247,191313,187509,13305,200814,1276
2022-03-21,Del Norte,015,27424,5785,5824,184,6008,50
2022-03-21,El Dorado,017,186661,26654,26610,3190,29800,199
2022-03-21,Fresno,019,978130,231413,229374,24063,253437,2707
2022-03-21,Glenn,021,27897,4987,4972,1595,6567,46
2022-03-21,Humboldt,023,135768,16840,16912,2927,19839,139
2022-03-21,Imperial,025,180216,55262,55133,10520,65653,908
2022-03-21,Inyo,027,18085,4063,4060,468,4528,56
2022-03-21,Kern,029,883053,191585,191184,45667,236851,2187
2022-03-21,Kings,031,150075,51382,51366,3508,54874,441
2022-03-21,Lake,033,64148,10678,10655,881,11536,135
2022-03-21,Lassen,035,31185,8949,8939,873,9812,63
2022-03-21,Los Angeles,037,10098052,2706070,2694711,122858,2817569,31218
2022-03-21,Madera,039,155013,37192,37288,6003,43291,354
2022-03-21,Marin,041,260295,33338,33242,2176,35418,287
2022-03-21,Mariposa,043,17540,2390,2383,198,2581,6
2022-03-21,Mendocino,045,87422,13023,13028,3001,16029,118
2022-03-21,Merced,047,269075,62325,62048,8659,70707,803
2022-03-21,Modoc,049,8938,730,734,248,982,7
2022-03-21,Mono,051,14174,2967,2962,121,3083,5
2022-03-21,Monterey,053,433212,79156,78572,13541,92113,724
2022-03-21,Napa,055,140530,25674,25684,930,26614,138
2022-03-21,Nevada,057,99092,15911,15963,1188,17151,123
2022-03-21,Orange,059,3164182,545353,544943,41165,586108,6841
2022-03-21,Placer,061,380077,62611,62550,7307,69857,610
2022-03-21,Plumas,063,18699,2965,2744,358,3102,13
2022-03-21,Riverside,065,2383286,590361,589707,27648,617355,6376
2022-03-21,Sacramento,067,1510023,280244,275334,26433,301767,2925
2022-03-21,San Benito,069,59416,12942,12872,508,13380,97
2022-03-21,San Bernardino,071,2135413,573304,560210,24847,585057,6807
2022-03-21,San Diego,073,3302833,749068,748833,52500,801333,5138
2022-03-21,San Francisco,075,870044,123890,123912,8157,132069,835
2022-03-21,San Joaquin,077,732212,166405,165939,9858,175797,2185
2022-03-21,San Luis Obispo,079,281455,52309,52219,3726,55945,463
2022-03-21,San Mateo,081,765935,121106,119899,6894,126793,684
2022-03-21,Santa Barbara,083,443738,85549,85416,4676,90092,672
2022-03-21,Santa Clara,085,1922200,313743,310509,12187,322696,2245
2022-03-21,Santa Cruz,087,273765,47592,47267,2073,49340,259
2022-03-21,Shasta,089,179085,30498,30523,6078,36601,525
2022-03-21,Sierra,091,2930,271,273,48,321,4
2022-03-21,Siskiyou,093,43540,4424,4426,2712,7138,80
2022-03-21,Solano,095,438530,81275,81399,5552,86951,441
2022-03-21,Sonoma,097,501317,83180,82979,2583,85562,482
2022-03-21,Stanislaus,099,539301,117380,118144,17784,135928,1571
2022-03-21,Sutter,101,95872,20431,20523,2056,22579,218
2022-03-21,Tehama,103,63373,12021,12030,2568,14598,160
2022-03-21,Trinity,105,12862,1182,1174,287,1461,20
2022-03-21,Tulare,107,460477,106114,104350,27475,131825,1389
2022-03-21,Tuolumne,109,53932,12657,12620,558,13178,180
2022-03-21,Ventura,111,848112,172716,172537,9357,181894,1452
2022-03-21,Yolo,113,214977,36819,36141,3013,39154,307
2022-03-21,Yuba,115,75493,15799,15790,1180,16970,117
2022-03-20,Alameda,001,1643700,255409,254293,13568,267861,1801
2022-03-20,Alpine,003,1148,122,122,1,123,0
2022-03-20,Amador,005,37829,8513,8460,638,9098,85
2022-03-20,Butte,007,227075,33123,32892,6950,39842,385
2022-03-20,Calaveras,009,45235,7238,7233,344,7577,119
2022-03-20,Colusa,011,21464,3442,3446,1046,4492,21
2022-03-20,Contra Costa,013,1133247,191210,187467,13295,200762,1276
2022-03-20,Del Norte,015,27424,5783,5821,184,6005,50
2022-03-20,El Dorado,017,186661,26646,26608,3190,29798,199
2022-03-20,Fresno,019,978130,231335,229297,24052,253349,2707
2022-03-20,Glenn,021,27897,4986,4972,1595,6567,46
2022-03-20,Humboldt,023,135768,16838,16913,2925,19838,139
2022-03-20,Imperial,025,180216,55251,55133,10519,65652,908
2022-03-20,Inyo,027,18085,4063,4060,468,4528,56
2022-03-20,Kern,029,883053,191543,191170,45662,236832,2187
2022-03-20,Kings,031,150075,51371,51360,3508,54868,441
2022-03-20,Lake,033,64148,10674,10652,881,11533,135
2022-03-20,Lassen,035,31185,8947,8938,873,9811,63
2022-03-20,Los Angeles,037,10098052,2705273,2694698,122815,2817513,31219
2022-03-20,Madera,039,155013,37187,37284,6000,43284,354
2022-03-20,Marin,041,260295,33322,33232,2175,35407,275
2022-03-20,Mariposa,043,17540,2390,2383,198,2581,6
2022-03-20,Mendocino,045,87422,13016,13027,2996,16023,118
2022-03-20,Merced,047,269075,62313,62041,8655,70696,803
2022-03-20,Modoc,049,8938,730,734,248,982,7
2022-03-20,Mono,051,14174,2965,2962,121,3083,5
2022-03-20,Monterey,053,433212,79123,78566,13530,92096,723
2022-03-20,Napa,055,140530,25662,25682,929,26611,138
2022-03-20,Nevada,057,99092,15907,15964,1188,17152,123
2022-03-20,Orange,059,3164182,545231,544862,41147,586009,6841
2022-03-20,Placer,061,380077,62590,62525,7307,69832,610
2022-03-20,Plumas,063,18699,2965,2744,358,3102,13
2022-03-20,Riverside,065,2383286,590264,589657,27644,617301,6376
2022-03-20,Sacramento,067,1510023,280165,275317,26418,301735,2927
2022-03-20,San Benito,069,59416,12942,12869,507,13376,97
2022-03-20,San Bernardino,071,2135413,573223,560220,24838,585058,6805
2022-03-20,San Diego,073,3302833,748832,748833,52467,801300,5138
2022-03-20,San Francisco,075,870044,123741,123858,8145,132003,835
2022-03-20,San Joaquin,077,732212,166372,165927,9854,175781,2185
2022-03-20,San Luis Obispo,079,281455,52285,52217,3723,55940,463
2022-03-20,San Mateo,081,765935,121046,119901,6888,126789,684
2022-03-20,Santa Barbara,083,443738,85524,85412,4675,90087,672
2022-03-20,Santa Clara,085,1922200,313535,310412,12179,322591,2243
2022-03-20,Santa Cruz,087,273765,47565,47265,2072,49337,259
2022-03-20,Shasta,089,179085,30488,30522,6077,36599,525
2022-03-20,Sierra,091,2930,271,273,48,321,4
2022-03-20,Siskiyou,093,43540,4423,4426,2712,7138,80
2022-03-20,Solano,095,438530,81245,81393,5550,86943,441
2022-03-20,Sonoma,097,501317,83137,82965,2582,85547,481
2022-03-20,Stanislaus,099,539301,117355,118146,17781,135927,1572
2022-03-20,Sutter,101,95872,20424,20519,2048,22567,218
2022-03-20,Tehama,103,63373,12019,12030,2568,14598,160
2022-03-20,Trinity,105,12862,1182,1174,287,1461,20
2022-03-20,Tulare,107,460477,106093,104353,27463,131816,1389
2022-03-20,Tuolumne,109,53932,12652,12617,558,13175,180
2022-03-20,Ventura,111,848112,172666,172514,9352,181866,1451
2022-03-20,Yolo,113,214977,36800,36135,3012,39147,307
2022-03-20,Yuba,115,75493,15790,15787,1178,16965,117
2022-03-19,Alameda,001,1643700,255332,253936,13566,267502,1797
2022-03-19,Alpine,003,1148,122,122,1,123,0
2022-03-19,Amador,005,37829,8510,8456,638,9094,85
2022-03-19,Butte,007,227075,33115,32856,6950,39806,385
2022-03-19,Calaveras,009,45235,7238,7229,344,7573,119
2022-03-19,Colusa,011,21464,3440,3445,1046,4491,21
2022-03-19,Contra Costa,013,1133247,191174,187225,13294,200519,1276
2022-03-19,Del Norte,015,27424,5780,5815,184,5999,48
2022-03-19,El Dorado,017,186661,26642,26618,3190,29808,199
2022-03-19,Fresno,019,978130,231312,228965,24051,253016,2694
2022-03-19,Glenn,021,27897,4986,4971,1595,6566,44
2022-03-19,Humboldt,023,135768,16832,16901,2925,19826,138
2022-03-19,Imperial,025,180216,55250,55038,10518,65556,898
2022-03-19,Inyo,027,18085,4063,4061,468,4529,56
2022-03-19,Kern,029,883053,191528,190943,45654,236597,2184
2022-03-19,Kings,031,150075,51366,51334,3508,54842,441
2022-03-19,Lake,033,64148,10674,10641,881,11522,135
2022-03-19,Lassen,035,31185,8947,8925,873,9798,63
2022-03-19,Los Angeles,037,10098052,2704897,2686759,122781,2809540,31133
2022-03-19,Madera,039,155013,37187,37273,6000,43273,354
2022-03-19,Marin,041,260295,33303,33163,2171,35334,272
2022-03-19,Mariposa,043,17540,2389,2378,198,2576,6
2022-03-19,Mendocino,045,87422,13016,13012,2996,16008,117
2022-03-19,Merced,047,269075,62308,61985,8653,70638,800
2022-03-19,Modoc,049,8938,730,734,248,982,7
2022-03-19,Mono,051,14174,2965,2961,121,3082,5
2022-03-19,Monterey,053,433212,79112,78483,13523,92006,720
2022-03-19,Napa,055,140530,25659,25654,929,26583,138
2022-03-19,Nevada,057,99092,15905,15960,1188,17148,123
2022-03-19,Orange,059,3164182,545160,543907,41131,585038,6817
2022-03-19,Placer,061,380077,62576,62483,7307,69790,605
2022-03-19,Plumas,063,18699,2965,2724,358,3082,13
2022-03-19,Riverside,065,2383286,590214,589017,27637,616654,6359
2022-03-19,Sacramento,067,1510023,280124,274855,26413,301268,2913
2022-03-19,San Benito,069,59416,12941,12859,507,13366,97
2022-03-19,San Bernardino,071,2135413,573177,559935,24836,584771,6778
2022-03-19,San Diego,073,3302833,748732,747344,52453,799797,5133
2022-03-19,San Francisco,075,870044,123671,123587,8143,131730,833
2022-03-19,San Joaquin,077,732212,166347,165765,9851,175616,2181
2022-03-19,San Luis Obispo,079,281455,52279,52174,3723,55897,463
2022-03-19,San Mateo,081,765935,121009,119782,6887,126669,667
2022-03-19,Santa Barbara,083,443738,85509,85336,4674,90010,671
2022-03-19,Santa Clara,085,1922200,313413,309918,12170,322088,2225
2022-03-19,Santa Cruz,087,273765,47557,47203,2068,49271,256
2022-03-19,Shasta,089,179085,30484,30495,6077,36572,525
2022-03-19,Sierra,091,2930,271,273,48,321,4
2022-03-19,Siskiyou,093,43540,4422,4422,2712,7134,76
2022-03-19,Solano,095,438530,81236,81340,5547,86887,441
2022-03-19,Sonoma,097,501317,83120,82838,2579,85417,472
2022-03-19,Stanislaus,099,539301,117345,118138,17779,135917,1568
2022-03-19,Sutter,101,95872,20421,20503,2048,22551,218
2022-03-19,Tehama,103,63373,12019,12007,2568,14575,160
2022-03-19,Trinity,105,12862,1182,1173,287,1460,20
2022-03-19,Tulare,107,460477,106084,104290,27458,131748,1384
2022-03-19,Tuolumne,109,53932,12651,12617,558,13175,180
2022-03-19,Ventura,111,848112,172635,172380,9351,181731,1451
2022-03-19,Yolo,113,214977,36791,36086,3012,39098,306
2022-03-19,Yuba,115,75493,15786,15768,1177,16945,117
2022-03-18,Alameda,001,1643700,255272,253936,13563,267499,1797
2022-03-18,Alpine,003,1148,122,122,1,123,0
2022-03-18,Amador,005,37829,8510,8456,638,9094,85
2022-03-18,Butte,007,227075,33110,32856,6947,39803,385
2022-03-18,Calaveras,009,45235,7238,7229,344,7573,119
2022-03-18,Colusa,011,21464,3440,3445,1046,4491,21
2022-03-18,Contra Costa,013,1133247,191142,187225,13292,200517,1276
2022-03-18,Del Norte,015,27424,5778,5815,184,5999,48
2022-03-18,El Dorado,017,186661,26637,26618,3188,29806,199
2022-03-18,Fresno,019,978130,231279,228965,24051,253016,2694
2022-03-18,Glenn,021,27897,4985,4971,1595,6566,44
2022-03-18,Humboldt,023,135768,16829,16901,2924,19825,138
2022-03-18,Imperial,025,180216,55248,55038,10518,65556,898
2022-03-18,Inyo,027,18085,4063,4061,468,4529,56
2022-03-18,Kern,029,883053,191517,190943,45651,236594,2184
2022-03-18,Kings,031,150075,51358,51334,3508,54842,441
2022-03-18,Lake,033,64148,10672,10641,880,11521,135
2022-03-18,Lassen,035,31185,8946,8925,873,9798,63
2022-03-18,Los Angeles,037,10098052,2704543,2686759,122755,2809514,31133
2022-03-18,Madera,039,155013,37182,37273,6000,43273,354
2022-03-18,Marin,041,260295,33289,33163,2171,35334,272
2022-03-18,Mariposa,043,17540,2388,2378,198,2576,6
2022-03-18,Mendocino,045,87422,13012,13012,2996,16008,117
2022-03-18,Merced,047,269075,62296,61985,8653,70638,800
2022-03-18,Modoc,049,8938,730,734,248,982,7
2022-03-18,Mono,051,14174,2964,2961,121,3082,5
2022-03-18,Monterey,053,433212,79094,78483,13521,92004,720
2022-03-18,Napa,055,140530,25656,25654,929,26583,138
2022-03-18,Nevada,057,99092,15902,15960,1187,17147,123
2022-03-18,Orange,059,3164182,545093,543907,41122,585029,6817
2022-03-18,Placer,061,380077,62567,62483,7307,69790,605
2022-03-18,Plumas,063,18699,2965,2724,358,3082,13
2022-03-18,Riverside,065,2383286,590154,589017,27633,616650,6359
2022-03-18,Sacramento,067,1510023,280088,274855,26409,301264,2913
2022-03-18,San Benito,069,59416,12939,12859,507,13366,97
2022-03-18,San Bernardino,071,2135413,573139,559935,24834,584769,6778
2022-03-18,San Diego,073,3302833,748624,747344,52438,799782,5133
2022-03-18,San Francisco,075,870044,123591,123587,8138,131725,833
2022-03-18,San Joaquin,077,732212,166332,165765,9846,175611,2181
2022-03-18,San Luis Obispo,079,281455,52272,52174,3723,55897,463
2022-03-18,San Mateo,081,765935,120974,119782,6884,126666,667
2022-03-18,Santa Barbara,083,443738,85499,85336,4673,90009,671
2022-03-18,Santa Clara,085,1922200,313306,309918,12167,322085,2225
2022-03-18,Santa Cruz,087,273765,47545,47203,2067,49270,256
2022-03-18,Shasta,089,179085,30483,30495,6077,36572,525
2022-03-18,Sierra,091,2930,271,273,48,321,4
2022-03-18,Siskiyou,093,43540,4422,4422,2712,7134,76
2022-03-18,Solano,095,438530,81225,81340,5541,86881,441
2022-03-18,Sonoma,097,501317,83099,82838,2578,85416,472
2022-03-18,Stanislaus,099,539301,117332,118138,17779,135917,1568
2022-03-18,Sutter,101,95872,20418,20503,2048,22551,218
2022-03-18,Tehama,103,63373,12018,12007,2568,14575,160
2022-03-18,Trinity,105,12862,1182,1173,287,1460,20
2022-03-18,Tulare,107,460477,106078,104290,27453,131743,1384
2022-03-18,Tuolumne,109,53932,12650,12617,558,13175,180
2022-03-18,Ventura,111,848112,172615,172380,9346,181726,1451
2022-03-18,Yolo,113,214977,36780,36086,3012,39098,306
2022-03-18,Yuba,115,75493,15784,15768,1177,16945,117
2022-03-17,Alameda,001,1643700,255173,253936,13557,267493,1797
2022-03-17,Alpine,003,1148,122,122,1,123,0
2022-03-17,Amador,005,37829,8503,8456,638,9094,85
2022-03-17,Butte,007,227075,33097,32856,6945,39801,385
2022-03-17,Calaveras,009,45235,7235,7229,344,7573,119
2022-03-17,Colusa,011,21464,3440,3445,1046,4491,21
2022-03-17,Contra Costa,013,1133247,191078,187225,13281,200506,1276
2022-03-17,Del Norte,015,27424,5776,5815,184,5999,48
2022-03-17,El Dorado,017,186661,26631,26618,3188,29806,199
2022-03-17,Fresno,019,978130,231230,228965,24048,253013,2694
2022-03-17,Glenn,021,27897,4985,4971,1595,6566,44
2022-03-17,Humboldt,023,135768,16825,16901,2922,19823,138
2022-03-17,Imperial,025,180216,55237,55038,10518,65556,898
2022-03-17,Inyo,027,18085,4063,4061,468,4529,56
2022-03-17,Kern,029,883053,191486,190943,45648,236591,2184
2022-03-17,Kings,031,150075,51355,51334,3507,54841,441
2022-03-17,Lake,033,64148,10669,10641,880,11521,135
2022-03-17,Lassen,035,31185,8944,8925,873,9798,63
2022-03-17,Los Angeles,037,10098052,2703884,2686759,122720,2809479,31133
2022-03-17,Madera,039,155013,37178,37273,6000,43273,354
2022-03-17,Marin,041,260295,33277,33163,2170,35333,272
2022-03-17,Mariposa,043,17540,2388,2378,198,2576,6
2022-03-17,Mendocino,045,87422,13008,13012,2993,16005,117
2022-03-17,Merced,047,269075,62290,61985,8650,70635,800
2022-03-17,Modoc,049,8938,730,734,248,982,7
2022-03-17,Mono,051,14174,2964,2961,120,3081,5
2022-03-17,Monterey,053,433212,79071,78483,13515,91998,720
2022-03-17,Napa,055,140530,25651,25654,929,26583,138
2022-03-17,Nevada,057,99092,15899,15960,1187,17147,123
2022-03-17,Orange,059,3164182,544999,543907,41112,585019,6817
2022-03-17,Placer,061,380077,62551,62483,7305,69788,605
2022-03-17,Plumas,063,18699,2964,2724,358,3082,13
2022-03-17,Riverside,065,2383286,590074,589017,27626,616643,6359
2022-03-17,Sacramento,067,1510023,280022,274855,26403,301258,2913
2022-03-17,San Benito,069,59416,12938,12859,507,13366,97
2022-03-17,San Bernardino,071,2135413,573075,559935,24831,584766,6778
2022-03-17,San Diego,073,3302833,748449,747344,52422,799766,5133
2022-03-17,San Francisco,075,870044,123511,123587,8133,131720,833
2022-03-17,San Joaquin,077,732212,166312,165765,9844,175609,2181
2022-03-17,San Luis Obispo,079,281455,52258,52174,3721,55895,463
2022-03-17,San Mateo,081,765935,120926,119782,6880,126662,667
2022-03-17,Santa Barbara,083,443738,85483,85336,4673,90009,671
2022-03-17,Santa Clara,085,1922200,313186,309918,12162,322080,2225
2022-03-17,Santa Cruz,087,273765,47529,47203,2065,49268,256
2022-03-17,Shasta,089,179085,30479,30495,6075,36570,525
2022-03-17,Sierra,091,2930,271,273,48,321,4
2022-03-17,Siskiyou,093,43540,4422,4422,2712,7134,76
2022-03-17,Solano,095,438530,81196,81340,5537,86877,441
2022-03-17,Sonoma,097,501317,83071,82838,2576,85414,472
2022-03-17,Stanislaus,099,539301,117318,118138,17774,135912,1568
2022-03-17,Sutter,101,95872,20408,20503,2037,22540,218
2022-03-17,Tehama,103,63373,12018,12007,2568,14575,160
2022-03-17,Trinity,105,12862,1182,1173,287,1460,20
2022-03-17,Tulare,107,460477,106062,104290,27443,131733,1384
2022-03-17,Tuolumne,109,53932,12648,12617,557,13174,180
2022-03-17,Ventura,111,848112,172566,172380,9344,181724,1451
2022-03-17,Yolo,113,214977,36766,36086,3012,39098,306
2022-03-17,Yuba,115,75493,15782,15768,1176,16944,117
2022-03-16,Alameda,001,1643700,255072,253792,13554,267346,1794
2022-03-16,Alpine,003,1148,122,122,1,123,0
2022-03-16,Amador,005,37829,8495,8449,638,9087,85
2022-03-16,Butte,007,227075,33086,32837,6940,39777,385
2022-03-16,Calaveras,009,45235,7233,7229,344,7573,120
2022-03-16,Colusa,011,21464,3440,3445,1046,4491,22
2022-03-16,Contra Costa,013,1133247,191020,187100,13270,200370,1266
2022-03-16,Del Norte,015,27424,5775,5811,182,5993,48
2022-03-16,El Dorado,017,186661,26618,26602,3187,29789,199
2022-03-16,Fresno,019,978130,231183,228786,24037,252823,2689
2022-03-16,Glenn,021,27897,4984,4969,1595,6564,44
2022-03-16,Humboldt,023,135768,16822,16893,2922,19815,138
2022-03-16,Imperial,025,180216,55225,55002,10517,65519,897
2022-03-16,Inyo,027,18085,4062,4061,468,4529,56
2022-03-16,Kern,029,883053,191443,190835,45641,236476,2170
2022-03-16,Kings,031,150075,51340,51321,3507,54828,437
2022-03-16,Lake,033,64148,10667,10633,879,11512,133
2022-03-16,Lassen,035,31185,8941,8924,873,9797,62
2022-03-16,Los Angeles,037,10098052,2703252,2685789,122680,2808469,31102
2022-03-16,Madera,039,155013,37168,37262,5999,43261,354
2022-03-16,Marin,041,260295,33256,33136,2168,35304,272
2022-03-16,Mariposa,043,17540,2386,2376,198,2574,6
2022-03-16,Mendocino,045,87422,13005,13011,2992,16003,117
2022-03-16,Merced,047,269075,62274,61959,8646,70605,798
2022-03-16,Modoc,049,8938,729,734,248,982,7
2022-03-16,Mono,051,14174,2964,2960,120,3080,5
2022-03-16,Monterey,053,433212,79049,78416,13510,91926,720
2022-03-16,Napa,055,140530,25642,25638,929,26567,138
2022-03-16,Nevada,057,99092,15897,15960,1187,17147,123
2022-03-16,Orange,059,3164182,544876,543326,41089,584415,6791
2022-03-16,Placer,061,380077,62535,62435,7303,69738,605
2022-03-16,Plumas,063,18699,2964,2723,358,3081,13
2022-03-16,Riverside,065,2383286,589978,588761,27623,616384,6351
2022-03-16,Sacramento,067,1510023,279956,274709,26396,301105,2910
2022-03-16,San Benito,069,59416,12933,12854,507,13361,97
2022-03-16,San Bernardino,071,2135413,572994,559746,24824,584570,6775
2022-03-16,San Diego,073,3302833,748244,746970,52398,799368,5126
2022-03-16,San Francisco,075,870044,123411,123446,8126,131572,831
2022-03-16,San Joaquin,077,732212,166265,165703,9841,175544,2169
2022-03-16,San Luis Obispo,079,281455,52240,52132,3717,55849,462
2022-03-16,San Mateo,081,765935,120863,119680,6872,126552,660
2022-03-16,Santa Barbara,083,443738,85450,85322,4669,89991,670
2022-03-16,Santa Clara,085,1922200,313000,309689,12147,321836,2224
2022-03-16,Santa Cruz,087,273765,47500,47161,2065,49226,255
2022-03-16,Shasta,089,179085,30470,30489,6071,36560,527
2022-03-16,Sierra,091,2930,271,273,48,321,4
2022-03-16,Siskiyou,093,43540,4420,4419,2710,7129,76
2022-03-16,Solano,095,438530,81173,81277,5535,86812,440
2022-03-16,Sonoma,097,501317,83028,82791,2566,85357,472
2022-03-16,Stanislaus,099,539301,117292,118072,17772,135844,1567
2022-03-16,Sutter,101,95872,20406,20494,2036,22530,218
2022-03-16,Tehama,103,63373,12016,11999,2568,14567,160
2022-03-16,Trinity,105,12862,1182,1173,287,1460,20
2022-03-16,Tulare,107,460477,106049,104217,27437,131654,1377
2022-03-16,Tuolumne,109,53932,12643,12610,557,13167,180
2022-03-16,Ventura,111,848112,172525,172212,9340,181552,1451
2022-03-16,Yolo,113,214977,36743,36079,3011,39090,307
2022-03-16,Yuba,115,75493,15777,15758,1176,16934,117
2022-03-15,Alameda,001,1643700,254938,253694,13545,267239,1793
2022-03-15,Alpine,003,1148,122,122,1,123,0
2022-03-15,Amador,005,37829,8492,8448,638,9086,85
2022-03-15,Butte,007,227075,33073,32822,6939,39761,385
2022-03-15,Calaveras,009,45235,7231,7236,344,7580,118
2022-03-15,Colusa,011,21464,3440,3445,1046,4491,21
2022-03-15,Contra Costa,013,1133247,190939,187021,13263,200284,1265
2022-03-15,Del Norte,015,27424,5772,5806,179,5985,48
2022-03-15,El Dorado,017,186661,26615,26596,3187,29783,199
2022-03-15,Fresno,019,978130,231140,228631,24028,252659,2689
2022-03-15,Glenn,021,27897,4982,4966,1595,6561,44
2022-03-15,Humboldt,023,135768,16816,16889,2921,19810,138
2022-03-15,Imperial,025,180216,55214,54981,10513,65494,896
2022-03-15,Inyo,027,18085,4062,4062,467,4529,56
2022-03-15,Kern,029,883053,191414,190645,45631,236276,2168
2022-03-15,Kings,031,150075,51321,51317,3503,54820,437
2022-03-15,Lake,033,64148,10663,10631,879,11510,131
2022-03-15,Lassen,035,31185,8939,8926,873,9799,62
2022-03-15,Los Angeles,037,10098052,2702563,2685071,122623,2807694,31077
2022-03-15,Madera,039,155013,37159,37258,5998,43256,354
2022-03-15,Marin,041,260295,33233,33111,2167,35278,272
2022-03-15,Mariposa,043,17540,2384,2377,198,2575,6
2022-03-15,Mendocino,045,87422,13000,13005,2991,15996,117
2022-03-15,Merced,047,269075,62257,61916,8637,70553,798
2022-03-15,Modoc,049,8938,729,733,248,981,7
2022-03-15,Mono,051,14174,2964,2961,120,3081,5
2022-03-15,Monterey,053,433212,79019,78400,13502,91902,718
2022-03-15,Napa,055,140530,25634,25657,927,26584,138
2022-03-15,Nevada,057,99092,15895,15960,1185,17145,123
2022-03-15,Orange,059,3164182,544737,543197,41082,584279,6780
2022-03-15,Placer,061,380077,62518,62398,7299,69697,604
2022-03-15,Plumas,063,18699,2963,2722,358,3080,13
2022-03-15,Riverside,065,2383286,589879,588622,27615,616237,6333
2022-03-15,Sacramento,067,1510023,279871,274633,26390,301023,2907
2022-03-15,San Benito,069,59416,12928,12849,507,13356,95
2022-03-15,San Bernardino,071,2135413,572918,559605,24821,584426,6770
2022-03-15,San Diego,073,3302833,748001,746474,52376,798850,5116
2022-03-15,San Francisco,075,870044,123294,123526,8117,131643,831
2022-03-15,San Joaquin,077,732212,166222,165664,9835,175499,2161
2022-03-15,San Luis Obispo,079,281455,52230,52060,3713,55773,458
2022-03-15,San Mateo,081,765935,120812,119586,6866,126452,649
2022-03-15,Santa Barbara,083,443738,85425,85353,4665,90018,668
2022-03-15,Santa Clara,085,1922200,312837,309535,12135,321670,2224
2022-03-15,Santa Cruz,087,273765,47447,47117,2065,49182,255
2022-03-15,Shasta,089,179085,30461,30476,6068,36544,524
2022-03-15,Sierra,091,2930,271,273,48,321,4
2022-03-15,Siskiyou,093,43540,4420,4420,2710,7130,76
2022-03-15,Solano,095,438530,81137,81260,5534,86794,440
2022-03-15,Sonoma,097,501317,82988,82737,2566,85303,472
2022-03-15,Stanislaus,099,539301,117274,118085,17769,135854,1567
2022-03-15,Sutter,101,95872,20403,20480,2027,22507,217
2022-03-15,Tehama,103,63373,12013,11997,2568,14565,160
2022-03-15,Trinity,105,12862,1182,1173,287,1460,20
2022-03-15,Tulare,107,460477,106030,104153,27425,131578,1375
2022-03-15,Tuolumne,109,53932,12639,12602,557,13159,180
2022-03-15,Ventura,111,848112,172480,172150,9337,181487,1451
2022-03-15,Yolo,113,214977,36727,36079,3007,39086,308
2022-03-15,Yuba,115,75493,15769,15756,1176,16932,116
2022-03-14,Alameda,001,1643700,254827,253629,13541,267170,1791
2022-03-14,Alpine,003,1148,122,122,1,123,0
2022-03-14,Amador,005,37829,8487,8448,638,9086,85
2022-03-14,Butte,007,227075,33057,32812,6939,39751,385
2022-03-14,Calaveras,009,45235,7230,7245,344,7589,118
2022-03-14,Colusa,011,21464,3439,3445,1046,4491,21
2022-03-14,Contra Costa,013,1133247,190847,186969,13255,200224,1265
2022-03-14,Del Norte,015,27424,5766,5807,179,5986,48
2022-03-14,El Dorado,017,186661,26610,26570,3187,29757,199
2022-03-14,Fresno,019,978130,231066,228470,24018,252488,2682
2022-03-14,Glenn,021,27897,4980,4966,1595,6561,44
2022-03-14,Humboldt,023,135768,16809,16890,2919,19809,137
2022-03-14,Imperial,025,180216,55203,54933,10512,65445,897
2022-03-14,Inyo,027,18085,4062,4062,467,4529,56
2022-03-14,Kern,029,883053,191379,190526,45620,236146,2166
2022-03-14,Kings,031,150075,51303,51293,3502,54795,437
2022-03-14,Lake,033,64148,10660,10631,879,11510,131
2022-03-14,Lassen,035,31185,8939,8927,872,9799,62
2022-03-14,Los Angeles,037,10098052,2701930,2683369,122557,2805926,31034
2022-03-14,Madera,039,155013,37152,37255,5997,43252,354
2022-03-14,Marin,041,260295,33205,33099,2167,35266,272
2022-03-14,Mariposa,043,17540,2383,2376,198,2574,6
2022-03-14,Mendocino,045,87422,12995,12992,2984,15976,117
2022-03-14,Merced,047,269075,62238,61905,8635,70540,795
2022-03-14,Modoc,049,8938,728,731,248,979,7
2022-03-14,Mono,051,14174,2963,2961,120,3081,5
2022-03-14,Monterey,053,433212,79004,78376,13466,91842,718
2022-03-14,Napa,055,140530,25620,25649,927,26576,138
2022-03-14,Nevada,057,99092,15893,15954,1185,17139,123
2022-03-14,Orange,059,3164182,544600,543099,41069,584168,6775
2022-03-14,Placer,061,380077,62500,62389,7297,69686,601
2022-03-14,Plumas,063,18699,2963,2711,358,3069,13
2022-03-14,Riverside,065,2383286,589744,588531,27605,616136,6332
2022-03-14,Sacramento,067,1510023,279790,274682,26385,301067,2899
2022-03-14,San Benito,069,59416,12923,12846,507,13353,95
2022-03-14,San Bernardino,071,2135413,572831,559505,24816,584321,6767
2022-03-14,San Diego,073,3302833,747698,745515,52347,797862,5108
2022-03-14,San Francisco,075,870044,123202,123575,8111,131686,824
2022-03-14,San Joaquin,077,732212,166183,165662,9834,175496,2142
2022-03-14,San Luis Obispo,079,281455,52202,52046,3710,55756,458
2022-03-14,San Mateo,081,765935,120739,119564,6864,126428,649
2022-03-14,Santa Barbara,083,443738,85388,85396,4664,90060,667
2022-03-14,Santa Clara,085,1922200,312648,309600,12131,321731,2223
2022-03-14,Santa Cruz,087,273765,47409,47107,2063,49170,255
2022-03-14,Shasta,089,179085,30456,30462,6065,36527,520
2022-03-14,Sierra,091,2930,271,273,48,321,4
2022-03-14,Siskiyou,093,43540,4415,4419,2709,7128,76
2022-03-14,Solano,095,438530,81088,81233,5529,86762,440
2022-03-14,Sonoma,097,501317,82952,82731,2562,85293,473
2022-03-14,Stanislaus,099,539301,117238,118088,17765,135853,1567
2022-03-14,Sutter,101,95872,20396,20478,2027,22505,217
2022-03-14,Tehama,103,63373,12011,11996,2568,14564,160
2022-03-14,Trinity,105,12862,1182,1172,287,1459,20
2022-03-14,Tulare,107,460477,106002,104121,27418,131539,1365
2022-03-14,Tuolumne,109,53932,12638,12567,556,13123,180
2022-03-14,Ventura,111,848112,172427,172107,9335,181442,1442
2022-03-14,Yolo,113,214977,36711,36059,3005,39064,308
2022-03-14,Yuba,115,75493,15757,15748,1176,16924,116
2022-03-13,Alameda,001,1643700,254704,253547,13533,267080,1792
2022-03-13,Alpine,003,1148,122,122,1,123,0
2022-03-13,Amador,005,37829,8485,8444,638,9082,85
2022-03-13,Butte,007,227075,33038,32806,6936,39742,384
2022-03-13,Calaveras,009,45235,7225,7253,344,7597,118
2022-03-13,Colusa,011,21464,3439,3444,1044,4488,21
2022-03-13,Contra Costa,013,1133247,190749,186911,13242,200153,1265
2022-03-13,Del Norte,015,27424,5762,5808,179,5987,48
2022-03-13,El Dorado,017,186661,26605,26563,3186,29749,199
2022-03-13,Fresno,019,978130,230984,228421,24004,252425,2683
2022-03-13,Glenn,021,27897,4977,4966,1594,6560,44
2022-03-13,Humboldt,023,135768,16801,16883,2919,19802,137
2022-03-13,Imperial,025,180216,55192,54934,10510,65444,897
2022-03-13,Inyo,027,18085,4062,4062,466,4528,56
2022-03-13,Kern,029,883053,191325,190495,45608,236103,2166
2022-03-13,Kings,031,150075,51295,51273,3502,54775,437
2022-03-13,Lake,033,64148,10657,10626,879,11505,131
2022-03-13,Lassen,035,31185,8938,8929,871,9800,62
2022-03-13,Los Angeles,037,10098052,2701202,2683351,122514,2805865,31034
2022-03-13,Madera,039,155013,37144,37248,5997,43245,354
2022-03-13,Marin,041,260295,33181,33083,2165,35248,272
2022-03-13,Mariposa,043,17540,2381,2376,198,2574,6
2022-03-13,Mendocino,045,87422,12989,12987,2979,15966,117
2022-03-13,Merced,047,269075,62216,61895,8625,70520,795
2022-03-13,Modoc,049,8938,728,731,248,979,7
2022-03-13,Mono,051,14174,2963,2961,120,3081,5
2022-03-13,Monterey,053,433212,78968,78366,13418,91784,718
2022-03-13,Napa,055,140530,25606,25639,926,26565,138
2022-03-13,Nevada,057,99092,15886,15959,1185,17144,123
2022-03-13,Orange,059,3164182,544480,543036,41045,584081,6774
2022-03-13,Placer,061,380077,62472,62372,7294,69666,601
2022-03-13,Plumas,063,18699,2963,2711,358,3069,13
2022-03-13,Riverside,065,2383286,589611,588487,27599,616086,6332
2022-03-13,Sacramento,067,1510023,279681,274715,26372,301087,2899
2022-03-13,San Benito,069,59416,12917,12844,505,13349,95
2022-03-13,San Bernardino,071,2135413,572741,559450,24806,584256,6767
2022-03-13,San Diego,073,3302833,747357,745515,52313,797828,5108
2022-03-13,San Francisco,075,870044,123081,123622,8105,131727,824
2022-03-13,San Joaquin,077,732212,166133,165641,9832,175473,2142
2022-03-13,San Luis Obispo,079,281455,52173,52040,3707,55747,458
2022-03-13,San Mateo,081,765935,120661,119521,6855,126376,649
2022-03-13,Santa Barbara,083,443738,85348,85453,4662,90115,667
2022-03-13,Santa Clara,085,1922200,312459,309493,12123,321616,2225
2022-03-13,Santa Cruz,087,273765,47357,47087,2063,49150,255
2022-03-13,Shasta,089,179085,30439,30457,6063,36520,520
2022-03-13,Sierra,091,2930,271,273,48,321,4
2022-03-13,Siskiyou,093,43540,4415,4418,2709,7127,76
2022-03-13,Solano,095,438530,81052,81217,5524,86741,440
2022-03-13,Sonoma,097,501317,82918,82711,2558,85269,473
2022-03-13,Stanislaus,099,539301,117205,118075,17760,135835,1567
2022-03-13,Sutter,101,95872,20392,20474,2027,22501,217
2022-03-13,Tehama,103,63373,12010,11997,2567,14564,160
2022-03-13,Trinity,105,12862,1182,1172,287,1459,20
2022-03-13,Tulare,107,460477,105969,104119,27410,131529,1365
2022-03-13,Tuolumne,109,53932,12635,12565,556,13121,180
2022-03-13,Ventura,111,848112,172369,172080,9328,181408,1442
2022-03-13,Yolo,113,214977,36692,36019,3003,39022,308
2022-03-13,Yuba,115,75493,15752,15741,1176,16917,116
2022-03-12,Alameda,001,1643700,254636,253079,13528,266607,1783
2022-03-12,Alpine,003,1148,122,122,1,123,0
2022-03-12,Amador,005,37829,8481,8427,638,9065,84
2022-03-12,Butte,007,227075,33033,32774,6934,39708,380
2022-03-12,Calaveras,009,45235,7224,7253,344,7597,118
2022-03-12,Colusa,011,21464,3439,3440,1044,4484,21
2022-03-12,Contra Costa,013,1133247,190707,186618,13241,199859,1256
2022-03-12,Del Norte,015,27424,5761,5791,179,5970,48
2022-03-12,El Dorado,017,186661,26601,26538,3186,29724,199
2022-03-12,Fresno,019,978130,230961,228041,24004,252045,2653
2022-03-12,Glenn,021,27897,4977,4955,1594,6549,44
2022-03-12,Humboldt,023,135768,16797,16862,2918,19780,137
2022-03-12,Imperial,025,180216,55187,54837,10507,65344,896
2022-03-12,Inyo,027,18085,4062,4056,466,4522,56
2022-03-12,Kern,029,883053,191308,190330,45603,235933,2162
2022-03-12,Kings,031,150075,51289,51145,3502,54647,436
2022-03-12,Lake,033,64148,10655,10594,878,11472,131
2022-03-12,Lassen,035,31185,8937,8915,871,9786,62
2022-03-12,Los Angeles,037,10098052,2700872,2678858,122493,2801351,30901
2022-03-12,Madera,039,155013,37139,37223,5997,43220,354
2022-03-12,Marin,041,260295,33156,33015,2164,35179,272
2022-03-12,Mariposa,043,17540,2381,2372,198,2570,6
2022-03-12,Mendocino,045,87422,12985,12965,2979,15944,117
2022-03-12,Merced,047,269075,62209,61840,8623,70463,795
2022-03-12,Modoc,049,8938,728,730,248,978,7
2022-03-12,Mono,051,14174,2963,2960,119,3079,5
2022-03-12,Monterey,053,433212,78961,78285,13416,91701,716
2022-03-12,Napa,055,140530,25596,25584,925,26509,138
2022-03-12,Nevada,057,99092,15880,15947,1185,17132,123
2022-03-12,Orange,059,3164182,544416,542354,41036,583390,6718
2022-03-12,Placer,061,380077,62463,62282,7294,69576,598
2022-03-12,Plumas,063,18699,2963,2707,358,3065,13
2022-03-12,Riverside,065,2383286,589546,588022,27594,615616,6317
2022-03-12,Sacramento,067,1510023,279641,274519,26368,300887,2886
2022-03-12,San Benito,069,59416,12914,12868,505,13373,95
2022-03-12,San Bernardino,071,2135413,572693,559013,24805,583818,6734
2022-03-12,San Diego,073,3302833,747235,744386,52291,796677,5090
2022-03-12,San Francisco,075,870044,123016,123610,8099,131709,823
2022-03-12,San Joaquin,077,732212,166112,165516,9829,175345,2117
2022-03-12,San Luis Obispo,079,281455,52164,51947,3704,55651,457
2022-03-12,San Mateo,081,765935,120625,119288,6854,126142,641
2022-03-12,Santa Barbara,083,443738,85329,85421,4662,90083,664
2022-03-12,Santa Clara,085,1922200,312354,308989,12118,321107,2208
2022-03-12,Santa Cruz,087,273765,47344,46982,2062,49044,254
2022-03-12,Shasta,089,179085,30427,30419,6061,36480,517
2022-03-12,Sierra,091,2930,271,273,48,321,4
2022-03-12,Siskiyou,093,43540,4415,4405,2709,7114,75
2022-03-12,Solano,095,438530,81038,81058,5524,86582,436
2022-03-12,Sonoma,097,501317,82901,82622,2556,85178,473
2022-03-12,Stanislaus,099,539301,117191,117884,17759,135643,1564
2022-03-12,Sutter,101,95872,20391,20429,2027,22456,217
2022-03-12,Tehama,103,63373,12010,11983,2567,14550,159
2022-03-12,Trinity,105,12862,1181,1172,287,1459,20
2022-03-12,Tulare,107,460477,105964,103994,27406,131400,1358
2022-03-12,Tuolumne,109,53932,12634,12476,556,13032,180
2022-03-12,Ventura,111,848112,172344,171932,9327,181259,1442
2022-03-12,Yolo,113,214977,36685,35982,3001,38983,308
2022-03-12,Yuba,115,75493,15752,15722,1176,16898,116
2022-03-11,Alameda,001,1643700,254571,253079,13528,266607,1783
2022-03-11,Alpine,003,1148,122,122,1,123,0
2022-03-11,Amador,005,37829,8479,8427,638,9065,84
2022-03-11,Butte,007,227075,33029,32774,6933,39707,380
2022-03-11,Calaveras,009,45235,7224,7253,344,7597,118
2022-03-11,Colusa,011,21464,3439,3440,1044,4484,21
2022-03-11,Contra Costa,013,1133247,190659,186618,13239,199857,1256
2022-03-11,Del Norte,015,27424,5757,5791,179,5970,48
2022-03-11,El Dorado,017,186661,26597,26538,3186,29724,199
2022-03-11,Fresno,019,978130,230906,228041,24000,252041,2653
2022-03-11,Glenn,021,27897,4977,4955,1594,6549,44
2022-03-11,Humboldt,023,135768,16792,16862,2917,19779,137
2022-03-11,Imperial,025,180216,55181,54837,10506,65343,896
2022-03-11,Inyo,027,18085,4062,4056,466,4522,56
2022-03-11,Kern,029,883053,191286,190330,45598,235928,2162
2022-03-11,Kings,031,150075,51270,51145,3502,54647,436
2022-03-11,Lake,033,64148,10651,10594,878,11472,131
2022-03-11,Lassen,035,31185,8936,8915,871,9786,62
2022-03-11,Los Angeles,037,10098052,2700549,2678858,122466,2801324,30901
2022-03-11,Madera,039,155013,37134,37223,5997,43220,354
2022-03-11,Marin,041,260295,33140,33015,2163,35178,272
2022-03-11,Mariposa,043,17540,2380,2372,198,2570,6
2022-03-11,Mendocino,045,87422,12979,12965,2979,15944,117
2022-03-11,Merced,047,269075,62202,61840,8621,70461,795
2022-03-11,Modoc,049,8938,728,730,248,978,7
2022-03-11,Mono,051,14174,2962,2960,119,3079,5
2022-03-11,Monterey,053,433212,78948,78285,13409,91694,716
2022-03-11,Napa,055,140530,25585,25584,925,26509,138
2022-03-11,Nevada,057,99092,15877,15947,1185,17132,123
2022-03-11,Orange,059,3164182,544347,542354,41022,583376,6718
2022-03-11,Placer,061,380077,62452,62282,7293,69575,598
2022-03-11,Plumas,063,18699,2961,2707,358,3065,13
2022-03-11,Riverside,065,2383286,589469,588022,27590,615612,6317
2022-03-11,Sacramento,067,1510023,279572,274519,26365,300884,2886
2022-03-11,San Benito,069,59416,12913,12868,505,13373,95
2022-03-11,San Bernardino,071,2135413,572636,559013,24800,583813,6734
2022-03-11,San Diego,073,3302833,747069,744386,52277,796663,5090
2022-03-11,San Francisco,075,870044,122960,123610,8095,131705,823
2022-03-11,San Joaquin,077,732212,166074,165516,9826,175342,2117
2022-03-11,San Luis Obispo,079,281455,52156,51947,3703,55650,457
2022-03-11,San Mateo,081,765935,120576,119288,6851,126139,641
2022-03-11,Santa Barbara,083,443738,85309,85421,4661,90082,664
2022-03-11,Santa Clara,085,1922200,312217,308989,12115,321104,2208
2022-03-11,Santa Cruz,087,273765,47329,46982,2062,49044,254
2022-03-11,Shasta,089,179085,30422,30419,6058,36477,517
2022-03-11,Sierra,091,2930,271,273,48,321,4
2022-03-11,Siskiyou,093,43540,4415,4405,2707,7112,75
2022-03-11,Solano,095,438530,81024,81058,5523,86581,436
2022-03-11,Sonoma,097,501317,82875,82622,2554,85176,473
2022-03-11,Stanislaus,099,539301,117177,117884,17757,135641,1564
2022-03-11,Sutter,101,95872,20389,20429,2027,22456,217
2022-03-11,Tehama,103,63373,12008,11983,2567,14550,159
2022-03-11,Trinity,105,12862,1181,1172,287,1459,20
2022-03-11,Tulare,107,460477,105950,103994,27400,131394,1358
2022-03-11,Tuolumne,109,53932,12632,12476,556,13032,180
2022-03-11,Ventura,111,848112,172308,171932,9322,181254,1442
2022-03-11,Yolo,113,214977,36674,35982,3001,38983,308
2022-03-11,Yuba,115,75493,15749,15722,1176,16898,116
2022-03-10,Alameda,001,1643700,254447,253079,13522,266601,1783
2022-03-10,Alpine,003,1148,122,122,1,123,0
2022-03-10,Amador,005,37829,8478,8427,638,9065,84
2022-03-10,Butte,007,227075,33013,32774,6931,39705,380
2022-03-10,Calaveras,009,45235,7223,7253,343,7596,118
2022-03-10,Colusa,011,21464,3439,3440,1044,4484,21
2022-03-10,Contra Costa,013,1133247,190575,186618,13229,199847,1256
2022-03-10,Del Norte,015,27424,5748,5791,179,5970,48
2022-03-10,El Dorado,017,186661,26585,26538,3185,29723,199
2022-03-10,Fresno,019,978130,230830,228041,23990,252031,2653
2022-03-10,Glenn,021,27897,4974,4955,1594,6549,44
2022-03-10,Humboldt,023,135768,16783,16862,2916,19778,137
2022-03-10,Imperial,025,180216,55171,54837,10505,65342,896
2022-03-10,Inyo,027,18085,4061,4056,466,4522,56
2022-03-10,Kern,029,883053,191253,190330,45584,235914,2162
2022-03-10,Kings,031,150075,51241,51145,3501,54646,436
2022-03-10,Lake,033,64148,10641,10594,877,11471,131
2022-03-10,Lassen,035,31185,8936,8915,871,9786,62
2022-03-10,Los Angeles,037,10098052,2699994,2678858,122425,2801283,30901
2022-03-10,Madera,039,155013,37128,37223,5990,43213,354
2022-03-10,Marin,041,260295,33127,33015,2159,35174,272
2022-03-10,Mariposa,043,17540,2380,2372,198,2570,6
2022-03-10,Mendocino,045,87422,12976,12965,2979,15944,117
2022-03-10,Merced,047,269075,62183,61840,8616,70456,795
2022-03-10,Modoc,049,8938,727,730,248,978,7
2022-03-10,Mono,051,14174,2962,2960,119,3079,5
2022-03-10,Monterey,053,433212,78925,78285,13384,91669,716
2022-03-10,Napa,055,140530,25576,25584,924,26508,138
2022-03-10,Nevada,057,99092,15870,15947,1185,17132,123
2022-03-10,Orange,059,3164182,544226,542354,41005,583359,6718
2022-03-10,Placer,061,380077,62430,62282,7288,69570,598
2022-03-10,Plumas,063,18699,2960,2707,358,3065,13
2022-03-10,Riverside,065,2383286,589354,588022,27585,615607,6317
2022-03-10,Sacramento,067,1510023,279495,274519,26359,300878,2886
2022-03-10,San Benito,069,59416,12912,12868,504,13372,95
2022-03-10,San Bernardino,071,2135413,572563,559013,24796,583809,6734
2022-03-10,San Diego,073,3302833,746811,744386,52246,796632,5090
2022-03-10,San Francisco,075,870044,122892,123610,8089,131699,823
2022-03-10,San Joaquin,077,732212,166040,165516,9824,175340,2117
2022-03-10,San Luis Obispo,079,281455,52133,51947,3700,55647,457
2022-03-10,San Mateo,081,765935,120513,119288,6849,126137,641
2022-03-10,Santa Barbara,083,443738,85277,85421,4660,90081,664
2022-03-10,Santa Clara,085,1922200,312047,308989,12107,321096,2208
2022-03-10,Santa Cruz,087,273765,47297,46982,2062,49044,254
2022-03-10,Shasta,089,179085,30413,30419,6056,36475,517
2022-03-10,Sierra,091,2930,271,273,48,321,4
2022-03-10,Siskiyou,093,43540,4415,4405,2707,7112,75
2022-03-10,Solano,095,438530,80988,81058,5518,86576,436
2022-03-10,Sonoma,097,501317,82848,82622,2554,85176,473
2022-03-10,Stanislaus,099,539301,117143,117884,17755,135639,1564
2022-03-10,Sutter,101,95872,20385,20429,2027,22456,217
2022-03-10,Tehama,103,63373,12007,11983,2567,14550,159
2022-03-10,Trinity,105,12862,1181,1172,287,1459,20
2022-03-10,Tulare,107,460477,105932,103994,27394,131388,1358
2022-03-10,Tuolumne,109,53932,12629,12476,556,13032,180
2022-03-10,Ventura,111,848112,172267,171932,9319,181251,1442
2022-03-10,Yolo,113,214977,36661,35982,3000,38982,308
2022-03-10,Yuba,115,75493,15739,15722,1175,16897,116
2022-03-09,Alameda,001,1643700,254319,252893,13516,266409,1781
2022-03-09,Alpine,003,1148,122,125,1,126,0
2022-03-09,Amador,005,37829,8472,8409,638,9047,84
2022-03-09,Butte,007,227075,33004,32767,6927,39694,380
2022-03-09,Calaveras,009,45235,7221,7249,343,7592,117
2022-03-09,Colusa,011,21464,3438,3439,1044,4483,21
2022-03-09,Contra Costa,013,1133247,190469,186483,13214,199697,1256
2022-03-09,Del Norte,015,27424,5744,5765,179,5944,48
2022-03-09,El Dorado,017,186661,26580,26515,3185,29700,198
2022-03-09,Fresno,019,978130,230731,227885,23983,251868,2653
2022-03-09,Glenn,021,27897,4974,4953,1593,6546,44
2022-03-09,Humboldt,023,135768,16778,16854,2913,19767,137
2022-03-09,Imperial,025,180216,55165,54764,10503,65267,894
2022-03-09,Inyo,027,18085,4061,4056,466,4522,56
2022-03-09,Kern,029,883053,191205,190254,45571,235825,2159
2022-03-09,Kings,031,150075,51220,51122,3501,54623,435
2022-03-09,Lake,033,64148,10634,10586,877,11463,130
2022-03-09,Lassen,035,31185,8936,8901,871,9772,62
2022-03-09,Los Angeles,037,10098052,2699343,2677901,122385,2800286,30842
2022-03-09,Madera,039,155013,37120,37207,5989,43196,354
2022-03-09,Marin,041,260295,33109,32967,2159,35126,272
2022-03-09,Mariposa,043,17540,2377,2372,198,2570,6
2022-03-09,Mendocino,045,87422,12972,12957,2974,15931,117
2022-03-09,Merced,047,269075,62166,61792,8610,70402,792
2022-03-09,Modoc,049,8938,726,730,247,977,7
2022-03-09,Mono,051,14174,2962,2962,119,3081,5
2022-03-09,Monterey,053,433212,78903,78258,13341,91599,716
2022-03-09,Napa,055,140530,25555,25561,923,26484,138
2022-03-09,Nevada,057,99092,15861,15938,1184,17122,123
2022-03-09,Orange,059,3164182,544096,542278,40993,583271,6700
2022-03-09,Placer,061,380077,62408,62242,7284,69526,598
2022-03-09,Plumas,063,18699,2959,2708,358,3066,13
2022-03-09,Riverside,065,2383286,589242,587833,27575,615408,6305
2022-03-09,Sacramento,067,1510023,279407,274373,26343,300716,2877
2022-03-09,San Benito,069,59416,12895,12864,504,13368,95
2022-03-09,San Bernardino,071,2135413,572463,558795,24785,583580,6723
2022-03-09,San Diego,073,3302833,746540,743956,52219,796175,5083
2022-03-09,San Francisco,075,870044,122801,123676,8085,131761,812
2022-03-09,San Joaquin,077,732212,166000,165444,9818,175262,2113
2022-03-09,San Luis Obispo,079,281455,52114,51923,3698,55621,457
2022-03-09,San Mateo,081,765935,120455,119194,6837,126031,639
2022-03-09,Santa Barbara,083,443738,85263,85382,4658,90040,661
2022-03-09,Santa Clara,085,1922200,311893,308765,12097,320862,2206
2022-03-09,Santa Cruz,087,273765,47257,46917,2061,48978,254
2022-03-09,Shasta,089,179085,30391,30407,6055,36462,493
2022-03-09,Sierra,091,2930,271,273,48,321,4
2022-03-09,Siskiyou,093,43540,4414,4403,2706,7109,75
2022-03-09,Solano,095,438530,80952,80984,5517,86501,436
2022-03-09,Sonoma,097,501317,82815,82574,2552,85126,473
2022-03-09,Stanislaus,099,539301,117106,117827,17750,135577,1541
2022-03-09,Sutter,101,95872,20374,20409,2023,22432,217
2022-03-09,Tehama,103,63373,12003,11980,2567,14547,159
2022-03-09,Trinity,105,12862,1181,1174,287,1461,20
2022-03-09,Tulare,107,460477,105904,103932,27381,131313,1350
2022-03-09,Tuolumne,109,53932,12627,12444,556,13000,180
2022-03-09,Ventura,111,848112,172216,171852,9316,181168,1448
2022-03-09,Yolo,113,214977,36642,35973,2988,38961,308
2022-03-09,Yuba,115,75493,15734,15714,1174,16888,115
2022-03-08,Alameda,001,1643700,254161,252744,13504,266248,1769
2022-03-08,Alpine,003,1148,122,125,1,126,0
2022-03-08,Amador,005,37829,8458,8407,638,9045,84
2022-03-08,Butte,007,227075,32990,32759,6923,39682,380
2022-03-08,Calaveras,009,45235,7217,7245,343,7588,117
2022-03-08,Colusa,011,21464,3435,3439,1043,4482,21
2022-03-08,Contra Costa,013,1133247,190382,186396,13201,199597,1256
2022-03-08,Del Norte,015,27424,5739,5763,179,5942,48
2022-03-08,El Dorado,017,186661,26570,26503,3179,29682,197
2022-03-08,Fresno,019,978130,230633,227808,23974,251782,2653
2022-03-08,Glenn,021,27897,4972,4944,1592,6536,43
2022-03-08,Humboldt,023,135768,16766,16837,2900,19737,137
2022-03-08,Imperial,025,180216,55150,54721,10501,65222,890
2022-03-08,Inyo,027,18085,4058,4056,466,4522,56
2022-03-08,Kern,029,883053,191141,190208,45557,235765,2154
2022-03-08,Kings,031,150075,51178,51089,3499,54588,434
2022-03-08,Lake,033,64148,10624,10571,877,11448,130
2022-03-08,Lassen,035,31185,8935,8897,871,9768,62
2022-03-08,Los Angeles,037,10098052,2698650,2677166,122347,2799513,30803
2022-03-08,Madera,039,155013,37110,37185,5988,43173,354
2022-03-08,Marin,041,260295,33072,32943,2158,35101,272
2022-03-08,Mariposa,043,17540,2375,2371,198,2569,6
2022-03-08,Mendocino,045,87422,12968,12950,2973,15923,117
2022-03-08,Merced,047,269075,62145,61767,8599,70366,791
2022-03-08,Modoc,049,8938,725,729,247,976,7
2022-03-08,Mono,051,14174,2961,2961,119,3080,5
2022-03-08,Monterey,053,433212,78883,78247,13304,91551,711
2022-03-08,Napa,055,140530,25529,25528,922,26450,137
2022-03-08,Nevada,057,99092,15850,15939,1183,17122,122
2022-03-08,Orange,059,3164182,543950,542164,40973,583137,6692
2022-03-08,Placer,061,380077,62379,62221,7283,69504,594
2022-03-08,Plumas,063,18699,2959,2703,358,3061,13
2022-03-08,Riverside,065,2383286,589134,587686,27568,615254,6294
2022-03-08,Sacramento,067,1510023,279305,274276,26324,300600,2872
2022-03-08,San Benito,069,59416,12893,12855,504,13359,94
2022-03-08,San Bernardino,071,2135413,572370,558512,24775,583287,6715
2022-03-08,San Diego,073,3302833,746197,743604,52202,795806,5077
2022-03-08,San Francisco,075,870044,122705,123675,8080,131755,807
2022-03-08,San Joaquin,077,732212,165964,165381,9814,175195,2104
2022-03-08,San Luis Obispo,079,281455,52086,51900,3695,55595,451
2022-03-08,San Mateo,081,765935,120374,119103,6827,125930,638
2022-03-08,Santa Barbara,083,443738,85231,85363,4658,90021,659
2022-03-08,Santa Clara,085,1922200,311667,308528,12089,320617,2206
2022-03-08,Santa Cruz,087,273765,47220,46875,2060,48935,254
2022-03-08,Shasta,089,179085,30372,30372,6052,36424,493
2022-03-08,Sierra,091,2930,271,273,48,321,4
2022-03-08,Siskiyou,093,43540,4410,4404,2706,7110,74
2022-03-08,Solano,095,438530,80924,80924,5514,86438,434
2022-03-08,Sonoma,097,501317,82767,82571,2551,85122,473
2022-03-08,Stanislaus,099,539301,117062,117782,17741,135523,1541
2022-03-08,Sutter,101,95872,20366,20403,2023,22426,217
2022-03-08,Tehama,103,63373,11999,11972,2566,14538,158
2022-03-08,Trinity,105,12862,1181,1174,287,1461,20
2022-03-08,Tulare,107,460477,105866,103893,27370,131263,1334
2022-03-08,Tuolumne,109,53932,12622,12427,554,12981,180
2022-03-08,Ventura,111,848112,172152,171806,9309,181115,1447
2022-03-08,Yolo,113,214977,36616,35946,2987,38933,306
2022-03-08,Yuba,115,75493,15729,15705,1173,16878,115
2022-03-07,Alameda,001,1643700,253955,252578,13489,266067,1766
2022-03-07,Alpine,003,1148,122,125,1,126,0
2022-03-07,Amador,005,37829,8455,8368,638,9006,84
2022-03-07,Butte,007,227075,32975,32734,6919,39653,378
2022-03-07,Calaveras,009,45235,7213,7242,343,7585,116
2022-03-07,Colusa,011,21464,3435,3437,1043,4480,21
2022-03-07,Contra Costa,013,1133247,190282,186087,13180,199267,1256
2022-03-07,Del Norte,015,27424,5735,5758,179,5937,48
2022-03-07,El Dorado,017,186661,26564,26487,3178,29665,196
2022-03-07,Fresno,019,978130,230542,227670,23951,251621,2653
2022-03-07,Glenn,021,27897,4969,4939,1592,6531,43
2022-03-07,Humboldt,023,135768,16753,16829,2895,19724,137
2022-03-07,Imperial,025,180216,55128,54712,10496,65208,890
2022-03-07,Inyo,027,18085,4056,4054,466,4520,56
2022-03-07,Kern,029,883053,191077,190163,45534,235697,2152
2022-03-07,Kings,031,150075,51148,51065,3494,54559,433
2022-03-07,Lake,033,64148,10612,10562,876,11438,130
2022-03-07,Lassen,035,31185,8934,8896,871,9767,62
2022-03-07,Los Angeles,037,10098052,2697842,2675497,122306,2797803,30759
2022-03-07,Madera,039,155013,37100,37164,5986,43150,354
2022-03-07,Marin,041,260295,33035,32919,2155,35074,272
2022-03-07,Mariposa,043,17540,2374,2369,198,2567,6
2022-03-07,Mendocino,045,87422,12961,12940,2972,15912,117
2022-03-07,Merced,047,269075,62105,61751,8592,70343,791
2022-03-07,Modoc,049,8938,725,729,247,976,7
2022-03-07,Mono,051,14174,2961,2960,119,3079,5
2022-03-07,Monterey,053,433212,78849,78161,13256,91417,706
2022-03-07,Napa,055,140530,25500,25500,922,26422,136
2022-03-07,Nevada,057,99092,15843,15935,1177,17112,122
2022-03-07,Orange,059,3164182,543779,542028,40946,582974,6687
2022-03-07,Placer,061,380077,62350,62215,7282,69497,591
2022-03-07,Plumas,063,18699,2959,2702,358,3060,13
2022-03-07,Riverside,065,2383286,589007,587537,27560,615097,6279
2022-03-07,Sacramento,067,1510023,279203,274079,26311,300390,2866
2022-03-07,San Benito,069,59416,12887,12843,504,13347,94
2022-03-07,San Bernardino,071,2135413,572265,558265,24765,583030,6703
2022-03-07,San Diego,073,3302833,745856,742287,52159,794446,5068
2022-03-07,San Francisco,075,870044,122593,123655,8074,131729,807
2022-03-07,San Joaquin,077,732212,165913,165343,9807,175150,2091
2022-03-07,San Luis Obispo,079,281455,52042,51874,3692,55566,448
2022-03-07,San Mateo,081,765935,120298,119035,6820,125855,630
2022-03-07,Santa Barbara,083,443738,85193,85345,4657,90002,659
2022-03-07,Santa Clara,085,1922200,311471,308517,12083,320600,2202
2022-03-07,Santa Cruz,087,273765,47170,46823,2059,48882,254
2022-03-07,Shasta,089,179085,30359,30352,6049,36401,493
2022-03-07,Sierra,091,2930,271,273,48,321,4
2022-03-07,Siskiyou,093,43540,4406,4398,2705,7103,74
2022-03-07,Solano,095,438530,80867,80886,5512,86398,435
2022-03-07,Sonoma,097,501317,82723,82530,2550,85080,473
2022-03-07,Stanislaus,099,539301,117023,117713,17734,135447,1537
2022-03-07,Sutter,101,95872,20355,20400,2022,22422,217
2022-03-07,Tehama,103,63373,11994,11966,2565,14531,158
2022-03-07,Trinity,105,12862,1179,1173,287,1460,20
2022-03-07,Tulare,107,460477,105830,103834,27360,131194,1316
2022-03-07,Tuolumne,109,53932,12616,12408,553,12961,179
2022-03-07,Ventura,111,848112,172101,171886,9307,181193,1436
2022-03-07,Yolo,113,214977,36593,35934,2981,38915,306
2022-03-07,Yuba,115,75493,15722,15701,1172,16873,115
2022-03-06,Alameda,001,1643700,253764,252460,13481,265941,1766
2022-03-06,Alpine,003,1148,122,125,1,126,0
2022-03-06,Amador,005,37829,8452,8367,636,9003,84
2022-03-06,Butte,007,227075,32962,32714,6914,39628,376
2022-03-06,Calaveras,009,45235,7211,7236,342,7578,116
2022-03-06,Colusa,011,21464,3433,3435,1042,4477,21
2022-03-06,Contra Costa,013,1133247,190167,185974,13155,199129,1256
2022-03-06,Del Norte,015,27424,5720,5744,178,5922,48
2022-03-06,El Dorado,017,186661,26556,26478,3176,29654,196
2022-03-06,Fresno,019,978130,230400,227514,23941,251455,2653
2022-03-06,Glenn,021,27897,4965,4939,1592,6531,43
2022-03-06,Humboldt,023,135768,16743,16813,2892,19705,137
2022-03-06,Imperial,025,180216,55110,54719,10486,65205,890
2022-03-06,Inyo,027,18085,4054,4053,466,4519,56
2022-03-06,Kern,029,883053,191021,190088,45514,235602,2152
2022-03-06,Kings,031,150075,51078,51050,3492,54542,432
2022-03-06,Lake,033,64148,10599,10539,875,11414,130
2022-03-06,Lassen,035,31185,8921,8887,870,9757,62
2022-03-06,Los Angeles,037,10098052,2696908,2675456,122252,2797708,30759
2022-03-06,Madera,039,155013,37070,37135,5979,43114,354
2022-03-06,Marin,041,260295,33009,32879,2154,35033,272
2022-03-06,Mariposa,043,17540,2373,2365,197,2562,6
2022-03-06,Mendocino,045,87422,12949,12923,2968,15891,116
2022-03-06,Merced,047,269075,62073,61722,8574,70296,791
2022-03-06,Modoc,049,8938,725,729,247,976,7
2022-03-06,Mono,051,14174,2961,2959,119,3078,5
2022-03-06,Monterey,053,433212,78803,78154,13225,91379,706
2022-03-06,Napa,055,140530,25465,25457,920,26377,136
2022-03-06,Nevada,057,99092,15832,15924,1176,17100,122
2022-03-06,Orange,059,3164182,543621,541903,40900,582803,6688
2022-03-06,Placer,061,380077,62317,62185,7278,69463,591
2022-03-06,Plumas,063,18699,2954,2704,358,3062,13
2022-03-06,Riverside,065,2383286,588845,587388,27540,614928,6279
2022-03-06,Sacramento,067,1510023,279067,273935,26287,300222,2869
2022-03-06,San Benito,069,59416,12876,12835,503,13338,94
2022-03-06,San Bernardino,071,2135413,572143,558139,24753,582892,6701
2022-03-06,San Diego,073,3302833,745461,742287,52110,794397,5068
2022-03-06,San Francisco,075,870044,122460,123742,8071,131813,806
2022-03-06,San Joaquin,077,732212,165831,165252,9801,175053,2091
2022-03-06,San Luis Obispo,079,281455,52004,51828,3690,55518,448
2022-03-06,San Mateo,081,765935,120215,118916,6811,125727,630
2022-03-06,Santa Barbara,083,443738,85152,85317,4652,89969,659
2022-03-06,Santa Clara,085,1922200,311203,308250,12081,320331,2201
2022-03-06,Santa Cruz,087,273765,47119,46755,2058,48813,254
2022-03-06,Shasta,089,179085,30336,30332,6033,36365,493
2022-03-06,Sierra,091,2930,271,273,48,321,4
2022-03-06,Siskiyou,093,43540,4404,4398,2703,7101,74
2022-03-06,Solano,095,438530,80810,80833,5506,86339,435
2022-03-06,Sonoma,097,501317,82688,82458,2546,85004,473
2022-03-06,Stanislaus,099,539301,116977,117680,17722,135402,1536
2022-03-06,Sutter,101,95872,20345,20390,2018,22408,217
2022-03-06,Tehama,103,63373,11986,11963,2565,14528,158
2022-03-06,Trinity,105,12862,1179,1172,286,1458,20
2022-03-06,Tulare,107,460477,105774,103794,27348,131142,1316
2022-03-06,Tuolumne,109,53932,12610,12379,551,12930,179
2022-03-06,Ventura,111,848112,172032,171819,9305,181124,1436
2022-03-06,Yolo,113,214977,36567,35882,2978,38860,306
2022-03-06,Yuba,115,75493,15718,15694,1171,16865,115
2022-03-05,Alameda,001,1643700,253648,251988,13476,265464,1760
2022-03-05,Alpine,003,1148,122,125,1,126,0
2022-03-05,Amador,005,37829,8449,8344,636,8980,83
2022-03-05,Butte,007,227075,32954,32663,6910,39573,372
2022-03-05,Calaveras,009,45235,7208,7236,342,7578,116
2022-03-05,Colusa,011,21464,3433,3433,1042,4475,21
2022-03-05,Contra Costa,013,1133247,190104,185734,13150,198884,1235
2022-03-05,Del Norte,015,27424,5717,5725,178,5903,48
2022-03-05,El Dorado,017,186661,26550,26446,3173,29619,193
2022-03-05,Fresno,019,978130,230348,227154,23940,251094,2640
2022-03-05,Glenn,021,27897,4961,4927,1592,6519,43
2022-03-05,Humboldt,023,135768,16737,16781,2890,19671,136
2022-03-05,Imperial,025,180216,55100,54650,10484,65134,880
2022-03-05,Inyo,027,18085,4053,4043,465,4508,56
2022-03-05,Kern,029,883053,190988,189817,45496,235313,2141
2022-03-05,Kings,031,150075,51071,50926,3491,54417,431
2022-03-05,Lake,033,64148,10591,10512,874,11386,130
2022-03-05,Lassen,035,31185,8913,8818,870,9688,62
2022-03-05,Los Angeles,037,10098052,2696544,2671564,122216,2793780,30608
2022-03-05,Madera,039,155013,37055,37100,5979,43079,354
2022-03-05,Marin,041,260295,32997,32829,2154,34983,272
2022-03-05,Mariposa,043,17540,2373,2363,197,2560,6
2022-03-05,Mendocino,045,87422,12946,12845,2968,15813,113
2022-03-05,Merced,047,269075,62062,61653,8574,70227,789
2022-03-05,Modoc,049,8938,725,729,247,976,7
2022-03-05,Mono,051,14174,2961,2961,119,3080,5
2022-03-05,Monterey,053,433212,78784,78028,13218,91246,704
2022-03-05,Napa,055,140530,25447,25405,920,26325,134
2022-03-05,Nevada,057,99092,15828,15907,1176,17083,122
2022-03-05,Orange,059,3164182,543496,541463,40888,582351,6638
2022-03-05,Placer,061,380077,62303,62117,7271,69388,591
2022-03-05,Plumas,063,18699,2953,2701,358,3059,13
2022-03-05,Riverside,065,2383286,588754,586785,27536,614321,6239
2022-03-05,Sacramento,067,1510023,279003,273487,26281,299768,2847
2022-03-05,San Benito,069,59416,12874,12820,503,13323,94
2022-03-05,San Bernardino,071,2135413,572085,557421,24747,582168,6641
2022-03-05,San Diego,073,3302833,745273,740747,52098,792845,5045
2022-03-05,San Francisco,075,870044,122391,123537,8068,131605,798
2022-03-05,San Joaquin,077,732212,165791,165085,9793,174878,2069
2022-03-05,San Luis Obispo,079,281455,51996,51739,3689,55428,446
2022-03-05,San Mateo,081,765935,120160,118646,6807,125453,621
2022-03-05,Santa Barbara,083,443738,85137,85249,4652,89901,655
2022-03-05,Santa Clara,085,1922200,311086,307689,12078,319767,2195
2022-03-05,Santa Cruz,087,273765,47099,46622,2058,48680,253
2022-03-05,Shasta,089,179085,30324,30282,6033,36315,492
2022-03-05,Sierra,091,2930,271,273,47,320,4
2022-03-05,Siskiyou,093,43540,4403,4389,2702,7091,74
2022-03-05,Solano,095,438530,80793,80690,5506,86196,435
2022-03-05,Sonoma,097,501317,82666,82313,2546,84859,473
2022-03-05,Stanislaus,099,539301,116951,117501,17720,135221,1531
2022-03-05,Sutter,101,95872,20337,20346,2018,22364,217
2022-03-05,Tehama,103,63373,11983,11939,2565,14504,158
2022-03-05,Trinity,105,12862,1179,1170,284,1454,20
2022-03-05,Tulare,107,460477,105760,103534,27339,130873,1305
2022-03-05,Tuolumne,109,53932,12606,12325,550,12875,178
2022-03-05,Ventura,111,848112,171991,171666,9303,180969,1436
2022-03-05,Yolo,113,214977,36553,35856,2978,38834,306
2022-03-05,Yuba,115,75493,15710,15666,1171,16837,115
2022-03-04,Alameda,001,1643700,253552,251988,13468,265456,1760
2022-03-04,Alpine,003,1148,122,125,1,126,0
2022-03-04,Amador,005,37829,8448,8344,636,8980,83
2022-03-04,Butte,007,227075,32948,32663,6905,39568,372
2022-03-04,Calaveras,009,45235,7207,7236,342,7578,116
2022-03-04,Colusa,011,21464,3431,3433,1042,4475,21
2022-03-04,Contra Costa,013,1133247,190035,185734,13147,198881,1235
2022-03-04,Del Norte,015,27424,5707,5725,178,5903,48
2022-03-04,El Dorado,017,186661,26546,26446,3173,29619,193
2022-03-04,Fresno,019,978130,230285,227154,23933,251087,2640
2022-03-04,Glenn,021,27897,4960,4927,1592,6519,43
2022-03-04,Humboldt,023,135768,16733,16781,2890,19671,136
2022-03-04,Imperial,025,180216,55093,54650,10480,65130,880
2022-03-04,Inyo,027,18085,4053,4043,465,4508,56
2022-03-04,Kern,029,883053,190946,189817,45486,235303,2141
2022-03-04,Kings,031,150075,51058,50926,3491,54417,431
2022-03-04,Lake,033,64148,10590,10512,874,11386,130
2022-03-04,Lassen,035,31185,8911,8818,870,9688,62
2022-03-04,Los Angeles,037,10098052,2696014,2671564,122187,2793751,30608
2022-03-04,Madera,039,155013,37046,37100,5979,43079,354
2022-03-04,Marin,041,260295,32975,32829,2152,34981,272
2022-03-04,Mariposa,043,17540,2368,2363,197,2560,6
2022-03-04,Mendocino,045,87422,12940,12845,2968,15813,113
2022-03-04,Merced,047,269075,62052,61653,8572,70225,789
2022-03-04,Modoc,049,8938,725,729,247,976,7
2022-03-04,Mono,051,14174,2961,2961,119,3080,5
2022-03-04,Monterey,053,433212,78764,78028,13212,91240,704
2022-03-04,Napa,055,140530,25432,25405,919,26324,134
2022-03-04,Nevada,057,99092,15823,15907,1176,17083,122
2022-03-04,Orange,059,3164182,543377,541463,40870,582333,6638
2022-03-04,Placer,061,380077,62291,62117,7268,69385,591
2022-03-04,Plumas,063,18699,2953,2701,357,3058,13
2022-03-04,Riverside,065,2383286,588667,586785,27535,614320,6239
2022-03-04,Sacramento,067,1510023,278930,273487,26278,299765,2847
2022-03-04,San Benito,069,59416,12870,12820,503,13323,94
2022-03-04,San Bernardino,071,2135413,572003,557421,24746,582167,6641
2022-03-04,San Diego,073,3302833,745035,740747,52081,792828,5045
2022-03-04,San Francisco,075,870044,122327,123537,8061,131598,798
2022-03-04,San Joaquin,077,732212,165759,165085,9792,174877,2069
2022-03-04,San Luis Obispo,079,281455,51987,51739,3688,55427,446
2022-03-04,San Mateo,081,765935,120102,118646,6805,125451,621
2022-03-04,Santa Barbara,083,443738,85114,85249,4652,89901,655
2022-03-04,Santa Clara,085,1922200,310936,307689,12075,319764,2195
2022-03-04,Santa Cruz,087,273765,47077,46622,2058,48680,253
2022-03-04,Shasta,089,179085,30316,30282,6030,36312,492
2022-03-04,Sierra,091,2930,271,273,47,320,4
2022-03-04,Siskiyou,093,43540,4402,4389,2698,7087,74
2022-03-04,Solano,095,438530,80760,80690,5503,86193,435
2022-03-04,Sonoma,097,501317,82635,82313,2545,84858,473
2022-03-04,Stanislaus,099,539301,116932,117501,17718,135219,1531
2022-03-04,Sutter,101,95872,20333,20346,2018,22364,217
2022-03-04,Tehama,103,63373,11980,11939,2565,14504,158
2022-03-04,Trinity,105,12862,1179,1170,284,1454,20
2022-03-04,Tulare,107,460477,105741,103534,27334,130868,1305
2022-03-04,Tuolumne,109,53932,12601,12325,550,12875,178
2022-03-04,Ventura,111,848112,171943,171666,9300,180966,1436
2022-03-04,Yolo,113,214977,36536,35856,2978,38834,306
2022-03-04,Yuba,115,75493,15705,15666,1170,16836,115
2022-03-03,Alameda,001,1643700,253435,251988,13456,265444,1760
2022-03-03,Alpine,003,1148,122,125,1,126,0
2022-03-03,Amador,005,37829,8447,8344,636,8980,83
2022-03-03,Butte,007,227075,32931,32663,6898,39561,372
2022-03-03,Calaveras,009,45235,7195,7236,342,7578,116
2022-03-03,Colusa,011,21464,3431,3433,1042,4475,21
2022-03-03,Contra Costa,013,1133247,189960,185734,13132,198866,1235
2022-03-03,Del Norte,015,27424,5700,5725,178,5903,48
2022-03-03,El Dorado,017,186661,26528,26446,3172,29618,193
2022-03-03,Fresno,019,978130,230157,227154,23925,251079,2640
2022-03-03,Glenn,021,27897,4957,4927,1591,6518,43
2022-03-03,Humboldt,023,135768,16718,16781,2889,19670,136
2022-03-03,Imperial,025,180216,55076,54650,10478,65128,880
2022-03-03,Inyo,027,18085,4052,4043,465,4508,56
2022-03-03,Kern,029,883053,190878,189817,45468,235285,2141
2022-03-03,Kings,031,150075,51035,50926,3489,54415,431
2022-03-03,Lake,033,64148,10585,10512,872,11384,130
2022-03-03,Lassen,035,31185,8903,8818,870,9688,62
2022-03-03,Los Angeles,037,10098052,2695287,2671564,122145,2793709,30608
2022-03-03,Madera,039,155013,37030,37100,5974,43074,354
2022-03-03,Marin,041,260295,32949,32829,2151,34980,272
2022-03-03,Mariposa,043,17540,2367,2363,197,2560,6
2022-03-03,Mendocino,045,87422,12929,12845,2966,15811,113
2022-03-03,Merced,047,269075,62033,61653,8566,70219,789
2022-03-03,Modoc,049,8938,725,729,247,976,7
2022-03-03,Mono,051,14174,2960,2961,119,3080,5
2022-03-03,Monterey,053,433212,78734,78028,13195,91223,704
2022-03-03,Napa,055,140530,25408,25405,918,26323,134
2022-03-03,Nevada,057,99092,15818,15907,1171,17078,122
2022-03-03,Orange,059,3164182,543201,541463,40844,582307,6638
2022-03-03,Placer,061,380077,62269,62117,7265,69382,591
2022-03-03,Plumas,063,18699,2952,2701,357,3058,13
2022-03-03,Riverside,065,2383286,588534,586785,27530,614315,6239
2022-03-03,Sacramento,067,1510023,278817,273487,26261,299748,2847
2022-03-03,San Benito,069,59416,12866,12820,503,13323,94
2022-03-03,San Bernardino,071,2135413,571901,557421,24740,582161,6641
2022-03-03,San Diego,073,3302833,744692,740747,52063,792810,5045
2022-03-03,San Francisco,075,870044,122253,123537,8050,131587,798
2022-03-03,San Joaquin,077,732212,165684,165085,9789,174874,2069
2022-03-03,San Luis Obispo,079,281455,51932,51739,3680,55419,446
2022-03-03,San Mateo,081,765935,120027,118646,6795,125441,621
2022-03-03,Santa Barbara,083,443738,85095,85249,4643,89892,655
2022-03-03,Santa Clara,085,1922200,310755,307689,12060,319749,2195
2022-03-03,Santa Cruz,087,273765,47027,46622,2056,48678,253
2022-03-03,Shasta,089,179085,30298,30282,6028,36310,492
2022-03-03,Sierra,091,2930,271,273,47,320,4
2022-03-03,Siskiyou,093,43540,4400,4389,2698,7087,74
2022-03-03,Solano,095,438530,80711,80690,5501,86191,435
2022-03-03,Sonoma,097,501317,82587,82313,2540,84853,473
2022-03-03,Stanislaus,099,539301,116899,117501,17710,135211,1531
2022-03-03,Sutter,101,95872,20325,20346,2018,22364,217
2022-03-03,Tehama,103,63373,11977,11939,2565,14504,158
2022-03-03,Trinity,105,12862,1178,1170,284,1454,20
2022-03-03,Tulare,107,460477,105698,103534,27326,130860,1305
2022-03-03,Tuolumne,109,53932,12590,12325,550,12875,178
2022-03-03,Ventura,111,848112,171891,171666,9298,180964,1436
2022-03-03,Yolo,113,214977,36512,35856,2973,38829,306
2022-03-03,Yuba,115,75493,15699,15666,1165,16831,115
2022-03-02,Alameda,001,1643700,253256,251886,13439,265325,1759
2022-03-02,Alpine,003,1148,122,125,1,126,0
2022-03-02,Amador,005,37829,8434,8341,636,8977,83
2022-03-02,Butte,007,227075,32919,32636,6894,39530,372
2022-03-02,Calaveras,009,45235,7194,7225,342,7567,116
2022-03-02,Colusa,011,21464,3428,3428,1042,4470,21
2022-03-02,Contra Costa,013,1133247,189867,185589,13114,198703,1236
2022-03-02,Del Norte,015,27424,5693,5708,176,5884,47
2022-03-02,El Dorado,017,186661,26517,26433,3169,29602,192
2022-03-02,Fresno,019,978130,230024,226932,23915,250847,2629
2022-03-02,Glenn,021,27897,4956,4922,1590,6512,43
2022-03-02,Humboldt,023,135768,16708,16747,2882,19629,135
2022-03-02,Imperial,025,180216,55050,54629,10473,65102,878
2022-03-02,Inyo,027,18085,4050,4041,464,4505,56
2022-03-02,Kern,029,883053,190810,189656,45449,235105,2136
2022-03-02,Kings,031,150075,51009,50819,3486,54305,431
2022-03-02,Lake,033,64148,10572,10495,870,11365,130
2022-03-02,Lassen,035,31185,8900,8811,869,9680,62
2022-03-02,Los Angeles,037,10098052,2694406,2670287,122097,2792384,30535
2022-03-02,Madera,039,155013,37013,37077,5972,43049,354
2022-03-02,Marin,041,260295,32932,32794,2150,34944,272
2022-03-02,Mariposa,043,17540,2367,2359,197,2556,6
2022-03-02,Mendocino,045,87422,12916,12832,2961,15793,112
2022-03-02,Merced,047,269075,62008,61606,8557,70163,785
2022-03-02,Modoc,049,8938,725,729,247,976,7
2022-03-02,Mono,051,14174,2960,2961,119,3080,5
2022-03-02,Monterey,053,433212,78697,77963,13172,91135,703
2022-03-02,Napa,055,140530,25359,25382,917,26299,134
2022-03-02,Nevada,057,99092,15807,15920,1170,17090,122
2022-03-02,Orange,059,3164182,542997,541230,40817,582047,6623
2022-03-02,Placer,061,380077,62247,62066,7262,69328,589
2022-03-02,Plumas,063,18699,2952,2700,357,3057,13
2022-03-02,Riverside,065,2383286,588384,586513,27520,614033,6229
2022-03-02,Sacramento,067,1510023,278699,273291,26250,299541,2837
2022-03-02,San Benito,069,59416,12855,12814,503,13317,94
2022-03-02,San Bernardino,071,2135413,571791,557082,24734,581816,6619
2022-03-02,San Diego,073,3302833,744332,739803,52015,791818,5034
2022-03-02,San Francisco,075,870044,122158,123442,8048,131490,792
2022-03-02,San Joaquin,077,732212,165625,164968,9784,174752,2063
2022-03-02,San Luis Obispo,079,281455,51894,51686,3675,55361,446
2022-03-02,San Mateo,081,765935,119940,118518,6779,125297,617
2022-03-02,Santa Barbara,083,443738,85070,85183,4642,89825,655
2022-03-02,Santa Clara,085,1922200,310541,307354,12046,319400,2184
2022-03-02,Santa Cruz,087,273765,46956,46534,2055,48589,253
2022-03-02,Shasta,089,179085,30273,30253,6018,36271,490
2022-03-02,Sierra,091,2930,271,273,47,320,4
2022-03-02,Siskiyou,093,43540,4399,4384,2695,7079,74
2022-03-02,Solano,095,438530,80645,80626,5498,86124,433
2022-03-02,Sonoma,097,501317,82541,82208,2536,84744,473
2022-03-02,Stanislaus,099,539301,116863,117411,17685,135096,1519
2022-03-02,Sutter,101,95872,20303,20317,2001,22318,216
2022-03-02,Tehama,103,63373,11973,11930,2564,14494,158
2022-03-02,Trinity,105,12862,1176,1160,284,1444,20
2022-03-02,Tulare,107,460477,105658,103451,27311,130762,1302
2022-03-02,Tuolumne,109,53932,12585,12297,550,12847,179
2022-03-02,Ventura,111,848112,171838,171770,9294,181064,1427
2022-03-02,Yolo,113,214977,36494,35799,2968,38767,305
2022-03-02,Yuba,115,75493,15686,15653,1160,16813,115
2022-03-01,Alameda,001,1643700,253088,251830,13427,265257,1749
2022-03-01,Alpine,003,1148,122,125,1,126,0
2022-03-01,Amador,005,37829,8386,8334,634,8968,83
2022-03-01,Butte,007,227075,32895,32575,6889,39464,372
2022-03-01,Calaveras,009,45235,7191,7223,341,7564,116
2022-03-01,Colusa,011,21464,3427,3423,1042,4465,21
2022-03-01,Contra Costa,013,1133247,189757,185378,13099,198477,1231
2022-03-01,Del Norte,015,27424,5690,5701,175,5876,45
2022-03-01,El Dorado,017,186661,26498,26413,3167,29580,192
2022-03-01,Fresno,019,978130,229884,226594,23901,250495,2628
2022-03-01,Glenn,021,27897,4954,4919,1588,6507,40
2022-03-01,Humboldt,023,135768,16687,16727,2875,19602,135
2022-03-01,Imperial,025,180216,55033,54570,10467,65037,875
2022-03-01,Inyo,027,18085,4046,4041,463,4504,56
2022-03-01,Kern,029,883053,190736,189365,45425,234790,2120
2022-03-01,Kings,031,150075,50987,50763,3482,54245,427
2022-03-01,Lake,033,64148,10561,10471,868,11339,128
2022-03-01,Lassen,035,31185,8896,8801,869,9670,61
2022-03-01,Los Angeles,037,10098052,2693454,2669489,122039,2791528,30486
2022-03-01,Madera,039,155013,36993,37046,5966,43012,354
2022-03-01,Marin,041,260295,32906,32764,2149,34913,272
2022-03-01,Mariposa,043,17540,2366,2357,196,2553,6
2022-03-01,Mendocino,045,87422,12905,12818,2959,15777,112
2022-03-01,Merced,047,269075,61977,61549,8543,70092,781
2022-03-01,Modoc,049,8938,725,729,247,976,7
2022-03-01,Mono,051,14174,2959,2960,119,3079,6
2022-03-01,Monterey,053,433212,78671,77911,13162,91073,696
2022-03-01,Napa,055,140530,25328,25344,917,26261,134
2022-03-01,Nevada,057,99092,15799,15916,1167,17083,121
2022-03-01,Orange,059,3164182,542781,541054,40782,581836,6612
2022-03-01,Placer,061,380077,62219,62021,7257,69278,583
2022-03-01,Plumas,063,18699,2952,2694,357,3051,13
2022-03-01,Riverside,065,2383286,588220,586184,27519,613703,6198
2022-03-01,Sacramento,067,1510023,278569,273089,26237,299326,2831
2022-03-01,San Benito,069,59416,12851,12806,503,13309,94
2022-03-01,San Bernardino,071,2135413,571657,556743,24732,581475,6588
2022-03-01,San Diego,073,3302833,743907,739136,51973,791109,5029
2022-03-01,San Francisco,075,870044,122055,123481,8042,131523,792
2022-03-01,San Joaquin,077,732212,165558,164894,9780,174674,2062
2022-03-01,San Luis Obispo,079,281455,51858,51592,3671,55263,445
2022-03-01,San Mateo,081,765935,119863,118358,6772,125130,613
2022-03-01,Santa Barbara,083,443738,85034,85134,4638,89772,654
2022-03-01,Santa Clara,085,1922200,310285,306978,12034,319012,2190
2022-03-01,Santa Cruz,087,273765,46906,46471,2052,48523,253
2022-03-01,Shasta,089,179085,30244,30227,6015,36242,489
2022-03-01,Sierra,091,2930,271,274,47,321,5
2022-03-01,Siskiyou,093,43540,4397,4384,2692,7076,74
2022-03-01,Solano,095,438530,80582,80556,5495,86051,434
2022-03-01,Sonoma,097,501317,82471,82103,2530,84633,477
2022-03-01,Stanislaus,099,539301,116811,117308,17660,134968,1521
2022-03-01,Sutter,101,95872,20289,20288,1997,22285,217
2022-03-01,Tehama,103,63373,11967,11923,2561,14484,158
2022-03-01,Trinity,105,12862,1175,1159,284,1443,20
2022-03-01,Tulare,107,460477,105576,103371,27291,130662,1302
2022-03-01,Tuolumne,109,53932,12578,12276,548,12824,175
2022-03-01,Ventura,111,848112,171768,171672,9287,180959,1427
2022-03-01,Yolo,113,214977,36469,35801,2962,38763,299
2022-03-01,Yuba,115,75493,15678,15637,1160,16797,116
2022-02-28,Alameda,001,1643700,252865,251714,13412,265126,1742
2022-02-28,Alpine,003,1148,122,125,1,126,0
2022-02-28,Amador,005,37829,8380,8308,633,8941,83
2022-02-28,Butte,007,227075,32876,32550,6883,39433,368
2022-02-28,Calaveras,009,45235,7188,7220,340,7560,110
2022-02-28,Colusa,011,21464,3426,3422,1040,4462,21
2022-02-28,Contra Costa,013,1133247,189652,185272,13080,198352,1231
2022-02-28,Del Norte,015,27424,5685,5699,174,5873,45
2022-02-28,El Dorado,017,186661,26488,26409,3162,29571,191
2022-02-28,Fresno,019,978130,229683,226519,23880,250399,2622
2022-02-28,Glenn,021,27897,4950,4918,1588,6506,40
2022-02-28,Humboldt,023,135768,16672,16717,2871,19588,135
2022-02-28,Imperial,025,180216,55006,54517,10463,64980,875
2022-02-28,Inyo,027,18085,4046,4041,462,4503,56
2022-02-28,Kern,029,883053,190644,189245,45396,234641,2115
2022-02-28,Kings,031,150075,50947,50741,3481,54222,427
2022-02-28,Lake,033,64148,10549,10468,864,11332,128
2022-02-28,Lassen,035,31185,8839,8794,869,9663,55
2022-02-28,Los Angeles,037,10098052,2692283,2666804,121943,2788747,30410
2022-02-28,Madera,039,155013,36967,37023,5950,42973,354
2022-02-28,Marin,041,260295,32881,32775,2149,34924,272
2022-02-28,Mariposa,043,17540,2363,2354,194,2548,6
2022-02-28,Mendocino,045,87422,12896,12800,2951,15751,112
2022-02-28,Merced,047,269075,61932,61519,8526,70045,781
2022-02-28,Modoc,049,8938,725,727,247,974,7
2022-02-28,Mono,051,14174,2959,2961,119,3080,5
2022-02-28,Monterey,053,433212,78604,77865,13141,91006,693
2022-02-28,Napa,055,140530,25301,25317,917,26234,129
2022-02-28,Nevada,057,99092,15793,15908,1161,17069,121
2022-02-28,Orange,059,3164182,542528,540839,40768,581607,6605
2022-02-28,Placer,061,380077,62188,61976,7252,69228,577
2022-02-28,Plumas,063,18699,2952,2691,356,3047,13
2022-02-28,Riverside,065,2383286,588026,585891,27487,613378,6179
2022-02-28,Sacramento,067,1510023,278429,273038,26213,299251,2825
2022-02-28,San Benito,069,59416,12846,12798,503,13301,94
2022-02-28,San Bernardino,071,2135413,571473,556540,24718,581258,6576
2022-02-28,San Diego,073,3302833,743519,737760,51943,789703,5018
2022-02-28,San Francisco,075,870044,121895,123402,8036,131438,792
2022-02-28,San Joaquin,077,732212,165472,164833,9770,174603,2060
2022-02-28,San Luis Obispo,079,281455,51797,51565,3664,55229,440
2022-02-28,San Mateo,081,765935,119764,118301,6766,125067,611
2022-02-28,Santa Barbara,083,443738,84990,85076,4633,89709,653
2022-02-28,Santa Clara,085,1922200,310003,306930,12013,318943,2180
2022-02-28,Santa Cruz,087,273765,46836,46447,2052,48499,253
2022-02-28,Shasta,089,179085,30219,30213,6011,36224,488
2022-02-28,Sierra,091,2930,271,273,47,320,4
2022-02-28,Siskiyou,093,43540,4394,4382,2687,7069,74
2022-02-28,Solano,095,438530,80514,80544,5483,86027,430
2022-02-28,Sonoma,097,501317,82403,82058,2527,84585,477
2022-02-28,Stanislaus,099,539301,116747,117231,17643,134874,1521
2022-02-28,Sutter,101,95872,20276,20285,1994,22279,214
2022-02-28,Tehama,103,63373,11953,11917,2561,14478,158
2022-02-28,Trinity,105,12862,1175,1160,284,1444,20
2022-02-28,Tulare,107,460477,105527,103304,27275,130579,1300
2022-02-28,Tuolumne,109,53932,12568,12247,548,12795,175
2022-02-28,Ventura,111,848112,171684,171614,9286,180900,1423
2022-02-28,Yolo,113,214977,36433,35754,2955,38709,299
2022-02-28,Yuba,115,75493,15664,15625,1159,16784,115
2022-02-27,Alameda,001,1643700,252592,251624,13403,265027,1744
2022-02-27,Alpine,003,1148,122,125,1,126,0
2022-02-27,Amador,005,37829,8376,8305,630,8935,83
2022-02-27,Butte,007,227075,32840,32551,6870,39421,368
2022-02-27,Calaveras,009,45235,7180,7214,340,7554,110
2022-02-27,Colusa,011,21464,3424,3422,1040,4462,21
2022-02-27,Contra Costa,013,1133247,189524,185185,13060,198245,1230
2022-02-27,Del Norte,015,27424,5668,5691,172,5863,45
2022-02-27,El Dorado,017,186661,26470,26410,3160,29570,191
2022-02-27,Fresno,019,978130,229483,226397,23853,250250,2621
2022-02-27,Glenn,021,27897,4948,4915,1588,6503,40
2022-02-27,Humboldt,023,135768,16650,16713,2864,19577,135
2022-02-27,Imperial,025,180216,54958,54509,10446,64955,875
2022-02-27,Inyo,027,18085,4045,4041,458,4499,56
2022-02-27,Kern,029,883053,190527,189219,45357,234576,2115
2022-02-27,Kings,031,150075,50919,50733,3480,54213,428
2022-02-27,Lake,033,64148,10530,10463,864,11327,128
2022-02-27,Lassen,035,31185,8831,8786,869,9655,55
2022-02-27,Los Angeles,037,10098052,2690971,2666789,121860,2788649,30410
2022-02-27,Madera,039,155013,36941,37009,5942,42951,354
2022-02-27,Marin,041,260295,32843,32756,2147,34903,272
2022-02-27,Mariposa,043,17540,2360,2352,194,2546,6
2022-02-27,Mendocino,045,87422,12879,12798,2938,15736,112
2022-02-27,Merced,047,269075,61879,61491,8508,69999,779
2022-02-27,Modoc,049,8938,724,727,247,974,7
2022-02-27,Mono,051,14174,2958,2960,119,3079,5
2022-02-27,Monterey,053,433212,78546,77851,13117,90968,693
2022-02-27,Napa,055,140530,25264,25316,917,26233,129
2022-02-27,Nevada,057,99092,15785,15900,1157,17057,121
2022-02-27,Orange,059,3164182,542282,540659,40739,581398,6605
2022-02-27,Placer,061,380077,62148,61965,7248,69213,577
2022-02-27,Plumas,063,18699,2949,2691,356,3047,13
2022-02-27,Riverside,065,2383286,587785,585833,27463,613296,6179
2022-02-27,Sacramento,067,1510023,278240,272927,26184,299111,2822
2022-02-27,San Benito,069,59416,12839,12798,503,13301,94
2022-02-27,San Bernardino,071,2135413,571288,556457,24708,581165,6572
2022-02-27,San Diego,073,3302833,743048,737760,51897,789657,5018
2022-02-27,San Francisco,075,870044,121771,123327,8025,131352,791
2022-02-27,San Joaquin,077,732212,165368,164814,9763,174577,2060
2022-02-27,San Luis Obispo,079,281455,51705,51564,3657,55221,439
2022-02-27,San Mateo,081,765935,119651,118244,6761,125005,611
2022-02-27,Santa Barbara,083,443738,84952,85050,4629,89679,653
2022-02-27,Santa Clara,085,1922200,309713,306756,11986,318742,2180
2022-02-27,Santa Cruz,087,273765,46775,46411,2052,48463,253
2022-02-27,Shasta,089,179085,30187,30206,6006,36212,488
2022-02-27,Sierra,091,2930,271,273,47,320,4
2022-02-27,Siskiyou,093,43540,4389,4378,2675,7053,74
2022-02-27,Solano,095,438530,80440,80515,5470,85985,430
2022-02-27,Sonoma,097,501317,82321,82041,2520,84561,476
2022-02-27,Stanislaus,099,539301,116681,117200,17623,134823,1522
2022-02-27,Sutter,101,95872,20259,20280,1988,22268,214
2022-02-27,Tehama,103,63373,11940,11915,2560,14475,158
2022-02-27,Trinity,105,12862,1174,1158,284,1442,20
2022-02-27,Tulare,107,460477,105458,103270,27226,130496,1300
2022-02-27,Tuolumne,109,53932,12555,12243,547,12790,175
2022-02-27,Ventura,111,848112,171609,171660,9282,180942,1423
2022-02-27,Yolo,113,214977,36406,35744,2950,38694,299
2022-02-27,Yuba,115,75493,15654,15619,1157,16776,113
2022-02-26,Alameda,001,1643700,252480,250867,13398,264265,1716
2022-02-26,Alpine,003,1148,122,125,1,126,0
2022-02-26,Amador,005,37829,8374,8282,629,8911,83
2022-02-26,Butte,007,227075,32826,32466,6867,39333,368
2022-02-26,Calaveras,009,45235,7179,7192,340,7532,110
2022-02-26,Colusa,011,21464,3424,3414,1040,4454,21
2022-02-26,Contra Costa,013,1133247,189455,184686,13042,197728,1209
2022-02-26,Del Norte,015,27424,5663,5639,172,5811,45
2022-02-26,El Dorado,017,186661,26459,26355,3157,29512,191
2022-02-26,Fresno,019,978130,229393,225679,23853,249532,2597
2022-02-26,Glenn,021,27897,4946,4909,1587,6496,40
2022-02-26,Humboldt,023,135768,16625,16619,2863,19482,133
2022-02-26,Imperial,025,180216,54931,54367,10444,64811,871
2022-02-26,Inyo,027,18085,4044,4034,453,4487,56
2022-02-26,Kern,029,883053,190474,188584,45338,233922,2106
2022-02-26,Kings,031,150075,50906,50579,3480,54059,423
2022-02-26,Lake,033,64148,10525,10383,864,11247,128
2022-02-26,Lassen,035,31185,8830,8761,869,9630,55
2022-02-26,Los Angeles,037,10098052,2690398,2660973,121820,2782793,30202
2022-02-26,Madera,039,155013,36926,36933,5940,42873,330
2022-02-26,Marin,041,260295,32827,32651,2145,34796,267
2022-02-26,Mariposa,043,17540,2359,2332,194,2526,6
2022-02-26,Mendocino,045,87422,12872,12762,2938,15700,111
2022-02-26,Merced,047,269075,61858,61348,8507,69855,775
2022-02-26,Modoc,049,8938,724,726,247,973,7
2022-02-26,Mono,051,14174,2958,2959,118,3077,5
2022-02-26,Monterey,053,433212,78514,77610,13111,90721,692
2022-02-26,Napa,055,140530,25249,25221,916,26137,130
2022-02-26,Nevada,057,99092,15781,15850,1155,17005,121
2022-02-26,Orange,059,3164182,542171,539992,40722,580714,6540
2022-02-26,Placer,061,380077,62129,61803,7245,69048,573
2022-02-26,Plumas,063,18699,2949,2673,356,3029,13
2022-02-26,Riverside,065,2383286,587664,584835,27454,612289,6143
2022-02-26,Sacramento,067,1510023,278144,272339,26174,298513,2793
2022-02-26,San Benito,069,59416,12835,12770,503,13273,92
2022-02-26,San Bernardino,071,2135413,571199,555668,24701,580369,6505
2022-02-26,San Diego,073,3302833,742825,736049,51873,787922,5002
2022-02-26,San Francisco,075,870044,121701,123079,8017,131096,769
2022-02-26,San Joaquin,077,732212,165335,164418,9762,174180,2048
2022-02-26,San Luis Obispo,079,281455,51693,51358,3655,55013,438
2022-02-26,San Mateo,081,765935,119597,117860,6760,124620,603
2022-02-26,Santa Barbara,083,443738,84921,84830,4629,89459,652
2022-02-26,Santa Clara,085,1922200,309564,305895,11982,317877,2166
2022-02-26,Santa Cruz,087,273765,46752,46186,2052,48238,251
2022-02-26,Shasta,089,179085,30178,30108,6000,36108,485
2022-02-26,Sierra,091,2930,271,270,47,317,1
2022-02-26,Siskiyou,093,43540,4389,4359,2673,7032,72
2022-02-26,Solano,095,438530,80405,80225,5466,85691,428
2022-02-26,Sonoma,097,501317,82287,81702,2518,84220,432
2022-02-26,Stanislaus,099,539301,116643,116896,17618,134514,1503
2022-02-26,Sutter,101,95872,20250,20230,1988,22218,214
2022-02-26,Tehama,103,63373,11934,11878,2558,14436,158
2022-02-26,Trinity,105,12862,1173,1156,284,1440,20
2022-02-26,Tulare,107,460477,105422,102983,27211,130194,1295
2022-02-26,Tuolumne,109,53932,12552,12169,547,12716,175
2022-02-26,Ventura,111,848112,171577,171292,9279,180571,1411
2022-02-26,Yolo,113,214977,36385,35615,2947,38562,296
2022-02-26,Yuba,115,75493,15642,15587,1157,16744,113
2022-02-25,Alameda,001,1643700,252359,250867,13389,264256,1716
2022-02-25,Alpine,003,1148,122,125,1,126,0
2022-02-25,Amador,005,37829,8363,8282,629,8911,83
2022-02-25,Butte,007,227075,32813,32466,6864,39330,368
2022-02-25,Calaveras,009,45235,7177,7192,340,7532,110
2022-02-25,Colusa,011,21464,3424,3414,1040,4454,21
2022-02-25,Contra Costa,013,1133247,189371,184686,13021,197707,1209
2022-02-25,Del Norte,015,27424,5654,5639,172,5811,45
2022-02-25,El Dorado,017,186661,26450,26355,3157,29512,191
2022-02-25,Fresno,019,978130,229295,225679,23846,249525,2597
2022-02-25,Glenn,021,27897,4944,4909,1587,6496,40
2022-02-25,Humboldt,023,135768,16614,16619,2863,19482,133
2022-02-25,Imperial,025,180216,54913,54367,10443,64810,871
2022-02-25,Inyo,027,18085,4043,4034,453,4487,56
2022-02-25,Kern,029,883053,190409,188584,45325,233909,2106
2022-02-25,Kings,031,150075,50892,50579,3478,54057,423
2022-02-25,Lake,033,64148,10507,10383,864,11247,128
2022-02-25,Lassen,035,31185,8827,8761,869,9630,55
2022-02-25,Los Angeles,037,10098052,2689809,2660973,121788,2782761,30202
2022-02-25,Madera,039,155013,36906,36933,5939,42872,330
2022-02-25,Marin,041,260295,32813,32651,2145,34796,267
2022-02-25,Mariposa,043,17540,2356,2332,194,2526,6
2022-02-25,Mendocino,045,87422,12870,12762,2938,15700,111
2022-02-25,Merced,047,269075,61827,61348,8502,69850,775
2022-02-25,Modoc,049,8938,724,726,247,973,7
2022-02-25,Mono,051,14174,2957,2959,118,3077,5
2022-02-25,Monterey,053,433212,78486,77610,13105,90715,692
2022-02-25,Napa,055,140530,25240,25221,916,26137,130
2022-02-25,Nevada,057,99092,15770,15850,1152,17002,121
2022-02-25,Orange,059,3164182,542036,539992,40699,580691,6540
2022-02-25,Placer,061,380077,62114,61803,7239,69042,573
2022-02-25,Plumas,063,18699,2947,2673,356,3029,13
2022-02-25,Riverside,065,2383286,587509,584835,27442,612277,6143
2022-02-25,Sacramento,067,1510023,278042,272339,26169,298508,2793
2022-02-25,San Benito,069,59416,12833,12770,503,13273,92
2022-02-25,San Bernardino,071,2135413,571092,555668,24694,580362,6505
2022-02-25,San Diego,073,3302833,742542,736049,51854,787903,5002
2022-02-25,San Francisco,075,870044,121620,123079,8014,131093,769
2022-02-25,San Joaquin,077,732212,165295,164418,9757,174175,2048
2022-02-25,San Luis Obispo,079,281455,51689,51358,3646,55004,438
2022-02-25,San Mateo,081,765935,119535,117860,6756,124616,603
2022-02-25,Santa Barbara,083,443738,84884,84830,4629,89459,652
2022-02-25,Santa Clara,085,1922200,309378,305895,11979,317874,2166
2022-02-25,Santa Cruz,087,273765,46718,46186,2050,48236,251
2022-02-25,Shasta,089,179085,30169,30108,5998,36106,485
2022-02-25,Sierra,091,2930,271,270,47,317,1
2022-02-25,Siskiyou,093,43540,4389,4359,2672,7031,72
2022-02-25,Solano,095,438530,80376,80225,5465,85690,428
2022-02-25,Sonoma,097,501317,82236,81702,2516,84218,432
2022-02-25,Stanislaus,099,539301,116615,116896,17614,134510,1503
2022-02-25,Sutter,101,95872,20241,20230,1988,22218,214
2022-02-25,Tehama,103,63373,11932,11878,2558,14436,158
2022-02-25,Trinity,105,12862,1173,1156,284,1440,20
2022-02-25,Tulare,107,460477,105388,102983,27189,130172,1295
2022-02-25,Tuolumne,109,53932,12549,12169,547,12716,175
2022-02-25,Ventura,111,848112,171526,171292,9278,180570,1411
2022-02-25,Yolo,113,214977,36370,35615,2947,38562,296
2022-02-25,Yuba,115,75493,15635,15587,1157,16744,113
2022-02-24,Alameda,001,1643700,252153,250867,13380,264247,1716
2022-02-24,Alpine,003,1148,122,125,1,126,0
2022-02-24,Amador,005,37829,8358,8282,628,8910,83
2022-02-24,Butte,007,227075,32792,32466,6860,39326,368
2022-02-24,Calaveras,009,45235,7175,7192,338,7530,110
2022-02-24,Colusa,011,21464,3423,3414,1039,4453,21
2022-02-24,Contra Costa,013,1133247,189242,184686,13012,197698,1209
2022-02-24,Del Norte,015,27424,5639,5639,171,5810,45
2022-02-24,El Dorado,017,186661,26435,26355,3157,29512,191
2022-02-24,Fresno,019,978130,229100,225679,23831,249510,2597
2022-02-24,Glenn,021,27897,4942,4909,1586,6495,40
2022-02-24,Humboldt,023,135768,16598,16619,2862,19481,133
2022-02-24,Imperial,025,180216,54873,54367,10434,64801,871
2022-02-24,Inyo,027,18085,4042,4034,452,4486,56
2022-02-24,Kern,029,883053,190269,188584,45292,233876,2106
2022-02-24,Kings,031,150075,50862,50579,3473,54052,423
2022-02-24,Lake,033,64148,10490,10383,864,11247,128
2022-02-24,Lassen,035,31185,8823,8761,868,9629,55
2022-02-24,Los Angeles,037,10098052,2688649,2660973,121733,2782706,30202
2022-02-24,Madera,039,155013,36880,36933,5937,42870,330
2022-02-24,Marin,041,260295,32793,32651,2144,34795,267
2022-02-24,Mariposa,043,17540,2350,2332,193,2525,6
2022-02-24,Mendocino,045,87422,12863,12762,2934,15696,111
2022-02-24,Merced,047,269075,61797,61348,8493,69841,775
2022-02-24,Modoc,049,8938,723,726,247,973,7
2022-02-24,Mono,051,14174,2956,2959,118,3077,5
2022-02-24,Monterey,053,433212,78434,77610,13097,90707,692
2022-02-24,Napa,055,140530,25200,25221,912,26133,130
2022-02-24,Nevada,057,99092,15756,15850,1152,17002,121
2022-02-24,Orange,059,3164182,541787,539992,40665,580657,6540
2022-02-24,Placer,061,380077,62077,61803,7237,69040,573
2022-02-24,Plumas,063,18699,2942,2673,355,3028,13
2022-02-24,Riverside,065,2383286,587256,584835,27416,612251,6143
2022-02-24,Sacramento,067,1510023,277869,272339,26153,298492,2793
2022-02-24,San Benito,069,59416,12822,12770,503,13273,92
2022-02-24,San Bernardino,071,2135413,570899,555668,24682,580350,6505
2022-02-24,San Diego,073,3302833,742128,736049,51807,787856,5002
2022-02-24,San Francisco,075,870044,121497,123079,8007,131086,769
2022-02-24,San Joaquin,077,732212,165167,164418,9753,174171,2048
2022-02-24,San Luis Obispo,079,281455,51643,51358,3644,55002,438
2022-02-24,San Mateo,081,765935,119443,117860,6749,124609,603
2022-02-24,Santa Barbara,083,443738,84819,84830,4628,89458,652
2022-02-24,Santa Clara,085,1922200,309143,305895,11966,317861,2166
2022-02-24,Santa Cruz,087,273765,46638,46186,2048,48234,251
2022-02-24,Shasta,089,179085,30150,30108,5992,36100,485
2022-02-24,Sierra,091,2930,271,270,47,317,1
2022-02-24,Siskiyou,093,43540,4386,4359,2669,7028,72
2022-02-24,Solano,095,438530,80297,80225,5461,85686,428
2022-02-24,Sonoma,097,501317,82182,81702,2511,84213,432
2022-02-24,Stanislaus,099,539301,116540,116896,17601,134497,1503
2022-02-24,Sutter,101,95872,20227,20230,1972,22202,214
2022-02-24,Tehama,103,63373,11926,11878,2557,14435,158
2022-02-24,Trinity,105,12862,1171,1156,284,1440,20
2022-02-24,Tulare,107,460477,105332,102983,27160,130143,1295
2022-02-24,Tuolumne,109,53932,12539,12169,545,12714,175
2022-02-24,Ventura,111,848112,171448,171292,9275,180567,1411
2022-02-24,Yolo,113,214977,36344,35615,2945,38560,296
2022-02-24,Yuba,115,75493,15621,15587,1157,16744,113
2022-02-23,Alameda,001,1643700,251928,247686,13361,261047,1713
2022-02-23,Alpine,003,1148,122,125,1,126,0
2022-02-23,Amador,005,37829,8340,8274,628,8902,79
2022-02-23,Butte,007,227075,32765,32417,6857,39274,367
2022-02-23,Calaveras,009,45235,7165,7182,337,7519,107
2022-02-23,Colusa,011,21464,3419,3411,1039,4450,21
2022-02-23,Contra Costa,013,1133247,189099,184013,12999,197012,1209
2022-02-23,Del Norte,015,27424,5628,5625,170,5795,45
2022-02-23,El Dorado,017,186661,26419,26317,3153,29470,189
2022-02-23,Fresno,019,978130,228913,225308,23808,249116,2596
2022-02-23,Glenn,021,27897,4938,4909,1584,6493,40
2022-02-23,Humboldt,023,135768,16582,16601,2859,19460,132
2022-02-23,Imperial,025,180216,54834,54292,10421,64713,871
2022-02-23,Inyo,027,18085,4041,4031,449,4480,54
2022-02-23,Kern,029,883053,190166,188432,45245,233677,2106
2022-02-23,Kings,031,150075,50829,50416,3472,53888,423
2022-02-23,Lake,033,64148,10472,10368,863,11231,126
2022-02-23,Lassen,035,31185,8807,8749,868,9617,55
2022-02-23,Los Angeles,037,10098052,2687272,2659569,121689,2781258,30167
2022-02-23,Madera,039,155013,36849,36876,5927,42803,330
2022-02-23,Marin,041,260295,32770,32625,2143,34768,267
2022-02-23,Mariposa,043,17540,2345,2325,192,2517,6
2022-02-23,Mendocino,045,87422,12853,12747,2930,15677,111
2022-02-23,Merced,047,269075,61765,61295,8487,69782,772
2022-02-23,Modoc,049,8938,723,723,246,969,7
2022-02-23,Mono,051,14174,2955,2960,118,3078,5
2022-02-23,Monterey,053,433212,78396,77472,13074,90546,691
2022-02-23,Napa,055,140530,25175,25185,907,26092,128
2022-02-23,Nevada,057,99092,15750,15825,1149,16974,121
2022-02-23,Orange,059,3164182,541482,539631,40643,580274,6520
2022-02-23,Placer,061,380077,62030,61758,7230,68988,573
2022-02-23,Plumas,063,18699,2938,2663,355,3018,13
2022-02-23,Riverside,065,2383286,586965,584381,27380,611761,6119
2022-02-23,Sacramento,067,1510023,277710,272057,26132,298189,2796
2022-02-23,San Benito,069,59416,12815,12756,502,13258,92
2022-02-23,San Bernardino,071,2135413,570739,555238,24666,579904,6479
2022-02-23,San Diego,073,3302833,741624,735406,51757,787163,4988
2022-02-23,San Francisco,075,870044,121370,122127,8005,130132,769
2022-02-23,San Joaquin,077,732212,165075,164257,9747,174004,2042
2022-02-23,San Luis Obispo,079,281455,51595,51264,3642,54906,434
2022-02-23,San Mateo,081,765935,119352,117585,6740,124325,603
2022-02-23,Santa Barbara,083,443738,84758,84760,4624,89384,651
2022-02-23,Santa Clara,085,1922200,308886,305484,11957,317441,2157
2022-02-23,Santa Cruz,087,273765,46568,46059,2047,48106,251
2022-02-23,Shasta,089,179085,30122,30066,5989,36055,481
2022-02-23,Sierra,091,2930,271,270,47,317,1
2022-02-23,Siskiyou,093,43540,4383,4356,2667,7023,71
2022-02-23,Solano,095,438530,80207,80103,5459,85562,427
2022-02-23,Sonoma,097,501317,82128,81594,2509,84103,432
2022-02-23,Stanislaus,099,539301,116463,116789,17592,134381,1482
2022-02-23,Sutter,101,95872,20210,20194,1968,22162,213
2022-02-23,Tehama,103,63373,11916,11863,2557,14420,154
2022-02-23,Trinity,105,12862,1171,1156,284,1440,20
2022-02-23,Tulare,107,460477,105265,102812,27137,129949,1290
2022-02-23,Tuolumne,109,53932,12530,12158,544,12702,175
2022-02-23,Ventura,111,848112,171360,171163,9268,180431,1401
2022-02-23,Yolo,113,214977,36307,35590,2938,38528,296
2022-02-23,Yuba,115,75493,15618,15571,1155,16726,113
2022-02-22,Alameda,001,1643700,251683,247434,13347,260781,1706
2022-02-22,Alpine,003,1148,122,124,1,125,0
2022-02-22,Amador,005,37829,8330,8243,628,8871,79
2022-02-22,Butte,007,227075,32730,32359,6850,39209,366
2022-02-22,Calaveras,009,45235,7156,7178,337,7515,107
2022-02-22,Colusa,011,21464,3418,3402,1037,4439,21
2022-02-22,Contra Costa,013,1133247,188946,183812,12980,196792,1201
2022-02-22,Del Norte,015,27424,5619,5611,169,5780,45
2022-02-22,El Dorado,017,186661,26409,26289,3153,29442,189
2022-02-22,Fresno,019,978130,228687,225104,23782,248886,2592
2022-02-22,Glenn,021,27897,4937,4900,1583,6483,40
2022-02-22,Humboldt,023,135768,16559,16559,2855,19414,132
2022-02-22,Imperial,025,180216,54802,54227,10417,64644,864
2022-02-22,Inyo,027,18085,4039,4026,447,4473,54
2022-02-22,Kern,029,883053,190046,188237,45209,233446,2102
2022-02-22,Kings,031,150075,50767,50359,3470,53829,423
2022-02-22,Lake,033,64148,10461,10353,861,11214,126
2022-02-22,Lassen,035,31185,8803,8730,868,9598,55
2022-02-22,Los Angeles,037,10098052,2685806,2658230,121600,2779830,30129
2022-02-22,Madera,039,155013,36816,36833,5917,42750,330
2022-02-22,Marin,041,260295,32745,32591,2142,34733,267
2022-02-22,Mariposa,043,17540,2337,2322,192,2514,6
2022-02-22,Mendocino,045,87422,12839,12714,2920,15634,110
2022-02-22,Merced,047,269075,61704,61241,8480,69721,770
2022-02-22,Modoc,049,8938,720,720,246,966,6
2022-02-22,Mono,051,14174,2955,2961,118,3079,5
2022-02-22,Monterey,053,433212,78342,77359,13055,90414,690
2022-02-22,Napa,055,140530,25146,25151,906,26057,128
2022-02-22,Nevada,057,99092,15734,15815,1148,16963,121
2022-02-22,Orange,059,3164182,541195,539390,40610,580000,6502
2022-02-22,Placer,061,380077,61992,61709,7225,68934,572
2022-02-22,Plumas,063,18699,2932,2659,354,3013,13
2022-02-22,Riverside,065,2383286,586708,583969,27360,611329,6097
2022-02-22,Sacramento,067,1510023,277520,271789,26109,297898,2775
2022-02-22,San Benito,069,59416,12804,12742,501,13243,92
2022-02-22,San Bernardino,071,2135413,570537,554903,24647,579550,6451
2022-02-22,San Diego,073,3302833,741099,734536,51702,786238,4974
2022-02-22,San Francisco,075,870044,121241,121954,8001,129955,769
2022-02-22,San Joaquin,077,732212,164954,164111,9737,173848,2040
2022-02-22,San Luis Obispo,079,281455,51510,51193,3636,54829,431
2022-02-22,San Mateo,081,765935,119258,117418,6735,124153,603
2022-02-22,Santa Barbara,083,443738,84697,84701,4620,89321,650
2022-02-22,Santa Clara,085,1922200,308602,305045,11951,316996,2155
2022-02-22,Santa Cruz,087,273765,46503,45958,2047,48005,251
2022-02-22,Shasta,089,179085,30097,30024,5984,36008,479
2022-02-22,Sierra,091,2930,271,269,46,315,0
2022-02-22,Siskiyou,093,43540,4380,4350,2662,7012,70
2022-02-22,Solano,095,438530,80131,79968,5457,85425,425
2022-02-22,Sonoma,097,501317,82062,81412,2505,83917,431
2022-02-22,Stanislaus,099,539301,116382,116676,17572,134248,1475
2022-02-22,Sutter,101,95872,20194,20164,1966,22130,210
2022-02-22,Tehama,103,63373,11907,11852,2556,14408,152
2022-02-22,Trinity,105,12862,1171,1147,283,1430,20
2022-02-22,Tulare,107,460477,105159,102717,27107,129824,1287
2022-02-22,Tuolumne,109,53932,12512,12136,543,12679,175
2022-02-22,Ventura,111,848112,171275,171064,9262,180326,1401
2022-02-22,Yolo,113,214977,36270,35527,2933,38460,292
2022-02-22,Yuba,115,75493,15608,15550,1154,16704,110
2022-02-21,Alameda,001,1643700,251398,247434,13331,260765,1704
2022-02-21,Alpine,003,1148,122,124,1,125,0
2022-02-21,Amador,005,37829,8324,8246,628,8874,79
2022-02-21,Butte,007,227075,32688,32356,6826,39182,366
2022-02-21,Calaveras,009,45235,7148,7175,337,7512,107
2022-02-21,Colusa,011,21464,3416,3401,1035,4436,21
2022-02-21,Contra Costa,013,1133247,188719,183701,12966,196667,1201
2022-02-21,Del Norte,015,27424,5601,5601,168,5769,45
2022-02-21,El Dorado,017,186661,26381,26273,3148,29421,189
2022-02-21,Fresno,019,978130,228370,224923,23726,248649,2592
2022-02-21,Glenn,021,27897,4932,4897,1583,6480,40
2022-02-21,Humboldt,023,135768,16516,16548,2847,19395,132
2022-02-21,Imperial,025,180216,54742,54208,10404,64612,864
2022-02-21,Inyo,027,18085,4036,4023,447,4470,54
2022-02-21,Kern,029,883053,189854,188188,45157,233345,2102
2022-02-21,Kings,031,150075,50701,50188,3467,53655,422
2022-02-21,Lake,033,64148,10439,10334,859,11193,126
2022-02-21,Lassen,035,31185,8795,8705,863,9568,55
2022-02-21,Los Angeles,037,10098052,2684026,2656873,121505,2778378,30108
2022-02-21,Madera,039,155013,36779,36796,5896,42692,330
2022-02-21,Marin,041,260295,32721,32570,2142,34712,258
2022-02-21,Mariposa,043,17540,2334,2321,192,2513,6
2022-02-21,Mendocino,045,87422,12813,12706,2908,15614,110
2022-02-21,Merced,047,269075,61647,61209,8463,69672,770
2022-02-21,Modoc,049,8938,719,718,246,964,6
2022-02-21,Mono,051,14174,2954,2960,118,3078,5
2022-02-21,Monterey,053,433212,78248,77354,13014,90368,690
2022-02-21,Napa,055,140530,25107,25126,906,26032,128
2022-02-21,Nevada,057,99092,15723,15810,1145,16955,121
2022-02-21,Orange,059,3164182,540844,539068,40585,579653,6502
2022-02-21,Placer,061,380077,61938,61727,7221,68948,572
2022-02-21,Plumas,063,18699,2929,2657,349,3006,13
2022-02-21,Riverside,065,2383286,586339,583712,27313,611025,6097
2022-02-21,Sacramento,067,1510023,277265,271588,26076,297664,2769
2022-02-21,San Benito,069,59416,12791,12731,501,13232,92
2022-02-21,San Bernardino,071,2135413,570299,554662,24626,579288,6441
2022-02-21,San Diego,073,3302833,740484,732298,51624,783922,4974
2022-02-21,San Francisco,075,870044,121060,121865,7997,129862,769
2022-02-21,San Joaquin,077,732212,164815,164036,9725,173761,2040
2022-02-21,San Luis Obispo,079,281455,51419,51184,3629,54813,429
2022-02-21,San Mateo,081,765935,119165,117259,6727,123986,605
2022-02-21,Santa Barbara,083,443738,84621,84626,4612,89238,650
2022-02-21,Santa Clara,085,1922200,308271,304858,11945,316803,2158
2022-02-21,Santa Cruz,087,273765,46377,45941,2046,47987,251
2022-02-21,Shasta,089,179085,30052,30004,5976,35980,479
2022-02-21,Sierra,091,2930,271,269,46,315,0
2022-02-21,Siskiyou,093,43540,4369,4337,2657,6994,70
2022-02-21,Solano,095,438530,80038,79906,5452,85358,425
2022-02-21,Sonoma,097,501317,81948,81361,2498,83859,431
2022-02-21,Stanislaus,099,539301,116270,116597,17548,134145,1475
2022-02-21,Sutter,101,95872,20169,20152,1964,22116,210
2022-02-21,Tehama,103,63373,11893,11842,2555,14397,152
2022-02-21,Trinity,105,12862,1170,1147,283,1430,20
2022-02-21,Tulare,107,460477,105065,102614,27064,129678,1287
2022-02-21,Tuolumne,109,53932,12501,12126,540,12666,175
2022-02-21,Ventura,111,848112,171136,170939,9253,180192,1401
2022-02-21,Yolo,113,214977,36227,35518,2924,38442,292
2022-02-21,Yuba,115,75493,15589,15546,1145,16691,110
2022-02-20,Alameda,001,1643700,251169,246028,13323,259351,1700
2022-02-20,Alpine,003,1148,122,124,1,125,0
2022-02-20,Amador,005,37829,8312,8203,628,8831,79
2022-02-20,Butte,007,227075,32659,32173,6822,38995,364
2022-02-20,Calaveras,009,45235,7145,7136,336,7472,107
2022-02-20,Colusa,011,21464,3413,3389,1034,4423,21
2022-02-20,Contra Costa,013,1133247,188589,182797,12961,195758,1190
2022-02-20,Del Norte,015,27424,5586,5511,168,5679,45
2022-02-20,El Dorado,017,186661,26360,26101,3147,29248,189
2022-02-20,Fresno,019,978130,228173,223594,23710,247304,2544
2022-02-20,Glenn,021,27897,4929,4881,1583,6464,39
2022-02-20,Humboldt,023,135768,16504,16393,2843,19236,132
2022-02-20,Imperial,025,180216,54676,53967,10394,64361,862
2022-02-20,Inyo,027,18085,4036,4018,446,4464,52
2022-02-20,Kern,029,883053,189720,187158,45113,232271,2095
2022-02-20,Kings,031,150075,50673,49724,3464,53188,421
2022-02-20,Lake,033,64148,10406,10184,858,11042,126
2022-02-20,Lassen,035,31185,8783,8640,863,9503,55
2022-02-20,Los Angeles,037,10098052,2682702,2642878,121422,2764300,29842
2022-02-20,Madera,039,155013,36748,36526,5892,42418,330
2022-02-20,Marin,041,260295,32704,32441,2142,34583,258
2022-02-20,Mariposa,043,17540,2328,2310,190,2500,6
2022-02-20,Mendocino,045,87422,12803,12625,2905,15530,110
2022-02-20,Merced,047,269075,61619,60886,8459,69345,769
2022-02-20,Modoc,049,8938,718,714,246,960,6
2022-02-20,Mono,051,14174,2954,2956,118,3074,5
2022-02-20,Monterey,053,433212,78188,76765,13001,89766,682
2022-02-20,Napa,055,140530,25085,24970,904,25874,127
2022-02-20,Nevada,057,99092,15712,15715,1144,16859,121
2022-02-20,Orange,059,3164182,540525,538019,40549,578568,6416
2022-02-20,Placer,061,380077,61905,61417,7213,68630,560
2022-02-20,Plumas,063,18699,2925,2646,347,2993,13
2022-02-20,Riverside,065,2383286,586071,581788,27287,609075,6087
2022-02-20,Sacramento,067,1510023,277085,270080,26052,296132,2747
2022-02-20,San Benito,069,59416,12788,12665,501,13166,92
2022-02-20,San Bernardino,071,2135413,570091,553151,24609,577760,6400
2022-02-20,San Diego,073,3302833,739912,729549,51560,781109,4947
2022-02-20,San Francisco,075,870044,120922,121197,7987,129184,756
2022-02-20,San Joaquin,077,732212,164696,163083,9714,172797,2033
2022-02-20,San Luis Obispo,079,281455,51390,50823,3625,54448,424
2022-02-20,San Mateo,081,765935,119091,116648,6720,123368,598
2022-02-20,Santa Barbara,083,443738,84577,83988,4610,88598,642
2022-02-20,Santa Clara,085,1922200,307988,303077,11937,315014,2138
2022-02-20,Santa Cruz,087,273765,46311,45532,2043,47575,250
2022-02-20,Shasta,089,179085,30023,29847,5969,35816,479
2022-02-20,Sierra,091,2930,271,269,46,315,0
2022-02-20,Siskiyou,093,43540,4364,4307,2656,6963,70
2022-02-20,Solano,095,438530,79963,78914,5448,84362,424
2022-02-20,Sonoma,097,501317,81873,80843,2495,83338,431
2022-02-20,Stanislaus,099,539301,116204,115976,17531,133507,1454
2022-02-20,Sutter,101,95872,20157,20060,1961,22021,210
2022-02-20,Tehama,103,63373,11881,11760,2552,14312,152
2022-02-20,Trinity,105,12862,1169,1130,283,1413,20
2022-02-20,Tulare,107,460477,104977,101996,27038,129034,1286
2022-02-20,Tuolumne,109,53932,12480,12036,540,12576,175
2022-02-20,Ventura,111,848112,171040,170331,9246,179577,1384
2022-02-20,Yolo,113,214977,36201,35363,2921,38284,293
2022-02-20,Yuba,115,75493,15574,15449,1144,16593,112
2022-02-19,Alameda,001,1643700,250995,246028,13319,259347,1700
2022-02-19,Alpine,003,1148,122,124,1,125,0
2022-02-19,Amador,005,37829,8308,8203,628,8831,79
2022-02-19,Butte,007,227075,32635,32173,6819,38992,364
2022-02-19,Calaveras,009,45235,7145,7136,336,7472,107
2022-02-19,Colusa,011,21464,3412,3389,1032,4421,21
2022-02-19,Contra Costa,013,1133247,188492,182797,12960,195757,1190
2022-02-19,Del Norte,015,27424,5576,5511,168,5679,45
2022-02-19,El Dorado,017,186661,26342,26101,3145,29246,189
2022-02-19,Fresno,019,978130,228055,223594,23703,247297,2544
2022-02-19,Glenn,021,27897,4924,4881,1583,6464,39
2022-02-19,Humboldt,023,135768,16489,16393,2843,19236,132
2022-02-19,Imperial,025,180216,54660,53967,10389,64356,862
2022-02-19,Inyo,027,18085,4035,4018,445,4463,52
2022-02-19,Kern,029,883053,189617,187158,45089,232247,2095
2022-02-19,Kings,031,150075,50650,49724,3463,53187,421
2022-02-19,Lake,033,64148,10397,10184,858,11042,126
2022-02-19,Lassen,035,31185,8771,8640,862,9502,55
2022-02-19,Los Angeles,037,10098052,2681907,2642878,121380,2764258,29842
2022-02-19,Madera,039,155013,36726,36526,5890,42416,330
2022-02-19,Marin,041,260295,32681,32441,2141,34582,258
2022-02-19,Mariposa,043,17540,2325,2310,190,2500,6
2022-02-19,Mendocino,045,87422,12793,12625,2905,15530,110
2022-02-19,Merced,047,269075,61575,60886,8455,69341,769
2022-02-19,Modoc,049,8938,718,714,245,959,6
2022-02-19,Mono,051,14174,2953,2956,118,3074,5
2022-02-19,Monterey,053,433212,78099,76765,12990,89755,682
2022-02-19,Napa,055,140530,25075,24970,904,25874,127
2022-02-19,Nevada,057,99092,15704,15715,1144,16859,121
2022-02-19,Orange,059,3164182,540323,538019,40523,578542,6416
2022-02-19,Placer,061,380077,61858,61417,7213,68630,560
2022-02-19,Plumas,063,18699,2924,2646,347,2993,13
2022-02-19,Riverside,065,2383286,585889,581788,27275,609063,6087
2022-02-19,Sacramento,067,1510023,276941,270080,26041,296121,2747
2022-02-19,San Benito,069,59416,12775,12665,500,13165,92
2022-02-19,San Bernardino,071,2135413,569929,553151,24602,577753,6400
2022-02-19,San Diego,073,3302833,739567,729549,51513,781062,4947
2022-02-19,San Francisco,075,870044,120836,121197,7983,129180,756
2022-02-19,San Joaquin,077,732212,164623,163083,9703,172786,2033
2022-02-19,San Luis Obispo,079,281455,51377,50823,3621,54444,424
2022-02-19,San Mateo,081,765935,119049,116648,6719,123367,598
2022-02-19,Santa Barbara,083,443738,84510,83988,4609,88597,642
2022-02-19,Santa Clara,085,1922200,307793,303077,11935,315012,2138
2022-02-19,Santa Cruz,087,273765,46273,45532,2041,47573,250
2022-02-19,Shasta,089,179085,30009,29847,5966,35813,479
2022-02-19,Sierra,091,2930,271,269,46,315,0
2022-02-19,Siskiyou,093,43540,4361,4307,2656,6963,70
2022-02-19,Solano,095,438530,79921,78914,5447,84361,424
2022-02-19,Sonoma,097,501317,81831,80843,2495,83338,431
2022-02-19,Stanislaus,099,539301,116132,115976,17525,133501,1454
2022-02-19,Sutter,101,95872,20149,20060,1961,22021,210
2022-02-19,Tehama,103,63373,11874,11760,2552,14312,152
2022-02-19,Trinity,105,12862,1167,1130,283,1413,20
2022-02-19,Tulare,107,460477,104930,101996,27013,129009,1286
2022-02-19,Tuolumne,109,53932,12471,12036,540,12576,175
2022-02-19,Ventura,111,848112,170965,170331,9242,179573,1384
2022-02-19,Yolo,113,214977,36170,35363,2917,38280,293
2022-02-19,Yuba,115,75493,15565,15449,1144,16593,112
2022-02-18,Alameda,001,1643700,250829,246028,13311,259339,1700
2022-02-18,Alpine,003,1148,121,124,1,125,0
2022-02-18,Amador,005,37829,8301,8203,626,8829,79
2022-02-18,Butte,007,227075,32614,32173,6813,38986,364
2022-02-18,Calaveras,009,45235,7140,7136,335,7471,107
2022-02-18,Colusa,011,21464,3410,3389,1032,4421,21
2022-02-18,Contra Costa,013,1133247,188385,182797,12954,195751,1190
2022-02-18,Del Norte,015,27424,5565,5511,168,5679,45
2022-02-18,El Dorado,017,186661,26331,26101,3145,29246,189
2022-02-18,Fresno,019,978130,227867,223594,23690,247284,2544
2022-02-18,Glenn,021,27897,4923,4881,1582,6463,39
2022-02-18,Humboldt,023,135768,16472,16393,2838,19231,132
2022-02-18,Imperial,025,180216,54634,53967,10378,64345,862
2022-02-18,Inyo,027,18085,4033,4018,445,4463,52
2022-02-18,Kern,029,883053,189505,187158,45044,232202,2095
2022-02-18,Kings,031,150075,50563,49724,3463,53187,421
2022-02-18,Lake,033,64148,10379,10184,856,11040,126
2022-02-18,Lassen,035,31185,8751,8640,861,9501,55
2022-02-18,Los Angeles,037,10098052,2680921,2642878,121325,2764203,29842
2022-02-18,Madera,039,155013,36703,36526,5888,42414,330
2022-02-18,Marin,041,260295,32663,32441,2139,34580,258
2022-02-18,Mariposa,043,17540,2323,2310,190,2500,6
2022-02-18,Mendocino,045,87422,12783,12625,2905,15530,110
2022-02-18,Merced,047,269075,61532,60886,8446,69332,769
2022-02-18,Modoc,049,8938,718,714,245,959,6
2022-02-18,Mono,051,14174,2953,2956,118,3074,5
2022-02-18,Monterey,053,433212,78026,76765,12982,89747,682
2022-02-18,Napa,055,140530,25057,24970,904,25874,127
2022-02-18,Nevada,057,99092,15696,15715,1144,16859,121
2022-02-18,Orange,059,3164182,540087,538019,40484,578503,6416
2022-02-18,Placer,061,380077,61829,61417,7206,68623,560
2022-02-18,Plumas,063,18699,2920,2646,347,2993,13
2022-02-18,Riverside,065,2383286,585709,581788,27267,609055,6087
2022-02-18,Sacramento,067,1510023,276750,270080,26033,296113,2747
2022-02-18,San Benito,069,59416,12767,12665,500,13165,92
2022-02-18,San Bernardino,071,2135413,569751,553151,24597,577748,6400
2022-02-18,San Diego,073,3302833,739143,729549,51487,781036,4947
2022-02-18,San Francisco,075,870044,120748,121197,7975,129172,756
2022-02-18,San Joaquin,077,732212,164554,163083,9696,172779,2033
2022-02-18,San Luis Obispo,079,281455,51361,50823,3618,54441,424
2022-02-18,San Mateo,081,765935,118984,116648,6716,123364,598
2022-02-18,Santa Barbara,083,443738,84470,83988,4607,88595,642
2022-02-18,Santa Clara,085,1922200,307556,303077,11934,315011,2138
2022-02-18,Santa Cruz,087,273765,46239,45532,2040,47572,250
2022-02-18,Shasta,089,179085,29995,29847,5965,35812,479
2022-02-18,Sierra,091,2930,271,269,46,315,0
2022-02-18,Siskiyou,093,43540,4358,4307,2654,6961,70
2022-02-18,Solano,095,438530,79851,78914,5446,84360,424
2022-02-18,Sonoma,097,501317,81775,80843,2494,83337,431
2022-02-18,Stanislaus,099,539301,116082,115976,17511,133487,1454
2022-02-18,Sutter,101,95872,20137,20060,1961,22021,210
2022-02-18,Tehama,103,63373,11863,11760,2552,14312,152
2022-02-18,Trinity,105,12862,1166,1130,282,1412,20
2022-02-18,Tulare,107,460477,104879,101996,26972,128968,1286
2022-02-18,Tuolumne,109,53932,12465,12036,539,12575,175
2022-02-18,Ventura,111,848112,170875,170331,9237,179568,1384
2022-02-18,Yolo,113,214977,36142,35363,2915,38278,293
2022-02-18,Yuba,115,75493,15550,15449,1144,16593,112
2022-02-17,Alameda,001,1643700,250566,246028,13291,259319,1700
2022-02-17,Alpine,003,1148,121,124,1,125,0
2022-02-17,Amador,005,37829,8297,8203,624,8827,79
2022-02-17,Butte,007,227075,32581,32173,6809,38982,364
2022-02-17,Calaveras,009,45235,7131,7136,332,7468,107
2022-02-17,Colusa,011,21464,3407,3389,1032,4421,21
2022-02-17,Contra Costa,013,1133247,188189,182797,12922,195719,1190
2022-02-17,Del Norte,015,27424,5544,5511,168,5679,45
2022-02-17,El Dorado,017,186661,26305,26101,3135,29236,189
2022-02-17,Fresno,019,978130,227578,223594,23659,247253,2544
2022-02-17,Glenn,021,27897,4921,4881,1579,6460,39
2022-02-17,Humboldt,023,135768,16432,16393,2837,19230,132
2022-02-17,Imperial,025,180216,54563,53967,10362,64329,862
2022-02-17,Inyo,027,18085,4031,4018,444,4462,52
2022-02-17,Kern,029,883053,189351,187158,44995,232153,2095
2022-02-17,Kings,031,150075,50499,49724,3458,53182,421
2022-02-17,Lake,033,64148,10349,10184,852,11036,126
2022-02-17,Lassen,035,31185,8741,8640,859,9499,55
2022-02-17,Los Angeles,037,10098052,2679082,2642878,121246,2764124,29842
2022-02-17,Madera,039,155013,36660,36526,5881,42407,330
2022-02-17,Marin,041,260295,32637,32441,2138,34579,258
2022-02-17,Mariposa,043,17540,2321,2310,189,2499,6
2022-02-17,Mendocino,045,87422,12766,12625,2902,15527,110
2022-02-17,Merced,047,269075,61457,60886,8430,69316,769
2022-02-17,Modoc,049,8938,717,714,245,959,6
2022-02-17,Mono,051,14174,2951,2956,118,3074,5
2022-02-17,Monterey,053,433212,77914,76765,12940,89705,682
2022-02-17,Napa,055,140530,25025,24970,902,25872,127
2022-02-17,Nevada,057,99092,15684,15715,1143,16858,121
2022-02-17,Orange,059,3164182,539748,538019,40457,578476,6416
2022-02-17,Placer,061,380077,61787,61417,7198,68615,560
2022-02-17,Plumas,063,18699,2917,2646,347,2993,13
2022-02-17,Riverside,065,2383286,585337,581788,27240,609028,6087
2022-02-17,Sacramento,067,1510023,276463,270080,25985,296065,2747
2022-02-17,San Benito,069,59416,12756,12665,500,13165,92
2022-02-17,San Bernardino,071,2135413,569447,553151,24583,577734,6400
2022-02-17,San Diego,073,3302833,738546,729549,51434,780983,4947
2022-02-17,San Francisco,075,870044,120614,121197,7965,129162,756
2022-02-17,San Joaquin,077,732212,164390,163083,9683,172766,2033
2022-02-17,San Luis Obispo,079,281455,51256,50823,3610,54433,424
2022-02-17,San Mateo,081,765935,118890,116648,6707,123355,598
2022-02-17,Santa Barbara,083,443738,84370,83988,4600,88588,642
2022-02-17,Santa Clara,085,1922200,307186,303077,11920,314997,2138
2022-02-17,Santa Cruz,087,273765,46157,45532,2038,47570,250
2022-02-17,Shasta,089,179085,29968,29847,5962,35809,479
2022-02-17,Sierra,091,2930,271,269,46,315,0
2022-02-17,Siskiyou,093,43540,4349,4307,2650,6957,70
2022-02-17,Solano,095,438530,79770,78914,5439,84353,424
2022-02-17,Sonoma,097,501317,81709,80843,2487,83330,431
2022-02-17,Stanislaus,099,539301,115978,115976,17494,133470,1454
2022-02-17,Sutter,101,95872,20122,20060,1953,22013,210
2022-02-17,Tehama,103,63373,11855,11760,2551,14311,152
2022-02-17,Trinity,105,12862,1164,1130,280,1410,20
2022-02-17,Tulare,107,460477,104766,101996,26948,128944,1286
2022-02-17,Tuolumne,109,53932,12454,12036,539,12575,175
2022-02-17,Ventura,111,848112,170735,170331,9236,179567,1384
2022-02-17,Yolo,113,214977,36104,35363,2914,38277,293
2022-02-17,Yuba,115,75493,15535,15449,1144,16593,112
2022-02-16,Alameda,001,1643700,250257,245662,13253,258915,1691
2022-02-16,Alpine,003,1148,121,124,1,125,0
2022-02-16,Amador,005,37829,8279,8197,623,8820,77
2022-02-16,Butte,007,227075,32535,32095,6796,38891,363
2022-02-16,Calaveras,009,45235,7127,7129,329,7458,107
2022-02-16,Colusa,011,21464,3402,3384,1032,4416,21
2022-02-16,Contra Costa,013,1133247,187956,182423,12886,195309,1179
2022-02-16,Del Norte,015,27424,5524,5473,165,5638,45
2022-02-16,El Dorado,017,186661,26278,26061,3131,29192,189
2022-02-16,Fresno,019,978130,227217,223056,23610,246666,2542
2022-02-16,Glenn,021,27897,4918,4873,1574,6447,39
2022-02-16,Humboldt,023,135768,16408,16342,2827,19169,132
2022-02-16,Imperial,025,180216,54485,53901,10334,64235,861
2022-02-16,Inyo,027,18085,4028,4013,443,4456,52
2022-02-16,Kern,029,883053,189134,186740,44910,231650,2084
2022-02-16,Kings,031,150075,50446,49575,3449,53024,420
2022-02-16,Lake,033,64148,10324,10145,852,10997,125
2022-02-16,Lassen,035,31185,8708,8618,859,9477,55
2022-02-16,Los Angeles,037,10098052,2676987,2640005,121138,2761143,29749
2022-02-16,Madera,039,155013,36593,36382,5867,42249,330
2022-02-16,Marin,041,260295,32601,32381,2136,34517,257
2022-02-16,Mariposa,043,17540,2319,2305,189,2494,6
2022-02-16,Mendocino,045,87422,12744,12605,2892,15497,108
2022-02-16,Merced,047,269075,61389,60776,8398,69174,767
2022-02-16,Modoc,049,8938,717,711,241,952,6
2022-02-16,Mono,051,14174,2949,2953,118,3071,5
2022-02-16,Monterey,053,433212,77767,76624,12899,89523,682
2022-02-16,Napa,055,140530,24987,24897,899,25796,128
2022-02-16,Nevada,057,99092,15666,15677,1139,16816,121
2022-02-16,Orange,059,3164182,539344,537934,40413,578347,6392
2022-02-16,Placer,061,380077,61744,61278,7186,68464,556
2022-02-16,Plumas,063,18699,2914,2644,345,2989,13
2022-02-16,Riverside,065,2383286,584940,580828,27194,608022,6064
2022-02-16,Sacramento,067,1510023,276139,269416,25929,295345,2736
2022-02-16,San Benito,069,59416,12729,12644,500,13144,92
2022-02-16,San Bernardino,071,2135413,569173,552353,24561,576914,6379
2022-02-16,San Diego,073,3302833,737786,728610,51357,779967,4931
2022-02-16,San Francisco,075,870044,120441,120987,7962,128949,756
2022-02-16,San Joaquin,077,732212,164223,162752,9673,172425,2032
2022-02-16,San Luis Obispo,079,281455,51184,50704,3598,54302,425
2022-02-16,San Mateo,081,765935,118772,116438,6689,123127,595
2022-02-16,Santa Barbara,083,443738,84294,83968,4588,88556,642
2022-02-16,Santa Clara,085,1922200,306797,302439,11887,314326,2130
2022-02-16,Santa Cruz,087,273765,46067,45274,2036,47310,250
2022-02-16,Shasta,089,179085,29930,29767,5950,35717,477
2022-02-16,Sierra,091,2930,270,269,46,315,0
2022-02-16,Siskiyou,093,43540,4342,4302,2644,6946,71
2022-02-16,Solano,095,438530,79655,78742,5433,84175,422
2022-02-16,Sonoma,097,501317,81581,80642,2477,83119,431
2022-02-16,Stanislaus,099,539301,115859,115751,17461,133212,1443
2022-02-16,Sutter,101,95872,20105,20020,1950,21970,210
2022-02-16,Tehama,103,63373,11838,11738,2549,14287,152
2022-02-16,Trinity,105,12862,1164,1130,279,1409,20
2022-02-16,Tulare,107,460477,104646,101817,26898,128715,1281
2022-02-16,Tuolumne,109,53932,12442,11991,538,12529,171
2022-02-16,Ventura,111,848112,170600,170117,9228,179345,1372
2022-02-16,Yolo,113,214977,36053,35284,2912,38196,292
2022-02-16,Yuba,115,75493,15513,15405,1141,16546,110
2022-02-15,Alameda,001,1643700,249907,245265,13225,258490,1683
2022-02-15,Alpine,003,1148,121,124,1,125,0
2022-02-15,Amador,005,37829,8269,8183,622,8805,77
2022-02-15,Butte,007,227075,32485,32011,6782,38793,361
2022-02-15,Calaveras,009,45235,7117,7115,329,7444,106
2022-02-15,Colusa,011,21464,3394,3374,1031,4405,21
2022-02-15,Contra Costa,013,1133247,187699,182041,12856,194897,1179
2022-02-15,Del Norte,015,27424,5496,5439,164,5603,45
2022-02-15,El Dorado,017,186661,26259,25988,3126,29114,189
2022-02-15,Fresno,019,978130,226842,222673,23552,246225,2543
2022-02-15,Glenn,021,27897,4909,4862,1573,6435,39
2022-02-15,Humboldt,023,135768,16363,16297,2812,19109,132
2022-02-15,Imperial,025,180216,54421,53813,10319,64132,860
2022-02-15,Inyo,027,18085,4027,4009,442,4451,52
2022-02-15,Kern,029,883053,188913,186324,44819,231143,2072
2022-02-15,Kings,031,150075,50353,49473,3440,52913,418
2022-02-15,Lake,033,64148,10292,10112,846,10958,123
2022-02-15,Lassen,035,31185,8694,8587,857,9444,55
2022-02-15,Los Angeles,037,10098052,2674729,2638266,121007,2759273,29691
2022-02-15,Madera,039,155013,36527,36260,5847,42107,330
2022-02-15,Marin,041,260295,32559,32355,2134,34489,255
2022-02-15,Mariposa,043,17540,2318,2302,189,2491,6
2022-02-15,Mendocino,045,87422,12727,12580,2873,15453,108
2022-02-15,Merced,047,269075,61307,60674,8366,69040,763
2022-02-15,Modoc,049,8938,715,710,238,948,6
2022-02-15,Mono,051,14174,2948,2952,118,3070,5
2022-02-15,Monterey,053,433212,77641,75530,12841,88371,682
2022-02-15,Napa,055,140530,24937,24832,892,25724,127
2022-02-15,Nevada,057,99092,15640,15643,1138,16781,121
2022-02-15,Orange,059,3164182,538887,537478,40370,577848,6374
2022-02-15,Placer,061,380077,61683,61170,7175,68345,554
2022-02-15,Plumas,063,18699,2910,2638,345,2983,13
2022-02-15,Riverside,065,2383286,584455,579940,27135,607075,6049
2022-02-15,Sacramento,067,1510023,275751,268950,25850,294800,2721
2022-02-15,San Benito,069,59416,12710,12616,500,13116,91
2022-02-15,San Bernardino,071,2135413,568813,551803,24541,576344,6372
2022-02-15,San Diego,073,3302833,736826,727486,51254,778740,4914
2022-02-15,San Francisco,075,870044,120271,120759,7951,128710,756
2022-02-15,San Joaquin,077,732212,164004,162518,9660,172178,2021
2022-02-15,San Luis Obispo,079,281455,51087,50534,3583,54117,419
2022-02-15,San Mateo,081,765935,118636,116253,6669,122922,595
2022-02-15,Santa Barbara,083,443738,84158,83734,4574,88308,640
2022-02-15,Santa Clara,085,1922200,306302,301831,11850,313681,2130
2022-02-15,Santa Cruz,087,273765,45963,45171,2031,47202,250
2022-02-15,Shasta,089,179085,29879,29684,5936,35620,477
2022-02-15,Sierra,091,2930,270,269,46,315,0
2022-02-15,Siskiyou,093,43540,4335,4288,2637,6925,70
2022-02-15,Solano,095,438530,79521,78626,5428,84054,426
2022-02-15,Sonoma,097,501317,81460,80433,2471,82904,431
2022-02-15,Stanislaus,099,539301,115718,115549,17430,132979,1429
2022-02-15,Sutter,101,95872,20077,19980,1945,21925,208
2022-02-15,Tehama,103,63373,11820,11717,2547,14264,151
2022-02-15,Trinity,105,12862,1158,1125,276,1401,20
2022-02-15,Tulare,107,460477,104494,101645,26843,128488,1278
2022-02-15,Tuolumne,109,53932,12423,11945,536,12481,171
2022-02-15,Ventura,111,848112,170426,169942,9221,179163,1372
2022-02-15,Yolo,113,214977,36003,35241,2904,38145,289
2022-02-15,Yuba,115,75493,15485,15372,1136,16508,109
2022-02-14,Alameda,001,1643700,249472,244315,13193,257508,1677
2022-02-14,Alpine,003,1148,121,125,1,126,0
2022-02-14,Amador,005,37829,8254,8164,619,8783,77
2022-02-14,Butte,007,227075,32430,31946,6767,38713,360
2022-02-14,Calaveras,009,45235,7104,7097,327,7424,106
2022-02-14,Colusa,011,21464,3391,3367,1027,4394,21
2022-02-14,Contra Costa,013,1133247,187415,181753,12818,194571,1167
2022-02-14,Del Norte,015,27424,5473,5426,163,5589,45
2022-02-14,El Dorado,017,186661,26224,25915,3117,29032,188
2022-02-14,Fresno,019,978130,226360,222360,23465,245825,2538
2022-02-14,Glenn,021,27897,4904,4854,1573,6427,39
2022-02-14,Humboldt,023,135768,16323,16264,2787,19051,132
2022-02-14,Imperial,025,180216,54350,53765,10293,64058,860
2022-02-14,Inyo,027,18085,4026,4010,441,4451,52
2022-02-14,Kern,029,883053,188570,186037,44711,230748,2063
2022-02-14,Kings,031,150075,50247,49395,3431,52826,419
2022-02-14,Lake,033,64148,10255,10090,843,10933,123
2022-02-14,Lassen,035,31185,8684,8539,855,9394,55
2022-02-14,Los Angeles,037,10098052,2672144,2636064,120880,2756944,29650
2022-02-14,Madera,039,155013,36463,36194,5824,42018,330
2022-02-14,Marin,041,260295,32523,32304,2131,34435,255
2022-02-14,Mariposa,043,17540,2311,2295,189,2484,6
2022-02-14,Mendocino,045,87422,12700,12541,2841,15382,108
2022-02-14,Merced,047,269075,61218,60591,8323,68914,758
2022-02-14,Modoc,049,8938,710,707,238,945,6
2022-02-14,Mono,051,14174,2947,2954,118,3072,5
2022-02-14,Monterey,053,433212,77470,75407,12761,88168,678
2022-02-14,Napa,055,140530,24878,24776,892,25668,127
2022-02-14,Nevada,057,99092,15621,15629,1137,16766,121
2022-02-14,Orange,059,3164182,538383,536924,40304,577228,6355
2022-02-14,Placer,061,380077,61614,61123,7160,68283,554
2022-02-14,Plumas,063,18699,2908,2631,345,2976,13
2022-02-14,Riverside,065,2383286,583909,579174,27067,606241,5994
2022-02-14,Sacramento,067,1510023,275308,268547,25738,294285,2717
2022-02-14,San Benito,069,59416,12686,12598,499,13097,91
2022-02-14,San Bernardino,071,2135413,568397,551338,24521,575859,6372
2022-02-14,San Diego,073,3302833,735858,723902,51151,775053,4894
2022-02-14,San Francisco,075,870044,120083,120581,7941,128522,756
2022-02-14,San Joaquin,077,732212,163763,162363,9637,172000,2018
2022-02-14,San Luis Obispo,079,281455,50979,50465,3573,54038,416
2022-02-14,San Mateo,081,765935,118472,116129,6661,122790,592
2022-02-14,Santa Barbara,083,443738,84012,83697,4564,88261,636
2022-02-14,Santa Clara,085,1922200,305766,301319,11826,313145,2127
2022-02-14,Santa Cruz,087,273765,45800,45042,2027,47069,250
2022-02-14,Shasta,089,179085,29793,29595,5919,35514,474
2022-02-14,Sierra,091,2930,270,269,46,315,0
2022-02-14,Siskiyou,093,43540,4322,4278,2623,6901,69
2022-02-14,Solano,095,438530,79342,78533,5416,83949,427
2022-02-14,Sonoma,097,501317,81319,80336,2459,82795,431
2022-02-14,Stanislaus,099,539301,115540,115426,17387,132813,1406
2022-02-14,Sutter,101,95872,20049,19957,1939,21896,209
2022-02-14,Tehama,103,63373,11797,11686,2546,14232,151
2022-02-14,Trinity,105,12862,1155,1123,276,1399,20
2022-02-14,Tulare,107,460477,104287,101448,26748,128196,1276
2022-02-14,Tuolumne,109,53932,12394,11920,533,12453,170
2022-02-14,Ventura,111,848112,170249,169725,9209,178934,1361
2022-02-14,Yolo,113,214977,35944,35112,2894,38006,286
2022-02-14,Yuba,115,75493,15455,15375,1132,16507,108
2022-02-13,Alameda,001,1643700,248981,243681,13159,256840,1677
2022-02-13,Alpine,003,1148,121,125,1,126,0
2022-02-13,Amador,005,37829,8225,8146,616,8762,77
2022-02-13,Butte,007,227075,32355,31865,6745,38610,360
2022-02-13,Calaveras,009,45235,7097,7083,324,7407,106
2022-02-13,Colusa,011,21464,3389,3366,1025,4391,21
2022-02-13,Contra Costa,013,1133247,187053,181313,12754,194067,1159
2022-02-13,Del Norte,015,27424,5441,5379,162,5541,45
2022-02-13,El Dorado,017,186661,26187,25871,3109,28980,188
2022-02-13,Fresno,019,978130,225822,221686,23406,245092,2537
2022-02-13,Glenn,021,27897,4897,4847,1570,6417,39
2022-02-13,Humboldt,023,135768,16276,16210,2759,18969,132
2022-02-13,Imperial,025,180216,54252,53658,10258,63916,860
2022-02-13,Inyo,027,18085,4023,4006,439,4445,52
2022-02-13,Kern,029,883053,188318,185640,44626,230266,2063
2022-02-13,Kings,031,150075,50120,49243,3419,52662,416
2022-02-13,Lake,033,64148,10192,10042,836,10878,123
2022-02-13,Lassen,035,31185,8659,8503,853,9356,55
2022-02-13,Los Angeles,037,10098052,2668968,2631267,120740,2752007,29595
2022-02-13,Madera,039,155013,36346,36054,5796,41850,330
2022-02-13,Marin,041,260295,32452,32222,2124,34346,255
2022-02-13,Mariposa,043,17540,2305,2292,187,2479,6
2022-02-13,Mendocino,045,87422,12671,12521,2802,15323,108
2022-02-13,Merced,047,269075,61075,60460,8269,68729,758
2022-02-13,Modoc,049,8938,708,704,231,935,6
2022-02-13,Mono,051,14174,2946,2949,118,3067,5
2022-02-13,Monterey,053,433212,77263,75295,12687,87982,678
2022-02-13,Napa,055,140530,24801,24743,889,25632,127
2022-02-13,Nevada,057,99092,15587,15590,1130,16720,121
2022-02-13,Orange,059,3164182,537757,536134,40242,576376,6355
2022-02-13,Placer,061,380077,61538,61020,7139,68159,554
2022-02-13,Plumas,063,18699,2900,2626,342,2968,13
2022-02-13,Riverside,065,2383286,583316,578363,27026,605389,5995
2022-02-13,Sacramento,067,1510023,274792,267947,25608,293555,2699
2022-02-13,San Benito,069,59416,12653,12578,498,13076,91
2022-02-13,San Bernardino,071,2135413,567911,550632,24487,575119,6367
2022-02-13,San Diego,073,3302833,734721,723902,51031,774933,4894
2022-02-13,San Francisco,075,870044,119831,120295,7929,128224,756
2022-02-13,San Joaquin,077,732212,163457,162028,9609,171637,2018
2022-02-13,San Luis Obispo,079,281455,50834,50384,3565,53949,415
2022-02-13,San Mateo,081,765935,118251,115876,6635,122511,592
2022-02-13,Santa Barbara,083,443738,83847,83547,4557,88104,635
2022-02-13,Santa Clara,085,1922200,305123,300412,11789,312201,2114
2022-02-13,Santa Cruz,087,273765,45645,44887,2025,46912,240
2022-02-13,Shasta,089,179085,29714,29531,5896,35427,474
2022-02-13,Sierra,091,2930,270,269,46,315,0
2022-02-13,Siskiyou,093,43540,4315,4264,2607,6871,69
2022-02-13,Solano,095,438530,79185,78424,5392,83816,426
2022-02-13,Sonoma,097,501317,81153,80172,2447,82619,431
2022-02-13,Stanislaus,099,539301,115347,115156,17347,132503,1406
2022-02-13,Sutter,101,95872,20010,19900,1939,21839,209
2022-02-13,Tehama,103,63373,11772,11644,2543,14187,151
2022-02-13,Trinity,105,12862,1152,1120,273,1393,20
2022-02-13,Tulare,107,460477,104072,101135,26660,127795,1276
2022-02-13,Tuolumne,109,53932,12368,11891,528,12419,170
2022-02-13,Ventura,111,848112,170055,169422,9189,178611,1361
2022-02-13,Yolo,113,214977,35877,35057,2883,37940,286
2022-02-13,Yuba,115,75493,15421,15346,1131,16477,107
2022-02-12,Alameda,001,1643700,248761,242137,13145,255282,1668
2022-02-12,Alpine,003,1148,121,124,1,125,0
2022-02-12,Amador,005,37829,8219,8091,616,8707,76
2022-02-12,Butte,007,227075,32326,31601,6739,38340,360
2022-02-12,Calaveras,009,45235,7094,7022,323,7345,106
2022-02-12,Colusa,011,21464,3386,3345,1025,4370,21
2022-02-12,Contra Costa,013,1133247,186862,180270,12747,193017,1141
2022-02-12,Del Norte,015,27424,5422,5262,162,5424,45
2022-02-12,El Dorado,017,186661,26171,25692,3109,28801,188
2022-02-12,Fresno,019,978130,225610,219909,23391,243300,2509
2022-02-12,Glenn,021,27897,4896,4818,1569,6387,39
2022-02-12,Humboldt,023,135768,16252,16058,2756,18814,132
2022-02-12,Imperial,025,180216,54208,53304,10248,63552,860
2022-02-12,Inyo,027,18085,4021,3991,439,4430,52
2022-02-12,Kern,029,883053,188207,184639,44589,229228,2037
2022-02-12,Kings,031,150075,50080,48893,3412,52305,415
2022-02-12,Lake,033,64148,10171,9926,832,10758,123
2022-02-12,Lassen,035,31185,8636,8477,852,9329,55
2022-02-12,Los Angeles,037,10098052,2667804,2616426,120669,2737095,29364
2022-02-12,Madera,039,155013,36312,35710,5790,41500,330
2022-02-12,Marin,041,260295,32420,32048,2121,34169,255
2022-02-12,Mariposa,043,17540,2305,2286,187,2473,6
2022-02-12,Mendocino,045,87422,12655,12439,2802,15241,107
2022-02-12,Merced,047,269075,61021,60187,8264,68451,758
2022-02-12,Modoc,049,8938,708,697,231,928,6
2022-02-12,Mono,051,14174,2945,2939,118,3057,5
2022-02-12,Monterey,053,433212,77202,74842,12665,87507,672
2022-02-12,Napa,055,140530,24773,24530,889,25419,124
2022-02-12,Nevada,057,99092,15574,15499,1129,16628,119
2022-02-12,Orange,059,3164182,537466,534503,40206,574709,6305
2022-02-12,Placer,061,380077,61482,60636,7136,67772,554
2022-02-12,Plumas,063,18699,2899,2617,341,2958,13
2022-02-12,Riverside,065,2383286,582954,575566,27003,602569,5961
2022-02-12,Sacramento,067,1510023,274556,266347,25598,291945,2686
2022-02-12,San Benito,069,59416,12641,12526,498,13024,91
2022-02-12,San Bernardino,071,2135413,567676,548822,24474,573296,6360
2022-02-12,San Diego,073,3302833,734222,720287,50980,771267,4854
2022-02-12,San Francisco,075,870044,119709,119113,7918,127031,740
2022-02-12,San Joaquin,077,732212,163326,161234,9603,170837,2014
2022-02-12,San Luis Obispo,079,281455,50798,50064,3562,53626,416
2022-02-12,San Mateo,081,765935,118163,115235,6628,121863,589
2022-02-12,Santa Barbara,083,443738,83761,83390,4550,87940,631
2022-02-12,Santa Clara,085,1922200,304786,298176,11781,309957,2093
2022-02-12,Santa Cruz,087,273765,45609,44447,2023,46470,239
2022-02-12,Shasta,089,179085,29685,29370,5892,35262,473
2022-02-12,Sierra,091,2930,270,268,46,314,0
2022-02-12,Siskiyou,093,43540,4307,4231,2604,6835,68
2022-02-12,Solano,095,438530,79143,77865,5387,83252,424
2022-02-12,Sonoma,097,501317,81049,79533,2445,81978,431
2022-02-12,Stanislaus,099,539301,115222,114531,17334,131865,1406
2022-02-12,Sutter,101,95872,19995,19800,1939,21739,211
2022-02-12,Tehama,103,63373,11756,11580,2543,14123,151
2022-02-12,Trinity,105,12862,1151,1115,273,1388,20
2022-02-12,Tulare,107,460477,103977,100434,26623,127057,1273
2022-02-12,Tuolumne,109,53932,12350,11754,528,12282,125
2022-02-12,Ventura,111,848112,169948,168736,9184,177920,1340
2022-02-12,Yolo,113,214977,35836,34773,2880,37653,286
2022-02-12,Yuba,115,75493,15407,15242,1130,16372,107
2022-02-11,Alameda,001,1643700,248479,242137,13131,255268,1668
2022-02-11,Alpine,003,1148,121,124,1,125,0
2022-02-11,Amador,005,37829,8207,8091,616,8707,76
2022-02-11,Butte,007,227075,32282,31601,6728,38329,360
2022-02-11,Calaveras,009,45235,7091,7022,323,7345,106
2022-02-11,Colusa,011,21464,3384,3345,1024,4369,21
2022-02-11,Contra Costa,013,1133247,186660,180270,12728,192998,1141
2022-02-11,Del Norte,015,27424,5406,5262,161,5423,45
2022-02-11,El Dorado,017,186661,26152,25692,3108,28800,188
2022-02-11,Fresno,019,978130,225315,219909,23373,243282,2509
2022-02-11,Glenn,021,27897,4892,4818,1569,6387,39
2022-02-11,Humboldt,023,135768,16223,16058,2751,18809,132
2022-02-11,Imperial,025,180216,54179,53304,10237,63541,860
2022-02-11,Inyo,027,18085,4017,3991,435,4426,52
2022-02-11,Kern,029,883053,188049,184639,44538,229177,2037
2022-02-11,Kings,031,150075,50040,48893,3411,52304,415
2022-02-11,Lake,033,64148,10146,9926,830,10756,123
2022-02-11,Lassen,035,31185,8596,8477,852,9329,55
2022-02-11,Los Angeles,037,10098052,2666169,2616426,120580,2737006,29364
2022-02-11,Madera,039,155013,36270,35710,5784,41494,330
2022-02-11,Marin,041,260295,32388,32048,2118,34166,255
2022-02-11,Mariposa,043,17540,2300,2286,187,2473,6
2022-02-11,Mendocino,045,87422,12639,12439,2802,15241,107
2022-02-11,Merced,047,269075,60971,60187,8253,68440,758
2022-02-11,Modoc,049,8938,706,697,231,928,6
2022-02-11,Mono,051,14174,2944,2939,118,3057,5
2022-02-11,Monterey,053,433212,77086,74842,12652,87494,672
2022-02-11,Napa,055,140530,24747,24530,889,25419,124
2022-02-11,Nevada,057,99092,15560,15499,1126,16625,119
2022-02-11,Orange,059,3164182,537115,534503,40146,574649,6305
2022-02-11,Placer,061,380077,61430,60636,7134,67770,554
2022-02-11,Plumas,063,18699,2895,2617,339,2956,13
2022-02-11,Riverside,065,2383286,582537,575566,26987,602553,5961
2022-02-11,Sacramento,067,1510023,274292,266347,25586,291933,2686
2022-02-11,San Benito,069,59416,12636,12526,498,13024,91
2022-02-11,San Bernardino,071,2135413,567361,548822,24460,573282,6360
2022-02-11,San Diego,073,3302833,733519,720287,50921,771208,4854
2022-02-11,San Francisco,075,870044,119588,119113,7902,127015,740
2022-02-11,San Joaquin,077,732212,163157,161234,9591,170825,2014
2022-02-11,San Luis Obispo,079,281455,50761,50064,3558,53622,416
2022-02-11,San Mateo,081,765935,118045,115235,6619,121854,589
2022-02-11,Santa Barbara,083,443738,83677,83390,4549,87939,631
2022-02-11,Santa Clara,085,1922200,304360,298176,11764,309940,2093
2022-02-11,Santa Cruz,087,273765,45517,44447,2023,46470,239
2022-02-11,Shasta,089,179085,29654,29370,5884,35254,473
2022-02-11,Sierra,091,2930,269,268,45,313,0
2022-02-11,Siskiyou,093,43540,4296,4231,2598,6829,68
2022-02-11,Solano,095,438530,79018,77865,5381,83246,424
2022-02-11,Sonoma,097,501317,80962,79533,2440,81973,431
2022-02-11,Stanislaus,099,539301,115122,114531,17319,131850,1406
2022-02-11,Sutter,101,95872,19972,19800,1937,21737,211
2022-02-11,Tehama,103,63373,11742,11580,2543,14123,151
2022-02-11,Trinity,105,12862,1150,1115,272,1387,20
2022-02-11,Tulare,107,460477,103859,100434,26572,127006,1273
2022-02-11,Tuolumne,109,53932,12335,11754,526,12280,125
2022-02-11,Ventura,111,848112,169809,168736,9179,177915,1340
2022-02-11,Yolo,113,214977,35803,34773,2878,37651,286
2022-02-11,Yuba,115,75493,15390,15242,1129,16371,107
2022-02-10,Alameda,001,1643700,247959,242137,13083,255220,1668
2022-02-10,Alpine,003,1148,121,124,1,125,0
2022-02-10,Amador,005,37829,8195,8091,610,8701,76
2022-02-10,Butte,007,227075,32231,31601,6714,38315,360
2022-02-10,Calaveras,009,45235,7079,7022,321,7343,106
2022-02-10,Colusa,011,21464,3378,3345,1022,4367,21
2022-02-10,Contra Costa,013,1133247,186298,180270,12663,192933,1141
2022-02-10,Del Norte,015,27424,5377,5262,159,5421,45
2022-02-10,El Dorado,017,186661,26107,25692,3101,28793,188
2022-02-10,Fresno,019,978130,224739,219909,23287,243196,2509
2022-02-10,Glenn,021,27897,4886,4818,1567,6385,39
2022-02-10,Humboldt,023,135768,16173,16058,2729,18787,132
2022-02-10,Imperial,025,180216,54110,53304,10194,63498,860
2022-02-10,Inyo,027,18085,4013,3991,435,4426,52
2022-02-10,Kern,029,883053,187741,184639,44429,229068,2037
2022-02-10,Kings,031,150075,49929,48893,3400,52293,415
2022-02-10,Lake,033,64148,10115,9926,828,10754,123
2022-02-10,Lassen,035,31185,8582,8477,850,9327,55
2022-02-10,Los Angeles,037,10098052,2663013,2616426,120393,2736819,29364
2022-02-10,Madera,039,155013,36173,35710,5753,41463,330
2022-02-10,Marin,041,260295,32330,32048,2106,34154,255
2022-02-10,Mariposa,043,17540,2296,2286,186,2472,6
2022-02-10,Mendocino,045,87422,12617,12439,2778,15217,107
2022-02-10,Merced,047,269075,60847,60187,8197,68384,758
2022-02-10,Modoc,049,8938,705,697,230,927,6
2022-02-10,Mono,051,14174,2942,2939,117,3056,5
2022-02-10,Monterey,053,433212,76905,74842,12572,87414,672
2022-02-10,Napa,055,140530,24683,24530,887,25417,124
2022-02-10,Nevada,057,99092,15535,15499,1125,16624,119
2022-02-10,Orange,059,3164182,536465,534503,40079,574582,6305
2022-02-10,Placer,061,380077,61349,60636,7125,67761,554
2022-02-10,Plumas,063,18699,2892,2617,332,2949,13
2022-02-10,Riverside,065,2383286,581819,575566,26932,602498,5961
2022-02-10,Sacramento,067,1510023,273808,266347,25498,291845,2686
2022-02-10,San Benito,069,59416,12615,12526,496,13022,91
2022-02-10,San Bernardino,071,2135413,566817,548822,24430,573252,6360
2022-02-10,San Diego,073,3302833,732415,720287,50795,771082,4854
2022-02-10,San Francisco,075,870044,119374,119113,7885,126998,740
2022-02-10,San Joaquin,077,732212,162844,161234,9583,170817,2014
2022-02-10,San Luis Obispo,079,281455,50662,50064,3547,53611,416
2022-02-10,San Mateo,081,765935,117819,115235,6602,121837,589
2022-02-10,Santa Barbara,083,443738,83493,83390,4543,87933,631
2022-02-10,Santa Clara,085,1922200,303685,298176,11708,309884,2093
2022-02-10,Santa Cruz,087,273765,45373,44447,2022,46469,239
2022-02-10,Shasta,089,179085,29592,29370,5864,35234,473
2022-02-10,Sierra,091,2930,269,268,45,313,0
2022-02-10,Siskiyou,093,43540,4291,4231,2585,6816,68
2022-02-10,Solano,095,438530,78825,77865,5362,83227,424
2022-02-10,Sonoma,097,501317,80826,79533,2423,81956,431
2022-02-10,Stanislaus,099,539301,114942,114531,17280,131811,1406
2022-02-10,Sutter,101,95872,19933,19800,1922,21722,211
2022-02-10,Tehama,103,63373,11712,11580,2540,14120,151
2022-02-10,Trinity,105,12862,1147,1115,271,1386,20
2022-02-10,Tulare,107,460477,103671,100434,26495,126929,1273
2022-02-10,Tuolumne,109,53932,12313,11754,521,12275,125
2022-02-10,Ventura,111,848112,169528,168736,9165,177901,1340
2022-02-10,Yolo,113,214977,35727,34773,2872,37645,286
2022-02-10,Yuba,115,75493,15358,15242,1124,16366,107
2022-02-09,Alameda,001,1643700,247425,241141,13026,254167,1668
2022-02-09,Alpine,003,1148,120,124,1,125,0
2022-02-09,Amador,005,37829,8181,8069,605,8674,76
2022-02-09,Butte,007,227075,32138,31433,6700,38133,359
2022-02-09,Calaveras,009,45235,7065,7005,317,7322,106
2022-02-09,Colusa,011,21464,3375,3331,1021,4352,21
2022-02-09,Contra Costa,013,1133247,185938,179695,12616,192311,1132
2022-02-09,Del Norte,015,27424,5330,5204,158,5362,45
2022-02-09,El Dorado,017,186661,26070,25572,3089,28661,186
2022-02-09,Fresno,019,978130,224118,218989,23199,242188,2502
2022-02-09,Glenn,021,27897,4871,4804,1566,6370,39
2022-02-09,Humboldt,023,135768,16126,15929,2704,18633,131
2022-02-09,Imperial,025,180216,54007,53102,10122,63224,858
2022-02-09,Inyo,027,18085,4007,3989,434,4423,52
2022-02-09,Kern,029,883053,187365,184068,44315,228383,2021
2022-02-09,Kings,031,150075,49818,48718,3394,52112,410
2022-02-09,Lake,033,64148,10075,9880,823,10703,124
2022-02-09,Lassen,035,31185,8557,8459,849,9308,55
2022-02-09,Los Angeles,037,10098052,2659344,2611611,120255,2731866,29263
2022-02-09,Madera,039,155013,36076,35559,5723,41282,330
2022-02-09,Marin,041,260295,32280,31965,2099,34064,255
2022-02-09,Mariposa,043,17540,2293,2279,186,2465,6
2022-02-09,Mendocino,045,87422,12583,12378,2749,15127,107
2022-02-09,Merced,047,269075,60717,59952,8141,68093,755
2022-02-09,Modoc,049,8938,702,691,229,920,6
2022-02-09,Mono,051,14174,2940,2937,117,3054,5
2022-02-09,Monterey,053,433212,76703,74500,12486,86986,670
2022-02-09,Napa,055,140530,24637,24429,882,25311,123
2022-02-09,Nevada,057,99092,15514,15446,1123,16569,119
2022-02-09,Orange,059,3164182,535834,534316,39999,574315,6263
2022-02-09,Placer,061,380077,61254,60490,7105,67595,553
2022-02-09,Plumas,063,18699,2887,2609,328,2937,13
2022-02-09,Riverside,065,2383286,581078,573907,26887,600794,5911
2022-02-09,Sacramento,067,1510023,273244,265624,25382,291006,2673
2022-02-09,San Benito,069,59416,12591,12492,496,12988,91
2022-02-09,San Bernardino,071,2135413,566210,547768,24404,572172,6349
2022-02-09,San Diego,073,3302833,731057,717896,50683,768579,4832
2022-02-09,San Francisco,075,870044,119123,118550,7874,126424,731
2022-02-09,San Joaquin,077,732212,162538,160618,9573,170191,2014
2022-02-09,San Luis Obispo,079,281455,50516,49833,3542,53375,414
2022-02-09,San Mateo,081,765935,117631,114890,6562,121452,589
2022-02-09,Santa Barbara,083,443738,83311,82830,4537,87367,629
2022-02-09,Santa Clara,085,1922200,302961,297157,11650,308807,2090
2022-02-09,Santa Cruz,087,273765,45191,44200,2015,46215,239
2022-02-09,Shasta,089,179085,29523,29215,5843,35058,471
2022-02-09,Sierra,091,2930,268,268,44,312,0
2022-02-09,Siskiyou,093,43540,4277,4217,2579,6796,68
2022-02-09,Solano,095,438530,78634,77299,5351,82650,423
2022-02-09,Sonoma,097,501317,80652,79165,2416,81581,431
2022-02-09,Stanislaus,099,539301,114693,114039,17049,131088,1406
2022-02-09,Sutter,101,95872,19891,19758,1909,21667,207
2022-02-09,Tehama,103,63373,11687,11542,2536,14078,149
2022-02-09,Trinity,105,12862,1143,1110,270,1380,20
2022-02-09,Tulare,107,460477,103458,100049,26409,126458,1271
2022-02-09,Tuolumne,109,53932,12276,11702,518,12220,95
2022-02-09,Ventura,111,848112,169291,168253,9152,177405,1325
2022-02-09,Yolo,113,214977,35657,34588,2856,37444,285
2022-02-09,Yuba,115,75493,15327,15187,1113,16300,105
2022-02-08,Alameda,001,1643700,246789,240587,12953,253540,1651
2022-02-08,Alpine,003,1148,120,124,1,125,0
2022-02-08,Amador,005,37829,8173,8050,598,8648,76
2022-02-08,Butte,007,227075,32055,31353,6676,38029,359
2022-02-08,Calaveras,009,45235,7048,6981,315,7296,101
2022-02-08,Colusa,011,21464,3367,3320,1020,4340,21
2022-02-08,Contra Costa,013,1133247,185494,179078,12535,191613,1132
2022-02-08,Del Norte,015,27424,5305,5156,153,5309,44
2022-02-08,El Dorado,017,186661,26025,25446,3078,28524,186
2022-02-08,Fresno,019,978130,223372,218416,23094,241510,2502
2022-02-08,Glenn,021,27897,4854,4784,1562,6346,39
2022-02-08,Humboldt,023,135768,16065,15865,2672,18537,130
2022-02-08,Imperial,025,180216,53878,52977,10078,63055,855
2022-02-08,Inyo,027,18085,4002,3983,434,4417,52
2022-02-08,Kern,029,883053,187029,183519,44185,227704,2010
2022-02-08,Kings,031,150075,49660,48479,3382,51861,411
2022-02-08,Lake,033,64148,10045,9806,817,10623,125
2022-02-08,Lassen,035,31185,8548,8423,845,9268,55
2022-02-08,Los Angeles,037,10098052,2655007,2611204,120067,2731271,29259
2022-02-08,Madera,039,155013,35968,35381,5667,41048,330
2022-02-08,Marin,041,260295,32206,31878,2094,33972,255
2022-02-08,Mariposa,043,17540,2292,2266,178,2444,6
2022-02-08,Mendocino,045,87422,12551,12336,2718,15054,107
2022-02-08,Merced,047,269075,60603,59789,8081,67870,751
2022-02-08,Modoc,049,8938,698,684,229,913,6
2022-02-08,Mono,051,14174,2939,2932,117,3049,5
2022-02-08,Monterey,053,433212,76498,74316,12401,86717,670
2022-02-08,Napa,055,140530,24564,24346,876,25222,121
2022-02-08,Nevada,057,99092,15488,15383,1120,16503,117
2022-02-08,Orange,059,3164182,535147,533507,39911,573418,6205
2022-02-08,Placer,061,380077,61146,60301,7093,67394,553
2022-02-08,Plumas,063,18699,2876,2596,321,2917,13
2022-02-08,Riverside,065,2383286,580248,571892,26815,598707,5908
2022-02-08,Sacramento,067,1510023,272572,264479,25206,289685,2664
2022-02-08,San Benito,069,59416,12567,12434,494,12928,91
2022-02-08,San Bernardino,071,2135413,565498,544658,24360,569018,6335
2022-02-08,San Diego,073,3302833,729484,717896,50551,768447,4832
2022-02-08,San Francisco,075,870044,118811,117942,7865,125807,731
2022-02-08,San Joaquin,077,732212,162153,160147,9555,169702,2005
2022-02-08,San Luis Obispo,079,281455,50351,49556,3512,53068,410
2022-02-08,San Mateo,081,765935,117413,114541,6533,121074,589
2022-02-08,Santa Barbara,083,443738,83143,82461,4512,86973,627
2022-02-08,Santa Clara,085,1922200,302073,295679,11603,307282,2091
2022-02-08,Santa Cruz,087,273765,45036,43884,2010,45894,239
2022-02-08,Shasta,089,179085,29440,29084,5815,34899,470
2022-02-08,Sierra,091,2930,268,267,44,311,0
2022-02-08,Siskiyou,093,43540,4267,4191,2570,6761,68
2022-02-08,Solano,095,438530,78401,77031,5336,82367,421
2022-02-08,Sonoma,097,501317,80438,78798,2392,81190,431
2022-02-08,Stanislaus,099,539301,114437,113733,16971,130704,1406
2022-02-08,Sutter,101,95872,19853,19717,1897,21614,203
2022-02-08,Tehama,103,63373,11660,11491,2529,14020,149
2022-02-08,Trinity,105,12862,1137,1110,270,1380,20
2022-02-08,Tulare,107,460477,103167,99694,26278,125972,1267
2022-02-08,Tuolumne,109,53932,12252,11665,516,12181,92
2022-02-08,Ventura,111,848112,169054,167830,9137,176967,1325
2022-02-08,Yolo,113,214977,35575,34462,2843,37305,281
2022-02-08,Yuba,115,75493,15282,15126,1091,16217,107
2022-02-07,Alameda,001,1643700,246070,238678,12886,251564,1643
2022-02-07,Alpine,003,1148,120,124,1,125,0
2022-02-07,Amador,005,37829,8145,7980,590,8570,75
2022-02-07,Butte,007,227075,31967,31184,6647,37831,355
2022-02-07,Calaveras,009,45235,7026,6910,314,7224,100
2022-02-07,Colusa,011,21464,3356,3283,1016,4299,21
2022-02-07,Contra Costa,013,1133247,185012,177767,12462,190229,1130
2022-02-07,Del Norte,015,27424,5264,5093,148,5241,44
2022-02-07,El Dorado,017,186661,25962,25257,3067,28324,185
2022-02-07,Fresno,019,978130,222510,216495,22947,239442,2493
2022-02-07,Glenn,021,27897,4846,4762,1558,6320,39
2022-02-07,Humboldt,023,135768,15990,15764,2647,18411,129
2022-02-07,Imperial,025,180216,53763,52689,10009,62698,853
2022-02-07,Inyo,027,18085,3997,3976,428,4404,51
2022-02-07,Kern,029,883053,186556,182047,44021,226068,1998
2022-02-07,Kings,031,150075,49476,48147,3365,51512,403
2022-02-07,Lake,033,64148,9999,9519,809,10328,125
2022-02-07,Lassen,035,31185,8530,8362,839,9201,55
2022-02-07,Los Angeles,037,10098052,2650548,2607438,119848,2727286,29210
2022-02-07,Madera,039,155013,35844,35083,5620,40703,330
2022-02-07,Marin,041,260295,32140,31670,2083,33753,255
2022-02-07,Mariposa,043,17540,2287,2253,174,2427,6
2022-02-07,Mendocino,045,87422,12493,12237,2680,14917,107
2022-02-07,Merced,047,269075,60474,59472,7988,67460,748
2022-02-07,Modoc,049,8938,694,679,229,908,6
2022-02-07,Mono,051,14174,2937,2917,117,3034,5
2022-02-07,Monterey,053,433212,76244,69433,12294,81727,670
2022-02-07,Napa,055,140530,24479,23237,867,24104,120
2022-02-07,Nevada,057,99092,15452,15268,1114,16382,113
2022-02-07,Orange,059,3164182,534385,531442,39831,571273,6179
2022-02-07,Placer,061,380077,61021,59894,7078,66972,546
2022-02-07,Plumas,063,18699,2865,2573,312,2885,13
2022-02-07,Riverside,065,2383286,579306,568874,26731,595605,5868
2022-02-07,Sacramento,067,1510023,271887,262834,25024,287858,2631
2022-02-07,San Benito,069,59416,12528,12285,492,12777,90
2022-02-07,San Bernardino,071,2135413,564701,542846,24320,567166,6335
2022-02-07,San Diego,073,3302833,727766,716244,50362,766606,4811
2022-02-07,San Francisco,075,870044,118471,113945,7840,121785,727
2022-02-07,San Joaquin,077,732212,161769,159358,9536,168894,1998
2022-02-07,San Luis Obispo,079,281455,50181,48994,3493,52487,406
2022-02-07,San Mateo,081,765935,117127,107060,6504,113564,589
2022-02-07,Santa Barbara,083,443738,82955,81608,4497,86105,624
2022-02-07,Santa Clara,085,1922200,301120,293360,11556,304916,2085
2022-02-07,Santa Cruz,087,273765,44820,43244,2006,45250,239
2022-02-07,Shasta,089,179085,29350,28900,5789,34689,468
2022-02-07,Sierra,091,2930,268,265,44,309,0
2022-02-07,Siskiyou,093,43540,4256,4157,2554,6711,68
2022-02-07,Solano,095,438530,78144,73934,5307,79241,420
2022-02-07,Sonoma,097,501317,80181,78296,2376,80672,431
2022-02-07,Stanislaus,099,539301,114179,113029,16827,129856,1406
2022-02-07,Sutter,101,95872,19820,19599,1870,21469,203
2022-02-07,Tehama,103,63373,11618,11418,2521,13939,146
2022-02-07,Trinity,105,12862,1133,1109,267,1376,20
2022-02-07,Tulare,107,460477,102808,98774,26148,124922,1263
2022-02-07,Tuolumne,109,53932,12204,11578,512,12090,92
2022-02-07,Ventura,111,848112,168737,166904,9122,176026,1324
2022-02-07,Yolo,113,214977,35465,34007,2829,36836,281
2022-02-07,Yuba,115,75493,15235,14998,1084,16082,105
2022-02-06,Alameda,001,1643700,245156,237188,12804,249992,1643
2022-02-06,Alpine,003,1148,120,123,1,124,0
2022-02-06,Amador,005,37829,8114,7922,578,8500,73
2022-02-06,Butte,007,227075,31838,31021,6596,37617,355
2022-02-06,Calaveras,009,45235,6999,6870,309,7179,99
2022-02-06,Colusa,011,21464,3346,3282,1015,4297,21
2022-02-06,Contra Costa,013,1133247,184352,176863,12299,189162,1128
2022-02-06,Del Norte,015,27424,5208,5038,146,5184,44
2022-02-06,El Dorado,017,186661,25899,25165,3055,28220,185
2022-02-06,Fresno,019,978130,221662,214726,22693,237419,2489
2022-02-06,Glenn,021,27897,4832,4738,1549,6287,39
2022-02-06,Humboldt,023,135768,15907,15658,2607,18265,128
2022-02-06,Imperial,025,180216,53576,52396,9963,62359,853
2022-02-06,Inyo,027,18085,3995,3970,425,4395,51
2022-02-06,Kern,029,883053,186004,181188,43782,224970,1996
2022-02-06,Kings,031,150075,49252,47669,3340,51009,401
2022-02-06,Lake,033,64148,9930,9468,792,10260,125
2022-02-06,Lassen,035,31185,8510,8326,834,9160,55
2022-02-06,Los Angeles,037,10098052,2644994,2602620,119591,2722211,29180
2022-02-06,Madera,039,155013,35660,34901,5528,40429,330
2022-02-06,Marin,041,260295,32042,31488,2070,33558,255
2022-02-06,Mariposa,043,17540,2279,2244,163,2407,6
2022-02-06,Mendocino,045,87422,12450,12169,2610,14779,107
2022-02-06,Merced,047,269075,60249,59112,7821,66933,748
2022-02-06,Modoc,049,8938,689,675,228,903,6
2022-02-06,Mono,051,14174,2932,2901,115,3016,5
2022-02-06,Monterey,053,433212,75877,67912,12137,80049,670
2022-02-06,Napa,055,140530,24360,23230,860,24090,120
2022-02-06,Nevada,057,99092,15387,15192,1101,16293,113
2022-02-06,Orange,059,3164182,533433,527906,39730,567636,6171
2022-02-06,Placer,061,380077,60844,59507,7052,66559,544
2022-02-06,Plumas,063,18699,2852,2559,303,2862,13
2022-02-06,Riverside,065,2383286,578168,568276,26654,594930,5865
2022-02-06,Sacramento,067,1510023,271020,261353,24763,286116,2631
2022-02-06,San Benito,069,59416,12473,12186,484,12670,90
2022-02-06,San Bernardino,071,2135413,563726,541103,24250,565353,6334
2022-02-06,San Diego,073,3302833,725704,709938,50119,760057,4786
2022-02-06,San Francisco,075,870044,118090,113115,7814,120929,728
2022-02-06,San Joaquin,077,732212,161201,158510,9497,168007,1997
2022-02-06,San Luis Obispo,079,281455,49957,48843,3436,52279,405
2022-02-06,San Mateo,081,765935,116788,105556,6465,112021,587
2022-02-06,Santa Barbara,083,443738,82637,81118,4460,85578,623
2022-02-06,Santa Clara,085,1922200,299994,291732,11441,303173,2075
2022-02-06,Santa Cruz,087,273765,44507,42952,1992,44944,239
2022-02-06,Shasta,089,179085,29227,28762,5740,34502,468
2022-02-06,Sierra,091,2930,268,265,44,309,0
2022-02-06,Siskiyou,093,43540,4235,4118,2528,6646,68
2022-02-06,Solano,095,438530,77847,73475,5264,78739,419
2022-02-06,Sonoma,097,501317,79846,77887,2356,80243,431
2022-02-06,Stanislaus,099,539301,113783,112521,16679,129200,1406
2022-02-06,Sutter,101,95872,19778,19523,1832,21355,203
2022-02-06,Tehama,103,63373,11578,11366,2501,13867,146
2022-02-06,Trinity,105,12862,1132,1102,266,1368,20
2022-02-06,Tulare,107,460477,102376,98260,25964,124224,1262
2022-02-06,Tuolumne,109,53932,12152,11507,495,12002,92
2022-02-06,Ventura,111,848112,168361,166235,9111,175346,1323
2022-02-06,Yolo,113,214977,35326,33784,2812,36596,281
2022-02-06,Yuba,115,75493,15190,14917,1075,15992,104
2022-02-05,Alameda,001,1643700,244740,235698,12795,248493,1638
2022-02-05,Alpine,003,1148,120,124,1,125,0
2022-02-05,Amador,005,37829,8105,7855,576,8431,71
2022-02-05,Butte,007,227075,31783,30733,6582,37315,355
2022-02-05,Calaveras,009,45235,6983,6789,309,7098,99
2022-02-05,Colusa,011,21464,3339,3234,1015,4249,21
2022-02-05,Contra Costa,013,1133247,184074,175871,12283,188154,1115
2022-02-05,Del Norte,015,27424,5166,4978,146,5124,44
2022-02-05,El Dorado,017,186661,25868,24813,3053,27866,185
2022-02-05,Fresno,019,978130,221314,213539,22672,236211,2477
2022-02-05,Glenn,021,27897,4830,4691,1543,6234,39
2022-02-05,Humboldt,023,135768,15858,15514,2604,18118,127
2022-02-05,Imperial,025,180216,53515,52153,9950,62103,853
2022-02-05,Inyo,027,18085,3992,3948,425,4373,51
2022-02-05,Kern,029,883053,185795,180296,43681,223977,1987
2022-02-05,Kings,031,150075,49165,47538,3333,50871,402
2022-02-05,Lake,033,64148,9911,9289,785,10074,124
2022-02-05,Lassen,035,31185,8499,8288,832,9120,55
2022-02-05,Los Angeles,037,10098052,2642802,2572702,119466,2692168,28947
2022-02-05,Madera,039,155013,35607,34471,5515,39986,329
2022-02-05,Marin,041,260295,31995,31299,2066,33365,255
2022-02-05,Mariposa,043,17540,2278,2222,162,2384,6
2022-02-05,Mendocino,045,87422,12422,12066,2608,14674,107
2022-02-05,Merced,047,269075,60155,58908,7814,66722,744
2022-02-05,Modoc,049,8938,688,664,228,892,6
2022-02-05,Mono,051,14174,2931,2904,115,3019,5
2022-02-05,Monterey,053,433212,75761,67342,12093,79435,666
2022-02-05,Napa,055,140530,24304,22973,859,23832,118
2022-02-05,Nevada,057,99092,15365,15002,1096,16098,113
2022-02-05,Orange,059,3164182,532992,527516,39638,567154,6134
2022-02-05,Placer,061,380077,60718,59043,7039,66082,533
2022-02-05,Plumas,063,18699,2851,2550,302,2852,13
2022-02-05,Riverside,065,2383286,577566,563991,26584,590575,5827
2022-02-05,Sacramento,067,1510023,270628,259437,24728,284165,2610
2022-02-05,San Benito,069,59416,12428,12142,484,12626,90
2022-02-05,San Bernardino,071,2135413,563213,539312,24230,563542,6322
2022-02-05,San Diego,073,3302833,724846,703957,50042,753999,4735
2022-02-05,San Francisco,075,870044,117880,112481,7787,120268,720
2022-02-05,San Joaquin,077,732212,161016,157420,9485,166905,1989
2022-02-05,San Luis Obispo,079,281455,49920,48361,3434,51795,404
2022-02-05,San Mateo,081,765935,116600,104810,6457,111267,587
2022-02-05,Santa Barbara,083,443738,82474,80478,4448,84926,617
2022-02-05,Santa Clara,085,1922200,299338,289262,11425,300687,2067
2022-02-05,Santa Cruz,087,273765,44433,42553,1989,44542,239
2022-02-05,Shasta,089,179085,29185,28604,5730,34334,466
2022-02-05,Sierra,091,2930,268,262,44,306,0
2022-02-05,Siskiyou,093,43540,4228,4106,2515,6621,67
2022-02-05,Solano,095,438530,77772,73112,5255,78367,415
2022-02-05,Sonoma,097,501317,79680,77213,2352,79565,431
2022-02-05,Stanislaus,099,539301,113581,111783,16656,128439,1406
2022-02-05,Sutter,101,95872,19748,19406,1826,21232,203
2022-02-05,Tehama,103,63373,11559,11259,2494,13753,146
2022-02-05,Trinity,105,12862,1130,1085,266,1351,20
2022-02-05,Tulare,107,460477,102208,97414,25883,123297,1254
2022-02-05,Tuolumne,109,53932,12126,11409,492,11901,91
2022-02-05,Ventura,111,848112,168135,165532,9095,174627,1308
2022-02-05,Yolo,113,214977,35241,33614,2797,36411,281
2022-02-05,Yuba,115,75493,15159,14801,1067,15868,105
2022-02-04,Alameda,001,1643700,244251,235698,12785,248483,1638
2022-02-04,Alpine,003,1148,120,124,1,125,0
2022-02-04,Amador,005,37829,8089,7855,572,8427,71
2022-02-04,Butte,007,227075,31724,30733,6570,37303,355
2022-02-04,Calaveras,009,45235,6973,6789,307,7096,99
2022-02-04,Colusa,011,21464,3335,3234,1013,4247,21
2022-02-04,Contra Costa,013,1133247,183740,175871,12255,188126,1115
2022-02-04,Del Norte,015,27424,5145,4978,146,5124,44
2022-02-04,El Dorado,017,186661,25832,24813,3050,27863,185
2022-02-04,Fresno,019,978130,220828,213539,22637,236176,2477
2022-02-04,Glenn,021,27897,4821,4691,1540,6231,39
2022-02-04,Humboldt,023,135768,15831,15514,2601,18115,127
2022-02-04,Imperial,025,180216,53438,52153,9933,62086,853
2022-02-04,Inyo,027,18085,3989,3948,425,4373,51
2022-02-04,Kern,029,883053,185570,180296,43557,223853,1987
2022-02-04,Kings,031,150075,49090,47538,3326,50864,402
2022-02-04,Lake,033,64148,9889,9289,782,10071,124
2022-02-04,Lassen,035,31185,8476,8288,832,9120,55
2022-02-04,Los Angeles,037,10098052,2640161,2572702,119334,2692036,28947
2022-02-04,Madera,039,155013,35524,34471,5507,39978,329
2022-02-04,Marin,041,260295,31931,31299,2057,33356,255
2022-02-04,Mariposa,043,17540,2276,2222,160,2382,6
2022-02-04,Mendocino,045,87422,12391,12066,2606,14672,107
2022-02-04,Merced,047,269075,60073,58908,7804,66712,744
2022-02-04,Modoc,049,8938,688,664,228,892,6
2022-02-04,Mono,051,14174,2929,2904,115,3019,5
2022-02-04,Monterey,053,433212,75571,67342,12050,79392,666
2022-02-04,Napa,055,140530,24257,22973,855,23828,118
2022-02-04,Nevada,057,99092,15331,15002,1092,16094,113
2022-02-04,Orange,059,3164182,532443,527516,39580,567096,6134
2022-02-04,Placer,061,380077,60614,59043,7028,66071,533
2022-02-04,Plumas,063,18699,2844,2550,301,2851,13
2022-02-04,Riverside,065,2383286,576854,563991,26572,590563,5827
2022-02-04,Sacramento,067,1510023,270124,259437,24705,284142,2610
2022-02-04,San Benito,069,59416,12409,12142,482,12624,90
2022-02-04,San Bernardino,071,2135413,562631,539312,24209,563521,6322
2022-02-04,San Diego,073,3302833,723715,703957,49955,753912,4735
2022-02-04,San Francisco,075,870044,117638,112481,7762,120243,720
2022-02-04,San Joaquin,077,732212,160786,157420,9473,166893,1989
2022-02-04,San Luis Obispo,079,281455,49859,48361,3427,51788,404
2022-02-04,San Mateo,081,765935,116368,104810,6443,111253,587
2022-02-04,Santa Barbara,083,443738,82325,80478,4447,84925,617
2022-02-04,Santa Clara,085,1922200,298665,289262,11404,300666,2067
2022-02-04,Santa Cruz,087,273765,44228,42553,1985,44538,239
2022-02-04,Shasta,089,179085,29132,28604,5719,34323,466
2022-02-04,Sierra,091,2930,268,262,44,306,0
2022-02-04,Siskiyou,093,43540,4220,4106,2508,6614,67
2022-02-04,Solano,095,438530,77580,73112,5217,78329,415
2022-02-04,Sonoma,097,501317,79521,77213,2271,79484,431
2022-02-04,Stanislaus,099,539301,113400,111783,16630,128413,1406
2022-02-04,Sutter,101,95872,19724,19406,1819,21225,203
2022-02-04,Tehama,103,63373,11544,11259,2493,13752,146
2022-02-04,Trinity,105,12862,1129,1085,265,1350,20
2022-02-04,Tulare,107,460477,102026,97414,25803,123217,1254
2022-02-04,Tuolumne,109,53932,12114,11409,491,11900,91
2022-02-04,Ventura,111,848112,167866,165532,9087,174619,1308
2022-02-04,Yolo,113,214977,35148,33614,2791,36405,281
2022-02-04,Yuba,115,75493,15141,14801,1067,15868,105
2022-02-03,Alameda,001,1643700,243473,235698,12722,248420,1638
2022-02-03,Alpine,003,1148,120,124,1,125,0
2022-02-03,Amador,005,37829,8069,7855,567,8422,71
2022-02-03,Butte,007,227075,31618,30733,6541,37274,355
2022-02-03,Calaveras,009,45235,6943,6789,304,7093,99
2022-02-03,Colusa,011,21464,3322,3234,1011,4245,21
2022-02-03,Contra Costa,013,1133247,183114,175871,12152,188023,1115
2022-02-03,Del Norte,015,27424,5103,4978,143,5121,44
2022-02-03,El Dorado,017,186661,25762,24813,3044,27857,185
2022-02-03,Fresno,019,978130,219889,213539,22476,236015,2477
2022-02-03,Glenn,021,27897,4804,4691,1523,6214,39
2022-02-03,Humboldt,023,135768,15755,15514,2565,18079,127
2022-02-03,Imperial,025,180216,53294,52153,9882,62035,853
2022-02-03,Inyo,027,18085,3986,3948,421,4369,51
2022-02-03,Kern,029,883053,185106,180296,43343,223639,1987
2022-02-03,Kings,031,150075,48933,47538,3319,50857,402
2022-02-03,Lake,033,64148,9835,9289,776,10065,124
2022-02-03,Lassen,035,31185,8452,8288,831,9119,55
2022-02-03,Los Angeles,037,10098052,2634728,2572702,119069,2691771,28947
2022-02-03,Madera,039,155013,35388,34471,5463,39934,329
2022-02-03,Marin,041,260295,31835,31299,2052,33351,255
2022-02-03,Mariposa,043,17540,2264,2222,157,2379,6
2022-02-03,Mendocino,045,87422,12347,12066,2583,14649,107
2022-02-03,Merced,047,269075,59921,58908,7707,66615,744
2022-02-03,Modoc,049,8938,685,664,228,892,6
2022-02-03,Mono,051,14174,2924,2904,114,3018,5
2022-02-03,Monterey,053,433212,75284,67342,11858,79200,666
2022-02-03,Napa,055,140530,24126,22973,855,23828,118
2022-02-03,Nevada,057,99092,15291,15002,1082,16084,113
2022-02-03,Orange,059,3164182,531519,527516,39488,567004,6134
2022-02-03,Placer,061,380077,60416,59043,7005,66048,533
2022-02-03,Plumas,063,18699,2830,2550,297,2847,13
2022-02-03,Riverside,065,2383286,575652,563991,26501,590492,5827
2022-02-03,Sacramento,067,1510023,269166,259437,24515,283952,2610
2022-02-03,San Benito,069,59416,12382,12142,479,12621,90
2022-02-03,San Bernardino,071,2135413,561618,539312,24170,563482,6322
2022-02-03,San Diego,073,3302833,721746,703957,49783,753740,4735
2022-02-03,San Francisco,075,870044,117305,112481,7732,120213,720
2022-02-03,San Joaquin,077,732212,160298,157420,9442,166862,1989
2022-02-03,San Luis Obispo,079,281455,49660,48361,3412,51773,404
2022-02-03,San Mateo,081,765935,116016,104810,6410,111220,587
2022-02-03,Santa Barbara,083,443738,81967,80478,4418,84896,617
2022-02-03,Santa Clara,085,1922200,297469,289262,11297,300559,2067
2022-02-03,Santa Cruz,087,273765,43888,42553,1978,44531,239
2022-02-03,Shasta,089,179085,29028,28604,5692,34296,466
2022-02-03,Sierra,091,2930,268,262,44,306,0
2022-02-03,Siskiyou,093,43540,4205,4106,2492,6598,67
2022-02-03,Solano,095,438530,77249,73112,5198,78310,415
2022-02-03,Sonoma,097,501317,79225,77213,2264,79477,431
2022-02-03,Stanislaus,099,539301,113022,111783,16542,128325,1406
2022-02-03,Sutter,101,95872,19672,19406,1803,21209,203
2022-02-03,Tehama,103,63373,11514,11259,2485,13744,146
2022-02-03,Trinity,105,12862,1127,1085,264,1349,20
2022-02-03,Tulare,107,460477,101623,97414,25664,123078,1254
2022-02-03,Tuolumne,109,53932,12073,11409,479,11888,91
2022-02-03,Ventura,111,848112,167481,165532,9075,174607,1308
2022-02-03,Yolo,113,214977,35038,33614,2777,36391,281
2022-02-03,Yuba,115,75493,15091,14801,1051,15852,105
2022-02-02,Alameda,001,1643700,242523,234300,12619,246919,1632
2022-02-02,Alpine,003,1148,120,123,1,124,0
2022-02-02,Amador,005,37829,8039,7781,558,8339,71
2022-02-02,Butte,007,227075,31505,30550,6504,37054,355
2022-02-02,Calaveras,009,45235,6917,6753,300,7053,99
2022-02-02,Colusa,011,21464,3307,3211,1010,4221,21
2022-02-02,Contra Costa,013,1133247,182487,174876,12055,186931,1113
2022-02-02,Del Norte,015,27424,5061,4924,139,5063,44
2022-02-02,El Dorado,017,186661,25695,24690,3026,27716,185
2022-02-02,Fresno,019,978130,218872,211976,22342,234318,2463
2022-02-02,Glenn,021,27897,4785,4667,1513,6180,39
2022-02-02,Humboldt,023,135768,15694,15392,2526,17918,127
2022-02-02,Imperial,025,180216,53098,51875,9755,61630,853
2022-02-02,Inyo,027,18085,3980,3944,420,4364,51
2022-02-02,Kern,029,883053,184510,179386,43130,222516,1974
2022-02-02,Kings,031,150075,48743,47061,3293,50354,401
2022-02-02,Lake,033,64148,9777,9235,769,10004,120
2022-02-02,Lassen,035,31185,8439,8258,822,9080,55
2022-02-02,Los Angeles,037,10098052,2628493,2561902,118689,2680591,28850
2022-02-02,Madera,039,155013,35221,34265,5391,39656,329
2022-02-02,Marin,041,260295,31732,31149,2042,33191,255
2022-02-02,Mariposa,043,17540,2253,2215,153,2368,6
2022-02-02,Mendocino,045,87422,12294,11996,2544,14540,105
2022-02-02,Merced,047,269075,59738,58532,7623,66155,744
2022-02-02,Modoc,049,8938,679,662,228,890,6
2022-02-02,Mono,051,14174,2913,2887,114,3001,5
2022-02-02,Monterey,053,433212,74894,66852,11678,78530,666
2022-02-02,Napa,055,140530,24006,22859,842,23701,117
2022-02-02,Nevada,057,99092,15233,14895,1060,15955,112
2022-02-02,Orange,059,3164182,530464,524418,39394,563812,6127
2022-02-02,Placer,061,380077,60222,58654,6976,65630,533
2022-02-02,Plumas,063,18699,2814,2540,294,2834,12
2022-02-02,Riverside,065,2383286,574373,561220,26454,587674,5827
2022-02-02,Sacramento,067,1510023,268158,258078,24308,282386,2602
2022-02-02,San Benito,069,59416,12342,12058,475,12533,90
2022-02-02,San Bernardino,071,2135413,560598,537485,24107,561592,6317
2022-02-02,San Diego,073,3302833,719545,703957,49594,753551,4735
2022-02-02,San Francisco,075,870044,116935,112008,7716,119724,714
2022-02-02,San Joaquin,077,732212,159721,156537,9416,165953,1986
2022-02-02,San Luis Obispo,079,281455,49462,48119,3399,51518,403
2022-02-02,San Mateo,081,765935,115640,104201,6346,110547,587
2022-02-02,Santa Barbara,083,443738,81624,79979,4387,84366,612
2022-02-02,Santa Clara,085,1922200,296295,287443,11185,298628,2051
2022-02-02,Santa Cruz,087,273765,43599,42127,1967,44094,239
2022-02-02,Shasta,089,179085,28927,28429,5647,34076,465
2022-02-02,Sierra,091,2930,268,262,44,306,0
2022-02-02,Siskiyou,093,43540,4195,4078,2463,6541,67
2022-02-02,Solano,095,438530,76891,72711,5171,77882,414
2022-02-02,Sonoma,097,501317,78912,76681,2251,78932,431
2022-02-02,Stanislaus,099,539301,112627,111167,16409,127576,1403
2022-02-02,Sutter,101,95872,19608,19290,1774,21064,203
2022-02-02,Tehama,103,63373,11456,11193,2466,13659,146
2022-02-02,Trinity,105,12862,1124,1074,262,1336,20
2022-02-02,Tulare,107,460477,101235,96820,25512,122332,1249
2022-02-02,Tuolumne,109,53932,11996,11342,476,11818,91
2022-02-02,Ventura,111,848112,167083,164905,9056,173961,1292
2022-02-02,Yolo,113,214977,34913,33332,2754,36086,281
2022-02-02,Yuba,115,75493,15026,14720,1043,15763,104
2022-02-01,Alameda,001,1643700,241445,233782,12514,246296,1620
2022-02-01,Alpine,003,1148,120,123,1,124,0
2022-02-01,Amador,005,37829,7993,7783,552,8335,73
2022-02-01,Butte,007,227075,31360,30496,6462,36958,355
2022-02-01,Calaveras,009,45235,6880,6749,296,7045,98
2022-02-01,Colusa,011,21464,3295,3202,997,4199,21
2022-02-01,Contra Costa,013,1133247,181728,174379,11911,186290,1115
2022-02-01,Del Norte,015,27424,5013,4907,136,5043,44
2022-02-01,El Dorado,017,186661,25635,24664,3009,27673,184
2022-02-01,Fresno,019,978130,217702,211352,22178,233530,2464
2022-02-01,Glenn,021,27897,4769,4649,1503,6152,39
2022-02-01,Humboldt,023,135768,15612,15354,2498,17852,127
2022-02-01,Imperial,025,180216,52885,51675,9690,61365,846
2022-02-01,Inyo,027,18085,3970,3928,417,4345,51
2022-02-01,Kern,029,883053,183863,178987,42885,221872,1967
2022-02-01,Kings,031,150075,48483,46959,3270,50229,400
2022-02-01,Lake,033,64148,9721,9211,762,9973,119
2022-02-01,Lassen,035,31185,8421,8231,818,9049,55
2022-02-01,Los Angeles,037,10098052,2621298,2548794,118314,2667108,28752
2022-02-01,Madera,039,155013,35001,34124,5310,39434,329
2022-02-01,Marin,041,260295,31608,31099,2026,33125,255
2022-02-01,Mariposa,043,17540,2246,2210,152,2362,6
2022-02-01,Mendocino,045,87422,12232,11978,2507,14485,105
2022-02-01,Merced,047,269075,59551,58362,7497,65859,743
2022-02-01,Modoc,049,8938,672,664,228,892,6
2022-02-01,Mono,051,14174,2907,2888,114,3002,5
2022-02-01,Monterey,053,433212,74474,66553,11484,78037,665
2022-02-01,Napa,055,140530,23907,22795,826,23621,116
2022-02-01,Nevada,057,99092,15172,14863,1048,15911,112
2022-02-01,Orange,059,3164182,529316,523741,39250,562991,6108
2022-02-01,Placer,061,380077,59974,58486,6938,65424,532
2022-02-01,Plumas,063,18699,2799,2526,291,2817,12
2022-02-01,Riverside,065,2383286,572986,560010,26406,586416,5825
2022-02-01,Sacramento,067,1510023,267106,257504,24042,281546,2593
2022-02-01,San Benito,069,59416,12276,12053,472,12525,90
2022-02-01,San Bernardino,071,2135413,559304,536591,24042,560633,6311
2022-02-01,San Diego,073,3302833,717025,701009,49366,750375,4710
2022-02-01,San Francisco,075,870044,116467,111606,7697,119303,713
2022-02-01,San Joaquin,077,732212,159190,156300,9393,165693,1987
2022-02-01,San Luis Obispo,079,281455,49234,47842,3337,51179,403
2022-02-01,San Mateo,081,765935,115171,103868,6304,110172,589
2022-02-01,Santa Barbara,083,443738,81179,79659,4350,84009,608
2022-02-01,Santa Clara,085,1922200,294766,286109,11081,297190,2070
2022-02-01,Santa Cruz,087,273765,43299,41782,1951,43733,239
2022-02-01,Shasta,089,179085,28808,28382,5594,33976,465
2022-02-01,Sierra,091,2930,266,262,44,306,0
2022-02-01,Siskiyou,093,43540,4181,4072,2436,6508,66
2022-02-01,Solano,095,438530,76614,72494,5149,77643,415
2022-02-01,Sonoma,097,501317,78552,76379,2228,78607,431
2022-02-01,Stanislaus,099,539301,112217,110925,16303,127228,1403
2022-02-01,Sutter,101,95872,19540,19256,1741,20997,202
2022-02-01,Tehama,103,63373,11399,11165,2453,13618,146
2022-02-01,Trinity,105,12862,1120,1073,262,1335,19
2022-02-01,Tulare,107,460477,100742,96467,25314,121781,1247
2022-02-01,Tuolumne,109,53932,11946,11318,467,11785,91
2022-02-01,Ventura,111,848112,166578,164721,9031,173752,1293
2022-02-01,Yolo,113,214977,34761,33257,2728,35985,275
2022-02-01,Yuba,115,75493,14965,14693,1036,15729,103
2022-01-31,Alameda,001,1643700,240085,232743,12400,245143,1607
2022-01-31,Alpine,003,1148,119,123,1,124,0
2022-01-31,Amador,005,37829,7940,7682,535,8217,73
2022-01-31,Butte,007,227075,31184,30371,6415,36786,354
2022-01-31,Calaveras,009,45235,6844,6700,285,6985,96
2022-01-31,Colusa,011,21464,3285,3187,988,4175,21
2022-01-31,Contra Costa,013,1133247,180884,173466,11785,185251,1115
2022-01-31,Del Norte,015,27424,4979,4879,133,5012,43
2022-01-31,El Dorado,017,186661,25532,24545,2980,27525,184
2022-01-31,Fresno,019,978130,216203,210589,21973,232562,2464
2022-01-31,Glenn,021,27897,4733,4641,1491,6132,39
2022-01-31,Humboldt,023,135768,15522,15308,2465,17773,126
2022-01-31,Imperial,025,180216,52669,51472,9581,61053,846
2022-01-31,Inyo,027,18085,3959,3922,411,4333,50
2022-01-31,Kern,029,883053,183082,178375,42569,220944,1967
2022-01-31,Kings,031,150075,48126,46845,3236,50081,398
2022-01-31,Lake,033,64148,9648,9141,750,9891,119
2022-01-31,Lassen,035,31185,8390,8162,812,8974,55
2022-01-31,Los Angeles,037,10098052,2613058,2541189,117902,2659091,28718
2022-01-31,Madera,039,155013,34787,33886,5214,39100,329
2022-01-31,Marin,041,260295,31482,31023,2009,33032,253
2022-01-31,Mariposa,043,17540,2236,2203,143,2346,6
2022-01-31,Mendocino,045,87422,12166,11896,2466,14362,104
2022-01-31,Merced,047,269075,59268,58198,7308,65506,740
2022-01-31,Modoc,049,8938,669,661,228,889,6
2022-01-31,Mono,051,14174,2893,2889,114,3003,5
2022-01-31,Monterey,053,433212,74022,66117,11271,77388,661
2022-01-31,Napa,055,140530,23739,22707,809,23516,113
2022-01-31,Nevada,057,99092,15095,14813,1035,15848,112
2022-01-31,Orange,059,3164182,527991,522358,39114,561472,6098
2022-01-31,Placer,061,380077,59727,58252,6907,65159,523
2022-01-31,Plumas,063,18699,2786,2513,289,2802,12
2022-01-31,Riverside,065,2383286,571169,558166,26342,584508,5785
2022-01-31,Sacramento,067,1510023,265813,256594,23790,280384,2571
2022-01-31,San Benito,069,59416,12217,11976,471,12447,90
2022-01-31,San Bernardino,071,2135413,557655,535276,23960,559236,6302
2022-01-31,San Diego,073,3302833,714119,698571,49094,747665,4686
2022-01-31,San Francisco,075,870044,116061,111119,7664,118783,712
2022-01-31,San Joaquin,077,732212,158430,155736,9362,165098,1985
2022-01-31,San Luis Obispo,079,281455,48980,47656,3280,50936,395
2022-01-31,San Mateo,081,765935,114661,103313,6246,109559,589
2022-01-31,Santa Barbara,083,443738,80673,79267,4308,83575,606
2022-01-31,Santa Clara,085,1922200,293078,284562,10977,295539,2041
2022-01-31,Santa Cruz,087,273765,42921,41630,1944,43574,239
2022-01-31,Shasta,089,179085,28678,28190,5553,33743,462
2022-01-31,Sierra,091,2930,266,261,44,305,0
2022-01-31,Siskiyou,093,43540,4165,4054,2420,6474,66
2022-01-31,Solano,095,438530,75907,72258,5102,77360,414
2022-01-31,Sonoma,097,501317,78098,76199,2198,78397,431
2022-01-31,Stanislaus,099,539301,111689,110493,16122,126615,1403
2022-01-31,Sutter,101,95872,19460,19189,1691,20880,202
2022-01-31,Tehama,103,63373,11336,11112,2425,13537,145
2022-01-31,Trinity,105,12862,1115,1071,259,1330,19
2022-01-31,Tulare,107,460477,100108,96053,25081,121134,1245
2022-01-31,Tuolumne,109,53932,11856,11278,460,11738,91
2022-01-31,Ventura,111,848112,166042,164060,9006,173066,1286
2022-01-31,Yolo,113,214977,34600,33175,2701,35876,274
2022-01-31,Yuba,115,75493,14902,14652,1016,15668,103
2022-01-30,Alameda,001,1643700,238527,231838,12248,244086,1607
2022-01-30,Alpine,003,1148,119,123,1,124,0
2022-01-30,Amador,005,37829,7889,7644,512,8156,73
2022-01-30,Butte,007,227075,30978,30255,6336,36591,354
2022-01-30,Calaveras,009,45235,6788,6676,274,6950,96
2022-01-30,Colusa,011,21464,3265,3168,980,4148,21
2022-01-30,Contra Costa,013,1133247,179892,172902,11582,184484,1102
2022-01-30,Del Norte,015,27424,4938,4833,130,4963,43
2022-01-30,El Dorado,017,186661,25409,24491,2953,27444,184
2022-01-30,Fresno,019,978130,214635,209645,21710,231355,2463
2022-01-30,Glenn,021,27897,4700,4619,1482,6101,39
2022-01-30,Humboldt,023,135768,15410,15247,2410,17657,126
2022-01-30,Imperial,025,180216,52344,51415,9412,60827,846
2022-01-30,Inyo,027,18085,3942,3921,408,4329,50
2022-01-30,Kern,029,883053,182218,177924,42248,220172,1967
2022-01-30,Kings,031,150075,47774,46654,3179,49833,398
2022-01-30,Lake,033,64148,9559,9080,729,9809,119
2022-01-30,Lassen,035,31185,8366,8158,804,8962,55
2022-01-30,Los Angeles,037,10098052,2602976,2530739,117428,2648167,28678
2022-01-30,Madera,039,155013,34489,33752,5030,38782,329
2022-01-30,Marin,041,260295,31334,30875,1995,32870,253
2022-01-30,Mariposa,043,17540,2224,2177,138,2315,6
2022-01-30,Mendocino,045,87422,12093,11860,2360,14220,104
2022-01-30,Merced,047,269075,58899,58006,7014,65020,740
2022-01-30,Modoc,049,8938,666,661,228,889,6
2022-01-30,Mono,051,14174,2887,2888,114,3002,5
2022-01-30,Monterey,053,433212,73435,65996,10992,76988,661
2022-01-30,Napa,055,140530,23571,22588,793,23381,114
2022-01-30,Nevada,057,99092,15007,14741,1019,15760,112
2022-01-30,Orange,059,3164182,526355,521334,38964,560298,6098
2022-01-30,Placer,061,380077,59397,58030,6867,64897,523
2022-01-30,Plumas,063,18699,2761,2510,275,2785,12
2022-01-30,Riverside,065,2383286,569100,557088,26242,583330,5767
2022-01-30,Sacramento,067,1510023,264355,255715,23296,279011,2572
2022-01-30,San Benito,069,59416,12151,11945,466,12411,90
2022-01-30,San Bernardino,071,2135413,555882,534050,23849,557899,6302
2022-01-30,San Diego,073,3302833,710582,687145,48658,735803,4665
2022-01-30,San Francisco,075,870044,115512,110772,7630,118402,712
2022-01-30,San Joaquin,077,732212,157440,155165,9324,164489,1985
2022-01-30,San Luis Obispo,079,281455,48583,47599,3244,50843,394
2022-01-30,San Mateo,081,765935,114087,102979,6201,109180,589
2022-01-30,Santa Barbara,083,443738,79996,79072,4247,83319,606
2022-01-30,Santa Clara,085,1922200,291100,282846,10846,293692,2035
2022-01-30,Santa Cruz,087,273765,42462,41330,1936,43266,239
2022-01-30,Shasta,089,179085,28517,28105,5469,33574,462
2022-01-30,Sierra,091,2930,266,261,44,305,0
2022-01-30,Siskiyou,093,43540,4135,4039,2373,6412,66
2022-01-30,Solano,095,438530,75381,71857,5051,76908,414
2022-01-30,Sonoma,097,501317,77579,75890,2169,78059,431
2022-01-30,Stanislaus,099,539301,111035,110111,15919,126030,1403
2022-01-30,Sutter,101,95872,19368,19108,1594,20702,202
2022-01-30,Tehama,103,63373,11264,11071,2395,13466,145
2022-01-30,Trinity,105,12862,1109,1068,259,1327,19
2022-01-30,Tulare,107,460477,99366,95676,24823,120499,1245
2022-01-30,Tuolumne,109,53932,11747,11242,423,11665,91
2022-01-30,Ventura,111,848112,165463,163521,8976,172497,1286
2022-01-30,Yolo,113,214977,34383,33043,2668,35711,274
2022-01-30,Yuba,115,75493,14812,14584,996,15580,103
2022-01-29,Alameda,001,1643700,237855,225602,12230,237832,1605
2022-01-29,Alpine,003,1148,119,123,1,124,0
2022-01-29,Amador,005,37829,7867,7505,509,8014,73
2022-01-29,Butte,007,227075,30888,29557,6305,35862,353
2022-01-29,Calaveras,009,45235,6769,6484,274,6758,96
2022-01-29,Colusa,011,21464,3260,3107,976,4083,21
2022-01-29,Contra Costa,013,1133247,179345,168003,11549,179552,1101
2022-01-29,Del Norte,015,27424,4920,4589,128,4717,43
2022-01-29,El Dorado,017,186661,25365,24008,2946,26954,184
2022-01-29,Fresno,019,978130,214179,202691,21671,224362,2457
2022-01-29,Glenn,021,27897,4692,4516,1475,5991,39
2022-01-29,Humboldt,023,135768,15363,14812,2403,17215,126
2022-01-29,Imperial,025,180216,52228,50153,9356,59509,845
2022-01-29,Inyo,027,18085,3940,3895,400,4295,50
2022-01-29,Kern,029,883053,181878,174456,42086,216542,1962
2022-01-29,Kings,031,150075,47655,45047,3172,48219,397
2022-01-29,Lake,033,64148,9526,8747,725,9472,119
2022-01-29,Lassen,035,31185,8345,7961,801,8762,55
2022-01-29,Los Angeles,037,10098052,2599068,2473332,117160,2590492,28467
2022-01-29,Madera,039,155013,34380,32753,5002,37755,329
2022-01-29,Marin,041,260295,31269,30137,1993,32130,253
2022-01-29,Mariposa,043,17540,2222,2117,136,2253,6
2022-01-29,Mendocino,045,87422,12069,11591,2344,13935,104
2022-01-29,Merced,047,269075,58792,56472,7009,63481,735
2022-01-29,Modoc,049,8938,666,654,228,882,6
2022-01-29,Mono,051,14174,2885,2860,114,2974,5
2022-01-29,Monterey,053,433212,73280,64090,10930,75020,658
2022-01-29,Napa,055,140530,23515,22121,791,22912,113
2022-01-29,Nevada,057,99092,14973,14337,1016,15353,112
2022-01-29,Orange,059,3164182,525652,511255,38858,550113,6038
2022-01-29,Placer,061,380077,59205,56562,6851,63413,523
2022-01-29,Plumas,063,18699,2751,2463,271,2734,12
2022-01-29,Riverside,065,2383286,568078,548121,26200,574321,5726
2022-01-29,Sacramento,067,1510023,263709,249130,23250,272380,2558
2022-01-29,San Benito,069,59416,12093,11670,465,12135,90
2022-01-29,San Bernardino,071,2135413,555132,525249,23805,549054,6297
2022-01-29,San Diego,073,3302833,709248,683027,48558,731585,4643
2022-01-29,San Francisco,075,870044,115237,108265,7582,115847,712
2022-01-29,San Joaquin,077,732212,157194,150849,9302,160151,1971
2022-01-29,San Luis Obispo,079,281455,48493,46374,3241,49615,391
2022-01-29,San Mateo,081,765935,113751,100306,6178,106484,586
2022-01-29,Santa Barbara,083,443738,79774,76546,4241,80787,604
2022-01-29,Santa Clara,085,1922200,290162,273879,10818,284697,2019
2022-01-29,Santa Cruz,087,273765,42332,39228,1934,41162,240
2022-01-29,Shasta,089,179085,28457,27504,5456,32960,452
2022-01-29,Sierra,091,2930,266,260,43,303,0
2022-01-29,Siskiyou,093,43540,4125,3987,2366,6353,66
2022-01-29,Solano,095,438530,75236,69862,5038,74900,407
2022-01-29,Sonoma,097,501317,77364,73439,2164,75603,427
2022-01-29,Stanislaus,099,539301,110785,107668,15868,123536,1403
2022-01-29,Sutter,101,95872,19320,18797,1578,20375,202
2022-01-29,Tehama,103,63373,11229,10880,2386,13266,145
2022-01-29,Trinity,105,12862,1106,1033,258,1291,19
2022-01-29,Tulare,107,460477,99110,93154,24751,117905,1237
2022-01-29,Tuolumne,109,53932,11721,10806,415,11221,91
2022-01-29,Ventura,111,848112,165133,160466,8957,169423,1271
2022-01-29,Yolo,113,214977,34269,32123,2652,34775,275
2022-01-29,Yuba,115,75493,14772,14295,994,15289,103
2022-01-28,Alameda,001,1643700,236910,225602,12213,237815,1605
2022-01-28,Alpine,003,1148,119,123,1,124,0
2022-01-28,Amador,005,37829,7841,7505,508,8013,73
2022-01-28,Butte,007,227075,30811,29557,6283,35840,353
2022-01-28,Calaveras,009,45235,6751,6484,273,6757,96
2022-01-28,Colusa,011,21464,3255,3107,975,4082,21
2022-01-28,Contra Costa,013,1133247,178796,168003,11512,179515,1101
2022-01-28,Del Norte,015,27424,4896,4589,127,4716,43
2022-01-28,El Dorado,017,186661,25321,24008,2940,26948,184
2022-01-28,Fresno,019,978130,213309,202691,21615,224306,2457
2022-01-28,Glenn,021,27897,4679,4516,1473,5989,39
2022-01-28,Humboldt,023,135768,15327,14812,2393,17205,126
2022-01-28,Imperial,025,180216,52099,50153,9326,59479,845
2022-01-28,Inyo,027,18085,3936,3895,397,4292,50
2022-01-28,Kern,029,883053,181467,174456,41929,216385,1962
2022-01-28,Kings,031,150075,47525,45047,3162,48209,397
2022-01-28,Lake,033,64148,9494,8747,722,9469,119
2022-01-28,Lassen,035,31185,8275,7961,799,8760,55
2022-01-28,Los Angeles,037,10098052,2593346,2473332,116944,2590276,28467
2022-01-28,Madera,039,155013,34252,32753,4986,37739,329
2022-01-28,Marin,041,260295,31176,30137,1973,32110,253
2022-01-28,Mariposa,043,17540,2212,2117,134,2251,6
2022-01-28,Mendocino,045,87422,12026,11591,2342,13933,104
2022-01-28,Merced,047,269075,58693,56472,6994,63466,735
2022-01-28,Modoc,049,8938,665,654,228,882,6
2022-01-28,Mono,051,14174,2880,2860,113,2973,5
2022-01-28,Monterey,053,433212,73078,64090,10881,74971,658
2022-01-28,Napa,055,140530,23436,22121,789,22910,113
2022-01-28,Nevada,057,99092,14936,14337,1014,15351,112
2022-01-28,Orange,059,3164182,524581,511255,38768,550023,6038
2022-01-28,Placer,061,380077,59006,56562,6827,63389,523
2022-01-28,Plumas,063,18699,2743,2463,269,2732,12
2022-01-28,Riverside,065,2383286,566756,548121,26159,574280,5726
2022-01-28,Sacramento,067,1510023,262927,249130,23196,272326,2558
2022-01-28,San Benito,069,59416,12071,11670,460,12130,90
2022-01-28,San Bernardino,071,2135413,554091,525249,23768,549017,6297
2022-01-28,San Diego,073,3302833,707427,683027,48479,731506,4643
2022-01-28,San Francisco,075,870044,114882,108265,7533,115798,712
2022-01-28,San Joaquin,077,732212,156903,150849,9288,160137,1971
2022-01-28,San Luis Obispo,079,281455,48409,46374,3234,49608,391
2022-01-28,San Mateo,081,765935,113399,100306,6157,106463,586
2022-01-28,Santa Barbara,083,443738,79525,76546,4239,80785,604
2022-01-28,Santa Clara,085,1922200,288971,273879,10769,284648,2019
2022-01-28,Santa Cruz,087,273765,42139,39228,1923,41151,240
2022-01-28,Shasta,089,179085,28397,27504,5442,32946,452
2022-01-28,Sierra,091,2930,266,260,43,303,0
2022-01-28,Siskiyou,093,43540,4115,3987,2362,6349,66
2022-01-28,Solano,095,438530,74684,69862,4972,74834,407
2022-01-28,Sonoma,097,501317,77158,73439,2157,75596,427
2022-01-28,Stanislaus,099,539301,110512,107668,15821,123489,1403
2022-01-28,Sutter,101,95872,19275,18797,1576,20373,202
2022-01-28,Tehama,103,63373,11197,10880,2379,13259,145
2022-01-28,Trinity,105,12862,1097,1033,258,1291,19
2022-01-28,Tulare,107,460477,98836,93154,24645,117799,1237
2022-01-28,Tuolumne,109,53932,11688,10806,411,11217,91
2022-01-28,Ventura,111,848112,164679,160466,8938,169404,1271
2022-01-28,Yolo,113,214977,34164,32123,2646,34769,275
2022-01-28,Yuba,115,75493,14733,14295,990,15285,103
2022-01-27,Alameda,001,1643700,235324,225602,12080,237682,1605
2022-01-27,Alpine,003,1148,119,123,1,124,0
2022-01-27,Amador,005,37829,7795,7505,497,8002,73
2022-01-27,Butte,007,227075,30658,29557,6229,35786,353
2022-01-27,Calaveras,009,45235,6725,6484,257,6741,96
2022-01-27,Colusa,011,21464,3239,3107,970,4077,21
2022-01-27,Contra Costa,013,1133247,177732,168003,11339,179342,1101
2022-01-27,Del Norte,015,27424,4852,4589,123,4712,43
2022-01-27,El Dorado,017,186661,25212,24008,2921,26929,184
2022-01-27,Fresno,019,978130,211673,202691,21395,224086,2457
2022-01-27,Glenn,021,27897,4647,4516,1465,5981,39
2022-01-27,Humboldt,023,135768,15238,14812,2356,17168,126
2022-01-27,Imperial,025,180216,51830,50153,9214,59367,845
2022-01-27,Inyo,027,18085,3929,3895,388,4283,50
2022-01-27,Kern,029,883053,180688,174456,41569,216025,1962
2022-01-27,Kings,031,150075,47185,45047,3124,48171,397
2022-01-27,Lake,033,64148,9440,8747,705,9452,119
2022-01-27,Lassen,035,31185,8234,7961,793,8754,55
2022-01-27,Los Angeles,037,10098052,2582190,2473332,116430,2589762,28467
2022-01-27,Madera,039,155013,34043,32753,4884,37637,329
2022-01-27,Marin,041,260295,31012,30137,1958,32095,253
2022-01-27,Mariposa,043,17540,2189,2117,131,2248,6
2022-01-27,Mendocino,045,87422,11975,11591,2293,13884,104
2022-01-27,Merced,047,269075,58424,56472,6831,63303,735
2022-01-27,Modoc,049,8938,663,654,227,881,6
2022-01-27,Mono,051,14174,2875,2860,113,2973,5
2022-01-27,Monterey,053,433212,72456,64090,10636,74726,658
2022-01-27,Napa,055,140530,23281,22121,762,22883,113
2022-01-27,Nevada,057,99092,14864,14337,987,15324,112
2022-01-27,Orange,059,3164182,522855,511255,38631,549886,6038
2022-01-27,Placer,061,380077,58688,56562,6775,63337,523
2022-01-27,Plumas,063,18699,2732,2463,257,2720,12
2022-01-27,Riverside,065,2383286,564581,548121,26091,574212,5726
2022-01-27,Sacramento,067,1510023,261645,249130,22870,272000,2558
2022-01-27,San Benito,069,59416,12016,11670,455,12125,90
2022-01-27,San Bernardino,071,2135413,552197,525249,23667,548916,6297
2022-01-27,San Diego,073,3302833,704086,683027,48120,731147,4643
2022-01-27,San Francisco,075,870044,114377,108265,7475,115740,712
2022-01-27,San Joaquin,077,732212,156043,150849,9223,160072,1971
2022-01-27,San Luis Obispo,079,281455,48138,46374,3199,49573,391
2022-01-27,San Mateo,081,765935,112814,100306,6088,106394,586
2022-01-27,Santa Barbara,083,443738,79046,76546,4184,80730,604
2022-01-27,Santa Clara,085,1922200,286898,273879,10623,284502,2019
2022-01-27,Santa Cruz,087,273765,41475,39228,1905,41133,240
2022-01-27,Shasta,089,179085,28271,27504,5393,32897,452
2022-01-27,Sierra,091,2930,265,260,42,302,0
2022-01-27,Siskiyou,093,43540,4094,3987,2325,6312,66
2022-01-27,Solano,095,438530,74045,69862,4914,74776,407
2022-01-27,Sonoma,097,501317,76692,73439,2143,75582,427
2022-01-27,Stanislaus,099,539301,109984,107668,15664,123332,1403
2022-01-27,Sutter,101,95872,19170,18797,1551,20348,202
2022-01-27,Tehama,103,63373,11145,10880,2363,13243,145
2022-01-27,Trinity,105,12862,1093,1033,257,1290,19
2022-01-27,Tulare,107,460477,98170,93154,24383,117537,1237
2022-01-27,Tuolumne,109,53932,11634,10806,403,11209,91
2022-01-27,Ventura,111,848112,164028,160466,8902,169368,1271
2022-01-27,Yolo,113,214977,34018,32123,2631,34754,275
2022-01-27,Yuba,115,75493,14655,14295,974,15269,103
2022-01-26,Alameda,001,1643700,233435,222680,11913,234593,1596
2022-01-26,Alpine,003,1148,119,123,1,124,0
2022-01-26,Amador,005,37829,7721,7427,482,7909,73
2022-01-26,Butte,007,227075,30463,29229,6165,35394,353
2022-01-26,Calaveras,009,45235,6687,6387,251,6638,96
2022-01-26,Colusa,011,21464,3220,3094,965,4059,21
2022-01-26,Contra Costa,013,1133247,176536,165972,11169,177141,1095
2022-01-26,Del Norte,015,27424,4794,4542,122,4664,43
2022-01-26,El Dorado,017,186661,25090,23819,2898,26717,181
2022-01-26,Fresno,019,978130,209811,199689,21176,220865,2452
2022-01-26,Glenn,021,27897,4614,4472,1460,5932,39
2022-01-26,Humboldt,023,135768,15140,14715,2313,17028,126
2022-01-26,Imperial,025,180216,51473,49477,9074,58551,839
2022-01-26,Inyo,027,18085,3926,3889,358,4247,50
2022-01-26,Kern,029,883053,179748,173052,41230,214282,1953
2022-01-26,Kings,031,150075,46780,44367,3095,47462,396
2022-01-26,Lake,033,64148,9358,8645,695,9340,119
2022-01-26,Lassen,035,31185,8194,7888,793,8681,55
2022-01-26,Los Angeles,037,10098052,2569980,2450620,115979,2566599,28382
2022-01-26,Madera,039,155013,33804,32323,4747,37070,329
2022-01-26,Marin,041,260295,30829,29813,1941,31754,253
2022-01-26,Mariposa,043,17540,2172,2108,124,2232,6
2022-01-26,Mendocino,045,87422,11927,11453,2242,13695,103
2022-01-26,Merced,047,269075,58050,56060,6654,62714,733
2022-01-26,Modoc,049,8938,662,652,226,878,6
2022-01-26,Mono,051,14174,2872,2852,113,2965,4
2022-01-26,Monterey,053,433212,71899,63264,10347,73611,659
2022-01-26,Napa,055,140530,23125,21864,752,22616,112
2022-01-26,Nevada,057,99092,14770,14128,975,15103,112
2022-01-26,Orange,059,3164182,520865,506419,38465,544884,6007
2022-01-26,Placer,061,380077,58349,55892,6714,62606,524
2022-01-26,Plumas,063,18699,2705,2425,255,2680,12
2022-01-26,Riverside,065,2383286,562051,543788,25975,569763,5701
2022-01-26,Sacramento,067,1510023,259948,246416,22543,268959,2559
2022-01-26,San Benito,069,59416,11945,11563,443,12006,90
2022-01-26,San Bernardino,071,2135413,549923,521699,23560,545259,6291
2022-01-26,San Diego,073,3302833,699869,676392,47762,724154,4622
2022-01-26,San Francisco,075,870044,113736,107174,7443,114617,704
2022-01-26,San Joaquin,077,732212,155049,148770,9170,157940,1971
2022-01-26,San Luis Obispo,079,281455,47834,45716,3172,48888,391
2022-01-26,San Mateo,081,765935,112148,99016,5963,104979,586
2022-01-26,Santa Barbara,083,443738,78518,75548,4124,79672,600
2022-01-26,Santa Clara,085,1922200,284780,270470,10453,280923,2015
2022-01-26,Santa Cruz,087,273765,40956,38298,1891,40189,239
2022-01-26,Shasta,089,179085,28124,27255,5348,32603,452
2022-01-26,Sierra,091,2930,264,260,41,301,0
2022-01-26,Siskiyou,093,43540,4078,3971,2300,6271,66
2022-01-26,Solano,095,438530,73349,69150,4847,73997,401
2022-01-26,Sonoma,097,501317,76132,72509,2108,74617,423
2022-01-26,Stanislaus,099,539301,109428,106582,15447,122029,1396
2022-01-26,Sutter,101,95872,19060,18670,1507,20177,202
2022-01-26,Tehama,103,63373,11091,10749,2349,13098,145
2022-01-26,Trinity,105,12862,1088,1008,257,1265,19
2022-01-26,Tulare,107,460477,97363,91904,24144,116048,1234
2022-01-26,Tuolumne,109,53932,11450,10699,392,11091,91
2022-01-26,Ventura,111,848112,163318,159077,8860,167937,1263
2022-01-26,Yolo,113,214977,33801,31913,2593,34506,275
2022-01-26,Yuba,115,75493,14570,14171,952,15123,103
2022-01-25,Alameda,001,1643700,231535,219753,11737,231490,1589
2022-01-25,Alpine,003,1148,119,122,1,123,0
2022-01-25,Amador,005,37829,7644,7352,471,7823,73
2022-01-25,Butte,007,227075,30249,28887,6088,34975,351
2022-01-25,Calaveras,009,45235,6629,6266,238,6504,95
2022-01-25,Colusa,011,21464,3199,3074,963,4037,21
2022-01-25,Contra Costa,013,1133247,175137,163792,10941,174733,1092
2022-01-25,Del Norte,015,27424,4724,4514,117,4631,43
2022-01-25,El Dorado,017,186661,24953,23339,2873,26212,179
2022-01-25,Fresno,019,978130,207640,198262,20882,219144,2434
2022-01-25,Glenn,021,27897,4584,4418,1444,5862,39
2022-01-25,Humboldt,023,135768,15048,14574,2287,16861,126
2022-01-25,Imperial,025,180216,51017,48913,8853,57766,832
2022-01-25,Inyo,027,18085,3910,3857,316,4173,50
2022-01-25,Kern,029,883053,178743,171695,40782,212477,1947
2022-01-25,Kings,031,150075,46311,43853,3050,46903,396
2022-01-25,Lake,033,64148,9279,8543,683,9226,118
2022-01-25,Lassen,035,31185,8163,7834,784,8618,55
2022-01-25,Los Angeles,037,10098052,2555035,2433516,115335,2548851,28293
2022-01-25,Madera,039,155013,33483,31794,4614,36408,329
2022-01-25,Marin,041,260295,30651,29589,1928,31517,253
2022-01-25,Mariposa,043,17540,2160,2069,118,2187,6
2022-01-25,Mendocino,045,87422,11807,11280,2139,13419,103
2022-01-25,Merced,047,269075,57663,55555,6516,62071,733
2022-01-25,Modoc,049,8938,660,652,226,878,6
2022-01-25,Mono,051,14174,2862,2826,112,2938,4
2022-01-25,Monterey,053,433212,71325,62498,9946,72444,654
2022-01-25,Napa,055,140530,22930,21668,718,22386,111
2022-01-25,Nevada,057,99092,14657,13944,953,14897,112
2022-01-25,Orange,059,3164182,518584,504274,38268,542542,5980
2022-01-25,Placer,061,380077,57946,55465,6641,62106,518
2022-01-25,Plumas,063,18699,2681,2397,251,2648,12
2022-01-25,Riverside,065,2383286,558961,540723,25811,566534,5686
2022-01-25,Sacramento,067,1510023,258003,244468,22015,266483,2545
2022-01-25,San Benito,069,59416,11846,11446,439,11885,88
2022-01-25,San Bernardino,071,2135413,547293,519150,23446,542596,6288
2022-01-25,San Diego,073,3302833,694877,670110,47310,717420,4604
2022-01-25,San Francisco,075,870044,112977,106254,7401,113655,703
2022-01-25,San Joaquin,077,732212,154051,147271,9107,156378,1972
2022-01-25,San Luis Obispo,079,281455,47473,45130,3124,48254,391
2022-01-25,San Mateo,081,765935,111315,98010,5852,103862,586
2022-01-25,Santa Barbara,083,443738,77850,74686,4045,78731,594
2022-01-25,Santa Clara,085,1922200,282128,268031,10251,278282,2006
2022-01-25,Santa Cruz,087,273765,40285,37850,1876,39726,237
2022-01-25,Shasta,089,179085,27962,27090,5282,32372,452
2022-01-25,Sierra,091,2930,264,260,37,297,0
2022-01-25,Siskiyou,093,43540,4054,3958,2265,6223,65
2022-01-25,Solano,095,438530,72778,68657,4788,73445,399
2022-01-25,Sonoma,097,501317,75443,71633,2068,73701,423
2022-01-25,Stanislaus,099,539301,108755,105965,15221,121186,1396
2022-01-25,Sutter,101,95872,18957,18508,1467,19975,200
2022-01-25,Tehama,103,63373,11028,10669,2325,12994,145
2022-01-25,Trinity,105,12862,1081,999,255,1254,19
2022-01-25,Tulare,107,460477,96498,91237,23825,115062,1229
2022-01-25,Tuolumne,109,53932,11269,10516,368,10884,91
2022-01-25,Ventura,111,848112,162464,157971,8811,166782,1263
2022-01-25,Yolo,113,214977,33542,31677,2549,34226,274
2022-01-25,Yuba,115,75493,14485,14038,925,14963,103
2022-01-24,Alameda,001,1643700,229063,216252,11467,227719,1581
2022-01-24,Alpine,003,1148,119,120,1,121,0
2022-01-24,Amador,005,37829,7593,7166,434,7600,73
2022-01-24,Butte,007,227075,30016,28607,6023,34630,350
2022-01-24,Calaveras,009,45235,6581,6172,224,6396,95
2022-01-24,Colusa,011,21464,3179,3052,946,3998,21
2022-01-24,Contra Costa,013,1133247,173585,162161,10719,172880,1092
2022-01-24,Del Norte,015,27424,4664,4460,117,4577,43
2022-01-24,El Dorado,017,186661,24785,23128,2847,25975,179
2022-01-24,Fresno,019,978130,205318,196092,20558,216650,2430
2022-01-24,Glenn,021,27897,4544,4367,1435,5802,39
2022-01-24,Humboldt,023,135768,14937,14416,2242,16658,126
2022-01-24,Imperial,025,180216,50477,48228,8573,56801,824
2022-01-24,Inyo,027,18085,3904,3805,292,4097,50
2022-01-24,Kern,029,883053,177437,169892,40313,210205,1946
2022-01-24,Kings,031,150075,45738,43260,2979,46239,396
2022-01-24,Lake,033,64148,9170,8423,668,9091,118
2022-01-24,Lassen,035,31185,8079,7732,765,8497,55
2022-01-24,Los Angeles,037,10098052,2538502,2391045,114555,2505600,28230
2022-01-24,Madera,039,155013,33047,31339,4430,35769,329
2022-01-24,Marin,041,260295,30418,29301,1892,31193,253
2022-01-24,Mariposa,043,17540,2135,2033,114,2147,6
2022-01-24,Mendocino,045,87422,11703,11002,2060,13062,103
2022-01-24,Merced,047,269075,57161,54970,6233,61203,730
2022-01-24,Modoc,049,8938,657,648,225,873,6
2022-01-24,Mono,051,14174,2852,2802,111,2913,4
2022-01-24,Monterey,053,433212,70465,61975,9591,71566,654
2022-01-24,Napa,055,140530,22751,21494,706,22200,111
2022-01-24,Nevada,057,99092,14530,13774,930,14704,112
2022-01-24,Orange,059,3164182,516007,501634,38003,539637,5969
2022-01-24,Placer,061,380077,57464,54933,6592,61525,518
2022-01-24,Plumas,063,18699,2649,2370,237,2607,12
2022-01-24,Riverside,065,2383286,555233,535962,25603,561565,5661
2022-01-24,Sacramento,067,1510023,255642,241522,21459,262981,2526
2022-01-24,San Benito,069,59416,11747,11331,426,11757,88
2022-01-24,San Bernardino,071,2135413,544382,515604,23283,538887,6285
2022-01-24,San Diego,073,3302833,689221,663580,46759,710339,4586
2022-01-24,San Francisco,075,870044,112020,105418,7307,112725,703
2022-01-24,San Joaquin,077,732212,152734,145984,9031,155015,1959
2022-01-24,San Luis Obispo,079,281455,47002,44616,3070,47686,387
2022-01-24,San Mateo,081,765935,110352,96968,5738,102706,586
2022-01-24,Santa Barbara,083,443738,77039,73866,3952,77818,591
2022-01-24,Santa Clara,085,1922200,279228,265341,10042,275383,2006
2022-01-24,Santa Cruz,087,273765,39485,37188,1858,39046,237
2022-01-24,Shasta,089,179085,27778,26871,5194,32065,452
2022-01-24,Sierra,091,2930,264,258,37,295,0
2022-01-24,Siskiyou,093,43540,4046,3934,2226,6160,64
2022-01-24,Solano,095,438530,72096,68094,4711,72805,400
2022-01-24,Sonoma,097,501317,74528,70733,2031,72764,423
2022-01-24,Stanislaus,099,539301,107997,104933,14933,119866,1395
2022-01-24,Sutter,101,95872,18842,18336,1381,19717,200
2022-01-24,Tehama,103,63373,10958,10567,2305,12872,145
2022-01-24,Trinity,105,12862,1072,978,253,1231,19
2022-01-24,Tulare,107,460477,95427,90089,23467,113556,1219
2022-01-24,Tuolumne,109,53932,11148,10374,360,10734,91
2022-01-24,Ventura,111,848112,161441,156551,8766,165317,1261
2022-01-24,Yolo,113,214977,33249,31480,2520,34000,273
2022-01-24,Yuba,115,75493,14379,13862,886,14748,103
2022-01-23,Alameda,001,1643700,226365,214003,11143,225146,1583
2022-01-23,Alpine,003,1148,119,120,1,121,0
2022-01-23,Amador,005,37829,7537,7090,394,7484,73
2022-01-23,Butte,007,227075,29718,28340,5897,34237,350
2022-01-23,Calaveras,009,45235,6516,6095,203,6298,95
2022-01-23,Colusa,011,21464,3154,3040,937,3977,21
2022-01-23,Contra Costa,013,1133247,171649,160798,10346,171144,1092
2022-01-23,Del Norte,015,27424,4596,4419,111,4530,43
2022-01-23,El Dorado,017,186661,24599,22925,2801,25726,179
2022-01-23,Fresno,019,978130,202818,193642,20073,213715,2430
2022-01-23,Glenn,021,27897,4497,4340,1413,5753,39
2022-01-23,Humboldt,023,135768,14815,14296,2160,16456,126
2022-01-23,Imperial,025,180216,49879,47935,8291,56226,824
2022-01-23,Inyo,027,18085,3877,3781,278,4059,50
2022-01-23,Kern,029,883053,176074,168585,39788,208373,1946
2022-01-23,Kings,031,150075,45103,42622,2877,45499,397
2022-01-23,Lake,033,64148,9000,8363,642,9005,118
2022-01-23,Lassen,035,31185,8030,7710,741,8451,55
2022-01-23,Los Angeles,037,10098052,2518178,2390590,113405,2503995,28231
2022-01-23,Madera,039,155013,32689,30962,4194,35156,329
2022-01-23,Marin,041,260295,30165,29025,1854,30879,253
2022-01-23,Mariposa,043,17540,2120,2011,111,2122,6
2022-01-23,Mendocino,045,87422,11578,10889,1932,12821,103
2022-01-23,Merced,047,269075,56594,54644,5782,60426,730
2022-01-23,Modoc,049,8938,655,645,222,867,6
2022-01-23,Mono,051,14174,2844,2788,109,2897,4
2022-01-23,Monterey,053,433212,69628,61522,9159,70681,654
2022-01-23,Napa,055,140530,22489,21281,693,21974,111
2022-01-23,Nevada,057,99092,14369,13629,901,14530,112
2022-01-23,Orange,059,3164182,512904,498968,37712,536680,5970
2022-01-23,Placer,061,380077,56894,54568,6503,61071,518
2022-01-23,Plumas,063,18699,2616,2368,208,2576,12
2022-01-23,Riverside,065,2383286,550788,532273,25301,557574,5661
2022-01-23,Sacramento,067,1510023,252994,239589,20518,260107,2530
2022-01-23,San Benito,069,59416,11625,11225,415,11640,88
2022-01-23,San Bernardino,071,2135413,540806,512657,23005,535662,6281
2022-01-23,San Diego,073,3302833,682616,640215,45950,686165,4566
2022-01-23,San Francisco,075,870044,110953,104485,7199,111684,704
2022-01-23,San Joaquin,077,732212,151112,144621,8949,153570,1959
2022-01-23,San Luis Obispo,079,281455,46306,44183,2996,47179,386
2022-01-23,San Mateo,081,765935,109232,95940,5594,101534,586
2022-01-23,Santa Barbara,083,443738,75915,73041,3829,76870,590
2022-01-23,Santa Clara,085,1922200,275877,261991,9723,271714,2005
2022-01-23,Santa Cruz,087,273765,38954,36547,1827,38374,237
2022-01-23,Shasta,089,179085,27498,26732,5074,31806,452
2022-01-23,Sierra,091,2930,263,252,37,289,0
2022-01-23,Siskiyou,093,43540,4021,3916,2169,6085,64
2022-01-23,Solano,095,438530,71295,67457,4617,72074,400
2022-01-23,Sonoma,097,501317,73574,69791,1975,71766,423
2022-01-23,Stanislaus,099,539301,107136,104067,14641,118708,1395
2022-01-23,Sutter,101,95872,18684,18175,1268,19443,200
2022-01-23,Tehama,103,63373,10861,10481,2274,12755,145
2022-01-23,Trinity,105,12862,1069,961,251,1212,19
2022-01-23,Tulare,107,460477,94173,89120,23055,112175,1219
2022-01-23,Tuolumne,109,53932,10956,10243,343,10586,91
2022-01-23,Ventura,111,848112,160260,155052,8689,163741,1261
2022-01-23,Yolo,113,214977,32872,30908,2480,33388,273
2022-01-23,Yuba,115,75493,14255,13762,833,14595,103
2022-01-22,Alameda,001,1643700,225300,203927,11115,215042,1575
2022-01-22,Alpine,003,1148,118,119,1,120,0
2022-01-22,Amador,005,37829,7503,6845,389,7234,73
2022-01-22,Butte,007,227075,29596,27232,5865,33097,350
2022-01-22,Calaveras,009,45235,6486,5835,202,6037,95
2022-01-22,Colusa,011,21464,3137,2954,934,3888,21
2022-01-22,Contra Costa,013,1133247,170678,154111,10316,164427,1091
2022-01-22,Del Norte,015,27424,4557,4269,107,4376,43
2022-01-22,El Dorado,017,186661,24533,22273,2789,25062,179
2022-01-22,Fresno,019,978130,201985,185292,20002,205294,2429
2022-01-22,Glenn,021,27897,4490,4174,1410,5584,39
2022-01-22,Humboldt,023,135768,14747,13628,2147,15775,125
2022-01-22,Imperial,025,180216,49688,45741,8233,53974,820
2022-01-22,Inyo,027,18085,3873,3706,254,3960,50
2022-01-22,Kern,029,883053,175449,162902,39488,202390,1946
2022-01-22,Kings,031,150075,44895,40580,2864,43444,396
2022-01-22,Lake,033,64148,8966,8056,634,8690,118
2022-01-22,Lassen,035,31185,7996,7545,734,8279,55
2022-01-22,Los Angeles,037,10098052,2510761,2286280,112899,2399179,28038
2022-01-22,Madera,039,155013,32570,29595,4179,33774,329
2022-01-22,Marin,041,260295,30038,27893,1849,29742,253
2022-01-22,Mariposa,043,17540,2116,1920,111,2031,6
2022-01-22,Mendocino,045,87422,11528,10395,1910,12305,103
2022-01-22,Merced,047,269075,56436,53025,5775,58800,727
2022-01-22,Modoc,049,8938,654,639,222,861,6
2022-01-22,Mono,051,14174,2843,2723,105,2828,4
2022-01-22,Monterey,053,433212,69422,59038,9117,68155,651
2022-01-22,Napa,055,140530,22394,20402,683,21085,111
2022-01-22,Nevada,057,99092,14301,12957,893,13850,112
2022-01-22,Orange,059,3164182,511296,480329,37464,517793,5946
2022-01-22,Placer,061,380077,56623,52557,6466,59023,512
2022-01-22,Plumas,063,18699,2599,2289,204,2493,12
2022-01-22,Riverside,065,2383286,548873,513567,25228,538795,5623
2022-01-22,Sacramento,067,1510023,251942,230206,20413,250619,2510
2022-01-22,San Benito,069,59416,11567,10743,410,11153,88
2022-01-22,San Bernardino,071,2135413,539270,495209,22911,518120,6267
2022-01-22,San Diego,073,3302833,680129,628904,45729,674633,4559
2022-01-22,San Francisco,075,870044,110297,100238,7051,107289,702
2022-01-22,San Joaquin,077,732212,150669,138264,8907,147171,1960
2022-01-22,San Luis Obispo,079,281455,46187,42154,2990,45144,385
2022-01-22,San Mateo,081,765935,108646,91440,5532,96972,585
2022-01-22,Santa Barbara,083,443738,75493,69555,3823,73378,589
2022-01-22,Santa Clara,085,1922200,274193,249205,9657,258862,1993
2022-01-22,Santa Cruz,087,273765,38772,33741,1821,35562,237
2022-01-22,Shasta,089,179085,27402,25919,5052,30971,450
2022-01-22,Sierra,091,2930,263,248,36,284,0
2022-01-22,Siskiyou,093,43540,4003,3845,2148,5993,62
2022-01-22,Solano,095,438530,71072,63882,4579,68461,391
2022-01-22,Sonoma,097,501317,73154,66013,1965,67978,422
2022-01-22,Stanislaus,099,539301,106678,100092,14543,114635,1393
2022-01-22,Sutter,101,95872,18616,17616,1255,18871,199
2022-01-22,Tehama,103,63373,10826,10171,2263,12434,142
2022-01-22,Trinity,105,12862,1067,925,251,1176,19
2022-01-22,Tulare,107,460477,93795,85223,22933,108156,1211
2022-01-22,Tuolumne,109,53932,10888,9731,337,10068,91
2022-01-22,Ventura,111,848112,159569,148742,8649,157391,1250
2022-01-22,Yolo,113,214977,32694,30061,2463,32524,273
2022-01-22,Yuba,115,75493,14166,13288,829,14117,103
2022-01-21,Alameda,001,1643700,223718,203927,11082,215009,1575
2022-01-21,Alpine,003,1148,118,119,1,120,0
2022-01-21,Amador,005,37829,7446,6845,386,7231,73
2022-01-21,Butte,007,227075,29470,27232,5822,33054,350
2022-01-21,Calaveras,009,45235,6440,5835,202,6037,95
2022-01-21,Colusa,011,21464,3130,2954,928,3882,21
2022-01-21,Contra Costa,013,1133247,169579,154111,10236,164347,1091
2022-01-21,Del Norte,015,27424,4517,4269,107,4376,43
2022-01-21,El Dorado,017,186661,24449,22273,2773,25046,179
2022-01-21,Fresno,019,978130,200730,185292,19902,205194,2429
2022-01-21,Glenn,021,27897,4468,4174,1406,5580,39
2022-01-21,Humboldt,023,135768,14677,13628,2128,15756,125
2022-01-21,Imperial,025,180216,49499,45741,8157,53898,820
2022-01-21,Inyo,027,18085,3860,3706,249,3955,50
2022-01-21,Kern,029,883053,174734,162902,39118,202020,1946
2022-01-21,Kings,031,150075,44698,40580,2856,43436,396
2022-01-21,Lake,033,64148,8909,8056,622,8678,118
2022-01-21,Lassen,035,31185,7947,7545,730,8275,55
2022-01-21,Los Angeles,037,10098052,2499461,2286280,112438,2398718,28038
2022-01-21,Madera,039,155013,32279,29595,4151,33746,329
2022-01-21,Marin,041,260295,29861,27893,1830,29723,253
2022-01-21,Mariposa,043,17540,2104,1920,110,2030,6
2022-01-21,Mendocino,045,87422,11447,10395,1907,12302,103
2022-01-21,Merced,047,269075,56277,53025,5771,58796,727
2022-01-21,Modoc,049,8938,653,639,222,861,6
2022-01-21,Mono,051,14174,2829,2723,102,2825,4
2022-01-21,Monterey,053,433212,68951,59038,8991,68029,651
2022-01-21,Napa,055,140530,22274,20402,675,21077,111
2022-01-21,Nevada,057,99092,14203,12957,889,13846,112
2022-01-21,Orange,059,3164182,509058,480329,37219,517548,5946
2022-01-21,Placer,061,380077,56231,52557,6404,58961,512
2022-01-21,Plumas,063,18699,2586,2289,199,2488,12
2022-01-21,Riverside,065,2383286,546217,513567,25149,538716,5623
2022-01-21,Sacramento,067,1510023,250498,230206,20313,250519,2510
2022-01-21,San Benito,069,59416,11531,10743,407,11150,88
2022-01-21,San Bernardino,071,2135413,537194,495209,22836,518045,6267
2022-01-21,San Diego,073,3302833,675961,628904,45552,674456,4559
2022-01-21,San Francisco,075,870044,109537,100238,6963,107201,702
2022-01-21,San Joaquin,077,732212,150067,138264,8851,147115,1960
2022-01-21,San Luis Obispo,079,281455,46061,42154,2987,45141,385
2022-01-21,San Mateo,081,765935,107974,91440,5494,96934,585
2022-01-21,Santa Barbara,083,443738,74991,69555,3814,73369,589
2022-01-21,Santa Clara,085,1922200,272359,249205,9549,258754,1993
2022-01-21,Santa Cruz,087,273765,38053,33741,1808,35549,237
2022-01-21,Shasta,089,179085,27313,25919,5005,30924,450
2022-01-21,Sierra,091,2930,261,248,35,283,0
2022-01-21,Siskiyou,093,43540,3994,3845,2130,5975,62
2022-01-21,Solano,095,438530,70659,63882,4496,68378,391
2022-01-21,Sonoma,097,501317,72629,66013,1955,67968,422
2022-01-21,Stanislaus,099,539301,106174,100092,14468,114560,1393
2022-01-21,Sutter,101,95872,18530,17616,1241,18857,199
2022-01-21,Tehama,103,63373,10789,10171,2261,12432,142
2022-01-21,Trinity,105,12862,1061,925,250,1175,19
2022-01-21,Tulare,107,460477,93318,85223,22779,108002,1211
2022-01-21,Tuolumne,109,53932,10805,9731,330,10061,91
2022-01-21,Ventura,111,848112,158760,148742,8618,157360,1250
2022-01-21,Yolo,113,214977,32531,30061,2442,32503,273
2022-01-21,Yuba,115,75493,14094,13288,822,14110,103
2022-01-20,Alameda,001,1643700,220648,203927,10844,214771,1575
2022-01-20,Alpine,003,1148,118,119,1,120,0
2022-01-20,Amador,005,37829,7382,6845,368,7213,73
2022-01-20,Butte,007,227075,29206,27232,5743,32975,350
2022-01-20,Calaveras,009,45235,6335,5835,193,6028,95
2022-01-20,Colusa,011,21464,3104,2954,916,3870,21
2022-01-20,Contra Costa,013,1133247,167534,154111,9963,164074,1091
2022-01-20,Del Norte,015,27424,4477,4269,104,4373,43
2022-01-20,El Dorado,017,186661,24247,22273,2728,25001,179
2022-01-20,Fresno,019,978130,198106,185292,19517,204809,2429
2022-01-20,Glenn,021,27897,4434,4174,1397,5571,39
2022-01-20,Humboldt,023,135768,14550,13628,2078,15706,125
2022-01-20,Imperial,025,180216,48981,45741,7981,53722,820
2022-01-20,Inyo,027,18085,3848,3706,238,3944,50
2022-01-20,Kern,029,883053,173210,162902,38579,201481,1946
2022-01-20,Kings,031,150075,44143,40580,2816,43396,396
2022-01-20,Lake,033,64148,8813,8056,594,8650,118
2022-01-20,Lassen,035,31185,7894,7545,715,8260,55
2022-01-20,Los Angeles,037,10098052,2474721,2286280,111462,2397742,28038
2022-01-20,Madera,039,155013,31892,29595,4026,33621,329
2022-01-20,Marin,041,260295,29569,27893,1793,29686,253
2022-01-20,Mariposa,043,17540,2077,1920,107,2027,6
2022-01-20,Mendocino,045,87422,11349,10395,1829,12224,103
2022-01-20,Merced,047,269075,55846,53025,5543,58568,727
2022-01-20,Modoc,049,8938,651,639,222,861,6
2022-01-20,Mono,051,14174,2821,2723,101,2824,4
2022-01-20,Monterey,053,433212,68188,59038,8577,67615,651
2022-01-20,Napa,055,140530,22009,20402,636,21038,111
2022-01-20,Nevada,057,99092,14058,12957,867,13824,112
2022-01-20,Orange,059,3164182,505121,480329,36849,517178,5946
2022-01-20,Placer,061,380077,55747,52557,6344,58901,512
2022-01-20,Plumas,063,18699,2558,2289,195,2484,12
2022-01-20,Riverside,065,2383286,541649,513567,24918,538485,5623
2022-01-20,Sacramento,067,1510023,248203,230206,19681,249887,2510
2022-01-20,San Benito,069,59416,11420,10743,394,11137,88
2022-01-20,San Bernardino,071,2135413,532960,495209,22556,517765,6267
2022-01-20,San Diego,073,3302833,668870,628904,44848,673752,4559
2022-01-20,San Francisco,075,870044,108390,100238,6824,107062,702
2022-01-20,San Joaquin,077,732212,148418,138264,8725,146989,1960
2022-01-20,San Luis Obispo,079,281455,45550,42154,2953,45107,385
2022-01-20,San Mateo,081,765935,106747,91440,5290,96730,585
2022-01-20,Santa Barbara,083,443738,74093,69555,3702,73257,589
2022-01-20,Santa Clara,085,1922200,269010,249205,9222,258427,1993
2022-01-20,Santa Cruz,087,273765,37169,33741,1785,35526,237
2022-01-20,Shasta,089,179085,27122,25919,4938,30857,450
2022-01-20,Sierra,091,2930,261,248,33,281,0
2022-01-20,Siskiyou,093,43540,3983,3845,2097,5942,62
2022-01-20,Solano,095,438530,69708,63882,4407,68289,391
2022-01-20,Sonoma,097,501317,71602,66013,1904,67917,422
2022-01-20,Stanislaus,099,539301,105215,100092,14262,114354,1393
2022-01-20,Sutter,101,95872,18366,17616,1213,18829,199
2022-01-20,Tehama,103,63373,10717,10171,2243,12414,142
2022-01-20,Trinity,105,12862,1047,925,249,1174,19
2022-01-20,Tulare,107,460477,92271,85223,22496,107719,1211
2022-01-20,Tuolumne,109,53932,10663,9731,320,10051,91
2022-01-20,Ventura,111,848112,157375,148742,8541,157283,1250
2022-01-20,Yolo,113,214977,32244,30061,2409,32470,273
2022-01-20,Yuba,115,75493,13987,13288,789,14077,103
2022-01-19,Alameda,001,1643700,217263,199739,10517,210256,1571
2022-01-19,Alpine,003,1148,117,119,1,120,0
2022-01-19,Amador,005,37829,7301,6789,326,7115,73
2022-01-19,Butte,007,227075,28900,26839,5657,32496,351
2022-01-19,Calaveras,009,45235,6245,5765,184,5949,95
2022-01-19,Colusa,011,21464,3070,2938,908,3846,21
2022-01-19,Contra Costa,013,1133247,165113,151543,9719,161262,1091
2022-01-19,Del Norte,015,27424,4438,4240,103,4343,43
2022-01-19,El Dorado,017,186661,23995,21953,2688,24641,177
2022-01-19,Fresno,019,978130,195156,181526,19188,200714,2430
2022-01-19,Glenn,021,27897,4382,4127,1387,5514,39
2022-01-19,Humboldt,023,135768,14393,13391,2028,15419,125
2022-01-19,Imperial,025,180216,48246,45156,7783,52939,820
2022-01-19,Inyo,027,18085,3825,3680,199,3879,49
2022-01-19,Kern,029,883053,171444,160747,37901,198648,1946
2022-01-19,Kings,031,150075,43445,40027,2748,42775,395
2022-01-19,Lake,033,64148,8686,7972,581,8553,118
2022-01-19,Lassen,035,31185,7837,7507,693,8200,55
2022-01-19,Los Angeles,037,10098052,2446317,2251718,110043,2361761,27934
2022-01-19,Madera,039,155013,31513,29021,3856,32877,329
2022-01-19,Marin,041,260295,29273,27375,1751,29126,251
2022-01-19,Mariposa,043,17540,2052,1896,100,1996,6
2022-01-19,Mendocino,045,87422,11178,10252,1736,11988,103
2022-01-19,Merced,047,269075,55301,52355,5187,57542,724
2022-01-19,Modoc,049,8938,649,635,221,856,6
2022-01-19,Mono,051,14174,2799,2677,99,2776,4
2022-01-19,Monterey,053,433212,67280,58426,8121,66547,651
2022-01-19,Napa,055,140530,21756,20090,609,20699,110
2022-01-19,Nevada,057,99092,13901,12703,840,13543,112
2022-01-19,Orange,059,3164182,500634,468460,36479,504939,5943
2022-01-19,Placer,061,380077,55182,51545,6276,57821,511
2022-01-19,Plumas,063,18699,2518,2239,189,2428,12
2022-01-19,Riverside,065,2383286,536133,503575,24683,528258,5604
2022-01-19,Sacramento,067,1510023,245309,226035,18965,245000,2512
2022-01-19,San Benito,069,59416,11278,10639,382,11021,88
2022-01-19,San Bernardino,071,2135413,528194,487846,22177,510023,6265
2022-01-19,San Diego,073,3302833,660097,614709,44111,658820,4553
2022-01-19,San Francisco,075,870044,107019,98652,6748,105400,694
2022-01-19,San Joaquin,077,732212,146517,135953,8601,144554,1959
2022-01-19,San Luis Obispo,079,281455,44951,41374,2887,44261,382
2022-01-19,San Mateo,081,765935,105334,89715,5026,94741,585
2022-01-19,Santa Barbara,083,443738,73096,68531,3603,72134,586
2022-01-19,Santa Clara,085,1922200,265209,244922,8866,253788,1991
2022-01-19,Santa Cruz,087,273765,35867,33026,1761,34787,237
2022-01-19,Shasta,089,179085,26855,25355,4866,30221,450
2022-01-19,Sierra,091,2930,261,245,32,277,0
2022-01-19,Siskiyou,093,43540,3959,3821,2044,5865,62
2022-01-19,Solano,095,438530,68863,63003,4277,67280,392
2022-01-19,Sonoma,097,501317,70503,64689,1858,66547,420
2022-01-19,Stanislaus,099,539301,104164,98952,13969,112921,1381
2022-01-19,Sutter,101,95872,18197,17436,1125,18561,199
2022-01-19,Tehama,103,63373,10602,10064,2199,12263,142
2022-01-19,Trinity,105,12862,1035,916,248,1164,19
2022-01-19,Tulare,107,460477,90988,83743,22029,105772,1200
2022-01-19,Tuolumne,109,53932,10504,9613,296,9909,91
2022-01-19,Ventura,111,848112,155860,144738,8466,153204,1234
2022-01-19,Yolo,113,214977,31879,29392,2373,31765,273
2022-01-19,Yuba,115,75493,13825,13114,776,13890,104
2022-01-18,Alameda,001,1643700,213916,195728,10201,205929,1566
2022-01-18,Alpine,003,1148,117,118,1,119,0
2022-01-18,Amador,005,37829,7163,6691,290,6981,73
2022-01-18,Butte,007,227075,28509,26514,5575,32089,347
2022-01-18,Calaveras,009,45235,6156,5684,169,5853,94
2022-01-18,Colusa,011,21464,3026,2903,903,3806,21
2022-01-18,Contra Costa,013,1133247,162970,149446,9341,158787,1085
2022-01-18,Del Norte,015,27424,4368,4229,98,4327,43
2022-01-18,El Dorado,017,186661,23626,21707,2644,24351,175
2022-01-18,Fresno,019,978130,191624,178922,18734,197656,2425
2022-01-18,Glenn,021,27897,4348,4070,1375,5445,39
2022-01-18,Humboldt,023,135768,14229,13218,1956,15174,125
2022-01-18,Imperial,025,180216,47550,44742,7602,52344,819
2022-01-18,Inyo,027,18085,3784,3654,189,3843,49
2022-01-18,Kern,029,883053,169420,158864,37148,196012,1943
2022-01-18,Kings,031,150075,42571,39440,2670,42110,392
2022-01-18,Lake,033,64148,8573,7919,562,8481,117
2022-01-18,Lassen,035,31185,7754,7461,654,8115,55
2022-01-18,Los Angeles,037,10098052,2412869,2227360,108558,2335918,27871
2022-01-18,Madera,039,155013,30991,28717,3667,32384,329
2022-01-18,Marin,041,260295,28969,27036,1709,28745,251
2022-01-18,Mariposa,043,17540,2027,1872,96,1968,6
2022-01-18,Mendocino,045,87422,11009,10114,1651,11765,103
2022-01-18,Merced,047,269075,54689,51746,4899,56645,718
2022-01-18,Modoc,049,8938,647,633,216,849,6
2022-01-18,Mono,051,14174,2778,2643,98,2741,4
2022-01-18,Monterey,053,433212,66505,57846,7641,65487,650
2022-01-18,Napa,055,140530,21424,19911,594,20505,109
2022-01-18,Nevada,057,99092,13717,12584,798,13382,111
2022-01-18,Orange,059,3164182,495304,461324,35974,497298,5938
2022-01-18,Placer,061,380077,54537,50983,6203,57186,508
2022-01-18,Plumas,063,18699,2480,2218,183,2401,12
2022-01-18,Riverside,065,2383286,530157,497278,24376,521654,5599
2022-01-18,Sacramento,067,1510023,242224,223745,17983,241728,2496
2022-01-18,San Benito,069,59416,11137,10520,368,10888,88
2022-01-18,San Bernardino,071,2135413,522740,483753,21749,505502,6258
2022-01-18,San Diego,073,3302833,649901,605137,43071,648208,4547
2022-01-18,San Francisco,075,870044,105553,96505,6633,103138,694
2022-01-18,San Joaquin,077,732212,144552,134365,8384,142749,1957
2022-01-18,San Luis Obispo,079,281455,44269,40848,2801,43649,381
2022-01-18,San Mateo,081,765935,103821,88225,4829,93054,585
2022-01-18,Santa Barbara,083,443738,71878,67216,3430,70646,581
2022-01-18,Santa Clara,085,1922200,261021,240281,8472,248753,1986
2022-01-18,Santa Cruz,087,273765,35217,32203,1726,33929,237
2022-01-18,Shasta,089,179085,26573,25162,4772,29934,448
2022-01-18,Sierra,091,2930,257,244,32,276,0
2022-01-18,Siskiyou,093,43540,3926,3799,1991,5790,62
2022-01-18,Solano,095,438530,68011,62204,4166,66370,391
2022-01-18,Sonoma,097,501317,69116,63714,1803,65517,419
2022-01-18,Stanislaus,099,539301,102944,98000,13592,111592,1379
2022-01-18,Sutter,101,95872,18006,17295,1054,18349,198
2022-01-18,Tehama,103,63373,10506,9975,2147,12122,142
2022-01-18,Trinity,105,12862,1022,907,247,1154,19
2022-01-18,Tulare,107,460477,89524,82667,21625,104292,1196
2022-01-18,Tuolumne,109,53932,10337,9528,285,9813,91
2022-01-18,Ventura,111,848112,154147,143384,8380,151764,1233
2022-01-18,Yolo,113,214977,31482,28786,2323,31109,270
2022-01-18,Yuba,115,75493,13664,12971,751,13722,101
2022-01-17,Alameda,001,1643700,209225,193276,9613,202889,1565
2022-01-17,Alpine,003,1148,116,118,0,118,0
2022-01-17,Amador,005,37829,7048,6640,232,6872,73
2022-01-17,Butte,007,227075,28114,26303,5464,31767,348
2022-01-17,Calaveras,009,45235,6025,5584,141,5725,94
2022-01-17,Colusa,011,21464,3002,2905,896,3801,21
2022-01-17,Contra Costa,013,1133247,160046,147993,8843,156836,1086
2022-01-17,Del Norte,015,27424,4316,4209,91,4300,43
2022-01-17,El Dorado,017,186661,23380,21540,2562,24102,175
2022-01-17,Fresno,019,978130,187899,176959,18212,195171,2426
2022-01-17,Glenn,021,27897,4295,4055,1362,5417,39
2022-01-17,Humboldt,023,135768,14022,13120,1790,14910,125
2022-01-17,Imperial,025,180216,46865,44412,7439,51851,821
2022-01-17,Inyo,027,18085,3762,3650,163,3813,49
2022-01-17,Kern,029,883053,166878,157645,36273,193918,1944
2022-01-17,Kings,031,150075,41437,39143,2548,41691,392
2022-01-17,Lake,033,64148,8424,7864,522,8386,117
2022-01-17,Lassen,035,31185,7661,7417,617,8034,55
2022-01-17,Los Angeles,037,10098052,2373640,2205740,106587,2312327,27832
2022-01-17,Madera,039,155013,30339,28568,3487,32055,329
2022-01-17,Marin,041,260295,28561,26633,1653,28286,251
2022-01-17,Mariposa,043,17540,2001,1862,89,1951,6
2022-01-17,Mendocino,045,87422,10786,10030,1511,11541,103
2022-01-17,Merced,047,269075,54010,51227,4337,55564,718
2022-01-17,Modoc,049,8938,643,630,216,846,6
2022-01-17,Mono,051,14174,2755,2642,97,2739,4
2022-01-17,Monterey,053,433212,65386,57318,7226,64544,647
2022-01-17,Napa,055,140530,21079,19647,572,20219,109
2022-01-17,Nevada,057,99092,13531,12414,761,13175,111
2022-01-17,Orange,059,3164182,489352,457418,35499,492917,5933
2022-01-17,Placer,061,380077,53805,50511,6059,56570,508
2022-01-17,Plumas,063,18699,2434,2205,151,2356,12
2022-01-17,Riverside,065,2383286,523342,491322,23923,515245,5600
2022-01-17,Sacramento,067,1510023,238145,221143,16639,237782,2497
2022-01-17,San Benito,069,59416,10970,10432,340,10772,88
2022-01-17,San Bernardino,071,2135413,516249,480243,21207,501450,6259
2022-01-17,San Diego,073,3302833,637690,569241,41864,611105,4545
2022-01-17,San Francisco,075,870044,103924,95292,6440,101732,694
2022-01-17,San Joaquin,077,732212,141704,133414,8194,141608,1958
2022-01-17,San Luis Obispo,079,281455,43440,40425,2700,43125,379
2022-01-17,San Mateo,081,765935,101851,87013,4575,91588,585
2022-01-17,Santa Barbara,083,443738,70556,66704,3230,69934,581
2022-01-17,Santa Clara,085,1922200,256430,237934,8042,245976,1985
2022-01-17,Santa Cruz,087,273765,34446,31714,1689,33403,237
2022-01-17,Shasta,089,179085,26294,25025,4651,29676,448
2022-01-17,Sierra,091,2930,256,242,32,274,0
2022-01-17,Siskiyou,093,43540,3887,3764,1911,5675,62
2022-01-17,Solano,095,438530,66970,61497,3907,65404,391
2022-01-17,Sonoma,097,501317,67612,62763,1737,64500,419
2022-01-17,Stanislaus,099,539301,101630,96951,13101,110052,1379
2022-01-17,Sutter,101,95872,17796,17159,918,18077,198
2022-01-17,Tehama,103,63373,10382,9912,2089,12001,142
2022-01-17,Trinity,105,12862,1009,906,243,1149,19
2022-01-17,Tulare,107,460477,87777,81741,21079,102820,1199
2022-01-17,Tuolumne,109,53932,10198,9416,253,9669,91
2022-01-17,Ventura,111,848112,152031,142070,8262,150332,1234
2022-01-17,Yolo,113,214977,30952,28638,2258,30896,270
2022-01-17,Yuba,115,75493,13467,12871,695,13566,101
2022-01-16,Alameda,001,1643700,206169,190691,9360,200051,1564
2022-01-16,Alpine,003,1148,116,118,0,118,0
2022-01-16,Amador,005,37829,6975,6618,224,6842,73
2022-01-16,Butte,007,227075,27766,26139,5411,31550,348
2022-01-16,Calaveras,009,45235,5924,5537,137,5674,94
2022-01-16,Colusa,011,21464,2985,2886,884,3770,21
2022-01-16,Contra Costa,013,1133247,158034,146307,8630,154937,1086
2022-01-16,Del Norte,015,27424,4274,4177,89,4266,43
2022-01-16,El Dorado,017,186661,23106,21303,2523,23826,175
2022-01-16,Fresno,019,978130,185179,174818,17813,192631,2425
2022-01-16,Glenn,021,27897,4238,4049,1340,5389,39
2022-01-16,Humboldt,023,135768,13875,13075,1771,14846,125
2022-01-16,Imperial,025,180216,46294,44035,7275,51310,821
2022-01-16,Inyo,027,18085,3725,3602,141,3743,49
2022-01-16,Kern,029,883053,165607,156655,35487,192142,1944
2022-01-16,Kings,031,150075,41063,38861,2527,41388,392
2022-01-16,Lake,033,64148,8320,7823,488,8311,117
2022-01-16,Lassen,035,31185,7616,7391,604,7995,55
2022-01-16,Los Angeles,037,10098052,2350447,2174403,105069,2279472,27805
2022-01-16,Madera,039,155013,29970,28313,3437,31750,329
2022-01-16,Marin,041,260295,28267,26292,1639,27931,251
2022-01-16,Mariposa,043,17540,1974,1851,84,1935,6
2022-01-16,Mendocino,045,87422,10639,9992,1395,11387,102
2022-01-16,Merced,047,269075,53419,50882,4311,55193,718
2022-01-16,Modoc,049,8938,640,629,216,845,6
2022-01-16,Mono,051,14174,2751,2614,95,2709,4
2022-01-16,Monterey,053,433212,64622,57012,7082,64094,647
2022-01-16,Napa,055,140530,20813,19521,561,20082,109
2022-01-16,Nevada,057,99092,13318,12307,743,13050,111
2022-01-16,Orange,059,3164182,483968,451962,34951,486913,5932
2022-01-16,Placer,061,380077,53099,50076,5948,56024,508
2022-01-16,Plumas,063,18699,2399,2204,142,2346,12
2022-01-16,Riverside,065,2383286,517831,485191,23703,508894,5600
2022-01-16,Sacramento,067,1510023,235184,218819,15922,234741,2491
2022-01-16,San Benito,069,59416,10811,10377,338,10715,88
2022-01-16,San Bernardino,071,2135413,512225,474425,20952,495377,6259
2022-01-16,San Diego,073,3302833,630101,569241,41427,610668,4545
2022-01-16,San Francisco,075,870044,102404,94139,6302,100441,694
2022-01-16,San Joaquin,077,732212,139904,132214,8051,140265,1958
2022-01-16,San Luis Obispo,079,281455,42783,40113,2661,42774,379
2022-01-16,San Mateo,081,765935,100324,85966,4482,90448,585
2022-01-16,Santa Barbara,083,443738,69528,66111,3189,69300,582
2022-01-16,Santa Clara,085,1922200,252628,234293,7888,242181,1984
2022-01-16,Santa Cruz,087,273765,33817,31469,1667,33136,237
2022-01-16,Shasta,089,179085,26039,24980,4583,29563,449
2022-01-16,Sierra,091,2930,252,238,31,269,0
2022-01-16,Siskiyou,093,43540,3859,3748,1872,5620,62
2022-01-16,Solano,095,438530,66294,60885,3776,64661,391
2022-01-16,Sonoma,097,501317,66534,61842,1720,63562,419
2022-01-16,Stanislaus,099,539301,100567,96370,12935,109305,1379
2022-01-16,Sutter,101,95872,17596,16996,896,17892,198
2022-01-16,Tehama,103,63373,10297,9868,2068,11936,142
2022-01-16,Trinity,105,12862,1004,889,241,1130,19
2022-01-16,Tulare,107,460477,86469,80867,20826,101693,1199
2022-01-16,Tuolumne,109,53932,10092,9369,245,9614,91
2022-01-16,Ventura,111,848112,150455,140715,8183,148898,1234
2022-01-16,Yolo,113,214977,30560,28481,2205,30686,270
2022-01-16,Yuba,115,75493,13290,12760,689,13449,101
2022-01-15,Alameda,001,1643700,204821,177768,9306,187074,1561
2022-01-15,Alpine,003,1148,116,117,0,117,0
2022-01-15,Amador,005,37829,6943,6434,210,6644,72
2022-01-15,Butte,007,227075,27610,25032,5361,30393,348
2022-01-15,Calaveras,009,45235,5892,5258,137,5395,93
2022-01-15,Colusa,011,21464,2971,2796,877,3673,21
2022-01-15,Contra Costa,013,1133247,156769,137643,8582,146225,1082
2022-01-15,Del Norte,015,27424,4259,4065,87,4152,43
2022-01-15,El Dorado,017,186661,23001,20434,2507,22941,175
2022-01-15,Fresno,019,978130,184247,167361,17715,185076,2415
2022-01-15,Glenn,021,27897,4231,3906,1331,5237,39
2022-01-15,Humboldt,023,135768,13772,12419,1755,14174,123
2022-01-15,Imperial,025,180216,46156,42508,7167,49675,817
2022-01-15,Inyo,027,18085,3715,3395,141,3536,49
2022-01-15,Kern,029,883053,164764,150085,35097,185182,1938
2022-01-15,Kings,031,150075,40814,37221,2515,39736,391
2022-01-15,Lake,033,64148,8281,7641,475,8116,117
2022-01-15,Lassen,035,31185,7576,7274,598,7872,55
2022-01-15,Los Angeles,037,10098052,2338910,2047927,104114,2152041,27641
2022-01-15,Madera,039,155013,29824,27294,3413,30707,329
2022-01-15,Marin,041,260295,28080,25248,1632,26880,251
2022-01-15,Mariposa,043,17540,1967,1762,84,1846,6
2022-01-15,Mendocino,045,87422,10566,9534,1389,10923,102
2022-01-15,Merced,047,269075,53252,48904,4299,53203,715
2022-01-15,Modoc,049,8938,638,628,216,844,6
2022-01-15,Mono,051,14174,2746,2508,94,2602,4
2022-01-15,Monterey,053,433212,64108,55315,7018,62333,647
2022-01-15,Napa,055,140530,20692,17648,557,18205,109
2022-01-15,Nevada,057,99092,13258,11773,730,12503,111
2022-01-15,Orange,059,3164182,481369,433141,34678,467819,5914
2022-01-15,Placer,061,380077,52808,47780,5912,53692,501
2022-01-15,Plumas,063,18699,2378,2158,136,2294,12
2022-01-15,Riverside,065,2383286,515150,466381,23568,489949,5578
2022-01-15,Sacramento,067,1510023,234025,208156,15822,223978,2491
2022-01-15,San Benito,069,59416,10711,9868,333,10201,87
2022-01-15,San Bernardino,071,2135413,509857,454395,20803,475198,6233
2022-01-15,San Diego,073,3302833,626314,559385,41171,600556,4540
2022-01-15,San Francisco,075,870044,101409,88004,6167,94171,692
2022-01-15,San Joaquin,077,732212,139331,125136,7954,133090,1954
2022-01-15,San Luis Obispo,079,281455,42594,38231,2648,40879,374
2022-01-15,San Mateo,081,765935,99366,80494,4441,84935,582
2022-01-15,Santa Barbara,083,443738,68932,62312,3178,65490,579
2022-01-15,Santa Clara,085,1922200,250381,218986,7769,226755,1974
2022-01-15,Santa Cruz,087,273765,33463,29414,1659,31073,235
2022-01-15,Shasta,089,179085,25947,24482,4551,29033,445
2022-01-15,Sierra,091,2930,251,232,30,262,0
2022-01-15,Siskiyou,093,43540,3847,3661,1862,5523,62
2022-01-15,Solano,095,438530,66014,58061,3727,61788,389
2022-01-15,Sonoma,097,501317,65948,58181,1714,59895,418
2022-01-15,Stanislaus,099,539301,99986,92986,12832,105818,1379
2022-01-15,Sutter,101,95872,17507,16345,886,17231,197
2022-01-15,Tehama,103,63373,10249,9572,2049,11621,141
2022-01-15,Trinity,105,12862,1001,872,241,1113,19
2022-01-15,Tulare,107,460477,86023,77769,20715,98484,1192
2022-01-15,Tuolumne,109,53932,9991,9042,240,9282,91
2022-01-15,Ventura,111,848112,149680,134736,8145,142881,1227
2022-01-15,Yolo,113,214977,30381,27311,2185,29496,270
2022-01-15,Yuba,115,75493,13226,12200,685,12885,101
2022-01-14,Alameda,001,1643700,202782,177768,9258,187026,1561
2022-01-14,Alpine,003,1148,116,117,0,117,0
2022-01-14,Amador,005,37829,6867,6434,201,6635,72
2022-01-14,Butte,007,227075,27429,25032,5329,30361,348
2022-01-14,Calaveras,009,45235,5855,5258,136,5394,93
2022-01-14,Colusa,011,21464,2962,2796,867,3663,21
2022-01-14,Contra Costa,013,1133247,155247,137643,8476,146119,1082
2022-01-14,Del Norte,015,27424,4234,4065,86,4151,43
2022-01-14,El Dorado,017,186661,22849,20434,2489,22923,175
2022-01-14,Fresno,019,978130,182593,167361,17618,184979,2415
2022-01-14,Glenn,021,27897,4208,3906,1323,5229,39
2022-01-14,Humboldt,023,135768,13666,12419,1723,14142,123
2022-01-14,Imperial,025,180216,45985,42508,7147,49655,817
2022-01-14,Inyo,027,18085,3690,3395,137,3532,49
2022-01-14,Kern,029,883053,163763,150085,34663,184748,1938
2022-01-14,Kings,031,150075,40562,37221,2507,39728,391
2022-01-14,Lake,033,64148,8224,7641,463,8104,117
2022-01-14,Lassen,035,31185,7542,7274,586,7860,55
2022-01-14,Los Angeles,037,10098052,2319583,2047927,103074,2151001,27641
2022-01-14,Madera,039,155013,29589,27294,3385,30679,329
2022-01-14,Marin,041,260295,27821,25248,1597,26845,251
2022-01-14,Mariposa,043,17540,1952,1762,84,1846,6
2022-01-14,Mendocino,045,87422,10454,9534,1376,10910,102
2022-01-14,Merced,047,269075,53069,48904,4284,53188,715
2022-01-14,Modoc,049,8938,637,628,216,844,6
2022-01-14,Mono,051,14174,2725,2508,92,2600,4
2022-01-14,Monterey,053,433212,63411,55315,6925,62240,647
2022-01-14,Napa,055,140530,20522,17648,552,18200,109
2022-01-14,Nevada,057,99092,13136,11773,717,12490,111
2022-01-14,Orange,059,3164182,477638,433141,34361,467502,5914
2022-01-14,Placer,061,380077,52372,47780,5826,53606,501
2022-01-14,Plumas,063,18699,2370,2158,129,2287,12
2022-01-14,Riverside,065,2383286,511632,466381,23425,489806,5578
2022-01-14,Sacramento,067,1510023,232074,208156,15671,223827,2491
2022-01-14,San Benito,069,59416,10659,9868,332,10200,87
2022-01-14,San Bernardino,071,2135413,506625,454395,20616,475011,6233
2022-01-14,San Diego,073,3302833,620665,559385,40863,600248,4540
2022-01-14,San Francisco,075,870044,100236,88004,5992,93996,692
2022-01-14,San Joaquin,077,732212,138475,125136,7874,133010,1954
2022-01-14,San Luis Obispo,079,281455,42427,38231,2627,40858,374
2022-01-14,San Mateo,081,765935,98136,80494,4412,84906,582
2022-01-14,Santa Barbara,083,443738,68413,62312,3168,65480,579
2022-01-14,Santa Clara,085,1922200,247707,218986,7665,226651,1974
2022-01-14,Santa Cruz,087,273765,33086,29414,1650,31064,235
2022-01-14,Shasta,089,179085,25826,24482,4518,29000,445
2022-01-14,Sierra,091,2930,249,232,28,260,0
2022-01-14,Siskiyou,093,43540,3836,3661,1849,5510,62
2022-01-14,Solano,095,438530,65169,58061,3639,61700,389
2022-01-14,Sonoma,097,501317,65407,58181,1688,59869,418
2022-01-14,Stanislaus,099,539301,99380,92986,12724,105710,1379
2022-01-14,Sutter,101,95872,17381,16345,878,17223,197
2022-01-14,Tehama,103,63373,10196,9572,2037,11609,141
2022-01-14,Trinity,105,12862,996,872,239,1111,19
2022-01-14,Tulare,107,460477,85501,77769,20555,98324,1192
2022-01-14,Tuolumne,109,53932,9868,9042,236,9278,91
2022-01-14,Ventura,111,848112,148577,134736,8086,142822,1227
2022-01-14,Yolo,113,214977,30140,27311,2157,29468,270
2022-01-14,Yuba,115,75493,13123,12200,680,12880,101
2022-01-13,Alameda,001,1643700,198493,177768,8913,186681,1561
2022-01-13,Alpine,003,1148,115,117,0,117,0
2022-01-13,Amador,005,37829,6807,6434,180,6614,72
2022-01-13,Butte,007,227075,27122,25032,5215,30247,348
2022-01-13,Calaveras,009,45235,5765,5258,133,5391,93
2022-01-13,Colusa,011,21464,2934,2796,857,3653,21
2022-01-13,Contra Costa,013,1133247,152593,137643,8008,145651,1082
2022-01-13,Del Norte,015,27424,4198,4065,85,4150,43
2022-01-13,El Dorado,017,186661,22602,20434,2443,22877,175
2022-01-13,Fresno,019,978130,179770,167361,17226,184587,2415
2022-01-13,Glenn,021,27897,4161,3906,1297,5203,39
2022-01-13,Humboldt,023,135768,13514,12419,1661,14080,123
2022-01-13,Imperial,025,180216,45444,42508,6933,49441,817
2022-01-13,Inyo,027,18085,3634,3395,120,3515,49
2022-01-13,Kern,029,883053,162180,150085,34074,184159,1938
2022-01-13,Kings,031,150075,40080,37221,2463,39684,391
2022-01-13,Lake,033,64148,8124,7641,442,8083,117
2022-01-13,Lassen,035,31185,7508,7274,570,7844,55
2022-01-13,Los Angeles,037,10098052,2283092,2047927,101276,2149203,27641
2022-01-13,Madera,039,155013,29123,27294,3292,30586,329
2022-01-13,Marin,041,260295,27477,25248,1554,26802,251
2022-01-13,Mariposa,043,17540,1929,1762,81,1843,6
2022-01-13,Mendocino,045,87422,10363,9534,1308,10842,102
2022-01-13,Merced,047,269075,52411,48904,4022,52926,715
2022-01-13,Modoc,049,8938,634,628,216,844,6
2022-01-13,Mono,051,14174,2702,2508,89,2597,4
2022-01-13,Monterey,053,433212,62474,55315,6640,61955,647
2022-01-13,Napa,055,140530,20224,17648,542,18190,109
2022-01-13,Nevada,057,99092,12944,11773,687,12460,111
2022-01-13,Orange,059,3164182,471200,433141,33901,467042,5914
2022-01-13,Placer,061,380077,51743,47780,5711,53491,501
2022-01-13,Plumas,063,18699,2350,2158,119,2277,12
2022-01-13,Riverside,065,2383286,505330,466381,23099,489480,5578
2022-01-13,Sacramento,067,1510023,228979,208156,14885,223041,2491
2022-01-13,San Benito,069,59416,10554,9868,324,10192,87
2022-01-13,San Bernardino,071,2135413,500724,454395,20150,474545,6233
2022-01-13,San Diego,073,3302833,612152,559385,39988,599373,4540
2022-01-13,San Francisco,075,870044,98498,88004,5797,93801,692
2022-01-13,San Joaquin,077,732212,136390,125136,7724,132860,1954
2022-01-13,San Luis Obispo,079,281455,41824,38231,2522,40753,374
2022-01-13,San Mateo,081,765935,96353,80494,4176,84670,582
2022-01-13,Santa Barbara,083,443738,67416,62312,2992,65304,579
2022-01-13,Santa Clara,085,1922200,243277,218986,7338,226324,1974
2022-01-13,Santa Cruz,087,273765,32271,29414,1628,31042,235
2022-01-13,Shasta,089,179085,25616,24482,4446,28928,445
2022-01-13,Sierra,091,2930,248,232,28,260,0
2022-01-13,Siskiyou,093,43540,3814,3661,1809,5470,62
2022-01-13,Solano,095,438530,64037,58061,3528,61589,389
2022-01-13,Sonoma,097,501317,64342,58181,1632,59813,418
2022-01-13,Stanislaus,099,539301,98261,92986,12430,105416,1379
2022-01-13,Sutter,101,95872,17186,16345,814,17159,197
2022-01-13,Tehama,103,63373,10098,9572,1989,11561,141
2022-01-13,Trinity,105,12862,988,872,239,1111,19
2022-01-13,Tulare,107,460477,84223,77769,20266,98035,1192
2022-01-13,Tuolumne,109,53932,9726,9042,218,9260,91
2022-01-13,Ventura,111,848112,146795,134736,7992,142728,1227
2022-01-13,Yolo,113,214977,29724,27311,2113,29424,270
2022-01-13,Yuba,115,75493,12988,12200,651,12851,101
2022-01-12,Alameda,001,1643700,193892,173001,8457,181458,1563
2022-01-12,Alpine,003,1148,115,117,0,117,0
2022-01-12,Amador,005,37829,6759,6354,166,6520,71
2022-01-12,Butte,007,227075,26790,24631,5124,29755,348
2022-01-12,Calaveras,009,45235,5688,5151,127,5278,93
2022-01-12,Colusa,011,21464,2896,2772,844,3616,21
2022-01-12,Contra Costa,013,1133247,149902,134579,7629,142208,1077
2022-01-12,Del Norte,015,27424,4172,4019,83,4102,43
2022-01-12,El Dorado,017,186661,22285,20092,2402,22494,175
2022-01-12,Fresno,019,978130,177022,165316,16801,182117,2413
2022-01-12,Glenn,021,27897,4109,3859,1275,5134,39
2022-01-12,Humboldt,023,135768,13342,12081,1579,13660,122
2022-01-12,Imperial,025,180216,44789,41985,6634,48619,814
2022-01-12,Inyo,027,18085,3588,3334,104,3438,49
2022-01-12,Kern,029,883053,160041,148435,33352,181787,1933
2022-01-12,Kings,031,150075,39450,36780,2421,39201,391
2022-01-12,Lake,033,64148,8008,7535,398,7933,117
2022-01-12,Lassen,035,31185,7466,7223,543,7766,55
2022-01-12,Los Angeles,037,10098052,2243333,2005065,99032,2104097,27601
2022-01-12,Madera,039,155013,28808,26952,3193,30145,329
2022-01-12,Marin,041,260295,26986,24704,1503,26207,251
2022-01-12,Mariposa,043,17540,1900,1725,79,1804,6
2022-01-12,Mendocino,045,87422,10199,9379,1210,10589,103
2022-01-12,Merced,047,269075,51709,48441,3749,52190,710
2022-01-12,Modoc,049,8938,632,627,216,843,6
2022-01-12,Mono,051,14174,2666,2466,85,2551,4
2022-01-12,Monterey,053,433212,61488,54524,6279,60803,647
2022-01-12,Napa,055,140530,19966,17347,519,17866,109
2022-01-12,Nevada,057,99092,12729,11552,641,12193,111
2022-01-12,Orange,059,3164182,464431,425737,33308,459045,5912
2022-01-12,Placer,061,380077,51082,47004,5596,52600,501
2022-01-12,Plumas,063,18699,2311,2135,108,2243,12
2022-01-12,Riverside,065,2383286,498102,458881,22759,481640,5565
2022-01-12,Sacramento,067,1510023,225396,204696,14009,218705,2479
2022-01-12,San Benito,069,59416,10418,9737,312,10049,87
2022-01-12,San Bernardino,071,2135413,494198,447869,19527,467396,6222
2022-01-12,San Diego,073,3302833,601653,551669,39130,590799,4529
2022-01-12,San Francisco,075,870044,96660,85700,5684,91384,691
2022-01-12,San Joaquin,077,732212,134081,122850,7597,130447,1948
2022-01-12,San Luis Obispo,079,281455,41098,37727,2439,40166,373
2022-01-12,San Mateo,081,765935,94316,78476,3802,82278,582
2022-01-12,Santa Barbara,083,443738,66273,60815,2890,63705,578
2022-01-12,Santa Clara,085,1922200,238527,213177,6961,220138,1971
2022-01-12,Santa Cruz,087,273765,31616,28463,1580,30043,235
2022-01-12,Shasta,089,179085,25404,24324,4381,28705,446
2022-01-12,Sierra,091,2930,247,228,28,256,0
2022-01-12,Siskiyou,093,43540,3786,3639,1762,5401,62
2022-01-12,Solano,095,438530,62986,57052,3407,60459,386
2022-01-12,Sonoma,097,501317,63057,56394,1549,57943,417
2022-01-12,Stanislaus,099,539301,97028,91738,12086,103824,1373
2022-01-12,Sutter,101,95872,16992,16135,781,16916,197
2022-01-12,Tehama,103,63373,10009,9475,1928,11403,141
2022-01-12,Trinity,105,12862,984,868,238,1106,19
2022-01-12,Tulare,107,460477,83110,76943,19889,96832,1192
2022-01-12,Tuolumne,109,53932,9597,8870,201,9071,91
2022-01-12,Ventura,111,848112,144890,132180,7906,140086,1220
2022-01-12,Yolo,113,214977,29312,26888,2040,28928,270
2022-01-12,Yuba,115,75493,12827,12015,624,12639,101
2022-01-11,Alameda,001,1643700,189422,169181,8062,177243,1561
2022-01-11,Alpine,003,1148,115,116,0,116,0
2022-01-11,Amador,005,37829,6675,6317,151,6468,71
2022-01-11,Butte,007,227075,26394,24479,5030,29509,347
2022-01-11,Calaveras,009,45235,5559,5083,113,5196,93
2022-01-11,Colusa,011,21464,2871,2766,831,3597,21
2022-01-11,Contra Costa,013,1133247,146761,132410,7135,139545,1077
2022-01-11,Del Norte,015,27424,4139,4006,81,4087,43
2022-01-11,El Dorado,017,186661,21954,19842,2331,22173,174
2022-01-11,Fresno,019,978130,173964,163509,16409,179918,2404
2022-01-11,Glenn,021,27897,4047,3844,1231,5075,39
2022-01-11,Humboldt,023,135768,13124,11960,1486,13446,122
2022-01-11,Imperial,025,180216,44183,41444,6435,47879,813
2022-01-11,Inyo,027,18085,3490,3278,97,3375,49
2022-01-11,Kern,029,883053,157759,146942,32530,179472,1929
2022-01-11,Kings,031,150075,38862,36524,2390,38914,389
2022-01-11,Lake,033,64148,7930,7494,382,7876,117
2022-01-11,Lassen,035,31185,7416,7210,529,7739,55
2022-01-11,Los Angeles,037,10098052,2200848,1966319,96774,2063093,27563
2022-01-11,Madera,039,155013,28393,26688,3114,29802,329
2022-01-11,Marin,041,260295,26629,24387,1458,25845,251
2022-01-11,Mariposa,043,17540,1878,1718,75,1793,6
2022-01-11,Mendocino,045,87422,10038,9301,1112,10413,102
2022-01-11,Merced,047,269075,50926,48068,3566,51634,708
2022-01-11,Modoc,049,8938,631,626,215,841,6
2022-01-11,Mono,051,14174,2623,2425,84,2509,4
2022-01-11,Monterey,053,433212,60445,53911,5931,59842,646
2022-01-11,Napa,055,140530,19529,17020,472,17492,109
2022-01-11,Nevada,057,99092,12503,11467,606,12073,110
2022-01-11,Orange,059,3164182,456763,417703,32673,450376,5909
2022-01-11,Placer,061,380077,50326,46459,5452,51911,500
2022-01-11,Plumas,063,18699,2276,2099,100,2199,12
2022-01-11,Riverside,065,2383286,490372,453766,22445,476211,5551
2022-01-11,Sacramento,067,1510023,221215,201058,12983,214041,2489
2022-01-11,San Benito,069,59416,10238,9624,299,9923,83
2022-01-11,San Bernardino,071,2135413,486227,442960,18917,461877,6198
2022-01-11,San Diego,073,3302833,589652,536954,38020,574974,4520
2022-01-11,San Francisco,075,870044,94462,83678,5527,89205,691
2022-01-11,San Joaquin,077,732212,131681,121139,7429,128568,1944
2022-01-11,San Luis Obispo,079,281455,40323,37183,2320,39503,372
2022-01-11,San Mateo,081,765935,92023,76756,3580,80336,582
2022-01-11,Santa Barbara,083,443738,64968,59758,2753,62511,578
2022-01-11,Santa Clara,085,1922200,232907,208425,6512,214937,1971
2022-01-11,Santa Cruz,087,273765,31106,27709,1530,29239,232
2022-01-11,Shasta,089,179085,25146,24132,4288,28420,446
2022-01-11,Sierra,091,2930,245,228,28,256,0
2022-01-11,Siskiyou,093,43540,3762,3621,1712,5333,62
2022-01-11,Solano,095,438530,61582,56349,3253,59602,388
2022-01-11,Sonoma,097,501317,61539,55411,1469,56880,416
2022-01-11,Stanislaus,099,539301,95657,90998,11713,102711,1372
2022-01-11,Sutter,101,95872,16794,15993,727,16720,197
2022-01-11,Tehama,103,63373,9882,9406,1880,11286,140
2022-01-11,Trinity,105,12862,972,858,236,1094,19
2022-01-11,Tulare,107,460477,81814,76267,19488,95755,1188
2022-01-11,Tuolumne,109,53932,9438,8811,194,9005,91
2022-01-11,Ventura,111,848112,142661,129548,7760,137308,1220
2022-01-11,Yolo,113,214977,28741,26482,1979,28461,270
2022-01-11,Yuba,115,75493,12652,11912,603,12515,101
2022-01-10,Alameda,001,1643700,184322,165657,7540,173197,1559
2022-01-10,Alpine,003,1148,115,116,0,116,0
2022-01-10,Amador,005,37829,6572,6279,136,6415,71
2022-01-10,Butte,007,227075,26052,24217,4934,29151,347
2022-01-10,Calaveras,009,45235,5461,5025,107,5132,93
2022-01-10,Colusa,011,21464,2841,2758,822,3580,21
2022-01-10,Contra Costa,013,1133247,143876,129951,6613,136564,1077
2022-01-10,Del Norte,015,27424,4116,3970,81,4051,43
2022-01-10,El Dorado,017,186661,21417,19606,2276,21882,172
2022-01-10,Fresno,019,978130,170913,161593,15976,177569,2404
2022-01-10,Glenn,021,27897,3988,3807,1217,5024,39
2022-01-10,Humboldt,023,135768,12882,11778,1353,13131,121
2022-01-10,Imperial,025,180216,43456,41080,6218,47298,811
2022-01-10,Inyo,027,18085,3435,3227,85,3312,49
2022-01-10,Kern,029,883053,155188,145744,31787,177531,1929
2022-01-10,Kings,031,150075,38243,36286,2364,38650,389
2022-01-10,Lake,033,64148,7841,7416,358,7774,117
2022-01-10,Lassen,035,31185,7378,7192,507,7699,55
2022-01-10,Los Angeles,037,10098052,2155290,1932475,94274,2026749,27546
2022-01-10,Madera,039,155013,27945,26501,3012,29513,328
2022-01-10,Marin,041,260295,26139,24023,1385,25408,251
2022-01-10,Mariposa,043,17540,1838,1684,70,1754,6
2022-01-10,Mendocino,045,87422,9865,9163,1025,10188,101
2022-01-10,Merced,047,269075,50095,47632,3277,50909,707
2022-01-10,Modoc,049,8938,630,622,213,835,6
2022-01-10,Mono,051,14174,2557,2415,79,2494,4
2022-01-10,Monterey,053,433212,59491,53485,5617,59102,645
2022-01-10,Napa,055,140530,19152,16775,458,17233,109
2022-01-10,Nevada,057,99092,12279,11300,568,11868,110
2022-01-10,Orange,059,3164182,448073,406170,31814,437984,5906
2022-01-10,Placer,061,380077,49479,45642,5290,50932,498
2022-01-10,Plumas,063,18699,2241,2086,98,2184,12
2022-01-10,Riverside,065,2383286,482115,445536,21996,467532,5546
2022-01-10,Sacramento,067,1510023,216700,198023,11935,209958,2474
2022-01-10,San Benito,069,59416,10066,9467,289,9756,83
2022-01-10,San Bernardino,071,2135413,477753,437207,18189,455396,6184
2022-01-10,San Diego,073,3302833,576959,530506,36882,567388,4500
2022-01-10,San Francisco,075,870044,92667,82209,5268,87477,690
2022-01-10,San Joaquin,077,732212,128987,119587,7145,126732,1927
2022-01-10,San Luis Obispo,079,281455,39507,36618,2225,38843,371
2022-01-10,San Mateo,081,765935,89376,75210,3324,78534,582
2022-01-10,Santa Barbara,083,443738,63707,58957,2564,61521,578
2022-01-10,Santa Clara,085,1922200,226845,203540,6037,209577,1971
2022-01-10,Santa Cruz,087,273765,30265,26906,1492,28398,232
2022-01-10,Shasta,089,179085,24949,23983,4211,28194,446
2022-01-10,Sierra,091,2930,242,223,28,251,0
2022-01-10,Siskiyou,093,43540,3729,3592,1668,5260,62
2022-01-10,Solano,095,438530,60541,55663,3056,58719,385
2022-01-10,Sonoma,097,501317,59992,54478,1423,55901,412
2022-01-10,Stanislaus,099,539301,94321,89997,11362,101359,1372
2022-01-10,Sutter,101,95872,16550,15823,681,16504,196
2022-01-10,Tehama,103,63373,9768,9360,1825,11185,140
2022-01-10,Trinity,105,12862,968,849,234,1083,19
2022-01-10,Tulare,107,460477,80327,75498,19109,94607,1186
2022-01-10,Tuolumne,109,53932,9312,8685,182,8867,91
2022-01-10,Ventura,111,848112,140059,126240,7610,133850,1217
2022-01-10,Yolo,113,214977,28150,26065,1926,27991,270
2022-01-10,Yuba,115,75493,12404,11776,569,12345,101
2022-01-09,Alameda,001,1643700,179806,162701,6874,169575,1561
2022-01-09,Alpine,003,1148,115,116,0,116,0
2022-01-09,Amador,005,37829,6484,6215,124,6339,71
2022-01-09,Butte,007,227075,25657,24018,4816,28834,347
2022-01-09,Calaveras,009,45235,5331,4976,98,5074,93
2022-01-09,Colusa,011,21464,2813,2750,799,3549,21
2022-01-09,Contra Costa,013,1133247,140871,128050,5945,133995,1077
2022-01-09,Del Norte,015,27424,4077,3950,77,4027,43
2022-01-09,El Dorado,017,186661,21048,19430,2210,21640,172
2022-01-09,Fresno,019,978130,168330,159989,15565,175554,2405
2022-01-09,Glenn,021,27897,3931,3797,1196,4993,39
2022-01-09,Humboldt,023,135768,12637,11582,1231,12813,121
2022-01-09,Imperial,025,180216,42620,40608,5958,46566,811
2022-01-09,Inyo,027,18085,3332,3149,76,3225,49
2022-01-09,Kern,029,883053,152736,144819,31048,175867,1927
2022-01-09,Kings,031,150075,37566,36041,2327,38368,389
2022-01-09,Lake,033,64148,7730,7393,314,7707,117
2022-01-09,Lassen,035,31185,7314,7172,478,7650,55
2022-01-09,Los Angeles,037,10098052,2107217,1887830,91208,1979038,27532
2022-01-09,Madera,039,155013,27565,26325,2915,29240,328
2022-01-09,Marin,041,260295,25689,23708,1295,25003,251
2022-01-09,Mariposa,043,17540,1788,1660,69,1729,6
2022-01-09,Mendocino,045,87422,9657,9097,914,10011,101
2022-01-09,Merced,047,269075,49214,47294,3002,50296,706
2022-01-09,Modoc,049,8938,628,619,213,832,6
2022-01-09,Mono,051,14174,2522,2390,72,2462,4
2022-01-09,Monterey,053,433212,58428,53251,5349,58600,645
2022-01-09,Napa,055,140530,18657,16614,442,17056,109
2022-01-09,Nevada,057,99092,12026,11152,507,11659,110
2022-01-09,Orange,059,3164182,438078,400563,30860,431423,5905
2022-01-09,Placer,061,380077,48483,45081,5140,50221,498
2022-01-09,Plumas,063,18699,2202,2081,78,2159,12
2022-01-09,Riverside,065,2383286,473128,440413,21455,461868,5546
2022-01-09,Sacramento,067,1510023,211901,195444,10815,206259,2475
2022-01-09,San Benito,069,59416,9880,9363,261,9624,83
2022-01-09,San Bernardino,071,2135413,469254,430257,17370,447627,6180
2022-01-09,San Diego,073,3302833,563843,478206,35027,513233,4500
2022-01-09,San Francisco,075,870044,90794,80463,5023,85486,690
2022-01-09,San Joaquin,077,732212,125888,118422,6978,125400,1927
2022-01-09,San Luis Obispo,079,281455,38702,36291,2119,38410,371
2022-01-09,San Mateo,081,765935,86863,73867,2998,76865,582
2022-01-09,Santa Barbara,083,443738,62022,58280,2302,60582,578
2022-01-09,Santa Clara,085,1922200,220462,199889,5506,205395,1976
2022-01-09,Santa Cruz,087,273765,29515,26513,1460,27973,232
2022-01-09,Shasta,089,179085,24710,23926,4124,28050,446
2022-01-09,Sierra,091,2930,239,223,26,249,0
2022-01-09,Siskiyou,093,43540,3700,3580,1609,5189,62
2022-01-09,Solano,095,438530,59386,54985,2775,57760,384
2022-01-09,Sonoma,097,501317,58318,53543,1386,54929,412
2022-01-09,Stanislaus,099,539301,92948,89248,11066,100314,1372
2022-01-09,Sutter,101,95872,16263,15695,601,16296,196
2022-01-09,Tehama,103,63373,9651,9306,1774,11080,140
2022-01-09,Trinity,105,12862,964,848,232,1080,19
2022-01-09,Tulare,107,460477,78925,75085,18734,93819,1186
2022-01-09,Tuolumne,109,53932,9154,8595,163,8758,91
2022-01-09,Ventura,111,848112,137008,124269,7367,131636,1217
2022-01-09,Yolo,113,214977,27543,25632,1881,27513,270
2022-01-09,Yuba,115,75493,12206,11666,538,12204,101
2022-01-08,Alameda,001,1643700,177903,148560,6732,155292,1558
2022-01-08,Alpine,003,1148,115,114,0,114,0
2022-01-08,Amador,005,37829,6453,6091,119,6210,71
2022-01-08,Butte,007,227075,25465,23429,4775,28204,347
2022-01-08,Calaveras,009,45235,5285,4823,94,4917,93
2022-01-08,Colusa,011,21464,2805,2713,796,3509,21
2022-01-08,Contra Costa,013,1133247,139309,119907,5862,125769,1077
2022-01-08,Del Norte,015,27424,4060,3902,77,3979,43
2022-01-08,El Dorado,017,186661,20864,18599,2176,20775,172
2022-01-08,Fresno,019,978130,167438,155394,15427,170821,2393
2022-01-08,Glenn,021,27897,3923,3732,1191,4923,39
2022-01-08,Humboldt,023,135768,12513,11149,1205,12354,121
2022-01-08,Imperial,025,180216,42432,39429,5816,45245,800
2022-01-08,Inyo,027,18085,3318,3020,73,3093,49
2022-01-08,Kern,029,883053,151599,140410,30618,171028,1921
2022-01-08,Kings,031,150075,37325,35275,2310,37585,390
2022-01-08,Lake,033,64148,7690,7209,306,7515,117
2022-01-08,Lassen,035,31185,7284,7127,462,7589,55
2022-01-08,Los Angeles,037,10098052,2088797,1765787,89465,1855252,27476
2022-01-08,Madera,039,155013,27398,25767,2877,28644,328
2022-01-08,Marin,041,260295,25404,22377,1284,23661,251
2022-01-08,Mariposa,043,17540,1778,1588,69,1657,6
2022-01-08,Mendocino,045,87422,9583,8792,912,9704,101
2022-01-08,Merced,047,269075,49036,46094,2978,49072,703
2022-01-08,Modoc,049,8938,628,610,213,823,6
2022-01-08,Mono,051,14174,2511,2240,67,2307,4
2022-01-08,Monterey,053,433212,58042,51721,5256,56977,644
2022-01-08,Napa,055,140530,18504,15819,416,16235,109
2022-01-08,Nevada,057,99092,11941,10765,494,11259,110
2022-01-08,Orange,059,3164182,434286,375124,30012,405136,5903
2022-01-08,Placer,061,380077,48040,43172,5098,48270,495
2022-01-08,Plumas,063,18699,2192,2053,73,2126,12
2022-01-08,Riverside,065,2383286,469610,422591,21187,443778,5535
2022-01-08,Sacramento,067,1510023,210461,185118,10657,195775,2470
2022-01-08,San Benito,069,59416,9719,9016,258,9274,83
2022-01-08,San Bernardino,071,2135413,465770,411724,16969,428693,6122
2022-01-08,San Diego,073,3302833,558944,472273,34485,506758,4495
2022-01-08,San Francisco,075,870044,89597,73660,4744,78404,690
2022-01-08,San Joaquin,077,732212,124905,112514,6879,119393,1916
2022-01-08,San Luis Obispo,079,281455,38499,34489,2076,36565,369
2022-01-08,San Mateo,081,765935,85478,67918,2911,70829,582
2022-01-08,Santa Barbara,083,443738,61327,54617,2268,56885,575
2022-01-08,Santa Clara,085,1922200,217195,183842,5299,189141,1966
2022-01-08,Santa Cruz,087,273765,29088,24678,1440,26118,230
2022-01-08,Shasta,089,179085,24619,23585,4093,27678,445
2022-01-08,Sierra,091,2930,235,215,25,240,0
2022-01-08,Siskiyou,093,43540,3688,3545,1595,5140,62
2022-01-08,Solano,095,438530,58978,52452,2703,55155,383
2022-01-08,Sonoma,097,501317,57795,50130,1352,51482,411
2022-01-08,Stanislaus,099,539301,92308,87049,10943,97992,1372
2022-01-08,Sutter,101,95872,16144,15261,588,15849,195
2022-01-08,Tehama,103,63373,9620,9109,1766,10875,140
2022-01-08,Trinity,105,12862,958,836,232,1068,19
2022-01-08,Tulare,107,460477,78528,73600,18600,92200,1185
2022-01-08,Tuolumne,109,53932,9048,8360,160,8520,91
2022-01-08,Ventura,111,848112,135840,117229,7233,124462,1216
2022-01-08,Yolo,113,214977,27249,24006,1853,25859,270
2022-01-08,Yuba,115,75493,12119,11277,535,11812,101
2022-01-07,Alameda,001,1643700,175206,148560,6616,155176,1558
2022-01-07,Alpine,003,1148,115,114,0,114,0
2022-01-07,Amador,005,37829,6404,6091,116,6207,71
2022-01-07,Butte,007,227075,25259,23429,4741,28170,347
2022-01-07,Calaveras,009,45235,5246,4823,94,4917,93
2022-01-07,Colusa,011,21464,2796,2713,785,3498,21
2022-01-07,Contra Costa,013,1133247,137364,119907,5738,125645,1077
2022-01-07,Del Norte,015,27424,4044,3902,76,3978,43
2022-01-07,El Dorado,017,186661,20679,18599,2163,20762,172
2022-01-07,Fresno,019,978130,166068,155394,15321,170715,2393
2022-01-07,Glenn,021,27897,3903,3732,1188,4920,39
2022-01-07,Humboldt,023,135768,12369,11149,1178,12327,121
2022-01-07,Imperial,025,180216,42274,39429,5732,45161,800
2022-01-07,Inyo,027,18085,3299,3020,71,3091,49
2022-01-07,Kern,029,883053,150628,140410,30175,170585,1921
2022-01-07,Kings,031,150075,37144,35275,2296,37571,390
2022-01-07,Lake,033,64148,7642,7209,281,7490,117
2022-01-07,Lassen,035,31185,7268,7127,459,7586,55
2022-01-07,Los Angeles,037,10098052,2057599,1765787,88003,1853790,27476
2022-01-07,Madera,039,155013,27216,25767,2840,28607,328
2022-01-07,Marin,041,260295,25023,22377,1266,23643,251
2022-01-07,Mariposa,043,17540,1762,1588,69,1657,6
2022-01-07,Mendocino,045,87422,9490,8792,911,9703,101
2022-01-07,Merced,047,269075,48863,46094,2954,49048,703
2022-01-07,Modoc,049,8938,627,610,213,823,6
2022-01-07,Mono,051,14174,2473,2240,61,2301,4
2022-01-07,Monterey,053,433212,57621,51721,5161,56882,644
2022-01-07,Napa,055,140530,18277,15819,397,16216,109
2022-01-07,Nevada,057,99092,11811,10765,473,11238,110
2022-01-07,Orange,059,3164182,429474,375124,29394,404518,5903
2022-01-07,Placer,061,380077,47535,43172,5048,48220,495
2022-01-07,Plumas,063,18699,2183,2053,72,2125,12
2022-01-07,Riverside,065,2383286,465781,422591,20958,443549,5535
2022-01-07,Sacramento,067,1510023,208193,185118,10504,195622,2470
2022-01-07,San Benito,069,59416,9673,9016,257,9273,83
2022-01-07,San Bernardino,071,2135413,461652,411724,16740,428464,6122
2022-01-07,San Diego,073,3302833,551832,472273,33937,506210,4495
2022-01-07,San Francisco,075,870044,88152,73660,4487,78147,690
2022-01-07,San Joaquin,077,732212,123941,112514,6818,119332,1916
2022-01-07,San Luis Obispo,079,281455,38284,34489,2021,36510,369
2022-01-07,San Mateo,081,765935,84011,67918,2852,70770,582
2022-01-07,Santa Barbara,083,443738,60632,54617,2247,56864,575
2022-01-07,Santa Clara,085,1922200,213722,183842,5190,189032,1966
2022-01-07,Santa Cruz,087,273765,28608,24678,1424,26102,230
2022-01-07,Shasta,089,179085,24520,23585,4059,27644,445
2022-01-07,Sierra,091,2930,232,215,25,240,0
2022-01-07,Siskiyou,093,43540,3677,3545,1583,5128,62
2022-01-07,Solano,095,438530,58295,52452,2657,55109,383
2022-01-07,Sonoma,097,501317,57193,50130,1267,51397,411
2022-01-07,Stanislaus,099,539301,91780,87049,10842,97891,1372
2022-01-07,Sutter,101,95872,15994,15261,575,15836,195
2022-01-07,Tehama,103,63373,9584,9109,1753,10862,140
2022-01-07,Trinity,105,12862,951,836,231,1067,19
2022-01-07,Tulare,107,460477,78102,73600,18460,92060,1185
2022-01-07,Tuolumne,109,53932,8960,8360,156,8516,91
2022-01-07,Ventura,111,848112,134214,117229,7098,124327,1216
2022-01-07,Yolo,113,214977,26876,24006,1834,25840,270
2022-01-07,Yuba,115,75493,12013,11277,530,11807,101
2022-01-06,Alameda,001,1643700,169945,148560,6200,154760,1558
2022-01-06,Alpine,003,1148,114,114,0,114,0
2022-01-06,Amador,005,37829,6353,6091,111,6202,71
2022-01-06,Butte,007,227075,24966,23429,4657,28086,347
2022-01-06,Calaveras,009,45235,5129,4823,92,4915,93
2022-01-06,Colusa,011,21464,2777,2713,777,3490,21
2022-01-06,Contra Costa,013,1133247,134252,119907,5316,125223,1077
2022-01-06,Del Norte,015,27424,4010,3902,74,3976,43
2022-01-06,El Dorado,017,186661,20338,18599,2127,20726,172
2022-01-06,Fresno,019,978130,163923,155394,15055,170449,2393
2022-01-06,Glenn,021,27897,3876,3732,1162,4894,39
2022-01-06,Humboldt,023,135768,12142,11149,1137,12286,121
2022-01-06,Imperial,025,180216,41690,39429,5531,44960,800
2022-01-06,Inyo,027,18085,3261,3020,71,3091,49
2022-01-06,Kern,029,883053,148958,140410,29509,169919,1921
2022-01-06,Kings,031,150075,36819,35275,2271,37546,390
2022-01-06,Lake,033,64148,7568,7209,270,7479,117
2022-01-06,Lassen,035,31185,7245,7127,453,7580,55
2022-01-06,Los Angeles,037,10098052,2003415,1765787,85645,1851432,27476
2022-01-06,Madera,039,155013,26911,25767,2782,28549,328
2022-01-06,Marin,041,260295,24620,22377,1234,23611,251
2022-01-06,Mariposa,043,17540,1743,1588,69,1657,6
2022-01-06,Mendocino,045,87422,9393,8792,872,9664,101
2022-01-06,Merced,047,269075,48303,46094,2808,48902,703
2022-01-06,Modoc,049,8938,626,610,213,823,6
2022-01-06,Mono,051,14174,2450,2240,58,2298,4
2022-01-06,Monterey,053,433212,56900,51721,4910,56631,644
2022-01-06,Napa,055,140530,17880,15819,388,16207,109
2022-01-06,Nevada,057,99092,11613,10765,461,11226,110
2022-01-06,Orange,059,3164182,420024,375124,28646,403770,5903
2022-01-06,Placer,061,380077,46794,43172,4960,48132,495
2022-01-06,Plumas,063,18699,2165,2053,64,2117,12
2022-01-06,Riverside,065,2383286,458310,422591,20670,443261,5535
2022-01-06,Sacramento,067,1510023,204139,185118,9767,194885,2470
2022-01-06,San Benito,069,59416,9572,9016,250,9266,83
2022-01-06,San Bernardino,071,2135413,453980,411724,16250,427974,6122
2022-01-06,San Diego,073,3302833,540203,472273,32935,505208,4495
2022-01-06,San Francisco,075,870044,85820,73660,4232,77892,690
2022-01-06,San Joaquin,077,732212,121751,112514,6733,119247,1916
2022-01-06,San Luis Obispo,079,281455,37585,34489,1951,36440,369
2022-01-06,San Mateo,081,765935,81589,67918,2672,70590,582
2022-01-06,Santa Barbara,083,443738,59464,54617,2188,56805,575
2022-01-06,Santa Clara,085,1922200,208646,183842,4804,188646,1966
2022-01-06,Santa Cruz,087,273765,28048,24678,1400,26078,230
2022-01-06,Shasta,089,179085,24372,23585,4009,27594,445
2022-01-06,Sierra,091,2930,229,215,25,240,0
2022-01-06,Siskiyou,093,43540,3661,3545,1537,5082,62
2022-01-06,Solano,095,438530,57281,52452,2472,54924,383
2022-01-06,Sonoma,097,501317,55800,50130,1234,51364,411
2022-01-06,Stanislaus,099,539301,90629,87049,10672,97721,1372
2022-01-06,Sutter,101,95872,15817,15261,547,15808,195
2022-01-06,Tehama,103,63373,9506,9109,1726,10835,140
2022-01-06,Trinity,105,12862,944,836,230,1066,19
2022-01-06,Tulare,107,460477,77397,73600,18292,91892,1185
2022-01-06,Tuolumne,109,53932,8848,8360,150,8510,91
2022-01-06,Ventura,111,848112,131530,117229,6938,124167,1216
2022-01-06,Yolo,113,214977,26321,24006,1790,25796,270
2022-01-06,Yuba,115,75493,11878,11277,513,11790,101
2022-01-05,Alameda,001,1643700,164838,144824,5773,150597,1548
2022-01-05,Alpine,003,1148,114,112,0,112,0
2022-01-05,Amador,005,37829,6310,6012,108,6120,70
2022-01-05,Butte,007,227075,24652,23134,4596,27730,343
2022-01-05,Calaveras,009,45235,5074,4758,90,4848,90
2022-01-05,Colusa,011,21464,2763,2704,766,3470,21
2022-01-05,Contra Costa,013,1133247,130983,117188,4862,122050,1071
2022-01-05,Del Norte,015,27424,3990,3862,72,3934,43
2022-01-05,El Dorado,017,186661,19944,18367,2098,20465,171
2022-01-05,Fresno,019,978130,161896,153033,14770,167803,2377
2022-01-05,Glenn,021,27897,3827,3700,1152,4852,39
2022-01-05,Humboldt,023,135768,11938,10938,1089,12027,120
2022-01-05,Imperial,025,180216,41063,38789,5378,44167,800
2022-01-05,Inyo,027,18085,3179,2939,67,3006,49
2022-01-05,Kern,029,883053,147174,138186,28939,167125,1913
2022-01-05,Kings,031,150075,36475,34893,2252,37145,387
2022-01-05,Lake,033,64148,7485,7129,254,7383,117
2022-01-05,Lassen,035,31185,7225,7077,445,7522,55
2022-01-05,Los Angeles,037,10098052,1947069,1729640,83254,1812894,27443
2022-01-05,Madera,039,155013,26671,25392,2689,28081,327
2022-01-05,Marin,041,260295,24273,21829,1185,23014,251
2022-01-05,Mariposa,043,17540,1717,1564,68,1632,6
2022-01-05,Mendocino,045,87422,9262,8625,837,9462,101
2022-01-05,Merced,047,269075,47635,45721,2673,48394,700
2022-01-05,Modoc,049,8938,623,603,213,816,6
2022-01-05,Mono,051,14174,2431,2201,54,2255,4
2022-01-05,Monterey,053,433212,56076,51241,4712,55953,639
2022-01-05,Napa,055,140530,17518,15494,358,15852,108
2022-01-05,Nevada,057,99092,11417,10624,444,11068,110
2022-01-05,Orange,059,3164182,409982,366139,27587,393726,5869
2022-01-05,Placer,061,380077,45910,42456,4867,47323,492
2022-01-05,Plumas,063,18699,2145,2020,62,2082,12
2022-01-05,Riverside,065,2383286,450860,415253,20319,435572,5502
2022-01-05,Sacramento,067,1510023,199360,181488,8817,190305,2455
2022-01-05,San Benito,069,59416,9378,8829,238,9067,83
2022-01-05,San Bernardino,071,2135413,445228,405323,15691,421014,6085
2022-01-05,San Diego,073,3302833,526624,466602,31954,498556,4495
2022-01-05,San Francisco,075,870044,83246,71405,4094,75499,686
2022-01-05,San Joaquin,077,732212,119216,110497,6653,117150,1903
2022-01-05,San Luis Obispo,079,281455,36789,34066,1874,35940,369
2022-01-05,San Mateo,081,765935,79412,66018,2474,68492,578
2022-01-05,Santa Barbara,083,443738,58159,53082,2109,55191,570
2022-01-05,Santa Clara,085,1922200,202678,178629,4389,183018,1961
2022-01-05,Santa Cruz,087,273765,27293,24394,1379,25773,229
2022-01-05,Shasta,089,179085,24216,23361,3980,27341,441
2022-01-05,Sierra,091,2930,226,210,23,233,0
2022-01-05,Siskiyou,093,43540,3651,3513,1508,5021,60
2022-01-05,Solano,095,438530,56236,51505,2337,53842,380
2022-01-05,Sonoma,097,501317,54536,49120,1077,50197,412
2022-01-05,Stanislaus,099,539301,89637,86248,10499,96747,1360
2022-01-05,Sutter,101,95872,15616,15117,508,15625,193
2022-01-05,Tehama,103,63373,9409,9011,1695,10706,140
2022-01-05,Trinity,105,12862,940,822,228,1050,19
2022-01-05,Tulare,107,460477,76620,72718,18120,90838,1173
2022-01-05,Tuolumne,109,53932,8756,8223,143,8366,90
2022-01-05,Ventura,111,848112,128782,114752,6730,121482,1211
2022-01-05,Yolo,113,214977,25712,23401,1751,25152,269
2022-01-05,Yuba,115,75493,11695,11138,487,11625,100
2022-01-04,Alameda,001,1643700,159222,143360,5363,148723,1532
2022-01-04,Alpine,003,1148,114,113,0,113,0
2022-01-04,Amador,005,37829,6243,6025,102,6127,71
2022-01-04,Butte,007,227075,24353,23094,4524,27618,346
2022-01-04,Calaveras,009,45235,5000,4767,87,4854,93
2022-01-04,Colusa,011,21464,2746,2689,760,3449,21
2022-01-04,Contra Costa,013,1133247,127635,116005,4493,120498,1075
2022-01-04,Del Norte,015,27424,3958,3882,69,3951,43
2022-01-04,El Dorado,017,186661,19588,18339,2077,20416,172
2022-01-04,Fresno,019,978130,159733,153244,14516,167760,2380
2022-01-04,Glenn,021,27897,3798,3705,1137,4842,39
2022-01-04,Humboldt,023,135768,11691,10865,1039,11904,120
2022-01-04,Imperial,025,180216,40463,38596,5117,43713,800
2022-01-04,Inyo,027,18085,3096,2870,66,2936,49
2022-01-04,Kern,029,883053,145245,138245,28359,166604,1916
2022-01-04,Kings,031,150075,36151,34931,2235,37166,388
2022-01-04,Lake,033,64148,7444,7152,245,7397,117
2022-01-04,Lassen,035,31185,7202,7111,441,7552,55
2022-01-04,Los Angeles,037,10098052,1887093,1705253,80889,1786142,27419
2022-01-04,Madera,039,155013,26328,25425,2618,28043,328
2022-01-04,Marin,041,260295,23793,21675,1126,22801,251
2022-01-04,Mariposa,043,17540,1681,1564,67,1631,6
2022-01-04,Mendocino,045,87422,9139,8636,813,9449,101
2022-01-04,Merced,047,269075,47015,45583,2544,48127,700
2022-01-04,Modoc,049,8938,620,611,213,824,6
2022-01-04,Mono,051,14174,2382,2190,44,2234,4
2022-01-04,Monterey,053,433212,55344,51176,4488,55664,643
2022-01-04,Napa,055,140530,17014,15370,328,15698,107
2022-01-04,Nevada,057,99092,11259,10608,431,11039,110
2022-01-04,Orange,059,3164182,399223,362051,26428,388479,5897
2022-01-04,Placer,061,380077,45072,42285,4751,47036,494
2022-01-04,Plumas,063,18699,2119,2014,60,2074,12
2022-01-04,Riverside,065,2383286,442335,413366,19971,433337,5504
2022-01-04,Sacramento,067,1510023,194367,181271,8093,189364,2453
2022-01-04,San Benito,069,59416,9190,8763,230,8993,79
2022-01-04,San Bernardino,071,2135413,436036,404409,15152,419561,6060
2022-01-04,San Diego,073,3302833,510289,458499,30988,489487,4487
2022-01-04,San Francisco,075,870044,80397,70666,3953,74619,688
2022-01-04,San Joaquin,077,732212,116796,110374,6500,116874,1911
2022-01-04,San Luis Obispo,079,281455,35983,33788,1787,35575,371
2022-01-04,San Mateo,081,765935,77097,65157,2286,67443,582
2022-01-04,Santa Barbara,083,443738,56635,52449,2032,54481,574
2022-01-04,Santa Clara,085,1922200,196437,176854,3928,180782,1964
2022-01-04,Santa Cruz,087,273765,26533,23904,1344,25248,228
2022-01-04,Shasta,089,179085,24071,23366,3926,27292,442
2022-01-04,Sierra,091,2930,225,214,22,236,0
2022-01-04,Siskiyou,093,43540,3636,3509,1489,4998,61
2022-01-04,Solano,095,438530,54926,51300,2140,53440,383
2022-01-04,Sonoma,097,501317,52829,48653,957,49610,410
2022-01-04,Stanislaus,099,539301,88577,86107,10329,96436,1361
2022-01-04,Sutter,101,95872,15463,15032,484,15516,193
2022-01-04,Tehama,103,63373,9331,9020,1673,10693,140
2022-01-04,Trinity,105,12862,935,833,224,1057,18
2022-01-04,Tulare,107,460477,75834,72893,17922,90815,1172
2022-01-04,Tuolumne,109,53932,8644,8235,138,8373,91
2022-01-04,Ventura,111,848112,125725,114079,6500,120579,1213
2022-01-04,Yolo,113,214977,25066,22938,1707,24645,270
2022-01-04,Yuba,115,75493,11515,11104,471,11575,101
2022-01-03,Alameda,001,1643700,153110,142090,4917,147007,1529
2022-01-03,Alpine,003,1148,113,113,0,113,0
2022-01-03,Amador,005,37829,6181,6004,97,6101,71
2022-01-03,Butte,007,227075,24053,22924,4466,27390,345
2022-01-03,Calaveras,009,45235,4939,4742,81,4823,93
2022-01-03,Colusa,011,21464,2736,2683,753,3436,21
2022-01-03,Contra Costa,013,1133247,124196,114966,3906,118872,1073
2022-01-03,Del Norte,015,27424,3938,3873,65,3938,43
2022-01-03,El Dorado,017,186661,19199,18183,2048,20231,172
2022-01-03,Fresno,019,978130,157743,152674,14309,166983,2379
2022-01-03,Glenn,021,27897,3769,3703,1102,4805,39
2022-01-03,Humboldt,023,135768,11481,10784,991,11775,119
2022-01-03,Imperial,025,180216,39833,38411,4941,43352,800
2022-01-03,Inyo,027,18085,3027,2845,62,2907,49
2022-01-03,Kern,029,883053,143249,137773,27764,165537,1916
2022-01-03,Kings,031,150075,35828,34817,2206,37023,387
2022-01-03,Lake,033,64148,7342,7134,227,7361,117
2022-01-03,Lassen,035,31185,7184,7103,438,7541,55
2022-01-03,Los Angeles,037,10098052,1826240,1686203,78128,1764331,27394
2022-01-03,Madera,039,155013,26035,25323,2574,27897,320
2022-01-03,Marin,041,260295,23199,21532,1087,22619,251
2022-01-03,Mariposa,043,17540,1639,1559,67,1626,6
2022-01-03,Mendocino,045,87422,8990,8573,763,9336,101
2022-01-03,Merced,047,269075,46412,45459,2432,47891,696
2022-01-03,Modoc,049,8938,617,602,213,815,6
2022-01-03,Mono,051,14174,2304,2172,39,2211,4
2022-01-03,Monterey,053,433212,54516,51047,4282,55329,644
2022-01-03,Napa,055,140530,16505,15260,296,15556,107
2022-01-03,Nevada,057,99092,11095,10572,422,10994,110
2022-01-03,Orange,059,3164182,388046,358052,25204,383256,5894
2022-01-03,Placer,061,380077,44248,42054,4690,46744,489
2022-01-03,Plumas,063,18699,2099,2005,60,2065,12
2022-01-03,Riverside,065,2383286,433866,410155,19476,429631,5504
2022-01-03,Sacramento,067,1510023,189200,179992,7538,187530,2452
2022-01-03,San Benito,069,59416,9028,8688,223,8911,79
2022-01-03,San Bernardino,071,2135413,427104,401938,14684,416622,6056
2022-01-03,San Diego,073,3302833,494199,451154,30027,481181,4476
2022-01-03,San Francisco,075,870044,77588,69315,3701,73016,686
2022-01-03,San Joaquin,077,732212,114478,109757,6374,116131,1903
2022-01-03,San Luis Obispo,079,281455,35173,33667,1694,35361,367
2022-01-03,San Mateo,081,765935,74381,64470,2129,66599,582
2022-01-03,Santa Barbara,083,443738,55174,51912,1939,53851,571
2022-01-03,Santa Clara,085,1922200,190339,174215,3457,177672,1963
2022-01-03,Santa Cruz,087,273765,25725,23765,1313,25078,228
2022-01-03,Shasta,089,179085,23894,23301,3899,27200,440
2022-01-03,Sierra,091,2930,218,213,21,234,0
2022-01-03,Siskiyou,093,43540,3609,3500,1467,4967,61
2022-01-03,Solano,095,438530,53626,51030,1954,52984,380
2022-01-03,Sonoma,097,501317,51132,48391,861,49252,410
2022-01-03,Stanislaus,099,539301,87583,85793,10139,95932,1332
2022-01-03,Sutter,101,95872,15305,14973,464,15437,193
2022-01-03,Tehama,103,63373,9256,9005,1647,10652,140
2022-01-03,Trinity,105,12862,930,833,223,1056,18
2022-01-03,Tulare,107,460477,75139,72664,17719,90383,1167
2022-01-03,Tuolumne,109,53932,8508,8179,134,8313,91
2022-01-03,Ventura,111,848112,122556,112762,6261,119023,1211
2022-01-03,Yolo,113,214977,24387,22563,1643,24206,270
2022-01-03,Yuba,115,75493,11382,11037,452,11489,99
2022-01-02,Alameda,001,1643700,148541,133486,4422,137908,1528
2022-01-02,Alpine,003,1148,111,113,0,113,0
2022-01-02,Amador,005,37829,6113,5913,92,6005,70
2022-01-02,Butte,007,227075,23712,22469,4404,26873,341
2022-01-02,Calaveras,009,45235,4868,4668,73,4741,93
2022-01-02,Colusa,011,21464,2729,2659,742,3401,21
2022-01-02,Contra Costa,013,1133247,120614,109593,3468,113061,1073
2022-01-02,Del Norte,015,27424,3906,3841,63,3904,43
2022-01-02,El Dorado,017,186661,18863,17621,1997,19618,172
2022-01-02,Fresno,019,978130,156006,149927,14078,164005,2379
2022-01-02,Glenn,021,27897,3750,3663,1093,4756,39
2022-01-02,Humboldt,023,135768,11239,10381,915,11296,119
2022-01-02,Imperial,025,180216,39178,37672,4732,42404,800
2022-01-02,Inyo,027,18085,2957,2726,51,2777,49
2022-01-02,Kern,029,883053,141331,136123,27172,163295,1917
2022-01-02,Kings,031,150075,35505,34318,2171,36489,386
2022-01-02,Lake,033,64148,7271,7060,213,7273,117
2022-01-02,Lassen,035,31185,7168,7089,436,7525,55
2022-01-02,Los Angeles,037,10098052,1775034,1596123,75222,1671345,27371
2022-01-02,Madera,039,155013,25784,25002,2521,27523,320
2022-01-02,Marin,041,260295,22634,20475,1016,21491,249
2022-01-02,Mariposa,043,17540,1608,1509,65,1574,6
2022-01-02,Mendocino,045,87422,8866,8422,745,9167,101
2022-01-02,Merced,047,269075,45870,44769,2332,47101,694
2022-01-02,Modoc,049,8938,615,601,212,813,6
2022-01-02,Mono,051,14174,2275,2101,34,2135,4
2022-01-02,Monterey,053,433212,53889,50251,4072,54323,643
2022-01-02,Napa,055,140530,15965,14439,285,14724,107
2022-01-02,Nevada,057,99092,10907,10299,407,10706,110
2022-01-02,Orange,059,3164182,377020,339526,24050,363576,5890
2022-01-02,Placer,061,380077,43522,40857,4603,45460,489
2022-01-02,Plumas,063,18699,2083,1994,56,2050,12
2022-01-02,Riverside,065,2383286,425528,397124,18960,416084,5501
2022-01-02,Sacramento,067,1510023,185105,173562,6706,180268,2448
2022-01-02,San Benito,069,59416,8848,8320,208,8528,79
2022-01-02,San Bernardino,071,2135413,418961,386278,14127,400405,6051
2022-01-02,San Diego,073,3302833,479177,427087,28849,455936,4469
2022-01-02,San Francisco,075,870044,74646,64498,3461,67959,682
2022-01-02,San Joaquin,077,732212,112591,106640,6231,112871,1902
2022-01-02,San Luis Obispo,079,281455,34438,32342,1611,33953,365
2022-01-02,San Mateo,081,765935,71813,60504,1889,62393,581
2022-01-02,Santa Barbara,083,443738,53739,49555,1878,51433,568
2022-01-02,Santa Clara,085,1922200,184112,164547,3058,167605,1969
2022-01-02,Santa Cruz,087,273765,25057,22980,1280,24260,228
2022-01-02,Shasta,089,179085,23701,23161,3850,27011,435
2022-01-02,Sierra,091,2930,217,206,21,227,0
2022-01-02,Siskiyou,093,43540,3584,3474,1444,4918,61
2022-01-02,Solano,095,438530,52682,48957,1790,50747,379
2022-01-02,Sonoma,097,501317,49813,46040,824,46864,410
2022-01-02,Stanislaus,099,539301,86727,84367,10002,94369,1332
2022-01-02,Sutter,101,95872,15132,14741,445,15186,193
2022-01-02,Tehama,103,63373,9192,8944,1624,10568,139
2022-01-02,Trinity,105,12862,928,832,222,1054,17
2022-01-02,Tulare,107,460477,74478,71941,17525,89466,1160
2022-01-02,Tuolumne,109,53932,8402,8044,129,8173,91
2022-01-02,Ventura,111,848112,119634,107992,6041,114033,1211
2022-01-02,Yolo,113,214977,23713,21747,1577,23324,270
2022-01-02,Yuba,115,75493,11258,10844,436,11280,99
2022-01-01,Alameda,001,1643700,146666,133486,4161,137647,1528
2022-01-01,Alpine,003,1148,111,113,0,113,0
2022-01-01,Amador,005,37829,6077,5913,87,6000,70
2022-01-01,Butte,007,227075,23517,22469,4366,26835,341
2022-01-01,Calaveras,009,45235,4829,4668,71,4739,93
2022-01-01,Colusa,011,21464,2725,2659,732,3391,21
2022-01-01,Contra Costa,013,1133247,119247,109593,3340,112933,1073
2022-01-01,Del Norte,015,27424,3901,3841,63,3904,43
2022-01-01,El Dorado,017,186661,18711,17621,1982,19603,172
2022-01-01,Fresno,019,978130,155332,149927,13996,163923,2379
2022-01-01,Glenn,021,27897,3743,3663,1093,4756,39
2022-01-01,Humboldt,023,135768,11100,10381,894,11275,119
2022-01-01,Imperial,025,180216,39030,37672,4683,42355,800
2022-01-01,Inyo,027,18085,2928,2726,49,2775,49
2022-01-01,Kern,029,883053,140631,136123,26867,162990,1917
2022-01-01,Kings,031,150075,35363,34318,2144,36462,386
2022-01-01,Lake,033,64148,7233,7060,208,7268,117
2022-01-01,Lassen,035,31185,7162,7089,431,7520,55
2022-01-01,Los Angeles,037,10098052,1754888,1596123,73265,1669388,27371
2022-01-01,Madera,039,155013,25700,25002,2507,27509,320
2022-01-01,Marin,041,260295,22321,20475,975,21450,249
2022-01-01,Mariposa,043,17540,1597,1509,65,1574,6
2022-01-01,Mendocino,045,87422,8774,8422,739,9161,101
2022-01-01,Merced,047,269075,45737,44769,2318,47087,694
2022-01-01,Modoc,049,8938,612,601,212,813,6
2022-01-01,Mono,051,14174,2251,2101,29,2130,4
2022-01-01,Monterey,053,433212,53580,50251,3985,54236,643
2022-01-01,Napa,055,140530,15815,14439,270,14709,107
2022-01-01,Nevada,057,99092,10831,10299,400,10699,110
2022-01-01,Orange,059,3164182,372798,339526,23340,362866,5890
2022-01-01,Placer,061,380077,43219,40857,4537,45394,489
2022-01-01,Plumas,063,18699,2071,1994,56,2050,12
2022-01-01,Riverside,065,2383286,422034,397124,18758,415882,5501
2022-01-01,Sacramento,067,1510023,183833,173562,6451,180013,2448
2022-01-01,San Benito,069,59416,8758,8320,208,8528,79
2022-01-01,San Bernardino,071,2135413,415696,386278,13847,400125,6051
2022-01-01,San Diego,073,3302833,473226,427087,28330,455417,4469
2022-01-01,San Francisco,075,870044,73246,64498,3250,67748,682
2022-01-01,San Joaquin,077,732212,111884,106640,6158,112798,1902
2022-01-01,San Luis Obispo,079,281455,34235,32342,1602,33944,365
2022-01-01,San Mateo,081,765935,70345,60504,1740,62244,581
2022-01-01,Santa Barbara,083,443738,52999,49555,1843,51398,568
2022-01-01,Santa Clara,085,1922200,181041,164547,2862,167409,1969
2022-01-01,Santa Cruz,087,273765,24736,22980,1262,24242,228
2022-01-01,Shasta,089,179085,23615,23161,3832,26993,435
2022-01-01,Sierra,091,2930,216,206,21,227,0
2022-01-01,Siskiyou,093,43540,3581,3474,1434,4908,61
2022-01-01,Solano,095,438530,52414,48957,1731,50688,379
2022-01-01,Sonoma,097,501317,49419,46040,794,46834,410
2022-01-01,Stanislaus,099,539301,86320,84367,9915,94282,1332
2022-01-01,Sutter,101,95872,15055,14741,443,15184,193
2022-01-01,Tehama,103,63373,9160,8944,1612,10556,139
2022-01-01,Trinity,105,12862,925,832,222,1054,17
2022-01-01,Tulare,107,460477,74233,71941,17426,89367,1160
2022-01-01,Tuolumne,109,53932,8342,8044,126,8170,91
2022-01-01,Ventura,111,848112,118249,107992,5912,113904,1211
2022-01-01,Yolo,113,214977,23293,21747,1537,23284,270
2022-01-01,Yuba,115,75493,11192,10844,430,11274,99
2021-12-31,Alameda,001,1643700,145852,133486,4060,137546,1528
2021-12-31,Alpine,003,1148,111,113,0,113,0
2021-12-31,Amador,005,37829,6053,5913,86,5999,70
2021-12-31,Butte,007,227075,23410,22469,4331,26800,341
2021-12-31,Calaveras,009,45235,4796,4668,71,4739,93
2021-12-31,Colusa,011,21464,2716,2659,726,3385,21
2021-12-31,Contra Costa,013,1133247,118352,109593,3260,112853,1073
2021-12-31,Del Norte,015,27424,3892,3841,61,3902,43
2021-12-31,El Dorado,017,186661,18624,17621,1964,19585,172
2021-12-31,Fresno,019,978130,155024,149927,13973,163900,2379
2021-12-31,Glenn,021,27897,3742,3663,1091,4754,39
2021-12-31,Humboldt,023,135768,11013,10381,875,11256,119
2021-12-31,Imperial,025,180216,38898,37672,4667,42339,800
2021-12-31,Inyo,027,18085,2901,2726,48,2774,49
2021-12-31,Kern,029,883053,140123,136123,26730,162853,1917
2021-12-31,Kings,031,150075,35253,34318,2134,36452,386
2021-12-31,Lake,033,64148,7210,7060,203,7263,117
2021-12-31,Lassen,035,31185,7148,7089,431,7520,55
2021-12-31,Los Angeles,037,10098052,1744101,1596123,72514,1668637,27371
2021-12-31,Madera,039,155013,25631,25002,2490,27492,320
2021-12-31,Marin,041,260295,22165,20475,944,21419,249
2021-12-31,Mariposa,043,17540,1590,1509,64,1573,6
2021-12-31,Mendocino,045,87422,8741,8422,736,9158,101
2021-12-31,Merced,047,269075,45653,44769,2300,47069,694
2021-12-31,Modoc,049,8938,608,601,210,811,6
2021-12-31,Mono,051,14174,2239,2101,28,2129,4
2021-12-31,Monterey,053,433212,53453,50251,3919,54170,643
2021-12-31,Napa,055,140530,15704,14439,260,14699,107
2021-12-31,Nevada,057,99092,10764,10299,394,10693,110
2021-12-31,Orange,059,3164182,370286,339526,22913,362439,5890
2021-12-31,Placer,061,380077,42986,40857,4471,45328,489
2021-12-31,Plumas,063,18699,2066,1994,56,2050,12
2021-12-31,Riverside,065,2383286,420347,397124,18603,415727,5501
2021-12-31,Sacramento,067,1510023,182964,173562,6345,179907,2448
2021-12-31,San Benito,069,59416,8744,8320,207,8527,79
2021-12-31,San Bernardino,071,2135413,413382,386278,13656,399934,6051
2021-12-31,San Diego,073,3302833,470005,427087,28012,455099,4469
2021-12-31,San Francisco,075,870044,72320,64498,3192,67690,682
2021-12-31,San Joaquin,077,732212,111255,106640,6092,112732,1902
2021-12-31,San Luis Obispo,079,281455,34127,32342,1590,33932,365
2021-12-31,San Mateo,081,765935,69464,60504,1688,62192,581
2021-12-31,Santa Barbara,083,443738,52600,49555,1831,51386,568
2021-12-31,Santa Clara,085,1922200,179057,164547,2723,167270,1969
2021-12-31,Santa Cruz,087,273765,24499,22980,1241,24221,228
2021-12-31,Shasta,089,179085,23553,23161,3811,26972,435
2021-12-31,Sierra,091,2930,216,206,21,227,0
2021-12-31,Siskiyou,093,43540,3574,3474,1423,4897,61
2021-12-31,Solano,095,438530,52258,48957,1705,50662,379
2021-12-31,Sonoma,097,501317,49166,46040,781,46821,410
2021-12-31,Stanislaus,099,539301,85993,84367,9854,94221,1332
2021-12-31,Sutter,101,95872,14994,14741,437,15178,193
2021-12-31,Tehama,103,63373,9128,8944,1603,10547,139
2021-12-31,Trinity,105,12862,924,832,222,1054,17
2021-12-31,Tulare,107,460477,74030,71941,17342,89283,1160
2021-12-31,Tuolumne,109,53932,8297,8044,125,8169,91
2021-12-31,Ventura,111,848112,117275,107992,5830,113822,1211
2021-12-31,Yolo,113,214977,23072,21747,1515,23262,270
2021-12-31,Yuba,115,75493,11135,10844,424,11268,99
2021-12-30,Alameda,001,1643700,144551,133486,3925,137411,1528
2021-12-30,Alpine,003,1148,110,113,0,113,0
2021-12-30,Amador,005,37829,6034,5913,85,5998,70
2021-12-30,Butte,007,227075,23278,22469,4306,26775,341
2021-12-30,Calaveras,009,45235,4777,4668,71,4739,93
2021-12-30,Colusa,011,21464,2715,2659,724,3383,21
2021-12-30,Contra Costa,013,1133247,117257,109593,3149,112742,1073
2021-12-30,Del Norte,015,27424,3881,3841,60,3901,43
2021-12-30,El Dorado,017,186661,18518,17621,1943,19564,172
2021-12-30,Fresno,019,978130,154492,149927,13902,163829,2379
2021-12-30,Glenn,021,27897,3736,3663,1088,4751,39
2021-12-30,Humboldt,023,135768,10946,10381,863,11244,119
2021-12-30,Imperial,025,180216,38730,37672,4557,42229,800
2021-12-30,Inyo,027,18085,2882,2726,46,2772,49
2021-12-30,Kern,029,883053,139589,136123,26430,162553,1917
2021-12-30,Kings,031,150075,35135,34318,2119,36437,386
2021-12-30,Lake,033,64148,7195,7060,198,7258,117
2021-12-30,Lassen,035,31185,7142,7089,431,7520,55
2021-12-30,Los Angeles,037,10098052,1720777,1596123,71245,1667368,27371
2021-12-30,Madera,039,155013,25555,25002,2470,27472,320
2021-12-30,Marin,041,260295,21987,20475,919,21394,249
2021-12-30,Mariposa,043,17540,1584,1509,64,1573,6
2021-12-30,Mendocino,045,87422,8724,8422,725,9147,101
2021-12-30,Merced,047,269075,45551,44769,2285,47054,694
2021-12-30,Modoc,049,8938,607,601,210,811,6
2021-12-30,Mono,051,14174,2234,2101,27,2128,4
2021-12-30,Monterey,053,433212,53141,50251,3858,54109,643
2021-12-30,Napa,055,140530,15560,14439,251,14690,107
2021-12-30,Nevada,057,99092,10700,10299,385,10684,110
2021-12-30,Orange,059,3164182,365241,339526,22359,361885,5890
2021-12-30,Placer,061,380077,42710,40857,4424,45281,489
2021-12-30,Plumas,063,18699,2062,1994,55,2049,12
2021-12-30,Riverside,065,2383286,417079,397124,18451,415575,5501
2021-12-30,Sacramento,067,1510023,181709,173562,6199,179761,2448
2021-12-30,San Benito,069,59416,8697,8320,205,8525,79
2021-12-30,San Bernardino,071,2135413,410762,386278,13508,399786,6051
2021-12-30,San Diego,073,3302833,464859,427087,27501,454588,4469
2021-12-30,San Francisco,075,870044,71230,64498,3120,67618,682
2021-12-30,San Joaquin,077,732212,110658,106640,6048,112688,1902
2021-12-30,San Luis Obispo,079,281455,34008,32342,1577,33919,365
2021-12-30,San Mateo,081,765935,68420,60504,1559,62063,581
2021-12-30,Santa Barbara,083,443738,52122,49555,1812,51367,568
2021-12-30,Santa Clara,085,1922200,176730,164547,2600,167147,1969
2021-12-30,Santa Cruz,087,273765,24260,22980,1207,24187,228
2021-12-30,Shasta,089,179085,23500,23161,3805,26966,435
2021-12-30,Sierra,091,2930,216,206,21,227,0
2021-12-30,Siskiyou,093,43540,3565,3474,1421,4895,61
2021-12-30,Solano,095,438530,51909,48957,1658,50615,379
2021-12-30,Sonoma,097,501317,48830,46040,772,46812,410
2021-12-30,Stanislaus,099,539301,85676,84367,9794,94161,1332
2021-12-30,Sutter,101,95872,14932,14741,436,15177,193
2021-12-30,Tehama,103,63373,9101,8944,1597,10541,139
2021-12-30,Trinity,105,12862,921,832,222,1054,17
2021-12-30,Tulare,107,460477,73844,71941,17265,89206,1160
2021-12-30,Tuolumne,109,53932,8258,8044,125,8169,91
2021-12-30,Ventura,111,848112,116018,107992,5727,113719,1211
2021-12-30,Yolo,113,214977,22934,21747,1489,23236,270
2021-12-30,Yuba,115,75493,11088,10844,422,11266,99
2021-12-29,Alameda,001,1643700,141315,131586,3774,135360,1529
2021-12-29,Alpine,003,1148,110,113,0,113,0
2021-12-29,Amador,005,37829,6011,5905,82,5987,70
2021-12-29,Butte,007,227075,23135,22353,4268,26621,338
2021-12-29,Calaveras,009,45235,4750,4646,69,4715,93
2021-12-29,Colusa,011,21464,2705,2657,719,3376,21
2021-12-29,Contra Costa,013,1133247,115166,108165,3023,111188,1072
2021-12-29,Del Norte,015,27424,3867,3826,58,3884,43
2021-12-29,El Dorado,017,186661,18295,17489,1925,19414,172
2021-12-29,Fresno,019,978130,153363,149318,13787,163105,2364
2021-12-29,Glenn,021,27897,3726,3653,1085,4738,39
2021-12-29,Humboldt,023,135768,10836,10249,840,11089,119
2021-12-29,Imperial,025,180216,38493,37460,4489,41949,800
2021-12-29,Inyo,027,18085,2849,2703,46,2749,49
2021-12-29,Kern,029,883053,138786,135648,26044,161692,1913
2021-12-29,Kings,031,150075,35020,34216,2113,36329,386
2021-12-29,Lake,033,64148,7164,7048,196,7244,117
2021-12-29,Lassen,035,31185,7138,7085,430,7515,55
2021-12-29,Los Angeles,037,10098052,1690750,1576414,69520,1645934,27349
2021-12-29,Madera,039,155013,25451,24923,2459,27382,320
2021-12-29,Marin,041,260295,21632,20025,898,20923,249
2021-12-29,Mariposa,043,17540,1562,1507,64,1571,6
2021-12-29,Mendocino,045,87422,8665,8386,721,9107,99
2021-12-29,Merced,047,269075,45335,44548,2270,46818,693
2021-12-29,Modoc,049,8938,604,600,210,810,6
2021-12-29,Mono,051,14174,2210,2056,26,2082,4
2021-12-29,Monterey,053,433212,52732,50097,3752,53849,641
2021-12-29,Napa,055,140530,15236,14247,233,14480,107
2021-12-29,Nevada,057,99092,10609,10274,384,10658,110
2021-12-29,Orange,059,3164182,357749,334557,21680,356237,5887
2021-12-29,Placer,061,380077,42222,40545,4349,44894,489
2021-12-29,Plumas,063,18699,2050,1990,55,2045,12
2021-12-29,Riverside,065,2383286,411660,392989,18244,411233,5486
2021-12-29,Sacramento,067,1510023,179379,172145,6041,178186,2437
2021-12-29,San Benito,069,59416,8554,8239,204,8443,79
2021-12-29,San Bernardino,071,2135413,405175,382872,13292,396164,6049
2021-12-29,San Diego,073,3302833,454026,421045,26783,447828,4461
2021-12-29,San Francisco,075,870044,69533,63117,3050,66167,684
2021-12-29,San Joaquin,077,732212,109475,106063,5977,112040,1891
2021-12-29,San Luis Obispo,079,281455,33613,31936,1528,33464,365
2021-12-29,San Mateo,081,765935,66792,59478,1451,60929,581
2021-12-29,Santa Barbara,083,443738,51283,49003,1787,50790,568
2021-12-29,Santa Clara,085,1922200,173527,162008,2469,164477,1962
2021-12-29,Santa Cruz,087,273765,23981,22669,1175,23844,228
2021-12-29,Shasta,089,179085,23425,23083,3793,26876,435
2021-12-29,Sierra,091,2930,215,206,21,227,0
2021-12-29,Siskiyou,093,43540,3553,3472,1410,4882,61
2021-12-29,Solano,095,438530,51204,48562,1605,50167,379
2021-12-29,Sonoma,097,501317,48028,45479,750,46229,410
2021-12-29,Stanislaus,099,539301,85188,84083,9734,93817,1332
2021-12-29,Sutter,101,95872,14863,14688,434,15122,193
2021-12-29,Tehama,103,63373,9076,8914,1584,10498,138
2021-12-29,Trinity,105,12862,919,832,222,1054,17
2021-12-29,Tulare,107,460477,73556,71752,17148,88900,1160
2021-12-29,Tuolumne,109,53932,8205,8012,124,8136,91
2021-12-29,Ventura,111,848112,114081,106974,5549,112523,1207
2021-12-29,Yolo,113,214977,22696,21564,1458,23022,270
2021-12-29,Yuba,115,75493,11027,10808,418,11226,99
2021-12-28,Alameda,001,1643700,138148,130427,3620,134047,1522
2021-12-28,Alpine,003,1148,110,113,0,113,0
2021-12-28,Amador,005,37829,5991,5900,81,5981,70
2021-12-28,Butte,007,227075,22991,22285,4251,26536,338
2021-12-28,Calaveras,009,45235,4732,4641,68,4709,91
2021-12-28,Colusa,011,21464,2699,2653,717,3370,21
2021-12-28,Contra Costa,013,1133247,112864,107160,2908,110068,1072
2021-12-28,Del Norte,015,27424,3861,3815,58,3873,43
2021-12-28,El Dorado,017,186661,18072,17419,1915,19334,172
2021-12-28,Fresno,019,978130,152282,148987,13704,162691,2365
2021-12-28,Glenn,021,27897,3701,3639,1081,4720,39
2021-12-28,Humboldt,023,135768,10715,10198,816,11014,119
2021-12-28,Imperial,025,180216,38197,37223,4389,41612,800
2021-12-28,Inyo,027,18085,2791,2676,45,2721,48
2021-12-28,Kern,029,883053,138065,135346,25695,161041,1909
2021-12-28,Kings,031,150075,34884,34165,2098,36263,386
2021-12-28,Lake,033,64148,7145,7044,191,7235,116
2021-12-28,Lassen,035,31185,7129,7083,430,7513,55
2021-12-28,Los Angeles,037,10098052,1658472,1561791,67867,1629658,27323
2021-12-28,Madera,039,155013,25325,24865,2439,27304,320
2021-12-28,Marin,041,260295,21220,19739,868,20607,249
2021-12-28,Mariposa,043,17540,1551,1499,63,1562,6
2021-12-28,Mendocino,045,87422,8605,8366,713,9079,98
2021-12-28,Merced,047,269075,45095,44434,2258,46692,691
2021-12-28,Modoc,049,8938,604,599,209,808,6
2021-12-28,Mono,051,14174,2187,2045,24,2069,4
2021-12-28,Monterey,053,433212,52355,49973,3679,53652,639
2021-12-28,Napa,055,140530,14918,14131,206,14337,107
2021-12-28,Nevada,057,99092,10518,10250,381,10631,110
2021-12-28,Orange,059,3164182,350098,331279,20944,352223,5882
2021-12-28,Placer,061,380077,41754,40410,4279,44689,489
2021-12-28,Plumas,063,18699,2047,1989,55,2044,12
2021-12-28,Riverside,065,2383286,406420,390343,18001,408344,5470
2021-12-28,Sacramento,067,1510023,177094,171290,5912,177202,2426
2021-12-28,San Benito,069,59416,8410,8170,202,8372,79
2021-12-28,San Bernardino,071,2135413,399278,381316,13071,394387,6047
2021-12-28,San Diego,073,3302833,443336,417383,26227,443610,4450
2021-12-28,San Francisco,075,870044,67910,61745,2992,64737,682
2021-12-28,San Joaquin,077,732212,108421,105572,5933,111505,1884
2021-12-28,San Luis Obispo,079,281455,33147,31759,1512,33271,365
2021-12-28,San Mateo,081,765935,65277,58712,1363,60075,582
2021-12-28,Santa Barbara,083,443738,50638,48493,1767,50260,568
2021-12-28,Santa Clara,085,1922200,170322,160811,2374,163185,1962
2021-12-28,Santa Cruz,087,273765,23608,22513,1137,23650,228
2021-12-28,Shasta,089,179085,23354,23035,3788,26823,434
2021-12-28,Sierra,091,2930,212,206,21,227,0
2021-12-28,Siskiyou,093,43540,3544,3468,1405,4873,60
2021-12-28,Solano,095,438530,50291,48318,1551,49869,378
2021-12-28,Sonoma,097,501317,47168,45086,725,45811,410
2021-12-28,Stanislaus,099,539301,84704,83946,9673,93619,1331
2021-12-28,Sutter,101,95872,14814,14662,431,15093,193
2021-12-28,Tehama,103,63373,9058,8893,1582,10475,138
2021-12-28,Trinity,105,12862,917,831,221,1052,17
2021-12-28,Tulare,107,460477,73278,71630,17033,88663,1156
2021-12-28,Tuolumne,109,53932,8163,8006,124,8130,91
2021-12-28,Ventura,111,848112,111975,105883,5419,111302,1207
2021-12-28,Yolo,113,214977,22362,21320,1409,22729,270
2021-12-28,Yuba,115,75493,10971,10778,415,11193,99
2021-12-27,Alameda,001,1643700,135474,129910,3489,133399,1530
2021-12-27,Alpine,003,1148,110,113,0,113,0
2021-12-27,Amador,005,37829,5963,5891,81,5972,70
2021-12-27,Butte,007,227075,22852,22234,4224,26458,335
2021-12-27,Calaveras,009,45235,4707,4630,67,4697,91
2021-12-27,Colusa,011,21464,2688,2652,711,3363,21
2021-12-27,Contra Costa,013,1133247,110699,106692,2825,109517,1071
2021-12-27,Del Norte,015,27424,3852,3802,57,3859,43
2021-12-27,El Dorado,017,186661,17913,17361,1903,19264,172
2021-12-27,Fresno,019,978130,151323,148826,13623,162449,2364
2021-12-27,Glenn,021,27897,3693,3634,1075,4709,39
2021-12-27,Humboldt,023,135768,10601,10164,794,10958,119
2021-12-27,Imperial,025,180216,37956,37180,4295,41475,800
2021-12-27,Inyo,027,18085,2762,2662,43,2705,48
2021-12-27,Kern,029,883053,137413,135119,25392,160511,1907
2021-12-27,Kings,031,150075,34735,34126,2085,36211,382
2021-12-27,Lake,033,64148,7122,7037,181,7218,116
2021-12-27,Lassen,035,31185,7123,7080,430,7510,55
2021-12-27,Los Angeles,037,10098052,1622109,1554074,66102,1620176,27300
2021-12-27,Madera,039,155013,25206,24840,2420,27260,320
2021-12-27,Marin,041,260295,20832,19601,841,20442,249
2021-12-27,Mariposa,043,17540,1536,1495,63,1558,6
2021-12-27,Mendocino,045,87422,8538,8351,708,9059,98
2021-12-27,Merced,047,269075,44864,44383,2240,46623,690
2021-12-27,Modoc,049,8938,602,599,209,808,6
2021-12-27,Mono,051,14174,2124,2026,24,2050,4
2021-12-27,Monterey,053,433212,52055,49918,3628,53546,639
2021-12-27,Napa,055,140530,14649,14083,197,14280,107
2021-12-27,Nevada,057,99092,10449,10239,373,10612,110
2021-12-27,Orange,059,3164182,342607,329222,20140,349362,5875
2021-12-27,Placer,061,380077,41378,40263,4231,44494,489
2021-12-27,Plumas,063,18699,2045,1988,53,2041,12
2021-12-27,Riverside,065,2383286,401836,389096,17745,406841,5470
2021-12-27,Sacramento,067,1510023,175066,170858,5743,176601,2422
2021-12-27,San Benito,069,59416,8291,8133,198,8331,79
2021-12-27,San Bernardino,071,2135413,393295,380526,12871,393397,6047
2021-12-27,San Diego,073,3302833,433127,414968,25734,440702,4445
2021-12-27,San Francisco,075,870044,66161,60920,2927,63847,682
2021-12-27,San Joaquin,077,732212,107501,105413,5869,111282,1876
2021-12-27,San Luis Obispo,079,281455,32702,31671,1491,33162,365
2021-12-27,San Mateo,081,765935,63751,58397,1264,59661,581
2021-12-27,Santa Barbara,083,443738,49852,48209,1747,49956,568
2021-12-27,Santa Clara,085,1922200,167311,159904,2249,162153,1961
2021-12-27,Santa Cruz,087,273765,23321,22456,1119,23575,228
2021-12-27,Shasta,089,179085,23293,23015,3777,26792,432
2021-12-27,Sierra,091,2930,212,206,21,227,0
2021-12-27,Siskiyou,093,43540,3535,3466,1400,4866,60
2021-12-27,Solano,095,438530,49558,48172,1503,49675,378
2021-12-27,Sonoma,097,501317,46592,44990,707,45697,410
2021-12-27,Stanislaus,099,539301,84250,83833,9632,93465,1331
2021-12-27,Sutter,101,95872,14758,14642,426,15068,191
2021-12-27,Tehama,103,63373,9043,8887,1575,10462,136
2021-12-27,Trinity,105,12862,917,827,221,1048,17
2021-12-27,Tulare,107,460477,73014,71562,16938,88500,1146
2021-12-27,Tuolumne,109,53932,8125,7978,123,8101,91
2021-12-27,Ventura,111,848112,109890,105212,5284,110496,1206
2021-12-27,Yolo,113,214977,22071,21300,1375,22675,270
2021-12-27,Yuba,115,75493,10910,10759,414,11173,98
2021-12-26,Alameda,001,1643700,133359,127221,3417,130638,1525
2021-12-26,Alpine,003,1148,110,113,0,113,0
2021-12-26,Amador,005,37829,5947,5861,79,5940,70
2021-12-26,Butte,007,227075,22698,22087,4194,26281,330
2021-12-26,Calaveras,009,45235,4685,4591,67,4658,91
2021-12-26,Colusa,011,21464,2677,2647,705,3352,21
2021-12-26,Contra Costa,013,1133247,108938,105022,2726,107748,1071
2021-12-26,Del Norte,015,27424,3847,3795,57,3852,43
2021-12-26,El Dorado,017,186661,17758,17188,1895,19083,172
2021-12-26,Fresno,019,978130,150618,148027,13543,161570,2358
2021-12-26,Glenn,021,27897,3681,3611,1061,4672,39
2021-12-26,Humboldt,023,135768,10458,10052,771,10823,119
2021-12-26,Imperial,025,180216,37654,36878,4205,41083,800
2021-12-26,Inyo,027,18085,2738,2636,40,2676,47
2021-12-26,Kern,029,883053,136688,134591,25137,159728,1908
2021-12-26,Kings,031,150075,34582,34009,2079,36088,379
2021-12-26,Lake,033,64148,7100,7019,178,7197,116
2021-12-26,Lassen,035,31185,7117,7072,429,7501,55
2021-12-26,Los Angeles,037,10098052,1592222,1515469,64293,1579762,27257
2021-12-26,Madera,039,155013,25087,24741,2404,27145,320
2021-12-26,Marin,041,260295,20453,19085,782,19867,249
2021-12-26,Mariposa,043,17540,1530,1480,63,1543,6
2021-12-26,Mendocino,045,87422,8487,8314,706,9020,98
2021-12-26,Merced,047,269075,44613,44208,2226,46434,690
2021-12-26,Modoc,049,8938,601,597,207,804,6
2021-12-26,Mono,051,14174,2098,2000,24,2024,4
2021-12-26,Monterey,053,433212,51774,49709,3579,53288,638
2021-12-26,Napa,055,140530,14412,13809,192,14001,107
2021-12-26,Nevada,057,99092,10389,10153,366,10519,110
2021-12-26,Orange,059,3164182,336260,322991,19344,342335,5863
2021-12-26,Placer,061,380077,41028,39852,4161,44013,489
2021-12-26,Plumas,063,18699,2037,1987,52,2039,12
2021-12-26,Riverside,065,2383286,397652,384567,17576,402143,5470
2021-12-26,Sacramento,067,1510023,173340,169144,5597,174741,2418
2021-12-26,San Benito,069,59416,8202,7991,194,8185,79
2021-12-26,San Bernardino,071,2135413,388440,376052,12694,388746,6043
2021-12-26,San Diego,073,3302833,424130,406616,25239,431855,4442
2021-12-26,San Francisco,075,870044,64580,58229,2865,61094,682
2021-12-26,San Joaquin,077,732212,106686,104590,5816,110406,1872
2021-12-26,San Luis Obispo,079,281455,32256,31290,1473,32763,365
2021-12-26,San Mateo,081,765935,62348,56973,1217,58190,581
2021-12-26,Santa Barbara,083,443738,49175,47553,1717,49270,567
2021-12-26,Santa Clara,085,1922200,164589,156872,2117,158989,1967
2021-12-26,Santa Cruz,087,273765,23037,22176,1105,23281,228
2021-12-26,Shasta,089,179085,23211,22959,3765,26724,432
2021-12-26,Sierra,091,2930,212,202,21,223,0
2021-12-26,Siskiyou,093,43540,3527,3460,1391,4851,60
2021-12-26,Solano,095,438530,49056,47646,1465,49111,377
2021-12-26,Sonoma,097,501317,46096,44358,675,45033,408
2021-12-26,Stanislaus,099,539301,83876,83368,9590,92958,1331
2021-12-26,Sutter,101,95872,14693,14533,423,14956,191
2021-12-26,Tehama,103,63373,9010,8861,1571,10432,136
2021-12-26,Trinity,105,12862,917,826,220,1046,17
2021-12-26,Tulare,107,460477,72764,71292,16832,88124,1137
2021-12-26,Tuolumne,109,53932,8088,7919,123,8042,91
2021-12-26,Ventura,111,848112,108056,103498,5137,108635,1206
2021-12-26,Yolo,113,214977,21786,21084,1336,22420,270
2021-12-26,Yuba,115,75493,10859,10694,412,11106,98
2021-12-25,Alameda,001,1643700,132272,127221,3353,130574,1525
2021-12-25,Alpine,003,1148,110,113,0,113,0
2021-12-25,Amador,005,37829,5928,5861,79,5940,70
2021-12-25,Butte,007,227075,22599,22087,4177,26264,330
2021-12-25,Calaveras,009,45235,4656,4591,66,4657,91
2021-12-25,Colusa,011,21464,2672,2647,699,3346,21
2021-12-25,Contra Costa,013,1133247,108116,105022,2672,107694,1071
2021-12-25,Del Norte,015,27424,3840,3795,56,3851,43
2021-12-25,El Dorado,017,186661,17705,17188,1884,19072,172
2021-12-25,Fresno,019,978130,150302,148027,13495,161522,2358
2021-12-25,Glenn,021,27897,3670,3611,1057,4668,39
2021-12-25,Humboldt,023,135768,10376,10052,764,10816,119
2021-12-25,Imperial,025,180216,37532,36878,4183,41061,800
2021-12-25,Inyo,027,18085,2718,2636,40,2676,47
2021-12-25,Kern,029,883053,136341,134591,25011,159602,1908
2021-12-25,Kings,031,150075,34492,34009,2072,36081,379
2021-12-25,Lake,033,64148,7088,7019,176,7195,116
2021-12-25,Lassen,035,31185,7115,7072,429,7501,55
2021-12-25,Los Angeles,037,10098052,1579395,1515469,62948,1578417,27257
2021-12-25,Madera,039,155013,25037,24741,2398,27139,320
2021-12-25,Marin,041,260295,20111,19085,733,19818,249
2021-12-25,Mariposa,043,17540,1524,1480,63,1543,6
2021-12-25,Mendocino,045,87422,8449,8314,706,9020,98
2021-12-25,Merced,047,269075,44511,44208,2224,46432,690
2021-12-25,Modoc,049,8938,601,597,207,804,6
2021-12-25,Mono,051,14174,2081,2000,24,2024,4
2021-12-25,Monterey,053,433212,51607,49709,3545,53254,638
2021-12-25,Napa,055,140530,14297,13809,184,13993,107
2021-12-25,Nevada,057,99092,10360,10153,366,10519,110
2021-12-25,Orange,059,3164182,333380,322991,18773,341764,5863
2021-12-25,Placer,061,380077,40844,39852,4127,43979,489
2021-12-25,Plumas,063,18699,2035,1987,52,2039,12
2021-12-25,Riverside,065,2383286,395370,384567,17457,402024,5470
2021-12-25,Sacramento,067,1510023,172524,169144,5492,174636,2418
2021-12-25,San Benito,069,59416,8137,7991,194,8185,79
2021-12-25,San Bernardino,071,2135413,386203,376052,12561,388613,6043
2021-12-25,San Diego,073,3302833,420063,406616,24968,431584,4442
2021-12-25,San Francisco,075,870044,63549,58229,2829,61058,682
2021-12-25,San Joaquin,077,732212,106349,104590,5784,110374,1872
2021-12-25,San Luis Obispo,079,281455,32103,31290,1464,32754,365
2021-12-25,San Mateo,081,765935,61314,56973,1174,58147,581
2021-12-25,Santa Barbara,083,443738,48811,47553,1705,49258,567
2021-12-25,Santa Clara,085,1922200,163101,156872,2050,158922,1967
2021-12-25,Santa Cruz,087,273765,22877,22176,1099,23275,228
2021-12-25,Shasta,089,179085,23178,22959,3759,26718,432
2021-12-25,Sierra,091,2930,212,202,21,223,0
2021-12-25,Siskiyou,093,43540,3524,3460,1385,4845,60
2021-12-25,Solano,095,438530,48931,47646,1447,49093,377
2021-12-25,Sonoma,097,501317,45710,44358,649,45007,408
2021-12-25,Stanislaus,099,539301,83662,83368,9564,92932,1331
2021-12-25,Sutter,101,95872,14652,14533,421,14954,191
2021-12-25,Tehama,103,63373,8990,8861,1567,10428,136
2021-12-25,Trinity,105,12862,916,826,220,1046,17
2021-12-25,Tulare,107,460477,72629,71292,16754,88046,1137
2021-12-25,Tuolumne,109,53932,8057,7919,123,8042,91
2021-12-25,Ventura,111,848112,106883,103498,5031,108529,1206
2021-12-25,Yolo,113,214977,21676,21084,1315,22399,270
2021-12-25,Yuba,115,75493,10832,10694,411,11105,98
2021-12-24,Alameda,001,1643700,131646,127221,3337,130558,1525
2021-12-24,Alpine,003,1148,110,113,0,113,0
2021-12-24,Amador,005,37829,5920,5861,78,5939,70
2021-12-24,Butte,007,227075,22542,22087,4160,26247,330
2021-12-24,Calaveras,009,45235,4650,4591,66,4657,91
2021-12-24,Colusa,011,21464,2670,2647,698,3345,21
2021-12-24,Contra Costa,013,1133247,107798,105022,2639,107661,1071
2021-12-24,Del Norte,015,27424,3833,3795,56,3851,43
2021-12-24,El Dorado,017,186661,17650,17188,1879,19067,172
2021-12-24,Fresno,019,978130,150136,148027,13482,161509,2358
2021-12-24,Glenn,021,27897,3669,3611,1057,4668,39
2021-12-24,Humboldt,023,135768,10321,10052,759,10811,119
2021-12-24,Imperial,025,180216,37449,36878,4179,41057,800
2021-12-24,Inyo,027,18085,2698,2636,40,2676,47
2021-12-24,Kern,029,883053,136218,134591,24969,159560,1908
2021-12-24,Kings,031,150075,34423,34009,2071,36080,379
2021-12-24,Lake,033,64148,7084,7019,176,7195,116
2021-12-24,Lassen,035,31185,7112,7072,429,7501,55
2021-12-24,Los Angeles,037,10098052,1574511,1515469,62419,1577888,27257
2021-12-24,Madera,039,155013,25002,24741,2393,27134,320
2021-12-24,Marin,041,260295,19965,19085,702,19787,249
2021-12-24,Mariposa,043,17540,1522,1480,63,1543,6
2021-12-24,Mendocino,045,87422,8432,8314,706,9020,98
2021-12-24,Merced,047,269075,44461,44208,2222,46430,690
2021-12-24,Modoc,049,8938,601,597,207,804,6
2021-12-24,Mono,051,14174,2068,2000,24,2024,4
2021-12-24,Monterey,053,433212,51510,49709,3519,53228,638
2021-12-24,Napa,055,140530,14232,13809,180,13989,107
2021-12-24,Nevada,057,99092,10334,10153,364,10517,110
2021-12-24,Orange,059,3164182,332315,322991,18613,341604,5863
2021-12-24,Placer,061,380077,40723,39852,4111,43963,489
2021-12-24,Plumas,063,18699,2034,1987,52,2039,12
2021-12-24,Riverside,065,2383286,394373,384567,17367,401934,5470
2021-12-24,Sacramento,067,1510023,172208,169144,5457,174601,2418
2021-12-24,San Benito,069,59416,8128,7991,193,8184,79
2021-12-24,San Bernardino,071,2135413,385059,376052,12488,388540,6043
2021-12-24,San Diego,073,3302833,418940,406616,24841,431457,4442
2021-12-24,San Francisco,075,870044,63042,58229,2812,61041,682
2021-12-24,San Joaquin,077,732212,106154,104590,5776,110366,1872
2021-12-24,San Luis Obispo,079,281455,32041,31290,1454,32744,365
2021-12-24,San Mateo,081,765935,60881,56973,1151,58124,581
2021-12-24,Santa Barbara,083,443738,48606,47553,1698,49251,567
2021-12-24,Santa Clara,085,1922200,162274,156872,2016,158888,1967
2021-12-24,Santa Cruz,087,273765,22794,22176,1096,23272,228
2021-12-24,Shasta,089,179085,23144,22959,3755,26714,432
2021-12-24,Sierra,091,2930,211,202,21,223,0
2021-12-24,Siskiyou,093,43540,3519,3460,1381,4841,60
2021-12-24,Solano,095,438530,48879,47646,1445,49091,377
2021-12-24,Sonoma,097,501317,45544,44358,641,44999,408
2021-12-24,Stanislaus,099,539301,83551,83368,9541,92909,1331
2021-12-24,Sutter,101,95872,14632,14533,418,14951,191
2021-12-24,Tehama,103,63373,8981,8861,1564,10425,136
2021-12-24,Trinity,105,12862,914,826,220,1046,17
2021-12-24,Tulare,107,460477,72561,71292,16712,88004,1137
2021-12-24,Tuolumne,109,53932,8032,7919,123,8042,91
2021-12-24,Ventura,111,848112,106436,103498,4975,108473,1206
2021-12-24,Yolo,113,214977,21602,21084,1297,22381,270
2021-12-24,Yuba,115,75493,10809,10694,410,11104,98
2021-12-23,Alameda,001,1643700,130914,127221,3302,130523,1525
2021-12-23,Alpine,003,1148,110,113,0,113,0
2021-12-23,Amador,005,37829,5908,5861,76,5937,70
2021-12-23,Butte,007,227075,22489,22087,4149,26236,330
2021-12-23,Calaveras,009,45235,4639,4591,66,4657,91
2021-12-23,Colusa,011,21464,2664,2647,694,3341,21
2021-12-23,Contra Costa,013,1133247,107369,105022,2595,107617,1071
2021-12-23,Del Norte,015,27424,3830,3795,56,3851,43
2021-12-23,El Dorado,017,186661,17586,17188,1873,19061,172
2021-12-23,Fresno,019,978130,149931,148027,13463,161490,2358
2021-12-23,Glenn,021,27897,3665,3611,1057,4668,39
2021-12-23,Humboldt,023,135768,10268,10052,756,10808,119
2021-12-23,Imperial,025,180216,37375,36878,4152,41030,800
2021-12-23,Inyo,027,18085,2685,2636,40,2676,47
2021-12-23,Kern,029,883053,136068,134591,24873,159464,1908
2021-12-23,Kings,031,150075,34382,34009,2070,36079,379
2021-12-23,Lake,033,64148,7072,7019,174,7193,116
2021-12-23,Lassen,035,31185,7111,7072,429,7501,55
2021-12-23,Los Angeles,037,10098052,1564953,1515469,61338,1576807,27257
2021-12-23,Madera,039,155013,24969,24741,2389,27130,320
2021-12-23,Marin,041,260295,19831,19085,685,19770,249
2021-12-23,Mariposa,043,17540,1517,1480,63,1543,6
2021-12-23,Mendocino,045,87422,8423,8314,706,9020,98
2021-12-23,Merced,047,269075,44412,44208,2220,46428,690
2021-12-23,Modoc,049,8938,601,597,207,804,6
2021-12-23,Mono,051,14174,2047,2000,23,2023,4
2021-12-23,Monterey,053,433212,51388,49709,3498,53207,638
2021-12-23,Napa,055,140530,14153,13809,175,13984,107
2021-12-23,Nevada,057,99092,10310,10153,363,10516,110
2021-12-23,Orange,059,3164182,330627,322991,18284,341275,5863
2021-12-23,Placer,061,380077,40600,39852,4095,43947,489
2021-12-23,Plumas,063,18699,2034,1987,52,2039,12
2021-12-23,Riverside,065,2383286,393155,384567,17298,401865,5470
2021-12-23,Sacramento,067,1510023,171751,169144,5410,174554,2418
2021-12-23,San Benito,069,59416,8109,7991,191,8182,79
2021-12-23,San Bernardino,071,2135413,383871,376052,12383,388435,6043
2021-12-23,San Diego,073,3302833,417088,406616,24643,431259,4442
2021-12-23,San Francisco,075,870044,62312,58229,2784,61013,682
2021-12-23,San Joaquin,077,732212,105936,104590,5763,110353,1872
2021-12-23,San Luis Obispo,079,281455,31969,31290,1450,32740,365
2021-12-23,San Mateo,081,765935,60319,56973,1131,58104,581
2021-12-23,Santa Barbara,083,443738,48407,47553,1696,49249,567
2021-12-23,Santa Clara,085,1922200,161368,156872,1957,158829,1967
2021-12-23,Santa Cruz,087,273765,22679,22176,1084,23260,228
2021-12-23,Shasta,089,179085,23113,22959,3752,26711,432
2021-12-23,Sierra,091,2930,208,202,21,223,0
2021-12-23,Siskiyou,093,43540,3519,3460,1379,4839,60
2021-12-23,Solano,095,438530,48771,47646,1429,49075,377
2021-12-23,Sonoma,097,501317,45367,44358,640,44998,408
2021-12-23,Stanislaus,099,539301,83422,83368,9521,92889,1331
2021-12-23,Sutter,101,95872,14615,14533,417,14950,191
2021-12-23,Tehama,103,63373,8969,8861,1560,10421,136
2021-12-23,Trinity,105,12862,914,826,220,1046,17
2021-12-23,Tulare,107,460477,72486,71292,16669,87961,1137
2021-12-23,Tuolumne,109,53932,8014,7919,122,8041,91
2021-12-23,Ventura,111,848112,105901,103498,4909,108407,1206
2021-12-23,Yolo,113,214977,21530,21084,1279,22363,270
2021-12-23,Yuba,115,75493,10796,10694,410,11104,98
2021-12-22,Alameda,001,1643700,129960,126533,3219,129752,1522
2021-12-22,Alpine,003,1148,110,112,0,112,0
2021-12-22,Amador,005,37829,5895,5850,75,5925,70
2021-12-22,Butte,007,227075,22437,22070,4135,26205,330
2021-12-22,Calaveras,009,45235,4630,4580,66,4646,91
2021-12-22,Colusa,011,21464,2664,2645,691,3336,21
2021-12-22,Contra Costa,013,1133247,106731,104559,2552,107111,1070
2021-12-22,Del Norte,015,27424,3830,3794,56,3850,43
2021-12-22,El Dorado,017,186661,17524,17140,1864,19004,172
2021-12-22,Fresno,019,978130,149653,147838,13431,161269,2349
2021-12-22,Glenn,021,27897,3660,3604,1057,4661,39
2021-12-22,Humboldt,023,135768,10207,10022,751,10773,119
2021-12-22,Imperial,025,180216,37289,36755,4115,40870,798
2021-12-22,Inyo,027,18085,2667,2632,40,2672,47
2021-12-22,Kern,029,883053,135833,134433,24791,159224,1900
2021-12-22,Kings,031,150075,34332,33953,2063,36016,376
2021-12-22,Lake,033,64148,7065,7008,172,7180,116
2021-12-22,Lassen,035,31185,7106,7069,428,7497,55
2021-12-22,Los Angeles,037,10098052,1551392,1507110,60176,1567286,27234
2021-12-22,Madera,039,155013,24931,24702,2385,27087,320
2021-12-22,Marin,041,260295,19610,18927,662,19589,249
2021-12-22,Mariposa,043,17540,1510,1480,63,1543,6
2021-12-22,Mendocino,045,87422,8414,8299,706,9005,99
2021-12-22,Merced,047,269075,44341,44137,2217,46354,689
2021-12-22,Modoc,049,8938,601,595,207,802,6
2021-12-22,Mono,051,14174,2043,1979,23,2002,4
2021-12-22,Monterey,053,433212,51231,49650,3481,53131,639
2021-12-22,Napa,055,140530,14026,13746,165,13911,107
2021-12-22,Nevada,057,99092,10282,10101,358,10459,110
2021-12-22,Orange,059,3164182,328324,321765,17856,339621,5858
2021-12-22,Placer,061,380077,40418,39758,4058,43816,489
2021-12-22,Plumas,063,18699,2030,1986,52,2038,12
2021-12-22,Riverside,065,2383286,391325,383319,17185,400504,5472
2021-12-22,Sacramento,067,1510023,171092,168695,5350,174045,2422
2021-12-22,San Benito,069,59416,8057,7971,189,8160,79
2021-12-22,San Bernardino,071,2135413,382147,375044,12298,387342,6039
2021-12-22,San Diego,073,3302833,412968,404269,24314,428583,4434
2021-12-22,San Francisco,075,870044,61326,57520,2742,60262,682
2021-12-22,San Joaquin,077,732212,105666,104385,5749,110134,1870
2021-12-22,San Luis Obispo,079,281455,31828,31175,1430,32605,365
2021-12-22,San Mateo,081,765935,59636,56604,1101,57705,581
2021-12-22,Santa Barbara,083,443738,48150,47372,1680,49052,566
2021-12-22,Santa Clara,085,1922200,160242,156258,1916,158174,1954
2021-12-22,Santa Cruz,087,273765,22572,22075,1079,23154,228
2021-12-22,Shasta,089,179085,23084,22937,3747,26684,432
2021-12-22,Sierra,091,2930,208,202,21,223,0
2021-12-22,Siskiyou,093,43540,3516,3458,1376,4834,59
2021-12-22,Solano,095,438530,48542,47531,1416,48947,375
2021-12-22,Sonoma,097,501317,45092,44201,629,44830,408
2021-12-22,Stanislaus,099,539301,83281,83245,9501,92746,1331
2021-12-22,Sutter,101,95872,14579,14513,414,14927,191
2021-12-22,Tehama,103,63373,8956,8853,1556,10409,136
2021-12-22,Trinity,105,12862,914,826,220,1046,17
2021-12-22,Tulare,107,460477,72387,71226,16621,87847,1137
2021-12-22,Tuolumne,109,53932,7993,7903,122,8025,91
2021-12-22,Ventura,111,848112,105295,103089,4804,107893,1206
2021-12-22,Yolo,113,214977,21454,21012,1265,22277,270
2021-12-22,Yuba,115,75493,10779,10681,410,11091,98
2021-12-21,Alameda,001,1643700,128936,126007,3164,129171,1518
2021-12-21,Alpine,003,1148,110,112,0,112,0
2021-12-21,Amador,005,37829,5885,5845,75,5920,70
2021-12-21,Butte,007,227075,22373,22041,4121,26162,330
2021-12-21,Calaveras,009,45235,4617,4575,66,4641,91
2021-12-21,Colusa,011,21464,2662,2643,690,3333,21
2021-12-21,Contra Costa,013,1133247,106102,104255,2487,106742,1068
2021-12-21,Del Norte,015,27424,3829,3793,56,3849,43
2021-12-21,El Dorado,017,186661,17459,17098,1852,18950,172
2021-12-21,Fresno,019,978130,149365,147707,13396,161103,2341
2021-12-21,Glenn,021,27897,3646,3602,1057,4659,39
2021-12-21,Humboldt,023,135768,10143,9989,746,10735,118
2021-12-21,Imperial,025,180216,37191,36580,4074,40654,792
2021-12-21,Inyo,027,18085,2656,2627,40,2667,47
2021-12-21,Kern,029,883053,135624,134321,24686,159007,1892
2021-12-21,Kings,031,150075,34272,33914,2062,35976,376
2021-12-21,Lake,033,64148,7060,7004,170,7174,116
2021-12-21,Lassen,035,31185,7104,7069,428,7497,55
2021-12-21,Los Angeles,037,10098052,1537484,1501169,59151,1560320,27220
2021-12-21,Madera,039,155013,24894,24688,2378,27066,320
2021-12-21,Marin,041,260295,19440,18828,627,19455,249
2021-12-21,Mariposa,043,17540,1509,1480,62,1542,6
2021-12-21,Mendocino,045,87422,8398,8282,704,8986,97
2021-12-21,Merced,047,269075,44269,44096,2213,46309,688
2021-12-21,Modoc,049,8938,599,595,205,800,6
2021-12-21,Mono,051,14174,2024,1979,23,2002,4
2021-12-21,Monterey,053,433212,51140,49586,3464,53050,638
2021-12-21,Napa,055,140530,13925,13703,154,13857,107
2021-12-21,Nevada,057,99092,10253,10095,358,10453,110
2021-12-21,Orange,059,3164182,326189,320705,17406,338111,5855
2021-12-21,Placer,061,380077,40277,39649,4029,43678,487
2021-12-21,Plumas,063,18699,2030,1975,52,2027,12
2021-12-21,Riverside,065,2383286,389598,382415,17066,399481,5465
2021-12-21,Sacramento,067,1510023,170442,168422,5295,173717,2419
2021-12-21,San Benito,069,59416,8018,7950,186,8136,79
2021-12-21,San Bernardino,071,2135413,380473,374219,12186,386405,6026
2021-12-21,San Diego,073,3302833,409238,402386,23977,426363,4424
2021-12-21,San Francisco,075,870044,60365,56950,2709,59659,681
2021-12-21,San Joaquin,077,732212,105380,104238,5730,109968,1870
2021-12-21,San Luis Obispo,079,281455,31664,31103,1418,32521,365
2021-12-21,San Mateo,081,765935,59019,56381,1078,57459,581
2021-12-21,Santa Barbara,083,443738,47922,47194,1665,48859,564
2021-12-21,Santa Clara,085,1922200,159217,155769,1874,157643,1951
2021-12-21,Santa Cruz,087,273765,22455,22028,1069,23097,228
2021-12-21,Shasta,089,179085,23053,22920,3743,26663,429
2021-12-21,Sierra,091,2930,206,201,21,222,0
2021-12-21,Siskiyou,093,43540,3515,3455,1376,4831,59
2021-12-21,Solano,095,438530,48388,47474,1409,48883,372
2021-12-21,Sonoma,097,501317,44869,44051,619,44670,408
2021-12-21,Stanislaus,099,539301,83124,83167,9470,92637,1331
2021-12-21,Sutter,101,95872,14556,14492,413,14905,190
2021-12-21,Tehama,103,63373,8948,8849,1551,10400,136
2021-12-21,Trinity,105,12862,913,826,220,1046,17
2021-12-21,Tulare,107,460477,72293,71166,16580,87746,1137
2021-12-21,Tuolumne,109,53932,7969,7893,122,8015,91
2021-12-21,Ventura,111,848112,104677,102631,4691,107322,1205
2021-12-21,Yolo,113,214977,21346,20944,1261,22205,267
2021-12-21,Yuba,115,75493,10762,10668,410,11078,98
2021-12-20,Alameda,001,1643700,127973,125762,3095,128857,1515
2021-12-20,Alpine,003,1148,110,112,0,112,0
2021-12-20,Amador,005,37829,5871,5838,75,5913,70
2021-12-20,Butte,007,227075,22311,22030,4107,26137,329
2021-12-20,Calaveras,009,45235,4607,4569,66,4635,91
2021-12-20,Colusa,011,21464,2661,2644,690,3334,21
2021-12-20,Contra Costa,013,1133247,105569,104051,2439,106490,1068
2021-12-20,Del Norte,015,27424,3827,3792,56,3848,43
2021-12-20,El Dorado,017,186661,17398,17083,1844,18927,172
2021-12-20,Fresno,019,978130,149123,147605,13366,160971,2341
2021-12-20,Glenn,021,27897,3640,3597,1057,4654,39
2021-12-20,Humboldt,023,135768,10101,9973,742,10715,118
2021-12-20,Imperial,025,180216,37075,36532,4044,40576,792
2021-12-20,Inyo,027,18085,2653,2615,40,2655,47
2021-12-20,Kern,029,883053,135425,134203,24626,158829,1883
2021-12-20,Kings,031,150075,34230,33898,2061,35959,376
2021-12-20,Lake,033,64148,7055,6999,170,7169,116
2021-12-20,Lassen,035,31185,7102,7065,427,7492,55
2021-12-20,Los Angeles,037,10098052,1525996,1495251,58422,1553673,27188
2021-12-20,Madera,039,155013,24865,24668,2374,27042,313
2021-12-20,Marin,041,260295,19225,18747,609,19356,249
2021-12-20,Mariposa,043,17540,1500,1479,62,1541,6
2021-12-20,Mendocino,045,87422,8386,8264,702,8966,96
2021-12-20,Merced,047,269075,44212,44071,2208,46279,687
2021-12-20,Modoc,049,8938,599,595,202,797,6
2021-12-20,Mono,051,14174,2001,1973,23,1996,4
2021-12-20,Monterey,053,433212,51044,49556,3444,53000,636
2021-12-20,Napa,055,140530,13840,13672,144,13816,107
2021-12-20,Nevada,057,99092,10213,10079,357,10436,109
2021-12-20,Orange,059,3164182,324579,320235,17091,337326,5852
2021-12-20,Placer,061,380077,40147,39579,3999,43578,485
2021-12-20,Plumas,063,18699,2027,1971,50,2021,12
2021-12-20,Riverside,065,2383286,388150,381841,16977,398818,5452
2021-12-20,Sacramento,067,1510023,169871,168153,5255,173408,2414
2021-12-20,San Benito,069,59416,7974,7934,184,8118,79
2021-12-20,San Bernardino,071,2135413,378938,373881,12101,385982,6023
2021-12-20,San Diego,073,3302833,406023,401483,23737,425220,4412
2021-12-20,San Francisco,075,870044,59305,56661,2652,59313,681
2021-12-20,San Joaquin,077,732212,105138,104188,5719,109907,1865
2021-12-20,San Luis Obispo,079,281455,31550,31075,1410,32485,365
2021-12-20,San Mateo,081,765935,58471,56247,1059,57306,581
2021-12-20,Santa Barbara,083,443738,47710,47131,1660,48791,562
2021-12-20,Santa Clara,085,1922200,158256,155427,1826,157253,1950
2021-12-20,Santa Cruz,087,273765,22375,21989,1064,23053,227
2021-12-20,Shasta,089,179085,23032,22888,3738,26626,429
2021-12-20,Sierra,091,2930,205,201,21,222,0
2021-12-20,Siskiyou,093,43540,3514,3453,1374,4827,59
2021-12-20,Solano,095,438530,48260,47394,1401,48795,370
2021-12-20,Sonoma,097,501317,44679,43982,611,44593,408
2021-12-20,Stanislaus,099,539301,82998,83110,9441,92551,1331
2021-12-20,Sutter,101,95872,14533,14480,413,14893,190
2021-12-20,Tehama,103,63373,8940,8840,1548,10388,136
2021-12-20,Trinity,105,12862,913,826,220,1046,17
2021-12-20,Tulare,107,460477,72199,71124,16522,87646,1129
2021-12-20,Tuolumne,109,53932,7955,7867,118,7985,91
2021-12-20,Ventura,111,848112,104170,102452,4615,107067,1203
2021-12-20,Yolo,113,214977,21252,20903,1249,22152,267
2021-12-20,Yuba,115,75493,10746,10656,407,11063,97
2021-12-19,Alameda,001,1643700,127080,125464,3055,128519,1519
2021-12-19,Alpine,003,1148,110,112,0,112,0
2021-12-19,Amador,005,37829,5859,5832,74,5906,70
2021-12-19,Butte,007,227075,22256,22022,4099,26121,329
2021-12-19,Calaveras,009,45235,4591,4563,65,4628,91
2021-12-19,Colusa,011,21464,2661,2643,687,3330,21
2021-12-19,Contra Costa,013,1133247,105078,103906,2405,106311,1068
2021-12-19,Del Norte,015,27424,3823,3797,56,3853,43
2021-12-19,El Dorado,017,186661,17340,17067,1842,18909,172
2021-12-19,Fresno,019,978130,148882,147505,13341,160846,2341
2021-12-19,Glenn,021,27897,3636,3596,1056,4652,39
2021-12-19,Humboldt,023,135768,10058,9957,737,10694,118
2021-12-19,Imperial,025,180216,36946,36501,4001,40502,792
2021-12-19,Inyo,027,18085,2644,2613,40,2653,47
2021-12-19,Kern,029,883053,135226,134136,24558,158694,1883
2021-12-19,Kings,031,150075,34171,33874,2057,35931,378
2021-12-19,Lake,033,64148,7046,6999,167,7166,116
2021-12-19,Lassen,035,31185,7098,7065,427,7492,55
2021-12-19,Los Angeles,037,10098052,1516981,1495082,57820,1552902,27189
2021-12-19,Madera,039,155013,24840,24642,2368,27010,313
2021-12-19,Marin,041,260295,19049,18707,586,19293,249
2021-12-19,Mariposa,043,17540,1494,1475,62,1537,6
2021-12-19,Mendocino,045,87422,8369,8257,699,8956,96
2021-12-19,Merced,047,269075,44117,44045,2201,46246,687
2021-12-19,Modoc,049,8938,598,595,202,797,6
2021-12-19,Mono,051,14174,1990,1968,22,1990,4
2021-12-19,Monterey,053,433212,50943,49516,3423,52939,636
2021-12-19,Napa,055,140530,13767,13659,135,13794,107
2021-12-19,Nevada,057,99092,10177,10057,354,10411,109
2021-12-19,Orange,059,3164182,323168,319615,16864,336479,5852
2021-12-19,Placer,061,380077,40026,39525,3983,43508,485
2021-12-19,Plumas,063,18699,2024,1971,50,2021,12
2021-12-19,Riverside,065,2383286,386705,381305,16902,398207,5452
2021-12-19,Sacramento,067,1510023,169376,167933,5226,173159,2415
2021-12-19,San Benito,069,59416,7949,7929,183,8112,79
2021-12-19,San Bernardino,071,2135413,377607,373480,12063,385543,6023
2021-12-19,San Diego,073,3302833,403544,398197,23541,421738,4406
2021-12-19,San Francisco,075,870044,58424,56358,2596,58954,681
2021-12-19,San Joaquin,077,732212,104880,104125,5705,109830,1865
2021-12-19,San Luis Obispo,079,281455,31427,31035,1398,32433,366
2021-12-19,San Mateo,081,765935,58006,56132,1044,57176,581
2021-12-19,Santa Barbara,083,443738,47487,47070,1653,48723,562
2021-12-19,Santa Clara,085,1922200,157366,155049,1800,156849,1950
2021-12-19,Santa Cruz,087,273765,22276,21960,1059,23019,227
2021-12-19,Shasta,089,179085,22995,22875,3734,26609,429
2021-12-19,Sierra,091,2930,204,201,21,222,0
2021-12-19,Siskiyou,093,43540,3511,3452,1374,4826,59
2021-12-19,Solano,095,438530,48138,47341,1395,48736,370
2021-12-19,Sonoma,097,501317,44495,43944,609,44553,408
2021-12-19,Stanislaus,099,539301,82861,83040,9409,92449,1331
2021-12-19,Sutter,101,95872,14493,14475,412,14887,190
2021-12-19,Tehama,103,63373,8932,8840,1548,10388,136
2021-12-19,Trinity,105,12862,913,826,220,1046,17
2021-12-19,Tulare,107,460477,72106,71085,16480,87565,1129
2021-12-19,Tuolumne,109,53932,7938,7865,117,7982,91
2021-12-19,Ventura,111,848112,103590,102170,4550,106720,1203
2021-12-19,Yolo,113,214977,21170,20887,1231,22118,267
2021-12-19,Yuba,115,75493,10729,10646,405,11051,97
2021-12-18,Alameda,001,1643700,126671,124583,3028,127611,1512
2021-12-18,Alpine,003,1148,110,110,0,110,0
2021-12-18,Amador,005,37829,5853,5821,74,5895,69
2021-12-18,Butte,007,227075,22240,21956,4094,26050,328
2021-12-18,Calaveras,009,45235,4584,4534,65,4599,91
2021-12-18,Colusa,011,21464,2657,2635,685,3320,21
2021-12-18,Contra Costa,013,1133247,104863,103380,2391,105771,1065
2021-12-18,Del Norte,015,27424,3820,3791,56,3847,43
2021-12-18,El Dorado,017,186661,17313,16968,1839,18807,171
2021-12-18,Fresno,019,978130,148779,147038,13328,160366,2335
2021-12-18,Glenn,021,27897,3633,3590,1056,4646,39
2021-12-18,Humboldt,023,135768,10042,9889,737,10626,118
2021-12-18,Imperial,025,180216,36873,36280,3989,40269,790
2021-12-18,Inyo,027,18085,2638,2607,40,2647,47
2021-12-18,Kern,029,883053,135136,133754,24513,158267,1873
2021-12-18,Kings,031,150075,34138,33783,2053,35836,374
2021-12-18,Lake,033,64148,7045,6976,167,7143,115
2021-12-18,Lassen,035,31185,7096,7061,426,7487,55
2021-12-18,Los Angeles,037,10098052,1512882,1484840,57503,1542343,27135
2021-12-18,Madera,039,155013,24825,24575,2366,26941,313
2021-12-18,Marin,041,260295,18949,18537,574,19111,249
2021-12-18,Mariposa,043,17540,1493,1468,62,1530,6
2021-12-18,Mendocino,045,87422,8363,8219,699,8918,95
2021-12-18,Merced,047,269075,44082,43929,2200,46129,686
2021-12-18,Modoc,049,8938,596,595,202,797,6
2021-12-18,Mono,051,14174,1988,1956,22,1978,4
2021-12-18,Monterey,053,433212,50885,49343,3418,52761,635
2021-12-18,Napa,055,140530,13741,13581,133,13714,107
2021-12-18,Nevada,057,99092,10155,9991,352,10343,108
2021-12-18,Orange,059,3164182,322501,318149,16728,334877,5844
2021-12-18,Placer,061,380077,39925,39336,3969,43305,485
2021-12-18,Plumas,063,18699,2024,1964,50,2014,13
2021-12-18,Riverside,065,2383286,386008,379354,16861,396215,5439
2021-12-18,Sacramento,067,1510023,169140,167046,5207,172253,2404
2021-12-18,San Benito,069,59416,7934,7894,183,8077,79
2021-12-18,San Bernardino,071,2135413,376937,371658,12035,383693,6017
2021-12-18,San Diego,073,3302833,402579,397130,23489,420619,4399
2021-12-18,San Francisco,075,870044,57930,55562,2566,58128,679
2021-12-18,San Joaquin,077,732212,104793,103698,5695,109393,1858
2021-12-18,San Luis Obispo,079,281455,31385,30873,1392,32265,365
2021-12-18,San Mateo,081,765935,57766,55730,1039,56769,580
2021-12-18,Santa Barbara,083,443738,47391,46776,1651,48427,562
2021-12-18,Santa Clara,085,1922200,156910,154243,1787,156030,1946
2021-12-18,Santa Cruz,087,273765,22224,21805,1057,22862,225
2021-12-18,Shasta,089,179085,22974,22811,3734,26545,429
2021-12-18,Sierra,091,2930,204,199,21,220,0
2021-12-18,Siskiyou,093,43540,3509,3441,1373,4814,58
2021-12-18,Solano,095,438530,48092,47174,1393,48567,369
2021-12-18,Sonoma,097,501317,44385,43658,605,44263,407
2021-12-18,Stanislaus,099,539301,82779,82736,9397,92133,1330
2021-12-18,Sutter,101,95872,14475,14435,412,14847,190
2021-12-18,Tehama,103,63373,8925,8814,1547,10361,136
2021-12-18,Trinity,105,12862,913,823,220,1043,17
2021-12-18,Tulare,107,460477,72068,70922,16455,87377,1120
2021-12-18,Tuolumne,109,53932,7924,7834,117,7951,91
2021-12-18,Ventura,111,848112,103305,101612,4528,106140,1201
2021-12-18,Yolo,113,214977,21130,20793,1225,22018,267
2021-12-18,Yuba,115,75493,10718,10599,405,11004,96
2021-12-17,Alameda,001,1643700,126330,124583,3009,127592,1512
2021-12-17,Alpine,003,1148,110,110,0,110,0
2021-12-17,Amador,005,37829,5846,5821,74,5895,69
2021-12-17,Butte,007,227075,22219,21956,4087,26043,328
2021-12-17,Calaveras,009,45235,4580,4534,65,4599,91
2021-12-17,Colusa,011,21464,2656,2635,684,3319,21
2021-12-17,Contra Costa,013,1133247,104662,103380,2387,105767,1065
2021-12-17,Del Norte,015,27424,3819,3791,56,3847,43
2021-12-17,El Dorado,017,186661,17285,16968,1836,18804,171
2021-12-17,Fresno,019,978130,148676,147038,13328,160366,2335
2021-12-17,Glenn,021,27897,3626,3590,1056,4646,39
2021-12-17,Humboldt,023,135768,10022,9889,735,10624,118
2021-12-17,Imperial,025,180216,36810,36280,3971,40251,790
2021-12-17,Inyo,027,18085,2633,2607,40,2647,47
2021-12-17,Kern,029,883053,135044,133754,24472,158226,1873
2021-12-17,Kings,031,150075,34119,33783,2053,35836,374
2021-12-17,Lake,033,64148,7041,6976,167,7143,115
2021-12-17,Lassen,035,31185,7096,7061,425,7486,55
2021-12-17,Los Angeles,037,10098052,1508938,1484840,57265,1542105,27135
2021-12-17,Madera,039,155013,24809,24575,2361,26936,313
2021-12-17,Marin,041,260295,18873,18537,570,19107,249
2021-12-17,Mariposa,043,17540,1489,1468,62,1530,6
2021-12-17,Mendocino,045,87422,8352,8219,699,8918,95
2021-12-17,Merced,047,269075,44056,43929,2199,46128,686
2021-12-17,Modoc,049,8938,596,595,202,797,6
2021-12-17,Mono,051,14174,1985,1956,22,1978,4
2021-12-17,Monterey,053,433212,50827,49343,3413,52756,635
2021-12-17,Napa,055,140530,13714,13581,132,13713,107
2021-12-17,Nevada,057,99092,10144,9991,352,10343,108
2021-12-17,Orange,059,3164182,321938,318149,16660,334809,5844
2021-12-17,Placer,061,380077,39870,39336,3963,43299,485
2021-12-17,Plumas,063,18699,2023,1964,50,2014,13
2021-12-17,Riverside,065,2383286,385355,379354,16851,396205,5439
2021-12-17,Sacramento,067,1510023,168907,167046,5194,172240,2404
2021-12-17,San Benito,069,59416,7932,7894,183,8077,79
2021-12-17,San Bernardino,071,2135413,376376,371658,12018,383676,6017
2021-12-17,San Diego,073,3302833,401651,397130,23441,420571,4399
2021-12-17,San Francisco,075,870044,57603,55562,2536,58098,679
2021-12-17,San Joaquin,077,732212,104718,103698,5678,109376,1858
2021-12-17,San Luis Obispo,079,281455,31356,30873,1388,32261,365
2021-12-17,San Mateo,081,765935,57578,55730,1032,56762,580
2021-12-17,Santa Barbara,083,443738,47314,46776,1645,48421,562
2021-12-17,Santa Clara,085,1922200,156536,154243,1773,156016,1946
2021-12-17,Santa Cruz,087,273765,22177,21805,1053,22858,225
2021-12-17,Shasta,089,179085,22962,22811,3732,26543,429
2021-12-17,Sierra,091,2930,203,199,21,220,0
2021-12-17,Siskiyou,093,43540,3505,3441,1371,4812,58
2021-12-17,Solano,095,438530,48024,47174,1389,48563,369
2021-12-17,Sonoma,097,501317,44288,43658,602,44260,407
2021-12-17,Stanislaus,099,539301,82728,82736,9390,92126,1330
2021-12-17,Sutter,101,95872,14463,14435,410,14845,190
2021-12-17,Tehama,103,63373,8918,8814,1546,10360,136
2021-12-17,Trinity,105,12862,913,823,220,1043,17
2021-12-17,Tulare,107,460477,72026,70922,16425,87347,1120
2021-12-17,Tuolumne,109,53932,7912,7834,117,7951,91
2021-12-17,Ventura,111,848112,103055,101612,4516,106128,1201
2021-12-17,Yolo,113,214977,21097,20793,1220,22013,267
2021-12-17,Yuba,115,75493,10707,10599,403,11002,96
2021-12-16,Alameda,001,1643700,125949,124583,2994,127577,1512
2021-12-16,Alpine,003,1148,108,110,0,110,0
2021-12-16,Amador,005,37829,5838,5821,74,5895,69
2021-12-16,Butte,007,227075,22199,21956,4083,26039,328
2021-12-16,Calaveras,009,45235,4573,4534,65,4599,91
2021-12-16,Colusa,011,21464,2656,2635,684,3319,21
2021-12-16,Contra Costa,013,1133247,104439,103380,2377,105757,1065
2021-12-16,Del Norte,015,27424,3816,3791,56,3847,43
2021-12-16,El Dorado,017,186661,17250,16968,1831,18799,171
2021-12-16,Fresno,019,978130,148517,147038,13320,160358,2335
2021-12-16,Glenn,021,27897,3626,3590,1053,4643,39
2021-12-16,Humboldt,023,135768,9998,9889,725,10614,118
2021-12-16,Imperial,025,180216,36726,36280,3943,40223,790
2021-12-16,Inyo,027,18085,2629,2607,39,2646,47
2021-12-16,Kern,029,883053,134900,133754,24423,158177,1873
2021-12-16,Kings,031,150075,34095,33783,2052,35835,374
2021-12-16,Lake,033,64148,7037,6976,167,7143,115
2021-12-16,Lassen,035,31185,7093,7061,424,7485,55
2021-12-16,Los Angeles,037,10098052,1504721,1484840,57001,1541841,27135
2021-12-16,Madera,039,155013,24780,24575,2357,26932,313
2021-12-16,Marin,041,260295,18827,18537,563,19100,249
2021-12-16,Mariposa,043,17540,1487,1468,62,1530,6
2021-12-16,Mendocino,045,87422,8341,8219,694,8913,95
2021-12-16,Merced,047,269075,44017,43929,2198,46127,686
2021-12-16,Modoc,049,8938,596,595,202,797,6
2021-12-16,Mono,051,14174,1982,1956,22,1978,4
2021-12-16,Monterey,053,433212,50756,49343,3396,52739,635
2021-12-16,Napa,055,140530,13682,13581,132,13713,107
2021-12-16,Nevada,057,99092,10118,9991,352,10343,108
2021-12-16,Orange,059,3164182,321327,318149,16581,334730,5844
2021-12-16,Placer,061,380077,39793,39336,3958,43294,485
2021-12-16,Plumas,063,18699,2023,1964,50,2014,13
2021-12-16,Riverside,065,2383286,384550,379354,16837,396191,5439
2021-12-16,Sacramento,067,1510023,168624,167046,5170,172216,2404
2021-12-16,San Benito,069,59416,7925,7894,183,8077,79
2021-12-16,San Bernardino,071,2135413,375710,371658,11999,383657,6017
2021-12-16,San Diego,073,3302833,400482,397130,23375,420505,4399
2021-12-16,San Francisco,075,870044,57224,55562,2514,58076,679
2021-12-16,San Joaquin,077,732212,104595,103698,5671,109369,1858
2021-12-16,San Luis Obispo,079,281455,31286,30873,1382,32255,365
2021-12-16,San Mateo,081,765935,57378,55730,1029,56759,580
2021-12-16,Santa Barbara,083,443738,47193,46776,1641,48417,562
2021-12-16,Santa Clara,085,1922200,156204,154243,1763,156006,1946
2021-12-16,Santa Cruz,087,273765,22131,21805,1052,22857,225
2021-12-16,Shasta,089,179085,22932,22811,3730,26541,429
2021-12-16,Sierra,091,2930,203,199,21,220,0
2021-12-16,Siskiyou,093,43540,3504,3441,1367,4808,58
2021-12-16,Solano,095,438530,47956,47174,1382,48556,369
2021-12-16,Sonoma,097,501317,44189,43658,600,44258,407
2021-12-16,Stanislaus,099,539301,82641,82736,9376,92112,1330
2021-12-16,Sutter,101,95872,14449,14435,409,14844,190
2021-12-16,Tehama,103,63373,8911,8814,1545,10359,136
2021-12-16,Trinity,105,12862,913,823,220,1043,17
2021-12-16,Tulare,107,460477,71977,70922,16400,87322,1120
2021-12-16,Tuolumne,109,53932,7891,7834,117,7951,91
2021-12-16,Ventura,111,848112,102788,101612,4509,106121,1201
2021-12-16,Yolo,113,214977,21046,20793,1215,22008,267
2021-12-16,Yuba,115,75493,10691,10599,402,11001,96
2021-12-15,Alameda,001,1643700,125620,124342,2983,127325,1509
2021-12-15,Alpine,003,1148,108,109,0,109,0
2021-12-15,Amador,005,37829,5832,5810,74,5884,69
2021-12-15,Butte,007,227075,22175,21922,4082,26004,327
2021-12-15,Calaveras,009,45235,4567,4523,65,4588,89
2021-12-15,Colusa,011,21464,2655,2632,683,3315,21
2021-12-15,Contra Costa,013,1133247,104219,103236,2374,105610,1064
2021-12-15,Del Norte,015,27424,3815,3789,55,3844,43
2021-12-15,El Dorado,017,186661,17220,16936,1825,18761,171
2021-12-15,Fresno,019,978130,148390,146859,13306,160165,2319
2021-12-15,Glenn,021,27897,3625,3589,1053,4642,39
2021-12-15,Humboldt,023,135768,9978,9854,724,10578,118
2021-12-15,Imperial,025,180216,36646,36187,3899,40086,789
2021-12-15,Inyo,027,18085,2624,2606,39,2645,47
2021-12-15,Kern,029,883053,134761,133590,24377,157967,1866
2021-12-15,Kings,031,150075,34066,33716,2048,35764,374
2021-12-15,Lake,033,64148,7029,6968,166,7134,115
2021-12-15,Lassen,035,31185,7093,7062,424,7486,55
2021-12-15,Los Angeles,037,10098052,1500819,1482735,56806,1539541,27116
2021-12-15,Madera,039,155013,24762,24549,2351,26900,313
2021-12-15,Marin,041,260295,18768,18514,558,19072,249
2021-12-15,Mariposa,043,17540,1484,1463,62,1525,6
2021-12-15,Mendocino,045,87422,8336,8209,691,8900,95
2021-12-15,Merced,047,269075,43975,43890,2186,46076,685
2021-12-15,Modoc,049,8938,596,595,202,797,6
2021-12-15,Mono,051,14174,1978,1955,22,1977,4
2021-12-15,Monterey,053,433212,50701,49279,3378,52657,635
2021-12-15,Napa,055,140530,13653,13557,130,13687,107
2021-12-15,Nevada,057,99092,10097,9958,352,10310,107
2021-12-15,Orange,059,3164182,320744,317808,16539,334347,5838
2021-12-15,Placer,061,380077,39736,39264,3948,43212,485
2021-12-15,Plumas,063,18699,2019,1957,50,2007,12
2021-12-15,Riverside,065,2383286,383829,378769,16826,395595,5438
2021-12-15,Sacramento,067,1510023,168316,166793,5150,171943,2401
2021-12-15,San Benito,069,59416,7910,7877,183,8060,79
2021-12-15,San Bernardino,071,2135413,375144,371122,11966,383088,6013
2021-12-15,San Diego,073,3302833,399287,396546,23305,419851,4395
2021-12-15,San Francisco,075,870044,56906,55414,2496,57910,679
2021-12-15,San Joaquin,077,732212,104438,103579,5661,109240,1853
2021-12-15,San Luis Obispo,079,281455,31237,30784,1375,32159,365
2021-12-15,San Mateo,081,765935,57235,55657,1019,56676,580
2021-12-15,Santa Barbara,083,443738,47112,46681,1639,48320,562
2021-12-15,Santa Clara,085,1922200,155894,153928,1743,155671,1944
2021-12-15,Santa Cruz,087,273765,22091,21753,1045,22798,225
2021-12-15,Shasta,089,179085,22917,22778,3726,26504,427
2021-12-15,Sierra,091,2930,203,199,21,220,0
2021-12-15,Siskiyou,093,43540,3503,3434,1366,4800,58
2021-12-15,Solano,095,438530,47885,47098,1376,48474,367
2021-12-15,Sonoma,097,501317,44107,43580,595,44175,407
2021-12-15,Stanislaus,099,539301,82533,82628,9368,91996,1298
2021-12-15,Sutter,101,95872,14429,14428,408,14836,189
2021-12-15,Tehama,103,63373,8904,8806,1544,10350,136
2021-12-15,Trinity,105,12862,912,822,220,1042,17
2021-12-15,Tulare,107,460477,71926,70846,16371,87217,1120
2021-12-15,Tuolumne,109,53932,7882,7818,116,7934,91
2021-12-15,Ventura,111,848112,102573,101447,4503,105950,1199
2021-12-15,Yolo,113,214977,21018,20749,1210,21959,267
2021-12-15,Yuba,115,75493,10681,10587,401,10988,96
2021-12-14,Alameda,001,1643700,125287,124272,2971,127243,1506
2021-12-14,Alpine,003,1148,107,109,0,109,0
2021-12-14,Amador,005,37829,5826,5808,73,5881,69
2021-12-14,Butte,007,227075,22142,21901,4080,25981,326
2021-12-14,Calaveras,009,45235,4555,4517,65,4582,89
2021-12-14,Colusa,011,21464,2653,2628,683,3311,21
2021-12-14,Contra Costa,013,1133247,104035,103135,2370,105505,1064
2021-12-14,Del Norte,015,27424,3812,3788,55,3843,43
2021-12-14,El Dorado,017,186661,17185,16915,1823,18738,170
2021-12-14,Fresno,019,978130,148218,146756,13298,160054,2316
2021-12-14,Glenn,021,27897,3624,3589,1053,4642,39
2021-12-14,Humboldt,023,135768,9966,9836,716,10552,118
2021-12-14,Imperial,025,180216,36574,36049,3856,39905,789
2021-12-14,Inyo,027,18085,2623,2601,39,2640,46
2021-12-14,Kern,029,883053,134623,133498,24328,157826,1863
2021-12-14,Kings,031,150075,34029,33693,2045,35738,373
2021-12-14,Lake,033,64148,7020,6961,166,7127,115
2021-12-14,Lassen,035,31185,7092,7061,424,7485,55
2021-12-14,Los Angeles,037,10098052,1497148,1481131,56629,1537760,27099
2021-12-14,Madera,039,155013,24735,24535,2343,26878,313
2021-12-14,Marin,041,260295,18720,18491,556,19047,249
2021-12-14,Mariposa,043,17540,1481,1463,61,1524,6
2021-12-14,Mendocino,045,87422,8308,8206,689,8895,95
2021-12-14,Merced,047,269075,43929,43870,2184,46054,684
2021-12-14,Modoc,049,8938,595,595,202,797,6
2021-12-14,Mono,051,14174,1971,1955,22,1977,4
2021-12-14,Monterey,053,433212,50617,49237,3367,52604,635
2021-12-14,Napa,055,140530,13624,13528,130,13658,107
2021-12-14,Nevada,057,99092,10071,9956,351,10307,106
2021-12-14,Orange,059,3164182,320189,317465,16485,333950,5827
2021-12-14,Placer,061,380077,39661,39221,3943,43164,482
2021-12-14,Plumas,063,18699,2015,1950,48,1998,12
2021-12-14,Riverside,065,2383286,383137,378227,16809,395036,5427
2021-12-14,Sacramento,067,1510023,168006,166605,5127,171732,2394
2021-12-14,San Benito,069,59416,7891,7871,183,8054,79
2021-12-14,San Bernardino,071,2135413,374514,370604,11934,382538,6013
2021-12-14,San Diego,073,3302833,398148,395876,23254,419130,4393
2021-12-14,San Francisco,075,870044,56590,55278,2485,57763,679
2021-12-14,San Joaquin,077,732212,104292,103488,5644,109132,1848
2021-12-14,San Luis Obispo,079,281455,31177,30753,1371,32124,363
2021-12-14,San Mateo,081,765935,57071,55601,1012,56613,580
2021-12-14,Santa Barbara,083,443738,47010,46648,1635,48283,560
2021-12-14,Santa Clara,085,1922200,155571,153814,1730,155544,1945
2021-12-14,Santa Cruz,087,273765,22026,21737,1040,22777,225
2021-12-14,Shasta,089,179085,22890,22756,3725,26481,427
2021-12-14,Sierra,091,2930,201,199,21,220,0
2021-12-14,Siskiyou,093,43540,3498,3430,1365,4795,58
2021-12-14,Solano,095,438530,47838,47065,1370,48435,367
2021-12-14,Sonoma,097,501317,44024,43538,593,44131,407
2021-12-14,Stanislaus,099,539301,82446,82581,9352,91933,1293
2021-12-14,Sutter,101,95872,14417,14421,407,14828,189
2021-12-14,Tehama,103,63373,8900,8805,1544,10349,134
2021-12-14,Trinity,105,12862,912,821,220,1041,17
2021-12-14,Tulare,107,460477,71854,70803,16341,87144,1120
2021-12-14,Tuolumne,109,53932,7869,7815,116,7931,91
2021-12-14,Ventura,111,848112,102349,101343,4496,105839,1199
2021-12-14,Yolo,113,214977,20983,20734,1198,21932,267
2021-12-14,Yuba,115,75493,10664,10574,401,10975,92
2021-12-13,Alameda,001,1643700,124998,124174,2954,127128,1501
2021-12-13,Alpine,003,1148,107,109,0,109,0
2021-12-13,Amador,005,37829,5822,5797,73,5870,69
2021-12-13,Butte,007,227075,22118,21889,4076,25965,326
2021-12-13,Calaveras,009,45235,4548,4507,64,4571,89
2021-12-13,Colusa,011,21464,2650,2627,683,3310,21
2021-12-13,Contra Costa,013,1133247,103882,103041,2359,105400,1064
2021-12-13,Del Norte,015,27424,3808,3787,55,3842,42
2021-12-13,El Dorado,017,186661,17162,16896,1821,18717,170
2021-12-13,Fresno,019,978130,148068,146641,13288,159929,2312
2021-12-13,Glenn,021,27897,3620,3589,1051,4640,37
2021-12-13,Humboldt,023,135768,9937,9821,712,10533,118
2021-12-13,Imperial,025,180216,36490,35974,3835,39809,787
2021-12-13,Inyo,027,18085,2622,2592,39,2631,46
2021-12-13,Kern,029,883053,134497,133381,24275,157656,1863
2021-12-13,Kings,031,150075,33986,33680,2040,35720,372
2021-12-13,Lake,033,64148,7018,6958,164,7122,115
2021-12-13,Lassen,035,31185,7091,7057,424,7481,55
2021-12-13,Los Angeles,037,10098052,1494364,1480195,56469,1536664,27085
2021-12-13,Madera,039,155013,24706,24527,2338,26865,311
2021-12-13,Marin,041,260295,18660,18471,553,19024,249
2021-12-13,Mariposa,043,17540,1479,1462,61,1523,6
2021-12-13,Mendocino,045,87422,8295,8196,687,8883,95
2021-12-13,Merced,047,269075,43889,43848,2180,46028,682
2021-12-13,Modoc,049,8938,594,595,202,797,6
2021-12-13,Mono,051,14174,1964,1952,22,1974,4
2021-12-13,Monterey,053,433212,50565,49222,3348,52570,631
2021-12-13,Napa,055,140530,13611,13518,130,13648,107
2021-12-13,Nevada,057,99092,10052,9946,350,10296,106
2021-12-13,Orange,059,3164182,319719,317112,16433,333545,5824
2021-12-13,Placer,061,380077,39600,39168,3932,43100,481
2021-12-13,Plumas,063,18699,2011,1943,48,1991,12
2021-12-13,Riverside,065,2383286,382556,377728,16794,394522,5414
2021-12-13,Sacramento,067,1510023,167727,166439,5095,171534,2392
2021-12-13,San Benito,069,59416,7882,7856,183,8039,79
2021-12-13,San Bernardino,071,2135413,373933,370274,11926,382200,6011
2021-12-13,San Diego,073,3302833,397343,395266,23201,418467,4389
2021-12-13,San Francisco,075,870044,56320,55245,2472,57717,678
2021-12-13,San Joaquin,077,732212,104176,103449,5635,109084,1846
2021-12-13,San Luis Obispo,079,281455,31127,30746,1367,32113,363
2021-12-13,San Mateo,081,765935,56912,55569,1003,56572,580
2021-12-13,Santa Barbara,083,443738,46922,46608,1630,48238,560
2021-12-13,Santa Clara,085,1922200,155305,153672,1719,155391,1944
2021-12-13,Santa Cruz,087,273765,21971,21698,1037,22735,225
2021-12-13,Shasta,089,179085,22869,22731,3723,26454,426
2021-12-13,Sierra,091,2930,201,199,21,220,0
2021-12-13,Siskiyou,093,43540,3494,3426,1362,4788,57
2021-12-13,Solano,095,438530,47764,47045,1365,48410,365
2021-12-13,Sonoma,097,501317,43928,43492,591,44083,407
2021-12-13,Stanislaus,099,539301,82329,82507,9329,91836,1282
2021-12-13,Sutter,101,95872,14410,14408,407,14815,188
2021-12-13,Tehama,103,63373,8888,8800,1544,10344,134
2021-12-13,Trinity,105,12862,912,820,220,1040,17
2021-12-13,Tulare,107,460477,71796,70758,16317,87075,1114
2021-12-13,Tuolumne,109,53932,7858,7804,116,7920,91
2021-12-13,Ventura,111,848112,102124,101180,4485,105665,1197
2021-12-13,Yolo,113,214977,20934,20706,1193,21899,267
2021-12-13,Yuba,115,75493,10647,10570,401,10971,92
2021-12-12,Alameda,001,1643700,124716,124075,2942,127017,1503
2021-12-12,Alpine,003,1148,107,109,0,109,0
2021-12-12,Amador,005,37829,5814,5797,72,5869,69
2021-12-12,Butte,007,227075,22094,21874,4070,25944,326
2021-12-12,Calaveras,009,45235,4537,4501,64,4565,89
2021-12-12,Colusa,011,21464,2645,2627,680,3307,21
2021-12-12,Contra Costa,013,1133247,103694,102976,2357,105333,1065
2021-12-12,Del Norte,015,27424,3805,3793,55,3848,42
2021-12-12,El Dorado,017,186661,17126,16890,1813,18703,170
2021-12-12,Fresno,019,978130,147906,146518,13273,159791,2310
2021-12-12,Glenn,021,27897,3617,3589,1051,4640,37
2021-12-12,Humboldt,023,135768,9912,9804,705,10509,118
2021-12-12,Imperial,025,180216,36356,35926,3804,39730,787
2021-12-12,Inyo,027,18085,2617,2592,39,2631,46
2021-12-12,Kern,029,883053,134331,133314,24234,157548,1861
2021-12-12,Kings,031,150075,33935,33661,2038,35699,372
2021-12-12,Lake,033,64148,7011,6955,162,7117,115
2021-12-12,Lassen,035,31185,7090,7057,424,7481,55
2021-12-12,Los Angeles,037,10098052,1491448,1479054,56290,1535344,27074
2021-12-12,Madera,039,155013,24677,24493,2331,26824,311
2021-12-12,Marin,041,260295,18607,18451,549,19000,249
2021-12-12,Mariposa,043,17540,1478,1461,61,1522,6
2021-12-12,Mendocino,045,87422,8282,8190,686,8876,95
2021-12-12,Merced,047,269075,43856,43821,2173,45994,682
2021-12-12,Modoc,049,8938,594,595,201,796,6
2021-12-12,Mono,051,14174,1960,1947,22,1969,4
2021-12-12,Monterey,053,433212,50512,49192,3322,52514,631
2021-12-12,Napa,055,140530,13568,13508,128,13636,107
2021-12-12,Nevada,057,99092,10025,9938,349,10287,106
2021-12-12,Orange,059,3164182,319213,316918,16369,333287,5825
2021-12-12,Placer,061,380077,39535,39139,3926,43065,481
2021-12-12,Plumas,063,18699,2007,1942,46,1988,12
2021-12-12,Riverside,065,2383286,381878,377467,16769,394236,5414
2021-12-12,Sacramento,067,1510023,167460,166291,5074,171365,2392
2021-12-12,San Benito,069,59416,7862,7853,183,8036,79
2021-12-12,San Bernardino,071,2135413,373287,369977,11902,381879,6011
2021-12-12,San Diego,073,3302833,396448,393307,23163,416470,4378
2021-12-12,San Francisco,075,870044,56064,55180,2460,57640,678
2021-12-12,San Joaquin,077,732212,104037,103405,5625,109030,1846
2021-12-12,San Luis Obispo,079,281455,31074,30719,1365,32084,363
2021-12-12,San Mateo,081,765935,56795,55505,999,56504,580
2021-12-12,Santa Barbara,083,443738,46847,46586,1628,48214,560
2021-12-12,Santa Clara,085,1922200,155019,153452,1705,155157,1945
2021-12-12,Santa Cruz,087,273765,21922,21671,1035,22706,225
2021-12-12,Shasta,089,179085,22841,22732,3722,26454,426
2021-12-12,Sierra,091,2930,201,199,21,220,0
2021-12-12,Siskiyou,093,43540,3494,3424,1362,4786,57
2021-12-12,Solano,095,438530,47698,47021,1362,48383,365
2021-12-12,Sonoma,097,501317,43835,43424,588,44012,407
2021-12-12,Stanislaus,099,539301,82229,82460,9316,91776,1282
2021-12-12,Sutter,101,95872,14399,14396,407,14803,189
2021-12-12,Tehama,103,63373,8877,8796,1542,10338,134
2021-12-12,Trinity,105,12862,910,820,220,1040,17
2021-12-12,Tulare,107,460477,71719,70733,16275,87008,1115
2021-12-12,Tuolumne,109,53932,7841,7794,116,7910,91
2021-12-12,Ventura,111,848112,101931,101105,4471,105576,1197
2021-12-12,Yolo,113,214977,20883,20685,1182,21867,267
2021-12-12,Yuba,115,75493,10633,10565,398,10963,92
2021-12-11,Alameda,001,1643700,124579,123572,2940,126512,1496
2021-12-11,Alpine,003,1148,107,109,0,109,0
2021-12-11,Amador,005,37829,5809,5787,72,5859,69
2021-12-11,Butte,007,227075,22080,21819,4068,25887,326
2021-12-11,Calaveras,009,45235,4529,4469,63,4532,89
2021-12-11,Colusa,011,21464,2641,2619,679,3298,21
2021-12-11,Contra Costa,013,1133247,103608,102618,2355,104973,1061
2021-12-11,Del Norte,015,27424,3805,3778,55,3833,42
2021-12-11,El Dorado,017,186661,17106,16796,1812,18608,170
2021-12-11,Fresno,019,978130,147819,145988,13264,159252,2294
2021-12-11,Glenn,021,27897,3615,3585,1051,4636,37
2021-12-11,Humboldt,023,135768,9895,9721,702,10423,118
2021-12-11,Imperial,025,180216,36298,35635,3795,39430,782
2021-12-11,Inyo,027,18085,2612,2576,39,2615,46
2021-12-11,Kern,029,883053,134262,132852,24200,157052,1854
2021-12-11,Kings,031,150075,33922,33530,2036,35566,371
2021-12-11,Lake,033,64148,7010,6932,160,7092,114
2021-12-11,Lassen,035,31185,7089,7049,424,7473,55
2021-12-11,Los Angeles,037,10098052,1490232,1474030,56200,1530230,27031
2021-12-11,Madera,039,155013,24671,24417,2330,26747,311
2021-12-11,Marin,041,260295,18573,18339,546,18885,249
2021-12-11,Mariposa,043,17540,1477,1450,61,1511,6
2021-12-11,Mendocino,045,87422,8275,8130,686,8816,95
2021-12-11,Merced,047,269075,43837,43690,2172,45862,681
2021-12-11,Modoc,049,8938,594,594,201,795,6
2021-12-11,Mono,051,14174,1956,1926,22,1948,4
2021-12-11,Monterey,053,433212,50484,49008,3319,52327,631
2021-12-11,Napa,055,140530,13551,13459,128,13587,107
2021-12-11,Nevada,057,99092,10012,9880,349,10229,106
2021-12-11,Orange,059,3164182,318963,315759,16342,332101,5805
2021-12-11,Placer,061,380077,39477,38959,3919,42878,481
2021-12-11,Plumas,063,18699,2001,1934,46,1980,12
2021-12-11,Riverside,065,2383286,381457,375649,16754,392403,5408
2021-12-11,Sacramento,067,1510023,167329,165530,5067,170597,2386
2021-12-11,San Benito,069,59416,7848,7808,183,7991,79
2021-12-11,San Bernardino,071,2135413,372924,368145,11892,380037,6007
2021-12-11,San Diego,073,3302833,396025,392274,23125,415399,4374
2021-12-11,San Francisco,075,870044,55911,54869,2455,57324,678
2021-12-11,San Joaquin,077,732212,103976,103013,5621,108634,1842
2021-12-11,San Luis Obispo,079,281455,31052,30567,1361,31928,362
2021-12-11,San Mateo,081,765935,56716,55284,997,56281,580
2021-12-11,Santa Barbara,083,443738,46812,46309,1628,47937,559
2021-12-11,Santa Clara,085,1922200,154821,152846,1693,154539,1941
2021-12-11,Santa Cruz,087,273765,21898,21557,1035,22592,225
2021-12-11,Shasta,089,179085,22826,22660,3718,26378,419
2021-12-11,Sierra,091,2930,201,199,21,220,0
2021-12-11,Siskiyou,093,43540,3488,3418,1359,4777,57
2021-12-11,Solano,095,438530,47669,46891,1358,48249,365
2021-12-11,Sonoma,097,501317,43787,43227,588,43815,407
2021-12-11,Stanislaus,099,539301,82180,82133,9307,91440,1264
2021-12-11,Sutter,101,95872,14390,14354,407,14761,187
2021-12-11,Tehama,103,63373,8874,8776,1540,10316,134
2021-12-11,Trinity,105,12862,910,819,220,1039,17
2021-12-11,Tulare,107,460477,71675,70523,16265,86788,1103
2021-12-11,Tuolumne,109,53932,7832,7760,116,7876,91
2021-12-11,Ventura,111,848112,101856,100711,4464,105175,1195
2021-12-11,Yolo,113,214977,20864,20608,1178,21786,267
2021-12-11,Yuba,115,75493,10621,10519,397,10916,92
2021-12-10,Alameda,001,1643700,124456,123572,2932,126504,1496
2021-12-10,Alpine,003,1148,106,109,0,109,0
2021-12-10,Amador,005,37829,5802,5787,72,5859,69
2021-12-10,Butte,007,227075,22067,21819,4066,25885,326
2021-12-10,Calaveras,009,45235,4526,4469,63,4532,89
2021-12-10,Colusa,011,21464,2640,2619,679,3298,21
2021-12-10,Contra Costa,013,1133247,103512,102618,2354,104972,1061
2021-12-10,Del Norte,015,27424,3805,3778,55,3833,42
2021-12-10,El Dorado,017,186661,17093,16796,1812,18608,170
2021-12-10,Fresno,019,978130,147731,145988,13253,159241,2294
2021-12-10,Glenn,021,27897,3615,3585,1051,4636,37
2021-12-10,Humboldt,023,135768,9878,9721,700,10421,118
2021-12-10,Imperial,025,180216,36243,35635,3780,39415,782
2021-12-10,Inyo,027,18085,2609,2576,39,2615,46
2021-12-10,Kern,029,883053,134173,132852,24176,157028,1854
2021-12-10,Kings,031,150075,33907,33530,2034,35564,371
2021-12-10,Lake,033,64148,7003,6932,160,7092,114
2021-12-10,Lassen,035,31185,7088,7049,424,7473,55
2021-12-10,Los Angeles,037,10098052,1489144,1474030,56114,1530144,27031
2021-12-10,Madera,039,155013,24653,24417,2328,26745,311
2021-12-10,Marin,041,260295,18551,18339,546,18885,249
2021-12-10,Mariposa,043,17540,1474,1450,61,1511,6
2021-12-10,Mendocino,045,87422,8268,8130,685,8815,95
2021-12-10,Merced,047,269075,43819,43690,2170,45860,681
2021-12-10,Modoc,049,8938,594,594,201,795,6
2021-12-10,Mono,051,14174,1953,1926,22,1948,4
2021-12-10,Monterey,053,433212,50447,49008,3313,52321,631
2021-12-10,Napa,055,140530,13539,13459,127,13586,107
2021-12-10,Nevada,057,99092,10003,9880,349,10229,106
2021-12-10,Orange,059,3164182,318696,315759,16310,332069,5805
2021-12-10,Placer,061,380077,39435,38959,3916,42875,481
2021-12-10,Plumas,063,18699,1999,1934,46,1980,12
2021-12-10,Riverside,065,2383286,381050,375649,16744,392393,5408
2021-12-10,Sacramento,067,1510023,167177,165530,5065,170595,2386
2021-12-10,San Benito,069,59416,7844,7808,183,7991,79
2021-12-10,San Bernardino,071,2135413,372552,368145,11869,380014,6007
2021-12-10,San Diego,073,3302833,395545,392274,23111,415385,4374
2021-12-10,San Francisco,075,870044,55826,54869,2449,57318,678
2021-12-10,San Joaquin,077,732212,103921,103013,5617,108630,1842
2021-12-10,San Luis Obispo,079,281455,31042,30567,1358,31925,362
2021-12-10,San Mateo,081,765935,56659,55284,994,56278,580
2021-12-10,Santa Barbara,083,443738,46775,46309,1627,47936,559
2021-12-10,Santa Clara,085,1922200,154651,152846,1680,154526,1941
2021-12-10,Santa Cruz,087,273765,21878,21557,1034,22591,225
2021-12-10,Shasta,089,179085,22815,22660,3715,26375,419
2021-12-10,Sierra,091,2930,201,199,21,220,0
2021-12-10,Siskiyou,093,43540,3481,3418,1359,4777,57
2021-12-10,Solano,095,438530,47627,46891,1354,48245,365
2021-12-10,Sonoma,097,501317,43753,43227,587,43814,407
2021-12-10,Stanislaus,099,539301,82114,82133,9301,91434,1264
2021-12-10,Sutter,101,95872,14382,14354,407,14761,187
2021-12-10,Tehama,103,63373,8872,8776,1538,10314,134
2021-12-10,Trinity,105,12862,910,819,220,1039,17
2021-12-10,Tulare,107,460477,71646,70523,16241,86764,1103
2021-12-10,Tuolumne,109,53932,7826,7760,116,7876,91
2021-12-10,Ventura,111,848112,101752,100711,4461,105172,1195
2021-12-10,Yolo,113,214977,20850,20608,1176,21784,267
2021-12-10,Yuba,115,75493,10609,10519,396,10915,92
2021-12-09,Alameda,001,1643700,124313,123572,2927,126499,1496
2021-12-09,Alpine,003,1148,106,109,0,109,0
2021-12-09,Amador,005,37829,5799,5787,71,5858,69
2021-12-09,Butte,007,227075,22047,21819,4062,25881,326
2021-12-09,Calaveras,009,45235,4517,4469,63,4532,89
2021-12-09,Colusa,011,21464,2638,2619,679,3298,21
2021-12-09,Contra Costa,013,1133247,103393,102618,2348,104966,1061
2021-12-09,Del Norte,015,27424,3804,3778,55,3833,42
2021-12-09,El Dorado,017,186661,17065,16796,1807,18603,170
2021-12-09,Fresno,019,978130,147583,145988,13241,159229,2294
2021-12-09,Glenn,021,27897,3615,3585,1051,4636,37
2021-12-09,Humboldt,023,135768,9855,9721,699,10420,118
2021-12-09,Imperial,025,180216,36172,35635,3751,39386,782
2021-12-09,Inyo,027,18085,2607,2576,39,2615,46
2021-12-09,Kern,029,883053,134047,132852,24143,156995,1854
2021-12-09,Kings,031,150075,33880,33530,2031,35561,371
2021-12-09,Lake,033,64148,6994,6932,160,7092,114
2021-12-09,Lassen,035,31185,7086,7049,424,7473,55
2021-12-09,Los Angeles,037,10098052,1487603,1474030,56031,1530061,27031
2021-12-09,Madera,039,155013,24628,24417,2325,26742,311
2021-12-09,Marin,041,260295,18537,18339,544,18883,249
2021-12-09,Mariposa,043,17540,1473,1450,61,1511,6
2021-12-09,Mendocino,045,87422,8255,8130,682,8812,95
2021-12-09,Merced,047,269075,43781,43690,2158,45848,681
2021-12-09,Modoc,049,8938,594,594,201,795,6
2021-12-09,Mono,051,14174,1949,1926,22,1948,4
2021-12-09,Monterey,053,433212,50401,49008,3302,52310,631
2021-12-09,Napa,055,140530,13519,13459,123,13582,107
2021-12-09,Nevada,057,99092,9984,9880,349,10229,106
2021-12-09,Orange,059,3164182,318359,315759,16271,332030,5805
2021-12-09,Placer,061,380077,39391,38959,3903,42862,481
2021-12-09,Plumas,063,18699,1991,1934,46,1980,12
2021-12-09,Riverside,065,2383286,380500,375649,16728,392377,5408
2021-12-09,Sacramento,067,1510023,166956,165530,5050,170580,2386
2021-12-09,San Benito,069,59416,7832,7808,182,7990,79
2021-12-09,San Bernardino,071,2135413,372037,368145,11845,379990,6007
2021-12-09,San Diego,073,3302833,394898,392274,23081,415355,4374
2021-12-09,San Francisco,075,870044,55741,54869,2442,57311,678
2021-12-09,San Joaquin,077,732212,103829,103013,5612,108625,1842
2021-12-09,San Luis Obispo,079,281455,31014,30567,1356,31923,362
2021-12-09,San Mateo,081,765935,56571,55284,992,56276,580
2021-12-09,Santa Barbara,083,443738,46695,46309,1621,47930,559
2021-12-09,Santa Clara,085,1922200,154434,152846,1669,154515,1941
2021-12-09,Santa Cruz,087,273765,21850,21557,1034,22591,225
2021-12-09,Shasta,089,179085,22799,22660,3714,26374,419
2021-12-09,Sierra,091,2930,201,199,21,220,0
2021-12-09,Siskiyou,093,43540,3477,3418,1358,4776,57
2021-12-09,Solano,095,438530,47590,46891,1352,48243,365
2021-12-09,Sonoma,097,501317,43696,43227,585,43812,407
2021-12-09,Stanislaus,099,539301,82043,82133,9286,91419,1264
2021-12-09,Sutter,101,95872,14367,14354,407,14761,187
2021-12-09,Tehama,103,63373,8865,8776,1536,10312,134
2021-12-09,Trinity,105,12862,910,819,220,1039,17
2021-12-09,Tulare,107,460477,71591,70523,16212,86735,1103
2021-12-09,Tuolumne,109,53932,7815,7760,115,7875,91
2021-12-09,Ventura,111,848112,101607,100711,4449,105160,1195
2021-12-09,Yolo,113,214977,20827,20608,1168,21776,267
2021-12-09,Yuba,115,75493,10601,10519,393,10912,92
2021-12-08,Alameda,001,1643700,124163,123438,2917,126355,1496
2021-12-08,Alpine,003,1148,106,108,0,108,0
2021-12-08,Amador,005,37829,5794,5781,71,5852,69
2021-12-08,Butte,007,227075,22030,21780,4059,25839,326
2021-12-08,Calaveras,009,45235,4509,4455,63,4518,89
2021-12-08,Colusa,011,21464,2635,2619,678,3297,21
2021-12-08,Contra Costa,013,1133247,103264,102506,2348,104854,1058
2021-12-08,Del Norte,015,27424,3803,3767,55,3822,42
2021-12-08,El Dorado,017,186661,17033,16757,1807,18564,170
2021-12-08,Fresno,019,978130,147423,145830,13227,159057,2293
2021-12-08,Glenn,021,27897,3615,3584,1048,4632,37
2021-12-08,Humboldt,023,135768,9834,9704,697,10401,117
2021-12-08,Imperial,025,180216,36091,35537,3721,39258,782
2021-12-08,Inyo,027,18085,2604,2570,39,2609,46
2021-12-08,Kern,029,883053,133925,132709,24095,156804,1846
2021-12-08,Kings,031,150075,33846,33468,2030,35498,371
2021-12-08,Lake,033,64148,6988,6927,159,7086,114
2021-12-08,Lassen,035,31185,7085,7041,422,7463,55
2021-12-08,Los Angeles,037,10098052,1486055,1472410,55921,1528331,27018
2021-12-08,Madera,039,155013,24607,24396,2318,26714,311
2021-12-08,Marin,041,260295,18516,18305,541,18846,249
2021-12-08,Mariposa,043,17540,1470,1447,61,1508,6
2021-12-08,Mendocino,045,87422,8242,8118,681,8799,95
2021-12-08,Merced,047,269075,43749,43631,2151,45782,680
2021-12-08,Modoc,049,8938,594,594,201,795,6
2021-12-08,Mono,051,14174,1943,1924,22,1946,4
2021-12-08,Monterey,053,433212,50336,48957,3287,52244,631
2021-12-08,Napa,055,140530,13505,13421,123,13544,107
2021-12-08,Nevada,057,99092,9968,9862,349,10211,106
2021-12-08,Orange,059,3164182,318011,315421,16234,331655,5795
2021-12-08,Placer,061,380077,39340,38934,3899,42833,478
2021-12-08,Plumas,063,18699,1989,1924,46,1970,12
2021-12-08,Riverside,065,2383286,379989,375099,16705,391804,5404
2021-12-08,Sacramento,067,1510023,166701,165278,5023,170301,2373
2021-12-08,San Benito,069,59416,7823,7793,182,7975,79
2021-12-08,San Bernardino,071,2135413,371555,367516,11821,379337,6006
2021-12-08,San Diego,073,3302833,394248,391676,23049,414725,4369
2021-12-08,San Francisco,075,870044,55654,54792,2434,57226,677
2021-12-08,San Joaquin,077,732212,103727,102877,5603,108480,1841
2021-12-08,San Luis Obispo,079,281455,30965,30519,1351,31870,361
2021-12-08,San Mateo,081,765935,56504,55220,986,56206,580
2021-12-08,Santa Barbara,083,443738,46640,46250,1618,47868,558
2021-12-08,Santa Clara,085,1922200,154269,152674,1658,154332,1937
2021-12-08,Santa Cruz,087,273765,21804,21505,1032,22537,224
2021-12-08,Shasta,089,179085,22779,22616,3708,26324,419
2021-12-08,Sierra,091,2930,201,199,21,220,0
2021-12-08,Siskiyou,093,43540,3476,3415,1356,4771,57
2021-12-08,Solano,095,438530,47560,46837,1351,48188,365
2021-12-08,Sonoma,097,501317,43634,43179,584,43763,405
2021-12-08,Stanislaus,099,539301,81962,82038,9273,91311,1264
2021-12-08,Sutter,101,95872,14351,14336,405,14741,187
2021-12-08,Tehama,103,63373,8856,8768,1536,10304,133
2021-12-08,Trinity,105,12862,910,818,220,1038,17
2021-12-08,Tulare,107,460477,71528,70472,16187,86659,1102
2021-12-08,Tuolumne,109,53932,7802,7749,115,7864,91
2021-12-08,Ventura,111,848112,101478,100647,4446,105093,1194
2021-12-08,Yolo,113,214977,20801,20575,1162,21737,267
2021-12-08,Yuba,115,75493,10587,10499,390,10889,92
2021-12-07,Alameda,001,1643700,123988,123325,2909,126234,1497
2021-12-07,Alpine,003,1148,106,108,0,108,0
2021-12-07,Amador,005,37829,5791,5778,70,5848,69
2021-12-07,Butte,007,227075,22005,21761,4053,25814,324
2021-12-07,Calaveras,009,45235,4492,4445,63,4508,88
2021-12-07,Colusa,011,21464,2633,2619,678,3297,21
2021-12-07,Contra Costa,013,1133247,103145,102421,2340,104761,1058
2021-12-07,Del Norte,015,27424,3802,3766,55,3821,42
2021-12-07,El Dorado,017,186661,17007,16742,1804,18546,170
2021-12-07,Fresno,019,978130,147275,145715,13213,158928,2289
2021-12-07,Glenn,021,27897,3614,3579,1048,4627,36
2021-12-07,Humboldt,023,135768,9808,9693,692,10385,117
2021-12-07,Imperial,025,180216,36013,35502,3700,39202,778
2021-12-07,Inyo,027,18085,2601,2567,39,2606,46
2021-12-07,Kern,029,883053,133765,132564,24042,156606,1838
2021-12-07,Kings,031,150075,33814,33441,2027,35468,372
2021-12-07,Lake,033,64148,6984,6925,159,7084,113
2021-12-07,Lassen,035,31185,7083,7040,421,7461,55
2021-12-07,Los Angeles,037,10098052,1484277,1470904,55821,1526725,27007
2021-12-07,Madera,039,155013,24584,24367,2311,26678,311
2021-12-07,Marin,041,260295,18483,18284,535,18819,249
2021-12-07,Mariposa,043,17540,1468,1446,61,1507,6
2021-12-07,Mendocino,045,87422,8223,8107,681,8788,95
2021-12-07,Merced,047,269075,43708,43600,2144,45744,675
2021-12-07,Modoc,049,8938,594,594,200,794,6
2021-12-07,Mono,051,14174,1941,1921,22,1943,4
2021-12-07,Monterey,053,433212,50252,48880,3270,52150,631
2021-12-07,Napa,055,140530,13486,13409,123,13532,107
2021-12-07,Nevada,057,99092,9953,9858,348,10206,105
2021-12-07,Orange,059,3164182,317677,315138,16185,331323,5784
2021-12-07,Placer,061,380077,39264,38860,3895,42755,474
2021-12-07,Plumas,063,18699,1985,1915,46,1961,12
2021-12-07,Riverside,065,2383286,379457,374552,16689,391241,5397
2021-12-07,Sacramento,067,1510023,166453,165148,5009,170157,2375
2021-12-07,San Benito,069,59416,7806,7776,182,7958,78
2021-12-07,San Bernardino,071,2135413,370962,366981,11803,378784,6007
2021-12-07,San Diego,073,3302833,393405,391110,23011,414121,4357
2021-12-07,San Francisco,075,870044,55542,54729,2429,57158,676
2021-12-07,San Joaquin,077,732212,103610,102797,5591,108388,1839
2021-12-07,San Luis Obispo,079,281455,30925,30495,1349,31844,361
2021-12-07,San Mateo,081,765935,56412,55163,980,56143,580
2021-12-07,Santa Barbara,083,443738,46568,46205,1616,47821,556
2021-12-07,Santa Clara,085,1922200,154082,152465,1649,154114,1941
2021-12-07,Santa Cruz,087,273765,21757,21493,1032,22525,224
2021-12-07,Shasta,089,179085,22757,22594,3705,26299,418
2021-12-07,Sierra,091,2930,201,199,21,220,0
2021-12-07,Siskiyou,093,43540,3474,3412,1356,4768,57
2021-12-07,Solano,095,438530,47520,46812,1349,48161,365
2021-12-07,Sonoma,097,501317,43560,43154,583,43737,405
2021-12-07,Stanislaus,099,539301,81884,81980,9262,91242,1258
2021-12-07,Sutter,101,95872,14343,14322,404,14726,186
2021-12-07,Tehama,103,63373,8848,8765,1535,10300,133
2021-12-07,Trinity,105,12862,910,818,220,1038,17
2021-12-07,Tulare,107,460477,71473,70411,16160,86571,1103
2021-12-07,Tuolumne,109,53932,7794,7743,115,7858,91
2021-12-07,Ventura,111,848112,101381,100569,4436,105005,1194
2021-12-07,Yolo,113,214977,20775,20560,1159,21719,263
2021-12-07,Yuba,115,75493,10569,10491,389,10880,91
2021-12-06,Alameda,001,1643700,123822,123227,2905,126132,1496
2021-12-06,Alpine,003,1148,106,108,0,108,0
2021-12-06,Amador,005,37829,5784,5769,69,5838,67
2021-12-06,Butte,007,227075,21987,21732,4050,25782,321
2021-12-06,Calaveras,009,45235,4485,4443,63,4506,88
2021-12-06,Colusa,011,21464,2632,2615,674,3289,21
2021-12-06,Contra Costa,013,1133247,103025,102327,2336,104663,1058
2021-12-06,Del Norte,015,27424,3800,3744,55,3799,42
2021-12-06,El Dorado,017,186661,16982,16726,1802,18528,168
2021-12-06,Fresno,019,978130,147078,145539,13202,158741,2285
2021-12-06,Glenn,021,27897,3611,3577,1047,4624,36
2021-12-06,Humboldt,023,135768,9788,9671,685,10356,117
2021-12-06,Imperial,025,180216,35932,35453,3682,39135,778
2021-12-06,Inyo,027,18085,2595,2562,38,2600,46
2021-12-06,Kern,029,883053,133577,132366,23986,156352,1835
2021-12-06,Kings,031,150075,33781,33399,2022,35421,368
2021-12-06,Lake,033,64148,6980,6922,159,7081,113
2021-12-06,Lassen,035,31185,7078,7032,419,7451,51
2021-12-06,Los Angeles,037,10098052,1482613,1470059,55729,1525788,26993
2021-12-06,Madera,039,155013,24557,24334,2308,26642,307
2021-12-06,Marin,041,260295,18455,18252,533,18785,249
2021-12-06,Mariposa,043,17540,1465,1443,61,1504,6
2021-12-06,Mendocino,045,87422,8210,8079,677,8756,95
2021-12-06,Merced,047,269075,43668,43549,2134,45683,672
2021-12-06,Modoc,049,8938,594,593,200,793,6
2021-12-06,Mono,051,14174,1936,1913,22,1935,4
2021-12-06,Monterey,053,433212,50176,48831,3251,52082,626
2021-12-06,Napa,055,140530,13463,13387,121,13508,107
2021-12-06,Nevada,057,99092,9925,9847,347,10194,105
2021-12-06,Orange,059,3164182,317297,314859,16142,331001,5771
2021-12-06,Placer,061,380077,39206,38785,3890,42675,473
2021-12-06,Plumas,063,18699,1977,1913,46,1959,10
2021-12-06,Riverside,065,2383286,378932,374116,16675,390791,5388
2021-12-06,Sacramento,067,1510023,166177,164926,4988,169914,2367
2021-12-06,San Benito,069,59416,7790,7755,182,7937,78
2021-12-06,San Bernardino,071,2135413,370402,366606,11776,378382,5998
2021-12-06,San Diego,073,3302833,392558,390389,22966,413355,4352
2021-12-06,San Francisco,075,870044,55434,54659,2424,57083,674
2021-12-06,San Joaquin,077,732212,103482,102728,5584,108312,1837
2021-12-06,San Luis Obispo,079,281455,30888,30464,1347,31811,361
2021-12-06,San Mateo,081,765935,56338,55112,977,56089,580
2021-12-06,Santa Barbara,083,443738,46475,46146,1615,47761,556
2021-12-06,Santa Clara,085,1922200,153873,152310,1632,153942,1937
2021-12-06,Santa Cruz,087,273765,21722,21450,1029,22479,224
2021-12-06,Shasta,089,179085,22734,22556,3697,26253,416
2021-12-06,Sierra,091,2930,200,198,21,219,0
2021-12-06,Siskiyou,093,43540,3472,3409,1351,4760,57
2021-12-06,Solano,095,438530,47475,46748,1348,48096,360
2021-12-06,Sonoma,097,501317,43489,43114,575,43689,405
2021-12-06,Stanislaus,099,539301,81787,81889,9228,91117,1241
2021-12-06,Sutter,101,95872,14331,14319,404,14723,186
2021-12-06,Tehama,103,63373,8840,8760,1535,10295,133
2021-12-06,Trinity,105,12862,910,815,219,1034,17
2021-12-06,Tulare,107,460477,71396,70285,16120,86405,1101
2021-12-06,Tuolumne,109,53932,7780,7726,115,7841,91
2021-12-06,Ventura,111,848112,101280,100426,4428,104854,1194
2021-12-06,Yolo,113,214977,20751,20548,1158,21706,263
2021-12-06,Yuba,115,75493,10554,10480,384,10864,91
2021-12-05,Alameda,001,1643700,123636,123104,2898,126002,1496
2021-12-05,Alpine,003,1148,105,108,0,108,0
2021-12-05,Amador,005,37829,5781,5761,69,5830,67
2021-12-05,Butte,007,227075,21953,21720,4044,25764,320
2021-12-05,Calaveras,009,45235,4469,4434,63,4497,88
2021-12-05,Colusa,011,21464,2631,2615,673,3288,21
2021-12-05,Contra Costa,013,1133247,102893,102251,2326,104577,1058
2021-12-05,Del Norte,015,27424,3798,3751,55,3806,42
2021-12-05,El Dorado,017,186661,16944,16717,1797,18514,168
2021-12-05,Fresno,019,978130,146904,145452,13181,158633,2284
2021-12-05,Glenn,021,27897,3609,3577,1046,4623,36
2021-12-05,Humboldt,023,135768,9757,9662,682,10344,117
2021-12-05,Imperial,025,180216,35838,35422,3653,39075,778
2021-12-05,Inyo,027,18085,2588,2559,38,2597,46
2021-12-05,Kern,029,883053,133413,132286,23934,156220,1833
2021-12-05,Kings,031,150075,33718,33360,2022,35382,369
2021-12-05,Lake,033,64148,6975,6919,158,7077,113
2021-12-05,Lassen,035,31185,7076,7031,419,7450,51
2021-12-05,Los Angeles,037,10098052,1480761,1468937,55595,1524532,26991
2021-12-05,Madera,039,155013,24516,24311,2305,26616,307
2021-12-05,Marin,041,260295,18408,18216,525,18741,249
2021-12-05,Mariposa,043,17540,1462,1440,60,1500,6
2021-12-05,Mendocino,045,87422,8191,8069,671,8740,95
2021-12-05,Merced,047,269075,43624,43534,2125,45659,672
2021-12-05,Modoc,049,8938,594,593,200,793,6
2021-12-05,Mono,051,14174,1929,1907,22,1929,4
2021-12-05,Monterey,053,433212,50104,48813,3219,52032,626
2021-12-05,Napa,055,140530,13437,13382,118,13500,107
2021-12-05,Nevada,057,99092,9904,9827,346,10173,105
2021-12-05,Orange,059,3164182,316861,314560,16099,330659,5771
2021-12-05,Placer,061,380077,39148,38738,3881,42619,473
2021-12-05,Plumas,063,18699,1973,1913,45,1958,9
2021-12-05,Riverside,065,2383286,378273,373827,16645,390472,5388
2021-12-05,Sacramento,067,1510023,165873,164721,4970,169691,2367
2021-12-05,San Benito,069,59416,7773,7748,181,7929,78
2021-12-05,San Bernardino,071,2135413,369694,366282,11729,378011,5998
2021-12-05,San Diego,073,3302833,391761,387979,22917,410896,4351
2021-12-05,San Francisco,075,870044,55332,54603,2422,57025,674
2021-12-05,San Joaquin,077,732212,103341,102698,5579,108277,1837
2021-12-05,San Luis Obispo,079,281455,30818,30454,1344,31798,360
2021-12-05,San Mateo,081,765935,56249,55050,967,56017,580
2021-12-05,Santa Barbara,083,443738,46392,46097,1607,47704,555
2021-12-05,Santa Clara,085,1922200,153619,152114,1614,153728,1933
2021-12-05,Santa Cruz,087,273765,21672,21424,1029,22453,224
2021-12-05,Shasta,089,179085,22678,22550,3696,26246,416
2021-12-05,Sierra,091,2930,200,198,21,219,0
2021-12-05,Siskiyou,093,43540,3470,3409,1350,4759,57
2021-12-05,Solano,095,438530,47412,46715,1346,48061,360
2021-12-05,Sonoma,097,501317,43412,43038,570,43608,405
2021-12-05,Stanislaus,099,539301,81649,81847,9218,91065,1241
2021-12-05,Sutter,101,95872,14308,14303,399,14702,186
2021-12-05,Tehama,103,63373,8832,8755,1533,10288,133
2021-12-05,Trinity,105,12862,909,815,219,1034,17
2021-12-05,Tulare,107,460477,71315,70254,16072,86326,1102
2021-12-05,Tuolumne,109,53932,7767,7718,115,7833,91
2021-12-05,Ventura,111,848112,101144,100367,4415,104782,1194
2021-12-05,Yolo,113,214977,20709,20512,1156,21668,263
2021-12-05,Yuba,115,75493,10541,10467,377,10844,91
2021-12-04,Alameda,001,1643700,123523,122508,2895,125403,1494
2021-12-04,Alpine,003,1148,105,108,0,108,0
2021-12-04,Amador,005,37829,5778,5729,69,5798,67
2021-12-04,Butte,007,227075,21934,21638,4040,25678,318
2021-12-04,Calaveras,009,45235,4461,4392,62,4454,88
2021-12-04,Colusa,011,21464,2631,2600,671,3271,21
2021-12-04,Contra Costa,013,1133247,102821,101824,2320,104144,1056
2021-12-04,Del Norte,015,27424,3795,3726,55,3781,42
2021-12-04,El Dorado,017,186661,16935,16621,1796,18417,168
2021-12-04,Fresno,019,978130,146815,144734,13172,157906,2270
2021-12-04,Glenn,021,27897,3609,3559,1046,4605,36
2021-12-04,Humboldt,023,135768,9742,9596,678,10274,117
2021-12-04,Imperial,025,180216,35785,35206,3640,38846,776
2021-12-04,Inyo,027,18085,2583,2538,38,2576,46
2021-12-04,Kern,029,883053,133333,131771,23911,155682,1817
2021-12-04,Kings,031,150075,33694,33183,2021,35204,367
2021-12-04,Lake,033,64148,6966,6903,158,7061,113
2021-12-04,Lassen,035,31185,7075,7014,417,7431,51
2021-12-04,Los Angeles,037,10098052,1479883,1463270,55519,1518789,26952
2021-12-04,Madera,039,155013,24502,24188,2301,26489,307
2021-12-04,Marin,041,260295,18387,18075,524,18599,249
2021-12-04,Mariposa,043,17540,1458,1421,60,1481,6
2021-12-04,Mendocino,045,87422,8186,7981,671,8652,91
2021-12-04,Merced,047,269075,43597,43337,2123,45460,671
2021-12-04,Modoc,049,8938,594,591,200,791,6
2021-12-04,Mono,051,14174,1929,1883,22,1905,4
2021-12-04,Monterey,053,433212,50072,48682,3212,51894,626
2021-12-04,Napa,055,140530,13427,13327,117,13444,106
2021-12-04,Nevada,057,99092,9896,9752,346,10098,105
2021-12-04,Orange,059,3164182,316629,313112,16073,329185,5748
2021-12-04,Placer,061,380077,39108,38460,3875,42335,473
2021-12-04,Plumas,063,18699,1970,1903,45,1948,7
2021-12-04,Riverside,065,2383286,377914,371768,16639,388407,5381
2021-12-04,Sacramento,067,1510023,165730,163900,4962,168862,2365
2021-12-04,San Benito,069,59416,7747,7688,181,7869,78
2021-12-04,San Bernardino,071,2135413,369305,364154,11716,375870,5983
2021-12-04,San Diego,073,3302833,391281,386710,22887,409597,4350
2021-12-04,San Francisco,075,870044,55264,54286,2419,56705,674
2021-12-04,San Joaquin,077,732212,103286,102286,5577,107863,1835
2021-12-04,San Luis Obispo,079,281455,30797,30318,1340,31658,360
2021-12-04,San Mateo,081,765935,56200,54774,964,55738,579
2021-12-04,Santa Barbara,083,443738,46347,45774,1607,47381,555
2021-12-04,Santa Clara,085,1922200,153465,151275,1600,152875,1928
2021-12-04,Santa Cruz,087,273765,21646,21286,1028,22314,224
2021-12-04,Shasta,089,179085,22661,22418,3694,26112,414
2021-12-04,Sierra,091,2930,200,196,21,217,0
2021-12-04,Siskiyou,093,43540,3468,3398,1350,4748,57
2021-12-04,Solano,095,438530,47392,46529,1345,47874,360
2021-12-04,Sonoma,097,501317,43367,42778,567,43345,405
2021-12-04,Stanislaus,099,539301,81577,81462,9211,90673,1231
2021-12-04,Sutter,101,95872,14300,14258,398,14656,186
2021-12-04,Tehama,103,63373,8830,8742,1533,10275,131
2021-12-04,Trinity,105,12862,908,801,219,1020,17
2021-12-04,Tulare,107,460477,71277,70014,16044,86058,1100
2021-12-04,Tuolumne,109,53932,7762,7676,115,7791,91
2021-12-04,Ventura,111,848112,101053,99751,4411,104162,1192
2021-12-04,Yolo,113,214977,20686,20442,1154,21596,261
2021-12-04,Yuba,115,75493,10530,10418,376,10794,91
2021-12-03,Alameda,001,1643700,123430,122508,2885,125393,1494
2021-12-03,Alpine,003,1148,105,108,0,108,0
2021-12-03,Amador,005,37829,5773,5729,68,5797,67
2021-12-03,Butte,007,227075,21921,21638,4035,25673,318
2021-12-03,Calaveras,009,45235,4452,4392,62,4454,88
2021-12-03,Colusa,011,21464,2629,2600,671,3271,21
2021-12-03,Contra Costa,013,1133247,102748,101824,2314,104138,1056
2021-12-03,Del Norte,015,27424,3793,3726,55,3781,42
2021-12-03,El Dorado,017,186661,16905,16621,1794,18415,168
2021-12-03,Fresno,019,978130,146701,144734,13169,157903,2270
2021-12-03,Glenn,021,27897,3608,3559,1045,4604,36
2021-12-03,Humboldt,023,135768,9725,9596,676,10272,117
2021-12-03,Imperial,025,180216,35743,35206,3610,38816,776
2021-12-03,Inyo,027,18085,2576,2538,38,2576,46
2021-12-03,Kern,029,883053,133261,131771,23876,155647,1817
2021-12-03,Kings,031,150075,33667,33183,2021,35204,367
2021-12-03,Lake,033,64148,6966,6903,158,7061,113
2021-12-03,Lassen,035,31185,7073,7014,416,7430,51
2021-12-03,Los Angeles,037,10098052,1478935,1463270,55444,1518714,26952
2021-12-03,Madera,039,155013,24476,24188,2297,26485,307
2021-12-03,Marin,041,260295,18354,18075,520,18595,249
2021-12-03,Mariposa,043,17540,1456,1421,60,1481,6
2021-12-03,Mendocino,045,87422,8179,7981,671,8652,91
2021-12-03,Merced,047,269075,43574,43337,2120,45457,671
2021-12-03,Modoc,049,8938,594,591,200,791,6
2021-12-03,Mono,051,14174,1923,1883,22,1905,4
2021-12-03,Monterey,053,433212,50033,48682,3201,51883,626
2021-12-03,Napa,055,140530,13415,13327,117,13444,106
2021-12-03,Nevada,057,99092,9885,9752,346,10098,105
2021-12-03,Orange,059,3164182,316360,313112,16042,329154,5748
2021-12-03,Placer,061,380077,39071,38460,3868,42328,473
2021-12-03,Plumas,063,18699,1967,1903,45,1948,7
2021-12-03,Riverside,065,2383286,377522,371768,16633,388401,5381
2021-12-03,Sacramento,067,1510023,165549,163900,4948,168848,2365
2021-12-03,San Benito,069,59416,7740,7688,181,7869,78
2021-12-03,San Bernardino,071,2135413,368856,364154,11705,375859,5983
2021-12-03,San Diego,073,3302833,390805,386710,22863,409573,4350
2021-12-03,San Francisco,075,870044,55194,54286,2415,56701,674
2021-12-03,San Joaquin,077,732212,103230,102286,5576,107862,1835
2021-12-03,San Luis Obispo,079,281455,30771,30318,1337,31655,360
2021-12-03,San Mateo,081,765935,56135,54774,961,55735,579
2021-12-03,Santa Barbara,083,443738,46311,45774,1607,47381,555
2021-12-03,Santa Clara,085,1922200,153283,151275,1585,152860,1928
2021-12-03,Santa Cruz,087,273765,21619,21286,1028,22314,224
2021-12-03,Shasta,089,179085,22646,22418,3694,26112,414
2021-12-03,Sierra,091,2930,200,196,21,217,0
2021-12-03,Siskiyou,093,43540,3465,3398,1348,4746,57
2021-12-03,Solano,095,438530,47350,46529,1344,47873,360
2021-12-03,Sonoma,097,501317,43331,42778,565,43343,405
2021-12-03,Stanislaus,099,539301,81520,81462,9202,90664,1231
2021-12-03,Sutter,101,95872,14287,14258,396,14654,186
2021-12-03,Tehama,103,63373,8829,8742,1532,10274,131
2021-12-03,Trinity,105,12862,908,801,219,1020,17
2021-12-03,Tulare,107,460477,71238,70014,16013,86027,1100
2021-12-03,Tuolumne,109,53932,7753,7676,115,7791,91
2021-12-03,Ventura,111,848112,100967,99751,4404,104155,1192
2021-12-03,Yolo,113,214977,20669,20442,1153,21595,261
2021-12-03,Yuba,115,75493,10522,10418,376,10794,91
2021-12-02,Alameda,001,1643700,123273,122508,2878,125386,1494
2021-12-02,Alpine,003,1148,105,108,0,108,0
2021-12-02,Amador,005,37829,5768,5729,67,5796,67
2021-12-02,Butte,007,227075,21896,21638,4030,25668,318
2021-12-02,Calaveras,009,45235,4442,4392,61,4453,88
2021-12-02,Colusa,011,21464,2628,2600,671,3271,21
2021-12-02,Contra Costa,013,1133247,102634,101824,2310,104134,1056
2021-12-02,Del Norte,015,27424,3785,3726,55,3781,42
2021-12-02,El Dorado,017,186661,16884,16621,1792,18413,168
2021-12-02,Fresno,019,978130,146531,144734,13155,157889,2270
2021-12-02,Glenn,021,27897,3608,3559,1042,4601,36
2021-12-02,Humboldt,023,135768,9706,9596,675,10271,117
2021-12-02,Imperial,025,180216,35675,35206,3588,38794,776
2021-12-02,Inyo,027,18085,2571,2538,38,2576,46
2021-12-02,Kern,029,883053,133091,131771,23824,155595,1817
2021-12-02,Kings,031,150075,33614,33183,2019,35202,367
2021-12-02,Lake,033,64148,6962,6903,158,7061,113
2021-12-02,Lassen,035,31185,7069,7014,416,7430,51
2021-12-02,Los Angeles,037,10098052,1477413,1463270,55357,1518627,26952
2021-12-02,Madera,039,155013,24439,24188,2288,26476,307
2021-12-02,Marin,041,260295,18323,18075,516,18591,249
2021-12-02,Mariposa,043,17540,1453,1421,60,1481,6
2021-12-02,Mendocino,045,87422,8163,7981,670,8651,91
2021-12-02,Merced,047,269075,43528,43337,2115,45452,671
2021-12-02,Modoc,049,8938,593,591,200,791,6
2021-12-02,Mono,051,14174,1917,1883,22,1905,4
2021-12-02,Monterey,053,433212,49958,48682,3179,51861,626
2021-12-02,Napa,055,140530,13402,13327,117,13444,106
2021-12-02,Nevada,057,99092,9867,9752,345,10097,105
2021-12-02,Orange,059,3164182,316016,313112,16005,329117,5748
2021-12-02,Placer,061,380077,39005,38460,3863,42323,473
2021-12-02,Plumas,063,18699,1964,1903,45,1948,7
2021-12-02,Riverside,065,2383286,376994,371768,16623,388391,5381
2021-12-02,Sacramento,067,1510023,165322,163900,4938,168838,2365
2021-12-02,San Benito,069,59416,7720,7688,181,7869,78
2021-12-02,San Bernardino,071,2135413,368302,364154,11685,375839,5983
2021-12-02,San Diego,073,3302833,390164,386710,22808,409518,4350
2021-12-02,San Francisco,075,870044,55099,54286,2410,56696,674
2021-12-02,San Joaquin,077,732212,103116,102286,5571,107857,1835
2021-12-02,San Luis Obispo,079,281455,30737,30318,1330,31648,360
2021-12-02,San Mateo,081,765935,56054,54774,953,55727,579
2021-12-02,Santa Barbara,083,443738,46230,45774,1604,47378,555
2021-12-02,Santa Clara,085,1922200,153037,151275,1568,152843,1928
2021-12-02,Santa Cruz,087,273765,21568,21286,1027,22313,224
2021-12-02,Shasta,089,179085,22613,22418,3693,26111,414
2021-12-02,Sierra,091,2930,200,196,21,217,0
2021-12-02,Siskiyou,093,43540,3464,3398,1341,4739,57
2021-12-02,Solano,095,438530,47300,46529,1342,47871,360
2021-12-02,Sonoma,097,501317,43257,42778,565,43343,405
2021-12-02,Stanislaus,099,539301,81425,81462,9194,90656,1231
2021-12-02,Sutter,101,95872,14274,14258,393,14651,186
2021-12-02,Tehama,103,63373,8822,8742,1530,10272,131
2021-12-02,Trinity,105,12862,908,801,219,1020,17
2021-12-02,Tulare,107,460477,71151,70014,15963,85977,1100
2021-12-02,Tuolumne,109,53932,7738,7676,114,7790,91
2021-12-02,Ventura,111,848112,100842,99751,4402,104153,1192
2021-12-02,Yolo,113,214977,20645,20442,1149,21591,261
2021-12-02,Yuba,115,75493,10506,10418,373,10791,91
2021-12-01,Alameda,001,1643700,123122,122298,2869,125167,1492
2021-12-01,Alpine,003,1148,105,108,0,108,0
2021-12-01,Amador,005,37829,5761,5723,67,5790,67
2021-12-01,Butte,007,227075,21878,21600,4025,25625,318
2021-12-01,Calaveras,009,45235,4437,4371,61,4432,88
2021-12-01,Colusa,011,21464,2621,2595,669,3264,20
2021-12-01,Contra Costa,013,1133247,102526,101651,2300,103951,1048
2021-12-01,Del Norte,015,27424,3783,3722,55,3777,42
2021-12-01,El Dorado,017,186661,16863,16575,1790,18365,166
2021-12-01,Fresno,019,978130,146324,144507,13146,157653,2264
2021-12-01,Glenn,021,27897,3602,3556,1041,4597,36
2021-12-01,Humboldt,023,135768,9682,9573,670,10243,117
2021-12-01,Imperial,025,180216,35595,35085,3561,38646,776
2021-12-01,Inyo,027,18085,2567,2533,38,2571,46
2021-12-01,Kern,029,883053,132944,131580,23769,155349,1804
2021-12-01,Kings,031,150075,33564,33112,2018,35130,364
2021-12-01,Lake,033,64148,6954,6896,157,7053,112
2021-12-01,Lassen,035,31185,7064,7008,414,7422,51
2021-12-01,Los Angeles,037,10098052,1475818,1461394,55263,1516657,26928
2021-12-01,Madera,039,155013,24408,24134,2279,26413,307
2021-12-01,Marin,041,260295,18285,18038,510,18548,249
2021-12-01,Mariposa,043,17540,1449,1415,60,1475,6
2021-12-01,Mendocino,045,87422,8149,7966,665,8631,90
2021-12-01,Merced,047,269075,43473,43259,2094,45353,670
2021-12-01,Modoc,049,8938,593,576,200,776,5
2021-12-01,Mono,051,14174,1912,1876,22,1898,4
2021-12-01,Monterey,053,433212,49909,48611,3170,51781,626
2021-12-01,Napa,055,140530,13385,13319,114,13433,107
2021-12-01,Nevada,057,99092,9854,9706,345,10051,105
2021-12-01,Orange,059,3164182,315649,312772,15969,328741,5735
2021-12-01,Placer,061,380077,38950,38373,3857,42230,472
2021-12-01,Plumas,063,18699,1960,1893,45,1938,7
2021-12-01,Riverside,065,2383286,376468,371189,16606,387795,5369
2021-12-01,Sacramento,067,1510023,165109,163616,4921,168537,2360
2021-12-01,San Benito,069,59416,7706,7669,181,7850,78
2021-12-01,San Bernardino,071,2135413,367709,363368,11659,375027,5973
2021-12-01,San Diego,073,3302833,389367,386056,22752,408808,4346
2021-12-01,San Francisco,075,870044,55017,54199,2403,56602,672
2021-12-01,San Joaquin,077,732212,103008,102109,5570,107679,1834
2021-12-01,San Luis Obispo,079,281455,30695,30238,1326,31564,360
2021-12-01,San Mateo,081,765935,55973,54711,950,55661,579
2021-12-01,Santa Barbara,083,443738,46160,45681,1602,47283,554
2021-12-01,Santa Clara,085,1922200,152815,150961,1550,152511,1925
2021-12-01,Santa Cruz,087,273765,21539,21191,1026,22217,224
2021-12-01,Shasta,089,179085,22582,22375,3687,26062,410
2021-12-01,Sierra,091,2930,200,195,21,216,0
2021-12-01,Siskiyou,093,43540,3461,3391,1341,4732,55
2021-12-01,Solano,095,438530,47255,46485,1342,47827,360
2021-12-01,Sonoma,097,501317,43181,42713,564,43277,405
2021-12-01,Stanislaus,099,539301,81328,81330,9181,90511,1231
2021-12-01,Sutter,101,95872,14259,14229,392,14621,186
2021-12-01,Tehama,103,63373,8812,8728,1530,10258,130
2021-12-01,Trinity,105,12862,903,801,219,1020,17
2021-12-01,Tulare,107,460477,71076,69953,15923,85876,1098
2021-12-01,Tuolumne,109,53932,7730,7655,114,7769,91
2021-12-01,Ventura,111,848112,100736,99680,4391,104071,1191
2021-12-01,Yolo,113,214977,20617,20393,1149,21542,260
2021-12-01,Yuba,115,75493,10495,10401,373,10774,89
2021-11-30,Alameda,001,1643700,122951,122196,2861,125057,1489
2021-11-30,Alpine,003,1148,105,108,0,108,0
2021-11-30,Amador,005,37829,5753,5716,67,5783,66
2021-11-30,Butte,007,227075,21849,21565,4014,25579,318
2021-11-30,Calaveras,009,45235,4419,4360,61,4421,88
2021-11-30,Colusa,011,21464,2620,2592,669,3261,21
2021-11-30,Contra Costa,013,1133247,102392,101538,2293,103831,1046
2021-11-30,Del Norte,015,27424,3777,3718,55,3773,42
2021-11-30,El Dorado,017,186661,16835,16558,1784,18342,166
2021-11-30,Fresno,019,978130,146124,144384,13136,157520,2259
2021-11-30,Glenn,021,27897,3597,3555,1040,4595,36
2021-11-30,Humboldt,023,135768,9651,9539,664,10203,116
2021-11-30,Imperial,025,180216,35487,34999,3534,38533,773
2021-11-30,Inyo,027,18085,2558,2530,38,2568,46
2021-11-30,Kern,029,883053,132777,131451,23713,155164,1799
2021-11-30,Kings,031,150075,33512,33074,2014,35088,362
2021-11-30,Lake,033,64148,6948,6892,155,7047,110
2021-11-30,Lassen,035,31185,7060,7003,413,7416,51
2021-11-30,Los Angeles,037,10098052,1474016,1460177,55162,1515339,26913
2021-11-30,Madera,039,155013,24374,24108,2274,26382,307
2021-11-30,Marin,041,260295,18241,18010,508,18518,249
2021-11-30,Mariposa,043,17540,1443,1412,60,1472,6
2021-11-30,Mendocino,045,87422,8120,7960,659,8619,89
2021-11-30,Merced,047,269075,43405,43200,2086,45286,668
2021-11-30,Modoc,049,8938,592,576,200,776,5
2021-11-30,Mono,051,14174,1909,1873,22,1895,4
2021-11-30,Monterey,053,433212,49846,48581,3160,51741,626
2021-11-30,Napa,055,140530,13365,13308,114,13422,105
2021-11-30,Nevada,057,99092,9838,9699,344,10043,105
2021-11-30,Orange,059,3164182,315228,312451,15927,328378,5724
2021-11-30,Placer,061,380077,38847,38324,3849,42173,470
2021-11-30,Plumas,063,18699,1955,1887,44,1931,7
2021-11-30,Riverside,065,2383286,375784,370739,16581,387320,5358
2021-11-30,Sacramento,067,1510023,164827,163420,4898,168318,2353
2021-11-30,San Benito,069,59416,7684,7645,180,7825,78
2021-11-30,San Bernardino,071,2135413,367023,363006,11636,374642,5967
2021-11-30,San Diego,073,3302833,388438,385405,22705,408110,4340
2021-11-30,San Francisco,075,870044,54911,54147,2394,56541,672
2021-11-30,San Joaquin,077,732212,102882,101972,5562,107534,1834
2021-11-30,San Luis Obispo,079,281455,30670,30200,1324,31524,360
2021-11-30,San Mateo,081,765935,55868,54656,940,55596,579
2021-11-30,Santa Barbara,083,443738,46064,45628,1596,47224,553
2021-11-30,Santa Clara,085,1922200,152556,150799,1533,152332,1929
2021-11-30,Santa Cruz,087,273765,21480,21169,1022,22191,224
2021-11-30,Shasta,089,179085,22552,22347,3684,26031,401
2021-11-30,Sierra,091,2930,197,195,21,216,0
2021-11-30,Siskiyou,093,43540,3457,3385,1338,4723,55
2021-11-30,Solano,095,438530,47192,46434,1336,47770,358
2021-11-30,Sonoma,097,501317,43102,42663,561,43224,405
2021-11-30,Stanislaus,099,539301,81224,81276,9153,90429,1227
2021-11-30,Sutter,101,95872,14248,14210,389,14599,186
2021-11-30,Tehama,103,63373,8805,8727,1529,10256,130
2021-11-30,Trinity,105,12862,902,799,219,1018,17
2021-11-30,Tulare,107,460477,70989,69900,15877,85777,1099
2021-11-30,Tuolumne,109,53932,7715,7643,114,7757,91
2021-11-30,Ventura,111,848112,100582,99601,4380,103981,1191
2021-11-30,Yolo,113,214977,20575,20376,1143,21519,260
2021-11-30,Yuba,115,75493,10476,10398,368,10766,89
2021-11-29,Alameda,001,1643700,122790,122136,2852,124988,1489
2021-11-29,Alpine,003,1148,105,108,0,108,0
2021-11-29,Amador,005,37829,5746,5706,67,5773,66
2021-11-29,Butte,007,227075,21819,21544,4006,25550,314
2021-11-29,Calaveras,009,45235,4403,4353,61,4414,88
2021-11-29,Colusa,011,21464,2618,2585,666,3251,20
2021-11-29,Contra Costa,013,1133247,102243,101441,2285,103726,1046
2021-11-29,Del Norte,015,27424,3774,3704,55,3759,42
2021-11-29,El Dorado,017,186661,16817,16534,1779,18313,166
2021-11-29,Fresno,019,978130,145917,144282,13113,157395,2254
2021-11-29,Glenn,021,27897,3594,3555,1039,4594,36
2021-11-29,Humboldt,023,135768,9634,9514,657,10171,115
2021-11-29,Imperial,025,180216,35422,34960,3513,38473,773
2021-11-29,Inyo,027,18085,2553,2529,38,2567,46
2021-11-29,Kern,029,883053,132593,131362,23672,155034,1789
2021-11-29,Kings,031,150075,33459,33059,2010,35069,363
2021-11-29,Lake,033,64148,6936,6889,155,7044,110
2021-11-29,Lassen,035,31185,7057,7003,411,7414,51
2021-11-29,Los Angeles,037,10098052,1472167,1459446,55077,1514523,26889
2021-11-29,Madera,039,155013,24338,24069,2266,26335,307
2021-11-29,Marin,041,260295,18194,17980,503,18483,249
2021-11-29,Mariposa,043,17540,1435,1409,60,1469,6
2021-11-29,Mendocino,045,87422,8103,7954,655,8609,89
2021-11-29,Merced,047,269075,43332,43167,2078,45245,667
2021-11-29,Modoc,049,8938,591,569,200,769,5
2021-11-29,Mono,051,14174,1892,1859,22,1881,4
2021-11-29,Monterey,053,433212,49785,48548,3144,51692,626
2021-11-29,Napa,055,140530,13355,13304,114,13418,104
2021-11-29,Nevada,057,99092,9824,9689,344,10033,105
2021-11-29,Orange,059,3164182,314825,312203,15881,328084,5709
2021-11-29,Placer,061,380077,38782,38261,3844,42105,470
2021-11-29,Plumas,063,18699,1952,1884,44,1928,7
2021-11-29,Riverside,065,2383286,375246,370334,16570,386904,5358
2021-11-29,Sacramento,067,1510023,164578,163282,4866,168148,2342
2021-11-29,San Benito,069,59416,7664,7631,179,7810,77
2021-11-29,San Bernardino,071,2135413,366419,362694,11602,374296,5962
2021-11-29,San Diego,073,3302833,387550,384853,22671,407524,4335
2021-11-29,San Francisco,075,870044,54812,54125,2390,56515,669
2021-11-29,San Joaquin,077,732212,102743,101927,5555,107482,1834
2021-11-29,San Luis Obispo,079,281455,30636,30165,1320,31485,359
2021-11-29,San Mateo,081,765935,55765,54622,936,55558,579
2021-11-29,Santa Barbara,083,443738,45967,45576,1592,47168,549
2021-11-29,Santa Clara,085,1922200,152278,150620,1527,152147,1925
2021-11-29,Santa Cruz,087,273765,21442,21149,1021,22170,224
2021-11-29,Shasta,089,179085,22517,22315,3680,25995,399
2021-11-29,Sierra,091,2930,197,195,21,216,0
2021-11-29,Siskiyou,093,43540,3454,3374,1331,4705,55
2021-11-29,Solano,095,438530,47140,46412,1334,47746,357
2021-11-29,Sonoma,097,501317,43025,42624,558,43182,405
2021-11-29,Stanislaus,099,539301,81142,81227,9135,90362,1223
2021-11-29,Sutter,101,95872,14232,14204,386,14590,186
2021-11-29,Tehama,103,63373,8800,8720,1524,10244,130
2021-11-29,Trinity,105,12862,897,798,219,1017,17
2021-11-29,Tulare,107,460477,70909,69850,15843,85693,1096
2021-11-29,Tuolumne,109,53932,7702,7627,114,7741,90
2021-11-29,Ventura,111,848112,100462,99520,4371,103891,1190
2021-11-29,Yolo,113,214977,20530,20344,1141,21485,257
2021-11-29,Yuba,115,75493,10459,10395,367,10762,89
2021-11-28,Alameda,001,1643700,122571,122082,2846,124928,1491
2021-11-28,Alpine,003,1148,105,108,0,108,0
2021-11-28,Amador,005,37829,5736,5703,67,5770,66
2021-11-28,Butte,007,227075,21778,21530,4003,25533,313
2021-11-28,Calaveras,009,45235,4382,4350,61,4411,88
2021-11-28,Colusa,011,21464,2614,2586,665,3251,19
2021-11-28,Contra Costa,013,1133247,102070,101355,2275,103630,1046
2021-11-28,Del Norte,015,27424,3769,3703,55,3758,42
2021-11-28,El Dorado,017,186661,16776,16527,1778,18305,166
2021-11-28,Fresno,019,978130,145671,144164,13086,157250,2252
2021-11-28,Glenn,021,27897,3591,3547,1037,4584,36
2021-11-28,Humboldt,023,135768,9602,9499,653,10152,115
2021-11-28,Imperial,025,180216,35314,34929,3489,38418,773
2021-11-28,Inyo,027,18085,2546,2531,38,2569,46
2021-11-28,Kern,029,883053,132386,131279,23615,154894,1789
2021-11-28,Kings,031,150075,33386,33057,2004,35061,364
2021-11-28,Lake,033,64148,6926,6885,154,7039,110
2021-11-28,Lassen,035,31185,7048,7002,407,7409,51
2021-11-28,Los Angeles,037,10098052,1469994,1458646,54991,1513637,26878
2021-11-28,Madera,039,155013,24290,24055,2259,26314,307
2021-11-28,Marin,041,260295,18146,17962,499,18461,249
2021-11-28,Mariposa,043,17540,1431,1406,60,1466,6
2021-11-28,Mendocino,045,87422,8073,7943,650,8593,89
2021-11-28,Merced,047,269075,43265,43166,2063,45229,667
2021-11-28,Modoc,049,8938,590,569,200,769,5
2021-11-28,Mono,051,14174,1886,1841,22,1863,4
2021-11-28,Monterey,053,433212,49720,48537,3125,51662,626
2021-11-28,Napa,055,140530,13342,13303,114,13417,104
2021-11-28,Nevada,057,99092,9798,9684,343,10027,105
2021-11-28,Orange,059,3164182,314440,312028,15839,327867,5693
2021-11-28,Placer,061,380077,38700,38240,3825,42065,470
2021-11-28,Plumas,063,18699,1946,1884,43,1927,7
2021-11-28,Riverside,065,2383286,374583,370051,16548,386599,5358
2021-11-28,Sacramento,067,1510023,164221,163170,4843,168013,2335
2021-11-28,San Benito,069,59416,7645,7623,178,7801,77
2021-11-28,San Bernardino,071,2135413,365677,362407,11574,373981,5958
2021-11-28,San Diego,073,3302833,386661,383025,22607,405632,4325
2021-11-28,San Francisco,075,870044,54736,54082,2385,56467,669
2021-11-28,San Joaquin,077,732212,102563,101895,5538,107433,1834
2021-11-28,San Luis Obispo,079,281455,30573,30152,1316,31468,358
2021-11-28,San Mateo,081,765935,55671,54567,932,55499,579
2021-11-28,Santa Barbara,083,443738,45888,45551,1581,47132,549
2021-11-28,Santa Clara,085,1922200,151977,150436,1512,151948,1920
2021-11-28,Santa Cruz,087,273765,21371,21110,1020,22130,224
2021-11-28,Shasta,089,179085,22478,22316,3678,25994,400
2021-11-28,Sierra,091,2930,197,195,21,216,0
2021-11-28,Siskiyou,093,43540,3448,3372,1327,4699,55
2021-11-28,Solano,095,438530,47078,46385,1333,47718,356
2021-11-28,Sonoma,097,501317,42939,42583,555,43138,405
2021-11-28,Stanislaus,099,539301,81017,81181,9113,90294,1223
2021-11-28,Sutter,101,95872,14210,14192,380,14572,186
2021-11-28,Tehama,103,63373,8792,8720,1520,10240,130
2021-11-28,Trinity,105,12862,896,797,219,1016,17
2021-11-28,Tulare,107,460477,70812,69833,15791,85624,1095
2021-11-28,Tuolumne,109,53932,7681,7620,114,7734,90
2021-11-28,Ventura,111,848112,100306,99486,4360,103846,1190
2021-11-28,Yolo,113,214977,20487,20333,1140,21473,257
2021-11-28,Yuba,115,75493,10441,10391,365,10756,89
2021-11-27,Alameda,001,1643700,122473,121618,2843,124461,1477
2021-11-27,Alpine,003,1148,105,106,0,106,0
2021-11-27,Amador,005,37829,5735,5670,67,5737,66
2021-11-27,Butte,007,227075,21755,21384,3998,25382,309
2021-11-27,Calaveras,009,45235,4376,4294,61,4355,85
2021-11-27,Colusa,011,21464,2613,2568,663,3231,19
2021-11-27,Contra Costa,013,1133247,101985,100961,2274,103235,1045
2021-11-27,Del Norte,015,27424,3762,3661,55,3716,42
2021-11-27,El Dorado,017,186661,16742,16399,1777,18176,161
2021-11-27,Fresno,019,978130,145559,143386,13080,156466,2246
2021-11-27,Glenn,021,27897,3587,3532,1036,4568,36
2021-11-27,Humboldt,023,135768,9574,9399,651,10050,115
2021-11-27,Imperial,025,180216,35232,34611,3473,38084,769
2021-11-27,Inyo,027,18085,2543,2506,38,2544,45
2021-11-27,Kern,029,883053,132301,130245,23586,153831,1773
2021-11-27,Kings,031,150075,33364,32891,2001,34892,358
2021-11-27,Lake,033,64148,6923,6836,153,6989,110
2021-11-27,Lassen,035,31185,7046,6959,406,7365,47
2021-11-27,Los Angeles,037,10098052,1468988,1454495,54923,1509418,26817
2021-11-27,Madera,039,155013,24269,23880,2254,26134,296
2021-11-27,Marin,041,260295,18107,17857,494,18351,248
2021-11-27,Mariposa,043,17540,1429,1374,60,1434,6
2021-11-27,Mendocino,045,87422,8054,7871,650,8521,89
2021-11-27,Merced,047,269075,43230,42921,2060,44981,664
2021-11-27,Modoc,049,8938,588,551,200,751,5
2021-11-27,Mono,051,14174,1884,1810,22,1832,4
2021-11-27,Monterey,053,433212,49687,48400,3111,51511,625
2021-11-27,Napa,055,140530,13328,13256,114,13370,104
2021-11-27,Nevada,057,99092,9776,9584,342,9926,103
2021-11-27,Orange,059,3164182,314189,310809,15802,326611,5665
2021-11-27,Placer,061,380077,38639,38001,3819,41820,468
2021-11-27,Plumas,063,18699,1942,1860,43,1903,7
2021-11-27,Riverside,065,2383286,374225,367601,16541,384142,5306
2021-11-27,Sacramento,067,1510023,164063,162328,4840,167168,2335
2021-11-27,San Benito,069,59416,7629,7575,178,7753,77
2021-11-27,San Bernardino,071,2135413,365242,360033,11565,371598,5932
2021-11-27,San Diego,073,3302833,386166,382634,22581,405215,4319
2021-11-27,San Francisco,075,870044,54685,53830,2382,56212,669
2021-11-27,San Joaquin,077,732212,102495,101368,5535,106903,1833
2021-11-27,San Luis Obispo,079,281455,30538,29983,1312,31295,358
2021-11-27,San Mateo,081,765935,55614,54360,929,55289,577
2021-11-27,Santa Barbara,083,443738,45834,45318,1579,46897,548
2021-11-27,Santa Clara,085,1922200,151770,149700,1505,151205,1922
2021-11-27,Santa Cruz,087,273765,21331,20929,1017,21946,222
2021-11-27,Shasta,089,179085,22455,22151,3677,25828,396
2021-11-27,Sierra,091,2930,196,194,21,215,0
2021-11-27,Siskiyou,093,43540,3445,3336,1325,4661,54
2021-11-27,Solano,095,438530,47042,46163,1330,47493,356
2021-11-27,Sonoma,097,501317,42876,42368,555,42923,405
2021-11-27,Stanislaus,099,539301,80948,80782,9096,89878,1220
2021-11-27,Sutter,101,95872,14202,14127,379,14506,181
2021-11-27,Tehama,103,63373,8790,8675,1519,10194,129
2021-11-27,Trinity,105,12862,896,789,219,1008,17
2021-11-27,Tulare,107,460477,70759,69377,15775,85152,1082
2021-11-27,Tuolumne,109,53932,7668,7574,114,7688,90
2021-11-27,Ventura,111,848112,100233,99163,4353,103516,1188
2021-11-27,Yolo,113,214977,20466,20237,1131,21368,257
2021-11-27,Yuba,115,75493,10430,10335,365,10700,88
2021-11-26,Alameda,001,1643700,122365,121618,2841,124459,1477
2021-11-26,Alpine,003,1148,105,106,0,106,0
2021-11-26,Amador,005,37829,5731,5670,67,5737,66
2021-11-26,Butte,007,227075,21732,21384,3993,25377,309
2021-11-26,Calaveras,009,45235,4367,4294,61,4355,85
2021-11-26,Colusa,011,21464,2611,2568,662,3230,19
2021-11-26,Contra Costa,013,1133247,101897,100961,2270,103231,1045
2021-11-26,Del Norte,015,27424,3759,3661,55,3716,42
2021-11-26,El Dorado,017,186661,16725,16399,1774,18173,161
2021-11-26,Fresno,019,978130,145426,143386,13070,156456,2246
2021-11-26,Glenn,021,27897,3584,3532,1036,4568,36
2021-11-26,Humboldt,023,135768,9555,9399,647,10046,115
2021-11-26,Imperial,025,180216,35175,34611,3460,38071,769
2021-11-26,Inyo,027,18085,2543,2506,38,2544,45
2021-11-26,Kern,029,883053,132218,130245,23542,153787,1773
2021-11-26,Kings,031,150075,33340,32891,1999,34890,358
2021-11-26,Lake,033,64148,6921,6836,153,6989,110
2021-11-26,Lassen,035,31185,7040,6959,406,7365,47
2021-11-26,Los Angeles,037,10098052,1468139,1454495,54862,1509357,26817
2021-11-26,Madera,039,155013,24242,23880,2252,26132,296
2021-11-26,Marin,041,260295,18078,17857,494,18351,248
2021-11-26,Mariposa,043,17540,1423,1374,59,1433,6
2021-11-26,Mendocino,045,87422,8044,7871,650,8521,89
2021-11-26,Merced,047,269075,43200,42921,2056,44977,664
2021-11-26,Modoc,049,8938,586,551,200,751,5
2021-11-26,Mono,051,14174,1873,1810,22,1832,4
2021-11-26,Monterey,053,433212,49644,48400,3104,51504,625
2021-11-26,Napa,055,140530,13312,13256,114,13370,104
2021-11-26,Nevada,057,99092,9764,9584,342,9926,103
2021-11-26,Orange,059,3164182,313920,310809,15770,326579,5665
2021-11-26,Placer,061,380077,38594,38001,3811,41812,468
2021-11-26,Plumas,063,18699,1937,1860,43,1903,7
2021-11-26,Riverside,065,2383286,373823,367601,16534,384135,5306
2021-11-26,Sacramento,067,1510023,163950,162328,4835,167163,2335
2021-11-26,San Benito,069,59416,7621,7575,178,7753,77
2021-11-26,San Bernardino,071,2135413,364809,360033,11558,371591,5932
2021-11-26,San Diego,073,3302833,385621,382634,22569,405203,4319
2021-11-26,San Francisco,075,870044,54637,53830,2380,56210,669
2021-11-26,San Joaquin,077,732212,102438,101368,5534,106902,1833
2021-11-26,San Luis Obispo,079,281455,30496,29983,1309,31292,358
2021-11-26,San Mateo,081,765935,55551,54360,928,55288,577
2021-11-26,Santa Barbara,083,443738,45787,45318,1578,46896,548
2021-11-26,Santa Clara,085,1922200,151601,149700,1497,151197,1922
2021-11-26,Santa Cruz,087,273765,21291,20929,1017,21946,222
2021-11-26,Shasta,089,179085,22435,22151,3675,25826,396
2021-11-26,Sierra,091,2930,196,194,21,215,0
2021-11-26,Siskiyou,093,43540,3442,3336,1324,4660,54
2021-11-26,Solano,095,438530,47000,46163,1329,47492,356
2021-11-26,Sonoma,097,501317,42826,42368,553,42921,405
2021-11-26,Stanislaus,099,539301,80875,80782,9085,89867,1220
2021-11-26,Sutter,101,95872,14189,14127,378,14505,181
2021-11-26,Tehama,103,63373,8788,8675,1518,10193,129
2021-11-26,Trinity,105,12862,895,789,219,1008,17
2021-11-26,Tulare,107,460477,70713,69377,15743,85120,1082
2021-11-26,Tuolumne,109,53932,7658,7574,114,7688,90
2021-11-26,Ventura,111,848112,100153,99163,4348,103511,1188
2021-11-26,Yolo,113,214977,20447,20237,1124,21361,257
2021-11-26,Yuba,115,75493,10424,10335,365,10700,88
2021-11-25,Alameda,001,1643700,122256,121618,2836,124454,1477
2021-11-25,Alpine,003,1148,105,106,0,106,0
2021-11-25,Amador,005,37829,5723,5670,67,5737,66
2021-11-25,Butte,007,227075,21714,21384,3991,25375,309
2021-11-25,Calaveras,009,45235,4362,4294,61,4355,85
2021-11-25,Colusa,011,21464,2608,2568,660,3228,19
2021-11-25,Contra Costa,013,1133247,101793,100961,2267,103228,1045
2021-11-25,Del Norte,015,27424,3754,3661,55,3716,42
2021-11-25,El Dorado,017,186661,16706,16399,1774,18173,161
2021-11-25,Fresno,019,978130,145293,143386,13061,156447,2246
2021-11-25,Glenn,021,27897,3581,3532,1035,4567,36
2021-11-25,Humboldt,023,135768,9536,9399,644,10043,115
2021-11-25,Imperial,025,180216,35130,34611,3449,38060,769
2021-11-25,Inyo,027,18085,2541,2506,38,2544,45
2021-11-25,Kern,029,883053,132120,130245,23496,153741,1773
2021-11-25,Kings,031,150075,33312,32891,1998,34889,358
2021-11-25,Lake,033,64148,6914,6836,153,6989,110
2021-11-25,Lassen,035,31185,7038,6959,405,7364,47
2021-11-25,Los Angeles,037,10098052,1467169,1454495,54805,1509300,26817
2021-11-25,Madera,039,155013,24206,23880,2251,26131,296
2021-11-25,Marin,041,260295,18051,17857,488,18345,248
2021-11-25,Mariposa,043,17540,1420,1374,59,1433,6
2021-11-25,Mendocino,045,87422,8026,7871,650,8521,89
2021-11-25,Merced,047,269075,43161,42921,2050,44971,664
2021-11-25,Modoc,049,8938,585,551,200,751,5
2021-11-25,Mono,051,14174,1862,1810,22,1832,4
2021-11-25,Monterey,053,433212,49600,48400,3095,51495,625
2021-11-25,Napa,055,140530,13304,13256,114,13370,104
2021-11-25,Nevada,057,99092,9745,9584,339,9923,103
2021-11-25,Orange,059,3164182,313657,310809,15739,326548,5665
2021-11-25,Placer,061,380077,38548,38001,3805,41806,468
2021-11-25,Plumas,063,18699,1935,1860,43,1903,7
2021-11-25,Riverside,065,2383286,373408,367601,16527,384128,5306
2021-11-25,Sacramento,067,1510023,163771,162328,4829,167157,2335
2021-11-25,San Benito,069,59416,7614,7575,178,7753,77
2021-11-25,San Bernardino,071,2135413,364410,360033,11541,371574,5932
2021-11-25,San Diego,073,3302833,385179,382634,22550,405184,4319
2021-11-25,San Francisco,075,870044,54588,53830,2377,56207,669
2021-11-25,San Joaquin,077,732212,102356,101368,5530,106898,1833
2021-11-25,San Luis Obispo,079,281455,30466,29983,1307,31290,358
2021-11-25,San Mateo,081,765935,55502,54360,926,55286,577
2021-11-25,Santa Barbara,083,443738,45748,45318,1576,46894,548
2021-11-25,Santa Clara,085,1922200,151443,149700,1492,151192,1922
2021-11-25,Santa Cruz,087,273765,21258,20929,1017,21946,222
2021-11-25,Shasta,089,179085,22409,22151,3675,25826,396
2021-11-25,Sierra,091,2930,196,194,21,215,0
2021-11-25,Siskiyou,093,43540,3439,3336,1324,4660,54
2021-11-25,Solano,095,438530,46963,46163,1328,47491,356
2021-11-25,Sonoma,097,501317,42769,42368,549,42917,405
2021-11-25,Stanislaus,099,539301,80808,80782,9071,89853,1220
2021-11-25,Sutter,101,95872,14173,14127,377,14504,181
2021-11-25,Tehama,103,63373,8780,8675,1518,10193,129
2021-11-25,Trinity,105,12862,895,789,219,1008,17
2021-11-25,Tulare,107,460477,70645,69377,15717,85094,1082
2021-11-25,Tuolumne,109,53932,7646,7574,114,7688,90
2021-11-25,Ventura,111,848112,100087,99163,4345,103508,1188
2021-11-25,Yolo,113,214977,20417,20237,1120,21357,257
2021-11-25,Yuba,115,75493,10415,10335,364,10699,88
2021-11-24,Alameda,001,1643700,122193,121618,2832,124450,1477
2021-11-24,Alpine,003,1148,105,106,0,106,0
2021-11-24,Amador,005,37829,5713,5670,67,5737,66
2021-11-24,Butte,007,227075,21698,21384,3990,25374,309
2021-11-24,Calaveras,009,45235,4355,4294,61,4355,85
2021-11-24,Colusa,011,21464,2608,2568,659,3227,19
2021-11-24,Contra Costa,013,1133247,101754,100961,2264,103225,1045
2021-11-24,Del Norte,015,27424,3751,3661,55,3716,42
2021-11-24,El Dorado,017,186661,16695,16399,1773,18172,161
2021-11-24,Fresno,019,978130,145239,143386,13060,156446,2246
2021-11-24,Glenn,021,27897,3576,3532,1034,4566,36
2021-11-24,Humboldt,023,135768,9521,9399,644,10043,115
2021-11-24,Imperial,025,180216,35101,34611,3443,38054,769
2021-11-24,Inyo,027,18085,2538,2506,38,2544,45
2021-11-24,Kern,029,883053,132058,130245,23484,153729,1773
2021-11-24,Kings,031,150075,33298,32891,1997,34888,358
2021-11-24,Lake,033,64148,6910,6836,153,6989,110
2021-11-24,Lassen,035,31185,7038,6959,405,7364,47
2021-11-24,Los Angeles,037,10098052,1466684,1454495,54763,1509258,26817
2021-11-24,Madera,039,155013,24183,23880,2245,26125,296
2021-11-24,Marin,041,260295,18039,17857,486,18343,248
2021-11-24,Mariposa,043,17540,1420,1374,59,1433,6
2021-11-24,Mendocino,045,87422,8014,7871,650,8521,89
2021-11-24,Merced,047,269075,43129,42921,2047,44968,664
2021-11-24,Modoc,049,8938,585,551,200,751,5
2021-11-24,Mono,051,14174,1859,1810,22,1832,4
2021-11-24,Monterey,053,433212,49587,48400,3094,51494,625
2021-11-24,Napa,055,140530,13300,13256,114,13370,104
2021-11-24,Nevada,057,99092,9730,9584,339,9923,103
2021-11-24,Orange,059,3164182,313502,310809,15724,326533,5665
2021-11-24,Placer,061,380077,38515,38001,3803,41804,468
2021-11-24,Plumas,063,18699,1933,1860,43,1903,7
2021-11-24,Riverside,065,2383286,373229,367601,16521,384122,5306
2021-11-24,Sacramento,067,1510023,163700,162328,4829,167157,2335
2021-11-24,San Benito,069,59416,7612,7575,178,7753,77
2021-11-24,San Bernardino,071,2135413,364199,360033,11531,371564,5932
2021-11-24,San Diego,073,3302833,384921,382634,22537,405171,4319
2021-11-24,San Francisco,075,870044,54558,53830,2375,56205,669
2021-11-24,San Joaquin,077,732212,102315,101368,5527,106895,1833
2021-11-24,San Luis Obispo,079,281455,30447,29983,1307,31290,358
2021-11-24,San Mateo,081,765935,55472,54360,925,55285,577
2021-11-24,Santa Barbara,083,443738,45721,45318,1576,46894,548
2021-11-24,Santa Clara,085,1922200,151347,149700,1491,151191,1922
2021-11-24,Santa Cruz,087,273765,21235,20929,1016,21945,222
2021-11-24,Shasta,089,179085,22398,22151,3672,25823,396
2021-11-24,Sierra,091,2930,196,194,21,215,0
2021-11-24,Siskiyou,093,43540,3436,3336,1324,4660,54
2021-11-24,Solano,095,438530,46935,46163,1326,47489,356
2021-11-24,Sonoma,097,501317,42737,42368,547,42915,405
2021-11-24,Stanislaus,099,539301,80771,80782,9066,89848,1220
2021-11-24,Sutter,101,95872,14160,14127,375,14502,181
2021-11-24,Tehama,103,63373,8777,8675,1517,10192,129
2021-11-24,Trinity,105,12862,895,789,219,1008,17
2021-11-24,Tulare,107,460477,70621,69377,15698,85075,1082
2021-11-24,Tuolumne,109,53932,7642,7574,114,7688,90
2021-11-24,Ventura,111,848112,100052,99163,4341,103504,1188
2021-11-24,Yolo,113,214977,20409,20237,1119,21356,257
2021-11-24,Yuba,115,75493,10411,10335,363,10698,88
2021-11-23,Alameda,001,1643700,122075,121618,2825,124443,1477
2021-11-23,Alpine,003,1148,105,106,0,106,0
2021-11-23,Amador,005,37829,5706,5670,67,5737,66
2021-11-23,Butte,007,227075,21669,21384,3986,25370,309
2021-11-23,Calaveras,009,45235,4349,4294,60,4354,85
2021-11-23,Colusa,011,21464,2604,2568,657,3225,19
2021-11-23,Contra Costa,013,1133247,101647,100961,2262,103223,1045
2021-11-23,Del Norte,015,27424,3748,3661,55,3716,42
2021-11-23,El Dorado,017,186661,16664,16399,1770,18169,161
2021-11-23,Fresno,019,978130,145100,143386,13051,156437,2246
2021-11-23,Glenn,021,27897,3571,3532,1034,4566,36
2021-11-23,Humboldt,023,135768,9499,9399,641,10040,115
2021-11-23,Imperial,025,180216,35032,34611,3424,38035,769
2021-11-23,Inyo,027,18085,2534,2506,38,2544,45
2021-11-23,Kern,029,883053,131950,130245,23435,153680,1773
2021-11-23,Kings,031,150075,33256,32891,1996,34887,358
2021-11-23,Lake,033,64148,6905,6836,153,6989,110
2021-11-23,Lassen,035,31185,7035,6959,402,7361,47
2021-11-23,Los Angeles,037,10098052,1465673,1454495,54695,1509190,26817
2021-11-23,Madera,039,155013,24157,23880,2243,26123,296
2021-11-23,Marin,041,260295,18008,17857,483,18340,248
2021-11-23,Mariposa,043,17540,1417,1374,59,1433,6
2021-11-23,Mendocino,045,87422,7993,7871,647,8518,89
2021-11-23,Merced,047,269075,43091,42921,2046,44967,664
2021-11-23,Modoc,049,8938,583,551,200,751,5
2021-11-23,Mono,051,14174,1845,1810,22,1832,4
2021-11-23,Monterey,053,433212,49551,48400,3088,51488,625
2021-11-23,Napa,055,140530,13292,13256,114,13370,104
2021-11-23,Nevada,057,99092,9701,9584,338,9922,103
2021-11-23,Orange,059,3164182,313252,310809,15688,326497,5665
2021-11-23,Placer,061,380077,38456,38001,3786,41787,468
2021-11-23,Plumas,063,18699,1929,1860,43,1903,7
2021-11-23,Riverside,065,2383286,372846,367601,16508,384109,5306
2021-11-23,Sacramento,067,1510023,163514,162328,4818,167146,2335
2021-11-23,San Benito,069,59416,7603,7575,176,7751,77
2021-11-23,San Bernardino,071,2135413,363782,360033,11516,371549,5932
2021-11-23,San Diego,073,3302833,384436,382634,22514,405148,4319
2021-11-23,San Francisco,075,870044,54499,53830,2373,56203,669
2021-11-23,San Joaquin,077,732212,102204,101368,5516,106884,1833
2021-11-23,San Luis Obispo,079,281455,30412,29983,1304,31287,358
2021-11-23,San Mateo,081,765935,55422,54360,924,55284,577
2021-11-23,Santa Barbara,083,443738,45668,45318,1576,46894,548
2021-11-23,Santa Clara,085,1922200,151137,149700,1479,151179,1922
2021-11-23,Santa Cruz,087,273765,21197,20929,1016,21945,222
2021-11-23,Shasta,089,179085,22362,22151,3670,25821,396
2021-11-23,Sierra,091,2930,196,194,21,215,0
2021-11-23,Siskiyou,093,43540,3431,3336,1323,4659,54
2021-11-23,Solano,095,438530,46881,46163,1322,47485,356
2021-11-23,Sonoma,097,501317,42686,42368,544,42912,405
2021-11-23,Stanislaus,099,539301,80701,80782,9054,89836,1220
2021-11-23,Sutter,101,95872,14144,14127,374,14501,181
2021-11-23,Tehama,103,63373,8764,8675,1516,10191,129
2021-11-23,Trinity,105,12862,894,789,219,1008,17
2021-11-23,Tulare,107,460477,70574,69377,15668,85045,1082
2021-11-23,Tuolumne,109,53932,7630,7574,113,7687,90
2021-11-23,Ventura,111,848112,99969,99163,4335,103498,1188
2021-11-23,Yolo,113,214977,20388,20237,1111,21348,257
2021-11-23,Yuba,115,75493,10399,10335,363,10698,88
2021-11-22,Alameda,001,1643700,121960,121566,2824,124390,1475
2021-11-22,Alpine,003,1148,105,106,0,106,0
2021-11-22,Amador,005,37829,5693,5670,67,5737,66
2021-11-22,Butte,007,227075,21630,21363,3981,25344,305
2021-11-22,Calaveras,009,45235,4337,4294,60,4354,84
2021-11-22,Colusa,011,21464,2601,2565,657,3222,19
2021-11-22,Contra Costa,013,1133247,101559,100877,2257,103134,1045
2021-11-22,Del Norte,015,27424,3745,3659,55,3714,42
2021-11-22,El Dorado,017,186661,16641,16378,1767,18145,161
2021-11-22,Fresno,019,978130,144967,143290,13043,156333,2243
2021-11-22,Glenn,021,27897,3566,3530,1033,4563,36
2021-11-22,Humboldt,023,135768,9473,9389,636,10025,115
2021-11-22,Imperial,025,180216,34971,34562,3410,37972,766
2021-11-22,Inyo,027,18085,2528,2501,38,2539,44
2021-11-22,Kern,029,883053,131789,130091,23386,153477,1762
2021-11-22,Kings,031,150075,33219,32867,1991,34858,358
2021-11-22,Lake,033,64148,6900,6837,153,6990,110
2021-11-22,Lassen,035,31185,7033,6954,401,7355,47
2021-11-22,Los Angeles,037,10098052,1464607,1453945,54613,1508558,26800
2021-11-22,Madera,039,155013,24123,23872,2235,26107,296
2021-11-22,Marin,041,260295,17977,17842,481,18323,248
2021-11-22,Mariposa,043,17540,1413,1372,59,1431,6
2021-11-22,Mendocino,045,87422,7977,7859,646,8505,89
2021-11-22,Merced,047,269075,43040,42898,2035,44933,660
2021-11-22,Modoc,049,8938,582,551,200,751,5
2021-11-22,Mono,051,14174,1838,1809,22,1831,4
2021-11-22,Monterey,053,433212,49523,48374,3084,51458,611
2021-11-22,Napa,055,140530,13283,13255,113,13368,104
2021-11-22,Nevada,057,99092,9684,9575,336,9911,96
2021-11-22,Orange,059,3164182,313010,310654,15662,326316,5663
2021-11-22,Placer,061,380077,38409,37956,3778,41734,465
2021-11-22,Plumas,063,18699,1926,1858,43,1901,7
2021-11-22,Riverside,065,2383286,372409,367301,16499,383800,5283
2021-11-22,Sacramento,067,1510023,163322,162222,4809,167031,2328
2021-11-22,San Benito,069,59416,7583,7567,176,7743,77
2021-11-22,San Bernardino,071,2135413,363365,359851,11505,371356,5916
2021-11-22,San Diego,073,3302833,383941,382132,22490,404622,4317
2021-11-22,San Francisco,075,870044,54407,53778,2367,56145,669
2021-11-22,San Joaquin,077,732212,102079,101299,5511,106810,1833
2021-11-22,San Luis Obispo,079,281455,30386,29963,1301,31264,358
2021-11-22,San Mateo,081,765935,55365,54330,922,55252,577
2021-11-22,Santa Barbara,083,443738,45592,45279,1576,46855,546
2021-11-22,Santa Clara,085,1922200,150952,149541,1469,151010,1919
2021-11-22,Santa Cruz,087,273765,21156,20891,1016,21907,222
2021-11-22,Shasta,089,179085,22348,22116,3665,25781,393
2021-11-22,Sierra,091,2930,196,193,21,214,0
2021-11-22,Siskiyou,093,43540,3426,3336,1321,4657,54
2021-11-22,Solano,095,438530,46832,46153,1320,47473,356
2021-11-22,Sonoma,097,501317,42625,42344,543,42887,404
2021-11-22,Stanislaus,099,539301,80613,80718,9044,89762,1209
2021-11-22,Sutter,101,95872,14128,14125,372,14497,181
2021-11-22,Tehama,103,63373,8757,8669,1511,10180,127
2021-11-22,Trinity,105,12862,893,785,219,1004,17
2021-11-22,Tulare,107,460477,70513,69314,15632,84946,1075
2021-11-22,Tuolumne,109,53932,7615,7567,113,7680,90
2021-11-22,Ventura,111,848112,99903,99114,4332,103446,1186
2021-11-22,Yolo,113,214977,20365,20227,1109,21336,257
2021-11-22,Yuba,115,75493,10390,10332,362,10694,88
2021-11-21,Alameda,001,1643700,121828,121443,2820,124263,1475
2021-11-21,Alpine,003,1148,103,106,0,106,0
2021-11-21,Amador,005,37829,5688,5662,66,5728,66
2021-11-21,Butte,007,227075,21588,21342,3976,25318,306
2021-11-21,Calaveras,009,45235,4328,4287,60,4347,84
2021-11-21,Colusa,011,21464,2597,2562,656,3218,19
2021-11-21,Contra Costa,013,1133247,101457,100807,2250,103057,1045
2021-11-21,Del Norte,015,27424,3741,3659,55,3714,42
2021-11-21,El Dorado,017,186661,16615,16370,1761,18131,161
2021-11-21,Fresno,019,978130,144795,143203,13023,156226,2242
2021-11-21,Glenn,021,27897,3561,3529,1033,4562,36
2021-11-21,Humboldt,023,135768,9451,9378,635,10013,115
2021-11-21,Imperial,025,180216,34883,34527,3400,37927,766
2021-11-21,Inyo,027,18085,2521,2501,38,2539,44
2021-11-21,Kern,029,883053,131625,130020,23340,153360,1762
2021-11-21,Kings,031,150075,33181,32843,1987,34830,356
2021-11-21,Lake,033,64148,6893,6834,153,6987,110
2021-11-21,Lassen,035,31185,7024,6953,401,7354,47
2021-11-21,Los Angeles,037,10098052,1463540,1453181,54558,1507739,26793
2021-11-21,Madera,039,155013,24098,23856,2230,26086,296
2021-11-21,Marin,041,260295,17948,17829,478,18307,248
2021-11-21,Mariposa,043,17540,1412,1371,58,1429,6
2021-11-21,Mendocino,045,87422,7971,7846,643,8489,89
2021-11-21,Merced,047,269075,42985,42881,2032,44913,660
2021-11-21,Modoc,049,8938,578,551,200,751,5
2021-11-21,Mono,051,14174,1828,1799,21,1820,4
2021-11-21,Monterey,053,433212,49477,48358,3075,51433,611
2021-11-21,Napa,055,140530,13271,13250,113,13363,104
2021-11-21,Nevada,057,99092,9658,9556,335,9891,96
2021-11-21,Orange,059,3164182,312754,310477,15631,326108,5663
2021-11-21,Placer,061,380077,38328,37929,3777,41706,465
2021-11-21,Plumas,063,18699,1921,1858,43,1901,7
2021-11-21,Riverside,065,2383286,371917,367093,16491,383584,5283
2021-11-21,Sacramento,067,1510023,163104,162087,4799,166886,2327
2021-11-21,San Benito,069,59416,7569,7563,175,7738,77
2021-11-21,San Bernardino,071,2135413,362871,359621,11469,371090,5912
2021-11-21,San Diego,073,3302833,383410,380747,22465,403212,4317
2021-11-21,San Francisco,075,870044,54338,53741,2362,56103,669
2021-11-21,San Joaquin,077,732212,101972,101264,5498,106762,1833
2021-11-21,San Luis Obispo,079,281455,30348,29948,1301,31249,358
2021-11-21,San Mateo,081,765935,55313,54290,920,55210,577
2021-11-21,Santa Barbara,083,443738,45532,45237,1573,46810,546
2021-11-21,Santa Clara,085,1922200,150746,149387,1450,150837,1918
2021-11-21,Santa Cruz,087,273765,21112,20866,1014,21880,222
2021-11-21,Shasta,089,179085,22317,22112,3663,25775,393
2021-11-21,Sierra,091,2930,196,193,21,214,0
2021-11-21,Siskiyou,093,43540,3421,3333,1320,4653,54
2021-11-21,Solano,095,438530,46776,46122,1313,47435,356
2021-11-21,Sonoma,097,501317,42565,42298,542,42840,404
2021-11-21,Stanislaus,099,539301,80518,80687,9029,89716,1209
2021-11-21,Sutter,101,95872,14114,14111,372,14483,181
2021-11-21,Tehama,103,63373,8751,8669,1510,10179,127
2021-11-21,Trinity,105,12862,891,784,217,1001,17
2021-11-21,Tulare,107,460477,70430,69285,15594,84879,1075
2021-11-21,Tuolumne,109,53932,7607,7560,112,7672,90
2021-11-21,Ventura,111,848112,99812,99081,4329,103410,1186
2021-11-21,Yolo,113,214977,20337,20209,1106,21315,257
2021-11-21,Yuba,115,75493,10381,10326,362,10688,88
2021-11-20,Alameda,001,1643700,121734,121059,2814,123873,1473
2021-11-20,Alpine,003,1148,103,105,0,105,0
2021-11-20,Amador,005,37829,5682,5652,65,5717,66
2021-11-20,Butte,007,227075,21573,21265,3972,25237,300
2021-11-20,Calaveras,009,45235,4318,4268,60,4328,84
2021-11-20,Colusa,011,21464,2596,2549,655,3204,19
2021-11-20,Contra Costa,013,1133247,101380,100491,2246,102737,1043
2021-11-20,Del Norte,015,27424,3738,3637,55,3692,42
2021-11-20,El Dorado,017,186661,16594,16308,1759,18067,161
2021-11-20,Fresno,019,978130,144726,142579,13014,155593,2233
2021-11-20,Glenn,021,27897,3560,3526,1032,4558,35
2021-11-20,Humboldt,023,135768,9438,9302,633,9935,115
2021-11-20,Imperial,025,180216,34831,34312,3394,37706,766
2021-11-20,Inyo,027,18085,2520,2467,38,2505,44
2021-11-20,Kern,029,883053,131524,129488,23303,152791,1750
2021-11-20,Kings,031,150075,33171,32720,1987,34707,354
2021-11-20,Lake,033,64148,6890,6808,153,6961,110
2021-11-20,Lassen,035,31185,7023,6931,401,7332,47
2021-11-20,Los Angeles,037,10098052,1462920,1448963,54510,1503473,26741
2021-11-20,Madera,039,155013,24084,23720,2226,25946,296
2021-11-20,Marin,041,260295,17933,17774,478,18252,248
2021-11-20,Mariposa,043,17540,1411,1354,58,1412,6
2021-11-20,Mendocino,045,87422,7963,7773,643,8416,89
2021-11-20,Merced,047,269075,42959,42692,2032,44724,656
2021-11-20,Modoc,049,8938,577,550,200,750,5
2021-11-20,Mono,051,14174,1822,1767,21,1788,4
2021-11-20,Monterey,053,433212,49464,48260,3070,51330,609
2021-11-20,Napa,055,140530,13268,13184,113,13297,103
2021-11-20,Nevada,057,99092,9642,9480,335,9815,92
2021-11-20,Orange,059,3164182,312554,309672,15614,325286,5658
2021-11-20,Placer,061,380077,38288,37800,3772,41572,462
2021-11-20,Plumas,063,18699,1917,1841,43,1884,7
2021-11-20,Riverside,065,2383286,371644,365809,16479,382288,5265
2021-11-20,Sacramento,067,1510023,163000,161533,4795,166328,2316
2021-11-20,San Benito,069,59416,7565,7533,175,7708,77
2021-11-20,San Bernardino,071,2135413,362591,358322,11458,369780,5897
2021-11-20,San Diego,073,3302833,383084,380147,22439,402586,4311
2021-11-20,San Francisco,075,870044,54299,53525,2361,55886,669
2021-11-20,San Joaquin,077,732212,101922,100922,5493,106415,1832
2021-11-20,San Luis Obispo,079,281455,30334,29815,1300,31115,355
2021-11-20,San Mateo,081,765935,55279,54132,919,55051,577
2021-11-20,Santa Barbara,083,443738,45500,45074,1573,46647,544
2021-11-20,Santa Clara,085,1922200,150639,148829,1449,150278,1917
2021-11-20,Santa Cruz,087,273765,21094,20756,1014,21770,222
2021-11-20,Shasta,089,179085,22293,21968,3662,25630,383
2021-11-20,Sierra,091,2930,196,191,21,212,0
2021-11-20,Siskiyou,093,43540,3418,3313,1320,4633,54
2021-11-20,Solano,095,438530,46755,46006,1313,47319,356
2021-11-20,Sonoma,097,501317,42534,42151,542,42693,403
2021-11-20,Stanislaus,099,539301,80472,80412,9025,89437,1205
2021-11-20,Sutter,101,95872,14106,14074,372,14446,181
2021-11-20,Tehama,103,63373,8746,8648,1510,10158,125
2021-11-20,Trinity,105,12862,887,771,217,988,17
2021-11-20,Tulare,107,460477,70391,69074,15573,84647,1054
2021-11-20,Tuolumne,109,53932,7599,7511,112,7623,90
2021-11-20,Ventura,111,848112,99763,98893,4322,103215,1186
2021-11-20,Yolo,113,214977,20329,20139,1102,21241,257
2021-11-20,Yuba,115,75493,10375,10290,361,10651,88
2021-11-19,Alameda,001,1643700,121660,121059,2811,123870,1473
2021-11-19,Alpine,003,1148,103,105,0,105,0
2021-11-19,Amador,005,37829,5672,5652,65,5717,66
2021-11-19,Butte,007,227075,21550,21265,3965,25230,300
2021-11-19,Calaveras,009,45235,4311,4268,60,4328,84
2021-11-19,Colusa,011,21464,2594,2549,654,3203,19
2021-11-19,Contra Costa,013,1133247,101323,100491,2241,102732,1043
2021-11-19,Del Norte,015,27424,3733,3637,55,3692,42
2021-11-19,El Dorado,017,186661,16572,16308,1757,18065,161
2021-11-19,Fresno,019,978130,144609,142579,13005,155584,2233
2021-11-19,Glenn,021,27897,3559,3526,1031,4557,35
2021-11-19,Humboldt,023,135768,9426,9302,630,9932,115
2021-11-19,Imperial,025,180216,34794,34312,3387,37699,766
2021-11-19,Inyo,027,18085,2516,2467,38,2505,44
2021-11-19,Kern,029,883053,131421,129488,23260,152748,1750
2021-11-19,Kings,031,150075,33146,32720,1985,34705,354
2021-11-19,Lake,033,64148,6887,6808,153,6961,110
2021-11-19,Lassen,035,31185,7018,6931,400,7331,47
2021-11-19,Los Angeles,037,10098052,1462229,1448963,54457,1503420,26741
2021-11-19,Madera,039,155013,24063,23720,2221,25941,296
2021-11-19,Marin,041,260295,17915,17774,476,18250,248
2021-11-19,Mariposa,043,17540,1409,1354,58,1412,6
2021-11-19,Mendocino,045,87422,7943,7773,643,8416,89
2021-11-19,Merced,047,269075,42933,42692,2031,44723,656
2021-11-19,Modoc,049,8938,576,550,200,750,5
2021-11-19,Mono,051,14174,1811,1767,21,1788,4
2021-11-19,Monterey,053,433212,49442,48260,3070,51330,609
2021-11-19,Napa,055,140530,13257,13184,112,13296,103
2021-11-19,Nevada,057,99092,9629,9480,335,9815,92
2021-11-19,Orange,059,3164182,312400,309672,15589,325261,5658
2021-11-19,Placer,061,380077,38251,37800,3768,41568,462
2021-11-19,Plumas,063,18699,1913,1841,43,1884,7
2021-11-19,Riverside,065,2383286,371370,365809,16475,382284,5265
2021-11-19,Sacramento,067,1510023,162875,161533,4791,166324,2316
2021-11-19,San Benito,069,59416,7559,7533,173,7706,77
2021-11-19,San Bernardino,071,2135413,362268,358322,11449,369771,5897
2021-11-19,San Diego,073,3302833,382693,380147,22413,402560,4311
2021-11-19,San Francisco,075,870044,54261,53525,2361,55886,669
2021-11-19,San Joaquin,077,732212,101865,100922,5489,106411,1832
2021-11-19,San Luis Obispo,079,281455,30316,29815,1298,31113,355
2021-11-19,San Mateo,081,765935,55231,54132,915,55047,577
2021-11-19,Santa Barbara,083,443738,45463,45074,1573,46647,544
2021-11-19,Santa Clara,085,1922200,150491,148829,1446,150275,1917
2021-11-19,Santa Cruz,087,273765,21067,20756,1011,21767,222
2021-11-19,Shasta,089,179085,22281,21968,3661,25629,383
2021-11-19,Sierra,091,2930,196,191,21,212,0
2021-11-19,Siskiyou,093,43540,3415,3313,1320,4633,54
2021-11-19,Solano,095,438530,46724,46006,1309,47315,356
2021-11-19,Sonoma,097,501317,42501,42151,539,42690,403
2021-11-19,Stanislaus,099,539301,80414,80412,9016,89428,1205
2021-11-19,Sutter,101,95872,14104,14074,372,14446,181
2021-11-19,Tehama,103,63373,8743,8648,1510,10158,125
2021-11-19,Trinity,105,12862,885,771,217,988,17
2021-11-19,Tulare,107,460477,70350,69074,15547,84621,1054
2021-11-19,Tuolumne,109,53932,7588,7511,112,7623,90
2021-11-19,Ventura,111,848112,99698,98893,4319,103212,1186
2021-11-19,Yolo,113,214977,20318,20139,1100,21239,257
2021-11-19,Yuba,115,75493,10372,10290,361,10651,88
2021-11-18,Alameda,001,1643700,121536,121059,2804,123863,1473
2021-11-18,Alpine,003,1148,103,105,0,105,0
2021-11-18,Amador,005,37829,5670,5652,65,5717,66
2021-11-18,Butte,007,227075,21533,21265,3958,25223,300
2021-11-18,Calaveras,009,45235,4304,4268,59,4327,84
2021-11-18,Colusa,011,21464,2586,2549,654,3203,19
2021-11-18,Contra Costa,013,1133247,101221,100491,2233,102724,1043
2021-11-18,Del Norte,015,27424,3730,3637,55,3692,42
2021-11-18,El Dorado,017,186661,16551,16308,1754,18062,161
2021-11-18,Fresno,019,978130,144469,142579,12995,155574,2233
2021-11-18,Glenn,021,27897,3558,3526,1030,4556,35
2021-11-18,Humboldt,023,135768,9409,9302,625,9927,115
2021-11-18,Imperial,025,180216,34739,34312,3371,37683,766
2021-11-18,Inyo,027,18085,2508,2467,38,2505,44
2021-11-18,Kern,029,883053,131273,129488,23213,152701,1750
2021-11-18,Kings,031,150075,33109,32720,1982,34702,354
2021-11-18,Lake,033,64148,6882,6808,153,6961,110
2021-11-18,Lassen,035,31185,7015,6931,395,7326,47
2021-11-18,Los Angeles,037,10098052,1461238,1448963,54396,1503359,26741
2021-11-18,Madera,039,155013,24038,23720,2217,25937,296
2021-11-18,Marin,041,260295,17898,17774,472,18246,248
2021-11-18,Mariposa,043,17540,1406,1354,58,1412,6
2021-11-18,Mendocino,045,87422,7921,7773,634,8407,89
2021-11-18,Merced,047,269075,42876,42692,2029,44721,656
2021-11-18,Modoc,049,8938,564,550,200,750,5
2021-11-18,Mono,051,14174,1803,1767,21,1788,4
2021-11-18,Monterey,053,433212,49417,48260,3065,51325,609
2021-11-18,Napa,055,140530,13245,13184,111,13295,103
2021-11-18,Nevada,057,99092,9605,9480,335,9815,92
2021-11-18,Orange,059,3164182,312163,309672,15569,325241,5658
2021-11-18,Placer,061,380077,38208,37800,3757,41557,462
2021-11-18,Plumas,063,18699,1912,1841,43,1884,7
2021-11-18,Riverside,065,2383286,370995,365809,16462,382271,5265
2021-11-18,Sacramento,067,1510023,162647,161533,4776,166309,2316
2021-11-18,San Benito,069,59416,7549,7533,173,7706,77
2021-11-18,San Bernardino,071,2135413,361835,358322,11430,369752,5897
2021-11-18,San Diego,073,3302833,382195,380147,22396,402543,4311
2021-11-18,San Francisco,075,870044,54209,53525,2357,55882,669
2021-11-18,San Joaquin,077,732212,101772,100922,5481,106403,1832
2021-11-18,San Luis Obispo,079,281455,30286,29815,1297,31112,355
2021-11-18,San Mateo,081,765935,55172,54132,912,55044,577
2021-11-18,Santa Barbara,083,443738,45417,45074,1566,46640,544
2021-11-18,Santa Clara,085,1922200,150300,148829,1438,150267,1917
2021-11-18,Santa Cruz,087,273765,21016,20756,1010,21766,222
2021-11-18,Shasta,089,179085,22245,21968,3656,25624,383
2021-11-18,Sierra,091,2930,195,191,21,212,0
2021-11-18,Siskiyou,093,43540,3415,3313,1316,4629,54
2021-11-18,Solano,095,438530,46682,46006,1306,47312,356
2021-11-18,Sonoma,097,501317,42452,42151,537,42688,403
2021-11-18,Stanislaus,099,539301,80347,80412,9008,89420,1205
2021-11-18,Sutter,101,95872,14093,14074,371,14445,181
2021-11-18,Tehama,103,63373,8738,8648,1510,10158,125
2021-11-18,Trinity,105,12862,884,771,217,988,17
2021-11-18,Tulare,107,460477,70276,69074,15503,84577,1054
2021-11-18,Tuolumne,109,53932,7578,7511,112,7623,90
2021-11-18,Ventura,111,848112,99621,98893,4315,103208,1186
2021-11-18,Yolo,113,214977,20301,20139,1096,21235,257
2021-11-18,Yuba,115,75493,10366,10290,361,10651,88
2021-11-17,Alameda,001,1643700,121414,120913,2802,123715,1472
2021-11-17,Alpine,003,1148,103,105,0,105,0
2021-11-17,Amador,005,37829,5664,5646,65,5711,66
2021-11-17,Butte,007,227075,21507,21230,3955,25185,300
2021-11-17,Calaveras,009,45235,4297,4259,59,4318,84
2021-11-17,Colusa,011,21464,2583,2546,653,3199,19
2021-11-17,Contra Costa,013,1133247,101129,100387,2229,102616,1039
2021-11-17,Del Norte,015,27424,3727,3630,55,3685,42
2021-11-17,El Dorado,017,186661,16531,16269,1753,18022,161
2021-11-17,Fresno,019,978130,144286,142366,12982,155348,2230
2021-11-17,Glenn,021,27897,3556,3527,1028,4555,34
2021-11-17,Humboldt,023,135768,9398,9270,622,9892,115
2021-11-17,Imperial,025,180216,34683,34256,3350,37606,766
2021-11-17,Inyo,027,18085,2502,2457,38,2495,44
2021-11-17,Kern,029,883053,131100,129307,23171,152478,1743
2021-11-17,Kings,031,150075,33082,32669,1978,34647,352
2021-11-17,Lake,033,64148,6878,6795,152,6947,110
2021-11-17,Lassen,035,31185,7013,6918,395,7313,47
2021-11-17,Los Angeles,037,10098052,1460137,1447947,54329,1502276,26721
2021-11-17,Madera,039,155013,24005,23673,2215,25888,287
2021-11-17,Marin,041,260295,17878,17757,470,18227,248
2021-11-17,Mariposa,043,17540,1402,1353,58,1411,6
2021-11-17,Mendocino,045,87422,7913,7735,633,8368,89
2021-11-17,Merced,047,269075,42817,42612,2024,44636,654
2021-11-17,Modoc,049,8938,560,540,200,740,5
2021-11-17,Mono,051,14174,1799,1765,21,1786,5
2021-11-17,Monterey,053,433212,49369,48221,3054,51275,609
2021-11-17,Napa,055,140530,13223,13167,111,13278,103
2021-11-17,Nevada,057,99092,9592,9447,335,9782,92
2021-11-17,Orange,059,3164182,311916,309396,15535,324931,5651
2021-11-17,Placer,061,380077,38160,37725,3749,41474,460
2021-11-17,Plumas,063,18699,1907,1833,43,1876,7
2021-11-17,Riverside,065,2383286,370584,365406,16449,381855,5229
2021-11-17,Sacramento,067,1510023,162477,161269,4769,166038,2302
2021-11-17,San Benito,069,59416,7542,7524,173,7697,77
2021-11-17,San Bernardino,071,2135413,361470,357947,11413,369360,5893
2021-11-17,San Diego,073,3302833,381704,379769,22370,402139,4301
2021-11-17,San Francisco,075,870044,54154,53469,2354,55823,667
2021-11-17,San Joaquin,077,732212,101670,100764,5476,106240,1828
2021-11-17,San Luis Obispo,079,281455,30260,29731,1294,31025,354
2021-11-17,San Mateo,081,765935,55104,54092,909,55001,577
2021-11-17,Santa Barbara,083,443738,45378,45000,1566,46566,542
2021-11-17,Santa Clara,085,1922200,150136,148626,1430,150056,1915
2021-11-17,Santa Cruz,087,273765,20981,20700,1010,21710,222
2021-11-17,Shasta,089,179085,22212,21883,3654,25537,382
2021-11-17,Sierra,091,2930,194,189,21,210,0
2021-11-17,Siskiyou,093,43540,3411,3307,1313,4620,54
2021-11-17,Solano,095,438530,46649,45948,1305,47253,353
2021-11-17,Sonoma,097,501317,42406,42093,534,42627,403
2021-11-17,Stanislaus,099,539301,80258,80276,8998,89274,1199
2021-11-17,Sutter,101,95872,14079,14064,369,14433,181
2021-11-17,Tehama,103,63373,8728,8633,1507,10140,125
2021-11-17,Trinity,105,12862,883,765,217,982,17
2021-11-17,Tulare,107,460477,70205,68977,15476,84453,1047
2021-11-17,Tuolumne,109,53932,7561,7485,112,7597,90
2021-11-17,Ventura,111,848112,99559,98812,4309,103121,1183
2021-11-17,Yolo,113,214977,20283,20100,1093,21193,257
2021-11-17,Yuba,115,75493,10354,10275,357,10632,88
2021-11-16,Alameda,001,1643700,121306,120809,2798,123607,1467
2021-11-16,Alpine,003,1148,103,105,0,105,0
2021-11-16,Amador,005,37829,5658,5644,65,5709,66
2021-11-16,Butte,007,227075,21481,21208,3950,25158,297
2021-11-16,Calaveras,009,45235,4288,4249,59,4308,83
2021-11-16,Colusa,011,21464,2577,2538,653,3191,19
2021-11-16,Contra Costa,013,1133247,101008,100320,2226,102546,1038
2021-11-16,Del Norte,015,27424,3721,3630,55,3685,42
2021-11-16,El Dorado,017,186661,16505,16248,1751,17999,159
2021-11-16,Fresno,019,978130,144100,142200,12960,155160,2218
2021-11-16,Glenn,021,27897,3555,3527,1025,4552,34
2021-11-16,Humboldt,023,135768,9377,9252,618,9870,115
2021-11-16,Imperial,025,180216,34599,34177,3336,37513,766
2021-11-16,Inyo,027,18085,2495,2449,38,2487,42
2021-11-16,Kern,029,883053,130940,129136,23110,152246,1735
2021-11-16,Kings,031,150075,33030,32614,1971,34585,350
2021-11-16,Lake,033,64148,6873,6789,152,6941,110
2021-11-16,Lassen,035,31185,7003,6915,395,7310,47
2021-11-16,Los Angeles,037,10098052,1458963,1446815,54257,1501072,26703
2021-11-16,Madera,039,155013,23967,23642,2209,25851,287
2021-11-16,Marin,041,260295,17859,17736,469,18205,248
2021-11-16,Mariposa,043,17540,1394,1349,57,1406,6
2021-11-16,Mendocino,045,87422,7871,7723,629,8352,89
2021-11-16,Merced,047,269075,42780,42578,2017,44595,653
2021-11-16,Modoc,049,8938,559,539,199,738,5
2021-11-16,Mono,051,14174,1790,1767,21,1788,4
2021-11-16,Monterey,053,433212,49339,48195,3040,51235,609
2021-11-16,Napa,055,140530,13212,13151,111,13262,103
2021-11-16,Nevada,057,99092,9575,9435,334,9769,92
2021-11-16,Orange,059,3164182,311649,309170,15501,324671,5651
2021-11-16,Placer,061,380077,38118,37676,3743,41419,459
2021-11-16,Plumas,063,18699,1898,1832,43,1875,7
2021-11-16,Riverside,065,2383286,370162,365078,16427,381505,5208
2021-11-16,Sacramento,067,1510023,162297,161102,4757,165859,2299
2021-11-16,San Benito,069,59416,7528,7513,173,7686,77
2021-11-16,San Bernardino,071,2135413,361045,357528,11360,368888,5901
2021-11-16,San Diego,073,3302833,381149,379435,22343,401778,4287
2021-11-16,San Francisco,075,870044,54081,53415,2346,55761,667
2021-11-16,San Joaquin,077,732212,101530,100637,5461,106098,1807
2021-11-16,San Luis Obispo,079,281455,30228,29703,1291,30994,356
2021-11-16,San Mateo,081,765935,55042,54034,907,54941,577
2021-11-16,Santa Barbara,083,443738,45310,44932,1563,46495,539
2021-11-16,Santa Clara,085,1922200,149954,148452,1418,149870,1916
2021-11-16,Santa Cruz,087,273765,20936,20684,1008,21692,222
2021-11-16,Shasta,089,179085,22173,21853,3650,25503,379
2021-11-16,Sierra,091,2930,194,189,21,210,0
2021-11-16,Siskiyou,093,43540,3408,3304,1311,4615,54
2021-11-16,Solano,095,438530,46609,45908,1304,47212,351
2021-11-16,Sonoma,097,501317,42357,42056,533,42589,401
2021-11-16,Stanislaus,099,539301,80161,80214,8975,89189,1196
2021-11-16,Sutter,101,95872,14067,14058,368,14426,181
2021-11-16,Tehama,103,63373,8721,8621,1500,10121,125
2021-11-16,Trinity,105,12862,883,762,216,978,17
2021-11-16,Tulare,107,460477,70125,68881,15441,84322,1039
2021-11-16,Tuolumne,109,53932,7551,7478,112,7590,90
2021-11-16,Ventura,111,848112,99484,98731,4306,103037,1183
2021-11-16,Yolo,113,214977,20245,20077,1091,21168,257
2021-11-16,Yuba,115,75493,10346,10262,355,10617,85
2021-11-15,Alameda,001,1643700,121148,120731,2794,123525,1464
2021-11-15,Alpine,003,1148,103,105,0,105,0
2021-11-15,Amador,005,37829,5653,5637,65,5702,66
2021-11-15,Butte,007,227075,21457,21182,3945,25127,296
2021-11-15,Calaveras,009,45235,4274,4237,59,4296,83
2021-11-15,Colusa,011,21464,2570,2535,650,3185,19
2021-11-15,Contra Costa,013,1133247,100902,100251,2223,102474,1038
2021-11-15,Del Norte,015,27424,3716,3630,54,3684,42
2021-11-15,El Dorado,017,186661,16481,16236,1747,17983,159
2021-11-15,Fresno,019,978130,143878,142015,12938,154953,2210
2021-11-15,Glenn,021,27897,3553,3526,1025,4551,34
2021-11-15,Humboldt,023,135768,9355,9230,610,9840,115
2021-11-15,Imperial,025,180216,34526,34130,3320,37450,766
2021-11-15,Inyo,027,18085,2490,2442,38,2480,42
2021-11-15,Kern,029,883053,130731,128928,23040,151968,1730
2021-11-15,Kings,031,150075,32996,32584,1966,34550,348
2021-11-15,Lake,033,64148,6869,6784,152,6936,109
2021-11-15,Lassen,035,31185,6992,6915,393,7308,47
2021-11-15,Los Angeles,037,10098052,1457773,1446114,54194,1500308,26677
2021-11-15,Madera,039,155013,23929,23605,2198,25803,287
2021-11-15,Marin,041,260295,17842,17723,468,18191,248
2021-11-15,Mariposa,043,17540,1393,1347,55,1402,6
2021-11-15,Mendocino,045,87422,7851,7694,623,8317,89
2021-11-15,Merced,047,269075,42723,42552,2006,44558,648
2021-11-15,Modoc,049,8938,558,538,198,736,5
2021-11-15,Mono,051,14174,1785,1763,21,1784,4
2021-11-15,Monterey,053,433212,49307,48154,3034,51188,609
2021-11-15,Napa,055,140530,13204,13143,111,13254,103
2021-11-15,Nevada,057,99092,9546,9420,333,9753,92
2021-11-15,Orange,059,3164182,311371,308859,15476,324335,5646
2021-11-15,Placer,061,380077,38055,37610,3739,41349,452
2021-11-15,Plumas,063,18699,1891,1829,43,1872,7
2021-11-15,Riverside,065,2383286,369714,364750,16408,381158,5199
2021-11-15,Sacramento,067,1510023,162076,160937,4745,165682,2293
2021-11-15,San Benito,069,59416,7523,7511,172,7683,77
2021-11-15,San Bernardino,071,2135413,360618,357306,11341,368647,5898
2021-11-15,San Diego,073,3302833,380612,378845,22318,401163,4284
2021-11-15,San Francisco,075,870044,54014,53374,2343,55717,667
2021-11-15,San Joaquin,077,732212,101376,100587,5450,106037,1799
2021-11-15,San Luis Obispo,079,281455,30185,29669,1279,30948,351
2021-11-15,San Mateo,081,765935,54989,54010,905,54915,576
2021-11-15,Santa Barbara,083,443738,45254,44879,1557,46436,539
2021-11-15,Santa Clara,085,1922200,149737,148313,1411,149724,1914
2021-11-15,Santa Cruz,087,273765,20894,20630,1007,21637,223
2021-11-15,Shasta,089,179085,22127,21779,3645,25424,374
2021-11-15,Sierra,091,2930,194,189,21,210,0
2021-11-15,Siskiyou,093,43540,3401,3302,1309,4611,54
2021-11-15,Solano,095,438530,46570,45885,1299,47184,351
2021-11-15,Sonoma,097,501317,42306,42021,532,42553,401
2021-11-15,Stanislaus,099,539301,80076,80129,8961,89090,1174
2021-11-15,Sutter,101,95872,14054,14043,367,14410,181
2021-11-15,Tehama,103,63373,8715,8615,1499,10114,125
2021-11-15,Trinity,105,12862,881,757,214,971,17
2021-11-15,Tulare,107,460477,70038,68826,15397,84223,1039
2021-11-15,Tuolumne,109,53932,7540,7461,112,7573,90
2021-11-15,Ventura,111,848112,99400,98605,4301,102906,1183
2021-11-15,Yolo,113,214977,20215,20065,1086,21151,255
2021-11-15,Yuba,115,75493,10327,10254,351,10605,85
2021-11-14,Alameda,001,1643700,120974,120629,2790,123419,1461
2021-11-14,Alpine,003,1148,102,105,0,105,0
2021-11-14,Amador,005,37829,5646,5632,64,5696,66
2021-11-14,Butte,007,227075,21425,21146,3936,25082,296
2021-11-14,Calaveras,009,45235,4263,4222,59,4281,83
2021-11-14,Colusa,011,21464,2568,2532,647,3179,19
2021-11-14,Contra Costa,013,1133247,100794,100188,2221,102409,1038
2021-11-14,Del Norte,015,27424,3713,3629,54,3683,42
2021-11-14,El Dorado,017,186661,16439,16212,1742,17954,159
2021-11-14,Fresno,019,978130,143596,141869,12904,154773,2209
2021-11-14,Glenn,021,27897,3551,3521,1025,4546,34
2021-11-14,Humboldt,023,135768,9324,9215,600,9815,115
2021-11-14,Imperial,025,180216,34423,34078,3305,37383,766
2021-11-14,Inyo,027,18085,2478,2441,38,2479,42
2021-11-14,Kern,029,883053,130491,128842,22970,151812,1730
2021-11-14,Kings,031,150075,32939,32545,1959,34504,349
2021-11-14,Lake,033,64148,6861,6777,152,6929,109
2021-11-14,Lassen,035,31185,6982,6911,392,7303,47
2021-11-14,Los Angeles,037,10098052,1456406,1445284,54118,1499402,26667
2021-11-14,Madera,039,155013,23879,23566,2189,25755,287
2021-11-14,Marin,041,260295,17827,17712,468,18180,247
2021-11-14,Mariposa,043,17540,1383,1337,51,1388,6
2021-11-14,Mendocino,045,87422,7818,7684,618,8302,89
2021-11-14,Merced,047,269075,42633,42513,2000,44513,648
2021-11-14,Modoc,049,8938,556,538,198,736,5
2021-11-14,Mono,051,14174,1773,1760,21,1781,4
2021-11-14,Monterey,053,433212,49252,48135,3016,51151,609
2021-11-14,Napa,055,140530,13186,13132,111,13243,103
2021-11-14,Nevada,057,99092,9518,9408,333,9741,92
2021-11-14,Orange,059,3164182,311052,308699,15455,324154,5646
2021-11-14,Placer,061,380077,37975,37569,3729,41298,452
2021-11-14,Plumas,063,18699,1888,1829,42,1871,7
2021-11-14,Riverside,065,2383286,369216,364490,16391,380881,5199
2021-11-14,Sacramento,067,1510023,161840,160761,4728,165489,2295
2021-11-14,San Benito,069,59416,7512,7507,171,7678,77
2021-11-14,San Bernardino,071,2135413,360036,357014,11324,368338,5897
2021-11-14,San Diego,073,3302833,380015,377633,22287,399920,4280
2021-11-14,San Francisco,075,870044,53938,53338,2338,55676,667
2021-11-14,San Joaquin,077,732212,101248,100518,5445,105963,1799
2021-11-14,San Luis Obispo,079,281455,30104,29645,1275,30920,352
2021-11-14,San Mateo,081,765935,54936,53978,903,54881,576
2021-11-14,Santa Barbara,083,443738,45175,44842,1554,46396,539
2021-11-14,Santa Clara,085,1922200,149537,148152,1404,149556,1913
2021-11-14,Santa Cruz,087,273765,20840,20609,1005,21614,223
2021-11-14,Shasta,089,179085,22075,21771,3632,25403,373
2021-11-14,Sierra,091,2930,194,189,21,210,0
2021-11-14,Siskiyou,093,43540,3392,3302,1308,4610,54
2021-11-14,Solano,095,438530,46515,45860,1292,47152,351
2021-11-14,Sonoma,097,501317,42240,41974,530,42504,401
2021-11-14,Stanislaus,099,539301,79941,80076,8943,89019,1174
2021-11-14,Sutter,101,95872,14037,14031,363,14394,181
2021-11-14,Tehama,103,63373,8705,8607,1497,10104,125
2021-11-14,Trinity,105,12862,878,754,212,966,17
2021-11-14,Tulare,107,460477,69921,68772,15338,84110,1037
2021-11-14,Tuolumne,109,53932,7522,7439,111,7550,90
2021-11-14,Ventura,111,848112,99285,98550,4300,102850,1183
2021-11-14,Yolo,113,214977,20188,20040,1080,21120,255
2021-11-14,Yuba,115,75493,10320,10238,350,10588,85
2021-11-13,Alameda,001,1643700,120905,120407,2789,123196,1454
2021-11-13,Alpine,003,1148,102,105,0,105,0
2021-11-13,Amador,005,37829,5645,5614,64,5678,66
2021-11-13,Butte,007,227075,21404,21104,3933,25037,296
2021-11-13,Calaveras,009,45235,4252,4203,59,4262,83
2021-11-13,Colusa,011,21464,2566,2522,647,3169,19
2021-11-13,Contra Costa,013,1133247,100722,100004,2215,102219,1028
2021-11-13,Del Norte,015,27424,3713,3629,54,3683,42
2021-11-13,El Dorado,017,186661,16426,16163,1739,17902,159
2021-11-13,Fresno,019,978130,143489,141452,12890,154342,2205
2021-11-13,Glenn,021,27897,3551,3514,1024,4538,34
2021-11-13,Humboldt,023,135768,9309,9177,595,9772,115
2021-11-13,Imperial,025,180216,34373,33990,3288,37278,766
2021-11-13,Inyo,027,18085,2472,2436,38,2474,42
2021-11-13,Kern,029,883053,130389,128472,22926,151398,1719
2021-11-13,Kings,031,150075,32922,32452,1958,34410,347
2021-11-13,Lake,033,64148,6856,6769,152,6921,109
2021-11-13,Lassen,035,31185,6977,6897,392,7289,47
2021-11-13,Los Angeles,037,10098052,1455750,1443088,54079,1497167,26649
2021-11-13,Madera,039,155013,23848,23462,2184,25646,287
2021-11-13,Marin,041,260295,17814,17684,466,18150,247
2021-11-13,Mariposa,043,17540,1380,1323,51,1374,6
2021-11-13,Mendocino,045,87422,7799,7652,617,8269,89
2021-11-13,Merced,047,269075,42595,42411,1997,44408,644
2021-11-13,Modoc,049,8938,555,536,198,734,5
2021-11-13,Mono,051,14174,1769,1750,21,1771,4
2021-11-13,Monterey,053,433212,49226,48087,3014,51101,609
2021-11-13,Napa,055,140530,13178,13110,111,13221,103
2021-11-13,Nevada,057,99092,9498,9369,331,9700,92
2021-11-13,Orange,059,3164182,310885,308211,15427,323638,5641
2021-11-13,Placer,061,380077,37925,37453,3726,41179,445
2021-11-13,Plumas,063,18699,1885,1828,42,1870,8
2021-11-13,Riverside,065,2383286,368910,363801,16384,380185,5187
2021-11-13,Sacramento,067,1510023,161704,160397,4716,165113,2291
2021-11-13,San Benito,069,59416,7499,7491,170,7661,77
2021-11-13,San Bernardino,071,2135413,359783,356325,11317,367642,5873
2021-11-13,San Diego,073,3302833,379685,377633,22259,399892,4280
2021-11-13,San Francisco,075,870044,53906,53195,2337,55532,667
2021-11-13,San Joaquin,077,732212,101191,100263,5436,105699,1799
2021-11-13,San Luis Obispo,079,281455,30074,29589,1273,30862,351
2021-11-13,San Mateo,081,765935,54898,53853,902,54755,574
2021-11-13,Santa Barbara,083,443738,45142,44734,1554,46288,537
2021-11-13,Santa Clara,085,1922200,149417,147821,1399,149220,1905
2021-11-13,Santa Cruz,087,273765,20825,20565,1004,21569,223
2021-11-13,Shasta,089,179085,22044,21713,3628,25341,366
2021-11-13,Sierra,091,2930,193,188,21,209,0
2021-11-13,Siskiyou,093,43540,3383,3299,1307,4606,54
2021-11-13,Solano,095,438530,46486,45774,1288,47062,350
2021-11-13,Sonoma,097,501317,42206,41882,529,42411,399
2021-11-13,Stanislaus,099,539301,79866,79872,8929,88801,1174
2021-11-13,Sutter,101,95872,14027,14017,362,14379,181
2021-11-13,Tehama,103,63373,8699,8592,1493,10085,125
2021-11-13,Trinity,105,12862,877,749,212,961,17
2021-11-13,Tulare,107,460477,69855,68619,15315,83934,1033
2021-11-13,Tuolumne,109,53932,7504,7392,111,7503,90
2021-11-13,Ventura,111,848112,99227,98452,4297,102749,1183
2021-11-13,Yolo,113,214977,20174,20009,1075,21084,255
2021-11-13,Yuba,115,75493,10310,10218,348,10566,85
2021-11-12,Alameda,001,1643700,120819,120407,2786,123193,1454
2021-11-12,Alpine,003,1148,102,105,0,105,0
2021-11-12,Amador,005,37829,5641,5614,63,5677,66
2021-11-12,Butte,007,227075,21386,21104,3929,25033,296
2021-11-12,Calaveras,009,45235,4241,4203,59,4262,83
2021-11-12,Colusa,011,21464,2562,2522,646,3168,19
2021-11-12,Contra Costa,013,1133247,100668,100004,2214,102218,1028
2021-11-12,Del Norte,015,27424,3712,3629,54,3683,42
2021-11-12,El Dorado,017,186661,16407,16163,1738,17901,159
2021-11-12,Fresno,019,978130,143346,141452,12877,154329,2205
2021-11-12,Glenn,021,27897,3548,3514,1023,4537,34
2021-11-12,Humboldt,023,135768,9302,9177,593,9770,115
2021-11-12,Imperial,025,180216,34346,33990,3279,37269,766
2021-11-12,Inyo,027,18085,2468,2436,38,2474,42
2021-11-12,Kern,029,883053,130252,128472,22893,151365,1719
2021-11-12,Kings,031,150075,32896,32452,1956,34408,347
2021-11-12,Lake,033,64148,6852,6769,152,6921,109
2021-11-12,Lassen,035,31185,6973,6897,391,7288,47
2021-11-12,Los Angeles,037,10098052,1455023,1443088,54034,1497122,26649
2021-11-12,Madera,039,155013,23819,23462,2179,25641,287
2021-11-12,Marin,041,260295,17798,17684,465,18149,247
2021-11-12,Mariposa,043,17540,1373,1323,51,1374,6
2021-11-12,Mendocino,045,87422,7787,7652,614,8266,89
2021-11-12,Merced,047,269075,42566,42411,1995,44406,644
2021-11-12,Modoc,049,8938,554,536,198,734,5
2021-11-12,Mono,051,14174,1767,1750,21,1771,4
2021-11-12,Monterey,053,433212,49194,48087,3008,51095,609
2021-11-12,Napa,055,140530,13169,13110,111,13221,103
2021-11-12,Nevada,057,99092,9484,9369,330,9699,92
2021-11-12,Orange,059,3164182,310697,308211,15409,323620,5641
2021-11-12,Placer,061,380077,37886,37453,3723,41176,445
2021-11-12,Plumas,063,18699,1879,1828,42,1870,8
2021-11-12,Riverside,065,2383286,368643,363801,16380,380181,5187
2021-11-12,Sacramento,067,1510023,161545,160397,4711,165108,2291
2021-11-12,San Benito,069,59416,7499,7491,170,7661,77
2021-11-12,San Bernardino,071,2135413,359474,356325,11307,367632,5873
2021-11-12,San Diego,073,3302833,379318,377633,22237,399870,4280
2021-11-12,San Francisco,075,870044,53872,53195,2333,55528,667
2021-11-12,San Joaquin,077,732212,101146,100263,5429,105692,1799
2021-11-12,San Luis Obispo,079,281455,30045,29589,1272,30861,351
2021-11-12,San Mateo,081,765935,54848,53853,899,54752,574
2021-11-12,Santa Barbara,083,443738,45087,44734,1553,46287,537
2021-11-12,Santa Clara,085,1922200,149275,147821,1395,149216,1905
2021-11-12,Santa Cruz,087,273765,20797,20565,1002,21567,223
2021-11-12,Shasta,089,179085,22011,21713,3625,25338,366
2021-11-12,Sierra,091,2930,192,188,21,209,0
2021-11-12,Siskiyou,093,43540,3382,3299,1305,4604,54
2021-11-12,Solano,095,438530,46459,45774,1284,47058,350
2021-11-12,Sonoma,097,501317,42166,41882,529,42411,399
2021-11-12,Stanislaus,099,539301,79814,79872,8921,88793,1174
2021-11-12,Sutter,101,95872,14020,14017,362,14379,181
2021-11-12,Tehama,103,63373,8695,8592,1492,10084,125
2021-11-12,Trinity,105,12862,870,749,212,961,17
2021-11-12,Tulare,107,460477,69813,68619,15280,83899,1033
2021-11-12,Tuolumne,109,53932,7491,7392,110,7502,90
2021-11-12,Ventura,111,848112,99162,98452,4296,102748,1183
2021-11-12,Yolo,113,214977,20160,20009,1069,21078,255
2021-11-12,Yuba,115,75493,10301,10218,347,10565,85
2021-11-11,Alameda,001,1643700,120705,120147,2778,122925,1453
2021-11-11,Alpine,003,1148,102,105,0,105,0
2021-11-11,Amador,005,37829,5638,5603,62,5665,66
2021-11-11,Butte,007,227075,21343,21047,3922,24969,293
2021-11-11,Calaveras,009,45235,4223,4179,59,4238,83
2021-11-11,Colusa,011,21464,2554,2518,644,3162,19
2021-11-11,Contra Costa,013,1133247,100564,99808,2210,102018,1028
2021-11-11,Del Norte,015,27424,3710,3622,54,3676,42
2021-11-11,El Dorado,017,186661,16373,16085,1735,17820,159
2021-11-11,Fresno,019,978130,143142,140833,12843,153676,2202
2021-11-11,Glenn,021,27897,3546,3503,1022,4525,34
2021-11-11,Humboldt,023,135768,9279,9125,590,9715,115
2021-11-11,Imperial,025,180216,34277,33844,3257,37101,766
2021-11-11,Inyo,027,18085,2463,2428,38,2466,42
2021-11-11,Kern,029,883053,130067,128023,22830,150853,1709
2021-11-11,Kings,031,150075,32846,32318,1954,34272,345
2021-11-11,Lake,033,64148,6845,6745,152,6897,107
2021-11-11,Lassen,035,31185,6967,6875,391,7266,47
2021-11-11,Los Angeles,037,10098052,1453926,1440436,53976,1494412,26614
2021-11-11,Madera,039,155013,23772,23316,2171,25487,287
2021-11-11,Marin,041,260295,17788,17639,465,18104,247
2021-11-11,Mariposa,043,17540,1363,1317,51,1368,6
2021-11-11,Mendocino,045,87422,7772,7612,605,8217,89
2021-11-11,Merced,047,269075,42510,42292,1992,44284,643
2021-11-11,Modoc,049,8938,552,536,198,734,5
2021-11-11,Mono,051,14174,1763,1743,21,1764,4
2021-11-11,Monterey,053,433212,49159,48008,2996,51004,609
2021-11-11,Napa,055,140530,13161,13075,111,13186,103
2021-11-11,Nevada,057,99092,9462,9308,330,9638,92
2021-11-11,Orange,059,3164182,310424,307674,15372,323046,5633
2021-11-11,Placer,061,380077,37834,37333,3715,41048,440
2021-11-11,Plumas,063,18699,1875,1814,42,1856,7
2021-11-11,Riverside,065,2383286,368209,362930,16362,379292,5175
2021-11-11,Sacramento,067,1510023,161333,159962,4692,164654,2289
2021-11-11,San Benito,069,59416,7491,7473,170,7643,76
2021-11-11,San Bernardino,071,2135413,359044,355413,11294,366707,5849
2021-11-11,San Diego,073,3302833,378809,376428,22214,398642,4272
2021-11-11,San Francisco,075,870044,53813,53063,2332,55395,666
2021-11-11,San Joaquin,077,732212,101051,99937,5413,105350,1799
2021-11-11,San Luis Obispo,079,281455,29994,29532,1270,30802,351
2021-11-11,San Mateo,081,765935,54799,53722,894,54616,574
2021-11-11,Santa Barbara,083,443738,45030,44603,1550,46153,534
2021-11-11,Santa Clara,085,1922200,149093,147458,1389,148847,1901
2021-11-11,Santa Cruz,087,273765,20752,20479,1002,21481,222
2021-11-11,Shasta,089,179085,21966,21600,3623,25223,364
2021-11-11,Sierra,091,2930,191,186,21,207,0
2021-11-11,Siskiyou,093,43540,3376,3297,1304,4601,53
2021-11-11,Solano,095,438530,46422,45679,1283,46962,350
2021-11-11,Sonoma,097,501317,42129,41774,529,42303,395
2021-11-11,Stanislaus,099,539301,79732,79570,8905,88475,1166
2021-11-11,Sutter,101,95872,14005,13993,361,14354,181
2021-11-11,Tehama,103,63373,8683,8565,1490,10055,125
2021-11-11,Trinity,105,12862,869,748,212,960,17
2021-11-11,Tulare,107,460477,69720,68367,15244,83611,1028
2021-11-11,Tuolumne,109,53932,7478,7354,110,7464,90
2021-11-11,Ventura,111,848112,99084,98297,4289,102586,1182
2021-11-11,Yolo,113,214977,20133,19946,1067,21013,255
2021-11-11,Yuba,115,75493,10285,10191,347,10538,85
2021-11-10,Alameda,001,1643700,120595,120147,2769,122916,1453
2021-11-10,Alpine,003,1148,102,105,0,105,0
2021-11-10,Amador,005,37829,5632,5603,62,5665,66
2021-11-10,Butte,007,227075,21316,21047,3918,24965,293
2021-11-10,Calaveras,009,45235,4212,4179,59,4238,83
2021-11-10,Colusa,011,21464,2548,2518,644,3162,19
2021-11-10,Contra Costa,013,1133247,100481,99808,2206,102014,1028
2021-11-10,Del Norte,015,27424,3709,3622,54,3676,42
2021-11-10,El Dorado,017,186661,16357,16085,1734,17819,159
2021-11-10,Fresno,019,978130,142963,140833,12830,153663,2202
2021-11-10,Glenn,021,27897,3546,3503,1021,4524,34
2021-11-10,Humboldt,023,135768,9261,9125,590,9715,115
2021-11-10,Imperial,025,180216,34229,33844,3238,37082,766
2021-11-10,Inyo,027,18085,2456,2428,38,2466,42
2021-11-10,Kern,029,883053,129917,128023,22775,150798,1709
2021-11-10,Kings,031,150075,32813,32318,1952,34270,345
2021-11-10,Lake,033,64148,6835,6745,152,6897,107
2021-11-10,Lassen,035,31185,6962,6875,391,7266,47
2021-11-10,Los Angeles,037,10098052,1452976,1440436,53916,1494352,26614
2021-11-10,Madera,039,155013,23722,23316,2165,25481,287
2021-11-10,Marin,041,260295,17775,17639,463,18102,247
2021-11-10,Mariposa,043,17540,1357,1317,51,1368,6
2021-11-10,Mendocino,045,87422,7760,7612,604,8216,89
2021-11-10,Merced,047,269075,42475,42292,1990,44282,643
2021-11-10,Modoc,049,8938,551,536,197,733,5
2021-11-10,Mono,051,14174,1761,1743,21,1764,4
2021-11-10,Monterey,053,433212,49125,48008,2985,50993,609
2021-11-10,Napa,055,140530,13147,13075,110,13185,103
2021-11-10,Nevada,057,99092,9455,9308,328,9636,92
2021-11-10,Orange,059,3164182,310160,307674,15340,323014,5633
2021-11-10,Placer,061,380077,37788,37333,3708,41041,440
2021-11-10,Plumas,063,18699,1869,1814,41,1855,7
2021-11-10,Riverside,065,2383286,367827,362930,16356,379286,5175
2021-11-10,Sacramento,067,1510023,161178,159962,4682,164644,2289
2021-11-10,San Benito,069,59416,7483,7473,170,7643,76
2021-11-10,San Bernardino,071,2135413,358703,355413,11287,366700,5849
2021-11-10,San Diego,073,3302833,378405,376428,22192,398620,4272
2021-11-10,San Francisco,075,870044,53752,53063,2329,55392,666
2021-11-10,San Joaquin,077,732212,100946,99937,5408,105345,1799
2021-11-10,San Luis Obispo,079,281455,29963,29532,1269,30801,351
2021-11-10,San Mateo,081,765935,54746,53722,893,54615,574
2021-11-10,Santa Barbara,083,443738,44992,44603,1549,46152,534
2021-11-10,Santa Clara,085,1922200,148946,147458,1383,148841,1901
2021-11-10,Santa Cruz,087,273765,20725,20479,1001,21480,222
2021-11-10,Shasta,089,179085,21930,21600,3621,25221,364
2021-11-10,Sierra,091,2930,190,186,21,207,0
2021-11-10,Siskiyou,093,43540,3374,3297,1304,4601,53
2021-11-10,Solano,095,438530,46392,45679,1281,46960,350
2021-11-10,Sonoma,097,501317,42078,41774,529,42303,395
2021-11-10,Stanislaus,099,539301,79630,79570,8889,88459,1166
2021-11-10,Sutter,101,95872,13997,13993,361,14354,181
2021-11-10,Tehama,103,63373,8671,8565,1484,10049,125
2021-11-10,Trinity,105,12862,865,748,211,959,17
2021-11-10,Tulare,107,460477,69659,68367,15205,83572,1028
2021-11-10,Tuolumne,109,53932,7454,7354,110,7464,90
2021-11-10,Ventura,111,848112,99013,98297,4289,102586,1182
2021-11-10,Yolo,113,214977,20114,19946,1066,21012,255
2021-11-10,Yuba,115,75493,10276,10191,347,10538,85
2021-11-09,Alameda,001,1643700,120458,120051,2760,122811,1450
2021-11-09,Alpine,003,1148,102,105,0,105,0
2021-11-09,Amador,005,37829,5626,5596,62,5658,66
2021-11-09,Butte,007,227075,21292,21022,3914,24936,291
2021-11-09,Calaveras,009,45235,4208,4174,59,4233,84
2021-11-09,Colusa,011,21464,2543,2517,643,3160,19
2021-11-09,Contra Costa,013,1133247,100386,99732,2198,101930,1028
2021-11-09,Del Norte,015,27424,3708,3620,54,3674,42
2021-11-09,El Dorado,017,186661,16319,16073,1729,17802,160
2021-11-09,Fresno,019,978130,142717,140666,12815,153481,2188
2021-11-09,Glenn,021,27897,3541,3499,1020,4519,34
2021-11-09,Humboldt,023,135768,9240,9112,585,9697,115
2021-11-09,Imperial,025,180216,34176,33751,3224,36975,766
2021-11-09,Inyo,027,18085,2452,2404,38,2442,42
2021-11-09,Kern,029,883053,129671,127901,22713,150614,1694
2021-11-09,Kings,031,150075,32746,32279,1948,34227,344
2021-11-09,Lake,033,64148,6826,6743,152,6895,106
2021-11-09,Lassen,035,31185,6950,6846,391,7237,47
2021-11-09,Los Angeles,037,10098052,1451713,1439125,53855,1492980,26581
2021-11-09,Madera,039,155013,23672,23285,2156,25441,287
2021-11-09,Marin,041,260295,17756,17630,461,18091,247
2021-11-09,Mariposa,043,17540,1349,1317,51,1368,5
2021-11-09,Mendocino,045,87422,7737,7598,598,8196,85
2021-11-09,Merced,047,269075,42434,42251,1984,44235,613
2021-11-09,Modoc,049,8938,550,536,195,731,5
2021-11-09,Mono,051,14174,1756,1738,21,1759,4
2021-11-09,Monterey,053,433212,49089,47975,2961,50936,609
2021-11-09,Napa,055,140530,13129,13051,110,13161,103
2021-11-09,Nevada,057,99092,9436,9288,328,9616,92
2021-11-09,Orange,059,3164182,309876,307412,15313,322725,5621
2021-11-09,Placer,061,380077,37733,37291,3691,40982,440
2021-11-09,Plumas,063,18699,1867,1802,41,1843,7
2021-11-09,Riverside,065,2383286,367360,362557,16342,378899,5160
2021-11-09,Sacramento,067,1510023,160937,159856,4673,164529,2286
2021-11-09,San Benito,069,59416,7473,7471,169,7640,76
2021-11-09,San Bernardino,071,2135413,358252,354972,11270,366242,5839
2021-11-09,San Diego,073,3302833,377910,375997,22166,398163,4272
2021-11-09,San Francisco,075,870044,53678,52996,2323,55319,666
2021-11-09,San Joaquin,077,732212,100771,99848,5395,105243,1794
2021-11-09,San Luis Obispo,079,281455,29921,29488,1268,30756,350
2021-11-09,San Mateo,081,765935,54699,53697,884,54581,574
2021-11-09,Santa Barbara,083,443738,44925,44579,1542,46121,533
2021-11-09,Santa Clara,085,1922200,148739,147281,1376,148657,1901
2021-11-09,Santa Cruz,087,273765,20691,20463,1000,21463,222
2021-11-09,Shasta,089,179085,21875,21558,3616,25174,364
2021-11-09,Sierra,091,2930,190,186,21,207,0
2021-11-09,Siskiyou,093,43540,3372,3295,1302,4597,52
2021-11-09,Solano,095,438530,46337,45639,1280,46919,350
2021-11-09,Sonoma,097,501317,42021,41727,527,42254,395
2021-11-09,Stanislaus,099,539301,79524,79505,8872,88377,1165
2021-11-09,Sutter,101,95872,13982,13988,359,14347,180
2021-11-09,Tehama,103,63373,8653,8555,1482,10037,125
2021-11-09,Trinity,105,12862,864,746,211,957,17
2021-11-09,Tulare,107,460477,69552,68298,15166,83464,1024
2021-11-09,Tuolumne,109,53932,7434,7347,110,7457,90
2021-11-09,Ventura,111,848112,98935,98202,4284,102486,1182
2021-11-09,Yolo,113,214977,20090,19931,1062,20993,255
2021-11-09,Yuba,115,75493,10259,10175,341,10516,85
2021-11-08,Alameda,001,1643700,120314,119983,2754,122737,1447
2021-11-08,Alpine,003,1148,102,105,0,105,0
2021-11-08,Amador,005,37829,5620,5590,62,5652,66
2021-11-08,Butte,007,227075,21264,21000,3905,24905,288
2021-11-08,Calaveras,009,45235,4200,4166,59,4225,82
2021-11-08,Colusa,011,21464,2542,2514,642,3156,19
2021-11-08,Contra Costa,013,1133247,100282,99669,2194,101863,1028
2021-11-08,Del Norte,015,27424,3704,3619,54,3673,42
2021-11-08,El Dorado,017,186661,16300,16055,1724,17779,156
2021-11-08,Fresno,019,978130,142416,140466,12793,153259,2179
2021-11-08,Glenn,021,27897,3539,3496,1016,4512,34
2021-11-08,Humboldt,023,135768,9214,9095,575,9670,109
2021-11-08,Imperial,025,180216,34096,33690,3206,36896,766
2021-11-08,Inyo,027,18085,2445,2398,38,2436,41
2021-11-08,Kern,029,883053,129435,127722,22630,150352,1692
2021-11-08,Kings,031,150075,32700,32248,1947,34195,344
2021-11-08,Lake,033,64148,6820,6737,152,6889,106
2021-11-08,Lassen,035,31185,6943,6830,389,7219,46
2021-11-08,Los Angeles,037,10098052,1450367,1438322,53798,1492120,26575
2021-11-08,Madera,039,155013,23623,23253,2145,25398,287
2021-11-08,Marin,041,260295,17739,17617,458,18075,247
2021-11-08,Mariposa,043,17540,1341,1316,50,1366,5
2021-11-08,Mendocino,045,87422,7724,7581,592,8173,85
2021-11-08,Merced,047,269075,42364,42224,1974,44198,607
2021-11-08,Modoc,049,8938,549,529,195,724,5
2021-11-08,Mono,051,14174,1752,1739,21,1760,4
2021-11-08,Monterey,053,433212,49048,47942,2941,50883,602
2021-11-08,Napa,055,140530,13115,13045,110,13155,103
2021-11-08,Nevada,057,99092,9417,9278,326,9604,92
2021-11-08,Orange,059,3164182,309604,307156,15282,322438,5616
2021-11-08,Placer,061,380077,37680,37250,3688,40938,439
2021-11-08,Plumas,063,18699,1866,1788,40,1828,7
2021-11-08,Riverside,065,2383286,366905,362201,16328,378529,5152
2021-11-08,Sacramento,067,1510023,160721,159735,4652,164387,2275
2021-11-08,San Benito,069,59416,7471,7461,169,7630,75
2021-11-08,San Bernardino,071,2135413,357740,354741,11252,365993,5836
2021-11-08,San Diego,073,3302833,377348,375557,22119,397676,4259
2021-11-08,San Francisco,075,870044,53625,52942,2317,55259,666
2021-11-08,San Joaquin,077,732212,100654,99736,5393,105129,1794
2021-11-08,San Luis Obispo,079,281455,29869,29464,1263,30727,350
2021-11-08,San Mateo,081,765935,54626,53658,879,54537,574
2021-11-08,Santa Barbara,083,443738,44871,44548,1541,46089,532
2021-11-08,Santa Clara,085,1922200,148513,147183,1370,148553,1899
2021-11-08,Santa Cruz,087,273765,20662,20435,1000,21435,222
2021-11-08,Shasta,089,179085,21828,21504,3610,25114,354
2021-11-08,Sierra,091,2930,190,183,21,204,0
2021-11-08,Siskiyou,093,43540,3368,3290,1291,4581,50
2021-11-08,Solano,095,438530,46296,45613,1276,46889,350
2021-11-08,Sonoma,097,501317,41953,41669,526,42195,395
2021-11-08,Stanislaus,099,539301,79372,79417,8858,88275,1150
2021-11-08,Sutter,101,95872,13974,13976,355,14331,180
2021-11-08,Tehama,103,63373,8644,8534,1482,10016,123
2021-11-08,Trinity,105,12862,864,743,210,953,13
2021-11-08,Tulare,107,460477,69435,68199,15128,83327,1020
2021-11-08,Tuolumne,109,53932,7415,7328,109,7437,90
2021-11-08,Ventura,111,848112,98842,98144,4282,102426,1182
2021-11-08,Yolo,113,214977,20052,19916,1057,20973,255
2021-11-08,Yuba,115,75493,10248,10172,338,10510,83
2021-11-07,Alameda,001,1643700,120155,119902,2748,122650,1444
2021-11-07,Alpine,003,1148,102,105,0,105,0
2021-11-07,Amador,005,37829,5612,5580,60,5640,66
2021-11-07,Butte,007,227075,21223,20969,3896,24865,288
2021-11-07,Calaveras,009,45235,4173,4158,58,4216,82
2021-11-07,Colusa,011,21464,2536,2511,640,3151,19
2021-11-07,Contra Costa,013,1133247,100171,99596,2185,101781,1028
2021-11-07,Del Norte,015,27424,3702,3617,54,3671,42
2021-11-07,El Dorado,017,186661,16263,16040,1721,17761,156
2021-11-07,Fresno,019,978130,142075,140263,12766,153029,2179
2021-11-07,Glenn,021,27897,3532,3493,1015,4508,34
2021-11-07,Humboldt,023,135768,9190,9074,571,9645,109
2021-11-07,Imperial,025,180216,34023,33674,3187,36861,766
2021-11-07,Inyo,027,18085,2432,2394,38,2432,41
2021-11-07,Kern,029,883053,129164,127583,22539,150122,1692
2021-11-07,Kings,031,150075,32608,32221,1944,34165,343
2021-11-07,Lake,033,64148,6804,6734,151,6885,106
2021-11-07,Lassen,035,31185,6935,6819,385,7204,46
2021-11-07,Los Angeles,037,10098052,1448873,1437314,53723,1491037,26573
2021-11-07,Madera,039,155013,23578,23225,2137,25362,287
2021-11-07,Marin,041,260295,17719,17594,457,18051,247
2021-11-07,Mariposa,043,17540,1339,1306,50,1356,5
2021-11-07,Mendocino,045,87422,7696,7567,588,8155,85
2021-11-07,Merced,047,269075,42286,42186,1943,44129,607
2021-11-07,Modoc,049,8938,546,528,194,722,5
2021-11-07,Mono,051,14174,1746,1739,21,1760,4
2021-11-07,Monterey,053,433212,48996,47924,2937,50861,602
2021-11-07,Napa,055,140530,13094,13041,110,13151,103
2021-11-07,Nevada,057,99092,9369,9254,326,9580,92
2021-11-07,Orange,059,3164182,309280,306954,15244,322198,5616
2021-11-07,Placer,061,380077,37604,37202,3673,40875,439
2021-11-07,Plumas,063,18699,1859,1787,39,1826,7
2021-11-07,Riverside,065,2383286,366368,361960,16308,378268,5152
2021-11-07,Sacramento,067,1510023,160487,159549,4635,164184,2277
2021-11-07,San Benito,069,59416,7458,7460,169,7629,75
2021-11-07,San Bernardino,071,2135413,357223,354488,11229,365717,5832
2021-11-07,San Diego,073,3302833,376767,375165,22086,397251,4250
2021-11-07,San Francisco,075,870044,53541,52868,2311,55179,666
2021-11-07,San Joaquin,077,732212,100470,99696,5387,105083,1794
2021-11-07,San Luis Obispo,079,281455,29819,29454,1259,30713,350
2021-11-07,San Mateo,081,765935,54567,53600,877,54477,574
2021-11-07,Santa Barbara,083,443738,44808,44501,1540,46041,532
2021-11-07,Santa Clara,085,1922200,148309,147054,1357,148411,1898
2021-11-07,Santa Cruz,087,273765,20604,20397,999,21396,222
2021-11-07,Shasta,089,179085,21780,21479,3604,25083,354
2021-11-07,Sierra,091,2930,188,183,21,204,0
2021-11-07,Siskiyou,093,43540,3362,3289,1289,4578,51
2021-11-07,Solano,095,438530,46241,45582,1269,46851,350
2021-11-07,Sonoma,097,501317,41903,41630,525,42155,395
2021-11-07,Stanislaus,099,539301,79217,79351,8836,88187,1150
2021-11-07,Sutter,101,95872,13961,13964,352,14316,180
2021-11-07,Tehama,103,63373,8619,8528,1480,10008,121
2021-11-07,Trinity,105,12862,863,742,209,951,13
2021-11-07,Tulare,107,460477,69282,68145,15085,83230,1020
2021-11-07,Tuolumne,109,53932,7397,7300,107,7407,90
2021-11-07,Ventura,111,848112,98751,98085,4280,102365,1182
2021-11-07,Yolo,113,214977,20032,19899,1053,20952,255
2021-11-07,Yuba,115,75493,10231,10162,333,10495,83
2021-11-06,Alameda,001,1643700,120092,119499,2745,122244,1436
2021-11-06,Alpine,003,1148,102,105,0,105,0
2021-11-06,Amador,005,37829,5606,5557,60,5617,66
2021-11-06,Butte,007,227075,21203,20796,3892,24688,288
2021-11-06,Calaveras,009,45235,4165,4105,58,4163,82
2021-11-06,Colusa,011,21464,2535,2501,639,3140,19
2021-11-06,Contra Costa,013,1133247,100116,99282,2183,101465,1025
2021-11-06,Del Norte,015,27424,3699,3607,54,3661,42
2021-11-06,El Dorado,017,186661,16246,15958,1721,17679,156
2021-11-06,Fresno,019,978130,141957,139249,12761,152010,2170
2021-11-06,Glenn,021,27897,3529,3479,1015,4494,33
2021-11-06,Humboldt,023,135768,9178,8972,567,9539,109
2021-11-06,Imperial,025,180216,33979,33471,3181,36652,766
2021-11-06,Inyo,027,18085,2426,2353,38,2391,41
2021-11-06,Kern,029,883053,129030,126848,22487,149335,1684
2021-11-06,Kings,031,150075,32575,32018,1939,33957,342
2021-11-06,Lake,033,64148,6802,6695,151,6846,106
2021-11-06,Lassen,035,31185,6930,6796,384,7180,46
2021-11-06,Los Angeles,037,10098052,1448102,1433081,53680,1486761,26533
2021-11-06,Madera,039,155013,23542,22994,2127,25121,287
2021-11-06,Marin,041,260295,17700,17520,454,17974,247
2021-11-06,Mariposa,043,17540,1337,1282,50,1332,5
2021-11-06,Mendocino,045,87422,7674,7486,588,8074,85
2021-11-06,Merced,047,269075,42262,41958,1935,43893,604
2021-11-06,Modoc,049,8938,545,523,194,717,5
2021-11-06,Mono,051,14174,1744,1725,21,1746,4
2021-11-06,Monterey,053,433212,48964,47830,2927,50757,602
2021-11-06,Napa,055,140530,13084,12950,110,13060,103
2021-11-06,Nevada,057,99092,9347,9169,325,9494,91
2021-11-06,Orange,059,3164182,309074,306049,15218,321267,5611
2021-11-06,Placer,061,380077,37563,36967,3670,40637,438
2021-11-06,Plumas,063,18699,1855,1755,38,1793,7
2021-11-06,Riverside,065,2383286,366049,360584,16300,376884,5138
2021-11-06,Sacramento,067,1510023,160394,158766,4630,163396,2263
2021-11-06,San Benito,069,59416,7451,7429,169,7598,75
2021-11-06,San Bernardino,071,2135413,356953,353142,11225,364367,5813
2021-11-06,San Diego,073,3302833,376431,373423,22068,395491,4246
2021-11-06,San Francisco,075,870044,53488,52556,2308,54864,666
2021-11-06,San Joaquin,077,732212,100413,99372,5386,104758,1782
2021-11-06,San Luis Obispo,079,281455,29791,29335,1255,30590,350
2021-11-06,San Mateo,081,765935,54532,53442,876,54318,574
2021-11-06,Santa Barbara,083,443738,44772,44301,1539,45840,532
2021-11-06,Santa Clara,085,1922200,148164,146519,1352,147871,1894
2021-11-06,Santa Cruz,087,273765,20585,20311,997,21308,222
2021-11-06,Shasta,089,179085,21761,21281,3599,24880,349
2021-11-06,Sierra,091,2930,188,181,21,202,0
2021-11-06,Siskiyou,093,43540,3362,3279,1287,4566,48
2021-11-06,Solano,095,438530,46211,45465,1268,46733,350
2021-11-06,Sonoma,097,501317,41853,41398,524,41922,395
2021-11-06,Stanislaus,099,539301,79149,78902,8828,87730,1193
2021-11-06,Sutter,101,95872,13957,13908,351,14259,180
2021-11-06,Tehama,103,63373,8607,8474,1478,9952,120
2021-11-06,Trinity,105,12862,860,732,209,941,11
2021-11-06,Tulare,107,460477,69233,67767,15056,82823,1010
2021-11-06,Tuolumne,109,53932,7385,7245,107,7352,90
2021-11-06,Ventura,111,848112,98684,97770,4275,102045,1180
2021-11-06,Yolo,113,214977,20015,19827,1049,20876,255
2021-11-06,Yuba,115,75493,10217,10107,333,10440,83
2021-11-05,Alameda,001,1643700,120008,119499,2743,122242,1436
2021-11-05,Alpine,003,1148,102,105,0,105,0
2021-11-05,Amador,005,37829,5601,5557,60,5617,66
2021-11-05,Butte,007,227075,21190,20796,3891,24687,288
2021-11-05,Calaveras,009,45235,4160,4105,58,4163,82
2021-11-05,Colusa,011,21464,2535,2501,638,3139,19
2021-11-05,Contra Costa,013,1133247,100051,99282,2181,101463,1025
2021-11-05,Del Norte,015,27424,3697,3607,54,3661,42
2021-11-05,El Dorado,017,186661,16229,15958,1715,17673,156
2021-11-05,Fresno,019,978130,141778,139249,12750,151999,2170
2021-11-05,Glenn,021,27897,3528,3479,1014,4493,33
2021-11-05,Humboldt,023,135768,9164,8972,567,9539,109
2021-11-05,Imperial,025,180216,33943,33471,3178,36649,766
2021-11-05,Inyo,027,18085,2418,2353,38,2391,41
2021-11-05,Kern,029,883053,128903,126848,22432,149280,1684
2021-11-05,Kings,031,150075,32551,32018,1938,33956,342
2021-11-05,Lake,033,64148,6796,6695,151,6846,106
2021-11-05,Lassen,035,31185,6926,6796,383,7179,46
2021-11-05,Los Angeles,037,10098052,1447279,1433081,53642,1486723,26533
2021-11-05,Madera,039,155013,23503,22994,2126,25120,287
2021-11-05,Marin,041,260295,17678,17520,453,17973,247
2021-11-05,Mariposa,043,17540,1334,1282,49,1331,5
2021-11-05,Mendocino,045,87422,7663,7486,587,8073,85
2021-11-05,Merced,047,269075,42236,41958,1926,43884,604
2021-11-05,Modoc,049,8938,545,523,194,717,5
2021-11-05,Mono,051,14174,1743,1725,21,1746,4
2021-11-05,Monterey,053,433212,48934,47830,2925,50755,602
2021-11-05,Napa,055,140530,13062,12950,110,13060,103
2021-11-05,Nevada,057,99092,9334,9169,325,9494,91
2021-11-05,Orange,059,3164182,308878,306049,15196,321245,5611
2021-11-05,Placer,061,380077,37536,36967,3661,40628,438
2021-11-05,Plumas,063,18699,1847,1755,38,1793,7
2021-11-05,Riverside,065,2383286,365708,360584,16290,376874,5138
2021-11-05,Sacramento,067,1510023,160272,158766,4623,163389,2263
2021-11-05,San Benito,069,59416,7449,7429,168,7597,75
2021-11-05,San Bernardino,071,2135413,356619,353142,11215,364357,5813
2021-11-05,San Diego,073,3302833,376078,373423,22056,395479,4246
2021-11-05,San Francisco,075,870044,53437,52556,2305,54861,666
2021-11-05,San Joaquin,077,732212,100360,99372,5377,104749,1782
2021-11-05,San Luis Obispo,079,281455,29768,29335,1255,30590,350
2021-11-05,San Mateo,081,765935,54490,53442,874,54316,574
2021-11-05,Santa Barbara,083,443738,44727,44301,1538,45839,532
2021-11-05,Santa Clara,085,1922200,148027,146519,1351,147870,1894
2021-11-05,Santa Cruz,087,273765,20561,20311,996,21307,222
2021-11-05,Shasta,089,179085,21729,21281,3594,24875,349
2021-11-05,Sierra,091,2930,188,181,21,202,0
2021-11-05,Siskiyou,093,43540,3357,3279,1286,4565,48
2021-11-05,Solano,095,438530,46166,45465,1266,46731,350
2021-11-05,Sonoma,097,501317,41813,41398,524,41922,395
2021-11-05,Stanislaus,099,539301,79091,78902,8816,87718,1193
2021-11-05,Sutter,101,95872,13949,13908,350,14258,180
2021-11-05,Tehama,103,63373,8600,8474,1477,9951,120
2021-11-05,Trinity,105,12862,860,732,209,941,11
2021-11-05,Tulare,107,460477,69161,67767,15019,82786,1010
2021-11-05,Tuolumne,109,53932,7368,7245,106,7351,90
2021-11-05,Ventura,111,848112,98644,97770,4273,102043,1180
2021-11-05,Yolo,113,214977,20004,19827,1048,20875,255
2021-11-05,Yuba,115,75493,10204,10107,331,10438,83
2021-11-04,Alameda,001,1643700,119893,119499,2737,122236,1436
2021-11-04,Alpine,003,1148,102,105,0,105,0
2021-11-04,Amador,005,37829,5593,5557,60,5617,66
2021-11-04,Butte,007,227075,21148,20796,3880,24676,288
2021-11-04,Calaveras,009,45235,4146,4105,56,4161,82
2021-11-04,Colusa,011,21464,2529,2501,637,3138,19
2021-11-04,Contra Costa,013,1133247,99960,99282,2176,101458,1025
2021-11-04,Del Norte,015,27424,3694,3607,54,3661,42
2021-11-04,El Dorado,017,186661,16203,15958,1711,17669,156
2021-11-04,Fresno,019,978130,141496,139249,12741,151990,2170
2021-11-04,Glenn,021,27897,3523,3479,1013,4492,33
2021-11-04,Humboldt,023,135768,9139,8972,564,9536,109
2021-11-04,Imperial,025,180216,33886,33471,3169,36640,766
2021-11-04,Inyo,027,18085,2410,2353,38,2391,41
2021-11-04,Kern,029,883053,128671,126848,22363,149211,1684
2021-11-04,Kings,031,150075,32472,32018,1929,33947,342
2021-11-04,Lake,033,64148,6786,6695,149,6844,106
2021-11-04,Lassen,035,31185,6916,6796,378,7174,46
2021-11-04,Los Angeles,037,10098052,1445960,1433081,53561,1486642,26533
2021-11-04,Madera,039,155013,23448,22994,2115,25109,287
2021-11-04,Marin,041,260295,17666,17520,451,17971,247
2021-11-04,Mariposa,043,17540,1327,1282,49,1331,5
2021-11-04,Mendocino,045,87422,7650,7486,581,8067,85
2021-11-04,Merced,047,269075,42182,41958,1922,43880,604
2021-11-04,Modoc,049,8938,544,523,194,717,5
2021-11-04,Mono,051,14174,1738,1725,21,1746,4
2021-11-04,Monterey,053,433212,48890,47830,2909,50739,602
2021-11-04,Napa,055,140530,13040,12950,110,13060,103
2021-11-04,Nevada,057,99092,9303,9169,324,9493,91
2021-11-04,Orange,059,3164182,308629,306049,15178,321227,5611
2021-11-04,Placer,061,380077,37464,36967,3652,40619,438
2021-11-04,Plumas,063,18699,1839,1755,34,1789,7
2021-11-04,Riverside,065,2383286,365310,360584,16281,376865,5138
2021-11-04,Sacramento,067,1510023,160038,158766,4603,163369,2263
2021-11-04,San Benito,069,59416,7443,7429,168,7597,75
2021-11-04,San Bernardino,071,2135413,356180,353142,11207,364349,5813
2021-11-04,San Diego,073,3302833,375609,373423,22035,395458,4246
2021-11-04,San Francisco,075,870044,53356,52556,2301,54857,666
2021-11-04,San Joaquin,077,732212,100254,99372,5365,104737,1782
2021-11-04,San Luis Obispo,079,281455,29744,29335,1249,30584,350
2021-11-04,San Mateo,081,765935,54431,53442,868,54310,574
2021-11-04,Santa Barbara,083,443738,44671,44301,1538,45839,532
2021-11-04,Santa Clara,085,1922200,147868,146519,1347,147866,1894
2021-11-04,Santa Cruz,087,273765,20526,20311,996,21307,222
2021-11-04,Shasta,089,179085,21671,21281,3588,24869,349
2021-11-04,Sierra,091,2930,186,181,21,202,0
2021-11-04,Siskiyou,093,43540,3353,3279,1279,4558,48
2021-11-04,Solano,095,438530,46124,45465,1265,46730,350
2021-11-04,Sonoma,097,501317,41753,41398,524,41922,395
2021-11-04,Stanislaus,099,539301,78954,78902,8808,87710,1193
2021-11-04,Sutter,101,95872,13938,13908,348,14256,180
2021-11-04,Tehama,103,63373,8591,8474,1473,9947,120
2021-11-04,Trinity,105,12862,859,732,209,941,11
2021-11-04,Tulare,107,460477,69046,67767,14973,82740,1010
2021-11-04,Tuolumne,109,53932,7346,7245,104,7349,90
2021-11-04,Ventura,111,848112,98556,97770,4270,102040,1180
2021-11-04,Yolo,113,214977,19979,19827,1043,20870,255
2021-11-04,Yuba,115,75493,10190,10107,329,10436,83
2021-11-03,Alameda,001,1643700,119753,119356,2733,122089,1428
2021-11-03,Alpine,003,1148,102,105,0,105,0
2021-11-03,Amador,005,37829,5587,5545,59,5604,66
2021-11-03,Butte,007,227075,21103,20769,3871,24640,284
2021-11-03,Calaveras,009,45235,4128,4087,55,4142,82
2021-11-03,Colusa,011,21464,2523,2499,637,3136,20
2021-11-03,Contra Costa,013,1133247,99861,99168,2171,101339,1025
2021-11-03,Del Norte,015,27424,3692,3600,53,3653,42
2021-11-03,El Dorado,017,186661,16176,15915,1707,17622,156
2021-11-03,Fresno,019,978130,141135,138873,12719,151592,2166
2021-11-03,Glenn,021,27897,3520,3470,1013,4483,33
2021-11-03,Humboldt,023,135768,9122,8949,559,9508,109
2021-11-03,Imperial,025,180216,33814,33402,3159,36561,766
2021-11-03,Inyo,027,18085,2389,2344,38,2382,41
2021-11-03,Kern,029,883053,128411,126523,22263,148786,1681
2021-11-03,Kings,031,150075,32418,31923,1922,33845,341
2021-11-03,Lake,033,64148,6770,6685,149,6834,106
2021-11-03,Lassen,035,31185,6900,6782,373,7155,46
2021-11-03,Los Angeles,037,10098052,1444605,1431209,53478,1484687,26517
2021-11-03,Madera,039,155013,23380,22893,2106,24999,287
2021-11-03,Marin,041,260295,17645,17491,447,17938,247
2021-11-03,Mariposa,043,17540,1317,1276,49,1325,5
2021-11-03,Mendocino,045,87422,7634,7457,573,8030,84
2021-11-03,Merced,047,269075,42121,41849,1912,43761,597
2021-11-03,Modoc,049,8938,544,521,192,713,5
2021-11-03,Mono,051,14174,1734,1719,21,1740,4
2021-11-03,Monterey,053,433212,48840,47794,2896,50690,601
2021-11-03,Napa,055,140530,13028,12937,109,13046,103
2021-11-03,Nevada,057,99092,9276,9131,323,9454,91
2021-11-03,Orange,059,3164182,308318,305661,15146,320807,5607
2021-11-03,Placer,061,380077,37394,36868,3647,40515,438
2021-11-03,Plumas,063,18699,1828,1739,33,1772,7
2021-11-03,Riverside,065,2383286,364852,360060,16277,376337,5131
2021-11-03,Sacramento,067,1510023,159813,158311,4593,162904,2259
2021-11-03,San Benito,069,59416,7435,7419,168,7587,75
2021-11-03,San Bernardino,071,2135413,355705,352225,11186,363411,5813
2021-11-03,San Diego,073,3302833,375109,372951,22012,394963,4241
2021-11-03,San Francisco,075,870044,53264,52493,2296,54789,663
2021-11-03,San Joaquin,077,732212,100141,99188,5355,104543,1776
2021-11-03,San Luis Obispo,079,281455,29702,29276,1243,30519,348
2021-11-03,San Mateo,081,765935,54367,53396,862,54258,571
2021-11-03,Santa Barbara,083,443738,44614,44220,1535,45755,531
2021-11-03,Santa Clara,085,1922200,147688,146259,1340,147599,1897
2021-11-03,Santa Cruz,087,273765,20491,20275,996,21271,222
2021-11-03,Shasta,089,179085,21613,21215,3581,24796,346
2021-11-03,Sierra,091,2930,184,180,21,201,0
2021-11-03,Siskiyou,093,43540,3349,3276,1277,4553,46
2021-11-03,Solano,095,438530,46097,45411,1263,46674,351
2021-11-03,Sonoma,097,501317,41676,41326,522,41848,395
2021-11-03,Stanislaus,099,539301,78823,78736,8792,87528,1193
2021-11-03,Sutter,101,95872,13925,13876,346,14222,179
2021-11-03,Tehama,103,63373,8579,8438,1473,9911,118
2021-11-03,Trinity,105,12862,858,730,209,939,11
2021-11-03,Tulare,107,460477,68919,67588,14932,82520,1007
2021-11-03,Tuolumne,109,53932,7328,7218,102,7320,90
2021-11-03,Ventura,111,848112,98448,97682,4266,101948,1178
2021-11-03,Yolo,113,214977,19961,19758,1035,20793,250
2021-11-03,Yuba,115,75493,10178,10092,329,10421,83
2021-11-02,Alameda,001,1643700,119607,119241,2727,121968,1425
2021-11-02,Alpine,003,1148,101,105,0,105,0
2021-11-02,Amador,005,37829,5582,5535,59,5594,66
2021-11-02,Butte,007,227075,21059,20744,3859,24603,282
2021-11-02,Calaveras,009,45235,4105,4075,55,4130,82
2021-11-02,Colusa,011,21464,2518,2497,636,3133,19
2021-11-02,Contra Costa,013,1133247,99757,99080,2159,101239,1025
2021-11-02,Del Norte,015,27424,3690,3596,53,3649,42
2021-11-02,El Dorado,017,186661,16147,15883,1707,17590,154
2021-11-02,Fresno,019,978130,140811,138644,12688,151332,2158
2021-11-02,Glenn,021,27897,3512,3469,1010,4479,33
2021-11-02,Humboldt,023,135768,9080,8937,558,9495,109
2021-11-02,Imperial,025,180216,33741,33371,3147,36518,766
2021-11-02,Inyo,027,18085,2382,2324,38,2362,41
2021-11-02,Kern,029,883053,128156,126311,22143,148454,1665
2021-11-02,Kings,031,150075,32359,31896,1917,33813,339
2021-11-02,Lake,033,64148,6765,6681,148,6829,106
2021-11-02,Lassen,035,31185,6888,6777,370,7147,45
2021-11-02,Los Angeles,037,10098052,1443158,1429601,53402,1483003,26496
2021-11-02,Madera,039,155013,23299,22837,2095,24932,287
2021-11-02,Marin,041,260295,17617,17482,447,17929,247
2021-11-02,Mariposa,043,17540,1306,1270,48,1318,5
2021-11-02,Mendocino,045,87422,7610,7447,561,8008,84
2021-11-02,Merced,047,269075,42054,41785,1904,43689,596
2021-11-02,Modoc,049,8938,541,520,191,711,5
2021-11-02,Mono,051,14174,1730,1718,21,1739,4
2021-11-02,Monterey,053,433212,48789,47775,2878,50653,599
2021-11-02,Napa,055,140530,13010,12930,109,13039,104
2021-11-02,Nevada,057,99092,9246,9122,322,9444,91
2021-11-02,Orange,059,3164182,308001,305369,15102,320471,5600
2021-11-02,Placer,061,380077,37322,36817,3632,40449,438
2021-11-02,Plumas,063,18699,1817,1721,33,1754,7
2021-11-02,Riverside,065,2383286,364398,359586,16258,375844,5116
2021-11-02,Sacramento,067,1510023,159556,158112,4571,162683,2250
2021-11-02,San Benito,069,59416,7419,7407,168,7575,75
2021-11-02,San Bernardino,071,2135413,355228,351832,11132,362964,5813
2021-11-02,San Diego,073,3302833,374524,372440,21982,394422,4232
2021-11-02,San Francisco,075,870044,53144,52450,2292,54742,663
2021-11-02,San Joaquin,077,732212,100008,99076,5344,104420,1772
2021-11-02,San Luis Obispo,079,281455,29669,29224,1239,30463,348
2021-11-02,San Mateo,081,765935,54295,53351,859,54210,571
2021-11-02,Santa Barbara,083,443738,44558,44177,1532,45709,531
2021-11-02,Santa Clara,085,1922200,147494,146115,1333,147448,1896
2021-11-02,Santa Cruz,087,273765,20458,20266,995,21261,222
2021-11-02,Shasta,089,179085,21539,21127,3571,24698,344
2021-11-02,Sierra,091,2930,184,180,20,200,0
2021-11-02,Siskiyou,093,43540,3347,3272,1274,4546,46
2021-11-02,Solano,095,438530,46057,45378,1257,46635,350
2021-11-02,Sonoma,097,501317,41595,41288,521,41809,395
2021-11-02,Stanislaus,099,539301,78668,78629,8772,87401,1193
2021-11-02,Sutter,101,95872,13905,13868,346,14214,179
2021-11-02,Tehama,103,63373,8563,8422,1470,9892,116
2021-11-02,Trinity,105,12862,858,729,209,938,11
2021-11-02,Tulare,107,460477,68794,67502,14884,82386,1002
2021-11-02,Tuolumne,109,53932,7306,7204,100,7304,90
2021-11-02,Ventura,111,848112,98343,97574,4262,101836,1178
2021-11-02,Yolo,113,214977,19931,19736,1033,20769,250
2021-11-02,Yuba,115,75493,10155,10080,327,10407,83
2021-11-01,Alameda,001,1643700,119469,119159,2725,121884,1421
2021-11-01,Alpine,003,1148,101,105,0,105,0
2021-11-01,Amador,005,37829,5580,5532,59,5591,64
2021-11-01,Butte,007,227075,21009,20710,3853,24563,281
2021-11-01,Calaveras,009,45235,4095,4059,54,4113,82
2021-11-01,Colusa,011,21464,2516,2494,633,3127,19
2021-11-01,Contra Costa,013,1133247,99632,99011,2151,101162,1025
2021-11-01,Del Norte,015,27424,3688,3594,53,3647,42
2021-11-01,El Dorado,017,186661,16123,15858,1702,17560,154
2021-11-01,Fresno,019,978130,140434,138421,12652,151073,2149
2021-11-01,Glenn,021,27897,3505,3461,1008,4469,33
2021-11-01,Humboldt,023,135768,9052,8929,555,9484,108
2021-11-01,Imperial,025,180216,33691,33342,3138,36480,766
2021-11-01,Inyo,027,18085,2370,2307,38,2345,41
2021-11-01,Kern,029,883053,127855,126092,22028,148120,1660
2021-11-01,Kings,031,150075,32306,31866,1913,33779,337
2021-11-01,Lake,033,64148,6754,6676,147,6823,106
2021-11-01,Lassen,035,31185,6873,6775,367,7142,42
2021-11-01,Los Angeles,037,10098052,1441774,1428891,53313,1482204,26483
2021-11-01,Madera,039,155013,23219,22801,2090,24891,283
2021-11-01,Marin,041,260295,17597,17460,446,17906,247
2021-11-01,Mariposa,043,17540,1298,1266,47,1313,5
2021-11-01,Mendocino,045,87422,7577,7422,543,7965,84
2021-11-01,Merced,047,269075,41963,41740,1902,43642,594
2021-11-01,Modoc,049,8938,536,520,189,709,5
2021-11-01,Mono,051,14174,1726,1714,21,1735,3
2021-11-01,Monterey,053,433212,48746,47756,2866,50622,597
2021-11-01,Napa,055,140530,12983,12916,108,13024,101
2021-11-01,Nevada,057,99092,9223,9108,321,9429,91
2021-11-01,Orange,059,3164182,307658,305192,15061,320253,5596
2021-11-01,Placer,061,380077,37239,36747,3620,40367,435
2021-11-01,Plumas,063,18699,1798,1719,33,1752,7
2021-11-01,Riverside,065,2383286,363896,359263,16236,375499,5115
2021-11-01,Sacramento,067,1510023,159285,157893,4548,162441,2239
2021-11-01,San Benito,069,59416,7409,7406,167,7573,73
2021-11-01,San Bernardino,071,2135413,354737,351620,11112,362732,5815
2021-11-01,San Diego,073,3302833,373959,372043,21964,394007,4232
2021-11-01,San Francisco,075,870044,53058,52418,2285,54703,661
2021-11-01,San Joaquin,077,732212,99846,98969,5337,104306,1772
2021-11-01,San Luis Obispo,079,281455,29625,29199,1234,30433,343
2021-11-01,San Mateo,081,765935,54228,53314,855,54169,571
2021-11-01,Santa Barbara,083,443738,44491,44146,1528,45674,529
2021-11-01,Santa Clara,085,1922200,147295,145978,1328,147306,1907
2021-11-01,Santa Cruz,087,273765,20423,20238,995,21233,221
2021-11-01,Shasta,089,179085,21486,21104,3564,24668,338
2021-11-01,Sierra,091,2930,184,180,20,200,0
2021-11-01,Siskiyou,093,43540,3340,3272,1269,4541,46
2021-11-01,Solano,095,438530,46003,45358,1257,46615,350
2021-11-01,Sonoma,097,501317,41522,41234,520,41754,395
2021-11-01,Stanislaus,099,539301,78538,78534,8757,87291,1193
2021-11-01,Sutter,101,95872,13881,13852,344,14196,179
2021-11-01,Tehama,103,63373,8535,8412,1467,9879,116
2021-11-01,Trinity,105,12862,856,727,209,936,11
2021-11-01,Tulare,107,460477,68651,67388,14832,82220,1002
2021-11-01,Tuolumne,109,53932,7290,7175,99,7274,90
2021-11-01,Ventura,111,848112,98253,97507,4260,101767,1178
2021-11-01,Yolo,113,214977,19911,19708,1026,20734,250
2021-11-01,Yuba,115,75493,10137,10066,325,10391,83
2021-10-31,Alameda,001,1643700,119325,119071,2721,121792,1419
2021-10-31,Alpine,003,1148,101,105,0,105,0
2021-10-31,Amador,005,37829,5569,5518,59,5577,64
2021-10-31,Butte,007,227075,20947,20689,3842,24531,281
2021-10-31,Calaveras,009,45235,4077,4052,53,4105,82
2021-10-31,Colusa,011,21464,2514,2493,630,3123,18
2021-10-31,Contra Costa,013,1133247,99504,98936,2149,101085,1025
2021-10-31,Del Norte,015,27424,3682,3591,53,3644,42
2021-10-31,El Dorado,017,186661,16077,15841,1699,17540,154
2021-10-31,Fresno,019,978130,140030,138165,12617,150782,2147
2021-10-31,Glenn,021,27897,3498,3459,1008,4467,33
2021-10-31,Humboldt,023,135768,9004,8919,549,9468,108
2021-10-31,Imperial,025,180216,33616,33334,3126,36460,766
2021-10-31,Inyo,027,18085,2351,2309,38,2347,41
2021-10-31,Kern,029,883053,127483,125917,21904,147821,1666
2021-10-31,Kings,031,150075,32220,31814,1901,33715,338
2021-10-31,Lake,033,64148,6743,6665,145,6810,106
2021-10-31,Lassen,035,31185,6858,6768,362,7130,42
2021-10-31,Los Angeles,037,10098052,1440222,1427933,53230,1481163,26474
2021-10-31,Madera,039,155013,23123,22744,2077,24821,283
2021-10-31,Marin,041,260295,17569,17443,445,17888,247
2021-10-31,Mariposa,043,17540,1292,1257,46,1303,5
2021-10-31,Mendocino,045,87422,7536,7403,526,7929,84
2021-10-31,Merced,047,269075,41870,41699,1882,43581,589
2021-10-31,Modoc,049,8938,530,517,186,703,5
2021-10-31,Mono,051,14174,1722,1711,21,1732,3
2021-10-31,Monterey,053,433212,48705,47744,2848,50592,596
2021-10-31,Napa,055,140530,12966,12906,106,13012,101
2021-10-31,Nevada,057,99092,9186,9084,316,9400,91
2021-10-31,Orange,059,3164182,307310,305032,14978,320010,5596
2021-10-31,Placer,061,380077,37142,36698,3607,40305,435
2021-10-31,Plumas,063,18699,1780,1716,33,1749,7
2021-10-31,Riverside,065,2383286,363319,359005,16222,375227,5104
2021-10-31,Sacramento,067,1510023,158933,157667,4535,162202,2243
2021-10-31,San Benito,069,59416,7400,7397,165,7562,73
2021-10-31,San Bernardino,071,2135413,354204,351411,11098,362509,5810
2021-10-31,San Diego,073,3302833,373406,371603,21933,393536,4218
2021-10-31,San Francisco,075,870044,52949,52370,2279,54649,661
2021-10-31,San Joaquin,077,732212,99682,98893,5322,104215,1772
2021-10-31,San Luis Obispo,079,281455,29572,29176,1233,30409,343
2021-10-31,San Mateo,081,765935,54169,53284,853,54137,571
2021-10-31,Santa Barbara,083,443738,44421,44113,1523,45636,529
2021-10-31,Santa Clara,085,1922200,147080,145829,1314,147143,1908
2021-10-31,Santa Cruz,087,273765,20388,20218,994,21212,221
2021-10-31,Shasta,089,179085,21403,21086,3552,24638,338
2021-10-31,Sierra,091,2930,184,180,20,200,0
2021-10-31,Siskiyou,093,43540,3334,3271,1268,4539,46
2021-10-31,Solano,095,438530,45955,45310,1250,46560,350
2021-10-31,Sonoma,097,501317,41452,41183,517,41700,395
2021-10-31,Stanislaus,099,539301,78349,78426,8740,87166,1193
2021-10-31,Sutter,101,95872,13862,13838,341,14179,179
2021-10-31,Tehama,103,63373,8504,8391,1463,9854,116
2021-10-31,Trinity,105,12862,856,724,209,933,11
2021-10-31,Tulare,107,460477,68455,67310,14744,82054,1002
2021-10-31,Tuolumne,109,53932,7261,7141,98,7239,90
2021-10-31,Ventura,111,848112,98131,97460,4255,101715,1178
2021-10-31,Yolo,113,214977,19867,19662,1020,20682,250
2021-10-31,Yuba,115,75493,10119,10051,315,10366,83
2021-10-30,Alameda,001,1643700,119265,118632,2718,121350,1419
2021-10-30,Alpine,003,1148,101,105,0,105,0
2021-10-30,Amador,005,37829,5560,5480,58,5538,64
2021-10-30,Butte,007,227075,20932,20516,3835,24351,277
2021-10-30,Calaveras,009,45235,4070,3992,53,4045,82
2021-10-30,Colusa,011,21464,2514,2484,629,3113,19
2021-10-30,Contra Costa,013,1133247,99441,98562,2148,100710,1024
2021-10-30,Del Norte,015,27424,3679,3574,53,3627,42
2021-10-30,El Dorado,017,186661,16061,15752,1695,17447,154
2021-10-30,Fresno,019,978130,139885,136901,12605,149506,2131
2021-10-30,Glenn,021,27897,3494,3442,1008,4450,33
2021-10-30,Humboldt,023,135768,8989,8871,547,9418,105
2021-10-30,Imperial,025,180216,33570,33156,3122,36278,766
2021-10-30,Inyo,027,18085,2348,2249,38,2287,41
2021-10-30,Kern,029,883053,127331,124892,21835,146727,1653
2021-10-30,Kings,031,150075,32186,31578,1897,33475,337
2021-10-30,Lake,033,64148,6738,6610,145,6755,106
2021-10-30,Lassen,035,31185,6852,6719,360,7079,42
2021-10-30,Los Angeles,037,10098052,1439499,1424257,53177,1477434,26625
2021-10-30,Madera,039,155013,23080,22524,2072,24596,283
2021-10-30,Marin,041,260295,17554,17380,443,17823,247
2021-10-30,Mariposa,043,17540,1289,1228,46,1274,5
2021-10-30,Mendocino,045,87422,7513,7338,524,7862,84
2021-10-30,Merced,047,269075,41830,41428,1880,43308,586
2021-10-30,Modoc,049,8938,528,513,185,698,5
2021-10-30,Mono,051,14174,1722,1684,21,1705,3
2021-10-30,Monterey,053,433212,48688,47649,2842,50491,588
2021-10-30,Napa,055,140530,12951,12863,105,12968,101
2021-10-30,Nevada,057,99092,9167,9015,316,9331,91
2021-10-30,Orange,059,3164182,307130,304120,14956,319076,5588
2021-10-30,Placer,061,380077,37096,36400,3601,40001,434
2021-10-30,Plumas,063,18699,1775,1695,33,1728,7
2021-10-30,Riverside,065,2383286,363018,357645,16214,373859,5088
2021-10-30,Sacramento,067,1510023,158775,157125,4526,161651,2233
2021-10-30,San Benito,069,59416,7393,7362,165,7527,71
2021-10-30,San Bernardino,071,2135413,353926,350076,11083,361159,5777
2021-10-30,San Diego,073,3302833,373043,370006,21911,391917,4213
2021-10-30,San Francisco,075,870044,52920,52161,2277,54438,661
2021-10-30,San Joaquin,077,732212,99626,98314,5321,103635,1768
2021-10-30,San Luis Obispo,079,281455,29540,29053,1230,30283,341
2021-10-30,San Mateo,081,765935,54130,53083,853,53936,571
2021-10-30,Santa Barbara,083,443738,44386,43972,1522,45494,528
2021-10-30,Santa Clara,085,1922200,146975,145262,1310,146572,1903
2021-10-30,Santa Cruz,087,273765,20370,20134,992,21126,221
2021-10-30,Shasta,089,179085,21359,20878,3546,24424,332
2021-10-30,Sierra,091,2930,184,175,20,195,0
2021-10-30,Siskiyou,093,43540,3333,3257,1265,4522,46
2021-10-30,Solano,095,438530,45934,45146,1248,46394,346
2021-10-30,Sonoma,097,501317,41413,40924,517,41441,393
2021-10-30,Stanislaus,099,539301,78279,77871,8733,86604,1191
2021-10-30,Sutter,101,95872,13848,13773,341,14114,178
2021-10-30,Tehama,103,63373,8492,8307,1459,9766,114
2021-10-30,Trinity,105,12862,854,708,208,916,11
2021-10-30,Tulare,107,460477,68384,66745,14700,81445,995
2021-10-30,Tuolumne,109,53932,7237,7050,97,7147,90
2021-10-30,Ventura,111,848112,98082,97182,4252,101434,1174
2021-10-30,Yolo,113,214977,19848,19568,1018,20586,250
2021-10-30,Yuba,115,75493,10108,9969,315,10284,82
2021-10-29,Alameda,001,1643700,119186,118632,2713,121345,1419
2021-10-29,Alpine,003,1148,101,105,0,105,0
2021-10-29,Amador,005,37829,5549,5480,58,5538,64
2021-10-29,Butte,007,227075,20907,20516,3824,24340,277
2021-10-29,Calaveras,009,45235,4063,3992,53,4045,82
2021-10-29,Colusa,011,21464,2514,2484,627,3111,19
2021-10-29,Contra Costa,013,1133247,99373,98562,2146,100708,1024
2021-10-29,Del Norte,015,27424,3672,3574,53,3627,42
2021-10-29,El Dorado,017,186661,16047,15752,1695,17447,154
2021-10-29,Fresno,019,978130,139670,136901,12591,149492,2131
2021-10-29,Glenn,021,27897,3493,3442,1007,4449,33
2021-10-29,Humboldt,023,135768,8984,8871,546,9417,105
2021-10-29,Imperial,025,180216,33543,33156,3119,36275,766
2021-10-29,Inyo,027,18085,2345,2249,38,2287,41
2021-10-29,Kern,029,883053,127154,124892,21745,146637,1653
2021-10-29,Kings,031,150075,32152,31578,1895,33473,337
2021-10-29,Lake,033,64148,6729,6610,142,6752,106
2021-10-29,Lassen,035,31185,6843,6719,358,7077,42
2021-10-29,Los Angeles,037,10098052,1438660,1424257,53133,1477390,26625
2021-10-29,Madera,039,155013,23028,22524,2067,24591,283
2021-10-29,Marin,041,260295,17538,17380,442,17822,247
2021-10-29,Mariposa,043,17540,1285,1228,46,1274,5
2021-10-29,Mendocino,045,87422,7505,7338,524,7862,84
2021-10-29,Merced,047,269075,41780,41428,1874,43302,586
2021-10-29,Modoc,049,8938,526,513,184,697,5
2021-10-29,Mono,051,14174,1720,1684,21,1705,3
2021-10-29,Monterey,053,433212,48665,47649,2842,50491,588
2021-10-29,Napa,055,140530,12930,12863,105,12968,101
2021-10-29,Nevada,057,99092,9155,9015,316,9331,91
2021-10-29,Orange,059,3164182,306905,304120,14936,319056,5588
2021-10-29,Placer,061,380077,37060,36400,3591,39991,434
2021-10-29,Plumas,063,18699,1769,1695,33,1728,7
2021-10-29,Riverside,065,2383286,362685,357645,16209,373854,5088
2021-10-29,Sacramento,067,1510023,158586,157125,4516,161641,2233
2021-10-29,San Benito,069,59416,7390,7362,165,7527,71
2021-10-29,San Bernardino,071,2135413,353623,350076,11072,361148,5777
2021-10-29,San Diego,073,3302833,372671,370006,21883,391889,4213
2021-10-29,San Francisco,075,870044,52860,52161,2270,54431,661
2021-10-29,San Joaquin,077,732212,99566,98314,5316,103630,1768
2021-10-29,San Luis Obispo,079,281455,29514,29053,1228,30281,341
2021-10-29,San Mateo,081,765935,54087,53083,851,53934,571
2021-10-29,Santa Barbara,083,443738,44346,43972,1519,45491,528
2021-10-29,Santa Clara,085,1922200,146861,145262,1303,146565,1903
2021-10-29,Santa Cruz,087,273765,20363,20134,991,21125,221
2021-10-29,Shasta,089,179085,21321,20878,3540,24418,332
2021-10-29,Sierra,091,2930,182,175,20,195,0
2021-10-29,Siskiyou,093,43540,3333,3257,1264,4521,46
2021-10-29,Solano,095,438530,45897,45146,1247,46393,346
2021-10-29,Sonoma,097,501317,41392,40924,517,41441,393
2021-10-29,Stanislaus,099,539301,78194,77871,8721,86592,1191
2021-10-29,Sutter,101,95872,13829,13773,341,14114,178
2021-10-29,Tehama,103,63373,8479,8307,1458,9765,114
2021-10-29,Trinity,105,12862,853,708,208,916,11
2021-10-29,Tulare,107,460477,68280,66745,14657,81402,995
2021-10-29,Tuolumne,109,53932,7224,7050,97,7147,90
2021-10-29,Ventura,111,848112,98027,97182,4248,101430,1174
2021-10-29,Yolo,113,214977,19830,19568,1013,20581,250
2021-10-29,Yuba,115,75493,10100,9969,311,10280,82
2021-10-28,Alameda,001,1643700,119063,118632,2706,121338,1419
2021-10-28,Alpine,003,1148,101,105,0,105,0
2021-10-28,Amador,005,37829,5536,5480,58,5538,64
2021-10-28,Butte,007,227075,20865,20516,3813,24329,277
2021-10-28,Calaveras,009,45235,4050,3992,53,4045,82
2021-10-28,Colusa,011,21464,2511,2484,626,3110,19
2021-10-28,Contra Costa,013,1133247,99243,98562,2142,100704,1024
2021-10-28,Del Norte,015,27424,3671,3574,53,3627,42
2021-10-28,El Dorado,017,186661,16020,15752,1692,17444,154
2021-10-28,Fresno,019,978130,139338,136901,12560,149461,2131
2021-10-28,Glenn,021,27897,3490,3442,1005,4447,33
2021-10-28,Humboldt,023,135768,8968,8871,541,9412,105
2021-10-28,Imperial,025,180216,33477,33156,3112,36268,766
2021-10-28,Inyo,027,18085,2328,2249,38,2287,41
2021-10-28,Kern,029,883053,126907,124892,21632,146524,1653
2021-10-28,Kings,031,150075,32083,31578,1890,33468,337
2021-10-28,Lake,033,64148,6719,6610,142,6752,106
2021-10-28,Lassen,035,31185,6834,6719,355,7074,42
2021-10-28,Los Angeles,037,10098052,1437521,1424257,53059,1477316,26625
2021-10-28,Madera,039,155013,22974,22524,2056,24580,283
2021-10-28,Marin,041,260295,17520,17380,441,17821,247
2021-10-28,Mariposa,043,17540,1281,1228,46,1274,5
2021-10-28,Mendocino,045,87422,7492,7338,513,7851,84
2021-10-28,Merced,047,269075,41695,41428,1864,43292,586
2021-10-28,Modoc,049,8938,525,513,184,697,5
2021-10-28,Mono,051,14174,1714,1684,21,1705,3
2021-10-28,Monterey,053,433212,48634,47649,2825,50474,588
2021-10-28,Napa,055,140530,12921,12863,104,12967,101
2021-10-28,Nevada,057,99092,9137,9015,316,9331,91
2021-10-28,Orange,059,3164182,306618,304120,14872,318992,5588
2021-10-28,Placer,061,380077,36981,36400,3582,39982,434
2021-10-28,Plumas,063,18699,1761,1695,33,1728,7
2021-10-28,Riverside,065,2383286,362245,357645,16186,373831,5088
2021-10-28,Sacramento,067,1510023,158320,157125,4504,161629,2233
2021-10-28,San Benito,069,59416,7382,7362,165,7527,71
2021-10-28,San Bernardino,071,2135413,353207,350076,11049,361125,5777
2021-10-28,San Diego,073,3302833,372215,370006,21860,391866,4213
2021-10-28,San Francisco,075,870044,52814,52161,2263,54424,661
2021-10-28,San Joaquin,077,732212,99438,98314,5315,103629,1768
2021-10-28,San Luis Obispo,079,281455,29485,29053,1225,30278,341
2021-10-28,San Mateo,081,765935,54042,53083,849,53932,571
2021-10-28,Santa Barbara,083,443738,44307,43972,1517,45489,528
2021-10-28,Santa Clara,085,1922200,146702,145262,1298,146560,1903
2021-10-28,Santa Cruz,087,273765,20339,20134,991,21125,221
2021-10-28,Shasta,089,179085,21246,20878,3533,24411,332
2021-10-28,Sierra,091,2930,181,175,20,195,0
2021-10-28,Siskiyou,093,43540,3332,3257,1264,4521,46
2021-10-28,Solano,095,438530,45857,45146,1246,46392,346
2021-10-28,Sonoma,097,501317,41324,40924,516,41440,393
2021-10-28,Stanislaus,099,539301,78041,77871,8705,86576,1191
2021-10-28,Sutter,101,95872,13816,13773,337,14110,178
2021-10-28,Tehama,103,63373,8442,8307,1455,9762,114
2021-10-28,Trinity,105,12862,850,708,208,916,11
2021-10-28,Tulare,107,460477,68141,66745,14601,81346,995
2021-10-28,Tuolumne,109,53932,7193,7050,97,7147,90
2021-10-28,Ventura,111,848112,97942,97182,4245,101427,1174
2021-10-28,Yolo,113,214977,19792,19568,1009,20577,250
2021-10-28,Yuba,115,75493,10071,9969,308,10277,82
2021-10-27,Alameda,001,1643700,118941,118487,2704,121191,1414
2021-10-27,Alpine,003,1148,101,105,0,105,0
2021-10-27,Amador,005,37829,5524,5470,57,5527,64
2021-10-27,Butte,007,227075,20820,20446,3798,24244,274
2021-10-27,Calaveras,009,45235,4032,3970,52,4022,82
2021-10-27,Colusa,011,21464,2511,2480,625,3105,18
2021-10-27,Contra Costa,013,1133247,99135,98442,2130,100572,1018
2021-10-27,Del Norte,015,27424,3664,3571,52,3623,42
2021-10-27,El Dorado,017,186661,15989,15723,1687,17410,154
2021-10-27,Fresno,019,978130,138956,136447,12526,148973,2128
2021-10-27,Glenn,021,27897,3488,3435,1004,4439,33
2021-10-27,Humboldt,023,135768,8948,8851,539,9390,105
2021-10-27,Imperial,025,180216,33437,33068,3107,36175,766
2021-10-27,Inyo,027,18085,2308,2236,38,2274,41
2021-10-27,Kern,029,883053,126638,124557,21532,146089,1647
2021-10-27,Kings,031,150075,32017,31437,1884,33321,335
2021-10-27,Lake,033,64148,6693,6589,142,6731,105
2021-10-27,Lassen,035,31185,6821,6706,353,7059,42
2021-10-27,Los Angeles,037,10098052,1436291,1422615,53001,1475616,26604
2021-10-27,Madera,039,155013,22890,22413,2032,24445,283
2021-10-27,Marin,041,260295,17505,17362,441,17803,247
2021-10-27,Mariposa,043,17540,1268,1228,46,1274,5
2021-10-27,Mendocino,045,87422,7478,7321,506,7827,84
2021-10-27,Merced,047,269075,41598,41310,1850,43160,583
2021-10-27,Modoc,049,8938,521,513,184,697,5
2021-10-27,Mono,051,14174,1711,1682,21,1703,3
2021-10-27,Monterey,053,433212,48597,47610,2804,50414,588
2021-10-27,Napa,055,140530,12906,12856,104,12960,101
2021-10-27,Nevada,057,99092,9119,8987,315,9302,90
2021-10-27,Orange,059,3164182,306298,303825,14823,318648,5584
2021-10-27,Placer,061,380077,36916,36296,3575,39871,434
2021-10-27,Plumas,063,18699,1753,1686,33,1719,7
2021-10-27,Riverside,065,2383286,361814,357152,16178,373330,5081
2021-10-27,Sacramento,067,1510023,158052,156830,4483,161313,2230
2021-10-27,San Benito,069,59416,7375,7337,165,7502,71
2021-10-27,San Bernardino,071,2135413,352782,349624,11027,360651,5770
2021-10-27,San Diego,073,3302833,371658,369579,21836,391415,4207
2021-10-27,San Francisco,075,870044,52763,52108,2259,54367,655
2021-10-27,San Joaquin,077,732212,99281,98168,5300,103468,1753
2021-10-27,San Luis Obispo,079,281455,29446,29002,1223,30225,341
2021-10-27,San Mateo,081,765935,53987,53032,841,53873,571
2021-10-27,Santa Barbara,083,443738,44254,43901,1514,45415,527
2021-10-27,Santa Clara,085,1922200,146521,145081,1290,146371,1902
2021-10-27,Santa Cruz,087,273765,20312,20091,989,21080,221
2021-10-27,Shasta,089,179085,21171,20813,3525,24338,331
2021-10-27,Sierra,091,2930,180,176,20,196,0
2021-10-27,Siskiyou,093,43540,3329,3256,1260,4516,46
2021-10-27,Solano,095,438530,45812,45089,1239,46328,346
2021-10-27,Sonoma,097,501317,41248,40829,514,41343,393
2021-10-27,Stanislaus,099,539301,77881,77687,8690,86377,1191
2021-10-27,Sutter,101,95872,13802,13754,337,14091,177
2021-10-27,Tehama,103,63373,8420,8265,1453,9718,113
2021-10-27,Trinity,105,12862,850,706,207,913,11
2021-10-27,Tulare,107,460477,67987,66568,14545,81113,991
2021-10-27,Tuolumne,109,53932,7166,7009,96,7105,90
2021-10-27,Ventura,111,848112,97850,97108,4240,101348,1172
2021-10-27,Yolo,113,214977,19763,19517,1002,20519,250
2021-10-27,Yuba,115,75493,10050,9945,306,10251,82
2021-10-26,Alameda,001,1643700,118803,118360,2702,121062,1407
2021-10-26,Alpine,003,1148,101,105,0,105,0
2021-10-26,Amador,005,37829,5516,5465,56,5521,64
2021-10-26,Butte,007,227075,20760,20387,3781,24168,274
2021-10-26,Calaveras,009,45235,4021,3966,52,4018,81
2021-10-26,Colusa,011,21464,2508,2478,624,3102,18
2021-10-26,Contra Costa,013,1133247,99011,98352,2120,100472,1017
2021-10-26,Del Norte,015,27424,3659,3563,52,3615,42
2021-10-26,El Dorado,017,186661,15961,15690,1678,17368,153
2021-10-26,Fresno,019,978130,138509,136211,12478,148689,2122
2021-10-26,Glenn,021,27897,3474,3431,1001,4432,33
2021-10-26,Humboldt,023,135768,8930,8830,533,9363,105
2021-10-26,Imperial,025,180216,33372,33012,3102,36114,766
2021-10-26,Inyo,027,18085,2293,2200,38,2238,41
2021-10-26,Kern,029,883053,126295,124351,21414,145765,1645
2021-10-26,Kings,031,150075,31950,31382,1877,33259,336
2021-10-26,Lake,033,64148,6683,6584,140,6724,105
2021-10-26,Lassen,035,31185,6800,6689,351,7040,42
2021-10-26,Los Angeles,037,10098052,1434949,1421795,52931,1474726,26599
2021-10-26,Madera,039,155013,22800,22363,2021,24384,283
2021-10-26,Marin,041,260295,17488,17354,440,17794,244
2021-10-26,Mariposa,043,17540,1263,1225,45,1270,5
2021-10-26,Mendocino,045,87422,7449,7308,490,7798,83
2021-10-26,Merced,047,269075,41520,41267,1843,43110,583
2021-10-26,Modoc,049,8938,521,513,184,697,5
2021-10-26,Mono,051,14174,1706,1680,21,1701,3
2021-10-26,Monterey,053,433212,48558,47572,2794,50366,588
2021-10-26,Napa,055,140530,12894,12849,104,12953,101
2021-10-26,Nevada,057,99092,9088,8971,314,9285,90
2021-10-26,Orange,059,3164182,306029,303533,14784,318317,5580
2021-10-26,Placer,061,380077,36819,36245,3569,39814,434
2021-10-26,Plumas,063,18699,1744,1645,33,1678,7
2021-10-26,Riverside,065,2383286,361325,356775,16168,372943,5068
2021-10-26,Sacramento,067,1510023,157751,156643,4466,161109,2228
2021-10-26,San Benito,069,59416,7352,7325,165,7490,71
2021-10-26,San Bernardino,071,2135413,352354,349346,11012,360358,5764
2021-10-26,San Diego,073,3302833,371141,369043,21806,390849,4198
2021-10-26,San Francisco,075,870044,52689,52063,2256,54319,655
2021-10-26,San Joaquin,077,732212,99105,98036,5285,103321,1748
2021-10-26,San Luis Obispo,079,281455,29407,28928,1217,30145,337
2021-10-26,San Mateo,081,765935,53915,52974,838,53812,571
2021-10-26,Santa Barbara,083,443738,44208,43835,1513,45348,525
2021-10-26,Santa Clara,085,1922200,146319,144932,1284,146216,1903
2021-10-26,Santa Cruz,087,273765,20281,20067,989,21056,221
2021-10-26,Shasta,089,179085,21110,20725,3507,24232,330
2021-10-26,Sierra,091,2930,180,169,20,189,0
2021-10-26,Siskiyou,093,43540,3323,3254,1258,4512,46
2021-10-26,Solano,095,438530,45756,45044,1238,46282,344
2021-10-26,Sonoma,097,501317,41166,40794,512,41306,393
2021-10-26,Stanislaus,099,539301,77707,77552,8665,86217,1157
2021-10-26,Sutter,101,95872,13773,13739,336,14075,176
2021-10-26,Tehama,103,63373,8392,8247,1448,9695,112
2021-10-26,Trinity,105,12862,846,705,207,912,11
2021-10-26,Tulare,107,460477,67827,66476,14488,80964,991
2021-10-26,Tuolumne,109,53932,7140,6995,94,7089,90
2021-10-26,Ventura,111,848112,97741,97014,4237,101251,1170
2021-10-26,Yolo,113,214977,19734,19490,999,20489,248
2021-10-26,Yuba,115,75493,10032,9927,301,10228,82
2021-10-25,Alameda,001,1643700,118660,118319,2701,121020,1404
2021-10-25,Alpine,003,1148,101,105,0,105,0
2021-10-25,Amador,005,37829,5502,5455,56,5511,64
2021-10-25,Butte,007,227075,20687,20331,3773,24104,273
2021-10-25,Calaveras,009,45235,3991,3942,51,3993,82
2021-10-25,Colusa,011,21464,2506,2471,622,3093,18
2021-10-25,Contra Costa,013,1133247,98894,98267,2116,100383,1017
2021-10-25,Del Norte,015,27424,3652,3562,52,3614,42
2021-10-25,El Dorado,017,186661,15926,15663,1676,17339,149
2021-10-25,Fresno,019,978130,138075,135974,12442,148416,2112
2021-10-25,Glenn,021,27897,3471,3421,1000,4421,33
2021-10-25,Humboldt,023,135768,8907,8825,528,9353,105
2021-10-25,Imperial,025,180216,33311,32968,3091,36059,766
2021-10-25,Inyo,027,18085,2275,2183,38,2221,41
2021-10-25,Kern,029,883053,125943,124078,21275,145353,1649
2021-10-25,Kings,031,150075,31861,31329,1868,33197,335
2021-10-25,Lake,033,64148,6669,6571,140,6711,105
2021-10-25,Lassen,035,31185,6789,6688,349,7037,42
2021-10-25,Los Angeles,037,10098052,1433594,1421061,52865,1473926,26579
2021-10-25,Madera,039,155013,22746,22325,2014,24339,281
2021-10-25,Marin,041,260295,17466,17334,438,17772,244
2021-10-25,Mariposa,043,17540,1249,1220,45,1265,5
2021-10-25,Mendocino,045,87422,7420,7296,486,7782,82
2021-10-25,Merced,047,269075,41452,41207,1816,43023,583
2021-10-25,Modoc,049,8938,519,512,182,694,5
2021-10-25,Mono,051,14174,1698,1677,21,1698,3
2021-10-25,Monterey,053,433212,48525,47547,2792,50339,587
2021-10-25,Napa,055,140530,12881,12841,104,12945,100
2021-10-25,Nevada,057,99092,9062,8958,314,9272,90
2021-10-25,Orange,059,3164182,305731,303279,14747,318026,5574
2021-10-25,Placer,061,380077,36711,36153,3559,39712,431
2021-10-25,Plumas,063,18699,1732,1641,33,1674,7
2021-10-25,Riverside,065,2383286,360896,356381,16153,372534,5056
2021-10-25,Sacramento,067,1510023,157446,156516,4443,160959,2235
2021-10-25,San Benito,069,59416,7339,7314,164,7478,71
2021-10-25,San Bernardino,071,2135413,351846,349075,11000,360075,5748
2021-10-25,San Diego,073,3302833,370572,368386,21778,390164,4196
2021-10-25,San Francisco,075,870044,52616,52041,2250,54291,649
2021-10-25,San Joaquin,077,732212,98904,97980,5276,103256,1740
2021-10-25,San Luis Obispo,079,281455,29359,28907,1212,30119,336
2021-10-25,San Mateo,081,765935,53854,52927,834,53761,571
2021-10-25,Santa Barbara,083,443738,44149,43775,1513,45288,525
2021-10-25,Santa Clara,085,1922200,146127,144895,1279,146174,1901
2021-10-25,Santa Cruz,087,273765,20252,20053,988,21041,221
2021-10-25,Shasta,089,179085,21038,20666,3500,24166,326
2021-10-25,Sierra,091,2930,180,168,20,188,0
2021-10-25,Siskiyou,093,43540,3319,3248,1253,4501,46
2021-10-25,Solano,095,438530,45695,45022,1236,46258,344
2021-10-25,Sonoma,097,501317,41093,40746,510,41256,393
2021-10-25,Stanislaus,099,539301,77515,77452,8637,86089,1145
2021-10-25,Sutter,101,95872,13759,13721,333,14054,176
2021-10-25,Tehama,103,63373,8365,8224,1444,9668,111
2021-10-25,Trinity,105,12862,841,699,206,905,11
2021-10-25,Tulare,107,460477,67632,66357,14426,80783,986
2021-10-25,Tuolumne,109,53932,7106,6952,93,7045,90
2021-10-25,Ventura,111,848112,97650,96932,4234,101166,1167
2021-10-25,Yolo,113,214977,19685,19457,995,20452,248
2021-10-25,Yuba,115,75493,10016,9924,297,10221,82
2021-10-24,Alameda,001,1643700,118528,117816,2696,120512,1397
2021-10-24,Alpine,003,1148,101,105,0,105,0
2021-10-24,Amador,005,37829,5497,5412,56,5468,64
2021-10-24,Butte,007,227075,20615,20101,3761,23862,273
2021-10-24,Calaveras,009,45235,3972,3865,50,3915,81
2021-10-24,Colusa,011,21464,2502,2458,619,3077,18
2021-10-24,Contra Costa,013,1133247,98776,97855,2107,99962,1008
2021-10-24,Del Norte,015,27424,3648,3540,52,3592,42
2021-10-24,El Dorado,017,186661,15889,15540,1672,17212,149
2021-10-24,Fresno,019,978130,137639,134466,12391,146857,2094
2021-10-24,Glenn,021,27897,3463,3399,998,4397,33
2021-10-24,Humboldt,023,135768,8894,8753,522,9275,105
2021-10-24,Imperial,025,180216,33233,32777,3085,35862,766
2021-10-24,Inyo,027,18085,2243,2108,38,2146,41
2021-10-24,Kern,029,883053,125609,122939,21159,144098,1636
2021-10-24,Kings,031,150075,31732,30942,1853,32795,325
2021-10-24,Lake,033,64148,6646,6501,139,6640,105
2021-10-24,Lassen,035,31185,6772,6632,348,6980,27
2021-10-24,Los Angeles,037,10098052,1432158,1415919,52797,1468716,26527
2021-10-24,Madera,039,155013,22669,22062,2002,24064,281
2021-10-24,Marin,041,260295,17450,17264,437,17701,244
2021-10-24,Mariposa,043,17540,1246,1184,45,1229,5
2021-10-24,Mendocino,045,87422,7396,7220,476,7696,82
2021-10-24,Merced,047,269075,41331,40808,1810,42618,581
2021-10-24,Modoc,049,8938,518,507,182,689,5
2021-10-24,Mono,051,14174,1693,1655,21,1676,3
2021-10-24,Monterey,053,433212,48477,47456,2782,50238,586
2021-10-24,Napa,055,140530,12870,12789,104,12893,100
2021-10-24,Nevada,057,99092,9039,8861,311,9172,90
2021-10-24,Orange,059,3164182,305381,302237,14710,316947,5546
2021-10-24,Placer,061,380077,36607,35822,3545,39367,426
2021-10-24,Plumas,063,18699,1722,1623,32,1655,7
2021-10-24,Riverside,065,2383286,360422,354688,16133,370821,5041
2021-10-24,Sacramento,067,1510023,157105,155125,4420,159545,2232
2021-10-24,San Benito,069,59416,7319,7280,164,7444,71
2021-10-24,San Bernardino,071,2135413,351288,347681,10988,358669,5688
2021-10-24,San Diego,073,3302833,369988,366085,21746,387831,4183
2021-10-24,San Francisco,075,870044,52553,51820,2244,54064,649
2021-10-24,San Joaquin,077,732212,98731,97440,5270,102710,1721
2021-10-24,San Luis Obispo,079,281455,29298,28755,1205,29960,333
2021-10-24,San Mateo,081,765935,53782,52719,834,53553,571
2021-10-24,Santa Barbara,083,443738,44082,43552,1511,45063,523
2021-10-24,Santa Clara,085,1922200,145936,144276,1269,145545,1897
2021-10-24,Santa Cruz,087,273765,20214,19967,987,20954,221
2021-10-24,Shasta,089,179085,20940,20386,3494,23880,321
2021-10-24,Sierra,091,2930,180,168,20,188,0
2021-10-24,Siskiyou,093,43540,3312,3231,1249,4480,46
2021-10-24,Solano,095,438530,45646,44861,1231,46092,341
2021-10-24,Sonoma,097,501317,41010,40476,510,40986,393
2021-10-24,Stanislaus,099,539301,77324,76812,8626,85438,1145
2021-10-24,Sutter,101,95872,13732,13616,325,13941,175
2021-10-24,Tehama,103,63373,8317,8105,1433,9538,110
2021-10-24,Trinity,105,12862,837,696,204,900,11
2021-10-24,Tulare,107,460477,67459,65585,14355,79940,978
2021-10-24,Tuolumne,109,53932,7066,6840,91,6931,90
2021-10-24,Ventura,111,848112,97543,96664,4233,100897,1167
2021-10-24,Yolo,113,214977,19636,19280,993,20273,248
2021-10-24,Yuba,115,75493,9992,9838,296,10134,82
2021-10-23,Alameda,001,1643700,118440,117816,2691,120507,1397
2021-10-23,Alpine,003,1148,101,105,0,105,0
2021-10-23,Amador,005,37829,5490,5412,56,5468,64
2021-10-23,Butte,007,227075,20578,20101,3753,23854,273
2021-10-23,Calaveras,009,45235,3965,3865,49,3914,81
2021-10-23,Colusa,011,21464,2500,2458,618,3076,18
2021-10-23,Contra Costa,013,1133247,98724,97855,2103,99958,1008
2021-10-23,Del Norte,015,27424,3646,3540,52,3592,42
2021-10-23,El Dorado,017,186661,15863,15540,1670,17210,149
2021-10-23,Fresno,019,978130,137461,134466,12378,146844,2094
2021-10-23,Glenn,021,27897,3461,3399,997,4396,33
2021-10-23,Humboldt,023,135768,8880,8753,517,9270,105
2021-10-23,Imperial,025,180216,33186,32777,3081,35858,766
2021-10-23,Inyo,027,18085,2232,2108,38,2146,41
2021-10-23,Kern,029,883053,125449,122939,21072,144011,1636
2021-10-23,Kings,031,150075,31686,30942,1851,32793,325
2021-10-23,Lake,033,64148,6641,6501,139,6640,105
2021-10-23,Lassen,035,31185,6769,6632,346,6978,27
2021-10-23,Los Angeles,037,10098052,1431476,1415919,52743,1468662,26527
2021-10-23,Madera,039,155013,22620,22062,1994,24056,281
2021-10-23,Marin,041,260295,17433,17264,437,17701,244
2021-10-23,Mariposa,043,17540,1243,1184,44,1228,5
2021-10-23,Mendocino,045,87422,7389,7220,475,7695,82
2021-10-23,Merced,047,269075,41290,40808,1805,42613,581
2021-10-23,Modoc,049,8938,516,507,182,689,5
2021-10-23,Mono,051,14174,1687,1655,21,1676,3
2021-10-23,Monterey,053,433212,48460,47456,2778,50234,586
2021-10-23,Napa,055,140530,12865,12789,104,12893,100
2021-10-23,Nevada,057,99092,9028,8861,309,9170,90
2021-10-23,Orange,059,3164182,305194,302237,14695,316932,5546
2021-10-23,Placer,061,380077,36545,35822,3539,39361,426
2021-10-23,Plumas,063,18699,1721,1623,32,1655,7
2021-10-23,Riverside,065,2383286,360101,354688,16126,370814,5041
2021-10-23,Sacramento,067,1510023,156976,155125,4412,159537,2232
2021-10-23,San Benito,069,59416,7309,7280,164,7444,71
2021-10-23,San Bernardino,071,2135413,351017,347681,10980,358661,5688
2021-10-23,San Diego,073,3302833,369647,366085,21715,387800,4183
2021-10-23,San Francisco,075,870044,52517,51820,2243,54063,649
2021-10-23,San Joaquin,077,732212,98663,97440,5261,102701,1721
2021-10-23,San Luis Obispo,079,281455,29261,28755,1203,29958,333
2021-10-23,San Mateo,081,765935,53744,52719,833,53552,571
2021-10-23,Santa Barbara,083,443738,44051,43552,1509,45061,523
2021-10-23,Santa Clara,085,1922200,145825,144276,1265,145541,1897
2021-10-23,Santa Cruz,087,273765,20202,19967,987,20954,221
2021-10-23,Shasta,089,179085,20904,20386,3482,23868,321
2021-10-23,Sierra,091,2930,179,168,20,188,0
2021-10-23,Siskiyou,093,43540,3310,3231,1249,4480,46
2021-10-23,Solano,095,438530,45621,44861,1228,46089,341
2021-10-23,Sonoma,097,501317,40970,40476,510,40986,393
2021-10-23,Stanislaus,099,539301,77235,76812,8606,85418,1145
2021-10-23,Sutter,101,95872,13726,13616,324,13940,175
2021-10-23,Tehama,103,63373,8305,8105,1432,9537,110
2021-10-23,Trinity,105,12862,836,696,204,900,11
2021-10-23,Tulare,107,460477,67371,65585,14296,79881,978
2021-10-23,Tuolumne,109,53932,7045,6840,91,6931,90
2021-10-23,Ventura,111,848112,97482,96664,4233,100897,1167
2021-10-23,Yolo,113,214977,19619,19280,990,20270,248
2021-10-23,Yuba,115,75493,9983,9838,296,10134,82
2021-10-22,Alameda,001,1643700,118358,117816,2688,120504,1397
2021-10-22,Alpine,003,1148,101,105,0,105,0
2021-10-22,Amador,005,37829,5479,5412,56,5468,64
2021-10-22,Butte,007,227075,20546,20101,3749,23850,273
2021-10-22,Calaveras,009,45235,3957,3865,49,3914,81
2021-10-22,Colusa,011,21464,2497,2458,618,3076,18
2021-10-22,Contra Costa,013,1133247,98633,97855,2101,99956,1008
2021-10-22,Del Norte,015,27424,3642,3540,52,3592,42
2021-10-22,El Dorado,017,186661,15850,15540,1668,17208,149
2021-10-22,Fresno,019,978130,137246,134466,12357,146823,2094
2021-10-22,Glenn,021,27897,3451,3399,997,4396,33
2021-10-22,Humboldt,023,135768,8866,8753,516,9269,105
2021-10-22,Imperial,025,180216,33142,32777,3081,35858,766
2021-10-22,Inyo,027,18085,2219,2108,38,2146,41
2021-10-22,Kern,029,883053,125262,122939,20999,143938,1636
2021-10-22,Kings,031,150075,31651,30942,1850,32792,325
2021-10-22,Lake,033,64148,6631,6501,139,6640,105
2021-10-22,Lassen,035,31185,6762,6632,343,6975,27
2021-10-22,Los Angeles,037,10098052,1430711,1415919,52685,1468604,26527
2021-10-22,Madera,039,155013,22570,22062,1982,24044,281
2021-10-22,Marin,041,260295,17421,17264,437,17701,244
2021-10-22,Mariposa,043,17540,1240,1184,44,1228,5
2021-10-22,Mendocino,045,87422,7375,7220,474,7694,82
2021-10-22,Merced,047,269075,41253,40808,1798,42606,581
2021-10-22,Modoc,049,8938,516,507,182,689,5
2021-10-22,Mono,051,14174,1685,1655,21,1676,3
2021-10-22,Monterey,053,433212,48427,47456,2776,50232,586
2021-10-22,Napa,055,140530,12859,12789,104,12893,100
2021-10-22,Nevada,057,99092,9011,8861,308,9169,90
2021-10-22,Orange,059,3164182,304978,302237,14665,316902,5546
2021-10-22,Placer,061,380077,36517,35822,3530,39352,426
2021-10-22,Plumas,063,18699,1715,1623,32,1655,7
2021-10-22,Riverside,065,2383286,359790,354688,16121,370809,5041
2021-10-22,Sacramento,067,1510023,156789,155125,4403,159528,2232
2021-10-22,San Benito,069,59416,7304,7280,164,7444,71
2021-10-22,San Bernardino,071,2135413,350687,347681,10965,358646,5688
2021-10-22,San Diego,073,3302833,369249,366085,21697,387782,4183
2021-10-22,San Francisco,075,870044,52479,51820,2236,54056,649
2021-10-22,San Joaquin,077,732212,98602,97440,5258,102698,1721
2021-10-22,San Luis Obispo,079,281455,29231,28755,1203,29958,333
2021-10-22,San Mateo,081,765935,53693,52719,827,53546,571
2021-10-22,Santa Barbara,083,443738,44010,43552,1509,45061,523
2021-10-22,Santa Clara,085,1922200,145668,144276,1258,145534,1897
2021-10-22,Santa Cruz,087,273765,20180,19967,987,20954,221
2021-10-22,Shasta,089,179085,20871,20386,3479,23865,321
2021-10-22,Sierra,091,2930,178,168,19,187,0
2021-10-22,Siskiyou,093,43540,3308,3231,1246,4477,46
2021-10-22,Solano,095,438530,45586,44861,1224,46085,341
2021-10-22,Sonoma,097,501317,40913,40476,510,40986,393
2021-10-22,Stanislaus,099,539301,77132,76812,8589,85401,1145
2021-10-22,Sutter,101,95872,13711,13616,324,13940,175
2021-10-22,Tehama,103,63373,8283,8105,1427,9532,110
2021-10-22,Trinity,105,12862,835,696,204,900,11
2021-10-22,Tulare,107,460477,67286,65585,14243,79828,978
2021-10-22,Tuolumne,109,53932,7010,6840,91,6931,90
2021-10-22,Ventura,111,848112,97429,96664,4227,100891,1167
2021-10-22,Yolo,113,214977,19592,19280,988,20268,248
2021-10-22,Yuba,115,75493,9969,9838,294,10132,82
2021-10-21,Alameda,001,1643700,118243,117816,2682,120498,1397
2021-10-21,Alpine,003,1148,101,105,0,105,0
2021-10-21,Amador,005,37829,5471,5412,56,5468,64
2021-10-21,Butte,007,227075,20462,20101,3735,23836,273
2021-10-21,Calaveras,009,45235,3938,3865,49,3914,81
2021-10-21,Colusa,011,21464,2493,2458,614,3072,18
2021-10-21,Contra Costa,013,1133247,98516,97855,2096,99951,1008
2021-10-21,Del Norte,015,27424,3636,3540,51,3591,42
2021-10-21,El Dorado,017,186661,15821,15540,1661,17201,149
2021-10-21,Fresno,019,978130,136895,134466,12312,146778,2094
2021-10-21,Glenn,021,27897,3447,3399,994,4393,33
2021-10-21,Humboldt,023,135768,8852,8753,512,9265,105
2021-10-21,Imperial,025,180216,33087,32777,3077,35854,766
2021-10-21,Inyo,027,18085,2197,2108,38,2146,41
2021-10-21,Kern,029,883053,125015,122939,20890,143829,1636
2021-10-21,Kings,031,150075,31553,30942,1844,32786,325
2021-10-21,Lake,033,64148,6617,6501,138,6639,105
2021-10-21,Lassen,035,31185,6749,6632,339,6971,27
2021-10-21,Los Angeles,037,10098052,1429591,1415919,52637,1468556,26527
2021-10-21,Madera,039,155013,22512,22062,1972,24034,281
2021-10-21,Marin,041,260295,17403,17264,437,17701,244
2021-10-21,Mariposa,043,17540,1234,1184,43,1227,5
2021-10-21,Mendocino,045,87422,7357,7220,467,7687,82
2021-10-21,Merced,047,269075,41156,40808,1787,42595,581
2021-10-21,Modoc,049,8938,516,507,182,689,5
2021-10-21,Mono,051,14174,1676,1655,21,1676,3
2021-10-21,Monterey,053,433212,48393,47456,2765,50221,586
2021-10-21,Napa,055,140530,12847,12789,104,12893,100
2021-10-21,Nevada,057,99092,8986,8861,308,9169,90
2021-10-21,Orange,059,3164182,304706,302237,14629,316866,5546
2021-10-21,Placer,061,380077,36428,35822,3517,39339,426
2021-10-21,Plumas,063,18699,1701,1623,32,1655,7
2021-10-21,Riverside,065,2383286,359343,354688,16111,370799,5041
2021-10-21,Sacramento,067,1510023,156469,155125,4377,159502,2232
2021-10-21,San Benito,069,59416,7297,7280,162,7442,71
2021-10-21,San Bernardino,071,2135413,350307,347681,10931,358612,5688
2021-10-21,San Diego,073,3302833,368737,366085,21667,387752,4183
2021-10-21,San Francisco,075,870044,52424,51820,2235,54055,649
2021-10-21,San Joaquin,077,732212,98463,97440,5251,102691,1721
2021-10-21,San Luis Obispo,079,281455,29189,28755,1201,29956,333
2021-10-21,San Mateo,081,765935,53646,52719,826,53545,571
2021-10-21,Santa Barbara,083,443738,43944,43552,1507,45059,523
2021-10-21,Santa Clara,085,1922200,145495,144276,1254,145530,1897
2021-10-21,Santa Cruz,087,273765,20156,19967,985,20952,221
2021-10-21,Shasta,089,179085,20810,20386,3464,23850,321
2021-10-21,Sierra,091,2930,177,168,18,186,0
2021-10-21,Siskiyou,093,43540,3303,3231,1244,4475,46
2021-10-21,Solano,095,438530,45534,44861,1222,46083,341
2021-10-21,Sonoma,097,501317,40844,40476,508,40984,393
2021-10-21,Stanislaus,099,539301,76963,76812,8578,85390,1145
2021-10-21,Sutter,101,95872,13683,13616,320,13936,175
2021-10-21,Tehama,103,63373,8256,8105,1420,9525,110
2021-10-21,Trinity,105,12862,833,696,204,900,11
2021-10-21,Tulare,107,460477,67097,65585,14174,79759,978
2021-10-21,Tuolumne,109,53932,6972,6840,90,6930,90
2021-10-21,Ventura,111,848112,97338,96664,4225,100889,1167
2021-10-21,Yolo,113,214977,19545,19280,986,20266,248
2021-10-21,Yuba,115,75493,9945,9838,293,10131,82
2021-10-20,Alameda,001,1643700,118123,117654,2682,120336,1390
2021-10-20,Alpine,003,1148,101,103,0,103,0
2021-10-20,Amador,005,37829,5463,5379,56,5435,64
2021-10-20,Butte,007,227075,20406,20021,3719,23740,270
2021-10-20,Calaveras,009,45235,3918,3844,48,3892,81
2021-10-20,Colusa,011,21464,2489,2454,612,3066,18
2021-10-20,Contra Costa,013,1133247,98400,97721,2092,99813,1008
2021-10-20,Del Norte,015,27424,3632,3536,51,3587,42
2021-10-20,El Dorado,017,186661,15792,15502,1658,17160,149
2021-10-20,Fresno,019,978130,136493,134025,12275,146300,2084
2021-10-20,Glenn,021,27897,3439,3382,993,4375,33
2021-10-20,Humboldt,023,135768,8830,8727,510,9237,105
2021-10-20,Imperial,025,180216,33013,32705,3069,35774,766
2021-10-20,Inyo,027,18085,2178,2077,37,2114,40
2021-10-20,Kern,029,883053,124721,122630,20772,143402,1623
2021-10-20,Kings,031,150075,31476,30805,1834,32639,322
2021-10-20,Lake,033,64148,6595,6475,137,6612,104
2021-10-20,Lassen,035,31185,6734,6622,339,6961,27
2021-10-20,Los Angeles,037,10098052,1428471,1414931,52566,1467497,26506
2021-10-20,Madera,039,155013,22443,21983,1963,23946,281
2021-10-20,Marin,041,260295,17382,17250,435,17685,244
2021-10-20,Mariposa,043,17540,1227,1174,43,1217,5
2021-10-20,Mendocino,045,87422,7329,7189,464,7653,82
2021-10-20,Merced,047,269075,41075,40685,1771,42456,581
2021-10-20,Modoc,049,8938,516,504,182,686,5
2021-10-20,Mono,051,14174,1676,1653,21,1674,3
2021-10-20,Monterey,053,433212,48361,47430,2756,50186,587
2021-10-20,Napa,055,140530,12833,12773,103,12876,100
2021-10-20,Nevada,057,99092,8958,8836,308,9144,90
2021-10-20,Orange,059,3164182,304420,301957,14607,316564,5534
2021-10-20,Placer,061,380077,36339,35729,3508,39237,425
2021-10-20,Plumas,063,18699,1694,1604,32,1636,7
2021-10-20,Riverside,065,2383286,358899,354311,16094,370405,5030
2021-10-20,Sacramento,067,1510023,156170,154822,4354,159176,2222
2021-10-20,San Benito,069,59416,7294,7275,160,7435,71
2021-10-20,San Bernardino,071,2135413,349905,347217,10900,358117,5663
2021-10-20,San Diego,073,3302833,368228,365698,21648,387346,4178
2021-10-20,San Francisco,075,870044,52375,51755,2234,53989,646
2021-10-20,San Joaquin,077,732212,98318,97246,5243,102489,1721
2021-10-20,San Luis Obispo,079,281455,29143,28727,1197,29924,332
2021-10-20,San Mateo,081,765935,53575,52663,818,53481,571
2021-10-20,Santa Barbara,083,443738,43881,43489,1506,44995,523
2021-10-20,Santa Clara,085,1922200,145356,144124,1249,145373,1896
2021-10-20,Santa Cruz,087,273765,20143,19951,985,20936,219
2021-10-20,Shasta,089,179085,20748,20313,3437,23750,320
2021-10-20,Sierra,091,2930,177,168,18,186,0
2021-10-20,Siskiyou,093,43540,3303,3224,1238,4462,46
2021-10-20,Solano,095,438530,45502,44819,1220,46039,341
2021-10-20,Sonoma,097,501317,40797,40404,508,40912,393
2021-10-20,Stanislaus,099,539301,76813,76631,8559,85190,1145
2021-10-20,Sutter,101,95872,13659,13592,314,13906,175
2021-10-20,Tehama,103,63373,8225,8081,1409,9490,110
2021-10-20,Trinity,105,12862,833,693,203,896,11
2021-10-20,Tulare,107,460477,66921,65413,14130,79543,967
2021-10-20,Tuolumne,109,53932,6949,6803,90,6893,89
2021-10-20,Ventura,111,848112,97256,96610,4221,100831,1166
2021-10-20,Yolo,113,214977,19500,19236,984,20220,248
2021-10-20,Yuba,115,75493,9928,9808,290,10098,82
2021-10-19,Alameda,001,1643700,118000,117542,2676,120218,1383
2021-10-19,Alpine,003,1148,101,103,0,103,0
2021-10-19,Amador,005,37829,5447,5367,56,5423,64
2021-10-19,Butte,007,227075,20353,19974,3711,23685,268
2021-10-19,Calaveras,009,45235,3901,3826,47,3873,80
2021-10-19,Colusa,011,21464,2486,2447,610,3057,18
2021-10-19,Contra Costa,013,1133247,98309,97613,2087,99700,1004
2021-10-19,Del Norte,015,27424,3625,3531,51,3582,42
2021-10-19,El Dorado,017,186661,15767,15478,1653,17131,149
2021-10-19,Fresno,019,978130,136129,133813,12226,146039,2073
2021-10-19,Glenn,021,27897,3435,3380,991,4371,33
2021-10-19,Humboldt,023,135768,8806,8714,504,9218,105
2021-10-19,Imperial,025,180216,32947,32632,3065,35697,764
2021-10-19,Inyo,027,18085,2147,2045,37,2082,40
2021-10-19,Kern,029,883053,124404,122391,20648,143039,1613
2021-10-19,Kings,031,150075,31383,30757,1827,32584,322
2021-10-19,Lake,033,64148,6591,6465,137,6602,104
2021-10-19,Lassen,035,31185,6728,6612,335,6947,27
2021-10-19,Los Angeles,037,10098052,1427223,1413882,52494,1466376,26473
2021-10-19,Madera,039,155013,22380,21950,1955,23905,281
2021-10-19,Marin,041,260295,17368,17241,432,17673,244
2021-10-19,Mariposa,043,17540,1221,1171,41,1212,5
2021-10-19,Mendocino,045,87422,7314,7172,461,7633,82
2021-10-19,Merced,047,269075,40960,40628,1750,42378,580
2021-10-19,Modoc,049,8938,514,502,182,684,5
2021-10-19,Mono,051,14174,1672,1651,21,1672,3
2021-10-19,Monterey,053,433212,48324,47412,2745,50157,583
2021-10-19,Napa,055,140530,12826,12769,103,12872,100
2021-10-19,Nevada,057,99092,8937,8829,307,9136,90
2021-10-19,Orange,059,3164182,304163,301700,14574,316274,5527
2021-10-19,Placer,061,380077,36218,35663,3493,39156,422
2021-10-19,Plumas,063,18699,1676,1586,32,1618,8
2021-10-19,Riverside,065,2383286,358477,353891,16087,369978,5020
2021-10-19,Sacramento,067,1510023,155864,154570,4328,158898,2227
2021-10-19,San Benito,069,59416,7279,7264,160,7424,71
2021-10-19,San Bernardino,071,2135413,349503,346814,10871,357685,5627
2021-10-19,San Diego,073,3302833,367647,365285,21617,386902,4170
2021-10-19,San Francisco,075,870044,52312,51704,2232,53936,645
2021-10-19,San Joaquin,077,732212,98150,97105,5232,102337,1721
2021-10-19,San Luis Obispo,079,281455,29095,28670,1194,29864,332
2021-10-19,San Mateo,081,765935,53517,52617,816,53433,571
2021-10-19,Santa Barbara,083,443738,43814,43413,1505,44918,522
2021-10-19,Santa Clara,085,1922200,145180,143989,1242,145231,1898
2021-10-19,Santa Cruz,087,273765,20119,19895,983,20878,218
2021-10-19,Shasta,089,179085,20672,20209,3429,23638,319
2021-10-19,Sierra,091,2930,174,168,18,186,0
2021-10-19,Siskiyou,093,43540,3299,3216,1233,4449,46
2021-10-19,Solano,095,438530,45461,44782,1214,45996,341
2021-10-19,Sonoma,097,501317,40723,40379,507,40886,392
2021-10-19,Stanislaus,099,539301,76671,76526,8547,85073,1145
2021-10-19,Sutter,101,95872,13635,13569,313,13882,174
2021-10-19,Tehama,103,63373,8195,8057,1393,9450,108
2021-10-19,Trinity,105,12862,826,691,203,894,11
2021-10-19,Tulare,107,460477,66734,65253,14062,79315,958
2021-10-19,Tuolumne,109,53932,6920,6782,89,6871,89
2021-10-19,Ventura,111,848112,97180,96539,4216,100755,1166
2021-10-19,Yolo,113,214977,19454,19206,980,20186,248
2021-10-19,Yuba,115,75493,9910,9796,289,10085,82
2021-10-18,Alameda,001,1643700,117863,117506,2666,120172,1381
2021-10-18,Alpine,003,1148,101,103,0,103,0
2021-10-18,Amador,005,37829,5436,5345,56,5401,64
2021-10-18,Butte,007,227075,20303,19921,3699,23620,265
2021-10-18,Calaveras,009,45235,3876,3819,46,3865,80
2021-10-18,Colusa,011,21464,2485,2444,608,3052,18
2021-10-18,Contra Costa,013,1133247,98197,97585,2083,99668,995
2021-10-18,Del Norte,015,27424,3618,3529,51,3580,41
2021-10-18,El Dorado,017,186661,15737,15452,1651,17103,149
2021-10-18,Fresno,019,978130,135728,133688,12184,145872,2063
2021-10-18,Glenn,021,27897,3431,3370,987,4357,32
2021-10-18,Humboldt,023,135768,8786,8699,496,9195,104
2021-10-18,Imperial,025,180216,32856,32558,3065,35623,764
2021-10-18,Inyo,027,18085,2129,2020,37,2057,40
2021-10-18,Kern,029,883053,124105,122231,20554,142785,1605
2021-10-18,Kings,031,150075,31270,30698,1814,32512,320
2021-10-18,Lake,033,64148,6572,6455,133,6588,104
2021-10-18,Lassen,035,31185,6708,6607,332,6939,26
2021-10-18,Los Angeles,037,10098052,1425979,1413291,52418,1465709,26446
2021-10-18,Madera,039,155013,22326,21909,1942,23851,277
2021-10-18,Marin,041,260295,17348,17232,429,17661,244
2021-10-18,Mariposa,043,17540,1213,1160,41,1201,5
2021-10-18,Mendocino,045,87422,7295,7156,453,7609,82
2021-10-18,Merced,047,269075,40837,40573,1740,42313,579
2021-10-18,Modoc,049,8938,514,498,182,680,5
2021-10-18,Mono,051,14174,1666,1648,20,1668,3
2021-10-18,Monterey,053,433212,48302,47389,2740,50129,583
2021-10-18,Napa,055,140530,12811,12762,103,12865,100
2021-10-18,Nevada,057,99092,8918,8816,307,9123,90
2021-10-18,Orange,059,3164182,303824,301573,14539,316112,5524
2021-10-18,Placer,061,380077,36141,35598,3489,39087,420
2021-10-18,Plumas,063,18699,1668,1579,32,1611,6
2021-10-18,Riverside,065,2383286,358062,353699,16073,369772,5008
2021-10-18,Sacramento,067,1510023,155559,154428,4298,158726,2203
2021-10-18,San Benito,069,59416,7267,7253,160,7413,71
2021-10-18,San Bernardino,071,2135413,349083,346742,10857,357599,5606
2021-10-18,San Diego,073,3302833,367091,364948,21579,386527,4169
2021-10-18,San Francisco,075,870044,52249,51671,2226,53897,644
2021-10-18,San Joaquin,077,732212,97985,97041,5222,102263,1721
2021-10-18,San Luis Obispo,079,281455,29056,28644,1191,29835,331
2021-10-18,San Mateo,081,765935,53452,52594,815,53409,571
2021-10-18,Santa Barbara,083,443738,43755,43386,1503,44889,522
2021-10-18,Santa Clara,085,1922200,145025,143891,1234,145125,1895
2021-10-18,Santa Cruz,087,273765,20105,19876,981,20857,218
2021-10-18,Shasta,089,179085,20592,20146,3418,23564,313
2021-10-18,Sierra,091,2930,174,166,18,184,0
2021-10-18,Siskiyou,093,43540,3296,3210,1225,4435,42
2021-10-18,Solano,095,438530,45417,44758,1211,45969,339
2021-10-18,Sonoma,097,501317,40659,40349,504,40853,392
2021-10-18,Stanislaus,099,539301,76506,76466,8533,84999,1145
2021-10-18,Sutter,101,95872,13601,13557,311,13868,172
2021-10-18,Tehama,103,63373,8160,8042,1381,9423,107
2021-10-18,Trinity,105,12862,825,688,203,891,11
2021-10-18,Tulare,107,460477,66559,65171,13998,79169,958
2021-10-18,Tuolumne,109,53932,6891,6755,89,6844,89
2021-10-18,Ventura,111,848112,97085,96506,4213,100719,1165
2021-10-18,Yolo,113,214977,19417,19197,977,20174,248
2021-10-18,Yuba,115,75493,9883,9782,287,10069,82
2021-10-17,Alameda,001,1643700,117712,117423,2661,120084,1376
2021-10-17,Alpine,003,1148,101,103,0,103,0
2021-10-17,Amador,005,37829,5413,5341,56,5397,64
2021-10-17,Butte,007,227075,20219,19897,3689,23586,265
2021-10-17,Calaveras,009,45235,3860,3805,46,3851,80
2021-10-17,Colusa,011,21464,2480,2442,601,3043,18
2021-10-17,Contra Costa,013,1133247,98076,97485,2072,99557,995
2021-10-17,Del Norte,015,27424,3613,3526,51,3577,41
2021-10-17,El Dorado,017,186661,15679,15438,1644,17082,149
2021-10-17,Fresno,019,978130,135260,133429,12140,145569,2063
2021-10-17,Glenn,021,27897,3421,3364,982,4346,32
2021-10-17,Humboldt,023,135768,8766,8690,493,9183,104
2021-10-17,Imperial,025,180216,32774,32520,3058,35578,764
2021-10-17,Inyo,027,18085,2101,2000,37,2037,40
2021-10-17,Kern,029,883053,123755,122085,20456,142541,1603
2021-10-17,Kings,031,150075,31157,30636,1806,32442,315
2021-10-17,Lake,033,64148,6556,6437,133,6570,104
2021-10-17,Lassen,035,31185,6696,6605,328,6933,26
2021-10-17,Los Angeles,037,10098052,1424640,1412371,52344,1464715,26443
2021-10-17,Madera,039,155013,22264,21869,1931,23800,277
2021-10-17,Marin,041,260295,17326,17211,429,17640,243
2021-10-17,Mariposa,043,17540,1206,1150,41,1191,5
2021-10-17,Mendocino,045,87422,7266,7148,447,7595,82
2021-10-17,Merced,047,269075,40711,40531,1724,42255,579
2021-10-17,Modoc,049,8938,511,498,180,678,5
2021-10-17,Mono,051,14174,1664,1640,19,1659,3
2021-10-17,Monterey,053,433212,48261,47369,2730,50099,583
2021-10-17,Napa,055,140530,12795,12753,100,12853,100
2021-10-17,Nevada,057,99092,8901,8794,306,9100,90
2021-10-17,Orange,059,3164182,303509,301414,14506,315920,5524
2021-10-17,Placer,061,380077,36041,35559,3474,39033,420
2021-10-17,Plumas,063,18699,1644,1571,31,1602,6
2021-10-17,Riverside,065,2383286,357577,353500,16059,369559,5008
2021-10-17,Sacramento,067,1510023,155160,154080,4281,158361,2213
2021-10-17,San Benito,069,59416,7258,7250,159,7409,71
2021-10-17,San Bernardino,071,2135413,348647,346524,10837,357361,5597
2021-10-17,San Diego,073,3302833,366500,364675,21551,386226,4163
2021-10-17,San Francisco,075,870044,52177,51625,2217,53842,644
2021-10-17,San Joaquin,077,732212,97812,96950,5213,102163,1721
2021-10-17,San Luis Obispo,079,281455,29004,28604,1183,29787,331
2021-10-17,San Mateo,081,765935,53400,52541,811,53352,571
2021-10-17,Santa Barbara,083,443738,43692,43344,1502,44846,522
2021-10-17,Santa Clara,085,1922200,144848,143768,1225,144993,1895
2021-10-17,Santa Cruz,087,273765,20078,19861,979,20840,218
2021-10-17,Shasta,089,179085,20502,20116,3408,23524,312
2021-10-17,Sierra,091,2930,172,165,18,183,0
2021-10-17,Siskiyou,093,43540,3288,3204,1222,4426,42
2021-10-17,Solano,095,438530,45360,44722,1210,45932,340
2021-10-17,Sonoma,097,501317,40583,40306,503,40809,392
2021-10-17,Stanislaus,099,539301,76308,76354,8519,84873,1145
2021-10-17,Sutter,101,95872,13584,13543,309,13852,172
2021-10-17,Tehama,103,63373,8128,8015,1365,9380,107
2021-10-17,Trinity,105,12862,822,686,202,888,11
2021-10-17,Tulare,107,460477,66376,65057,13926,78983,958
2021-10-17,Tuolumne,109,53932,6857,6735,88,6823,89
2021-10-17,Ventura,111,848112,96985,96458,4210,100668,1165
2021-10-17,Yolo,113,214977,19374,19171,969,20140,248
2021-10-17,Yuba,115,75493,9857,9771,285,10056,82
2021-10-16,Alameda,001,1643700,117623,117027,2659,119686,1365
2021-10-16,Alpine,003,1148,100,102,0,102,0
2021-10-16,Amador,005,37829,5406,5310,56,5366,64
2021-10-16,Butte,007,227075,20188,19612,3679,23291,260
2021-10-16,Calaveras,009,45235,3853,3771,46,3817,80
2021-10-16,Colusa,011,21464,2476,2431,598,3029,18
2021-10-16,Contra Costa,013,1133247,97984,97107,2065,99172,982
2021-10-16,Del Norte,015,27424,3610,3516,51,3567,41
2021-10-16,El Dorado,017,186661,15658,15315,1642,16957,149
2021-10-16,Fresno,019,978130,135106,132433,12123,144556,2051
2021-10-16,Glenn,021,27897,3415,3331,982,4313,26
2021-10-16,Humboldt,023,135768,8754,8621,488,9109,104
2021-10-16,Imperial,025,180216,32759,32368,3056,35424,764
2021-10-16,Inyo,027,18085,2087,1932,37,1969,39
2021-10-16,Kern,029,883053,123599,121354,20375,141729,1590
2021-10-16,Kings,031,150075,31111,30418,1803,32221,314
2021-10-16,Lake,033,64148,6545,6378,133,6511,104
2021-10-16,Lassen,035,31185,6687,6559,324,6883,26
2021-10-16,Los Angeles,037,10098052,1423983,1409418,52291,1461709,26398
2021-10-16,Madera,039,155013,22220,21707,1927,23634,277
2021-10-16,Marin,041,260295,17316,17148,429,17577,243
2021-10-16,Mariposa,043,17540,1203,1096,41,1137,5
2021-10-16,Mendocino,045,87422,7255,7099,447,7546,82
2021-10-16,Merced,047,269075,40679,40265,1722,41987,577
2021-10-16,Modoc,049,8938,508,492,180,672,5
2021-10-16,Mono,051,14174,1660,1628,19,1647,3
2021-10-16,Monterey,053,433212,48244,47293,2722,50015,582
2021-10-16,Napa,055,140530,12784,12706,100,12806,100
2021-10-16,Nevada,057,99092,8881,8739,306,9045,90
2021-10-16,Orange,059,3164182,303333,300722,14481,315203,5509
2021-10-16,Placer,061,380077,35957,35343,3468,38811,412
2021-10-16,Plumas,063,18699,1639,1542,30,1572,6
2021-10-16,Riverside,065,2383286,357307,352435,16047,368482,4990
2021-10-16,Sacramento,067,1510023,154961,153264,4277,157541,2192
2021-10-16,San Benito,069,59416,7245,7210,158,7368,71
2021-10-16,San Bernardino,071,2135413,348439,345418,10829,356247,5566
2021-10-16,San Diego,073,3302833,366184,363109,21535,384644,4151
2021-10-16,San Francisco,075,870044,52130,51436,2213,53649,645
2021-10-16,San Joaquin,077,732212,97740,96507,5210,101717,1708
2021-10-16,San Luis Obispo,079,281455,28978,28460,1182,29642,329
2021-10-16,San Mateo,081,765935,53351,52399,810,53209,569
2021-10-16,Santa Barbara,083,443738,43656,43175,1501,44676,521
2021-10-16,Santa Clara,085,1922200,144748,143282,1217,144499,1890
2021-10-16,Santa Cruz,087,273765,20062,19794,978,20772,218
2021-10-16,Shasta,089,179085,20452,19932,3397,23329,309
2021-10-16,Sierra,091,2930,170,160,18,178,0
2021-10-16,Siskiyou,093,43540,3286,3173,1215,4388,42
2021-10-16,Solano,095,438530,45334,44585,1206,45791,334
2021-10-16,Sonoma,097,501317,40543,40195,503,40698,390
2021-10-16,Stanislaus,099,539301,76222,75868,8509,84377,1142
2021-10-16,Sutter,101,95872,13565,13471,308,13779,169
2021-10-16,Tehama,103,63373,8115,7907,1360,9267,104
2021-10-16,Trinity,105,12862,822,679,202,881,11
2021-10-16,Tulare,107,460477,66238,64489,13895,78384,951
2021-10-16,Tuolumne,109,53932,6825,6666,88,6754,89
2021-10-16,Ventura,111,848112,96953,96181,4205,100386,1164
2021-10-16,Yolo,113,214977,19347,19078,963,20041,247
2021-10-16,Yuba,115,75493,9833,9705,282,9987,82
2021-10-15,Alameda,001,1643700,117551,117027,2655,119682,1365
2021-10-15,Alpine,003,1148,100,102,0,102,0
2021-10-15,Amador,005,37829,5382,5310,56,5366,64
2021-10-15,Butte,007,227075,20152,19612,3672,23284,260
2021-10-15,Calaveras,009,45235,3847,3771,46,3817,80
2021-10-15,Colusa,011,21464,2474,2431,595,3026,18
2021-10-15,Contra Costa,013,1133247,97902,97107,2062,99169,982
2021-10-15,Del Norte,015,27424,3608,3516,51,3567,41
2021-10-15,El Dorado,017,186661,15638,15315,1637,16952,149
2021-10-15,Fresno,019,978130,134853,132433,12113,144546,2051
2021-10-15,Glenn,021,27897,3409,3331,981,4312,26
2021-10-15,Humboldt,023,135768,8745,8621,486,9107,104
2021-10-15,Imperial,025,180216,32712,32368,3052,35420,764
2021-10-15,Inyo,027,18085,2069,1932,37,1969,39
2021-10-15,Kern,029,883053,123463,121354,20301,141655,1590
2021-10-15,Kings,031,150075,31056,30418,1799,32217,314
2021-10-15,Lake,033,64148,6536,6378,133,6511,104
2021-10-15,Lassen,035,31185,6675,6559,323,6882,26
2021-10-15,Los Angeles,037,10098052,1423289,1409418,52243,1461661,26398
2021-10-15,Madera,039,155013,22176,21707,1919,23626,277
2021-10-15,Marin,041,260295,17305,17148,429,17577,243
2021-10-15,Mariposa,043,17540,1195,1096,41,1137,5
2021-10-15,Mendocino,045,87422,7240,7099,447,7546,82
2021-10-15,Merced,047,269075,40649,40265,1719,41984,577
2021-10-15,Modoc,049,8938,507,492,180,672,5
2021-10-15,Mono,051,14174,1657,1628,19,1647,3
2021-10-15,Monterey,053,433212,48222,47293,2720,50013,582
2021-10-15,Napa,055,140530,12780,12706,100,12806,100
2021-10-15,Nevada,057,99092,8866,8739,306,9045,90
2021-10-15,Orange,059,3164182,303165,300722,14463,315185,5509
2021-10-15,Placer,061,380077,35903,35343,3462,38805,412
2021-10-15,Plumas,063,18699,1631,1542,30,1572,6
2021-10-15,Riverside,065,2383286,357065,352435,16042,368477,4990
2021-10-15,Sacramento,067,1510023,154773,153264,4267,157531,2192
2021-10-15,San Benito,069,59416,7242,7210,158,7368,71
2021-10-15,San Bernardino,071,2135413,348207,345418,10826,356244,5566
2021-10-15,San Diego,073,3302833,365824,363109,21510,384619,4151
2021-10-15,San Francisco,075,870044,52090,51436,2206,53642,645
2021-10-15,San Joaquin,077,732212,97662,96507,5203,101710,1708
2021-10-15,San Luis Obispo,079,281455,28957,28460,1180,29640,329
2021-10-15,San Mateo,081,765935,53307,52399,809,53208,569
2021-10-15,Santa Barbara,083,443738,43618,43175,1501,44676,521
2021-10-15,Santa Clara,085,1922200,144626,143282,1209,144491,1890
2021-10-15,Santa Cruz,087,273765,20051,19794,978,20772,218
2021-10-15,Shasta,089,179085,20396,19932,3389,23321,309
2021-10-15,Sierra,091,2930,170,160,18,178,0
2021-10-15,Siskiyou,093,43540,3285,3173,1212,4385,42
2021-10-15,Solano,095,438530,45308,44585,1206,45791,334
2021-10-15,Sonoma,097,501317,40509,40195,502,40697,390
2021-10-15,Stanislaus,099,539301,76142,75868,8493,84361,1142
2021-10-15,Sutter,101,95872,13548,13471,306,13777,169
2021-10-15,Tehama,103,63373,8093,7907,1355,9262,104
2021-10-15,Trinity,105,12862,822,679,202,881,11
2021-10-15,Tulare,107,460477,66159,64489,13858,78347,951
2021-10-15,Tuolumne,109,53932,6802,6666,86,6752,89
2021-10-15,Ventura,111,848112,96911,96181,4202,100383,1164
2021-10-15,Yolo,113,214977,19332,19078,959,20037,247
2021-10-15,Yuba,115,75493,9823,9705,281,9986,82
2021-10-14,Alameda,001,1643700,117443,117027,2650,119677,1365
2021-10-14,Alpine,003,1148,100,102,0,102,0
2021-10-14,Amador,005,37829,5371,5310,56,5366,64
2021-10-14,Butte,007,227075,20100,19612,3666,23278,260
2021-10-14,Calaveras,009,45235,3834,3771,45,3816,80
2021-10-14,Colusa,011,21464,2472,2431,593,3024,18
2021-10-14,Contra Costa,013,1133247,97768,97107,2055,99162,982
2021-10-14,Del Norte,015,27424,3602,3516,51,3567,41
2021-10-14,El Dorado,017,186661,15600,15315,1634,16949,149
2021-10-14,Fresno,019,978130,134558,132433,12084,144517,2051
2021-10-14,Glenn,021,27897,3404,3331,980,4311,26
2021-10-14,Humboldt,023,135768,8728,8621,483,9104,104
2021-10-14,Imperial,025,180216,32649,32368,3045,35413,764
2021-10-14,Inyo,027,18085,2050,1932,37,1969,39
2021-10-14,Kern,029,883053,123191,121354,20202,141556,1590
2021-10-14,Kings,031,150075,30990,30418,1791,32209,314
2021-10-14,Lake,033,64148,6515,6378,132,6510,104
2021-10-14,Lassen,035,31185,6669,6559,322,6881,26
2021-10-14,Los Angeles,037,10098052,1422297,1409418,52193,1461611,26398
2021-10-14,Madera,039,155013,22111,21707,1913,23620,277
2021-10-14,Marin,041,260295,17300,17148,427,17575,243
2021-10-14,Mariposa,043,17540,1182,1096,40,1136,5
2021-10-14,Mendocino,045,87422,7226,7099,445,7544,82
2021-10-14,Merced,047,269075,40560,40265,1705,41970,577
2021-10-14,Modoc,049,8938,507,492,180,672,5
2021-10-14,Mono,051,14174,1650,1628,19,1647,3
2021-10-14,Monterey,053,433212,48197,47293,2715,50008,582
2021-10-14,Napa,055,140530,12765,12706,100,12806,100
2021-10-14,Nevada,057,99092,8839,8739,304,9043,90
2021-10-14,Orange,059,3164182,302957,300722,14446,315168,5509
2021-10-14,Placer,061,380077,35836,35343,3448,38791,412
2021-10-14,Plumas,063,18699,1616,1542,30,1572,6
2021-10-14,Riverside,065,2383286,356668,352435,16031,368466,4990
2021-10-14,Sacramento,067,1510023,154522,153264,4247,157511,2192
2021-10-14,San Benito,069,59416,7231,7210,158,7368,71
2021-10-14,San Bernardino,071,2135413,347851,345418,10819,356237,5566
2021-10-14,San Diego,073,3302833,365384,363109,21483,384592,4151
2021-10-14,San Francisco,075,870044,52034,51436,2202,53638,645
2021-10-14,San Joaquin,077,732212,97533,96507,5194,101701,1708
2021-10-14,San Luis Obispo,079,281455,28912,28460,1176,29636,329
2021-10-14,San Mateo,081,765935,53259,52399,808,53207,569
2021-10-14,Santa Barbara,083,443738,43562,43175,1496,44671,521
2021-10-14,Santa Clara,085,1922200,144485,143282,1203,144485,1890
2021-10-14,Santa Cruz,087,273765,20028,19794,978,20772,218
2021-10-14,Shasta,089,179085,20339,19932,3377,23309,309
2021-10-14,Sierra,091,2930,169,160,18,178,0
2021-10-14,Siskiyou,093,43540,3282,3173,1204,4377,42
2021-10-14,Solano,095,438530,45258,44585,1198,45783,334
2021-10-14,Sonoma,097,501317,40459,40195,499,40694,390
2021-10-14,Stanislaus,099,539301,75996,75868,8480,84348,1142
2021-10-14,Sutter,101,95872,13528,13471,305,13776,169
2021-10-14,Tehama,103,63373,8062,7907,1348,9255,104
2021-10-14,Trinity,105,12862,821,679,201,880,11
2021-10-14,Tulare,107,460477,65975,64489,13811,78300,951
2021-10-14,Tuolumne,109,53932,6770,6666,85,6751,89
2021-10-14,Ventura,111,848112,96843,96181,4196,100377,1164
2021-10-14,Yolo,113,214977,19299,19078,952,20030,247
2021-10-14,Yuba,115,75493,9809,9705,272,9977,82
2021-10-13,Alameda,001,1643700,117337,116914,2644,119558,1360
2021-10-13,Alpine,003,1148,100,102,0,102,0
2021-10-13,Amador,005,37829,5357,5305,56,5361,63
2021-10-13,Butte,007,227075,20024,19546,3661,23207,257
2021-10-13,Calaveras,009,45235,3813,3756,43,3799,79
2021-10-13,Colusa,011,21464,2465,2430,589,3019,18
2021-10-13,Contra Costa,013,1133247,97651,96975,2054,99029,969
2021-10-13,Del Norte,015,27424,3597,3512,51,3563,39
2021-10-13,El Dorado,017,186661,15576,15302,1629,16931,149
2021-10-13,Fresno,019,978130,134224,132055,12052,144107,2048
2021-10-13,Glenn,021,27897,3399,3327,976,4303,26
2021-10-13,Humboldt,023,135768,8717,8604,479,9083,102
2021-10-13,Imperial,025,180216,32589,32317,3043,35360,762
2021-10-13,Inyo,027,18085,2013,1907,37,1944,39
2021-10-13,Kern,029,883053,122946,120956,20110,141066,1586
2021-10-13,Kings,031,150075,30909,30246,1784,32030,312
2021-10-13,Lake,033,64148,6495,6371,132,6503,103
2021-10-13,Lassen,035,31185,6658,6535,316,6851,25
2021-10-13,Los Angeles,037,10098052,1421243,1408384,52138,1460522,26379
2021-10-13,Madera,039,155013,22058,21609,1899,23508,277
2021-10-13,Marin,041,260295,17276,17137,426,17563,243
2021-10-13,Mariposa,043,17540,1168,1090,40,1130,5
2021-10-13,Mendocino,045,87422,7210,7088,437,7525,82
2021-10-13,Merced,047,269075,40475,40164,1693,41857,577
2021-10-13,Modoc,049,8938,505,490,178,668,5
2021-10-13,Mono,051,14174,1650,1612,19,1631,3
2021-10-13,Monterey,053,433212,48177,47273,2708,49981,582
2021-10-13,Napa,055,140530,12754,12695,98,12793,100
2021-10-13,Nevada,057,99092,8817,8725,304,9029,90
2021-10-13,Orange,059,3164182,302750,300468,14430,314898,5503
2021-10-13,Placer,061,380077,35769,35254,3439,38693,412
2021-10-13,Plumas,063,18699,1602,1514,30,1544,6
2021-10-13,Riverside,065,2383286,356338,352044,16018,368062,4978
2021-10-13,Sacramento,067,1510023,154273,153141,4226,157367,2182
2021-10-13,San Benito,069,59416,7225,7196,157,7353,71
2021-10-13,San Bernardino,071,2135413,347526,344951,10802,355753,5562
2021-10-13,San Diego,073,3302833,364953,362564,21461,384025,4141
2021-10-13,San Francisco,075,870044,51990,51379,2198,53577,644
2021-10-13,San Joaquin,077,732212,97389,96343,5190,101533,1696
2021-10-13,San Luis Obispo,079,281455,28874,28397,1173,29570,330
2021-10-13,San Mateo,081,765935,53207,52352,804,53156,569
2021-10-13,Santa Barbara,083,443738,43510,43109,1496,44605,518
2021-10-13,Santa Clara,085,1922200,144345,143064,1202,144266,1886
2021-10-13,Santa Cruz,087,273765,20002,19763,977,20740,217
2021-10-13,Shasta,089,179085,20269,19802,3357,23159,307
2021-10-13,Sierra,091,2930,169,155,18,173,0
2021-10-13,Siskiyou,093,43540,3274,3173,1203,4376,42
2021-10-13,Solano,095,438530,45219,44558,1195,45753,334
2021-10-13,Sonoma,097,501317,40403,40122,499,40621,390
2021-10-13,Stanislaus,099,539301,75854,75698,8470,84168,1136
2021-10-13,Sutter,101,95872,13498,13458,303,13761,169
2021-10-13,Tehama,103,63373,8026,7849,1342,9191,103
2021-10-13,Trinity,105,12862,818,677,201,878,11
2021-10-13,Tulare,107,460477,65794,64297,13757,78054,945
2021-10-13,Tuolumne,109,53932,6756,6644,84,6728,89
2021-10-13,Ventura,111,848112,96769,96099,4190,100289,1162
2021-10-13,Yolo,113,214977,19271,19023,950,19973,247
2021-10-13,Yuba,115,75493,9784,9690,259,9949,80
2021-10-12,Alameda,001,1643700,117234,116813,2640,119453,1357
2021-10-12,Alpine,003,1148,100,102,0,102,0
2021-10-12,Amador,005,37829,5346,5301,56,5357,63
2021-10-12,Butte,007,227075,19952,19506,3650,23156,256
2021-10-12,Calaveras,009,45235,3798,3750,43,3793,75
2021-10-12,Colusa,011,21464,2462,2428,587,3015,18
2021-10-12,Contra Costa,013,1133247,97538,96894,2045,98939,960
2021-10-12,Del Norte,015,27424,3591,3511,51,3562,39
2021-10-12,El Dorado,017,186661,15542,15287,1627,16914,148
2021-10-12,Fresno,019,978130,133862,131848,12021,143869,2042
2021-10-12,Glenn,021,27897,3385,3321,975,4296,26
2021-10-12,Humboldt,023,135768,8690,8587,473,9060,102
2021-10-12,Imperial,025,180216,32537,32267,3041,35308,762
2021-10-12,Inyo,027,18085,1981,1889,37,1926,39
2021-10-12,Kern,029,883053,122659,120826,20001,140827,1580
2021-10-12,Kings,031,150075,30835,30200,1773,31973,312
2021-10-12,Lake,033,64148,6480,6372,130,6502,97
2021-10-12,Lassen,035,31185,6648,6526,315,6841,25
2021-10-12,Los Angeles,037,10098052,1420183,1407462,52092,1459554,26362
2021-10-12,Madera,039,155013,21987,21574,1886,23460,277
2021-10-12,Marin,041,260295,17253,17126,426,17552,242
2021-10-12,Mariposa,043,17540,1154,1088,40,1128,5
2021-10-12,Mendocino,045,87422,7181,7077,434,7511,82
2021-10-12,Merced,047,269075,40396,40113,1687,41800,567
2021-10-12,Modoc,049,8938,500,485,177,662,5
2021-10-12,Mono,051,14174,1648,1608,19,1627,3
2021-10-12,Monterey,053,433212,48146,47254,2700,49954,582
2021-10-12,Napa,055,140530,12740,12671,98,12769,97
2021-10-12,Nevada,057,99092,8805,8720,303,9023,89
2021-10-12,Orange,059,3164182,302496,300256,14404,314660,5499
2021-10-12,Placer,061,380077,35706,35214,3431,38645,404
2021-10-12,Plumas,063,18699,1588,1488,29,1517,6
2021-10-12,Riverside,065,2383286,356012,351771,16004,367775,4973
2021-10-12,Sacramento,067,1510023,153969,152935,4201,157136,2170
2021-10-12,San Benito,069,59416,7211,7193,157,7350,71
2021-10-12,San Bernardino,071,2135413,347213,344788,10792,355580,5563
2021-10-12,San Diego,073,3302833,364440,362256,21432,383688,4137
2021-10-12,San Francisco,075,870044,51926,51301,2197,53498,643
2021-10-12,San Joaquin,077,732212,97253,96237,5185,101422,1690
2021-10-12,San Luis Obispo,079,281455,28827,28379,1172,29551,327
2021-10-12,San Mateo,081,765935,53156,52328,803,53131,569
2021-10-12,Santa Barbara,083,443738,43449,43076,1496,44572,515
2021-10-12,Santa Clara,085,1922200,144192,142954,1200,144154,1882
2021-10-12,Santa Cruz,087,273765,19977,19757,977,20734,218
2021-10-12,Shasta,089,179085,20195,19731,3336,23067,304
2021-10-12,Sierra,091,2930,169,153,18,171,0
2021-10-12,Siskiyou,093,43540,3263,3166,1197,4363,42
2021-10-12,Solano,095,438530,45177,44516,1189,45705,329
2021-10-12,Sonoma,097,501317,40362,40105,498,40603,390
2021-10-12,Stanislaus,099,539301,75702,75589,8458,84047,1126
2021-10-12,Sutter,101,95872,13475,13436,299,13735,168
2021-10-12,Tehama,103,63373,7994,7820,1338,9158,103
2021-10-12,Trinity,105,12862,815,676,201,877,11
2021-10-12,Tulare,107,460477,65609,64216,13702,77918,944
2021-10-12,Tuolumne,109,53932,6739,6637,83,6720,89
2021-10-12,Ventura,111,848112,96668,96022,4185,100207,1160
2021-10-12,Yolo,113,214977,19244,18987,942,19929,247
2021-10-12,Yuba,115,75493,9769,9676,255,9931,70
2021-10-11,Alameda,001,1643700,117091,116759,2639,119398,1358
2021-10-11,Alpine,003,1148,100,102,0,102,0
2021-10-11,Amador,005,37829,5334,5286,56,5342,62
2021-10-11,Butte,007,227075,19892,19452,3645,23097,253
2021-10-11,Calaveras,009,45235,3777,3750,43,3793,75
2021-10-11,Colusa,011,21464,2458,2427,579,3006,18
2021-10-11,Contra Costa,013,1133247,97402,96832,2040,98872,960
2021-10-11,Del Norte,015,27424,3588,3510,47,3557,39
2021-10-11,El Dorado,017,186661,15513,15273,1623,16896,146
2021-10-11,Fresno,019,978130,133532,131703,11986,143689,2036
2021-10-11,Glenn,021,27897,3368,3308,973,4281,26
2021-10-11,Humboldt,023,135768,8665,8571,466,9037,101
2021-10-11,Imperial,025,180216,32487,32207,3035,35242,762
2021-10-11,Inyo,027,18085,1958,1862,36,1898,39
2021-10-11,Kern,029,883053,122422,120684,19906,140590,1575
2021-10-11,Kings,031,150075,30746,30180,1763,31943,309
2021-10-11,Lake,033,64148,6464,6361,126,6487,97
2021-10-11,Lassen,035,31185,6628,6499,312,6811,25
2021-10-11,Los Angeles,037,10098052,1419135,1406826,52042,1458868,26346
2021-10-11,Madera,039,155013,21929,21555,1869,23424,272
2021-10-11,Marin,041,260295,17235,17121,422,17543,242
2021-10-11,Mariposa,043,17540,1124,1083,39,1122,5
2021-10-11,Mendocino,045,87422,7165,7064,430,7494,82
2021-10-11,Merced,047,269075,40280,40064,1662,41726,566
2021-10-11,Modoc,049,8938,497,482,174,656,5
2021-10-11,Mono,051,14174,1638,1604,19,1623,3
2021-10-11,Monterey,053,433212,48117,47241,2693,49934,580
2021-10-11,Napa,055,140530,12718,12654,96,12750,96
2021-10-11,Nevada,057,99092,8785,8716,302,9018,90
2021-10-11,Orange,059,3164182,302265,299941,14373,314314,5499
2021-10-11,Placer,061,380077,35637,35173,3414,38587,404
2021-10-11,Plumas,063,18699,1570,1469,27,1496,6
2021-10-11,Riverside,065,2383286,355667,351444,15999,367443,4973
2021-10-11,Sacramento,067,1510023,153679,152681,4170,156851,2169
2021-10-11,San Benito,069,59416,7190,7184,155,7339,71
2021-10-11,San Bernardino,071,2135413,346829,344594,10784,355378,5549
2021-10-11,San Diego,073,3302833,363928,361712,21400,383112,4124
2021-10-11,San Francisco,075,870044,51855,51275,2194,53469,643
2021-10-11,San Joaquin,077,732212,97098,96152,5174,101326,1681
2021-10-11,San Luis Obispo,079,281455,28779,28355,1167,29522,327
2021-10-11,San Mateo,081,765935,53108,52298,803,53101,569
2021-10-11,Santa Barbara,083,443738,43402,43018,1495,44513,515
2021-10-11,Santa Clara,085,1922200,144030,142836,1196,144032,1882
2021-10-11,Santa Cruz,087,273765,19953,19745,976,20721,217
2021-10-11,Shasta,089,179085,20116,19662,3320,22982,295
2021-10-11,Sierra,091,2930,166,147,17,164,0
2021-10-11,Siskiyou,093,43540,3256,3159,1193,4352,42
2021-10-11,Solano,095,438530,45128,44474,1186,45660,329
2021-10-11,Sonoma,097,501317,40317,40067,498,40565,390
2021-10-11,Stanislaus,099,539301,75531,75478,8437,83915,1118
2021-10-11,Sutter,101,95872,13456,13427,297,13724,165
2021-10-11,Tehama,103,63373,7953,7795,1329,9124,102
2021-10-11,Trinity,105,12862,809,675,200,875,11
2021-10-11,Tulare,107,460477,65430,64094,13635,77729,942
2021-10-11,Tuolumne,109,53932,6701,6602,83,6685,89
2021-10-11,Ventura,111,848112,96571,95876,4178,100054,1160
2021-10-11,Yolo,113,214977,19197,18977,939,19916,247
2021-10-11,Yuba,115,75493,9752,9657,243,9900,69
2021-10-10,Alameda,001,1643700,116972,116679,2635,119314,1358
2021-10-10,Alpine,003,1148,100,102,0,102,0
2021-10-10,Amador,005,37829,5320,5278,56,5334,62
2021-10-10,Butte,007,227075,19827,19430,3629,23059,253
2021-10-10,Calaveras,009,45235,3765,3747,43,3790,75
2021-10-10,Colusa,011,21464,2457,2425,578,3003,18
2021-10-10,Contra Costa,013,1133247,97303,96760,2034,98794,960
2021-10-10,Del Norte,015,27424,3584,3507,47,3554,39
2021-10-10,El Dorado,017,186661,15483,15250,1617,16867,146
2021-10-10,Fresno,019,978130,133201,131434,11955,143389,2035
2021-10-10,Glenn,021,27897,3363,3297,971,4268,26
2021-10-10,Humboldt,023,135768,8644,8554,462,9016,101
2021-10-10,Imperial,025,180216,32412,32167,3034,35201,762
2021-10-10,Inyo,027,18085,1937,1857,36,1893,39
2021-10-10,Kern,029,883053,122096,120552,19803,140355,1573
2021-10-10,Kings,031,150075,30657,30122,1753,31875,308
2021-10-10,Lake,033,64148,6448,6349,125,6474,97
2021-10-10,Lassen,035,31185,6609,6495,311,6806,26
2021-10-10,Los Angeles,037,10098052,1417947,1406034,51968,1458002,26338
2021-10-10,Madera,039,155013,21883,21486,1860,23346,272
2021-10-10,Marin,041,260295,17218,17112,422,17534,242
2021-10-10,Mariposa,043,17540,1121,1074,39,1113,5
2021-10-10,Mendocino,045,87422,7150,7060,422,7482,81
2021-10-10,Merced,047,269075,40197,40036,1643,41679,566
2021-10-10,Modoc,049,8938,497,482,174,656,5
2021-10-10,Mono,051,14174,1637,1596,19,1615,3
2021-10-10,Monterey,053,433212,48088,47228,2691,49919,580
2021-10-10,Napa,055,140530,12695,12641,96,12737,96
2021-10-10,Nevada,057,99092,8773,8689,302,8991,90
2021-10-10,Orange,059,3164182,302003,299787,14345,314132,5499
2021-10-10,Placer,061,380077,35544,35128,3402,38530,404
2021-10-10,Plumas,063,18699,1554,1468,25,1493,6
2021-10-10,Riverside,065,2383286,355293,351248,15981,367229,4973
2021-10-10,Sacramento,067,1510023,153415,152405,4153,156558,2178
2021-10-10,San Benito,069,59416,7185,7180,154,7334,71
2021-10-10,San Bernardino,071,2135413,346516,344423,10776,355199,5551
2021-10-10,San Diego,073,3302833,363412,361038,21353,382391,4113
2021-10-10,San Francisco,075,870044,51808,51216,2192,53408,643
2021-10-10,San Joaquin,077,732212,96927,96084,5160,101244,1681
2021-10-10,San Luis Obispo,079,281455,28735,28343,1167,29510,326
2021-10-10,San Mateo,081,765935,53066,52273,802,53075,569
2021-10-10,Santa Barbara,083,443738,43355,42987,1494,44481,515
2021-10-10,Santa Clara,085,1922200,143864,142768,1189,143957,1881
2021-10-10,Santa Cruz,087,273765,19933,19727,976,20703,217
2021-10-10,Shasta,089,179085,20027,19635,3311,22946,296
2021-10-10,Sierra,091,2930,164,147,17,164,0
2021-10-10,Siskiyou,093,43540,3242,3155,1186,4341,42
2021-10-10,Solano,095,438530,45072,44431,1186,45617,329
2021-10-10,Sonoma,097,501317,40265,40027,498,40525,390
2021-10-10,Stanislaus,099,539301,75353,75403,8423,83826,1118
2021-10-10,Sutter,101,95872,13432,13412,292,13704,165
2021-10-10,Tehama,103,63373,7915,7764,1320,9084,102
2021-10-10,Trinity,105,12862,808,669,199,868,11
2021-10-10,Tulare,107,460477,65259,63930,13586,77516,940
2021-10-10,Tuolumne,109,53932,6677,6580,82,6662,89
2021-10-10,Ventura,111,848112,96482,95829,4178,100007,1160
2021-10-10,Yolo,113,214977,19164,18952,934,19886,247
2021-10-10,Yuba,115,75493,9736,9641,238,9879,69
2021-10-09,Alameda,001,1643700,116874,116253,2633,118886,1356
2021-10-09,Alpine,003,1148,99,102,0,102,0
2021-10-09,Amador,005,37829,5318,5237,55,5292,62
2021-10-09,Butte,007,227075,19796,19277,3625,22902,250
2021-10-09,Calaveras,009,45235,3761,3716,43,3759,75
2021-10-09,Colusa,011,21464,2453,2419,577,2996,18
2021-10-09,Contra Costa,013,1133247,97234,96378,2028,98406,958
2021-10-09,Del Norte,015,27424,3583,3495,47,3542,39
2021-10-09,El Dorado,017,186661,15465,15153,1614,16767,144
2021-10-09,Fresno,019,978130,133069,130508,11937,142445,2018
2021-10-09,Glenn,021,27897,3359,3277,969,4246,26
2021-10-09,Humboldt,023,135768,8630,8448,460,8908,97
2021-10-09,Imperial,025,180216,32378,31989,3032,35021,760
2021-10-09,Inyo,027,18085,1928,1808,36,1844,39
2021-10-09,Kern,029,883053,121955,119795,19776,139571,1559
2021-10-09,Kings,031,150075,30608,29894,1751,31645,308
2021-10-09,Lake,033,64148,6429,6283,124,6407,97
2021-10-09,Lassen,035,31185,6604,6442,310,6752,25
2021-10-09,Los Angeles,037,10098052,1417358,1402810,51931,1454741,26280
2021-10-09,Madera,039,155013,21850,21313,1846,23159,271
2021-10-09,Marin,041,260295,17213,17049,420,17469,242
2021-10-09,Mariposa,043,17540,1114,1042,38,1080,5
2021-10-09,Mendocino,045,87422,7143,7011,421,7432,82
2021-10-09,Merced,047,269075,40154,39784,1643,41427,565
2021-10-09,Modoc,049,8938,495,477,173,650,5
2021-10-09,Mono,051,14174,1634,1577,19,1596,3
2021-10-09,Monterey,053,433212,48076,47168,2688,49856,577
2021-10-09,Napa,055,140530,12691,12586,96,12682,96
2021-10-09,Nevada,057,99092,8762,8613,301,8914,90
2021-10-09,Orange,059,3164182,301822,299089,14326,313415,5457
2021-10-09,Placer,061,380077,35506,34877,3395,38272,393
2021-10-09,Plumas,063,18699,1543,1418,25,1443,6
2021-10-09,Riverside,065,2383286,355041,350082,15965,366047,4965
2021-10-09,Sacramento,067,1510023,153205,151566,4140,155706,2160
2021-10-09,San Benito,069,59416,7177,7123,154,7277,71
2021-10-09,San Bernardino,071,2135413,346328,343452,10772,354224,5556
2021-10-09,San Diego,073,3302833,363106,359909,21348,381257,4111
2021-10-09,San Francisco,075,870044,51760,50960,2185,53145,643
2021-10-09,San Joaquin,077,732212,96861,95606,5155,100761,1669
2021-10-09,San Luis Obispo,079,281455,28718,28197,1165,29362,324
2021-10-09,San Mateo,081,765935,53035,52121,801,52922,569
2021-10-09,Santa Barbara,083,443738,43328,42735,1494,44229,514
2021-10-09,Santa Clara,085,1922200,143740,142298,1183,143481,1873
2021-10-09,Santa Cruz,087,273765,19923,19635,975,20610,217
2021-10-09,Shasta,089,179085,19976,19437,3306,22743,290
2021-10-09,Sierra,091,2930,161,141,17,158,0
2021-10-09,Siskiyou,093,43540,3241,3124,1185,4309,42
2021-10-09,Solano,095,438530,45055,44265,1185,45450,329
2021-10-09,Sonoma,097,501317,40221,39848,498,40346,387
2021-10-09,Stanislaus,099,539301,75263,74899,8412,83311,1114
2021-10-09,Sutter,101,95872,13423,13314,290,13604,165
2021-10-09,Tehama,103,63373,7904,7670,1315,8985,99
2021-10-09,Trinity,105,12862,807,660,199,859,11
2021-10-09,Tulare,107,460477,65151,63398,13565,76963,932
2021-10-09,Tuolumne,109,53932,6658,6521,82,6603,89
2021-10-09,Ventura,111,848112,96428,95542,4175,99717,1158
2021-10-09,Yolo,113,214977,19142,18850,932,19782,247
2021-10-09,Yuba,115,75493,9724,9551,237,9788,69
2021-10-08,Alameda,001,1643700,116793,116253,2629,118882,1356
2021-10-08,Alpine,003,1148,99,102,0,102,0
2021-10-08,Amador,005,37829,5305,5237,55,5292,62
2021-10-08,Butte,007,227075,19767,19277,3621,22898,250
2021-10-08,Calaveras,009,45235,3756,3716,43,3759,75
2021-10-08,Colusa,011,21464,2451,2419,577,2996,18
2021-10-08,Contra Costa,013,1133247,97190,96378,2023,98401,958
2021-10-08,Del Norte,015,27424,3582,3495,47,3542,39
2021-10-08,El Dorado,017,186661,15445,15153,1610,16763,144
2021-10-08,Fresno,019,978130,132873,130508,11916,142424,2018
2021-10-08,Glenn,021,27897,3351,3277,966,4243,26
2021-10-08,Humboldt,023,135768,8619,8448,457,8905,97
2021-10-08,Imperial,025,180216,32349,31989,3028,35017,760
2021-10-08,Inyo,027,18085,1910,1808,36,1844,39
2021-10-08,Kern,029,883053,121818,119795,19734,139529,1559
2021-10-08,Kings,031,150075,30514,29894,1750,31644,308
2021-10-08,Lake,033,64148,6421,6283,124,6407,97
2021-10-08,Lassen,035,31185,6590,6442,307,6749,25
2021-10-08,Los Angeles,037,10098052,1416696,1402810,51899,1454709,26280
2021-10-08,Madera,039,155013,21791,21313,1839,23152,271
2021-10-08,Marin,041,260295,17202,17049,419,17468,242
2021-10-08,Mariposa,043,17540,1107,1042,36,1078,5
2021-10-08,Mendocino,045,87422,7130,7011,421,7432,82
2021-10-08,Merced,047,269075,40122,39784,1640,41424,565
2021-10-08,Modoc,049,8938,493,477,173,650,5
2021-10-08,Mono,051,14174,1631,1577,19,1596,3
2021-10-08,Monterey,053,433212,48049,47168,2686,49854,577
2021-10-08,Napa,055,140530,12675,12586,96,12682,96
2021-10-08,Nevada,057,99092,8749,8613,301,8914,90
2021-10-08,Orange,059,3164182,301675,299089,14306,313395,5457
2021-10-08,Placer,061,380077,35468,34877,3388,38265,393
2021-10-08,Plumas,063,18699,1531,1418,25,1443,6
2021-10-08,Riverside,065,2383286,354772,350082,15954,366036,4965
2021-10-08,Sacramento,067,1510023,153041,151566,4126,155692,2160
2021-10-08,San Benito,069,59416,7173,7123,152,7275,71
2021-10-08,San Bernardino,071,2135413,346119,343452,10764,354216,5556
2021-10-08,San Diego,073,3302833,362780,359909,21329,381238,4111
2021-10-08,San Francisco,075,870044,51713,50960,2178,53138,643
2021-10-08,San Joaquin,077,732212,96793,95606,5149,100755,1669
2021-10-08,San Luis Obispo,079,281455,28691,28197,1164,29361,324
2021-10-08,San Mateo,081,765935,53007,52121,801,52922,569
2021-10-08,Santa Barbara,083,443738,43293,42735,1493,44228,514
2021-10-08,Santa Clara,085,1922200,143627,142298,1178,143476,1873
2021-10-08,Santa Cruz,087,273765,19908,19635,975,20610,217
2021-10-08,Shasta,089,179085,19934,19437,3300,22737,290
2021-10-08,Sierra,091,2930,159,141,15,156,0
2021-10-08,Siskiyou,093,43540,3233,3124,1184,4308,42
2021-10-08,Solano,095,438530,45016,44265,1185,45450,329
2021-10-08,Sonoma,097,501317,40185,39848,498,40346,387
2021-10-08,Stanislaus,099,539301,75194,74899,8403,83302,1114
2021-10-08,Sutter,101,95872,13409,13314,288,13602,165
2021-10-08,Tehama,103,63373,7887,7670,1313,8983,99
2021-10-08,Trinity,105,12862,806,660,199,859,11
2021-10-08,Tulare,107,460477,65033,63398,13533,76931,932
2021-10-08,Tuolumne,109,53932,6635,6521,82,6603,89
2021-10-08,Ventura,111,848112,96377,95542,4169,99711,1158
2021-10-08,Yolo,113,214977,19129,18850,928,19778,247
2021-10-08,Yuba,115,75493,9704,9551,236,9787,69
2021-10-07,Alameda,001,1643700,116674,116253,2628,118881,1356
2021-10-07,Alpine,003,1148,99,102,0,102,0
2021-10-07,Amador,005,37829,5298,5237,55,5292,62
2021-10-07,Butte,007,227075,19718,19277,3610,22887,250
2021-10-07,Calaveras,009,45235,3744,3716,43,3759,75
2021-10-07,Colusa,011,21464,2448,2419,571,2990,18
2021-10-07,Contra Costa,013,1133247,97067,96378,2020,98398,958
2021-10-07,Del Norte,015,27424,3579,3495,47,3542,39
2021-10-07,El Dorado,017,186661,15408,15153,1606,16759,144
2021-10-07,Fresno,019,978130,132599,130508,11892,142400,2018
2021-10-07,Glenn,021,27897,3344,3277,963,4240,26
2021-10-07,Humboldt,023,135768,8593,8448,454,8902,97
2021-10-07,Imperial,025,180216,32278,31989,3015,35004,760
2021-10-07,Inyo,027,18085,1891,1808,36,1844,39
2021-10-07,Kern,029,883053,121586,119795,19670,139465,1559
2021-10-07,Kings,031,150075,30449,29894,1744,31638,308
2021-10-07,Lake,033,64148,6410,6283,124,6407,97
2021-10-07,Lassen,035,31185,6572,6442,305,6747,25
2021-10-07,Los Angeles,037,10098052,1415740,1402810,51854,1454664,26280
2021-10-07,Madera,039,155013,21718,21313,1825,23138,271
2021-10-07,Marin,041,260295,17184,17049,419,17468,242
2021-10-07,Mariposa,043,17540,1099,1042,36,1078,5
2021-10-07,Mendocino,045,87422,7120,7011,417,7428,82
2021-10-07,Merced,047,269075,40055,39784,1623,41407,565
2021-10-07,Modoc,049,8938,490,477,172,649,5
2021-10-07,Mono,051,14174,1623,1577,19,1596,3
2021-10-07,Monterey,053,433212,48024,47168,2677,49845,577
2021-10-07,Napa,055,140530,12660,12586,96,12682,96
2021-10-07,Nevada,057,99092,8721,8613,301,8914,90
2021-10-07,Orange,059,3164182,301449,299089,14292,313381,5457
2021-10-07,Placer,061,380077,35406,34877,3381,38258,393
2021-10-07,Plumas,063,18699,1514,1418,25,1443,6
2021-10-07,Riverside,065,2383286,354440,350082,15942,366024,4965
2021-10-07,Sacramento,067,1510023,152758,151566,4098,155664,2160
2021-10-07,San Benito,069,59416,7157,7123,150,7273,71
2021-10-07,San Bernardino,071,2135413,345845,343452,10756,354208,5556
2021-10-07,San Diego,073,3302833,362385,359909,21308,381217,4111
2021-10-07,San Francisco,075,870044,51642,50960,2175,53135,643
2021-10-07,San Joaquin,077,732212,96639,95606,5141,100747,1669
2021-10-07,San Luis Obispo,079,281455,28640,28197,1162,29359,324
2021-10-07,San Mateo,081,765935,52967,52121,800,52921,569
2021-10-07,Santa Barbara,083,443738,43224,42735,1487,44222,514
2021-10-07,Santa Clara,085,1922200,143477,142298,1172,143470,1873
2021-10-07,Santa Cruz,087,273765,19888,19635,974,20609,217
2021-10-07,Shasta,089,179085,19846,19437,3285,22722,290
2021-10-07,Sierra,091,2930,158,141,15,156,0
2021-10-07,Siskiyou,093,43540,3229,3124,1179,4303,42
2021-10-07,Solano,095,438530,44971,44265,1181,45446,329
2021-10-07,Sonoma,097,501317,40148,39848,496,40344,387
2021-10-07,Stanislaus,099,539301,75032,74899,8378,83277,1114
2021-10-07,Sutter,101,95872,13387,13314,285,13599,165
2021-10-07,Tehama,103,63373,7854,7670,1307,8977,99
2021-10-07,Trinity,105,12862,804,660,199,859,11
2021-10-07,Tulare,107,460477,64868,63398,13497,76895,932
2021-10-07,Tuolumne,109,53932,6613,6521,82,6603,89
2021-10-07,Ventura,111,848112,96304,95542,4166,99708,1158
2021-10-07,Yolo,113,214977,19096,18850,924,19774,247
2021-10-07,Yuba,115,75493,9678,9551,229,9780,69
2021-10-06,Alameda,001,1643700,116537,116058,2622,118680,1353
2021-10-06,Alpine,003,1148,99,102,0,102,0
2021-10-06,Amador,005,37829,5295,5205,55,5260,62
2021-10-06,Butte,007,227075,19656,19208,3603,22811,247
2021-10-06,Calaveras,009,45235,3735,3669,43,3712,75
2021-10-06,Colusa,011,21464,2445,2414,564,2978,18
2021-10-06,Contra Costa,013,1133247,96943,96184,2016,98200,953
2021-10-06,Del Norte,015,27424,3576,3490,44,3534,39
2021-10-06,El Dorado,017,186661,15382,15078,1603,16681,140
2021-10-06,Fresno,019,978130,132309,130074,11867,141941,2008
2021-10-06,Glenn,021,27897,3335,3270,961,4231,26
2021-10-06,Humboldt,023,135768,8578,8416,448,8864,94
2021-10-06,Imperial,025,180216,32225,31930,3005,34935,760
2021-10-06,Inyo,027,18085,1876,1806,36,1842,39
2021-10-06,Kern,029,883053,121329,119491,19579,139070,1552
2021-10-06,Kings,031,150075,30383,29785,1736,31521,308
2021-10-06,Lake,033,64148,6396,6271,124,6395,97
2021-10-06,Lassen,035,31185,6556,6429,304,6733,25
2021-10-06,Los Angeles,037,10098052,1414784,1401675,51805,1453480,26252
2021-10-06,Madera,039,155013,21663,21230,1815,23045,269
2021-10-06,Marin,041,260295,17175,17042,416,17458,242
2021-10-06,Mariposa,043,17540,1092,1036,36,1072,5
2021-10-06,Mendocino,045,87422,7111,6986,415,7401,81
2021-10-06,Merced,047,269075,39980,39666,1611,41277,563
2021-10-06,Modoc,049,8938,490,477,170,647,5
2021-10-06,Mono,051,14174,1611,1568,19,1587,3
2021-10-06,Monterey,053,433212,47991,47136,2672,49808,577
2021-10-06,Napa,055,140530,12636,12552,95,12647,96
2021-10-06,Nevada,057,99092,8705,8582,300,8882,90
2021-10-06,Orange,059,3164182,301210,298785,14280,313065,5448
2021-10-06,Placer,061,380077,35355,34764,3375,38139,390
2021-10-06,Plumas,063,18699,1491,1383,25,1408,6
2021-10-06,Riverside,065,2383286,354084,349645,15921,365566,4953
2021-10-06,Sacramento,067,1510023,152505,151164,4067,155231,2141
2021-10-06,San Benito,069,59416,7142,7108,150,7258,69
2021-10-06,San Bernardino,071,2135413,345554,343022,10749,353771,5551
2021-10-06,San Diego,073,3302833,361893,359564,21282,380846,4104
2021-10-06,San Francisco,075,870044,51578,50894,2172,53066,641
2021-10-06,San Joaquin,077,732212,96505,95418,5129,100547,1658
2021-10-06,San Luis Obispo,079,281455,28590,28170,1156,29326,323
2021-10-06,San Mateo,081,765935,52917,52056,795,52851,569
2021-10-06,Santa Barbara,083,443738,43141,42687,1485,44172,513
2021-10-06,Santa Clara,085,1922200,143326,142124,1167,143291,1872
2021-10-06,Santa Cruz,087,273765,19859,19604,972,20576,217
2021-10-06,Shasta,089,179085,19771,19325,3272,22597,287
2021-10-06,Sierra,091,2930,156,138,15,153,0
2021-10-06,Siskiyou,093,43540,3219,3116,1172,4288,42
2021-10-06,Solano,095,438530,44937,44185,1180,45365,328
2021-10-06,Sonoma,097,501317,40098,39787,495,40282,383
2021-10-06,Stanislaus,099,539301,74890,74699,8365,83064,1114
2021-10-06,Sutter,101,95872,13366,13284,283,13567,164
2021-10-06,Tehama,103,63373,7818,7629,1299,8928,99
2021-10-06,Trinity,105,12862,801,656,199,855,11
2021-10-06,Tulare,107,460477,64688,63198,13441,76639,926
2021-10-06,Tuolumne,109,53932,6586,6486,82,6568,89
2021-10-06,Ventura,111,848112,96213,95449,4158,99607,1158
2021-10-06,Yolo,113,214977,19064,18815,920,19735,247
2021-10-06,Yuba,115,75493,9654,9520,228,9748,69
2021-10-05,Alameda,001,1643700,116393,115968,2617,118585,1350
2021-10-05,Alpine,003,1148,99,102,0,102,0
2021-10-05,Amador,005,37829,5274,5194,54,5248,61
2021-10-05,Butte,007,227075,19607,19137,3588,22725,246
2021-10-05,Calaveras,009,45235,3719,3657,43,3700,73
2021-10-05,Colusa,011,21464,2438,2414,563,2977,18
2021-10-05,Contra Costa,013,1133247,96826,96108,2011,98119,941
2021-10-05,Del Norte,015,27424,3574,3485,43,3528,39
2021-10-05,El Dorado,017,186661,15343,15052,1600,16652,140
2021-10-05,Fresno,019,978130,131970,129957,11831,141788,1987
2021-10-05,Glenn,021,27897,3324,3270,956,4226,26
2021-10-05,Humboldt,023,135768,8547,8398,444,8842,94
2021-10-05,Imperial,025,180216,32178,31909,3000,34909,759
2021-10-05,Inyo,027,18085,1859,1800,36,1836,39
2021-10-05,Kern,029,883053,121064,119260,19478,138738,1540
2021-10-05,Kings,031,150075,30308,29749,1731,31480,301
2021-10-05,Lake,033,64148,6375,6264,123,6387,97
2021-10-05,Lassen,035,31185,6537,6417,302,6719,25
2021-10-05,Los Angeles,037,10098052,1413641,1400300,51752,1452052,26223
2021-10-05,Madera,039,155013,21605,21183,1803,22986,269
2021-10-05,Marin,041,260295,17163,17024,416,17440,242
2021-10-05,Mariposa,043,17540,1073,1033,33,1066,5
2021-10-05,Mendocino,045,87422,7095,6972,408,7380,79
2021-10-05,Merced,047,269075,39914,39608,1603,41211,562
2021-10-05,Modoc,049,8938,486,475,169,644,5
2021-10-05,Mono,051,14174,1603,1565,19,1584,3
2021-10-05,Monterey,053,433212,47974,47087,2662,49749,573
2021-10-05,Napa,055,140530,12612,12533,95,12628,96
2021-10-05,Nevada,057,99092,8675,8576,300,8876,90
2021-10-05,Orange,059,3164182,300933,298589,14248,312837,5441
2021-10-05,Placer,061,380077,35275,34728,3368,38096,382
2021-10-05,Plumas,063,18699,1466,1357,25,1382,6
2021-10-05,Riverside,065,2383286,353725,349365,15906,365271,4942
2021-10-05,Sacramento,067,1510023,152231,151111,4039,155150,2126
2021-10-05,San Benito,069,59416,7124,7103,148,7251,69
2021-10-05,San Bernardino,071,2135413,345228,342711,10742,353453,5557
2021-10-05,San Diego,073,3302833,361318,359194,21255,380449,4092
2021-10-05,San Francisco,075,870044,51480,50826,2169,52995,641
2021-10-05,San Joaquin,077,732212,96352,95276,5103,100379,1651
2021-10-05,San Luis Obispo,079,281455,28546,28113,1154,29267,324
2021-10-05,San Mateo,081,765935,52870,52008,795,52803,569
2021-10-05,Santa Barbara,083,443738,43063,42595,1481,44076,511
2021-10-05,Santa Clara,085,1922200,143164,141971,1160,143131,1873
2021-10-05,Santa Cruz,087,273765,19817,19582,972,20554,216
2021-10-05,Shasta,089,179085,19697,19285,3259,22544,286
2021-10-05,Sierra,091,2930,152,136,15,151,0
2021-10-05,Siskiyou,093,43540,3205,3107,1172,4279,42
2021-10-05,Solano,095,438530,44866,44149,1179,45328,325
2021-10-05,Sonoma,097,501317,40043,39756,490,40246,383
2021-10-05,Stanislaus,099,539301,74728,74599,8348,82947,1114
2021-10-05,Sutter,101,95872,13338,13270,282,13552,164
2021-10-05,Tehama,103,63373,7789,7607,1290,8897,98
2021-10-05,Trinity,105,12862,798,655,199,854,11
2021-10-05,Tulare,107,460477,64481,63093,13388,76481,920
2021-10-05,Tuolumne,109,53932,6570,6473,81,6554,89
2021-10-05,Ventura,111,848112,96107,95351,4157,99508,1155
2021-10-05,Yolo,113,214977,19028,18782,914,19696,245
2021-10-05,Yuba,115,75493,9622,9504,225,9729,69
2021-10-04,Alameda,001,1643700,116232,115845,2614,118459,1347
2021-10-04,Alpine,003,1148,99,102,0,102,0
2021-10-04,Amador,005,37829,5264,5163,53,5216,61
2021-10-04,Butte,007,227075,19529,19081,3577,22658,245
2021-10-04,Calaveras,009,45235,3710,3641,43,3684,73
2021-10-04,Colusa,011,21464,2437,2414,561,2975,18
2021-10-04,Contra Costa,013,1133247,96684,95958,2006,97964,937
2021-10-04,Del Norte,015,27424,3572,3485,39,3524,39
2021-10-04,El Dorado,017,186661,15296,15031,1593,16624,138
2021-10-04,Fresno,019,978130,131660,129665,11801,141466,1978
2021-10-04,Glenn,021,27897,3317,3270,953,4223,26
2021-10-04,Humboldt,023,135768,8515,8355,437,8792,94
2021-10-04,Imperial,025,180216,32129,31866,2993,34859,757
2021-10-04,Inyo,027,18085,1847,1792,34,1826,39
2021-10-04,Kern,029,883053,120773,118984,19358,138342,1531
2021-10-04,Kings,031,150075,30215,29702,1728,31430,303
2021-10-04,Lake,033,64148,6362,6248,123,6371,97
2021-10-04,Lassen,035,31185,6520,6405,302,6707,25
2021-10-04,Los Angeles,037,10098052,1412522,1399604,51695,1451299,26186
2021-10-04,Madera,039,155013,21541,21126,1791,22917,266
2021-10-04,Marin,041,260295,17147,17008,415,17423,242
2021-10-04,Mariposa,043,17540,1061,1024,33,1057,5
2021-10-04,Mendocino,045,87422,7077,6947,405,7352,79
2021-10-04,Merced,047,269075,39797,39565,1587,41152,558
2021-10-04,Modoc,049,8938,483,473,169,642,5
2021-10-04,Mono,051,14174,1595,1561,19,1580,3
2021-10-04,Monterey,053,433212,47953,47058,2655,49713,571
2021-10-04,Napa,055,140530,12589,12506,95,12601,96
2021-10-04,Nevada,057,99092,8655,8563,300,8863,90
2021-10-04,Orange,059,3164182,300637,298165,14216,312381,5438
2021-10-04,Placer,061,380077,35193,34630,3341,37971,379
2021-10-04,Plumas,063,18699,1444,1329,25,1354,6
2021-10-04,Riverside,065,2383286,353345,348828,15896,364724,4923
2021-10-04,Sacramento,067,1510023,151906,150887,4012,154899,2115
2021-10-04,San Benito,069,59416,7111,7099,148,7247,69
2021-10-04,San Bernardino,071,2135413,344866,342418,10731,353149,5551
2021-10-04,San Diego,073,3302833,360752,358525,21224,379749,4090
2021-10-04,San Francisco,075,870044,51385,50798,2165,52963,638
2021-10-04,San Joaquin,077,732212,96155,95198,5083,100281,1649
2021-10-04,San Luis Obispo,079,281455,28501,28090,1148,29238,323
2021-10-04,San Mateo,081,765935,52810,51958,794,52752,569
2021-10-04,Santa Barbara,083,443738,42978,42585,1480,44065,511
2021-10-04,Santa Clara,085,1922200,143017,141840,1154,142994,1869
2021-10-04,Santa Cruz,087,273765,19788,19559,971,20530,216
2021-10-04,Shasta,089,179085,19590,19170,3245,22415,279
2021-10-04,Sierra,091,2930,145,136,14,150,0
2021-10-04,Siskiyou,093,43540,3196,3103,1157,4260,42
2021-10-04,Solano,095,438530,44807,44092,1175,45267,322
2021-10-04,Sonoma,097,501317,39977,39720,490,40210,381
2021-10-04,Stanislaus,099,539301,74577,74444,8329,82773,1106
2021-10-04,Sutter,101,95872,13309,13261,281,13542,164
2021-10-04,Tehama,103,63373,7748,7585,1284,8869,95
2021-10-04,Trinity,105,12862,797,649,198,847,11
2021-10-04,Tulare,107,460477,64295,62957,13320,76277,920
2021-10-04,Tuolumne,109,53932,6544,6442,81,6523,89
2021-10-04,Ventura,111,848112,96015,95170,4151,99321,1153
2021-10-04,Yolo,113,214977,18984,18761,910,19671,242
2021-10-04,Yuba,115,75493,9583,9481,223,9704,68
2021-10-03,Alameda,001,1643700,116089,115751,2604,118355,1349
2021-10-03,Alpine,003,1148,99,102,0,102,0
2021-10-03,Amador,005,37829,5246,5160,51,5211,61
2021-10-03,Butte,007,227075,19456,19066,3560,22626,245
2021-10-03,Calaveras,009,45235,3693,3632,43,3675,73
2021-10-03,Colusa,011,21464,2435,2413,558,2971,18
2021-10-03,Contra Costa,013,1133247,96551,95890,1999,97889,937
2021-10-03,Del Norte,015,27424,3566,3483,38,3521,39
2021-10-03,El Dorado,017,186661,15237,15014,1586,16600,139
2021-10-03,Fresno,019,978130,131279,129365,11760,141125,1978
2021-10-03,Glenn,021,27897,3310,3266,945,4211,26
2021-10-03,Humboldt,023,135768,8469,8352,433,8785,94
2021-10-03,Imperial,025,180216,32062,31844,2985,34829,757
2021-10-03,Inyo,027,18085,1826,1788,34,1822,39
2021-10-03,Kern,029,883053,120468,118851,19236,138087,1535
2021-10-03,Kings,031,150075,30116,29623,1721,31344,300
2021-10-03,Lake,033,64148,6336,6239,123,6362,97
2021-10-03,Lassen,035,31185,6498,6400,300,6700,25
2021-10-03,Los Angeles,037,10098052,1411260,1398790,51641,1450431,26179
2021-10-03,Madera,039,155013,21469,21066,1781,22847,266
2021-10-03,Marin,041,260295,17124,16995,410,17405,242
2021-10-03,Mariposa,043,17540,1054,1011,33,1044,5
2021-10-03,Mendocino,045,87422,7057,6939,397,7336,79
2021-10-03,Merced,047,269075,39690,39516,1567,41083,558
2021-10-03,Modoc,049,8938,482,472,168,640,5
2021-10-03,Mono,051,14174,1591,1554,19,1573,3
2021-10-03,Monterey,053,433212,47928,47049,2644,49693,571
2021-10-03,Napa,055,140530,12560,12489,93,12582,96
2021-10-03,Nevada,057,99092,8620,8545,300,8845,90
2021-10-03,Orange,059,3164182,300355,298027,14196,312223,5447
2021-10-03,Placer,061,380077,35055,34596,3325,37921,379
2021-10-03,Plumas,063,18699,1416,1328,25,1353,6
2021-10-03,Riverside,065,2383286,352914,348593,15876,364469,4924
2021-10-03,Sacramento,067,1510023,151617,150664,3983,154647,2120
2021-10-03,San Benito,069,59416,7102,7095,148,7243,69
2021-10-03,San Bernardino,071,2135413,344448,342302,10724,353026,5555
2021-10-03,San Diego,073,3302833,360172,358153,21192,379345,4081
2021-10-03,San Francisco,075,870044,51300,50733,2162,52895,638
2021-10-03,San Joaquin,077,732212,95966,95133,5075,100208,1649
2021-10-03,San Luis Obispo,079,281455,28434,28065,1143,29208,325
2021-10-03,San Mateo,081,765935,52743,51923,793,52716,569
2021-10-03,Santa Barbara,083,443738,42882,42550,1472,44022,511
2021-10-03,Santa Clara,085,1922200,142847,141737,1146,142883,1869
2021-10-03,Santa Cruz,087,273765,19748,19548,969,20517,216
2021-10-03,Shasta,089,179085,19485,19132,3217,22349,279
2021-10-03,Sierra,091,2930,142,136,14,150,0
2021-10-03,Siskiyou,093,43540,3183,3096,1147,4243,42
2021-10-03,Solano,095,438530,44744,44051,1172,45223,322
2021-10-03,Sonoma,097,501317,39911,39679,490,40169,381
2021-10-03,Stanislaus,099,539301,74389,74366,8311,82677,1106
2021-10-03,Sutter,101,95872,13294,13248,277,13525,164
2021-10-03,Tehama,103,63373,7705,7564,1279,8843,94
2021-10-03,Trinity,105,12862,793,647,196,843,11
2021-10-03,Tulare,107,460477,64092,62860,13248,76108,924
2021-10-03,Tuolumne,109,53932,6515,6430,79,6509,89
2021-10-03,Ventura,111,848112,95910,95108,4148,99256,1153
2021-10-03,Yolo,113,214977,18956,18720,902,19622,242
2021-10-03,Yuba,115,75493,9566,9462,222,9684,68
2021-10-02,Alameda,001,1643700,115981,115185,2599,117784,1343
2021-10-02,Alpine,003,1148,99,102,0,102,0
2021-10-02,Amador,005,37829,5237,5105,51,5156,61
2021-10-02,Butte,007,227075,19426,18911,3553,22464,243
2021-10-02,Calaveras,009,45235,3686,3585,43,3628,72
2021-10-02,Colusa,011,21464,2434,2403,556,2959,18
2021-10-02,Contra Costa,013,1133247,96480,95369,1995,97364,933
2021-10-02,Del Norte,015,27424,3561,3468,38,3506,39
2021-10-02,El Dorado,017,186661,15211,14887,1585,16472,136
2021-10-02,Fresno,019,978130,131108,128450,11747,140197,1964
2021-10-02,Glenn,021,27897,3305,3234,945,4179,26
2021-10-02,Humboldt,023,135768,8451,8244,433,8677,94
2021-10-02,Imperial,025,180216,32027,31674,2982,34656,757
2021-10-02,Inyo,027,18085,1817,1746,34,1780,39
2021-10-02,Kern,029,883053,120335,117962,19155,137117,1524
2021-10-02,Kings,031,150075,30067,29339,1717,31056,301
2021-10-02,Lake,033,64148,6327,6191,123,6314,97
2021-10-02,Lassen,035,31185,6493,6360,300,6660,25
2021-10-02,Los Angeles,037,10098052,1410648,1395070,51605,1446675,26126
2021-10-02,Madera,039,155013,21444,20931,1772,22703,266
2021-10-02,Marin,041,260295,17119,16936,407,17343,242
2021-10-02,Mariposa,043,17540,1052,967,33,1000,5
2021-10-02,Mendocino,045,87422,7047,6869,397,7266,78
2021-10-02,Merced,047,269075,39663,39196,1563,40759,552
2021-10-02,Modoc,049,8938,480,468,168,636,5
2021-10-02,Mono,051,14174,1589,1540,19,1559,3
2021-10-02,Monterey,053,433212,47873,46964,2643,49607,571
2021-10-02,Napa,055,140530,12549,12433,93,12526,96
2021-10-02,Nevada,057,99092,8609,8474,299,8773,87
2021-10-02,Orange,059,3164182,300190,297307,14176,311483,5435
2021-10-02,Placer,061,380077,34989,34377,3316,37693,381
2021-10-02,Plumas,063,18699,1405,1298,25,1323,6
2021-10-02,Riverside,065,2383286,352673,347227,15865,363092,4895
2021-10-02,Sacramento,067,1510023,151444,149897,3975,153872,2099
2021-10-02,San Benito,069,59416,7095,7055,148,7203,69
2021-10-02,San Bernardino,071,2135413,344261,341212,10672,351884,5540
2021-10-02,San Diego,073,3302833,359855,356454,21170,377624,4078
2021-10-02,San Francisco,075,870044,51251,50393,2157,52550,634
2021-10-02,San Joaquin,077,732212,95901,94599,5069,99668,1646
2021-10-02,San Luis Obispo,079,281455,28410,27915,1143,29058,323
2021-10-02,San Mateo,081,765935,52702,51767,789,52556,573
2021-10-02,Santa Barbara,083,443738,42842,42423,1472,43895,508
2021-10-02,Santa Clara,085,1922200,142733,141231,1142,142373,1862
2021-10-02,Santa Cruz,087,273765,19731,19461,968,20429,214
2021-10-02,Shasta,089,179085,19439,18912,3211,22123,270
2021-10-02,Sierra,091,2930,141,131,14,145,0
2021-10-02,Siskiyou,093,43540,3182,3053,1144,4197,42
2021-10-02,Solano,095,438530,44699,43800,1171,44971,321
2021-10-02,Sonoma,097,501317,39877,39497,489,39986,382
2021-10-02,Stanislaus,099,539301,74303,73859,8298,82157,1099
2021-10-02,Sutter,101,95872,13285,13160,276,13436,160
2021-10-02,Tehama,103,63373,7690,7453,1279,8732,93
2021-10-02,Trinity,105,12862,790,625,196,821,10
2021-10-02,Tulare,107,460477,64016,62247,13222,75469,908
2021-10-02,Tuolumne,109,53932,6501,6369,79,6448,89
2021-10-02,Ventura,111,848112,95838,94854,4143,98997,1148
2021-10-02,Yolo,113,214977,18931,18640,898,19538,242
2021-10-02,Yuba,115,75493,9547,9370,221,9591,66
2021-10-01,Alameda,001,1643700,115904,115185,2593,117778,1343
2021-10-01,Alpine,003,1148,99,102,0,102,0
2021-10-01,Amador,005,37829,5217,5105,51,5156,61
2021-10-01,Butte,007,227075,19385,18911,3546,22457,243
2021-10-01,Calaveras,009,45235,3676,3585,43,3628,72
2021-10-01,Colusa,011,21464,2432,2403,556,2959,18
2021-10-01,Contra Costa,013,1133247,96384,95369,1991,97360,933
2021-10-01,Del Norte,015,27424,3558,3468,37,3505,39
2021-10-01,El Dorado,017,186661,15194,14887,1581,16468,136
2021-10-01,Fresno,019,978130,130919,128450,11737,140187,1964
2021-10-01,Glenn,021,27897,3303,3234,944,4178,26
2021-10-01,Humboldt,023,135768,8434,8244,433,8677,94
2021-10-01,Imperial,025,180216,32008,31674,2973,34647,757
2021-10-01,Inyo,027,18085,1808,1746,34,1780,39
2021-10-01,Kern,029,883053,120182,117962,19099,137061,1524
2021-10-01,Kings,031,150075,30033,29339,1712,31051,301
2021-10-01,Lake,033,64148,6317,6191,123,6314,97
2021-10-01,Lassen,035,31185,6482,6360,299,6659,25
2021-10-01,Los Angeles,037,10098052,1409884,1395070,51561,1446631,26126
2021-10-01,Madera,039,155013,21394,20931,1763,22694,266
2021-10-01,Marin,041,260295,17104,16936,406,17342,242
2021-10-01,Mariposa,043,17540,1045,967,33,1000,5
2021-10-01,Mendocino,045,87422,7035,6869,397,7266,78
2021-10-01,Merced,047,269075,39619,39196,1555,40751,552
2021-10-01,Modoc,049,8938,479,468,168,636,5
2021-10-01,Mono,051,14174,1586,1540,19,1559,3
2021-10-01,Monterey,053,433212,47852,46964,2640,49604,571
2021-10-01,Napa,055,140530,12539,12433,92,12525,96
2021-10-01,Nevada,057,99092,8595,8474,298,8772,87
2021-10-01,Orange,059,3164182,300006,297307,14156,311463,5435
2021-10-01,Placer,061,380077,34955,34377,3312,37689,381
2021-10-01,Plumas,063,18699,1396,1298,25,1323,6
2021-10-01,Riverside,065,2383286,352380,347227,15858,363085,4895
2021-10-01,Sacramento,067,1510023,151292,149897,3964,153861,2099
2021-10-01,San Benito,069,59416,7093,7055,146,7201,69
2021-10-01,San Bernardino,071,2135413,344061,341212,10669,351881,5540
2021-10-01,San Diego,073,3302833,359495,356454,21149,377603,4078
2021-10-01,San Francisco,075,870044,51210,50393,2156,52549,634
2021-10-01,San Joaquin,077,732212,95831,94599,5065,99664,1646
2021-10-01,San Luis Obispo,079,281455,28386,27915,1140,29055,323
2021-10-01,San Mateo,081,765935,52662,51767,786,52553,573
2021-10-01,Santa Barbara,083,443738,42806,42423,1472,43895,508
2021-10-01,Santa Clara,085,1922200,142640,141231,1137,142368,1862
2021-10-01,Santa Cruz,087,273765,19711,19461,967,20428,214
2021-10-01,Shasta,089,179085,19385,18912,3204,22116,270
2021-10-01,Sierra,091,2930,141,131,14,145,0
2021-10-01,Siskiyou,093,43540,3181,3053,1141,4194,42
2021-10-01,Solano,095,438530,44647,43800,1165,44965,321
2021-10-01,Sonoma,097,501317,39845,39497,488,39985,382
2021-10-01,Stanislaus,099,539301,74219,73859,8287,82146,1099
2021-10-01,Sutter,101,95872,13269,13160,274,13434,160
2021-10-01,Tehama,103,63373,7678,7453,1277,8730,93
2021-10-01,Trinity,105,12862,788,625,196,821,10
2021-10-01,Tulare,107,460477,63913,62247,13187,75434,908
2021-10-01,Tuolumne,109,53932,6484,6369,79,6448,89
2021-10-01,Ventura,111,848112,95771,94854,4138,98992,1148
2021-10-01,Yolo,113,214977,18907,18640,896,19536,242
2021-10-01,Yuba,115,75493,9525,9370,221,9591,66
2021-09-30,Alameda,001,1643700,115759,115185,2589,117774,1343
2021-09-30,Alpine,003,1148,99,102,0,102,0
2021-09-30,Amador,005,37829,5205,5105,51,5156,61
2021-09-30,Butte,007,227075,19336,18911,3537,22448,243
2021-09-30,Calaveras,009,45235,3662,3585,43,3628,72
2021-09-30,Colusa,011,21464,2429,2403,555,2958,18
2021-09-30,Contra Costa,013,1133247,96279,95369,1986,97355,933
2021-09-30,Del Norte,015,27424,3554,3468,34,3502,39
2021-09-30,El Dorado,017,186661,15168,14887,1573,16460,136
2021-09-30,Fresno,019,978130,130644,128450,11703,140153,1964
2021-09-30,Glenn,021,27897,3293,3234,941,4175,26
2021-09-30,Humboldt,023,135768,8402,8244,427,8671,94
2021-09-30,Imperial,025,180216,31956,31674,2971,34645,757
2021-09-30,Inyo,027,18085,1798,1746,34,1780,39
2021-09-30,Kern,029,883053,119939,117962,19018,136980,1524
2021-09-30,Kings,031,150075,29943,29339,1708,31047,301
2021-09-30,Lake,033,64148,6299,6191,123,6314,97
2021-09-30,Lassen,035,31185,6468,6360,299,6659,25
2021-09-30,Los Angeles,037,10098052,1408675,1395070,51501,1446571,26126
2021-09-30,Madera,039,155013,21311,20931,1748,22679,266
2021-09-30,Marin,041,260295,17084,16936,405,17341,242
2021-09-30,Mariposa,043,17540,1023,967,33,1000,5
2021-09-30,Mendocino,045,87422,7026,6869,388,7257,78
2021-09-30,Merced,047,269075,39523,39196,1550,40746,552
2021-09-30,Modoc,049,8938,479,468,167,635,5
2021-09-30,Mono,051,14174,1578,1540,19,1559,3
2021-09-30,Monterey,053,433212,47822,46964,2629,49593,571
2021-09-30,Napa,055,140530,12519,12433,92,12525,96
2021-09-30,Nevada,057,99092,8578,8474,297,8771,87
2021-09-30,Orange,059,3164182,299734,297307,14118,311425,5435
2021-09-30,Placer,061,380077,34901,34377,3292,37669,381
2021-09-30,Plumas,063,18699,1378,1298,25,1323,6
2021-09-30,Riverside,065,2383286,351946,347227,15837,363064,4895
2021-09-30,Sacramento,067,1510023,151031,149897,3938,153835,2099
2021-09-30,San Benito,069,59416,7087,7055,146,7201,69
2021-09-30,San Bernardino,071,2135413,343748,341212,10655,351867,5540
2021-09-30,San Diego,073,3302833,359014,356454,21123,377577,4078
2021-09-30,San Francisco,075,870044,51133,50393,2152,52545,634
2021-09-30,San Joaquin,077,732212,95700,94599,5057,99656,1646
2021-09-30,San Luis Obispo,079,281455,28338,27915,1136,29051,323
2021-09-30,San Mateo,081,765935,52613,51767,783,52550,573
2021-09-30,Santa Barbara,083,443738,42749,42423,1471,43894,508
2021-09-30,Santa Clara,085,1922200,142491,141231,1134,142365,1862
2021-09-30,Santa Cruz,087,273765,19671,19461,966,20427,214
2021-09-30,Shasta,089,179085,19323,18912,3189,22101,270
2021-09-30,Sierra,091,2930,140,131,14,145,0
2021-09-30,Siskiyou,093,43540,3173,3053,1136,4189,42
2021-09-30,Solano,095,438530,44593,43800,1162,44962,321
2021-09-30,Sonoma,097,501317,39796,39497,488,39985,382
2021-09-30,Stanislaus,099,539301,74059,73859,8268,82127,1099
2021-09-30,Sutter,101,95872,13248,13160,274,13434,160
2021-09-30,Tehama,103,63373,7641,7453,1265,8718,93
2021-09-30,Trinity,105,12862,784,625,196,821,10
2021-09-30,Tulare,107,460477,63737,62247,13130,75377,908
2021-09-30,Tuolumne,109,53932,6461,6369,79,6448,89
2021-09-30,Ventura,111,848112,95666,94854,4131,98985,1148
2021-09-30,Yolo,113,214977,18867,18640,893,19533,242
2021-09-30,Yuba,115,75493,9502,9370,220,9590,66
2021-09-29,Alameda,001,1643700,115613,114998,2586,117584,1339
2021-09-29,Alpine,003,1148,99,101,0,101,0
2021-09-29,Amador,005,37829,5183,5058,51,5109,61
2021-09-29,Butte,007,227075,19282,18835,3530,22365,242
2021-09-29,Calaveras,009,45235,3645,3553,42,3595,72
2021-09-29,Colusa,011,21464,2427,2401,555,2956,18
2021-09-29,Contra Costa,013,1133247,96165,95213,1978,97191,929
2021-09-29,Del Norte,015,27424,3548,3467,34,3501,39
2021-09-29,El Dorado,017,186661,15134,14834,1566,16400,136
2021-09-29,Fresno,019,978130,130344,128068,11682,139750,1957
2021-09-29,Glenn,021,27897,3288,3213,939,4152,26
2021-09-29,Humboldt,023,135768,8379,8203,426,8629,94
2021-09-29,Imperial,025,180216,31891,31600,2966,34566,757
2021-09-29,Inyo,027,18085,1788,1740,33,1773,39
2021-09-29,Kern,029,883053,119704,117605,18942,136547,1513
2021-09-29,Kings,031,150075,29861,29195,1693,30888,299
2021-09-29,Lake,033,64148,6279,6164,123,6287,97
2021-09-29,Lassen,035,31185,6454,6347,299,6646,25
2021-09-29,Los Angeles,037,10098052,1407455,1393617,51432,1445049,26098
2021-09-29,Madera,039,155013,21267,20818,1732,22550,266
2021-09-29,Marin,041,260295,17066,16921,403,17324,242
2021-09-29,Mariposa,043,17540,1008,963,33,996,5
2021-09-29,Mendocino,045,87422,7014,6821,380,7201,78
2021-09-29,Merced,047,269075,39430,39026,1539,40565,552
2021-09-29,Modoc,049,8938,477,468,167,635,5
2021-09-29,Mono,051,14174,1576,1527,19,1546,3
2021-09-29,Monterey,053,433212,47784,46917,2615,49532,571
2021-09-29,Napa,055,140530,12499,12416,89,12505,96
2021-09-29,Nevada,057,99092,8565,8434,297,8731,87
2021-09-29,Orange,059,3164182,299466,296936,14082,311018,5429
2021-09-29,Placer,061,380077,34837,34271,3270,37541,379
2021-09-29,Plumas,063,18699,1359,1289,25,1314,6
2021-09-29,Riverside,065,2383286,351511,346558,15824,362382,4886
2021-09-29,Sacramento,067,1510023,150780,149686,3928,153614,2099
2021-09-29,San Benito,069,59416,7076,7039,146,7185,69
2021-09-29,San Bernardino,071,2135413,343428,340672,10640,351312,5539
2021-09-29,San Diego,073,3302833,358527,355899,21093,376992,4066
2021-09-29,San Francisco,075,870044,51049,50286,2148,52434,629
2021-09-29,San Joaquin,077,732212,95542,94356,5035,99391,1645
2021-09-29,San Luis Obispo,079,281455,28292,27800,1130,28930,323
2021-09-29,San Mateo,081,765935,52553,51673,781,52454,573
2021-09-29,Santa Barbara,083,443738,42677,42328,1468,43796,507
2021-09-29,Santa Clara,085,1922200,142355,141036,1128,142164,1861
2021-09-29,Santa Cruz,087,273765,19653,19425,965,20390,214
2021-09-29,Shasta,089,179085,19257,18805,3178,21983,271
2021-09-29,Sierra,091,2930,136,130,14,144,0
2021-09-29,Siskiyou,093,43540,3160,3043,1129,4172,42
2021-09-29,Solano,095,438530,44537,43724,1155,44879,321
2021-09-29,Sonoma,097,501317,39735,39426,486,39912,370
2021-09-29,Stanislaus,099,539301,73928,73634,8257,81891,1096
2021-09-29,Sutter,101,95872,13221,13135,271,13406,155
2021-09-29,Tehama,103,63373,7611,7409,1250,8659,88
2021-09-29,Trinity,105,12862,780,616,196,812,10
2021-09-29,Tulare,107,460477,63562,62046,13071,75117,908
2021-09-29,Tuolumne,109,53932,6444,6336,79,6415,89
2021-09-29,Ventura,111,848112,95576,94753,4127,98880,1144
2021-09-29,Yolo,113,214977,18834,18587,888,19475,239
2021-09-29,Yuba,115,75493,9471,9351,216,9567,66
2021-09-28,Alameda,001,1643700,115455,114869,2580,117449,1333
2021-09-28,Alpine,003,1148,99,101,0,101,0
2021-09-28,Amador,005,37829,5161,5049,51,5100,61
2021-09-28,Butte,007,227075,19233,18764,3515,22279,241
2021-09-28,Calaveras,009,45235,3625,3530,42,3572,72
2021-09-28,Colusa,011,21464,2424,2399,553,2952,18
2021-09-28,Contra Costa,013,1133247,96024,95115,1973,97088,929
2021-09-28,Del Norte,015,27424,3545,3462,34,3496,39
2021-09-28,El Dorado,017,186661,15088,14793,1562,16355,133
2021-09-28,Fresno,019,978130,130000,127877,11648,139525,1948
2021-09-28,Glenn,021,27897,3283,3205,938,4143,26
2021-09-28,Humboldt,023,135768,8339,8159,423,8582,91
2021-09-28,Imperial,025,180216,31846,31543,2962,34505,757
2021-09-28,Inyo,027,18085,1774,1708,32,1740,39
2021-09-28,Kern,029,883053,119435,117420,18847,136267,1506
2021-09-28,Kings,031,150075,29759,29141,1685,30826,295
2021-09-28,Lake,033,64148,6264,6155,123,6278,95
2021-09-28,Lassen,035,31185,6448,6340,295,6635,25
2021-09-28,Los Angeles,037,10098052,1406165,1392445,51366,1443811,26068
2021-09-28,Madera,039,155013,21213,20764,1717,22481,266
2021-09-28,Marin,041,260295,17047,16887,401,17288,242
2021-09-28,Mariposa,043,17540,1003,952,33,985,5
2021-09-28,Mendocino,045,87422,6992,6804,378,7182,78
2021-09-28,Merced,047,269075,39344,38953,1526,40479,551
2021-09-28,Modoc,049,8938,476,467,167,634,5
2021-09-28,Mono,051,14174,1566,1527,19,1546,3
2021-09-28,Monterey,053,433212,47747,46859,2606,49465,571
2021-09-28,Napa,055,140530,12482,12388,88,12476,96
2021-09-28,Nevada,057,99092,8542,8409,296,8705,84
2021-09-28,Orange,059,3164182,299212,296596,14053,310649,5421
2021-09-28,Placer,061,380077,34772,34187,3252,37439,370
2021-09-28,Plumas,063,18699,1350,1276,25,1301,6
2021-09-28,Riverside,065,2383286,351052,346096,15803,361899,4874
2021-09-28,Sacramento,067,1510023,150489,149310,3906,153216,2086
2021-09-28,San Benito,069,59416,7059,7028,145,7173,69
2021-09-28,San Bernardino,071,2135413,343081,340342,10622,350964,5540
2021-09-28,San Diego,073,3302833,357980,355373,21061,376434,4054
2021-09-28,San Francisco,075,870044,50947,50234,2147,52381,627
2021-09-28,San Joaquin,077,732212,95389,94194,5022,99216,1639
2021-09-28,San Luis Obispo,079,281455,28258,27755,1125,28880,321
2021-09-28,San Mateo,081,765935,52508,51620,781,52401,571
2021-09-28,Santa Barbara,083,443738,42604,42226,1467,43693,506
2021-09-28,Santa Clara,085,1922200,142193,140886,1119,142005,1858
2021-09-28,Santa Cruz,087,273765,19612,19324,964,20288,214
2021-09-28,Shasta,089,179085,19196,18701,3164,21865,267
2021-09-28,Sierra,091,2930,135,130,13,143,0
2021-09-28,Siskiyou,093,43540,3148,3032,1126,4158,42
2021-09-28,Solano,095,438530,44464,43652,1152,44804,316
2021-09-28,Sonoma,097,501317,39688,39395,485,39880,370
2021-09-28,Stanislaus,099,539301,73757,73528,8245,81773,1094
2021-09-28,Sutter,101,95872,13202,13102,267,13369,155
2021-09-28,Tehama,103,63373,7593,7382,1235,8617,88
2021-09-28,Trinity,105,12862,777,613,196,809,10
2021-09-28,Tulare,107,460477,63401,61916,13013,74929,905
2021-09-28,Tuolumne,109,53932,6417,6308,79,6387,89
2021-09-28,Ventura,111,848112,95450,94632,4124,98756,1143
2021-09-28,Yolo,113,214977,18808,18564,884,19448,239
2021-09-28,Yuba,115,75493,9452,9323,215,9538,66
2021-09-27,Alameda,001,1643700,115261,114731,2571,117302,1327
2021-09-27,Alpine,003,1148,99,101,0,101,0
2021-09-27,Amador,005,37829,5147,5017,51,5068,59
2021-09-27,Butte,007,227075,19173,18687,3498,22185,239
2021-09-27,Calaveras,009,45235,3605,3514,41,3555,70
2021-09-27,Colusa,011,21464,2423,2393,552,2945,18
2021-09-27,Contra Costa,013,1133247,95892,94979,1964,96943,924
2021-09-27,Del Norte,015,27424,3543,3468,32,3500,37
2021-09-27,El Dorado,017,186661,15049,14764,1555,16319,132
2021-09-27,Fresno,019,978130,129679,127475,11615,139090,1942
2021-09-27,Glenn,021,27897,3270,3189,934,4123,26
2021-09-27,Humboldt,023,135768,8299,8118,423,8541,91
2021-09-27,Imperial,025,180216,31783,31491,2955,34446,756
2021-09-27,Inyo,027,18085,1762,1698,32,1730,39
2021-09-27,Kern,029,883053,119160,117064,18752,135816,1503
2021-09-27,Kings,031,150075,29661,28998,1673,30671,297
2021-09-27,Lake,033,64148,6244,6126,122,6248,95
2021-09-27,Lassen,035,31185,6433,6327,291,6618,25
2021-09-27,Los Angeles,037,10098052,1404828,1391538,51298,1442836,26040
2021-09-27,Madera,039,155013,21148,20691,1709,22400,262
2021-09-27,Marin,041,260295,17026,16861,400,17261,242
2021-09-27,Mariposa,043,17540,993,931,33,964,5
2021-09-27,Mendocino,045,87422,6966,6761,371,7132,74
2021-09-27,Merced,047,269075,39244,38840,1520,40360,548
2021-09-27,Modoc,049,8938,475,465,165,630,5
2021-09-27,Mono,051,14174,1554,1525,19,1544,3
2021-09-27,Monterey,053,433212,47704,46811,2595,49406,571
2021-09-27,Napa,055,140530,12458,12354,87,12441,95
2021-09-27,Nevada,057,99092,8518,8379,293,8672,84
2021-09-27,Orange,059,3164182,298905,296334,14023,310357,5409
2021-09-27,Placer,061,380077,34685,34087,3247,37334,370
2021-09-27,Plumas,063,18699,1340,1269,25,1294,6
2021-09-27,Riverside,065,2383286,350609,345529,15793,361322,4864
2021-09-27,Sacramento,067,1510023,150173,149096,3884,152980,2076
2021-09-27,San Benito,069,59416,7042,7017,145,7162,67
2021-09-27,San Bernardino,071,2135413,342666,339952,10598,350550,5544
2021-09-27,San Diego,073,3302833,357328,354755,21036,375791,4054
2021-09-27,San Francisco,075,870044,50863,50157,2144,52301,622
2021-09-27,San Joaquin,077,732212,95204,94085,5019,99104,1633
2021-09-27,San Luis Obispo,079,281455,28203,27674,1122,28796,320
2021-09-27,San Mateo,081,765935,52432,51552,781,52333,571
2021-09-27,Santa Barbara,083,443738,42537,42012,1463,43475,505
2021-09-27,Santa Clara,085,1922200,142012,140802,1109,141911,1853
2021-09-27,Santa Cruz,087,273765,19588,19292,963,20255,214
2021-09-27,Shasta,089,179085,19116,18599,3137,21736,267
2021-09-27,Sierra,091,2930,135,128,13,141,0
2021-09-27,Siskiyou,093,43540,3136,3015,1121,4136,42
2021-09-27,Solano,095,438530,44389,43582,1146,44728,314
2021-09-27,Sonoma,097,501317,39634,39347,485,39832,370
2021-09-27,Stanislaus,099,539301,73603,73370,8225,81595,1091
2021-09-27,Sutter,101,95872,13172,13082,264,13346,155
2021-09-27,Tehama,103,63373,7553,7345,1226,8571,88
2021-09-27,Trinity,105,12862,766,605,195,800,9
2021-09-27,Tulare,107,460477,63201,61708,12942,74650,904
2021-09-27,Tuolumne,109,53932,6395,6264,79,6343,89
2021-09-27,Ventura,111,848112,95325,94477,4120,98597,1138
2021-09-27,Yolo,113,214977,18774,18524,883,19407,239
2021-09-27,Yuba,115,75493,9415,9292,211,9503,64
2021-09-26,Alameda,001,1643700,115067,114601,2564,117165,1326
2021-09-26,Alpine,003,1148,99,101,0,101,0
2021-09-26,Amador,005,37829,5115,5001,50,5051,59
2021-09-26,Butte,007,227075,19098,18634,3479,22113,238
2021-09-26,Calaveras,009,45235,3583,3505,41,3546,70
2021-09-26,Colusa,011,21464,2418,2392,550,2942,18
2021-09-26,Contra Costa,013,1133247,95717,94877,1951,96828,924
2021-09-26,Del Norte,015,27424,3538,3466,31,3497,37
2021-09-26,El Dorado,017,186661,15007,14738,1547,16285,132
2021-09-26,Fresno,019,978130,129322,127235,11569,138804,1939
2021-09-26,Glenn,021,27897,3262,3182,930,4112,26
2021-09-26,Humboldt,023,135768,8262,8098,422,8520,91
2021-09-26,Imperial,025,180216,31723,31462,2954,34416,756
2021-09-26,Inyo,027,18085,1747,1685,32,1717,39
2021-09-26,Kern,029,883053,118821,116927,18642,135569,1502
2021-09-26,Kings,031,150075,29560,28930,1662,30592,293
2021-09-26,Lake,033,64148,6227,6113,122,6235,95
2021-09-26,Lassen,035,31185,6423,6319,286,6605,25
2021-09-26,Los Angeles,037,10098052,1403338,1390577,51230,1441807,26035
2021-09-26,Madera,039,155013,21073,20629,1690,22319,262
2021-09-26,Marin,041,260295,17003,16860,400,17260,242
2021-09-26,Mariposa,043,17540,987,929,33,962,5
2021-09-26,Mendocino,045,87422,6932,6744,356,7100,74
2021-09-26,Merced,047,269075,39083,38717,1512,40229,548
2021-09-26,Modoc,049,8938,475,465,164,629,5
2021-09-26,Mono,051,14174,1550,1516,19,1535,3
2021-09-26,Monterey,053,433212,47657,46792,2582,49374,571
2021-09-26,Napa,055,140530,12434,12340,86,12426,95
2021-09-26,Nevada,057,99092,8487,8356,288,8644,84
2021-09-26,Orange,059,3164182,298564,296085,13989,310074,5409
2021-09-26,Placer,061,380077,34591,34043,3238,37281,370
2021-09-26,Plumas,063,18699,1322,1268,25,1293,6
2021-09-26,Riverside,065,2383286,350077,345257,15779,361036,4864
2021-09-26,Sacramento,067,1510023,149767,148745,3865,152610,2071
2021-09-26,San Benito,069,59416,7025,7012,144,7156,67
2021-09-26,San Bernardino,071,2135413,342207,339771,10584,350355,5545
2021-09-26,San Diego,073,3302833,356706,354414,20995,375409,4051
2021-09-26,San Francisco,075,870044,50737,50092,2135,52227,622
2021-09-26,San Joaquin,077,732212,95000,93935,5005,98940,1633
2021-09-26,San Luis Obispo,079,281455,28129,27624,1117,28741,319
2021-09-26,San Mateo,081,765935,52363,51496,779,52275,571
2021-09-26,Santa Barbara,083,443738,42451,41946,1460,43406,505
2021-09-26,Santa Clara,085,1922200,141811,140667,1106,141773,1852
2021-09-26,Santa Cruz,087,273765,19563,19279,963,20242,214
2021-09-26,Shasta,089,179085,19007,18566,3114,21680,266
2021-09-26,Sierra,091,2930,135,128,13,141,0
2021-09-26,Siskiyou,093,43540,3122,2998,1111,4109,42
2021-09-26,Solano,095,438530,44322,43537,1145,44682,314
2021-09-26,Sonoma,097,501317,39575,39302,485,39787,370
2021-09-26,Stanislaus,099,539301,73403,73243,8197,81440,1091
2021-09-26,Sutter,101,95872,13135,13045,263,13308,155
2021-09-26,Tehama,103,63373,7496,7323,1215,8538,88
2021-09-26,Trinity,105,12862,763,591,195,786,9
2021-09-26,Tulare,107,460477,62980,61560,12865,74425,904
2021-09-26,Tuolumne,109,53932,6367,6236,77,6313,89
2021-09-26,Ventura,111,848112,95211,94391,4113,98504,1138
2021-09-26,Yolo,113,214977,18737,18496,875,19371,239
2021-09-26,Yuba,115,75493,9388,9275,211,9486,64
2021-09-25,Alameda,001,1643700,114988,114014,2561,116575,1324
2021-09-25,Alpine,003,1148,99,101,0,101,0
2021-09-25,Amador,005,37829,5101,4934,50,4984,59
2021-09-25,Butte,007,227075,19069,18396,3471,21867,236
2021-09-25,Calaveras,009,45235,3580,3461,41,3502,70
2021-09-25,Colusa,011,21464,2415,2387,548,2935,16
2021-09-25,Contra Costa,013,1133247,95646,94337,1947,96284,924
2021-09-25,Del Norte,015,27424,3537,3404,31,3435,35
2021-09-25,El Dorado,017,186661,14984,14641,1543,16184,130
2021-09-25,Fresno,019,978130,129177,126299,11553,137852,1927
2021-09-25,Glenn,021,27897,3257,3144,929,4073,25
2021-09-25,Humboldt,023,135768,8243,8014,420,8434,88
2021-09-25,Imperial,025,180216,31696,31280,2954,34234,755
2021-09-25,Inyo,027,18085,1739,1657,32,1689,39
2021-09-25,Kern,029,883053,118666,116021,18575,134596,1485
2021-09-25,Kings,031,150075,29509,28636,1659,30295,293
2021-09-25,Lake,033,64148,6222,6046,120,6166,92
2021-09-25,Lassen,035,31185,6411,6248,285,6533,25
2021-09-25,Los Angeles,037,10098052,1402628,1386417,51189,1437606,25964
2021-09-25,Madera,039,155013,21048,20432,1684,22116,262
2021-09-25,Marin,041,260295,16994,16802,398,17200,242
2021-09-25,Mariposa,043,17540,982,906,33,939,5
2021-09-25,Mendocino,045,87422,6913,6657,355,7012,74
2021-09-25,Merced,047,269075,39037,38393,1510,39903,546
2021-09-25,Modoc,049,8938,475,460,164,624,5
2021-09-25,Mono,051,14174,1547,1501,19,1520,3
2021-09-25,Monterey,053,433212,47627,46653,2580,49233,567
2021-09-25,Napa,055,140530,12414,12266,86,12352,95
2021-09-25,Nevada,057,99092,8470,8285,288,8573,84
2021-09-25,Orange,059,3164182,298391,294514,13972,308486,5374
2021-09-25,Placer,061,380077,34527,33764,3236,37000,367
2021-09-25,Plumas,063,18699,1318,1238,25,1263,6
2021-09-25,Riverside,065,2383286,349754,343463,15771,359234,4843
2021-09-25,Sacramento,067,1510023,149592,147728,3857,151585,2049
2021-09-25,San Benito,069,59416,7020,6965,144,7109,67
2021-09-25,San Bernardino,071,2135413,341969,338413,10571,348984,5540
2021-09-25,San Diego,073,3302833,356361,352017,20969,372986,4039
2021-09-25,San Francisco,075,870044,50693,49840,2134,51974,615
2021-09-25,San Joaquin,077,732212,94914,93273,5003,98276,1628
2021-09-25,San Luis Obispo,079,281455,28091,27447,1113,28560,318
2021-09-25,San Mateo,081,765935,52299,51266,777,52043,568
2021-09-25,Santa Barbara,083,443738,42393,41728,1460,43188,505
2021-09-25,Santa Clara,085,1922200,141704,140023,1104,141127,1844
2021-09-25,Santa Cruz,087,273765,19547,19200,961,20161,214
2021-09-25,Shasta,089,179085,18956,18256,3105,21361,262
2021-09-25,Sierra,091,2930,134,127,13,140,0
2021-09-25,Siskiyou,093,43540,3115,2956,1101,4057,41
2021-09-25,Solano,095,438530,44281,43331,1142,44473,312
2021-09-25,Sonoma,097,501317,39535,39112,485,39597,369
2021-09-25,Stanislaus,099,539301,73293,72628,8183,80811,1091
2021-09-25,Sutter,101,95872,13117,12976,260,13236,154
2021-09-25,Tehama,103,63373,7480,7200,1213,8413,86
2021-09-25,Trinity,105,12862,763,576,195,771,9
2021-09-25,Tulare,107,460477,62898,60909,12822,73731,898
2021-09-25,Tuolumne,109,53932,6355,6168,77,6245,89
2021-09-25,Ventura,111,848112,95144,94059,4109,98168,1129
2021-09-25,Yolo,113,214977,18715,18393,874,19267,239
2021-09-25,Yuba,115,75493,9368,9191,211,9402,61
2021-09-24,Alameda,001,1643700,114883,114014,2557,116571,1324
2021-09-24,Alpine,003,1148,99,101,0,101,0
2021-09-24,Amador,005,37829,5071,4934,50,4984,59
2021-09-24,Butte,007,227075,19016,18396,3460,21856,236
2021-09-24,Calaveras,009,45235,3573,3461,40,3501,70
2021-09-24,Colusa,011,21464,2412,2387,547,2934,16
2021-09-24,Contra Costa,013,1133247,95536,94337,1943,96280,924
2021-09-24,Del Norte,015,27424,3534,3404,31,3435,35
2021-09-24,El Dorado,017,186661,14966,14641,1541,16182,130
2021-09-24,Fresno,019,978130,128979,126299,11541,137840,1927
2021-09-24,Glenn,021,27897,3249,3144,929,4073,25
2021-09-24,Humboldt,023,135768,8224,8014,417,8431,88
2021-09-24,Imperial,025,180216,31658,31280,2952,34232,755
2021-09-24,Inyo,027,18085,1730,1657,32,1689,39
2021-09-24,Kern,029,883053,118530,116021,18509,134530,1485
2021-09-24,Kings,031,150075,29468,28636,1655,30291,293
2021-09-24,Lake,033,64148,6214,6046,120,6166,92
2021-09-24,Lassen,035,31185,6403,6248,284,6532,25
2021-09-24,Los Angeles,037,10098052,1401741,1386417,51148,1437565,25964
2021-09-24,Madera,039,155013,21017,20432,1675,22107,262
2021-09-24,Marin,041,260295,16980,16802,397,17199,242
2021-09-24,Mariposa,043,17540,970,906,33,939,5
2021-09-24,Mendocino,045,87422,6900,6657,355,7012,74
2021-09-24,Merced,047,269075,38992,38393,1510,39903,546
2021-09-24,Modoc,049,8938,475,460,163,623,5
2021-09-24,Mono,051,14174,1542,1501,19,1520,3
2021-09-24,Monterey,053,433212,47606,46653,2572,49225,567
2021-09-24,Napa,055,140530,12394,12266,86,12352,95
2021-09-24,Nevada,057,99092,8456,8285,285,8570,84
2021-09-24,Orange,059,3164182,298184,294514,13954,308468,5374
2021-09-24,Placer,061,380077,34472,33764,3224,36988,367
2021-09-24,Plumas,063,18699,1314,1238,25,1263,6
2021-09-24,Riverside,065,2383286,349420,343463,15764,359227,4843
2021-09-24,Sacramento,067,1510023,149406,147728,3853,151581,2049
2021-09-24,San Benito,069,59416,7014,6965,144,7109,67
2021-09-24,San Bernardino,071,2135413,341700,338413,10561,348974,5540
2021-09-24,San Diego,073,3302833,356010,352017,20954,372971,4039
2021-09-24,San Francisco,075,870044,50629,49840,2127,51967,615
2021-09-24,San Joaquin,077,732212,94801,93273,5001,98274,1628
2021-09-24,San Luis Obispo,079,281455,28060,27447,1108,28555,318
2021-09-24,San Mateo,081,765935,52239,51266,776,52042,568
2021-09-24,Santa Barbara,083,443738,42353,41728,1459,43187,505
2021-09-24,Santa Clara,085,1922200,141590,140023,1103,141126,1844
2021-09-24,Santa Cruz,087,273765,19524,19200,960,20160,214
2021-09-24,Shasta,089,179085,18902,18256,3091,21347,262
2021-09-24,Sierra,091,2930,133,127,13,140,0
2021-09-24,Siskiyou,093,43540,3106,2956,1095,4051,41
2021-09-24,Solano,095,438530,44243,43331,1140,44471,312
2021-09-24,Sonoma,097,501317,39502,39112,485,39597,369
2021-09-24,Stanislaus,099,539301,73177,72628,8168,80796,1091
2021-09-24,Sutter,101,95872,13098,12976,259,13235,154
2021-09-24,Tehama,103,63373,7467,7200,1208,8408,86
2021-09-24,Trinity,105,12862,760,576,195,771,9
2021-09-24,Tulare,107,460477,62809,60909,12780,73689,898
2021-09-24,Tuolumne,109,53932,6326,6168,77,6245,89
2021-09-24,Ventura,111,848112,95066,94059,4102,98161,1129
2021-09-24,Yolo,113,214977,18684,18393,870,19263,239
2021-09-24,Yuba,115,75493,9349,9191,211,9402,61
2021-09-23,Alameda,001,1643700,114726,114014,2551,116565,1324
2021-09-23,Alpine,003,1148,99,101,0,101,0
2021-09-23,Amador,005,37829,5058,4934,50,4984,59
2021-09-23,Butte,007,227075,18954,18396,3435,21831,236
2021-09-23,Calaveras,009,45235,3552,3461,40,3501,70
2021-09-23,Colusa,011,21464,2410,2387,544,2931,16
2021-09-23,Contra Costa,013,1133247,95395,94337,1936,96273,924
2021-09-23,Del Norte,015,27424,3525,3404,30,3434,35
2021-09-23,El Dorado,017,186661,14940,14641,1535,16176,130
2021-09-23,Fresno,019,978130,128682,126299,11522,137821,1927
2021-09-23,Glenn,021,27897,3235,3144,926,4070,25
2021-09-23,Humboldt,023,135768,8200,8014,415,8429,88
2021-09-23,Imperial,025,180216,31622,31280,2952,34232,755
2021-09-23,Inyo,027,18085,1716,1657,32,1689,39
2021-09-23,Kern,029,883053,118272,116021,18429,134450,1485
2021-09-23,Kings,031,150075,29364,28636,1646,30282,293
2021-09-23,Lake,033,64148,6204,6046,120,6166,92
2021-09-23,Lassen,035,31185,6394,6248,279,6527,25
2021-09-23,Los Angeles,037,10098052,1400544,1386417,51084,1437501,25964
2021-09-23,Madera,039,155013,20933,20432,1671,22103,262
2021-09-23,Marin,041,260295,16965,16802,394,17196,242
2021-09-23,Mariposa,043,17540,957,906,33,939,5
2021-09-23,Mendocino,045,87422,6877,6657,350,7007,74
2021-09-23,Merced,047,269075,38887,38393,1503,39896,546
2021-09-23,Modoc,049,8938,474,460,163,623,5
2021-09-23,Mono,051,14174,1539,1501,19,1520,3
2021-09-23,Monterey,053,433212,47557,46653,2561,49214,567
2021-09-23,Napa,055,140530,12377,12266,86,12352,95
2021-09-23,Nevada,057,99092,8429,8285,285,8570,84
2021-09-23,Orange,059,3164182,297887,294514,13930,308444,5374
2021-09-23,Placer,061,380077,34396,33764,3218,36982,367
2021-09-23,Plumas,063,18699,1297,1238,24,1262,6
2021-09-23,Riverside,065,2383286,348966,343463,15757,359220,4843
2021-09-23,Sacramento,067,1510023,149083,147728,3834,151562,2049
2021-09-23,San Benito,069,59416,7003,6965,144,7109,67
2021-09-23,San Bernardino,071,2135413,341334,338413,10545,348958,5540
2021-09-23,San Diego,073,3302833,355554,352017,20915,372932,4039
2021-09-23,San Francisco,075,870044,50556,49840,2125,51965,615
2021-09-23,San Joaquin,077,732212,94628,93273,4986,98259,1628
2021-09-23,San Luis Obispo,079,281455,28017,27447,1106,28553,318
2021-09-23,San Mateo,081,765935,52164,51266,775,52041,568
2021-09-23,Santa Barbara,083,443738,42275,41728,1456,43184,505
2021-09-23,Santa Clara,085,1922200,141438,140023,1096,141119,1844
2021-09-23,Santa Cruz,087,273765,19493,19200,960,20160,214
2021-09-23,Shasta,089,179085,18822,18256,3074,21330,262
2021-09-23,Sierra,091,2930,133,127,13,140,0
2021-09-23,Siskiyou,093,43540,3102,2956,1084,4040,41
2021-09-23,Solano,095,438530,44175,43331,1137,44468,312
2021-09-23,Sonoma,097,501317,39443,39112,482,39594,369
2021-09-23,Stanislaus,099,539301,73020,72628,8136,80764,1091
2021-09-23,Sutter,101,95872,13069,12976,259,13235,154
2021-09-23,Tehama,103,63373,7426,7200,1203,8403,86
2021-09-23,Trinity,105,12862,746,576,194,770,9
2021-09-23,Tulare,107,460477,62632,60909,12726,73635,898
2021-09-23,Tuolumne,109,53932,6301,6168,76,6244,89
2021-09-23,Ventura,111,848112,94962,94059,4095,98154,1129
2021-09-23,Yolo,113,214977,18653,18393,865,19258,239
2021-09-23,Yuba,115,75493,9320,9191,210,9401,61
2021-09-22,Alameda,001,1643700,114571,113862,2547,116409,1322
2021-09-22,Alpine,003,1148,99,100,0,100,0
2021-09-22,Amador,005,37829,5042,4915,50,4965,59
2021-09-22,Butte,007,227075,18893,18337,3417,21754,235
2021-09-22,Calaveras,009,45235,3536,3448,40,3488,70
2021-09-22,Colusa,011,21464,2405,2384,543,2927,16
2021-09-22,Contra Costa,013,1133247,95208,94209,1927,96136,924
2021-09-22,Del Norte,015,27424,3514,3386,29,3415,35
2021-09-22,El Dorado,017,186661,14904,14605,1529,16134,127
2021-09-22,Fresno,019,978130,128426,126006,11507,137513,1908
2021-09-22,Glenn,021,27897,3228,3138,925,4063,25
2021-09-22,Humboldt,023,135768,8178,7998,407,8405,80
2021-09-22,Imperial,025,180216,31570,31243,2945,34188,755
2021-09-22,Inyo,027,18085,1706,1651,32,1683,39
2021-09-22,Kern,029,883053,118030,115757,18307,134064,1477
2021-09-22,Kings,031,150075,29279,28589,1640,30229,292
2021-09-22,Lake,033,64148,6192,6035,120,6155,93
2021-09-22,Lassen,035,31185,6374,6209,275,6484,25
2021-09-22,Los Angeles,037,10098052,1399221,1384719,51029,1435748,25930
2021-09-22,Madera,039,155013,20876,20382,1661,22043,262
2021-09-22,Marin,041,260295,16954,16782,391,17173,242
2021-09-22,Mariposa,043,17540,951,901,33,934,5
2021-09-22,Mendocino,045,87422,6851,6624,344,6968,70
2021-09-22,Merced,047,269075,38755,38305,1501,39806,541
2021-09-22,Modoc,049,8938,471,458,163,621,5
2021-09-22,Mono,051,14174,1530,1496,18,1514,3
2021-09-22,Monterey,053,433212,47506,46615,2554,49169,566
2021-09-22,Napa,055,140530,12355,12248,85,12333,95
2021-09-22,Nevada,057,99092,8406,8273,282,8555,84
2021-09-22,Orange,059,3164182,297611,294214,13913,308127,5366
2021-09-22,Placer,061,380077,34308,33661,3205,36866,367
2021-09-22,Plumas,063,18699,1284,1230,24,1254,6
2021-09-22,Riverside,065,2383286,348431,342946,15732,358678,4830
2021-09-22,Sacramento,067,1510023,148778,147533,3805,151338,2043
2021-09-22,San Benito,069,59416,6992,6961,142,7103,67
2021-09-22,San Bernardino,071,2135413,340940,337938,10536,348474,5528
2021-09-22,San Diego,073,3302833,355103,351132,20891,372023,4027
2021-09-22,San Francisco,075,870044,50471,49734,2120,51854,610
2021-09-22,San Joaquin,077,732212,94396,93010,4962,97972,1626
2021-09-22,San Luis Obispo,079,281455,27967,27398,1102,28500,315
2021-09-22,San Mateo,081,765935,52091,51197,771,51968,568
2021-09-22,Santa Barbara,083,443738,42212,41678,1455,43133,504
2021-09-22,Santa Clara,085,1922200,141273,139803,1089,140892,1844
2021-09-22,Santa Cruz,087,273765,19455,19177,959,20136,214
2021-09-22,Shasta,089,179085,18732,18153,3063,21216,260
2021-09-22,Sierra,091,2930,133,127,13,140,0
2021-09-22,Siskiyou,093,43540,3085,2947,1074,4021,41
2021-09-22,Solano,095,438530,44110,43269,1136,44405,312
2021-09-22,Sonoma,097,501317,39390,39063,481,39544,369
2021-09-22,Stanislaus,099,539301,72855,72355,8117,80472,1091
2021-09-22,Sutter,101,95872,13049,12960,256,13216,153
2021-09-22,Tehama,103,63373,7399,7173,1200,8373,86
2021-09-22,Trinity,105,12862,745,572,194,766,9
2021-09-22,Tulare,107,460477,62421,60776,12657,73433,896
2021-09-22,Tuolumne,109,53932,6280,6155,75,6230,89
2021-09-22,Ventura,111,848112,94856,93978,4090,98068,1122
2021-09-22,Yolo,113,214977,18614,18342,858,19200,239
2021-09-22,Yuba,115,75493,9291,9169,205,9374,61
2021-09-21,Alameda,001,1643700,114418,113765,2547,116312,1321
2021-09-21,Alpine,003,1148,99,100,0,100,0
2021-09-21,Amador,005,37829,5020,4897,50,4947,59
2021-09-21,Butte,007,227075,18797,18229,3376,21605,232
2021-09-21,Calaveras,009,45235,3519,3437,40,3477,70
2021-09-21,Colusa,011,21464,2402,2378,542,2920,16
2021-09-21,Contra Costa,013,1133247,95014,94101,1913,96014,924
2021-09-21,Del Norte,015,27424,3502,3378,29,3407,34
2021-09-21,El Dorado,017,186661,14874,14578,1522,16100,127
2021-09-21,Fresno,019,978130,128075,125789,11480,137269,1892
2021-09-21,Glenn,021,27897,3221,3134,921,4055,25
2021-09-21,Humboldt,023,135768,8146,7955,402,8357,80
2021-09-21,Imperial,025,180216,31514,31185,2943,34128,755
2021-09-21,Inyo,027,18085,1696,1646,32,1678,39
2021-09-21,Kern,029,883053,117737,115534,18194,133728,1467
2021-09-21,Kings,031,150075,29191,28545,1632,30177,291
2021-09-21,Lake,033,64148,6169,6013,120,6133,90
2021-09-21,Lassen,035,31185,6356,6159,271,6430,25
2021-09-21,Los Angeles,037,10098052,1397765,1383277,50975,1434252,25893
2021-09-21,Madera,039,155013,20816,20317,1651,21968,262
2021-09-21,Marin,041,260295,16939,16748,390,17138,242
2021-09-21,Mariposa,043,17540,946,894,32,926,5
2021-09-21,Mendocino,045,87422,6813,6580,333,6913,68
2021-09-21,Merced,047,269075,38632,38225,1497,39722,539
2021-09-21,Modoc,049,8938,468,458,163,621,5
2021-09-21,Mono,051,14174,1528,1495,17,1512,3
2021-09-21,Monterey,053,433212,47438,46583,2542,49125,565
2021-09-21,Napa,055,140530,12334,12238,85,12323,95
2021-09-21,Nevada,057,99092,8379,8259,274,8533,84
2021-09-21,Orange,059,3164182,297279,293898,13883,307781,5357
2021-09-21,Placer,061,380077,34207,33609,3194,36803,365
2021-09-21,Plumas,063,18699,1277,1225,24,1249,5
2021-09-21,Riverside,065,2383286,347872,342460,15708,358168,4817
2021-09-21,Sacramento,067,1510023,148397,147378,3777,151155,2027
2021-09-21,San Benito,069,59416,6981,6950,141,7091,67
2021-09-21,San Bernardino,071,2135413,340500,337387,10519,347906,5520
2021-09-21,San Diego,073,3302833,354497,350265,20865,371130,4021
2021-09-21,San Francisco,075,870044,50373,49653,2116,51769,609
2021-09-21,San Joaquin,077,732212,94162,92762,4951,97713,1621
2021-09-21,San Luis Obispo,079,281455,27908,27318,1098,28416,314
2021-09-21,San Mateo,081,765935,52022,51136,771,51907,568
2021-09-21,Santa Barbara,083,443738,42143,41644,1451,43095,503
2021-09-21,Santa Clara,085,1922200,141056,139657,1085,140742,1843
2021-09-21,Santa Cruz,087,273765,19425,19140,958,20098,212
2021-09-21,Shasta,089,179085,18604,18027,3039,21066,258
2021-09-21,Sierra,091,2930,133,127,13,140,0
2021-09-21,Siskiyou,093,43540,3071,2927,1060,3987,36
2021-09-21,Solano,095,438530,44034,43220,1136,44356,311
2021-09-21,Sonoma,097,501317,39337,39042,481,39523,369
2021-09-21,Stanislaus,099,539301,72671,72211,8097,80308,1091
2021-09-21,Sutter,101,95872,13026,12930,253,13183,153
2021-09-21,Tehama,103,63373,7353,7151,1196,8347,85
2021-09-21,Trinity,105,12862,734,572,192,764,9
2021-09-21,Tulare,107,460477,62206,60607,12596,73203,896
2021-09-21,Tuolumne,109,53932,6247,6139,75,6214,89
2021-09-21,Ventura,111,848112,94751,93818,4082,97900,1120
2021-09-21,Yolo,113,214977,18578,18313,855,19168,239
2021-09-21,Yuba,115,75493,9263,9135,205,9340,61
2021-09-20,Alameda,001,1643700,114237,113637,2543,116180,1320
2021-09-20,Alpine,003,1148,99,100,0,100,0
2021-09-20,Amador,005,37829,5002,4883,49,4932,59
2021-09-20,Butte,007,227075,18715,18135,3361,21496,231
2021-09-20,Calaveras,009,45235,3497,3395,39,3434,66
2021-09-20,Colusa,011,21464,2400,2376,539,2915,16
2021-09-20,Contra Costa,013,1133247,94865,93919,1907,95826,924
2021-09-20,Del Norte,015,27424,3494,3374,28,3402,34
2021-09-20,El Dorado,017,186661,14841,14545,1510,16055,127
2021-09-20,Fresno,019,978130,127660,125287,11454,136741,1889
2021-09-20,Glenn,021,27897,3210,3112,918,4030,25
2021-09-20,Humboldt,023,135768,8111,7938,397,8335,80
2021-09-20,Imperial,025,180216,31431,31146,2942,34088,755
2021-09-20,Inyo,027,18085,1688,1641,31,1672,39
2021-09-20,Kern,029,883053,117398,115271,18063,133334,1459
2021-09-20,Kings,031,150075,29104,28471,1626,30097,285
2021-09-20,Lake,033,64148,6154,5984,119,6103,87
2021-09-20,Lassen,035,31185,6326,6132,271,6403,25
2021-09-20,Los Angeles,037,10098052,1396242,1382206,50895,1433101,25858
2021-09-20,Madera,039,155013,20763,20203,1644,21847,257
2021-09-20,Marin,041,260295,16914,16732,388,17120,242
2021-09-20,Mariposa,043,17540,935,887,32,919,5
2021-09-20,Mendocino,045,87422,6779,6568,328,6896,67
2021-09-20,Merced,047,269075,38521,38144,1486,39630,536
2021-09-20,Modoc,049,8938,467,457,161,618,5
2021-09-20,Mono,051,14174,1522,1480,17,1497,3
2021-09-20,Monterey,053,433212,47396,46506,2524,49030,565
2021-09-20,Napa,055,140530,12309,12209,84,12293,95
2021-09-20,Nevada,057,99092,8359,8228,272,8500,84
2021-09-20,Orange,059,3164182,296936,293642,13856,307498,5354
2021-09-20,Placer,061,380077,34117,33531,3179,36710,364
2021-09-20,Plumas,063,18699,1272,1211,24,1235,5
2021-09-20,Riverside,065,2383286,347372,341961,15695,357656,4802
2021-09-20,Sacramento,067,1510023,148024,147016,3743,150759,2016
2021-09-20,San Benito,069,59416,6972,6947,140,7087,67
2021-09-20,San Bernardino,071,2135413,340097,337059,10503,347562,5507
2021-09-20,San Diego,073,3302833,353825,349579,20828,370407,4009
2021-09-20,San Francisco,075,870044,50267,49559,2115,51674,605
2021-09-20,San Joaquin,077,732212,93919,92614,4938,97552,1615
2021-09-20,San Luis Obispo,079,281455,27832,27259,1090,28349,313
2021-09-20,San Mateo,081,765935,51935,51100,768,51868,567
2021-09-20,Santa Barbara,083,443738,42044,41589,1447,43036,500
2021-09-20,Santa Clara,085,1922200,140856,139578,1083,140661,1841
2021-09-20,Santa Cruz,087,273765,19393,19121,958,20079,211
2021-09-20,Shasta,089,179085,18505,17893,3009,20902,258
2021-09-20,Sierra,091,2930,131,126,13,139,0
2021-09-20,Siskiyou,093,43540,3049,2902,1047,3949,35
2021-09-20,Solano,095,438530,43966,43152,1128,44280,312
2021-09-20,Sonoma,097,501317,39291,38991,481,39472,369
2021-09-20,Stanislaus,099,539301,72472,72031,8078,80109,1091
2021-09-20,Sutter,101,95872,12990,12896,248,13144,153
2021-09-20,Tehama,103,63373,7321,7121,1184,8305,84
2021-09-20,Trinity,105,12862,728,568,191,759,7
2021-09-20,Tulare,107,460477,62004,60302,12543,72845,896
2021-09-20,Tuolumne,109,53932,6221,6113,75,6188,89
2021-09-20,Ventura,111,848112,94638,93700,4076,97776,1120
2021-09-20,Yolo,113,214977,18532,18287,853,19140,239
2021-09-20,Yuba,115,75493,9228,9107,203,9310,61
2021-09-19,Alameda,001,1643700,114024,113446,2538,115984,1320
2021-09-19,Alpine,003,1148,99,100,0,100,0
2021-09-19,Amador,005,37829,4962,4875,48,4923,59
2021-09-19,Butte,007,227075,18621,18063,3332,21395,230
2021-09-19,Calaveras,009,45235,3473,3390,36,3426,66
2021-09-19,Colusa,011,21464,2398,2375,537,2912,16
2021-09-19,Contra Costa,013,1133247,94680,93788,1897,95685,924
2021-09-19,Del Norte,015,27424,3468,3344,27,3371,34
2021-09-19,El Dorado,017,186661,14788,14512,1504,16016,127
2021-09-19,Fresno,019,978130,127255,124985,11409,136394,1888
2021-09-19,Glenn,021,27897,3201,3102,915,4017,25
2021-09-19,Humboldt,023,135768,8065,7914,395,8309,80
2021-09-19,Imperial,025,180216,31362,31122,2939,34061,755
2021-09-19,Inyo,027,18085,1679,1639,31,1670,39
2021-09-19,Kern,029,883053,117086,115074,17957,133031,1459
2021-09-19,Kings,031,150075,28977,28416,1617,30033,284
2021-09-19,Lake,033,64148,6123,5962,119,6081,87
2021-09-19,Lassen,035,31185,6306,6129,265,6394,25
2021-09-19,Los Angeles,037,10098052,1394261,1381200,50802,1432002,25852
2021-09-19,Madera,039,155013,20685,20161,1634,21795,257
2021-09-19,Marin,041,260295,16885,16711,386,17097,242
2021-09-19,Mariposa,043,17540,927,881,32,913,5
2021-09-19,Mendocino,045,87422,6734,6538,322,6860,67
2021-09-19,Merced,047,269075,38364,38068,1477,39545,535
2021-09-19,Modoc,049,8938,464,457,159,616,5
2021-09-19,Mono,051,14174,1517,1480,17,1497,3
2021-09-19,Monterey,053,433212,47341,46486,2521,49007,565
2021-09-19,Napa,055,140530,12288,12190,82,12272,95
2021-09-19,Nevada,057,99092,8331,8203,270,8473,84
2021-09-19,Orange,059,3164182,296567,293258,13834,307092,5354
2021-09-19,Placer,061,380077,34004,33406,3161,36567,364
2021-09-19,Plumas,063,18699,1264,1211,24,1235,5
2021-09-19,Riverside,065,2383286,346779,341566,15686,357252,4804
2021-09-19,Sacramento,067,1510023,147661,146603,3699,150302,2012
2021-09-19,San Benito,069,59416,6953,6942,140,7082,67
2021-09-19,San Bernardino,071,2135413,339601,336688,10491,347179,5506
2021-09-19,San Diego,073,3302833,353121,349225,20791,370016,4006
2021-09-19,San Francisco,075,870044,50159,49458,2106,51564,605
2021-09-19,San Joaquin,077,732212,93623,92467,4927,97394,1615
2021-09-19,San Luis Obispo,079,281455,27731,27208,1081,28289,313
2021-09-19,San Mateo,081,765935,51837,51028,767,51795,567
2021-09-19,Santa Barbara,083,443738,41938,41512,1447,42959,500
2021-09-19,Santa Clara,085,1922200,140669,139410,1078,140488,1841
2021-09-19,Santa Cruz,087,273765,19354,19096,958,20054,211
2021-09-19,Shasta,089,179085,18391,17813,2974,20787,258
2021-09-19,Sierra,091,2930,130,126,13,139,0
2021-09-19,Siskiyou,093,43540,3023,2882,1038,3920,35
2021-09-19,Solano,095,438530,43877,43056,1123,44179,312
2021-09-19,Sonoma,097,501317,39220,38956,477,39433,369
2021-09-19,Stanislaus,099,539301,72227,71830,8053,79883,1091
2021-09-19,Sutter,101,95872,12963,12868,241,13109,153
2021-09-19,Tehama,103,63373,7267,7081,1175,8256,84
2021-09-19,Trinity,105,12862,717,562,189,751,7
2021-09-19,Tulare,107,460477,61743,60160,12450,72610,896
2021-09-19,Tuolumne,109,53932,6180,6097,75,6172,89
2021-09-19,Ventura,111,848112,94476,93491,4067,97558,1120
2021-09-19,Yolo,113,214977,18484,18238,847,19085,239
2021-09-19,Yuba,115,75493,9202,9087,202,9289,61
2021-09-18,Alameda,001,1643700,113924,113300,2537,115837,1320
2021-09-18,Alpine,003,1148,99,100,0,100,0
2021-09-18,Amador,005,37829,4952,4850,48,4898,59
2021-09-18,Butte,007,227075,18582,17961,3316,21277,230
2021-09-18,Calaveras,009,45235,3468,3361,35,3396,66
2021-09-18,Colusa,011,21464,2398,2373,536,2909,16
2021-09-18,Contra Costa,013,1133247,94590,93656,1893,95549,924
2021-09-18,Del Norte,015,27424,3460,3326,25,3351,34
2021-09-18,El Dorado,017,186661,14765,14472,1501,15973,127
2021-09-18,Fresno,019,978130,127113,124771,11391,136162,1889
2021-09-18,Glenn,021,27897,3192,3086,912,3998,25
2021-09-18,Humboldt,023,135768,8051,7881,394,8275,80
2021-09-18,Imperial,025,180216,31338,31096,2938,34034,755
2021-09-18,Inyo,027,18085,1673,1636,31,1667,39
2021-09-18,Kern,029,883053,116931,114781,17893,132674,1459
2021-09-18,Kings,031,150075,28929,28330,1612,29942,285
2021-09-18,Lake,033,64148,6106,5936,119,6055,87
2021-09-18,Lassen,035,31185,6296,6121,263,6384,25
2021-09-18,Los Angeles,037,10098052,1393498,1379880,50752,1430632,25849
2021-09-18,Madera,039,155013,20641,20126,1624,21750,257
2021-09-18,Marin,041,260295,16868,16685,385,17070,242
2021-09-18,Mariposa,043,17540,924,871,32,903,5
2021-09-18,Mendocino,045,87422,6713,6523,322,6845,67
2021-09-18,Merced,047,269075,38328,37977,1471,39448,535
2021-09-18,Modoc,049,8938,464,457,158,615,5
2021-09-18,Mono,051,14174,1514,1480,17,1497,3
2021-09-18,Monterey,053,433212,47303,46466,2518,48984,565
2021-09-18,Napa,055,140530,12276,12168,82,12250,95
2021-09-18,Nevada,057,99092,8314,8183,270,8453,84
2021-09-18,Orange,059,3164182,296373,293005,13820,306825,5354
2021-09-18,Placer,061,380077,33932,33309,3158,36467,364
2021-09-18,Plumas,063,18699,1263,1204,24,1228,5
2021-09-18,Riverside,065,2383286,346394,341136,15672,356808,4802
2021-09-18,Sacramento,067,1510023,147478,146162,3690,149852,2016
2021-09-18,San Benito,069,59416,6949,6937,140,7077,67
2021-09-18,San Bernardino,071,2135413,339327,336380,10478,346858,5501
2021-09-18,San Diego,073,3302833,352730,348848,20778,369626,4006
2021-09-18,San Francisco,075,870044,50096,49359,2101,51460,605
2021-09-18,San Joaquin,077,732212,93512,92242,4915,97157,1615
2021-09-18,San Luis Obispo,079,281455,27694,27181,1078,28259,313
2021-09-18,San Mateo,081,765935,51787,50961,765,51726,567
2021-09-18,Santa Barbara,083,443738,41873,41465,1447,42912,500
2021-09-18,Santa Clara,085,1922200,140549,139233,1075,140308,1841
2021-09-18,Santa Cruz,087,273765,19334,19079,958,20037,211
2021-09-18,Shasta,089,179085,18328,17777,2958,20735,258
2021-09-18,Sierra,091,2930,129,125,13,138,0
2021-09-18,Siskiyou,093,43540,3020,2875,1032,3907,35
2021-09-18,Solano,095,438530,43837,42966,1120,44086,312
2021-09-18,Sonoma,097,501317,39185,38891,475,39366,369
2021-09-18,Stanislaus,099,539301,72082,71587,8031,79618,1091
2021-09-18,Sutter,101,95872,12949,12829,241,13070,153
2021-09-18,Tehama,103,63373,7253,7055,1168,8223,84
2021-09-18,Trinity,105,12862,715,561,189,750,7
2021-09-18,Tulare,107,460477,61667,60003,12400,72403,896
2021-09-18,Tuolumne,109,53932,6165,6069,75,6144,89
2021-09-18,Ventura,111,848112,94408,93424,4062,97486,1120
2021-09-18,Yolo,113,214977,18457,18213,842,19055,239
2021-09-18,Yuba,115,75493,9188,9061,201,9262,61
2021-09-17,Alameda,001,1643700,113799,113070,2535,115605,1320
2021-09-17,Alpine,003,1148,99,99,0,99,0
2021-09-17,Amador,005,37829,4936,4835,47,4882,58
2021-09-17,Butte,007,227075,18530,17870,3306,21176,230
2021-09-17,Calaveras,009,45235,3456,3338,34,3372,66
2021-09-17,Colusa,011,21464,2397,2369,531,2900,16
2021-09-17,Contra Costa,013,1133247,94487,93485,1890,95375,924
2021-09-17,Del Norte,015,27424,3455,3311,23,3334,34
2021-09-17,El Dorado,017,186661,14746,14421,1499,15920,127
2021-09-17,Fresno,019,978130,126894,124296,11374,135670,1882
2021-09-17,Glenn,021,27897,3175,3072,908,3980,25
2021-09-17,Humboldt,023,135768,8030,7850,394,8244,80
2021-09-17,Imperial,025,180216,31312,31031,2937,33968,755
2021-09-17,Inyo,027,18085,1665,1634,31,1665,39
2021-09-17,Kern,029,883053,116740,114303,17796,132099,1456
2021-09-17,Kings,031,150075,28864,28240,1610,29850,281
2021-09-17,Lake,033,64148,6093,5915,119,6034,87
2021-09-17,Lassen,035,31185,6281,6080,261,6341,25
2021-09-17,Los Angeles,037,10098052,1392519,1377905,50686,1428591,25820
2021-09-17,Madera,039,155013,20590,20040,1612,21652,257
2021-09-17,Marin,041,260295,16855,16658,383,17041,242
2021-09-17,Mariposa,043,17540,922,869,32,901,5
2021-09-17,Mendocino,045,87422,6694,6498,322,6820,67
2021-09-17,Merced,047,269075,38282,37803,1469,39272,533
2021-09-17,Modoc,049,8938,464,456,158,614,5
2021-09-17,Mono,051,14174,1510,1457,17,1474,3
2021-09-17,Monterey,053,433212,47280,46421,2517,48938,564
2021-09-17,Napa,055,140530,12255,12153,82,12235,95
2021-09-17,Nevada,057,99092,8299,8157,270,8427,84
2021-09-17,Orange,059,3164182,296154,292685,13802,306487,5346
2021-09-17,Placer,061,380077,33872,33188,3148,36336,362
2021-09-17,Plumas,063,18699,1254,1192,23,1215,5
2021-09-17,Riverside,065,2383286,345994,340445,15661,356106,4792
2021-09-17,Sacramento,067,1510023,147278,145985,3679,149664,1999
2021-09-17,San Benito,069,59416,6946,6929,140,7069,67
2021-09-17,San Bernardino,071,2135413,338967,335810,10471,346281,5488
2021-09-17,San Diego,073,3302833,352306,348098,20761,368859,4002
2021-09-17,San Francisco,075,870044,50044,49249,2096,51345,605
2021-09-17,San Joaquin,077,732212,93374,91977,4904,96881,1610
2021-09-17,San Luis Obispo,079,281455,27660,27102,1067,28169,311
2021-09-17,San Mateo,081,765935,51734,50854,764,51618,564
2021-09-17,Santa Barbara,083,443738,41810,41354,1446,42800,498
2021-09-17,Santa Clara,085,1922200,140400,138939,1074,140013,1838
2021-09-17,Santa Cruz,087,273765,19310,19039,958,19997,211
2021-09-17,Shasta,089,179085,18258,17617,2945,20562,254
2021-09-17,Sierra,091,2930,129,124,13,137,0
2021-09-17,Siskiyou,093,43540,3005,2852,1032,3884,35
2021-09-17,Solano,095,438530,43774,42898,1116,44014,312
2021-09-17,Sonoma,097,501317,39148,38808,474,39282,369
2021-09-17,Stanislaus,099,539301,71975,71408,8013,79421,1091
2021-09-17,Sutter,101,95872,12933,12799,238,13037,153
2021-09-17,Tehama,103,63373,7230,7020,1156,8176,84
2021-09-17,Trinity,105,12862,710,556,188,744,7
2021-09-17,Tulare,107,460477,61552,59689,12365,72054,895
2021-09-17,Tuolumne,109,53932,6146,6047,75,6122,89
2021-09-17,Ventura,111,848112,94296,93273,4060,97333,1116
2021-09-17,Yolo,113,214977,18426,18177,838,19015,239
2021-09-17,Yuba,115,75493,9161,9019,200,9219,61
2021-09-16,Alameda,001,1643700,113624,112770,2532,115302,1318
2021-09-16,Alpine,003,1148,99,99,0,99,0
2021-09-16,Amador,005,37829,4916,4819,47,4866,58
2021-09-16,Butte,007,227075,18455,17750,3290,21040,230
2021-09-16,Calaveras,009,45235,3425,3313,34,3347,66
2021-09-16,Colusa,011,21464,2395,2363,529,2892,16
2021-09-16,Contra Costa,013,1133247,94316,93213,1882,95095,917
2021-09-16,Del Norte,015,27424,3437,3285,23,3308,34
2021-09-16,El Dorado,017,186661,14705,14372,1491,15863,127
2021-09-16,Fresno,019,978130,126539,123853,11332,135185,1868
2021-09-16,Glenn,021,27897,3165,3068,906,3974,24
2021-09-16,Humboldt,023,135768,7997,7809,386,8195,80
2021-09-16,Imperial,025,180216,31269,30966,2929,33895,753
2021-09-16,Inyo,027,18085,1663,1623,31,1654,39
2021-09-16,Kern,029,883053,116468,113828,17729,131557,1448
2021-09-16,Kings,031,150075,28778,28114,1602,29716,280
2021-09-16,Lake,033,64148,6069,5890,116,6006,87
2021-09-16,Lassen,035,31185,6246,6028,256,6284,25
2021-09-16,Los Angeles,037,10098052,1391127,1376277,50621,1426898,25796
2021-09-16,Madera,039,155013,20513,19974,1607,21581,257
2021-09-16,Marin,041,260295,16828,16625,382,17007,242
2021-09-16,Mariposa,043,17540,916,849,32,881,6
2021-09-16,Mendocino,045,87422,6656,6445,311,6756,67
2021-09-16,Merced,047,269075,38175,37675,1467,39142,532
2021-09-16,Modoc,049,8938,462,455,158,613,5
2021-09-16,Mono,051,14174,1504,1449,17,1466,3
2021-09-16,Monterey,053,433212,47226,46342,2511,48853,562
2021-09-16,Napa,055,140530,12230,12115,78,12193,95
2021-09-16,Nevada,057,99092,8272,8121,269,8390,84
2021-09-16,Orange,059,3164182,295808,292183,13782,305965,5340
2021-09-16,Placer,061,380077,33776,33037,3128,36165,354
2021-09-16,Plumas,063,18699,1245,1178,23,1201,5
2021-09-16,Riverside,065,2383286,345464,339770,15647,355417,4786
2021-09-16,Sacramento,067,1510023,146922,145754,3647,149401,1996
2021-09-16,San Benito,069,59416,6934,6913,139,7052,67
2021-09-16,San Bernardino,071,2135413,338544,335129,10464,345593,5474
2021-09-16,San Diego,073,3302833,351692,347472,20722,368194,3994
2021-09-16,San Francisco,075,870044,49958,49133,2088,51221,605
2021-09-16,San Joaquin,077,732212,93136,91650,4861,96511,1608
2021-09-16,San Luis Obispo,079,281455,27587,27044,1063,28107,310
2021-09-16,San Mateo,081,765935,51657,50773,762,51535,564
2021-09-16,Santa Barbara,083,443738,41744,41272,1443,42715,497
2021-09-16,Santa Clara,085,1922200,140246,138685,1070,139755,1835
2021-09-16,Santa Cruz,087,273765,19283,19011,958,19969,211
2021-09-16,Shasta,089,179085,18133,17438,2912,20350,251
2021-09-16,Sierra,091,2930,129,123,13,136,0
2021-09-16,Siskiyou,093,43540,2985,2819,1025,3844,35
2021-09-16,Solano,095,438530,43702,42792,1107,43899,312
2021-09-16,Sonoma,097,501317,39085,38707,473,39180,369
2021-09-16,Stanislaus,099,539301,71742,71105,7997,79102,1091
2021-09-16,Sutter,101,95872,12889,12729,233,12962,152
2021-09-16,Tehama,103,63373,7190,6953,1145,8098,83
2021-09-16,Trinity,105,12862,707,547,187,734,7
2021-09-16,Tulare,107,460477,61330,59459,12293,71752,894
2021-09-16,Tuolumne,109,53932,6125,5999,73,6072,89
2021-09-16,Ventura,111,848112,94156,93087,4056,97143,1110
2021-09-16,Yolo,113,214977,18394,18135,836,18971,239
2021-09-16,Yuba,115,75493,9127,8981,197,9178,61
2021-09-15,Alameda,001,1643700,113459,112498,2525,115023,1317
2021-09-15,Alpine,003,1148,99,99,0,99,0
2021-09-15,Amador,005,37829,4908,4792,47,4839,58
2021-09-15,Butte,007,227075,18357,17664,3270,20934,228
2021-09-15,Calaveras,009,45235,3396,3293,32,3325,66
2021-09-15,Colusa,011,21464,2393,2352,526,2878,16
2021-09-15,Contra Costa,013,1133247,94134,92989,1871,94860,913
2021-09-15,Del Norte,015,27424,3424,3271,21,3292,34
2021-09-15,El Dorado,017,186661,14679,14309,1481,15790,127
2021-09-15,Fresno,019,978130,126160,123370,11276,134646,1867
2021-09-15,Glenn,021,27897,3153,3051,901,3952,20
2021-09-15,Humboldt,023,135768,7961,7754,381,8135,52
2021-09-15,Imperial,025,180216,31214,30891,2924,33815,753
2021-09-15,Inyo,027,18085,1659,1614,31,1645,39
2021-09-15,Kern,029,883053,116122,113546,17631,131177,1434
2021-09-15,Kings,031,150075,28699,27991,1594,29585,279
2021-09-15,Lake,033,64148,6036,5852,115,5967,85
2021-09-15,Lassen,035,31185,6186,6018,251,6269,25
2021-09-15,Los Angeles,037,10098052,1389624,1374307,50552,1424859,25767
2021-09-15,Madera,039,155013,20438,19880,1600,21480,257
2021-09-15,Marin,041,260295,16793,16592,377,16969,242
2021-09-15,Mariposa,043,17540,904,843,32,875,5
2021-09-15,Mendocino,045,87422,6626,6399,306,6705,66
2021-09-15,Merced,047,269075,38067,37508,1465,38973,529
2021-09-15,Modoc,049,8938,462,454,158,612,5
2021-09-15,Mono,051,14174,1498,1445,17,1462,3
2021-09-15,Monterey,053,433212,47156,46317,2500,48817,562
2021-09-15,Napa,055,140530,12209,12082,78,12160,95
2021-09-15,Nevada,057,99092,8250,8081,266,8347,84
2021-09-15,Orange,059,3164182,295484,291834,13763,305597,5328
2021-09-15,Placer,061,380077,33664,32860,3107,35967,352
2021-09-15,Plumas,063,18699,1240,1164,22,1186,5
2021-09-15,Riverside,065,2383286,344881,339077,15623,354700,4769
2021-09-15,Sacramento,067,1510023,146497,145202,3616,148818,1981
2021-09-15,San Benito,069,59416,6931,6902,139,7041,67
2021-09-15,San Bernardino,071,2135413,338082,334556,10450,345006,5470
2021-09-15,San Diego,073,3302833,351073,346933,20694,367627,3983
2021-09-15,San Francisco,075,870044,49847,48999,2083,51082,605
2021-09-15,San Joaquin,077,732212,92860,91322,4821,96143,1607
2021-09-15,San Luis Obispo,079,281455,27504,26943,1057,28000,306
2021-09-15,San Mateo,081,765935,51575,50691,759,51450,564
2021-09-15,Santa Barbara,083,443738,41641,41077,1439,42516,497
2021-09-15,Santa Clara,085,1922200,140072,138410,1065,139475,1833
2021-09-15,Santa Cruz,087,273765,19245,18984,956,19940,210
2021-09-15,Shasta,089,179085,18022,17317,2891,20208,250
2021-09-15,Sierra,091,2930,129,123,13,136,0
2021-09-15,Siskiyou,093,43540,2965,2804,995,3799,35
2021-09-15,Solano,095,438530,43630,42682,1102,43784,312
2021-09-15,Sonoma,097,501317,39028,38629,473,39102,369
2021-09-15,Stanislaus,099,539301,71518,70852,7975,78827,1091
2021-09-15,Sutter,101,95872,12856,12699,228,12927,151
2021-09-15,Tehama,103,63373,7149,6894,1136,8030,79
2021-09-15,Trinity,105,12862,705,541,185,726,7
2021-09-15,Tulare,107,460477,61071,59149,12232,71381,890
2021-09-15,Tuolumne,109,53932,6099,5969,73,6042,89
2021-09-15,Ventura,111,848112,94013,92960,4049,97009,1109
2021-09-15,Yolo,113,214977,18360,18064,830,18894,239
2021-09-15,Yuba,115,75493,9093,8953,197,9150,61
2021-09-14,Alameda,001,1643700,113252,112329,2522,114851,1316
2021-09-14,Alpine,003,1148,99,98,0,98,0
2021-09-14,Amador,005,37829,4888,4790,47,4837,57
2021-09-14,Butte,007,227075,18223,17516,3246,20762,226
2021-09-14,Calaveras,009,45235,3376,3280,29,3309,66
2021-09-14,Colusa,011,21464,2389,2344,523,2867,16
2021-09-14,Contra Costa,013,1133247,93936,92822,1863,94685,908
2021-09-14,Del Norte,015,27424,3408,3252,21,3273,32
2021-09-14,El Dorado,017,186661,14626,14247,1473,15720,123
2021-09-14,Fresno,019,978130,125685,123151,11224,134375,1856
2021-09-14,Glenn,021,27897,3136,3045,897,3942,20
2021-09-14,Humboldt,023,135768,7927,7717,376,8093,52
2021-09-14,Imperial,025,180216,31165,30845,2921,33766,752
2021-09-14,Inyo,027,18085,1650,1605,30,1635,39
2021-09-14,Kern,029,883053,115739,113250,17508,130758,1428
2021-09-14,Kings,031,150075,28623,27955,1586,29541,278
2021-09-14,Lake,033,64148,6004,5845,115,5960,83
2021-09-14,Lassen,035,31185,6172,5977,246,6223,25
2021-09-14,Los Angeles,037,10098052,1387788,1372831,50471,1423302,25729
2021-09-14,Madera,039,155013,20356,19800,1589,21389,254
2021-09-14,Marin,041,260295,16765,16584,375,16959,242
2021-09-14,Mariposa,043,17540,893,834,31,865,5
2021-09-14,Mendocino,045,87422,6590,6372,295,6667,65
2021-09-14,Merced,047,269075,37917,37430,1461,38891,526
2021-09-14,Modoc,049,8938,461,453,158,611,5
2021-09-14,Mono,051,14174,1494,1440,17,1457,4
2021-09-14,Monterey,053,433212,47115,46224,2489,48713,558
2021-09-14,Napa,055,140530,12176,12070,77,12147,91
2021-09-14,Nevada,057,99092,8216,8056,266,8322,83
2021-09-14,Orange,059,3164182,295091,291423,13739,305162,5319
2021-09-14,Placer,061,380077,33532,32735,3087,35822,350
2021-09-14,Plumas,063,18699,1225,1148,22,1170,5
2021-09-14,Riverside,065,2383286,344240,338534,15592,354126,4748
2021-09-14,Sacramento,067,1510023,146112,145051,3567,148618,1977
2021-09-14,San Benito,069,59416,6921,6887,139,7026,64
2021-09-14,San Bernardino,071,2135413,337585,333968,10425,344393,5465
2021-09-14,San Diego,073,3302833,350413,346204,20643,366847,3966
2021-09-14,San Francisco,075,870044,49713,48998,2081,51079,603
2021-09-14,San Joaquin,077,732212,92621,91128,4812,95940,1596
2021-09-14,San Luis Obispo,079,281455,27431,26845,1052,27897,304
2021-09-14,San Mateo,081,765935,51478,50602,756,51358,564
2021-09-14,Santa Barbara,083,443738,41545,40783,1430,42213,495
2021-09-14,Santa Clara,085,1922200,139837,138321,1062,139383,1828
2021-09-14,Santa Cruz,087,273765,19205,18965,954,19919,210
2021-09-14,Shasta,089,179085,17891,17152,2870,20022,246
2021-09-14,Sierra,091,2930,129,123,13,136,0
2021-09-14,Siskiyou,093,43540,2941,2756,978,3734,35
2021-09-14,Solano,095,438530,43547,42599,1099,43698,307
2021-09-14,Sonoma,097,501317,38959,38595,469,39064,369
2021-09-14,Stanislaus,099,539301,71258,70697,7947,78644,1091
2021-09-14,Sutter,101,95872,12814,12670,221,12891,149
2021-09-14,Tehama,103,63373,7095,6859,1128,7987,80
2021-09-14,Trinity,105,12862,699,538,184,722,7
2021-09-14,Tulare,107,460477,60818,58961,12161,71122,888
2021-09-14,Tuolumne,109,53932,6078,5951,71,6022,89
2021-09-14,Ventura,111,848112,93828,92841,4032,96873,1107
2021-09-14,Yolo,113,214977,18316,18039,825,18864,239
2021-09-14,Yuba,115,75493,9057,8928,197,9125,61
2021-09-13,Alameda,001,1643700,113038,112159,2517,114676,1309
2021-09-13,Alpine,003,1148,98,98,0,98,0
2021-09-13,Amador,005,37829,4870,4761,47,4808,56
2021-09-13,Butte,007,227075,18098,17393,3218,20611,225
2021-09-13,Calaveras,009,45235,3350,3253,27,3280,65
2021-09-13,Colusa,011,21464,2380,2346,519,2865,16
2021-09-13,Contra Costa,013,1133247,93691,92658,1858,94516,908
2021-09-13,Del Norte,015,27424,3372,3232,21,3253,28
2021-09-13,El Dorado,017,186661,14565,14194,1465,15659,119
2021-09-13,Fresno,019,978130,125218,122650,11158,133808,1853
2021-09-13,Glenn,021,27897,3122,3026,891,3917,20
2021-09-13,Humboldt,023,135768,7894,7659,373,8032,52
2021-09-13,Imperial,025,180216,31112,30802,2918,33720,751
2021-09-13,Inyo,027,18085,1643,1602,30,1632,39
2021-09-13,Kern,029,883053,115355,112930,17386,130316,1424
2021-09-13,Kings,031,150075,28513,27858,1574,29432,275
2021-09-13,Lake,033,64148,5982,5809,115,5924,82
2021-09-13,Lassen,035,31185,6137,5953,245,6198,25
2021-09-13,Los Angeles,037,10098052,1385923,1371423,50405,1421828,25703
2021-09-13,Madera,039,155013,20287,19735,1574,21309,252
2021-09-13,Marin,041,260295,16729,16557,374,16931,242
2021-09-13,Mariposa,043,17540,879,825,31,856,5
2021-09-13,Mendocino,045,87422,6555,6323,286,6609,61
2021-09-13,Merced,047,269075,37767,37291,1456,38747,521
2021-09-13,Modoc,049,8938,460,451,158,609,5
2021-09-13,Mono,051,14174,1488,1435,17,1452,3
2021-09-13,Monterey,053,433212,47025,46188,2476,48664,558
2021-09-13,Napa,055,140530,12158,12039,77,12116,91
2021-09-13,Nevada,057,99092,8190,8021,264,8285,83
2021-09-13,Orange,059,3164182,294658,291128,13717,304845,5312
2021-09-13,Placer,061,380077,33367,32617,3070,35687,343
2021-09-13,Plumas,063,18699,1216,1142,22,1164,5
2021-09-13,Riverside,065,2383286,343595,337876,15574,353450,4731
2021-09-13,Sacramento,067,1510023,145624,144537,3534,148071,1956
2021-09-13,San Benito,069,59416,6905,6867,138,7005,64
2021-09-13,San Bernardino,071,2135413,337094,333613,10400,344013,5441
2021-09-13,San Diego,073,3302833,349626,345647,20591,366238,3961
2021-09-13,San Francisco,075,870044,49582,48914,2075,50989,603
2021-09-13,San Joaquin,077,732212,92336,90966,4794,95760,1581
2021-09-13,San Luis Obispo,079,281455,27334,26805,1049,27854,300
2021-09-13,San Mateo,081,765935,51386,50525,751,51276,564
2021-09-13,Santa Barbara,083,443738,41426,40661,1423,42084,494
2021-09-13,Santa Clara,085,1922200,139592,138152,1057,139209,1820
2021-09-13,Santa Cruz,087,273765,19165,18917,953,19870,210
2021-09-13,Shasta,089,179085,17761,17033,2830,19863,243
2021-09-13,Sierra,091,2930,129,123,13,136,0
2021-09-13,Siskiyou,093,43540,2926,2745,966,3711,35
2021-09-13,Solano,095,438530,43443,42501,1096,43597,306
2021-09-13,Sonoma,097,501317,38892,38513,466,38979,368
2021-09-13,Stanislaus,099,539301,71004,70477,7911,78388,1091
2021-09-13,Sutter,101,95872,12756,12624,217,12841,145
2021-09-13,Tehama,103,63373,7032,6803,1116,7919,79
2021-09-13,Trinity,105,12862,697,533,182,715,7
2021-09-13,Tulare,107,460477,60535,58768,12101,70869,887
2021-09-13,Tuolumne,109,53932,6047,5909,71,5980,89
2021-09-13,Ventura,111,848112,93667,92679,4025,96704,1107
2021-09-13,Yolo,113,214977,18272,17974,819,18793,239
2021-09-13,Yuba,115,75493,9012,8884,196,9080,61
2021-09-12,Alameda,001,1643700,112777,111961,2514,114475,1309
2021-09-12,Alpine,003,1148,98,98,0,98,0
2021-09-12,Amador,005,37829,4849,4752,47,4799,56
2021-09-12,Butte,007,227075,17953,17257,3171,20428,221
2021-09-12,Calaveras,009,45235,3319,3236,23,3259,65
2021-09-12,Colusa,011,21464,2377,2344,518,2862,16
2021-09-12,Contra Costa,013,1133247,93423,92498,1846,94344,908
2021-09-12,Del Norte,015,27424,3337,3200,21,3221,28
2021-09-12,El Dorado,017,186661,14492,14167,1449,15616,119
2021-09-12,Fresno,019,978130,124700,122407,11101,133508,1853
2021-09-12,Glenn,021,27897,3105,3016,885,3901,20
2021-09-12,Humboldt,023,135768,7824,7636,362,7998,52
2021-09-12,Imperial,025,180216,31049,30790,2913,33703,751
2021-09-12,Inyo,027,18085,1633,1596,30,1626,39
2021-09-12,Kern,029,883053,114943,112602,17227,129829,1424
2021-09-12,Kings,031,150075,28402,27764,1557,29321,274
2021-09-12,Lake,033,64148,5942,5781,113,5894,82
2021-09-12,Lassen,035,31185,6100,5943,236,6179,25
2021-09-12,Los Angeles,037,10098052,1383863,1365968,50332,1416300,25630
2021-09-12,Madera,039,155013,20200,19691,1562,21253,252
2021-09-12,Marin,041,260295,16706,16526,374,16900,242
2021-09-12,Mariposa,043,17540,868,811,29,840,5
2021-09-12,Mendocino,045,87422,6515,6283,277,6560,61
2021-09-12,Merced,047,269075,37595,37172,1445,38617,521
2021-09-12,Modoc,049,8938,460,451,157,608,5
2021-09-12,Mono,051,14174,1481,1431,17,1448,3
2021-09-12,Monterey,053,433212,46926,46167,2466,48633,558
2021-09-12,Napa,055,140530,12128,12011,77,12088,91
2021-09-12,Nevada,057,99092,8150,7987,263,8250,83
2021-09-12,Orange,059,3164182,294195,290718,13696,304414,5312
2021-09-12,Placer,061,380077,33218,32520,3048,35568,343
2021-09-12,Plumas,063,18699,1197,1138,22,1160,5
2021-09-12,Riverside,065,2383286,342911,337332,15540,352872,4731
2021-09-12,Sacramento,067,1510023,145117,144030,3495,147525,1959
2021-09-12,San Benito,069,59416,6886,6852,137,6989,64
2021-09-12,San Bernardino,071,2135413,336484,333049,10387,343436,5439
2021-09-12,San Diego,073,3302833,348816,345058,20515,365573,3942
2021-09-12,San Francisco,075,870044,49470,48819,2068,50887,603
2021-09-12,San Joaquin,077,732212,92007,90730,4786,95516,1581
2021-09-12,San Luis Obispo,079,281455,27215,26729,1036,27765,299
2021-09-12,San Mateo,081,765935,51275,50432,747,51179,564
2021-09-12,Santa Barbara,083,443738,41314,40600,1416,42016,494
2021-09-12,Santa Clara,085,1922200,139335,137899,1054,138953,1820
2021-09-12,Santa Cruz,087,273765,19132,18892,952,19844,210
2021-09-12,Shasta,089,179085,17596,16957,2772,19729,243
2021-09-12,Sierra,091,2930,129,123,13,136,0
2021-09-12,Siskiyou,093,43540,2898,2730,951,3681,35
2021-09-12,Solano,095,438530,43337,42409,1093,43502,306
2021-09-12,Sonoma,097,501317,38812,38456,464,38920,368
2021-09-12,Stanislaus,099,539301,70705,70184,7872,78056,1091
2021-09-12,Sutter,101,95872,12714,12589,211,12800,145
2021-09-12,Tehama,103,63373,6968,6732,1104,7836,79
2021-09-12,Trinity,105,12862,693,529,180,709,7
2021-09-12,Tulare,107,460477,60182,58582,12041,70623,887
2021-09-12,Tuolumne,109,53932,6014,5888,71,5959,89
2021-09-12,Ventura,111,848112,93540,92496,4019,96515,1107
2021-09-12,Yolo,113,214977,18206,17943,811,18754,239
2021-09-12,Yuba,115,75493,8977,8842,196,9038,61
2021-09-11,Alameda,001,1643700,112653,111715,2512,114227,1309
2021-09-11,Alpine,003,1148,98,98,0,98,0
2021-09-11,Amador,005,37829,4836,4728,46,4774,56
2021-09-11,Butte,007,227075,17870,17218,3144,20362,221
2021-09-11,Calaveras,009,45235,3311,3208,22,3230,65
2021-09-11,Colusa,011,21464,2376,2338,515,2853,16
2021-09-11,Contra Costa,013,1133247,93304,92269,1842,94111,908
2021-09-11,Del Norte,015,27424,3321,3184,21,3205,28
2021-09-11,El Dorado,017,186661,14473,14117,1442,15559,119
2021-09-11,Fresno,019,978130,124521,122224,11076,133300,1853
2021-09-11,Glenn,021,27897,3095,3007,882,3889,20
2021-09-11,Humboldt,023,135768,7802,7615,359,7974,52
2021-09-11,Imperial,025,180216,31024,30760,2910,33670,751
2021-09-11,Inyo,027,18085,1630,1590,30,1620,39
2021-09-11,Kern,029,883053,114693,112205,17113,129318,1424
2021-09-11,Kings,031,150075,28353,27631,1551,29182,275
2021-09-11,Lake,033,64148,5921,5761,113,5874,82
2021-09-11,Lassen,035,31185,6085,5930,232,6162,25
2021-09-11,Los Angeles,037,10098052,1382890,1365831,50268,1416099,25630
2021-09-11,Madera,039,155013,20148,19648,1557,21205,252
2021-09-11,Marin,041,260295,16678,16496,373,16869,242
2021-09-11,Mariposa,043,17540,863,799,29,828,5
2021-09-11,Mendocino,045,87422,6491,6257,277,6534,61
2021-09-11,Merced,047,269075,37541,37042,1442,38484,521
2021-09-11,Modoc,049,8938,460,449,157,606,5
2021-09-11,Mono,051,14174,1475,1431,17,1448,3
2021-09-11,Monterey,053,433212,46889,46140,2463,48603,558
2021-09-11,Napa,055,140530,12105,11991,77,12068,91
2021-09-11,Nevada,057,99092,8135,7967,263,8230,83
2021-09-11,Orange,059,3164182,293893,290429,13680,304109,5306
2021-09-11,Placer,061,380077,33135,32414,3037,35451,344
2021-09-11,Plumas,063,18699,1190,1112,22,1134,5
2021-09-11,Riverside,065,2383286,342473,336585,15527,352112,4731
2021-09-11,Sacramento,067,1510023,144817,143557,3483,147040,1955
2021-09-11,San Benito,069,59416,6873,6844,137,6981,64
2021-09-11,San Bernardino,071,2135413,336141,332512,10373,342885,5430
2021-09-11,San Diego,073,3302833,348332,344355,20491,364846,3942
2021-09-11,San Francisco,075,870044,49415,48660,2064,50724,603
2021-09-11,San Joaquin,077,732212,91864,90482,4779,95261,1581
2021-09-11,San Luis Obispo,079,281455,27169,26651,1035,27686,299
2021-09-11,San Mateo,081,765935,51203,50341,746,51087,564
2021-09-11,Santa Barbara,083,443738,41241,40451,1416,41867,494
2021-09-11,Santa Clara,085,1922200,139182,137659,1051,138710,1820
2021-09-11,Santa Cruz,087,273765,19103,18865,952,19817,210
2021-09-11,Shasta,089,179085,17502,16877,2752,19629,243
2021-09-11,Sierra,091,2930,129,123,13,136,0
2021-09-11,Siskiyou,093,43540,2881,2717,948,3665,35
2021-09-11,Solano,095,438530,43286,42344,1090,43434,306
2021-09-11,Sonoma,097,501317,38765,38399,462,38861,368
2021-09-11,Stanislaus,099,539301,70580,69974,7859,77833,1091
2021-09-11,Sutter,101,95872,12688,12538,208,12746,145
2021-09-11,Tehama,103,63373,6947,6703,1096,7799,79
2021-09-11,Trinity,105,12862,686,526,180,706,7
2021-09-11,Tulare,107,460477,60070,58321,11995,70316,889
2021-09-11,Tuolumne,109,53932,5995,5879,68,5947,89
2021-09-11,Ventura,111,848112,93458,92328,4014,96342,1107
2021-09-11,Yolo,113,214977,18182,17906,807,18713,239
2021-09-11,Yuba,115,75493,8952,8813,196,9009,61
2021-09-10,Alameda,001,1643700,112462,111386,2511,113897,1306
2021-09-10,Alpine,003,1148,97,97,0,97,0
2021-09-10,Amador,005,37829,4824,4706,46,4752,56
2021-09-10,Butte,007,227075,17795,17051,3126,20177,222
2021-09-10,Calaveras,009,45235,3303,3183,22,3205,65
2021-09-10,Colusa,011,21464,2372,2327,512,2839,16
2021-09-10,Contra Costa,013,1133247,93181,92024,1840,93864,908
2021-09-10,Del Norte,015,27424,3306,3128,20,3148,28
2021-09-10,El Dorado,017,186661,14443,14051,1438,15489,119
2021-09-10,Fresno,019,978130,124197,121659,11047,132706,1846
2021-09-10,Glenn,021,27897,3088,2977,881,3858,20
2021-09-10,Humboldt,023,135768,7770,7543,355,7898,52
2021-09-10,Imperial,025,180216,31001,30716,2908,33624,751
2021-09-10,Inyo,027,18085,1626,1590,30,1620,39
2021-09-10,Kern,029,883053,114439,111832,16997,128829,1419
2021-09-10,Kings,031,150075,28279,27473,1544,29017,274
2021-09-10,Lake,033,64148,5905,5713,111,5824,79
2021-09-10,Lassen,035,31185,6077,5914,229,6143,25
2021-09-10,Los Angeles,037,10098052,1381686,1365709,50203,1415912,25630
2021-09-10,Madera,039,155013,20102,19520,1550,21070,252
2021-09-10,Marin,041,260295,16658,16458,370,16828,242
2021-09-10,Mariposa,043,17540,858,795,29,824,5
2021-09-10,Mendocino,045,87422,6459,6184,276,6460,61
2021-09-10,Merced,047,269075,37489,36884,1441,38325,521
2021-09-10,Modoc,049,8938,460,448,157,605,5
2021-09-10,Mono,051,14174,1470,1422,17,1439,3
2021-09-10,Monterey,053,433212,46845,46084,2461,48545,557
2021-09-10,Napa,055,140530,12080,11948,77,12025,90
2021-09-10,Nevada,057,99092,8117,7932,262,8194,83
2021-09-10,Orange,059,3164182,293586,290022,13670,303692,5302
2021-09-10,Placer,061,380077,33033,32264,3024,35288,343
2021-09-10,Plumas,063,18699,1182,1111,22,1133,5
2021-09-10,Riverside,065,2383286,342000,335988,15520,351508,4720
2021-09-10,Sacramento,067,1510023,144474,143244,3475,146719,1950
2021-09-10,San Benito,069,59416,6869,6824,137,6961,64
2021-09-10,San Bernardino,071,2135413,335722,331894,10364,342258,5422
2021-09-10,San Diego,073,3302833,347785,343173,20454,363627,3941
2021-09-10,San Francisco,075,870044,49336,48518,2057,50575,602
2021-09-10,San Joaquin,077,732212,91683,90208,4773,94981,1573
2021-09-10,San Luis Obispo,079,281455,27136,26526,1033,27559,299
2021-09-10,San Mateo,081,765935,51136,50251,745,50996,564
2021-09-10,Santa Barbara,083,443738,41188,40321,1413,41734,492
2021-09-10,Santa Clara,085,1922200,138999,137337,1050,138387,1817
2021-09-10,Santa Cruz,087,273765,19084,18785,951,19736,210
2021-09-10,Shasta,089,179085,17408,16667,2724,19391,242
2021-09-10,Sierra,091,2930,129,117,13,130,0
2021-09-10,Siskiyou,093,43540,2869,2702,944,3646,35
2021-09-10,Solano,095,438530,43212,42230,1083,43313,305
2021-09-10,Sonoma,097,501317,38707,38271,461,38732,368
2021-09-10,Stanislaus,099,539301,70424,69617,7835,77452,1091
2021-09-10,Sutter,101,95872,12654,12468,208,12676,145
2021-09-10,Tehama,103,63373,6914,6652,1090,7742,77
2021-09-10,Trinity,105,12862,682,524,180,704,7
2021-09-10,Tulare,107,460477,59922,57930,11948,69878,883
2021-09-10,Tuolumne,109,53932,5975,5842,68,5910,89
2021-09-10,Ventura,111,848112,93361,92145,4010,96155,1104
2021-09-10,Yolo,113,214977,18157,17825,802,18627,239
2021-09-10,Yuba,115,75493,8933,8760,195,8955,62
2021-09-09,Alameda,001,1643700,112243,111014,2507,113521,1306
2021-09-09,Alpine,003,1148,97,94,0,94,0
2021-09-09,Amador,005,37829,4803,4698,45,4743,56
2021-09-09,Butte,007,227075,17648,16874,3098,19972,221
2021-09-09,Calaveras,009,45235,3269,3165,22,3187,65
2021-09-09,Colusa,011,21464,2365,2321,511,2832,16
2021-09-09,Contra Costa,013,1133247,92971,91687,1835,93522,904
2021-09-09,Del Norte,015,27424,3283,3102,20,3122,28
2021-09-09,El Dorado,017,186661,14386,13970,1428,15398,119
2021-09-09,Fresno,019,978130,123722,121040,11001,132041,1838
2021-09-09,Glenn,021,27897,3076,2947,877,3824,20
2021-09-09,Humboldt,023,135768,7720,7471,349,7820,52
2021-09-09,Imperial,025,180216,30963,30661,2904,33565,751
2021-09-09,Inyo,027,18085,1619,1586,30,1616,39
2021-09-09,Kern,029,883053,114092,111390,16841,128231,1414
2021-09-09,Kings,031,150075,28177,27282,1533,28815,273
2021-09-09,Lake,033,64148,5881,5638,109,5747,79
2021-09-09,Lassen,035,31185,6027,5860,223,6083,25
2021-09-09,Los Angeles,037,10098052,1379817,1363735,50130,1413865,25583
2021-09-09,Madera,039,155013,20029,19401,1537,20938,252
2021-09-09,Marin,041,260295,16635,16416,367,16783,242
2021-09-09,Mariposa,043,17540,845,779,28,807,5
2021-09-09,Mendocino,045,87422,6425,6089,267,6356,61
2021-09-09,Merced,047,269075,37335,36634,1428,38062,516
2021-09-09,Modoc,049,8938,460,448,157,605,5
2021-09-09,Mono,051,14174,1460,1420,17,1437,3
2021-09-09,Monterey,053,433212,46791,45991,2450,48441,556
2021-09-09,Napa,055,140530,12048,11878,77,11955,90
2021-09-09,Nevada,057,99092,8079,7855,262,8117,82
2021-09-09,Orange,059,3164182,293177,289109,13639,302748,5299
2021-09-09,Placer,061,380077,32914,32048,3009,35057,342
2021-09-09,Plumas,063,18699,1171,1098,22,1120,5
2021-09-09,Riverside,065,2383286,341361,334774,15502,350276,4701
2021-09-09,Sacramento,067,1510023,143994,142728,3430,146158,1929
2021-09-09,San Benito,069,59416,6859,6820,136,6956,64
2021-09-09,San Bernardino,071,2135413,335150,331040,10351,341391,5417
2021-09-09,San Diego,073,3302833,347071,342149,20397,362546,3929
2021-09-09,San Francisco,075,870044,49222,48404,2048,50452,597
2021-09-09,San Joaquin,077,732212,91410,89874,4755,94629,1570
2021-09-09,San Luis Obispo,079,281455,27054,26472,1030,27502,296
2021-09-09,San Mateo,081,765935,51015,50143,742,50885,561
2021-09-09,Santa Barbara,083,443738,41082,40180,1409,41589,490
2021-09-09,Santa Clara,085,1922200,138776,137017,1045,138062,1816
2021-09-09,Santa Cruz,087,273765,19038,18728,951,19679,210
2021-09-09,Shasta,089,179085,17262,16401,2683,19084,238
2021-09-09,Sierra,091,2930,129,115,13,128,0
2021-09-09,Siskiyou,093,43540,2846,2683,930,3613,35
2021-09-09,Solano,095,438530,43096,42081,1079,43160,303
2021-09-09,Sonoma,097,501317,38639,38171,460,38631,360
2021-09-09,Stanislaus,099,539301,70145,69178,7803,76981,1074
2021-09-09,Sutter,101,95872,12599,12396,206,12602,144
2021-09-09,Tehama,103,63373,6860,6554,1085,7639,75
2021-09-09,Trinity,105,12862,676,523,178,701,6
2021-09-09,Tulare,107,460477,59681,57564,11889,69453,879
2021-09-09,Tuolumne,109,53932,5947,5802,67,5869,89
2021-09-09,Ventura,111,848112,93216,91610,4001,95611,1098
2021-09-09,Yolo,113,214977,18099,17724,799,18523,239
2021-09-09,Yuba,115,75493,8888,8707,192,8899,55
2021-09-08,Alameda,001,1643700,111999,110781,2505,113286,1305
2021-09-08,Alpine,003,1148,97,94,0,94,0
2021-09-08,Amador,005,37829,4791,4693,45,4738,56
2021-09-08,Butte,007,227075,17514,16775,3078,19853,220
2021-09-08,Calaveras,009,45235,3251,3157,22,3179,63
2021-09-08,Colusa,011,21464,2363,2308,511,2819,16
2021-09-08,Contra Costa,013,1133247,92691,91471,1830,93301,900
2021-09-08,Del Norte,015,27424,3260,3085,20,3105,25
2021-09-08,El Dorado,017,186661,14306,13928,1408,15336,119
2021-09-08,Fresno,019,978130,123224,120644,10937,131581,1831
2021-09-08,Glenn,021,27897,3061,2942,868,3810,20
2021-09-08,Humboldt,023,135768,7675,7438,341,7779,52
2021-09-08,Imperial,025,180216,30930,30609,2891,33500,751
2021-09-08,Inyo,027,18085,1608,1580,30,1610,39
2021-09-08,Kern,029,883053,113694,110933,16703,127636,1409
2021-09-08,Kings,031,150075,28048,27235,1519,28754,267
2021-09-08,Lake,033,64148,5850,5618,107,5725,79
2021-09-08,Lassen,035,31185,6009,5848,216,6064,25
2021-09-08,Los Angeles,037,10098052,1377746,1362029,50043,1412072,25533
2021-09-08,Madera,039,155013,19968,19352,1524,20876,252
2021-09-08,Marin,041,260295,16607,16386,366,16752,242
2021-09-08,Mariposa,043,17540,833,777,27,804,5
2021-09-08,Mendocino,045,87422,6381,6069,258,6327,61
2021-09-08,Merced,047,269075,37174,36500,1416,37916,516
2021-09-08,Modoc,049,8938,460,448,157,605,5
2021-09-08,Mono,051,14174,1454,1418,17,1435,3
2021-09-08,Monterey,053,433212,46742,45959,2444,48403,554
2021-09-08,Napa,055,140530,12013,11842,75,11917,90
2021-09-08,Nevada,057,99092,8044,7843,261,8104,82
2021-09-08,Orange,059,3164182,292767,288511,13616,302127,5290
2021-09-08,Placer,061,380077,32777,31852,2992,34844,337
2021-09-08,Plumas,063,18699,1164,1072,22,1094,5
2021-09-08,Riverside,065,2383286,340603,334037,15477,349514,4683
2021-09-08,Sacramento,067,1510023,143515,142448,3382,145830,1921
2021-09-08,San Benito,069,59416,6841,6800,136,6936,64
2021-09-08,San Bernardino,071,2135413,334544,330279,10334,340613,5411
2021-09-08,San Diego,073,3302833,346154,341437,20346,361783,3926
2021-09-08,San Francisco,075,870044,49083,48263,2044,50307,589
2021-09-08,San Joaquin,077,732212,91129,89631,4731,94362,1561
2021-09-08,San Luis Obispo,079,281455,26960,26303,1025,27328,294
2021-09-08,San Mateo,081,765935,50910,50051,742,50793,561
2021-09-08,Santa Barbara,083,443738,40970,40000,1405,41405,490
2021-09-08,Santa Clara,085,1922200,138543,136836,1041,137877,1810
2021-09-08,Santa Cruz,087,273765,19001,18699,951,19650,210
2021-09-08,Shasta,089,179085,17107,16227,2636,18863,234
2021-09-08,Sierra,091,2930,129,113,13,126,0
2021-09-08,Siskiyou,093,43540,2813,2643,919,3562,35
2021-09-08,Solano,095,438530,43003,41971,1076,43047,302
2021-09-08,Sonoma,097,501317,38555,38075,459,38534,360
2021-09-08,Stanislaus,099,539301,69913,68945,7764,76709,1074
2021-09-08,Sutter,101,95872,12534,12349,203,12552,144
2021-09-08,Tehama,103,63373,6793,6520,1067,7587,75
2021-09-08,Trinity,105,12862,673,520,174,694,6
2021-09-08,Tulare,107,460477,59357,57425,11834,69259,876
2021-09-08,Tuolumne,109,53932,5915,5783,65,5848,89
2021-09-08,Ventura,111,848112,93064,91345,3983,95328,1096
2021-09-08,Yolo,113,214977,18018,17680,794,18474,239
2021-09-08,Yuba,115,75493,8846,8675,190,8865,55
2021-09-07,Alameda,001,1643700,111699,110550,2498,113048,1301
2021-09-07,Alpine,003,1148,96,94,0,94,0
2021-09-07,Amador,005,37829,4764,4679,45,4724,53
2021-09-07,Butte,007,227075,17358,16723,3042,19765,220
2021-09-07,Calaveras,009,45235,3210,3140,20,3160,63
2021-09-07,Colusa,011,21464,2353,2306,509,2815,16
2021-09-07,Contra Costa,013,1133247,92425,91167,1824,92991,891
2021-09-07,Del Norte,015,27424,3246,3081,20,3101,24
2021-09-07,El Dorado,017,186661,14234,13892,1393,15285,119
2021-09-07,Fresno,019,978130,122666,120268,10843,131111,1828
2021-09-07,Glenn,021,27897,3049,2937,862,3799,20
2021-09-07,Humboldt,023,135768,7615,7397,324,7721,52
2021-09-07,Imperial,025,180216,30890,30584,2883,33467,751
2021-09-07,Inyo,027,18085,1602,1579,29,1608,39
2021-09-07,Kern,029,883053,113262,110674,16545,127219,1408
2021-09-07,Kings,031,150075,27924,27169,1501,28670,267
2021-09-07,Lake,033,64148,5807,5597,99,5696,78
2021-09-07,Lassen,035,31185,5991,5842,210,6052,21
2021-09-07,Los Angeles,037,10098052,1375515,1360407,49952,1410359,25486
2021-09-07,Madera,039,155013,19881,19316,1516,20832,249
2021-09-07,Marin,041,260295,16568,16363,366,16729,242
2021-09-07,Mariposa,043,17540,817,771,27,798,5
2021-09-07,Mendocino,045,87422,6321,6036,248,6284,61
2021-09-07,Merced,047,269075,37000,36400,1410,37810,513
2021-09-07,Modoc,049,8938,458,449,157,606,5
2021-09-07,Mono,051,14174,1445,1416,17,1433,3
2021-09-07,Monterey,053,433212,46659,45911,2432,48343,543
2021-09-07,Napa,055,140530,11972,11814,75,11889,90
2021-09-07,Nevada,057,99092,8017,7829,261,8090,82
2021-09-07,Orange,059,3164182,292338,288225,13586,301811,5274
2021-09-07,Placer,061,380077,32624,31710,2964,34674,337
2021-09-07,Plumas,063,18699,1149,1071,22,1093,5
2021-09-07,Riverside,065,2383286,339815,333390,15458,348848,4666
2021-09-07,Sacramento,067,1510023,142977,142364,3335,145699,1905
2021-09-07,San Benito,069,59416,6823,6786,136,6922,64
2021-09-07,San Bernardino,071,2135413,333792,329962,10309,340271,5407
2021-09-07,San Diego,073,3302833,345156,340709,20280,360989,3922
2021-09-07,San Francisco,075,870044,48943,48175,2039,50214,589
2021-09-07,San Joaquin,077,732212,90793,89468,4717,94185,1548
2021-09-07,San Luis Obispo,079,281455,26843,26253,1016,27269,287
2021-09-07,San Mateo,081,765935,50815,49913,741,50654,561
2021-09-07,Santa Barbara,083,443738,40844,39957,1400,41357,489
2021-09-07,Santa Clara,085,1922200,138254,136631,1036,137667,1807
2021-09-07,Santa Cruz,087,273765,18952,18669,949,19618,210
2021-09-07,Shasta,089,179085,16951,16096,2584,18680,226
2021-09-07,Sierra,091,2930,129,111,13,124,0
2021-09-07,Siskiyou,093,43540,2787,2607,902,3509,34
2021-09-07,Solano,095,438530,42873,41862,1072,42934,300
2021-09-07,Sonoma,097,501317,38471,38013,457,38470,358
2021-09-07,Stanislaus,099,539301,69642,68831,7737,76568,1074
2021-09-07,Sutter,101,95872,12460,12310,197,12507,138
2021-09-07,Tehama,103,63373,6741,6482,1047,7529,74
2021-09-07,Trinity,105,12862,667,517,174,691,6
2021-09-07,Tulare,107,460477,59008,57228,11756,68984,874
2021-09-07,Tuolumne,109,53932,5878,5759,65,5824,88
2021-09-07,Ventura,111,848112,92853,91246,3973,95219,1093
2021-09-07,Yolo,113,214977,17950,17653,790,18443,235
2021-09-07,Yuba,115,75493,8803,8642,185,8827,55
2021-09-06,Alameda,001,1643700,111386,110357,2490,112847,1301
2021-09-06,Alpine,003,1148,94,94,0,94,0
2021-09-06,Amador,005,37829,4748,4648,44,4692,53
2021-09-06,Butte,007,227075,17167,16588,2998,19586,218
2021-09-06,Calaveras,009,45235,3188,3122,20,3142,63
2021-09-06,Colusa,011,21464,2346,2306,505,2811,16
2021-09-06,Contra Costa,013,1133247,92129,90971,1814,92785,891
2021-09-06,Del Norte,015,27424,3205,3037,19,3056,24
2021-09-06,El Dorado,017,186661,14165,13848,1377,15225,119
2021-09-06,Fresno,019,978130,122090,119738,10768,130506,1828
2021-09-06,Glenn,021,27897,3020,2912,854,3766,20
2021-09-06,Humboldt,023,135768,7539,7320,306,7626,52
2021-09-06,Imperial,025,180216,30827,30576,2877,33453,751
2021-09-06,Inyo,027,18085,1593,1578,17,1595,39
2021-09-06,Kern,029,883053,112749,110347,16357,126704,1408
2021-09-06,Kings,031,150075,27781,27094,1486,28580,264
2021-09-06,Lake,033,64148,5743,5548,92,5640,78
2021-09-06,Lassen,035,31185,5965,5822,200,6022,21
2021-09-06,Los Angeles,037,10098052,1373139,1359348,49838,1409186,25477
2021-09-06,Madera,039,155013,19778,19191,1493,20684,249
2021-09-06,Marin,041,260295,16528,16356,366,16722,242
2021-09-06,Mariposa,043,17540,805,764,27,791,5
2021-09-06,Mendocino,045,87422,6251,5984,235,6219,61
2021-09-06,Merced,047,269075,36786,36300,1396,37696,513
2021-09-06,Modoc,049,8938,455,449,157,606,5
2021-09-06,Mono,051,14174,1441,1416,17,1433,3
2021-09-06,Monterey,053,433212,46565,45833,2416,48249,541
2021-09-06,Napa,055,140530,11929,11792,74,11866,90
2021-09-06,Nevada,057,99092,7969,7748,259,8007,82
2021-09-06,Orange,059,3164182,291844,287948,13535,301483,5274
2021-09-06,Placer,061,380077,32447,31595,2926,34521,337
2021-09-06,Plumas,063,18699,1128,1068,19,1087,5
2021-09-06,Riverside,065,2383286,338999,333052,15438,348490,4666
2021-09-06,Sacramento,067,1510023,142341,141730,3267,144997,1905
2021-09-06,San Benito,069,59416,6800,6777,133,6910,64
2021-09-06,San Bernardino,071,2135413,332903,329693,10278,339971,5398
2021-09-06,San Diego,073,3302833,344157,340222,20183,360405,3922
2021-09-06,San Francisco,075,870044,48809,48120,2034,50154,589
2021-09-06,San Joaquin,077,732212,90449,89293,4691,93984,1548
2021-09-06,San Luis Obispo,079,281455,26714,26183,1012,27195,286
2021-09-06,San Mateo,081,765935,50685,49859,739,50598,561
2021-09-06,Santa Barbara,083,443738,40713,39876,1391,41267,489
2021-09-06,Santa Clara,085,1922200,137962,136458,1034,137492,1807
2021-09-06,Santa Cruz,087,273765,18904,18615,946,19561,210
2021-09-06,Shasta,089,179085,16770,15985,2530,18515,226
2021-09-06,Sierra,091,2930,129,109,13,122,0
2021-09-06,Siskiyou,093,43540,2743,2595,868,3463,34
2021-09-06,Solano,095,438530,42725,41774,1066,42840,300
2021-09-06,Sonoma,097,501317,38350,37929,456,38385,358
2021-09-06,Stanislaus,099,539301,69300,68596,7693,76289,1074
2021-09-06,Sutter,101,95872,12398,12238,188,12426,138
2021-09-06,Tehama,103,63373,6679,6413,1020,7433,74
2021-09-06,Trinity,105,12862,664,515,172,687,6
2021-09-06,Tulare,107,460477,58651,57068,11676,68744,874
2021-09-06,Tuolumne,109,53932,5842,5697,65,5762,88
2021-09-06,Ventura,111,848112,92676,91132,3961,95093,1093
2021-09-06,Yolo,113,214977,17864,17576,785,18361,235
2021-09-06,Yuba,115,75493,8753,8584,181,8765,55
2021-09-05,Alameda,001,1643700,111193,110173,2487,112660,1301
2021-09-05,Alpine,003,1148,94,94,0,94,0
2021-09-05,Amador,005,37829,4736,4642,44,4686,53
2021-09-05,Butte,007,227075,17077,16504,2969,19473,218
2021-09-05,Calaveras,009,45235,3182,3106,20,3126,63
2021-09-05,Colusa,011,21464,2338,2305,503,2808,16
2021-09-05,Contra Costa,013,1133247,91944,90862,1809,92671,891
2021-09-05,Del Norte,015,27424,3185,3023,19,3042,24
2021-09-05,El Dorado,017,186661,14136,13827,1364,15191,119
2021-09-05,Fresno,019,978130,121792,119384,10727,130111,1828
2021-09-05,Glenn,021,27897,3006,2899,852,3751,20
2021-09-05,Humboldt,023,135768,7506,7312,303,7615,52
2021-09-05,Imperial,025,180216,30798,30548,2875,33423,751
2021-09-05,Inyo,027,18085,1590,1572,17,1589,39
2021-09-05,Kern,029,883053,112450,110073,16198,126271,1408
2021-09-05,Kings,031,150075,27704,26989,1482,28471,264
2021-09-05,Lake,033,64148,5723,5525,92,5617,78
2021-09-05,Lassen,035,31185,5943,5820,196,6016,21
2021-09-05,Los Angeles,037,10098052,1371842,1357748,49771,1407519,25465
2021-09-05,Madera,039,155013,19737,19155,1482,20637,249
2021-09-05,Marin,041,260295,16509,16342,365,16707,242
2021-09-05,Mariposa,043,17540,801,761,27,788,5
2021-09-05,Mendocino,045,87422,6217,5965,235,6200,61
2021-09-05,Merced,047,269075,36711,36243,1394,37637,513
2021-09-05,Modoc,049,8938,455,447,157,604,5
2021-09-05,Mono,051,14174,1441,1416,17,1433,3
2021-09-05,Monterey,053,433212,46537,45795,2407,48202,540
2021-09-05,Napa,055,140530,11904,11770,74,11844,90
2021-09-05,Nevada,057,99092,7947,7722,258,7980,82
2021-09-05,Orange,059,3164182,291556,287614,13518,301132,5274
2021-09-05,Placer,061,380077,32320,31487,2912,34399,337
2021-09-05,Plumas,063,18699,1121,1067,19,1086,5
2021-09-05,Riverside,065,2383286,338544,332604,15426,348030,4654
2021-09-05,Sacramento,067,1510023,141903,141276,3249,144525,1905
2021-09-05,San Benito,069,59416,6799,6764,133,6897,64
2021-09-05,San Bernardino,071,2135413,332519,329062,10262,339324,5392
2021-09-05,San Diego,073,3302833,343605,339427,20142,359569,3914
2021-09-05,San Francisco,075,870044,48730,48035,2030,50065,589
2021-09-05,San Joaquin,077,732212,90283,89121,4674,93795,1548
2021-09-05,San Luis Obispo,079,281455,26664,26098,1011,27109,285
2021-09-05,San Mateo,081,765935,50617,49809,735,50544,561
2021-09-05,Santa Barbara,083,443738,40646,39762,1389,41151,489
2021-09-05,Santa Clara,085,1922200,137752,136146,1032,137178,1807
2021-09-05,Santa Cruz,087,273765,18884,18588,944,19532,210
2021-09-05,Shasta,089,179085,16688,15960,2504,18464,226
2021-09-05,Sierra,091,2930,128,109,13,122,0
2021-09-05,Siskiyou,093,43540,2726,2585,854,3439,34
2021-09-05,Solano,095,438530,42630,41687,1061,42748,300
2021-09-05,Sonoma,097,501317,38265,37881,455,38336,358
2021-09-05,Stanislaus,099,539301,69160,68434,7669,76103,1074
2021-09-05,Sutter,101,95872,12368,12179,182,12361,138
2021-09-05,Tehama,103,63373,6652,6400,1014,7414,74
2021-09-05,Trinity,105,12862,658,505,171,676,6
2021-09-05,Tulare,107,460477,58482,56915,11632,68547,874
2021-09-05,Tuolumne,109,53932,5830,5688,65,5753,88
2021-09-05,Ventura,111,848112,92540,91004,3957,94961,1093
2021-09-05,Yolo,113,214977,17827,17557,780,18337,235
2021-09-05,Yuba,115,75493,8727,8521,179,8700,55
2021-09-04,Alameda,001,1643700,111070,109944,2480,112424,1301
2021-09-04,Alpine,003,1148,94,94,0,94,0
2021-09-04,Amador,005,37829,4718,4637,43,4680,53
2021-09-04,Butte,007,227075,17019,16403,2954,19357,218
2021-09-04,Calaveras,009,45235,3170,3087,19,3106,63
2021-09-04,Colusa,011,21464,2336,2301,503,2804,16
2021-09-04,Contra Costa,013,1133247,91827,90623,1806,92429,891
2021-09-04,Del Norte,015,27424,3174,2984,19,3003,24
2021-09-04,El Dorado,017,186661,14110,13782,1356,15138,119
2021-09-04,Fresno,019,978130,121596,119033,10706,129739,1828
2021-09-04,Glenn,021,27897,2996,2878,846,3724,20
2021-09-04,Humboldt,023,135768,7475,7298,297,7595,52
2021-09-04,Imperial,025,180216,30775,30526,2873,33399,751
2021-09-04,Inyo,027,18085,1588,1571,17,1588,39
2021-09-04,Kern,029,883053,112207,109751,16068,125819,1408
2021-09-04,Kings,031,150075,27617,26896,1476,28372,263
2021-09-04,Lake,033,64148,5705,5507,92,5599,78
2021-09-04,Lassen,035,31185,5928,5814,188,6002,21
2021-09-04,Los Angeles,037,10098052,1370885,1355634,49714,1405348,25454
2021-09-04,Madera,039,155013,19704,19112,1475,20587,249
2021-09-04,Marin,041,260295,16493,16319,364,16683,242
2021-09-04,Mariposa,043,17540,796,759,27,786,5
2021-09-04,Mendocino,045,87422,6181,5933,235,6168,61
2021-09-04,Merced,047,269075,36667,36083,1389,37472,513
2021-09-04,Modoc,049,8938,455,447,157,604,5
2021-09-04,Mono,051,14174,1438,1417,17,1434,3
2021-09-04,Monterey,053,433212,46506,45756,2403,48159,540
2021-09-04,Napa,055,140530,11879,11760,72,11832,90
2021-09-04,Nevada,057,99092,7932,7691,257,7948,82
2021-09-04,Orange,059,3164182,291293,287244,13497,300741,5274
2021-09-04,Placer,061,380077,32216,31374,2895,34269,337
2021-09-04,Plumas,063,18699,1113,1067,19,1086,5
2021-09-04,Riverside,065,2383286,338074,331958,15414,347372,4654
2021-09-04,Sacramento,067,1510023,141609,140735,3241,143976,1896
2021-09-04,San Benito,069,59416,6790,6758,133,6891,64
2021-09-04,San Bernardino,071,2135413,332186,328425,10248,338673,5393
2021-09-04,San Diego,073,3302833,343170,338748,20120,358868,3914
2021-09-04,San Francisco,075,870044,48655,47937,2022,49959,589
2021-09-04,San Joaquin,077,732212,90168,88846,4666,93512,1548
2021-09-04,San Luis Obispo,079,281455,26632,26020,1011,27031,285
2021-09-04,San Mateo,081,765935,50563,49721,735,50456,560
2021-09-04,Santa Barbara,083,443738,40580,39667,1387,41054,489
2021-09-04,Santa Clara,085,1922200,137567,135845,1029,136874,1806
2021-09-04,Santa Cruz,087,273765,18866,18579,940,19519,210
2021-09-04,Shasta,089,179085,16611,15924,2478,18402,226
2021-09-04,Sierra,091,2930,126,108,13,121,0
2021-09-04,Siskiyou,093,43540,2700,2563,843,3406,34
2021-09-04,Solano,095,438530,42557,41614,1059,42673,300
2021-09-04,Sonoma,097,501317,38232,37809,455,38264,358
2021-09-04,Stanislaus,099,539301,69013,68210,7644,75854,1074
2021-09-04,Sutter,101,95872,12327,12137,181,12318,138
2021-09-04,Tehama,103,63373,6627,6367,996,7363,74
2021-09-04,Trinity,105,12862,656,497,171,668,6
2021-09-04,Tulare,107,460477,58374,56719,11589,68308,874
2021-09-04,Tuolumne,109,53932,5811,5667,63,5730,88
2021-09-04,Ventura,111,848112,92405,90904,3954,94858,1090
2021-09-04,Yolo,113,214977,17791,17522,776,18298,235
2021-09-04,Yuba,115,75493,8698,8475,178,8653,55
2021-09-03,Alameda,001,1643700,110910,109636,2478,112114,1301
2021-09-03,Alpine,003,1148,94,94,0,94,0
2021-09-03,Amador,005,37829,4696,4614,43,4657,53
2021-09-03,Butte,007,227075,16928,16259,2928,19187,215
2021-09-03,Calaveras,009,45235,3160,3069,19,3088,63
2021-09-03,Colusa,011,21464,2331,2295,502,2797,16
2021-09-03,Contra Costa,013,1133247,91675,90299,1803,92102,886
2021-09-03,Del Norte,015,27424,3146,2943,18,2961,24
2021-09-03,El Dorado,017,186661,14077,13710,1352,15062,119
2021-09-03,Fresno,019,978130,121260,118508,10684,129192,1822
2021-09-03,Glenn,021,27897,2987,2867,838,3705,20
2021-09-03,Humboldt,023,135768,7450,7194,292,7486,52
2021-09-03,Imperial,025,180216,30752,30475,2868,33343,751
2021-09-03,Inyo,027,18085,1583,1567,17,1584,39
2021-09-03,Kern,029,883053,111991,109296,15957,125253,1407
2021-09-03,Kings,031,150075,27533,26753,1473,28226,263
2021-09-03,Lake,033,64148,5685,5479,90,5569,78
2021-09-03,Lassen,035,31185,5911,5789,184,5973,21
2021-09-03,Los Angeles,037,10098052,1369555,1351185,49648,1400833,25384
2021-09-03,Madera,039,155013,19619,19021,1469,20490,247
2021-09-03,Marin,041,260295,16471,16293,363,16656,242
2021-09-03,Mariposa,043,17540,789,753,25,778,5
2021-09-03,Mendocino,045,87422,6146,5891,235,6126,61
2021-09-03,Merced,047,269075,36613,35941,1380,37321,512
2021-09-03,Modoc,049,8938,455,445,157,602,5
2021-09-03,Mono,051,14174,1437,1410,17,1427,3
2021-09-03,Monterey,053,433212,46468,45707,2399,48106,540
2021-09-03,Napa,055,140530,11858,11733,72,11805,89
2021-09-03,Nevada,057,99092,7898,7632,257,7889,82
2021-09-03,Orange,059,3164182,290975,286818,13470,300288,5253
2021-09-03,Placer,061,380077,32109,31238,2871,34109,335
2021-09-03,Plumas,063,18699,1102,1057,19,1076,5
2021-09-03,Riverside,065,2383286,337542,331011,15398,346409,4653
2021-09-03,Sacramento,067,1510023,141245,139982,3223,143205,1886
2021-09-03,San Benito,069,59416,6784,6746,133,6879,64
2021-09-03,San Bernardino,071,2135413,331769,327599,10238,337837,5381
2021-09-03,San Diego,073,3302833,342550,337627,20087,357714,3911
2021-09-03,San Francisco,075,870044,48579,47822,2016,49838,589
2021-09-03,San Joaquin,077,732212,90015,88366,4658,93024,1540
2021-09-03,San Luis Obispo,079,281455,26556,25917,1009,26926,283
2021-09-03,San Mateo,081,765935,50468,49617,733,50350,560
2021-09-03,Santa Barbara,083,443738,40513,39507,1384,40891,489
2021-09-03,Santa Clara,085,1922200,137365,135522,1025,136547,1801
2021-09-03,Santa Cruz,087,273765,18841,18532,940,19472,210
2021-09-03,Shasta,089,179085,16536,15778,2454,18232,226
2021-09-03,Sierra,091,2930,124,105,13,118,0
2021-09-03,Siskiyou,093,43540,2688,2529,830,3359,34
2021-09-03,Solano,095,438530,42461,41457,1056,42513,300
2021-09-03,Sonoma,097,501317,38169,37699,455,38154,358
2021-09-03,Stanislaus,099,539301,68837,67887,7618,75505,1074
2021-09-03,Sutter,101,95872,12288,12073,180,12253,139
2021-09-03,Tehama,103,63373,6588,6334,989,7323,72
2021-09-03,Trinity,105,12862,654,490,167,657,6
2021-09-03,Tulare,107,460477,58248,56401,11537,67938,872
2021-09-03,Tuolumne,109,53932,5769,5630,63,5693,88
2021-09-03,Ventura,111,848112,92271,90742,3950,94692,1088
2021-09-03,Yolo,113,214977,17768,17446,771,18217,235
2021-09-03,Yuba,115,75493,8667,8412,178,8590,55
2021-09-02,Alameda,001,1643700,110652,109377,2475,111852,1301
2021-09-02,Alpine,003,1148,93,92,0,92,0
2021-09-02,Amador,005,37829,4680,4606,43,4649,53
2021-09-02,Butte,007,227075,16802,16154,2909,19063,215
2021-09-02,Calaveras,009,45235,3147,3042,19,3061,62
2021-09-02,Colusa,011,21464,2327,2290,502,2792,16
2021-09-02,Contra Costa,013,1133247,91493,90038,1792,91830,886
2021-09-02,Del Norte,015,27424,3115,2891,18,2909,24
2021-09-02,El Dorado,017,186661,14018,13641,1327,14968,119
2021-09-02,Fresno,019,978130,120772,117974,10630,128604,1804
2021-09-02,Glenn,021,27897,2971,2855,832,3687,20
2021-09-02,Humboldt,023,135768,7403,7141,281,7422,52
2021-09-02,Imperial,025,180216,30708,30449,2863,33312,751
2021-09-02,Inyo,027,18085,1578,1564,16,1580,39
2021-09-02,Kern,029,883053,111578,108930,15813,124743,1404
2021-09-02,Kings,031,150075,27440,26638,1463,28101,263
2021-09-02,Lake,033,64148,5655,5432,86,5518,78
2021-09-02,Lassen,035,31185,5897,5747,177,5924,21
2021-09-02,Los Angeles,037,10098052,1367698,1351105,49556,1400661,25382
2021-09-02,Madera,039,155013,19528,18937,1451,20388,247
2021-09-02,Marin,041,260295,16458,16244,361,16605,242
2021-09-02,Mariposa,043,17540,782,745,22,767,5
2021-09-02,Mendocino,045,87422,6104,5848,232,6080,61
2021-09-02,Merced,047,269075,36450,35820,1373,37193,508
2021-09-02,Modoc,049,8938,455,437,157,594,5
2021-09-02,Mono,051,14174,1437,1409,17,1426,3
2021-09-02,Monterey,053,433212,46402,45648,2384,48032,539
2021-09-02,Napa,055,140530,11829,11684,72,11756,88
2021-09-02,Nevada,057,99092,7846,7575,256,7831,82
2021-09-02,Orange,059,3164182,290515,286326,13436,299762,5240
2021-09-02,Placer,061,380077,31971,31067,2842,33909,330
2021-09-02,Plumas,063,18699,1091,1045,18,1063,5
2021-09-02,Riverside,065,2383286,336827,330190,15374,345564,4644
2021-09-02,Sacramento,067,1510023,140664,139274,3184,142458,1882
2021-09-02,San Benito,069,59416,6779,6734,132,6866,64
2021-09-02,San Bernardino,071,2135413,331160,326940,10165,337105,5369
2021-09-02,San Diego,073,3302833,341592,336382,20034,356416,3909
2021-09-02,San Francisco,075,870044,48469,47674,2012,49686,587
2021-09-02,San Joaquin,077,732212,89731,88056,4634,92690,1540
2021-09-02,San Luis Obispo,079,281455,26470,25851,1004,26855,283
2021-09-02,San Mateo,081,765935,50367,49490,731,50221,558
2021-09-02,Santa Barbara,083,443738,40423,39386,1371,40757,486
2021-09-02,Santa Clara,085,1922200,137064,135216,1019,136235,1799
2021-09-02,Santa Cruz,087,273765,18807,18473,937,19410,210
2021-09-02,Shasta,089,179085,16398,15670,2425,18095,224
2021-09-02,Sierra,091,2930,124,105,13,118,0
2021-09-02,Siskiyou,093,43540,2667,2513,802,3315,34
2021-09-02,Solano,095,438530,42355,41293,1053,42346,294
2021-09-02,Sonoma,097,501317,38088,37558,455,38013,352
2021-09-02,Stanislaus,099,539301,68596,67576,7598,75174,1074
2021-09-02,Sutter,101,95872,12219,11995,176,12171,138
2021-09-02,Tehama,103,63373,6530,6265,970,7235,72
2021-09-02,Trinity,105,12862,650,484,165,649,6
2021-09-02,Tulare,107,460477,58018,56105,11485,67590,872
2021-09-02,Tuolumne,109,53932,5712,5578,63,5641,88
2021-09-02,Ventura,111,848112,92088,90610,3945,94555,1084
2021-09-02,Yolo,113,214977,17698,17357,760,18117,235
2021-09-02,Yuba,115,75493,8607,8363,178,8541,55
2021-09-01,Alameda,001,1643700,110384,109075,2470,111545,1299
2021-09-01,Alpine,003,1148,93,92,0,92,0
2021-09-01,Amador,005,37829,4664,4599,42,4641,53
2021-09-01,Butte,007,227075,16687,16046,2881,18927,215
2021-09-01,Calaveras,009,45235,3135,3023,19,3042,59
2021-09-01,Colusa,011,21464,2322,2281,501,2782,16
2021-09-01,Contra Costa,013,1133247,91258,89834,1785,91619,877
2021-09-01,Del Norte,015,27424,3082,2860,18,2878,24
2021-09-01,El Dorado,017,186661,13962,13577,1298,14875,119
2021-09-01,Fresno,019,978130,120281,117492,10560,128052,1800
2021-09-01,Glenn,021,27897,2946,2846,824,3670,20
2021-09-01,Humboldt,023,135768,7356,7090,274,7364,52
2021-09-01,Imperial,025,180216,30670,30393,2858,33251,750
2021-09-01,Inyo,027,18085,1574,1561,15,1576,39
2021-09-01,Kern,029,883053,111148,108449,15675,124124,1400
2021-09-01,Kings,031,150075,27327,26443,1452,27895,263
2021-09-01,Lake,033,64148,5614,5396,81,5477,77
2021-09-01,Lassen,035,31185,5875,5731,173,5904,21
2021-09-01,Los Angeles,037,10098052,1365431,1348589,49454,1398043,25341
2021-09-01,Madera,039,155013,19450,18852,1436,20288,247
2021-09-01,Marin,041,260295,16436,16224,356,16580,240
2021-09-01,Mariposa,043,17540,774,735,22,757,5
2021-09-01,Mendocino,045,87422,6061,5821,227,6048,59
2021-09-01,Merced,047,269075,36273,35686,1363,37049,500
2021-09-01,Modoc,049,8938,449,436,155,591,5
2021-09-01,Mono,051,14174,1437,1400,17,1417,3
2021-09-01,Monterey,053,433212,46322,45590,2369,47959,539
2021-09-01,Napa,055,140530,11796,11653,72,11725,88
2021-09-01,Nevada,057,99092,7793,7508,255,7763,82
2021-09-01,Orange,059,3164182,290041,285840,13399,299239,5233
2021-09-01,Placer,061,380077,31814,30902,2828,33730,330
2021-09-01,Plumas,063,18699,1083,1033,18,1051,5
2021-09-01,Riverside,065,2383286,336015,329388,15344,344732,4634
2021-09-01,Sacramento,067,1510023,140056,138499,3139,141638,1875
2021-09-01,San Benito,069,59416,6762,6716,132,6848,64
2021-09-01,San Bernardino,071,2135413,330514,326250,10136,336386,5364
2021-09-01,San Diego,073,3302833,340570,335302,19978,355280,3908
2021-09-01,San Francisco,075,870044,48361,47538,2005,49543,584
2021-09-01,San Joaquin,077,732212,89409,87640,4611,92251,1540
2021-09-01,San Luis Obispo,079,281455,26374,25691,999,26690,283
2021-09-01,San Mateo,081,765935,50247,49394,725,50119,558
2021-09-01,Santa Barbara,083,443738,40305,39263,1355,40618,483
2021-09-01,Santa Clara,085,1922200,136796,134855,1013,135868,1796
2021-09-01,Santa Cruz,087,273765,18760,18453,935,19388,210
2021-09-01,Shasta,089,179085,16266,15552,2385,17937,221
2021-09-01,Sierra,091,2930,123,98,13,111,0
2021-09-01,Siskiyou,093,43540,2637,2482,782,3264,34
2021-09-01,Solano,095,438530,42204,41194,1047,42241,293
2021-09-01,Sonoma,097,501317,37994,37454,454,37908,352
2021-09-01,Stanislaus,099,539301,68311,67287,7567,74854,1075
2021-09-01,Sutter,101,95872,12155,11945,169,12114,136
2021-09-01,Tehama,103,63373,6496,6228,953,7181,72
2021-09-01,Trinity,105,12862,649,482,162,644,5
2021-09-01,Tulare,107,460477,57735,55768,11448,67216,870
2021-09-01,Tuolumne,109,53932,5673,5553,63,5616,88
2021-09-01,Ventura,111,848112,91873,90471,3929,94400,1089
2021-09-01,Yolo,113,214977,17642,17264,754,18018,235
2021-09-01,Yuba,115,75493,8545,8308,178,8486,55
2021-08-31,Alameda,001,1643700,110091,108837,2464,111301,1297
2021-08-31,Alpine,003,1148,91,92,0,92,0
2021-08-31,Amador,005,37829,4643,4555,42,4597,53
2021-08-31,Butte,007,227075,16546,15896,2840,18736,216
2021-08-31,Calaveras,009,45235,3095,3008,19,3027,59
2021-08-31,Colusa,011,21464,2320,2275,499,2774,16
2021-08-31,Contra Costa,013,1133247,90963,89546,1773,91319,871
2021-08-31,Del Norte,015,27424,3046,2830,18,2848,19
2021-08-31,El Dorado,017,186661,13891,13539,1280,14819,119
2021-08-31,Fresno,019,978130,119705,117155,10481,127636,1801
2021-08-31,Glenn,021,27897,2930,2829,814,3643,20
2021-08-31,Humboldt,023,135768,7281,7030,261,7291,52
2021-08-31,Imperial,025,180216,30633,30348,2850,33198,750
2021-08-31,Inyo,027,18085,1570,1550,15,1565,39
2021-08-31,Kern,029,883053,110646,108151,15496,123647,1393
2021-08-31,Kings,031,150075,27186,26405,1438,27843,260
2021-08-31,Lake,033,64148,5570,5359,80,5439,74
2021-08-31,Lassen,035,31185,5849,5702,170,5872,21
2021-08-31,Los Angeles,037,10098052,1362839,1346686,49377,1396063,25303
2021-08-31,Madera,039,155013,19360,18811,1419,20230,247
2021-08-31,Marin,041,260295,16407,16215,353,16568,240
2021-08-31,Mariposa,043,17540,766,732,22,754,5
2021-08-31,Mendocino,045,87422,6019,5777,226,6003,59
2021-08-31,Merced,047,269075,36103,35512,1358,36870,498
2021-08-31,Modoc,049,8938,448,436,155,591,5
2021-08-31,Mono,051,14174,1425,1398,17,1415,3
2021-08-31,Monterey,053,433212,46238,45550,2356,47906,539
2021-08-31,Napa,055,140530,11748,11618,72,11690,88
2021-08-31,Nevada,057,99092,7727,7460,255,7715,82
2021-08-31,Orange,059,3164182,289442,285310,13367,298677,5229
2021-08-31,Placer,061,380077,31624,30745,2791,33536,325
2021-08-31,Plumas,063,18699,1079,1018,17,1035,5
2021-08-31,Riverside,065,2383286,335042,328556,15311,343867,4627
2021-08-31,Sacramento,067,1510023,139372,137879,3107,140986,1863
2021-08-31,San Benito,069,59416,6750,6694,130,6824,64
2021-08-31,San Bernardino,071,2135413,329765,325446,10116,335562,5350
2021-08-31,San Diego,073,3302833,339317,334377,19920,354297,3888
2021-08-31,San Francisco,075,870044,48211,47440,1994,49434,581
2021-08-31,San Joaquin,077,732212,88965,87365,4596,91961,1540
2021-08-31,San Luis Obispo,079,281455,26251,25518,995,26513,282
2021-08-31,San Mateo,081,765935,50135,49299,725,50024,556
2021-08-31,Santa Barbara,083,443738,40155,39091,1349,40440,481
2021-08-31,Santa Clara,085,1922200,136443,134637,1006,135643,1793
2021-08-31,Santa Cruz,087,273765,18722,18419,932,19351,210
2021-08-31,Shasta,089,179085,16114,15368,2358,17726,220
2021-08-31,Sierra,091,2930,120,95,13,108,0
2021-08-31,Siskiyou,093,43540,2617,2435,766,3201,33
2021-08-31,Solano,095,438530,42065,41067,1040,42107,289
2021-08-31,Sonoma,097,501317,37898,37379,453,37832,352
2021-08-31,Stanislaus,099,539301,67956,67004,7532,74536,1075
2021-08-31,Sutter,101,95872,12090,11901,165,12066,136
2021-08-31,Tehama,103,63373,6435,6169,922,7091,72
2021-08-31,Trinity,105,12862,643,480,162,642,3
2021-08-31,Tulare,107,460477,57401,55567,11378,66945,870
2021-08-31,Tuolumne,109,53932,5637,5516,63,5579,88
2021-08-31,Ventura,111,848112,91654,90292,3917,94209,1081
2021-08-31,Yolo,113,214977,17561,17205,747,17952,234
2021-08-31,Yuba,115,75493,8491,8253,178,8431,54
2021-08-30,Alameda,001,1643700,109774,107734,2453,110187,1296
2021-08-30,Alpine,003,1148,91,92,0,92,0
2021-08-30,Amador,005,37829,4632,4507,42,4549,53
2021-08-30,Butte,007,227075,16394,15719,2807,18526,214
2021-08-30,Calaveras,009,45235,3080,2975,19,2994,59
2021-08-30,Colusa,011,21464,2311,2271,496,2767,16
2021-08-30,Contra Costa,013,1133247,90703,87679,1763,89442,872
2021-08-30,Del Norte,015,27424,3004,2796,17,2813,11
2021-08-30,El Dorado,017,186661,13822,13217,1263,14480,119
2021-08-30,Fresno,019,978130,119134,115867,10408,126275,1790
2021-08-30,Glenn,021,27897,2919,2804,808,3612,20
2021-08-30,Humboldt,023,135768,7227,6930,255,7185,52
2021-08-30,Imperial,025,180216,30595,30311,2845,33156,750
2021-08-30,Inyo,027,18085,1565,1544,15,1559,39
2021-08-30,Kern,029,883053,110168,107615,15334,122949,1389
2021-08-30,Kings,031,150075,27069,26236,1423,27659,259
2021-08-30,Lake,033,64148,5535,5323,77,5400,74
2021-08-30,Lassen,035,31185,5827,5667,164,5831,21
2021-08-30,Los Angeles,037,10098052,1360377,1344949,49292,1394241,25269
2021-08-30,Madera,039,155013,19278,18622,1399,20021,247
2021-08-30,Marin,041,260295,16376,16160,353,16513,240
2021-08-30,Mariposa,043,17540,760,715,21,736,5
2021-08-30,Mendocino,045,87422,5985,5721,222,5943,55
2021-08-30,Merced,047,269075,35975,35335,1354,36689,497
2021-08-30,Modoc,049,8938,446,436,154,590,5
2021-08-30,Mono,051,14174,1424,1390,17,1407,3
2021-08-30,Monterey,053,433212,46176,45463,2339,47802,539
2021-08-30,Napa,055,140530,11699,11579,70,11649,87
2021-08-30,Nevada,057,99092,7668,7356,252,7608,82
2021-08-30,Orange,059,3164182,288861,284750,13318,298068,5223
2021-08-30,Placer,061,380077,31459,29825,2768,32593,319
2021-08-30,Plumas,063,18699,1062,998,17,1015,5
2021-08-30,Riverside,065,2383286,334151,327593,15280,342873,4623
2021-08-30,Sacramento,067,1510023,138714,134571,3061,137632,1847
2021-08-30,San Benito,069,59416,6741,6663,130,6793,64
2021-08-30,San Bernardino,071,2135413,329087,324870,10086,334956,5348
2021-08-30,San Diego,073,3302833,338046,333011,19840,352851,3885
2021-08-30,San Francisco,075,870044,48070,46966,1981,48947,581
2021-08-30,San Joaquin,077,732212,88634,86203,4575,90778,1528
2021-08-30,San Luis Obispo,079,281455,26126,25422,988,26410,280
2021-08-30,San Mateo,081,765935,50009,48839,719,49558,554
2021-08-30,Santa Barbara,083,443738,40003,38998,1344,40342,481
2021-08-30,Santa Clara,085,1922200,136122,133281,999,134280,1789
2021-08-30,Santa Cruz,087,273765,18668,18326,928,19254,210
2021-08-30,Shasta,089,179085,15985,15238,2319,17557,217
2021-08-30,Sierra,091,2930,118,91,13,104,0
2021-08-30,Siskiyou,093,43540,2604,2411,755,3166,33
2021-08-30,Solano,095,438530,41904,39986,1036,41022,290
2021-08-30,Sonoma,097,501317,37793,36764,453,37217,352
2021-08-30,Stanislaus,099,539301,67617,66173,7501,73674,1074
2021-08-30,Sutter,101,95872,12020,11791,158,11949,136
2021-08-30,Tehama,103,63373,6356,6085,898,6983,71
2021-08-30,Trinity,105,12862,632,468,159,627,3
2021-08-30,Tulare,107,460477,57089,55140,11303,66443,870
2021-08-30,Tuolumne,109,53932,5591,5492,63,5555,74
2021-08-30,Ventura,111,848112,91438,90149,3905,94054,1082
2021-08-30,Yolo,113,214977,17499,17071,743,17814,231
2021-08-30,Yuba,115,75493,8417,8129,177,8306,54
2021-08-29,Alameda,001,1643700,109442,107494,2442,109936,1296
2021-08-29,Alpine,003,1148,91,92,0,92,0
2021-08-29,Amador,005,37829,4618,4501,42,4543,53
2021-08-29,Butte,007,227075,16224,15602,2770,18372,214
2021-08-29,Calaveras,009,45235,3048,2970,19,2989,59
2021-08-29,Colusa,011,21464,2304,2260,490,2750,16
2021-08-29,Contra Costa,013,1133247,90406,87439,1758,89197,872
2021-08-29,Del Norte,015,27424,2961,2752,17,2769,11
2021-08-29,El Dorado,017,186661,13766,13166,1252,14418,119
2021-08-29,Fresno,019,978130,118537,115502,10337,125839,1790
2021-08-29,Glenn,021,27897,2901,2778,801,3579,20
2021-08-29,Humboldt,023,135768,7183,6922,240,7162,52
2021-08-29,Imperial,025,180216,30534,30293,2834,33127,750
2021-08-29,Inyo,027,18085,1555,1543,14,1557,39
2021-08-29,Kern,029,883053,109717,107324,15164,122488,1389
2021-08-29,Kings,031,150075,26915,26143,1409,27552,259
2021-08-29,Lake,033,64148,5495,5293,67,5360,74
2021-08-29,Lassen,035,31185,5804,5666,160,5826,21
2021-08-29,Los Angeles,037,10098052,1357630,1342541,49181,1391722,25263
2021-08-29,Madera,039,155013,19191,18594,1383,19977,247
2021-08-29,Marin,041,260295,16345,16134,351,16485,240
2021-08-29,Mariposa,043,17540,754,709,19,728,5
2021-08-29,Mendocino,045,87422,5927,5689,209,5898,55
2021-08-29,Merced,047,269075,35736,35250,1342,36592,497
2021-08-29,Modoc,049,8938,443,436,154,590,5
2021-08-29,Mono,051,14174,1417,1387,17,1404,3
2021-08-29,Monterey,053,433212,46071,45424,2316,47740,539
2021-08-29,Napa,055,140530,11668,11552,70,11622,87
2021-08-29,Nevada,057,99092,7611,7294,251,7545,82
2021-08-29,Orange,059,3164182,288233,284432,13276,297708,5223
2021-08-29,Placer,061,380077,31286,29674,2727,32401,319
2021-08-29,Plumas,063,18699,1051,996,17,1013,5
2021-08-29,Riverside,065,2383286,333293,326987,15259,342246,4623
2021-08-29,Sacramento,067,1510023,137961,133981,3012,136993,1843
2021-08-29,San Benito,069,59416,6716,6646,130,6776,64
2021-08-29,San Bernardino,071,2135413,328302,324266,10052,334318,5347
2021-08-29,San Diego,073,3302833,336940,332014,19745,351759,3880
2021-08-29,San Francisco,075,870044,47935,46885,1969,48854,581
2021-08-29,San Joaquin,077,732212,88186,85922,4555,90477,1528
2021-08-29,San Luis Obispo,079,281455,25928,25288,980,26268,280
2021-08-29,San Mateo,081,765935,49896,48737,714,49451,554
2021-08-29,Santa Barbara,083,443738,39837,38900,1340,40240,481
2021-08-29,Santa Clara,085,1922200,135769,132979,993,133972,1789
2021-08-29,Santa Cruz,087,273765,18621,18285,926,19211,210
2021-08-29,Shasta,089,179085,15831,15198,2292,17490,217
2021-08-29,Sierra,091,2930,116,91,13,104,0
2021-08-29,Siskiyou,093,43540,2557,2407,735,3142,33
2021-08-29,Solano,095,438530,41750,39887,1029,40916,290
2021-08-29,Sonoma,097,501317,37658,36650,449,37099,352
2021-08-29,Stanislaus,099,539301,67272,65956,7465,73421,1074
2021-08-29,Sutter,101,95872,11961,11719,151,11870,136
2021-08-29,Tehama,103,63373,6285,6040,875,6915,71
2021-08-29,Trinity,105,12862,629,468,156,624,3
2021-08-29,Tulare,107,460477,56756,54974,11219,66193,870
2021-08-29,Tuolumne,109,53932,5565,5478,62,5540,74
2021-08-29,Ventura,111,848112,91180,90114,3896,94010,1082
2021-08-29,Yolo,113,214977,17399,17015,730,17745,231
2021-08-29,Yuba,115,75493,8353,8042,177,8219,54
2021-08-28,Alameda,001,1643700,109279,107007,2433,109440,1296
2021-08-28,Alpine,003,1148,91,92,0,92,0
2021-08-28,Amador,005,37829,4599,4484,41,4525,53
2021-08-28,Butte,007,227075,16164,15487,2742,18229,214
2021-08-28,Calaveras,009,45235,3038,2926,19,2945,59
2021-08-28,Colusa,011,21464,2300,2252,488,2740,16
2021-08-28,Contra Costa,013,1133247,90195,86938,1755,88693,872
2021-08-28,Del Norte,015,27424,2934,2734,16,2750,11
2021-08-28,El Dorado,017,186661,13727,13089,1246,14335,119
2021-08-28,Fresno,019,978130,118296,115079,10306,125385,1792
2021-08-28,Glenn,021,27897,2892,2773,794,3567,20
2021-08-28,Humboldt,023,135768,7148,6887,235,7122,52
2021-08-28,Imperial,025,180216,30507,30260,2831,33091,750
2021-08-28,Inyo,027,18085,1553,1539,14,1553,39
2021-08-28,Kern,029,883053,109479,107012,15024,122036,1389
2021-08-28,Kings,031,150075,26848,26059,1406,27465,257
2021-08-28,Lake,033,64148,5472,5267,63,5330,74
2021-08-28,Lassen,035,31185,5789,5665,159,5824,21
2021-08-28,Los Angeles,037,10098052,1356415,1337097,49110,1386207,25234
2021-08-28,Madera,039,155013,19140,18553,1369,19922,247
2021-08-28,Marin,041,260295,16330,16106,351,16457,240
2021-08-28,Mariposa,043,17540,752,704,19,723,5
2021-08-28,Mendocino,045,87422,5902,5658,209,5867,55
2021-08-28,Merced,047,269075,35684,35108,1339,36447,497
2021-08-28,Modoc,049,8938,443,436,153,589,5
2021-08-28,Mono,051,14174,1414,1385,17,1402,3
2021-08-28,Monterey,053,433212,46029,45394,2311,47705,539
2021-08-28,Napa,055,140530,11645,11512,69,11581,88
2021-08-28,Nevada,057,99092,7587,7238,249,7487,82
2021-08-28,Orange,059,3164182,287876,283953,13228,297181,5222
2021-08-28,Placer,061,380077,31177,29428,2714,32142,319
2021-08-28,Plumas,063,18699,1044,991,17,1008,5
2021-08-28,Riverside,065,2383286,332705,326222,15249,341471,4623
2021-08-28,Sacramento,067,1510023,137570,132985,2995,135980,1844
2021-08-28,San Benito,069,59416,6709,6636,130,6766,64
2021-08-28,San Bernardino,071,2135413,327854,323672,10044,333716,5348
2021-08-28,San Diego,073,3302833,336356,331330,19709,351039,3880
2021-08-28,San Francisco,075,870044,47863,46654,1962,48616,581
2021-08-28,San Joaquin,077,732212,88016,85481,4546,90027,1527
2021-08-28,San Luis Obispo,079,281455,25861,25138,975,26113,280
2021-08-28,San Mateo,081,765935,49822,48575,710,49285,554
2021-08-28,Santa Barbara,083,443738,39766,38780,1340,40120,481
2021-08-28,Santa Clara,085,1922200,135564,132488,991,133479,1789
2021-08-28,Santa Cruz,087,273765,18603,18240,923,19163,210
2021-08-28,Shasta,089,179085,15728,15147,2274,17421,217
2021-08-28,Sierra,091,2930,112,91,13,104,0
2021-08-28,Siskiyou,093,43540,2549,2402,724,3126,33
2021-08-28,Solano,095,438530,41701,39610,1028,40638,290
2021-08-28,Sonoma,097,501317,37585,36466,447,36913,352
2021-08-28,Stanislaus,099,539301,67114,65670,7448,73118,1074
2021-08-28,Sutter,101,95872,11940,11669,150,11819,136
2021-08-28,Tehama,103,63373,6259,6004,864,6868,71
2021-08-28,Trinity,105,12862,625,463,155,618,3
2021-08-28,Tulare,107,460477,56626,54746,11177,65923,870
2021-08-28,Tuolumne,109,53932,5549,5469,62,5531,74
2021-08-28,Ventura,111,848112,91062,89934,3894,93828,1081
2021-08-28,Yolo,113,214977,17364,16907,723,17630,231
2021-08-28,Yuba,115,75493,8322,7985,176,8161,55
2021-08-27,Alameda,001,1643700,109068,106622,2431,109053,1296
2021-08-27,Alpine,003,1148,91,92,0,92,0
2021-08-27,Amador,005,37829,4583,4458,40,4498,53
2021-08-27,Butte,007,227075,16084,15277,2720,17997,214
2021-08-27,Calaveras,009,45235,3024,2903,19,2922,59
2021-08-27,Colusa,011,21464,2294,2240,486,2726,16
2021-08-27,Contra Costa,013,1133247,89997,86386,1752,88138,872
2021-08-27,Del Norte,015,27424,2902,2695,16,2711,11
2021-08-27,El Dorado,017,186661,13688,12968,1242,14210,119
2021-08-27,Fresno,019,978130,117861,114481,10284,124765,1774
2021-08-27,Glenn,021,27897,2874,2754,785,3539,20
2021-08-27,Humboldt,023,135768,7115,6782,232,7014,52
2021-08-27,Imperial,025,180216,30487,30201,2829,33030,750
2021-08-27,Inyo,027,18085,1552,1529,14,1543,39
2021-08-27,Kern,029,883053,109185,106570,14914,121484,1385
2021-08-27,Kings,031,150075,26769,25957,1404,27361,257
2021-08-27,Lake,033,64148,5447,5228,62,5290,74
2021-08-27,Lassen,035,31185,5773,5646,154,5800,21
2021-08-27,Los Angeles,037,10098052,1354886,1337006,49049,1386055,25230
2021-08-27,Madera,039,155013,19084,18476,1356,19832,247
2021-08-27,Marin,041,260295,16314,16055,349,16404,240
2021-08-27,Mariposa,043,17540,746,690,19,709,5
2021-08-27,Mendocino,045,87422,5871,5602,208,5810,55
2021-08-27,Merced,047,269075,35630,34906,1331,36237,495
2021-08-27,Modoc,049,8938,443,434,153,587,5
2021-08-27,Mono,051,14174,1409,1385,17,1402,3
2021-08-27,Monterey,053,433212,45980,45337,2303,47640,539
2021-08-27,Napa,055,140530,11611,11460,69,11529,87
2021-08-27,Nevada,057,99092,7547,7169,247,7416,82
2021-08-27,Orange,059,3164182,287516,283407,13189,296596,5206
2021-08-27,Placer,061,380077,31047,29157,2695,31852,320
2021-08-27,Plumas,063,18699,1038,984,17,1001,5
2021-08-27,Riverside,065,2383286,332187,325379,15234,340613,4622
2021-08-27,Sacramento,067,1510023,137135,131921,2982,134903,1838
2021-08-27,San Benito,069,59416,6703,6622,130,6752,64
2021-08-27,San Bernardino,071,2135413,327328,322893,10026,332919,5342
2021-08-27,San Diego,073,3302833,335575,330162,19655,349817,3877
2021-08-27,San Francisco,075,870044,47787,46456,1944,48400,581
2021-08-27,San Joaquin,077,732212,87833,84949,4527,89476,1524
2021-08-27,San Luis Obispo,079,281455,25812,24952,972,25924,280
2021-08-27,San Mateo,081,765935,49747,48424,706,49130,553
2021-08-27,Santa Barbara,083,443738,39674,38675,1338,40013,480
2021-08-27,Santa Clara,085,1922200,135334,132011,988,132999,1783
2021-08-27,Santa Cruz,087,273765,18563,18163,919,19082,210
2021-08-27,Shasta,089,179085,15649,14996,2258,17254,217
2021-08-27,Sierra,091,2930,111,91,13,104,0
2021-08-27,Siskiyou,093,43540,2534,2358,710,3068,33
2021-08-27,Solano,095,438530,41587,39347,1024,40371,287
2021-08-27,Sonoma,097,501317,37514,36326,446,36772,342
2021-08-27,Stanislaus,099,539301,66905,65167,7411,72578,1061
2021-08-27,Sutter,101,95872,11894,11590,148,11738,135
2021-08-27,Tehama,103,63373,6227,5964,849,6813,71
2021-08-27,Trinity,105,12862,625,458,154,612,3
2021-08-27,Tulare,107,460477,56490,54443,11132,65575,870
2021-08-27,Tuolumne,109,53932,5517,5438,62,5500,74
2021-08-27,Ventura,111,848112,90933,89774,3890,93664,1076
2021-08-27,Yolo,113,214977,17322,16805,718,17523,231
2021-08-27,Yuba,115,75493,8265,7926,176,8102,54
2021-08-26,Alameda,001,1643700,108800,106146,2423,108569,1296
2021-08-26,Alpine,003,1148,91,92,0,92,0
2021-08-26,Amador,005,37829,4568,4442,39,4481,53
2021-08-26,Butte,007,227075,15950,15159,2680,17839,214
2021-08-26,Calaveras,009,45235,3013,2873,19,2892,59
2021-08-26,Colusa,011,21464,2287,2234,482,2716,16
2021-08-26,Contra Costa,013,1133247,89637,85808,1746,87554,866
2021-08-26,Del Norte,015,27424,2866,2625,16,2641,8
2021-08-26,El Dorado,017,186661,13619,12863,1228,14091,118
2021-08-26,Fresno,019,978130,117360,113854,10230,124084,1770
2021-08-26,Glenn,021,27897,2856,2740,776,3516,20
2021-08-26,Humboldt,023,135768,7057,6695,222,6917,53
2021-08-26,Imperial,025,180216,30438,30121,2822,32943,748
2021-08-26,Inyo,027,18085,1542,1521,13,1534,39
2021-08-26,Kern,029,883053,108757,106051,14772,120823,1380
2021-08-26,Kings,031,150075,26646,25838,1396,27234,260
2021-08-26,Lake,033,64148,5401,5196,59,5255,74
2021-08-26,Lassen,035,31185,5761,5626,152,5778,21
2021-08-26,Los Angeles,037,10098052,1352609,1334372,48956,1383328,25199
2021-08-26,Madera,039,155013,19014,18393,1343,19736,247
2021-08-26,Marin,041,260295,16285,15983,346,16329,240
2021-08-26,Mariposa,043,17540,736,677,19,696,5
2021-08-26,Mendocino,045,87422,5833,5533,203,5736,55
2021-08-26,Merced,047,269075,35463,34755,1310,36065,495
2021-08-26,Modoc,049,8938,443,433,153,586,5
2021-08-26,Mono,051,14174,1405,1385,17,1402,3
2021-08-26,Monterey,053,433212,45907,45265,2292,47557,539
2021-08-26,Napa,055,140530,11588,11394,68,11462,87
2021-08-26,Nevada,057,99092,7489,7086,244,7330,80
2021-08-26,Orange,059,3164182,287024,282814,13165,295979,5200
2021-08-26,Placer,061,380077,30877,28898,2669,31567,319
2021-08-26,Plumas,063,18699,1031,971,16,987,5
2021-08-26,Riverside,065,2383286,331395,324486,15214,339700,4615
2021-08-26,Sacramento,067,1510023,136601,130977,2941,133918,1827
2021-08-26,San Benito,069,59416,6693,6604,130,6734,64
2021-08-26,San Bernardino,071,2135413,326670,322100,10001,332101,5339
2021-08-26,San Diego,073,3302833,334548,328276,19589,347865,3869
2021-08-26,San Francisco,075,870044,47661,46288,1938,48226,581
2021-08-26,San Joaquin,077,732212,87455,84429,4506,88935,1513
2021-08-26,San Luis Obispo,079,281455,25662,24831,965,25796,278
2021-08-26,San Mateo,081,765935,49618,48263,704,48967,553
2021-08-26,Santa Barbara,083,443738,39589,38566,1337,39903,479
2021-08-26,Santa Clara,085,1922200,135009,131443,984,132427,1782
2021-08-26,Santa Cruz,087,273765,18503,18072,917,18989,210
2021-08-26,Shasta,089,179085,15527,14891,2230,17121,217
2021-08-26,Sierra,091,2930,109,90,13,103,0
2021-08-26,Siskiyou,093,43540,2512,2342,697,3039,33
2021-08-26,Solano,095,438530,41438,39027,1015,40042,286
2021-08-26,Sonoma,097,501317,37425,36102,446,36548,337
2021-08-26,Stanislaus,099,539301,66605,64785,7370,72155,1061
2021-08-26,Sutter,101,95872,11834,11499,145,11644,135
2021-08-26,Tehama,103,63373,6169,5913,836,6749,68
2021-08-26,Trinity,105,12862,620,450,152,602,3
2021-08-26,Tulare,107,460477,56233,54157,11086,65243,870
2021-08-26,Tuolumne,109,53932,5497,5387,62,5449,74
2021-08-26,Ventura,111,848112,90747,89595,3881,93476,1080
2021-08-26,Yolo,113,214977,17257,16727,708,17435,231
2021-08-26,Yuba,115,75493,8192,7834,174,8008,54
2021-08-25,Alameda,001,1643700,108485,105636,2416,108052,1296
2021-08-25,Alpine,003,1148,91,92,0,92,0
2021-08-25,Amador,005,37829,4553,4415,39,4454,53
2021-08-25,Butte,007,227075,15842,15039,2637,17676,214
2021-08-25,Calaveras,009,45235,2994,2851,19,2870,59
2021-08-25,Colusa,011,21464,2280,2227,473,2700,16
2021-08-25,Contra Costa,013,1133247,89249,85322,1740,87062,863
2021-08-25,Del Norte,015,27424,2821,2573,16,2589,8
2021-08-25,El Dorado,017,186661,13559,12787,1213,14000,118
2021-08-25,Fresno,019,978130,116820,113384,10188,123572,1761
2021-08-25,Glenn,021,27897,2838,2728,761,3489,20
2021-08-25,Humboldt,023,135768,6988,6653,213,6866,52
2021-08-25,Imperial,025,180216,30401,30085,2816,32901,748
2021-08-25,Inyo,027,18085,1538,1518,13,1531,39
2021-08-25,Kern,029,883053,108326,105687,14617,120304,1379
2021-08-25,Kings,031,150075,26539,25676,1390,27066,258
2021-08-25,Lake,033,64148,5371,5163,56,5219,74
2021-08-25,Lassen,035,31185,5744,5583,151,5734,21
2021-08-25,Los Angeles,037,10098052,1350010,1331400,48858,1380258,25170
2021-08-25,Madera,039,155013,18950,18311,1321,19632,247
2021-08-25,Marin,041,260295,16263,15938,340,16278,240
2021-08-25,Mariposa,043,17540,730,676,19,695,5
2021-08-25,Mendocino,045,87422,5799,5486,197,5683,53
2021-08-25,Merced,047,269075,35331,34600,1297,35897,492
2021-08-25,Modoc,049,8938,443,433,153,586,5
2021-08-25,Mono,051,14174,1401,1382,17,1399,3
2021-08-25,Monterey,053,433212,45833,45196,2277,47473,539
2021-08-25,Napa,055,140530,11555,11348,67,11415,87
2021-08-25,Nevada,057,99092,7423,7000,243,7243,77
2021-08-25,Orange,059,3164182,286498,282061,13131,295192,5193
2021-08-25,Placer,061,380077,30701,28740,2637,31377,319
2021-08-25,Plumas,063,18699,1016,962,16,978,5
2021-08-25,Riverside,065,2383286,330550,323548,15192,338740,4610
2021-08-25,Sacramento,067,1510023,135918,130046,2903,132949,1827
2021-08-25,San Benito,069,59416,6672,6587,129,6716,64
2021-08-25,San Bernardino,071,2135413,325977,321228,9980,331208,5337
2021-08-25,San Diego,073,3302833,333280,327166,19504,346670,3859
2021-08-25,San Francisco,075,870044,47511,46107,1933,48040,578
2021-08-25,San Joaquin,077,732212,87070,84002,4489,88491,1510
2021-08-25,San Luis Obispo,079,281455,25470,24607,961,25568,276
2021-08-25,San Mateo,081,765935,49496,48153,701,48854,553
2021-08-25,Santa Barbara,083,443738,39460,38450,1337,39787,479
2021-08-25,Santa Clara,085,1922200,134641,130995,982,131977,1783
2021-08-25,Santa Cruz,087,273765,18443,17987,914,18901,210
2021-08-25,Shasta,089,179085,15401,14752,2198,16950,217
2021-08-25,Sierra,091,2930,106,90,13,103,0
2021-08-25,Siskiyou,093,43540,2467,2322,679,3001,33
2021-08-25,Solano,095,438530,41266,38848,1003,39851,286
2021-08-25,Sonoma,097,501317,37301,35986,443,36429,336
2021-08-25,Stanislaus,099,539301,66323,64441,7338,71779,1061
2021-08-25,Sutter,101,95872,11766,11451,141,11592,134
2021-08-25,Tehama,103,63373,6110,5861,819,6680,68
2021-08-25,Trinity,105,12862,614,450,151,601,3
2021-08-25,Tulare,107,460477,55949,53877,11016,64893,866
2021-08-25,Tuolumne,109,53932,5471,5354,62,5416,74
2021-08-25,Ventura,111,848112,90563,89379,3867,93246,1068
2021-08-25,Yolo,113,214977,17192,16667,698,17365,231
2021-08-25,Yuba,115,75493,8126,7771,173,7944,54
2021-08-24,Alameda,001,1643700,108177,105319,2404,107723,1296
2021-08-24,Alpine,003,1148,91,92,0,92,0
2021-08-24,Amador,005,37829,4534,4380,39,4419,50
2021-08-24,Butte,007,227075,15688,14964,2604,17568,214
2021-08-24,Calaveras,009,45235,2955,2811,19,2830,59
2021-08-24,Colusa,011,21464,2272,2221,468,2689,16
2021-08-24,Contra Costa,013,1133247,88885,84963,1735,86698,857
2021-08-24,Del Norte,015,27424,2794,2543,16,2559,8
2021-08-24,El Dorado,017,186661,13482,12732,1198,13930,118
2021-08-24,Fresno,019,978130,116212,113024,10125,123149,1761
2021-08-24,Glenn,021,27897,2823,2717,754,3471,20
2021-08-24,Humboldt,023,135768,6925,6585,200,6785,52
2021-08-24,Imperial,025,180216,30340,30045,2811,32856,748
2021-08-24,Inyo,027,18085,1533,1512,13,1525,39
2021-08-24,Kern,029,883053,107862,105399,14453,119852,1375
2021-08-24,Kings,031,150075,26418,25629,1375,27004,258
2021-08-24,Lake,033,64148,5336,5135,56,5191,72
2021-08-24,Lassen,035,31185,5728,5576,149,5725,21
2021-08-24,Los Angeles,037,10098052,1347144,1328777,48752,1377529,25135
2021-08-24,Madera,039,155013,18874,18251,1304,19555,247
2021-08-24,Marin,041,260295,16227,15900,336,16236,240
2021-08-24,Mariposa,043,17540,723,670,19,689,5
2021-08-24,Mendocino,045,87422,5756,5416,190,5606,52
2021-08-24,Merced,047,269075,35163,34490,1286,35776,491
2021-08-24,Modoc,049,8938,443,432,153,585,5
2021-08-24,Mono,051,14174,1399,1382,17,1399,3
2021-08-24,Monterey,053,433212,45767,45126,2260,47386,539
2021-08-24,Napa,055,140530,11523,11299,66,11365,85
2021-08-24,Nevada,057,99092,7353,6981,241,7222,77
2021-08-24,Orange,059,3164182,285898,281461,13107,294568,5187
2021-08-24,Placer,061,380077,30496,28618,2598,31216,318
2021-08-24,Plumas,063,18699,1006,953,16,969,5
2021-08-24,Riverside,065,2383286,329677,322620,15163,337783,4605
2021-08-24,Sacramento,067,1510023,135235,129542,2857,132399,1812
2021-08-24,San Benito,069,59416,6659,6576,129,6705,64
2021-08-24,San Bernardino,071,2135413,325222,320300,9950,330250,5328
2021-08-24,San Diego,073,3302833,331837,325823,19395,345218,3851
2021-08-24,San Francisco,075,870044,47336,46010,1923,47933,574
2021-08-24,San Joaquin,077,732212,86630,83684,4452,88136,1508
2021-08-24,San Luis Obispo,079,281455,25293,24443,950,25393,274
2021-08-24,San Mateo,081,765935,49347,48050,699,48749,553
2021-08-24,Santa Barbara,083,443738,39329,38307,1336,39643,478
2021-08-24,Santa Clara,085,1922200,134217,130763,978,131741,1779
2021-08-24,Santa Cruz,087,273765,18368,17928,908,18836,209
2021-08-24,Shasta,089,179085,15293,14664,2167,16831,217
2021-08-24,Sierra,091,2930,103,90,13,103,0
2021-08-24,Siskiyou,093,43540,2445,2294,664,2958,33
2021-08-24,Solano,095,438530,41057,38724,991,39715,283
2021-08-24,Sonoma,097,501317,37173,35849,441,36290,336
2021-08-24,Stanislaus,099,539301,65994,64195,7284,71479,1058
2021-08-24,Sutter,101,95872,11699,11384,138,11522,134
2021-08-24,Tehama,103,63373,6064,5826,805,6631,67
2021-08-24,Trinity,105,12862,603,446,143,589,3
2021-08-24,Tulare,107,460477,55598,53702,10926,64628,856
2021-08-24,Tuolumne,109,53932,5440,5287,62,5349,74
2021-08-24,Ventura,111,848112,90379,89167,3856,93023,1068
2021-08-24,Yolo,113,214977,17114,16492,685,17177,231
2021-08-24,Yuba,115,75493,8043,7723,171,7894,54
2021-08-23,Alameda,001,1643700,107769,104922,2391,107313,1294
2021-08-23,Alpine,003,1148,91,91,0,91,0
2021-08-23,Amador,005,37829,4520,4369,39,4408,50
2021-08-23,Butte,007,227075,15542,14847,2566,17413,211
2021-08-23,Calaveras,009,45235,2928,2803,19,2822,59
2021-08-23,Colusa,011,21464,2268,2206,465,2671,16
2021-08-23,Contra Costa,013,1133247,88507,84651,1728,86379,857
2021-08-23,Del Norte,015,27424,2748,2499,16,2515,8
2021-08-23,El Dorado,017,186661,13379,12684,1176,13860,118
2021-08-23,Fresno,019,978130,115651,112445,10075,122520,1759
2021-08-23,Glenn,021,27897,2807,2696,744,3440,20
2021-08-23,Humboldt,023,135768,6852,6498,186,6684,52
2021-08-23,Imperial,025,180216,30289,30011,2808,32819,748
2021-08-23,Inyo,027,18085,1526,1509,13,1522,39
2021-08-23,Kern,029,883053,107407,104995,14299,119294,1375
2021-08-23,Kings,031,150075,26287,25465,1369,26834,257
2021-08-23,Lake,033,64148,5296,5099,54,5153,69
2021-08-23,Lassen,035,31185,5716,5562,149,5711,21
2021-08-23,Los Angeles,037,10098052,1344173,1326412,48622,1375034,25096
2021-08-23,Madera,039,155013,18788,18155,1289,19444,246
2021-08-23,Marin,041,260295,16179,15856,332,16188,240
2021-08-23,Mariposa,043,17540,712,645,19,664,5
2021-08-23,Mendocino,045,87422,5689,5374,183,5557,51
2021-08-23,Merced,047,269075,34981,34322,1281,35603,488
2021-08-23,Modoc,049,8938,440,431,152,583,6
2021-08-23,Mono,051,14174,1395,1384,17,1401,3
2021-08-23,Monterey,053,433212,45667,45047,2250,47297,538
2021-08-23,Napa,055,140530,11485,11257,66,11323,85
2021-08-23,Nevada,057,99092,7272,6930,239,7169,77
2021-08-23,Orange,059,3164182,285264,280891,13073,293964,5181
2021-08-23,Placer,061,380077,30295,28540,2560,31100,314
2021-08-23,Plumas,063,18699,998,934,16,950,5
2021-08-23,Riverside,065,2383286,328759,321650,15137,336787,4598
2021-08-23,Sacramento,067,1510023,134447,128969,2790,131759,1807
2021-08-23,San Benito,069,59416,6641,6562,127,6689,64
2021-08-23,San Bernardino,071,2135413,324417,319577,9911,329488,5324
2021-08-23,San Diego,073,3302833,330404,324536,19272,343808,3848
2021-08-23,San Francisco,075,870044,47180,45945,1914,47859,573
2021-08-23,San Joaquin,077,732212,86197,83466,4419,87885,1499
2021-08-23,San Luis Obispo,079,281455,25110,24317,948,25265,274
2021-08-23,San Mateo,081,765935,49209,47935,696,48631,553
2021-08-23,Santa Barbara,083,443738,39150,38181,1334,39515,478
2021-08-23,Santa Clara,085,1922200,133817,130489,974,131463,1778
2021-08-23,Santa Cruz,087,273765,18311,17871,907,18778,209
2021-08-23,Shasta,089,179085,15166,14537,2129,16666,216
2021-08-23,Sierra,091,2930,103,90,13,103,0
2021-08-23,Siskiyou,093,43540,2424,2274,643,2917,33
2021-08-23,Solano,095,438530,40903,38612,982,39594,283
2021-08-23,Sonoma,097,501317,37052,35769,440,36209,336
2021-08-23,Stanislaus,099,539301,65660,63922,7245,71167,1058
2021-08-23,Sutter,101,95872,11611,11314,130,11444,133
2021-08-23,Tehama,103,63373,6010,5805,789,6594,67
2021-08-23,Trinity,105,12862,600,435,140,575,3
2021-08-23,Tulare,107,460477,55291,53370,10854,64224,856
2021-08-23,Tuolumne,109,53932,5398,5240,62,5302,73
2021-08-23,Ventura,111,848112,90161,88960,3844,92804,1063
2021-08-23,Yolo,113,214977,17025,16445,671,17116,226
2021-08-23,Yuba,115,75493,7972,7653,169,7822,54
2021-08-22,Alameda,001,1643700,107325,104539,2364,106903,1294
2021-08-22,Alpine,003,1148,91,91,0,91,0
2021-08-22,Amador,005,37829,4490,4349,39,4388,50
2021-08-22,Butte,007,227075,15402,14791,2532,17323,211
2021-08-22,Calaveras,009,45235,2890,2771,19,2790,59
2021-08-22,Colusa,011,21464,2261,2201,459,2660,16
2021-08-22,Contra Costa,013,1133247,87964,84371,1715,86086,857
2021-08-22,Del Norte,015,27424,2688,2455,16,2471,8
2021-08-22,El Dorado,017,186661,13275,12629,1156,13785,118
2021-08-22,Fresno,019,978130,115053,112057,10007,122064,1759
2021-08-22,Glenn,021,27897,2780,2678,731,3409,20
2021-08-22,Humboldt,023,135768,6774,6483,168,6651,52
2021-08-22,Imperial,025,180216,30231,29993,2803,32796,748
2021-08-22,Inyo,027,18085,1520,1505,13,1518,39
2021-08-22,Kern,029,883053,106881,104691,14147,118838,1375
2021-08-22,Kings,031,150075,26129,25391,1352,26743,257
2021-08-22,Lake,033,64148,5251,5069,51,5120,69
2021-08-22,Lassen,035,31185,5684,5556,145,5701,21
2021-08-22,Los Angeles,037,10098052,1340850,1324151,48492,1372643,25089
2021-08-22,Madera,039,155013,18669,18120,1275,19395,246
2021-08-22,Marin,041,260295,16127,15822,324,16146,240
2021-08-22,Mariposa,043,17540,702,638,17,655,5
2021-08-22,Mendocino,045,87422,5630,5336,183,5519,51
2021-08-22,Merced,047,269075,34778,34234,1268,35502,488
2021-08-22,Modoc,049,8938,438,431,152,583,6
2021-08-22,Mono,051,14174,1393,1378,17,1395,3
2021-08-22,Monterey,053,433212,45567,45017,2236,47253,538
2021-08-22,Napa,055,140530,11440,11231,66,11297,85
2021-08-22,Nevada,057,99092,7198,6864,237,7101,77
2021-08-22,Orange,059,3164182,284570,280390,13029,293419,5181
2021-08-22,Placer,061,380077,30089,28395,2524,30919,314
2021-08-22,Plumas,063,18699,980,923,15,938,5
2021-08-22,Riverside,065,2383286,327738,320836,15090,335926,4594
2021-08-22,Sacramento,067,1510023,133671,128231,2750,130981,1802
2021-08-22,San Benito,069,59416,6625,6550,127,6677,64
2021-08-22,San Bernardino,071,2135413,323450,318839,9876,328715,5324
2021-08-22,San Diego,073,3302833,329082,323591,19166,342757,3848
2021-08-22,San Francisco,075,870044,47014,45831,1905,47736,573
2021-08-22,San Joaquin,077,732212,85739,83121,4384,87505,1498
2021-08-22,San Luis Obispo,079,281455,24904,24250,941,25191,274
2021-08-22,San Mateo,081,765935,49033,47821,691,48512,553
2021-08-22,Santa Barbara,083,443738,38969,38099,1326,39425,478
2021-08-22,Santa Clara,085,1922200,133400,130189,967,131156,1778
2021-08-22,Santa Cruz,087,273765,18253,17823,902,18725,209
2021-08-22,Shasta,089,179085,15029,14478,2093,16571,216
2021-08-22,Sierra,091,2930,103,87,13,100,0
2021-08-22,Siskiyou,093,43540,2395,2261,625,2886,33
2021-08-22,Solano,095,438530,40705,38489,969,39458,283
2021-08-22,Sonoma,097,501317,36895,35676,438,36114,336
2021-08-22,Stanislaus,099,539301,65307,63683,7155,70838,1058
2021-08-22,Sutter,101,95872,11529,11251,126,11377,133
2021-08-22,Tehama,103,63373,5964,5791,770,6561,67
2021-08-22,Trinity,105,12862,593,433,138,571,3
2021-08-22,Tulare,107,460477,54973,53220,10771,63991,856
2021-08-22,Tuolumne,109,53932,5355,5214,62,5276,73
2021-08-22,Ventura,111,848112,89952,88791,3827,92618,1063
2021-08-22,Yolo,113,214977,16922,16374,664,17038,226
2021-08-22,Yuba,115,75493,7899,7626,168,7794,54
2021-08-21,Alameda,001,1643700,107124,104281,2358,106639,1294
2021-08-21,Alpine,003,1148,91,91,0,91,0
2021-08-21,Amador,005,37829,4480,4338,38,4376,50
2021-08-21,Butte,007,227075,15334,14714,2513,17227,211
2021-08-21,Calaveras,009,45235,2874,2744,19,2763,59
2021-08-21,Colusa,011,21464,2255,2192,455,2647,16
2021-08-21,Contra Costa,013,1133247,87705,84136,1707,85843,857
2021-08-21,Del Norte,015,27424,2665,2409,16,2425,8
2021-08-21,El Dorado,017,186661,13231,12590,1152,13742,118
2021-08-21,Fresno,019,978130,114854,111765,9995,121760,1759
2021-08-21,Glenn,021,27897,2767,2654,723,3377,20
2021-08-21,Humboldt,023,135768,6736,6446,163,6609,52
2021-08-21,Imperial,025,180216,30188,29976,2800,32776,748
2021-08-21,Inyo,027,18085,1517,1500,13,1513,39
2021-08-21,Kern,029,883053,106626,104443,14024,118467,1375
2021-08-21,Kings,031,150075,26058,25313,1347,26660,257
2021-08-21,Lake,033,64148,5230,5055,49,5104,69
2021-08-21,Lassen,035,31185,5670,5553,145,5698,21
2021-08-21,Los Angeles,037,10098052,1339552,1321308,48400,1369708,25080
2021-08-21,Madera,039,155013,18631,18067,1269,19336,246
2021-08-21,Marin,041,260295,16093,15775,322,16097,240
2021-08-21,Mariposa,043,17540,692,634,17,651,5
2021-08-21,Mendocino,045,87422,5584,5307,182,5489,51
2021-08-21,Merced,047,269075,34673,34148,1263,35411,488
2021-08-21,Modoc,049,8938,438,430,152,582,6
2021-08-21,Mono,051,14174,1393,1378,17,1395,3
2021-08-21,Monterey,053,433212,45520,44969,2229,47198,538
2021-08-21,Napa,055,140530,11405,11211,66,11277,85
2021-08-21,Nevada,057,99092,7154,6810,236,7046,77
2021-08-21,Orange,059,3164182,284118,279855,12995,292850,5181
2021-08-21,Placer,061,380077,29951,28289,2500,30789,314
2021-08-21,Plumas,063,18699,976,916,14,930,5
2021-08-21,Riverside,065,2383286,327158,320086,15077,335163,4594
2021-08-21,Sacramento,067,1510023,133175,127751,2739,130490,1809
2021-08-21,San Benito,069,59416,6615,6542,126,6668,64
2021-08-21,San Bernardino,071,2135413,323001,318293,9855,328148,5324
2021-08-21,San Diego,073,3302833,328426,322620,19117,341737,3848
2021-08-21,San Francisco,075,870044,46912,45637,1898,47535,573
2021-08-21,San Joaquin,077,732212,85522,82825,4368,87193,1498
2021-08-21,San Luis Obispo,079,281455,24846,24169,941,25110,273
2021-08-21,San Mateo,081,765935,48938,47685,691,48376,553
2021-08-21,Santa Barbara,083,443738,38887,37951,1322,39273,478
2021-08-21,Santa Clara,085,1922200,133135,129911,963,130874,1778
2021-08-21,Santa Cruz,087,273765,18216,17763,897,18660,209
2021-08-21,Shasta,089,179085,14955,14417,2079,16496,217
2021-08-21,Sierra,091,2930,98,85,13,98,0
2021-08-21,Siskiyou,093,43540,2381,2246,614,2860,33
2021-08-21,Solano,095,438530,40594,38423,959,39382,281
2021-08-21,Sonoma,097,501317,36808,35582,437,36019,336
2021-08-21,Stanislaus,099,539301,65125,63512,7138,70650,1058
2021-08-21,Sutter,101,95872,11484,11204,124,11328,133
2021-08-21,Tehama,103,63373,5939,5757,763,6520,67
2021-08-21,Trinity,105,12862,588,431,136,567,3
2021-08-21,Tulare,107,460477,54828,53045,10728,63773,857
2021-08-21,Tuolumne,109,53932,5324,5193,62,5255,73
2021-08-21,Ventura,111,848112,89807,88558,3812,92370,1063
2021-08-21,Yolo,113,214977,16875,16322,658,16980,226
2021-08-21,Yuba,115,75493,7853,7580,167,7747,54
2021-08-20,Alameda,001,1643700,106888,103812,2350,106162,1294
2021-08-20,Alpine,003,1148,91,91,0,91,0
2021-08-20,Amador,005,37829,4454,4323,38,4361,50
2021-08-20,Butte,007,227075,15261,14617,2491,17108,211
2021-08-20,Calaveras,009,45235,2854,2717,19,2736,59
2021-08-20,Colusa,011,21464,2250,2178,453,2631,16
2021-08-20,Contra Costa,013,1133247,87430,83721,1700,85421,857
2021-08-20,Del Norte,015,27424,2633,2316,16,2332,8
2021-08-20,El Dorado,017,186661,13193,12495,1144,13639,118
2021-08-20,Fresno,019,978130,114497,111315,9961,121276,1759
2021-08-20,Glenn,021,27897,2760,2642,713,3355,20
2021-08-20,Humboldt,023,135768,6684,6349,158,6507,52
2021-08-20,Imperial,025,180216,30165,29934,2800,32734,747
2021-08-20,Inyo,027,18085,1511,1495,13,1508,39
2021-08-20,Kern,029,883053,106343,104048,13896,117944,1373
2021-08-20,Kings,031,150075,25992,25241,1345,26586,256
2021-08-20,Lake,033,64148,5215,5024,46,5070,69
2021-08-20,Lassen,035,31185,5650,5539,145,5684,21
2021-08-20,Los Angeles,037,10098052,1337673,1317541,48299,1365840,25049
2021-08-20,Madera,039,155013,18582,18018,1254,19272,246
2021-08-20,Marin,041,260295,16075,15727,318,16045,240
2021-08-20,Mariposa,043,17540,687,630,17,647,5
2021-08-20,Mendocino,045,87422,5538,5241,181,5422,51
2021-08-20,Merced,047,269075,34609,34035,1253,35288,486
2021-08-20,Modoc,049,8938,438,429,152,581,6
2021-08-20,Mono,051,14174,1392,1368,17,1385,3
2021-08-20,Monterey,053,433212,45482,44890,2223,47113,538
2021-08-20,Napa,055,140530,11373,11152,66,11218,83
2021-08-20,Nevada,057,99092,7112,6753,230,6983,77
2021-08-20,Orange,059,3164182,283673,279193,12974,292167,5179
2021-08-20,Placer,061,380077,29855,28156,2471,30627,313
2021-08-20,Plumas,063,18699,966,908,14,922,5
2021-08-20,Riverside,065,2383286,326462,319072,15046,334118,4594
2021-08-20,Sacramento,067,1510023,132699,127226,2722,129948,1797
2021-08-20,San Benito,069,59416,6601,6508,126,6634,64
2021-08-20,San Bernardino,071,2135413,322390,317372,9826,327198,5322
2021-08-20,San Diego,073,3302833,327517,321102,19047,340149,3846
2021-08-20,San Francisco,075,870044,46816,45432,1883,47315,573
2021-08-20,San Joaquin,077,732212,85291,82419,4349,86768,1496
2021-08-20,San Luis Obispo,079,281455,24768,23986,937,24923,273
2021-08-20,San Mateo,081,765935,48825,47561,688,48249,551
2021-08-20,Santa Barbara,083,443738,38801,37794,1317,39111,477
2021-08-20,Santa Clara,085,1922200,132853,129510,958,130468,1774
2021-08-20,Santa Cruz,087,273765,18176,17701,894,18595,209
2021-08-20,Shasta,089,179085,14874,14277,2061,16338,215
2021-08-20,Sierra,091,2930,97,83,13,96,0
2021-08-20,Siskiyou,093,43540,2365,2226,609,2835,33
2021-08-20,Solano,095,438530,40453,38214,948,39162,277
2021-08-20,Sonoma,097,501317,36740,35416,436,35852,336
2021-08-20,Stanislaus,099,539301,64936,63219,7114,70333,1047
2021-08-20,Sutter,101,95872,11428,11136,123,11259,133
2021-08-20,Tehama,103,63373,5923,5730,751,6481,66
2021-08-20,Trinity,105,12862,588,422,135,557,3
2021-08-20,Tulare,107,460477,54698,52855,10685,63540,856
2021-08-20,Tuolumne,109,53932,5300,5153,61,5214,73
2021-08-20,Ventura,111,848112,89639,88285,3809,92094,1061
2021-08-20,Yolo,113,214977,16820,16236,652,16888,225
2021-08-20,Yuba,115,75493,7812,7523,167,7690,54
2021-08-19,Alameda,001,1643700,106443,103276,2328,105604,1294
2021-08-19,Alpine,003,1148,91,91,0,91,0
2021-08-19,Amador,005,37829,4447,4317,38,4355,50
2021-08-19,Butte,007,227075,15127,14518,2463,16981,211
2021-08-19,Calaveras,009,45235,2832,2673,19,2692,59
2021-08-19,Colusa,011,21464,2241,2167,448,2615,16
2021-08-19,Contra Costa,013,1133247,86990,83296,1687,84983,852
2021-08-19,Del Norte,015,27424,2583,2257,16,2273,8
2021-08-19,El Dorado,017,186661,13107,12410,1125,13535,118
2021-08-19,Fresno,019,978130,114056,110947,9907,120854,1759
2021-08-19,Glenn,021,27897,2742,2629,706,3335,20
2021-08-19,Humboldt,023,135768,6623,6246,152,6398,52
2021-08-19,Imperial,025,180216,30119,29865,2795,32660,747
2021-08-19,Inyo,027,18085,1504,1494,13,1507,39
2021-08-19,Kern,029,883053,105947,103731,13755,117486,1371
2021-08-19,Kings,031,150075,25861,25128,1333,26461,256
2021-08-19,Lake,033,64148,5183,4991,42,5033,69
2021-08-19,Lassen,035,31185,5632,5520,144,5664,21
2021-08-19,Los Angeles,037,10098052,1334687,1314453,48160,1362613,25020
2021-08-19,Madera,039,155013,18520,17947,1239,19186,246
2021-08-19,Marin,041,260295,16042,15672,315,15987,240
2021-08-19,Mariposa,043,17540,672,618,17,635,5
2021-08-19,Mendocino,045,87422,5505,5167,178,5345,51
2021-08-19,Merced,047,269075,34474,33851,1239,35090,486
2021-08-19,Modoc,049,8938,438,427,152,579,6
2021-08-19,Mono,051,14174,1388,1349,17,1366,3
2021-08-19,Monterey,053,433212,45409,44821,2213,47034,538
2021-08-19,Napa,055,140530,11321,11104,66,11170,83
2021-08-19,Nevada,057,99092,7048,6695,227,6922,77
2021-08-19,Orange,059,3164182,283035,278562,12923,291485,5172
2021-08-19,Placer,061,380077,29675,27953,2454,30407,313
2021-08-19,Plumas,063,18699,953,896,14,910,5
2021-08-19,Riverside,065,2383286,325431,318056,15017,333073,4589
2021-08-19,Sacramento,067,1510023,131996,126720,2687,129407,1801
2021-08-19,San Benito,069,59416,6584,6493,125,6618,64
2021-08-19,San Bernardino,071,2135413,321566,316398,9803,326201,5318
2021-08-19,San Diego,073,3302833,326266,319582,18949,338531,3839
2021-08-19,San Francisco,075,870044,46652,45220,1870,47090,571
2021-08-19,San Joaquin,077,732212,84842,82047,4300,86347,1491
2021-08-19,San Luis Obispo,079,281455,24630,23878,930,24808,271
2021-08-19,San Mateo,081,765935,48693,47431,687,48118,551
2021-08-19,Santa Barbara,083,443738,38656,37693,1314,39007,477
2021-08-19,Santa Clara,085,1922200,132463,129133,951,130084,1774
2021-08-19,Santa Cruz,087,273765,18113,17644,887,18531,209
2021-08-19,Shasta,089,179085,14750,14200,2038,16238,214
2021-08-19,Sierra,091,2930,93,83,13,96,0
2021-08-19,Siskiyou,093,43540,2350,2218,597,2815,33
2021-08-19,Solano,095,438530,40295,38025,937,38962,273
2021-08-19,Sonoma,097,501317,36652,35233,435,35668,336
2021-08-19,Stanislaus,099,539301,64592,62928,7070,69998,1047
2021-08-19,Sutter,101,95872,11343,11057,122,11179,133
2021-08-19,Tehama,103,63373,5887,5683,725,6408,66
2021-08-19,Trinity,105,12862,584,414,133,547,3
2021-08-19,Tulare,107,460477,54466,52685,10622,63307,856
2021-08-19,Tuolumne,109,53932,5264,5112,60,5172,64
2021-08-19,Ventura,111,848112,89436,88073,3795,91868,1060
2021-08-19,Yolo,113,214977,16735,16153,644,16797,225
2021-08-19,Yuba,115,75493,7760,7458,166,7624,51
2021-08-18,Alameda,001,1643700,106037,102696,2307,105003,1294
2021-08-18,Alpine,003,1148,90,91,0,91,0
2021-08-18,Amador,005,37829,4431,4279,37,4316,50
2021-08-18,Butte,007,227075,15017,14426,2435,16861,208
2021-08-18,Calaveras,009,45235,2795,2643,18,2661,59
2021-08-18,Colusa,011,21464,2233,2160,444,2604,16
2021-08-18,Contra Costa,013,1133247,86490,82767,1681,84448,851
2021-08-18,Del Norte,015,27424,2526,2219,16,2235,8
2021-08-18,El Dorado,017,186661,13017,12306,1111,13417,118
2021-08-18,Fresno,019,978130,113601,110523,9846,120369,1759
2021-08-18,Glenn,021,27897,2709,2623,698,3321,20
2021-08-18,Humboldt,023,135768,6552,6195,147,6342,52
2021-08-18,Imperial,025,180216,30086,29821,2793,32614,746
2021-08-18,Inyo,027,18085,1501,1494,13,1507,39
2021-08-18,Kern,029,883053,105600,103440,13661,117101,1370
2021-08-18,Kings,031,150075,25752,24984,1325,26309,256
2021-08-18,Lake,033,64148,5142,4957,41,4998,69
2021-08-18,Lassen,035,31185,5613,5506,143,5649,21
2021-08-18,Los Angeles,037,10098052,1331533,1311477,48029,1359506,24984
2021-08-18,Madera,039,155013,18461,17871,1226,19097,246
2021-08-18,Marin,041,260295,16004,15610,312,15922,240
2021-08-18,Mariposa,043,17540,659,615,16,631,5
2021-08-18,Mendocino,045,87422,5454,5129,176,5305,51
2021-08-18,Merced,047,269075,34310,33708,1228,34936,484
2021-08-18,Modoc,049,8938,438,427,151,578,6
2021-08-18,Mono,051,14174,1385,1344,17,1361,3
2021-08-18,Monterey,053,433212,45325,44735,2196,46931,532
2021-08-18,Napa,055,140530,11282,11060,65,11125,83
2021-08-18,Nevada,057,99092,6982,6633,227,6860,76
2021-08-18,Orange,059,3164182,282397,277795,12871,290666,5168
2021-08-18,Placer,061,380077,29447,27741,2426,30167,312
2021-08-18,Plumas,063,18699,944,874,14,888,5
2021-08-18,Riverside,065,2383286,324432,317107,14983,332090,4585
2021-08-18,Sacramento,067,1510023,131235,125599,2655,128254,1781
2021-08-18,San Benito,069,59416,6573,6481,124,6605,64
2021-08-18,San Bernardino,071,2135413,320767,315477,9784,325261,5304
2021-08-18,San Diego,073,3302833,324926,318152,18883,337035,3834
2021-08-18,San Francisco,075,870044,46450,44957,1861,46818,568
2021-08-18,San Joaquin,077,732212,84389,81601,4269,85870,1491
2021-08-18,San Luis Obispo,079,281455,24480,23726,917,24643,270
2021-08-18,San Mateo,081,765935,48529,47255,686,47941,551
2021-08-18,Santa Barbara,083,443738,38525,37599,1308,38907,475
2021-08-18,Santa Clara,085,1922200,132099,128563,948,129511,1773
2021-08-18,Santa Cruz,087,273765,18058,17566,883,18449,209
2021-08-18,Shasta,089,179085,14651,14087,2019,16106,213
2021-08-18,Sierra,091,2930,92,83,13,96,0
2021-08-18,Siskiyou,093,43540,2321,2204,585,2789,33
2021-08-18,Solano,095,438530,40089,37812,922,38734,271
2021-08-18,Sonoma,097,501317,36508,35063,434,35497,333
2021-08-18,Stanislaus,099,539301,64261,62613,7027,69640,1047
2021-08-18,Sutter,101,95872,11271,11004,117,11121,130
2021-08-18,Tehama,103,63373,5852,5653,715,6368,66
2021-08-18,Trinity,105,12862,577,409,130,539,3
2021-08-18,Tulare,107,460477,54227,52486,10553,63039,856
2021-08-18,Tuolumne,109,53932,5228,5081,58,5139,64
2021-08-18,Ventura,111,848112,89204,87835,3785,91620,1055
2021-08-18,Yolo,113,214977,16652,16047,626,16673,225
2021-08-18,Yuba,115,75493,7695,7391,166,7557,51
2021-08-17,Alameda,001,1643700,105640,102379,2292,104671,1290
2021-08-17,Alpine,003,1148,90,91,0,91,0
2021-08-17,Amador,005,37829,4402,4266,37,4303,50
2021-08-17,Butte,007,227075,14910,14357,2400,16757,206
2021-08-17,Calaveras,009,45235,2761,2624,18,2642,59
2021-08-17,Colusa,011,21464,2224,2156,440,2596,16
2021-08-17,Contra Costa,013,1133247,86042,82482,1671,84153,848
2021-08-17,Del Norte,015,27424,2472,2188,16,2204,8
2021-08-17,El Dorado,017,186661,12930,12242,1097,13339,118
2021-08-17,Fresno,019,978130,113115,110263,9783,120046,1755
2021-08-17,Glenn,021,27897,2695,2608,689,3297,20
2021-08-17,Humboldt,023,135768,6472,6155,145,6300,52
2021-08-17,Imperial,025,180216,30035,29768,2789,32557,746
2021-08-17,Inyo,027,18085,1498,1492,13,1505,39
2021-08-17,Kern,029,883053,105206,103048,13540,116588,1367
2021-08-17,Kings,031,150075,25647,24930,1314,26244,254
2021-08-17,Lake,033,64148,5099,4930,35,4965,68
2021-08-17,Lassen,035,31185,5596,5499,141,5640,21
2021-08-17,Los Angeles,037,10098052,1327965,1307999,47900,1355899,24952
2021-08-17,Madera,039,155013,18387,17838,1208,19046,246
2021-08-17,Marin,041,260295,15948,15570,312,15882,240
2021-08-17,Mariposa,043,17540,651,609,15,624,5
2021-08-17,Mendocino,045,87422,5399,5097,176,5273,51
2021-08-17,Merced,047,269075,34160,33508,1217,34725,482
2021-08-17,Modoc,049,8938,435,424,149,573,6
2021-08-17,Mono,051,14174,1380,1341,17,1358,3
2021-08-17,Monterey,053,433212,45241,44672,2186,46858,528
2021-08-17,Napa,055,140530,11241,11007,64,11071,83
2021-08-17,Nevada,057,99092,6907,6605,225,6830,75
2021-08-17,Orange,059,3164182,281752,277121,12835,289956,5164
2021-08-17,Placer,061,380077,29232,27634,2397,30031,312
2021-08-17,Plumas,063,18699,932,860,14,874,5
2021-08-17,Riverside,065,2383286,323419,316051,14940,330991,4582
2021-08-17,Sacramento,067,1510023,130441,125151,2613,127764,1774
2021-08-17,San Benito,069,59416,6554,6470,124,6594,64
2021-08-17,San Bernardino,071,2135413,319828,314402,9744,324146,5302
2021-08-17,San Diego,073,3302833,323316,317058,18785,335843,3824
2021-08-17,San Francisco,075,870044,46250,44820,1855,46675,567
2021-08-17,San Joaquin,077,732212,83920,81300,4235,85535,1489
2021-08-17,San Luis Obispo,079,281455,24324,23556,914,24470,268
2021-08-17,San Mateo,081,765935,48374,47127,681,47808,551
2021-08-17,Santa Barbara,083,443738,38366,37478,1301,38779,475
2021-08-17,Santa Clara,085,1922200,131696,128354,942,129296,1773
2021-08-17,Santa Cruz,087,273765,17973,17528,882,18410,209
2021-08-17,Shasta,089,179085,14520,14012,2000,16012,214
2021-08-17,Sierra,091,2930,91,82,13,95,0
2021-08-17,Siskiyou,093,43540,2305,2183,572,2755,33
2021-08-17,Solano,095,438530,39860,37662,909,38571,269
2021-08-17,Sonoma,097,501317,36360,34943,430,35373,333
2021-08-17,Stanislaus,099,539301,63920,62385,6968,69353,1047
2021-08-17,Sutter,101,95872,11199,10973,117,11090,130
2021-08-17,Tehama,103,63373,5818,5612,694,6306,66
2021-08-17,Trinity,105,12862,572,406,128,534,3
2021-08-17,Tulare,107,460477,53959,52362,10488,62850,856
2021-08-17,Tuolumne,109,53932,5185,5042,57,5099,64
2021-08-17,Ventura,111,848112,88965,87601,3764,91365,1053
2021-08-17,Yolo,113,214977,16563,15975,612,16587,225
2021-08-17,Yuba,115,75493,7623,7355,166,7521,51
2021-08-16,Alameda,001,1643700,105143,102052,2284,104336,1287
2021-08-16,Alpine,003,1148,90,91,0,91,0
2021-08-16,Amador,005,37829,4392,4235,37,4272,50
2021-08-16,Butte,007,227075,14792,14283,2364,16647,206
2021-08-16,Calaveras,009,45235,2701,2609,17,2626,57
2021-08-16,Colusa,011,21464,2213,2147,436,2583,16
2021-08-16,Contra Costa,013,1133247,85500,82070,1661,83731,848
2021-08-16,Del Norte,015,27424,2395,2125,16,2141,8
2021-08-16,El Dorado,017,186661,12829,12139,1084,13223,118
2021-08-16,Fresno,019,978130,112618,109623,9731,119354,1753
2021-08-16,Glenn,021,27897,2676,2593,683,3276,20
2021-08-16,Humboldt,023,135768,6401,6064,124,6188,52
2021-08-16,Imperial,025,180216,29994,29737,2775,32512,746
2021-08-16,Inyo,027,18085,1495,1490,13,1503,39
2021-08-16,Kern,029,883053,104831,102690,13424,116114,1367
2021-08-16,Kings,031,150075,25544,24817,1305,26122,254
2021-08-16,Lake,033,64148,5072,4898,34,4932,68
2021-08-16,Lassen,035,31185,5580,5481,133,5614,21
2021-08-16,Los Angeles,037,10098052,1324582,1305330,47760,1353090,24923
2021-08-16,Madera,039,155013,18312,17756,1187,18943,246
2021-08-16,Marin,041,260295,15889,15497,311,15808,239
2021-08-16,Mariposa,043,17540,634,597,15,612,5
2021-08-16,Mendocino,045,87422,5343,5037,174,5211,49
2021-08-16,Merced,047,269075,33959,33364,1204,34568,481
2021-08-16,Modoc,049,8938,433,421,148,569,5
2021-08-16,Mono,051,14174,1375,1339,17,1356,3
2021-08-16,Monterey,053,433212,45162,44595,2174,46769,527
2021-08-16,Napa,055,140530,11212,10946,64,11010,83
2021-08-16,Nevada,057,99092,6852,6535,224,6759,74
2021-08-16,Orange,059,3164182,280958,275985,12789,288774,5161
2021-08-16,Placer,061,380077,29050,27384,2365,29749,306
2021-08-16,Plumas,063,18699,921,851,14,865,5
2021-08-16,Riverside,065,2383286,322326,314774,14903,329677,4582
2021-08-16,Sacramento,067,1510023,129631,124554,2570,127124,1762
2021-08-16,San Benito,069,59416,6530,6452,124,6576,64
2021-08-16,San Bernardino,071,2135413,318860,313617,9717,323334,5301
2021-08-16,San Diego,073,3302833,321718,315348,18645,333993,3824
2021-08-16,San Francisco,075,870044,46046,44681,1848,46529,567
2021-08-16,San Joaquin,077,732212,83416,81087,4207,85294,1488
2021-08-16,San Luis Obispo,079,281455,24174,23452,906,24358,265
2021-08-16,San Mateo,081,765935,48192,47024,675,47699,548
2021-08-16,Santa Barbara,083,443738,38196,37358,1296,38654,475
2021-08-16,Santa Clara,085,1922200,131232,127978,938,128916,1773
2021-08-16,Santa Cruz,087,273765,17909,17491,876,18367,209
2021-08-16,Shasta,089,179085,14431,13862,1984,15846,211
2021-08-16,Sierra,091,2930,88,82,13,95,0
2021-08-16,Siskiyou,093,43540,2288,2169,552,2721,33
2021-08-16,Solano,095,438530,39579,37436,897,38333,263
2021-08-16,Sonoma,097,501317,36192,34844,427,35271,333
2021-08-16,Stanislaus,099,539301,63581,62033,6916,68949,1039
2021-08-16,Sutter,101,95872,11130,10902,116,11018,130
2021-08-16,Tehama,103,63373,5755,5565,689,6254,66
2021-08-16,Trinity,105,12862,566,400,127,527,3
2021-08-16,Tulare,107,460477,53715,52162,10420,62582,856
2021-08-16,Tuolumne,109,53932,5146,4984,56,5040,64
2021-08-16,Ventura,111,848112,88720,86954,3746,90700,1052
2021-08-16,Yolo,113,214977,16462,15922,604,16526,225
2021-08-16,Yuba,115,75493,7539,7314,165,7479,51
2021-08-15,Alameda,001,1643700,104661,101660,2267,103927,1287
2021-08-15,Alpine,003,1148,90,91,0,91,0
2021-08-15,Amador,005,37829,4364,4231,37,4268,49
2021-08-15,Butte,007,227075,14668,14263,2341,16604,206
2021-08-15,Calaveras,009,45235,2659,2599,17,2616,57
2021-08-15,Colusa,011,21464,2201,2140,426,2566,16
2021-08-15,Contra Costa,013,1133247,85016,81781,1646,83427,848
2021-08-15,Del Norte,015,27424,2328,2060,16,2076,8
2021-08-15,El Dorado,017,186661,12694,12057,1067,13124,118
2021-08-15,Fresno,019,978130,112140,109382,9665,119047,1753
2021-08-15,Glenn,021,27897,2653,2592,671,3263,20
2021-08-15,Humboldt,023,135768,6327,6024,118,6142,52
2021-08-15,Imperial,025,180216,29928,29711,2771,32482,746
2021-08-15,Inyo,027,18085,1494,1489,13,1502,39
2021-08-15,Kern,029,883053,104387,102524,13312,115836,1367
2021-08-15,Kings,031,150075,25398,24736,1295,26031,254
2021-08-15,Lake,033,64148,5013,4886,33,4919,68
2021-08-15,Lassen,035,31185,5563,5482,132,5614,21
2021-08-15,Los Angeles,037,10098052,1321044,1302882,47590,1350472,24918
2021-08-15,Madera,039,155013,18224,17714,1171,18885,246
2021-08-15,Marin,041,260295,15830,15461,309,15770,239
2021-08-15,Mariposa,043,17540,627,591,14,605,5
2021-08-15,Mendocino,045,87422,5286,5022,168,5190,49
2021-08-15,Merced,047,269075,33715,33305,1193,34498,481
2021-08-15,Modoc,049,8938,431,421,148,569,5
2021-08-15,Mono,051,14174,1371,1334,17,1351,3
2021-08-15,Monterey,053,433212,45040,44567,2153,46720,527
2021-08-15,Napa,055,140530,11157,10919,64,10983,83
2021-08-15,Nevada,057,99092,6767,6486,224,6710,74
2021-08-15,Orange,059,3164182,280188,275447,12749,288196,5161
2021-08-15,Placer,061,380077,28828,27220,2317,29537,306
2021-08-15,Plumas,063,18699,909,850,14,864,5
2021-08-15,Riverside,065,2383286,321188,314133,14876,329009,4582
2021-08-15,Sacramento,067,1510023,128813,123924,2538,126462,1761
2021-08-15,San Benito,069,59416,6512,6446,123,6569,64
2021-08-15,San Bernardino,071,2135413,317788,313120,9686,322806,5301
2021-08-15,San Diego,073,3302833,320246,314247,18518,332765,3824
2021-08-15,San Francisco,075,870044,45821,44531,1833,46364,567
2021-08-15,San Joaquin,077,732212,82928,80832,4168,85000,1488
2021-08-15,San Luis Obispo,079,281455,23978,23404,896,24300,265
2021-08-15,San Mateo,081,765935,48005,46897,669,47566,548
2021-08-15,Santa Barbara,083,443738,38024,37276,1289,38565,475
2021-08-15,Santa Clara,085,1922200,130798,127715,932,128647,1773
2021-08-15,Santa Cruz,087,273765,17839,17440,869,18309,209
2021-08-15,Shasta,089,179085,14328,13835,1959,15794,211
2021-08-15,Sierra,091,2930,87,82,12,94,0
2021-08-15,Siskiyou,093,43540,2267,2169,538,2707,33
2021-08-15,Solano,095,438530,39322,37320,886,38206,263
2021-08-15,Sonoma,097,501317,35996,34706,419,35125,333
2021-08-15,Stanislaus,099,539301,63212,61795,6839,68634,1039
2021-08-15,Sutter,101,95872,11039,10863,116,10979,130
2021-08-15,Tehama,103,63373,5706,5550,683,6233,66
2021-08-15,Trinity,105,12862,562,400,126,526,3
2021-08-15,Tulare,107,460477,53460,52046,10361,62407,856
2021-08-15,Tuolumne,109,53932,5108,4934,54,4988,64
2021-08-15,Ventura,111,848112,88415,86797,3732,90529,1052
2021-08-15,Yolo,113,214977,16367,15873,594,16467,225
2021-08-15,Yuba,115,75493,7462,7265,164,7429,51
2021-08-14,Alameda,001,1643700,104445,101305,2263,103568,1287
2021-08-14,Alpine,003,1148,90,91,0,91,0
2021-08-14,Amador,005,37829,4346,4206,37,4243,49
2021-08-14,Butte,007,227075,14632,14192,2325,16517,206
2021-08-14,Calaveras,009,45235,2652,2579,17,2596,57
2021-08-14,Colusa,011,21464,2190,2134,422,2556,16
2021-08-14,Contra Costa,013,1133247,84768,81458,1638,83096,848
2021-08-14,Del Norte,015,27424,2301,2015,16,2031,8
2021-08-14,El Dorado,017,186661,12658,12019,1059,13078,118
2021-08-14,Fresno,019,978130,111978,109056,9635,118691,1753
2021-08-14,Glenn,021,27897,2642,2583,668,3251,20
2021-08-14,Humboldt,023,135768,6274,5998,115,6113,52
2021-08-14,Imperial,025,180216,29901,29671,2771,32442,746
2021-08-14,Inyo,027,18085,1492,1487,13,1500,39
2021-08-14,Kern,029,883053,104192,102306,13216,115522,1367
2021-08-14,Kings,031,150075,25300,24647,1287,25934,254
2021-08-14,Lake,033,64148,4996,4850,32,4882,68
2021-08-14,Lassen,035,31185,5556,5475,131,5606,21
2021-08-14,Los Angeles,037,10098052,1319271,1299346,47453,1346799,24911
2021-08-14,Madera,039,155013,18177,17691,1166,18857,246
2021-08-14,Marin,041,260295,15796,15441,309,15750,239
2021-08-14,Mariposa,043,17540,623,584,14,598,5
2021-08-14,Mendocino,045,87422,5250,4977,165,5142,49
2021-08-14,Merced,047,269075,33651,33234,1187,34421,481
2021-08-14,Modoc,049,8938,431,421,148,569,5
2021-08-14,Mono,051,14174,1366,1332,17,1349,3
2021-08-14,Monterey,053,433212,44995,44514,2150,46664,527
2021-08-14,Napa,055,140530,11127,10878,63,10941,83
2021-08-14,Nevada,057,99092,6732,6419,223,6642,74
2021-08-14,Orange,059,3164182,279754,274732,12722,287454,5161
2021-08-14,Placer,061,380077,28682,27115,2293,29408,306
2021-08-14,Plumas,063,18699,899,849,14,863,5
2021-08-14,Riverside,065,2383286,320472,313264,14855,328119,4582
2021-08-14,Sacramento,067,1510023,128320,123438,2519,125957,1758
2021-08-14,San Benito,069,59416,6499,6428,123,6551,64
2021-08-14,San Bernardino,071,2135413,317238,312142,9665,321807,5301
2021-08-14,San Diego,073,3302833,319575,313589,18450,332039,3824
2021-08-14,San Francisco,075,870044,45692,44353,1814,46167,567
2021-08-14,San Joaquin,077,732212,82711,80585,4153,84738,1488
2021-08-14,San Luis Obispo,079,281455,23917,23328,893,24221,265
2021-08-14,San Mateo,081,765935,47886,46792,665,47457,548
2021-08-14,Santa Barbara,083,443738,37930,37118,1287,38405,475
2021-08-14,Santa Clara,085,1922200,130519,127432,929,128361,1772
2021-08-14,Santa Cruz,087,273765,17800,17384,868,18252,209
2021-08-14,Shasta,089,179085,14253,13813,1938,15751,211
2021-08-14,Sierra,091,2930,86,81,12,93,0
2021-08-14,Siskiyou,093,43540,2257,2160,528,2688,33
2021-08-14,Solano,095,438530,39235,37237,874,38111,263
2021-08-14,Sonoma,097,501317,35873,34606,417,35023,333
2021-08-14,Stanislaus,099,539301,63036,61564,6795,68359,1039
2021-08-14,Sutter,101,95872,10994,10808,115,10923,130
2021-08-14,Tehama,103,63373,5682,5530,678,6208,66
2021-08-14,Trinity,105,12862,556,399,126,525,3
2021-08-14,Tulare,107,460477,53324,51951,10316,62267,856
2021-08-14,Tuolumne,109,53932,5073,4924,54,4978,64
2021-08-14,Ventura,111,848112,88259,86569,3712,90281,1052
2021-08-14,Yolo,113,214977,16322,15815,585,16400,225
2021-08-14,Yuba,115,75493,7413,7223,164,7387,51
2021-08-13,Alameda,001,1643700,104150,100930,2255,103185,1284
2021-08-13,Alpine,003,1148,90,91,0,91,0
2021-08-13,Amador,005,37829,4318,4169,37,4206,49
2021-08-13,Butte,007,227075,14562,14100,2309,16409,206
2021-08-13,Calaveras,009,45235,2646,2564,17,2581,57
2021-08-13,Colusa,011,21464,2183,2123,417,2540,16
2021-08-13,Contra Costa,013,1133247,84456,81046,1631,82677,848
2021-08-13,Del Norte,015,27424,2261,1973,16,1989,8
2021-08-13,El Dorado,017,186661,12618,11951,1047,12998,118
2021-08-13,Fresno,019,978130,111685,108638,9611,118249,1753
2021-08-13,Glenn,021,27897,2631,2574,665,3239,20
2021-08-13,Humboldt,023,135768,6227,5882,112,5994,52
2021-08-13,Imperial,025,180216,29874,29654,2770,32424,745
2021-08-13,Inyo,027,18085,1491,1484,13,1497,39
2021-08-13,Kern,029,883053,103983,102029,13107,115136,1364
2021-08-13,Kings,031,150075,25215,24531,1280,25811,253
2021-08-13,Lake,033,64148,4973,4811,31,4842,68
2021-08-13,Lassen,035,31185,5548,5455,130,5585,21
2021-08-13,Los Angeles,037,10098052,1316947,1295406,47315,1342721,24891
2021-08-13,Madera,039,155013,18128,17614,1157,18771,246
2021-08-13,Marin,041,260295,15765,15380,309,15689,239
2021-08-13,Mariposa,043,17540,617,577,14,591,5
2021-08-13,Mendocino,045,87422,5197,4924,163,5087,49
2021-08-13,Merced,047,269075,33604,33111,1181,34292,480
2021-08-13,Modoc,049,8938,430,421,147,568,5
2021-08-13,Mono,051,14174,1363,1331,17,1348,3
2021-08-13,Monterey,053,433212,44935,44450,2148,46598,527
2021-08-13,Napa,055,140530,11091,10830,63,10893,83
2021-08-13,Nevada,057,99092,6691,6356,222,6578,74
2021-08-13,Orange,059,3164182,279261,274004,12673,286677,5159
2021-08-13,Placer,061,380077,28581,26987,2266,29253,306
2021-08-13,Plumas,063,18699,885,842,14,856,5
2021-08-13,Riverside,065,2383286,319733,312408,14830,327238,4581
2021-08-13,Sacramento,067,1510023,127850,122868,2494,125362,1758
2021-08-13,San Benito,069,59416,6493,6422,121,6543,64
2021-08-13,San Bernardino,071,2135413,316570,311378,9646,321024,5301
2021-08-13,San Diego,073,3302833,318529,312293,18371,330664,3821
2021-08-13,San Francisco,075,870044,45556,44196,1791,45987,567
2021-08-13,San Joaquin,077,732212,82494,80232,4137,84369,1481
2021-08-13,San Luis Obispo,079,281455,23854,23226,890,24116,265
2021-08-13,San Mateo,081,765935,47767,46660,664,47324,548
2021-08-13,Santa Barbara,083,443738,37845,37023,1283,38306,474
2021-08-13,Santa Clara,085,1922200,130232,126958,923,127881,1769
2021-08-13,Santa Cruz,087,273765,17760,17332,861,18193,209
2021-08-13,Shasta,089,179085,14190,13698,1924,15622,211
2021-08-13,Sierra,091,2930,85,81,12,93,0
2021-08-13,Siskiyou,093,43540,2248,2147,524,2671,33
2021-08-13,Solano,095,438530,39101,37104,866,37970,264
2021-08-13,Sonoma,097,501317,35768,34464,417,34881,333
2021-08-13,Stanislaus,099,539301,62864,61294,6754,68048,1039
2021-08-13,Sutter,101,95872,10950,10751,114,10865,130
2021-08-13,Tehama,103,63373,5658,5496,676,6172,66
2021-08-13,Trinity,105,12862,552,392,126,518,3
2021-08-13,Tulare,107,460477,53220,51770,10243,62013,856
2021-08-13,Tuolumne,109,53932,5040,4899,53,4952,64
2021-08-13,Ventura,111,848112,88101,86368,3699,90067,1052
2021-08-13,Yolo,113,214977,16268,15761,575,16336,225
2021-08-13,Yuba,115,75493,7375,7184,164,7348,51
2021-08-12,Alameda,001,1643700,103662,100472,2242,102714,1284
2021-08-12,Alpine,003,1148,90,91,0,91,0
2021-08-12,Amador,005,37829,4288,4161,36,4197,49
2021-08-12,Butte,007,227075,14492,14006,2291,16297,206
2021-08-12,Calaveras,009,45235,2630,2531,17,2548,57
2021-08-12,Colusa,011,21464,2178,2111,416,2527,17
2021-08-12,Contra Costa,013,1133247,83971,80738,1616,82354,846
2021-08-12,Del Norte,015,27424,2189,1923,16,1939,8
2021-08-12,El Dorado,017,186661,12504,11880,1038,12918,118
2021-08-12,Fresno,019,978130,111262,108193,9543,117736,1753
2021-08-12,Glenn,021,27897,2623,2559,653,3212,20
2021-08-12,Humboldt,023,135768,6158,5845,108,5953,52
2021-08-12,Imperial,025,180216,29818,29585,2764,32349,745
2021-08-12,Inyo,027,18085,1489,1483,13,1496,39
2021-08-12,Kern,029,883053,103694,101698,13028,114726,1364
2021-08-12,Kings,031,150075,25115,24423,1272,25695,252
2021-08-12,Lake,033,64148,4947,4774,31,4805,68
2021-08-12,Lassen,035,31185,5526,5428,129,5557,21
2021-08-12,Los Angeles,037,10098052,1313754,1291875,47181,1339056,24874
2021-08-12,Madera,039,155013,18064,17564,1145,18709,246
2021-08-12,Marin,041,260295,15716,15277,306,15583,239
2021-08-12,Mariposa,043,17540,608,568,13,581,5
2021-08-12,Mendocino,045,87422,5167,4873,157,5030,49
2021-08-12,Merced,047,269075,33480,32960,1174,34134,480
2021-08-12,Modoc,049,8938,429,423,147,570,5
2021-08-12,Mono,051,14174,1358,1325,17,1342,3
2021-08-12,Monterey,053,433212,44859,44383,2133,46516,527
2021-08-12,Napa,055,140530,11042,10780,62,10842,83
2021-08-12,Nevada,057,99092,6630,6283,222,6505,74
2021-08-12,Orange,059,3164182,278582,273167,12615,285782,5158
2021-08-12,Placer,061,380077,28382,26856,2243,29099,306
2021-08-12,Plumas,063,18699,877,829,14,843,5
2021-08-12,Riverside,065,2383286,318724,311304,14798,326102,4575
2021-08-12,Sacramento,067,1510023,127077,122222,2464,124686,1758
2021-08-12,San Benito,069,59416,6476,6398,119,6517,64
2021-08-12,San Bernardino,071,2135413,315696,310420,9616,320036,5297
2021-08-12,San Diego,073,3302833,317159,310596,18282,328878,3821
2021-08-12,San Francisco,075,870044,45349,43774,1778,45552,564
2021-08-12,San Joaquin,077,732212,82099,79945,4113,84058,1479
2021-08-12,San Luis Obispo,079,281455,23754,23101,877,23978,264
2021-08-12,San Mateo,081,765935,47623,46435,661,47096,548
2021-08-12,Santa Barbara,083,443738,37708,36881,1275,38156,473
2021-08-12,Santa Clara,085,1922200,129783,126614,917,127531,1769
2021-08-12,Santa Cruz,087,273765,17696,17261,860,18121,209
2021-08-12,Shasta,089,179085,14105,13621,1897,15518,211
2021-08-12,Sierra,091,2930,85,81,12,93,0
2021-08-12,Siskiyou,093,43540,2241,2134,515,2649,33
2021-08-12,Solano,095,438530,38872,36980,857,37837,262
2021-08-12,Sonoma,097,501317,35620,34299,414,34713,333
2021-08-12,Stanislaus,099,539301,62599,61026,6695,67721,1039
2021-08-12,Sutter,101,95872,10889,10695,112,10807,130
2021-08-12,Tehama,103,63373,5628,5462,667,6129,66
2021-08-12,Trinity,105,12862,548,386,125,511,3
2021-08-12,Tulare,107,460477,53075,51632,10194,61826,856
2021-08-12,Tuolumne,109,53932,4993,4845,51,4896,64
2021-08-12,Ventura,111,848112,87864,86106,3675,89781,1052
2021-08-12,Yolo,113,214977,16196,15686,561,16247,224
2021-08-12,Yuba,115,75493,7327,7128,163,7291,51
2021-08-11,Alameda,001,1643700,103156,100040,2239,102279,1281
2021-08-11,Alpine,003,1148,90,91,0,91,0
2021-08-11,Amador,005,37829,4264,4127,36,4163,49
2021-08-11,Butte,007,227075,14391,13905,2266,16171,206
2021-08-11,Calaveras,009,45235,2608,2505,17,2522,57
2021-08-11,Colusa,011,21464,2168,2101,414,2515,16
2021-08-11,Contra Costa,013,1133247,83470,80275,1598,81873,843
2021-08-11,Del Norte,015,27424,2130,1893,16,1909,8
2021-08-11,El Dorado,017,186661,12393,11799,1026,12825,119
2021-08-11,Fresno,019,978130,110805,107773,9497,117270,1751
2021-08-11,Glenn,021,27897,2614,2547,643,3190,20
2021-08-11,Humboldt,023,135768,6111,5765,107,5872,52
2021-08-11,Imperial,025,180216,29775,29565,2760,32325,745
2021-08-11,Inyo,027,18085,1489,1483,13,1496,39
2021-08-11,Kern,029,883053,103380,101448,12921,114369,1363
2021-08-11,Kings,031,150075,25002,24304,1263,25567,250
2021-08-11,Lake,033,64148,4910,4713,30,4743,68
2021-08-11,Lassen,035,31185,5517,5408,127,5535,21
2021-08-11,Los Angeles,037,10098052,1310425,1288238,46996,1335234,24851
2021-08-11,Madera,039,155013,18014,17511,1134,18645,245
2021-08-11,Marin,041,260295,15667,15235,306,15541,239
2021-08-11,Mariposa,043,17540,598,554,12,566,5
2021-08-11,Mendocino,045,87422,5098,4796,148,4944,49
2021-08-11,Merced,047,269075,33347,32802,1170,33972,479
2021-08-11,Modoc,049,8938,429,421,147,568,5
2021-08-11,Mono,051,14174,1353,1320,17,1337,3
2021-08-11,Monterey,053,433212,44760,44314,2115,46429,527
2021-08-11,Napa,055,140530,11001,10732,62,10794,83
2021-08-11,Nevada,057,99092,6577,6172,219,6391,74
2021-08-11,Orange,059,3164182,277724,272212,12569,284781,5155
2021-08-11,Placer,061,380077,28170,26687,2217,28904,305
2021-08-11,Plumas,063,18699,868,824,14,838,5
2021-08-11,Riverside,065,2383286,317731,310265,14763,325028,4570
2021-08-11,Sacramento,067,1510023,126286,121603,2424,124027,1757
2021-08-11,San Benito,069,59416,6463,6381,119,6500,64
2021-08-11,San Bernardino,071,2135413,314803,309498,9597,319095,5296
2021-08-11,San Diego,073,3302833,315689,309406,18178,327584,3818
2021-08-11,San Francisco,075,870044,45124,43555,1770,45325,564
2021-08-11,San Joaquin,077,732212,81692,79641,4086,83727,1478
2021-08-11,San Luis Obispo,079,281455,23650,22920,870,23790,264
2021-08-11,San Mateo,081,765935,47455,46300,658,46958,548
2021-08-11,Santa Barbara,083,443738,37545,36699,1267,37966,472
2021-08-11,Santa Clara,085,1922200,129301,126301,909,127210,1769
2021-08-11,Santa Cruz,087,273765,17631,17191,857,18048,209
2021-08-11,Shasta,089,179085,14031,13546,1882,15428,211
2021-08-11,Sierra,091,2930,84,81,12,93,0
2021-08-11,Siskiyou,093,43540,2227,2124,508,2632,33
2021-08-11,Solano,095,438530,38637,36862,843,37705,262
2021-08-11,Sonoma,097,501317,35441,34188,409,34597,333
2021-08-11,Stanislaus,099,539301,62268,60767,6665,67432,1037
2021-08-11,Sutter,101,95872,10817,10628,112,10740,130
2021-08-11,Tehama,103,63373,5599,5410,651,6061,66
2021-08-11,Trinity,105,12862,546,385,125,510,3
2021-08-11,Tulare,107,460477,52907,51464,10149,61613,854
2021-08-11,Tuolumne,109,53932,4961,4794,51,4845,64
2021-08-11,Ventura,111,848112,87612,85863,3654,89517,1051
2021-08-11,Yolo,113,214977,16121,15593,545,16138,218
2021-08-11,Yuba,115,75493,7268,7063,162,7225,53
2021-08-10,Alameda,001,1643700,102687,99771,2232,102003,1281
2021-08-10,Alpine,003,1148,90,91,0,91,0
2021-08-10,Amador,005,37829,4248,4093,36,4129,49
2021-08-10,Butte,007,227075,14307,13853,2246,16099,205
2021-08-10,Calaveras,009,45235,2584,2491,15,2506,57
2021-08-10,Colusa,011,21464,2155,2088,405,2493,16
2021-08-10,Contra Costa,013,1133247,82926,80018,1588,81606,840
2021-08-10,Del Norte,015,27424,2086,1870,16,1886,8
2021-08-10,El Dorado,017,186661,12292,11734,1014,12748,117
2021-08-10,Fresno,019,978130,110348,107616,9441,117057,1747
2021-08-10,Glenn,021,27897,2601,2538,633,3171,20
2021-08-10,Humboldt,023,135768,6057,5718,104,5822,52
2021-08-10,Imperial,025,180216,29740,29522,2753,32275,745
2021-08-10,Inyo,027,18085,1489,1482,13,1495,39
2021-08-10,Kern,029,883053,103052,101254,12825,114079,1359
2021-08-10,Kings,031,150075,24876,24252,1247,25499,251
2021-08-10,Lake,033,64148,4869,4700,30,4730,67
2021-08-10,Lassen,035,31185,5499,5401,127,5528,21
2021-08-10,Los Angeles,037,10098052,1306667,1285140,46833,1331973,24821
2021-08-10,Madera,039,155013,17941,17481,1124,18605,245
2021-08-10,Marin,041,260295,15620,15194,306,15500,239
2021-08-10,Mariposa,043,17540,585,550,12,562,5
2021-08-10,Mendocino,045,87422,5053,4775,144,4919,49
2021-08-10,Merced,047,269075,33200,32721,1161,33882,477
2021-08-10,Modoc,049,8938,428,421,147,568,5
2021-08-10,Mono,051,14174,1348,1320,17,1337,3
2021-08-10,Monterey,053,433212,44698,44259,2100,46359,527
2021-08-10,Napa,055,140530,10946,10703,61,10764,83
2021-08-10,Nevada,057,99092,6512,6151,218,6369,73
2021-08-10,Orange,059,3164182,276844,271688,12522,284210,5155
2021-08-10,Placer,061,380077,27951,26561,2175,28736,305
2021-08-10,Plumas,063,18699,859,816,14,830,5
2021-08-10,Riverside,065,2383286,316616,309529,14737,324266,4564
2021-08-10,Sacramento,067,1510023,125433,121159,2393,123552,1755
2021-08-10,San Benito,069,59416,6449,6371,119,6490,64
2021-08-10,San Bernardino,071,2135413,313879,308672,9579,318251,5295
2021-08-10,San Diego,073,3302833,314047,308288,18086,326374,3815
2021-08-10,San Francisco,075,870044,44871,43389,1755,45144,564
2021-08-10,San Joaquin,077,732212,81294,79391,4068,83459,1478
2021-08-10,San Luis Obispo,079,281455,23524,22776,868,23644,264
2021-08-10,San Mateo,081,765935,47283,46184,656,46840,548
2021-08-10,Santa Barbara,083,443738,37380,36574,1260,37834,472
2021-08-10,Santa Clara,085,1922200,128838,126019,902,126921,1770
2021-08-10,Santa Cruz,087,273765,17548,17142,855,17997,209
2021-08-10,Shasta,089,179085,13953,13461,1859,15320,211
2021-08-10,Sierra,091,2930,84,76,12,88,0
2021-08-10,Siskiyou,093,43540,2218,2088,501,2589,33
2021-08-10,Solano,095,438530,38391,36767,832,37599,262
2021-08-10,Sonoma,097,501317,35296,34054,406,34460,333
2021-08-10,Stanislaus,099,539301,61922,60605,6628,67233,1037
2021-08-10,Sutter,101,95872,10752,10569,112,10681,130
2021-08-10,Tehama,103,63373,5570,5392,646,6038,66
2021-08-10,Trinity,105,12862,546,384,125,509,3
2021-08-10,Tulare,107,460477,52743,51390,10097,61487,854
2021-08-10,Tuolumne,109,53932,4932,4780,49,4829,64
2021-08-10,Ventura,111,848112,87323,85714,3633,89347,1051
2021-08-10,Yolo,113,214977,16034,15568,535,16103,218
2021-08-10,Yuba,115,75493,7219,7028,162,7190,50
2021-08-09,Alameda,001,1643700,102136,99496,2228,101724,1276
2021-08-09,Alpine,003,1148,90,91,0,91,0
2021-08-09,Amador,005,37829,4222,4078,36,4114,48
2021-08-09,Butte,007,227075,14208,13813,2217,16030,205
2021-08-09,Calaveras,009,45235,2559,2472,15,2487,57
2021-08-09,Colusa,011,21464,2145,2075,398,2473,16
2021-08-09,Contra Costa,013,1133247,82384,79740,1576,81316,840
2021-08-09,Del Norte,015,27424,2018,1848,16,1864,8
2021-08-09,El Dorado,017,186661,12185,11672,1001,12673,117
2021-08-09,Fresno,019,978130,109854,107310,9402,116712,1747
2021-08-09,Glenn,021,27897,2590,2532,621,3153,20
2021-08-09,Humboldt,023,135768,5966,5632,102,5734,52
2021-08-09,Imperial,025,180216,29695,29512,2749,32261,745
2021-08-09,Inyo,027,18085,1489,1481,13,1494,39
2021-08-09,Kern,029,883053,102740,101069,12739,113808,1359
2021-08-09,Kings,031,150075,24769,24155,1233,25388,250
2021-08-09,Lake,033,64148,4834,4670,28,4698,66
2021-08-09,Lassen,035,31185,5477,5393,126,5519,21
2021-08-09,Los Angeles,037,10098052,1302650,1282891,46633,1329524,24798
2021-08-09,Madera,039,155013,17882,17429,1104,18533,245
2021-08-09,Marin,041,260295,15567,15154,305,15459,239
2021-08-09,Mariposa,043,17540,572,545,12,557,5
2021-08-09,Mendocino,045,87422,5002,4732,136,4868,49
2021-08-09,Merced,047,269075,33054,32666,1154,33820,477
2021-08-09,Modoc,049,8938,428,419,147,566,5
2021-08-09,Mono,051,14174,1345,1337,17,1354,3
2021-08-09,Monterey,053,433212,44626,44190,2085,46275,527
2021-08-09,Napa,055,140530,10899,10679,61,10740,83
2021-08-09,Nevada,057,99092,6440,6088,217,6305,73
2021-08-09,Orange,059,3164182,275805,271036,12467,283503,5153
2021-08-09,Placer,061,380077,27727,26457,2144,28601,305
2021-08-09,Plumas,063,18699,842,803,14,817,5
2021-08-09,Riverside,065,2383286,315540,308678,14719,323397,4562
2021-08-09,Sacramento,067,1510023,124599,120812,2368,123180,1748
2021-08-09,San Benito,069,59416,6429,6359,117,6476,63
2021-08-09,San Bernardino,071,2135413,312894,308038,9556,317594,5295
2021-08-09,San Diego,073,3302833,312389,306855,17987,324842,3811
2021-08-09,San Francisco,075,870044,44625,43261,1739,45000,564
2021-08-09,San Joaquin,077,732212,80911,79198,4050,83248,1469
2021-08-09,San Luis Obispo,079,281455,23385,22695,859,23554,264
2021-08-09,San Mateo,081,765935,47111,46040,653,46693,548
2021-08-09,Santa Barbara,083,443738,37196,36474,1252,37726,470
2021-08-09,Santa Clara,085,1922200,128335,125791,893,126684,2187
2021-08-09,Santa Cruz,087,273765,17486,17082,855,17937,209
2021-08-09,Shasta,089,179085,13836,13397,1848,15245,210
2021-08-09,Sierra,091,2930,83,75,12,87,0
2021-08-09,Siskiyou,093,43540,2206,2047,486,2533,32
2021-08-09,Solano,095,438530,38115,36653,830,37483,262
2021-08-09,Sonoma,097,501317,35115,33933,404,34337,333
2021-08-09,Stanislaus,099,539301,61643,60410,6579,66989,1037
2021-08-09,Sutter,101,95872,10703,10525,109,10634,129
2021-08-09,Tehama,103,63373,5528,5373,645,6018,66
2021-08-09,Trinity,105,12862,544,378,123,501,3
2021-08-09,Tulare,107,460477,52584,51274,10035,61309,854
2021-08-09,Tuolumne,109,53932,4890,4745,49,4794,64
2021-08-09,Ventura,111,848112,87051,85514,3622,89136,1047
2021-08-09,Yolo,113,214977,15956,15521,514,16035,218
2021-08-09,Yuba,115,75493,7160,6994,162,7156,50
2021-08-08,Alameda,001,1643700,101587,99135,2222,101357,1276
2021-08-08,Alpine,003,1148,90,91,0,91,0
2021-08-08,Amador,005,37829,4188,4057,35,4092,48
2021-08-08,Butte,007,227075,14126,13791,2197,15988,205
2021-08-08,Calaveras,009,45235,2526,2462,15,2477,57
2021-08-08,Colusa,011,21464,2128,2070,391,2461,16
2021-08-08,Contra Costa,013,1133247,81859,79454,1568,81022,840
2021-08-08,Del Norte,015,27424,1972,1810,16,1826,8
2021-08-08,El Dorado,017,186661,12064,11631,991,12622,117
2021-08-08,Fresno,019,978130,109411,107078,9365,116443,1747
2021-08-08,Glenn,021,27897,2582,2527,614,3141,20
2021-08-08,Humboldt,023,135768,5877,5571,102,5673,52
2021-08-08,Imperial,025,180216,29671,29485,2739,32224,745
2021-08-08,Inyo,027,18085,1489,1481,13,1494,39
2021-08-08,Kern,029,883053,102420,100909,12627,113536,1359
2021-08-08,Kings,031,150075,24655,24095,1224,25319,250
2021-08-08,Lake,033,64148,4784,4636,27,4663,66
2021-08-08,Lassen,035,31185,5462,5391,125,5516,21
2021-08-08,Los Angeles,037,10098052,1298397,1279982,46450,1326432,24793
2021-08-08,Madera,039,155013,17803,17398,1087,18485,245
2021-08-08,Marin,041,260295,15514,15124,303,15427,239
2021-08-08,Mariposa,043,17540,568,538,12,550,5
2021-08-08,Mendocino,045,87422,4940,4702,123,4825,49
2021-08-08,Merced,047,269075,32907,32634,1145,33779,477
2021-08-08,Modoc,049,8938,427,419,146,565,5
2021-08-08,Mono,051,14174,1341,1336,17,1353,3
2021-08-08,Monterey,053,433212,44556,44171,2074,46245,527
2021-08-08,Napa,055,140530,10863,10668,61,10729,83
2021-08-08,Nevada,057,99092,6356,6009,215,6224,73
2021-08-08,Orange,059,3164182,274891,270532,12425,282957,5153
2021-08-08,Placer,061,380077,27518,26332,2103,28435,305
2021-08-08,Plumas,063,18699,833,803,14,817,5
2021-08-08,Riverside,065,2383286,314417,308042,14696,322738,4562
2021-08-08,Sacramento,067,1510023,123770,120109,2356,122465,1744
2021-08-08,San Benito,069,59416,6412,6350,116,6466,63
2021-08-08,San Bernardino,071,2135413,311752,307378,9527,316905,5295
2021-08-08,San Diego,073,3302833,311048,305983,17889,323872,3811
2021-08-08,San Francisco,075,870044,44363,43098,1717,44815,564
2021-08-08,San Joaquin,077,732212,80462,79002,4034,83036,1469
2021-08-08,San Luis Obispo,079,281455,23211,22668,851,23519,263
2021-08-08,San Mateo,081,765935,46921,45927,650,46577,548
2021-08-08,Santa Barbara,083,443738,37019,36417,1245,37662,470
2021-08-08,Santa Clara,085,1922200,127884,125553,888,126441,2187
2021-08-08,Santa Cruz,087,273765,17415,17035,850,17885,209
2021-08-08,Shasta,089,179085,13751,13381,1837,15218,210
2021-08-08,Sierra,091,2930,83,74,12,86,0
2021-08-08,Siskiyou,093,43540,2190,2041,481,2522,32
2021-08-08,Solano,095,438530,37863,36551,826,37377,262
2021-08-08,Sonoma,097,501317,34871,33805,403,34208,333
2021-08-08,Stanislaus,099,539301,61317,60269,6534,66803,1037
2021-08-08,Sutter,101,95872,10643,10481,108,10589,129
2021-08-08,Tehama,103,63373,5492,5359,642,6001,66
2021-08-08,Trinity,105,12862,539,378,123,501,3
2021-08-08,Tulare,107,460477,52405,51220,9976,61196,854
2021-08-08,Tuolumne,109,53932,4850,4731,49,4780,64
2021-08-08,Ventura,111,848112,86760,85382,3612,88994,1047
2021-08-08,Yolo,113,214977,15863,15477,507,15984,218
2021-08-08,Yuba,115,75493,7121,6967,162,7129,50
2021-08-07,Alameda,001,1643700,101341,98812,2216,101028,1276
2021-08-07,Alpine,003,1148,90,91,0,91,0
2021-08-07,Amador,005,37829,4171,4041,34,4075,48
2021-08-07,Butte,007,227075,14074,13714,2185,15899,205
2021-08-07,Calaveras,009,45235,2516,2446,15,2461,57
2021-08-07,Colusa,011,21464,2123,2067,382,2449,16
2021-08-07,Contra Costa,013,1133247,81563,79168,1565,80733,840
2021-08-07,Del Norte,015,27424,1940,1791,16,1807,8
2021-08-07,El Dorado,017,186661,12016,11575,984,12559,117
2021-08-07,Fresno,019,978130,109207,106861,9339,116200,1747
2021-08-07,Glenn,021,27897,2574,2515,613,3128,20
2021-08-07,Humboldt,023,135768,5827,5510,99,5609,52
2021-08-07,Imperial,025,180216,29652,29470,2739,32209,745
2021-08-07,Inyo,027,18085,1487,1476,13,1489,39
2021-08-07,Kern,029,883053,102262,100693,12571,113264,1359
2021-08-07,Kings,031,150075,24594,24048,1218,25266,250
2021-08-07,Lake,033,64148,4763,4613,27,4640,66
2021-08-07,Lassen,035,31185,5458,5386,125,5511,21
2021-08-07,Los Angeles,037,10098052,1296358,1276853,46305,1323158,24786
2021-08-07,Madera,039,155013,17768,17366,1083,18449,245
2021-08-07,Marin,041,260295,15480,15085,302,15387,239
2021-08-07,Mariposa,043,17540,565,530,12,542,5
2021-08-07,Mendocino,045,87422,4904,4690,121,4811,49
2021-08-07,Merced,047,269075,32843,32569,1142,33711,477
2021-08-07,Modoc,049,8938,427,419,146,565,5
2021-08-07,Mono,051,14174,1338,1329,17,1346,3
2021-08-07,Monterey,053,433212,44504,44124,2069,46193,527
2021-08-07,Napa,055,140530,10842,10658,60,10718,83
2021-08-07,Nevada,057,99092,6306,5967,213,6180,73
2021-08-07,Orange,059,3164182,274299,269900,12395,282295,5153
2021-08-07,Placer,061,380077,27329,26244,2094,28338,305
2021-08-07,Plumas,063,18699,828,801,14,815,5
2021-08-07,Riverside,065,2383286,313745,307326,14689,322015,4562
2021-08-07,Sacramento,067,1510023,123268,119636,2352,121988,1744
2021-08-07,San Benito,069,59416,6402,6332,116,6448,63
2021-08-07,San Bernardino,071,2135413,311163,306663,9510,316173,5295
2021-08-07,San Diego,073,3302833,310292,304974,17854,322828,3811
2021-08-07,San Francisco,075,870044,44191,42926,1699,44625,564
2021-08-07,San Joaquin,077,732212,80298,78769,4019,82788,1469
2021-08-07,San Luis Obispo,079,281455,23142,22579,850,23429,263
2021-08-07,San Mateo,081,765935,46793,45804,648,46452,548
2021-08-07,Santa Barbara,083,443738,36923,36303,1239,37542,470
2021-08-07,Santa Clara,085,1922200,127613,125196,883,126079,2188
2021-08-07,Santa Cruz,087,273765,17372,16994,848,17842,209
2021-08-07,Shasta,089,179085,13695,13361,1830,15191,210
2021-08-07,Sierra,091,2930,83,74,12,86,0
2021-08-07,Siskiyou,093,43540,2178,2039,479,2518,32
2021-08-07,Solano,095,438530,37747,36458,818,37276,262
2021-08-07,Sonoma,097,501317,34749,33716,403,34119,333
2021-08-07,Stanislaus,099,539301,61146,60093,6504,66597,1037
2021-08-07,Sutter,101,95872,10606,10447,108,10555,129
2021-08-07,Tehama,103,63373,5481,5343,637,5980,66
2021-08-07,Trinity,105,12862,535,377,122,499,3
2021-08-07,Tulare,107,460477,52319,51133,9938,61071,854
2021-08-07,Tuolumne,109,53932,4820,4721,49,4770,64
2021-08-07,Ventura,111,848112,86580,85232,3598,88830,1047
2021-08-07,Yolo,113,214977,15820,15423,502,15925,218
2021-08-07,Yuba,115,75493,7096,6937,160,7097,50
2021-08-06,Alameda,001,1643700,101012,98487,2210,100697,1275
2021-08-06,Alpine,003,1148,90,91,0,91,0
2021-08-06,Amador,005,37829,4150,4002,34,4036,48
2021-08-06,Butte,007,227075,14024,13626,2170,15796,205
2021-08-06,Calaveras,009,45235,2505,2419,15,2434,57
2021-08-06,Colusa,011,21464,2116,2045,377,2422,16
2021-08-06,Contra Costa,013,1133247,81268,78796,1560,80356,840
2021-08-06,Del Norte,015,27424,1913,1755,15,1770,8
2021-08-06,El Dorado,017,186661,11966,11498,972,12470,117
2021-08-06,Fresno,019,978130,108943,106542,9312,115854,1747
2021-08-06,Glenn,021,27897,2559,2504,610,3114,20
2021-08-06,Humboldt,023,135768,5776,5421,96,5517,52
2021-08-06,Imperial,025,180216,29641,29404,2735,32139,745
2021-08-06,Inyo,027,18085,1484,1471,13,1484,39
2021-08-06,Kern,029,883053,102085,100427,12486,112913,1359
2021-08-06,Kings,031,150075,24539,23974,1214,25188,250
2021-08-06,Lake,033,64148,4740,4557,27,4584,66
2021-08-06,Lassen,035,31185,5436,5368,125,5493,21
2021-08-06,Los Angeles,037,10098052,1293864,1273081,46156,1319237,24772
2021-08-06,Madera,039,155013,17729,17324,1074,18398,245
2021-08-06,Marin,041,260295,15447,15051,302,15353,239
2021-08-06,Mariposa,043,17540,556,511,12,523,5
2021-08-06,Mendocino,045,87422,4862,4649,120,4769,49
2021-08-06,Merced,047,269075,32783,32456,1139,33595,477
2021-08-06,Modoc,049,8938,427,419,146,565,5
2021-08-06,Mono,051,14174,1337,1328,17,1345,3
2021-08-06,Monterey,053,433212,44436,44058,2056,46114,527
2021-08-06,Napa,055,140530,10815,10620,60,10680,83
2021-08-06,Nevada,057,99092,6250,5874,213,6087,73
2021-08-06,Orange,059,3164182,273733,269077,12378,281455,5151
2021-08-06,Placer,061,380077,27206,26086,2073,28159,305
2021-08-06,Plumas,063,18699,819,795,14,809,5
2021-08-06,Riverside,065,2383286,313035,306304,14678,320982,4562
2021-08-06,Sacramento,067,1510023,122776,119169,2333,121502,1740
2021-08-06,San Benito,069,59416,6385,6315,116,6431,63
2021-08-06,San Bernardino,071,2135413,310462,305806,9500,315306,5286
2021-08-06,San Diego,073,3302833,309253,303691,17805,321496,3810
2021-08-06,San Francisco,075,870044,44035,42659,1681,44340,565
2021-08-06,San Joaquin,077,732212,80148,78405,4007,82412,1469
2021-08-06,San Luis Obispo,079,281455,23074,22472,845,23317,263
2021-08-06,San Mateo,081,765935,46641,45665,643,46308,548
2021-08-06,Santa Barbara,083,443738,36834,36208,1235,37443,470
2021-08-06,Santa Clara,085,1922200,127323,124767,878,125645,2185
2021-08-06,Santa Cruz,087,273765,17328,16924,844,17768,207
2021-08-06,Shasta,089,179085,13629,13284,1824,15108,210
2021-08-06,Sierra,091,2930,83,73,12,85,0
2021-08-06,Siskiyou,093,43540,2168,2030,475,2505,32
2021-08-06,Solano,095,438530,37637,36351,809,37160,262
2021-08-06,Sonoma,097,501317,34663,33594,402,33996,333
2021-08-06,Stanislaus,099,539301,61008,59854,6484,66338,1037
2021-08-06,Sutter,101,95872,10563,10391,108,10499,128
2021-08-06,Tehama,103,63373,5457,5325,635,5960,66
2021-08-06,Trinity,105,12862,534,371,121,492,3
2021-08-06,Tulare,107,460477,52218,51018,9891,60909,854
2021-08-06,Tuolumne,109,53932,4793,4674,49,4723,64
2021-08-06,Ventura,111,848112,86409,85046,3586,88632,1047
2021-08-06,Yolo,113,214977,15767,15299,497,15796,218
2021-08-06,Yuba,115,75493,7073,6904,160,7064,50
2021-08-05,Alameda,001,1643700,100528,98052,2205,100257,1275
2021-08-05,Alpine,003,1148,90,91,0,91,0
2021-08-05,Amador,005,37829,4130,3992,34,4026,48
2021-08-05,Butte,007,227075,13963,13564,2147,15711,206
2021-08-05,Calaveras,009,45235,2486,2397,15,2412,57
2021-08-05,Colusa,011,21464,2104,2036,372,2408,16
2021-08-05,Contra Costa,013,1133247,80841,78514,1553,80067,840
2021-08-05,Del Norte,015,27424,1886,1731,15,1746,8
2021-08-05,El Dorado,017,186661,11881,11408,961,12369,117
2021-08-05,Fresno,019,978130,108572,106219,9275,115494,1747
2021-08-05,Glenn,021,27897,2553,2494,607,3101,20
2021-08-05,Humboldt,023,135768,5702,5328,95,5423,52
2021-08-05,Imperial,025,180216,29610,29383,2731,32114,745
2021-08-05,Inyo,027,18085,1480,1468,13,1481,38
2021-08-05,Kern,029,883053,101863,100091,12401,112492,1358
2021-08-05,Kings,031,150075,24455,23906,1209,25115,249
2021-08-05,Lake,033,64148,4701,4490,25,4515,66
2021-08-05,Lassen,035,31185,5428,5344,125,5469,21
2021-08-05,Los Angeles,037,10098052,1290644,1269445,46024,1315469,24756
2021-08-05,Madera,039,155013,17688,17301,1066,18367,245
2021-08-05,Marin,041,260295,15403,15005,298,15303,239
2021-08-05,Mariposa,043,17540,545,504,11,515,5
2021-08-05,Mendocino,045,87422,4819,4597,111,4708,49
2021-08-05,Merced,047,269075,32716,32381,1128,33509,477
2021-08-05,Modoc,049,8938,426,418,146,564,5
2021-08-05,Mono,051,14174,1329,1309,17,1326,3
2021-08-05,Monterey,053,433212,44379,43992,2038,46030,527
2021-08-05,Napa,055,140530,10779,10591,58,10649,83
2021-08-05,Nevada,057,99092,6168,5778,210,5988,73
2021-08-05,Orange,059,3164182,272952,268329,12352,280681,5149
2021-08-05,Placer,061,380077,27006,25965,2046,28011,305
2021-08-05,Plumas,063,18699,810,787,14,801,5
2021-08-05,Riverside,065,2383286,312117,305415,14652,320067,4562
2021-08-05,Sacramento,067,1510023,122068,118590,2319,120909,1739
2021-08-05,San Benito,069,59416,6367,6305,116,6421,63
2021-08-05,San Bernardino,071,2135413,309626,304956,9479,314435,5284
2021-08-05,San Diego,073,3302833,307981,302220,17723,319943,3806
2021-08-05,San Francisco,075,870044,43823,42301,1672,43973,564
2021-08-05,San Joaquin,077,732212,79786,78151,3989,82140,1468
2021-08-05,San Luis Obispo,079,281455,22959,22362,839,23201,263
2021-08-05,San Mateo,081,765935,46468,45554,641,46195,548
2021-08-05,Santa Barbara,083,443738,36727,36112,1232,37344,470
2021-08-05,Santa Clara,085,1922200,126990,124490,878,125368,2185
2021-08-05,Santa Cruz,087,273765,17284,16867,841,17708,207
2021-08-05,Shasta,089,179085,13571,13217,1816,15033,210
2021-08-05,Sierra,091,2930,78,73,12,85,0
2021-08-05,Siskiyou,093,43540,2147,2024,466,2490,32
2021-08-05,Solano,095,438530,37456,36250,802,37052,262
2021-08-05,Sonoma,097,501317,34528,33455,401,33856,330
2021-08-05,Stanislaus,099,539301,60786,59692,6445,66137,1037
2021-08-05,Sutter,101,95872,10508,10349,108,10457,127
2021-08-05,Tehama,103,63373,5439,5305,632,5937,66
2021-08-05,Trinity,105,12862,528,367,121,488,3
2021-08-05,Tulare,107,460477,52101,50889,9837,60726,854
2021-08-05,Tuolumne,109,53932,4763,4619,49,4668,64
2021-08-05,Ventura,111,848112,86158,84837,3572,88409,1047
2021-08-05,Yolo,113,214977,15700,15250,487,15737,218
2021-08-05,Yuba,115,75493,7030,6872,158,7030,50
2021-08-04,Alameda,001,1643700,100024,97477,2194,99671,1274
2021-08-04,Alpine,003,1148,90,91,0,91,0
2021-08-04,Amador,005,37829,4100,3962,33,3995,48
2021-08-04,Butte,007,227075,13895,13509,2130,15639,205
2021-08-04,Calaveras,009,45235,2461,2374,15,2389,57
2021-08-04,Colusa,011,21464,2092,2025,366,2391,16
2021-08-04,Contra Costa,013,1133247,80324,77966,1548,79514,840
2021-08-04,Del Norte,015,27424,1863,1701,15,1716,8
2021-08-04,El Dorado,017,186661,11801,11319,950,12269,117
2021-08-04,Fresno,019,978130,108202,105899,9236,115135,1747
2021-08-04,Glenn,021,27897,2545,2487,605,3092,20
2021-08-04,Humboldt,023,135768,5626,5271,94,5365,52
2021-08-04,Imperial,025,180216,29562,29375,2729,32104,745
2021-08-04,Inyo,027,18085,1479,1465,13,1478,38
2021-08-04,Kern,029,883053,101613,99868,12318,112186,1358
2021-08-04,Kings,031,150075,24383,23840,1201,25041,250
2021-08-04,Lake,033,64148,4671,4423,20,4443,65
2021-08-04,Lassen,035,31185,5420,5340,125,5465,21
2021-08-04,Los Angeles,037,10098052,1287149,1265788,45865,1311653,24737
2021-08-04,Madera,039,155013,17653,17251,1059,18310,245
2021-08-04,Marin,041,260295,15356,14950,296,15246,239
2021-08-04,Mariposa,043,17540,530,497,11,508,5
2021-08-04,Mendocino,045,87422,4795,4560,107,4667,49
2021-08-04,Merced,047,269075,32578,32274,1123,33397,476
2021-08-04,Modoc,049,8938,426,416,146,562,5
2021-08-04,Mono,051,14174,1325,1307,17,1324,3
2021-08-04,Monterey,053,433212,44314,43926,2027,45953,526
2021-08-04,Napa,055,140530,10741,10544,58,10602,82
2021-08-04,Nevada,057,99092,6104,5702,209,5911,73
2021-08-04,Orange,059,3164182,272077,267199,12315,279514,5146
2021-08-04,Placer,061,380077,26789,25688,2026,27714,305
2021-08-04,Plumas,063,18699,804,784,14,798,5
2021-08-04,Riverside,065,2383286,311192,304272,14627,318899,4562
2021-08-04,Sacramento,067,1510023,121311,117882,2293,120175,1736
2021-08-04,San Benito,069,59416,6352,6300,116,6416,63
2021-08-04,San Bernardino,071,2135413,308768,304164,9460,313624,5285
2021-08-04,San Diego,073,3302833,306468,301100,17656,318756,3805
2021-08-04,San Francisco,075,870044,43567,41913,1660,43573,562
2021-08-04,San Joaquin,077,732212,79429,77846,3977,81823,1466
2021-08-04,San Luis Obispo,079,281455,22849,22245,833,23078,262
2021-08-04,San Mateo,081,765935,46296,45392,640,46032,548
2021-08-04,Santa Barbara,083,443738,36598,36013,1224,37237,470
2021-08-04,Santa Clara,085,1922200,126599,124127,871,124998,2183
2021-08-04,Santa Cruz,087,273765,17222,16820,834,17654,208
2021-08-04,Shasta,089,179085,13520,13134,1805,14939,211
2021-08-04,Sierra,091,2930,78,73,12,85,0
2021-08-04,Siskiyou,093,43540,2127,2010,462,2472,32
2021-08-04,Solano,095,438530,37255,36025,793,36818,262
2021-08-04,Sonoma,097,501317,34356,33311,399,33710,330
2021-08-04,Stanislaus,099,539301,60560,59396,6407,65803,1037
2021-08-04,Sutter,101,95872,10471,10294,108,10402,127
2021-08-04,Tehama,103,63373,5413,5281,626,5907,66
2021-08-04,Trinity,105,12862,526,362,118,480,3
2021-08-04,Tulare,107,460477,51991,50797,9793,60590,855
2021-08-04,Tuolumne,109,53932,4738,4584,49,4633,64
2021-08-04,Ventura,111,848112,85900,84406,3550,87956,1047
2021-08-04,Yolo,113,214977,15620,15189,474,15663,215
2021-08-04,Yuba,115,75493,6990,6827,157,6984,50
2021-08-03,Alameda,001,1643700,99577,97275,2189,99464,1270
2021-08-03,Alpine,003,1148,90,91,0,91,0
2021-08-03,Amador,005,37829,4064,3953,33,3986,48
2021-08-03,Butte,007,227075,13828,13468,2114,15582,205
2021-08-03,Calaveras,009,45235,2439,2356,15,2371,57
2021-08-03,Colusa,011,21464,2079,2023,360,2383,16
2021-08-03,Contra Costa,013,1133247,79842,77739,1541,79280,836
2021-08-03,Del Norte,015,27424,1831,1691,14,1705,8
2021-08-03,El Dorado,017,186661,11708,11255,939,12194,117
2021-08-03,Fresno,019,978130,107840,105732,9205,114937,1746
2021-08-03,Glenn,021,27897,2538,2481,599,3080,20
2021-08-03,Humboldt,023,135768,5561,5199,89,5288,52
2021-08-03,Imperial,025,180216,29540,29333,2722,32055,745
2021-08-03,Inyo,027,18085,1476,1459,13,1472,38
2021-08-03,Kern,029,883053,101351,99708,12239,111947,1358
2021-08-03,Kings,031,150075,24295,23780,1194,24974,249
2021-08-03,Lake,033,64148,4615,4408,16,4424,66
2021-08-03,Lassen,035,31185,5410,5341,125,5466,21
2021-08-03,Los Angeles,037,10098052,1283404,1262678,45689,1308367,24721
2021-08-03,Madera,039,155013,17612,17220,1044,18264,245
2021-08-03,Marin,041,260295,15307,14906,293,15199,243
2021-08-03,Mariposa,043,17540,519,495,11,506,5
2021-08-03,Mendocino,045,87422,4746,4546,106,4652,49
2021-08-03,Merced,047,269075,32495,32197,1121,33318,476
2021-08-03,Modoc,049,8938,426,416,146,562,5
2021-08-03,Mono,051,14174,1320,1303,17,1320,3
2021-08-03,Monterey,053,433212,44251,43872,2014,45886,525
2021-08-03,Napa,055,140530,10698,10527,57,10584,82
2021-08-03,Nevada,057,99092,6023,5685,208,5893,73
2021-08-03,Orange,059,3164182,271338,266649,12285,278934,5146
2021-08-03,Placer,061,380077,26588,25624,2002,27626,305
2021-08-03,Plumas,063,18699,797,779,14,793,5
2021-08-03,Riverside,065,2383286,310267,303499,14601,318100,4562
2021-08-03,Sacramento,067,1510023,120566,117591,2273,119864,1732
2021-08-03,San Benito,069,59416,6337,6284,115,6399,63
2021-08-03,San Bernardino,071,2135413,307846,303386,9442,312828,5265
2021-08-03,San Diego,073,3302833,305029,300189,17546,317735,3803
2021-08-03,San Francisco,075,870044,43283,41758,1640,43398,562
2021-08-03,San Joaquin,077,732212,79078,77615,3956,81571,1461
2021-08-03,San Luis Obispo,079,281455,22709,22166,826,22992,264
2021-08-03,San Mateo,081,765935,46104,45255,635,45890,548
2021-08-03,Santa Barbara,083,443738,36479,35912,1218,37130,469
2021-08-03,Santa Clara,085,1922200,126178,123914,865,124779,2183
2021-08-03,Santa Cruz,087,273765,17156,16778,831,17609,207
2021-08-03,Shasta,089,179085,13445,13091,1794,14885,211
2021-08-03,Sierra,091,2930,78,72,12,84,0
2021-08-03,Siskiyou,093,43540,2116,1998,457,2455,32
2021-08-03,Solano,095,438530,37035,35953,781,36734,261
2021-08-03,Sonoma,097,501317,34175,33243,398,33641,330
2021-08-03,Stanislaus,099,539301,60338,59282,6388,65670,1037
2021-08-03,Sutter,101,95872,10431,10263,107,10370,127
2021-08-03,Tehama,103,63373,5386,5269,621,5890,66
2021-08-03,Trinity,105,12862,523,361,115,476,3
2021-08-03,Tulare,107,460477,51896,50729,9747,60476,854
2021-08-03,Tuolumne,109,53932,4703,4563,49,4612,64
2021-08-03,Ventura,111,848112,85656,84270,3529,87799,1046
2021-08-03,Yolo,113,214977,15528,15149,459,15608,215
2021-08-03,Yuba,115,75493,6953,6781,155,6936,50
2021-08-02,Alameda,001,1643700,99021,96954,2185,99139,1270
2021-08-02,Alpine,003,1148,90,91,0,91,0
2021-08-02,Amador,005,37829,4044,3927,33,3960,48
2021-08-02,Butte,007,227075,13748,13442,2095,15537,205
2021-08-02,Calaveras,009,45235,2414,2347,15,2362,57
2021-08-02,Colusa,011,21464,2067,2019,357,2376,16
2021-08-02,Contra Costa,013,1133247,79332,77516,1527,79043,836
2021-08-02,Del Norte,015,27424,1801,1653,14,1667,8
2021-08-02,El Dorado,017,186661,11605,11226,925,12151,116
2021-08-02,Fresno,019,978130,107494,105471,9168,114639,1744
2021-08-02,Glenn,021,27897,2530,2477,596,3073,20
2021-08-02,Humboldt,023,135768,5478,5161,87,5248,52
2021-08-02,Imperial,025,180216,29507,29302,2719,32021,743
2021-08-02,Inyo,027,18085,1470,1455,13,1468,38
2021-08-02,Kern,029,883053,101096,99556,12148,111704,1357
2021-08-02,Kings,031,150075,24225,23722,1188,24910,249
2021-08-02,Lake,033,64148,4572,4375,16,4391,66
2021-08-02,Lassen,035,31185,5387,5338,123,5461,21
2021-08-02,Los Angeles,037,10098052,1279682,1260807,45483,1306290,24705
2021-08-02,Madera,039,155013,17568,17158,1031,18189,245
2021-08-02,Marin,041,260295,15264,14859,292,15151,239
2021-08-02,Mariposa,043,17540,510,490,11,501,5
2021-08-02,Mendocino,045,87422,4706,4512,103,4615,49
2021-08-02,Merced,047,269075,32397,32163,1114,33277,474
2021-08-02,Modoc,049,8938,426,415,146,561,5
2021-08-02,Mono,051,14174,1313,1296,17,1313,3
2021-08-02,Monterey,053,433212,44191,43842,2006,45848,525
2021-08-02,Napa,055,140530,10655,10490,54,10544,82
2021-08-02,Nevada,057,99092,5952,5611,207,5818,73
2021-08-02,Orange,059,3164182,270424,266050,12240,278290,5146
2021-08-02,Placer,061,380077,26441,25516,1968,27484,306
2021-08-02,Plumas,063,18699,790,762,14,776,5
2021-08-02,Riverside,065,2383286,309329,302756,14586,317342,4562
2021-08-02,Sacramento,067,1510023,119868,117183,2254,119437,1728
2021-08-02,San Benito,069,59416,6318,6276,114,6390,63
2021-08-02,San Bernardino,071,2135413,306971,303000,9409,312409,5253
2021-08-02,San Diego,073,3302833,303549,299021,17466,316487,3798
2021-08-02,San Francisco,075,870044,42996,41553,1617,43170,562
2021-08-02,San Joaquin,077,732212,78735,77447,3931,81378,1461
2021-08-02,San Luis Obispo,079,281455,22615,22093,819,22912,261
2021-08-02,San Mateo,081,765935,45927,45154,623,45777,548
2021-08-02,Santa Barbara,083,443738,36341,35851,1212,37063,469
2021-08-02,Santa Clara,085,1922200,125707,123655,857,124512,2183
2021-08-02,Santa Cruz,087,273765,17098,16746,827,17573,207
2021-08-02,Shasta,089,179085,13383,13049,1780,14829,212
2021-08-02,Sierra,091,2930,78,71,12,83,0
2021-08-02,Siskiyou,093,43540,2105,1992,443,2435,31
2021-08-02,Solano,095,438530,36787,35852,768,36620,260
2021-08-02,Sonoma,097,501317,33949,33132,393,33525,330
2021-08-02,Stanislaus,099,539301,60119,59160,6361,65521,1037
2021-08-02,Sutter,101,95872,10385,10220,107,10327,127
2021-08-02,Tehama,103,63373,5363,5260,617,5877,66
2021-08-02,Trinity,105,12862,518,359,114,473,3
2021-08-02,Tulare,107,460477,51795,50640,9675,60315,854
2021-08-02,Tuolumne,109,53932,4636,4524,49,4573,64
2021-08-02,Ventura,111,848112,85471,84143,3506,87649,1044
2021-08-02,Yolo,113,214977,15430,15072,442,15514,215
2021-08-02,Yuba,115,75493,6911,6743,152,6895,50
2021-08-01,Alameda,001,1643700,98488,96775,2179,98954,1270
2021-08-01,Alpine,003,1148,90,91,0,91,0
2021-08-01,Amador,005,37829,4006,3923,33,3956,48
2021-08-01,Butte,007,227075,13670,13406,2078,15484,205
2021-08-01,Calaveras,009,45235,2390,2341,15,2356,57
2021-08-01,Colusa,011,21464,2056,2014,355,2369,16
2021-08-01,Contra Costa,013,1133247,78896,77360,1520,78880,836
2021-08-01,Del Norte,015,27424,1769,1642,14,1656,8
2021-08-01,El Dorado,017,186661,11505,11189,914,12103,116
2021-08-01,Fresno,019,978130,107167,105339,9123,114462,1744
2021-08-01,Glenn,021,27897,2524,2476,593,3069,20
2021-08-01,Humboldt,023,135768,5401,5118,83,5201,52
2021-08-01,Imperial,025,180216,29472,29297,2715,32012,743
2021-08-01,Inyo,027,18085,1468,1454,13,1467,38
2021-08-01,Kern,029,883053,100818,99396,12073,111469,1357
2021-08-01,Kings,031,150075,24138,23700,1183,24883,249
2021-08-01,Lake,033,64148,4493,4356,16,4372,66
2021-08-01,Lassen,035,31185,5374,5336,121,5457,21
2021-08-01,Los Angeles,037,10098052,1275991,1258461,45259,1303720,24700
2021-08-01,Madera,039,155013,17512,17146,1026,18172,245
2021-08-01,Marin,041,260295,15187,14844,291,15135,239
2021-08-01,Mariposa,043,17540,503,482,11,493,5
2021-08-01,Mendocino,045,87422,4660,4476,99,4575,49
2021-08-01,Merced,047,269075,32306,32144,1108,33252,474
2021-08-01,Modoc,049,8938,424,413,146,559,5
2021-08-01,Mono,051,14174,1310,1294,17,1311,3
2021-08-01,Monterey,053,433212,44144,43808,1993,45801,525
2021-08-01,Napa,055,140530,10606,10473,52,10525,82
2021-08-01,Nevada,057,99092,5865,5561,206,5767,73
2021-08-01,Orange,059,3164182,269610,265467,12197,277664,5146
2021-08-01,Placer,061,380077,26224,25464,1938,27402,306
2021-08-01,Plumas,063,18699,784,761,14,775,5
2021-08-01,Riverside,065,2383286,308396,302256,14568,316824,4562
2021-08-01,Sacramento,067,1510023,119132,116923,2240,119163,1727
2021-08-01,San Benito,069,59416,6301,6271,114,6385,63
2021-08-01,San Bernardino,071,2135413,306037,302542,9398,311940,5248
2021-08-01,San Diego,073,3302833,302363,298002,17401,315403,3798
2021-08-01,San Francisco,075,870044,42659,41432,1604,43036,562
2021-08-01,San Joaquin,077,732212,78368,77338,3906,81244,1461
2021-08-01,San Luis Obispo,079,281455,22513,22083,814,22897,261
2021-08-01,San Mateo,081,765935,45744,45036,616,45652,548
2021-08-01,Santa Barbara,083,443738,36217,35809,1208,37017,469
2021-08-01,Santa Clara,085,1922200,125295,123511,849,124360,2183
2021-08-01,Santa Cruz,087,273765,17019,16709,820,17529,207
2021-08-01,Shasta,089,179085,13312,13036,1771,14807,212
2021-08-01,Sierra,091,2930,76,71,12,83,0
2021-08-01,Siskiyou,093,43540,2099,1989,437,2426,31
2021-08-01,Solano,095,438530,36552,35800,759,36559,260
2021-08-01,Sonoma,097,501317,33757,33076,390,33466,330
2021-08-01,Stanislaus,099,539301,59882,59078,6329,65407,1037
2021-08-01,Sutter,101,95872,10330,10198,104,10302,127
2021-08-01,Tehama,103,63373,5346,5252,613,5865,66
2021-08-01,Trinity,105,12862,515,359,113,472,3
2021-08-01,Tulare,107,460477,51638,50600,9614,60214,854
2021-08-01,Tuolumne,109,53932,4598,4489,49,4538,64
2021-08-01,Ventura,111,848112,85241,84040,3491,87531,1044
2021-08-01,Yolo,113,214977,15360,15042,432,15474,215
2021-08-01,Yuba,115,75493,6874,6721,151,6872,50
2021-07-31,Alameda,001,1643700,98156,95279,2174,97453,1265
2021-07-31,Alpine,003,1148,90,89,0,89,0
2021-07-31,Amador,005,37829,3986,3877,33,3910,48
2021-07-31,Butte,007,227075,13636,13235,2058,15293,205
2021-07-31,Calaveras,009,45235,2381,2294,15,2309,57
2021-07-31,Colusa,011,21464,2050,2006,353,2359,16
2021-07-31,Contra Costa,013,1133247,78617,75866,1518,77384,832
2021-07-31,Del Norte,015,27424,1743,1576,14,1590,8
2021-07-31,El Dorado,017,186661,11452,11017,908,11925,116
2021-07-31,Fresno,019,978130,107008,104639,9110,113749,1744
2021-07-31,Glenn,021,27897,2519,2465,588,3053,20
2021-07-31,Humboldt,023,135768,5346,4978,82,5060,52
2021-07-31,Imperial,025,180216,29455,29164,2712,31876,743
2021-07-31,Inyo,027,18085,1465,1442,13,1455,38
2021-07-31,Kern,029,883053,100653,98903,12014,110917,1357
2021-07-31,Kings,031,150075,24085,23548,1178,24726,248
2021-07-31,Lake,033,64148,4468,4238,16,4254,66
2021-07-31,Lassen,035,31185,5367,5320,121,5441,21
2021-07-31,Los Angeles,037,10098052,1273785,1248545,45118,1293663,24691
2021-07-31,Madera,039,155013,17479,17058,1020,18078,245
2021-07-31,Marin,041,260295,15143,14701,290,14991,239
2021-07-31,Mariposa,043,17540,494,470,11,481,5
2021-07-31,Mendocino,045,87422,4635,4400,96,4496,49
2021-07-31,Merced,047,269075,32258,31959,1103,33062,474
2021-07-31,Modoc,049,8938,424,413,146,559,5
2021-07-31,Mono,051,14174,1308,1287,17,1304,3
2021-07-31,Monterey,053,433212,44104,43720,1983,45703,525
2021-07-31,Napa,055,140530,10587,10401,51,10452,82
2021-07-31,Nevada,057,99092,5826,5373,205,5578,72
2021-07-31,Orange,059,3164182,269036,263446,12179,275625,5144
2021-07-31,Placer,061,380077,26092,25104,1931,27035,306
2021-07-31,Plumas,063,18699,781,743,14,757,5
2021-07-31,Riverside,065,2383286,307779,300315,14558,314873,4554
2021-07-31,Sacramento,067,1510023,118720,115259,2233,117492,1720
2021-07-31,San Benito,069,59416,6290,6251,114,6365,63
2021-07-31,San Bernardino,071,2135413,305463,300726,9395,310121,5240
2021-07-31,San Diego,073,3302833,301690,295054,17355,312409,3798
2021-07-31,San Francisco,075,870044,42431,40412,1584,41996,562
2021-07-31,San Joaquin,077,732212,78203,76575,3893,80468,1443
2021-07-31,San Luis Obispo,079,281455,22460,21922,812,22734,260
2021-07-31,San Mateo,081,765935,45587,44622,611,45233,548
2021-07-31,Santa Barbara,083,443738,36136,35531,1207,36738,467
2021-07-31,Santa Clara,085,1922200,125040,122614,847,123461,2099
2021-07-31,Santa Cruz,087,273765,16980,16576,819,17395,207
2021-07-31,Shasta,089,179085,13275,12918,1763,14681,212
2021-07-31,Sierra,091,2930,76,68,12,80,0
2021-07-31,Siskiyou,093,43540,2090,1976,431,2407,31
2021-07-31,Solano,095,438530,36451,35340,752,36092,263
2021-07-31,Sonoma,097,501317,33631,32601,390,32991,329
2021-07-31,Stanislaus,099,539301,59723,58586,6307,64893,1035
2021-07-31,Sutter,101,95872,10296,10068,103,10171,127
2021-07-31,Tehama,103,63373,5331,5216,610,5826,66
2021-07-31,Trinity,105,12862,514,354,112,466,3
2021-07-31,Tulare,107,460477,51548,50409,9561,59970,854
2021-07-31,Tuolumne,109,53932,4559,4362,49,4411,64
2021-07-31,Ventura,111,848112,85080,83509,3475,86984,1044
2021-07-31,Yolo,113,214977,15312,14863,421,15284,215
2021-07-31,Yuba,115,75493,6851,6615,147,6762,50
2021-07-30,Alameda,001,1643700,97830,95279,2170,97449,1265
2021-07-30,Alpine,003,1148,90,89,0,89,0
2021-07-30,Amador,005,37829,3963,3877,33,3910,48
2021-07-30,Butte,007,227075,13581,13235,2045,15280,205
2021-07-30,Calaveras,009,45235,2371,2294,15,2309,57
2021-07-30,Colusa,011,21464,2046,2006,351,2357,16
2021-07-30,Contra Costa,013,1133247,78371,75866,1514,77380,832
2021-07-30,Del Norte,015,27424,1725,1576,14,1590,8
2021-07-30,El Dorado,017,186661,11418,11017,902,11919,116
2021-07-30,Fresno,019,978130,106814,104639,9098,113737,1744
2021-07-30,Glenn,021,27897,2514,2465,587,3052,20
2021-07-30,Humboldt,023,135768,5283,4978,79,5057,52
2021-07-30,Imperial,025,180216,29441,29164,2709,31873,743
2021-07-30,Inyo,027,18085,1464,1442,13,1455,38
2021-07-30,Kern,029,883053,100529,98903,11967,110870,1357
2021-07-30,Kings,031,150075,24045,23548,1174,24722,248
2021-07-30,Lake,033,64148,4440,4238,16,4254,66
2021-07-30,Lassen,035,31185,5363,5320,121,5441,21
2021-07-30,Los Angeles,037,10098052,1271453,1248545,44970,1293515,24691
2021-07-30,Madera,039,155013,17437,17058,1017,18075,245
2021-07-30,Marin,041,260295,15109,14701,290,14991,239
2021-07-30,Mariposa,043,17540,490,470,11,481,5
2021-07-30,Mendocino,045,87422,4605,4400,95,4495,49
2021-07-30,Merced,047,269075,32217,31959,1099,33058,474
2021-07-30,Modoc,049,8938,422,413,146,559,5
2021-07-30,Mono,051,14174,1303,1287,17,1304,3
2021-07-30,Monterey,053,433212,44070,43720,1974,45694,525
2021-07-30,Napa,055,140530,10565,10401,50,10451,82
2021-07-30,Nevada,057,99092,5769,5373,205,5578,72
2021-07-30,Orange,059,3164182,268411,263446,12153,275599,5144
2021-07-30,Placer,061,380077,26002,25104,1913,27017,306
2021-07-30,Plumas,063,18699,776,743,14,757,5
2021-07-30,Riverside,065,2383286,307142,300315,14548,314863,4554
2021-07-30,Sacramento,067,1510023,118268,115259,2229,117488,1720
2021-07-30,San Benito,069,59416,6283,6251,114,6365,63
2021-07-30,San Bernardino,071,2135413,304949,300726,9388,310114,5240
2021-07-30,San Diego,073,3302833,300916,295054,17297,312351,3798
2021-07-30,San Francisco,075,870044,42218,40412,1570,41982,562
2021-07-30,San Joaquin,077,732212,78049,76575,3888,80463,1443
2021-07-30,San Luis Obispo,079,281455,22422,21922,808,22730,260
2021-07-30,San Mateo,081,765935,45462,44622,598,45220,548
2021-07-30,Santa Barbara,083,443738,36067,35531,1201,36732,467
2021-07-30,Santa Clara,085,1922200,124817,122614,845,123459,2099
2021-07-30,Santa Cruz,087,273765,16954,16576,817,17393,207
2021-07-30,Shasta,089,179085,13230,12918,1763,14681,212
2021-07-30,Sierra,091,2930,75,68,12,80,0
2021-07-30,Siskiyou,093,43540,2081,1976,430,2406,31
2021-07-30,Solano,095,438530,36360,35340,736,36076,263
2021-07-30,Sonoma,097,501317,33536,32601,390,32991,329
2021-07-30,Stanislaus,099,539301,59579,58586,6287,64873,1035
2021-07-30,Sutter,101,95872,10261,10068,103,10171,127
2021-07-30,Tehama,103,63373,5321,5216,610,5826,66
2021-07-30,Trinity,105,12862,514,354,112,466,3
2021-07-30,Tulare,107,460477,51505,50409,9526,59935,854
2021-07-30,Tuolumne,109,53932,4541,4362,49,4411,64
2021-07-30,Ventura,111,848112,84916,83509,3460,86969,1044
2021-07-30,Yolo,113,214977,15252,14863,417,15280,215
2021-07-30,Yuba,115,75493,6815,6615,146,6761,50
2021-07-29,Alameda,001,1643700,97418,95279,2164,97443,1265
2021-07-29,Alpine,003,1148,90,89,0,89,0
2021-07-29,Amador,005,37829,3944,3877,33,3910,48
2021-07-29,Butte,007,227075,13532,13235,2037,15272,205
2021-07-29,Calaveras,009,45235,2356,2294,15,2309,57
2021-07-29,Colusa,011,21464,2039,2006,351,2357,16
2021-07-29,Contra Costa,013,1133247,77931,75866,1512,77378,832
2021-07-29,Del Norte,015,27424,1701,1576,14,1590,8
2021-07-29,El Dorado,017,186661,11354,11017,890,11907,116
2021-07-29,Fresno,019,978130,106550,104639,9072,113711,1744
2021-07-29,Glenn,021,27897,2504,2465,586,3051,20
2021-07-29,Humboldt,023,135768,5223,4978,77,5055,52
2021-07-29,Imperial,025,180216,29396,29164,2707,31871,743
2021-07-29,Inyo,027,18085,1460,1442,13,1455,38
2021-07-29,Kern,029,883053,100322,98903,11890,110793,1357
2021-07-29,Kings,031,150075,23999,23548,1170,24718,248
2021-07-29,Lake,033,64148,4405,4238,16,4254,66
2021-07-29,Lassen,035,31185,5355,5320,118,5438,21
2021-07-29,Los Angeles,037,10098052,1268352,1248545,44791,1293336,24691
2021-07-29,Madera,039,155013,17390,17058,1013,18071,245
2021-07-29,Marin,041,260295,15065,14701,290,14991,239
2021-07-29,Mariposa,043,17540,486,470,11,481,5
2021-07-29,Mendocino,045,87422,4582,4400,93,4493,49
2021-07-29,Merced,047,269075,32162,31959,1099,33058,474
2021-07-29,Modoc,049,8938,422,413,146,559,5
2021-07-29,Mono,051,14174,1301,1287,17,1304,3
2021-07-29,Monterey,053,433212,44021,43720,1964,45684,525
2021-07-29,Napa,055,140530,10533,10401,48,10449,82
2021-07-29,Nevada,057,99092,5717,5373,204,5577,72
2021-07-29,Orange,059,3164182,267699,263446,12121,275567,5144
2021-07-29,Placer,061,380077,25879,25104,1898,27002,306
2021-07-29,Plumas,063,18699,768,743,14,757,5
2021-07-29,Riverside,065,2383286,306437,300315,14524,314839,4554
2021-07-29,Sacramento,067,1510023,117713,115259,2216,117475,1720
2021-07-29,San Benito,069,59416,6272,6251,114,6365,63
2021-07-29,San Bernardino,071,2135413,304312,300726,9379,310105,5240
2021-07-29,San Diego,073,3302833,299859,295054,17229,312283,3798
2021-07-29,San Francisco,075,870044,41967,40412,1549,41961,562
2021-07-29,San Joaquin,077,732212,77794,76575,3880,80455,1443
2021-07-29,San Luis Obispo,079,281455,22367,21922,806,22728,260
2021-07-29,San Mateo,081,765935,45335,44622,588,45210,548
2021-07-29,Santa Barbara,083,443738,35981,35531,1200,36731,467
2021-07-29,Santa Clara,085,1922200,124520,122614,842,123456,2099
2021-07-29,Santa Cruz,087,273765,16901,16576,815,17391,207
2021-07-29,Shasta,089,179085,13176,12918,1754,14672,212
2021-07-29,Sierra,091,2930,75,68,12,80,0
2021-07-29,Siskiyou,093,43540,2076,1976,428,2404,31
2021-07-29,Solano,095,438530,36200,35340,726,36066,263
2021-07-29,Sonoma,097,501317,33362,32601,388,32989,329
2021-07-29,Stanislaus,099,539301,59407,58586,6272,64858,1035
2021-07-29,Sutter,101,95872,10215,10068,102,10170,127
2021-07-29,Tehama,103,63373,5308,5216,604,5820,66
2021-07-29,Trinity,105,12862,512,354,111,465,3
2021-07-29,Tulare,107,460477,51415,50409,9486,59895,854
2021-07-29,Tuolumne,109,53932,4501,4362,48,4410,64
2021-07-29,Ventura,111,848112,84750,83509,3453,86962,1044
2021-07-29,Yolo,113,214977,15185,14863,403,15266,215
2021-07-29,Yuba,115,75493,6766,6615,143,6758,50
2021-07-28,Alameda,001,1643700,96958,94965,2157,97122,1262
2021-07-28,Alpine,003,1148,90,89,0,89,0
2021-07-28,Amador,005,37829,3930,3870,33,3903,48
2021-07-28,Butte,007,227075,13475,13184,2024,15208,205
2021-07-28,Calaveras,009,45235,2335,2289,15,2304,57
2021-07-28,Colusa,011,21464,2036,2001,350,2351,16
2021-07-28,Contra Costa,013,1133247,77442,75487,1504,76991,832
2021-07-28,Del Norte,015,27424,1668,1545,14,1559,8
2021-07-28,El Dorado,017,186661,11304,10967,881,11848,116
2021-07-28,Fresno,019,978130,106300,104458,9052,113510,1744
2021-07-28,Glenn,021,27897,2501,2464,583,3047,20
2021-07-28,Humboldt,023,135768,5172,4946,76,5022,52
2021-07-28,Imperial,025,180216,29349,29096,2707,31803,743
2021-07-28,Inyo,027,18085,1454,1439,12,1451,38
2021-07-28,Kern,029,883053,100166,98781,11844,110625,1352
2021-07-28,Kings,031,150075,23935,23503,1160,24663,248
2021-07-28,Lake,033,64148,4359,4191,15,4206,65
2021-07-28,Lassen,035,31185,5347,5318,118,5436,21
2021-07-28,Los Angeles,037,10098052,1265175,1245485,44608,1290093,24673
2021-07-28,Madera,039,155013,17349,17024,1007,18031,245
2021-07-28,Marin,041,260295,15011,14652,290,14942,239
2021-07-28,Mariposa,043,17540,479,469,11,480,5
2021-07-28,Mendocino,045,87422,4554,4377,93,4470,49
2021-07-28,Merced,047,269075,32106,31886,1095,32981,474
2021-07-28,Modoc,049,8938,420,413,146,559,5
2021-07-28,Mono,051,14174,1300,1286,17,1303,3
2021-07-28,Monterey,053,433212,43974,43668,1955,45623,524
2021-07-28,Napa,055,140530,10493,10376,46,10422,82
2021-07-28,Nevada,057,99092,5663,5320,204,5524,72
2021-07-28,Orange,059,3164182,266906,262735,12092,274827,5143
2021-07-28,Placer,061,380077,25732,24978,1883,26861,306
2021-07-28,Plumas,063,18699,763,754,14,768,5
2021-07-28,Riverside,065,2383286,305670,299611,14505,314116,4554
2021-07-28,Sacramento,067,1510023,117060,114665,2197,116862,1714
2021-07-28,San Benito,069,59416,6261,6236,114,6350,63
2021-07-28,San Bernardino,071,2135413,303690,300121,9367,309488,5236
2021-07-28,San Diego,073,3302833,298585,294176,17156,311332,3798
2021-07-28,San Francisco,075,870044,41663,40144,1523,41667,561
2021-07-28,San Joaquin,077,732212,77543,76312,3850,80162,1443
2021-07-28,San Luis Obispo,079,281455,22308,21865,805,22670,260
2021-07-28,San Mateo,081,765935,45184,44477,579,45056,547
2021-07-28,Santa Barbara,083,443738,35906,35431,1195,36626,467
2021-07-28,Santa Clara,085,1922200,124258,122345,840,123185,2099
2021-07-28,Santa Cruz,087,273765,16863,16551,814,17365,207
2021-07-28,Shasta,089,179085,13131,12882,1744,14626,212
2021-07-28,Sierra,091,2930,71,67,12,79,0
2021-07-28,Siskiyou,093,43540,2067,1971,425,2396,31
2021-07-28,Solano,095,438530,36026,35204,719,35923,262
2021-07-28,Sonoma,097,501317,33218,32434,385,32819,328
2021-07-28,Stanislaus,099,539301,59210,58427,6256,64683,1035
2021-07-28,Sutter,101,95872,10183,10033,101,10134,126
2021-07-28,Tehama,103,63373,5296,5209,601,5810,66
2021-07-28,Trinity,105,12862,511,352,111,463,3
2021-07-28,Tulare,107,460477,51327,50363,9439,59802,854
2021-07-28,Tuolumne,109,53932,4462,4313,48,4361,64
2021-07-28,Ventura,111,848112,84554,83360,3437,86797,1043
2021-07-28,Yolo,113,214977,15113,14801,394,15195,215
2021-07-28,Yuba,115,75493,6733,6591,142,6733,51
2021-07-27,Alameda,001,1643700,96557,94682,2149,96831,1256
2021-07-27,Alpine,003,1148,90,89,0,89,0
2021-07-27,Amador,005,37829,3914,3861,33,3894,48
2021-07-27,Butte,007,227075,13427,13127,2013,15140,205
2021-07-27,Calaveras,009,45235,2324,2280,15,2295,57
2021-07-27,Colusa,011,21464,2027,1999,349,2348,16
2021-07-27,Contra Costa,013,1133247,76957,75227,1500,76727,830
2021-07-27,Del Norte,015,27424,1648,1538,14,1552,8
2021-07-27,El Dorado,017,186661,11244,10941,871,11812,116
2021-07-27,Fresno,019,978130,106008,104288,9029,113317,1746
2021-07-27,Glenn,021,27897,2493,2460,581,3041,20
2021-07-27,Humboldt,023,135768,5118,4925,75,5000,52
2021-07-27,Imperial,025,180216,29304,29048,2706,31754,743
2021-07-27,Inyo,027,18085,1452,1430,12,1442,38
2021-07-27,Kern,029,883053,99996,98724,11788,110512,1352
2021-07-27,Kings,031,150075,23878,23463,1150,24613,248
2021-07-27,Lake,033,64148,4320,4157,15,4172,65
2021-07-27,Lassen,035,31185,5341,5315,118,5433,21
2021-07-27,Los Angeles,037,10098052,1261708,1243336,44402,1287738,24658
2021-07-27,Madera,039,155013,17296,16998,1001,17999,245
2021-07-27,Marin,041,260295,14963,14631,287,14918,239
2021-07-27,Mariposa,043,17540,476,468,11,479,5
2021-07-27,Mendocino,045,87422,4531,4371,93,4464,49
2021-07-27,Merced,047,269075,32039,31825,1092,32917,473
2021-07-27,Modoc,049,8938,419,413,146,559,5
2021-07-27,Mono,051,14174,1296,1288,17,1305,3
2021-07-27,Monterey,053,433212,43934,43646,1944,45590,523
2021-07-27,Napa,055,140530,10463,10354,46,10400,82
2021-07-27,Nevada,057,99092,5586,5305,202,5507,72
2021-07-27,Orange,059,3164182,266165,262193,12066,274259,5143
2021-07-27,Placer,061,380077,25573,24916,1857,26773,306
2021-07-27,Plumas,063,18699,760,752,14,766,5
2021-07-27,Riverside,065,2383286,304941,299160,14486,313646,4554
2021-07-27,Sacramento,067,1510023,116457,114413,2188,116601,1710
2021-07-27,San Benito,069,59416,6252,6229,114,6343,63
2021-07-27,San Bernardino,071,2135413,303007,299593,9345,308938,5236
2021-07-27,San Diego,073,3302833,297496,293408,17077,310485,3798
2021-07-27,San Francisco,075,870044,41307,39939,1505,41444,561
2021-07-27,San Joaquin,077,732212,77281,76166,3831,79997,1442
2021-07-27,San Luis Obispo,079,281455,22253,21803,796,22599,260
2021-07-27,San Mateo,081,765935,45033,44378,576,44954,547
2021-07-27,Santa Barbara,083,443738,35811,35355,1193,36548,467
2021-07-27,Santa Clara,085,1922200,123964,122154,838,122992,2099
2021-07-27,Santa Cruz,087,273765,16817,16523,813,17336,207
2021-07-27,Shasta,089,179085,13081,12846,1731,14577,212
2021-07-27,Sierra,091,2930,71,65,12,77,0
2021-07-27,Siskiyou,093,43540,2062,1964,422,2386,31
2021-07-27,Solano,095,438530,35894,35093,709,35802,261
2021-07-27,Sonoma,097,501317,33074,32367,383,32750,328
2021-07-27,Stanislaus,099,539301,59042,58333,6228,64561,1033
2021-07-27,Sutter,101,95872,10142,9998,101,10099,115
2021-07-27,Tehama,103,63373,5274,5192,599,5791,66
2021-07-27,Trinity,105,12862,510,351,111,462,3
2021-07-27,Tulare,107,460477,51261,50324,9408,59732,854
2021-07-27,Tuolumne,109,53932,4410,4282,48,4330,64
2021-07-27,Ventura,111,848112,84346,83189,3425,86614,1043
2021-07-27,Yolo,113,214977,15040,14759,388,15147,215
2021-07-27,Yuba,115,75493,6711,6564,140,6704,51
2021-07-26,Alameda,001,1643700,96112,94436,2145,96581,1259
2021-07-26,Alpine,003,1148,90,89,0,89,0
2021-07-26,Amador,005,37829,3904,3854,33,3887,48
2021-07-26,Butte,007,227075,13372,13082,2002,15084,203
2021-07-26,Calaveras,009,45235,2318,2276,15,2291,57
2021-07-26,Colusa,011,21464,2020,1996,347,2343,16
2021-07-26,Contra Costa,013,1133247,76460,74854,1493,76347,830
2021-07-26,Del Norte,015,27424,1627,1530,14,1544,8
2021-07-26,El Dorado,017,186661,11180,10899,868,11767,116
2021-07-26,Fresno,019,978130,105804,104143,9006,113149,1742
2021-07-26,Glenn,021,27897,2491,2461,580,3041,20
2021-07-26,Humboldt,023,135768,5079,4906,73,4979,52
2021-07-26,Imperial,025,180216,29264,29034,2706,31740,743
2021-07-26,Inyo,027,18085,1447,1429,12,1441,38
2021-07-26,Kern,029,883053,99830,98633,11723,110356,1351
2021-07-26,Kings,031,150075,23829,23426,1146,24572,247
2021-07-26,Lake,033,64148,4299,4133,15,4148,65
2021-07-26,Lassen,035,31185,5337,5314,118,5432,21
2021-07-26,Los Angeles,037,10098052,1258360,1241527,44231,1285758,24647
2021-07-26,Madera,039,155013,17268,16971,994,17965,245
2021-07-26,Marin,041,260295,14906,14579,286,14865,239
2021-07-26,Mariposa,043,17540,475,467,11,478,5
2021-07-26,Mendocino,045,87422,4510,4354,93,4447,49
2021-07-26,Merced,047,269075,31948,31774,1088,32862,473
2021-07-26,Modoc,049,8938,419,413,146,559,5
2021-07-26,Mono,051,14174,1295,1286,17,1303,3
2021-07-26,Monterey,053,433212,43891,43595,1932,45527,521
2021-07-26,Napa,055,140530,10440,10332,46,10378,82
2021-07-26,Nevada,057,99092,5500,5280,202,5482,72
2021-07-26,Orange,059,3164182,265527,261803,12046,273849,5142
2021-07-26,Placer,061,380077,25436,24842,1836,26678,304
2021-07-26,Plumas,063,18699,756,750,14,764,5
2021-07-26,Riverside,065,2383286,304249,298626,14472,313098,4553
2021-07-26,Sacramento,067,1510023,115857,113986,2172,116158,1705
2021-07-26,San Benito,069,59416,6246,6222,114,6336,63
2021-07-26,San Bernardino,071,2135413,302392,299238,9332,308570,5237
2021-07-26,San Diego,073,3302833,296388,292688,16995,309683,3793
2021-07-26,San Francisco,075,870044,40945,39800,1479,41279,561
2021-07-26,San Joaquin,077,732212,77046,76033,3827,79860,1440
2021-07-26,San Luis Obispo,079,281455,22204,21752,793,22545,260
2021-07-26,San Mateo,081,765935,44885,44297,568,44865,547
2021-07-26,Santa Barbara,083,443738,35738,35311,1181,36492,467
2021-07-26,Santa Clara,085,1922200,123655,121978,829,122807,2099
2021-07-26,Santa Cruz,087,273765,16777,16493,810,17303,207
2021-07-26,Shasta,089,179085,13032,12819,1720,14539,211
2021-07-26,Sierra,091,2930,70,65,12,77,0
2021-07-26,Siskiyou,093,43540,2059,1962,420,2382,31
2021-07-26,Solano,095,438530,35739,34990,702,35692,259
2021-07-26,Sonoma,097,501317,32938,32283,381,32664,328
2021-07-26,Stanislaus,099,539301,58897,58219,6209,64428,1033
2021-07-26,Sutter,101,95872,10102,9963,98,10061,115
2021-07-26,Tehama,103,63373,5264,5183,595,5778,66
2021-07-26,Trinity,105,12862,510,351,110,461,3
2021-07-26,Tulare,107,460477,51195,50265,9379,59644,854
2021-07-26,Tuolumne,109,53932,4380,4271,47,4318,64
2021-07-26,Ventura,111,848112,84173,83072,3410,86482,1041
2021-07-26,Yolo,113,214977,14979,14727,376,15103,215
2021-07-26,Yuba,115,75493,6677,6538,138,6676,51
2021-07-25,Alameda,001,1643700,95624,94146,2140,96286,1259
2021-07-25,Alpine,003,1148,88,89,0,89,0
2021-07-25,Amador,005,37829,3889,3848,33,3881,48
2021-07-25,Butte,007,227075,13333,13074,1992,15066,203
2021-07-25,Calaveras,009,45235,2307,2275,15,2290,57
2021-07-25,Colusa,011,21464,2011,1996,343,2339,16
2021-07-25,Contra Costa,013,1133247,75976,74634,1479,76113,830
2021-07-25,Del Norte,015,27424,1606,1526,14,1540,8
2021-07-25,El Dorado,017,186661,11123,10878,864,11742,116
2021-07-25,Fresno,019,978130,105563,104019,8990,113009,1742
2021-07-25,Glenn,021,27897,2482,2461,578,3039,20
2021-07-25,Humboldt,023,135768,5020,4892,72,4964,52
2021-07-25,Imperial,025,180216,29228,29037,2706,31743,743
2021-07-25,Inyo,027,18085,1442,1427,12,1439,38
2021-07-25,Kern,029,883053,99658,98503,11652,110155,1351
2021-07-25,Kings,031,150075,23775,23396,1142,24538,247
2021-07-25,Lake,033,64148,4246,4109,14,4123,65
2021-07-25,Lassen,035,31185,5332,5314,118,5432,21
2021-07-25,Los Angeles,037,10098052,1254939,1239596,44038,1283634,24643
2021-07-25,Madera,039,155013,17231,16947,987,17934,245
2021-07-25,Marin,041,260295,14856,14558,283,14841,239
2021-07-25,Mariposa,043,17540,472,465,11,476,5
2021-07-25,Mendocino,045,87422,4481,4335,91,4426,49
2021-07-25,Merced,047,269075,31875,31760,1086,32846,473
2021-07-25,Modoc,049,8938,419,413,146,559,5
2021-07-25,Mono,051,14174,1292,1286,17,1303,3
2021-07-25,Monterey,053,433212,43853,43590,1924,45514,521
2021-07-25,Napa,055,140530,10404,10316,45,10361,82
2021-07-25,Nevada,057,99092,5435,5256,199,5455,72
2021-07-25,Orange,059,3164182,264819,261351,12023,273374,5142
2021-07-25,Placer,061,380077,25314,24755,1815,26570,304
2021-07-25,Plumas,063,18699,754,750,14,764,5
2021-07-25,Riverside,065,2383286,303484,298181,14455,312636,4553
2021-07-25,Sacramento,067,1510023,115307,113611,2157,115768,1704
2021-07-25,San Benito,069,59416,6239,6217,114,6331,63
2021-07-25,San Bernardino,071,2135413,301733,298982,9325,308307,5237
2021-07-25,San Diego,073,3302833,295326,290626,16921,307547,3793
2021-07-25,San Francisco,075,870044,40595,39663,1454,41117,561
2021-07-25,San Joaquin,077,732212,76789,75926,3808,79734,1440
2021-07-25,San Luis Obispo,079,281455,22131,21741,790,22531,260
2021-07-25,San Mateo,081,765935,44723,44189,562,44751,547
2021-07-25,Santa Barbara,083,443738,35658,35261,1178,36439,467
2021-07-25,Santa Clara,085,1922200,123325,121800,824,122624,2099
2021-07-25,Santa Cruz,087,273765,16730,16474,809,17283,207
2021-07-25,Shasta,089,179085,12985,12815,1715,14530,211
2021-07-25,Sierra,091,2930,70,65,12,77,0
2021-07-25,Siskiyou,093,43540,2051,1963,417,2380,31
2021-07-25,Solano,095,438530,35547,34863,699,35562,259
2021-07-25,Sonoma,097,501317,32813,32202,378,32580,328
2021-07-25,Stanislaus,099,539301,58731,58154,6204,64358,1033
2021-07-25,Sutter,101,95872,10049,9937,96,10033,115
2021-07-25,Tehama,103,63373,5248,5181,594,5775,66
2021-07-25,Trinity,105,12862,508,351,108,459,3
2021-07-25,Tulare,107,460477,51120,50221,9341,59562,854
2021-07-25,Tuolumne,109,53932,4329,4267,47,4314,64
2021-07-25,Ventura,111,848112,83959,82986,3387,86373,1041
2021-07-25,Yolo,113,214977,14918,14693,362,15055,215
2021-07-25,Yuba,115,75493,6644,6519,138,6657,51
2021-07-24,Alameda,001,1643700,95343,93170,2136,95306,1259
2021-07-24,Alpine,003,1148,88,89,0,89,0
2021-07-24,Amador,005,37829,3880,3816,33,3849,48
2021-07-24,Butte,007,227075,13304,12982,1990,14972,203
2021-07-24,Calaveras,009,45235,2302,2267,15,2282,57
2021-07-24,Colusa,011,21464,2010,1992,341,2333,16
2021-07-24,Contra Costa,013,1133247,75748,73682,1476,75158,830
2021-07-24,Del Norte,015,27424,1595,1497,14,1511,8
2021-07-24,El Dorado,017,186661,11089,10773,861,11634,116
2021-07-24,Fresno,019,978130,105445,103637,8980,112617,1736
2021-07-24,Glenn,021,27897,2480,2457,578,3035,20
2021-07-24,Humboldt,023,135768,4985,4780,71,4851,52
2021-07-24,Imperial,025,180216,29208,28996,2706,31702,742
2021-07-24,Inyo,027,18085,1439,1424,12,1436,38
2021-07-24,Kern,029,883053,99580,98261,11630,109891,1350
2021-07-24,Kings,031,150075,23744,23304,1139,24443,246
2021-07-24,Lake,033,64148,4223,3963,14,3977,64
2021-07-24,Lassen,035,31185,5331,5311,118,5429,21
2021-07-24,Los Angeles,037,10098052,1253162,1232164,43911,1276075,24623
2021-07-24,Madera,039,155013,17207,16885,985,17870,245
2021-07-24,Marin,041,260295,14817,14454,283,14737,238
2021-07-24,Mariposa,043,17540,472,453,11,464,5
2021-07-24,Mendocino,045,87422,4456,4293,91,4384,49
2021-07-24,Merced,047,269075,31853,31661,1085,32746,473
2021-07-24,Modoc,049,8938,419,413,146,559,5
2021-07-24,Mono,051,14174,1290,1284,17,1301,3
2021-07-24,Monterey,053,433212,43828,43525,1917,45442,521
2021-07-24,Napa,055,140530,10388,10230,45,10275,81
2021-07-24,Nevada,057,99092,5403,5183,199,5382,72
2021-07-24,Orange,059,3164182,264353,259973,12011,271984,5141
2021-07-24,Placer,061,380077,25232,24530,1810,26340,303
2021-07-24,Plumas,063,18699,753,737,14,751,4
2021-07-24,Riverside,065,2383286,303016,296912,14445,311357,4552
2021-07-24,Sacramento,067,1510023,114992,112438,2153,114591,1698
2021-07-24,San Benito,069,59416,6235,6200,113,6313,63
2021-07-24,San Bernardino,071,2135413,301342,297899,9316,307215,5236
2021-07-24,San Diego,073,3302833,294860,289368,16893,306261,3788
2021-07-24,San Francisco,075,870044,40422,38954,1438,40392,561
2021-07-24,San Joaquin,077,732212,76661,75461,3797,79258,1436
2021-07-24,San Luis Obispo,079,281455,22100,21616,788,22404,260
2021-07-24,San Mateo,081,765935,44606,43880,556,44436,542
2021-07-24,Santa Barbara,083,443738,35599,35071,1174,36245,465
2021-07-24,Santa Clara,085,1922200,123113,121092,823,121915,2099
2021-07-24,Santa Cruz,087,273765,16707,16416,809,17225,207
2021-07-24,Shasta,089,179085,12957,12759,1712,14471,211
2021-07-24,Sierra,091,2930,69,64,12,76,0
2021-07-24,Siskiyou,093,43540,2051,1951,417,2368,31
2021-07-24,Solano,095,438530,35455,34499,690,35189,259
2021-07-24,Sonoma,097,501317,32688,31928,376,32304,327
2021-07-24,Stanislaus,099,539301,58639,57879,6194,64073,1030
2021-07-24,Sutter,101,95872,10022,9890,96,9986,115
2021-07-24,Tehama,103,63373,5241,5166,592,5758,65
2021-07-24,Trinity,105,12862,508,345,108,453,3
2021-07-24,Tulare,107,460477,51077,50104,9324,59428,854
2021-07-24,Tuolumne,109,53932,4303,4216,47,4263,64
2021-07-24,Ventura,111,848112,83832,82687,3371,86058,1041
2021-07-24,Yolo,113,214977,14880,14557,358,14915,214
2021-07-24,Yuba,115,75493,6625,6449,138,6587,51
2021-07-23,Alameda,001,1643700,95090,93170,2132,95302,1259
2021-07-23,Alpine,003,1148,88,89,0,89,0
2021-07-23,Amador,005,37829,3873,3816,33,3849,48
2021-07-23,Butte,007,227075,13275,12982,1982,14964,203
2021-07-23,Calaveras,009,45235,2292,2267,15,2282,57
2021-07-23,Colusa,011,21464,2009,1992,341,2333,16
2021-07-23,Contra Costa,013,1133247,75488,73682,1467,75149,830
2021-07-23,Del Norte,015,27424,1587,1497,14,1511,8
2021-07-23,El Dorado,017,186661,11060,10773,857,11630,116
2021-07-23,Fresno,019,978130,105313,103637,8970,112607,1736
2021-07-23,Glenn,021,27897,2478,2457,575,3032,20
2021-07-23,Humboldt,023,135768,4963,4780,68,4848,52
2021-07-23,Imperial,025,180216,29196,28996,2706,31702,742
2021-07-23,Inyo,027,18085,1436,1424,12,1436,38
2021-07-23,Kern,029,883053,99498,98261,11605,109866,1350
2021-07-23,Kings,031,150075,23713,23304,1136,24440,246
2021-07-23,Lake,033,64148,4194,3963,14,3977,64
2021-07-23,Lassen,035,31185,5329,5311,118,5429,21
2021-07-23,Los Angeles,037,10098052,1251221,1232164,43802,1275966,24623
2021-07-23,Madera,039,155013,17177,16885,980,17865,245
2021-07-23,Marin,041,260295,14780,14454,281,14735,238
2021-07-23,Mariposa,043,17540,469,453,11,464,5
2021-07-23,Mendocino,045,87422,4443,4293,91,4384,49
2021-07-23,Merced,047,269075,31828,31661,1085,32746,473
2021-07-23,Modoc,049,8938,419,413,146,559,5
2021-07-23,Mono,051,14174,1289,1284,17,1301,3
2021-07-23,Monterey,053,433212,43802,43525,1917,45442,521
2021-07-23,Napa,055,140530,10367,10230,45,10275,81
2021-07-23,Nevada,057,99092,5359,5183,199,5382,72
2021-07-23,Orange,059,3164182,263904,259973,11988,271961,5141
2021-07-23,Placer,061,380077,25152,24530,1794,26324,303
2021-07-23,Plumas,063,18699,751,737,14,751,4
2021-07-23,Riverside,065,2383286,302550,296912,14433,311345,4552
2021-07-23,Sacramento,067,1510023,114637,112438,2151,114589,1698
2021-07-23,San Benito,069,59416,6229,6200,113,6313,63
2021-07-23,San Bernardino,071,2135413,300960,297899,9307,307206,5236
2021-07-23,San Diego,073,3302833,294252,289368,16845,306213,3788
2021-07-23,San Francisco,075,870044,40236,38954,1426,40380,561
2021-07-23,San Joaquin,077,732212,76557,75461,3782,79243,1436
2021-07-23,San Luis Obispo,079,281455,22061,21616,788,22404,260
2021-07-23,San Mateo,081,765935,44502,43880,552,44432,542
2021-07-23,Santa Barbara,083,443738,35534,35071,1173,36244,465
2021-07-23,Santa Clara,085,1922200,122894,121092,820,121912,2099
2021-07-23,Santa Cruz,087,273765,16682,16416,809,17225,207
2021-07-23,Shasta,089,179085,12930,12759,1709,14468,211
2021-07-23,Sierra,091,2930,69,64,12,76,0
2021-07-23,Siskiyou,093,43540,2049,1951,417,2368,31
2021-07-23,Solano,095,438530,35363,34499,686,35185,259
2021-07-23,Sonoma,097,501317,32593,31928,375,32303,327
2021-07-23,Stanislaus,099,539301,58563,57879,6185,64064,1030
2021-07-23,Sutter,101,95872,9993,9890,96,9986,115
2021-07-23,Tehama,103,63373,5232,5166,592,5758,65
2021-07-23,Trinity,105,12862,507,345,107,452,3
2021-07-23,Tulare,107,460477,51031,50104,9303,59407,854
2021-07-23,Tuolumne,109,53932,4281,4216,47,4263,64
2021-07-23,Ventura,111,848112,83670,82687,3353,86040,1041
2021-07-23,Yolo,113,214977,14844,14557,351,14908,214
2021-07-23,Yuba,115,75493,6599,6449,137,6586,51
2021-07-22,Alameda,001,1643700,94738,93170,2127,95297,1259
2021-07-22,Alpine,003,1148,88,89,0,89,0
2021-07-22,Amador,005,37829,3864,3816,33,3849,48
2021-07-22,Butte,007,227075,13241,12982,1973,14955,203
2021-07-22,Calaveras,009,45235,2282,2267,15,2282,57
2021-07-22,Colusa,011,21464,2007,1992,338,2330,16
2021-07-22,Contra Costa,013,1133247,75149,73682,1462,75144,830
2021-07-22,Del Norte,015,27424,1570,1497,14,1511,8
2021-07-22,El Dorado,017,186661,11024,10773,849,11622,116
2021-07-22,Fresno,019,978130,105184,103637,8960,112597,1736
2021-07-22,Glenn,021,27897,2474,2457,575,3032,20
2021-07-22,Humboldt,023,135768,4932,4780,66,4846,52
2021-07-22,Imperial,025,180216,29166,28996,2706,31702,742
2021-07-22,Inyo,027,18085,1434,1424,12,1436,38
2021-07-22,Kern,029,883053,99383,98261,11564,109825,1350
2021-07-22,Kings,031,150075,23674,23304,1134,24438,246
2021-07-22,Lake,033,64148,4143,3963,14,3977,64
2021-07-22,Lassen,035,31185,5326,5311,118,5429,21
2021-07-22,Los Angeles,037,10098052,1248782,1232164,43626,1275790,24623
2021-07-22,Madera,039,155013,17142,16885,978,17863,245
2021-07-22,Marin,041,260295,14739,14454,280,14734,238
2021-07-22,Mariposa,043,17540,462,453,11,464,5
2021-07-22,Mendocino,045,87422,4430,4293,90,4383,49
2021-07-22,Merced,047,269075,31786,31661,1084,32745,473
2021-07-22,Modoc,049,8938,419,413,146,559,5
2021-07-22,Mono,051,14174,1288,1284,17,1301,3
2021-07-22,Monterey,053,433212,43774,43525,1911,45436,521
2021-07-22,Napa,055,140530,10349,10230,45,10275,81
2021-07-22,Nevada,057,99092,5333,5183,198,5381,72
2021-07-22,Orange,059,3164182,263351,259973,11979,271952,5141
2021-07-22,Placer,061,380077,25058,24530,1783,26313,303
2021-07-22,Plumas,063,18699,750,737,14,751,4
2021-07-22,Riverside,065,2383286,302042,296912,14412,311324,4552
2021-07-22,Sacramento,067,1510023,114200,112438,2142,114580,1698
2021-07-22,San Benito,069,59416,6222,6200,113,6313,63
2021-07-22,San Bernardino,071,2135413,300556,297899,9292,307191,5236
2021-07-22,San Diego,073,3302833,293522,289368,16785,306153,3788
2021-07-22,San Francisco,075,870044,40023,38954,1414,40368,561
2021-07-22,San Joaquin,077,732212,76414,75461,3770,79231,1436
2021-07-22,San Luis Obispo,079,281455,22023,21616,784,22400,260
2021-07-22,San Mateo,081,765935,44390,43880,547,44427,542
2021-07-22,Santa Barbara,083,443738,35468,35071,1171,36242,465
2021-07-22,Santa Clara,085,1922200,122653,121092,817,121909,2099
2021-07-22,Santa Cruz,087,273765,16645,16416,808,17224,207
2021-07-22,Shasta,089,179085,12906,12759,1705,14464,211
2021-07-22,Sierra,091,2930,67,64,12,76,0
2021-07-22,Siskiyou,093,43540,2046,1951,417,2368,31
2021-07-22,Solano,095,438530,35217,34499,679,35178,259
2021-07-22,Sonoma,097,501317,32483,31928,373,32301,327
2021-07-22,Stanislaus,099,539301,58435,57879,6173,64052,1030
2021-07-22,Sutter,101,95872,9972,9890,96,9986,115
2021-07-22,Tehama,103,63373,5226,5166,592,5758,65
2021-07-22,Trinity,105,12862,507,345,107,452,3
2021-07-22,Tulare,107,460477,50988,50104,9275,59379,854
2021-07-22,Tuolumne,109,53932,4269,4216,47,4263,64
2021-07-22,Ventura,111,848112,83536,82687,3340,86027,1041
2021-07-22,Yolo,113,214977,14806,14557,351,14908,214
2021-07-22,Yuba,115,75493,6568,6449,134,6583,51
2021-07-21,Alameda,001,1643700,94419,92840,2124,94964,1256
2021-07-21,Alpine,003,1148,88,89,0,89,0
2021-07-21,Amador,005,37829,3851,3813,33,3846,48
2021-07-21,Butte,007,227075,13200,12939,1968,14907,203
2021-07-21,Calaveras,009,45235,2278,2257,15,2272,57
2021-07-21,Colusa,011,21464,2003,1988,337,2325,16
2021-07-21,Contra Costa,013,1133247,74885,73320,1453,74773,827
2021-07-21,Del Norte,015,27424,1560,1492,14,1506,8
2021-07-21,El Dorado,017,186661,10987,10742,845,11587,116
2021-07-21,Fresno,019,978130,105035,103504,8951,112455,1736
2021-07-21,Glenn,021,27897,2472,2455,574,3029,20
2021-07-21,Humboldt,023,135768,4900,4763,64,4827,52
2021-07-21,Imperial,025,180216,29154,28964,2703,31667,742
2021-07-21,Inyo,027,18085,1434,1423,12,1435,38
2021-07-21,Kern,029,883053,99265,98152,11523,109675,1350
2021-07-21,Kings,031,150075,23646,23270,1130,24400,246
2021-07-21,Lake,033,64148,4077,3896,14,3910,64
2021-07-21,Lassen,035,31185,5323,5310,118,5428,21
2021-07-21,Los Angeles,037,10098052,1246270,1229598,43488,1273086,24609
2021-07-21,Madera,039,155013,17118,16858,976,17834,245
2021-07-21,Marin,041,260295,14690,14427,280,14707,238
2021-07-21,Mariposa,043,17540,458,449,11,460,5
2021-07-21,Mendocino,045,87422,4412,4274,90,4364,49
2021-07-21,Merced,047,269075,31747,31607,1080,32687,473
2021-07-21,Modoc,049,8938,419,413,146,559,5
2021-07-21,Mono,051,14174,1285,1282,17,1299,3
2021-07-21,Monterey,053,433212,43744,43502,1908,45410,515
2021-07-21,Napa,055,140530,10323,10209,45,10254,81
2021-07-21,Nevada,057,99092,5298,5152,198,5350,72
2021-07-21,Orange,059,3164182,262797,259615,11949,271564,5139
2021-07-21,Placer,061,380077,24949,24441,1772,26213,303
2021-07-21,Plumas,063,18699,750,736,14,750,4
2021-07-21,Riverside,065,2383286,301529,296419,14395,310814,4552
2021-07-21,Sacramento,067,1510023,113777,112043,2131,114174,1696
2021-07-21,San Benito,069,59416,6212,6196,113,6309,63
2021-07-21,San Bernardino,071,2135413,300100,297519,9284,306803,5230
2021-07-21,San Diego,073,3302833,292672,288682,16722,305404,3787
2021-07-21,San Francisco,075,870044,39798,38699,1409,40108,559
2021-07-21,San Joaquin,077,732212,76225,75288,3758,79046,1434
2021-07-21,San Luis Obispo,079,281455,21986,21579,781,22360,260
2021-07-21,San Mateo,081,765935,44298,43755,543,44298,542
2021-07-21,Santa Barbara,083,443738,35409,34998,1155,36153,465
2021-07-21,Santa Clara,085,1922200,122444,120838,815,121653,2099
2021-07-21,Santa Cruz,087,273765,16611,16407,808,17215,207
2021-07-21,Shasta,089,179085,12873,12751,1702,14453,211
2021-07-21,Sierra,091,2930,67,64,12,76,0
2021-07-21,Siskiyou,093,43540,2044,1943,415,2358,31
2021-07-21,Solano,095,438530,35059,34374,674,35048,258
2021-07-21,Sonoma,097,501317,32367,31789,373,32162,327
2021-07-21,Stanislaus,099,539301,58333,57774,6163,63937,1028
2021-07-21,Sutter,101,95872,9948,9862,96,9958,113
2021-07-21,Tehama,103,63373,5222,5161,592,5753,65
2021-07-21,Trinity,105,12862,505,345,106,451,3
2021-07-21,Tulare,107,460477,50929,50066,9250,59316,854
2021-07-21,Tuolumne,109,53932,4232,4156,47,4203,64
2021-07-21,Ventura,111,848112,83414,82573,3328,85901,1041
2021-07-21,Yolo,113,214977,14765,14525,350,14875,213
2021-07-21,Yuba,115,75493,6540,6425,134,6559,52
2021-07-20,Alameda,001,1643700,94049,92625,2110,94735,1256
2021-07-20,Alpine,003,1148,88,89,0,89,0
2021-07-20,Amador,005,37829,3840,3807,33,3840,48
2021-07-20,Butte,007,227075,13163,12916,1962,14878,203
2021-07-20,Calaveras,009,45235,2275,2249,15,2264,57
2021-07-20,Colusa,011,21464,2003,1985,337,2322,16
2021-07-20,Contra Costa,013,1133247,74600,73143,1435,74578,825
2021-07-20,Del Norte,015,27424,1550,1490,14,1504,8
2021-07-20,El Dorado,017,186661,10947,10727,841,11568,116
2021-07-20,Fresno,019,978130,104900,103438,8932,112370,1736
2021-07-20,Glenn,021,27897,2472,2453,574,3027,20
2021-07-20,Humboldt,023,135768,4855,4735,62,4797,52
2021-07-20,Imperial,025,180216,29134,28933,2703,31636,742
2021-07-20,Inyo,027,18085,1430,1420,12,1432,36
2021-07-20,Kern,029,883053,99151,98082,11495,109577,1350
2021-07-20,Kings,031,150075,23605,23254,1125,24379,246
2021-07-20,Lake,033,64148,4052,3871,14,3885,64
2021-07-20,Lassen,035,31185,5323,5306,118,5424,21
2021-07-20,Los Angeles,037,10098052,1243473,1227404,43323,1270727,24603
2021-07-20,Madera,039,155013,17097,16856,972,17828,245
2021-07-20,Marin,041,260295,14654,14396,277,14673,234
2021-07-20,Mariposa,043,17540,456,448,11,459,5
2021-07-20,Mendocino,045,87422,4395,4259,90,4349,49
2021-07-20,Merced,047,269075,31708,31578,1073,32651,473
2021-07-20,Modoc,049,8938,419,413,146,559,5
2021-07-20,Mono,051,14174,1281,1281,17,1298,3
2021-07-20,Monterey,053,433212,43713,43481,1905,45386,515
2021-07-20,Napa,055,140530,10300,10191,45,10236,81
2021-07-20,Nevada,057,99092,5279,5148,197,5345,72
2021-07-20,Orange,059,3164182,262240,259303,11919,271222,5139
2021-07-20,Placer,061,380077,24858,24408,1750,26158,303
2021-07-20,Plumas,063,18699,748,736,14,750,4
2021-07-20,Riverside,065,2383286,300994,296118,14381,310499,4543
2021-07-20,Sacramento,067,1510023,113336,111796,2101,113897,1695
2021-07-20,San Benito,069,59416,6205,6196,113,6309,63
2021-07-20,San Bernardino,071,2135413,299691,297222,9259,306481,5231
2021-07-20,San Diego,073,3302833,291746,288209,16626,304835,3786
2021-07-20,San Francisco,075,870044,39539,38536,1398,39934,558
2021-07-20,San Joaquin,077,732212,76053,75198,3745,78943,1433
2021-07-20,San Luis Obispo,079,281455,21940,21556,780,22336,259
2021-07-20,San Mateo,081,765935,44179,43670,542,44212,542
2021-07-20,Santa Barbara,083,443738,35339,34935,1149,36084,462
2021-07-20,Santa Clara,085,1922200,122187,120704,813,121517,2098
2021-07-20,Santa Cruz,087,273765,16582,16399,808,17207,207
2021-07-20,Shasta,089,179085,12847,12734,1698,14432,211
2021-07-20,Sierra,091,2930,67,64,12,76,0
2021-07-20,Siskiyou,093,43540,2040,1931,414,2345,31
2021-07-20,Solano,095,438530,34924,34337,667,35004,258
2021-07-20,Sonoma,097,501317,32248,31763,372,32135,326
2021-07-20,Stanislaus,099,539301,58218,57706,6158,63864,1028
2021-07-20,Sutter,101,95872,9921,9854,93,9947,114
2021-07-20,Tehama,103,63373,5220,5153,592,5745,65
2021-07-20,Trinity,105,12862,503,344,105,449,3
2021-07-20,Tulare,107,460477,50887,50047,9233,59280,854
2021-07-20,Tuolumne,109,53932,4213,4156,47,4203,64
2021-07-20,Ventura,111,848112,83261,82504,3313,85817,1041
2021-07-20,Yolo,113,214977,14700,14495,347,14842,213
2021-07-20,Yuba,115,75493,6515,6393,131,6524,52
2021-07-19,Alameda,001,1643700,93671,92357,2095,94452,1256
2021-07-19,Alpine,003,1148,88,89,0,89,0
2021-07-19,Amador,005,37829,3836,3802,33,3835,48
2021-07-19,Butte,007,227075,13119,12901,1957,14858,202
2021-07-19,Calaveras,009,45235,2271,2245,15,2260,57
2021-07-19,Colusa,011,21464,2001,1981,337,2318,16
2021-07-19,Contra Costa,013,1133247,74288,72935,1415,74350,825
2021-07-19,Del Norte,015,27424,1537,1484,14,1498,8
2021-07-19,El Dorado,017,186661,10917,10703,833,11536,114
2021-07-19,Fresno,019,978130,104770,103350,8919,112269,1731
2021-07-19,Glenn,021,27897,2472,2452,573,3025,20
2021-07-19,Humboldt,023,135768,4825,4719,60,4779,52
2021-07-19,Imperial,025,180216,29107,28888,2702,31590,742
2021-07-19,Inyo,027,18085,1429,1417,12,1429,36
2021-07-19,Kern,029,883053,99037,97999,11462,109461,1349
2021-07-19,Kings,031,150075,23575,23221,1119,24340,246
2021-07-19,Lake,033,64148,4016,3848,14,3862,64
2021-07-19,Lassen,035,31185,5322,5305,118,5423,21
2021-07-19,Los Angeles,037,10098052,1240867,1225946,43137,1269083,24600
2021-07-19,Madera,039,155013,17074,16846,969,17815,244
2021-07-19,Marin,041,260295,14619,14369,274,14643,234
2021-07-19,Mariposa,043,17540,450,447,11,458,5
2021-07-19,Mendocino,045,87422,4377,4251,90,4341,49
2021-07-19,Merced,047,269075,31644,31565,1066,32631,472
2021-07-19,Modoc,049,8938,418,413,146,559,5
2021-07-19,Mono,051,14174,1279,1280,17,1297,3
2021-07-19,Monterey,053,433212,43689,43436,1904,45340,515
2021-07-19,Napa,055,140530,10275,10180,43,10223,81
2021-07-19,Nevada,057,99092,5251,5133,196,5329,72
2021-07-19,Orange,059,3164182,261717,258927,11887,270814,5138
2021-07-19,Placer,061,380077,24759,24359,1728,26087,303
2021-07-19,Plumas,063,18699,748,730,14,744,4
2021-07-19,Riverside,065,2383286,300504,295736,14343,310079,4543
2021-07-19,Sacramento,067,1510023,112972,111470,2075,113545,1696
2021-07-19,San Benito,069,59416,6202,6193,113,6306,63
2021-07-19,San Bernardino,071,2135413,299318,296929,9240,306169,5235
2021-07-19,San Diego,073,3302833,290846,287695,16521,304216,3786
2021-07-19,San Francisco,075,870044,39266,38463,1385,39848,560
2021-07-19,San Joaquin,077,732212,75888,75086,3740,78826,1431
2021-07-19,San Luis Obispo,079,281455,21895,21531,776,22307,259
2021-07-19,San Mateo,081,765935,44037,43563,533,44096,542
2021-07-19,Santa Barbara,083,443738,35267,34904,1147,36051,461
2021-07-19,Santa Clara,085,1922200,121929,120554,812,121366,2098
2021-07-19,Santa Cruz,087,273765,16566,16387,808,17195,207
2021-07-19,Shasta,089,179085,12829,12723,1696,14419,209
2021-07-19,Sierra,091,2930,66,64,12,76,0
2021-07-19,Siskiyou,093,43540,2035,1927,412,2339,31
2021-07-19,Solano,095,438530,34749,34262,656,34918,261
2021-07-19,Sonoma,097,501317,32127,31713,371,32084,325
2021-07-19,Stanislaus,099,539301,58117,57644,6148,63792,1027
2021-07-19,Sutter,101,95872,9905,9834,93,9927,114
2021-07-19,Tehama,103,63373,5214,5152,590,5742,65
2021-07-19,Trinity,105,12862,503,344,104,448,3
2021-07-19,Tulare,107,460477,50840,49994,9217,59211,855
2021-07-19,Tuolumne,109,53932,4203,4151,47,4198,64
2021-07-19,Ventura,111,848112,83165,82409,3291,85700,1041
2021-07-19,Yolo,113,214977,14668,14439,345,14784,213
2021-07-19,Yuba,115,75493,6491,6370,131,6501,52
2021-07-18,Alameda,001,1643700,93310,92162,2083,94245,1256
2021-07-18,Alpine,003,1148,88,89,0,89,0
2021-07-18,Amador,005,37829,3825,3799,33,3832,48
2021-07-18,Butte,007,227075,13077,12888,1952,14840,202
2021-07-18,Calaveras,009,45235,2268,2243,15,2258,57
2021-07-18,Colusa,011,21464,2001,1981,336,2317,16
2021-07-18,Contra Costa,013,1133247,73972,72849,1397,74246,825
2021-07-18,Del Norte,015,27424,1528,1482,14,1496,8
2021-07-18,El Dorado,017,186661,10880,10687,825,11512,114
2021-07-18,Fresno,019,978130,104616,103298,8901,112199,1731
2021-07-18,Glenn,021,27897,2471,2452,572,3024,20
2021-07-18,Humboldt,023,135768,4789,4714,60,4774,52
2021-07-18,Imperial,025,180216,29070,28877,2701,31578,742
2021-07-18,Inyo,027,18085,1425,1417,12,1429,36
2021-07-18,Kern,029,883053,98911,97963,11420,109383,1349
2021-07-18,Kings,031,150075,23554,23203,1115,24318,246
2021-07-18,Lake,033,64148,3980,3825,14,3839,64
2021-07-18,Lassen,035,31185,5322,5305,118,5423,21
2021-07-18,Los Angeles,037,10098052,1238178,1224691,42948,1267639,24598
2021-07-18,Madera,039,155013,17049,16838,965,17803,244
2021-07-18,Marin,041,260295,14583,14358,272,14630,234
2021-07-18,Mariposa,043,17540,449,447,11,458,5
2021-07-18,Mendocino,045,87422,4356,4246,90,4336,49
2021-07-18,Merced,047,269075,31613,31537,1064,32601,471
2021-07-18,Modoc,049,8938,418,413,146,559,5
2021-07-18,Mono,051,14174,1278,1280,17,1297,3
2021-07-18,Monterey,053,433212,43671,43422,1894,45316,515
2021-07-18,Napa,055,140530,10258,10174,40,10214,81
2021-07-18,Nevada,057,99092,5225,5124,196,5320,72
2021-07-18,Orange,059,3164182,261233,258724,11859,270583,5138
2021-07-18,Placer,061,380077,24691,24313,1701,26014,303
2021-07-18,Plumas,063,18699,748,730,14,744,4
2021-07-18,Riverside,065,2383286,300012,295522,14301,309823,4543
2021-07-18,Sacramento,067,1510023,112542,111255,2042,113297,1696
2021-07-18,San Benito,069,59416,6194,6191,113,6304,63
2021-07-18,San Bernardino,071,2135413,298843,296739,9225,305964,5233
2021-07-18,San Diego,073,3302833,290030,286287,16437,302724,3786
2021-07-18,San Francisco,075,870044,39030,38367,1374,39741,560
2021-07-18,San Joaquin,077,732212,75711,74997,3727,78724,1431
2021-07-18,San Luis Obispo,079,281455,21860,21527,773,22300,259
2021-07-18,San Mateo,081,765935,43924,43506,527,44033,542
2021-07-18,Santa Barbara,083,443738,35202,34880,1145,36025,461
2021-07-18,Santa Clara,085,1922200,121715,120438,805,121243,2098
2021-07-18,Santa Cruz,087,273765,16534,16372,807,17179,207
2021-07-18,Shasta,089,179085,12804,12714,1692,14406,209
2021-07-18,Sierra,091,2930,66,64,12,76,0
2021-07-18,Siskiyou,093,43540,2029,1927,407,2334,31
2021-07-18,Solano,095,438530,34621,34215,652,34867,261
2021-07-18,Sonoma,097,501317,32022,31675,370,32045,325
2021-07-18,Stanislaus,099,539301,58006,57600,6123,63723,1028
2021-07-18,Sutter,101,95872,9873,9826,93,9919,114
2021-07-18,Tehama,103,63373,5211,5150,589,5739,65
2021-07-18,Trinity,105,12862,503,344,104,448,3
2021-07-18,Tulare,107,460477,50787,49985,9194,59179,855
2021-07-18,Tuolumne,109,53932,4185,4149,47,4196,64
2021-07-18,Ventura,111,848112,83051,82361,3267,85628,1041
2021-07-18,Yolo,113,214977,14609,14425,339,14764,213
2021-07-18,Yuba,115,75493,6450,6357,131,6488,52
2021-07-17,Alameda,001,1643700,93093,91346,2072,93418,1255
2021-07-17,Alpine,003,1148,88,89,0,89,0
2021-07-17,Amador,005,37829,3816,3785,33,3818,48
2021-07-17,Butte,007,227075,13062,12824,1948,14772,202
2021-07-17,Calaveras,009,45235,2263,2237,15,2252,57
2021-07-17,Colusa,011,21464,1998,1976,336,2312,16
2021-07-17,Contra Costa,013,1133247,73790,72254,1384,73638,824
2021-07-17,Del Norte,015,27424,1520,1475,14,1489,8
2021-07-17,El Dorado,017,186661,10853,10622,821,11443,114
2021-07-17,Fresno,019,978130,104543,103055,8887,111942,1730
2021-07-17,Glenn,021,27897,2470,2451,572,3023,20
2021-07-17,Humboldt,023,135768,4776,4654,59,4713,52
2021-07-17,Imperial,025,180216,29054,28840,2701,31541,742
2021-07-17,Inyo,027,18085,1425,1416,12,1428,36
2021-07-17,Kern,029,883053,98854,97796,11384,109180,1348
2021-07-17,Kings,031,150075,23534,23163,1114,24277,246
2021-07-17,Lake,033,64148,3955,3760,14,3774,64
2021-07-17,Lassen,035,31185,5322,5302,118,5420,21
2021-07-17,Los Angeles,037,10098052,1236641,1219733,42807,1262540,24582
2021-07-17,Madera,039,155013,17041,16804,965,17769,240
2021-07-17,Marin,041,260295,14565,14297,270,14567,234
2021-07-17,Mariposa,043,17540,449,445,11,456,5
2021-07-17,Mendocino,045,87422,4344,4209,90,4299,49
2021-07-17,Merced,047,269075,31592,31451,1060,32511,471
2021-07-17,Modoc,049,8938,418,412,146,558,5
2021-07-17,Mono,051,14174,1276,1277,17,1294,3
2021-07-17,Monterey,053,433212,43648,43367,1889,45256,515
2021-07-17,Napa,055,140530,10242,10129,40,10169,81
2021-07-17,Nevada,057,99092,5210,5066,196,5262,72
2021-07-17,Orange,059,3164182,260926,257805,11820,269625,5136
2021-07-17,Placer,061,380077,24624,24169,1687,25856,303
2021-07-17,Plumas,063,18699,743,721,14,735,4
2021-07-17,Riverside,065,2383286,299706,294751,14269,309020,4542
2021-07-17,Sacramento,067,1510023,112306,110432,2022,112454,1694
2021-07-17,San Benito,069,59416,6188,6181,113,6294,63
2021-07-17,San Bernardino,071,2135413,298606,296048,9206,305254,5218
2021-07-17,San Diego,073,3302833,289623,285698,16369,302067,3786
2021-07-17,San Francisco,075,870044,38909,37978,1371,39349,560
2021-07-17,San Joaquin,077,732212,75624,74695,3721,78416,1430
2021-07-17,San Luis Obispo,079,281455,21833,21462,773,22235,258
2021-07-17,San Mateo,081,765935,43853,43324,526,43850,542
2021-07-17,Santa Barbara,083,443738,35161,34769,1142,35911,461
2021-07-17,Santa Clara,085,1922200,121543,119980,802,120782,2097
2021-07-17,Santa Cruz,087,273765,16527,16337,807,17144,207
2021-07-17,Shasta,089,179085,12789,12683,1687,14370,210
2021-07-17,Sierra,091,2930,66,62,12,74,0
2021-07-17,Siskiyou,093,43540,2024,1922,404,2326,29
2021-07-17,Solano,095,438530,34556,34015,644,34659,263
2021-07-17,Sonoma,097,501317,31954,31536,369,31905,322
2021-07-17,Stanislaus,099,539301,57929,57400,6109,63509,1028
2021-07-17,Sutter,101,95872,9863,9778,93,9871,114
2021-07-17,Tehama,103,63373,5208,5145,589,5734,64
2021-07-17,Trinity,105,12862,502,341,104,445,3
2021-07-17,Tulare,107,460477,50765,49937,9182,59119,854
2021-07-17,Tuolumne,109,53932,4175,4131,47,4178,64
2021-07-17,Ventura,111,848112,82982,82125,3256,85381,1041
2021-07-17,Yolo,113,214977,14577,14356,332,14688,213
2021-07-17,Yuba,115,75493,6439,6309,131,6440,52
2021-07-16,Alameda,001,1643700,92854,91346,2061,93407,1255
2021-07-16,Alpine,003,1148,88,89,0,89,0
2021-07-16,Amador,005,37829,3813,3785,33,3818,48
2021-07-16,Butte,007,227075,13037,12824,1945,14769,202
2021-07-16,Calaveras,009,45235,2262,2237,15,2252,57
2021-07-16,Colusa,011,21464,1996,1976,335,2311,16
2021-07-16,Contra Costa,013,1133247,73601,72254,1380,73634,824
2021-07-16,Del Norte,015,27424,1518,1475,14,1489,8
2021-07-16,El Dorado,017,186661,10834,10622,820,11442,114
2021-07-16,Fresno,019,978130,104491,103055,8867,111922,1730
2021-07-16,Glenn,021,27897,2470,2451,572,3023,20
2021-07-16,Humboldt,023,135768,4754,4654,59,4713,52
2021-07-16,Imperial,025,180216,29042,28840,2701,31541,742
2021-07-16,Inyo,027,18085,1423,1416,12,1428,36
2021-07-16,Kern,029,883053,98792,97796,11344,109140,1348
2021-07-16,Kings,031,150075,23509,23163,1113,24276,246
2021-07-16,Lake,033,64148,3928,3760,14,3774,64
2021-07-16,Lassen,035,31185,5321,5302,118,5420,21
2021-07-16,Los Angeles,037,10098052,1235139,1219733,42662,1262395,24582
2021-07-16,Madera,039,155013,17023,16804,965,17769,240
2021-07-16,Marin,041,260295,14541,14297,267,14564,234
2021-07-16,Mariposa,043,17540,449,445,11,456,5
2021-07-16,Mendocino,045,87422,4335,4209,89,4298,49
2021-07-16,Merced,047,269075,31571,31451,1058,32509,471
2021-07-16,Modoc,049,8938,418,412,146,558,5
2021-07-16,Mono,051,14174,1275,1277,17,1294,3
2021-07-16,Monterey,053,433212,43626,43367,1888,45255,515
2021-07-16,Napa,055,140530,10218,10129,39,10168,81
2021-07-16,Nevada,057,99092,5200,5066,196,5262,72
2021-07-16,Orange,059,3164182,260653,257805,11779,269584,5136
2021-07-16,Placer,061,380077,24571,24169,1682,25851,303
2021-07-16,Plumas,063,18699,742,721,14,735,4
2021-07-16,Riverside,065,2383286,299430,294751,14243,308994,4542
2021-07-16,Sacramento,067,1510023,112089,110432,2009,112441,1694
2021-07-16,San Benito,069,59416,6186,6181,113,6294,63
2021-07-16,San Bernardino,071,2135413,298330,296048,9189,305237,5218
2021-07-16,San Diego,073,3302833,289181,285698,16322,302020,3786
2021-07-16,San Francisco,075,870044,38791,37978,1366,39344,560
2021-07-16,San Joaquin,077,732212,75530,74695,3718,78413,1430
2021-07-16,San Luis Obispo,079,281455,21816,21462,773,22235,258
2021-07-16,San Mateo,081,765935,43800,43324,525,43849,542
2021-07-16,Santa Barbara,083,443738,35123,34769,1142,35911,461
2021-07-16,Santa Clara,085,1922200,121396,119980,795,120775,2097
2021-07-16,Santa Cruz,087,273765,16514,16337,807,17144,207
2021-07-16,Shasta,089,179085,12779,12683,1686,14369,210
2021-07-16,Sierra,091,2930,66,62,12,74,0
2021-07-16,Siskiyou,093,43540,2022,1922,402,2324,29
2021-07-16,Solano,095,438530,34489,34015,636,34651,263
2021-07-16,Sonoma,097,501317,31902,31536,366,31902,322
2021-07-16,Stanislaus,099,539301,57879,57400,6099,63499,1028
2021-07-16,Sutter,101,95872,9851,9778,93,9871,114
2021-07-16,Tehama,103,63373,5206,5145,589,5734,64
2021-07-16,Trinity,105,12862,502,341,103,444,3
2021-07-16,Tulare,107,460477,50740,49937,9172,59109,854
2021-07-16,Tuolumne,109,53932,4169,4131,47,4178,64
2021-07-16,Ventura,111,848112,82917,82125,3249,85374,1041
2021-07-16,Yolo,113,214977,14551,14356,329,14685,213
2021-07-16,Yuba,115,75493,6417,6309,130,6439,52
2021-07-15,Alameda,001,1643700,92558,91346,2051,93397,1255
2021-07-15,Alpine,003,1148,88,89,0,89,0
2021-07-15,Amador,005,37829,3810,3785,33,3818,48
2021-07-15,Butte,007,227075,13011,12824,1943,14767,202
2021-07-15,Calaveras,009,45235,2259,2237,15,2252,57
2021-07-15,Colusa,011,21464,1995,1976,334,2310,16
2021-07-15,Contra Costa,013,1133247,73387,72254,1373,73627,824
2021-07-15,Del Norte,015,27424,1515,1475,14,1489,8
2021-07-15,El Dorado,017,186661,10807,10622,818,11440,114
2021-07-15,Fresno,019,978130,104394,103055,8847,111902,1730
2021-07-15,Glenn,021,27897,2470,2451,572,3023,20
2021-07-15,Humboldt,023,135768,4736,4654,58,4712,52
2021-07-15,Imperial,025,180216,29019,28840,2701,31541,742
2021-07-15,Inyo,027,18085,1423,1416,12,1428,36
2021-07-15,Kern,029,883053,98722,97796,11316,109112,1348
2021-07-15,Kings,031,150075,23471,23163,1110,24273,246
2021-07-15,Lake,033,64148,3889,3760,14,3774,64
2021-07-15,Lassen,035,31185,5320,5302,118,5420,21
2021-07-15,Los Angeles,037,10098052,1233152,1219733,42505,1262238,24582
2021-07-15,Madera,039,155013,17001,16804,961,17765,240
2021-07-15,Marin,041,260295,14516,14297,267,14564,234
2021-07-15,Mariposa,043,17540,449,445,11,456,5
2021-07-15,Mendocino,045,87422,4327,4209,88,4297,49
2021-07-15,Merced,047,269075,31541,31451,1058,32509,471
2021-07-15,Modoc,049,8938,418,412,146,558,5
2021-07-15,Mono,051,14174,1275,1277,17,1294,3
2021-07-15,Monterey,053,433212,43597,43367,1885,45252,515
2021-07-15,Napa,055,140530,10193,10129,38,10167,81
2021-07-15,Nevada,057,99092,5183,5066,195,5261,72
2021-07-15,Orange,059,3164182,260302,257805,11748,269553,5136
2021-07-15,Placer,061,380077,24511,24169,1665,25834,303
2021-07-15,Plumas,063,18699,741,721,14,735,4
2021-07-15,Riverside,065,2383286,299109,294751,14228,308979,4542
2021-07-15,Sacramento,067,1510023,111784,110432,1992,112424,1694
2021-07-15,San Benito,069,59416,6184,6181,113,6294,63
2021-07-15,San Bernardino,071,2135413,298023,296048,9175,305223,5218
2021-07-15,San Diego,073,3302833,288543,285698,16244,301942,3786
2021-07-15,San Francisco,075,870044,38640,37978,1358,39336,560
2021-07-15,San Joaquin,077,732212,75413,74695,3713,78408,1430
2021-07-15,San Luis Obispo,079,281455,21784,21462,773,22235,258
2021-07-15,San Mateo,081,765935,43695,43324,520,43844,542
2021-07-15,Santa Barbara,083,443738,35067,34769,1141,35910,461
2021-07-15,Santa Clara,085,1922200,121274,119980,792,120772,2097
2021-07-15,Santa Cruz,087,273765,16501,16337,807,17144,207
2021-07-15,Shasta,089,179085,12771,12683,1682,14365,210
2021-07-15,Sierra,091,2930,66,62,12,74,0
2021-07-15,Siskiyou,093,43540,2021,1922,402,2324,29
2021-07-15,Solano,095,438530,34413,34015,630,34645,263
2021-07-15,Sonoma,097,501317,31841,31536,366,31902,322
2021-07-15,Stanislaus,099,539301,57810,57400,6086,63486,1028
2021-07-15,Sutter,101,95872,9831,9778,92,9870,114
2021-07-15,Tehama,103,63373,5200,5145,588,5733,64
2021-07-15,Trinity,105,12862,502,341,103,444,3
2021-07-15,Tulare,107,460477,50720,49937,9155,59092,854
2021-07-15,Tuolumne,109,53932,4157,4131,47,4178,64
2021-07-15,Ventura,111,848112,82841,82125,3244,85369,1041
2021-07-15,Yolo,113,214977,14523,14356,328,14684,213
2021-07-15,Yuba,115,75493,6402,6309,129,6438,52
2021-07-14,Alameda,001,1643700,92298,91092,2035,93127,1255
2021-07-14,Alpine,003,1148,88,89,0,89,0
2021-07-14,Amador,005,37829,3802,3784,33,3817,48
2021-07-14,Butte,007,227075,12984,12813,1936,14749,202
2021-07-14,Calaveras,009,45235,2252,2234,15,2249,57
2021-07-14,Colusa,011,21464,1992,1974,334,2308,16
2021-07-14,Contra Costa,013,1133247,73158,72091,1361,73452,823
2021-07-14,Del Norte,015,27424,1514,1472,14,1486,8
2021-07-14,El Dorado,017,186661,10781,10598,815,11413,114
2021-07-14,Fresno,019,978130,104314,102966,8836,111802,1728
2021-07-14,Glenn,021,27897,2470,2449,572,3021,20
2021-07-14,Humboldt,023,135768,4712,4644,56,4700,52
2021-07-14,Imperial,025,180216,28990,28822,2701,31523,742
2021-07-14,Inyo,027,18085,1422,1415,12,1427,36
2021-07-14,Kern,029,883053,98658,97736,11291,109027,1346
2021-07-14,Kings,031,150075,23458,23142,1110,24252,246
2021-07-14,Lake,033,64148,3856,3739,14,3753,63
2021-07-14,Lassen,035,31185,5319,5298,118,5416,21
2021-07-14,Los Angeles,037,10098052,1231136,1218265,42364,1260629,24578
2021-07-14,Madera,039,155013,16989,16786,959,17745,240
2021-07-14,Marin,041,260295,14482,14269,265,14534,233
2021-07-14,Mariposa,043,17540,447,445,11,456,5
2021-07-14,Mendocino,045,87422,4313,4193,88,4281,49
2021-07-14,Merced,047,269075,31504,31412,1055,32467,471
2021-07-14,Modoc,049,8938,418,412,146,558,4
2021-07-14,Mono,051,14174,1275,1278,17,1295,3
2021-07-14,Monterey,053,433212,43573,43347,1883,45230,504
2021-07-14,Napa,055,140530,10171,10121,38,10159,81
2021-07-14,Nevada,057,99092,5163,5058,195,5253,72
2021-07-14,Orange,059,3164182,259985,257558,11718,269276,5137
2021-07-14,Placer,061,380077,24458,24125,1653,25778,303
2021-07-14,Plumas,063,18699,734,719,14,733,4
2021-07-14,Riverside,065,2383286,298785,294511,14212,308723,4542
2021-07-14,Sacramento,067,1510023,111456,110193,1968,112161,1688
2021-07-14,San Benito,069,59416,6181,6177,113,6290,63
2021-07-14,San Bernardino,071,2135413,297723,295820,9160,304980,5193
2021-07-14,San Diego,073,3302833,287971,285269,16164,301433,3786
2021-07-14,San Francisco,075,870044,38501,37836,1353,39189,559
2021-07-14,San Joaquin,077,732212,75321,74599,3704,78303,1416
2021-07-14,San Luis Obispo,079,281455,21762,21444,771,22215,258
2021-07-14,San Mateo,081,765935,43596,43249,516,43765,542
2021-07-14,Santa Barbara,083,443738,35025,34719,1139,35858,461
2021-07-14,Santa Clara,085,1922200,121124,119844,789,120633,2098
2021-07-14,Santa Cruz,087,273765,16489,16326,807,17133,207
2021-07-14,Shasta,089,179085,12751,12669,1679,14348,209
2021-07-14,Sierra,091,2930,66,62,12,74,0
2021-07-14,Siskiyou,093,43540,2014,1922,399,2321,29
2021-07-14,Solano,095,438530,34340,33948,630,34578,268
2021-07-14,Sonoma,097,501317,31789,31470,366,31836,322
2021-07-14,Stanislaus,099,539301,57735,57340,6074,63414,1028
2021-07-14,Sutter,101,95872,9809,9766,92,9858,114
2021-07-14,Tehama,103,63373,5198,5142,588,5730,64
2021-07-14,Trinity,105,12862,502,341,103,444,3
2021-07-14,Tulare,107,460477,50703,49908,9141,59049,853
2021-07-14,Tuolumne,109,53932,4154,4128,46,4174,64
2021-07-14,Ventura,111,848112,82747,82041,3233,85274,1040
2021-07-14,Yolo,113,214977,14490,14332,325,14657,213
2021-07-14,Yuba,115,75493,6384,6294,129,6423,52
2021-07-13,Alameda,001,1643700,92034,90874,2025,92899,1255
2021-07-13,Alpine,003,1148,88,89,0,89,0
2021-07-13,Amador,005,37829,3795,3783,33,3816,48
2021-07-13,Butte,007,227075,12970,12802,1935,14737,202
2021-07-13,Calaveras,009,45235,2248,2230,15,2245,57
2021-07-13,Colusa,011,21464,1990,1972,331,2303,16
2021-07-13,Contra Costa,013,1133247,72933,71963,1352,73315,823
2021-07-13,Del Norte,015,27424,1510,1471,14,1485,8
2021-07-13,El Dorado,017,186661,10764,10581,813,11394,114
2021-07-13,Fresno,019,978130,104239,102909,8826,111735,1727
2021-07-13,Glenn,021,27897,2468,2448,572,3020,20
2021-07-13,Humboldt,023,135768,4697,4634,56,4690,51
2021-07-13,Imperial,025,180216,28979,28792,2701,31493,741
2021-07-13,Inyo,027,18085,1421,1415,12,1427,36
2021-07-13,Kern,029,883053,98569,97698,11252,108950,1346
2021-07-13,Kings,031,150075,23440,23132,1110,24242,246
2021-07-13,Lake,033,64148,3829,3719,13,3732,63
2021-07-13,Lassen,035,31185,5317,5292,118,5410,21
2021-07-13,Los Angeles,037,10098052,1229285,1217184,42194,1259378,24569
2021-07-13,Madera,039,155013,16979,16773,955,17728,240
2021-07-13,Marin,041,260295,14453,14254,264,14518,233
2021-07-13,Mariposa,043,17540,446,443,11,454,5
2021-07-13,Mendocino,045,87422,4306,4185,88,4273,49
2021-07-13,Merced,047,269075,31483,31379,1052,32431,471
2021-07-13,Modoc,049,8938,418,411,146,557,4
2021-07-13,Mono,051,14174,1274,1277,17,1294,3
2021-07-13,Monterey,053,433212,43555,43333,1879,45212,504
2021-07-13,Napa,055,140530,10150,10118,38,10156,81
2021-07-13,Nevada,057,99092,5138,5053,195,5248,72
2021-07-13,Orange,059,3164182,259655,257339,11690,269029,5136
2021-07-13,Placer,061,380077,24412,24091,1640,25731,303
2021-07-13,Plumas,063,18699,733,716,14,730,4
2021-07-13,Riverside,065,2383286,298463,294302,14185,308487,4541
2021-07-13,Sacramento,067,1510023,111146,109990,1945,111935,1687
2021-07-13,San Benito,069,59416,6179,6173,113,6286,63
2021-07-13,San Bernardino,071,2135413,297446,295596,9138,304734,5183
2021-07-13,San Diego,073,3302833,287423,284997,16085,301082,3785
2021-07-13,San Francisco,075,870044,38357,37725,1347,39072,559
2021-07-13,San Joaquin,077,732212,75205,74500,3701,78201,1417
2021-07-13,San Luis Obispo,079,281455,21736,21423,768,22191,258
2021-07-13,San Mateo,081,765935,43527,43180,515,43695,542
2021-07-13,Santa Barbara,083,443738,34976,34679,1136,35815,461
2021-07-13,Santa Clara,085,1922200,120971,119727,785,120512,2098
2021-07-13,Santa Cruz,087,273765,16480,16315,805,17120,207
2021-07-13,Shasta,089,179085,12738,12659,1672,14331,209
2021-07-13,Sierra,091,2930,66,62,12,74,0
2021-07-13,Siskiyou,093,43540,2013,1916,397,2313,29
2021-07-13,Solano,095,438530,34275,33918,624,34542,268
2021-07-13,Sonoma,097,501317,31730,31431,366,31797,322
2021-07-13,Stanislaus,099,539301,57664,57282,6059,63341,1028
2021-07-13,Sutter,101,95872,9791,9752,91,9843,114
2021-07-13,Tehama,103,63373,5191,5144,588,5732,64
2021-07-13,Trinity,105,12862,502,341,102,443,3
2021-07-13,Tulare,107,460477,50678,49891,9125,59016,853
2021-07-13,Tuolumne,109,53932,4146,4122,45,4167,64
2021-07-13,Ventura,111,848112,82662,81982,3208,85190,1040
2021-07-13,Yolo,113,214977,14462,14320,319,14639,213
2021-07-13,Yuba,115,75493,6367,6279,129,6408,52
2021-07-12,Alameda,001,1643700,91776,90720,2018,92738,1254
2021-07-12,Alpine,003,1148,88,89,0,89,0
2021-07-12,Amador,005,37829,3788,3781,33,3814,47
2021-07-12,Butte,007,227075,12950,12796,1933,14729,202
2021-07-12,Calaveras,009,45235,2246,2228,15,2243,57
2021-07-12,Colusa,011,21464,1986,1971,330,2301,16
2021-07-12,Contra Costa,013,1133247,72729,71833,1347,73180,823
2021-07-12,Del Norte,015,27424,1507,1469,14,1483,8
2021-07-12,El Dorado,017,186661,10735,10569,811,11380,114
2021-07-12,Fresno,019,978130,104145,102853,8814,111667,1728
2021-07-12,Glenn,021,27897,2468,2446,572,3018,20
2021-07-12,Humboldt,023,135768,4681,4621,56,4677,51
2021-07-12,Imperial,025,180216,28949,28789,2701,31490,741
2021-07-12,Inyo,027,18085,1421,1415,12,1427,36
2021-07-12,Kern,029,883053,98500,97660,11227,108887,1346
2021-07-12,Kings,031,150075,23420,23124,1108,24232,246
2021-07-12,Lake,033,64148,3808,3706,13,3719,63
2021-07-12,Lassen,035,31185,5316,5292,118,5410,21
2021-07-12,Los Angeles,037,10098052,1227488,1216230,42061,1258291,24559
2021-07-12,Madera,039,155013,16968,16772,955,17727,240
2021-07-12,Marin,041,260295,14428,14238,263,14501,233
2021-07-12,Mariposa,043,17540,446,442,11,453,5
2021-07-12,Mendocino,045,87422,4295,4175,88,4263,49
2021-07-12,Merced,047,269075,31452,31374,1051,32425,471
2021-07-12,Modoc,049,8938,417,411,146,557,4
2021-07-12,Mono,051,14174,1272,1275,17,1292,3
2021-07-12,Monterey,053,433212,43534,43315,1875,45190,504
2021-07-12,Napa,055,140530,10132,10104,37,10141,81
2021-07-12,Nevada,057,99092,5115,5046,195,5241,72
2021-07-12,Orange,059,3164182,259301,257171,11667,268838,5136
2021-07-12,Placer,061,380077,24361,24052,1634,25686,302
2021-07-12,Plumas,063,18699,733,716,14,730,4
2021-07-12,Riverside,065,2383286,298155,294108,14156,308264,4541
2021-07-12,Sacramento,067,1510023,110930,109849,1919,111768,1685
2021-07-12,San Benito,069,59416,6176,6166,113,6279,63
2021-07-12,San Bernardino,071,2135413,297174,295447,9123,304570,5171
2021-07-12,San Diego,073,3302833,286954,284648,16009,300657,3785
2021-07-12,San Francisco,075,870044,38211,37656,1344,39000,559
2021-07-12,San Joaquin,077,732212,75110,74424,3691,78115,1415
2021-07-12,San Luis Obispo,079,281455,21717,21408,767,22175,258
2021-07-12,San Mateo,081,765935,43433,43138,508,43646,542
2021-07-12,Santa Barbara,083,443738,34933,34664,1134,35798,461
2021-07-12,Santa Clara,085,1922200,120806,119634,782,120416,2098
2021-07-12,Santa Cruz,087,273765,16455,16310,804,17114,207
2021-07-12,Shasta,089,179085,12731,12648,1669,14317,208
2021-07-12,Sierra,091,2930,66,62,12,74,0
2021-07-12,Siskiyou,093,43540,2008,1916,392,2308,29
2021-07-12,Solano,095,438530,34185,33859,615,34474,268
2021-07-12,Sonoma,097,501317,31682,31377,365,31742,322
2021-07-12,Stanislaus,099,539301,57594,57243,6052,63295,1028
2021-07-12,Sutter,101,95872,9774,9736,90,9826,114
2021-07-12,Tehama,103,63373,5186,5138,587,5725,63
2021-07-12,Trinity,105,12862,498,340,100,440,3
2021-07-12,Tulare,107,460477,50650,49882,9112,58994,853
2021-07-12,Tuolumne,109,53932,4142,4116,45,4161,64
2021-07-12,Ventura,111,848112,82561,81919,3187,85106,1040
2021-07-12,Yolo,113,214977,14434,14303,315,14618,213
2021-07-12,Yuba,115,75493,6352,6266,129,6395,52
2021-07-11,Alameda,001,1643700,91447,90597,2006,92603,1254
2021-07-11,Alpine,003,1148,88,89,0,89,0
2021-07-11,Amador,005,37829,3786,3779,33,3812,47
2021-07-11,Butte,007,227075,12928,12794,1927,14721,202
2021-07-11,Calaveras,009,45235,2244,2226,14,2240,57
2021-07-11,Colusa,011,21464,1985,1971,329,2300,16
2021-07-11,Contra Costa,013,1133247,72519,71744,1340,73084,823
2021-07-11,Del Norte,015,27424,1503,1467,13,1480,8
2021-07-11,El Dorado,017,186661,10706,10554,809,11363,114
2021-07-11,Fresno,019,978130,104050,102813,8794,111607,1728
2021-07-11,Glenn,021,27897,2467,2446,572,3018,20
2021-07-11,Humboldt,023,135768,4668,4611,55,4666,51
2021-07-11,Imperial,025,180216,28931,28787,2700,31487,741
2021-07-11,Inyo,027,18085,1419,1415,12,1427,36
2021-07-11,Kern,029,883053,98427,97637,11211,108848,1346
2021-07-11,Kings,031,150075,23389,23116,1105,24221,246
2021-07-11,Lake,033,64148,3777,3699,13,3712,63
2021-07-11,Lassen,035,31185,5313,5291,118,5409,21
2021-07-11,Los Angeles,037,10098052,1225731,1215182,41905,1257087,24558
2021-07-11,Madera,039,155013,16949,16766,954,17720,240
2021-07-11,Marin,041,260295,14402,14231,263,14494,233
2021-07-11,Mariposa,043,17540,445,442,11,453,5
2021-07-11,Mendocino,045,87422,4275,4167,88,4255,49
2021-07-11,Merced,047,269075,31428,31366,1046,32412,471
2021-07-11,Modoc,049,8938,416,411,146,557,4
2021-07-11,Mono,051,14174,1272,1275,17,1292,3
2021-07-11,Monterey,053,433212,43515,43307,1871,45178,504
2021-07-11,Napa,055,140530,10128,10100,37,10137,81
2021-07-11,Nevada,057,99092,5104,5035,194,5229,72
2021-07-11,Orange,059,3164182,258989,257009,11639,268648,5136
2021-07-11,Placer,061,380077,24304,24017,1622,25639,302
2021-07-11,Plumas,063,18699,733,716,14,730,4
2021-07-11,Riverside,065,2383286,297891,293969,14138,308107,4541
2021-07-11,Sacramento,067,1510023,110652,109696,1908,111604,1685
2021-07-11,San Benito,069,59416,6171,6163,113,6276,63
2021-07-11,San Bernardino,071,2135413,296868,295342,9098,304440,5167
2021-07-11,San Diego,073,3302833,286540,283819,15923,299742,3784
2021-07-11,San Francisco,075,870044,38082,37596,1338,38934,559
2021-07-11,San Joaquin,077,732212,74993,74376,3674,78050,1415
2021-07-11,San Luis Obispo,079,281455,21684,21403,766,22169,258
2021-07-11,San Mateo,081,765935,43354,43107,502,43609,542
2021-07-11,Santa Barbara,083,443738,34886,34646,1134,35780,461
2021-07-11,Santa Clara,085,1922200,120652,119549,781,120330,2098
2021-07-11,Santa Cruz,087,273765,16439,16303,804,17107,207
2021-07-11,Shasta,089,179085,12714,12647,1667,14314,208
2021-07-11,Sierra,091,2930,66,62,12,74,0
2021-07-11,Siskiyou,093,43540,2004,1915,390,2305,29
2021-07-11,Solano,095,438530,34103,33837,611,34448,268
2021-07-11,Sonoma,097,501317,31600,31352,365,31717,322
2021-07-11,Stanislaus,099,539301,57528,57230,6041,63271,1028
2021-07-11,Sutter,101,95872,9760,9728,90,9818,114
2021-07-11,Tehama,103,63373,5183,5138,587,5725,63
2021-07-11,Trinity,105,12862,497,340,100,440,3
2021-07-11,Tulare,107,460477,50625,49877,9094,58971,853
2021-07-11,Tuolumne,109,53932,4136,4116,45,4161,64
2021-07-11,Ventura,111,848112,82488,81875,3167,85042,1040
2021-07-11,Yolo,113,214977,14409,14285,309,14594,213
2021-07-11,Yuba,115,75493,6341,6260,129,6389,52
2021-07-10,Alameda,001,1643700,91297,90090,2002,92092,1252
2021-07-10,Alpine,003,1148,88,89,0,89,0
2021-07-10,Amador,005,37829,3780,3773,33,3806,47
2021-07-10,Butte,007,227075,12918,12764,1924,14688,202
2021-07-10,Calaveras,009,45235,2243,2214,14,2228,57
2021-07-10,Colusa,011,21464,1983,1969,329,2298,16
2021-07-10,Contra Costa,013,1133247,72419,71376,1339,72715,821
2021-07-10,Del Norte,015,27424,1501,1451,13,1464,8
2021-07-10,El Dorado,017,186661,10689,10508,806,11314,114
2021-07-10,Fresno,019,978130,104017,102675,8787,111462,1730
2021-07-10,Glenn,021,27897,2464,2440,571,3011,20
2021-07-10,Humboldt,023,135768,4659,4574,55,4629,51
2021-07-10,Imperial,025,180216,28918,28729,2700,31429,741
2021-07-10,Inyo,027,18085,1418,1415,12,1427,36
2021-07-10,Kern,029,883053,98387,97538,11194,108732,1346
2021-07-10,Kings,031,150075,23382,23090,1104,24194,246
2021-07-10,Lake,033,64148,3760,3667,13,3680,63
2021-07-10,Lassen,035,31185,5313,5290,118,5408,21
2021-07-10,Los Angeles,037,10098052,1224703,1212043,41802,1253845,24542
2021-07-10,Madera,039,155013,16943,16744,951,17695,241
2021-07-10,Marin,041,260295,14388,14194,263,14457,233
2021-07-10,Mariposa,043,17540,445,442,11,453,5
2021-07-10,Mendocino,045,87422,4268,4153,87,4240,49
2021-07-10,Merced,047,269075,31415,31328,1046,32374,470
2021-07-10,Modoc,049,8938,416,410,146,556,4
2021-07-10,Mono,051,14174,1272,1275,17,1292,3
2021-07-10,Monterey,053,433212,43501,43251,1869,45120,499
2021-07-10,Napa,055,140530,10116,10077,37,10114,81
2021-07-10,Nevada,057,99092,5095,5000,194,5194,72
2021-07-10,Orange,059,3164182,258811,256438,11623,268061,5135
2021-07-10,Placer,061,380077,24275,23916,1612,25528,302
2021-07-10,Plumas,063,18699,732,717,14,731,4
2021-07-10,Riverside,065,2383286,297701,293474,14125,307599,4541
2021-07-10,Sacramento,067,1510023,110503,109091,1901,110992,1682
2021-07-10,San Benito,069,59416,6166,6141,113,6254,63
2021-07-10,San Bernardino,071,2135413,296680,294932,9085,304017,5117
2021-07-10,San Diego,073,3302833,286250,283577,15870,299447,3783
2021-07-10,San Francisco,075,870044,37999,37338,1335,38673,559
2021-07-10,San Joaquin,077,732212,74936,74150,3668,77818,1412
2021-07-10,San Luis Obispo,079,281455,21673,21375,765,22140,258
2021-07-10,San Mateo,081,765935,43302,42948,500,43448,542
2021-07-10,Santa Barbara,083,443738,34859,34595,1134,35729,460
2021-07-10,Santa Clara,085,1922200,120549,119330,778,120108,2094
2021-07-10,Santa Cruz,087,273765,16432,16286,804,17090,207
2021-07-10,Shasta,089,179085,12701,12623,1662,14285,206
2021-07-10,Sierra,091,2930,66,61,12,73,0
2021-07-10,Siskiyou,093,43540,2002,1909,387,2296,29
2021-07-10,Solano,095,438530,34061,33678,605,34283,268
2021-07-10,Sonoma,097,501317,31549,31231,365,31596,317
2021-07-10,Stanislaus,099,539301,57492,57104,6031,63135,1026
2021-07-10,Sutter,101,95872,9748,9692,90,9782,114
2021-07-10,Tehama,103,63373,5180,5131,587,5718,63
2021-07-10,Trinity,105,12862,497,341,100,441,3
2021-07-10,Tulare,107,460477,50615,49850,9088,58938,853
2021-07-10,Tuolumne,109,53932,4134,4114,45,4159,64
2021-07-10,Ventura,111,848112,82443,81713,3149,84862,1039
2021-07-10,Yolo,113,214977,14388,14250,306,14556,213
2021-07-10,Yuba,115,75493,6331,6238,129,6367,52
2021-07-09,Alameda,001,1643700,91138,90090,1997,92087,1252
2021-07-09,Alpine,003,1148,88,89,0,89,0
2021-07-09,Amador,005,37829,3779,3773,33,3806,47
2021-07-09,Butte,007,227075,12906,12764,1922,14686,202
2021-07-09,Calaveras,009,45235,2241,2214,14,2228,57
2021-07-09,Colusa,011,21464,1982,1969,329,2298,16
2021-07-09,Contra Costa,013,1133247,72293,71376,1337,72713,821
2021-07-09,Del Norte,015,27424,1496,1451,13,1464,8
2021-07-09,El Dorado,017,186661,10674,10508,805,11313,114
2021-07-09,Fresno,019,978130,103962,102675,8780,111455,1730
2021-07-09,Glenn,021,27897,2463,2440,569,3009,20
2021-07-09,Humboldt,023,135768,4640,4574,55,4629,51
2021-07-09,Imperial,025,180216,28910,28729,2699,31428,741
2021-07-09,Inyo,027,18085,1417,1415,12,1427,36
2021-07-09,Kern,029,883053,98349,97538,11182,108720,1346
2021-07-09,Kings,031,150075,23371,23090,1103,24193,246
2021-07-09,Lake,033,64148,3746,3667,13,3680,63
2021-07-09,Lassen,035,31185,5311,5290,117,5407,21
2021-07-09,Los Angeles,037,10098052,1223698,1212043,41732,1253775,24542
2021-07-09,Madera,039,155013,16933,16744,950,17694,241
2021-07-09,Marin,041,260295,14367,14194,262,14456,233
2021-07-09,Mariposa,043,17540,445,442,11,453,5
2021-07-09,Mendocino,045,87422,4261,4153,87,4240,49
2021-07-09,Merced,047,269075,31400,31328,1046,32374,470
2021-07-09,Modoc,049,8938,416,410,146,556,4
2021-07-09,Mono,051,14174,1272,1275,17,1292,3
2021-07-09,Monterey,053,433212,43492,43251,1869,45120,499
2021-07-09,Napa,055,140530,10109,10077,37,10114,81
2021-07-09,Nevada,057,99092,5086,5000,194,5194,72
2021-07-09,Orange,059,3164182,258605,256438,11609,268047,5135
2021-07-09,Placer,061,380077,24253,23916,1606,25522,302
2021-07-09,Plumas,063,18699,730,717,14,731,4
2021-07-09,Riverside,065,2383286,297515,293474,14112,307586,4541
2021-07-09,Sacramento,067,1510023,110349,109091,1892,110983,1682
2021-07-09,San Benito,069,59416,6164,6141,113,6254,63
2021-07-09,San Bernardino,071,2135413,296528,294932,9078,304010,5117
2021-07-09,San Diego,073,3302833,285961,283577,15822,299399,3783
2021-07-09,San Francisco,075,870044,37919,37338,1328,38666,559
2021-07-09,San Joaquin,077,732212,74862,74150,3661,77811,1412
2021-07-09,San Luis Obispo,079,281455,21661,21375,765,22140,258
2021-07-09,San Mateo,081,765935,43258,42948,496,43444,542
2021-07-09,Santa Barbara,083,443738,34838,34595,1133,35728,460
2021-07-09,Santa Clara,085,1922200,120438,119330,778,120108,2094
2021-07-09,Santa Cruz,087,273765,16429,16286,804,17090,207
2021-07-09,Shasta,089,179085,12695,12623,1657,14280,206
2021-07-09,Sierra,091,2930,66,61,12,73,0
2021-07-09,Siskiyou,093,43540,2000,1909,386,2295,29
2021-07-09,Solano,095,438530,34025,33678,601,34279,268
2021-07-09,Sonoma,097,501317,31513,31231,365,31596,317
2021-07-09,Stanislaus,099,539301,57463,57104,6029,63133,1026
2021-07-09,Sutter,101,95872,9739,9692,90,9782,114
2021-07-09,Tehama,103,63373,5178,5131,587,5718,63
2021-07-09,Trinity,105,12862,496,341,97,438,3
2021-07-09,Tulare,107,460477,50602,49850,9082,58932,853
2021-07-09,Tuolumne,109,53932,4130,4114,45,4159,64
2021-07-09,Ventura,111,848112,82388,81713,3140,84853,1039
2021-07-09,Yolo,113,214977,14373,14250,302,14552,213
2021-07-09,Yuba,115,75493,6318,6238,129,6367,52
2021-07-08,Alameda,001,1643700,90932,90090,1994,92084,1252
2021-07-08,Alpine,003,1148,88,89,0,89,0
2021-07-08,Amador,005,37829,3777,3773,33,3806,47
2021-07-08,Butte,007,227075,12893,12764,1919,14683,202
2021-07-08,Calaveras,009,45235,2238,2214,13,2227,57
2021-07-08,Colusa,011,21464,1982,1969,329,2298,16
2021-07-08,Contra Costa,013,1133247,72165,71376,1332,72708,821
2021-07-08,Del Norte,015,27424,1494,1451,13,1464,8
2021-07-08,El Dorado,017,186661,10657,10508,798,11306,114
2021-07-08,Fresno,019,978130,103899,102675,8769,111444,1730
2021-07-08,Glenn,021,27897,2463,2440,569,3009,20
2021-07-08,Humboldt,023,135768,4624,4574,54,4628,51
2021-07-08,Imperial,025,180216,28898,28729,2698,31427,741
2021-07-08,Inyo,027,18085,1417,1415,12,1427,36
2021-07-08,Kern,029,883053,98301,97538,11167,108705,1346
2021-07-08,Kings,031,150075,23362,23090,1103,24193,246
2021-07-08,Lake,033,64148,3732,3667,13,3680,63
2021-07-08,Lassen,035,31185,5308,5290,117,5407,21
2021-07-08,Los Angeles,037,10098052,1222485,1212043,41638,1253681,24542
2021-07-08,Madera,039,155013,16917,16744,950,17694,241
2021-07-08,Marin,041,260295,14353,14194,262,14456,233
2021-07-08,Mariposa,043,17540,444,442,11,453,5
2021-07-08,Mendocino,045,87422,4258,4153,87,4240,49
2021-07-08,Merced,047,269075,31386,31328,1044,32372,470
2021-07-08,Modoc,049,8938,416,410,146,556,4
2021-07-08,Mono,051,14174,1272,1275,17,1292,3
2021-07-08,Monterey,053,433212,43472,43251,1863,45114,499
2021-07-08,Napa,055,140530,10105,10077,37,10114,81
2021-07-08,Nevada,057,99092,5080,5000,194,5194,72
2021-07-08,Orange,059,3164182,258410,256438,11587,268025,5135
2021-07-08,Placer,061,380077,24214,23916,1598,25514,302
2021-07-08,Plumas,063,18699,729,717,14,731,4
2021-07-08,Riverside,065,2383286,297314,293474,14096,307570,4541
2021-07-08,Sacramento,067,1510023,110127,109091,1887,110978,1682
2021-07-08,San Benito,069,59416,6161,6141,113,6254,63
2021-07-08,San Bernardino,071,2135413,296353,294932,9069,304001,5117
2021-07-08,San Diego,073,3302833,285634,283577,15774,299351,3783
2021-07-08,San Francisco,075,870044,37839,37338,1324,38662,559
2021-07-08,San Joaquin,077,732212,74774,74150,3648,77798,1412
2021-07-08,San Luis Obispo,079,281455,21649,21375,762,22137,258
2021-07-08,San Mateo,081,765935,43207,42948,495,43443,542
2021-07-08,Santa Barbara,083,443738,34811,34595,1131,35726,460
2021-07-08,Santa Clara,085,1922200,120345,119330,777,120107,2094
2021-07-08,Santa Cruz,087,273765,16423,16286,804,17090,207
2021-07-08,Shasta,089,179085,12689,12623,1653,14276,206
2021-07-08,Sierra,091,2930,66,61,12,73,0
2021-07-08,Siskiyou,093,43540,1995,1909,383,2292,29
2021-07-08,Solano,095,438530,33970,33678,595,34273,268
2021-07-08,Sonoma,097,501317,31482,31231,364,31595,317
2021-07-08,Stanislaus,099,539301,57436,57104,6025,63129,1026
2021-07-08,Sutter,101,95872,9725,9692,88,9780,114
2021-07-08,Tehama,103,63373,5175,5131,586,5717,63
2021-07-08,Trinity,105,12862,496,341,97,438,3
2021-07-08,Tulare,107,460477,50584,49850,9075,58925,853
2021-07-08,Tuolumne,109,53932,4128,4114,45,4159,64
2021-07-08,Ventura,111,848112,82324,81713,3124,84837,1039
2021-07-08,Yolo,113,214977,14353,14250,300,14550,213
2021-07-08,Yuba,115,75493,6310,6238,129,6367,52
2021-07-07,Alameda,001,1643700,90749,89995,1988,91983,1253
2021-07-07,Alpine,003,1148,88,89,0,89,0
2021-07-07,Amador,005,37829,3772,3770,33,3803,47
2021-07-07,Butte,007,227075,12880,12750,1914,14664,202
2021-07-07,Calaveras,009,45235,2231,2212,13,2225,57
2021-07-07,Colusa,011,21464,1978,1969,329,2298,16
2021-07-07,Contra Costa,013,1133247,72018,71308,1330,72638,821
2021-07-07,Del Norte,015,27424,1489,1446,13,1459,8
2021-07-07,El Dorado,017,186661,10637,10494,796,11290,114
2021-07-07,Fresno,019,978130,103849,102639,8762,111401,1729
2021-07-07,Glenn,021,27897,2463,2441,569,3010,20
2021-07-07,Humboldt,023,135768,4610,4566,54,4620,51
2021-07-07,Imperial,025,180216,28891,28701,2698,31399,740
2021-07-07,Inyo,027,18085,1416,1415,12,1427,36
2021-07-07,Kern,029,883053,98257,97507,11152,108659,1348
2021-07-07,Kings,031,150075,23349,23085,1100,24185,245
2021-07-07,Lake,033,64148,3713,3660,13,3673,63
2021-07-07,Lassen,035,31185,5308,5286,117,5403,21
2021-07-07,Los Angeles,037,10098052,1221303,1211316,41536,1252852,24531
2021-07-07,Madera,039,155013,16906,16733,948,17681,241
2021-07-07,Marin,041,260295,14334,14183,261,14444,233
2021-07-07,Mariposa,043,17540,442,442,11,453,5
2021-07-07,Mendocino,045,87422,4249,4145,87,4232,49
2021-07-07,Merced,047,269075,31371,31317,1044,32361,470
2021-07-07,Modoc,049,8938,416,410,146,556,4
2021-07-07,Mono,051,14174,1271,1274,17,1291,3
2021-07-07,Monterey,053,433212,43448,43233,1861,45094,494
2021-07-07,Napa,055,140530,10094,10078,37,10115,81
2021-07-07,Nevada,057,99092,5073,4996,194,5190,72
2021-07-07,Orange,059,3164182,258184,256301,11566,267867,5132
2021-07-07,Placer,061,380077,24178,23901,1588,25489,302
2021-07-07,Plumas,063,18699,729,710,14,724,4
2021-07-07,Riverside,065,2383286,297100,293331,14086,307417,4538
2021-07-07,Sacramento,067,1510023,109937,108954,1879,110833,1682
2021-07-07,San Benito,069,59416,6156,6137,113,6250,63
2021-07-07,San Bernardino,071,2135413,296184,294787,9062,303849,5087
2021-07-07,San Diego,073,3302833,285314,283377,15734,299111,3782
2021-07-07,San Francisco,075,870044,37747,37284,1321,38605,558
2021-07-07,San Joaquin,077,732212,74698,74095,3633,77728,1410
2021-07-07,San Luis Obispo,079,281455,21640,21360,760,22120,258
2021-07-07,San Mateo,081,765935,43153,42908,492,43400,542
2021-07-07,Santa Barbara,083,443738,34785,34582,1131,35713,460
2021-07-07,Santa Clara,085,1922200,120247,119250,776,120026,2094
2021-07-07,Santa Cruz,087,273765,16414,16279,803,17082,207
2021-07-07,Shasta,089,179085,12681,12613,1650,14263,206
2021-07-07,Sierra,091,2930,66,60,12,72,0
2021-07-07,Siskiyou,093,43540,1989,1908,379,2287,29
2021-07-07,Solano,095,438530,33921,33659,588,34247,268
2021-07-07,Sonoma,097,501317,31436,31172,364,31536,316
2021-07-07,Stanislaus,099,539301,57404,57102,6020,63122,1028
2021-07-07,Sutter,101,95872,9715,9683,88,9771,114
2021-07-07,Tehama,103,63373,5174,5129,586,5715,63
2021-07-07,Trinity,105,12862,496,341,97,438,3
2021-07-07,Tulare,107,460477,50580,49835,9066,58901,853
2021-07-07,Tuolumne,109,53932,4124,4115,44,4159,64
2021-07-07,Ventura,111,848112,82280,81608,3110,84718,1036
2021-07-07,Yolo,113,214977,14342,14236,297,14533,213
2021-07-07,Yuba,115,75493,6294,6233,129,6362,51
2021-07-06,Alameda,001,1643700,90554,89918,1980,91898,1253
2021-07-06,Alpine,003,1148,88,89,0,89,0
2021-07-06,Amador,005,37829,3771,3768,32,3800,47
2021-07-06,Butte,007,227075,12867,12744,1911,14655,201
2021-07-06,Calaveras,009,45235,2231,2211,13,2224,55
2021-07-06,Colusa,011,21464,1977,1967,326,2293,16
2021-07-06,Contra Costa,013,1133247,71889,71262,1327,72589,820
2021-07-06,Del Norte,015,27424,1485,1445,13,1458,8
2021-07-06,El Dorado,017,186661,10619,10484,794,11278,113
2021-07-06,Fresno,019,978130,103797,102616,8750,111366,1727
2021-07-06,Glenn,021,27897,2462,2438,569,3007,20
2021-07-06,Humboldt,023,135768,4596,4565,53,4618,49
2021-07-06,Imperial,025,180216,28876,28693,2696,31389,739
2021-07-06,Inyo,027,18085,1416,1412,12,1424,36
2021-07-06,Kern,029,883053,98215,97491,11141,108632,1346
2021-07-06,Kings,031,150075,23341,23077,1099,24176,245
2021-07-06,Lake,033,64148,3703,3659,13,3672,63
2021-07-06,Lassen,035,31185,5307,5288,116,5404,21
2021-07-06,Los Angeles,037,10098052,1220085,1210965,41438,1252403,24525
2021-07-06,Madera,039,155013,16894,16730,948,17678,241
2021-07-06,Marin,041,260295,14320,14181,261,14442,233
2021-07-06,Mariposa,043,17540,442,442,11,453,5
2021-07-06,Mendocino,045,87422,4242,4143,87,4230,49
2021-07-06,Merced,047,269075,31354,31317,1043,32360,470
2021-07-06,Modoc,049,8938,416,411,146,557,4
2021-07-06,Mono,051,14174,1270,1274,17,1291,3
2021-07-06,Monterey,053,433212,43426,43224,1859,45083,494
2021-07-06,Napa,055,140530,10083,10081,37,10118,81
2021-07-06,Nevada,057,99092,5064,4988,194,5182,72
2021-07-06,Orange,059,3164182,257940,256227,11549,267776,5129
2021-07-06,Placer,061,380077,24137,23876,1582,25458,302
2021-07-06,Plumas,063,18699,728,708,14,722,4
2021-07-06,Riverside,065,2383286,296897,293227,14068,307295,4539
2021-07-06,Sacramento,067,1510023,109726,108850,1871,110721,1679
2021-07-06,San Benito,069,59416,6152,6137,113,6250,63
2021-07-06,San Bernardino,071,2135413,296005,294712,9049,303761,5056
2021-07-06,San Diego,073,3302833,284956,283278,15675,298953,3782
2021-07-06,San Francisco,075,870044,37630,37251,1320,38571,558
2021-07-06,San Joaquin,077,732212,74628,74019,3621,77640,1410
2021-07-06,San Luis Obispo,079,281455,21623,21354,758,22112,257
2021-07-06,San Mateo,081,765935,43078,42895,492,43387,541
2021-07-06,Santa Barbara,083,443738,34766,34572,1130,35702,460
2021-07-06,Santa Clara,085,1922200,120129,119194,773,119967,2095
2021-07-06,Santa Cruz,087,273765,16409,16274,802,17076,207
2021-07-06,Shasta,089,179085,12671,12606,1648,14254,205
2021-07-06,Sierra,091,2930,65,60,12,72,0
2021-07-06,Siskiyou,093,43540,1986,1905,375,2280,29
2021-07-06,Solano,095,438530,33870,33619,585,34204,268
2021-07-06,Sonoma,097,501317,31373,31130,363,31493,316
2021-07-06,Stanislaus,099,539301,57355,57120,6009,63129,1029
2021-07-06,Sutter,101,95872,9706,9674,87,9761,114
2021-07-06,Tehama,103,63373,5171,5126,585,5711,63
2021-07-06,Trinity,105,12862,496,341,97,438,3
2021-07-06,Tulare,107,460477,50565,49826,9056,58882,853
2021-07-06,Tuolumne,109,53932,4122,4113,44,4157,64
2021-07-06,Ventura,111,848112,82240,81534,3085,84619,1033
2021-07-06,Yolo,113,214977,14320,14227,294,14521,213
2021-07-06,Yuba,115,75493,6283,6231,129,6360,51
2021-07-05,Alameda,001,1643700,90378,89892,1975,91867,1253
2021-07-05,Alpine,003,1148,88,89,0,89,0
2021-07-05,Amador,005,37829,3769,3768,32,3800,47
2021-07-05,Butte,007,227075,12859,12740,1902,14642,201
2021-07-05,Calaveras,009,45235,2229,2211,13,2224,55
2021-07-05,Colusa,011,21464,1975,1966,325,2291,16
2021-07-05,Contra Costa,013,1133247,71761,71235,1327,72562,820
2021-07-05,Del Norte,015,27424,1481,1446,13,1459,8
2021-07-05,El Dorado,017,186661,10594,10481,794,11275,113
2021-07-05,Fresno,019,978130,103738,102592,8735,111327,1727
2021-07-05,Glenn,021,27897,2459,2438,568,3006,20
2021-07-05,Humboldt,023,135768,4582,4563,53,4616,49
2021-07-05,Imperial,025,180216,28857,28689,2696,31385,739
2021-07-05,Inyo,027,18085,1416,1412,12,1424,36
2021-07-05,Kern,029,883053,98167,97479,11120,108599,1346
2021-07-05,Kings,031,150075,23333,23065,1096,24161,245
2021-07-05,Lake,033,64148,3685,3645,13,3658,63
2021-07-05,Lassen,035,31185,5304,5288,115,5403,21
2021-07-05,Los Angeles,037,10098052,1218889,1210653,41336,1251989,24522
2021-07-05,Madera,039,155013,16883,16722,947,17669,241
2021-07-05,Marin,041,260295,14299,14178,261,14439,233
2021-07-05,Mariposa,043,17540,442,441,11,452,5
2021-07-05,Mendocino,045,87422,4237,4139,87,4226,49
2021-07-05,Merced,047,269075,31334,31312,1043,32355,470
2021-07-05,Modoc,049,8938,416,410,146,556,4
2021-07-05,Mono,051,14174,1270,1273,17,1290,3
2021-07-05,Monterey,053,433212,43406,43218,1854,45072,494
2021-07-05,Napa,055,140530,10077,10074,37,10111,81
2021-07-05,Nevada,057,99092,5046,4980,193,5173,72
2021-07-05,Orange,059,3164182,257739,256173,11531,267704,5129
2021-07-05,Placer,061,380077,24090,23867,1574,25441,302
2021-07-05,Plumas,063,18699,727,708,14,722,4
2021-07-05,Riverside,065,2383286,296706,293193,14056,307249,4539
2021-07-05,Sacramento,067,1510023,109544,108758,1861,110619,1679
2021-07-05,San Benito,069,59416,6145,6137,113,6250,63
2021-07-05,San Bernardino,071,2135413,295843,294647,9042,303689,5037
2021-07-05,San Diego,073,3302833,284593,282834,15631,298465,3782
2021-07-05,San Francisco,075,870044,37542,37237,1315,38552,558
2021-07-05,San Joaquin,077,732212,74558,73999,3616,77615,1410
2021-07-05,San Luis Obispo,079,281455,21609,21351,757,22108,257
2021-07-05,San Mateo,081,765935,43026,42876,489,43365,541
2021-07-05,Santa Barbara,083,443738,34746,34569,1130,35699,460
2021-07-05,Santa Clara,085,1922200,120023,119184,771,119955,2095
2021-07-05,Santa Cruz,087,273765,16400,16273,801,17074,208
2021-07-05,Shasta,089,179085,12662,12603,1646,14249,205
2021-07-05,Sierra,091,2930,65,60,12,72,0
2021-07-05,Siskiyou,093,43540,1984,1904,374,2278,29
2021-07-05,Solano,095,438530,33800,33612,579,34191,268
2021-07-05,Sonoma,097,501317,31320,31116,363,31479,316
2021-07-05,Stanislaus,099,539301,57325,57109,5998,63107,1029
2021-07-05,Sutter,101,95872,9694,9667,87,9754,114
2021-07-05,Tehama,103,63373,5170,5125,585,5710,63
2021-07-05,Trinity,105,12862,495,341,96,437,3
2021-07-05,Tulare,107,460477,50547,49818,9053,58871,853
2021-07-05,Tuolumne,109,53932,4118,4112,44,4156,64
2021-07-05,Ventura,111,848112,82189,81519,3066,84585,1033
2021-07-05,Yolo,113,214977,14300,14225,286,14511,213
2021-07-05,Yuba,115,75493,6275,6223,129,6352,51
2021-07-04,Alameda,001,1643700,90214,89683,1972,91655,1253
2021-07-04,Alpine,003,1148,88,89,0,89,0
2021-07-04,Amador,005,37829,3768,3758,32,3790,46
2021-07-04,Butte,007,227075,12849,12684,1902,14586,201
2021-07-04,Calaveras,009,45235,2225,2200,13,2213,55
2021-07-04,Colusa,011,21464,1975,1969,325,2294,15
2021-07-04,Contra Costa,013,1133247,71655,70941,1322,72263,818
2021-07-04,Del Norte,015,27424,1478,1439,13,1452,8
2021-07-04,El Dorado,017,186661,10585,10433,793,11226,113
2021-07-04,Fresno,019,978130,103692,102512,8720,111232,1727
2021-07-04,Glenn,021,27897,2457,2442,567,3009,20
2021-07-04,Humboldt,023,135768,4574,4530,53,4583,49
2021-07-04,Imperial,025,180216,28851,28661,2696,31357,739
2021-07-04,Inyo,027,18085,1416,1412,12,1424,35
2021-07-04,Kern,029,883053,98148,97421,11111,108532,1347
2021-07-04,Kings,031,150075,23325,23051,1096,24147,245
2021-07-04,Lake,033,64148,3675,3623,13,3636,62
2021-07-04,Lassen,035,31185,5303,5277,115,5392,20
2021-07-04,Los Angeles,037,10098052,1218026,1208705,41252,1249957,24506
2021-07-04,Madera,039,155013,16871,16696,946,17642,240
2021-07-04,Marin,041,260295,14284,14143,261,14404,233
2021-07-04,Mariposa,043,17540,442,441,11,452,5
2021-07-04,Mendocino,045,87422,4227,4122,87,4209,49
2021-07-04,Merced,047,269075,31323,31297,1043,32340,469
2021-07-04,Modoc,049,8938,416,410,146,556,4
2021-07-04,Mono,051,14174,1270,1275,17,1292,3
2021-07-04,Monterey,053,433212,43390,43212,1853,45065,492
2021-07-04,Napa,055,140530,10069,10045,36,10081,81
2021-07-04,Nevada,057,99092,5036,4966,193,5159,72
2021-07-04,Orange,059,3164182,257564,255823,11511,267334,5126
2021-07-04,Placer,061,380077,24053,23764,1568,25332,299
2021-07-04,Plumas,063,18699,727,707,14,721,4
2021-07-04,Riverside,065,2383286,296546,293260,14050,307310,4536
2021-07-04,Sacramento,067,1510023,109374,108257,1855,110112,1676
2021-07-04,San Benito,069,59416,6138,6108,113,6221,63
2021-07-04,San Bernardino,071,2135413,295675,294294,9035,303329,5003
2021-07-04,San Diego,073,3302833,284368,282692,15594,298286,3780
2021-07-04,San Francisco,075,870044,37483,37107,1309,38416,558
2021-07-04,San Joaquin,077,732212,74492,73841,3608,77449,1409
2021-07-04,San Luis Obispo,079,281455,21603,21330,756,22086,256
2021-07-04,San Mateo,081,765935,42992,42691,489,43180,541
2021-07-04,Santa Barbara,083,443738,34723,34526,1129,35655,456
2021-07-04,Santa Clara,085,1922200,119933,118966,770,119736,2090
2021-07-04,Santa Cruz,087,273765,16389,16254,801,17055,208
2021-07-04,Shasta,089,179085,12658,12582,1645,14227,204
2021-07-04,Sierra,091,2930,64,60,12,72,0
2021-07-04,Siskiyou,093,43540,1980,1899,373,2272,29
2021-07-04,Solano,095,438530,33759,33486,577,34063,268
2021-07-04,Sonoma,097,501317,31290,31000,363,31363,316
2021-07-04,Stanislaus,099,539301,57310,57018,5992,63010,1018
2021-07-04,Sutter,101,95872,9683,9644,87,9731,114
2021-07-04,Tehama,103,63373,5166,5124,585,5709,63
2021-07-04,Trinity,105,12862,494,341,96,437,3
2021-07-04,Tulare,107,460477,50537,49789,9050,58839,853
2021-07-04,Tuolumne,109,53932,4110,4113,44,4157,64
2021-07-04,Ventura,111,848112,82131,81425,3055,84480,1033
2021-07-04,Yolo,113,214977,14279,14188,283,14471,213
2021-07-04,Yuba,115,75493,6267,6197,129,6326,51
2021-07-03,Alameda,001,1643700,90127,89683,1964,91647,1253
2021-07-03,Alpine,003,1148,88,89,0,89,0
2021-07-03,Amador,005,37829,3768,3758,32,3790,46
2021-07-03,Butte,007,227075,12845,12684,1901,14585,201
2021-07-03,Calaveras,009,45235,2223,2200,13,2213,55
2021-07-03,Colusa,011,21464,1974,1969,325,2294,15
2021-07-03,Contra Costa,013,1133247,71595,70941,1319,72260,818
2021-07-03,Del Norte,015,27424,1475,1439,13,1452,8
2021-07-03,El Dorado,017,186661,10579,10433,791,11224,113
2021-07-03,Fresno,019,978130,103668,102512,8711,111223,1727
2021-07-03,Glenn,021,27897,2457,2442,567,3009,20
2021-07-03,Humboldt,023,135768,4569,4530,53,4583,49
2021-07-03,Imperial,025,180216,28841,28661,2696,31357,739
2021-07-03,Inyo,027,18085,1416,1412,12,1424,35
2021-07-03,Kern,029,883053,98128,97421,11103,108524,1347
2021-07-03,Kings,031,150075,23325,23051,1095,24146,245
2021-07-03,Lake,033,64148,3665,3623,13,3636,62
2021-07-03,Lassen,035,31185,5302,5277,115,5392,20
2021-07-03,Los Angeles,037,10098052,1217597,1208705,41221,1249926,24506
2021-07-03,Madera,039,155013,16862,16696,943,17639,240
2021-07-03,Marin,041,260295,14280,14143,261,14404,233
2021-07-03,Mariposa,043,17540,442,441,11,452,5
2021-07-03,Mendocino,045,87422,4226,4122,87,4209,49
2021-07-03,Merced,047,269075,31310,31297,1042,32339,469
2021-07-03,Modoc,049,8938,415,410,146,556,4
2021-07-03,Mono,051,14174,1269,1275,17,1292,3
2021-07-03,Monterey,053,433212,43378,43212,1851,45063,492
2021-07-03,Napa,055,140530,10064,10045,36,10081,81
2021-07-03,Nevada,057,99092,5022,4966,193,5159,72
2021-07-03,Orange,059,3164182,257480,255823,11504,267327,5126
2021-07-03,Placer,061,380077,24034,23764,1565,25329,299
2021-07-03,Plumas,063,18699,727,707,14,721,4
2021-07-03,Riverside,065,2383286,296454,293260,14046,307306,4536
2021-07-03,Sacramento,067,1510023,109300,108257,1852,110109,1676
2021-07-03,San Benito,069,59416,6131,6108,113,6221,63
2021-07-03,San Bernardino,071,2135413,295585,294294,9032,303326,5003
2021-07-03,San Diego,073,3302833,284237,282692,15575,298267,3780
2021-07-03,San Francisco,075,870044,37442,37107,1306,38413,558
2021-07-03,San Joaquin,077,732212,74456,73841,3603,77444,1409
2021-07-03,San Luis Obispo,079,281455,21591,21330,756,22086,256
2021-07-03,San Mateo,081,765935,42967,42691,488,43179,541
2021-07-03,Santa Barbara,083,443738,34714,34526,1128,35654,456
2021-07-03,Santa Clara,085,1922200,119886,118966,770,119736,2090
2021-07-03,Santa Cruz,087,273765,16382,16254,801,17055,208
2021-07-03,Shasta,089,179085,12654,12582,1643,14225,204
2021-07-03,Sierra,091,2930,64,60,12,72,0
2021-07-03,Siskiyou,093,43540,1979,1899,372,2271,29
2021-07-03,Solano,095,438530,33715,33486,577,34063,268
2021-07-03,Sonoma,097,501317,31256,31000,363,31363,316
2021-07-03,Stanislaus,099,539301,57299,57018,5985,63003,1018
2021-07-03,Sutter,101,95872,9673,9644,87,9731,114
2021-07-03,Tehama,103,63373,5164,5124,585,5709,63
2021-07-03,Trinity,105,12862,494,341,96,437,3
2021-07-03,Tulare,107,460477,50531,49789,9044,58833,853
2021-07-03,Tuolumne,109,53932,4109,4113,44,4157,64
2021-07-03,Ventura,111,848112,82101,81425,3047,84472,1033
2021-07-03,Yolo,113,214977,14269,14188,280,14468,213
2021-07-03,Yuba,115,75493,6261,6197,129,6326,51
2021-07-02,Alameda,001,1643700,90043,89683,1962,91645,1253
2021-07-02,Alpine,003,1148,88,89,0,89,0
2021-07-02,Amador,005,37829,3766,3758,32,3790,46
2021-07-02,Butte,007,227075,12838,12684,1901,14585,201
2021-07-02,Calaveras,009,45235,2221,2200,13,2213,55
2021-07-02,Colusa,011,21464,1973,1969,324,2293,15
2021-07-02,Contra Costa,013,1133247,71525,70941,1315,72256,818
2021-07-02,Del Norte,015,27424,1475,1439,13,1452,8
2021-07-02,El Dorado,017,186661,10571,10433,791,11224,113
2021-07-02,Fresno,019,978130,103640,102512,8705,111217,1727
2021-07-02,Glenn,021,27897,2456,2442,566,3008,20
2021-07-02,Humboldt,023,135768,4566,4530,52,4582,49
2021-07-02,Imperial,025,180216,28835,28661,2695,31356,739
2021-07-02,Inyo,027,18085,1416,1412,12,1424,35
2021-07-02,Kern,029,883053,98110,97421,11095,108516,1347
2021-07-02,Kings,031,150075,23315,23051,1095,24146,245
2021-07-02,Lake,033,64148,3659,3623,13,3636,62
2021-07-02,Lassen,035,31185,5302,5277,115,5392,20
2021-07-02,Los Angeles,037,10098052,1217123,1208705,41183,1249888,24506
2021-07-02,Madera,039,155013,16853,16696,942,17638,240
2021-07-02,Marin,041,260295,14276,14143,261,14404,233
2021-07-02,Mariposa,043,17540,442,441,11,452,5
2021-07-02,Mendocino,045,87422,4222,4122,86,4208,49
2021-07-02,Merced,047,269075,31301,31297,1042,32339,469
2021-07-02,Modoc,049,8938,415,410,146,556,4
2021-07-02,Mono,051,14174,1268,1275,17,1292,3
2021-07-02,Monterey,053,433212,43370,43212,1850,45062,492
2021-07-02,Napa,055,140530,10059,10045,36,10081,81
2021-07-02,Nevada,057,99092,5013,4966,193,5159,72
2021-07-02,Orange,059,3164182,257368,255823,11497,267320,5126
2021-07-02,Placer,061,380077,24017,23764,1558,25322,299
2021-07-02,Plumas,063,18699,727,707,14,721,4
2021-07-02,Riverside,065,2383286,296356,293260,14041,307301,4536
2021-07-02,Sacramento,067,1510023,109222,108257,1851,110108,1676
2021-07-02,San Benito,069,59416,6128,6108,113,6221,63
2021-07-02,San Bernardino,071,2135413,295498,294294,9030,303324,5003
2021-07-02,San Diego,073,3302833,284092,282692,15549,298241,3780
2021-07-02,San Francisco,075,870044,37394,37107,1304,38411,558
2021-07-02,San Joaquin,077,732212,74424,73841,3597,77438,1409
2021-07-02,San Luis Obispo,079,281455,21585,21330,755,22085,256
2021-07-02,San Mateo,081,765935,42932,42691,488,43179,541
2021-07-02,Santa Barbara,083,443738,34704,34526,1128,35654,456
2021-07-02,Santa Clara,085,1922200,119808,118966,770,119736,2090
2021-07-02,Santa Cruz,087,273765,16378,16254,801,17055,208
2021-07-02,Shasta,089,179085,12650,12582,1643,14225,204
2021-07-02,Sierra,091,2930,63,60,12,72,0
2021-07-02,Siskiyou,093,43540,1976,1899,371,2270,29
2021-07-02,Solano,095,438530,33690,33486,577,34063,268
2021-07-02,Sonoma,097,501317,31233,31000,363,31363,316
2021-07-02,Stanislaus,099,539301,57282,57018,5984,63002,1018
2021-07-02,Sutter,101,95872,9669,9644,87,9731,114
2021-07-02,Tehama,103,63373,5162,5124,583,5707,63
2021-07-02,Trinity,105,12862,494,341,96,437,3
2021-07-02,Tulare,107,460477,50521,49789,9036,58825,853
2021-07-02,Tuolumne,109,53932,4106,4113,44,4157,64
2021-07-02,Ventura,111,848112,82058,81425,3039,84464,1033
2021-07-02,Yolo,113,214977,14253,14188,278,14466,213
2021-07-02,Yuba,115,75493,6253,6197,129,6326,51
2021-07-01,Alameda,001,1643700,89942,89683,1960,91643,1253
2021-07-01,Alpine,003,1148,88,89,0,89,0
2021-07-01,Amador,005,37829,3765,3758,32,3790,46
2021-07-01,Butte,007,227075,12826,12684,1899,14583,201
2021-07-01,Calaveras,009,45235,2219,2200,13,2213,55
2021-07-01,Colusa,011,21464,1973,1969,322,2291,15
2021-07-01,Contra Costa,013,1133247,71453,70941,1315,72256,818
2021-07-01,Del Norte,015,27424,1474,1439,13,1452,8
2021-07-01,El Dorado,017,186661,10559,10433,791,11224,113
2021-07-01,Fresno,019,978130,103601,102512,8700,111212,1727
2021-07-01,Glenn,021,27897,2456,2442,566,3008,20
2021-07-01,Humboldt,023,135768,4564,4530,52,4582,49
2021-07-01,Imperial,025,180216,28818,28661,2695,31356,739
2021-07-01,Inyo,027,18085,1416,1412,12,1424,35
2021-07-01,Kern,029,883053,98084,97421,11085,108506,1347
2021-07-01,Kings,031,150075,23301,23051,1095,24146,245
2021-07-01,Lake,033,64148,3656,3623,13,3636,62
2021-07-01,Lassen,035,31185,5300,5277,115,5392,20
2021-07-01,Los Angeles,037,10098052,1216519,1208705,41128,1249833,24506
2021-07-01,Madera,039,155013,16844,16696,941,17637,240
2021-07-01,Marin,041,260295,14272,14143,261,14404,233
2021-07-01,Mariposa,043,17540,442,441,11,452,5
2021-07-01,Mendocino,045,87422,4218,4122,85,4207,49
2021-07-01,Merced,047,269075,31295,31297,1042,32339,469
2021-07-01,Modoc,049,8938,415,410,146,556,4
2021-07-01,Mono,051,14174,1267,1275,17,1292,3
2021-07-01,Monterey,053,433212,43362,43212,1847,45059,492
2021-07-01,Napa,055,140530,10052,10045,36,10081,81
2021-07-01,Nevada,057,99092,5008,4966,193,5159,72
2021-07-01,Orange,059,3164182,257248,255823,11478,267301,5126
2021-07-01,Placer,061,380077,23999,23764,1555,25319,299
2021-07-01,Plumas,063,18699,724,707,12,719,4
2021-07-01,Riverside,065,2383286,296247,293260,14033,307293,4536
2021-07-01,Sacramento,067,1510023,109097,108257,1844,110101,1676
2021-07-01,San Benito,069,59416,6124,6108,113,6221,63
2021-07-01,San Bernardino,071,2135413,295377,294294,9025,303319,5003
2021-07-01,San Diego,073,3302833,283914,282692,15512,298204,3780
2021-07-01,San Francisco,075,870044,37357,37107,1302,38409,558
2021-07-01,San Joaquin,077,732212,74373,73841,3593,77434,1409
2021-07-01,San Luis Obispo,079,281455,21570,21330,754,22084,256
2021-07-01,San Mateo,081,765935,42904,42691,487,43178,541
2021-07-01,Santa Barbara,083,443738,34691,34526,1128,35654,456
2021-07-01,Santa Clara,085,1922200,119759,118966,770,119736,2090
2021-07-01,Santa Cruz,087,273765,16373,16254,801,17055,208
2021-07-01,Shasta,089,179085,12642,12582,1642,14224,204
2021-07-01,Sierra,091,2930,63,60,12,72,0
2021-07-01,Siskiyou,093,43540,1976,1899,371,2270,29
2021-07-01,Solano,095,438530,33649,33486,576,34062,268
2021-07-01,Sonoma,097,501317,31189,31000,363,31363,316
2021-07-01,Stanislaus,099,539301,57265,57018,5980,62998,1018
2021-07-01,Sutter,101,95872,9660,9644,87,9731,114
2021-07-01,Tehama,103,63373,5162,5124,582,5706,63
2021-07-01,Trinity,105,12862,494,341,96,437,3
2021-07-01,Tulare,107,460477,50512,49789,9029,58818,853
2021-07-01,Tuolumne,109,53932,4099,4113,44,4157,64
2021-07-01,Ventura,111,848112,82027,81425,3029,84454,1033
2021-07-01,Yolo,113,214977,14237,14188,276,14464,213
2021-07-01,Yuba,115,75493,6246,6197,129,6326,51
2021-06-30,Alameda,001,1643700,89861,89597,1956,91553,1256
2021-06-30,Alpine,003,1148,88,89,0,89,0
2021-06-30,Amador,005,37829,3763,3756,32,3788,46
2021-06-30,Butte,007,227075,12819,12676,1890,14566,201
2021-06-30,Calaveras,009,45235,2213,2198,13,2211,55
2021-06-30,Colusa,011,21464,1971,1967,319,2286,15
2021-06-30,Contra Costa,013,1133247,71388,70869,1312,72181,818
2021-06-30,Del Norte,015,27424,1469,1435,13,1448,8
2021-06-30,El Dorado,017,186661,10539,10420,791,11211,113
2021-06-30,Fresno,019,978130,103564,102490,8697,111187,1727
2021-06-30,Glenn,021,27897,2454,2440,566,3006,20
2021-06-30,Humboldt,023,135768,4548,4522,50,4572,49
2021-06-30,Imperial,025,180216,28810,28651,2695,31346,739
2021-06-30,Inyo,027,18085,1416,1409,12,1421,35
2021-06-30,Kern,029,883053,98043,97267,11073,108340,1348
2021-06-30,Kings,031,150075,23296,23038,1094,24132,245
2021-06-30,Lake,033,64148,3643,3601,13,3614,56
2021-06-30,Lassen,035,31185,5295,5269,115,5384,20
2021-06-30,Los Angeles,037,10098052,1215845,1208246,41083,1249329,24499
2021-06-30,Madera,039,155013,16836,16688,939,17627,240
2021-06-30,Marin,041,260295,14263,14133,260,14393,232
2021-06-30,Mariposa,043,17540,441,441,11,452,5
2021-06-30,Mendocino,045,87422,4208,4115,85,4200,49
2021-06-30,Merced,047,269075,31285,31286,1042,32328,469
2021-06-30,Modoc,049,8938,415,410,146,556,4
2021-06-30,Mono,051,14174,1267,1275,17,1292,3
2021-06-30,Monterey,053,433212,43357,43209,1845,45054,492
2021-06-30,Napa,055,140530,10044,10039,36,10075,81
2021-06-30,Nevada,057,99092,4997,4958,193,5151,72
2021-06-30,Orange,059,3164182,257123,255764,11468,267232,5125
2021-06-30,Placer,061,380077,23975,23721,1552,25273,299
2021-06-30,Plumas,063,18699,724,705,12,717,4
2021-06-30,Riverside,065,2383286,296133,293280,14025,307305,4535
2021-06-30,Sacramento,067,1510023,108958,108137,1840,109977,1676
2021-06-30,San Benito,069,59416,6120,6105,113,6218,63
2021-06-30,San Bernardino,071,2135413,295217,294211,9020,303231,4975
2021-06-30,San Diego,073,3302833,283778,282583,15484,298067,3780
2021-06-30,San Francisco,075,870044,37308,37065,1297,38362,558
2021-06-30,San Joaquin,077,732212,74311,73777,3592,77369,1409
2021-06-30,San Luis Obispo,079,281455,21557,21326,753,22079,256
2021-06-30,San Mateo,081,765935,42867,42599,486,43085,537
2021-06-30,Santa Barbara,083,443738,34675,34521,1128,35649,456
2021-06-30,Santa Clara,085,1922200,119712,118930,767,119697,2090
2021-06-30,Santa Cruz,087,273765,16367,16250,801,17051,208
2021-06-30,Shasta,089,179085,12636,12564,1642,14206,204
2021-06-30,Sierra,091,2930,63,60,12,72,0
2021-06-30,Siskiyou,093,43540,1974,1900,368,2268,29
2021-06-30,Solano,095,438530,33610,33453,574,34027,268
2021-06-30,Sonoma,097,501317,31159,30947,363,31310,316
2021-06-30,Stanislaus,099,539301,57248,56997,5979,62976,1018
2021-06-30,Sutter,101,95872,9650,9638,87,9725,114
2021-06-30,Tehama,103,63373,5160,5124,582,5706,63
2021-06-30,Trinity,105,12862,494,341,96,437,3
2021-06-30,Tulare,107,460477,50501,49764,9018,58782,853
2021-06-30,Tuolumne,109,53932,4096,4112,44,4156,64
2021-06-30,Ventura,111,848112,81984,81392,3024,84416,1032
2021-06-30,Yolo,113,214977,14231,14178,273,14451,213
2021-06-30,Yuba,115,75493,6239,6191,129,6320,51
2021-06-29,Alameda,001,1643700,89755,89519,1954,91473,1257
2021-06-29,Alpine,003,1148,88,89,0,89,0
2021-06-29,Amador,005,37829,3759,3754,32,3786,46
2021-06-29,Butte,007,227075,12811,12669,1890,14559,201
2021-06-29,Calaveras,009,45235,2207,2198,13,2211,55
2021-06-29,Colusa,011,21464,1969,1967,319,2286,15
2021-06-29,Contra Costa,013,1133247,71314,70775,1311,72086,817
2021-06-29,Del Norte,015,27424,1468,1435,13,1448,8
2021-06-29,El Dorado,017,186661,10526,10403,787,11190,113
2021-06-29,Fresno,019,978130,103531,102464,8694,111158,1725
2021-06-29,Glenn,021,27897,2453,2439,566,3005,20
2021-06-29,Humboldt,023,135768,4544,4514,49,4563,49
2021-06-29,Imperial,025,180216,28801,28645,2694,31339,737
2021-06-29,Inyo,027,18085,1416,1408,12,1420,35
2021-06-29,Kern,029,883053,98022,97173,11067,108240,1347
2021-06-29,Kings,031,150075,23287,23035,1093,24128,245
2021-06-29,Lake,033,64148,3637,3594,13,3607,56
2021-06-29,Lassen,035,31185,5288,5268,115,5383,20
2021-06-29,Los Angeles,037,10098052,1215230,1207895,41055,1248950,24498
2021-06-29,Madera,039,155013,16832,16680,938,17618,240
2021-06-29,Marin,041,260295,14251,14127,260,14387,232
2021-06-29,Mariposa,043,17540,441,441,11,452,5
2021-06-29,Mendocino,045,87422,4204,4107,84,4191,49
2021-06-29,Merced,047,269075,31273,31277,1042,32319,469
2021-06-29,Modoc,049,8938,414,408,146,554,3
2021-06-29,Mono,051,14174,1267,1275,17,1292,3
2021-06-29,Monterey,053,433212,43347,43196,1843,45039,471
2021-06-29,Napa,055,140530,10038,10033,36,10069,81
2021-06-29,Nevada,057,99092,4990,4952,193,5145,72
2021-06-29,Orange,059,3164182,257023,255686,11453,267139,5124
2021-06-29,Placer,061,380077,23951,23693,1550,25243,299
2021-06-29,Plumas,063,18699,724,704,12,716,4
2021-06-29,Riverside,065,2383286,296034,292962,14018,306980,4524
2021-06-29,Sacramento,067,1510023,108805,108067,1836,109903,1677
2021-06-29,San Benito,069,59416,6109,6099,113,6212,63
2021-06-29,San Bernardino,071,2135413,295105,294118,9019,303137,4940
2021-06-29,San Diego,073,3302833,283622,282499,15457,297956,3780
2021-06-29,San Francisco,075,870044,37269,37041,1294,38335,558
2021-06-29,San Joaquin,077,732212,74263,73724,3589,77313,1409
2021-06-29,San Luis Obispo,079,281455,21547,21324,752,22076,256
2021-06-29,San Mateo,081,765935,42833,42540,486,43026,540
2021-06-29,Santa Barbara,083,443738,34665,34507,1127,35634,455
2021-06-29,Santa Clara,085,1922200,119658,118893,766,119659,2090
2021-06-29,Santa Cruz,087,273765,16361,16249,801,17050,208
2021-06-29,Shasta,089,179085,12624,12564,1641,14205,204
2021-06-29,Sierra,091,2930,63,59,12,71,0
2021-06-29,Siskiyou,093,43540,1971,1897,364,2261,29
2021-06-29,Solano,095,438530,33577,33440,572,34012,268
2021-06-29,Sonoma,097,501317,31117,30950,361,31311,316
2021-06-29,Stanislaus,099,539301,57227,56980,5972,62952,1018
2021-06-29,Sutter,101,95872,9639,9634,87,9721,114
2021-06-29,Tehama,103,63373,5160,5124,582,5706,63
2021-06-29,Trinity,105,12862,494,341,96,437,3
2021-06-29,Tulare,107,460477,50488,49751,9013,58764,852
2021-06-29,Tuolumne,109,53932,4094,4111,44,4155,64
2021-06-29,Ventura,111,848112,81946,81363,3018,84381,1032
2021-06-29,Yolo,113,214977,14219,14171,272,14443,213
2021-06-29,Yuba,115,75493,6229,6188,129,6317,51
2021-06-28,Alameda,001,1643700,89660,89638,1951,91589,1259
2021-06-28,Alpine,003,1148,88,89,0,89,0
2021-06-28,Amador,005,37829,3758,3753,32,3785,46
2021-06-28,Butte,007,227075,12802,12697,1888,14585,198
2021-06-28,Calaveras,009,45235,2204,2203,13,2216,55
2021-06-28,Colusa,011,21464,1967,1974,319,2293,15
2021-06-28,Contra Costa,013,1133247,71239,70807,1309,72116,816
2021-06-28,Del Norte,015,27424,1468,1436,13,1449,8
2021-06-28,El Dorado,017,186661,10516,10422,783,11205,115
2021-06-28,Fresno,019,978130,103500,103121,8692,111813,1727
2021-06-28,Glenn,021,27897,2453,2439,566,3005,20
2021-06-28,Humboldt,023,135768,4537,4520,48,4568,49
2021-06-28,Imperial,025,180216,28793,28981,2693,31674,741
2021-06-28,Inyo,027,18085,1413,1407,12,1419,35
2021-06-28,Kern,029,883053,98003,97252,11062,108314,1348
2021-06-28,Kings,031,150075,23281,23134,1093,24227,246
2021-06-28,Lake,033,64148,3630,3591,13,3604,56
2021-06-28,Lassen,035,31185,5286,5268,115,5383,20
2021-06-28,Los Angeles,037,10098052,1214710,1207714,41021,1248735,24496
2021-06-28,Madera,039,155013,16821,16683,937,17620,240
2021-06-28,Marin,041,260295,14236,14186,260,14446,232
2021-06-28,Mariposa,043,17540,441,440,11,451,5
2021-06-28,Mendocino,045,87422,4195,4102,83,4185,49
2021-06-28,Merced,047,269075,31261,31277,1042,32319,469
2021-06-28,Modoc,049,8938,414,411,145,556,3
2021-06-28,Mono,051,14174,1267,1276,17,1293,3
2021-06-28,Monterey,053,433212,43343,43202,1842,45044,462
2021-06-28,Napa,055,140530,10029,10050,35,10085,81
2021-06-28,Nevada,057,99092,4986,4951,193,5144,72
2021-06-28,Orange,059,3164182,256933,255755,11439,267194,5123
2021-06-28,Placer,061,380077,23935,23756,1546,25302,299
2021-06-28,Plumas,063,18699,722,704,12,716,4
2021-06-28,Riverside,065,2383286,295908,292647,14006,306653,4507
2021-06-28,Sacramento,067,1510023,108673,108342,1831,110173,1675
2021-06-28,San Benito,069,59416,6107,6101,113,6214,63
2021-06-28,San Bernardino,071,2135413,295005,294151,9014,303165,4928
2021-06-28,San Diego,073,3302833,283458,282417,15428,297845,3780
2021-06-28,San Francisco,075,870044,37234,37372,1292,38664,559
2021-06-28,San Joaquin,077,732212,74216,73973,3586,77559,1411
2021-06-28,San Luis Obispo,079,281455,21543,21340,751,22091,256
2021-06-28,San Mateo,081,765935,42799,42927,485,43412,540
2021-06-28,Santa Barbara,083,443738,34658,34534,1125,35659,455
2021-06-28,Santa Clara,085,1922200,119594,120377,765,121142,2103
2021-06-28,Santa Cruz,087,273765,16356,16245,801,17046,208
2021-06-28,Shasta,089,179085,12620,12642,1639,14281,203
2021-06-28,Sierra,091,2930,63,58,12,70,0
2021-06-28,Siskiyou,093,43540,1970,1896,364,2260,29
2021-06-28,Solano,095,438530,33541,33524,570,34094,267
2021-06-28,Sonoma,097,501317,31080,31137,360,31497,315
2021-06-28,Stanislaus,099,539301,57209,57047,5968,63015,1018
2021-06-28,Sutter,101,95872,9635,9682,87,9769,114
2021-06-28,Tehama,103,63373,5158,5122,582,5704,63
2021-06-28,Trinity,105,12862,494,341,96,437,3
2021-06-28,Tulare,107,460477,50478,49751,9009,58760,850
2021-06-28,Tuolumne,109,53932,4086,4121,44,4165,64
2021-06-28,Ventura,111,848112,81889,81393,3013,84406,1032
2021-06-28,Yolo,113,214977,14210,14199,269,14468,213
2021-06-28,Yuba,115,75493,6224,6207,129,6336,51
2021-06-27,Alameda,001,1643700,89573,89611,1947,91558,1259
2021-06-27,Alpine,003,1148,88,89,0,89,0
2021-06-27,Amador,005,37829,3757,3752,32,3784,46
2021-06-27,Butte,007,227075,12793,12696,1887,14583,198
2021-06-27,Calaveras,009,45235,2203,2203,13,2216,55
2021-06-27,Colusa,011,21464,1967,1974,319,2293,15
2021-06-27,Contra Costa,013,1133247,71153,70762,1305,72067,816
2021-06-27,Del Norte,015,27424,1465,1436,13,1449,8
2021-06-27,El Dorado,017,186661,10504,10418,780,11198,115
2021-06-27,Fresno,019,978130,103471,103110,8689,111799,1727
2021-06-27,Glenn,021,27897,2452,2439,565,3004,20
2021-06-27,Humboldt,023,135768,4525,4513,45,4558,49
2021-06-27,Imperial,025,180216,28779,28987,2693,31680,741
2021-06-27,Inyo,027,18085,1413,1407,12,1419,35
2021-06-27,Kern,029,883053,97977,97249,11055,108304,1348
2021-06-27,Kings,031,150075,23271,23132,1093,24225,246
2021-06-27,Lake,033,64148,3623,3581,13,3594,56
2021-06-27,Lassen,035,31185,5285,5265,115,5380,20
2021-06-27,Los Angeles,037,10098052,1214158,1207461,40981,1248442,24493
2021-06-27,Madera,039,155013,16813,16680,937,17617,240
2021-06-27,Marin,041,260295,14227,14182,260,14442,232
2021-06-27,Mariposa,043,17540,441,440,11,451,5
2021-06-27,Mendocino,045,87422,4188,4100,83,4183,49
2021-06-27,Merced,047,269075,31249,31266,1042,32308,469
2021-06-27,Modoc,049,8938,414,411,145,556,3
2021-06-27,Mono,051,14174,1267,1279,17,1296,3
2021-06-27,Monterey,053,433212,43330,43199,1842,45041,462
2021-06-27,Napa,055,140530,10023,10046,35,10081,81
2021-06-27,Nevada,057,99092,4980,4946,193,5139,72
2021-06-27,Orange,059,3164182,256819,255710,11428,267138,5123
2021-06-27,Placer,061,380077,23902,23731,1543,25274,299
2021-06-27,Plumas,063,18699,722,704,12,716,4
2021-06-27,Riverside,065,2383286,295806,292641,14000,306641,4507
2021-06-27,Sacramento,067,1510023,108538,108279,1827,110106,1675
2021-06-27,San Benito,069,59416,6101,6101,113,6214,63
2021-06-27,San Bernardino,071,2135413,294892,294115,9012,303127,4927
2021-06-27,San Diego,073,3302833,283318,282359,15402,297761,3780
2021-06-27,San Francisco,075,870044,37197,37360,1291,38651,559
2021-06-27,San Joaquin,077,732212,74180,73960,3584,77544,1411
2021-06-27,San Luis Obispo,079,281455,21536,21340,750,22090,256
2021-06-27,San Mateo,081,765935,42770,42925,482,43407,539
2021-06-27,Santa Barbara,083,443738,34644,34533,1123,35656,455
2021-06-27,Santa Clara,085,1922200,119543,120352,764,121116,2103
2021-06-27,Santa Cruz,087,273765,16347,16241,801,17042,208
2021-06-27,Shasta,089,179085,12614,12640,1638,14278,203
2021-06-27,Sierra,091,2930,63,58,12,70,0
2021-06-27,Siskiyou,093,43540,1968,1896,363,2259,29
2021-06-27,Solano,095,438530,33513,33516,570,34086,267
2021-06-27,Sonoma,097,501317,31042,31129,360,31489,315
2021-06-27,Stanislaus,099,539301,57169,57021,5965,62986,1018
2021-06-27,Sutter,101,95872,9629,9678,87,9765,114
2021-06-27,Tehama,103,63373,5154,5122,582,5704,63
2021-06-27,Trinity,105,12862,494,341,95,436,3
2021-06-27,Tulare,107,460477,50465,49749,9002,58751,850
2021-06-27,Tuolumne,109,53932,4084,4121,44,4165,64
2021-06-27,Ventura,111,848112,81855,81361,3004,84365,1032
2021-06-27,Yolo,113,214977,14195,14194,265,14459,213
2021-06-27,Yuba,115,75493,6218,6205,129,6334,51
2021-06-26,Alameda,001,1643700,89516,89560,1945,91505,1259
2021-06-26,Alpine,003,1148,88,89,0,89,0
2021-06-26,Amador,005,37829,3757,3748,32,3780,46
2021-06-26,Butte,007,227075,12789,12693,1884,14577,198
2021-06-26,Calaveras,009,45235,2201,2202,13,2215,55
2021-06-26,Colusa,011,21464,1967,1973,319,2292,15
2021-06-26,Contra Costa,013,1133247,71110,70712,1304,72016,816
2021-06-26,Del Norte,015,27424,1464,1432,13,1445,8
2021-06-26,El Dorado,017,186661,10496,10414,778,11192,115
2021-06-26,Fresno,019,978130,103451,103091,8687,111778,1727
2021-06-26,Glenn,021,27897,2450,2441,565,3006,20
2021-06-26,Humboldt,023,135768,4522,4509,45,4554,49
2021-06-26,Imperial,025,180216,28775,28970,2693,31663,741
2021-06-26,Inyo,027,18085,1413,1407,12,1419,35
2021-06-26,Kern,029,883053,97951,97239,11046,108285,1348
2021-06-26,Kings,031,150075,23267,23128,1092,24220,246
2021-06-26,Lake,033,64148,3612,3576,13,3589,56
2021-06-26,Lassen,035,31185,5282,5263,115,5378,20
2021-06-26,Los Angeles,037,10098052,1213853,1207198,40949,1248147,24490
2021-06-26,Madera,039,155013,16806,16679,936,17615,240
2021-06-26,Marin,041,260295,14218,14180,260,14440,232
2021-06-26,Mariposa,043,17540,441,440,11,451,5
2021-06-26,Mendocino,045,87422,4186,4096,83,4179,49
2021-06-26,Merced,047,269075,31243,31259,1041,32300,469
2021-06-26,Modoc,049,8938,414,411,145,556,3
2021-06-26,Mono,051,14174,1267,1279,17,1296,3
2021-06-26,Monterey,053,433212,43327,43192,1842,45034,462
2021-06-26,Napa,055,140530,10016,10043,35,10078,81
2021-06-26,Nevada,057,99092,4975,4939,193,5132,72
2021-06-26,Orange,059,3164182,256739,255640,11421,267061,5123
2021-06-26,Placer,061,380077,23888,23702,1541,25243,299
2021-06-26,Plumas,063,18699,722,704,12,716,4
2021-06-26,Riverside,065,2383286,295748,292480,13994,306474,4505
2021-06-26,Sacramento,067,1510023,108467,108179,1824,110003,1675
2021-06-26,San Benito,069,59416,6097,6100,113,6213,63
2021-06-26,San Bernardino,071,2135413,294798,294034,9008,303042,4928
2021-06-26,San Diego,073,3302833,283233,282263,15384,297647,3780
2021-06-26,San Francisco,075,870044,37165,37348,1290,38638,559
2021-06-26,San Joaquin,077,732212,74151,73928,3583,77511,1411
2021-06-26,San Luis Obispo,079,281455,21535,21330,749,22079,256
2021-06-26,San Mateo,081,765935,42750,42898,482,43380,539
2021-06-26,Santa Barbara,083,443738,34635,34525,1123,35648,455
2021-06-26,Santa Clara,085,1922200,119510,120321,764,121085,2103
2021-06-26,Santa Cruz,087,273765,16344,16239,801,17040,208
2021-06-26,Shasta,089,179085,12610,12635,1634,14269,203
2021-06-26,Sierra,091,2930,63,58,12,70,0
2021-06-26,Siskiyou,093,43540,1967,1896,362,2258,29
2021-06-26,Solano,095,438530,33495,33489,568,34057,267
2021-06-26,Sonoma,097,501317,31016,31088,360,31448,315
2021-06-26,Stanislaus,099,539301,57153,57006,5962,62968,1018
2021-06-26,Sutter,101,95872,9628,9669,87,9756,114
2021-06-26,Tehama,103,63373,5154,5119,582,5701,63
2021-06-26,Trinity,105,12862,494,341,95,436,3
2021-06-26,Tulare,107,460477,50459,49745,9002,58747,850
2021-06-26,Tuolumne,109,53932,4084,4121,44,4165,64
2021-06-26,Ventura,111,848112,81831,81352,3003,84355,1032
2021-06-26,Yolo,113,214977,14187,14184,265,14449,213
2021-06-26,Yuba,115,75493,6215,6200,129,6329,51
2021-06-25,Alameda,001,1643700,89448,89453,1943,91396,1271
2021-06-25,Alpine,003,1148,88,89,0,89,0
2021-06-25,Amador,005,37829,3756,3746,32,3778,46
2021-06-25,Butte,007,227075,12784,12682,1881,14563,198
2021-06-25,Calaveras,009,45235,2200,2201,13,2214,55
2021-06-25,Colusa,011,21464,1967,1972,319,2291,15
2021-06-25,Contra Costa,013,1133247,71074,70659,1304,71963,815
2021-06-25,Del Norte,015,27424,1464,1426,13,1439,8
2021-06-25,El Dorado,017,186661,10488,10406,775,11181,115
2021-06-25,Fresno,019,978130,103433,103073,8683,111756,1727
2021-06-25,Glenn,021,27897,2450,2441,565,3006,20
2021-06-25,Humboldt,023,135768,4516,4503,43,4546,49
2021-06-25,Imperial,025,180216,28772,28968,2693,31661,740
2021-06-25,Inyo,027,18085,1412,1406,12,1418,35
2021-06-25,Kern,029,883053,97932,97182,11042,108224,1347
2021-06-25,Kings,031,150075,23261,23118,1092,24210,246
2021-06-25,Lake,033,64148,3606,3571,13,3584,56
2021-06-25,Lassen,035,31185,5281,5259,115,5374,20
2021-06-25,Los Angeles,037,10098052,1213570,1206909,40932,1247841,24483
2021-06-25,Madera,039,155013,16803,16670,936,17606,240
2021-06-25,Marin,041,260295,14215,14179,260,14439,232
2021-06-25,Mariposa,043,17540,441,440,11,451,5
2021-06-25,Mendocino,045,87422,4183,4089,83,4172,49
2021-06-25,Merced,047,269075,31235,31256,1041,32297,467
2021-06-25,Modoc,049,8938,414,411,145,556,3
2021-06-25,Mono,051,14174,1267,1279,17,1296,3
2021-06-25,Monterey,053,433212,43322,43184,1841,45025,462
2021-06-25,Napa,055,140530,10011,10037,35,10072,81
2021-06-25,Nevada,057,99092,4972,4932,193,5125,72
2021-06-25,Orange,059,3164182,256668,255574,11419,266993,5119
2021-06-25,Placer,061,380077,23869,23672,1540,25212,299
2021-06-25,Plumas,063,18699,722,702,11,713,4
2021-06-25,Riverside,065,2383286,295680,291663,13987,305650,4490
2021-06-25,Sacramento,067,1510023,108395,108034,1821,109855,1673
2021-06-25,San Benito,069,59416,6093,6098,113,6211,63
2021-06-25,San Bernardino,071,2135413,294743,293941,9006,302947,4911
2021-06-25,San Diego,073,3302833,283173,282157,15371,297528,3779
2021-06-25,San Francisco,075,870044,37142,37338,1289,38627,559
2021-06-25,San Joaquin,077,732212,74118,73860,3581,77441,1410
2021-06-25,San Luis Obispo,079,281455,21532,21325,748,22073,256
2021-06-25,San Mateo,081,765935,42732,42849,482,43331,537
2021-06-25,Santa Barbara,083,443738,34626,34518,1122,35640,454
2021-06-25,Santa Clara,085,1922200,119490,120272,764,121036,2103
2021-06-25,Santa Cruz,087,273765,16341,16230,799,17029,208
2021-06-25,Shasta,089,179085,12600,12633,1633,14266,202
2021-06-25,Sierra,091,2930,63,58,12,70,0
2021-06-25,Siskiyou,093,43540,1966,1894,362,2256,29
2021-06-25,Solano,095,438530,33475,33449,568,34017,267
2021-06-25,Sonoma,097,501317,30993,31043,360,31403,314
2021-06-25,Stanislaus,099,539301,57137,56973,5955,62928,1018
2021-06-25,Sutter,101,95872,9621,9664,87,9751,114
2021-06-25,Tehama,103,63373,5153,5119,582,5701,63
2021-06-25,Trinity,105,12862,494,338,95,433,3
2021-06-25,Tulare,107,460477,50452,49731,8999,58730,850
2021-06-25,Tuolumne,109,53932,4083,4121,44,4165,64
2021-06-25,Ventura,111,848112,81802,81342,2997,84339,1032
2021-06-25,Yolo,113,214977,14181,14172,265,14437,213
2021-06-25,Yuba,115,75493,6211,6195,129,6324,51
2021-06-24,Alameda,001,1643700,89376,89358,1940,91298,1268
2021-06-24,Alpine,003,1148,88,89,0,89,0
2021-06-24,Amador,005,37829,3752,3745,32,3777,46
2021-06-24,Butte,007,227075,12778,12673,1879,14552,198
2021-06-24,Calaveras,009,45235,2197,2202,13,2215,55
2021-06-24,Colusa,011,21464,1966,1972,319,2291,15
2021-06-24,Contra Costa,013,1133247,71015,70590,1304,71894,813
2021-06-24,Del Norte,015,27424,1463,1421,13,1434,8
2021-06-24,El Dorado,017,186661,10481,10402,775,11177,115
2021-06-24,Fresno,019,978130,103413,103061,8681,111742,1727
2021-06-24,Glenn,021,27897,2449,2439,565,3004,20
2021-06-24,Humboldt,023,135768,4511,4493,43,4536,49
2021-06-24,Imperial,025,180216,28769,28981,2693,31674,740
2021-06-24,Inyo,027,18085,1411,1406,12,1418,35
2021-06-24,Kern,029,883053,97913,97129,11029,108158,1346
2021-06-24,Kings,031,150075,23257,23114,1091,24205,246
2021-06-24,Lake,033,64148,3600,3571,13,3584,56
2021-06-24,Lassen,035,31185,5280,5258,115,5373,20
2021-06-24,Los Angeles,037,10098052,1213245,1206590,40908,1247498,24480
2021-06-24,Madera,039,155013,16792,16662,935,17597,240
2021-06-24,Marin,041,260295,14211,14180,260,14440,232
2021-06-24,Mariposa,043,17540,441,440,11,451,5
2021-06-24,Mendocino,045,87422,4175,4085,83,4168,49
2021-06-24,Merced,047,269075,31225,31248,1040,32288,466
2021-06-24,Modoc,049,8938,414,411,145,556,3
2021-06-24,Mono,051,14174,1267,1276,17,1293,3
2021-06-24,Monterey,053,433212,43315,43180,1841,45021,451
2021-06-24,Napa,055,140530,10009,10036,35,10071,80
2021-06-24,Nevada,057,99092,4970,4927,193,5120,72
2021-06-24,Orange,059,3164182,256604,255520,11411,266931,5117
2021-06-24,Placer,061,380077,23844,23659,1538,25197,299
2021-06-24,Plumas,063,18699,721,702,11,713,4
2021-06-24,Riverside,065,2383286,295599,291067,13976,305043,4473
2021-06-24,Sacramento,067,1510023,108307,107965,1819,109784,1672
2021-06-24,San Benito,069,59416,6090,6098,113,6211,63
2021-06-24,San Bernardino,071,2135413,294672,293895,9000,302895,4898
2021-06-24,San Diego,073,3302833,283069,282053,15358,297411,3778
2021-06-24,San Francisco,075,870044,37120,37320,1287,38607,559
2021-06-24,San Joaquin,077,732212,74070,73814,3581,77395,1408
2021-06-24,San Luis Obispo,079,281455,21526,21326,748,22074,256
2021-06-24,San Mateo,081,765935,42706,42814,481,43295,542
2021-06-24,Santa Barbara,083,443738,34620,34512,1121,35633,454
2021-06-24,Santa Clara,085,1922200,119459,120274,763,121037,2103
2021-06-24,Santa Cruz,087,273765,16340,16227,799,17026,208
2021-06-24,Shasta,089,179085,12595,12629,1629,14258,202
2021-06-24,Sierra,091,2930,63,58,12,70,0
2021-06-24,Siskiyou,093,43540,1966,1892,362,2254,28
2021-06-24,Solano,095,438530,33452,33432,566,33998,267
2021-06-24,Sonoma,097,501317,30964,31020,360,31380,314
2021-06-24,Stanislaus,099,539301,57111,56946,5955,62901,1018
2021-06-24,Sutter,101,95872,9614,9660,87,9747,113
2021-06-24,Tehama,103,63373,5150,5115,582,5697,63
2021-06-24,Trinity,105,12862,493,338,95,433,3
2021-06-24,Tulare,107,460477,50441,49730,8997,58727,850
2021-06-24,Tuolumne,109,53932,4081,4120,44,4164,64
2021-06-24,Ventura,111,848112,81774,81332,2996,84328,1032
2021-06-24,Yolo,113,214977,14172,14169,262,14431,213
2021-06-24,Yuba,115,75493,6206,6195,129,6324,51
2021-06-23,Alameda,001,1643700,89304,89338,1939,91277,1266
2021-06-23,Alpine,003,1148,88,88,0,88,0
2021-06-23,Amador,005,37829,3750,3743,32,3775,46
2021-06-23,Butte,007,227075,12771,12666,1879,14545,198
2021-06-23,Calaveras,009,45235,2196,2199,13,2212,55
2021-06-23,Colusa,011,21464,1965,1972,319,2291,15
2021-06-23,Contra Costa,013,1133247,70950,70526,1303,71829,813
2021-06-23,Del Norte,015,27424,1459,1418,13,1431,8
2021-06-23,El Dorado,017,186661,10471,10395,772,11167,115
2021-06-23,Fresno,019,978130,103384,103020,8679,111699,1724
2021-06-23,Glenn,021,27897,2449,2437,564,3001,20
2021-06-23,Humboldt,023,135768,4502,4490,43,4533,48
2021-06-23,Imperial,025,180216,28762,28908,2693,31601,740
2021-06-23,Inyo,027,18085,1411,1406,12,1418,35
2021-06-23,Kern,029,883053,97885,97078,11016,108094,1345
2021-06-23,Kings,031,150075,23250,23105,1089,24194,245
2021-06-23,Lake,033,64148,3591,3566,13,3579,53
2021-06-23,Lassen,035,31185,5277,5257,115,5372,20
2021-06-23,Los Angeles,037,10098052,1212908,1206358,40898,1247256,24472
2021-06-23,Madera,039,155013,16785,16660,935,17595,240
2021-06-23,Marin,041,260295,14205,14177,260,14437,230
2021-06-23,Mariposa,043,17540,441,439,11,450,5
2021-06-23,Mendocino,045,87422,4171,4078,83,4161,49
2021-06-23,Merced,047,269075,31216,31260,1040,32300,465
2021-06-23,Modoc,049,8938,412,407,145,552,3
2021-06-23,Mono,051,14174,1267,1279,17,1296,3
2021-06-23,Monterey,053,433212,43306,43166,1841,45007,439
2021-06-23,Napa,055,140530,10000,10032,35,10067,80
2021-06-23,Nevada,057,99092,4967,4924,193,5117,72
2021-06-23,Orange,059,3164182,256538,255479,11403,266882,5116
2021-06-23,Placer,061,380077,23815,23630,1533,25163,299
2021-06-23,Plumas,063,18699,720,701,11,712,4
2021-06-23,Riverside,065,2383286,295516,290343,13974,304317,4462
2021-06-23,Sacramento,067,1510023,108214,107868,1814,109682,1671
2021-06-23,San Benito,069,59416,6086,6097,113,6210,63
2021-06-23,San Bernardino,071,2135413,294593,293816,8995,302811,4886
2021-06-23,San Diego,073,3302833,282969,281937,15337,297274,3777
2021-06-23,San Francisco,075,870044,37095,37304,1285,38589,559
2021-06-23,San Joaquin,077,732212,74031,73764,3579,77343,1405
2021-06-23,San Luis Obispo,079,281455,21522,21323,747,22070,257
2021-06-23,San Mateo,081,765935,42690,42756,481,43237,542
2021-06-23,Santa Barbara,083,443738,34610,34505,1121,35626,454
2021-06-23,Santa Clara,085,1922200,119430,120233,763,120996,2098
2021-06-23,Santa Cruz,087,273765,16336,16215,799,17014,209
2021-06-23,Shasta,089,179085,12588,12604,1627,14231,202
2021-06-23,Sierra,091,2930,63,57,12,69,0
2021-06-23,Siskiyou,093,43540,1964,1892,362,2254,28
2021-06-23,Solano,095,438530,33408,33408,566,33974,267
2021-06-23,Sonoma,097,501317,30924,30959,358,31317,314
2021-06-23,Stanislaus,099,539301,57081,56926,5954,62880,1017
2021-06-23,Sutter,101,95872,9608,9653,87,9740,113
2021-06-23,Tehama,103,63373,5150,5119,581,5700,63
2021-06-23,Trinity,105,12862,493,338,95,433,3
2021-06-23,Tulare,107,460477,50434,49711,8994,58705,850
2021-06-23,Tuolumne,109,53932,4078,4120,44,4164,64
2021-06-23,Ventura,111,848112,81751,81312,2993,84305,1032
2021-06-23,Yolo,113,214977,14162,14161,262,14423,212
2021-06-23,Yuba,115,75493,6203,6190,129,6319,51
2021-06-22,Alameda,001,1643700,89237,89308,1939,91247,1263
2021-06-22,Alpine,003,1148,88,88,0,88,0
2021-06-22,Amador,005,37829,3747,3743,32,3775,46
2021-06-22,Butte,007,227075,12767,12662,1876,14538,198
2021-06-22,Calaveras,009,45235,2195,2198,13,2211,55
2021-06-22,Colusa,011,21464,1964,1971,319,2290,15
2021-06-22,Contra Costa,013,1133247,70894,70480,1302,71782,813
2021-06-22,Del Norte,015,27424,1456,1417,13,1430,8
2021-06-22,El Dorado,017,186661,10466,10380,771,11151,113
2021-06-22,Fresno,019,978130,103364,102996,8675,111671,1724
2021-06-22,Glenn,021,27897,2448,2435,562,2997,19
2021-06-22,Humboldt,023,135768,4492,4483,43,4526,42
2021-06-22,Imperial,025,180216,28757,28880,2693,31573,740
2021-06-22,Inyo,027,18085,1411,1405,12,1417,35
2021-06-22,Kern,029,883053,97872,97013,11012,108025,1342
2021-06-22,Kings,031,150075,23242,23098,1088,24186,245
2021-06-22,Lake,033,64148,3589,3564,13,3577,45
2021-06-22,Lassen,035,31185,5272,5254,115,5369,20
2021-06-22,Los Angeles,037,10098052,1212592,1206146,40886,1247032,24461
2021-06-22,Madera,039,155013,16780,16652,935,17587,240
2021-06-22,Marin,041,260295,14203,14174,260,14434,230
2021-06-22,Mariposa,043,17540,441,439,11,450,5
2021-06-22,Mendocino,045,87422,4165,4072,83,4155,49
2021-06-22,Merced,047,269075,31205,31267,1040,32307,464
2021-06-22,Modoc,049,8938,410,405,144,549,3
2021-06-22,Mono,051,14174,1267,1277,17,1294,3
2021-06-22,Monterey,053,433212,43303,43162,1840,45002,427
2021-06-22,Napa,055,140530,9996,10029,35,10064,80
2021-06-22,Nevada,057,99092,4961,4923,193,5116,72
2021-06-22,Orange,059,3164182,256469,255452,11392,266844,5114
2021-06-22,Placer,061,380077,23793,23603,1533,25136,299
2021-06-22,Plumas,063,18699,720,697,11,708,4
2021-06-22,Riverside,065,2383286,295455,289839,13970,303809,4456
2021-06-22,Sacramento,067,1510023,108113,107801,1809,109610,1670
2021-06-22,San Benito,069,59416,6085,6098,113,6211,63
2021-06-22,San Bernardino,071,2135413,294517,293770,8989,302759,4873
2021-06-22,San Diego,073,3302833,282865,281867,15314,297181,3771
2021-06-22,San Francisco,075,870044,37081,37287,1285,38572,556
2021-06-22,San Joaquin,077,732212,74001,73723,3577,77300,1405
2021-06-22,San Luis Obispo,079,281455,21519,21321,746,22067,257
2021-06-22,San Mateo,081,765935,42676,42725,476,43201,542
2021-06-22,Santa Barbara,083,443738,34599,34500,1120,35620,454
2021-06-22,Santa Clara,085,1922200,119398,120194,763,120957,2095
2021-06-22,Santa Cruz,087,273765,16331,16218,799,17017,209
2021-06-22,Shasta,089,179085,12577,12616,1624,14240,202
2021-06-22,Sierra,091,2930,62,57,12,69,0
2021-06-22,Siskiyou,093,43540,1964,1892,362,2254,28
2021-06-22,Solano,095,438530,33390,33397,565,33962,267
2021-06-22,Sonoma,097,501317,30884,30933,358,31291,314
2021-06-22,Stanislaus,099,539301,57065,56915,5952,62867,1017
2021-06-22,Sutter,101,95872,9601,9649,87,9736,113
2021-06-22,Tehama,103,63373,5148,5118,580,5698,63
2021-06-22,Trinity,105,12862,491,337,95,432,3
2021-06-22,Tulare,107,460477,50426,49706,8989,58695,850
2021-06-22,Tuolumne,109,53932,4076,4119,44,4163,64
2021-06-22,Ventura,111,848112,81737,81300,2992,84292,1032
2021-06-22,Yolo,113,214977,14157,14157,260,14417,212
2021-06-22,Yuba,115,75493,6199,6181,129,6310,51
2021-06-21,Alameda,001,1643700,89181,89281,1938,91219,1262
2021-06-21,Alpine,003,1148,88,88,0,88,0
2021-06-21,Amador,005,37829,3741,3742,32,3774,46
2021-06-21,Butte,007,227075,12761,12668,1874,14542,195
2021-06-21,Calaveras,009,45235,2193,2194,13,2207,55
2021-06-21,Colusa,011,21464,1963,1970,318,2288,15
2021-06-21,Contra Costa,013,1133247,70823,70439,1301,71740,813
2021-06-21,Del Norte,015,27424,1452,1416,13,1429,8
2021-06-21,El Dorado,017,186661,10460,10375,770,11145,113
2021-06-21,Fresno,019,978130,103344,102971,8672,111643,1724
2021-06-21,Glenn,021,27897,2447,2433,562,2995,19
2021-06-21,Humboldt,023,135768,4483,4478,42,4520,42
2021-06-21,Imperial,025,180216,28753,28855,2693,31548,740
2021-06-21,Inyo,027,18085,1410,1405,12,1417,35
2021-06-21,Kern,029,883053,97843,96995,11004,107999,1342
2021-06-21,Kings,031,150075,23235,23091,1085,24176,245
2021-06-21,Lake,033,64148,3583,3563,13,3576,45
2021-06-21,Lassen,035,31185,5270,5233,115,5348,19
2021-06-21,Los Angeles,037,10098052,1212297,1205994,40864,1246858,24459
2021-06-21,Madera,039,155013,16771,16647,935,17582,240
2021-06-21,Marin,041,260295,14199,14173,260,14433,230
2021-06-21,Mariposa,043,17540,441,439,11,450,5
2021-06-21,Mendocino,045,87422,4162,4085,83,4168,49
2021-06-21,Merced,047,269075,31195,31264,1039,32303,465
2021-06-21,Modoc,049,8938,410,405,144,549,3
2021-06-21,Mono,051,14174,1267,1277,17,1294,3
2021-06-21,Monterey,053,433212,43300,43157,1840,44997,427
2021-06-21,Napa,055,140530,9991,10028,35,10063,80
2021-06-21,Nevada,057,99092,4957,4921,193,5114,72
2021-06-21,Orange,059,3164182,256396,255400,11385,266785,5113
2021-06-21,Placer,061,380077,23769,23577,1533,25110,298
2021-06-21,Plumas,063,18699,718,697,11,708,4
2021-06-21,Riverside,065,2383286,295379,289797,13965,303762,4456
2021-06-21,Sacramento,067,1510023,108002,107757,1808,109565,1669
2021-06-21,San Benito,069,59416,6081,6098,113,6211,63
2021-06-21,San Bernardino,071,2135413,294430,293736,8985,302721,4850
2021-06-21,San Diego,073,3302833,282760,281811,15294,297105,3771
2021-06-21,San Francisco,075,870044,37065,37275,1284,38559,556
2021-06-21,San Joaquin,077,732212,73960,73687,3576,77263,1405
2021-06-21,San Luis Obispo,079,281455,21510,21316,746,22062,257
2021-06-21,San Mateo,081,765935,42660,42685,475,43160,542
2021-06-21,Santa Barbara,083,443738,34594,34492,1120,35612,455
2021-06-21,Santa Clara,085,1922200,119365,120192,762,120954,2093
2021-06-21,Santa Cruz,087,273765,16329,16212,799,17011,208
2021-06-21,Shasta,089,179085,12564,12617,1621,14238,201
2021-06-21,Sierra,091,2930,62,57,12,69,0
2021-06-21,Siskiyou,093,43540,1964,1892,362,2254,27
2021-06-21,Solano,095,438530,33367,33383,564,33947,266
2021-06-21,Sonoma,097,501317,30861,30912,358,31270,314
2021-06-21,Stanislaus,099,539301,57035,56891,5947,62838,1017
2021-06-21,Sutter,101,95872,9598,9649,87,9736,113
2021-06-21,Tehama,103,63373,5148,5115,579,5694,63
2021-06-21,Trinity,105,12862,491,337,95,432,3
2021-06-21,Tulare,107,460477,50415,49689,8985,58674,849
2021-06-21,Tuolumne,109,53932,4072,4119,44,4163,63
2021-06-21,Ventura,111,848112,81709,81291,2988,84279,1031
2021-06-21,Yolo,113,214977,14151,14165,260,14425,212
2021-06-21,Yuba,115,75493,6198,6172,129,6301,51
2021-06-20,Alameda,001,1643700,89116,89255,1937,91192,1263
2021-06-20,Alpine,003,1148,88,88,0,88,0
2021-06-20,Amador,005,37829,3738,3740,32,3772,46
2021-06-20,Butte,007,227075,12754,12668,1873,14541,194
2021-06-20,Calaveras,009,45235,2192,2193,13,2206,55
2021-06-20,Colusa,011,21464,1963,1970,318,2288,15
2021-06-20,Contra Costa,013,1133247,70766,70401,1299,71700,813
2021-06-20,Del Norte,015,27424,1448,1416,13,1429,8
2021-06-20,El Dorado,017,186661,10446,10372,767,11139,113
2021-06-20,Fresno,019,978130,103303,102947,8669,111616,1724
2021-06-20,Glenn,021,27897,2447,2434,562,2996,19
2021-06-20,Humboldt,023,135768,4477,4472,42,4514,42
2021-06-20,Imperial,025,180216,28744,28855,2693,31548,740
2021-06-20,Inyo,027,18085,1409,1405,12,1417,35
2021-06-20,Kern,029,883053,97822,96985,10993,107978,1342
2021-06-20,Kings,031,150075,23230,23088,1083,24171,245
2021-06-20,Lake,033,64148,3581,3563,13,3576,45
2021-06-20,Lassen,035,31185,5267,5230,115,5345,19
2021-06-20,Los Angeles,037,10098052,1211992,1205874,40856,1246730,24456
2021-06-20,Madera,039,155013,16763,16638,933,17571,240
2021-06-20,Marin,041,260295,14196,14166,260,14426,230
2021-06-20,Mariposa,043,17540,439,439,11,450,5
2021-06-20,Mendocino,045,87422,4155,4080,83,4163,49
2021-06-20,Merced,047,269075,31183,31265,1039,32304,465
2021-06-20,Modoc,049,8938,410,405,144,549,3
2021-06-20,Mono,051,14174,1267,1275,17,1292,3
2021-06-20,Monterey,053,433212,43291,43156,1839,44995,427
2021-06-20,Napa,055,140530,9984,10026,34,10060,80
2021-06-20,Nevada,057,99092,4950,4919,193,5112,72
2021-06-20,Orange,059,3164182,256332,255377,11374,266751,5113
2021-06-20,Placer,061,380077,23735,23562,1529,25091,298
2021-06-20,Plumas,063,18699,717,697,11,708,4
2021-06-20,Riverside,065,2383286,295300,289770,13954,303724,4456
2021-06-20,Sacramento,067,1510023,107890,107700,1805,109505,1669
2021-06-20,San Benito,069,59416,6081,6098,113,6211,63
2021-06-20,San Bernardino,071,2135413,294329,293713,8981,302694,4845
2021-06-20,San Diego,073,3302833,282654,281750,15272,297022,3771
2021-06-20,San Francisco,075,870044,37042,37269,1284,38553,556
2021-06-20,San Joaquin,077,732212,73915,73676,3567,77243,1405
2021-06-20,San Luis Obispo,079,281455,21508,21313,746,22059,257
2021-06-20,San Mateo,081,765935,42631,42681,475,43156,542
2021-06-20,Santa Barbara,083,443738,34585,34487,1120,35607,455
2021-06-20,Santa Clara,085,1922200,119330,120163,762,120925,2093
2021-06-20,Santa Cruz,087,273765,16324,16210,799,17009,208
2021-06-20,Shasta,089,179085,12559,12617,1619,14236,201
2021-06-20,Sierra,091,2930,62,57,12,69,0
2021-06-20,Siskiyou,093,43540,1963,1891,362,2253,27
2021-06-20,Solano,095,438530,33345,33361,562,33923,266
2021-06-20,Sonoma,097,501317,30814,30884,355,31239,314
2021-06-20,Stanislaus,099,539301,57002,56868,5946,62814,1017
2021-06-20,Sutter,101,95872,9595,9645,87,9732,113
2021-06-20,Tehama,103,63373,5144,5115,579,5694,63
2021-06-20,Trinity,105,12862,491,337,95,432,3
2021-06-20,Tulare,107,460477,50406,49685,8983,58668,849
2021-06-20,Tuolumne,109,53932,4069,4117,44,4161,63
2021-06-20,Ventura,111,848112,81693,81282,2986,84268,1031
2021-06-20,Yolo,113,214977,14144,14160,260,14420,212
2021-06-20,Yuba,115,75493,6191,6167,129,6296,51
2021-06-19,Alameda,001,1643700,89081,89202,1937,91139,1263
2021-06-19,Alpine,003,1148,88,88,0,88,0
2021-06-19,Amador,005,37829,3736,3739,32,3771,46
2021-06-19,Butte,007,227075,12750,12659,1873,14532,194
2021-06-19,Calaveras,009,45235,2192,2192,13,2205,55
2021-06-19,Colusa,011,21464,1963,1969,318,2287,15
2021-06-19,Contra Costa,013,1133247,70735,70334,1298,71632,813
2021-06-19,Del Norte,015,27424,1447,1416,13,1429,8
2021-06-19,El Dorado,017,186661,10445,10363,766,11129,113
2021-06-19,Fresno,019,978130,103290,102922,8668,111590,1724
2021-06-19,Glenn,021,27897,2446,2434,561,2995,19
2021-06-19,Humboldt,023,135768,4466,4463,42,4505,42
2021-06-19,Imperial,025,180216,28743,28813,2693,31506,740
2021-06-19,Inyo,027,18085,1409,1405,12,1417,35
2021-06-19,Kern,029,883053,97806,96966,10989,107955,1342
2021-06-19,Kings,031,150075,23227,23086,1083,24169,245
2021-06-19,Lake,033,64148,3577,3563,13,3576,45
2021-06-19,Lassen,035,31185,5266,5225,115,5340,19
2021-06-19,Los Angeles,037,10098052,1211789,1205602,40840,1246442,24454
2021-06-19,Madera,039,155013,16761,16632,933,17565,240
2021-06-19,Marin,041,260295,14188,14152,260,14412,230
2021-06-19,Mariposa,043,17540,439,439,11,450,5
2021-06-19,Mendocino,045,87422,4150,4077,83,4160,49
2021-06-19,Merced,047,269075,31181,31256,1039,32295,465
2021-06-19,Modoc,049,8938,409,402,144,546,3
2021-06-19,Mono,051,14174,1267,1275,17,1292,3
2021-06-19,Monterey,053,433212,43285,43153,1839,44992,427
2021-06-19,Napa,055,140530,9980,10025,34,10059,80
2021-06-19,Nevada,057,99092,4945,4910,193,5103,72
2021-06-19,Orange,059,3164182,256286,255329,11371,266700,5112
2021-06-19,Placer,061,380077,23719,23537,1526,25063,298
2021-06-19,Plumas,063,18699,716,697,11,708,4
2021-06-19,Riverside,065,2383286,295254,289720,13954,303674,4456
2021-06-19,Sacramento,067,1510023,107843,107631,1802,109433,1669
2021-06-19,San Benito,069,59416,6080,6098,113,6211,63
2021-06-19,San Bernardino,071,2135413,294286,293673,8979,302652,4844
2021-06-19,San Diego,073,3302833,282594,281682,15258,296940,3771
2021-06-19,San Francisco,075,870044,37029,37256,1284,38540,556
2021-06-19,San Joaquin,077,732212,73899,73652,3563,77215,1405
2021-06-19,San Luis Obispo,079,281455,21506,21308,744,22052,257
2021-06-19,San Mateo,081,765935,42613,42646,473,43119,542
2021-06-19,Santa Barbara,083,443738,34583,34472,1120,35592,455
2021-06-19,Santa Clara,085,1922200,119307,120110,761,120871,2093
2021-06-19,Santa Cruz,087,273765,16319,16206,799,17005,208
2021-06-19,Shasta,089,179085,12557,12615,1618,14233,201
2021-06-19,Sierra,091,2930,62,57,12,69,0
2021-06-19,Siskiyou,093,43540,1963,1891,362,2253,27
2021-06-19,Solano,095,438530,33335,33341,561,33902,266
2021-06-19,Sonoma,097,501317,30773,30841,355,31196,314
2021-06-19,Stanislaus,099,539301,56983,56847,5943,62790,1017
2021-06-19,Sutter,101,95872,9592,9645,87,9732,113
2021-06-19,Tehama,103,63373,5143,5115,579,5694,63
2021-06-19,Trinity,105,12862,491,337,95,432,3
2021-06-19,Tulare,107,460477,50399,49681,8978,58659,849
2021-06-19,Tuolumne,109,53932,4069,4117,44,4161,63
2021-06-19,Ventura,111,848112,81680,81270,2985,84255,1031
2021-06-19,Yolo,113,214977,14140,14156,259,14415,212
2021-06-19,Yuba,115,75493,6190,6157,129,6286,51
2021-06-18,Alameda,001,1643700,89044,89123,1937,91060,1263
2021-06-18,Alpine,003,1148,88,88,0,88,0
2021-06-18,Amador,005,37829,3736,3739,32,3771,46
2021-06-18,Butte,007,227075,12747,12653,1870,14523,194
2021-06-18,Calaveras,009,45235,2192,2191,13,2204,55
2021-06-18,Colusa,011,21464,1962,1969,318,2287,15
2021-06-18,Contra Costa,013,1133247,70693,70271,1296,71567,813
2021-06-18,Del Norte,015,27424,1447,1415,13,1428,8
2021-06-18,El Dorado,017,186661,10442,10348,764,11112,113
2021-06-18,Fresno,019,978130,103274,102894,8666,111560,1722
2021-06-18,Glenn,021,27897,2445,2430,561,2991,19
2021-06-18,Humboldt,023,135768,4458,4450,42,4492,42
2021-06-18,Imperial,025,180216,28741,28809,2693,31502,740
2021-06-18,Inyo,027,18085,1409,1405,12,1417,35
2021-06-18,Kern,029,883053,97795,96948,10983,107931,1341
2021-06-18,Kings,031,150075,23222,23082,1083,24165,245
2021-06-18,Lake,033,64148,3573,3563,13,3576,45
2021-06-18,Lassen,035,31185,5265,5224,115,5339,19
2021-06-18,Los Angeles,037,10098052,1211622,1205472,40824,1246296,24451
2021-06-18,Madera,039,155013,16755,16625,933,17558,241
2021-06-18,Marin,041,260295,14185,14147,260,14407,230
2021-06-18,Mariposa,043,17540,439,439,11,450,5
2021-06-18,Mendocino,045,87422,4145,4068,83,4151,49
2021-06-18,Merced,047,269075,31179,31262,1039,32301,464
2021-06-18,Modoc,049,8938,409,402,144,546,3
2021-06-18,Mono,051,14174,1266,1275,16,1291,3
2021-06-18,Monterey,053,433212,43282,43148,1839,44987,427
2021-06-18,Napa,055,140530,9976,10021,34,10055,80
2021-06-18,Nevada,057,99092,4937,4903,193,5096,72
2021-06-18,Orange,059,3164182,256249,255274,11368,266642,5108
2021-06-18,Placer,061,380077,23711,23500,1523,25023,298
2021-06-18,Plumas,063,18699,716,697,11,708,4
2021-06-18,Riverside,065,2383286,295205,289676,13953,303629,4457
2021-06-18,Sacramento,067,1510023,107795,107570,1802,109372,1669
2021-06-18,San Benito,069,59416,6079,6097,113,6210,63
2021-06-18,San Bernardino,071,2135413,294242,293629,8975,302604,4826
2021-06-18,San Diego,073,3302833,282518,281608,15247,296855,3771
2021-06-18,San Francisco,075,870044,37020,37246,1284,38530,556
2021-06-18,San Joaquin,077,732212,73881,73623,3561,77184,1403
2021-06-18,San Luis Obispo,079,281455,21502,21301,742,22043,257
2021-06-18,San Mateo,081,765935,42602,42630,472,43102,542
2021-06-18,Santa Barbara,083,443738,34573,34469,1120,35589,455
2021-06-18,Santa Clara,085,1922200,119286,120081,759,120840,2093
2021-06-18,Santa Cruz,087,273765,16315,16202,799,17001,208
2021-06-18,Shasta,089,179085,12553,12607,1616,14223,201
2021-06-18,Sierra,091,2930,61,57,12,69,0
2021-06-18,Siskiyou,093,43540,1963,1890,362,2252,27
2021-06-18,Solano,095,438530,33321,33323,561,33884,266
2021-06-18,Sonoma,097,501317,30755,30816,354,31170,313
2021-06-18,Stanislaus,099,539301,56968,56803,5941,62744,1012
2021-06-18,Sutter,101,95872,9589,9643,87,9730,113
2021-06-18,Tehama,103,63373,5141,5114,579,5693,63
2021-06-18,Trinity,105,12862,491,337,94,431,3
2021-06-18,Tulare,107,460477,50397,49664,8971,58635,849
2021-06-18,Tuolumne,109,53932,4066,4116,44,4160,63
2021-06-18,Ventura,111,848112,81670,81256,2980,84236,1031
2021-06-18,Yolo,113,214977,14137,14148,257,14405,212
2021-06-18,Yuba,115,75493,6184,6150,129,6279,51
2021-06-17,Alameda,001,1643700,88998,89087,1937,91024,1262
2021-06-17,Alpine,003,1148,88,88,0,88,0
2021-06-17,Amador,005,37829,3734,3731,32,3763,46
2021-06-17,Butte,007,227075,12737,12644,1869,14513,194
2021-06-17,Calaveras,009,45235,2191,2189,13,2202,55
2021-06-17,Colusa,011,21464,1961,1969,318,2287,15
2021-06-17,Contra Costa,013,1133247,70654,70190,1292,71482,810
2021-06-17,Del Norte,015,27424,1445,1413,13,1426,8
2021-06-17,El Dorado,017,186661,10432,10341,764,11105,113
2021-06-17,Fresno,019,978130,103248,102867,8662,111529,1722
2021-06-17,Glenn,021,27897,2445,2430,561,2991,19
2021-06-17,Humboldt,023,135768,4449,4438,42,4480,42
2021-06-17,Imperial,025,180216,28733,28801,2693,31494,741
2021-06-17,Inyo,027,18085,1409,1405,12,1417,35
2021-06-17,Kern,029,883053,97780,96840,10977,107817,1340
2021-06-17,Kings,031,150075,23218,23078,1082,24160,245
2021-06-17,Lake,033,64148,3570,3563,9,3572,45
2021-06-17,Lassen,035,31185,5261,5223,115,5338,19
2021-06-17,Los Angeles,037,10098052,1211407,1205301,40797,1246098,24444
2021-06-17,Madera,039,155013,16750,16618,933,17551,241
2021-06-17,Marin,041,260295,14185,14141,260,14401,229
2021-06-17,Mariposa,043,17540,439,439,11,450,5
2021-06-17,Mendocino,045,87422,4138,4054,83,4137,49
2021-06-17,Merced,047,269075,31174,31262,1039,32301,464
2021-06-17,Modoc,049,8938,408,401,144,545,3
2021-06-17,Mono,051,14174,1265,1275,16,1291,3
2021-06-17,Monterey,053,433212,43274,43140,1839,44979,416
2021-06-17,Napa,055,140530,9976,10014,34,10048,80
2021-06-17,Nevada,057,99092,4933,4898,193,5091,72
2021-06-17,Orange,059,3164182,256203,255240,11358,266598,5109
2021-06-17,Placer,061,380077,23695,23461,1521,24982,298
2021-06-17,Plumas,063,18699,715,697,11,708,4
2021-06-17,Riverside,065,2383286,295151,289627,13951,303578,4458
2021-06-17,Sacramento,067,1510023,107731,107492,1800,109292,1666
2021-06-17,San Benito,069,59416,6079,6097,113,6210,63
2021-06-17,San Bernardino,071,2135413,294201,293560,8975,302535,4811
2021-06-17,San Diego,073,3302833,282442,281531,15233,296764,3771
2021-06-17,San Francisco,075,870044,37008,37243,1283,38526,556
2021-06-17,San Joaquin,077,732212,73858,73560,3556,77116,1403
2021-06-17,San Luis Obispo,079,281455,21500,21297,742,22039,257
2021-06-17,San Mateo,081,765935,42596,42615,472,43087,542
2021-06-17,Santa Barbara,083,443738,34567,34466,1120,35586,453
2021-06-17,Santa Clara,085,1922200,119261,120032,758,120790,2093
2021-06-17,Santa Cruz,087,273765,16311,16197,799,16996,208
2021-06-17,Shasta,089,179085,12545,12597,1616,14213,201
2021-06-17,Sierra,091,2930,61,56,12,68,0
2021-06-17,Siskiyou,093,43540,1962,1889,362,2251,27
2021-06-17,Solano,095,438530,33300,33296,560,33856,266
2021-06-17,Sonoma,097,501317,30725,30793,354,31147,323
2021-06-17,Stanislaus,099,539301,56937,56752,5936,62688,1012
2021-06-17,Sutter,101,95872,9586,9629,87,9716,113
2021-06-17,Tehama,103,63373,5140,5112,577,5689,63
2021-06-17,Trinity,105,12862,490,337,94,431,3
2021-06-17,Tulare,107,460477,50392,49649,8963,58612,849
2021-06-17,Tuolumne,109,53932,4065,4116,44,4160,63
2021-06-17,Ventura,111,848112,81661,81248,2977,84225,1030
2021-06-17,Yolo,113,214977,14129,14141,257,14398,212
2021-06-17,Yuba,115,75493,6175,6140,129,6269,51
2021-06-16,Alameda,001,1643700,88949,89045,1936,90981,1265
2021-06-16,Alpine,003,1148,88,88,0,88,0
2021-06-16,Amador,005,37829,3733,3730,32,3762,46
2021-06-16,Butte,007,227075,12735,12635,1867,14502,194
2021-06-16,Calaveras,009,45235,2189,2188,13,2201,55
2021-06-16,Colusa,011,21464,1961,1967,318,2285,15
2021-06-16,Contra Costa,013,1133247,70602,70136,1291,71427,810
2021-06-16,Del Norte,015,27424,1442,1413,13,1426,8
2021-06-16,El Dorado,017,186661,10426,10334,763,11097,113
2021-06-16,Fresno,019,978130,103217,102842,8658,111500,1722
2021-06-16,Glenn,021,27897,2445,2430,561,2991,19
2021-06-16,Humboldt,023,135768,4440,4427,41,4468,42
2021-06-16,Imperial,025,180216,28730,28796,2693,31489,741
2021-06-16,Inyo,027,18085,1408,1405,12,1417,35
2021-06-16,Kern,029,883053,97758,96789,10970,107759,1339
2021-06-16,Kings,031,150075,23217,23072,1081,24153,245
2021-06-16,Lake,033,64148,3570,3562,9,3571,45
2021-06-16,Lassen,035,31185,5258,5216,115,5331,19
2021-06-16,Los Angeles,037,10098052,1211183,1205102,40787,1245889,24439
2021-06-16,Madera,039,155013,16746,16603,933,17536,240
2021-06-16,Marin,041,260295,14183,14137,260,14397,229
2021-06-16,Mariposa,043,17540,439,437,11,448,5
2021-06-16,Mendocino,045,87422,4130,4041,83,4124,49
2021-06-16,Merced,047,269075,31166,31250,1039,32289,463
2021-06-16,Modoc,049,8938,407,383,143,526,3
2021-06-16,Mono,051,14174,1265,1275,16,1291,3
2021-06-16,Monterey,053,433212,43271,43122,1839,44961,416
2021-06-16,Napa,055,140530,9972,10011,34,10045,80
2021-06-16,Nevada,057,99092,4928,4894,193,5087,72
2021-06-16,Orange,059,3164182,256149,255188,11350,266538,5109
2021-06-16,Placer,061,380077,23685,23425,1517,24942,298
2021-06-16,Plumas,063,18699,715,697,11,708,4
2021-06-16,Riverside,065,2383286,295090,289539,13949,303488,4457
2021-06-16,Sacramento,067,1510023,107661,107422,1796,109218,1665
2021-06-16,San Benito,069,59416,6079,6090,113,6203,63
2021-06-16,San Bernardino,071,2135413,294152,293499,8973,302472,4797
2021-06-16,San Diego,073,3302833,282363,281423,15220,296643,3770
2021-06-16,San Francisco,075,870044,36995,37222,1281,38503,555
2021-06-16,San Joaquin,077,732212,73820,73530,3552,77082,1399
2021-06-16,San Luis Obispo,079,281455,21495,21294,742,22036,257
2021-06-16,San Mateo,081,765935,42580,42601,472,43073,542
2021-06-16,Santa Barbara,083,443738,34561,34459,1120,35579,460
2021-06-16,Santa Clara,085,1922200,119229,119982,758,120740,2087
2021-06-16,Santa Cruz,087,273765,16308,16187,799,16986,208
2021-06-16,Shasta,089,179085,12540,12592,1615,14207,200
2021-06-16,Sierra,091,2930,61,56,12,68,0
2021-06-16,Siskiyou,093,43540,1961,1886,362,2248,26
2021-06-16,Solano,095,438530,33272,33276,560,33836,266
2021-06-16,Sonoma,097,501317,30689,30741,354,31095,323
2021-06-16,Stanislaus,099,539301,56906,56738,5934,62672,984
2021-06-16,Sutter,101,95872,9582,9620,87,9707,113
2021-06-16,Tehama,103,63373,5138,5106,577,5683,63
2021-06-16,Trinity,105,12862,489,332,94,426,3
2021-06-16,Tulare,107,460477,50387,49578,8959,58537,849
2021-06-16,Tuolumne,109,53932,4065,4110,44,4154,63
2021-06-16,Ventura,111,848112,81647,81229,2975,84204,1029
2021-06-16,Yolo,113,214977,14120,14135,256,14391,212
2021-06-16,Yuba,115,75493,6165,6134,129,6263,51
2021-06-15,Alameda,001,1643700,88907,89008,1936,90944,1262
2021-06-15,Alpine,003,1148,88,88,0,88,0
2021-06-15,Amador,005,37829,3730,3723,32,3755,46
2021-06-15,Butte,007,227075,12727,12620,1866,14486,194
2021-06-15,Calaveras,009,45235,2188,2188,13,2201,55
2021-06-15,Colusa,011,21464,1961,1967,316,2283,15
2021-06-15,Contra Costa,013,1133247,70540,70101,1291,71392,810
2021-06-15,Del Norte,015,27424,1441,1411,13,1424,8
2021-06-15,El Dorado,017,186661,10417,10330,763,11093,113
2021-06-15,Fresno,019,978130,103185,102828,8657,111485,1722
2021-06-15,Glenn,021,27897,2444,2426,561,2987,19
2021-06-15,Humboldt,023,135768,4431,4414,40,4454,42
2021-06-15,Imperial,025,180216,28724,28789,2693,31482,741
2021-06-15,Inyo,027,18085,1408,1405,12,1417,35
2021-06-15,Kern,029,883053,97730,96782,10962,107744,1338
2021-06-15,Kings,031,150075,23211,23070,1079,24149,245
2021-06-15,Lake,033,64148,3569,3559,9,3568,45
2021-06-15,Lassen,035,31185,5257,5211,115,5326,19
2021-06-15,Los Angeles,037,10098052,1210958,1204926,40779,1245705,24435
2021-06-15,Madera,039,155013,16739,16600,932,17532,240
2021-06-15,Marin,041,260295,14175,14135,260,14395,229
2021-06-15,Mariposa,043,17540,439,437,11,448,5
2021-06-15,Mendocino,045,87422,4123,4034,83,4117,49
2021-06-15,Merced,047,269075,31160,31244,1039,32283,461
2021-06-15,Modoc,049,8938,406,383,143,526,3
2021-06-15,Mono,051,14174,1265,1275,16,1291,3
2021-06-15,Monterey,053,433212,43265,43118,1839,44957,416
2021-06-15,Napa,055,140530,9970,10010,34,10044,80
2021-06-15,Nevada,057,99092,4925,4888,193,5081,72
2021-06-15,Orange,059,3164182,256108,255127,11341,266468,5105
2021-06-15,Placer,061,380077,23663,23396,1516,24912,298
2021-06-15,Plumas,063,18699,714,697,11,708,4
2021-06-15,Riverside,065,2383286,295030,289508,13945,303453,4455
2021-06-15,Sacramento,067,1510023,107586,107370,1790,109160,1662
2021-06-15,San Benito,069,59416,6078,6089,113,6202,63
2021-06-15,San Bernardino,071,2135413,294102,293463,8967,302430,4790
2021-06-15,San Diego,073,3302833,282279,281375,15205,296580,3770
2021-06-15,San Francisco,075,870044,36986,37210,1280,38490,555
2021-06-15,San Joaquin,077,732212,73780,73494,3547,77041,1399
2021-06-15,San Luis Obispo,079,281455,21490,21293,741,22034,257
2021-06-15,San Mateo,081,765935,42567,42593,472,43065,543
2021-06-15,Santa Barbara,083,443738,34556,34451,1120,35571,460
2021-06-15,Santa Clara,085,1922200,119191,119963,758,120721,2086
2021-06-15,Santa Cruz,087,273765,16302,16180,798,16978,208
2021-06-15,Shasta,089,179085,12534,12583,1615,14198,201
2021-06-15,Sierra,091,2930,60,55,12,67,0
2021-06-15,Siskiyou,093,43540,1960,1887,362,2249,26
2021-06-15,Solano,095,438530,33253,33264,560,33824,266
2021-06-15,Sonoma,097,501317,30650,30707,353,31060,323
2021-06-15,Stanislaus,099,539301,56878,56724,5931,62655,979
2021-06-15,Sutter,101,95872,9573,9616,87,9703,113
2021-06-15,Tehama,103,63373,5136,5102,577,5679,63
2021-06-15,Trinity,105,12862,488,332,93,425,3
2021-06-15,Tulare,107,460477,50381,49561,8956,58517,848
2021-06-15,Tuolumne,109,53932,4065,4111,44,4155,63
2021-06-15,Ventura,111,848112,81636,81215,2972,84187,1029
2021-06-15,Yolo,113,214977,14116,14127,254,14381,212
2021-06-15,Yuba,115,75493,6154,6130,129,6259,51
2021-06-14,Alameda,001,1643700,88859,88966,1936,90902,1264
2021-06-14,Alpine,003,1148,88,88,0,88,0
2021-06-14,Amador,005,37829,3729,3722,32,3754,46
2021-06-14,Butte,007,227075,12716,12613,1862,14475,194
2021-06-14,Calaveras,009,45235,2187,2190,13,2203,55
2021-06-14,Colusa,011,21464,1960,1966,316,2282,15
2021-06-14,Contra Costa,013,1133247,70487,70069,1289,71358,810
2021-06-14,Del Norte,015,27424,1441,1411,13,1424,8
2021-06-14,El Dorado,017,186661,10408,10327,761,11088,113
2021-06-14,Fresno,019,978130,103163,102812,8655,111467,1719
2021-06-14,Glenn,021,27897,2444,2426,561,2987,19
2021-06-14,Humboldt,023,135768,4423,4407,39,4446,42
2021-06-14,Imperial,025,180216,28712,28836,2693,31529,741
2021-06-14,Inyo,027,18085,1407,1405,12,1417,35
2021-06-14,Kern,029,883053,97710,96760,10952,107712,1337
2021-06-14,Kings,031,150075,23208,23071,1078,24149,245
2021-06-14,Lake,033,64148,3568,3557,9,3566,45
2021-06-14,Lassen,035,31185,5254,5209,114,5323,19
2021-06-14,Los Angeles,037,10098052,1210716,1204748,40769,1245517,24434
2021-06-14,Madera,039,155013,16733,16597,931,17528,240
2021-06-14,Marin,041,260295,14173,14133,260,14393,229
2021-06-14,Mariposa,043,17540,438,437,11,448,5
2021-06-14,Mendocino,045,87422,4117,4028,83,4111,49
2021-06-14,Merced,047,269075,31151,31241,1038,32279,461
2021-06-14,Modoc,049,8938,397,382,141,523,3
2021-06-14,Mono,051,14174,1265,1275,16,1291,3
2021-06-14,Monterey,053,433212,43262,43110,1839,44949,415
2021-06-14,Napa,055,140530,9966,10000,34,10034,80
2021-06-14,Nevada,057,99092,4918,4885,193,5078,72
2021-06-14,Orange,059,3164182,256070,255069,11337,266406,5103
2021-06-14,Placer,061,380077,23638,23379,1515,24894,298
2021-06-14,Plumas,063,18699,714,696,11,707,4
2021-06-14,Riverside,065,2383286,294976,289476,13945,303421,4453
2021-06-14,Sacramento,067,1510023,107532,107334,1784,109118,1661
2021-06-14,San Benito,069,59416,6078,6087,113,6200,63
2021-06-14,San Bernardino,071,2135413,294046,293446,8963,302409,4790
2021-06-14,San Diego,073,3302833,282173,281314,15185,296499,3770
2021-06-14,San Francisco,075,870044,36972,37206,1280,38486,555
2021-06-14,San Joaquin,077,732212,73751,73453,3547,77000,1398
2021-06-14,San Luis Obispo,079,281455,21488,21302,741,22043,256
2021-06-14,San Mateo,081,765935,42554,42619,471,43090,543
2021-06-14,Santa Barbara,083,443738,34553,34449,1120,35569,460
2021-06-14,Santa Clara,085,1922200,119160,119957,757,120714,2085
2021-06-14,Santa Cruz,087,273765,16299,16175,798,16973,208
2021-06-14,Shasta,089,179085,12523,12561,1612,14173,201
2021-06-14,Sierra,091,2930,59,55,12,67,0
2021-06-14,Siskiyou,093,43540,1960,1886,362,2248,26
2021-06-14,Solano,095,438530,33236,33243,559,33802,266
2021-06-14,Sonoma,097,501317,30618,30679,352,31031,323
2021-06-14,Stanislaus,099,539301,56841,56689,5928,62617,975
2021-06-14,Sutter,101,95872,9570,9607,87,9694,112
2021-06-14,Tehama,103,63373,5134,5102,577,5679,63
2021-06-14,Trinity,105,12862,488,332,93,425,3
2021-06-14,Tulare,107,460477,50376,49538,8953,58491,848
2021-06-14,Tuolumne,109,53932,4062,4108,44,4152,63
2021-06-14,Ventura,111,848112,81626,81209,2972,84181,1028
2021-06-14,Yolo,113,214977,14108,14123,254,14377,212
2021-06-14,Yuba,115,75493,6147,6127,129,6256,50
2021-06-13,Alameda,001,1643700,88802,88947,1935,90882,1264
2021-06-13,Alpine,003,1148,87,88,0,88,0
2021-06-13,Amador,005,37829,3725,3721,32,3753,46
2021-06-13,Butte,007,227075,12705,12586,1859,14445,194
2021-06-13,Calaveras,009,45235,2187,2189,13,2202,55
2021-06-13,Colusa,011,21464,1960,1965,315,2280,15
2021-06-13,Contra Costa,013,1133247,70433,70040,1287,71327,810
2021-06-13,Del Norte,015,27424,1439,1412,13,1425,8
2021-06-13,El Dorado,017,186661,10399,10324,761,11085,113
2021-06-13,Fresno,019,978130,103133,102795,8650,111445,1719
2021-06-13,Glenn,021,27897,2443,2425,559,2984,19
2021-06-13,Humboldt,023,135768,4410,4401,39,4440,42
2021-06-13,Imperial,025,180216,28703,28800,2693,31493,741
2021-06-13,Inyo,027,18085,1407,1405,12,1417,35
2021-06-13,Kern,029,883053,97686,96743,10940,107683,1337
2021-06-13,Kings,031,150075,23203,23069,1077,24146,245
2021-06-13,Lake,033,64148,3568,3556,9,3565,45
2021-06-13,Lassen,035,31185,5249,5209,114,5323,19
2021-06-13,Los Angeles,037,10098052,1210448,1204614,40758,1245372,24433
2021-06-13,Madera,039,155013,16719,16590,931,17521,240
2021-06-13,Marin,041,260295,14167,14126,260,14386,229
2021-06-13,Mariposa,043,17540,438,434,11,445,5
2021-06-13,Mendocino,045,87422,4110,4026,83,4109,49
2021-06-13,Merced,047,269075,31145,31240,1037,32277,461
2021-06-13,Modoc,049,8938,395,382,139,521,3
2021-06-13,Mono,051,14174,1265,1275,16,1291,3
2021-06-13,Monterey,053,433212,43254,43108,1839,44947,415
2021-06-13,Napa,055,140530,9960,9995,34,10029,80
2021-06-13,Nevada,057,99092,4913,4883,193,5076,72
2021-06-13,Orange,059,3164182,256015,255043,11334,266377,5103
2021-06-13,Placer,061,380077,23612,23365,1513,24878,295
2021-06-13,Plumas,063,18699,713,696,11,707,4
2021-06-13,Riverside,065,2383286,294907,289447,13942,303389,4453
2021-06-13,Sacramento,067,1510023,107456,107289,1781,109070,1658
2021-06-13,San Benito,069,59416,6078,6086,113,6199,63
2021-06-13,San Bernardino,071,2135413,293994,293416,8958,302374,4788
2021-06-13,San Diego,073,3302833,282094,281268,15169,296437,3770
2021-06-13,San Francisco,075,870044,36960,37197,1280,38477,555
2021-06-13,San Joaquin,077,732212,73716,73438,3545,76983,1398
2021-06-13,San Luis Obispo,079,281455,21482,21298,740,22038,256
2021-06-13,San Mateo,081,765935,42541,42611,471,43082,542
2021-06-13,Santa Barbara,083,443738,34542,34449,1119,35568,460
2021-06-13,Santa Clara,085,1922200,119136,119946,757,120703,2085
2021-06-13,Santa Cruz,087,273765,16292,16172,798,16970,208
2021-06-13,Shasta,089,179085,12514,12560,1611,14171,201
2021-06-13,Sierra,091,2930,59,55,12,67,0
2021-06-13,Siskiyou,093,43540,1959,1885,362,2247,26
2021-06-13,Solano,095,438530,33215,33234,559,33793,266
2021-06-13,Sonoma,097,501317,30583,30663,350,31013,323
2021-06-13,Stanislaus,099,539301,56815,56671,5925,62596,975
2021-06-13,Sutter,101,95872,9563,9603,87,9690,112
2021-06-13,Tehama,103,63373,5132,5100,577,5677,63
2021-06-13,Trinity,105,12862,487,332,93,425,3
2021-06-13,Tulare,107,460477,50367,49537,8948,58485,848
2021-06-13,Tuolumne,109,53932,4060,4107,43,4150,63
2021-06-13,Ventura,111,848112,81612,81201,2972,84173,1028
2021-06-13,Yolo,113,214977,14099,14120,252,14372,212
2021-06-13,Yuba,115,75493,6140,6125,129,6254,50
2021-06-12,Alameda,001,1643700,88775,88901,1935,90836,1271
2021-06-12,Alpine,003,1148,87,88,0,88,0
2021-06-12,Amador,005,37829,3724,3721,32,3753,46
2021-06-12,Butte,007,227075,12701,12576,1859,14435,194
2021-06-12,Calaveras,009,45235,2187,2189,13,2202,55
2021-06-12,Colusa,011,21464,1960,1965,315,2280,15
2021-06-12,Contra Costa,013,1133247,70402,69989,1285,71274,810
2021-06-12,Del Norte,015,27424,1439,1412,13,1425,8
2021-06-12,El Dorado,017,186661,10394,10320,760,11080,113
2021-06-12,Fresno,019,978130,103123,102783,8649,111432,1720
2021-06-12,Glenn,021,27897,2441,2425,559,2984,19
2021-06-12,Humboldt,023,135768,4402,4396,39,4435,42
2021-06-12,Imperial,025,180216,28700,28799,2693,31492,741
2021-06-12,Inyo,027,18085,1407,1405,12,1417,35
2021-06-12,Kern,029,883053,97671,96731,10936,107667,1337
2021-06-12,Kings,031,150075,23201,23067,1077,24144,245
2021-06-12,Lake,033,64148,3567,3552,9,3561,45
2021-06-12,Lassen,035,31185,5249,5208,114,5322,19
2021-06-12,Los Angeles,037,10098052,1210308,1204439,40752,1245191,24434
2021-06-12,Madera,039,155013,16715,16586,931,17517,240
2021-06-12,Marin,041,260295,14164,14121,260,14381,229
2021-06-12,Mariposa,043,17540,438,434,11,445,5
2021-06-12,Mendocino,045,87422,4107,4024,83,4107,49
2021-06-12,Merced,047,269075,31142,31236,1037,32273,461
2021-06-12,Modoc,049,8938,394,382,139,521,3
2021-06-12,Mono,051,14174,1265,1275,16,1291,3
2021-06-12,Monterey,053,433212,43249,43103,1839,44942,415
2021-06-12,Napa,055,140530,9956,9986,34,10020,80
2021-06-12,Nevada,057,99092,4907,4878,193,5071,72
2021-06-12,Orange,059,3164182,255983,255004,11332,266336,5103
2021-06-12,Placer,061,380077,23593,23345,1513,24858,295
2021-06-12,Plumas,063,18699,713,696,11,707,4
2021-06-12,Riverside,065,2383286,294865,289413,13939,303352,4453
2021-06-12,Sacramento,067,1510023,107397,107199,1778,108977,1658
2021-06-12,San Benito,069,59416,6076,6083,113,6196,63
2021-06-12,San Bernardino,071,2135413,293959,293375,8956,302331,4788
2021-06-12,San Diego,073,3302833,282037,281203,15160,296363,3770
2021-06-12,San Francisco,075,870044,36950,37189,1280,38469,555
2021-06-12,San Joaquin,077,732212,73697,73413,3544,76957,1398
2021-06-12,San Luis Obispo,079,281455,21479,21293,740,22033,256
2021-06-12,San Mateo,081,765935,42535,42604,471,43075,542
2021-06-12,Santa Barbara,083,443738,34537,34450,1119,35569,460
2021-06-12,Santa Clara,085,1922200,119096,119894,757,120651,2085
2021-06-12,Santa Cruz,087,273765,16284,16170,798,16968,208
2021-06-12,Shasta,089,179085,12511,12556,1610,14166,201
2021-06-12,Sierra,091,2930,59,55,12,67,0
2021-06-12,Siskiyou,093,43540,1958,1884,362,2246,25
2021-06-12,Solano,095,438530,33206,33219,559,33778,266
2021-06-12,Sonoma,097,501317,30554,30647,350,30997,323
2021-06-12,Stanislaus,099,539301,56798,56649,5924,62573,974
2021-06-12,Sutter,101,95872,9559,9603,87,9690,112
2021-06-12,Tehama,103,63373,5132,5099,576,5675,63
2021-06-12,Trinity,105,12862,487,332,93,425,3
2021-06-12,Tulare,107,460477,50362,49533,8941,58474,848
2021-06-12,Tuolumne,109,53932,4059,4105,43,4148,63
2021-06-12,Ventura,111,848112,81600,81197,2972,84169,1028
2021-06-12,Yolo,113,214977,14096,14118,251,14369,212
2021-06-12,Yuba,115,75493,6135,6120,129,6249,50
2021-06-11,Alameda,001,1643700,88747,88844,1935,90779,1278
2021-06-11,Alpine,003,1148,87,88,0,88,0
2021-06-11,Amador,005,37829,3723,3710,32,3742,46
2021-06-11,Butte,007,227075,12697,12576,1857,14433,194
2021-06-11,Calaveras,009,45235,2187,2188,13,2201,55
2021-06-11,Colusa,011,21464,1959,1964,315,2279,15
2021-06-11,Contra Costa,013,1133247,70369,69940,1283,71223,808
2021-06-11,Del Norte,015,27424,1439,1409,13,1422,8
2021-06-11,El Dorado,017,186661,10391,10316,760,11076,113
2021-06-11,Fresno,019,978130,103104,102770,8648,111418,1720
2021-06-11,Glenn,021,27897,2441,2425,559,2984,19
2021-06-11,Humboldt,023,135768,4398,4389,39,4428,42
2021-06-11,Imperial,025,180216,28695,28793,2693,31486,741
2021-06-11,Inyo,027,18085,1407,1405,12,1417,35
2021-06-11,Kern,029,883053,97659,96718,10933,107651,1340
2021-06-11,Kings,031,150075,23197,23069,1076,24145,245
2021-06-11,Lake,033,64148,3566,3550,9,3559,45
2021-06-11,Lassen,035,31185,5248,5204,114,5318,18
2021-06-11,Los Angeles,037,10098052,1210158,1204259,40737,1244996,24434
2021-06-11,Madera,039,155013,16712,16582,931,17513,240
2021-06-11,Marin,041,260295,14161,14116,260,14376,229
2021-06-11,Mariposa,043,17540,438,434,11,445,5
2021-06-11,Mendocino,045,87422,4104,4022,83,4105,49
2021-06-11,Merced,047,269075,31137,31231,1037,32268,461
2021-06-11,Modoc,049,8938,394,382,138,520,3
2021-06-11,Mono,051,14174,1265,1274,16,1290,3
2021-06-11,Monterey,053,433212,43245,43097,1839,44936,415
2021-06-11,Napa,055,140530,9953,9977,34,10011,80
2021-06-11,Nevada,057,99092,4905,4873,193,5066,72
2021-06-11,Orange,059,3164182,255949,254975,11329,266304,5101
2021-06-11,Placer,061,380077,23588,23330,1513,24843,294
2021-06-11,Plumas,063,18699,713,696,11,707,4
2021-06-11,Riverside,065,2383286,294827,289376,13934,303310,4451
2021-06-11,Sacramento,067,1510023,107337,107119,1777,108896,1659
2021-06-11,San Benito,069,59416,6075,6082,113,6195,63
2021-06-11,San Bernardino,071,2135413,293923,293335,8952,302287,4788
2021-06-11,San Diego,073,3302833,281997,281144,15153,296297,3768
2021-06-11,San Francisco,075,870044,36945,37177,1280,38457,555
2021-06-11,San Joaquin,077,732212,73680,73347,3541,76888,1397
2021-06-11,San Luis Obispo,079,281455,21478,21288,740,22028,256
2021-06-11,San Mateo,081,765935,42521,42585,471,43056,542
2021-06-11,Santa Barbara,083,443738,34534,34438,1119,35557,460
2021-06-11,Santa Clara,085,1922200,119076,119860,757,120617,2083
2021-06-11,Santa Cruz,087,273765,16276,16164,798,16962,208
2021-06-11,Shasta,089,179085,12503,12550,1608,14158,201
2021-06-11,Sierra,091,2930,59,55,12,67,0
2021-06-11,Siskiyou,093,43540,1957,1882,362,2244,25
2021-06-11,Solano,095,438530,33186,33179,558,33737,266
2021-06-11,Sonoma,097,501317,30536,30624,350,30974,323
2021-06-11,Stanislaus,099,539301,56772,56617,5920,62537,974
2021-06-11,Sutter,101,95872,9556,9600,86,9686,112
2021-06-11,Tehama,103,63373,5131,5099,576,5675,63
2021-06-11,Trinity,105,12862,487,331,93,424,3
2021-06-11,Tulare,107,460477,50356,49516,8940,58456,848
2021-06-11,Tuolumne,109,53932,4056,4104,43,4147,63
2021-06-11,Ventura,111,848112,81590,81189,2972,84161,1026
2021-06-11,Yolo,113,214977,14089,14111,247,14358,212
2021-06-11,Yuba,115,75493,6131,6113,129,6242,50
2021-06-10,Alameda,001,1643700,88703,88806,1934,90740,1275
2021-06-10,Alpine,003,1148,87,88,0,88,0
2021-06-10,Amador,005,37829,3719,3709,32,3741,46
2021-06-10,Butte,007,227075,12680,12565,1857,14422,194
2021-06-10,Calaveras,009,45235,2186,2188,13,2201,55
2021-06-10,Colusa,011,21464,1957,1964,315,2279,15
2021-06-10,Contra Costa,013,1133247,70315,69876,1283,71159,807
2021-06-10,Del Norte,015,27424,1439,1405,13,1418,8
2021-06-10,El Dorado,017,186661,10384,10314,756,11070,113
2021-06-10,Fresno,019,978130,103078,102724,8647,111371,1717
2021-06-10,Glenn,021,27897,2441,2425,559,2984,19
2021-06-10,Humboldt,023,135768,4390,4384,39,4423,42
2021-06-10,Imperial,025,180216,28689,28779,2693,31472,739
2021-06-10,Inyo,027,18085,1407,1405,12,1417,35
2021-06-10,Kern,029,883053,97645,96706,10928,107634,1336
2021-06-10,Kings,031,150075,23196,23067,1076,24143,245
2021-06-10,Lake,033,64148,3561,3550,9,3559,45
2021-06-10,Lassen,035,31185,5246,5201,114,5315,18
2021-06-10,Los Angeles,037,10098052,1209993,1204110,40721,1244831,24440
2021-06-10,Madera,039,155013,16705,16581,930,17511,240
2021-06-10,Marin,041,260295,14158,14118,260,14378,229
2021-06-10,Mariposa,043,17540,436,434,11,445,5
2021-06-10,Mendocino,045,87422,4099,4016,83,4099,48
2021-06-10,Merced,047,269075,31129,31231,1034,32265,461
2021-06-10,Modoc,049,8938,393,381,138,519,3
2021-06-10,Mono,051,14174,1264,1274,16,1290,3
2021-06-10,Monterey,053,433212,43239,43090,1839,44929,415
2021-06-10,Napa,055,140530,9952,9974,34,10008,80
2021-06-10,Nevada,057,99092,4900,4866,193,5059,72
2021-06-10,Orange,059,3164182,255920,254950,11322,266272,5097
2021-06-10,Placer,061,380077,23575,23296,1513,24809,293
2021-06-10,Plumas,063,18699,713,696,11,707,4
2021-06-10,Riverside,065,2383286,294785,289335,13929,303264,4450
2021-06-10,Sacramento,067,1510023,107275,107049,1777,108826,1658
2021-06-10,San Benito,069,59416,6075,6079,113,6192,63
2021-06-10,San Bernardino,071,2135413,293882,293281,8949,302230,4782
2021-06-10,San Diego,073,3302833,281939,281052,15136,296188,3766
2021-06-10,San Francisco,075,870044,36935,37159,1278,38437,552
2021-06-10,San Joaquin,077,732212,73646,73276,3540,76816,1393
2021-06-10,San Luis Obispo,079,281455,21475,21280,740,22020,256
2021-06-10,San Mateo,081,765935,42514,42562,471,43033,666
2021-06-10,Santa Barbara,083,443738,34530,34434,1119,35553,460
2021-06-10,Santa Clara,085,1922200,119041,119832,756,120588,2075
2021-06-10,Santa Cruz,087,273765,16275,16159,798,16957,208
2021-06-10,Shasta,089,179085,12493,12536,1608,14144,201
2021-06-10,Sierra,091,2930,58,55,12,67,0
2021-06-10,Siskiyou,093,43540,1957,1881,362,2243,25
2021-06-10,Solano,095,438530,33169,33150,557,33707,265
2021-06-10,Sonoma,097,501317,30500,30571,348,30919,323
2021-06-10,Stanislaus,099,539301,56751,56588,5916,62504,974
2021-06-10,Sutter,101,95872,9549,9594,86,9680,112
2021-06-10,Tehama,103,63373,5131,5096,576,5672,63
2021-06-10,Trinity,105,12862,487,331,93,424,3
2021-06-10,Tulare,107,460477,50348,49503,8940,58443,848
2021-06-10,Tuolumne,109,53932,4056,4100,43,4143,63
2021-06-10,Ventura,111,848112,81579,81172,2971,84143,1026
2021-06-10,Yolo,113,214977,14086,14107,247,14354,212
2021-06-10,Yuba,115,75493,6127,6112,129,6241,50
2021-06-09,Alameda,001,1643700,88659,88762,1933,90695,1271
2021-06-09,Alpine,003,1148,87,88,0,88,0
2021-06-09,Amador,005,37829,3715,3706,32,3738,46
2021-06-09,Butte,007,227075,12674,12555,1855,14410,194
2021-06-09,Calaveras,009,45235,2184,2184,13,2197,55
2021-06-09,Colusa,011,21464,1957,1962,314,2276,15
2021-06-09,Contra Costa,013,1133247,70278,69829,1282,71111,803
2021-06-09,Del Norte,015,27424,1435,1403,13,1416,8
2021-06-09,El Dorado,017,186661,10381,10312,755,11067,113
2021-06-09,Fresno,019,978130,103058,102690,8643,111333,1717
2021-06-09,Glenn,021,27897,2440,2424,559,2983,19
2021-06-09,Humboldt,023,135768,4385,4379,38,4417,42
2021-06-09,Imperial,025,180216,28686,28754,2693,31447,739
2021-06-09,Inyo,027,18085,1407,1405,12,1417,35
2021-06-09,Kern,029,883053,97631,96697,10919,107616,1328
2021-06-09,Kings,031,150075,23194,23061,1076,24137,245
2021-06-09,Lake,033,64148,3558,3541,9,3550,45
2021-06-09,Lassen,035,31185,5245,5200,114,5314,18
2021-06-09,Los Angeles,037,10098052,1209805,1203955,40708,1244663,24432
2021-06-09,Madera,039,155013,16700,16580,930,17510,240
2021-06-09,Marin,041,260295,14153,14114,260,14374,229
2021-06-09,Mariposa,043,17540,436,434,11,445,5
2021-06-09,Mendocino,045,87422,4093,4008,83,4091,47
2021-06-09,Merced,047,269075,31125,31225,1034,32259,461
2021-06-09,Modoc,049,8938,391,377,137,514,3
2021-06-09,Mono,051,14174,1264,1274,16,1290,3
2021-06-09,Monterey,053,433212,43232,43082,1839,44921,415
2021-06-09,Napa,055,140530,9946,9971,34,10005,80
2021-06-09,Nevada,057,99092,4890,4863,192,5055,72
2021-06-09,Orange,059,3164182,255876,254893,11317,266210,5080
2021-06-09,Placer,061,380077,23556,23237,1513,24750,293
2021-06-09,Plumas,063,18699,712,697,11,708,4
2021-06-09,Riverside,065,2383286,294739,289299,13927,303226,4450
2021-06-09,Sacramento,067,1510023,107212,106971,1774,108745,1657
2021-06-09,San Benito,069,59416,6072,6078,113,6191,63
2021-06-09,San Bernardino,071,2135413,293840,293222,8949,302171,4782
2021-06-09,San Diego,073,3302833,281875,280941,15124,296065,3765
2021-06-09,San Francisco,075,870044,36921,37143,1277,38420,552
2021-06-09,San Joaquin,077,732212,73620,73232,3540,76772,1392
2021-06-09,San Luis Obispo,079,281455,21474,21259,740,21999,256
2021-06-09,San Mateo,081,765935,42498,42502,470,42972,666
2021-06-09,Santa Barbara,083,443738,34519,34422,1119,35541,460
2021-06-09,Santa Clara,085,1922200,119004,119793,755,120548,2068
2021-06-09,Santa Cruz,087,273765,16272,16155,798,16953,208
2021-06-09,Shasta,089,179085,12483,12521,1606,14127,201
2021-06-09,Sierra,091,2930,57,55,12,67,0
2021-06-09,Siskiyou,093,43540,1956,1871,362,2233,25
2021-06-09,Solano,095,438530,33153,33137,556,33693,264
2021-06-09,Sonoma,097,501317,30478,30540,348,30888,323
2021-06-09,Stanislaus,099,539301,56731,56560,5913,62473,974
2021-06-09,Sutter,101,95872,9540,9586,85,9671,111
2021-06-09,Tehama,103,63373,5130,5093,576,5669,63
2021-06-09,Trinity,105,12862,486,331,93,424,3
2021-06-09,Tulare,107,460477,50344,49496,8938,58434,847
2021-06-09,Tuolumne,109,53932,4053,4100,43,4143,63
2021-06-09,Ventura,111,848112,81569,81154,2970,84124,1026
2021-06-09,Yolo,113,214977,14084,14102,246,14348,212
2021-06-09,Yuba,115,75493,6123,6109,129,6238,50
2021-06-08,Alameda,001,1643700,88611,88731,1933,90664,1267
2021-06-08,Alpine,003,1148,87,88,0,88,0
2021-06-08,Amador,005,37829,3714,3704,32,3736,46
2021-06-08,Butte,007,227075,12668,12540,1853,14393,194
2021-06-08,Calaveras,009,45235,2183,2181,13,2194,55
2021-06-08,Colusa,011,21464,1957,1961,314,2275,15
2021-06-08,Contra Costa,013,1133247,70230,69762,1281,71043,803
2021-06-08,Del Norte,015,27424,1433,1402,13,1415,8
2021-06-08,El Dorado,017,186661,10376,10306,753,11059,113
2021-06-08,Fresno,019,978130,103033,102680,8641,111321,1717
2021-06-08,Glenn,021,27897,2439,2423,559,2982,19
2021-06-08,Humboldt,023,135768,4380,4363,38,4401,42
2021-06-08,Imperial,025,180216,28677,28752,2693,31445,738
2021-06-08,Inyo,027,18085,1407,1405,12,1417,35
2021-06-08,Kern,029,883053,97612,96671,10912,107583,1325
2021-06-08,Kings,031,150075,23193,23036,1076,24112,245
2021-06-08,Lake,033,64148,3557,3540,9,3549,45
2021-06-08,Lassen,035,31185,5245,5200,114,5314,18
2021-06-08,Los Angeles,037,10098052,1209607,1203794,40696,1244490,24426
2021-06-08,Madera,039,155013,16694,16579,929,17508,240
2021-06-08,Marin,041,260295,14151,14111,259,14370,229
2021-06-08,Mariposa,043,17540,436,434,11,445,5
2021-06-08,Mendocino,045,87422,4086,4002,83,4085,47
2021-06-08,Merced,047,269075,31117,31225,1034,32259,461
2021-06-08,Modoc,049,8938,385,377,136,513,3
2021-06-08,Mono,051,14174,1264,1274,16,1290,3
2021-06-08,Monterey,053,433212,43226,43078,1838,44916,415
2021-06-08,Napa,055,140530,9942,9962,34,9996,80
2021-06-08,Nevada,057,99092,4885,4861,192,5053,72
2021-06-08,Orange,059,3164182,255834,254852,11310,266162,5078
2021-06-08,Placer,061,380077,23538,23209,1509,24718,293
2021-06-08,Plumas,063,18699,712,692,11,703,4
2021-06-08,Riverside,065,2383286,294703,289268,13919,303187,4452
2021-06-08,Sacramento,067,1510023,107150,106901,1771,108672,1654
2021-06-08,San Benito,069,59416,6070,6076,113,6189,63
2021-06-08,San Bernardino,071,2135413,293791,293186,8945,302131,4778
2021-06-08,San Diego,073,3302833,281812,280879,15115,295994,3764
2021-06-08,San Francisco,075,870044,36906,37134,1276,38410,552
2021-06-08,San Joaquin,077,732212,73576,73186,3535,76721,1390
2021-06-08,San Luis Obispo,079,281455,21468,21251,739,21990,255
2021-06-08,San Mateo,081,765935,42485,42488,470,42958,663
2021-06-08,Santa Barbara,083,443738,34515,34418,1119,35537,459
2021-06-08,Santa Clara,085,1922200,118983,119770,754,120524,2068
2021-06-08,Santa Cruz,087,273765,16269,16160,798,16958,208
2021-06-08,Shasta,089,179085,12468,12498,1606,14104,201
2021-06-08,Sierra,091,2930,57,55,12,67,0
2021-06-08,Siskiyou,093,43540,1954,1870,360,2230,21
2021-06-08,Solano,095,438530,33132,33130,556,33686,259
2021-06-08,Sonoma,097,501317,30452,30523,346,30869,323
2021-06-08,Stanislaus,099,539301,56704,56548,5911,62459,973
2021-06-08,Sutter,101,95872,9537,9581,85,9666,111
2021-06-08,Tehama,103,63373,5127,5093,576,5669,63
2021-06-08,Trinity,105,12862,486,330,92,422,3
2021-06-08,Tulare,107,460477,50333,49485,8934,58419,847
2021-06-08,Tuolumne,109,53932,4049,4099,43,4142,63
2021-06-08,Ventura,111,848112,81553,81142,2969,84111,1026
2021-06-08,Yolo,113,214977,14079,14099,245,14344,212
2021-06-08,Yuba,115,75493,6121,6103,129,6232,50
2021-06-07,Alameda,001,1643700,88554,88688,1933,90621,1267
2021-06-07,Alpine,003,1148,87,88,0,88,0
2021-06-07,Amador,005,37829,3704,3697,32,3729,46
2021-06-07,Butte,007,227075,12661,12533,1852,14385,194
2021-06-07,Calaveras,009,45235,2182,2181,13,2194,55
2021-06-07,Colusa,011,21464,1956,1960,314,2274,15
2021-06-07,Contra Costa,013,1133247,70173,69718,1280,70998,817
2021-06-07,Del Norte,015,27424,1433,1401,13,1414,8
2021-06-07,El Dorado,017,186661,10371,10305,753,11058,113
2021-06-07,Fresno,019,978130,103002,102659,8633,111292,1717
2021-06-07,Glenn,021,27897,2439,2423,559,2982,19
2021-06-07,Humboldt,023,135768,4372,4354,38,4392,42
2021-06-07,Imperial,025,180216,28675,28754,2693,31447,738
2021-06-07,Inyo,027,18085,1407,1404,12,1416,35
2021-06-07,Kern,029,883053,97596,96645,10905,107550,1324
2021-06-07,Kings,031,150075,23189,23023,1076,24099,244
2021-06-07,Lake,033,64148,3555,3540,9,3549,45
2021-06-07,Lassen,035,31185,5240,5198,114,5312,18
2021-06-07,Los Angeles,037,10098052,1209383,1203664,40682,1244346,24413
2021-06-07,Madera,039,155013,16687,16572,929,17501,240
2021-06-07,Marin,041,260295,14147,14108,258,14366,229
2021-06-07,Mariposa,043,17540,436,434,11,445,5
2021-06-07,Mendocino,045,87422,4080,3998,83,4081,47
2021-06-07,Merced,047,269075,31105,31212,1033,32245,459
2021-06-07,Modoc,049,8938,384,375,133,508,3
2021-06-07,Mono,051,14174,1264,1275,16,1291,3
2021-06-07,Monterey,053,433212,43219,43077,1838,44915,415
2021-06-07,Napa,055,140530,9934,9962,34,9996,80
2021-06-07,Nevada,057,99092,4883,4860,192,5052,72
2021-06-07,Orange,059,3164182,255794,254808,11302,266110,5073
2021-06-07,Placer,061,380077,23519,23176,1507,24683,293
2021-06-07,Plumas,063,18699,712,692,11,703,4
2021-06-07,Riverside,065,2383286,294660,289232,13915,303147,4451
2021-06-07,Sacramento,067,1510023,107074,106841,1768,108609,1655
2021-06-07,San Benito,069,59416,6069,6074,113,6187,63
2021-06-07,San Bernardino,071,2135413,293753,293129,8944,302073,4775
2021-06-07,San Diego,073,3302833,281730,280808,15102,295910,3764
2021-06-07,San Francisco,075,870044,36888,37122,1276,38398,552
2021-06-07,San Joaquin,077,732212,73531,73130,3528,76658,1388
2021-06-07,San Luis Obispo,079,281455,21455,21252,739,21991,255
2021-06-07,San Mateo,081,765935,42469,42479,470,42949,664
2021-06-07,Santa Barbara,083,443738,34509,34407,1119,35526,459
2021-06-07,Santa Clara,085,1922200,118951,119743,754,120497,2066
2021-06-07,Santa Cruz,087,273765,16268,16159,798,16957,208
2021-06-07,Shasta,089,179085,12454,12483,1601,14084,200
2021-06-07,Sierra,091,2930,57,55,12,67,0
2021-06-07,Siskiyou,093,43540,1954,1869,360,2229,21
2021-06-07,Solano,095,438530,33110,33124,555,33679,258
2021-06-07,Sonoma,097,501317,30416,30504,345,30849,323
2021-06-07,Stanislaus,099,539301,56671,56521,5909,62430,972
2021-06-07,Sutter,101,95872,9533,9571,85,9656,111
2021-06-07,Tehama,103,63373,5123,5092,574,5666,63
2021-06-07,Trinity,105,12862,486,329,92,421,3
2021-06-07,Tulare,107,460477,50327,49471,8934,58405,847
2021-06-07,Tuolumne,109,53932,4048,4098,43,4141,63
2021-06-07,Ventura,111,848112,81536,81137,2967,84104,1025
2021-06-07,Yolo,113,214977,14074,14097,244,14341,211
2021-06-07,Yuba,115,75493,6119,6099,126,6225,49
2021-06-06,Alameda,001,1643700,88516,88636,1932,90568,1267
2021-06-06,Alpine,003,1148,87,88,0,88,0
2021-06-06,Amador,005,37829,3701,3696,32,3728,46
2021-06-06,Butte,007,227075,12650,12527,1851,14378,194
2021-06-06,Calaveras,009,45235,2181,2181,13,2194,55
2021-06-06,Colusa,011,21464,1954,1959,314,2273,15
2021-06-06,Contra Costa,013,1133247,70108,69659,1278,70937,817
2021-06-06,Del Norte,015,27424,1428,1401,13,1414,8
2021-06-06,El Dorado,017,186661,10364,10294,753,11047,113
2021-06-06,Fresno,019,978130,102969,102642,8630,111272,1717
2021-06-06,Glenn,021,27897,2438,2423,559,2982,19
2021-06-06,Humboldt,023,135768,4361,4353,38,4391,42
2021-06-06,Imperial,025,180216,28669,28762,2693,31455,738
2021-06-06,Inyo,027,18085,1406,1404,12,1416,35
2021-06-06,Kern,029,883053,97578,96623,10898,107521,1324
2021-06-06,Kings,031,150075,23183,23021,1076,24097,244
2021-06-06,Lake,033,64148,3555,3535,9,3544,45
2021-06-06,Lassen,035,31185,5238,5191,114,5305,18
2021-06-06,Los Angeles,037,10098052,1209184,1203539,40668,1244207,24410
2021-06-06,Madera,039,155013,16680,16567,929,17496,240
2021-06-06,Marin,041,260295,14141,14106,257,14363,229
2021-06-06,Mariposa,043,17540,435,435,11,446,5
2021-06-06,Mendocino,045,87422,4076,3993,83,4076,47
2021-06-06,Merced,047,269075,31099,31215,1032,32247,459
2021-06-06,Modoc,049,8938,384,375,132,507,3
2021-06-06,Mono,051,14174,1264,1275,16,1291,3
2021-06-06,Monterey,053,433212,43214,43078,1838,44916,415
2021-06-06,Napa,055,140530,9928,9963,34,9997,80
2021-06-06,Nevada,057,99092,4876,4854,191,5045,72
2021-06-06,Orange,059,3164182,255758,254782,11297,266079,5073
2021-06-06,Placer,061,380077,23494,23156,1504,24660,293
2021-06-06,Plumas,063,18699,712,692,11,703,4
2021-06-06,Riverside,065,2383286,294621,289201,13909,303110,4451
2021-06-06,Sacramento,067,1510023,106988,106749,1767,108516,1655
2021-06-06,San Benito,069,59416,6063,6074,113,6187,63
2021-06-06,San Bernardino,071,2135413,293696,293117,8935,302052,4773
2021-06-06,San Diego,073,3302833,281650,280743,15085,295828,3764
2021-06-06,San Francisco,075,870044,36873,37118,1274,38392,552
2021-06-06,San Joaquin,077,732212,73499,73105,3524,76629,1388
2021-06-06,San Luis Obispo,079,281455,21452,21246,739,21985,255
2021-06-06,San Mateo,081,765935,42452,42457,470,42927,664
2021-06-06,Santa Barbara,083,443738,34505,34403,1118,35521,459
2021-06-06,Santa Clara,085,1922200,118929,119711,754,120465,2066
2021-06-06,Santa Cruz,087,273765,16267,16158,798,16956,208
2021-06-06,Shasta,089,179085,12439,12478,1598,14076,200
2021-06-06,Sierra,091,2930,57,55,12,67,0
2021-06-06,Siskiyou,093,43540,1951,1869,360,2229,21
2021-06-06,Solano,095,438530,33083,33093,555,33648,258
2021-06-06,Sonoma,097,501317,30384,30478,344,30822,323
2021-06-06,Stanislaus,099,539301,56635,56486,5906,62392,972
2021-06-06,Sutter,101,95872,9526,9567,85,9652,111
2021-06-06,Tehama,103,63373,5113,5092,572,5664,63
2021-06-06,Trinity,105,12862,486,328,92,420,3
2021-06-06,Tulare,107,460477,50318,49466,8929,58395,847
2021-06-06,Tuolumne,109,53932,4045,4097,43,4140,63
2021-06-06,Ventura,111,848112,81525,81130,2964,84094,1025
2021-06-06,Yolo,113,214977,14066,14089,243,14332,210
2021-06-06,Yuba,115,75493,6111,6096,126,6222,49
2021-06-05,Alameda,001,1643700,88483,88612,1932,90544,1268
2021-06-05,Alpine,003,1148,87,88,0,88,0
2021-06-05,Amador,005,37829,3701,3694,32,3726,46
2021-06-05,Butte,007,227075,12644,12514,1850,14364,194
2021-06-05,Calaveras,009,45235,2181,2181,13,2194,55
2021-06-05,Colusa,011,21464,1954,1959,314,2273,15
2021-06-05,Contra Costa,013,1133247,70079,69601,1278,70879,817
2021-06-05,Del Norte,015,27424,1428,1400,13,1413,8
2021-06-05,El Dorado,017,186661,10362,10288,752,11040,113
2021-06-05,Fresno,019,978130,102960,102626,8630,111256,1717
2021-06-05,Glenn,021,27897,2437,2423,559,2982,19
2021-06-05,Humboldt,023,135768,4356,4346,38,4384,42
2021-06-05,Imperial,025,180216,28666,28764,2693,31457,738
2021-06-05,Inyo,027,18085,1406,1405,12,1417,35
2021-06-05,Kern,029,883053,97565,96597,10894,107491,1324
2021-06-05,Kings,031,150075,23180,23017,1076,24093,244
2021-06-05,Lake,033,64148,3552,3534,9,3543,45
2021-06-05,Lassen,035,31185,5237,5191,114,5305,18
2021-06-05,Los Angeles,037,10098052,1209055,1203338,40657,1243995,24411
2021-06-05,Madera,039,155013,16676,16563,929,17492,240
2021-06-05,Marin,041,260295,14139,14101,257,14358,229
2021-06-05,Mariposa,043,17540,435,435,11,446,5
2021-06-05,Mendocino,045,87422,4073,3989,83,4072,47
2021-06-05,Merced,047,269075,31097,31212,1031,32243,459
2021-06-05,Modoc,049,8938,384,375,131,506,3
2021-06-05,Mono,051,14174,1264,1274,16,1290,3
2021-06-05,Monterey,053,433212,43210,43071,1837,44908,415
2021-06-05,Napa,055,140530,9923,9960,34,9994,80
2021-06-05,Nevada,057,99092,4874,4849,191,5040,72
2021-06-05,Orange,059,3164182,255734,254752,11294,266046,5069
2021-06-05,Placer,061,380077,23478,23133,1504,24637,293
2021-06-05,Plumas,063,18699,712,692,11,703,4
2021-06-05,Riverside,065,2383286,294586,289157,13905,303062,4451
2021-06-05,Sacramento,067,1510023,106936,106688,1765,108453,1655
2021-06-05,San Benito,069,59416,6061,6074,113,6187,63
2021-06-05,San Bernardino,071,2135413,293663,293081,8934,302015,4772
2021-06-05,San Diego,073,3302833,281609,280676,15072,295748,3764
2021-06-05,San Francisco,075,870044,36864,37111,1274,38385,552
2021-06-05,San Joaquin,077,732212,73483,73078,3518,76596,1388
2021-06-05,San Luis Obispo,079,281455,21449,21236,739,21975,255
2021-06-05,San Mateo,081,765935,42442,42433,470,42903,664
2021-06-05,Santa Barbara,083,443738,34502,34399,1117,35516,459
2021-06-05,Santa Clara,085,1922200,118907,119676,752,120428,2066
2021-06-05,Santa Cruz,087,273765,16267,16154,798,16952,208
2021-06-05,Shasta,089,179085,12429,12472,1597,14069,200
2021-06-05,Sierra,091,2930,57,55,12,67,0
2021-06-05,Siskiyou,093,43540,1951,1867,360,2227,21
2021-06-05,Solano,095,438530,33068,33074,555,33629,257
2021-06-05,Sonoma,097,501317,30357,30450,342,30792,323
2021-06-05,Stanislaus,099,539301,56626,56463,5904,62367,973
2021-06-05,Sutter,101,95872,9523,9559,85,9644,111
2021-06-05,Tehama,103,63373,5112,5092,571,5663,63
2021-06-05,Trinity,105,12862,486,328,92,420,3
2021-06-05,Tulare,107,460477,50312,49463,8929,58392,847
2021-06-05,Tuolumne,109,53932,4043,4098,43,4141,63
2021-06-05,Ventura,111,848112,81516,81119,2962,84081,1025
2021-06-05,Yolo,113,214977,14064,14088,243,14331,210
2021-06-05,Yuba,115,75493,6110,6087,126,6213,49
2021-06-04,Alameda,001,1643700,88456,88585,1929,90514,1263
2021-06-04,Alpine,003,1148,87,88,0,88,0
2021-06-04,Amador,005,37829,3701,3690,32,3722,46
2021-06-04,Butte,007,227075,12633,12494,1847,14341,193
2021-06-04,Calaveras,009,45235,2181,2179,13,2192,55
2021-06-04,Colusa,011,21464,1954,1959,314,2273,15
2021-06-04,Contra Costa,013,1133247,70044,69540,1275,70815,816
2021-06-04,Del Norte,015,27424,1428,1398,13,1411,8
2021-06-04,El Dorado,017,186661,10358,10284,750,11034,112
2021-06-04,Fresno,019,978130,102944,102601,8630,111231,1712
2021-06-04,Glenn,021,27897,2437,2423,558,2981,19
2021-06-04,Humboldt,023,135768,4351,4327,38,4365,42
2021-06-04,Imperial,025,180216,28662,28753,2693,31446,738
2021-06-04,Inyo,027,18085,1406,1404,12,1416,35
2021-06-04,Kern,029,883053,97547,96573,10892,107465,1327
2021-06-04,Kings,031,150075,23179,23002,1076,24078,244
2021-06-04,Lake,033,64148,3550,3528,9,3537,45
2021-06-04,Lassen,035,31185,5237,5180,114,5294,18
2021-06-04,Los Angeles,037,10098052,1208934,1203106,40648,1243754,24400
2021-06-04,Madera,039,155013,16674,16557,929,17486,240
2021-06-04,Marin,041,260295,14138,14099,256,14355,229
2021-06-04,Mariposa,043,17540,435,435,11,446,5
2021-06-04,Mendocino,045,87422,4064,3983,83,4066,47
2021-06-04,Merced,047,269075,31092,31204,1030,32234,459
2021-06-04,Modoc,049,8938,382,375,131,506,3
2021-06-04,Mono,051,14174,1264,1275,16,1291,3
2021-06-04,Monterey,053,433212,43206,43068,1837,44905,415
2021-06-04,Napa,055,140530,9919,9958,34,9992,80
2021-06-04,Nevada,057,99092,4870,4844,191,5035,72
2021-06-04,Orange,059,3164182,255697,254730,11290,266020,5059
2021-06-04,Placer,061,380077,23462,23110,1503,24613,293
2021-06-04,Plumas,063,18699,712,691,11,702,4
2021-06-04,Riverside,065,2383286,294560,289098,13901,302999,4452
2021-06-04,Sacramento,067,1510023,106882,106616,1764,108380,1654
2021-06-04,San Benito,069,59416,6059,6073,113,6186,63
2021-06-04,San Bernardino,071,2135413,293639,293056,8932,301988,4768
2021-06-04,San Diego,073,3302833,281566,280556,15065,295621,3763
2021-06-04,San Francisco,075,870044,36857,37079,1273,38352,551
2021-06-04,San Joaquin,077,732212,73464,73039,3516,76555,1388
2021-06-04,San Luis Obispo,079,281455,21446,21234,738,21972,255
2021-06-04,San Mateo,081,765935,42430,42413,470,42883,478
2021-06-04,Santa Barbara,083,443738,34496,34402,1116,35518,459
2021-06-04,Santa Clara,085,1922200,118877,119619,752,120371,2065
2021-06-04,Santa Cruz,087,273765,16264,16150,798,16948,207
2021-06-04,Shasta,089,179085,12423,12458,1592,14050,200
2021-06-04,Sierra,091,2930,57,55,12,67,0
2021-06-04,Siskiyou,093,43540,1950,1865,360,2225,21
2021-06-04,Solano,095,438530,33057,33058,555,33613,256
2021-06-04,Sonoma,097,501317,30336,30411,342,30753,323
2021-06-04,Stanislaus,099,539301,56611,56442,5902,62344,973
2021-06-04,Sutter,101,95872,9518,9554,85,9639,111
2021-06-04,Tehama,103,63373,5107,5090,571,5661,63
2021-06-04,Trinity,105,12862,486,328,92,420,3
2021-06-04,Tulare,107,460477,50303,49452,8927,58379,847
2021-06-04,Tuolumne,109,53932,4042,4095,43,4138,63
2021-06-04,Ventura,111,848112,81509,81104,2960,84064,1023
2021-06-04,Yolo,113,214977,14062,14083,243,14326,210
2021-06-04,Yuba,115,75493,6107,6084,126,6210,49
2021-06-03,Alameda,001,1643700,88418,88555,1926,90481,1257
2021-06-03,Alpine,003,1148,87,88,0,88,0
2021-06-03,Amador,005,37829,3693,3688,32,3720,46
2021-06-03,Butte,007,227075,12629,12478,1846,14324,193
2021-06-03,Calaveras,009,45235,2181,2179,13,2192,55
2021-06-03,Colusa,011,21464,1954,1957,314,2271,15
2021-06-03,Contra Costa,013,1133247,69990,69500,1270,70770,816
2021-06-03,Del Norte,015,27424,1426,1397,13,1410,8
2021-06-03,El Dorado,017,186661,10352,10284,747,11031,112
2021-06-03,Fresno,019,978130,102927,102566,8630,111196,1709
2021-06-03,Glenn,021,27897,2437,2421,558,2979,19
2021-06-03,Humboldt,023,135768,4343,4314,38,4352,42
2021-06-03,Imperial,025,180216,28651,28737,2693,31430,738
2021-06-03,Inyo,027,18085,1406,1404,12,1416,35
2021-06-03,Kern,029,883053,97520,96507,10878,107385,1326
2021-06-03,Kings,031,150075,23175,22982,1076,24058,244
2021-06-03,Lake,033,64148,3548,3526,9,3535,45
2021-06-03,Lassen,035,31185,5228,5177,114,5291,12
2021-06-03,Los Angeles,037,10098052,1208762,1202923,40640,1243563,24386
2021-06-03,Madera,039,155013,16667,16554,929,17483,240
2021-06-03,Marin,041,260295,14133,14095,256,14351,230
2021-06-03,Mariposa,043,17540,435,435,11,446,5
2021-06-03,Mendocino,045,87422,4057,3978,83,4061,47
2021-06-03,Merced,047,269075,31089,31199,1030,32229,459
2021-06-03,Modoc,049,8938,381,376,130,506,3
2021-06-03,Mono,051,14174,1264,1275,16,1291,3
2021-06-03,Monterey,053,433212,43203,43063,1837,44900,415
2021-06-03,Napa,055,140530,9912,9957,34,9991,81
2021-06-03,Nevada,057,99092,4866,4837,191,5028,72
2021-06-03,Orange,059,3164182,255669,254676,11280,265956,5056
2021-06-03,Placer,061,380077,23453,23100,1502,24602,293
2021-06-03,Plumas,063,18699,712,691,11,702,4
2021-06-03,Riverside,065,2383286,294505,289035,13897,302932,4447
2021-06-03,Sacramento,067,1510023,106803,106526,1762,108288,1654
2021-06-03,San Benito,069,59416,6059,6073,113,6186,63
2021-06-03,San Bernardino,071,2135413,293608,293021,8932,301953,4762
2021-06-03,San Diego,073,3302833,281502,280430,15055,295485,3761
2021-06-03,San Francisco,075,870044,36850,37072,1273,38345,551
2021-06-03,San Joaquin,077,732212,73436,72989,3512,76501,1388
2021-06-03,San Luis Obispo,079,281455,21441,21224,738,21962,255
2021-06-03,San Mateo,081,765935,42417,42396,470,42866,467
2021-06-03,Santa Barbara,083,443738,34493,34391,1116,35507,459
2021-06-03,Santa Clara,085,1922200,118855,119592,750,120342,2058
2021-06-03,Santa Cruz,087,273765,16262,16144,798,16942,207
2021-06-03,Shasta,089,179085,12408,12441,1589,14030,199
2021-06-03,Sierra,091,2930,57,55,12,67,0
2021-06-03,Siskiyou,093,43540,1950,1862,359,2221,21
2021-06-03,Solano,095,438530,33043,33019,555,33574,256
2021-06-03,Sonoma,097,501317,30314,30383,341,30724,322
2021-06-03,Stanislaus,099,539301,56592,56401,5896,62297,973
2021-06-03,Sutter,101,95872,9509,9539,85,9624,111
2021-06-03,Tehama,103,63373,5107,5087,571,5658,63
2021-06-03,Trinity,105,12862,486,328,92,420,3
2021-06-03,Tulare,107,460477,50300,49442,8923,58365,848
2021-06-03,Tuolumne,109,53932,4040,4095,43,4138,63
2021-06-03,Ventura,111,848112,81497,81078,2958,84036,1023
2021-06-03,Yolo,113,214977,14058,14078,241,14319,210
2021-06-03,Yuba,115,75493,6100,6077,126,6203,49
2021-06-02,Alameda,001,1643700,88373,88525,1924,90449,1254
2021-06-02,Alpine,003,1148,87,88,0,88,0
2021-06-02,Amador,005,37829,3691,3687,32,3719,46
2021-06-02,Butte,007,227075,12609,12432,1844,14276,193
2021-06-02,Calaveras,009,45235,2178,2174,13,2187,55
2021-06-02,Colusa,011,21464,1953,1957,314,2271,15
2021-06-02,Contra Costa,013,1133247,69939,69455,1268,70723,814
2021-06-02,Del Norte,015,27424,1424,1395,13,1408,8
2021-06-02,El Dorado,017,186661,10348,10275,747,11022,110
2021-06-02,Fresno,019,978130,102903,102547,8627,111174,1707
2021-06-02,Glenn,021,27897,2437,2421,558,2979,19
2021-06-02,Humboldt,023,135768,4328,4302,38,4340,42
2021-06-02,Imperial,025,180216,28645,28737,2692,31429,738
2021-06-02,Inyo,027,18085,1405,1403,12,1415,35
2021-06-02,Kern,029,883053,97493,96481,10871,107352,1326
2021-06-02,Kings,031,150075,23173,22981,1075,24056,244
2021-06-02,Lake,033,64148,3543,3522,9,3531,45
2021-06-02,Lassen,035,31185,5227,5177,114,5291,6
2021-06-02,Los Angeles,037,10098052,1208558,1202760,40631,1243391,24375
2021-06-02,Madera,039,155013,16659,16550,929,17479,240
2021-06-02,Marin,041,260295,14131,14091,255,14346,229
2021-06-02,Mariposa,043,17540,435,434,11,445,5
2021-06-02,Mendocino,045,87422,4051,3970,83,4053,47
2021-06-02,Merced,047,269075,31076,31195,1029,32224,458
2021-06-02,Modoc,049,8938,380,375,129,504,3
2021-06-02,Mono,051,14174,1264,1275,16,1291,3
2021-06-02,Monterey,053,433212,43201,43056,1837,44893,380
2021-06-02,Napa,055,140530,9911,9953,34,9987,82
2021-06-02,Nevada,057,99092,4863,4833,191,5024,72
2021-06-02,Orange,059,3164182,255620,254637,11273,265910,5055
2021-06-02,Placer,061,380077,23432,23058,1500,24558,293
2021-06-02,Plumas,063,18699,712,690,11,701,4
2021-06-02,Riverside,065,2383286,294447,289012,13887,302899,4445
2021-06-02,Sacramento,067,1510023,106738,106435,1756,108191,1649
2021-06-02,San Benito,069,59416,6058,6073,113,6186,63
2021-06-02,San Bernardino,071,2135413,293560,293004,8927,301931,4760
2021-06-02,San Diego,073,3302833,281422,280347,15034,295381,3760
2021-06-02,San Francisco,075,870044,36830,37050,1272,38322,550
2021-06-02,San Joaquin,077,732212,73405,72893,3509,76402,1387
2021-06-02,San Luis Obispo,079,281455,21434,21214,737,21951,255
2021-06-02,San Mateo,081,765935,42407,42383,469,42852,464
2021-06-02,Santa Barbara,083,443738,34486,34381,1116,35497,456
2021-06-02,Santa Clara,085,1922200,118827,119553,749,120302,2058
2021-06-02,Santa Cruz,087,273765,16259,16144,798,16942,207
2021-06-02,Shasta,089,179085,12390,12426,1584,14010,199
2021-06-02,Sierra,091,2930,57,55,12,67,0
2021-06-02,Siskiyou,093,43540,1950,1861,357,2218,21
2021-06-02,Solano,095,438530,33031,33007,554,33561,256
2021-06-02,Sonoma,097,501317,30295,30359,336,30695,322
2021-06-02,Stanislaus,099,539301,56573,56377,5891,62268,973
2021-06-02,Sutter,101,95872,9506,9533,85,9618,111
2021-06-02,Tehama,103,63373,5104,5081,571,5652,63
2021-06-02,Trinity,105,12862,484,328,92,420,3
2021-06-02,Tulare,107,460477,50292,49434,8919,58353,846
2021-06-02,Tuolumne,109,53932,4039,4095,43,4138,63
2021-06-02,Ventura,111,848112,81472,81033,2958,83991,1020
2021-06-02,Yolo,113,214977,14055,14074,240,14314,210
2021-06-02,Yuba,115,75493,6094,6072,126,6198,48
2021-06-01,Alameda,001,1643700,88338,88472,1922,90394,1253
2021-06-01,Alpine,003,1148,87,88,0,88,0
2021-06-01,Amador,005,37829,3689,3687,32,3719,46
2021-06-01,Butte,007,227075,12595,12427,1843,14270,193
2021-06-01,Calaveras,009,45235,2176,2173,13,2186,55
2021-06-01,Colusa,011,21464,1952,1955,313,2268,15
2021-06-01,Contra Costa,013,1133247,69881,69404,1268,70672,813
2021-06-01,Del Norte,015,27424,1423,1394,13,1407,8
2021-06-01,El Dorado,017,186661,10342,10271,747,11018,110
2021-06-01,Fresno,019,978130,102879,102534,8624,111158,1706
2021-06-01,Glenn,021,27897,2437,2422,558,2980,18
2021-06-01,Humboldt,023,135768,4318,4299,38,4337,42
2021-06-01,Imperial,025,180216,28641,28722,2690,31412,736
2021-06-01,Inyo,027,18085,1405,1403,12,1415,35
2021-06-01,Kern,029,883053,97466,96477,10863,107340,1319
2021-06-01,Kings,031,150075,23169,22977,1075,24052,244
2021-06-01,Lake,033,64148,3542,3523,9,3532,45
2021-06-01,Lassen,035,31185,5220,5172,114,5286,6
2021-06-01,Los Angeles,037,10098052,1208321,1202673,40617,1243290,24367
2021-06-01,Madera,039,155013,16650,16549,928,17477,240
2021-06-01,Marin,041,260295,14129,14081,255,14336,229
2021-06-01,Mariposa,043,17540,435,431,11,442,5
2021-06-01,Mendocino,045,87422,4044,3966,83,4049,47
2021-06-01,Merced,047,269075,31066,31195,1029,32224,456
2021-06-01,Modoc,049,8938,378,375,129,504,3
2021-06-01,Mono,051,14174,1264,1275,16,1291,3
2021-06-01,Monterey,053,433212,43195,43051,1837,44888,379
2021-06-01,Napa,055,140530,9909,9949,34,9983,82
2021-06-01,Nevada,057,99092,4858,4825,191,5016,72
2021-06-01,Orange,059,3164182,255584,254603,11265,265868,5051
2021-06-01,Placer,061,380077,23402,23021,1498,24519,293
2021-06-01,Plumas,063,18699,711,690,11,701,4
2021-06-01,Riverside,065,2383286,294394,288996,13881,302877,4442
2021-06-01,Sacramento,067,1510023,106666,106330,1754,108084,1644
2021-06-01,San Benito,069,59416,6057,6073,112,6185,63
2021-06-01,San Bernardino,071,2135413,293535,292990,8926,301916,4758
2021-06-01,San Diego,073,3302833,281318,280305,15017,295322,3756
2021-06-01,San Francisco,075,870044,36814,37031,1272,38303,550
2021-06-01,San Joaquin,077,732212,73373,72858,3508,76366,1383
2021-06-01,San Luis Obispo,079,281455,21429,21217,737,21954,256
2021-06-01,San Mateo,081,765935,42391,42383,468,42851,462
2021-06-01,Santa Barbara,083,443738,34482,34374,1116,35490,456
2021-06-01,Santa Clara,085,1922200,118799,119528,749,120277,2057
2021-06-01,Santa Cruz,087,273765,16255,16143,797,16940,207
2021-06-01,Shasta,089,179085,12381,12409,1579,13988,199
2021-06-01,Sierra,091,2930,57,55,12,67,0
2021-06-01,Siskiyou,093,43540,1943,1860,356,2216,21
2021-06-01,Solano,095,438530,33006,32974,553,33527,256
2021-06-01,Sonoma,097,501317,30256,30324,335,30659,322
2021-06-01,Stanislaus,099,539301,56556,56348,5889,62237,973
2021-06-01,Sutter,101,95872,9499,9528,85,9613,111
2021-06-01,Tehama,103,63373,5102,5079,571,5650,63
2021-06-01,Trinity,105,12862,483,328,91,419,3
2021-06-01,Tulare,107,460477,50284,49419,8915,58334,845
2021-06-01,Tuolumne,109,53932,4039,4094,43,4137,63
2021-06-01,Ventura,111,848112,81456,81018,2957,83975,1021
2021-06-01,Yolo,113,214977,14049,14067,240,14307,210
2021-06-01,Yuba,115,75493,6090,6067,126,6193,48
2021-05-31,Alameda,001,1643700,88302,88458,1918,90376,1253
2021-05-31,Alpine,003,1148,87,88,0,88,0
2021-05-31,Amador,005,37829,3683,3687,32,3719,46
2021-05-31,Butte,007,227075,12582,12429,1843,14272,193
2021-05-31,Calaveras,009,45235,2175,2171,13,2184,55
2021-05-31,Colusa,011,21464,1952,1956,312,2268,15
2021-05-31,Contra Costa,013,1133247,69844,69390,1267,70657,813
2021-05-31,Del Norte,015,27424,1420,1394,13,1407,8
2021-05-31,El Dorado,017,186661,10336,10271,745,11016,110
2021-05-31,Fresno,019,978130,102842,102507,8624,111131,1706
2021-05-31,Glenn,021,27897,2436,2422,557,2979,18
2021-05-31,Humboldt,023,135768,4306,4295,38,4333,42
2021-05-31,Imperial,025,180216,28635,28732,2687,31419,736
2021-05-31,Inyo,027,18085,1404,1403,12,1415,35
2021-05-31,Kern,029,883053,97430,96457,10854,107311,1319
2021-05-31,Kings,031,150075,23165,22977,1075,24052,244
2021-05-31,Lake,033,64148,3537,3523,9,3532,45
2021-05-31,Lassen,035,31185,5218,5172,113,5285,6
2021-05-31,Los Angeles,037,10098052,1208078,1202567,40608,1243175,24364
2021-05-31,Madera,039,155013,16649,16543,927,17470,240
2021-05-31,Marin,041,260295,14127,14080,255,14335,229
2021-05-31,Mariposa,043,17540,435,430,11,441,5
2021-05-31,Mendocino,045,87422,4034,3961,83,4044,47
2021-05-31,Merced,047,269075,31061,31194,1029,32223,456
2021-05-31,Modoc,049,8938,377,374,129,503,3
2021-05-31,Mono,051,14174,1264,1275,16,1291,3
2021-05-31,Monterey,053,433212,43191,43051,1837,44888,379
2021-05-31,Napa,055,140530,9902,9948,34,9982,82
2021-05-31,Nevada,057,99092,4848,4823,190,5013,72
2021-05-31,Orange,059,3164182,255556,254572,11257,265829,5051
2021-05-31,Placer,061,380077,23375,23019,1494,24513,293
2021-05-31,Plumas,063,18699,710,690,11,701,4
2021-05-31,Riverside,065,2383286,294337,288970,13869,302839,4442
2021-05-31,Sacramento,067,1510023,106569,106278,1749,108027,1644
2021-05-31,San Benito,069,59416,6057,6072,112,6184,63
2021-05-31,San Bernardino,071,2135413,293487,292973,8925,301898,4758
2021-05-31,San Diego,073,3302833,281214,280254,15005,295259,3756
2021-05-31,San Francisco,075,870044,36799,37022,1271,38293,550
2021-05-31,San Joaquin,077,732212,73324,72856,3502,76358,1383
2021-05-31,San Luis Obispo,079,281455,21421,21215,737,21952,256
2021-05-31,San Mateo,081,765935,42375,42389,468,42857,442
2021-05-31,Santa Barbara,083,443738,34469,34369,1114,35483,456
2021-05-31,Santa Clara,085,1922200,118755,119515,749,120264,2057
2021-05-31,Santa Cruz,087,273765,16252,16139,797,16936,207
2021-05-31,Shasta,089,179085,12365,12408,1576,13984,199
2021-05-31,Sierra,091,2930,57,55,12,67,0
2021-05-31,Siskiyou,093,43540,1942,1856,355,2211,21
2021-05-31,Solano,095,438530,32956,32973,553,33526,256
2021-05-31,Sonoma,097,501317,30213,30314,335,30649,322
2021-05-31,Stanislaus,099,539301,56515,56335,5886,62221,973
2021-05-31,Sutter,101,95872,9480,9523,85,9608,111
2021-05-31,Tehama,103,63373,5099,5076,570,5646,63
2021-05-31,Trinity,105,12862,483,328,91,419,3
2021-05-31,Tulare,107,460477,50273,49404,8910,58314,845
2021-05-31,Tuolumne,109,53932,4037,4095,43,4138,63
2021-05-31,Ventura,111,848112,81441,81017,2954,83971,1021
2021-05-31,Yolo,113,214977,14045,14064,240,14304,210
2021-05-31,Yuba,115,75493,6084,6063,123,6186,48
2021-05-30,Alameda,001,1643700,88279,88429,1918,90347,1253
2021-05-30,Alpine,003,1148,87,88,0,88,0
2021-05-30,Amador,005,37829,3679,3685,32,3717,46
2021-05-30,Butte,007,227075,12573,12427,1841,14268,190
2021-05-30,Calaveras,009,45235,2171,2166,13,2179,55
2021-05-30,Colusa,011,21464,1952,1954,312,2266,15
2021-05-30,Contra Costa,013,1133247,69810,69381,1265,70646,813
2021-05-30,Del Norte,015,27424,1419,1393,13,1406,8
2021-05-30,El Dorado,017,186661,10333,10271,745,11016,110
2021-05-30,Fresno,019,978130,102825,102499,8620,111119,1706
2021-05-30,Glenn,021,27897,2436,2422,556,2978,18
2021-05-30,Humboldt,023,135768,4298,4291,38,4329,42
2021-05-30,Imperial,025,180216,28631,28732,2686,31418,736
2021-05-30,Inyo,027,18085,1404,1403,12,1415,35
2021-05-30,Kern,029,883053,97414,96443,10851,107294,1319
2021-05-30,Kings,031,150075,23164,22974,1075,24049,244
2021-05-30,Lake,033,64148,3537,3517,9,3526,45
2021-05-30,Lassen,035,31185,5216,5171,113,5284,6
2021-05-30,Los Angeles,037,10098052,1207963,1202425,40601,1243026,24360
2021-05-30,Madera,039,155013,16645,16538,927,17465,240
2021-05-30,Marin,041,260295,14123,14083,254,14337,229
2021-05-30,Mariposa,043,17540,435,430,11,441,5
2021-05-30,Mendocino,045,87422,4027,3955,83,4038,47
2021-05-30,Merced,047,269075,31057,31189,1028,32217,456
2021-05-30,Modoc,049,8938,377,374,129,503,3
2021-05-30,Mono,051,14174,1264,1275,16,1291,3
2021-05-30,Monterey,053,433212,43188,43049,1837,44886,379
2021-05-30,Napa,055,140530,9901,9948,34,9982,82
2021-05-30,Nevada,057,99092,4842,4818,190,5008,72
2021-05-30,Orange,059,3164182,255533,254559,11256,265815,5051
2021-05-30,Placer,061,380077,23369,23016,1494,24510,293
2021-05-30,Plumas,063,18699,708,690,11,701,4
2021-05-30,Riverside,065,2383286,294316,288961,13867,302828,4442
2021-05-30,Sacramento,067,1510023,106524,106252,1747,107999,1644
2021-05-30,San Benito,069,59416,6057,6072,112,6184,63
2021-05-30,San Bernardino,071,2135413,293461,292981,8924,301905,4758
2021-05-30,San Diego,073,3302833,281158,280209,15000,295209,3756
2021-05-30,San Francisco,075,870044,36780,37016,1271,38287,550
2021-05-30,San Joaquin,077,732212,73307,72853,3501,76354,1383
2021-05-30,San Luis Obispo,079,281455,21412,21211,736,21947,256
2021-05-30,San Mateo,081,765935,42367,42386,468,42854,439
2021-05-30,Santa Barbara,083,443738,34465,34369,1114,35483,456
2021-05-30,Santa Clara,085,1922200,118733,119510,745,120255,2057
2021-05-30,Santa Cruz,087,273765,16250,16140,797,16937,207
2021-05-30,Shasta,089,179085,12363,12408,1573,13981,199
2021-05-30,Sierra,091,2930,57,55,12,67,0
2021-05-30,Siskiyou,093,43540,1942,1856,355,2211,21
2021-05-30,Solano,095,438530,32945,32952,552,33504,256
2021-05-30,Sonoma,097,501317,30196,30310,334,30644,322
2021-05-30,Stanislaus,099,539301,56504,56323,5885,62208,973
2021-05-30,Sutter,101,95872,9479,9519,84,9603,111
2021-05-30,Tehama,103,63373,5099,5073,570,5643,63
2021-05-30,Trinity,105,12862,483,328,91,419,3
2021-05-30,Tulare,107,460477,50266,49397,8902,58299,845
2021-05-30,Tuolumne,109,53932,4037,4094,43,4137,63
2021-05-30,Ventura,111,848112,81437,81012,2953,83965,1021
2021-05-30,Yolo,113,214977,14040,14059,239,14298,210
2021-05-30,Yuba,115,75493,6077,6063,122,6185,48
2021-05-29,Alameda,001,1643700,88256,88433,1916,90349,1253
2021-05-29,Alpine,003,1148,87,88,0,88,0
2021-05-29,Amador,005,37829,3678,3683,32,3715,46
2021-05-29,Butte,007,227075,12567,12425,1841,14266,190
2021-05-29,Calaveras,009,45235,2170,2166,13,2179,55
2021-05-29,Colusa,011,21464,1949,1954,312,2266,15
2021-05-29,Contra Costa,013,1133247,69777,69351,1265,70616,813
2021-05-29,Del Norte,015,27424,1419,1391,13,1404,8
2021-05-29,El Dorado,017,186661,10332,10269,743,11012,110
2021-05-29,Fresno,019,978130,102813,102470,8617,111087,1706
2021-05-29,Glenn,021,27897,2436,2422,555,2977,18
2021-05-29,Humboldt,023,135768,4292,4283,38,4321,42
2021-05-29,Imperial,025,180216,28628,28729,2685,31414,736
2021-05-29,Inyo,027,18085,1404,1404,12,1416,35
2021-05-29,Kern,029,883053,97403,96424,10838,107262,1319
2021-05-29,Kings,031,150075,23163,22970,1074,24044,244
2021-05-29,Lake,033,64148,3537,3515,9,3524,45
2021-05-29,Lassen,035,31185,5216,5171,113,5284,6
2021-05-29,Los Angeles,037,10098052,1207840,1202264,40598,1242862,24359
2021-05-29,Madera,039,155013,16643,16535,927,17462,240
2021-05-29,Marin,041,260295,14119,14071,253,14324,229
2021-05-29,Mariposa,043,17540,434,428,11,439,5
2021-05-29,Mendocino,045,87422,4021,3952,83,4035,47
2021-05-29,Merced,047,269075,31045,31187,1028,32215,456
2021-05-29,Modoc,049,8938,377,374,129,503,3
2021-05-29,Mono,051,14174,1264,1275,16,1291,3
2021-05-29,Monterey,053,433212,43186,43042,1837,44879,379
2021-05-29,Napa,055,140530,9898,9948,34,9982,82
2021-05-29,Nevada,057,99092,4841,4816,190,5006,72
2021-05-29,Orange,059,3164182,255511,254537,11246,265783,5049
2021-05-29,Placer,061,380077,23354,23009,1493,24502,293
2021-05-29,Plumas,063,18699,708,689,11,700,4
2021-05-29,Riverside,065,2383286,294296,288908,13866,302774,4442
2021-05-29,Sacramento,067,1510023,106494,106218,1746,107964,1643
2021-05-29,San Benito,069,59416,6056,6072,112,6184,63
2021-05-29,San Bernardino,071,2135413,293428,292961,8923,301884,4757
2021-05-29,San Diego,073,3302833,281099,280151,14995,295146,3756
2021-05-29,San Francisco,075,870044,36771,37008,1271,38279,550
2021-05-29,San Joaquin,077,732212,73291,72827,3499,76326,1383
2021-05-29,San Luis Obispo,079,281455,21410,21201,736,21937,256
2021-05-29,San Mateo,081,765935,42359,42375,467,42842,439
2021-05-29,Santa Barbara,083,443738,34461,34367,1114,35481,456
2021-05-29,Santa Clara,085,1922200,118709,119498,744,120242,2056
2021-05-29,Santa Cruz,087,273765,16249,16137,797,16934,207
2021-05-29,Shasta,089,179085,12355,12401,1572,13973,199
2021-05-29,Sierra,091,2930,57,55,12,67,0
2021-05-29,Siskiyou,093,43540,1937,1856,355,2211,21
2021-05-29,Solano,095,438530,32936,32917,552,33469,256
2021-05-29,Sonoma,097,501317,30173,30298,333,30631,322
2021-05-29,Stanislaus,099,539301,56486,56305,5883,62188,974
2021-05-29,Sutter,101,95872,9475,9516,84,9600,111
2021-05-29,Tehama,103,63373,5098,5070,570,5640,63
2021-05-29,Trinity,105,12862,483,328,91,419,3
2021-05-29,Tulare,107,460477,50256,49392,8898,58290,845
2021-05-29,Tuolumne,109,53932,4037,4093,43,4136,63
2021-05-29,Ventura,111,848112,81429,81008,2953,83961,1021
2021-05-29,Yolo,113,214977,14039,14055,239,14294,210
2021-05-29,Yuba,115,75493,6077,6059,122,6181,48
2021-05-28,Alameda,001,1643700,88232,88391,1912,90303,1261
2021-05-28,Alpine,003,1148,87,88,0,88,0
2021-05-28,Amador,005,37829,3678,3680,32,3712,46
2021-05-28,Butte,007,227075,12564,12407,1840,14247,190
2021-05-28,Calaveras,009,45235,2169,2165,13,2178,55
2021-05-28,Colusa,011,21464,1949,1954,310,2264,15
2021-05-28,Contra Costa,013,1133247,69741,69290,1264,70554,813
2021-05-28,Del Norte,015,27424,1418,1390,13,1403,8
2021-05-28,El Dorado,017,186661,10329,10265,743,11008,110
2021-05-28,Fresno,019,978130,102798,102437,8617,111054,1705
2021-05-28,Glenn,021,27897,2436,2419,555,2974,18
2021-05-28,Humboldt,023,135768,4285,4265,38,4303,42
2021-05-28,Imperial,025,180216,28625,28722,2685,31407,736
2021-05-28,Inyo,027,18085,1404,1404,12,1416,35
2021-05-28,Kern,029,883053,97386,96396,10830,107226,1320
2021-05-28,Kings,031,150075,23161,22962,1074,24036,244
2021-05-28,Lake,033,64148,3535,3515,9,3524,45
2021-05-28,Lassen,035,31185,5216,5169,113,5282,6
2021-05-28,Los Angeles,037,10098052,1207729,1202103,40588,1242691,24357
2021-05-28,Madera,039,155013,16641,16530,927,17457,240
2021-05-28,Marin,041,260295,14118,14063,252,14315,229
2021-05-28,Mariposa,043,17540,434,428,11,439,5
2021-05-28,Mendocino,045,87422,4016,3947,83,4030,47
2021-05-28,Merced,047,269075,31042,31176,1028,32204,455
2021-05-28,Modoc,049,8938,377,374,129,503,3
2021-05-28,Mono,051,14174,1264,1274,16,1290,3
2021-05-28,Monterey,053,433212,43185,43036,1837,44873,379
2021-05-28,Napa,055,140530,9898,9941,34,9975,82
2021-05-28,Nevada,057,99092,4839,4813,190,5003,71
2021-05-28,Orange,059,3164182,255491,254494,11244,265738,5047
2021-05-28,Placer,061,380077,23344,22987,1491,24478,293
2021-05-28,Plumas,063,18699,706,688,11,699,4
2021-05-28,Riverside,065,2383286,294274,288872,13864,302736,4442
2021-05-28,Sacramento,067,1510023,106438,106131,1744,107875,1642
2021-05-28,San Benito,069,59416,6056,6074,112,6186,63
2021-05-28,San Bernardino,071,2135413,293405,292905,8923,301828,4757
2021-05-28,San Diego,073,3302833,281036,280043,14984,295027,3756
2021-05-28,San Francisco,075,870044,36765,36987,1271,38258,546
2021-05-28,San Joaquin,077,732212,73261,72793,3497,76290,1383
2021-05-28,San Luis Obispo,079,281455,21405,21190,734,21924,256
2021-05-28,San Mateo,081,765935,42353,42364,467,42831,439
2021-05-28,Santa Barbara,083,443738,34460,34371,1114,35485,455
2021-05-28,Santa Clara,085,1922200,118685,119462,744,120206,2056
2021-05-28,Santa Cruz,087,273765,16248,16129,797,16926,207
2021-05-28,Shasta,089,179085,12346,12383,1570,13953,198
2021-05-28,Sierra,091,2930,57,54,12,66,0
2021-05-28,Siskiyou,093,43540,1935,1850,355,2205,19
2021-05-28,Solano,095,438530,32921,32892,552,33444,256
2021-05-28,Sonoma,097,501317,30154,30270,333,30603,321
2021-05-28,Stanislaus,099,539301,56467,56278,5880,62158,974
2021-05-28,Sutter,101,95872,9471,9511,84,9595,111
2021-05-28,Tehama,103,63373,5092,5064,570,5634,63
2021-05-28,Trinity,105,12862,483,328,91,419,3
2021-05-28,Tulare,107,460477,50251,49375,8889,58264,846
2021-05-28,Tuolumne,109,53932,4037,4090,43,4133,63
2021-05-28,Ventura,111,848112,81418,80985,2952,83937,1021
2021-05-28,Yolo,113,214977,14036,14050,238,14288,210
2021-05-28,Yuba,115,75493,6075,6050,121,6171,48
2021-05-27,Alameda,001,1643700,88197,88342,1912,90254,1274
2021-05-27,Alpine,003,1148,87,88,0,88,0
2021-05-27,Amador,005,37829,3675,3680,32,3712,46
2021-05-27,Butte,007,227075,12559,12401,1839,14240,190
2021-05-27,Calaveras,009,45235,2168,2163,13,2176,55
2021-05-27,Colusa,011,21464,1946,1952,310,2262,15
2021-05-27,Contra Costa,013,1133247,69699,69245,1262,70507,813
2021-05-27,Del Norte,015,27424,1418,1388,13,1401,8
2021-05-27,El Dorado,017,186661,10328,10248,743,10991,112
2021-05-27,Fresno,019,978130,102782,102413,8614,111027,1704
2021-05-27,Glenn,021,27897,2436,2415,555,2970,18
2021-05-27,Humboldt,023,135768,4277,4260,38,4298,42
2021-05-27,Imperial,025,180216,28614,28728,2685,31413,736
2021-05-27,Inyo,027,18085,1404,1404,12,1416,35
2021-05-27,Kern,029,883053,97370,96364,10822,107186,1322
2021-05-27,Kings,031,150075,23158,22953,1074,24027,245
2021-05-27,Lake,033,64148,3530,3509,9,3518,45
2021-05-27,Lassen,035,31185,5215,5170,112,5282,6
2021-05-27,Los Angeles,037,10098052,1207559,1201927,40575,1242502,24348
2021-05-27,Madera,039,155013,16632,16527,927,17454,240
2021-05-27,Marin,041,260295,14114,14061,252,14313,229
2021-05-27,Mariposa,043,17540,432,427,11,438,5
2021-05-27,Mendocino,045,87422,4010,3945,83,4028,47
2021-05-27,Merced,047,269075,31030,31161,1028,32189,455
2021-05-27,Modoc,049,8938,376,374,129,503,3
2021-05-27,Mono,051,14174,1264,1276,16,1292,3
2021-05-27,Monterey,053,433212,43179,43032,1837,44869,379
2021-05-27,Napa,055,140530,9897,9934,34,9968,82
2021-05-27,Nevada,057,99092,4835,4807,188,4995,71
2021-05-27,Orange,059,3164182,255454,254438,11240,265678,5059
2021-05-27,Placer,061,380077,23335,22966,1491,24457,293
2021-05-27,Plumas,063,18699,706,687,11,698,4
2021-05-27,Riverside,065,2383286,294238,288835,13859,302694,4443
2021-05-27,Sacramento,067,1510023,106363,106015,1742,107757,1642
2021-05-27,San Benito,069,59416,6055,6074,112,6186,63
2021-05-27,San Bernardino,071,2135413,293369,292755,8921,301676,4756
2021-05-27,San Diego,073,3302833,280962,279960,14970,294930,3756
2021-05-27,San Francisco,075,870044,36759,36980,1268,38248,546
2021-05-27,San Joaquin,077,732212,73229,72714,3494,76208,1388
2021-05-27,San Luis Obispo,079,281455,21400,21171,734,21905,256
2021-05-27,San Mateo,081,765935,42344,42345,467,42812,436
2021-05-27,Santa Barbara,083,443738,34455,34355,1114,35469,456
2021-05-27,Santa Clara,085,1922200,118664,119452,744,120196,2053
2021-05-27,Santa Cruz,087,273765,16246,16134,797,16931,207
2021-05-27,Shasta,089,179085,12336,12380,1570,13950,202
2021-05-27,Sierra,091,2930,57,54,12,66,0
2021-05-27,Siskiyou,093,43540,1932,1846,355,2201,18
2021-05-27,Solano,095,438530,32880,32855,551,33406,257
2021-05-27,Sonoma,097,501317,30127,30253,329,30582,321
2021-05-27,Stanislaus,099,539301,56442,56207,5879,62086,974
2021-05-27,Sutter,101,95872,9467,9501,84,9585,111
2021-05-27,Tehama,103,63373,5089,5064,569,5633,63
2021-05-27,Trinity,105,12862,483,328,91,419,3
2021-05-27,Tulare,107,460477,50237,49366,8880,58246,840
2021-05-27,Tuolumne,109,53932,4036,4090,43,4133,66
2021-05-27,Ventura,111,848112,81405,80965,2949,83914,1023
2021-05-27,Yolo,113,214977,14033,14036,238,14274,213
2021-05-27,Yuba,115,75493,6070,6040,120,6160,48
2021-05-26,Alameda,001,1643700,88168,88297,1912,90209,1266
2021-05-26,Alpine,003,1148,87,88,0,88,0
2021-05-26,Amador,005,37829,3675,3679,32,3711,46
2021-05-26,Butte,007,227075,12550,12332,1838,14170,190
2021-05-26,Calaveras,009,45235,2167,2154,13,2167,55
2021-05-26,Colusa,011,21464,1945,1952,310,2262,15
2021-05-26,Contra Costa,013,1133247,69662,69210,1262,70472,812
2021-05-26,Del Norte,015,27424,1418,1386,12,1398,8
2021-05-26,El Dorado,017,186661,10324,10242,742,10984,112
2021-05-26,Fresno,019,978130,102749,102374,8609,110983,1702
2021-05-26,Glenn,021,27897,2435,2415,555,2970,18
2021-05-26,Humboldt,023,135768,4272,4246,38,4284,42
2021-05-26,Imperial,025,180216,28609,28712,2683,31395,734
2021-05-26,Inyo,027,18085,1404,1403,12,1415,36
2021-05-26,Kern,029,883053,97345,96343,10815,107158,1320
2021-05-26,Kings,031,150075,23154,22950,1073,24023,245
2021-05-26,Lake,033,64148,3529,3508,9,3517,45
2021-05-26,Lassen,035,31185,5214,5164,112,5276,6
2021-05-26,Los Angeles,037,10098052,1207391,1198100,40559,1238659,24221
2021-05-26,Madera,039,155013,16629,16520,927,17447,240
2021-05-26,Marin,041,260295,14111,14061,251,14312,227
2021-05-26,Mariposa,043,17540,432,427,11,438,5
2021-05-26,Mendocino,045,87422,4004,3938,83,4021,47
2021-05-26,Merced,047,269075,31021,31139,1028,32167,455
2021-05-26,Modoc,049,8938,376,371,128,499,3
2021-05-26,Mono,051,14174,1264,1274,16,1290,3
2021-05-26,Monterey,053,433212,43173,43018,1836,44854,379
2021-05-26,Napa,055,140530,9890,9932,32,9964,82
2021-05-26,Nevada,057,99092,4830,4803,188,4991,70
2021-05-26,Orange,059,3164182,255418,254368,11237,265605,5058
2021-05-26,Placer,061,380077,23311,22940,1491,24431,293
2021-05-26,Plumas,063,18699,705,685,11,696,4
2021-05-26,Riverside,065,2383286,294192,288782,13852,302634,4443
2021-05-26,Sacramento,067,1510023,106277,105919,1738,107657,1637
2021-05-26,San Benito,069,59416,6055,6074,112,6186,63
2021-05-26,San Bernardino,071,2135413,293334,292662,8920,301582,4755
2021-05-26,San Diego,073,3302833,280887,279859,14960,294819,3755
2021-05-26,San Francisco,075,870044,36747,36954,1268,38222,546
2021-05-26,San Joaquin,077,732212,73187,72681,3491,76172,1388
2021-05-26,San Luis Obispo,079,281455,21394,21163,734,21897,256
2021-05-26,San Mateo,081,765935,42335,42331,467,42798,436
2021-05-26,Santa Barbara,083,443738,34446,34348,1114,35462,459
2021-05-26,Santa Clara,085,1922200,118637,119421,743,120164,2031
2021-05-26,Santa Cruz,087,273765,16245,16139,797,16936,207
2021-05-26,Shasta,089,179085,12321,12357,1567,13924,202
2021-05-26,Sierra,091,2930,57,54,12,66,0
2021-05-26,Siskiyou,093,43540,1930,1847,353,2200,18
2021-05-26,Solano,095,438530,32844,32831,551,33382,257
2021-05-26,Sonoma,097,501317,30100,30230,329,30559,321
2021-05-26,Stanislaus,099,539301,56420,56193,5877,62070,974
2021-05-26,Sutter,101,95872,9462,9495,84,9579,112
2021-05-26,Tehama,103,63373,5088,5054,566,5620,63
2021-05-26,Trinity,105,12862,483,328,91,419,3
2021-05-26,Tulare,107,460477,50230,49352,8876,58228,839
2021-05-26,Tuolumne,109,53932,4032,4088,42,4130,66
2021-05-26,Ventura,111,848112,81382,80944,2947,83891,1023
2021-05-26,Yolo,113,214977,14030,14025,238,14263,213
2021-05-26,Yuba,115,75493,6065,6036,120,6156,49
2021-05-25,Alameda,001,1643700,88138,88237,1912,90149,1263
2021-05-25,Alpine,003,1148,87,88,0,88,0
2021-05-25,Amador,005,37829,3670,3676,32,3708,46
2021-05-25,Butte,007,227075,12539,12295,1837,14132,189
2021-05-25,Calaveras,009,45235,2165,2148,13,2161,55
2021-05-25,Colusa,011,21464,1944,1949,310,2259,15
2021-05-25,Contra Costa,013,1133247,69610,69167,1257,70424,809
2021-05-25,Del Norte,015,27424,1418,1385,12,1397,8
2021-05-25,El Dorado,017,186661,10317,10240,741,10981,112
2021-05-25,Fresno,019,978130,102728,102329,8607,110936,1701
2021-05-25,Glenn,021,27897,2434,2414,554,2968,17
2021-05-25,Humboldt,023,135768,4265,4231,36,4267,42
2021-05-25,Imperial,025,180216,28602,28586,2683,31269,735
2021-05-25,Inyo,027,18085,1404,1402,12,1414,36
2021-05-25,Kern,029,883053,97314,96319,10801,107120,1319
2021-05-25,Kings,031,150075,23147,22944,1073,24017,245
2021-05-25,Lake,033,64148,3528,3508,9,3517,44
2021-05-25,Lassen,035,31185,5210,5164,112,5276,6
2021-05-25,Los Angeles,037,10098052,1207204,1197940,40541,1238481,24212
2021-05-25,Madera,039,155013,16624,16519,926,17445,240
2021-05-25,Marin,041,260295,14105,14053,251,14304,227
2021-05-25,Mariposa,043,17540,431,427,11,438,5
2021-05-25,Mendocino,045,87422,3999,3928,83,4011,47
2021-05-25,Merced,047,269075,31000,31132,1028,32160,455
2021-05-25,Modoc,049,8938,375,367,128,495,3
2021-05-25,Mono,051,14174,1264,1274,16,1290,3
2021-05-25,Monterey,053,433212,43169,43012,1835,44847,379
2021-05-25,Napa,055,140530,9888,9926,32,9958,82
2021-05-25,Nevada,057,99092,4824,4795,188,4983,70
2021-05-25,Orange,059,3164182,255389,254321,11236,265557,5057
2021-05-25,Placer,061,380077,23300,22920,1489,24409,292
2021-05-25,Plumas,063,18699,705,684,11,695,4
2021-05-25,Riverside,065,2383286,294153,288725,13849,302574,4443
2021-05-25,Sacramento,067,1510023,106196,105828,1735,107563,1633
2021-05-25,San Benito,069,59416,6055,6073,112,6185,63
2021-05-25,San Bernardino,071,2135413,293274,292485,8918,301403,4755
2021-05-25,San Diego,073,3302833,280805,279786,14955,294741,3753
2021-05-25,San Francisco,075,870044,36724,36939,1268,38207,546
2021-05-25,San Joaquin,077,732212,73145,72628,3488,76116,1387
2021-05-25,San Luis Obispo,079,281455,21391,21153,734,21887,256
2021-05-25,San Mateo,081,765935,42325,42268,467,42735,435
2021-05-25,Santa Barbara,083,443738,34443,34337,1114,35451,459
2021-05-25,Santa Clara,085,1922200,118613,119393,742,120135,2032
2021-05-25,Santa Cruz,087,273765,16240,16141,797,16938,207
2021-05-25,Shasta,089,179085,12312,12328,1565,13893,202
2021-05-25,Sierra,091,2930,56,54,12,66,0
2021-05-25,Siskiyou,093,43540,1929,1845,352,2197,18
2021-05-25,Solano,095,438530,32825,32817,550,33367,256
2021-05-25,Sonoma,097,501317,30071,30207,328,30535,321
2021-05-25,Stanislaus,099,539301,56384,56168,5874,62042,974
2021-05-25,Sutter,101,95872,9458,9495,84,9579,112
2021-05-25,Tehama,103,63373,5086,5048,565,5613,63
2021-05-25,Trinity,105,12862,483,328,90,418,3
2021-05-25,Tulare,107,460477,50220,49326,8868,58194,838
2021-05-25,Tuolumne,109,53932,4032,4084,42,4126,66
2021-05-25,Ventura,111,848112,81364,80905,2947,83852,1022
2021-05-25,Yolo,113,214977,14022,14018,236,14254,213
2021-05-25,Yuba,115,75493,6058,6028,120,6148,49
2021-05-24,Alameda,001,1643700,88098,88182,1910,90092,1263
2021-05-24,Alpine,003,1148,87,88,0,88,0
2021-05-24,Amador,005,37829,3668,3675,32,3707,46
2021-05-24,Butte,007,227075,12526,12279,1834,14113,189
2021-05-24,Calaveras,009,45235,2163,2146,13,2159,54
2021-05-24,Colusa,011,21464,1944,1949,310,2259,15
2021-05-24,Contra Costa,013,1133247,69569,69107,1253,70360,809
2021-05-24,Del Norte,015,27424,1417,1384,12,1396,8
2021-05-24,El Dorado,017,186661,10307,10227,740,10967,112
2021-05-24,Fresno,019,978130,102686,102289,8606,110895,1698
2021-05-24,Glenn,021,27897,2434,2413,554,2967,17
2021-05-24,Humboldt,023,135768,4258,4225,36,4261,42
2021-05-24,Imperial,025,180216,28600,28575,2683,31258,735
2021-05-24,Inyo,027,18085,1404,1402,12,1414,36
2021-05-24,Kern,029,883053,97287,96296,10796,107092,1319
2021-05-24,Kings,031,150075,23143,22940,1073,24013,246
2021-05-24,Lake,033,64148,3526,3506,9,3515,43
2021-05-24,Lassen,035,31185,5206,5163,112,5275,6
2021-05-24,Los Angeles,037,10098052,1207032,1197782,40527,1238309,24201
2021-05-24,Madera,039,155013,16620,16513,925,17438,239
2021-05-24,Marin,041,260295,14103,14051,251,14302,227
2021-05-24,Mariposa,043,17540,430,427,11,438,5
2021-05-24,Mendocino,045,87422,3997,3919,83,4002,47
2021-05-24,Merced,047,269075,30990,31128,1027,32155,455
2021-05-24,Modoc,049,8938,375,366,127,493,3
2021-05-24,Mono,051,14174,1264,1270,16,1286,3
2021-05-24,Monterey,053,433212,43164,43005,1834,44839,379
2021-05-24,Napa,055,140530,9888,9924,32,9956,82
2021-05-24,Nevada,057,99092,4821,4790,188,4978,70
2021-05-24,Orange,059,3164182,255355,254287,11226,265513,5056
2021-05-24,Placer,061,380077,23281,22895,1488,24383,292
2021-05-24,Plumas,063,18699,704,683,11,694,4
2021-05-24,Riverside,065,2383286,294096,288669,13839,302508,4442
2021-05-24,Sacramento,067,1510023,106081,105716,1734,107450,1632
2021-05-24,San Benito,069,59416,6055,6072,112,6184,63
2021-05-24,San Bernardino,071,2135413,293234,292343,8917,301260,4747
2021-05-24,San Diego,073,3302833,280697,279715,14945,294660,3749
2021-05-24,San Francisco,075,870044,36704,36934,1265,38199,547
2021-05-24,San Joaquin,077,732212,73113,72586,3488,76074,1371
2021-05-24,San Luis Obispo,079,281455,21373,21146,733,21879,256
2021-05-24,San Mateo,081,765935,42315,42249,467,42716,433
2021-05-24,Santa Barbara,083,443738,34438,34322,1114,35436,459
2021-05-24,Santa Clara,085,1922200,118581,119358,742,120100,2030
2021-05-24,Santa Cruz,087,273765,16234,16135,797,16932,207
2021-05-24,Shasta,089,179085,12295,12315,1562,13877,201
2021-05-24,Sierra,091,2930,56,54,12,66,0
2021-05-24,Siskiyou,093,43540,1926,1840,352,2192,17
2021-05-24,Solano,095,438530,32800,32792,549,33341,254
2021-05-24,Sonoma,097,501317,30056,30187,328,30515,321
2021-05-24,Stanislaus,099,539301,56350,56128,5870,61998,974
2021-05-24,Sutter,101,95872,9452,9486,84,9570,113
2021-05-24,Tehama,103,63373,5083,5043,563,5606,63
2021-05-24,Trinity,105,12862,483,328,90,418,3
2021-05-24,Tulare,107,460477,50213,49318,8864,58182,838
2021-05-24,Tuolumne,109,53932,4032,4083,42,4125,65
2021-05-24,Ventura,111,848112,81351,80876,2945,83821,1022
2021-05-24,Yolo,113,214977,14005,14012,234,14246,213
2021-05-24,Yuba,115,75493,6049,6022,120,6142,49
2021-05-23,Alameda,001,1643700,88035,88157,1908,90065,1263
2021-05-23,Alpine,003,1148,87,88,0,88,0
2021-05-23,Amador,005,37829,3667,3673,32,3705,46
2021-05-23,Butte,007,227075,12512,12271,1833,14104,189
2021-05-23,Calaveras,009,45235,2155,2144,13,2157,54
2021-05-23,Colusa,011,21464,1944,1949,308,2257,15
2021-05-23,Contra Costa,013,1133247,69525,69075,1251,70326,809
2021-05-23,Del Norte,015,27424,1413,1383,12,1395,8
2021-05-23,El Dorado,017,186661,10301,10222,740,10962,112
2021-05-23,Fresno,019,978130,102641,102270,8601,110871,1698
2021-05-23,Glenn,021,27897,2432,2413,554,2967,17
2021-05-23,Humboldt,023,135768,4240,4216,36,4252,42
2021-05-23,Imperial,025,180216,28594,28569,2682,31251,735
2021-05-23,Inyo,027,18085,1404,1402,12,1414,36
2021-05-23,Kern,029,883053,97263,96282,10788,107070,1319
2021-05-23,Kings,031,150075,23130,22939,1071,24010,246
2021-05-23,Lake,033,64148,3523,3504,9,3513,43
2021-05-23,Lassen,035,31185,5202,5163,111,5274,6
2021-05-23,Los Angeles,037,10098052,1206843,1197633,40516,1238149,24197
2021-05-23,Madera,039,155013,16614,16504,925,17429,239
2021-05-23,Marin,041,260295,14094,14048,250,14298,227
2021-05-23,Mariposa,043,17540,430,427,11,438,5
2021-05-23,Mendocino,045,87422,3991,3913,82,3995,47
2021-05-23,Merced,047,269075,30981,31118,1027,32145,455
2021-05-23,Modoc,049,8938,371,366,127,493,3
2021-05-23,Mono,051,14174,1263,1270,16,1286,3
2021-05-23,Monterey,053,433212,43154,43003,1834,44837,379
2021-05-23,Napa,055,140530,9884,9923,32,9955,82
2021-05-23,Nevada,057,99092,4811,4790,188,4978,70
2021-05-23,Orange,059,3164182,255317,254277,11220,265497,5050
2021-05-23,Placer,061,380077,23261,22888,1488,24376,292
2021-05-23,Plumas,063,18699,703,683,11,694,4
2021-05-23,Riverside,065,2383286,294028,288641,13835,302476,4442
2021-05-23,Sacramento,067,1510023,105965,105663,1731,107394,1632
2021-05-23,San Benito,069,59416,6054,6072,112,6184,63
2021-05-23,San Bernardino,071,2135413,293183,292327,8916,301243,4747
2021-05-23,San Diego,073,3302833,280607,279690,14934,294624,3751
2021-05-23,San Francisco,075,870044,36693,36927,1264,38191,547
2021-05-23,San Joaquin,077,732212,73064,72571,3486,76057,1371
2021-05-23,San Luis Obispo,079,281455,21363,21141,732,21873,256
2021-05-23,San Mateo,081,765935,42298,42248,467,42715,433
2021-05-23,Santa Barbara,083,443738,34431,34319,1114,35433,459
2021-05-23,Santa Clara,085,1922200,118557,119333,742,120075,2030
2021-05-23,Santa Cruz,087,273765,16231,16130,797,16927,207
2021-05-23,Shasta,089,179085,12278,12313,1558,13871,201
2021-05-23,Sierra,091,2930,56,54,12,66,0
2021-05-23,Siskiyou,093,43540,1921,1826,345,2171,17
2021-05-23,Solano,095,438530,32782,32780,548,33328,254
2021-05-23,Sonoma,097,501317,30027,30168,327,30495,321
2021-05-23,Stanislaus,099,539301,56302,56104,5867,61971,974
2021-05-23,Sutter,101,95872,9443,9479,84,9563,113
2021-05-23,Tehama,103,63373,5076,5041,561,5602,63
2021-05-23,Trinity,105,12862,483,328,90,418,3
2021-05-23,Tulare,107,460477,50199,49310,8860,58170,838
2021-05-23,Tuolumne,109,53932,4029,4081,42,4123,65
2021-05-23,Ventura,111,848112,81321,80872,2944,83816,1022
2021-05-23,Yolo,113,214977,13993,14004,231,14235,213
2021-05-23,Yuba,115,75493,6044,6017,120,6137,49
2021-05-22,Alameda,001,1643700,88008,88101,1908,90009,1263
2021-05-22,Alpine,003,1148,87,88,0,88,0
2021-05-22,Amador,005,37829,3666,3672,32,3704,46
2021-05-22,Butte,007,227075,12500,12265,1832,14097,189
2021-05-22,Calaveras,009,45235,2151,2141,13,2154,54
2021-05-22,Colusa,011,21464,1940,1949,307,2256,15
2021-05-22,Contra Costa,013,1133247,69492,69004,1250,70254,809
2021-05-22,Del Norte,015,27424,1412,1381,12,1393,8
2021-05-22,El Dorado,017,186661,10296,10215,739,10954,112
2021-05-22,Fresno,019,978130,102627,102238,8599,110837,1698
2021-05-22,Glenn,021,27897,2432,2412,554,2966,17
2021-05-22,Humboldt,023,135768,4231,4194,35,4229,42
2021-05-22,Imperial,025,180216,28585,28574,2682,31256,735
2021-05-22,Inyo,027,18085,1404,1402,12,1414,36
2021-05-22,Kern,029,883053,97251,96260,10781,107041,1319
2021-05-22,Kings,031,150075,23130,22936,1071,24007,246
2021-05-22,Lake,033,64148,3520,3502,9,3511,43
2021-05-22,Lassen,035,31185,5202,5163,111,5274,6
2021-05-22,Los Angeles,037,10098052,1206734,1197454,40508,1237962,24192
2021-05-22,Madera,039,155013,16611,16503,925,17428,239
2021-05-22,Marin,041,260295,14091,14043,250,14293,227
2021-05-22,Mariposa,043,17540,430,427,11,438,5
2021-05-22,Mendocino,045,87422,3985,3908,82,3990,47
2021-05-22,Merced,047,269075,30971,31099,1027,32126,455
2021-05-22,Modoc,049,8938,371,366,127,493,3
2021-05-22,Mono,051,14174,1261,1270,16,1286,3
2021-05-22,Monterey,053,433212,43148,42998,1834,44832,379
2021-05-22,Napa,055,140530,9883,9918,32,9950,82
2021-05-22,Nevada,057,99092,4804,4787,187,4974,70
2021-05-22,Orange,059,3164182,255296,254238,11215,265453,5048
2021-05-22,Placer,061,380077,23247,22865,1487,24352,292
2021-05-22,Plumas,063,18699,702,683,11,694,4
2021-05-22,Riverside,065,2383286,293996,288580,13834,302414,4442
2021-05-22,Sacramento,067,1510023,105890,105551,1728,107279,1632
2021-05-22,San Benito,069,59416,6054,6071,112,6183,63
2021-05-22,San Bernardino,071,2135413,293158,292292,8916,301208,4747
2021-05-22,San Diego,073,3302833,280548,279614,14926,294540,3751
2021-05-22,San Francisco,075,870044,36683,36906,1262,38168,547
2021-05-22,San Joaquin,077,732212,73042,72528,3483,76011,1371
2021-05-22,San Luis Obispo,079,281455,21355,21134,731,21865,256
2021-05-22,San Mateo,081,765935,42288,42218,467,42685,433
2021-05-22,Santa Barbara,083,443738,34427,34313,1113,35426,459
2021-05-22,Santa Clara,085,1922200,118534,119292,742,120034,2030
2021-05-22,Santa Cruz,087,273765,16231,16125,797,16922,207
2021-05-22,Shasta,089,179085,12271,12307,1555,13862,201
2021-05-22,Sierra,091,2930,56,54,12,66,0
2021-05-22,Siskiyou,093,43540,1920,1824,344,2168,17
2021-05-22,Solano,095,438530,32769,32753,548,33301,254
2021-05-22,Sonoma,097,501317,30015,30154,327,30481,321
2021-05-22,Stanislaus,099,539301,56278,56069,5866,61935,974
2021-05-22,Sutter,101,95872,9438,9476,84,9560,113
2021-05-22,Tehama,103,63373,5075,5036,561,5597,63
2021-05-22,Trinity,105,12862,483,328,90,418,3
2021-05-22,Tulare,107,460477,50194,49299,8855,58154,838
2021-05-22,Tuolumne,109,53932,4029,4078,42,4120,65
2021-05-22,Ventura,111,848112,81317,80859,2944,83803,1022
2021-05-22,Yolo,113,214977,13991,13997,231,14228,213
2021-05-22,Yuba,115,75493,6041,6010,120,6130,49
2021-05-21,Alameda,001,1643700,87982,88041,1907,89948,1263
2021-05-21,Alpine,003,1148,87,88,0,88,0
2021-05-21,Amador,005,37829,3663,3672,32,3704,46
2021-05-21,Butte,007,227075,12494,12236,1830,14066,188
2021-05-21,Calaveras,009,45235,2149,2138,13,2151,54
2021-05-21,Colusa,011,21464,1940,1947,307,2254,15
2021-05-21,Contra Costa,013,1133247,69449,68965,1249,70214,810
2021-05-21,Del Norte,015,27424,1411,1376,12,1388,8
2021-05-21,El Dorado,017,186661,10292,10204,739,10943,112
2021-05-21,Fresno,019,978130,102599,102189,8597,110786,1698
2021-05-21,Glenn,021,27897,2431,2408,554,2962,17
2021-05-21,Humboldt,023,135768,4224,4175,35,4210,42
2021-05-21,Imperial,025,180216,28578,28572,2681,31253,732
2021-05-21,Inyo,027,18085,1404,1402,12,1414,36
2021-05-21,Kern,029,883053,97237,96233,10774,107007,1318
2021-05-21,Kings,031,150075,23130,22927,1071,23998,246
2021-05-21,Lake,033,64148,3518,3500,9,3509,43
2021-05-21,Lassen,035,31185,5201,5161,111,5272,6
2021-05-21,Los Angeles,037,10098052,1206616,1197263,40500,1237763,24180
2021-05-21,Madera,039,155013,16610,16500,924,17424,238
2021-05-21,Marin,041,260295,14086,14042,250,14292,227
2021-05-21,Mariposa,043,17540,429,427,11,438,5
2021-05-21,Mendocino,045,87422,3980,3897,82,3979,47
2021-05-21,Merced,047,269075,30963,31076,1027,32103,455
2021-05-21,Modoc,049,8938,371,365,127,492,3
2021-05-21,Mono,051,14174,1261,1269,16,1285,3
2021-05-21,Monterey,053,433212,43146,42995,1834,44829,379
2021-05-21,Napa,055,140530,9879,9913,32,9945,82
2021-05-21,Nevada,057,99092,4803,4779,187,4966,70
2021-05-21,Orange,059,3164182,255276,254171,11213,265384,5042
2021-05-21,Placer,061,380077,23238,22853,1487,24340,292
2021-05-21,Plumas,063,18699,702,683,10,693,4
2021-05-21,Riverside,065,2383286,293969,288499,13827,302326,4442
2021-05-21,Sacramento,067,1510023,105822,105476,1725,107201,1632
2021-05-21,San Benito,069,59416,6054,6068,112,6180,63
2021-05-21,San Bernardino,071,2135413,293126,292205,8914,301119,4744
2021-05-21,San Diego,073,3302833,280475,279554,14916,294470,3748
2021-05-21,San Francisco,075,870044,36678,36879,1262,38141,546
2021-05-21,San Joaquin,077,732212,73022,72467,3481,75948,1371
2021-05-21,San Luis Obispo,079,281455,21349,21128,728,21856,256
2021-05-21,San Mateo,081,765935,42275,42163,466,42629,432
2021-05-21,Santa Barbara,083,443738,34422,34302,1113,35415,459
2021-05-21,Santa Clara,085,1922200,118507,119247,742,119989,2029
2021-05-21,Santa Cruz,087,273765,16227,16120,797,16917,207
2021-05-21,Shasta,089,179085,12254,12289,1553,13842,201
2021-05-21,Sierra,091,2930,56,54,12,66,0
2021-05-21,Siskiyou,093,43540,1919,1815,344,2159,16
2021-05-21,Solano,095,438530,32754,32742,548,33290,254
2021-05-21,Sonoma,097,501317,30002,30126,327,30453,321
2021-05-21,Stanislaus,099,539301,56248,56036,5864,61900,975
2021-05-21,Sutter,101,95872,9436,9470,84,9554,113
2021-05-21,Tehama,103,63373,5069,5030,561,5591,63
2021-05-21,Trinity,105,12862,483,329,89,418,3
2021-05-21,Tulare,107,460477,50189,49271,8853,58124,838
2021-05-21,Tuolumne,109,53932,4027,4079,42,4121,65
2021-05-21,Ventura,111,848112,81309,80821,2941,83762,1021
2021-05-21,Yolo,113,214977,13985,13983,231,14214,213
2021-05-21,Yuba,115,75493,6035,6006,120,6126,49
2021-05-20,Alameda,001,1643700,87939,87975,1905,89880,1264
2021-05-20,Alpine,003,1148,87,88,0,88,0
2021-05-20,Amador,005,37829,3662,3671,32,3703,46
2021-05-20,Butte,007,227075,12487,12220,1827,14047,188
2021-05-20,Calaveras,009,45235,2145,2138,13,2151,54
2021-05-20,Colusa,011,21464,1939,1946,305,2251,15
2021-05-20,Contra Costa,013,1133247,69404,68913,1247,70160,809
2021-05-20,Del Norte,015,27424,1411,1373,12,1385,8
2021-05-20,El Dorado,017,186661,10282,10188,739,10927,112
2021-05-20,Fresno,019,978130,102577,102135,8595,110730,1696
2021-05-20,Glenn,021,27897,2428,2406,554,2960,17
2021-05-20,Humboldt,023,135768,4207,4162,34,4196,42
2021-05-20,Imperial,025,180216,28573,28551,2681,31232,732
2021-05-20,Inyo,027,18085,1404,1402,12,1414,36
2021-05-20,Kern,029,883053,97216,96204,10767,106971,1317
2021-05-20,Kings,031,150075,23128,22922,1071,23993,246
2021-05-20,Lake,033,64148,3515,3500,9,3509,43
2021-05-20,Lassen,035,31185,5199,5160,110,5270,6
2021-05-20,Los Angeles,037,10098052,1206460,1197073,40490,1237563,24168
2021-05-20,Madera,039,155013,16604,16499,922,17421,238
2021-05-20,Marin,041,260295,14082,14036,249,14285,227
2021-05-20,Mariposa,043,17540,429,426,11,437,5
2021-05-20,Mendocino,045,87422,3973,3897,82,3979,47
2021-05-20,Merced,047,269075,30950,31046,1026,32072,454
2021-05-20,Modoc,049,8938,371,365,127,492,3
2021-05-20,Mono,051,14174,1260,1269,16,1285,3
2021-05-20,Monterey,053,433212,43140,42984,1833,44817,379
2021-05-20,Napa,055,140530,9876,9913,32,9945,82
2021-05-20,Nevada,057,99092,4802,4775,187,4962,70
2021-05-20,Orange,059,3164182,255233,254127,11210,265337,5038
2021-05-20,Placer,061,380077,23225,22823,1486,24309,292
2021-05-20,Plumas,063,18699,700,682,10,692,4
2021-05-20,Riverside,065,2383286,293921,288453,13822,302275,4442
2021-05-20,Sacramento,067,1510023,105726,105414,1722,107136,1629
2021-05-20,San Benito,069,59416,6053,6067,112,6179,63
2021-05-20,San Bernardino,071,2135413,293080,292153,8913,301066,4728
2021-05-20,San Diego,073,3302833,280387,279490,14904,294394,3749
2021-05-20,San Francisco,075,870044,36669,36860,1262,38122,546
2021-05-20,San Joaquin,077,732212,72984,72388,3479,75867,1371
2021-05-20,San Luis Obispo,079,281455,21337,21095,726,21821,256
2021-05-20,San Mateo,081,765935,42261,42152,464,42616,432
2021-05-20,Santa Barbara,083,443738,34418,34293,1113,35406,459
2021-05-20,Santa Clara,085,1922200,118486,119222,742,119964,2029
2021-05-20,Santa Cruz,087,273765,16222,16119,797,16916,207
2021-05-20,Shasta,089,179085,12241,12266,1550,13816,200
2021-05-20,Sierra,091,2930,56,54,12,66,0
2021-05-20,Siskiyou,093,43540,1912,1811,343,2154,16
2021-05-20,Solano,095,438530,32739,32725,548,33273,253
2021-05-20,Sonoma,097,501317,29985,30107,326,30433,321
2021-05-20,Stanislaus,099,539301,56219,55979,5862,61841,970
2021-05-20,Sutter,101,95872,9432,9467,84,9551,113
2021-05-20,Tehama,103,63373,5067,5029,561,5590,63
2021-05-20,Trinity,105,12862,483,329,88,417,3
2021-05-20,Tulare,107,460477,50178,49217,8850,58067,837
2021-05-20,Tuolumne,109,53932,4026,4077,42,4119,65
2021-05-20,Ventura,111,848112,81298,80800,2941,83741,1019
2021-05-20,Yolo,113,214977,13980,13973,231,14204,211
2021-05-20,Yuba,115,75493,6026,6002,120,6122,49
2021-05-19,Alameda,001,1643700,87900,87889,1904,89793,1260
2021-05-19,Alpine,003,1148,87,88,0,88,0
2021-05-19,Amador,005,37829,3662,3669,32,3701,46
2021-05-19,Butte,007,227075,12476,12198,1827,14025,188
2021-05-19,Calaveras,009,45235,2141,2132,13,2145,54
2021-05-19,Colusa,011,21464,1939,1945,303,2248,15
2021-05-19,Contra Costa,013,1133247,69357,68836,1247,70083,808
2021-05-19,Del Norte,015,27424,1409,1371,12,1383,8
2021-05-19,El Dorado,017,186661,10277,10179,738,10917,112
2021-05-19,Fresno,019,978130,102546,102085,8592,110677,1693
2021-05-19,Glenn,021,27897,2428,2404,554,2958,17
2021-05-19,Humboldt,023,135768,4197,4143,34,4177,42
2021-05-19,Imperial,025,180216,28564,28550,2681,31231,732
2021-05-19,Inyo,027,18085,1404,1402,12,1414,36
2021-05-19,Kern,029,883053,97187,96173,10760,106933,1316
2021-05-19,Kings,031,150075,23122,22919,1071,23990,246
2021-05-19,Lake,033,64148,3515,3497,9,3506,43
2021-05-19,Lassen,035,31185,5198,5157,110,5267,6
2021-05-19,Los Angeles,037,10098052,1206263,1196856,40476,1237332,24143
2021-05-19,Madera,039,155013,16601,16496,922,17418,238
2021-05-19,Marin,041,260295,14078,14033,247,14280,227
2021-05-19,Mariposa,043,17540,429,425,11,436,5
2021-05-19,Mendocino,045,87422,3969,3886,82,3968,47
2021-05-19,Merced,047,269075,30934,31044,1026,32070,452
2021-05-19,Modoc,049,8938,371,364,124,488,3
2021-05-19,Mono,051,14174,1260,1266,16,1282,3
2021-05-19,Monterey,053,433212,43135,42973,1832,44805,379
2021-05-19,Napa,055,140530,9873,9906,32,9938,82
2021-05-19,Nevada,057,99092,4800,4769,187,4956,70
2021-05-19,Orange,059,3164182,255196,254087,11200,265287,5035
2021-05-19,Placer,061,380077,23206,22784,1481,24265,291
2021-05-19,Plumas,063,18699,700,682,10,692,4
2021-05-19,Riverside,065,2383286,293875,288398,13820,302218,4442
2021-05-19,Sacramento,067,1510023,105647,105225,1721,106946,1629
2021-05-19,San Benito,069,59416,6052,6064,112,6176,63
2021-05-19,San Bernardino,071,2135413,293036,292078,8910,300988,4725
2021-05-19,San Diego,073,3302833,280302,279345,14883,294228,3746
2021-05-19,San Francisco,075,870044,36656,36835,1261,38096,546
2021-05-19,San Joaquin,077,732212,72941,72338,3474,75812,1369
2021-05-19,San Luis Obispo,079,281455,21329,21085,725,21810,256
2021-05-19,San Mateo,081,765935,42254,42126,464,42590,429
2021-05-19,Santa Barbara,083,443738,34410,34292,1113,35405,459
2021-05-19,Santa Clara,085,1922200,118446,119176,741,119917,2015
2021-05-19,Santa Cruz,087,273765,16218,16121,796,16917,207
2021-05-19,Shasta,089,179085,12223,12233,1547,13780,200
2021-05-19,Sierra,091,2930,56,54,12,66,0
2021-05-19,Siskiyou,093,43540,1909,1803,342,2145,16
2021-05-19,Solano,095,438530,32712,32678,546,33224,253
2021-05-19,Sonoma,097,501317,29970,30080,326,30406,321
2021-05-19,Stanislaus,099,539301,56199,55912,5857,61769,967
2021-05-19,Sutter,101,95872,9425,9459,83,9542,113
2021-05-19,Tehama,103,63373,5058,5026,557,5583,63
2021-05-19,Trinity,105,12862,483,329,88,417,3
2021-05-19,Tulare,107,460477,50165,49163,8845,58008,837
2021-05-19,Tuolumne,109,53932,4026,4074,42,4116,64
2021-05-19,Ventura,111,848112,81283,80747,2940,83687,1019
2021-05-19,Yolo,113,214977,13974,13961,230,14191,211
2021-05-19,Yuba,115,75493,6022,5993,120,6113,49
2021-05-18,Alameda,001,1643700,87826,87816,1904,89720,1254
2021-05-18,Alpine,003,1148,87,88,0,88,0
2021-05-18,Amador,005,37829,3662,3669,32,3701,46
2021-05-18,Butte,007,227075,12463,12164,1824,13988,191
2021-05-18,Calaveras,009,45235,2137,2131,13,2144,54
2021-05-18,Colusa,011,21464,1939,1943,303,2246,14
2021-05-18,Contra Costa,013,1133247,69300,68750,1246,69996,808
2021-05-18,Del Norte,015,27424,1406,1371,12,1383,8
2021-05-18,El Dorado,017,186661,10266,10169,737,10906,112
2021-05-18,Fresno,019,978130,102510,102056,8589,110645,1690
2021-05-18,Glenn,021,27897,2422,2403,553,2956,17
2021-05-18,Humboldt,023,135768,4179,4132,34,4166,42
2021-05-18,Imperial,025,180216,28559,28538,2679,31217,730
2021-05-18,Inyo,027,18085,1404,1401,12,1413,36
2021-05-18,Kern,029,883053,97154,96128,10746,106874,1315
2021-05-18,Kings,031,150075,23116,22916,1071,23987,247
2021-05-18,Lake,033,64148,3513,3495,9,3504,43
2021-05-18,Lassen,035,31185,5197,5157,109,5266,6
2021-05-18,Los Angeles,037,10098052,1206083,1196668,40465,1237133,24133
2021-05-18,Madera,039,155013,16591,16491,921,17412,238
2021-05-18,Marin,041,260295,14075,14026,247,14273,227
2021-05-18,Mariposa,043,17540,429,424,11,435,5
2021-05-18,Mendocino,045,87422,3957,3877,81,3958,47
2021-05-18,Merced,047,269075,30915,31036,1026,32062,452
2021-05-18,Modoc,049,8938,370,364,123,487,3
2021-05-18,Mono,051,14174,1259,1265,16,1281,3
2021-05-18,Monterey,053,433212,43129,43001,1832,44833,379
2021-05-18,Napa,055,140530,9873,9905,32,9937,82
2021-05-18,Nevada,057,99092,4793,4762,187,4949,70
2021-05-18,Orange,059,3164182,255156,254041,11190,265231,5031
2021-05-18,Placer,061,380077,23173,22726,1477,24203,291
2021-05-18,Plumas,063,18699,700,682,10,692,4
2021-05-18,Riverside,065,2383286,293820,288354,13813,302167,4438
2021-05-18,Sacramento,067,1510023,105545,105083,1719,106802,1629
2021-05-18,San Benito,069,59416,6051,6065,112,6177,63
2021-05-18,San Bernardino,071,2135413,292978,292014,8905,300919,4722
2021-05-18,San Diego,073,3302833,280194,279254,14874,294128,3742
2021-05-18,San Francisco,075,870044,36636,36818,1261,38079,546
2021-05-18,San Joaquin,077,732212,72894,72282,3470,75752,1368
2021-05-18,San Luis Obispo,079,281455,21319,21080,723,21803,256
2021-05-18,San Mateo,081,765935,42242,42099,463,42562,428
2021-05-18,Santa Barbara,083,443738,34401,34278,1113,35391,459
2021-05-18,Santa Clara,085,1922200,118419,119171,741,119912,2014
2021-05-18,Santa Cruz,087,273765,16210,16137,796,16933,207
2021-05-18,Shasta,089,179085,12205,12197,1541,13738,200
2021-05-18,Sierra,091,2930,56,54,12,66,0
2021-05-18,Siskiyou,093,43540,1908,1799,342,2141,16
2021-05-18,Solano,095,438530,32687,32644,546,33190,253
2021-05-18,Sonoma,097,501317,29950,30054,325,30379,321
2021-05-18,Stanislaus,099,539301,56163,55860,5857,61717,959
2021-05-18,Sutter,101,95872,9417,9453,83,9536,113
2021-05-18,Tehama,103,63373,5052,5020,555,5575,63
2021-05-18,Trinity,105,12862,483,329,87,416,3
2021-05-18,Tulare,107,460477,50157,49142,8840,57982,836
2021-05-18,Tuolumne,109,53932,4024,4073,42,4115,64
2021-05-18,Ventura,111,848112,81267,80726,2938,83664,1017
2021-05-18,Yolo,113,214977,13966,13951,230,14181,211
2021-05-18,Yuba,115,75493,6018,5989,120,6109,49
2021-05-17,Alameda,001,1643700,87773,87766,1901,89667,1253
2021-05-17,Alpine,003,1148,87,88,0,88,0
2021-05-17,Amador,005,37829,3659,3668,32,3700,46
2021-05-17,Butte,007,227075,12455,12144,1824,13968,192
2021-05-17,Calaveras,009,45235,2137,2131,13,2144,53
2021-05-17,Colusa,011,21464,1939,1943,303,2246,14
2021-05-17,Contra Costa,013,1133247,69245,68720,1245,69965,805
2021-05-17,Del Norte,015,27424,1401,1369,12,1381,8
2021-05-17,El Dorado,017,186661,10249,10163,737,10900,112
2021-05-17,Fresno,019,978130,102466,102013,8581,110594,1690
2021-05-17,Glenn,021,27897,2422,2401,553,2954,17
2021-05-17,Humboldt,023,135768,4168,4112,34,4146,42
2021-05-17,Imperial,025,180216,28553,28533,2677,31210,729
2021-05-17,Inyo,027,18085,1404,1401,12,1413,36
2021-05-17,Kern,029,883053,97125,96095,10729,106824,1315
2021-05-17,Kings,031,150075,23113,22918,1071,23989,246
2021-05-17,Lake,033,64148,3508,3489,9,3498,43
2021-05-17,Lassen,035,31185,5194,5156,108,5264,6
2021-05-17,Los Angeles,037,10098052,1205902,1196556,40459,1237015,24123
2021-05-17,Madera,039,155013,16584,16486,921,17407,238
2021-05-17,Marin,041,260295,14069,14021,247,14268,227
2021-05-17,Mariposa,043,17540,428,423,11,434,5
2021-05-17,Mendocino,045,87422,3948,3868,81,3949,46
2021-05-17,Merced,047,269075,30900,31031,1026,32057,450
2021-05-17,Modoc,049,8938,369,362,123,485,3
2021-05-17,Mono,051,14174,1255,1265,16,1281,3
2021-05-17,Monterey,053,433212,43122,42995,1832,44827,379
2021-05-17,Napa,055,140530,9872,9894,32,9926,82
2021-05-17,Nevada,057,99092,4789,4761,186,4947,70
2021-05-17,Orange,059,3164182,255109,253993,11183,265176,5031
2021-05-17,Placer,061,380077,23150,22706,1470,24176,289
2021-05-17,Plumas,063,18699,700,682,10,692,4
2021-05-17,Riverside,065,2383286,293751,288304,13809,302113,4433
2021-05-17,Sacramento,067,1510023,105438,105035,1717,106752,1629
2021-05-17,San Benito,069,59416,6048,6067,112,6179,63
2021-05-17,San Bernardino,071,2135413,292928,291989,8897,300886,4724
2021-05-17,San Diego,073,3302833,280062,279146,14852,293998,3742
2021-05-17,San Francisco,075,870044,36624,36816,1259,38075,546
2021-05-17,San Joaquin,077,732212,72856,72234,3467,75701,1359
2021-05-17,San Luis Obispo,079,281455,21310,21079,721,21800,256
2021-05-17,San Mateo,081,765935,42214,42083,463,42546,428
2021-05-17,Santa Barbara,083,443738,34394,34275,1113,35388,459
2021-05-17,Santa Clara,085,1922200,118382,119116,739,119855,2015
2021-05-17,Santa Cruz,087,273765,16207,16151,796,16947,206
2021-05-17,Shasta,089,179085,12183,12163,1540,13703,200
2021-05-17,Sierra,091,2930,56,54,12,66,0
2021-05-17,Siskiyou,093,43540,1899,1795,339,2134,15
2021-05-17,Solano,095,438530,32669,32627,545,33172,253
2021-05-17,Sonoma,097,501317,29927,30043,324,30367,321
2021-05-17,Stanislaus,099,539301,56115,55839,5850,61689,951
2021-05-17,Sutter,101,95872,9410,9447,83,9530,113
2021-05-17,Tehama,103,63373,5048,5016,554,5570,63
2021-05-17,Trinity,105,12862,483,328,87,415,3
2021-05-17,Tulare,107,460477,50135,49107,8835,57942,836
2021-05-17,Tuolumne,109,53932,4024,4071,42,4113,64
2021-05-17,Ventura,111,848112,81247,80699,2938,83637,1017
2021-05-17,Yolo,113,214977,13959,13941,230,14171,211
2021-05-17,Yuba,115,75493,6010,5987,120,6107,49
2021-05-16,Alameda,001,1643700,87709,87743,1901,89644,1253
2021-05-16,Alpine,003,1148,87,88,0,88,0
2021-05-16,Amador,005,37829,3658,3667,32,3699,46
2021-05-16,Butte,007,227075,12441,12140,1823,13963,192
2021-05-16,Calaveras,009,45235,2135,2129,13,2142,53
2021-05-16,Colusa,011,21464,1937,1943,303,2246,14
2021-05-16,Contra Costa,013,1133247,69177,68694,1243,69937,805
2021-05-16,Del Norte,015,27424,1398,1365,12,1377,8
2021-05-16,El Dorado,017,186661,10233,10159,736,10895,112
2021-05-16,Fresno,019,978130,102422,101987,8575,110562,1690
2021-05-16,Glenn,021,27897,2422,2401,552,2953,17
2021-05-16,Humboldt,023,135768,4154,4104,34,4138,42
2021-05-16,Imperial,025,180216,28542,28516,2676,31192,729
2021-05-16,Inyo,027,18085,1404,1401,12,1413,36
2021-05-16,Kern,029,883053,97092,96083,10709,106792,1315
2021-05-16,Kings,031,150075,23109,22918,1068,23986,246
2021-05-16,Lake,033,64148,3505,3489,9,3498,43
2021-05-16,Lassen,035,31185,5193,5156,108,5264,6
2021-05-16,Los Angeles,037,10098052,1205676,1196397,40443,1236840,24120
2021-05-16,Madera,039,155013,16579,16483,918,17401,238
2021-05-16,Marin,041,260295,14066,14015,247,14262,227
2021-05-16,Mariposa,043,17540,428,423,11,434,5
2021-05-16,Mendocino,045,87422,3938,3863,81,3944,46
2021-05-16,Merced,047,269075,30879,31023,1024,32047,450
2021-05-16,Modoc,049,8938,369,362,123,485,3
2021-05-16,Mono,051,14174,1255,1265,16,1281,3
2021-05-16,Monterey,053,433212,43117,42991,1832,44823,379
2021-05-16,Napa,055,140530,9869,9891,32,9923,82
2021-05-16,Nevada,057,99092,4785,4755,186,4941,70
2021-05-16,Orange,059,3164182,255077,253962,11180,265142,5031
2021-05-16,Placer,061,380077,23118,22696,1464,24160,289
2021-05-16,Plumas,063,18699,699,682,10,692,4
2021-05-16,Riverside,065,2383286,293675,288259,13801,302060,4433
2021-05-16,Sacramento,067,1510023,105324,105013,1715,106728,1628
2021-05-16,San Benito,069,59416,6047,6067,111,6178,63
2021-05-16,San Bernardino,071,2135413,292856,291940,8895,300835,4724
2021-05-16,San Diego,073,3302833,279944,279099,14839,293938,3742
2021-05-16,San Francisco,075,870044,36600,36808,1258,38066,546
2021-05-16,San Joaquin,077,732212,72807,72218,3462,75680,1359
2021-05-16,San Luis Obispo,079,281455,21302,21072,720,21792,256
2021-05-16,San Mateo,081,765935,42203,42063,462,42525,428
2021-05-16,Santa Barbara,083,443738,34387,34270,1113,35383,459
2021-05-16,Santa Clara,085,1922200,118353,119098,738,119836,2015
2021-05-16,Santa Cruz,087,273765,16205,16143,796,16939,206
2021-05-16,Shasta,089,179085,12167,12156,1536,13692,200
2021-05-16,Sierra,091,2930,56,54,12,66,0
2021-05-16,Siskiyou,093,43540,1895,1790,338,2128,15
2021-05-16,Solano,095,438530,32636,32619,543,33162,253
2021-05-16,Sonoma,097,501317,29908,30033,324,30357,321
2021-05-16,Stanislaus,099,539301,56062,55814,5839,61653,951
2021-05-16,Sutter,101,95872,9403,9445,83,9528,113
2021-05-16,Tehama,103,63373,5044,5013,553,5566,63
2021-05-16,Trinity,105,12862,483,328,87,415,3
2021-05-16,Tulare,107,460477,50118,49091,8832,57923,837
2021-05-16,Tuolumne,109,53932,4020,4070,42,4112,64
2021-05-16,Ventura,111,848112,81216,80689,2938,83627,1017
2021-05-16,Yolo,113,214977,13944,13938,230,14168,211
2021-05-16,Yuba,115,75493,6007,5987,120,6107,49
2021-05-15,Alameda,001,1643700,87683,87677,1900,89577,1252
2021-05-15,Alpine,003,1148,87,88,0,88,0
2021-05-15,Amador,005,37829,3658,3666,32,3698,46
2021-05-15,Butte,007,227075,12434,12095,1822,13917,192
2021-05-15,Calaveras,009,45235,2134,2126,13,2139,53
2021-05-15,Colusa,011,21464,1937,1941,301,2242,14
2021-05-15,Contra Costa,013,1133247,69131,68658,1243,69901,805
2021-05-15,Del Norte,015,27424,1393,1359,12,1371,8
2021-05-15,El Dorado,017,186661,10221,10156,735,10891,112
2021-05-15,Fresno,019,978130,102385,101957,8573,110530,1690
2021-05-15,Glenn,021,27897,2422,2400,552,2952,17
2021-05-15,Humboldt,023,135768,4144,4080,34,4114,42
2021-05-15,Imperial,025,180216,28539,28504,2675,31179,729
2021-05-15,Inyo,027,18085,1404,1402,12,1414,36
2021-05-15,Kern,029,883053,97078,96061,10695,106756,1315
2021-05-15,Kings,031,150075,23108,22913,1068,23981,246
2021-05-15,Lake,033,64148,3504,3485,9,3494,43
2021-05-15,Lassen,035,31185,5190,5156,107,5263,6
2021-05-15,Los Angeles,037,10098052,1205553,1196255,40430,1236685,24115
2021-05-15,Madera,039,155013,16576,16482,918,17400,238
2021-05-15,Marin,041,260295,14062,14012,247,14259,227
2021-05-15,Mariposa,043,17540,428,423,11,434,5
2021-05-15,Mendocino,045,87422,3935,3861,81,3942,46
2021-05-15,Merced,047,269075,30858,31012,1024,32036,450
2021-05-15,Modoc,049,8938,369,362,123,485,3
2021-05-15,Mono,051,14174,1255,1265,16,1281,3
2021-05-15,Monterey,053,433212,43113,42982,1832,44814,379
2021-05-15,Napa,055,140530,9866,9887,32,9919,82
2021-05-15,Nevada,057,99092,4784,4755,186,4941,70
2021-05-15,Orange,059,3164182,255050,253919,11173,265092,5030
2021-05-15,Placer,061,380077,23097,22688,1464,24152,289
2021-05-15,Plumas,063,18699,699,681,10,691,4
2021-05-15,Riverside,065,2383286,293633,288203,13796,301999,4433
2021-05-15,Sacramento,067,1510023,105252,104929,1712,106641,1628
2021-05-15,San Benito,069,59416,6047,6066,111,6177,63
2021-05-15,San Bernardino,071,2135413,292814,291892,8893,300785,4724
2021-05-15,San Diego,073,3302833,279873,278991,14824,293815,3737
2021-05-15,San Francisco,075,870044,36584,36795,1256,38051,546
2021-05-15,San Joaquin,077,732212,72781,72197,3460,75657,1359
2021-05-15,San Luis Obispo,079,281455,21299,21061,719,21780,256
2021-05-15,San Mateo,081,765935,42187,42059,462,42521,428
2021-05-15,Santa Barbara,083,443738,34379,34259,1113,35372,459
2021-05-15,Santa Clara,085,1922200,118332,119060,738,119798,2016
2021-05-15,Santa Cruz,087,273765,16201,16137,796,16933,206
2021-05-15,Shasta,089,179085,12155,12152,1533,13685,200
2021-05-15,Sierra,091,2930,56,54,12,66,0
2021-05-15,Siskiyou,093,43540,1889,1788,336,2124,15
2021-05-15,Solano,095,438530,32627,32604,542,33146,253
2021-05-15,Sonoma,097,501317,29889,30020,324,30344,321
2021-05-15,Stanislaus,099,539301,56031,55795,5832,61627,952
2021-05-15,Sutter,101,95872,9401,9436,83,9519,113
2021-05-15,Tehama,103,63373,5040,5012,552,5564,63
2021-05-15,Trinity,105,12862,483,328,87,415,3
2021-05-15,Tulare,107,460477,50108,49080,8828,57908,837
2021-05-15,Tuolumne,109,53932,4018,4064,42,4106,63
2021-05-15,Ventura,111,848112,81205,80662,2938,83600,1017
2021-05-15,Yolo,113,214977,13937,13932,229,14161,211
2021-05-15,Yuba,115,75493,6004,5979,119,6098,49
2021-05-14,Alameda,001,1643700,87649,87621,1898,89519,1249
2021-05-14,Alpine,003,1148,87,88,0,88,0
2021-05-14,Amador,005,37829,3658,3665,32,3697,46
2021-05-14,Butte,007,227075,12425,12076,1819,13895,192
2021-05-14,Calaveras,009,45235,2130,2121,13,2134,53
2021-05-14,Colusa,011,21464,1936,1940,300,2240,14
2021-05-14,Contra Costa,013,1133247,69089,68589,1241,69830,806
2021-05-14,Del Norte,015,27424,1393,1355,12,1367,8
2021-05-14,El Dorado,017,186661,10214,10143,734,10877,113
2021-05-14,Fresno,019,978130,102356,101917,8567,110484,1688
2021-05-14,Glenn,021,27897,2421,2398,552,2950,17
2021-05-14,Humboldt,023,135768,4137,4050,34,4084,37
2021-05-14,Imperial,025,180216,28532,28485,2674,31159,728
2021-05-14,Inyo,027,18085,1404,1400,12,1412,36
2021-05-14,Kern,029,883053,97048,96033,10686,106719,1311
2021-05-14,Kings,031,150075,23107,22910,1068,23978,246
2021-05-14,Lake,033,64148,3500,3483,9,3492,43
2021-05-14,Lassen,035,31185,5190,5154,107,5261,6
2021-05-14,Los Angeles,037,10098052,1205418,1196038,40425,1236463,24101
2021-05-14,Madera,039,155013,16573,16474,918,17392,238
2021-05-14,Marin,041,260295,14058,14010,247,14257,227
2021-05-14,Mariposa,043,17540,428,422,11,433,5
2021-05-14,Mendocino,045,87422,3933,3855,81,3936,46
2021-05-14,Merced,047,269075,30848,31010,1024,32034,450
2021-05-14,Modoc,049,8938,369,362,123,485,3
2021-05-14,Mono,051,14174,1254,1265,16,1281,3
2021-05-14,Monterey,053,433212,43108,42973,1832,44805,380
2021-05-14,Napa,055,140530,9863,9883,32,9915,82
2021-05-14,Nevada,057,99092,4779,4745,186,4931,70
2021-05-14,Orange,059,3164182,255016,253855,11166,265021,5028
2021-05-14,Placer,061,380077,23078,22660,1458,24118,287
2021-05-14,Plumas,063,18699,698,680,10,690,4
2021-05-14,Riverside,065,2383286,293583,288140,13793,301933,4433
2021-05-14,Sacramento,067,1510023,105163,104828,1711,106539,1627
2021-05-14,San Benito,069,59416,6047,6064,111,6175,63
2021-05-14,San Bernardino,071,2135413,292766,291834,8893,300727,4721
2021-05-14,San Diego,073,3302833,279800,278853,14813,293666,3732
2021-05-14,San Francisco,075,870044,36575,36771,1252,38023,545
2021-05-14,San Joaquin,077,732212,72749,72160,3453,75613,1359
2021-05-14,San Luis Obispo,079,281455,21295,21051,719,21770,256
2021-05-14,San Mateo,081,765935,42177,42041,462,42503,428
2021-05-14,Santa Barbara,083,443738,34369,34243,1113,35356,456
2021-05-14,Santa Clara,085,1922200,118303,119006,738,119744,2014
2021-05-14,Santa Cruz,087,273765,16196,16130,796,16926,207
2021-05-14,Shasta,089,179085,12149,12130,1528,13658,200
2021-05-14,Sierra,091,2930,56,54,12,66,0
2021-05-14,Siskiyou,093,43540,1882,1779,335,2114,14
2021-05-14,Solano,095,438530,32607,32585,541,33126,252
2021-05-14,Sonoma,097,501317,29870,30007,324,30331,321
2021-05-14,Stanislaus,099,539301,55996,55752,5826,61578,950
2021-05-14,Sutter,101,95872,9392,9433,81,9514,113
2021-05-14,Tehama,103,63373,5033,5005,552,5557,63
2021-05-14,Trinity,105,12862,483,328,87,415,3
2021-05-14,Tulare,107,460477,50091,49060,8823,57883,836
2021-05-14,Tuolumne,109,53932,4018,4060,42,4102,63
2021-05-14,Ventura,111,848112,81191,80628,2938,83566,1014
2021-05-14,Yolo,113,214977,13932,13922,225,14147,210
2021-05-14,Yuba,115,75493,6000,5970,119,6089,47
2021-05-13,Alameda,001,1643700,87606,87557,1897,89454,1250
2021-05-13,Alpine,003,1148,87,88,0,88,0
2021-05-13,Amador,005,37829,3658,3662,32,3694,46
2021-05-13,Butte,007,227075,12411,12051,1818,13869,196
2021-05-13,Calaveras,009,45235,2128,2120,13,2133,53
2021-05-13,Colusa,011,21464,1935,1939,296,2235,14
2021-05-13,Contra Costa,013,1133247,69041,68522,1240,69762,806
2021-05-13,Del Norte,015,27424,1391,1354,12,1366,8
2021-05-13,El Dorado,017,186661,10211,10133,734,10867,112
2021-05-13,Fresno,019,978130,102327,101862,8566,110428,1687
2021-05-13,Glenn,021,27897,2420,2395,552,2947,17
2021-05-13,Humboldt,023,135768,4119,4027,34,4061,37
2021-05-13,Imperial,025,180216,28517,28468,2672,31140,729
2021-05-13,Inyo,027,18085,1404,1400,12,1412,36
2021-05-13,Kern,029,883053,97024,95996,10668,106664,1311
2021-05-13,Kings,031,150075,23106,22904,1068,23972,246
2021-05-13,Lake,033,64148,3499,3479,9,3488,43
2021-05-13,Lassen,035,31185,5190,5152,106,5258,6
2021-05-13,Los Angeles,037,10098052,1205229,1195504,40411,1235915,24083
2021-05-13,Madera,039,155013,16565,16467,918,17385,238
2021-05-13,Marin,041,260295,14053,14004,245,14249,227
2021-05-13,Mariposa,043,17540,428,422,11,433,5
2021-05-13,Mendocino,045,87422,3929,3846,81,3927,46
2021-05-13,Merced,047,269075,30841,30989,1023,32012,450
2021-05-13,Modoc,049,8938,369,362,123,485,3
2021-05-13,Mono,051,14174,1254,1265,16,1281,3
2021-05-13,Monterey,053,433212,43093,42966,1832,44798,380
2021-05-13,Napa,055,140530,9856,9877,32,9909,82
2021-05-13,Nevada,057,99092,4775,4743,185,4928,70
2021-05-13,Orange,059,3164182,254971,253778,11164,264942,5026
2021-05-13,Placer,061,380077,23051,22668,1451,24119,288
2021-05-13,Plumas,063,18699,698,680,10,690,4
2021-05-13,Riverside,065,2383286,293517,288067,13788,301855,4433
2021-05-13,Sacramento,067,1510023,105077,104711,1709,106420,1626
2021-05-13,San Benito,069,59416,6045,6062,111,6173,63
2021-05-13,San Bernardino,071,2135413,292700,291765,8893,300658,4722
2021-05-13,San Diego,073,3302833,279686,278592,14796,293388,3729
2021-05-13,San Francisco,075,870044,36551,36741,1250,37991,544
2021-05-13,San Joaquin,077,732212,72707,72096,3449,75545,1357
2021-05-13,San Luis Obispo,079,281455,21280,21043,718,21761,255
2021-05-13,San Mateo,081,765935,42160,42059,462,42521,426
2021-05-13,Santa Barbara,083,443738,34357,34242,1113,35355,456
2021-05-13,Santa Clara,085,1922200,118276,118952,738,119690,2013
2021-05-13,Santa Cruz,087,273765,16190,16129,796,16925,208
2021-05-13,Shasta,089,179085,12129,12111,1524,13635,200
2021-05-13,Sierra,091,2930,56,54,12,66,0
2021-05-13,Siskiyou,093,43540,1875,1769,332,2101,14
2021-05-13,Solano,095,438530,32594,32548,539,33087,252
2021-05-13,Sonoma,097,501317,29845,29991,324,30315,321
2021-05-13,Stanislaus,099,539301,55958,55678,5820,61498,949
2021-05-13,Sutter,101,95872,9387,9431,80,9511,112
2021-05-13,Tehama,103,63373,5028,4997,552,5549,63
2021-05-13,Trinity,105,12862,482,327,86,413,3
2021-05-13,Tulare,107,460477,50065,49032,8815,57847,837
2021-05-13,Tuolumne,109,53932,4017,4059,42,4101,63
2021-05-13,Ventura,111,848112,81161,80615,2937,83552,1012
2021-05-13,Yolo,113,214977,13923,13914,223,14137,210
2021-05-13,Yuba,115,75493,5991,5962,119,6081,47
2021-05-12,Alameda,001,1643700,87574,87482,1895,89377,1261
2021-05-12,Alpine,003,1148,87,88,0,88,0
2021-05-12,Amador,005,37829,3658,3658,32,3690,46
2021-05-12,Butte,007,227075,12401,12026,1818,13844,199
2021-05-12,Calaveras,009,45235,2125,2119,13,2132,53
2021-05-12,Colusa,011,21464,1933,1939,295,2234,14
2021-05-12,Contra Costa,013,1133247,68982,68462,1234,69696,805
2021-05-12,Del Norte,015,27424,1389,1352,12,1364,8
2021-05-12,El Dorado,017,186661,10201,10123,734,10857,112
2021-05-12,Fresno,019,978130,102278,101838,8555,110393,1688
2021-05-12,Glenn,021,27897,2417,2391,552,2943,17
2021-05-12,Humboldt,023,135768,4091,3982,34,4016,37
2021-05-12,Imperial,025,180216,28499,28443,2669,31112,726
2021-05-12,Inyo,027,18085,1404,1400,12,1412,36
2021-05-12,Kern,029,883053,96988,95955,10661,106616,1310
2021-05-12,Kings,031,150075,23104,22896,1068,23964,246
2021-05-12,Lake,033,64148,3497,3476,9,3485,43
2021-05-12,Lassen,035,31185,5188,5151,106,5257,6
2021-05-12,Los Angeles,037,10098052,1205044,1195318,40396,1235714,24067
2021-05-12,Madera,039,155013,16558,16462,917,17379,238
2021-05-12,Marin,041,260295,14048,13997,245,14242,227
2021-05-12,Mariposa,043,17540,428,422,11,433,5
2021-05-12,Mendocino,045,87422,3919,3836,81,3917,46
2021-05-12,Merced,047,269075,30825,30941,1023,31964,450
2021-05-12,Modoc,049,8938,368,362,123,485,3
2021-05-12,Mono,051,14174,1254,1265,16,1281,3
2021-05-12,Monterey,053,433212,43081,42950,1831,44781,380
2021-05-12,Napa,055,140530,9850,9870,32,9902,82
2021-05-12,Nevada,057,99092,4771,4738,185,4923,70
2021-05-12,Orange,059,3164182,254920,253587,11160,264747,5024
2021-05-12,Placer,061,380077,23033,22652,1444,24096,288
2021-05-12,Plumas,063,18699,698,681,10,691,4
2021-05-12,Riverside,065,2383286,293447,287830,13784,301614,4431
2021-05-12,Sacramento,067,1510023,104982,104592,1707,106299,1621
2021-05-12,San Benito,069,59416,6045,6062,111,6173,63
2021-05-12,San Bernardino,071,2135413,292651,291505,8888,300393,4715
2021-05-12,San Diego,073,3302833,279582,278402,14775,293177,3729
2021-05-12,San Francisco,075,870044,36531,36720,1249,37969,544
2021-05-12,San Joaquin,077,732212,72653,72043,3445,75488,1356
2021-05-12,San Luis Obispo,079,281455,21270,21021,718,21739,255
2021-05-12,San Mateo,081,765935,42151,42038,461,42499,426
2021-05-12,Santa Barbara,083,443738,34349,34218,1113,35331,456
2021-05-12,Santa Clara,085,1922200,118232,118897,738,119635,2005
2021-05-12,Santa Cruz,087,273765,16184,16123,796,16919,207
2021-05-12,Shasta,089,179085,12109,12092,1522,13614,200
2021-05-12,Sierra,091,2930,56,54,12,66,0
2021-05-12,Siskiyou,093,43540,1871,1760,331,2091,13
2021-05-12,Solano,095,438530,32570,32519,539,33058,252
2021-05-12,Sonoma,097,501317,29833,29976,324,30300,320
2021-05-12,Stanislaus,099,539301,55917,55632,5813,61445,919
2021-05-12,Sutter,101,95872,9384,9427,80,9507,112
2021-05-12,Tehama,103,63373,5023,4989,552,5541,62
2021-05-12,Trinity,105,12862,482,327,86,413,3
2021-05-12,Tulare,107,460477,50049,49001,8807,57808,838
2021-05-12,Tuolumne,109,53932,4016,4056,42,4098,63
2021-05-12,Ventura,111,848112,81142,80577,2937,83514,1010
2021-05-12,Yolo,113,214977,13915,13910,222,14132,210
2021-05-12,Yuba,115,75493,5988,5956,119,6075,47
2021-05-11,Alameda,001,1643700,87509,87413,1891,89304,1290
2021-05-11,Alpine,003,1148,87,88,0,88,0
2021-05-11,Amador,005,37829,3656,3657,32,3689,46
2021-05-11,Butte,007,227075,12386,12008,1815,13823,199
2021-05-11,Calaveras,009,45235,2125,2118,13,2131,52
2021-05-11,Colusa,011,21464,1932,1939,295,2234,14
2021-05-11,Contra Costa,013,1133247,68922,68406,1233,69639,806
2021-05-11,Del Norte,015,27424,1387,1347,12,1359,8
2021-05-11,El Dorado,017,186661,10195,10108,733,10841,112
2021-05-11,Fresno,019,978130,102232,101792,8550,110342,1686
2021-05-11,Glenn,021,27897,2416,2387,551,2938,17
2021-05-11,Humboldt,023,135768,4070,3964,33,3997,37
2021-05-11,Imperial,025,180216,28491,28413,2665,31078,722
2021-05-11,Inyo,027,18085,1403,1402,12,1414,36
2021-05-11,Kern,029,883053,96960,95938,10648,106586,1310
2021-05-11,Kings,031,150075,23096,22887,1068,23955,246
2021-05-11,Lake,033,64148,3497,3473,9,3482,43
2021-05-11,Lassen,035,31185,5186,5148,106,5254,6
2021-05-11,Los Angeles,037,10098052,1204807,1195100,40379,1235479,24048
2021-05-11,Madera,039,155013,16554,16459,916,17375,238
2021-05-11,Marin,041,260295,14041,13987,245,14232,227
2021-05-11,Mariposa,043,17540,428,421,11,432,5
2021-05-11,Mendocino,045,87422,3911,3821,81,3902,46
2021-05-11,Merced,047,269075,30816,30893,1023,31916,449
2021-05-11,Modoc,049,8938,368,362,122,484,3
2021-05-11,Mono,051,14174,1254,1265,16,1281,3
2021-05-11,Monterey,053,433212,43073,42934,1830,44764,380
2021-05-11,Napa,055,140530,9843,9870,32,9902,81
2021-05-11,Nevada,057,99092,4767,4737,185,4922,70
2021-05-11,Orange,059,3164182,254856,253545,11153,264698,5017
2021-05-11,Placer,061,380077,23011,22615,1440,24055,287
2021-05-11,Plumas,063,18699,696,679,10,689,4
2021-05-11,Riverside,065,2383286,293385,287757,13779,301536,4429
2021-05-11,Sacramento,067,1510023,104883,104496,1704,106200,1616
2021-05-11,San Benito,069,59416,6042,6058,111,6169,63
2021-05-11,San Bernardino,071,2135413,292591,291421,8886,300307,4707
2021-05-11,San Diego,073,3302833,279447,278308,14756,293064,3725
2021-05-11,San Francisco,075,870044,36511,36707,1249,37956,543
2021-05-11,San Joaquin,077,732212,72605,71999,3442,75441,1356
2021-05-11,San Luis Obispo,079,281455,21263,21008,716,21724,255
2021-05-11,San Mateo,081,765935,42132,41985,460,42445,425
2021-05-11,Santa Barbara,083,443738,34339,34207,1113,35320,456
2021-05-11,Santa Clara,085,1922200,118185,118857,737,119594,2005
2021-05-11,Santa Cruz,087,273765,16180,16113,796,16909,206
2021-05-11,Shasta,089,179085,12086,12050,1516,13566,200
2021-05-11,Sierra,091,2930,56,54,12,66,0
2021-05-11,Siskiyou,093,43540,1861,1756,329,2085,13
2021-05-11,Solano,095,438530,32552,32499,537,33036,250
2021-05-11,Sonoma,097,501317,29818,29966,324,30290,318
2021-05-11,Stanislaus,099,539301,55869,55589,5809,61398,909
2021-05-11,Sutter,101,95872,9377,9417,80,9497,112
2021-05-11,Tehama,103,63373,5019,4985,551,5536,62
2021-05-11,Trinity,105,12862,482,327,85,412,3
2021-05-11,Tulare,107,460477,50022,48974,8793,57767,837
2021-05-11,Tuolumne,109,53932,4015,4056,42,4098,63
2021-05-11,Ventura,111,848112,81118,80544,2934,83478,1008
2021-05-11,Yolo,113,214977,13902,13902,219,14121,210
2021-05-11,Yuba,115,75493,5979,5950,119,6069,46
2021-05-10,Alameda,001,1643700,87441,87366,1890,89256,1284
2021-05-10,Alpine,003,1148,87,88,0,88,0
2021-05-10,Amador,005,37829,3655,3657,32,3689,46
2021-05-10,Butte,007,227075,12370,11993,1811,13804,199
2021-05-10,Calaveras,009,45235,2118,2118,13,2131,52
2021-05-10,Colusa,011,21464,1932,1939,295,2234,14
2021-05-10,Contra Costa,013,1133247,68858,68357,1233,69590,806
2021-05-10,Del Norte,015,27424,1384,1339,12,1351,8
2021-05-10,El Dorado,017,186661,10181,10093,733,10826,113
2021-05-10,Fresno,019,978130,102200,101755,8543,110298,1682
2021-05-10,Glenn,021,27897,2415,2384,550,2934,17
2021-05-10,Humboldt,023,135768,4040,3961,33,3994,36
2021-05-10,Imperial,025,180216,28477,28397,2661,31058,722
2021-05-10,Inyo,027,18085,1403,1401,12,1413,36
2021-05-10,Kern,029,883053,96917,95920,10634,106554,1310
2021-05-10,Kings,031,150075,23085,22884,1067,23951,246
2021-05-10,Lake,033,64148,3489,3471,9,3480,43
2021-05-10,Lassen,035,31185,5182,5148,106,5254,5
2021-05-10,Los Angeles,037,10098052,1204540,1194976,40364,1235340,24030
2021-05-10,Madera,039,155013,16544,16450,916,17366,238
2021-05-10,Marin,041,260295,14038,13981,245,14226,228
2021-05-10,Mariposa,043,17540,427,420,11,431,5
2021-05-10,Mendocino,045,87422,3905,3818,81,3899,46
2021-05-10,Merced,047,269075,30805,30880,1023,31903,448
2021-05-10,Modoc,049,8938,368,361,122,483,3
2021-05-10,Mono,051,14174,1254,1265,16,1281,3
2021-05-10,Monterey,053,433212,43067,42927,1825,44752,380
2021-05-10,Napa,055,140530,9841,9860,32,9892,81
2021-05-10,Nevada,057,99092,4760,4735,185,4920,70
2021-05-10,Orange,059,3164182,254803,253484,11147,264631,5008
2021-05-10,Placer,061,380077,22989,22590,1437,24027,286
2021-05-10,Plumas,063,18699,695,679,10,689,4
2021-05-10,Riverside,065,2383286,293316,287689,13773,301462,4427
2021-05-10,Sacramento,067,1510023,104772,104378,1699,106077,1613
2021-05-10,San Benito,069,59416,6041,6058,111,6169,63
2021-05-10,San Bernardino,071,2135413,292540,291360,8885,300245,4707
2021-05-10,San Diego,073,3302833,279283,278183,14729,292912,3725
2021-05-10,San Francisco,075,870044,36492,36683,1249,37932,543
2021-05-10,San Joaquin,077,732212,72568,71954,3428,75382,1356
2021-05-10,San Luis Obispo,079,281455,21245,20993,715,21708,256
2021-05-10,San Mateo,081,765935,42115,41926,460,42386,424
2021-05-10,Santa Barbara,083,443738,34331,34201,1113,35314,456
2021-05-10,Santa Clara,085,1922200,118126,118822,737,119559,2003
2021-05-10,Santa Cruz,087,273765,16175,16114,796,16910,206
2021-05-10,Shasta,089,179085,12072,12036,1512,13548,200
2021-05-10,Sierra,091,2930,56,54,12,66,0
2021-05-10,Siskiyou,093,43540,1851,1752,327,2079,13
2021-05-10,Solano,095,438530,32532,32466,535,33001,250
2021-05-10,Sonoma,097,501317,29802,29955,323,30278,318
2021-05-10,Stanislaus,099,539301,55795,55541,5803,61344,898
2021-05-10,Sutter,101,95872,9371,9412,80,9492,111
2021-05-10,Tehama,103,63373,5015,4980,551,5531,62
2021-05-10,Trinity,105,12862,482,327,83,410,3
2021-05-10,Tulare,107,460477,49999,48956,8787,57743,837
2021-05-10,Tuolumne,109,53932,4011,4054,41,4095,63
2021-05-10,Ventura,111,848112,81102,80501,2933,83434,1008
2021-05-10,Yolo,113,214977,13890,13898,217,14115,209
2021-05-10,Yuba,115,75493,5977,5942,119,6061,46
2021-05-09,Alameda,001,1643700,87371,87292,1887,89179,1284
2021-05-09,Alpine,003,1148,87,88,0,88,0
2021-05-09,Amador,005,37829,3653,3655,32,3687,46
2021-05-09,Butte,007,227075,12352,11985,1807,13792,199
2021-05-09,Calaveras,009,45235,2117,2116,13,2129,52
2021-05-09,Colusa,011,21464,1931,1940,295,2235,14
2021-05-09,Contra Costa,013,1133247,68795,68302,1231,69533,806
2021-05-09,Del Norte,015,27424,1377,1338,12,1350,8
2021-05-09,El Dorado,017,186661,10167,10089,729,10818,113
2021-05-09,Fresno,019,978130,102162,101729,8534,110263,1682
2021-05-09,Glenn,021,27897,2408,2382,547,2929,17
2021-05-09,Humboldt,023,135768,4020,3950,33,3983,36
2021-05-09,Imperial,025,180216,28454,28388,2653,31041,722
2021-05-09,Inyo,027,18085,1403,1401,11,1412,36
2021-05-09,Kern,029,883053,96889,95903,10624,106527,1310
2021-05-09,Kings,031,150075,23076,22878,1067,23945,246
2021-05-09,Lake,033,64148,3485,3471,9,3480,43
2021-05-09,Lassen,035,31185,5180,5147,106,5253,5
2021-05-09,Los Angeles,037,10098052,1204282,1194820,40349,1235169,24026
2021-05-09,Madera,039,155013,16535,16444,910,17354,238
2021-05-09,Marin,041,260295,14027,13979,244,14223,228
2021-05-09,Mariposa,043,17540,424,420,11,431,5
2021-05-09,Mendocino,045,87422,3895,3814,81,3895,46
2021-05-09,Merced,047,269075,30782,30883,1023,31906,448
2021-05-09,Modoc,049,8938,368,360,122,482,3
2021-05-09,Mono,051,14174,1254,1264,16,1280,3
2021-05-09,Monterey,053,433212,43049,42918,1825,44743,380
2021-05-09,Napa,055,140530,9830,9857,32,9889,81
2021-05-09,Nevada,057,99092,4753,4727,185,4912,70
2021-05-09,Orange,059,3164182,254749,253451,11139,264590,5008
2021-05-09,Placer,061,380077,22963,22566,1434,24000,286
2021-05-09,Plumas,063,18699,694,679,10,689,4
2021-05-09,Riverside,065,2383286,293236,287644,13767,301411,4427
2021-05-09,Sacramento,067,1510023,104623,104309,1693,106002,1612
2021-05-09,San Benito,069,59416,6039,6056,111,6167,63
2021-05-09,San Bernardino,071,2135413,292457,291337,8879,300216,4707
2021-05-09,San Diego,073,3302833,279116,277950,14707,292657,3725
2021-05-09,San Francisco,075,870044,36466,36669,1247,37916,543
2021-05-09,San Joaquin,077,732212,72522,71927,3427,75354,1356
2021-05-09,San Luis Obispo,079,281455,21234,20999,715,21714,256
2021-05-09,San Mateo,081,765935,42085,41903,460,42363,424
2021-05-09,Santa Barbara,083,443738,34318,34196,1112,35308,456
2021-05-09,Santa Clara,085,1922200,118072,118798,736,119534,2003
2021-05-09,Santa Cruz,087,273765,16169,16094,796,16890,206
2021-05-09,Shasta,089,179085,12042,12034,1507,13541,200
2021-05-09,Sierra,091,2930,56,54,12,66,0
2021-05-09,Siskiyou,093,43540,1844,1741,324,2065,13
2021-05-09,Solano,095,438530,32493,32434,533,32967,250
2021-05-09,Sonoma,097,501317,29788,29953,322,30275,318
2021-05-09,Stanislaus,099,539301,55729,55511,5799,61310,898
2021-05-09,Sutter,101,95872,9365,9413,80,9493,111
2021-05-09,Tehama,103,63373,5010,4979,551,5530,62
2021-05-09,Trinity,105,12862,482,327,83,410,3
2021-05-09,Tulare,107,460477,49972,48948,8782,57730,837
2021-05-09,Tuolumne,109,53932,4009,4053,41,4094,63
2021-05-09,Ventura,111,848112,81087,80487,2932,83419,1008
2021-05-09,Yolo,113,214977,13879,13897,217,14114,209
2021-05-09,Yuba,115,75493,5971,5934,119,6053,46
2021-05-08,Alameda,001,1643700,87329,87213,1883,89096,1284
2021-05-08,Alpine,003,1148,87,88,0,88,0
2021-05-08,Amador,005,37829,3651,3652,32,3684,46
2021-05-08,Butte,007,227075,12340,11962,1806,13768,199
2021-05-08,Calaveras,009,45235,2116,2114,13,2127,52
2021-05-08,Colusa,011,21464,1931,1939,295,2234,14
2021-05-08,Contra Costa,013,1133247,68762,68223,1229,69452,803
2021-05-08,Del Norte,015,27424,1374,1335,12,1347,8
2021-05-08,El Dorado,017,186661,10153,10079,729,10808,113
2021-05-08,Fresno,019,978130,102126,101676,8529,110205,1682
2021-05-08,Glenn,021,27897,2406,2382,545,2927,17
2021-05-08,Humboldt,023,135768,4004,3939,33,3972,36
2021-05-08,Imperial,025,180216,28445,28373,2653,31026,721
2021-05-08,Inyo,027,18085,1403,1402,11,1413,36
2021-05-08,Kern,029,883053,96864,95880,10611,106491,1310
2021-05-08,Kings,031,150075,23073,22872,1066,23938,246
2021-05-08,Lake,033,64148,3484,3470,9,3479,43
2021-05-08,Lassen,035,31185,5179,5145,106,5251,5
2021-05-08,Los Angeles,037,10098052,1204128,1194584,40333,1234917,24022
2021-05-08,Madera,039,155013,16531,16442,910,17352,238
2021-05-08,Marin,041,260295,14024,13974,243,14217,228
2021-05-08,Mariposa,043,17540,424,420,11,431,5
2021-05-08,Mendocino,045,87422,3890,3810,80,3890,46
2021-05-08,Merced,047,269075,30772,30876,1023,31899,448
2021-05-08,Modoc,049,8938,368,360,121,481,3
2021-05-08,Mono,051,14174,1254,1262,16,1278,3
2021-05-08,Monterey,053,433212,43044,42914,1824,44738,380
2021-05-08,Napa,055,140530,9823,9853,32,9885,81
2021-05-08,Nevada,057,99092,4750,4716,185,4901,70
2021-05-08,Orange,059,3164182,254715,253412,11135,264547,5006
2021-05-08,Placer,061,380077,22945,22547,1432,23979,286
2021-05-08,Plumas,063,18699,693,679,10,689,4
2021-05-08,Riverside,065,2383286,293193,287574,13765,301339,4427
2021-05-08,Sacramento,067,1510023,104538,104208,1690,105898,1610
2021-05-08,San Benito,069,59416,6038,6048,111,6159,63
2021-05-08,San Bernardino,071,2135413,292414,291296,8879,300175,4707
2021-05-08,San Diego,073,3302833,279033,277760,14689,292449,3725
2021-05-08,San Francisco,075,870044,36443,36642,1247,37889,543
2021-05-08,San Joaquin,077,732212,72493,71869,3418,75287,1356
2021-05-08,San Luis Obispo,079,281455,21223,20992,715,21707,256
2021-05-08,San Mateo,081,765935,42074,41871,460,42331,424
2021-05-08,Santa Barbara,083,443738,34305,34185,1112,35297,456
2021-05-08,Santa Clara,085,1922200,118041,118751,736,119487,2003
2021-05-08,Santa Cruz,087,273765,16166,16089,796,16885,206
2021-05-08,Shasta,089,179085,12032,12030,1503,13533,200
2021-05-08,Sierra,091,2930,56,54,12,66,0
2021-05-08,Siskiyou,093,43540,1843,1741,320,2061,13
2021-05-08,Solano,095,438530,32469,32395,531,32926,249
2021-05-08,Sonoma,097,501317,29775,29942,322,30264,318
2021-05-08,Stanislaus,099,539301,55698,55467,5795,61262,898
2021-05-08,Sutter,101,95872,9362,9413,80,9493,111
2021-05-08,Tehama,103,63373,5008,4977,551,5528,62
2021-05-08,Trinity,105,12862,482,327,83,410,3
2021-05-08,Tulare,107,460477,49959,48929,8772,57701,837
2021-05-08,Tuolumne,109,53932,4008,4050,41,4091,63
2021-05-08,Ventura,111,848112,81076,80481,2929,83410,1008
2021-05-08,Yolo,113,214977,13876,13894,216,14110,209
2021-05-08,Yuba,115,75493,5963,5928,119,6047,46
2021-05-07,Alameda,001,1643700,87276,87128,1883,89011,1280
2021-05-07,Alpine,003,1148,87,88,0,88,0
2021-05-07,Amador,005,37829,3648,3651,32,3683,46
2021-05-07,Butte,007,227075,12319,11943,1803,13746,199
2021-05-07,Calaveras,009,45235,2114,2114,13,2127,52
2021-05-07,Colusa,011,21464,1931,1937,295,2232,14
2021-05-07,Contra Costa,013,1133247,68715,68156,1227,69383,804
2021-05-07,Del Norte,015,27424,1369,1329,12,1341,8
2021-05-07,El Dorado,017,186661,10140,10065,728,10793,112
2021-05-07,Fresno,019,978130,102093,101625,8528,110153,1684
2021-05-07,Glenn,021,27897,2403,2381,544,2925,17
2021-05-07,Humboldt,023,135768,3989,3919,33,3952,36
2021-05-07,Imperial,025,180216,28437,28352,2653,31005,721
2021-05-07,Inyo,027,18085,1403,1402,11,1413,36
2021-05-07,Kern,029,883053,96851,95839,10599,106438,1308
2021-05-07,Kings,031,150075,23072,22857,1065,23922,246
2021-05-07,Lake,033,64148,3482,3467,9,3476,43
2021-05-07,Lassen,035,31185,5178,5144,105,5249,5
2021-05-07,Los Angeles,037,10098052,1203948,1194294,40326,1234620,24008
2021-05-07,Madera,039,155013,16526,16439,910,17349,238
2021-05-07,Marin,041,260295,14020,13968,243,14211,228
2021-05-07,Mariposa,043,17540,423,419,11,430,5
2021-05-07,Mendocino,045,87422,3884,3805,80,3885,46
2021-05-07,Merced,047,269075,30769,30862,1023,31885,446
2021-05-07,Modoc,049,8938,368,360,121,481,3
2021-05-07,Mono,051,14174,1253,1261,16,1277,3
2021-05-07,Monterey,053,433212,43038,42909,1822,44731,380
2021-05-07,Napa,055,140530,9822,9849,32,9881,81
2021-05-07,Nevada,057,99092,4746,4704,185,4889,70
2021-05-07,Orange,059,3164182,254675,253338,11127,264465,5000
2021-05-07,Placer,061,380077,22925,22524,1430,23954,286
2021-05-07,Plumas,063,18699,693,678,10,688,4
2021-05-07,Riverside,065,2383286,293135,287479,13764,301243,4426
2021-05-07,Sacramento,067,1510023,104466,104068,1685,105753,1609
2021-05-07,San Benito,069,59416,6037,6048,111,6159,63
2021-05-07,San Bernardino,071,2135413,292372,291185,8874,300059,4697
2021-05-07,San Diego,073,3302833,278947,277534,14673,292207,3718
2021-05-07,San Francisco,075,870044,36430,36616,1246,37862,543
2021-05-07,San Joaquin,077,732212,72452,71804,3416,75220,1351
2021-05-07,San Luis Obispo,079,281455,21216,20979,715,21694,256
2021-05-07,San Mateo,081,765935,42059,41844,460,42304,424
2021-05-07,Santa Barbara,083,443738,34295,34166,1112,35278,453
2021-05-07,Santa Clara,085,1922200,118008,118691,735,119426,2002
2021-05-07,Santa Cruz,087,273765,16163,16074,796,16870,206
2021-05-07,Shasta,089,179085,12010,12005,1501,13506,200
2021-05-07,Sierra,091,2930,56,54,12,66,0
2021-05-07,Siskiyou,093,43540,1840,1723,320,2043,13
2021-05-07,Solano,095,438530,32441,32352,529,32881,249
2021-05-07,Sonoma,097,501317,29757,29925,320,30245,318
2021-05-07,Stanislaus,099,539301,55658,55407,5790,61197,896
2021-05-07,Sutter,101,95872,9362,9407,80,9487,111
2021-05-07,Tehama,103,63373,5001,4974,551,5525,57
2021-05-07,Trinity,105,12862,482,327,83,410,3
2021-05-07,Tulare,107,460477,49942,48913,8767,57680,837
2021-05-07,Tuolumne,109,53932,4006,4048,41,4089,63
2021-05-07,Ventura,111,848112,81052,80444,2929,83373,1008
2021-05-07,Yolo,113,214977,13870,13875,215,14090,209
2021-05-07,Yuba,115,75493,5953,5910,119,6029,46
2021-05-06,Alameda,001,1643700,87200,87028,1880,88908,1278
2021-05-06,Alpine,003,1148,87,88,0,88,0
2021-05-06,Amador,005,37829,3646,3650,32,3682,46
2021-05-06,Butte,007,227075,12299,11929,1798,13727,198
2021-05-06,Calaveras,009,45235,2114,2111,13,2124,52
2021-05-06,Colusa,011,21464,1931,1935,295,2230,14
2021-05-06,Contra Costa,013,1133247,68660,68076,1224,69300,802
2021-05-06,Del Norte,015,27424,1361,1324,12,1336,6
2021-05-06,El Dorado,017,186661,10133,10048,728,10776,112
2021-05-06,Fresno,019,978130,102049,101536,8524,110060,1680
2021-05-06,Glenn,021,27897,2402,2380,543,2923,17
2021-05-06,Humboldt,023,135768,3964,3898,33,3931,36
2021-05-06,Imperial,025,180216,28426,28311,2652,30963,720
2021-05-06,Inyo,027,18085,1403,1401,11,1412,36
2021-05-06,Kern,029,883053,96826,95801,10582,106383,1307
2021-05-06,Kings,031,150075,23065,22848,1064,23912,246
2021-05-06,Lake,033,64148,3481,3465,9,3474,43
2021-05-06,Lassen,035,31185,5177,5143,105,5248,1
2021-05-06,Los Angeles,037,10098052,1203706,1193954,40310,1234264,23991
2021-05-06,Madera,039,155013,16518,16430,910,17340,238
2021-05-06,Marin,041,260295,14016,13956,243,14199,228
2021-05-06,Mariposa,043,17540,422,419,11,430,5
2021-05-06,Mendocino,045,87422,3873,3802,80,3882,46
2021-05-06,Merced,047,269075,30754,30863,1022,31885,444
2021-05-06,Modoc,049,8938,368,360,121,481,3
2021-05-06,Mono,051,14174,1251,1261,16,1277,3
2021-05-06,Monterey,053,433212,43023,42899,1822,44721,379
2021-05-06,Napa,055,140530,9816,9843,32,9875,81
2021-05-06,Nevada,057,99092,4745,4687,185,4872,70
2021-05-06,Orange,059,3164182,254607,253286,11121,264407,4991
2021-05-06,Placer,061,380077,22903,22493,1430,23923,286
2021-05-06,Plumas,063,18699,693,678,10,688,4
2021-05-06,Riverside,065,2383286,293062,287399,13759,301158,4422
2021-05-06,Sacramento,067,1510023,104350,103956,1682,105638,1609
2021-05-06,San Benito,069,59416,6036,6045,111,6156,63
2021-05-06,San Bernardino,071,2135413,292302,291085,8873,299958,4683
2021-05-06,San Diego,073,3302833,278820,277324,14650,291974,3716
2021-05-06,San Francisco,075,870044,36415,36599,1246,37845,543
2021-05-06,San Joaquin,077,732212,72397,71729,3413,75142,1350
2021-05-06,San Luis Obispo,079,281455,21204,20965,713,21678,256
2021-05-06,San Mateo,081,765935,42040,41802,459,42261,424
2021-05-06,Santa Barbara,083,443738,34282,34152,1112,35264,453
2021-05-06,Santa Clara,085,1922200,117967,118591,735,119326,2001
2021-05-06,Santa Cruz,087,273765,16156,16050,796,16846,206
2021-05-06,Shasta,089,179085,11988,11983,1495,13478,199
2021-05-06,Sierra,091,2930,56,54,12,66,0
2021-05-06,Siskiyou,093,43540,1830,1711,319,2030,12
2021-05-06,Solano,095,438530,32415,32320,521,32841,249
2021-05-06,Sonoma,097,501317,29749,29911,320,30231,318
2021-05-06,Stanislaus,099,539301,55602,55323,5785,61108,834
2021-05-06,Sutter,101,95872,9356,9396,80,9476,111
2021-05-06,Tehama,103,63373,4996,4970,551,5521,53
2021-05-06,Trinity,105,12862,482,327,83,410,3
2021-05-06,Tulare,107,460477,49917,48890,8752,57642,836
2021-05-06,Tuolumne,109,53932,4002,4047,41,4088,63
2021-05-06,Ventura,111,848112,81021,80411,2926,83337,1005
2021-05-06,Yolo,113,214977,13862,13871,212,14083,209
2021-05-06,Yuba,115,75493,5941,5901,119,6020,46
2021-05-05,Alameda,001,1643700,87139,86950,1878,88828,1278
2021-05-05,Alpine,003,1148,87,88,0,88,0
2021-05-05,Amador,005,37829,3643,3650,32,3682,46
2021-05-05,Butte,007,227075,12281,11907,1795,13702,198
2021-05-05,Calaveras,009,45235,2110,2103,13,2116,52
2021-05-05,Colusa,011,21464,1930,1933,295,2228,14
2021-05-05,Contra Costa,013,1133247,68595,67997,1220,69217,803
2021-05-05,Del Norte,015,27424,1358,1317,12,1329,6
2021-05-05,El Dorado,017,186661,10122,10020,727,10747,111
2021-05-05,Fresno,019,978130,102000,101491,8515,110006,1680
2021-05-05,Glenn,021,27897,2399,2380,542,2922,17
2021-05-05,Humboldt,023,135768,3945,3886,32,3918,36
2021-05-05,Imperial,025,180216,28385,28295,2645,30940,720
2021-05-05,Inyo,027,18085,1402,1401,11,1412,36
2021-05-05,Kern,029,883053,96782,95753,10578,106331,1304
2021-05-05,Kings,031,150075,23059,22840,1063,23903,246
2021-05-05,Lake,033,64148,3478,3458,9,3467,43
2021-05-05,Lassen,035,31185,5177,5143,104,5247,1
2021-05-05,Los Angeles,037,10098052,1203439,1193608,40296,1233904,23977
2021-05-05,Madera,039,155013,16516,16423,910,17333,235
2021-05-05,Marin,041,260295,14008,13950,242,14192,228
2021-05-05,Mariposa,043,17540,422,418,11,429,5
2021-05-05,Mendocino,045,87422,3869,3799,80,3879,46
2021-05-05,Merced,047,269075,30733,30844,1022,31866,444
2021-05-05,Modoc,049,8938,367,361,120,481,3
2021-05-05,Mono,051,14174,1251,1260,16,1276,3
2021-05-05,Monterey,053,433212,43010,42870,1819,44689,379
2021-05-05,Napa,055,140530,9810,9833,32,9865,81
2021-05-05,Nevada,057,99092,4742,4666,185,4851,70
2021-05-05,Orange,059,3164182,254549,253237,11116,264353,4978
2021-05-05,Placer,061,380077,22871,22362,1426,23788,287
2021-05-05,Plumas,063,18699,693,677,10,687,4
2021-05-05,Riverside,065,2383286,292967,287353,13750,301103,4414
2021-05-05,Sacramento,067,1510023,104262,103476,1677,105153,1607
2021-05-05,San Benito,069,59416,6027,6046,111,6157,63
2021-05-05,San Bernardino,071,2135413,292227,291008,8869,299877,4677
2021-05-05,San Diego,073,3302833,278683,277098,14631,291729,3716
2021-05-05,San Francisco,075,870044,36400,36577,1245,37822,543
2021-05-05,San Joaquin,077,732212,72345,71638,3410,75048,1345
2021-05-05,San Luis Obispo,079,281455,21196,20958,713,21671,256
2021-05-05,San Mateo,081,765935,42011,41755,458,42213,415
2021-05-05,Santa Barbara,083,443738,34267,34139,1111,35250,453
2021-05-05,Santa Clara,085,1922200,117937,118482,732,119214,1992
2021-05-05,Santa Cruz,087,273765,16150,16013,796,16809,207
2021-05-05,Shasta,089,179085,11972,11939,1491,13430,200
2021-05-05,Sierra,091,2930,56,54,12,66,0
2021-05-05,Siskiyou,093,43540,1813,1706,311,2017,11
2021-05-05,Solano,095,438530,32380,32250,519,32769,249
2021-05-05,Sonoma,097,501317,29736,29879,320,30199,318
2021-05-05,Stanislaus,099,539301,55545,55231,5783,61014,807
2021-05-05,Sutter,101,95872,9350,9387,80,9467,111
2021-05-05,Tehama,103,63373,4992,4968,551,5519,53
2021-05-05,Trinity,105,12862,482,326,83,409,3
2021-05-05,Tulare,107,460477,49893,48875,8745,57620,835
2021-05-05,Tuolumne,109,53932,3999,4040,41,4081,63
2021-05-05,Ventura,111,848112,80993,80372,2922,83294,1005
2021-05-05,Yolo,113,214977,13858,13846,210,14056,209
2021-05-05,Yuba,115,75493,5931,5895,118,6013,44
2021-05-04,Alameda,001,1643700,87047,86894,1878,88772,1277
2021-05-04,Alpine,003,1148,87,88,0,88,0
2021-05-04,Amador,005,37829,3643,3650,32,3682,46
2021-05-04,Butte,007,227075,12257,11883,1794,13677,198
2021-05-04,Calaveras,009,45235,2106,2100,13,2113,52
2021-05-04,Colusa,011,21464,1929,1933,295,2228,14
2021-05-04,Contra Costa,013,1133247,68515,67931,1218,69149,799
2021-05-04,Del Norte,015,27424,1358,1314,12,1326,6
2021-05-04,El Dorado,017,186661,10111,10009,723,10732,110
2021-05-04,Fresno,019,978130,101945,101451,8508,109959,1677
2021-05-04,Glenn,021,27897,2396,2379,539,2918,17
2021-05-04,Humboldt,023,135768,3919,3877,32,3909,36
2021-05-04,Imperial,025,180216,28366,28276,2642,30918,720
2021-05-04,Inyo,027,18085,1402,1399,11,1410,36
2021-05-04,Kern,029,883053,96746,95720,10560,106280,1301
2021-05-04,Kings,031,150075,23045,22822,1060,23882,246
2021-05-04,Lake,033,64148,3477,3454,9,3463,43
2021-05-04,Lassen,035,31185,5176,5142,104,5246,1
2021-05-04,Los Angeles,037,10098052,1203149,1193453,40283,1233736,23957
2021-05-04,Madera,039,155013,16515,16418,910,17328,235
2021-05-04,Marin,041,260295,14000,13935,242,14177,228
2021-05-04,Mariposa,043,17540,422,418,11,429,5
2021-05-04,Mendocino,045,87422,3864,3794,80,3874,46
2021-05-04,Merced,047,269075,30716,30829,1022,31851,444
2021-05-04,Modoc,049,8938,366,360,119,479,3
2021-05-04,Mono,051,14174,1251,1260,16,1276,3
2021-05-04,Monterey,053,433212,42998,42845,1818,44663,380
2021-05-04,Napa,055,140530,9801,9824,32,9856,81
2021-05-04,Nevada,057,99092,4735,4656,185,4841,70
2021-05-04,Orange,059,3164182,254481,253177,11108,264285,4977
2021-05-04,Placer,061,380077,22843,22326,1423,23749,287
2021-05-04,Plumas,063,18699,692,675,10,685,4
2021-05-04,Riverside,065,2383286,292883,287285,13743,301028,4411
2021-05-04,Sacramento,067,1510023,104133,103383,1672,105055,1604
2021-05-04,San Benito,069,59416,6026,6039,111,6150,63
2021-05-04,San Bernardino,071,2135413,292150,290934,8862,299796,4668
2021-05-04,San Diego,073,3302833,278516,276879,14614,291493,3713
2021-05-04,San Francisco,075,870044,36382,36550,1245,37795,541
2021-05-04,San Joaquin,077,732212,72284,71582,3405,74987,1342
2021-05-04,San Luis Obispo,079,281455,21190,20923,711,21634,255
2021-05-04,San Mateo,081,765935,41985,41708,458,42166,415
2021-05-04,Santa Barbara,083,443738,34252,34131,1110,35241,453
2021-05-04,Santa Clara,085,1922200,117874,118431,731,119162,1988
2021-05-04,Santa Cruz,087,273765,16144,16005,796,16801,207
2021-05-04,Shasta,089,179085,11952,11923,1485,13408,198
2021-05-04,Sierra,091,2930,56,54,12,66,0
2021-05-04,Siskiyou,093,43540,1806,1694,309,2003,11
2021-05-04,Solano,095,438530,32339,32220,517,32737,249
2021-05-04,Sonoma,097,501317,29716,29867,319,30186,318
2021-05-04,Stanislaus,099,539301,55489,55165,5780,60945,807
2021-05-04,Sutter,101,95872,9345,9375,80,9455,111
2021-05-04,Tehama,103,63373,4989,4959,550,5509,53
2021-05-04,Trinity,105,12862,482,326,83,409,3
2021-05-04,Tulare,107,460477,49866,48857,8737,57594,835
2021-05-04,Tuolumne,109,53932,3997,4041,41,4082,61
2021-05-04,Ventura,111,848112,80964,80351,2920,83271,1005
2021-05-04,Yolo,113,214977,13845,13820,208,14028,208
2021-05-04,Yuba,115,75493,5925,5891,118,6009,44
2021-05-03,Alameda,001,1643700,86971,86845,1873,88718,1272
2021-05-03,Alpine,003,1148,87,88,0,88,0
2021-05-03,Amador,005,37829,3643,3651,32,3683,46
2021-05-03,Butte,007,227075,12247,11864,1791,13655,198
2021-05-03,Calaveras,009,45235,2104,2099,13,2112,50
2021-05-03,Colusa,011,21464,1928,1931,293,2224,14
2021-05-03,Contra Costa,013,1133247,68456,67895,1214,69109,799
2021-05-03,Del Norte,015,27424,1353,1306,11,1317,6
2021-05-03,El Dorado,017,186661,10093,9984,718,10702,110
2021-05-03,Fresno,019,978130,101889,101405,8496,109901,1678
2021-05-03,Glenn,021,27897,2396,2375,538,2913,17
2021-05-03,Humboldt,023,135768,3904,3865,32,3897,36
2021-05-03,Imperial,025,180216,28344,28280,2639,30919,720
2021-05-03,Inyo,027,18085,1401,1398,11,1409,36
2021-05-03,Kern,029,883053,96709,95693,10549,106242,1299
2021-05-03,Kings,031,150075,23036,22821,1060,23881,246
2021-05-03,Lake,033,64148,3475,3446,9,3455,43
2021-05-03,Lassen,035,31185,5175,5142,104,5246,1
2021-05-03,Los Angeles,037,10098052,1202881,1193261,40257,1233518,23942
2021-05-03,Madera,039,155013,16510,16414,909,17323,235
2021-05-03,Marin,041,260295,13994,13927,242,14169,228
2021-05-03,Mariposa,043,17540,422,418,11,429,5
2021-05-03,Mendocino,045,87422,3857,3792,80,3872,46
2021-05-03,Merced,047,269075,30705,30814,1020,31834,444
2021-05-03,Modoc,049,8938,366,360,119,479,3
2021-05-03,Mono,051,14174,1251,1259,16,1275,3
2021-05-03,Monterey,053,433212,42986,42837,1816,44653,380
2021-05-03,Napa,055,140530,9796,9815,32,9847,81
2021-05-03,Nevada,057,99092,4727,4650,185,4835,70
2021-05-03,Orange,059,3164182,254423,253107,11099,264206,4968
2021-05-03,Placer,061,380077,22812,22289,1417,23706,287
2021-05-03,Plumas,063,18699,691,675,10,685,4
2021-05-03,Riverside,065,2383286,292809,287233,13742,300975,4412
2021-05-03,Sacramento,067,1510023,103980,103303,1662,104965,1602
2021-05-03,San Benito,069,59416,6025,6038,111,6149,63
2021-05-03,San Bernardino,071,2135413,292082,290886,8859,299745,4659
2021-05-03,San Diego,073,3302833,278353,276693,14589,291282,3712
2021-05-03,San Francisco,075,870044,36356,36538,1245,37783,541
2021-05-03,San Joaquin,077,732212,72234,71504,3402,74906,1325
2021-05-03,San Luis Obispo,079,281455,21174,20915,708,21623,254
2021-05-03,San Mateo,081,765935,41962,41689,457,42146,413
2021-05-03,Santa Barbara,083,443738,34240,34119,1110,35229,453
2021-05-03,Santa Clara,085,1922200,117820,118373,730,119103,1988
2021-05-03,Santa Cruz,087,273765,16141,16000,796,16796,207
2021-05-03,Shasta,089,179085,11929,11890,1480,13370,197
2021-05-03,Sierra,091,2930,56,54,12,66,0
2021-05-03,Siskiyou,093,43540,1800,1683,303,1986,11
2021-05-03,Solano,095,438530,32298,32201,516,32717,249
2021-05-03,Sonoma,097,501317,29704,29855,316,30171,318
2021-05-03,Stanislaus,099,539301,55423,55116,5771,60887,774
2021-05-03,Sutter,101,95872,9333,9370,80,9450,111
2021-05-03,Tehama,103,63373,4981,4952,550,5502,53
2021-05-03,Trinity,105,12862,482,326,83,409,3
2021-05-03,Tulare,107,460477,49848,48844,8727,57571,835
2021-05-03,Tuolumne,109,53932,3996,4038,41,4079,61
2021-05-03,Ventura,111,848112,80942,80291,2920,83211,1005
2021-05-03,Yolo,113,214977,13831,13809,207,14016,208
2021-05-03,Yuba,115,75493,5920,5880,118,5998,44
2021-05-02,Alameda,001,1643700,86886,86784,1871,88655,1272
2021-05-02,Alpine,003,1148,87,88,0,88,0
2021-05-02,Amador,005,37829,3643,3650,32,3682,46
2021-05-02,Butte,007,227075,12223,11859,1789,13648,198
2021-05-02,Calaveras,009,45235,2100,2098,13,2111,50
2021-05-02,Colusa,011,21464,1927,1931,292,2223,14
2021-05-02,Contra Costa,013,1133247,68371,67843,1212,69055,800
2021-05-02,Del Norte,015,27424,1346,1305,11,1316,6
2021-05-02,El Dorado,017,186661,10078,9962,717,10679,110
2021-05-02,Fresno,019,978130,101817,101372,8485,109857,1678
2021-05-02,Glenn,021,27897,2395,2374,536,2910,17
2021-05-02,Humboldt,023,135768,3892,3858,31,3889,36
2021-05-02,Imperial,025,180216,28310,28275,2630,30905,721
2021-05-02,Inyo,027,18085,1399,1398,11,1409,36
2021-05-02,Kern,029,883053,96651,95668,10542,106210,1299
2021-05-02,Kings,031,150075,23018,22816,1059,23875,246
2021-05-02,Lake,033,64148,3473,3443,9,3452,43
2021-05-02,Lassen,035,31185,5174,5142,103,5245,1
2021-05-02,Los Angeles,037,10098052,1202529,1193056,40236,1233292,23943
2021-05-02,Madera,039,155013,16504,16410,909,17319,235
2021-05-02,Marin,041,260295,13984,13917,242,14159,228
2021-05-02,Mariposa,043,17540,422,419,11,430,5
2021-05-02,Mendocino,045,87422,3852,3787,80,3867,46
2021-05-02,Merced,047,269075,30685,30793,1016,31809,444
2021-05-02,Modoc,049,8938,365,360,119,479,3
2021-05-02,Mono,051,14174,1250,1259,16,1275,3
2021-05-02,Monterey,053,433212,42972,42837,1815,44652,380
2021-05-02,Napa,055,140530,9792,9805,32,9837,81
2021-05-02,Nevada,057,99092,4711,4635,185,4820,70
2021-05-02,Orange,059,3164182,254349,253025,11085,264110,4968
2021-05-02,Placer,061,380077,22783,22264,1414,23678,287
2021-05-02,Plumas,063,18699,691,675,10,685,4
2021-05-02,Riverside,065,2383286,292709,287197,13732,300929,4412
2021-05-02,Sacramento,067,1510023,103841,103153,1654,104807,1602
2021-05-02,San Benito,069,59416,6020,6037,111,6148,63
2021-05-02,San Bernardino,071,2135413,291983,290859,8857,299716,4655
2021-05-02,San Diego,073,3302833,278157,276521,14562,291083,3712
2021-05-02,San Francisco,075,870044,36330,36522,1245,37767,541
2021-05-02,San Joaquin,077,732212,72170,71447,3396,74843,1325
2021-05-02,San Luis Obispo,079,281455,21153,20910,707,21617,254
2021-05-02,San Mateo,081,765935,41946,41656,456,42112,412
2021-05-02,Santa Barbara,083,443738,34226,34106,1110,35216,453
2021-05-02,Santa Clara,085,1922200,117746,118321,730,119051,1988
2021-05-02,Santa Cruz,087,273765,16136,15995,795,16790,207
2021-05-02,Shasta,089,179085,11913,11885,1472,13357,197
2021-05-02,Sierra,091,2930,56,54,12,66,0
2021-05-02,Siskiyou,093,43540,1789,1661,302,1963,11
2021-05-02,Solano,095,438530,32259,32151,512,32663,249
2021-05-02,Sonoma,097,501317,29682,29842,316,30158,318
2021-05-02,Stanislaus,099,539301,55349,55057,5764,60821,774
2021-05-02,Sutter,101,95872,9327,9363,80,9443,111
2021-05-02,Tehama,103,63373,4976,4950,548,5498,53
2021-05-02,Trinity,105,12862,482,326,83,409,3
2021-05-02,Tulare,107,460477,49830,48834,8719,57553,835
2021-05-02,Tuolumne,109,53932,3993,4038,41,4079,61
2021-05-02,Ventura,111,848112,80904,80284,2919,83203,1005
2021-05-02,Yolo,113,214977,13819,13799,206,14005,208
2021-05-02,Yuba,115,75493,5910,5879,118,5997,44
2021-05-01,Alameda,001,1643700,86843,86704,1868,88572,1270
2021-05-01,Alpine,003,1148,87,88,0,88,0
2021-05-01,Amador,005,37829,3643,3650,32,3682,46
2021-05-01,Butte,007,227075,12209,11845,1784,13629,198
2021-05-01,Calaveras,009,45235,2098,2096,13,2109,50
2021-05-01,Colusa,011,21464,1926,1931,292,2223,14
2021-05-01,Contra Costa,013,1133247,68319,67779,1209,68988,800
2021-05-01,Del Norte,015,27424,1345,1292,11,1303,6
2021-05-01,El Dorado,017,186661,10064,9944,715,10659,110
2021-05-01,Fresno,019,978130,101772,101326,8479,109805,1678
2021-05-01,Glenn,021,27897,2392,2369,535,2904,17
2021-05-01,Humboldt,023,135768,3878,3845,31,3876,36
2021-05-01,Imperial,025,180216,28303,28262,2630,30892,721
2021-05-01,Inyo,027,18085,1399,1397,11,1408,36
2021-05-01,Kern,029,883053,96624,95645,10531,106176,1299
2021-05-01,Kings,031,150075,23015,22797,1058,23855,246
2021-05-01,Lake,033,64148,3471,3441,9,3450,43
2021-05-01,Lassen,035,31185,5172,5142,103,5245,1
2021-05-01,Los Angeles,037,10098052,1202359,1192781,40222,1233003,23946
2021-05-01,Madera,039,155013,16500,16408,909,17317,235
2021-05-01,Marin,041,260295,13976,13902,242,14144,228
2021-05-01,Mariposa,043,17540,422,418,11,429,5
2021-05-01,Mendocino,045,87422,3850,3782,80,3862,46
2021-05-01,Merced,047,269075,30668,30771,1015,31786,444
2021-05-01,Modoc,049,8938,365,361,119,480,3
2021-05-01,Mono,051,14174,1250,1258,16,1274,3
2021-05-01,Monterey,053,433212,42966,42828,1815,44643,379
2021-05-01,Napa,055,140530,9789,9800,32,9832,81
2021-05-01,Nevada,057,99092,4706,4625,185,4810,70
2021-05-01,Orange,059,3164182,254306,252969,11075,264044,4964
2021-05-01,Placer,061,380077,22757,22240,1412,23652,287
2021-05-01,Plumas,063,18699,690,675,10,685,4
2021-05-01,Riverside,065,2383286,292670,287129,13730,300859,4412
2021-05-01,Sacramento,067,1510023,103760,103043,1653,104696,1602
2021-05-01,San Benito,069,59416,6017,6030,111,6141,63
2021-05-01,San Bernardino,071,2135413,291940,290802,8856,299658,4652
2021-05-01,San Diego,073,3302833,278033,276367,14541,290908,3706
2021-05-01,San Francisco,075,870044,36315,36496,1245,37741,541
2021-05-01,San Joaquin,077,732212,72121,71389,3394,74783,1325
2021-05-01,San Luis Obispo,079,281455,21148,20896,707,21603,254
2021-05-01,San Mateo,081,765935,41917,41617,455,42072,411
2021-05-01,Santa Barbara,083,443738,34221,34085,1109,35194,453
2021-05-01,Santa Clara,085,1922200,117694,118265,728,118993,1988
2021-05-01,Santa Cruz,087,273765,16133,15984,795,16779,207
2021-05-01,Shasta,089,179085,11893,11878,1465,13343,197
2021-05-01,Sierra,091,2930,56,53,12,65,0
2021-05-01,Siskiyou,093,43540,1781,1653,301,1954,11
2021-05-01,Solano,095,438530,32229,32124,504,32628,249
2021-05-01,Sonoma,097,501317,29679,29835,316,30151,318
2021-05-01,Stanislaus,099,539301,55314,55005,5758,60763,774
2021-05-01,Sutter,101,95872,9324,9358,80,9438,110
2021-05-01,Tehama,103,63373,4975,4950,547,5497,53
2021-05-01,Trinity,105,12862,482,326,82,408,3
2021-05-01,Tulare,107,460477,49823,48818,8713,57531,835
2021-05-01,Tuolumne,109,53932,3987,4035,41,4076,61
2021-05-01,Ventura,111,848112,80886,80268,2919,83187,1005
2021-05-01,Yolo,113,214977,13812,13784,204,13988,208
2021-05-01,Yuba,115,75493,5908,5875,118,5993,44
2021-04-30,Alameda,001,1643700,86782,86602,1865,88467,1268
2021-04-30,Alpine,003,1148,87,88,0,88,0
2021-04-30,Amador,005,37829,3641,3650,32,3682,46
2021-04-30,Butte,007,227075,12190,11812,1780,13592,197
2021-04-30,Calaveras,009,45235,2097,2087,13,2100,50
2021-04-30,Colusa,011,21464,1926,1931,291,2222,14
2021-04-30,Contra Costa,013,1133247,68271,67684,1206,68890,800
2021-04-30,Del Norte,015,27424,1333,1276,11,1287,6
2021-04-30,El Dorado,017,186661,10050,9906,715,10621,110
2021-04-30,Fresno,019,978130,101726,101263,8475,109738,1670
2021-04-30,Glenn,021,27897,2391,2369,535,2904,17
2021-04-30,Humboldt,023,135768,3865,3834,31,3865,36
2021-04-30,Imperial,025,180216,28294,28244,2627,30871,721
2021-04-30,Inyo,027,18085,1399,1397,11,1408,36
2021-04-30,Kern,029,883053,96607,95605,10527,106132,1298
2021-04-30,Kings,031,150075,23012,22793,1057,23850,246
2021-04-30,Lake,033,64148,3467,3440,9,3449,43
2021-04-30,Lassen,035,31185,5171,5140,103,5243,1
2021-04-30,Los Angeles,037,10098052,1202148,1192393,40209,1232602,23919
2021-04-30,Madera,039,155013,16494,16395,909,17304,235
2021-04-30,Marin,041,260295,13968,13895,240,14135,228
2021-04-30,Mariposa,043,17540,422,417,11,428,5
2021-04-30,Mendocino,045,87422,3846,3777,80,3857,46
2021-04-30,Merced,047,269075,30655,30740,1014,31754,444
2021-04-30,Modoc,049,8938,364,360,119,479,3
2021-04-30,Mono,051,14174,1250,1258,16,1274,3
2021-04-30,Monterey,053,433212,42952,42810,1814,44624,379
2021-04-30,Napa,055,140530,9785,9792,32,9824,81
2021-04-30,Nevada,057,99092,4698,4608,185,4793,70
2021-04-30,Orange,059,3164182,254248,252883,11069,263952,4956
2021-04-30,Placer,061,380077,22738,22190,1408,23598,287
2021-04-30,Plumas,063,18699,690,677,10,687,4
2021-04-30,Riverside,065,2383286,292612,287030,13723,300753,4412
2021-04-30,Sacramento,067,1510023,103659,102864,1649,104513,1596
2021-04-30,San Benito,069,59416,6013,6024,110,6134,63
2021-04-30,San Bernardino,071,2135413,291880,290704,8855,299559,4640
2021-04-30,San Diego,073,3302833,277937,276157,14530,290687,3702
2021-04-30,San Francisco,075,870044,36304,36453,1244,37697,538
2021-04-30,San Joaquin,077,732212,72069,71311,3391,74702,1306
2021-04-30,San Luis Obispo,079,281455,21142,20884,707,21591,255
2021-04-30,San Mateo,081,765935,41903,41583,454,42037,380
2021-04-30,Santa Barbara,083,443738,34208,34061,1109,35170,451
2021-04-30,Santa Clara,085,1922200,117636,118170,724,118894,1988
2021-04-30,Santa Cruz,087,273765,16128,15975,795,16770,207
2021-04-30,Shasta,089,179085,11872,11848,1462,13310,197
2021-04-30,Sierra,091,2930,56,53,12,65,0
2021-04-30,Siskiyou,093,43540,1770,1628,298,1926,11
2021-04-30,Solano,095,438530,32197,32050,501,32551,249
2021-04-30,Sonoma,097,501317,29669,29816,314,30130,318
2021-04-30,Stanislaus,099,539301,55263,54938,5755,60693,774
2021-04-30,Sutter,101,95872,9322,9353,80,9433,110
2021-04-30,Tehama,103,63373,4972,4944,547,5491,53
2021-04-30,Trinity,105,12862,482,326,82,408,3
2021-04-30,Tulare,107,460477,49813,48797,8697,57494,836
2021-04-30,Tuolumne,109,53932,3986,4033,41,4074,61
2021-04-30,Ventura,111,848112,80846,80232,2914,83146,1004
2021-04-30,Yolo,113,214977,13800,13756,204,13960,208
2021-04-30,Yuba,115,75493,5900,5870,118,5988,44
2021-04-29,Alameda,001,1643700,86715,86490,1864,88354,1263
2021-04-29,Alpine,003,1148,87,88,0,88,0
2021-04-29,Amador,005,37829,3641,3649,32,3681,46
2021-04-29,Butte,007,227075,12175,11787,1778,13565,196
2021-04-29,Calaveras,009,45235,2094,2082,13,2095,50
2021-04-29,Colusa,011,21464,1926,1929,291,2220,14
2021-04-29,Contra Costa,013,1133247,68216,67606,1203,68809,795
2021-04-29,Del Norte,015,27424,1329,1271,11,1282,6
2021-04-29,El Dorado,017,186661,10030,9884,712,10596,107
2021-04-29,Fresno,019,978130,101672,101189,8464,109653,1667
2021-04-29,Glenn,021,27897,2388,2369,535,2904,17
2021-04-29,Humboldt,023,135768,3851,3815,31,3846,36
2021-04-29,Imperial,025,180216,28282,28235,2626,30861,720
2021-04-29,Inyo,027,18085,1399,1396,11,1407,36
2021-04-29,Kern,029,883053,96574,95547,10523,106070,1295
2021-04-29,Kings,031,150075,23002,22777,1052,23829,245
2021-04-29,Lake,033,64148,3459,3438,9,3447,43
2021-04-29,Lassen,035,31185,5171,5140,103,5243,1
2021-04-29,Los Angeles,037,10098052,1201870,1192068,40188,1232256,23899
2021-04-29,Madera,039,155013,16489,16383,908,17291,235
2021-04-29,Marin,041,260295,13964,13884,232,14116,228
2021-04-29,Mariposa,043,17540,421,416,11,427,5
2021-04-29,Mendocino,045,87422,3840,3774,80,3854,46
2021-04-29,Merced,047,269075,30636,30706,1013,31719,444
2021-04-29,Modoc,049,8938,364,360,119,479,3
2021-04-29,Mono,051,14174,1247,1259,16,1275,3
2021-04-29,Monterey,053,433212,42935,42797,1813,44610,379
2021-04-29,Napa,055,140530,9771,9789,32,9821,81
2021-04-29,Nevada,057,99092,4687,4590,185,4775,70
2021-04-29,Orange,059,3164182,254178,252823,11054,263877,4934
2021-04-29,Placer,061,380077,22713,22161,1406,23567,286
2021-04-29,Plumas,063,18699,689,676,10,686,4
2021-04-29,Riverside,065,2383286,292544,286947,13721,300668,4409
2021-04-29,Sacramento,067,1510023,103525,102686,1639,104325,1593
2021-04-29,San Benito,069,59416,6012,6023,110,6133,63
2021-04-29,San Bernardino,071,2135413,291808,290606,8850,299456,4609
2021-04-29,San Diego,073,3302833,277786,275961,14513,290474,3700
2021-04-29,San Francisco,075,870044,36279,36412,1244,37656,537
2021-04-29,San Joaquin,077,732212,72003,71225,3386,74611,1301
2021-04-29,San Luis Obispo,079,281455,21131,20876,707,21583,255
2021-04-29,San Mateo,081,765935,41875,41538,453,41991,358
2021-04-29,Santa Barbara,083,443738,34192,34039,1107,35146,448
2021-04-29,Santa Clara,085,1922200,117581,118082,721,118803,1984
2021-04-29,Santa Cruz,087,273765,16122,15961,795,16756,205
2021-04-29,Shasta,089,179085,11841,11836,1454,13290,193
2021-04-29,Sierra,091,2930,56,53,12,65,0
2021-04-29,Siskiyou,093,43540,1761,1615,295,1910,11
2021-04-29,Solano,095,438530,32156,32002,497,32499,248
2021-04-29,Sonoma,097,501317,29654,29785,311,30096,318
2021-04-29,Stanislaus,099,539301,55196,54836,5750,60586,774
2021-04-29,Sutter,101,95872,9315,9346,80,9426,110
2021-04-29,Tehama,103,63373,4964,4939,547,5486,53
2021-04-29,Trinity,105,12862,482,326,82,408,3
2021-04-29,Tulare,107,460477,49795,48785,8686,57471,832
2021-04-29,Tuolumne,109,53932,3985,4030,41,4071,58
2021-04-29,Ventura,111,848112,80812,80188,2912,83100,1002
2021-04-29,Yolo,113,214977,13780,13745,203,13948,205
2021-04-29,Yuba,115,75493,5890,5865,118,5983,44
2021-04-28,Alameda,001,1643700,86643,86390,1860,88250,1260
2021-04-28,Alpine,003,1148,87,88,0,88,0
2021-04-28,Amador,005,37829,3641,3646,32,3678,46
2021-04-28,Butte,007,227075,12155,11762,1773,13535,196
2021-04-28,Calaveras,009,45235,2090,2078,12,2090,50
2021-04-28,Colusa,011,21464,1923,1927,290,2217,14
2021-04-28,Contra Costa,013,1133247,68156,67539,1201,68740,795
2021-04-28,Del Norte,015,27424,1321,1267,11,1278,6
2021-04-28,El Dorado,017,186661,10005,9873,712,10585,107
2021-04-28,Fresno,019,978130,101625,101161,8454,109615,1666
2021-04-28,Glenn,021,27897,2385,2368,535,2903,17
2021-04-28,Humboldt,023,135768,3835,3796,31,3827,36
2021-04-28,Imperial,025,180216,28268,28177,2625,30802,720
2021-04-28,Inyo,027,18085,1399,1396,10,1406,36
2021-04-28,Kern,029,883053,96545,95494,10514,106008,1295
2021-04-28,Kings,031,150075,22990,22767,1050,23817,245
2021-04-28,Lake,033,64148,3456,3433,9,3442,43
2021-04-28,Lassen,035,31185,5171,5138,103,5241,1
2021-04-28,Los Angeles,037,10098052,1201568,1191729,40161,1231890,23858
2021-04-28,Madera,039,155013,16485,16372,908,17280,235
2021-04-28,Marin,041,260295,13953,13866,232,14098,227
2021-04-28,Mariposa,043,17540,418,415,11,426,5
2021-04-28,Mendocino,045,87422,3834,3770,78,3848,46
2021-04-28,Merced,047,269075,30618,30649,1013,31662,443
2021-04-28,Modoc,049,8938,364,360,119,479,3
2021-04-28,Mono,051,14174,1247,1258,16,1274,3
2021-04-28,Monterey,053,433212,42930,42776,1813,44589,379
2021-04-28,Napa,055,140530,9760,9777,32,9809,81
2021-04-28,Nevada,057,99092,4667,4570,185,4755,70
2021-04-28,Orange,059,3164182,254098,252747,11042,263789,4931
2021-04-28,Placer,061,380077,22686,22115,1405,23520,285
2021-04-28,Plumas,063,18699,689,676,10,686,4
2021-04-28,Riverside,065,2383286,292488,286868,13715,300583,4407
2021-04-28,Sacramento,067,1510023,103404,102613,1635,104248,1591
2021-04-28,San Benito,069,59416,6010,6021,110,6131,63
2021-04-28,San Bernardino,071,2135413,291729,290548,8840,299388,4582
2021-04-28,San Diego,073,3302833,277632,275821,14499,290320,3698
2021-04-28,San Francisco,075,870044,36249,36382,1243,37625,534
2021-04-28,San Joaquin,077,732212,71923,71171,3378,74549,1301
2021-04-28,San Luis Obispo,079,281455,21123,20851,707,21558,255
2021-04-28,San Mateo,081,765935,41850,41498,451,41949,358
2021-04-28,Santa Barbara,083,443738,34178,34003,1107,35110,448
2021-04-28,Santa Clara,085,1922200,117512,117997,719,118716,1969
2021-04-28,Santa Cruz,087,273765,16118,15943,794,16737,205
2021-04-28,Shasta,089,179085,11825,11815,1447,13262,192
2021-04-28,Sierra,091,2930,56,51,12,63,0
2021-04-28,Siskiyou,093,43540,1748,1603,292,1895,11
2021-04-28,Solano,095,438530,32124,31982,492,32474,248
2021-04-28,Sonoma,097,501317,29640,29773,307,30080,318
2021-04-28,Stanislaus,099,539301,55141,54745,5747,60492,774
2021-04-28,Sutter,101,95872,9310,9343,80,9423,110
2021-04-28,Tehama,103,63373,4959,4930,546,5476,53
2021-04-28,Trinity,105,12862,482,326,82,408,3
2021-04-28,Tulare,107,460477,49777,48754,8671,57425,832
2021-04-28,Tuolumne,109,53932,3982,4029,41,4070,58
2021-04-28,Ventura,111,848112,80777,80172,2910,83082,1000
2021-04-28,Yolo,113,214977,13766,13721,202,13923,205
2021-04-28,Yuba,115,75493,5884,5857,118,5975,44
2021-04-27,Alameda,001,1643700,86553,86301,1854,88155,1260
2021-04-27,Alpine,003,1148,87,88,0,88,0
2021-04-27,Amador,005,37829,3641,3645,32,3677,46
2021-04-27,Butte,007,227075,12130,11738,1767,13505,196
2021-04-27,Calaveras,009,45235,2088,2076,12,2088,50
2021-04-27,Colusa,011,21464,1922,1926,290,2216,14
2021-04-27,Contra Costa,013,1133247,68087,67470,1197,68667,791
2021-04-27,Del Norte,015,27424,1309,1266,11,1277,6
2021-04-27,El Dorado,017,186661,9976,9866,709,10575,106
2021-04-27,Fresno,019,978130,101560,101138,8444,109582,1663
2021-04-27,Glenn,021,27897,2385,2368,535,2903,17
2021-04-27,Humboldt,023,135768,3823,3780,31,3811,35
2021-04-27,Imperial,025,180216,28252,28149,2619,30768,720
2021-04-27,Inyo,027,18085,1399,1396,10,1406,36
2021-04-27,Kern,029,883053,96488,95466,10504,105970,1295
2021-04-27,Kings,031,150075,22975,22759,1048,23807,244
2021-04-27,Lake,033,64148,3455,3431,9,3440,43
2021-04-27,Lassen,035,31185,5171,5137,103,5240,1
2021-04-27,Los Angeles,037,10098052,1201245,1191504,40131,1231635,23825
2021-04-27,Madera,039,155013,16478,16365,908,17273,235
2021-04-27,Marin,041,260295,13932,13855,232,14087,227
2021-04-27,Mariposa,043,17540,417,413,11,424,5
2021-04-27,Mendocino,045,87422,3830,3765,78,3843,46
2021-04-27,Merced,047,269075,30577,30620,1013,31633,443
2021-04-27,Modoc,049,8938,363,360,119,479,3
2021-04-27,Mono,051,14174,1247,1257,16,1273,3
2021-04-27,Monterey,053,433212,42912,42752,1810,44562,379
2021-04-27,Napa,055,140530,9753,9774,30,9804,81
2021-04-27,Nevada,057,99092,4652,4557,185,4742,70
2021-04-27,Orange,059,3164182,254028,252667,11037,263704,4925
2021-04-27,Placer,061,380077,22656,22050,1401,23451,285
2021-04-27,Plumas,063,18699,688,675,10,685,4
2021-04-27,Riverside,065,2383286,292412,286820,13711,300531,4405
2021-04-27,Sacramento,067,1510023,103275,102595,1625,104220,1589
2021-04-27,San Benito,069,59416,6005,6016,110,6126,63
2021-04-27,San Bernardino,071,2135413,291662,290461,8835,299296,4575
2021-04-27,San Diego,073,3302833,277475,275685,14479,290164,3692
2021-04-27,San Francisco,075,870044,36221,36358,1242,37600,533
2021-04-27,San Joaquin,077,732212,71869,71104,3372,74476,1301
2021-04-27,San Luis Obispo,079,281455,21116,20841,707,21548,255
2021-04-27,San Mateo,081,765935,41815,41474,450,41924,358
2021-04-27,Santa Barbara,083,443738,34154,33973,1106,35079,448
2021-04-27,Santa Clara,085,1922200,117462,117945,718,118663,1969
2021-04-27,Santa Cruz,087,273765,16111,15905,793,16698,205
2021-04-27,Shasta,089,179085,11797,11802,1440,13242,192
2021-04-27,Sierra,091,2930,56,51,12,63,0
2021-04-27,Siskiyou,093,43540,1733,1597,291,1888,11
2021-04-27,Solano,095,438530,32076,31964,491,32455,248
2021-04-27,Sonoma,097,501317,29622,29761,306,30067,318
2021-04-27,Stanislaus,099,539301,55071,54695,5739,60434,752
2021-04-27,Sutter,101,95872,9305,9342,80,9422,110
2021-04-27,Tehama,103,63373,4956,4922,542,5464,53
2021-04-27,Trinity,105,12862,482,326,82,408,3
2021-04-27,Tulare,107,460477,49760,48744,8662,57406,832
2021-04-27,Tuolumne,109,53932,3979,4028,41,4069,58
2021-04-27,Ventura,111,848112,80748,80152,2908,83060,1000
2021-04-27,Yolo,113,214977,13752,13697,201,13898,205
2021-04-27,Yuba,115,75493,5884,5853,118,5971,44
2021-04-26,Alameda,001,1643700,86459,86230,1851,88081,1256
2021-04-26,Alpine,003,1148,87,88,0,88,0
2021-04-26,Amador,005,37829,3640,3645,32,3677,46
2021-04-26,Butte,007,227075,12106,11720,1763,13483,196
2021-04-26,Calaveras,009,45235,2082,2074,12,2086,50
2021-04-26,Colusa,011,21464,1922,1925,289,2214,14
2021-04-26,Contra Costa,013,1133247,68020,67392,1193,68585,789
2021-04-26,Del Norte,015,27424,1300,1263,11,1274,6
2021-04-26,El Dorado,017,186661,9955,9849,708,10557,106
2021-04-26,Fresno,019,978130,101505,101099,8431,109530,1662
2021-04-26,Glenn,021,27897,2383,2367,535,2902,17
2021-04-26,Humboldt,023,135768,3813,3764,30,3794,35
2021-04-26,Imperial,025,180216,28239,28148,2616,30764,720
2021-04-26,Inyo,027,18085,1398,1396,10,1406,36
2021-04-26,Kern,029,883053,96461,95429,10498,105927,1295
2021-04-26,Kings,031,150075,22972,22756,1045,23801,244
2021-04-26,Lake,033,64148,3450,3428,9,3437,43
2021-04-26,Lassen,035,31185,5171,5138,103,5241,1
2021-04-26,Los Angeles,037,10098052,1200916,1191253,40112,1231365,23802
2021-04-26,Madera,039,155013,16466,16353,907,17260,231
2021-04-26,Marin,041,260295,13917,13849,232,14081,227
2021-04-26,Mariposa,043,17540,416,410,11,421,5
2021-04-26,Mendocino,045,87422,3828,3757,77,3834,46
2021-04-26,Merced,047,269075,30560,30611,1010,31621,443
2021-04-26,Modoc,049,8938,363,360,119,479,3
2021-04-26,Mono,051,14174,1247,1258,16,1274,3
2021-04-26,Monterey,053,433212,42896,42740,1809,44549,379
2021-04-26,Napa,055,140530,9741,9769,30,9799,79
2021-04-26,Nevada,057,99092,4631,4548,185,4733,70
2021-04-26,Orange,059,3164182,253945,252592,11027,263619,4919
2021-04-26,Placer,061,380077,22628,22032,1396,23428,285
2021-04-26,Plumas,063,18699,688,670,10,680,4
2021-04-26,Riverside,065,2383286,292350,286724,13703,300427,4401
2021-04-26,Sacramento,067,1510023,103103,102459,1613,104072,1587
2021-04-26,San Benito,069,59416,6003,6013,110,6123,63
2021-04-26,San Bernardino,071,2135413,291610,290394,8834,299228,4572
2021-04-26,San Diego,073,3302833,277300,275541,14451,289992,3692
2021-04-26,San Francisco,075,870044,36193,36330,1241,37571,532
2021-04-26,San Joaquin,077,732212,71803,71050,3364,74414,1301
2021-04-26,San Luis Obispo,079,281455,21108,20830,706,21536,255
2021-04-26,San Mateo,081,765935,41785,41457,450,41907,357
2021-04-26,Santa Barbara,083,443738,34123,33948,1106,35054,448
2021-04-26,Santa Clara,085,1922200,117362,117874,715,118589,1968
2021-04-26,Santa Cruz,087,273765,16102,15877,793,16670,205
2021-04-26,Shasta,089,179085,11780,11787,1434,13221,192
2021-04-26,Sierra,091,2930,55,51,12,63,0
2021-04-26,Siskiyou,093,43540,1723,1592,288,1880,11
2021-04-26,Solano,095,438530,32031,31913,489,32402,247
2021-04-26,Sonoma,097,501317,29599,29755,304,30059,318
2021-04-26,Stanislaus,099,539301,54981,54638,5733,60371,744
2021-04-26,Sutter,101,95872,9300,9328,80,9408,110
2021-04-26,Tehama,103,63373,4951,4920,539,5459,53
2021-04-26,Trinity,105,12862,482,326,82,408,3
2021-04-26,Tulare,107,460477,49740,48735,8653,57388,831
2021-04-26,Tuolumne,109,53932,3978,4024,41,4065,58
2021-04-26,Ventura,111,848112,80723,80137,2905,83042,999
2021-04-26,Yolo,113,214977,13732,13684,198,13882,205
2021-04-26,Yuba,115,75493,5882,5851,118,5969,44
2021-04-25,Alameda,001,1643700,86358,86162,1845,88007,1256
2021-04-25,Alpine,003,1148,87,87,0,87,0
2021-04-25,Amador,005,37829,3639,3643,32,3675,46
2021-04-25,Butte,007,227075,12077,11709,1756,13465,196
2021-04-25,Calaveras,009,45235,2077,2072,11,2083,50
2021-04-25,Colusa,011,21464,1921,1924,289,2213,14
2021-04-25,Contra Costa,013,1133247,67928,67316,1192,68508,789
2021-04-25,Del Norte,015,27424,1294,1259,11,1270,6
2021-04-25,El Dorado,017,186661,9938,9837,706,10543,106
2021-04-25,Fresno,019,978130,101446,101061,8419,109480,1662
2021-04-25,Glenn,021,27897,2383,2366,535,2901,17
2021-04-25,Humboldt,023,135768,3800,3751,30,3781,35
2021-04-25,Imperial,025,180216,28213,28136,2614,30750,720
2021-04-25,Inyo,027,18085,1398,1396,10,1406,36
2021-04-25,Kern,029,883053,96395,95398,10486,105884,1295
2021-04-25,Kings,031,150075,22958,22755,1043,23798,244
2021-04-25,Lake,033,64148,3448,3427,9,3436,43
2021-04-25,Lassen,035,31185,5169,5138,103,5241,1
2021-04-25,Los Angeles,037,10098052,1200580,1190970,40092,1231062,23799
2021-04-25,Madera,039,155013,16454,16346,907,17253,231
2021-04-25,Marin,041,260295,13908,13852,232,14084,227
2021-04-25,Mariposa,043,17540,416,410,11,421,5
2021-04-25,Mendocino,045,87422,3821,3757,77,3834,46
2021-04-25,Merced,047,269075,30526,30586,1009,31595,443
2021-04-25,Modoc,049,8938,363,360,119,479,3
2021-04-25,Mono,051,14174,1247,1257,16,1273,3
2021-04-25,Monterey,053,433212,42883,42737,1807,44544,379
2021-04-25,Napa,055,140530,9736,9762,30,9792,79
2021-04-25,Nevada,057,99092,4619,4536,185,4721,70
2021-04-25,Orange,059,3164182,253869,252531,11021,263552,4919
2021-04-25,Placer,061,380077,22582,22011,1388,23399,285
2021-04-25,Plumas,063,18699,687,670,10,680,4
2021-04-25,Riverside,065,2383286,292257,286651,13697,300348,4401
2021-04-25,Sacramento,067,1510023,102935,102319,1603,103922,1587
2021-04-25,San Benito,069,59416,6001,6014,109,6123,63
2021-04-25,San Bernardino,071,2135413,291535,290357,8826,299183,4571
2021-04-25,San Diego,073,3302833,277087,275412,14418,289830,3692
2021-04-25,San Francisco,075,870044,36162,36310,1241,37551,532
2021-04-25,San Joaquin,077,732212,71708,70987,3354,74341,1301
2021-04-25,San Luis Obispo,079,281455,21089,20820,704,21524,255
2021-04-25,San Mateo,081,765935,41750,41465,449,41914,356
2021-04-25,Santa Barbara,083,443738,34097,33931,1106,35037,448
2021-04-25,Santa Clara,085,1922200,117283,117778,713,118491,1968
2021-04-25,Santa Cruz,087,273765,16096,15868,791,16659,205
2021-04-25,Shasta,089,179085,11757,11784,1429,13213,192
2021-04-25,Sierra,091,2930,55,51,12,63,0
2021-04-25,Siskiyou,093,43540,1712,1580,286,1866,11
2021-04-25,Solano,095,438530,31984,31864,481,32345,247
2021-04-25,Sonoma,097,501317,29581,29756,304,30060,318
2021-04-25,Stanislaus,099,539301,54885,54543,5725,60268,744
2021-04-25,Sutter,101,95872,9294,9326,80,9406,110
2021-04-25,Tehama,103,63373,4947,4916,537,5453,53
2021-04-25,Trinity,105,12862,482,326,82,408,3
2021-04-25,Tulare,107,460477,49724,48728,8640,57368,831
2021-04-25,Tuolumne,109,53932,3976,4022,41,4063,58
2021-04-25,Ventura,111,848112,80699,80110,2905,83015,999
2021-04-25,Yolo,113,214977,13706,13667,197,13864,205
2021-04-25,Yuba,115,75493,5879,5849,117,5966,44
2021-04-24,Alameda,001,1643700,86303,86016,1843,87859,1257
2021-04-24,Alpine,003,1148,87,86,0,86,0
2021-04-24,Amador,005,37829,3638,3640,32,3672,46
2021-04-24,Butte,007,227075,12061,11678,1754,13432,196
2021-04-24,Calaveras,009,45235,2073,2067,11,2078,50
2021-04-24,Colusa,011,21464,1920,1921,289,2210,14
2021-04-24,Contra Costa,013,1133247,67857,67222,1190,68412,789
2021-04-24,Del Norte,015,27424,1289,1255,11,1266,6
2021-04-24,El Dorado,017,186661,9927,9814,705,10519,106
2021-04-24,Fresno,019,978130,101415,100991,8413,109404,1662
2021-04-24,Glenn,021,27897,2383,2363,535,2898,17
2021-04-24,Humboldt,023,135768,3786,3722,30,3752,35
2021-04-24,Imperial,025,180216,28206,28124,2613,30737,720
2021-04-24,Inyo,027,18085,1397,1396,10,1406,36
2021-04-24,Kern,029,883053,96376,95365,10476,105841,1295
2021-04-24,Kings,031,150075,22955,22749,1043,23792,244
2021-04-24,Lake,033,64148,3447,3426,9,3435,43
2021-04-24,Lassen,035,31185,5168,5137,103,5240,1
2021-04-24,Los Angeles,037,10098052,1200348,1190603,40076,1230679,23802
2021-04-24,Madera,039,155013,16451,16338,907,17245,231
2021-04-24,Marin,041,260295,13900,13847,232,14079,227
2021-04-24,Mariposa,043,17540,416,409,11,420,5
2021-04-24,Mendocino,045,87422,3819,3754,75,3829,46
2021-04-24,Merced,047,269075,30506,30559,1009,31568,443
2021-04-24,Modoc,049,8938,363,360,119,479,3
2021-04-24,Mono,051,14174,1247,1256,16,1272,3
2021-04-24,Monterey,053,433212,42871,42727,1806,44533,379
2021-04-24,Napa,055,140530,9730,9756,30,9786,79
2021-04-24,Nevada,057,99092,4612,4522,185,4707,70
2021-04-24,Orange,059,3164182,253825,252441,11015,263456,4910
2021-04-24,Placer,061,380077,22569,21983,1387,23370,285
2021-04-24,Plumas,063,18699,686,670,10,680,4
2021-04-24,Riverside,065,2383286,292189,286552,13693,300245,4400
2021-04-24,Sacramento,067,1510023,102852,102179,1596,103775,1587
2021-04-24,San Benito,069,59416,5999,6007,109,6116,63
2021-04-24,San Bernardino,071,2135413,291487,290264,8825,299089,4568
2021-04-24,San Diego,073,3302833,276984,275252,14398,289650,3688
2021-04-24,San Francisco,075,870044,36133,36285,1236,37521,532
2021-04-24,San Joaquin,077,732212,71665,70911,3351,74262,1301
2021-04-24,San Luis Obispo,079,281455,21079,20797,703,21500,255
2021-04-24,San Mateo,081,765935,41737,41424,447,41871,355
2021-04-24,Santa Barbara,083,443738,34082,33911,1105,35016,448
2021-04-24,Santa Clara,085,1922200,117228,117674,711,118385,1968
2021-04-24,Santa Cruz,087,273765,16088,15840,791,16631,205
2021-04-24,Shasta,089,179085,11739,11770,1426,13196,192
2021-04-24,Sierra,091,2930,55,51,12,63,0
2021-04-24,Siskiyou,093,43540,1702,1574,285,1859,11
2021-04-24,Solano,095,438530,31961,31821,478,32299,247
2021-04-24,Sonoma,097,501317,29579,29739,304,30043,318
2021-04-24,Stanislaus,099,539301,54836,54455,5722,60177,744
2021-04-24,Sutter,101,95872,9291,9316,80,9396,110
2021-04-24,Tehama,103,63373,4942,4907,537,5444,53
2021-04-24,Trinity,105,12862,482,326,82,408,3
2021-04-24,Tulare,107,460477,49713,48705,8630,57335,830
2021-04-24,Tuolumne,109,53932,3972,4020,41,4061,58
2021-04-24,Ventura,111,848112,80686,80097,2903,83000,999
2021-04-24,Yolo,113,214977,13695,13653,197,13850,205
2021-04-24,Yuba,115,75493,5877,5837,117,5954,44
2021-04-23,Alameda,001,1643700,86229,85935,1840,87775,1256
2021-04-23,Alpine,003,1148,86,86,0,86,0
2021-04-23,Amador,005,37829,3637,3637,32,3669,46
2021-04-23,Butte,007,227075,12040,11672,1749,13421,196
2021-04-23,Calaveras,009,45235,2070,2064,11,2075,50
2021-04-23,Colusa,011,21464,1919,1921,289,2210,14
2021-04-23,Contra Costa,013,1133247,67803,67164,1188,68352,785
2021-04-23,Del Norte,015,27424,1288,1254,11,1265,6
2021-04-23,El Dorado,017,186661,9909,9788,702,10490,106
2021-04-23,Fresno,019,978130,101374,100928,8407,109335,1662
2021-04-23,Glenn,021,27897,2383,2361,534,2895,17
2021-04-23,Humboldt,023,135768,3776,3698,30,3728,35
2021-04-23,Imperial,025,180216,28191,28108,2612,30720,720
2021-04-23,Inyo,027,18085,1397,1395,10,1405,36
2021-04-23,Kern,029,883053,96351,95330,10470,105800,1295
2021-04-23,Kings,031,150075,22952,22735,1043,23778,244
2021-04-23,Lake,033,64148,3445,3425,9,3434,43
2021-04-23,Lassen,035,31185,5168,5141,103,5244,1
2021-04-23,Los Angeles,037,10098052,1200078,1190264,40052,1230316,23785
2021-04-23,Madera,039,155013,16442,16328,907,17235,231
2021-04-23,Marin,041,260295,13895,13838,232,14070,227
2021-04-23,Mariposa,043,17540,415,405,11,416,5
2021-04-23,Mendocino,045,87422,3817,3745,74,3819,46
2021-04-23,Merced,047,269075,30489,30530,1008,31538,443
2021-04-23,Modoc,049,8938,363,360,119,479,3
2021-04-23,Mono,051,14174,1245,1256,16,1272,3
2021-04-23,Monterey,053,433212,42865,42722,1806,44528,377
2021-04-23,Napa,055,140530,9725,9752,30,9782,79
2021-04-23,Nevada,057,99092,4603,4510,185,4695,70
2021-04-23,Orange,059,3164182,253781,252399,11008,263407,4904
2021-04-23,Placer,061,380077,22546,21959,1386,23345,282
2021-04-23,Plumas,063,18699,685,670,10,680,4
2021-04-23,Riverside,065,2383286,292130,286456,13688,300144,4399
2021-04-23,Sacramento,067,1510023,102765,102041,1593,103634,1586
2021-04-23,San Benito,069,59416,5997,6005,109,6114,63
2021-04-23,San Bernardino,071,2135413,291436,290189,8824,299013,4568
2021-04-23,San Diego,073,3302833,276845,275097,14375,289472,3684
2021-04-23,San Francisco,075,870044,36117,36252,1235,37487,532
2021-04-23,San Joaquin,077,732212,71609,70840,3348,74188,1295
2021-04-23,San Luis Obispo,079,281455,21070,20781,702,21483,255
2021-04-23,San Mateo,081,765935,41711,41386,447,41833,355
2021-04-23,Santa Barbara,083,443738,34072,33895,1103,34998,447
2021-04-23,Santa Clara,085,1922200,117166,117593,710,118303,1965
2021-04-23,Santa Cruz,087,273765,16081,15802,791,16593,205
2021-04-23,Shasta,089,179085,11732,11759,1425,13184,192
2021-04-23,Sierra,091,2930,55,51,12,63,0
2021-04-23,Siskiyou,093,43540,1690,1567,284,1851,11
2021-04-23,Solano,095,438530,31929,31784,474,32258,247
2021-04-23,Sonoma,097,501317,29565,29727,304,30031,318
2021-04-23,Stanislaus,099,539301,54774,54391,5714,60105,744
2021-04-23,Sutter,101,95872,9289,9312,80,9392,110
2021-04-23,Tehama,103,63373,4939,4906,537,5443,53
2021-04-23,Trinity,105,12862,482,326,82,408,3
2021-04-23,Tulare,107,460477,49696,48694,8623,57317,829
2021-04-23,Tuolumne,109,53932,3971,4020,41,4061,58
2021-04-23,Ventura,111,848112,80667,80095,2903,82998,996
2021-04-23,Yolo,113,214977,13683,13647,197,13844,205
2021-04-23,Yuba,115,75493,5874,5828,117,5945,44
2021-04-22,Alameda,001,1643700,86138,85829,1839,87668,1253
2021-04-22,Alpine,003,1148,86,86,0,86,0
2021-04-22,Amador,005,37829,3636,3633,32,3665,46
2021-04-22,Butte,007,227075,12026,11656,1746,13402,196
2021-04-22,Calaveras,009,45235,2068,2059,11,2070,50
2021-04-22,Colusa,011,21464,1917,1920,287,2207,14
2021-04-22,Contra Costa,013,1133247,67731,67029,1184,68213,782
2021-04-22,Del Norte,015,27424,1283,1252,11,1263,6
2021-04-22,El Dorado,017,186661,9897,9773,699,10472,106
2021-04-22,Fresno,019,978130,101329,100864,8396,109260,1657
2021-04-22,Glenn,021,27897,2382,2361,534,2895,17
2021-04-22,Humboldt,023,135768,3767,3680,30,3710,35
2021-04-22,Imperial,025,180216,28170,28096,2609,30705,720
2021-04-22,Inyo,027,18085,1396,1394,10,1404,36
2021-04-22,Kern,029,883053,96308,95292,10455,105747,1299
2021-04-22,Kings,031,150075,22942,22725,1043,23768,243
2021-04-22,Lake,033,64148,3443,3423,9,3432,43
2021-04-22,Lassen,035,31185,5168,5155,103,5258,1
2021-04-22,Los Angeles,037,10098052,1199756,1189878,40031,1229909,23762
2021-04-22,Madera,039,155013,16423,16316,907,17223,231
2021-04-22,Marin,041,260295,13887,13832,232,14064,227
2021-04-22,Mariposa,043,17540,414,403,11,414,5
2021-04-22,Mendocino,045,87422,3811,3729,74,3803,46
2021-04-22,Merced,047,269075,30454,30490,1007,31497,443
2021-04-22,Modoc,049,8938,363,360,119,479,3
2021-04-22,Mono,051,14174,1245,1254,16,1270,3
2021-04-22,Monterey,053,433212,42858,42708,1804,44512,377
2021-04-22,Napa,055,140530,9715,9734,30,9764,79
2021-04-22,Nevada,057,99092,4593,4504,183,4687,70
2021-04-22,Orange,059,3164182,253708,252307,10995,263302,4898
2021-04-22,Placer,061,380077,22516,21916,1382,23298,282
2021-04-22,Plumas,063,18699,684,670,10,680,4
2021-04-22,Riverside,065,2383286,292031,286362,13679,300041,4398
2021-04-22,Sacramento,067,1510023,102616,101870,1584,103454,1585
2021-04-22,San Benito,069,59416,5993,5998,109,6107,63
2021-04-22,San Bernardino,071,2135413,291367,290125,8815,298940,4571
2021-04-22,San Diego,073,3302833,276679,275913,14353,290266,3684
2021-04-22,San Francisco,075,870044,36094,36218,1232,37450,532
2021-04-22,San Joaquin,077,732212,71550,70751,3341,74092,1295
2021-04-22,San Luis Obispo,079,281455,21056,20761,702,21463,255
2021-04-22,San Mateo,081,765935,41685,41345,445,41790,355
2021-04-22,Santa Barbara,083,443738,34049,33870,1102,34972,446
2021-04-22,Santa Clara,085,1922200,117078,117457,706,118163,1954
2021-04-22,Santa Cruz,087,273765,16078,15737,790,16527,205
2021-04-22,Shasta,089,179085,11717,11738,1423,13161,192
2021-04-22,Sierra,091,2930,55,51,12,63,0
2021-04-22,Siskiyou,093,43540,1686,1564,283,1847,11
2021-04-22,Solano,095,438530,31884,31731,471,32202,247
2021-04-22,Sonoma,097,501317,29550,29705,300,30005,318
2021-04-22,Stanislaus,099,539301,54701,54313,5708,60021,744
2021-04-22,Sutter,101,95872,9285,9302,80,9382,110
2021-04-22,Tehama,103,63373,4933,4896,533,5429,53
2021-04-22,Trinity,105,12862,482,326,82,408,3
2021-04-22,Tulare,107,460477,49676,48669,8614,57283,828
2021-04-22,Tuolumne,109,53932,3967,4020,41,4061,58
2021-04-22,Ventura,111,848112,80641,80073,2901,82974,996
2021-04-22,Yolo,113,214977,13662,13616,197,13813,205
2021-04-22,Yuba,115,75493,5864,5825,117,5942,44
2021-04-21,Alameda,001,1643700,86059,85762,1837,87599,1249
2021-04-21,Alpine,003,1148,86,86,0,86,0
2021-04-21,Amador,005,37829,3633,3632,32,3664,46
2021-04-21,Butte,007,227075,12006,11643,1744,13387,196
2021-04-21,Calaveras,009,45235,2060,2057,11,2068,50
2021-04-21,Colusa,011,21464,1915,1920,286,2206,14
2021-04-21,Contra Costa,013,1133247,67665,66981,1183,68164,782
2021-04-21,Del Norte,015,27424,1279,1252,11,1263,6
2021-04-21,El Dorado,017,186661,9880,9760,696,10456,106
2021-04-21,Fresno,019,978130,101273,100838,8390,109228,1654
2021-04-21,Glenn,021,27897,2381,2361,534,2895,17
2021-04-21,Humboldt,023,135768,3748,3642,30,3672,35
2021-04-21,Imperial,025,180216,28158,28052,2608,30660,719
2021-04-21,Inyo,027,18085,1396,1392,10,1402,36
2021-04-21,Kern,029,883053,96262,95257,10445,105702,1297
2021-04-21,Kings,031,150075,22935,22713,1042,23755,243
2021-04-21,Lake,033,64148,3440,3421,9,3430,43
2021-04-21,Lassen,035,31185,5167,5156,103,5259,1
2021-04-21,Los Angeles,037,10098052,1199414,1189530,40012,1229542,23729
2021-04-21,Madera,039,155013,16418,16309,907,17216,231
2021-04-21,Marin,041,260295,13872,13822,232,14054,227
2021-04-21,Mariposa,043,17540,413,402,11,413,5
2021-04-21,Mendocino,045,87422,3809,3729,74,3803,46
2021-04-21,Merced,047,269075,30434,30471,1005,31476,442
2021-04-21,Modoc,049,8938,363,360,119,479,3
2021-04-21,Mono,051,14174,1245,1254,16,1270,3
2021-04-21,Monterey,053,433212,42843,42699,1802,44501,377
2021-04-21,Napa,055,140530,9709,9727,30,9757,79
2021-04-21,Nevada,057,99092,4579,4499,183,4682,70
2021-04-21,Orange,059,3164182,253631,252243,10982,263225,4889
2021-04-21,Placer,061,380077,22485,21896,1377,23273,282
2021-04-21,Plumas,063,18699,684,670,10,680,4
2021-04-21,Riverside,065,2383286,291937,286299,13672,299971,4388
2021-04-21,Sacramento,067,1510023,102487,101803,1578,103381,1579
2021-04-21,San Benito,069,59416,5990,5998,109,6107,63
2021-04-21,San Bernardino,071,2135413,291291,290049,8813,298862,4572
2021-04-21,San Diego,073,3302833,276470,275632,14315,289947,3681
2021-04-21,San Francisco,075,870044,36074,36194,1231,37425,529
2021-04-21,San Joaquin,077,732212,71495,70687,3331,74018,1295
2021-04-21,San Luis Obispo,079,281455,21041,20724,701,21425,255
2021-04-21,San Mateo,081,765935,41654,41318,444,41762,355
2021-04-21,Santa Barbara,083,443738,34030,33830,1101,34931,445
2021-04-21,Santa Clara,085,1922200,117000,117318,700,118018,1946
2021-04-21,Santa Cruz,087,273765,16069,15698,790,16488,204
2021-04-21,Shasta,089,179085,11698,11722,1421,13143,192
2021-04-21,Sierra,091,2930,55,51,12,63,0
2021-04-21,Siskiyou,093,43540,1679,1557,283,1840,11
2021-04-21,Solano,095,438530,31845,31712,470,32182,244
2021-04-21,Sonoma,097,501317,29538,29697,299,29996,318
2021-04-21,Stanislaus,099,539301,54640,54290,5702,59992,742
2021-04-21,Sutter,101,95872,9277,9297,80,9377,110
2021-04-21,Tehama,103,63373,4926,4893,532,5425,53
2021-04-21,Trinity,105,12862,482,326,82,408,3
2021-04-21,Tulare,107,460477,49661,48653,8601,57254,828
2021-04-21,Tuolumne,109,53932,3964,4019,41,4060,58
2021-04-21,Ventura,111,848112,80609,80039,2898,82937,996
2021-04-21,Yolo,113,214977,13642,13606,196,13802,200
2021-04-21,Yuba,115,75493,5857,5822,116,5938,44
2021-04-20,Alameda,001,1643700,85964,85652,1835,87487,1248
2021-04-20,Alpine,003,1148,85,85,0,85,0
2021-04-20,Amador,005,37829,3632,3631,32,3663,46
2021-04-20,Butte,007,227075,11987,11619,1742,13361,196
2021-04-20,Calaveras,009,45235,2059,2053,11,2064,50
2021-04-20,Colusa,011,21464,1915,1915,285,2200,14
2021-04-20,Contra Costa,013,1133247,67581,66889,1180,68069,782
2021-04-20,Del Norte,015,27424,1278,1250,11,1261,6
2021-04-20,El Dorado,017,186661,9852,9743,694,10437,106
2021-04-20,Fresno,019,978130,101215,100768,8380,109148,1650
2021-04-20,Glenn,021,27897,2379,2359,533,2892,17
2021-04-20,Humboldt,023,135768,3730,3612,30,3642,35
2021-04-20,Imperial,025,180216,28139,28024,2604,30628,719
2021-04-20,Inyo,027,18085,1396,1393,10,1403,36
2021-04-20,Kern,029,883053,96226,95223,10429,105652,1295
2021-04-20,Kings,031,150075,22929,22693,1039,23732,243
2021-04-20,Lake,033,64148,3438,3418,9,3427,43
2021-04-20,Lassen,035,31185,5167,5155,103,5258,1
2021-04-20,Los Angeles,037,10098052,1199067,1189256,39982,1229238,23694
2021-04-20,Madera,039,155013,16412,16301,907,17208,231
2021-04-20,Marin,041,260295,13858,13807,232,14039,227
2021-04-20,Mariposa,043,17540,412,402,11,413,5
2021-04-20,Mendocino,045,87422,3808,3726,74,3800,46
2021-04-20,Merced,047,269075,30407,30439,1004,31443,441
2021-04-20,Modoc,049,8938,363,359,119,478,3
2021-04-20,Mono,051,14174,1244,1254,16,1270,3
2021-04-20,Monterey,053,433212,42832,42663,1800,44463,363
2021-04-20,Napa,055,140530,9705,9711,30,9741,79
2021-04-20,Nevada,057,99092,4561,4485,183,4668,70
2021-04-20,Orange,059,3164182,253541,252134,10970,263104,4887
2021-04-20,Placer,061,380077,22451,21846,1373,23219,282
2021-04-20,Plumas,063,18699,683,670,10,680,4
2021-04-20,Riverside,065,2383286,291840,286194,13667,299861,4388
2021-04-20,Sacramento,067,1510023,102349,101629,1570,103199,1574
2021-04-20,San Benito,069,59416,5987,5988,109,6097,63
2021-04-20,San Bernardino,071,2135413,291210,289905,8811,298716,4569
2021-04-20,San Diego,073,3302833,276239,275369,14282,289651,3674
2021-04-20,San Francisco,075,870044,36054,36117,1230,37347,529
2021-04-20,San Joaquin,077,732212,71422,70590,3322,73912,1289
2021-04-20,San Luis Obispo,079,281455,21018,20691,693,21384,254
2021-04-20,San Mateo,081,765935,41623,41251,444,41695,355
2021-04-20,Santa Barbara,083,443738,34011,33803,1101,34904,445
2021-04-20,Santa Clara,085,1922200,116902,117228,696,117924,1944
2021-04-20,Santa Cruz,087,273765,16057,15647,790,16437,204
2021-04-20,Shasta,089,179085,11682,11677,1418,13095,189
2021-04-20,Sierra,091,2930,55,51,12,63,0
2021-04-20,Siskiyou,093,43540,1671,1551,282,1833,10
2021-04-20,Solano,095,438530,31789,31673,466,32139,243
2021-04-20,Sonoma,097,501317,29529,29676,297,29973,311
2021-04-20,Stanislaus,099,539301,54575,54236,5689,59925,735
2021-04-20,Sutter,101,95872,9273,9279,80,9359,109
2021-04-20,Tehama,103,63373,4921,4887,531,5418,52
2021-04-20,Trinity,105,12862,482,326,82,408,3
2021-04-20,Tulare,107,460477,49639,48650,8593,57243,831
2021-04-20,Tuolumne,109,53932,3964,4014,41,4055,58
2021-04-20,Ventura,111,848112,80581,80018,2896,82914,995
2021-04-20,Yolo,113,214977,13622,13581,195,13776,200
2021-04-20,Yuba,115,75493,5847,5814,116,5930,44
2021-04-19,Alameda,001,1643700,85846,85583,1831,87414,1247
2021-04-19,Alpine,003,1148,85,85,0,85,0
2021-04-19,Amador,005,37829,3631,3629,32,3661,46
2021-04-19,Butte,007,227075,11969,11601,1737,13338,196
2021-04-19,Calaveras,009,45235,2057,2050,11,2061,50
2021-04-19,Colusa,011,21464,1915,1913,284,2197,14
2021-04-19,Contra Costa,013,1133247,67503,66833,1178,68011,782
2021-04-19,Del Norte,015,27424,1276,1247,11,1258,6
2021-04-19,El Dorado,017,186661,9836,9726,689,10415,106
2021-04-19,Fresno,019,978130,101147,100702,8368,109070,1646
2021-04-19,Glenn,021,27897,2379,2358,532,2890,17
2021-04-19,Humboldt,023,135768,3710,3602,28,3630,35
2021-04-19,Imperial,025,180216,28118,27995,2604,30599,719
2021-04-19,Inyo,027,18085,1396,1392,10,1402,36
2021-04-19,Kern,029,883053,96196,95162,10414,105576,1290
2021-04-19,Kings,031,150075,22914,22688,1039,23727,243
2021-04-19,Lake,033,64148,3437,3416,9,3425,43
2021-04-19,Lassen,035,31185,5166,5156,103,5259,1
2021-04-19,Los Angeles,037,10098052,1198688,1188945,39957,1228902,23666
2021-04-19,Madera,039,155013,16401,16289,906,17195,231
2021-04-19,Marin,041,260295,13847,13804,231,14035,226
2021-04-19,Mariposa,043,17540,411,401,11,412,5
2021-04-19,Mendocino,045,87422,3806,3722,74,3796,46
2021-04-19,Merced,047,269075,30378,30422,1003,31425,441
2021-04-19,Modoc,049,8938,363,359,119,478,3
2021-04-19,Mono,051,14174,1243,1254,16,1270,3
2021-04-19,Monterey,053,433212,42819,42642,1795,44437,356
2021-04-19,Napa,055,140530,9697,9680,30,9710,79
2021-04-19,Nevada,057,99092,4545,4477,183,4660,70
2021-04-19,Orange,059,3164182,253423,252013,10955,262968,4883
2021-04-19,Placer,061,380077,22428,21814,1369,23183,282
2021-04-19,Plumas,063,18699,683,665,10,675,4
2021-04-19,Riverside,065,2383286,291745,286087,13657,299744,4371
2021-04-19,Sacramento,067,1510023,102214,101482,1560,103042,1572
2021-04-19,San Benito,069,59416,5979,5989,109,6098,63
2021-04-19,San Bernardino,071,2135413,291125,289738,8805,298543,4561
2021-04-19,San Diego,073,3302833,275991,275113,14249,289362,3674
2021-04-19,San Francisco,075,870044,36017,36094,1228,37322,529
2021-04-19,San Joaquin,077,732212,71342,70514,3316,73830,1289
2021-04-19,San Luis Obispo,079,281455,20992,20669,687,21356,254
2021-04-19,San Mateo,081,765935,41590,41226,443,41669,355
2021-04-19,Santa Barbara,083,443738,33997,33786,1101,34887,446
2021-04-19,Santa Clara,085,1922200,116791,117099,692,117791,1944
2021-04-19,Santa Cruz,087,273765,16045,15600,790,16390,204
2021-04-19,Shasta,089,179085,11667,11662,1410,13072,189
2021-04-19,Sierra,091,2930,55,51,12,63,0
2021-04-19,Siskiyou,093,43540,1661,1544,282,1826,10
2021-04-19,Solano,095,438530,31750,31643,461,32104,239
2021-04-19,Sonoma,097,501317,29510,29667,297,29964,311
2021-04-19,Stanislaus,099,539301,54499,54179,5685,59864,728
2021-04-19,Sutter,101,95872,9262,9269,80,9349,109
2021-04-19,Tehama,103,63373,4915,4878,531,5409,52
2021-04-19,Trinity,105,12862,482,326,81,407,3
2021-04-19,Tulare,107,460477,49623,48630,8580,57210,831
2021-04-19,Tuolumne,109,53932,3963,4010,41,4051,58
2021-04-19,Ventura,111,848112,80555,80000,2894,82894,996
2021-04-19,Yolo,113,214977,13609,13572,193,13765,200
2021-04-19,Yuba,115,75493,5840,5804,115,5919,44
2021-04-18,Alameda,001,1643700,85731,85481,1823,87304,1247
2021-04-18,Alpine,003,1148,85,85,0,85,0
2021-04-18,Amador,005,37829,3628,3627,32,3659,46
2021-04-18,Butte,007,227075,11951,11591,1732,13323,196
2021-04-18,Calaveras,009,45235,2051,2047,11,2058,50
2021-04-18,Colusa,011,21464,1911,1912,283,2195,14
2021-04-18,Contra Costa,013,1133247,67400,66750,1174,67924,782
2021-04-18,Del Norte,015,27424,1276,1240,11,1251,6
2021-04-18,El Dorado,017,186661,9813,9710,687,10397,106
2021-04-18,Fresno,019,978130,101089,100621,8362,108983,1646
2021-04-18,Glenn,021,27897,2374,2358,532,2890,17
2021-04-18,Humboldt,023,135768,3682,3590,28,3618,35
2021-04-18,Imperial,025,180216,28103,27991,2599,30590,719
2021-04-18,Inyo,027,18085,1395,1392,10,1402,36
2021-04-18,Kern,029,883053,96160,95129,10399,105528,1290
2021-04-18,Kings,031,150075,22905,22685,1039,23724,243
2021-04-18,Lake,033,64148,3436,3413,9,3422,43
2021-04-18,Lassen,035,31185,5163,5156,103,5259,1
2021-04-18,Los Angeles,037,10098052,1198228,1188620,39934,1228554,23648
2021-04-18,Madera,039,155013,16390,16277,905,17182,231
2021-04-18,Marin,041,260295,13840,13801,230,14031,226
2021-04-18,Mariposa,043,17540,410,400,10,410,5
2021-04-18,Mendocino,045,87422,3803,3722,74,3796,46
2021-04-18,Merced,047,269075,30341,30405,1002,31407,441
2021-04-18,Modoc,049,8938,363,359,119,478,3
2021-04-18,Mono,051,14174,1243,1254,16,1270,3
2021-04-18,Monterey,053,433212,42807,42638,1794,44432,356
2021-04-18,Napa,055,140530,9681,9674,30,9704,79
2021-04-18,Nevada,057,99092,4530,4464,183,4647,70
2021-04-18,Orange,059,3164182,253309,251940,10948,262888,4883
2021-04-18,Placer,061,380077,22385,21783,1364,23147,282
2021-04-18,Plumas,063,18699,682,665,10,675,4
2021-04-18,Riverside,065,2383286,291655,286043,13653,299696,4371
2021-04-18,Sacramento,067,1510023,102038,101354,1554,102908,1572
2021-04-18,San Benito,069,59416,5977,5989,109,6098,63
2021-04-18,San Bernardino,071,2135413,291032,289691,8796,298487,4556
2021-04-18,San Diego,073,3302833,275712,274961,14214,289175,3674
2021-04-18,San Francisco,075,870044,35980,36073,1224,37297,525
2021-04-18,San Joaquin,077,732212,71261,70466,3307,73773,1289
2021-04-18,San Luis Obispo,079,281455,20970,20656,681,21337,254
2021-04-18,San Mateo,081,765935,41561,41201,442,41643,352
2021-04-18,Santa Barbara,083,443738,33962,33769,1100,34869,446
2021-04-18,Santa Clara,085,1922200,116624,116996,687,117683,1944
2021-04-18,Santa Cruz,087,273765,16035,15580,789,16369,204
2021-04-18,Shasta,089,179085,11646,11658,1407,13065,189
2021-04-18,Sierra,091,2930,55,51,12,63,0
2021-04-18,Siskiyou,093,43540,1650,1538,281,1819,10
2021-04-18,Solano,095,438530,31700,31606,460,32066,239
2021-04-18,Sonoma,097,501317,29494,29660,295,29955,311
2021-04-18,Stanislaus,099,539301,54417,54132,5679,59811,728
2021-04-18,Sutter,101,95872,9248,9261,80,9341,109
2021-04-18,Tehama,103,63373,4906,4877,530,5407,52
2021-04-18,Trinity,105,12862,482,326,81,407,3
2021-04-18,Tulare,107,460477,49610,48618,8575,57193,829
2021-04-18,Tuolumne,109,53932,3962,4008,40,4048,58
2021-04-18,Ventura,111,848112,80524,79984,2891,82875,996
2021-04-18,Yolo,113,214977,13597,13562,191,13753,200
2021-04-18,Yuba,115,75493,5833,5804,115,5919,44
2021-04-17,Alameda,001,1643700,85658,85367,1821,87188,1247
2021-04-17,Alpine,003,1148,85,85,0,85,0
2021-04-17,Amador,005,37829,3626,3625,32,3657,46
2021-04-17,Butte,007,227075,11931,11573,1728,13301,196
2021-04-17,Calaveras,009,45235,2049,2045,11,2056,50
2021-04-17,Colusa,011,21464,1911,1912,283,2195,14
2021-04-17,Contra Costa,013,1133247,67352,66657,1166,67823,782
2021-04-17,Del Norte,015,27424,1276,1238,11,1249,6
2021-04-17,El Dorado,017,186661,9798,9692,684,10376,106
2021-04-17,Fresno,019,978130,101056,100562,8357,108919,1646
2021-04-17,Glenn,021,27897,2374,2357,532,2889,17
2021-04-17,Humboldt,023,135768,3658,3579,28,3607,35
2021-04-17,Imperial,025,180216,28092,27987,2599,30586,719
2021-04-17,Inyo,027,18085,1392,1392,10,1402,36
2021-04-17,Kern,029,883053,96142,95102,10395,105497,1290
2021-04-17,Kings,031,150075,22900,22678,1038,23716,243
2021-04-17,Lake,033,64148,3435,3409,9,3418,43
2021-04-17,Lassen,035,31185,5163,5154,103,5257,1
2021-04-17,Los Angeles,037,10098052,1197969,1188262,39903,1228165,23653
2021-04-17,Madera,039,155013,16386,16260,904,17164,231
2021-04-17,Marin,041,260295,13836,13797,230,14027,226
2021-04-17,Mariposa,043,17540,409,398,10,408,5
2021-04-17,Mendocino,045,87422,3800,3721,74,3795,46
2021-04-17,Merced,047,269075,30325,30392,1001,31393,441
2021-04-17,Modoc,049,8938,363,357,119,476,3
2021-04-17,Mono,051,14174,1243,1253,16,1269,3
2021-04-17,Monterey,053,433212,42798,42630,1792,44422,356
2021-04-17,Napa,055,140530,9677,9666,30,9696,79
2021-04-17,Nevada,057,99092,4522,4457,183,4640,70
2021-04-17,Orange,059,3164182,253240,251873,10936,262809,4878
2021-04-17,Placer,061,380077,22362,21736,1359,23095,282
2021-04-17,Plumas,063,18699,681,666,10,676,4
2021-04-17,Riverside,065,2383286,291586,285963,13645,299608,4371
2021-04-17,Sacramento,067,1510023,101928,101172,1543,102715,1572
2021-04-17,San Benito,069,59416,5971,5986,109,6095,63
2021-04-17,San Bernardino,071,2135413,290977,289624,8793,298417,4555
2021-04-17,San Diego,073,3302833,275565,274812,14180,288992,3674
2021-04-17,San Francisco,075,870044,35958,36032,1221,37253,523
2021-04-17,San Joaquin,077,732212,71221,70372,3297,73669,1288
2021-04-17,San Luis Obispo,079,281455,20957,20642,678,21320,254
2021-04-17,San Mateo,081,765935,41538,41157,442,41599,352
2021-04-17,Santa Barbara,083,443738,33931,33738,1098,34836,446
2021-04-17,Santa Clara,085,1922200,116532,116887,685,117572,1944
2021-04-17,Santa Cruz,087,273765,16029,15571,789,16360,204
2021-04-17,Shasta,089,179085,11631,11647,1406,13053,189
2021-04-17,Sierra,091,2930,55,51,12,63,0
2021-04-17,Siskiyou,093,43540,1645,1539,278,1817,10
2021-04-17,Solano,095,438530,31669,31541,457,31998,239
2021-04-17,Sonoma,097,501317,29487,29637,295,29932,311
2021-04-17,Stanislaus,099,539301,54380,54058,5674,59732,728
2021-04-17,Sutter,101,95872,9242,9252,80,9332,109
2021-04-17,Tehama,103,63373,4900,4875,529,5404,52
2021-04-17,Trinity,105,12862,482,326,81,407,3
2021-04-17,Tulare,107,460477,49598,48603,8571,57174,829
2021-04-17,Tuolumne,109,53932,3960,4005,40,4045,58
2021-04-17,Ventura,111,848112,80503,79964,2891,82855,996
2021-04-17,Yolo,113,214977,13587,13580,191,13771,200
2021-04-17,Yuba,115,75493,5828,5802,114,5916,44
2021-04-16,Alameda,001,1643700,85578,85243,1819,87062,1245
2021-04-16,Alpine,003,1148,85,85,0,85,0
2021-04-16,Amador,005,37829,3621,3621,32,3653,46
2021-04-16,Butte,007,227075,11919,11549,1726,13275,196
2021-04-16,Calaveras,009,45235,2047,2042,11,2053,50
2021-04-16,Colusa,011,21464,1909,1911,283,2194,14
2021-04-16,Contra Costa,013,1133247,67298,66569,1163,67732,782
2021-04-16,Del Norte,015,27424,1275,1237,11,1248,6
2021-04-16,El Dorado,017,186661,9778,9665,680,10345,106
2021-04-16,Fresno,019,978130,101006,100500,8351,108851,1643
2021-04-16,Glenn,021,27897,2374,2355,532,2887,17
2021-04-16,Humboldt,023,135768,3637,3570,27,3597,35
2021-04-16,Imperial,025,180216,28082,27962,2599,30561,719
2021-04-16,Inyo,027,18085,1392,1392,10,1402,36
2021-04-16,Kern,029,883053,96113,95066,10392,105458,1288
2021-04-16,Kings,031,150075,22896,22667,1037,23704,243
2021-04-16,Lake,033,64148,3429,3406,9,3415,43
2021-04-16,Lassen,035,31185,5162,5155,103,5258,1
2021-04-16,Los Angeles,037,10098052,1197668,1187818,39867,1227685,23627
2021-04-16,Madera,039,155013,16380,16250,903,17153,231
2021-04-16,Marin,041,260295,13833,13788,230,14018,226
2021-04-16,Mariposa,043,17540,408,396,9,405,5
2021-04-16,Mendocino,045,87422,3798,3719,74,3793,46
2021-04-16,Merced,047,269075,30310,30355,1001,31356,438
2021-04-16,Modoc,049,8938,363,355,119,474,3
2021-04-16,Mono,051,14174,1243,1253,16,1269,3
2021-04-16,Monterey,053,433212,42787,42620,1789,44409,351
2021-04-16,Napa,055,140530,9669,9653,30,9683,79
2021-04-16,Nevada,057,99092,4513,4443,183,4626,70
2021-04-16,Orange,059,3164182,253176,251770,10927,262697,4873
2021-04-16,Placer,061,380077,22335,21680,1355,23035,282
2021-04-16,Plumas,063,18699,680,665,10,675,4
2021-04-16,Riverside,065,2383286,291509,285818,13643,299461,4369
2021-04-16,Sacramento,067,1510023,101831,100993,1538,102531,1572
2021-04-16,San Benito,069,59416,5969,5982,109,6091,63
2021-04-16,San Bernardino,071,2135413,290930,289424,8792,298216,4550
2021-04-16,San Diego,073,3302833,275411,274567,14162,288729,3662
2021-04-16,San Francisco,075,870044,35932,35993,1218,37211,517
2021-04-16,San Joaquin,077,732212,71154,70280,3289,73569,1288
2021-04-16,San Luis Obispo,079,281455,20945,20623,677,21300,253
2021-04-16,San Mateo,081,765935,41509,41107,441,41548,352
2021-04-16,Santa Barbara,083,443738,33913,33703,1098,34801,446
2021-04-16,Santa Clara,085,1922200,116432,116693,682,117375,1941
2021-04-16,Santa Cruz,087,273765,16027,15539,789,16328,204
2021-04-16,Shasta,089,179085,11619,11623,1405,13028,189
2021-04-16,Sierra,091,2930,55,51,12,63,0
2021-04-16,Siskiyou,093,43540,1641,1530,276,1806,10
2021-04-16,Solano,095,438530,31630,31470,454,31924,239
2021-04-16,Sonoma,097,501317,29476,29617,295,29912,311
2021-04-16,Stanislaus,099,539301,54332,53983,5672,59655,728
2021-04-16,Sutter,101,95872,9236,9247,80,9327,109
2021-04-16,Tehama,103,63373,4899,4866,529,5395,52
2021-04-16,Trinity,105,12862,482,326,81,407,3
2021-04-16,Tulare,107,460477,49586,48583,8567,57150,830
2021-04-16,Tuolumne,109,53932,3957,4005,40,4045,58
2021-04-16,Ventura,111,848112,80478,79942,2886,82828,994
2021-04-16,Yolo,113,214977,13574,13559,189,13748,198
2021-04-16,Yuba,115,75493,5825,5795,113,5908,44
2021-04-15,Alameda,001,1643700,85471,85089,1817,86906,1246
2021-04-15,Alpine,003,1148,85,85,0,85,0
2021-04-15,Amador,005,37829,3620,3616,32,3648,46
2021-04-15,Butte,007,227075,11904,11529,1722,13251,196
2021-04-15,Calaveras,009,45235,2046,2039,11,2050,50
2021-04-15,Colusa,011,21464,1907,1909,282,2191,14
2021-04-15,Contra Costa,013,1133247,67225,66480,1159,67639,781
2021-04-15,Del Norte,015,27424,1268,1235,11,1246,6
2021-04-15,El Dorado,017,186661,9763,9639,678,10317,106
2021-04-15,Fresno,019,978130,100944,100431,8345,108776,1642
2021-04-15,Glenn,021,27897,2374,2354,532,2886,17
2021-04-15,Humboldt,023,135768,3616,3561,27,3588,35
2021-04-15,Imperial,025,180216,28054,27920,2596,30516,718
2021-04-15,Inyo,027,18085,1392,1393,10,1403,36
2021-04-15,Kern,029,883053,96080,94989,10379,105368,1289
2021-04-15,Kings,031,150075,22882,22648,1037,23685,242
2021-04-15,Lake,033,64148,3428,3399,9,3408,43
2021-04-15,Lassen,035,31185,5161,5152,103,5255,1
2021-04-15,Los Angeles,037,10098052,1197263,1187274,39831,1227105,23598
2021-04-15,Madera,039,155013,16365,16234,903,17137,231
2021-04-15,Marin,041,260295,13829,13783,229,14012,226
2021-04-15,Mariposa,043,17540,406,395,9,404,5
2021-04-15,Mendocino,045,87422,3797,3714,74,3788,46
2021-04-15,Merced,047,269075,30284,30325,1000,31325,437
2021-04-15,Modoc,049,8938,363,355,119,474,3
2021-04-15,Mono,051,14174,1242,1253,16,1269,3
2021-04-15,Monterey,053,433212,42777,42604,1787,44391,347
2021-04-15,Napa,055,140530,9661,9645,30,9675,79
2021-04-15,Nevada,057,99092,4501,4434,182,4616,70
2021-04-15,Orange,059,3164182,253081,251679,10915,262594,4857
2021-04-15,Placer,061,380077,22304,21614,1348,22962,281
2021-04-15,Plumas,063,18699,678,665,10,675,4
2021-04-15,Riverside,065,2383286,291405,285698,13636,299334,4363
2021-04-15,Sacramento,067,1510023,101701,100782,1524,102306,1570
2021-04-15,San Benito,069,59416,5966,5969,108,6077,63
2021-04-15,San Bernardino,071,2135413,290840,289288,8785,298073,4544
2021-04-15,San Diego,073,3302833,275164,274250,14103,288353,3653
2021-04-15,San Francisco,075,870044,35913,35947,1216,37163,510
2021-04-15,San Joaquin,077,732212,71073,70189,3281,73470,1288
2021-04-15,San Luis Obispo,079,281455,20929,20591,674,21265,253
2021-04-15,San Mateo,081,765935,41470,41050,440,41490,352
2021-04-15,Santa Barbara,083,443738,33895,33672,1094,34766,446
2021-04-15,Santa Clara,085,1922200,116326,116602,678,117280,1927
2021-04-15,Santa Cruz,087,273765,16017,15509,789,16298,203
2021-04-15,Shasta,089,179085,11605,11597,1401,12998,191
2021-04-15,Sierra,091,2930,55,51,12,63,0
2021-04-15,Siskiyou,093,43540,1635,1524,275,1799,10
2021-04-15,Solano,095,438530,31592,31394,453,31847,239
2021-04-15,Sonoma,097,501317,29462,29587,295,29882,311
2021-04-15,Stanislaus,099,539301,54278,53918,5663,59581,728
2021-04-15,Sutter,101,95872,9229,9237,80,9317,109
2021-04-15,Tehama,103,63373,4898,4854,528,5382,52
2021-04-15,Trinity,105,12862,482,326,81,407,3
2021-04-15,Tulare,107,460477,49565,48556,8567,57123,829
2021-04-15,Tuolumne,109,53932,3957,4003,40,4043,57
2021-04-15,Ventura,111,848112,80459,79917,2884,82801,989
2021-04-15,Yolo,113,214977,13555,13547,187,13734,198
2021-04-15,Yuba,115,75493,5822,5788,113,5901,44
2021-04-14,Alameda,001,1643700,85374,85009,1816,86825,1247
2021-04-14,Alpine,003,1148,85,85,0,85,0
2021-04-14,Amador,005,37829,3619,3613,32,3645,46
2021-04-14,Butte,007,227075,11891,11513,1721,13234,196
2021-04-14,Calaveras,009,45235,2045,2037,11,2048,50
2021-04-14,Colusa,011,21464,1907,1905,282,2187,14
2021-04-14,Contra Costa,013,1133247,67139,66400,1153,67553,781
2021-04-14,Del Norte,015,27424,1268,1228,11,1239,6
2021-04-14,El Dorado,017,186661,9748,9625,673,10298,106
2021-04-14,Fresno,019,978130,100887,100376,8333,108709,1640
2021-04-14,Glenn,021,27897,2374,2353,532,2885,17
2021-04-14,Humboldt,023,135768,3594,3551,26,3577,35
2021-04-14,Imperial,025,180216,28032,27907,2594,30501,718
2021-04-14,Inyo,027,18085,1392,1392,10,1402,36
2021-04-14,Kern,029,883053,96055,94947,10372,105319,1287
2021-04-14,Kings,031,150075,22873,22641,1035,23676,243
2021-04-14,Lake,033,64148,3423,3396,9,3405,43
2021-04-14,Lassen,035,31185,5160,5151,103,5254,1
2021-04-14,Los Angeles,037,10098052,1196864,1186821,39786,1226607,23579
2021-04-14,Madera,039,155013,16356,16218,903,17121,231
2021-04-14,Marin,041,260295,13827,13768,228,13996,226
2021-04-14,Mariposa,043,17540,405,394,9,403,5
2021-04-14,Mendocino,045,87422,3792,3711,74,3785,46
2021-04-14,Merced,047,269075,30268,30296,998,31294,436
2021-04-14,Modoc,049,8938,363,355,119,474,3
2021-04-14,Mono,051,14174,1241,1252,16,1268,3
2021-04-14,Monterey,053,433212,42761,42595,1783,44378,347
2021-04-14,Napa,055,140530,9650,9643,30,9673,79
2021-04-14,Nevada,057,99092,4494,4421,182,4603,70
2021-04-14,Orange,059,3164182,252976,251568,10896,262464,4849
2021-04-14,Placer,061,380077,22271,21575,1347,22922,280
2021-04-14,Plumas,063,18699,678,665,10,675,4
2021-04-14,Riverside,065,2383286,291295,285583,13630,299213,4358
2021-04-14,Sacramento,067,1510023,101526,100645,1510,102155,1570
2021-04-14,San Benito,069,59416,5964,5960,108,6068,62
2021-04-14,San Bernardino,071,2135413,290772,289078,8783,297861,4523
2021-04-14,San Diego,073,3302833,274953,273969,14074,288043,3648
2021-04-14,San Francisco,075,870044,35875,35898,1215,37113,510
2021-04-14,San Joaquin,077,732212,71003,70095,3275,73370,1288
2021-04-14,San Luis Obispo,079,281455,20906,20561,664,21225,253
2021-04-14,San Mateo,081,765935,41430,40982,437,41419,352
2021-04-14,Santa Barbara,083,443738,33866,33650,1094,34744,445
2021-04-14,Santa Clara,085,1922200,116209,116488,675,117163,1922
2021-04-14,Santa Cruz,087,273765,16007,15481,789,16270,203
2021-04-14,Shasta,089,179085,11579,11581,1399,12980,190
2021-04-14,Sierra,091,2930,55,51,12,63,0
2021-04-14,Siskiyou,093,43540,1627,1518,274,1792,10
2021-04-14,Solano,095,438530,31539,31357,446,31803,239
2021-04-14,Sonoma,097,501317,29454,29572,293,29865,311
2021-04-14,Stanislaus,099,539301,54207,53836,5654,59490,727
2021-04-14,Sutter,101,95872,9221,9230,80,9310,106
2021-04-14,Tehama,103,63373,4892,4853,527,5380,52
2021-04-14,Trinity,105,12862,482,326,81,407,3
2021-04-14,Tulare,107,460477,49539,48527,8564,57091,827
2021-04-14,Tuolumne,109,53932,3956,3997,40,4037,57
2021-04-14,Ventura,111,848112,80423,79891,2882,82773,986
2021-04-14,Yolo,113,214977,13539,13530,185,13715,198
2021-04-14,Yuba,115,75493,5820,5778,113,5891,44
2021-04-13,Alameda,001,1643700,85268,84921,1813,86734,1239
2021-04-13,Alpine,003,1148,85,85,0,85,0
2021-04-13,Amador,005,37829,3616,3609,32,3641,46
2021-04-13,Butte,007,227075,11873,11497,1718,13215,196
2021-04-13,Calaveras,009,45235,2043,2035,11,2046,50
2021-04-13,Colusa,011,21464,1905,1905,280,2185,14
2021-04-13,Contra Costa,013,1133247,67051,66304,1153,67457,778
2021-04-13,Del Norte,015,27424,1263,1221,11,1232,6
2021-04-13,El Dorado,017,186661,9722,9609,670,10279,106
2021-04-13,Fresno,019,978130,100806,100357,8327,108684,1636
2021-04-13,Glenn,021,27897,2373,2351,532,2883,17
2021-04-13,Humboldt,023,135768,3577,3540,26,3566,35
2021-04-13,Imperial,025,180216,28013,27887,2586,30473,718
2021-04-13,Inyo,027,18085,1392,1391,10,1401,36
2021-04-13,Kern,029,883053,96011,94908,10360,105268,1285
2021-04-13,Kings,031,150075,22857,22636,1034,23670,243
2021-04-13,Lake,033,64148,3420,3390,9,3399,43
2021-04-13,Lassen,035,31185,5159,5147,103,5250,1
2021-04-13,Los Angeles,037,10098052,1196410,1186482,39745,1226227,23526
2021-04-13,Madera,039,155013,16346,16207,901,17108,231
2021-04-13,Marin,041,260295,13819,13760,227,13987,224
2021-04-13,Mariposa,043,17540,404,394,6,400,5
2021-04-13,Mendocino,045,87422,3786,3702,74,3776,46
2021-04-13,Merced,047,269075,30238,30276,995,31271,435
2021-04-13,Modoc,049,8938,363,355,119,474,3
2021-04-13,Mono,051,14174,1241,1251,16,1267,3
2021-04-13,Monterey,053,433212,42750,42577,1783,44360,347
2021-04-13,Napa,055,140530,9640,9627,30,9657,79
2021-04-13,Nevada,057,99092,4482,4415,182,4597,69
2021-04-13,Orange,059,3164182,252881,251491,10879,262370,4836
2021-04-13,Placer,061,380077,22234,21534,1344,22878,280
2021-04-13,Plumas,063,18699,677,665,10,675,4
2021-04-13,Riverside,065,2383286,291176,285505,13624,299129,4348
2021-04-13,Sacramento,067,1510023,101351,100551,1505,102056,1569
2021-04-13,San Benito,069,59416,5961,5946,108,6054,62
2021-04-13,San Bernardino,071,2135413,290656,288929,8777,297706,4521
2021-04-13,San Diego,073,3302833,274699,273709,14039,287748,3623
2021-04-13,San Francisco,075,870044,35839,35869,1211,37080,506
2021-04-13,San Joaquin,077,732212,70895,70034,3267,73301,1288
2021-04-13,San Luis Obispo,079,281455,20879,20536,654,21190,253
2021-04-13,San Mateo,081,765935,41385,40955,437,41392,353
2021-04-13,Santa Barbara,083,443738,33843,33613,1091,34704,444
2021-04-13,Santa Clara,085,1922200,116080,116363,674,117037,1923
2021-04-13,Santa Cruz,087,273765,16000,15449,789,16238,203
2021-04-13,Shasta,089,179085,11559,11536,1396,12932,189
2021-04-13,Sierra,091,2930,55,51,12,63,0
2021-04-13,Siskiyou,093,43540,1619,1511,271,1782,10
2021-04-13,Solano,095,438530,31490,31335,442,31777,239
2021-04-13,Sonoma,097,501317,29446,29544,292,29836,311
2021-04-13,Stanislaus,099,539301,54135,53797,5645,59442,722
2021-04-13,Sutter,101,95872,9217,9226,80,9306,106
2021-04-13,Tehama,103,63373,4885,4850,524,5374,52
2021-04-13,Trinity,105,12862,482,326,81,407,3
2021-04-13,Tulare,107,460477,49526,48511,8561,57072,825
2021-04-13,Tuolumne,109,53932,3954,3995,40,4035,57
2021-04-13,Ventura,111,848112,80391,79854,2880,82734,986
2021-04-13,Yolo,113,214977,13527,13516,184,13700,198
2021-04-13,Yuba,115,75493,5811,5776,113,5889,44
2021-04-12,Alameda,001,1643700,85166,84817,1811,86628,1238
2021-04-12,Alpine,003,1148,85,85,0,85,0
2021-04-12,Amador,005,37829,3615,3607,32,3639,46
2021-04-12,Butte,007,227075,11858,11488,1714,13202,193
2021-04-12,Calaveras,009,45235,2039,2033,11,2044,50
2021-04-12,Colusa,011,21464,1903,1904,278,2182,14
2021-04-12,Contra Costa,013,1133247,66971,66176,1153,67329,777
2021-04-12,Del Norte,015,27424,1260,1216,11,1227,6
2021-04-12,El Dorado,017,186661,9705,9588,668,10256,106
2021-04-12,Fresno,019,978130,100745,100277,8304,108581,1633
2021-04-12,Glenn,021,27897,2372,2349,532,2881,17
2021-04-12,Humboldt,023,135768,3563,3533,25,3558,35
2021-04-12,Imperial,025,180216,27983,27851,2582,30433,717
2021-04-12,Inyo,027,18085,1392,1390,10,1400,36
2021-04-12,Kern,029,883053,95974,94861,10350,105211,1283
2021-04-12,Kings,031,150075,22849,22621,1033,23654,241
2021-04-12,Lake,033,64148,3416,3380,9,3389,43
2021-04-12,Lassen,035,31185,5158,5147,103,5250,1
2021-04-12,Los Angeles,037,10098052,1195907,1186145,39708,1225853,23505
2021-04-12,Madera,039,155013,16334,16174,899,17073,231
2021-04-12,Marin,041,260295,13806,13751,225,13976,224
2021-04-12,Mariposa,043,17540,403,394,6,400,5
2021-04-12,Mendocino,045,87422,3785,3699,74,3773,46
2021-04-12,Merced,047,269075,30207,30261,992,31253,435
2021-04-12,Modoc,049,8938,361,352,119,471,3
2021-04-12,Mono,051,14174,1241,1251,16,1267,3
2021-04-12,Monterey,053,433212,42736,42555,1781,44336,346
2021-04-12,Napa,055,140530,9626,9603,30,9633,80
2021-04-12,Nevada,057,99092,4471,4408,182,4590,69
2021-04-12,Orange,059,3164182,252794,251350,10858,262208,4826
2021-04-12,Placer,061,380077,22183,21475,1341,22816,278
2021-04-12,Plumas,063,18699,675,666,10,676,4
2021-04-12,Riverside,065,2383286,291065,285361,13618,298979,4336
2021-04-12,Sacramento,067,1510023,101177,100394,1500,101894,1566
2021-04-12,San Benito,069,59416,5953,5942,107,6049,62
2021-04-12,San Bernardino,071,2135413,290549,288736,8765,297501,4493
2021-04-12,San Diego,073,3302833,274438,273431,14010,287441,3621
2021-04-12,San Francisco,075,870044,35805,35841,1210,37051,506
2021-04-12,San Joaquin,077,732212,70823,69968,3260,73228,1288
2021-04-12,San Luis Obispo,079,281455,20834,20515,641,21156,253
2021-04-12,San Mateo,081,765935,41343,40920,433,41353,353
2021-04-12,Santa Barbara,083,443738,33811,33606,1091,34697,444
2021-04-12,Santa Clara,085,1922200,115952,116252,672,116924,1923
2021-04-12,Santa Cruz,087,273765,15980,15406,789,16195,203
2021-04-12,Shasta,089,179085,11542,11509,1392,12901,189
2021-04-12,Sierra,091,2930,55,51,12,63,0
2021-04-12,Siskiyou,093,43540,1608,1511,268,1779,7
2021-04-12,Solano,095,438530,31448,31305,439,31744,238
2021-04-12,Sonoma,097,501317,29418,29500,292,29792,310
2021-04-12,Stanislaus,099,539301,54069,53722,5638,59360,707
2021-04-12,Sutter,101,95872,9206,9221,80,9301,106
2021-04-12,Tehama,103,63373,4876,4834,520,5354,52
2021-04-12,Trinity,105,12862,482,324,81,405,3
2021-04-12,Tulare,107,460477,49506,48495,8551,57046,824
2021-04-12,Tuolumne,109,53932,3950,3993,40,4033,57
2021-04-12,Ventura,111,848112,80358,79818,2878,82696,985
2021-04-12,Yolo,113,214977,13513,13510,183,13693,198
2021-04-12,Yuba,115,75493,5805,5773,113,5886,43
2021-04-11,Alameda,001,1643700,85029,84756,1806,86562,1238
2021-04-11,Alpine,003,1148,85,85,0,85,0
2021-04-11,Amador,005,37829,3613,3605,32,3637,46
2021-04-11,Butte,007,227075,11823,11487,1710,13197,193
2021-04-11,Calaveras,009,45235,2035,2036,11,2047,50
2021-04-11,Colusa,011,21464,1902,1904,277,2181,14
2021-04-11,Contra Costa,013,1133247,66862,66107,1151,67258,777
2021-04-11,Del Norte,015,27424,1254,1214,11,1225,6
2021-04-11,El Dorado,017,186661,9691,9575,665,10240,106
2021-04-11,Fresno,019,978130,100677,100230,8294,108524,1633
2021-04-11,Glenn,021,27897,2368,2348,532,2880,17
2021-04-11,Humboldt,023,135768,3553,3523,25,3548,35
2021-04-11,Imperial,025,180216,27959,27841,2580,30421,717
2021-04-11,Inyo,027,18085,1392,1390,10,1400,36
2021-04-11,Kern,029,883053,95913,94830,10342,105172,1283
2021-04-11,Kings,031,150075,22840,22618,1030,23648,241
2021-04-11,Lake,033,64148,3412,3377,9,3386,43
2021-04-11,Lassen,035,31185,5154,5147,103,5250,1
2021-04-11,Los Angeles,037,10098052,1195395,1185757,39666,1225423,23503
2021-04-11,Madera,039,155013,16315,16166,898,17064,231
2021-04-11,Marin,041,260295,13799,13741,224,13965,226
2021-04-11,Mariposa,043,17540,403,394,6,400,5
2021-04-11,Mendocino,045,87422,3783,3696,74,3770,46
2021-04-11,Merced,047,269075,30169,30249,991,31240,435
2021-04-11,Modoc,049,8938,360,352,117,469,3
2021-04-11,Mono,051,14174,1240,1250,16,1266,3
2021-04-11,Monterey,053,433212,42730,42547,1774,44321,346
2021-04-11,Napa,055,140530,9615,9592,30,9622,80
2021-04-11,Nevada,057,99092,4457,4394,182,4576,69
2021-04-11,Orange,059,3164182,252667,251233,10847,262080,4826
2021-04-11,Placer,061,380077,22126,21458,1336,22794,278
2021-04-11,Plumas,063,18699,675,666,10,676,4
2021-04-11,Riverside,065,2383286,290931,285269,13608,298877,4336
2021-04-11,Sacramento,067,1510023,101006,100296,1488,101784,1566
2021-04-11,San Benito,069,59416,5945,5941,106,6047,62
2021-04-11,San Bernardino,071,2135413,290442,288686,8759,297445,4492
2021-04-11,San Diego,073,3302833,274140,273287,13951,287238,3621
2021-04-11,San Francisco,075,870044,35769,35815,1207,37022,498
2021-04-11,San Joaquin,077,732212,70737,69939,3249,73188,1288
2021-04-11,San Luis Obispo,079,281455,20808,20501,638,21139,253
2021-04-11,San Mateo,081,765935,41285,40901,432,41333,353
2021-04-11,Santa Barbara,083,443738,33776,33591,1090,34681,444
2021-04-11,Santa Clara,085,1922200,115816,116161,669,116830,1923
2021-04-11,Santa Cruz,087,273765,15968,15382,789,16171,203
2021-04-11,Shasta,089,179085,11498,11504,1391,12895,189
2021-04-11,Sierra,091,2930,55,51,12,63,0
2021-04-11,Siskiyou,093,43540,1601,1509,265,1774,7
2021-04-11,Solano,095,438530,31394,31268,435,31703,238
2021-04-11,Sonoma,097,501317,29392,29496,288,29784,310
2021-04-11,Stanislaus,099,539301,53986,53683,5629,59312,707
2021-04-11,Sutter,101,95872,9197,9222,80,9302,106
2021-04-11,Tehama,103,63373,4873,4832,519,5351,52
2021-04-11,Trinity,105,12862,482,324,81,405,3
2021-04-11,Tulare,107,460477,49492,48479,8544,57023,824
2021-04-11,Tuolumne,109,53932,3948,3993,40,4033,57
2021-04-11,Ventura,111,848112,80310,79800,2873,82673,985
2021-04-11,Yolo,113,214977,13493,13496,181,13677,198
2021-04-11,Yuba,115,75493,5795,5768,113,5881,43
2021-04-10,Alameda,001,1643700,84965,84626,1806,86432,1238
2021-04-10,Alpine,003,1148,85,85,0,85,0
2021-04-10,Amador,005,37829,3611,3603,32,3635,46
2021-04-10,Butte,007,227075,11812,11482,1709,13191,193
2021-04-10,Calaveras,009,45235,2033,2032,11,2043,50
2021-04-10,Colusa,011,21464,1902,1902,277,2179,14
2021-04-10,Contra Costa,013,1133247,66801,66001,1148,67149,778
2021-04-10,Del Norte,015,27424,1251,1212,11,1223,6
2021-04-10,El Dorado,017,186661,9679,9549,662,10211,106
2021-04-10,Fresno,019,978130,100644,100135,8287,108422,1633
2021-04-10,Glenn,021,27897,2368,2343,532,2875,17
2021-04-10,Humboldt,023,135768,3543,3508,25,3533,35
2021-04-10,Imperial,025,180216,27945,27816,2580,30396,717
2021-04-10,Inyo,027,18085,1392,1387,10,1397,36
2021-04-10,Kern,029,883053,95899,94802,10336,105138,1284
2021-04-10,Kings,031,150075,22836,22614,1028,23642,241
2021-04-10,Lake,033,64148,3407,3368,9,3377,43
2021-04-10,Lassen,035,31185,5154,5146,102,5248,1
2021-04-10,Los Angeles,037,10098052,1195120,1185246,39649,1224895,23493
2021-04-10,Madera,039,155013,16307,16143,897,17040,231
2021-04-10,Marin,041,260295,13794,13731,224,13955,226
2021-04-10,Mariposa,043,17540,400,393,6,399,5
2021-04-10,Mendocino,045,87422,3781,3696,74,3770,46
2021-04-10,Merced,047,269075,30150,30225,990,31215,435
2021-04-10,Modoc,049,8938,360,352,117,469,3
2021-04-10,Mono,051,14174,1240,1249,16,1265,3
2021-04-10,Monterey,053,433212,42719,42527,1773,44300,346
2021-04-10,Napa,055,140530,9608,9569,30,9599,79
2021-04-10,Nevada,057,99092,4450,4379,182,4561,69
2021-04-10,Orange,059,3164182,252574,251139,10841,261980,4818
2021-04-10,Placer,061,380077,22095,21402,1330,22732,278
2021-04-10,Plumas,063,18699,675,666,10,676,4
2021-04-10,Riverside,065,2383286,290851,285082,13600,298682,4336
2021-04-10,Sacramento,067,1510023,100903,100048,1486,101534,1566
2021-04-10,San Benito,069,59416,5934,5932,105,6037,62
2021-04-10,San Bernardino,071,2135413,290378,288590,8752,297342,4489
2021-04-10,San Diego,073,3302833,273924,273058,13931,286989,3613
2021-04-10,San Francisco,075,870044,35739,35774,1204,36978,498
2021-04-10,San Joaquin,077,732212,70702,69852,3239,73091,1288
2021-04-10,San Luis Obispo,079,281455,20792,20461,637,21098,253
2021-04-10,San Mateo,081,765935,41252,40878,432,41310,350
2021-04-10,Santa Barbara,083,443738,33748,33541,1088,34629,444
2021-04-10,Santa Clara,085,1922200,115720,116015,668,116683,1923
2021-04-10,Santa Cruz,087,273765,15962,15360,789,16149,203
2021-04-10,Shasta,089,179085,11489,11492,1388,12880,189
2021-04-10,Sierra,091,2930,55,51,12,63,0
2021-04-10,Siskiyou,093,43540,1598,1512,265,1777,7
2021-04-10,Solano,095,438530,31360,31218,431,31649,238
2021-04-10,Sonoma,097,501317,29377,29469,288,29757,310
2021-04-10,Stanislaus,099,539301,53951,53596,5623,59219,707
2021-04-10,Sutter,101,95872,9195,9214,80,9294,106
2021-04-10,Tehama,103,63373,4871,4820,517,5337,52
2021-04-10,Trinity,105,12862,482,324,81,405,3
2021-04-10,Tulare,107,460477,49483,48470,8538,57008,824
2021-04-10,Tuolumne,109,53932,3945,3991,40,4031,57
2021-04-10,Ventura,111,848112,80282,79758,2871,82629,985
2021-04-10,Yolo,113,214977,13485,13494,180,13674,198
2021-04-10,Yuba,115,75493,5792,5757,112,5869,43
2021-04-09,Alameda,001,1643700,84898,84404,1798,86202,1237
2021-04-09,Alpine,003,1148,85,85,0,85,0
2021-04-09,Amador,005,37829,3610,3600,32,3632,46
2021-04-09,Butte,007,227075,11802,11454,1708,13162,193
2021-04-09,Calaveras,009,45235,2032,2028,11,2039,50
2021-04-09,Colusa,011,21464,1902,1898,277,2175,14
2021-04-09,Contra Costa,013,1133247,66708,65857,1142,66999,777
2021-04-09,Del Norte,015,27424,1250,1207,11,1218,6
2021-04-09,El Dorado,017,186661,9657,9528,658,10186,106
2021-04-09,Fresno,019,978130,100610,100027,8282,108309,1630
2021-04-09,Glenn,021,27897,2368,2337,532,2869,17
2021-04-09,Humboldt,023,135768,3534,3496,25,3521,35
2021-04-09,Imperial,025,180216,27930,27764,2578,30342,717
2021-04-09,Inyo,027,18085,1391,1386,10,1396,36
2021-04-09,Kern,029,883053,95861,94675,10334,105009,1282
2021-04-09,Kings,031,150075,22827,22595,1025,23620,242
2021-04-09,Lake,033,64148,3403,3362,9,3371,43
2021-04-09,Lassen,035,31185,5154,5140,102,5242,1
2021-04-09,Los Angeles,037,10098052,1194751,1184501,39621,1224122,23458
2021-04-09,Madera,039,155013,16304,16118,897,17015,231
2021-04-09,Marin,041,260295,13787,13721,224,13945,226
2021-04-09,Mariposa,043,17540,400,393,6,399,5
2021-04-09,Mendocino,045,87422,3779,3693,74,3767,46
2021-04-09,Merced,047,269075,30121,30179,989,31168,435
2021-04-09,Modoc,049,8938,359,352,117,469,3
2021-04-09,Mono,051,14174,1240,1247,16,1263,3
2021-04-09,Monterey,053,433212,42710,42481,1769,44250,344
2021-04-09,Napa,055,140530,9589,9574,30,9604,80
2021-04-09,Nevada,057,99092,4442,4373,182,4555,69
2021-04-09,Orange,059,3164182,252500,250852,10836,261688,4813
2021-04-09,Placer,061,380077,22064,21327,1322,22649,278
2021-04-09,Plumas,063,18699,674,666,10,676,4
2021-04-09,Riverside,065,2383286,290768,284562,13594,298156,4325
2021-04-09,Sacramento,067,1510023,100747,99722,1480,101202,1564
2021-04-09,San Benito,069,59416,5929,5925,104,6029,62
2021-04-09,San Bernardino,071,2135413,290309,288000,8749,296749,4467
2021-04-09,San Diego,073,3302833,273726,272697,13889,286586,3600
2021-04-09,San Francisco,075,870044,35698,35716,1199,36915,497
2021-04-09,San Joaquin,077,732212,70638,69675,3227,72902,1281
2021-04-09,San Luis Obispo,079,281455,20777,20427,637,21064,252
2021-04-09,San Mateo,081,765935,41216,40800,431,41231,350
2021-04-09,Santa Barbara,083,443738,33725,33424,1085,34509,444
2021-04-09,Santa Clara,085,1922200,115636,115749,666,116415,1923
2021-04-09,Santa Cruz,087,273765,15957,15331,789,16120,203
2021-04-09,Shasta,089,179085,11479,11478,1385,12863,188
2021-04-09,Sierra,091,2930,55,51,12,63,0
2021-04-09,Siskiyou,093,43540,1595,1510,264,1774,7
2021-04-09,Solano,095,438530,31327,31166,426,31592,238
2021-04-09,Sonoma,097,501317,29364,29433,288,29721,310
2021-04-09,Stanislaus,099,539301,53896,53504,5614,59118,705
2021-04-09,Sutter,101,95872,9188,9201,80,9281,106
2021-04-09,Tehama,103,63373,4865,4806,517,5323,52
2021-04-09,Trinity,105,12862,481,324,81,405,3
2021-04-09,Tulare,107,460477,49479,48430,8532,56962,824
2021-04-09,Tuolumne,109,53932,3944,3986,40,4026,57
2021-04-09,Ventura,111,848112,80254,79698,2871,82569,987
2021-04-09,Yolo,113,214977,13473,13478,178,13656,198
2021-04-09,Yuba,115,75493,5785,5754,112,5866,43
2021-04-08,Alameda,001,1643700,84791,84213,1795,86008,1232
2021-04-08,Alpine,003,1148,85,85,0,85,0
2021-04-08,Amador,005,37829,3606,3595,32,3627,46
2021-04-08,Butte,007,227075,11791,11414,1707,13121,193
2021-04-08,Calaveras,009,45235,2030,2027,11,2038,50
2021-04-08,Colusa,011,21464,1901,1897,277,2174,14
2021-04-08,Contra Costa,013,1133247,66599,65706,1139,66845,775
2021-04-08,Del Norte,015,27424,1244,1201,11,1212,6
2021-04-08,El Dorado,017,186661,9641,9513,653,10166,106
2021-04-08,Fresno,019,978130,100547,99935,8275,108210,1627
2021-04-08,Glenn,021,27897,2367,2337,532,2869,17
2021-04-08,Humboldt,023,135768,3524,3486,25,3511,35
2021-04-08,Imperial,025,180216,27902,27744,2575,30319,713
2021-04-08,Inyo,027,18085,1390,1386,10,1396,36
2021-04-08,Kern,029,883053,95815,94493,10321,104814,1281
2021-04-08,Kings,031,150075,22820,22589,1023,23612,243
2021-04-08,Lake,033,64148,3396,3360,9,3369,43
2021-04-08,Lassen,035,31185,5153,5136,102,5238,1
2021-04-08,Los Angeles,037,10098052,1194252,1184443,39583,1224026,23416
2021-04-08,Madera,039,155013,16292,16103,897,17000,231
2021-04-08,Marin,041,260295,13780,13704,224,13928,226
2021-04-08,Mariposa,043,17540,399,393,6,399,5
2021-04-08,Mendocino,045,87422,3777,3690,74,3764,45
2021-04-08,Merced,047,269075,30099,30163,989,31152,430
2021-04-08,Modoc,049,8938,359,352,117,469,3
2021-04-08,Mono,051,14174,1238,1247,16,1263,3
2021-04-08,Monterey,053,433212,42688,42437,1764,44201,342
2021-04-08,Napa,055,140530,9573,9569,30,9599,80
2021-04-08,Nevada,057,99092,4431,4367,182,4549,69
2021-04-08,Orange,059,3164182,252390,250529,10821,261350,4797
2021-04-08,Placer,061,380077,22022,21258,1313,22571,277
2021-04-08,Plumas,063,18699,674,665,10,675,4
2021-04-08,Riverside,065,2383286,290654,283853,13589,297442,4296
2021-04-08,Sacramento,067,1510023,100608,99319,1469,100788,1561
2021-04-08,San Benito,069,59416,5926,5914,102,6016,62
2021-04-08,San Bernardino,071,2135413,290212,287190,8746,295936,4445
2021-04-08,San Diego,073,3302833,273496,272495,13853,286348,3592
2021-04-08,San Francisco,075,870044,35674,35657,1198,36855,494
2021-04-08,San Joaquin,077,732212,70566,69479,3221,72700,1279
2021-04-08,San Luis Obispo,079,281455,20758,20402,635,21037,252
2021-04-08,San Mateo,081,765935,41176,40749,431,41180,350
2021-04-08,Santa Barbara,083,443738,33701,33309,1084,34393,444
2021-04-08,Santa Clara,085,1922200,115530,115487,665,116152,1905
2021-04-08,Santa Cruz,087,273765,15950,15296,789,16085,203
2021-04-08,Shasta,089,179085,11469,11466,1381,12847,186
2021-04-08,Sierra,091,2930,55,51,12,63,0
2021-04-08,Siskiyou,093,43540,1592,1511,264,1775,7
2021-04-08,Solano,095,438530,31277,31120,426,31546,238
2021-04-08,Sonoma,097,501317,29344,29410,287,29697,310
2021-04-08,Stanislaus,099,539301,53818,53401,5604,59005,706
2021-04-08,Sutter,101,95872,9184,9195,80,9275,106
2021-04-08,Tehama,103,63373,4861,4802,517,5319,52
2021-04-08,Trinity,105,12862,481,324,81,405,3
2021-04-08,Tulare,107,460477,49466,48409,8522,56931,821
2021-04-08,Tuolumne,109,53932,3944,3986,40,4026,57
2021-04-08,Ventura,111,848112,80217,79626,2867,82493,986
2021-04-08,Yolo,113,214977,13464,13468,177,13645,198
2021-04-08,Yuba,115,75493,5781,5743,112,5855,43
2021-04-07,Alameda,001,1643700,84707,84130,1793,85923,1224
2021-04-07,Alpine,003,1148,85,85,0,85,0
2021-04-07,Amador,005,37829,3603,3590,32,3622,46
2021-04-07,Butte,007,227075,11787,11405,1704,13109,193
2021-04-07,Calaveras,009,45235,2029,2022,11,2033,50
2021-04-07,Colusa,011,21464,1897,1894,276,2170,14
2021-04-07,Contra Costa,013,1133247,66513,65619,1138,66757,775
2021-04-07,Del Norte,015,27424,1242,1198,11,1209,6
2021-04-07,El Dorado,017,186661,9620,9500,647,10147,106
2021-04-07,Fresno,019,978130,100482,99865,8264,108129,1627
2021-04-07,Glenn,021,27897,2365,2337,531,2868,17
2021-04-07,Humboldt,023,135768,3511,3484,25,3509,35
2021-04-07,Imperial,025,180216,27878,27704,2569,30273,713
2021-04-07,Inyo,027,18085,1389,1386,10,1396,36
2021-04-07,Kern,029,883053,95779,94456,10306,104762,1275
2021-04-07,Kings,031,150075,22818,22589,1023,23612,243
2021-04-07,Lake,033,64148,3394,3358,9,3367,43
2021-04-07,Lassen,035,31185,5153,5137,102,5239,1
2021-04-07,Los Angeles,037,10098052,1193811,1183862,39563,1223425,23372
2021-04-07,Madera,039,155013,16273,16090,896,16986,231
2021-04-07,Marin,041,260295,13769,13688,223,13911,225
2021-04-07,Mariposa,043,17540,398,391,6,397,5
2021-04-07,Mendocino,045,87422,3776,3691,74,3765,45
2021-04-07,Merced,047,269075,30076,30132,985,31117,430
2021-04-07,Modoc,049,8938,359,351,117,468,3
2021-04-07,Mono,051,14174,1238,1246,16,1262,3
2021-04-07,Monterey,053,433212,42670,42427,1763,44190,341
2021-04-07,Napa,055,140530,9559,9556,30,9586,80
2021-04-07,Nevada,057,99092,4425,4364,182,4546,69
2021-04-07,Orange,059,3164182,252265,250378,10799,261177,4778
2021-04-07,Placer,061,380077,21978,21227,1305,22532,276
2021-04-07,Plumas,063,18699,674,665,10,675,4
2021-04-07,Riverside,065,2383286,290534,283749,13579,297328,4285
2021-04-07,Sacramento,067,1510023,100440,99202,1463,100665,1544
2021-04-07,San Benito,069,59416,5921,5912,101,6013,62
2021-04-07,San Bernardino,071,2135413,290093,286978,8741,295719,4433
2021-04-07,San Diego,073,3302833,273270,272195,13824,286019,3588
2021-04-07,San Francisco,075,870044,35634,35618,1194,36812,493
2021-04-07,San Joaquin,077,732212,70495,69375,3216,72591,1278
2021-04-07,San Luis Obispo,079,281455,20732,20373,632,21005,252
2021-04-07,San Mateo,081,765935,41132,40693,431,41124,350
2021-04-07,Santa Barbara,083,443738,33675,33289,1081,34370,444
2021-04-07,Santa Clara,085,1922200,115398,115311,663,115974,1900
2021-04-07,Santa Cruz,087,273765,15939,15275,789,16064,203
2021-04-07,Shasta,089,179085,11457,11456,1377,12833,184
2021-04-07,Sierra,091,2930,55,51,12,63,0
2021-04-07,Siskiyou,093,43540,1586,1512,263,1775,7
2021-04-07,Solano,095,438530,31226,31097,425,31522,238
2021-04-07,Sonoma,097,501317,29326,29394,286,29680,310
2021-04-07,Stanislaus,099,539301,53750,53344,5594,58938,686
2021-04-07,Sutter,101,95872,9181,9188,80,9268,106
2021-04-07,Tehama,103,63373,4853,4802,515,5317,52
2021-04-07,Trinity,105,12862,481,322,81,403,3
2021-04-07,Tulare,107,460477,49451,48386,8512,56898,820
2021-04-07,Tuolumne,109,53932,3942,3982,40,4022,57
2021-04-07,Ventura,111,848112,80183,79595,2865,82460,986
2021-04-07,Yolo,113,214977,13449,13450,175,13625,198
2021-04-07,Yuba,115,75493,5777,5737,112,5849,43
2021-04-06,Alameda,001,1643700,84594,84091,1790,85881,1223
2021-04-06,Alpine,003,1148,85,85,0,85,0
2021-04-06,Amador,005,37829,3602,3587,32,3619,45
2021-04-06,Butte,007,227075,11772,11396,1702,13098,193
2021-04-06,Calaveras,009,45235,2025,2021,11,2032,50
2021-04-06,Colusa,011,21464,1895,1894,274,2168,14
2021-04-06,Contra Costa,013,1133247,66435,65575,1137,66712,774
2021-04-06,Del Norte,015,27424,1237,1197,11,1208,6
2021-04-06,El Dorado,017,186661,9590,9489,645,10134,106
2021-04-06,Fresno,019,978130,100418,99814,8258,108072,1626
2021-04-06,Glenn,021,27897,2364,2335,530,2865,17
2021-04-06,Humboldt,023,135768,3502,3477,25,3502,35
2021-04-06,Imperial,025,180216,27845,27661,2560,30221,713
2021-04-06,Inyo,027,18085,1389,1379,10,1389,36
2021-04-06,Kern,029,883053,95735,94422,10300,104722,1259
2021-04-06,Kings,031,150075,22812,22587,1023,23610,240
2021-04-06,Lake,033,64148,3391,3358,9,3367,43
2021-04-06,Lassen,035,31185,5151,5137,102,5239,1
2021-04-06,Los Angeles,037,10098052,1193299,1183499,39524,1223023,23323
2021-04-06,Madera,039,155013,16253,16085,891,16976,230
2021-04-06,Marin,041,260295,13760,13675,219,13894,224
2021-04-06,Mariposa,043,17540,398,390,6,396,5
2021-04-06,Mendocino,045,87422,3774,3686,74,3760,45
2021-04-06,Merced,047,269075,30046,30100,980,31080,430
2021-04-06,Modoc,049,8938,358,351,117,468,3
2021-04-06,Mono,051,14174,1238,1246,16,1262,3
2021-04-06,Monterey,053,433212,42661,42412,1762,44174,341
2021-04-06,Napa,055,140530,9540,9509,30,9539,78
2021-04-06,Nevada,057,99092,4415,4356,180,4536,69
2021-04-06,Orange,059,3164182,252156,250304,10786,261090,4771
2021-04-06,Placer,061,380077,21930,21184,1303,22487,276
2021-04-06,Plumas,063,18699,674,665,10,675,4
2021-04-06,Riverside,065,2383286,290353,283622,13568,297190,4264
2021-04-06,Sacramento,067,1510023,100232,99110,1457,100567,1537
2021-04-06,San Benito,069,59416,5912,5907,101,6008,62
2021-04-06,San Bernardino,071,2135413,289980,286792,8731,295523,4428
2021-04-06,San Diego,073,3302833,273008,271867,13796,285663,3585
2021-04-06,San Francisco,075,870044,35591,35572,1194,36766,488
2021-04-06,San Joaquin,077,732212,70412,69316,3204,72520,1278
2021-04-06,San Luis Obispo,079,281455,20710,20350,629,20979,252
2021-04-06,San Mateo,081,765935,41084,40649,430,41079,350
2021-04-06,Santa Barbara,083,443738,33657,33257,1080,34337,443
2021-04-06,Santa Clara,085,1922200,115227,115184,662,115846,1900
2021-04-06,Santa Cruz,087,273765,15929,15252,789,16041,203
2021-04-06,Shasta,089,179085,11436,11443,1375,12818,184
2021-04-06,Sierra,091,2930,55,51,12,63,0
2021-04-06,Siskiyou,093,43540,1582,1510,262,1772,7
2021-04-06,Solano,095,438530,31179,31078,424,31502,237
2021-04-06,Sonoma,097,501317,29300,29386,284,29670,311
2021-04-06,Stanislaus,099,539301,53694,53304,5588,58892,686
2021-04-06,Sutter,101,95872,9171,9179,80,9259,106
2021-04-06,Tehama,103,63373,4844,4798,515,5313,52
2021-04-06,Trinity,105,12862,481,321,81,402,3
2021-04-06,Tulare,107,460477,49408,48372,8508,56880,819
2021-04-06,Tuolumne,109,53932,3942,3981,40,4021,57
2021-04-06,Ventura,111,848112,80146,79556,2863,82419,983
2021-04-06,Yolo,113,214977,13436,13443,174,13617,198
2021-04-06,Yuba,115,75493,5773,5733,111,5844,43
2021-04-05,Alameda,001,1643700,84478,84007,1786,85793,1219
2021-04-05,Alpine,003,1148,85,85,0,85,0
2021-04-05,Amador,005,37829,3599,3584,32,3616,45
2021-04-05,Butte,007,227075,11757,11384,1702,13086,193
2021-04-05,Calaveras,009,45235,2023,2019,11,2030,50
2021-04-05,Colusa,011,21464,1895,1894,273,2167,14
2021-04-05,Contra Costa,013,1133247,66368,65457,1135,66592,774
2021-04-05,Del Norte,015,27424,1235,1189,11,1200,6
2021-04-05,El Dorado,017,186661,9575,9463,645,10108,106
2021-04-05,Fresno,019,978130,100330,99755,8250,108005,1622
2021-04-05,Glenn,021,27897,2363,2335,530,2865,17
2021-04-05,Humboldt,023,135768,3493,3475,25,3500,35
2021-04-05,Imperial,025,180216,27813,27604,2555,30159,710
2021-04-05,Inyo,027,18085,1386,1377,10,1387,36
2021-04-05,Kern,029,883053,95680,94401,10275,104676,1249
2021-04-05,Kings,031,150075,22808,22580,1023,23603,239
2021-04-05,Lake,033,64148,3383,3359,9,3368,43
2021-04-05,Lassen,035,31185,5151,5138,101,5239,1
2021-04-05,Los Angeles,037,10098052,1192763,1183200,39476,1222676,23302
2021-04-05,Madera,039,155013,16238,16065,890,16955,230
2021-04-05,Marin,041,260295,13746,13666,215,13881,221
2021-04-05,Mariposa,043,17540,398,390,6,396,5
2021-04-05,Mendocino,045,87422,3772,3687,74,3761,45
2021-04-05,Merced,047,269075,30021,30068,978,31046,427
2021-04-05,Modoc,049,8938,356,346,117,463,3
2021-04-05,Mono,051,14174,1238,1246,16,1262,3
2021-04-05,Monterey,053,433212,42648,42396,1758,44154,341
2021-04-05,Napa,055,140530,9517,9492,30,9522,78
2021-04-05,Nevada,057,99092,4404,4346,180,4526,69
2021-04-05,Orange,059,3164182,252041,250177,10762,260939,4759
2021-04-05,Placer,061,380077,21884,21133,1296,22429,276
2021-04-05,Plumas,063,18699,674,666,10,676,4
2021-04-05,Riverside,065,2383286,290216,283549,13556,297105,4237
2021-04-05,Sacramento,067,1510023,100070,98908,1449,100357,1533
2021-04-05,San Benito,069,59416,5906,5904,101,6005,61
2021-04-05,San Bernardino,071,2135413,289870,286597,8728,295325,4425
2021-04-05,San Diego,073,3302833,272759,271655,13755,285410,3583
2021-04-05,San Francisco,075,870044,35560,35538,1194,36732,488
2021-04-05,San Joaquin,077,732212,70323,69214,3195,72409,1268
2021-04-05,San Luis Obispo,079,281455,20673,20333,629,20962,252
2021-04-05,San Mateo,081,765935,41040,40609,429,41038,350
2021-04-05,Santa Barbara,083,443738,33622,33235,1080,34315,443
2021-04-05,Santa Clara,085,1922200,115060,115091,659,115750,1893
2021-04-05,Santa Cruz,087,273765,15922,15228,789,16017,201
2021-04-05,Shasta,089,179085,11415,11435,1372,12807,184
2021-04-05,Sierra,091,2930,55,50,12,62,0
2021-04-05,Siskiyou,093,43540,1579,1509,260,1769,7
2021-04-05,Solano,095,438530,31139,31026,422,31448,237
2021-04-05,Sonoma,097,501317,29268,29361,282,29643,311
2021-04-05,Stanislaus,099,539301,53614,53238,5585,58823,686
2021-04-05,Sutter,101,95872,9164,9169,80,9249,106
2021-04-05,Tehama,103,63373,4838,4794,515,5309,52
2021-04-05,Trinity,105,12862,480,321,81,402,3
2021-04-05,Tulare,107,460477,49396,48356,8501,56857,818
2021-04-05,Tuolumne,109,53932,3941,3980,40,4020,57
2021-04-05,Ventura,111,848112,80115,79549,2860,82409,983
2021-04-05,Yolo,113,214977,13422,13427,173,13600,198
2021-04-05,Yuba,115,75493,5768,5728,110,5838,43
2021-04-04,Alameda,001,1643700,84359,83951,1782,85733,1219
2021-04-04,Alpine,003,1148,85,85,0,85,0
2021-04-04,Amador,005,37829,3593,3582,32,3614,45
2021-04-04,Butte,007,227075,11742,11375,1701,13076,193
2021-04-04,Calaveras,009,45235,2019,2020,11,2031,50
2021-04-04,Colusa,011,21464,1894,1893,273,2166,14
2021-04-04,Contra Costa,013,1133247,66262,65408,1130,66538,774
2021-04-04,Del Norte,015,27424,1227,1186,11,1197,6
2021-04-04,El Dorado,017,186661,9556,9455,642,10097,106
2021-04-04,Fresno,019,978130,100256,99702,8238,107940,1622
2021-04-04,Glenn,021,27897,2360,2335,529,2864,17
2021-04-04,Humboldt,023,135768,3482,3472,25,3497,35
2021-04-04,Imperial,025,180216,27757,27588,2553,30141,710
2021-04-04,Inyo,027,18085,1382,1377,10,1387,36
2021-04-04,Kern,029,883053,95636,94388,10254,104642,1247
2021-04-04,Kings,031,150075,22806,22580,1022,23602,239
2021-04-04,Lake,033,64148,3377,3355,8,3363,43
2021-04-04,Lassen,035,31185,5149,5138,101,5239,1
2021-04-04,Los Angeles,037,10098052,1192218,1182872,39432,1222304,23301
2021-04-04,Madera,039,155013,16212,16052,886,16938,230
2021-04-04,Marin,041,260295,13733,13663,214,13877,221
2021-04-04,Mariposa,043,17540,398,390,6,396,5
2021-04-04,Mendocino,045,87422,3769,3684,74,3758,45
2021-04-04,Merced,047,269075,29978,30048,975,31023,427
2021-04-04,Modoc,049,8938,356,346,117,463,3
2021-04-04,Mono,051,14174,1237,1245,16,1261,3
2021-04-04,Monterey,053,433212,42631,42391,1757,44148,341
2021-04-04,Napa,055,140530,9505,9486,30,9516,78
2021-04-04,Nevada,057,99092,4392,4337,180,4517,69
2021-04-04,Orange,059,3164182,251906,250117,10746,260863,4759
2021-04-04,Placer,061,380077,21837,21104,1278,22382,276
2021-04-04,Plumas,063,18699,674,666,10,676,4
2021-04-04,Riverside,065,2383286,290090,283537,13552,297089,4237
2021-04-04,Sacramento,067,1510023,99871,98821,1440,100261,1531
2021-04-04,San Benito,069,59416,5896,5901,97,5998,61
2021-04-04,San Bernardino,071,2135413,289730,286561,8720,295281,4423
2021-04-04,San Diego,073,3302833,272447,271528,13714,285242,3583
2021-04-04,San Francisco,075,870044,35506,35525,1191,36716,488
2021-04-04,San Joaquin,077,732212,70222,69147,3183,72330,1268
2021-04-04,San Luis Obispo,079,281455,20641,20328,621,20949,252
2021-04-04,San Mateo,081,765935,40997,40587,427,41014,350
2021-04-04,Santa Barbara,083,443738,33586,33213,1080,34293,443
2021-04-04,Santa Clara,085,1922200,114894,114976,652,115628,1893
2021-04-04,Santa Cruz,087,273765,15913,15219,789,16008,201
2021-04-04,Shasta,089,179085,11389,11433,1371,12804,184
2021-04-04,Sierra,091,2930,55,50,12,62,0
2021-04-04,Siskiyou,093,43540,1576,1509,256,1765,7
2021-04-04,Solano,095,438530,31092,31002,420,31422,237
2021-04-04,Sonoma,097,501317,29236,29340,280,29620,311
2021-04-04,Stanislaus,099,539301,53521,53181,5577,58758,686
2021-04-04,Sutter,101,95872,9157,9164,80,9244,106
2021-04-04,Tehama,103,63373,4825,4792,514,5306,52
2021-04-04,Trinity,105,12862,478,321,81,402,3
2021-04-04,Tulare,107,460477,49382,48343,8493,56836,818
2021-04-04,Tuolumne,109,53932,3933,3980,40,4020,57
2021-04-04,Ventura,111,848112,80072,79526,2858,82384,983
2021-04-04,Yolo,113,214977,13401,13425,172,13597,198
2021-04-04,Yuba,115,75493,5761,5722,110,5832,43
2021-04-03,Alameda,001,1643700,84292,83861,1780,85641,1218
2021-04-03,Alpine,003,1148,85,85,0,85,0
2021-04-03,Amador,005,37829,3590,3577,32,3609,45
2021-04-03,Butte,007,227075,11738,11359,1697,13056,193
2021-04-03,Calaveras,009,45235,2017,2019,11,2030,50
2021-04-03,Colusa,011,21464,1894,1891,273,2164,14
2021-04-03,Contra Costa,013,1133247,66190,65338,1130,66468,774
2021-04-03,Del Norte,015,27424,1222,1183,11,1194,6
2021-04-03,El Dorado,017,186661,9547,9448,641,10089,106
2021-04-03,Fresno,019,978130,100199,99602,8232,107834,1622
2021-04-03,Glenn,021,27897,2359,2334,528,2862,17
2021-04-03,Humboldt,023,135768,3480,3467,25,3492,35
2021-04-03,Imperial,025,180216,27741,27572,2550,30122,710
2021-04-03,Inyo,027,18085,1381,1376,10,1386,36
2021-04-03,Kern,029,883053,95610,94369,10238,104607,1243
2021-04-03,Kings,031,150075,22804,22580,1022,23602,239
2021-04-03,Lake,033,64148,3376,3350,8,3358,43
2021-04-03,Lassen,035,31185,5148,5136,101,5237,1
2021-04-03,Los Angeles,037,10098052,1191911,1182402,39415,1221817,23301
2021-04-03,Madera,039,155013,16203,16051,884,16935,230
2021-04-03,Marin,041,260295,13725,13658,213,13871,221
2021-04-03,Mariposa,043,17540,398,390,5,395,5
2021-04-03,Mendocino,045,87422,3768,3684,74,3758,45
2021-04-03,Merced,047,269075,29963,30031,975,31006,427
2021-04-03,Modoc,049,8938,356,346,117,463,3
2021-04-03,Mono,051,14174,1237,1245,16,1261,3
2021-04-03,Monterey,053,433212,42618,42376,1755,44131,341
2021-04-03,Napa,055,140530,9496,9473,30,9503,78
2021-04-03,Nevada,057,99092,4388,4323,180,4503,69
2021-04-03,Orange,059,3164182,251825,249982,10728,260710,4755
2021-04-03,Placer,061,380077,21806,21060,1274,22334,276
2021-04-03,Plumas,063,18699,674,666,10,676,4
2021-04-03,Riverside,065,2383286,290012,283423,13549,296972,4237
2021-04-03,Sacramento,067,1510023,99763,98660,1434,100094,1531
2021-04-03,San Benito,069,59416,5893,5893,96,5989,61
2021-04-03,San Bernardino,071,2135413,289666,286473,8714,295187,4422
2021-04-03,San Diego,073,3302833,272278,271335,13697,285032,3571
2021-04-03,San Francisco,075,870044,35487,35488,1189,36677,489
2021-04-03,San Joaquin,077,732212,70181,69100,3167,72267,1268
2021-04-03,San Luis Obispo,079,281455,20622,20301,621,20922,252
2021-04-03,San Mateo,081,765935,40972,40560,427,40987,350
2021-04-03,Santa Barbara,083,443738,33560,33172,1079,34251,443
2021-04-03,Santa Clara,085,1922200,114786,114865,650,115515,1893
2021-04-03,Santa Cruz,087,273765,15906,15205,789,15994,201
2021-04-03,Shasta,089,179085,11381,11418,1371,12789,184
2021-04-03,Sierra,091,2930,55,50,12,62,0
2021-04-03,Siskiyou,093,43540,1575,1509,256,1765,7
2021-04-03,Solano,095,438530,31071,30970,417,31387,237
2021-04-03,Sonoma,097,501317,29220,29315,279,29594,311
2021-04-03,Stanislaus,099,539301,53486,53137,5571,58708,686
2021-04-03,Sutter,101,95872,9151,9158,80,9238,106
2021-04-03,Tehama,103,63373,4817,4788,514,5302,52
2021-04-03,Trinity,105,12862,478,321,81,402,3
2021-04-03,Tulare,107,460477,49372,48327,8489,56816,818
2021-04-03,Tuolumne,109,53932,3933,3980,40,4020,57
2021-04-03,Ventura,111,848112,80051,79489,2856,82345,983
2021-04-03,Yolo,113,214977,13395,13414,172,13586,198
2021-04-03,Yuba,115,75493,5755,5716,110,5826,43
2021-04-02,Alameda,001,1643700,84219,83776,1777,85553,1217
2021-04-02,Alpine,003,1148,85,85,0,85,0
2021-04-02,Amador,005,37829,3586,3573,31,3604,45
2021-04-02,Butte,007,227075,11729,11350,1697,13047,193
2021-04-02,Calaveras,009,45235,2015,2010,11,2021,50
2021-04-02,Colusa,011,21464,1894,1891,273,2164,14
2021-04-02,Contra Costa,013,1133247,66126,65299,1129,66428,774
2021-04-02,Del Norte,015,27424,1219,1174,11,1185,6
2021-04-02,El Dorado,017,186661,9534,9437,638,10075,106
2021-04-02,Fresno,019,978130,100145,99551,8221,107772,1620
2021-04-02,Glenn,021,27897,2359,2331,528,2859,17
2021-04-02,Humboldt,023,135768,3476,3465,25,3490,35
2021-04-02,Imperial,025,180216,27729,27553,2544,30097,710
2021-04-02,Inyo,027,18085,1381,1377,10,1387,36
2021-04-02,Kern,029,883053,95592,94348,10235,104583,1233
2021-04-02,Kings,031,150075,22804,22571,1019,23590,239
2021-04-02,Lake,033,64148,3374,3348,8,3356,43
2021-04-02,Lassen,035,31185,5148,5134,101,5235,1
2021-04-02,Los Angeles,037,10098052,1191600,1181682,39394,1221076,23264
2021-04-02,Madera,039,155013,16194,16036,883,16919,230
2021-04-02,Marin,041,260295,13717,13649,213,13862,221
2021-04-02,Mariposa,043,17540,396,390,5,395,5
2021-04-02,Mendocino,045,87422,3765,3682,74,3756,45
2021-04-02,Merced,047,269075,29938,29998,975,30973,426
2021-04-02,Modoc,049,8938,353,346,117,463,3
2021-04-02,Mono,051,14174,1237,1246,16,1262,3
2021-04-02,Monterey,053,433212,42608,42359,1752,44111,341
2021-04-02,Napa,055,140530,9481,9453,30,9483,78
2021-04-02,Nevada,057,99092,4384,4323,180,4503,69
2021-04-02,Orange,059,3164182,251730,249891,10716,260607,4748
2021-04-02,Placer,061,380077,21770,21035,1268,22303,275
2021-04-02,Plumas,063,18699,674,666,10,676,4
2021-04-02,Riverside,065,2383286,289926,283328,13540,296868,4213
2021-04-02,Sacramento,067,1510023,99656,98648,1427,100075,1527
2021-04-02,San Benito,069,59416,5891,5888,94,5982,61
2021-04-02,San Bernardino,071,2135413,289593,286308,8710,295018,4417
2021-04-02,San Diego,073,3302833,272091,271036,13671,284707,3568
2021-04-02,San Francisco,075,870044,35452,35451,1187,36638,488
2021-04-02,San Joaquin,077,732212,70116,68996,3152,72148,1268
2021-04-02,San Luis Obispo,079,281455,20605,20271,620,20891,252
2021-04-02,San Mateo,081,765935,40930,40514,427,40941,350
2021-04-02,Santa Barbara,083,443738,33532,33145,1079,34224,443
2021-04-02,Santa Clara,085,1922200,114675,114777,648,115425,1882
2021-04-02,Santa Cruz,087,273765,15898,15216,789,16005,202
2021-04-02,Shasta,089,179085,11376,11377,1364,12741,181
2021-04-02,Sierra,091,2930,55,50,12,62,0
2021-04-02,Siskiyou,093,43540,1575,1508,255,1763,7
2021-04-02,Solano,095,438530,31042,30951,414,31365,237
2021-04-02,Sonoma,097,501317,29199,29288,278,29566,311
2021-04-02,Stanislaus,099,539301,53441,53073,5565,58638,687
2021-04-02,Sutter,101,95872,9143,9131,80,9211,106
2021-04-02,Tehama,103,63373,4810,4775,513,5288,52
2021-04-02,Trinity,105,12862,478,320,81,401,3
2021-04-02,Tulare,107,460477,49366,48306,8483,56789,818
2021-04-02,Tuolumne,109,53932,3930,3980,40,4020,57
2021-04-02,Ventura,111,848112,80024,79434,2854,82288,982
2021-04-02,Yolo,113,214977,13385,13381,172,13553,197
2021-04-02,Yuba,115,75493,5751,5709,110,5819,44
2021-04-01,Alameda,001,1643700,84140,83574,1772,85346,1216
2021-04-01,Alpine,003,1148,85,85,0,85,0
2021-04-01,Amador,005,37829,3582,3558,31,3589,45
2021-04-01,Butte,007,227075,11711,11328,1695,13023,193
2021-04-01,Calaveras,009,45235,2012,2006,11,2017,50
2021-04-01,Colusa,011,21464,1891,1890,273,2163,14
2021-04-01,Contra Costa,013,1133247,66067,65176,1127,66303,771
2021-04-01,Del Norte,015,27424,1214,1138,11,1149,6
2021-04-01,El Dorado,017,186661,9525,9393,634,10027,106
2021-04-01,Fresno,019,978130,100092,99317,8213,107530,1616
2021-04-01,Glenn,021,27897,2359,2322,527,2849,17
2021-04-01,Humboldt,023,135768,3472,3464,25,3489,35
2021-04-01,Imperial,025,180216,27699,27520,2539,30059,710
2021-04-01,Inyo,027,18085,1380,1374,10,1384,36
2021-04-01,Kern,029,883053,95556,94244,10223,104467,1233
2021-04-01,Kings,031,150075,22797,22560,1018,23578,239
2021-04-01,Lake,033,64148,3369,3337,8,3345,43
2021-04-01,Lassen,035,31185,5147,5132,101,5233,1
2021-04-01,Los Angeles,037,10098052,1191107,1181101,39365,1220466,23220
2021-04-01,Madera,039,155013,16178,16023,883,16906,230
2021-04-01,Marin,041,260295,13707,13635,213,13848,221
2021-04-01,Mariposa,043,17540,394,389,5,394,5
2021-04-01,Mendocino,045,87422,3765,3680,74,3754,45
2021-04-01,Merced,047,269075,29905,29820,975,30795,425
2021-04-01,Modoc,049,8938,352,346,117,463,3
2021-04-01,Mono,051,14174,1237,1245,16,1261,3
2021-04-01,Monterey,053,433212,42600,42324,1750,44074,339
2021-04-01,Napa,055,140530,9469,9410,30,9440,78
2021-04-01,Nevada,057,99092,4374,4288,179,4467,68
2021-04-01,Orange,059,3164182,251610,249617,10699,260316,4742
2021-04-01,Placer,061,380077,21731,20909,1256,22165,274
2021-04-01,Plumas,063,18699,674,664,10,674,4
2021-04-01,Riverside,065,2383286,289821,283128,13537,296665,4193
2021-04-01,Sacramento,067,1510023,99512,97952,1414,99366,1521
2021-04-01,San Benito,069,59416,5883,5878,93,5971,61
2021-04-01,San Bernardino,071,2135413,289477,286086,8701,294787,4404
2021-04-01,San Diego,073,3302833,271868,270540,13641,284181,3555
2021-04-01,San Francisco,075,870044,35431,35386,1184,36570,488
2021-04-01,San Joaquin,077,732212,70034,68802,3144,71946,1262
2021-04-01,San Luis Obispo,079,281455,20576,20235,619,20854,252
2021-04-01,San Mateo,081,765935,40889,40454,427,40881,350
2021-04-01,Santa Barbara,083,443738,33485,33096,1074,34170,443
2021-04-01,Santa Clara,085,1922200,114562,114606,647,115253,1874
2021-04-01,Santa Cruz,087,273765,15883,15271,789,16060,202
2021-04-01,Shasta,089,179085,11361,11355,1359,12714,181
2021-04-01,Sierra,091,2930,55,50,12,62,0
2021-04-01,Siskiyou,093,43540,1573,1507,254,1761,7
2021-04-01,Solano,095,438530,31009,30850,411,31261,237
2021-04-01,Sonoma,097,501317,29168,29241,271,29512,311
2021-04-01,Stanislaus,099,539301,53379,52825,5559,58384,687
2021-04-01,Sutter,101,95872,9131,9105,80,9185,106
2021-04-01,Tehama,103,63373,4804,4764,510,5274,52
2021-04-01,Trinity,105,12862,478,319,81,400,3
2021-04-01,Tulare,107,460477,49343,48279,8473,56752,817
2021-04-01,Tuolumne,109,53932,3928,3978,40,4018,57
2021-04-01,Ventura,111,848112,80000,79369,2853,82222,977
2021-04-01,Yolo,113,214977,13372,13342,172,13514,197
2021-04-01,Yuba,115,75493,5746,5694,110,5804,44
2021-03-31,Alameda,001,1643700,84058,83475,1767,85242,1215
2021-03-31,Alpine,003,1148,85,85,0,85,0
2021-03-31,Amador,005,37829,3579,3556,31,3587,45
2021-03-31,Butte,007,227075,11701,11321,1692,13013,193
2021-03-31,Calaveras,009,45235,2010,2005,11,2016,50
2021-03-31,Colusa,011,21464,1891,1890,273,2163,14
2021-03-31,Contra Costa,013,1133247,65982,65109,1126,66235,769
2021-03-31,Del Norte,015,27424,1205,1129,11,1140,6
2021-03-31,El Dorado,017,186661,9508,9390,634,10024,106
2021-03-31,Fresno,019,978130,99999,99240,8197,107437,1616
2021-03-31,Glenn,021,27897,2355,2318,525,2843,17
2021-03-31,Humboldt,023,135768,3466,3460,25,3485,35
2021-03-31,Imperial,025,180216,27679,27506,2538,30044,710
2021-03-31,Inyo,027,18085,1377,1373,9,1382,35
2021-03-31,Kern,029,883053,95513,94205,10214,104419,1229
2021-03-31,Kings,031,150075,22794,22540,1018,23558,239
2021-03-31,Lake,033,64148,3365,3332,8,3340,43
2021-03-31,Lassen,035,31185,5143,5132,101,5233,1
2021-03-31,Los Angeles,037,10098052,1190637,1180538,39327,1219865,23171
2021-03-31,Madera,039,155013,16164,16015,882,16897,229
2021-03-31,Marin,041,260295,13696,13624,213,13837,221
2021-03-31,Mariposa,043,17540,394,389,5,394,5
2021-03-31,Mendocino,045,87422,3759,3675,74,3749,45
2021-03-31,Merced,047,269075,29876,29780,975,30755,423
2021-03-31,Modoc,049,8938,352,346,117,463,3
2021-03-31,Mono,051,14174,1237,1245,16,1261,3
2021-03-31,Monterey,053,433212,42583,42309,1748,44057,338
2021-03-31,Napa,055,140530,9451,9401,30,9431,78
2021-03-31,Nevada,057,99092,4368,4283,179,4462,68
2021-03-31,Orange,059,3164182,251499,249518,10684,260202,4731
2021-03-31,Placer,061,380077,21681,20885,1249,22134,271
2021-03-31,Plumas,063,18699,673,663,10,673,4
2021-03-31,Riverside,065,2383286,289719,283006,13526,296532,4171
2021-03-31,Sacramento,067,1510023,99337,97760,1407,99167,1519
2021-03-31,San Benito,069,59416,5873,5875,93,5968,61
2021-03-31,San Bernardino,071,2135413,289383,285916,8698,294614,4356
2021-03-31,San Diego,073,3302833,271636,270288,13606,283894,3555
2021-03-31,San Francisco,075,870044,35386,35347,1183,36530,474
2021-03-31,San Joaquin,077,732212,69945,68685,3128,71813,1259
2021-03-31,San Luis Obispo,079,281455,20554,20215,618,20833,251
2021-03-31,San Mateo,081,765935,40859,40423,427,40850,350
2021-03-31,Santa Barbara,083,443738,33453,33052,1072,34124,443
2021-03-31,Santa Clara,085,1922200,114435,114499,647,115146,1874
2021-03-31,Santa Cruz,087,273765,15870,15295,788,16083,201
2021-03-31,Shasta,089,179085,11349,11327,1351,12678,179
2021-03-31,Sierra,091,2930,55,50,12,62,0
2021-03-31,Siskiyou,093,43540,1572,1505,254,1759,7
2021-03-31,Solano,095,438530,30963,30824,410,31234,235
2021-03-31,Sonoma,097,501317,29141,29216,271,29487,311
2021-03-31,Stanislaus,099,539301,53311,52782,5547,58329,687
2021-03-31,Sutter,101,95872,9120,9111,80,9191,106
2021-03-31,Tehama,103,63373,4799,4762,508,5270,52
2021-03-31,Trinity,105,12862,478,319,81,400,3
2021-03-31,Tulare,107,460477,49323,48261,8457,56718,816
2021-03-31,Tuolumne,109,53932,3927,3976,40,4016,57
2021-03-31,Ventura,111,848112,79968,79326,2849,82175,969
2021-03-31,Yolo,113,214977,13355,13359,171,13530,197
2021-03-31,Yuba,115,75493,5739,5686,110,5796,44
2021-03-30,Alameda,001,1643700,83958,83395,1764,85159,1211
2021-03-30,Alpine,003,1148,85,85,0,85,0
2021-03-30,Amador,005,37829,3576,3551,31,3582,45
2021-03-30,Butte,007,227075,11689,11296,1689,12985,193
2021-03-30,Calaveras,009,45235,2006,1997,11,2008,50
2021-03-30,Colusa,011,21464,1890,1890,272,2162,14
2021-03-30,Contra Costa,013,1133247,65893,65041,1124,66165,767
2021-03-30,Del Norte,015,27424,1197,1118,10,1128,6
2021-03-30,El Dorado,017,186661,9489,9381,631,10012,105
2021-03-30,Fresno,019,978130,99934,99156,8184,107340,1609
2021-03-30,Glenn,021,27897,2355,2310,524,2834,17
2021-03-30,Humboldt,023,135768,3464,3461,25,3486,35
2021-03-30,Imperial,025,180216,27651,27471,2536,30007,706
2021-03-30,Inyo,027,18085,1377,1374,9,1383,35
2021-03-30,Kern,029,883053,95471,94151,10205,104356,1221
2021-03-30,Kings,031,150075,22790,22530,1016,23546,238
2021-03-30,Lake,033,64148,3359,3330,8,3338,43
2021-03-30,Lassen,035,31185,5143,5132,101,5233,1
2021-03-30,Los Angeles,037,10098052,1190141,1180044,39305,1219349,23136
2021-03-30,Madera,039,155013,16154,16003,878,16881,229
2021-03-30,Marin,041,260295,13687,13611,205,13816,221
2021-03-30,Mariposa,043,17540,394,388,5,393,5
2021-03-30,Mendocino,045,87422,3757,3670,74,3744,45
2021-03-30,Merced,047,269075,29839,29731,975,30706,423
2021-03-30,Modoc,049,8938,351,346,117,463,3
2021-03-30,Mono,051,14174,1236,1245,16,1261,3
2021-03-30,Monterey,053,433212,42557,42308,1746,44054,338
2021-03-30,Napa,055,140530,9436,9391,30,9421,78
2021-03-30,Nevada,057,99092,4356,4266,178,4444,68
2021-03-30,Orange,059,3164182,251371,249412,10657,260069,4727
2021-03-30,Placer,061,380077,21641,20866,1243,22109,271
2021-03-30,Plumas,063,18699,673,661,10,671,4
2021-03-30,Riverside,065,2383286,289594,282930,13517,296447,4154
2021-03-30,Sacramento,067,1510023,99200,97718,1404,99122,1516
2021-03-30,San Benito,069,59416,5867,5870,93,5963,61
2021-03-30,San Bernardino,071,2135413,289274,285758,8689,294447,4343
2021-03-30,San Diego,073,3302833,271397,269998,13568,283566,3555
2021-03-30,San Francisco,075,870044,35336,35325,1182,36507,474
2021-03-30,San Joaquin,077,732212,69857,68613,3118,71731,1232
2021-03-30,San Luis Obispo,079,281455,20534,20194,618,20812,251
2021-03-30,San Mateo,081,765935,40815,40377,427,40804,349
2021-03-30,Santa Barbara,083,443738,33428,33016,1072,34088,441
2021-03-30,Santa Clara,085,1922200,114313,114413,646,115059,1873
2021-03-30,Santa Cruz,087,273765,15864,15278,788,16066,201
2021-03-30,Shasta,089,179085,11341,11316,1350,12666,184
2021-03-30,Sierra,091,2930,55,50,12,62,0
2021-03-30,Siskiyou,093,43540,1571,1501,254,1755,7
2021-03-30,Solano,095,438530,30933,30802,409,31211,232
2021-03-30,Sonoma,097,501317,29109,29198,271,29469,311
2021-03-30,Stanislaus,099,539301,53233,52690,5539,58229,677
2021-03-30,Sutter,101,95872,9116,9107,79,9186,106
2021-03-30,Tehama,103,63373,4790,4748,507,5255,52
2021-03-30,Trinity,105,12862,478,316,81,397,3
2021-03-30,Tulare,107,460477,49308,48249,8448,56697,815
2021-03-30,Tuolumne,109,53932,3922,3972,40,4012,57
2021-03-30,Ventura,111,848112,79924,79282,2846,82128,958
2021-03-30,Yolo,113,214977,13342,13353,171,13524,195
2021-03-30,Yuba,115,75493,5728,5679,104,5783,42
2021-03-29,Alameda,001,1643700,83858,83338,1762,85100,1211
2021-03-29,Alpine,003,1148,85,85,0,85,0
2021-03-29,Amador,005,37829,3570,3549,31,3580,45
2021-03-29,Butte,007,227075,11681,11291,1686,12977,191
2021-03-29,Calaveras,009,45235,2004,1998,11,2009,50
2021-03-29,Colusa,011,21464,1890,1889,271,2160,14
2021-03-29,Contra Costa,013,1133247,65824,64971,1123,66094,767
2021-03-29,Del Norte,015,27424,1192,1116,9,1125,6
2021-03-29,El Dorado,017,186661,9469,9374,626,10000,105
2021-03-29,Fresno,019,978130,99851,99085,8169,107254,1606
2021-03-29,Glenn,021,27897,2348,2310,524,2834,17
2021-03-29,Humboldt,023,135768,3459,3459,25,3484,34
2021-03-29,Imperial,025,180216,27630,27442,2534,29976,704
2021-03-29,Inyo,027,18085,1377,1372,9,1381,35
2021-03-29,Kern,029,883053,95424,94098,10186,104284,1220
2021-03-29,Kings,031,150075,22778,22522,1015,23537,238
2021-03-29,Lake,033,64148,3356,3325,8,3333,43
2021-03-29,Lassen,035,31185,5143,5131,101,5232,1
2021-03-29,Los Angeles,037,10098052,1189644,1179736,39265,1219001,23108
2021-03-29,Madera,039,155013,16134,15987,876,16863,210
2021-03-29,Marin,041,260295,13675,13600,202,13802,220
2021-03-29,Mariposa,043,17540,393,388,5,393,5
2021-03-29,Mendocino,045,87422,3754,3667,74,3741,45
2021-03-29,Merced,047,269075,29815,29699,975,30674,422
2021-03-29,Modoc,049,8938,350,344,117,461,3
2021-03-29,Mono,051,14174,1235,1243,16,1259,3
2021-03-29,Monterey,053,433212,42541,42305,1741,44046,337
2021-03-29,Napa,055,140530,9420,9379,30,9409,78
2021-03-29,Nevada,057,99092,4349,4258,178,4436,68
2021-03-29,Orange,059,3164182,251261,249295,10645,259940,4713
2021-03-29,Placer,061,380077,21606,20827,1236,22063,267
2021-03-29,Plumas,063,18699,672,660,10,670,4
2021-03-29,Riverside,065,2383286,289491,282867,13516,296383,4133
2021-03-29,Sacramento,067,1510023,99007,97577,1396,98973,1514
2021-03-29,San Benito,069,59416,5860,5865,93,5958,61
2021-03-29,San Bernardino,071,2135413,289177,285615,8685,294300,4335
2021-03-29,San Diego,073,3302833,271131,269771,13542,283313,3547
2021-03-29,San Francisco,075,870044,35301,35291,1179,36470,474
2021-03-29,San Joaquin,077,732212,69771,68537,3105,71642,1211
2021-03-29,San Luis Obispo,079,281455,20499,20176,617,20793,250
2021-03-29,San Mateo,081,765935,40773,40357,426,40783,348
2021-03-29,Santa Barbara,083,443738,33394,32983,1071,34054,439
2021-03-29,Santa Clara,085,1922200,114204,114335,641,114976,1871
2021-03-29,Santa Cruz,087,273765,15853,15249,787,16036,201
2021-03-29,Shasta,089,179085,11323,11313,1348,12661,183
2021-03-29,Sierra,091,2930,55,50,12,62,0
2021-03-29,Siskiyou,093,43540,1569,1497,254,1751,6
2021-03-29,Solano,095,438530,30894,30762,407,31169,232
2021-03-29,Sonoma,097,501317,29086,29184,268,29452,310
2021-03-29,Stanislaus,099,539301,53149,52614,5532,58146,677
2021-03-29,Sutter,101,95872,9109,9105,79,9184,106
2021-03-29,Tehama,103,63373,4782,4742,506,5248,52
2021-03-29,Trinity,105,12862,478,314,81,395,3
2021-03-29,Tulare,107,460477,49280,48226,8437,56663,815
2021-03-29,Tuolumne,109,53932,3920,3969,40,4009,57
2021-03-29,Ventura,111,848112,79882,79252,2846,82098,956
2021-03-29,Yolo,113,214977,13323,13346,171,13517,195
2021-03-29,Yuba,115,75493,5721,5671,103,5774,42
2021-03-28,Alameda,001,1643700,83737,83239,1760,84999,1212
2021-03-28,Alpine,003,1148,85,85,0,85,0
2021-03-28,Amador,005,37829,3566,3541,31,3572,45
2021-03-28,Butte,007,227075,11668,11285,1684,12969,191
2021-03-28,Calaveras,009,45235,2002,1995,11,2006,50
2021-03-28,Colusa,011,21464,1889,1889,271,2160,14
2021-03-28,Contra Costa,013,1133247,65750,64878,1119,65997,767
2021-03-28,Del Norte,015,27424,1185,1107,7,1114,6
2021-03-28,El Dorado,017,186661,9454,9371,624,9995,105
2021-03-28,Fresno,019,978130,99769,99004,8157,107161,1606
2021-03-28,Glenn,021,27897,2344,2309,522,2831,17
2021-03-28,Humboldt,023,135768,3456,3452,24,3476,34
2021-03-28,Imperial,025,180216,27603,27426,2531,29957,704
2021-03-28,Inyo,027,18085,1376,1372,9,1381,35
2021-03-28,Kern,029,883053,95379,94084,10175,104259,1219
2021-03-28,Kings,031,150075,22773,22514,1012,23526,238
2021-03-28,Lake,033,64148,3351,3320,8,3328,43
2021-03-28,Lassen,035,31185,5143,5131,100,5231,1
2021-03-28,Los Angeles,037,10098052,1189091,1179316,39207,1218523,23101
2021-03-28,Madera,039,155013,16119,15973,875,16848,210
2021-03-28,Marin,041,260295,13662,13594,200,13794,221
2021-03-28,Mariposa,043,17540,393,388,5,393,5
2021-03-28,Mendocino,045,87422,3752,3666,74,3740,45
2021-03-28,Merced,047,269075,29758,29679,975,30654,422
2021-03-28,Modoc,049,8938,350,344,117,461,3
2021-03-28,Mono,051,14174,1234,1242,16,1258,3
2021-03-28,Monterey,053,433212,42518,42294,1737,44031,337
2021-03-28,Napa,055,140530,9406,9368,30,9398,78
2021-03-28,Nevada,057,99092,4335,4239,178,4417,68
2021-03-28,Orange,059,3164182,251106,249238,10635,259873,4713
2021-03-28,Placer,061,380077,21562,20796,1230,22026,267
2021-03-28,Plumas,063,18699,670,657,10,667,4
2021-03-28,Riverside,065,2383286,289377,282811,13508,296319,4132
2021-03-28,Sacramento,067,1510023,98833,97425,1390,98815,1514
2021-03-28,San Benito,069,59416,5855,5862,93,5955,61
2021-03-28,San Bernardino,071,2135413,289057,285570,8677,294247,4332
2021-03-28,San Diego,073,3302833,270855,269476,13513,282989,3547
2021-03-28,San Francisco,075,870044,35255,35286,1175,36461,474
2021-03-28,San Joaquin,077,732212,69647,68459,3086,71545,1211
2021-03-28,San Luis Obispo,079,281455,20464,20172,614,20786,250
2021-03-28,San Mateo,081,765935,40728,40305,426,40731,348
2021-03-28,Santa Barbara,083,443738,33352,32953,1070,34023,439
2021-03-28,Santa Clara,085,1922200,114104,114232,637,114869,1871
2021-03-28,Santa Cruz,087,273765,15838,15238,786,16024,201
2021-03-28,Shasta,089,179085,11297,11308,1337,12645,183
2021-03-28,Sierra,091,2930,55,50,12,62,0
2021-03-28,Siskiyou,093,43540,1569,1497,253,1750,6
2021-03-28,Solano,095,438530,30857,30719,405,31124,232
2021-03-28,Sonoma,097,501317,29050,29161,266,29427,310
2021-03-28,Stanislaus,099,539301,53061,52567,5519,58086,678
2021-03-28,Sutter,101,95872,9100,9094,79,9173,106
2021-03-28,Tehama,103,63373,4772,4740,504,5244,52
2021-03-28,Trinity,105,12862,476,314,80,394,3
2021-03-28,Tulare,107,460477,49251,48218,8431,56649,815
2021-03-28,Tuolumne,109,53932,3917,3969,39,4008,57
2021-03-28,Ventura,111,848112,79831,79222,2841,82063,956
2021-03-28,Yolo,113,214977,13306,13325,170,13495,194
2021-03-28,Yuba,115,75493,5717,5662,103,5765,42
2021-03-27,Alameda,001,1643700,83666,83169,1756,84925,1211
2021-03-27,Alpine,003,1148,85,85,0,85,0
2021-03-27,Amador,005,37829,3561,3538,31,3569,45
2021-03-27,Butte,007,227075,11661,11278,1683,12961,191
2021-03-27,Calaveras,009,45235,1999,1992,11,2003,50
2021-03-27,Colusa,011,21464,1889,1889,271,2160,14
2021-03-27,Contra Costa,013,1133247,65680,64804,1116,65920,767
2021-03-27,Del Norte,015,27424,1175,1104,7,1111,6
2021-03-27,El Dorado,017,186661,9440,9367,624,9991,105
2021-03-27,Fresno,019,978130,99716,98901,8151,107052,1606
2021-03-27,Glenn,021,27897,2343,2308,522,2830,17
2021-03-27,Humboldt,023,135768,3451,3442,24,3466,34
2021-03-27,Imperial,025,180216,27591,27406,2528,29934,704
2021-03-27,Inyo,027,18085,1374,1372,9,1381,35
2021-03-27,Kern,029,883053,95359,94041,10164,104205,1217
2021-03-27,Kings,031,150075,22770,22502,1012,23514,238
2021-03-27,Lake,033,64148,3349,3317,8,3325,43
2021-03-27,Lassen,035,31185,5143,5129,100,5229,1
2021-03-27,Los Angeles,037,10098052,1188777,1178831,39181,1218012,23103
2021-03-27,Madera,039,155013,16112,15968,873,16841,210
2021-03-27,Marin,041,260295,13657,13579,200,13779,222
2021-03-27,Mariposa,043,17540,393,386,5,391,5
2021-03-27,Mendocino,045,87422,3750,3666,74,3740,45
2021-03-27,Merced,047,269075,29725,29647,973,30620,422
2021-03-27,Modoc,049,8938,350,344,117,461,3
2021-03-27,Mono,051,14174,1232,1241,16,1257,3
2021-03-27,Monterey,053,433212,42508,42271,1737,44008,337
2021-03-27,Napa,055,140530,9394,9360,30,9390,78
2021-03-27,Nevada,057,99092,4325,4231,178,4409,68
2021-03-27,Orange,059,3164182,251011,249160,10619,259779,4698
2021-03-27,Placer,061,380077,21542,20717,1223,21940,267
2021-03-27,Plumas,063,18699,669,655,10,665,4
2021-03-27,Riverside,065,2383286,289315,282707,13500,296207,4132
2021-03-27,Sacramento,067,1510023,98743,97247,1388,98635,1513
2021-03-27,San Benito,069,59416,5853,5862,91,5953,61
2021-03-27,San Bernardino,071,2135413,288995,285480,8676,294156,4325
2021-03-27,San Diego,073,3302833,270684,269271,13491,282762,3540
2021-03-27,San Francisco,075,870044,35232,35244,1173,36417,474
2021-03-27,San Joaquin,077,732212,69587,68365,3078,71443,1211
2021-03-27,San Luis Obispo,079,281455,20453,20153,611,20764,250
2021-03-27,San Mateo,081,765935,40705,40264,426,40690,348
2021-03-27,Santa Barbara,083,443738,33329,32921,1070,33991,439
2021-03-27,Santa Clara,085,1922200,114008,114124,635,114759,1871
2021-03-27,Santa Cruz,087,273765,15832,15215,786,16001,201
2021-03-27,Shasta,089,179085,11286,11288,1335,12623,183
2021-03-27,Sierra,091,2930,55,50,12,62,0
2021-03-27,Siskiyou,093,43540,1569,1497,253,1750,6
2021-03-27,Solano,095,438530,30829,30669,404,31073,232
2021-03-27,Sonoma,097,501317,29035,29133,264,29397,310
2021-03-27,Stanislaus,099,539301,52996,52497,5511,58008,678
2021-03-27,Sutter,101,95872,9093,9093,79,9172,106
2021-03-27,Tehama,103,63373,4766,4738,502,5240,52
2021-03-27,Trinity,105,12862,476,313,80,393,3
2021-03-27,Tulare,107,460477,49235,48203,8424,56627,813
2021-03-27,Tuolumne,109,53932,3914,3968,39,4007,57
2021-03-27,Ventura,111,848112,79804,79184,2839,82023,956
2021-03-27,Yolo,113,214977,13301,13317,169,13486,194
2021-03-27,Yuba,115,75493,5715,5657,103,5760,42
2021-03-26,Alameda,001,1643700,83604,83043,1754,84797,1208
2021-03-26,Alpine,003,1148,85,85,0,85,0
2021-03-26,Amador,005,37829,3556,3532,31,3563,45
2021-03-26,Butte,007,227075,11650,11278,1683,12961,191
2021-03-26,Calaveras,009,45235,1996,1989,11,2000,50
2021-03-26,Colusa,011,21464,1889,1889,271,2160,14
2021-03-26,Contra Costa,013,1133247,65620,64699,1113,65812,761
2021-03-26,Del Norte,015,27424,1172,1101,7,1108,6
2021-03-26,El Dorado,017,186661,9435,9353,624,9977,105
2021-03-26,Fresno,019,978130,99654,98731,8141,106872,1601
2021-03-26,Glenn,021,27897,2343,2307,521,2828,17
2021-03-26,Humboldt,023,135768,3449,3431,24,3455,34
2021-03-26,Imperial,025,180216,27567,27374,2528,29902,701
2021-03-26,Inyo,027,18085,1373,1369,9,1378,35
2021-03-26,Kern,029,883053,95333,93949,10158,104107,1211
2021-03-26,Kings,031,150075,22762,22493,1010,23503,239
2021-03-26,Lake,033,64148,3348,3314,8,3322,43
2021-03-26,Lassen,035,31185,5142,5131,100,5231,1
2021-03-26,Los Angeles,037,10098052,1188441,1178213,39168,1217381,23080
2021-03-26,Madera,039,155013,16102,15952,873,16825,210
2021-03-26,Marin,041,260295,13651,13553,195,13748,221
2021-03-26,Mariposa,043,17540,393,386,5,391,5
2021-03-26,Mendocino,045,87422,3749,3664,74,3738,45
2021-03-26,Merced,047,269075,29702,29613,972,30585,419
2021-03-26,Modoc,049,8938,350,344,117,461,3
2021-03-26,Mono,051,14174,1231,1236,16,1252,3
2021-03-26,Monterey,053,433212,42495,42241,1733,43974,338
2021-03-26,Napa,055,140530,9384,9349,30,9379,78
2021-03-26,Nevada,057,99092,4305,4222,178,4400,83
2021-03-26,Orange,059,3164182,250948,248995,10605,259600,4671
2021-03-26,Placer,061,380077,21516,20679,1222,21901,259
2021-03-26,Plumas,063,18699,668,654,10,664,4
2021-03-26,Riverside,065,2383286,289237,282602,13494,296096,4109
2021-03-26,Sacramento,067,1510023,98642,97040,1383,98423,1509
2021-03-26,San Benito,069,59416,5850,5855,91,5946,61
2021-03-26,San Bernardino,071,2135413,288939,285313,8674,293987,4288
2021-03-26,San Diego,073,3302833,270506,269045,13465,282510,3525
2021-03-26,San Francisco,075,870044,35206,35186,1173,36359,472
2021-03-26,San Joaquin,077,732212,69524,68249,3074,71323,1202
2021-03-26,San Luis Obispo,079,281455,20440,20118,611,20729,250
2021-03-26,San Mateo,081,765935,40670,40199,426,40625,348
2021-03-26,Santa Barbara,083,443738,33299,32895,1069,33964,439
2021-03-26,Santa Clara,085,1922200,113910,113959,634,114593,1868
2021-03-26,Santa Cruz,087,273765,15817,15199,785,15984,201
2021-03-26,Shasta,089,179085,11277,11276,1329,12605,182
2021-03-26,Sierra,091,2930,55,50,12,62,0
2021-03-26,Siskiyou,093,43540,1569,1493,252,1745,6
2021-03-26,Solano,095,438530,30804,30640,404,31044,205
2021-03-26,Sonoma,097,501317,29019,29101,261,29362,310
2021-03-26,Stanislaus,099,539301,52928,52420,5507,57927,678
2021-03-26,Sutter,101,95872,9090,9082,79,9161,104
2021-03-26,Tehama,103,63373,4765,4722,501,5223,51
2021-03-26,Trinity,105,12862,476,311,80,391,3
2021-03-26,Tulare,107,460477,49220,48179,8417,56596,813
2021-03-26,Tuolumne,109,53932,3913,3965,39,4004,57
2021-03-26,Ventura,111,848112,79770,79122,2837,81959,953
2021-03-26,Yolo,113,214977,13294,13299,167,13466,194
2021-03-26,Yuba,115,75493,5705,5653,103,5756,42
2021-03-25,Alameda,001,1643700,83510,82945,1752,84697,1206
2021-03-25,Alpine,003,1148,85,84,0,84,0
2021-03-25,Amador,005,37829,3554,3530,31,3561,45
2021-03-25,Butte,007,227075,11640,11270,1683,12953,188
2021-03-25,Calaveras,009,45235,1995,1982,11,1993,50
2021-03-25,Colusa,011,21464,1889,1888,271,2159,14
2021-03-25,Contra Costa,013,1133247,65553,64606,1110,65716,757
2021-03-25,Del Norte,015,27424,1166,1095,7,1102,6
2021-03-25,El Dorado,017,186661,9425,9331,624,9955,105
2021-03-25,Fresno,019,978130,99536,98602,8128,106730,1593
2021-03-25,Glenn,021,27897,2342,2302,520,2822,17
2021-03-25,Humboldt,023,135768,3444,3423,24,3447,34
2021-03-25,Imperial,025,180216,27551,27352,2527,29879,699
2021-03-25,Inyo,027,18085,1373,1369,9,1378,35
2021-03-25,Kern,029,883053,95301,93857,10153,104010,1206
2021-03-25,Kings,031,150075,22752,22472,1010,23482,237
2021-03-25,Lake,033,64148,3343,3312,8,3320,43
2021-03-25,Lassen,035,31185,5142,5129,100,5229,1
2021-03-25,Los Angeles,037,10098052,1188003,1177490,39135,1216625,23051
2021-03-25,Madera,039,155013,16083,15937,871,16808,210
2021-03-25,Marin,041,260295,13641,13538,192,13730,219
2021-03-25,Mariposa,043,17540,393,386,5,391,5
2021-03-25,Mendocino,045,87422,3748,3664,74,3738,45
2021-03-25,Merced,047,269075,29668,29576,965,30541,416
2021-03-25,Modoc,049,8938,350,343,117,460,3
2021-03-25,Mono,051,14174,1231,1235,16,1251,3
2021-03-25,Monterey,053,433212,42474,42220,1728,43948,336
2021-03-25,Napa,055,140530,9365,9321,30,9351,78
2021-03-25,Nevada,057,99092,4287,4202,176,4378,84
2021-03-25,Orange,059,3164182,250834,248871,10585,259456,4655
2021-03-25,Placer,061,380077,21475,20639,1215,21854,252
2021-03-25,Plumas,063,18699,668,654,10,664,4
2021-03-25,Riverside,065,2383286,289140,282492,13483,295975,4078
2021-03-25,Sacramento,067,1510023,98496,96823,1381,98204,1505
2021-03-25,San Benito,069,59416,5847,5850,91,5941,61
2021-03-25,San Bernardino,071,2135413,288858,285134,8669,293803,4222
2021-03-25,San Diego,073,3302833,270278,268623,13434,282057,3520
2021-03-25,San Francisco,075,870044,35166,35154,1171,36325,468
2021-03-25,San Joaquin,077,732212,69427,68089,3036,71125,1196
2021-03-25,San Luis Obispo,079,281455,20422,20076,611,20687,250
2021-03-25,San Mateo,081,765935,40630,40147,426,40573,348
2021-03-25,Santa Barbara,083,443738,33272,32857,1069,33926,439
2021-03-25,Santa Clara,085,1922200,113806,113877,632,114509,1868
2021-03-25,Santa Cruz,087,273765,15796,15170,785,15955,201
2021-03-25,Shasta,089,179085,11260,11262,1326,12588,181
2021-03-25,Sierra,091,2930,55,50,12,62,0
2021-03-25,Siskiyou,093,43540,1567,1491,251,1742,6
2021-03-25,Solano,095,438530,30743,30583,402,30985,193
2021-03-25,Sonoma,097,501317,28985,29060,257,29317,310
2021-03-25,Stanislaus,099,539301,52861,52321,5500,57821,678
2021-03-25,Sutter,101,95872,9081,9069,79,9148,104
2021-03-25,Tehama,103,63373,4763,4719,500,5219,52
2021-03-25,Trinity,105,12862,476,310,80,390,3
2021-03-25,Tulare,107,460477,49193,48148,8405,56553,811
2021-03-25,Tuolumne,109,53932,3912,3962,39,4001,57
2021-03-25,Ventura,111,848112,79729,79045,2833,81878,952
2021-03-25,Yolo,113,214977,13288,13287,167,13454,194
2021-03-25,Yuba,115,75493,5699,5647,97,5744,42
2021-03-24,Alameda,001,1643700,83417,82871,1749,84620,1199
2021-03-24,Alpine,003,1148,85,84,0,84,0
2021-03-24,Amador,005,37829,3548,3529,31,3560,45
2021-03-24,Butte,007,227075,11630,11252,1679,12931,187
2021-03-24,Calaveras,009,45235,1992,1975,11,1986,50
2021-03-24,Colusa,011,21464,1889,1886,271,2157,14
2021-03-24,Contra Costa,013,1133247,65473,64539,1109,65648,755
2021-03-24,Del Norte,015,27424,1161,1087,7,1094,6
2021-03-24,El Dorado,017,186661,9419,9319,623,9942,105
2021-03-24,Fresno,019,978130,99446,98437,8113,106550,1585
2021-03-24,Glenn,021,27897,2341,2297,519,2816,17
2021-03-24,Humboldt,023,135768,3441,3414,24,3438,34
2021-03-24,Imperial,025,180216,27542,27325,2527,29852,699
2021-03-24,Inyo,027,18085,1373,1368,9,1377,35
2021-03-24,Kern,029,883053,95253,93800,10144,103944,1198
2021-03-24,Kings,031,150075,22737,22456,1008,23464,237
2021-03-24,Lake,033,64148,3339,3307,8,3315,43
2021-03-24,Lassen,035,31185,5140,5130,99,5229,1
2021-03-24,Los Angeles,037,10098052,1187516,1177015,39102,1216117,22993
2021-03-24,Madera,039,155013,16074,15918,870,16788,210
2021-03-24,Marin,041,260295,13627,13526,190,13716,219
2021-03-24,Mariposa,043,17540,393,384,5,389,5
2021-03-24,Mendocino,045,87422,3745,3660,74,3734,45
2021-03-24,Merced,047,269075,29627,29525,965,30490,415
2021-03-24,Modoc,049,8938,349,341,117,458,3
2021-03-24,Mono,051,14174,1230,1243,16,1259,3
2021-03-24,Monterey,053,433212,42452,42201,1725,43926,335
2021-03-24,Napa,055,140530,9345,9310,30,9340,78
2021-03-24,Nevada,057,99092,4272,4191,175,4366,85
2021-03-24,Orange,059,3164182,250721,248775,10567,259342,4638
2021-03-24,Placer,061,380077,21445,20606,1207,21813,250
2021-03-24,Plumas,063,18699,666,652,10,662,4
2021-03-24,Riverside,065,2383286,289056,282410,13480,295890,4058
2021-03-24,Sacramento,067,1510023,98321,96628,1370,97998,1500
2021-03-24,San Benito,069,59416,5846,5847,91,5938,61
2021-03-24,San Bernardino,071,2135413,288771,284983,8667,293650,4170
2021-03-24,San Diego,073,3302833,270064,268413,13406,281819,3509
2021-03-24,San Francisco,075,870044,35139,35103,1168,36271,462
2021-03-24,San Joaquin,077,732212,69356,67978,3024,71002,1196
2021-03-24,San Luis Obispo,079,281455,20392,20021,610,20631,250
2021-03-24,San Mateo,081,765935,40580,40083,426,40509,348
2021-03-24,Santa Barbara,083,443738,33244,32810,1069,33879,438
2021-03-24,Santa Clara,085,1922200,113690,113757,629,114386,1851
2021-03-24,Santa Cruz,087,273765,15782,15138,784,15922,202
2021-03-24,Shasta,089,179085,11241,11243,1324,12567,181
2021-03-24,Sierra,091,2930,55,50,12,62,0
2021-03-24,Siskiyou,093,43540,1565,1490,251,1741,6
2021-03-24,Solano,095,438530,30706,30552,401,30953,178
2021-03-24,Sonoma,097,501317,28965,29034,253,29287,310
2021-03-24,Stanislaus,099,539301,52785,52259,5491,57750,677
2021-03-24,Sutter,101,95872,9065,9049,79,9128,104
2021-03-24,Tehama,103,63373,4757,4719,499,5218,49
2021-03-24,Trinity,105,12862,475,310,80,390,3
2021-03-24,Tulare,107,460477,49182,48109,8392,56501,808
2021-03-24,Tuolumne,109,53932,3910,3961,39,4000,57
2021-03-24,Ventura,111,848112,79677,78993,2826,81819,944
2021-03-24,Yolo,113,214977,13276,13269,167,13436,194
2021-03-24,Yuba,115,75493,5693,5634,94,5728,42
2021-03-23,Alameda,001,1643700,83315,82799,1745,84544,1190
2021-03-23,Alpine,003,1148,85,84,0,84,0
2021-03-23,Amador,005,37829,3542,3524,31,3555,45
2021-03-23,Butte,007,227075,11618,11227,1678,12905,187
2021-03-23,Calaveras,009,45235,1990,1971,11,1982,50
2021-03-23,Colusa,011,21464,1887,1885,270,2155,14
2021-03-23,Contra Costa,013,1133247,65373,64491,1108,65599,750
2021-03-23,Del Norte,015,27424,1156,1082,7,1089,6
2021-03-23,El Dorado,017,186661,9409,9318,620,9938,105
2021-03-23,Fresno,019,978130,99332,98362,8089,106451,1575
2021-03-23,Glenn,021,27897,2336,2293,517,2810,17
2021-03-23,Humboldt,023,135768,3432,3405,24,3429,34
2021-03-23,Imperial,025,180216,27534,27320,2527,29847,699
2021-03-23,Inyo,027,18085,1371,1364,9,1373,35
2021-03-23,Kern,029,883053,95146,93728,10137,103865,1191
2021-03-23,Kings,031,150075,22726,22439,1006,23445,237
2021-03-23,Lake,033,64148,3337,3294,8,3302,43
2021-03-23,Lassen,035,31185,5140,5130,99,5229,1
2021-03-23,Los Angeles,037,10098052,1186995,1176572,39065,1215637,22904
2021-03-23,Madera,039,155013,16058,15908,869,16777,210
2021-03-23,Marin,041,260295,13604,13514,188,13702,221
2021-03-23,Mariposa,043,17540,392,384,5,389,5
2021-03-23,Mendocino,045,87422,3743,3652,74,3726,45
2021-03-23,Merced,047,269075,29594,29485,965,30450,415
2021-03-23,Modoc,049,8938,348,342,117,459,3
2021-03-23,Mono,051,14174,1229,1263,16,1279,3
2021-03-23,Monterey,053,433212,42441,42180,1723,43903,335
2021-03-23,Napa,055,140530,9320,9299,30,9329,78
2021-03-23,Nevada,057,99092,4253,4179,174,4353,89
2021-03-23,Orange,059,3164182,250595,248661,10549,259210,4626
2021-03-23,Placer,061,380077,21410,20567,1203,21770,248
2021-03-23,Plumas,063,18699,666,652,10,662,4
2021-03-23,Riverside,065,2383286,288955,282317,13474,295791,4035
2021-03-23,Sacramento,067,1510023,98129,96521,1366,97887,1496
2021-03-23,San Benito,069,59416,5841,5845,90,5935,61
2021-03-23,San Bernardino,071,2135413,288686,284875,8659,293534,4134
2021-03-23,San Diego,073,3302833,269819,268156,13374,281530,3498
2021-03-23,San Francisco,075,870044,35081,35071,1163,36234,462
2021-03-23,San Joaquin,077,732212,69260,67903,3006,70909,1182
2021-03-23,San Luis Obispo,079,281455,20352,20009,609,20618,250
2021-03-23,San Mateo,081,765935,40524,40032,425,40457,348
2021-03-23,Santa Barbara,083,443738,33206,32771,1068,33839,438
2021-03-23,Santa Clara,085,1922200,113574,113645,626,114271,1848
2021-03-23,Santa Cruz,087,273765,15767,15106,784,15890,201
2021-03-23,Shasta,089,179085,11228,11234,1323,12557,175
2021-03-23,Sierra,091,2930,55,50,12,62,0
2021-03-23,Siskiyou,093,43540,1560,1485,249,1734,6
2021-03-23,Solano,095,438530,30665,30524,400,30924,178
2021-03-23,Sonoma,097,501317,28928,29020,252,29272,310
2021-03-23,Stanislaus,099,539301,52686,52148,5484,57632,677
2021-03-23,Sutter,101,95872,9057,9039,79,9118,104
2021-03-23,Tehama,103,63373,4748,4707,498,5205,46
2021-03-23,Trinity,105,12862,475,310,80,390,3
2021-03-23,Tulare,107,460477,49155,48095,8376,56471,808
2021-03-23,Tuolumne,109,53932,3907,3957,39,3996,57
2021-03-23,Ventura,111,848112,79616,78930,2823,81753,932
2021-03-23,Yolo,113,214977,13265,13255,167,13422,194
2021-03-23,Yuba,115,75493,5688,5628,94,5722,42
2021-03-22,Alameda,001,1643700,83224,82748,1740,84488,1189
2021-03-22,Alpine,003,1148,84,83,0,83,0
2021-03-22,Amador,005,37829,3534,3522,31,3553,44
2021-03-22,Butte,007,227075,11609,11211,1676,12887,185
2021-03-22,Calaveras,009,45235,1986,1963,11,1974,49
2021-03-22,Colusa,011,21464,1885,1885,270,2155,13
2021-03-22,Contra Costa,013,1133247,65278,64432,1106,65538,740
2021-03-22,Del Norte,015,27424,1150,1082,7,1089,6
2021-03-22,El Dorado,017,186661,9393,9310,616,9926,105
2021-03-22,Fresno,019,978130,99234,98276,8077,106353,1556
2021-03-22,Glenn,021,27897,2328,2291,517,2808,17
2021-03-22,Humboldt,023,135768,3427,3403,24,3427,34
2021-03-22,Imperial,025,180216,27519,27302,2524,29826,699
2021-03-22,Inyo,027,18085,1368,1363,9,1372,35
2021-03-22,Kern,029,883053,95075,93675,10121,103796,1178
2021-03-22,Kings,031,150075,22713,22433,1001,23434,236
2021-03-22,Lake,033,64148,3336,3290,8,3298,43
2021-03-22,Lassen,035,31185,5138,5129,99,5228,1
2021-03-22,Los Angeles,037,10098052,1186478,1176205,39035,1215240,22843
2021-03-22,Madera,039,155013,16043,15904,869,16773,210
2021-03-22,Marin,041,260295,13595,13501,187,13688,221
2021-03-22,Mariposa,043,17540,391,381,5,386,5
2021-03-22,Mendocino,045,87422,3741,3653,74,3727,45
2021-03-22,Merced,047,269075,29551,29468,962,30430,413
2021-03-22,Modoc,049,8938,346,342,117,459,3
2021-03-22,Mono,051,14174,1224,1263,16,1279,3
2021-03-22,Monterey,053,433212,42425,42161,1721,43882,335
2021-03-22,Napa,055,140530,9309,9288,30,9318,77
2021-03-22,Nevada,057,99092,4243,4174,170,4344,89
2021-03-22,Orange,059,3164182,250446,248517,10515,259032,4599
2021-03-22,Placer,061,380077,21375,20543,1198,21741,242
2021-03-22,Plumas,063,18699,666,652,10,662,4
2021-03-22,Riverside,065,2383286,288855,282242,13463,295705,4009
2021-03-22,Sacramento,067,1510023,97951,96385,1356,97741,1493
2021-03-22,San Benito,069,59416,5838,5844,89,5933,61
2021-03-22,San Bernardino,071,2135413,288598,284771,8647,293418,4107
2021-03-22,San Diego,073,3302833,269607,267913,13354,281267,3494
2021-03-22,San Francisco,075,870044,35039,35040,1159,36199,462
2021-03-22,San Joaquin,077,732212,69168,67815,2989,70804,1182
2021-03-22,San Luis Obispo,079,281455,20328,20000,608,20608,250
2021-03-22,San Mateo,081,765935,40473,40024,424,40448,348
2021-03-22,Santa Barbara,083,443738,33161,32756,1066,33822,437
2021-03-22,Santa Clara,085,1922200,113454,113575,626,114201,1845
2021-03-22,Santa Cruz,087,273765,15755,15077,783,15860,201
2021-03-22,Shasta,089,179085,11214,11218,1322,12540,150
2021-03-22,Sierra,091,2930,55,50,12,62,0
2021-03-22,Siskiyou,093,43540,1559,1487,248,1735,5
2021-03-22,Solano,095,438530,30625,30490,396,30886,171
2021-03-22,Sonoma,097,501317,28899,29010,248,29258,310
2021-03-22,Stanislaus,099,539301,52602,52083,5479,57562,677
2021-03-22,Sutter,101,95872,9044,9024,79,9103,104
2021-03-22,Tehama,103,63373,4740,4704,498,5202,45
2021-03-22,Trinity,105,12862,475,310,80,390,3
2021-03-22,Tulare,107,460477,49140,48074,8356,56430,807
2021-03-22,Tuolumne,109,53932,3904,3954,39,3993,57
2021-03-22,Ventura,111,848112,79570,78890,2820,81710,927
2021-03-22,Yolo,113,214977,13253,13243,166,13409,190
2021-03-22,Yuba,115,75493,5677,5627,92,5719,42
2021-03-21,Alameda,001,1643700,83137,82684,1737,84421,1187
2021-03-21,Alpine,003,1148,84,83,0,83,0
2021-03-21,Amador,005,37829,3530,3519,31,3550,44
2021-03-21,Butte,007,227075,11593,11208,1671,12879,185
2021-03-21,Calaveras,009,45235,1980,1962,11,1973,49
2021-03-21,Colusa,011,21464,1885,1885,270,2155,13
2021-03-21,Contra Costa,013,1133247,65196,64382,1102,65484,740
2021-03-21,Del Norte,015,27424,1135,1076,7,1083,6
2021-03-21,El Dorado,017,186661,9383,9302,611,9913,105
2021-03-21,Fresno,019,978130,99120,98211,8054,106265,1556
2021-03-21,Glenn,021,27897,2325,2288,516,2804,17
2021-03-21,Humboldt,023,135768,3422,3402,24,3426,34
2021-03-21,Imperial,025,180216,27502,27267,2519,29786,699
2021-03-21,Inyo,027,18085,1368,1363,9,1372,35
2021-03-21,Kern,029,883053,95009,93649,10112,103761,1170
2021-03-21,Kings,031,150075,22696,22422,1001,23423,236
2021-03-21,Lake,033,64148,3332,3286,8,3294,43
2021-03-21,Lassen,035,31185,5138,5129,99,5228,1
2021-03-21,Los Angeles,037,10098052,1185942,1175684,38988,1214672,22834
2021-03-21,Madera,039,155013,16023,15895,867,16762,210
2021-03-21,Marin,041,260295,13579,13495,186,13681,220
2021-03-21,Mariposa,043,17540,391,381,5,386,5
2021-03-21,Mendocino,045,87422,3738,3651,74,3725,45
2021-03-21,Merced,047,269075,29491,29446,956,30402,413
2021-03-21,Modoc,049,8938,346,341,117,458,3
2021-03-21,Mono,051,14174,1219,1263,16,1279,3
2021-03-21,Monterey,053,433212,42400,42153,1718,43871,335
2021-03-21,Napa,055,140530,9288,9282,30,9312,77
2021-03-21,Nevada,057,99092,4230,4169,170,4339,89
2021-03-21,Orange,059,3164182,250313,248442,10488,258930,4598
2021-03-21,Placer,061,380077,21339,20520,1190,21710,242
2021-03-21,Plumas,063,18699,666,653,10,663,4
2021-03-21,Riverside,065,2383286,288747,282187,13452,295639,4009
2021-03-21,Sacramento,067,1510023,97757,96269,1349,97618,1489
2021-03-21,San Benito,069,59416,5832,5842,89,5931,61
2021-03-21,San Bernardino,071,2135413,288508,284732,8641,293373,4094
2021-03-21,San Diego,073,3302833,269347,267724,13328,281052,3494
2021-03-21,San Francisco,075,870044,34992,35012,1153,36165,460
2021-03-21,San Joaquin,077,732212,69046,67729,2971,70700,1182
2021-03-21,San Luis Obispo,079,281455,20296,19979,606,20585,250
2021-03-21,San Mateo,081,765935,40428,39988,423,40411,344
2021-03-21,Santa Barbara,083,443738,33122,32743,1065,33808,437
2021-03-21,Santa Clara,085,1922200,113325,113487,623,114110,1840
2021-03-21,Santa Cruz,087,273765,15748,15064,783,15847,199
2021-03-21,Shasta,089,179085,11194,11215,1321,12536,150
2021-03-21,Sierra,091,2930,55,50,12,62,0
2021-03-21,Siskiyou,093,43540,1559,1486,247,1733,5
2021-03-21,Solano,095,438530,30586,30474,393,30867,171
2021-03-21,Sonoma,097,501317,28870,28986,247,29233,310
2021-03-21,Stanislaus,099,539301,52512,52014,5477,57491,677
2021-03-21,Sutter,101,95872,9031,9021,79,9100,104
2021-03-21,Tehama,103,63373,4736,4701,498,5199,45
2021-03-21,Trinity,105,12862,473,310,80,390,3
2021-03-21,Tulare,107,460477,49124,48060,8344,56404,807
2021-03-21,Tuolumne,109,53932,3902,3953,39,3992,57
2021-03-21,Ventura,111,848112,79507,78863,2815,81678,927
2021-03-21,Yolo,113,214977,13231,13235,166,13401,190
2021-03-21,Yuba,115,75493,5667,5624,92,5716,42
2021-03-20,Alameda,001,1643700,83069,82614,1735,84349,1178
2021-03-20,Alpine,003,1148,84,83,0,83,0
2021-03-20,Amador,005,37829,3528,3518,31,3549,44
2021-03-20,Butte,007,227075,11586,11199,1669,12868,185
2021-03-20,Calaveras,009,45235,1976,1961,11,1972,49
2021-03-20,Colusa,011,21464,1885,1883,270,2153,12
2021-03-20,Contra Costa,013,1133247,65136,64313,1102,65415,713
2021-03-20,Del Norte,015,27424,1134,1075,7,1082,6
2021-03-20,El Dorado,017,186661,9377,9290,611,9901,105
2021-03-20,Fresno,019,978130,99060,98112,8047,106159,1532
2021-03-20,Glenn,021,27897,2324,2288,514,2802,17
2021-03-20,Humboldt,023,135768,3415,3399,24,3423,33
2021-03-20,Imperial,025,180216,27496,27239,2517,29756,695
2021-03-20,Inyo,027,18085,1368,1362,9,1371,35
2021-03-20,Kern,029,883053,94980,93606,10108,103714,1155
2021-03-20,Kings,031,150075,22691,22415,1000,23415,236
2021-03-20,Lake,033,64148,3328,3280,8,3288,43
2021-03-20,Lassen,035,31185,5138,5128,99,5227,1
2021-03-20,Los Angeles,037,10098052,1185643,1175290,38964,1214254,22810
2021-03-20,Madera,039,155013,16015,15891,866,16757,210
2021-03-20,Marin,041,260295,13567,13470,182,13652,220
2021-03-20,Mariposa,043,17540,390,381,5,386,5
2021-03-20,Mendocino,045,87422,3737,3639,74,3713,43
2021-03-20,Merced,047,269075,29460,29411,953,30364,412
2021-03-20,Modoc,049,8938,345,341,117,458,3
2021-03-20,Mono,051,14174,1219,1256,16,1272,3
2021-03-20,Monterey,053,433212,42391,42146,1717,43863,334
2021-03-20,Napa,055,140530,9280,9274,30,9304,77
2021-03-20,Nevada,057,99092,4219,4164,169,4333,89
2021-03-20,Orange,059,3164182,250232,248348,10478,258826,4522
2021-03-20,Placer,061,380077,21316,20505,1188,21693,242
2021-03-20,Plumas,063,18699,663,652,10,662,4
2021-03-20,Riverside,065,2383286,288672,282081,13448,295529,4000
2021-03-20,Sacramento,067,1510023,97646,96126,1346,97472,1488
2021-03-20,San Benito,069,59416,5828,5840,89,5929,61
2021-03-20,San Bernardino,071,2135413,288442,284690,8637,293327,3965
2021-03-20,San Diego,073,3302833,269176,267532,13321,280853,3493
2021-03-20,San Francisco,075,870044,34969,34968,1146,36114,453
2021-03-20,San Joaquin,077,732212,69005,67662,2964,70626,1161
2021-03-20,San Luis Obispo,079,281455,20280,19951,600,20551,250
2021-03-20,San Mateo,081,765935,40394,39958,422,40380,344
2021-03-20,Santa Barbara,083,443738,33097,32723,1064,33787,434
2021-03-20,Santa Clara,085,1922200,113233,113384,622,114006,1799
2021-03-20,Santa Cruz,087,273765,15732,15053,783,15836,199
2021-03-20,Shasta,089,179085,11188,11211,1321,12532,147
2021-03-20,Sierra,091,2930,55,50,12,62,0
2021-03-20,Siskiyou,093,43540,1559,1483,247,1730,5
2021-03-20,Solano,095,438530,30556,30439,393,30832,170
2021-03-20,Sonoma,097,501317,28855,28962,247,29209,309
2021-03-20,Stanislaus,099,539301,52456,51925,5470,57395,673
2021-03-20,Sutter,101,95872,9023,9014,79,9093,103
2021-03-20,Tehama,103,63373,4731,4696,496,5192,33
2021-03-20,Trinity,105,12862,472,310,80,390,3
2021-03-20,Tulare,107,460477,49109,48030,8327,56357,804
2021-03-20,Tuolumne,109,53932,3899,3950,39,3989,57
2021-03-20,Ventura,111,848112,79472,78818,2813,81631,922
2021-03-20,Yolo,113,214977,13227,13226,166,13392,190
2021-03-20,Yuba,115,75493,5664,5621,91,5712,42
2021-03-19,Alameda,001,1643700,82997,82499,1734,84233,1187
2021-03-19,Alpine,003,1148,83,82,0,82,0
2021-03-19,Amador,005,37829,3525,3515,31,3546,44
2021-03-19,Butte,007,227075,11578,11191,1666,12857,185
2021-03-19,Calaveras,009,45235,1975,1957,11,1968,49
2021-03-19,Colusa,011,21464,1884,1883,270,2153,12
2021-03-19,Contra Costa,013,1133247,65077,64195,1099,65294,737
2021-03-19,Del Norte,015,27424,1128,1071,5,1076,6
2021-03-19,El Dorado,017,186661,9368,9274,611,9885,105
2021-03-19,Fresno,019,978130,98976,97969,8034,106003,1527
2021-03-19,Glenn,021,27897,2324,2282,514,2796,17
2021-03-19,Humboldt,023,135768,3406,3388,24,3412,33
2021-03-19,Imperial,025,180216,27484,27218,2514,29732,695
2021-03-19,Inyo,027,18085,1366,1356,9,1365,35
2021-03-19,Kern,029,883053,94947,93534,10095,103629,1152
2021-03-19,Kings,031,150075,22682,22369,997,23366,235
2021-03-19,Lake,033,64148,3322,3262,8,3270,43
2021-03-19,Lassen,035,31185,5138,5126,99,5225,1
2021-03-19,Los Angeles,037,10098052,1185303,1174818,38947,1213765,22752
2021-03-19,Madera,039,155013,16008,15877,865,16742,210
2021-03-19,Marin,041,260295,13555,13441,182,13623,220
2021-03-19,Mariposa,043,17540,389,380,5,385,5
2021-03-19,Mendocino,045,87422,3736,3639,74,3713,45
2021-03-19,Merced,047,269075,29433,29376,951,30327,412
2021-03-19,Modoc,049,8938,345,341,117,458,3
2021-03-19,Mono,051,14174,1217,1244,16,1260,3
2021-03-19,Monterey,053,433212,42382,42125,1715,43840,335
2021-03-19,Napa,055,140530,9268,9256,30,9286,77
2021-03-19,Nevada,057,99092,4208,4156,169,4325,88
2021-03-19,Orange,059,3164182,250132,248146,10469,258615,4501
2021-03-19,Placer,061,380077,21298,20451,1186,21637,242
2021-03-19,Plumas,063,18699,663,650,10,660,4
2021-03-19,Riverside,065,2383286,288589,281937,13443,295380,3989
2021-03-19,Sacramento,067,1510023,97543,95934,1343,97277,1486
2021-03-19,San Benito,069,59416,5828,5845,89,5934,61
2021-03-19,San Bernardino,071,2135413,288371,284501,8635,293136,4017
2021-03-19,San Diego,073,3302833,269041,267173,13311,280484,3491
2021-03-19,San Francisco,075,870044,34924,34936,1143,36079,461
2021-03-19,San Joaquin,077,732212,68935,67515,2950,70465,1180
2021-03-19,San Luis Obispo,079,281455,20260,19913,598,20511,249
2021-03-19,San Mateo,081,765935,40370,39893,422,40315,344
2021-03-19,Santa Barbara,083,443738,33067,32685,1063,33748,435
2021-03-19,Santa Clara,085,1922200,113158,113232,621,113853,1797
2021-03-19,Santa Cruz,087,273765,15725,15026,783,15809,199
2021-03-19,Shasta,089,179085,11181,11104,1319,12423,103
2021-03-19,Sierra,091,2930,54,49,12,61,0
2021-03-19,Siskiyou,093,43540,1559,1480,246,1726,5
2021-03-19,Solano,095,438530,30526,30395,391,30786,172
2021-03-19,Sonoma,097,501317,28834,28932,245,29177,292
2021-03-19,Stanislaus,099,539301,52398,51755,5467,57222,679
2021-03-19,Sutter,101,95872,9021,9005,79,9084,103
2021-03-19,Tehama,103,63373,4724,4685,496,5181,33
2021-03-19,Trinity,105,12862,472,310,80,390,3
2021-03-19,Tulare,107,460477,49086,47989,8304,56293,805
2021-03-19,Tuolumne,109,53932,3896,3946,39,3985,57
2021-03-19,Ventura,111,848112,79439,78753,2809,81562,920
2021-03-19,Yolo,113,214977,13219,13197,166,13363,189
2021-03-19,Yuba,115,75493,5661,5615,90,5705,42
2021-03-18,Alameda,001,1643700,82916,82419,1731,84150,1189
2021-03-18,Alpine,003,1148,83,82,0,82,0
2021-03-18,Amador,005,37829,3521,3513,31,3544,44
2021-03-18,Butte,007,227075,11567,11179,1664,12843,185
2021-03-18,Calaveras,009,45235,1973,1954,11,1965,49
2021-03-18,Colusa,011,21464,1884,1882,270,2152,12
2021-03-18,Contra Costa,013,1133247,65004,64103,1096,65199,739
2021-03-18,Del Norte,015,27424,1119,1059,5,1064,6
2021-03-18,El Dorado,017,186661,9355,9261,610,9871,105
2021-03-18,Fresno,019,978130,98879,97856,8019,105875,1527
2021-03-18,Glenn,021,27897,2320,2275,513,2788,17
2021-03-18,Humboldt,023,135768,3398,3381,24,3405,34
2021-03-18,Imperial,025,180216,27469,27190,2509,29699,695
2021-03-18,Inyo,027,18085,1363,1354,9,1363,35
2021-03-18,Kern,029,883053,94890,93458,10081,103539,1158
2021-03-18,Kings,031,150075,22675,22354,996,23350,235
2021-03-18,Lake,033,64148,3319,3260,8,3268,43
2021-03-18,Lassen,035,31185,5137,5126,99,5225,1
2021-03-18,Los Angeles,037,10098052,1184869,1174205,38918,1213123,22689
2021-03-18,Madera,039,155013,15996,15860,862,16722,211
2021-03-18,Marin,041,260295,13537,13435,181,13616,219
2021-03-18,Mariposa,043,17540,387,380,5,385,5
2021-03-18,Mendocino,045,87422,3726,3630,74,3704,45
2021-03-18,Merced,047,269075,29398,29317,951,30268,410
2021-03-18,Modoc,049,8938,345,341,117,458,3
2021-03-18,Mono,051,14174,1213,1215,15,1230,3
2021-03-18,Monterey,053,433212,42370,42105,1715,43820,335
2021-03-18,Napa,055,140530,9259,9243,30,9273,77
2021-03-18,Nevada,057,99092,4201,4154,169,4323,74
2021-03-18,Orange,059,3164182,250029,248050,10457,258507,4514
2021-03-18,Placer,061,380077,21266,20421,1183,21604,243
2021-03-18,Plumas,063,18699,661,648,10,658,4
2021-03-18,Riverside,065,2383286,288508,281789,13436,295225,3957
2021-03-18,Sacramento,067,1510023,97395,95819,1339,97158,1481
2021-03-18,San Benito,069,59416,5826,5842,89,5931,61
2021-03-18,San Bernardino,071,2135413,288287,284294,8605,292899,4076
2021-03-18,San Diego,073,3302833,268888,266752,13301,280053,3478
2021-03-18,San Francisco,075,870044,34885,34904,1142,36046,461
2021-03-18,San Joaquin,077,732212,68835,67301,2938,70239,1169
2021-03-18,San Luis Obispo,079,281455,20231,19894,597,20491,249
2021-03-18,San Mateo,081,765935,40329,39874,422,40296,344
2021-03-18,Santa Barbara,083,443738,33026,32640,1063,33703,434
2021-03-18,Santa Clara,085,1922200,113041,113119,617,113736,1808
2021-03-18,Santa Cruz,087,273765,15715,14998,783,15781,198
2021-03-18,Shasta,089,179085,11167,11059,1317,12376,100
2021-03-18,Sierra,091,2930,54,49,12,61,0
2021-03-18,Siskiyou,093,43540,1556,1480,245,1725,5
2021-03-18,Solano,095,438530,30484,30352,388,30740,172
2021-03-18,Sonoma,097,501317,28813,28915,243,29158,292
2021-03-18,Stanislaus,099,539301,52326,51615,5463,57078,682
2021-03-18,Sutter,101,95872,9009,8999,79,9078,103
2021-03-18,Tehama,103,63373,4718,4683,495,5178,35
2021-03-18,Trinity,105,12862,472,310,80,390,3
2021-03-18,Tulare,107,460477,49067,47964,8289,56253,805
2021-03-18,Tuolumne,109,53932,3895,3942,39,3981,57
2021-03-18,Ventura,111,848112,79379,78697,2809,81506,918
2021-03-18,Yolo,113,214977,13206,13183,166,13349,191
2021-03-18,Yuba,115,75493,5657,5612,90,5702,42
2021-03-17,Alameda,001,1643700,82840,82353,1726,84079,1185
2021-03-17,Alpine,003,1148,83,82,0,82,0
2021-03-17,Amador,005,37829,3519,3511,31,3542,44
2021-03-17,Butte,007,227075,11558,11170,1662,12832,185
2021-03-17,Calaveras,009,45235,1970,1946,11,1957,49
2021-03-17,Colusa,011,21464,1883,1882,270,2152,12
2021-03-17,Contra Costa,013,1133247,64935,64026,1095,65121,737
2021-03-17,Del Norte,015,27424,1115,1053,5,1058,6
2021-03-17,El Dorado,017,186661,9345,9252,610,9862,105
2021-03-17,Fresno,019,978130,98768,97727,8001,105728,1507
2021-03-17,Glenn,021,27897,2313,2269,512,2781,17
2021-03-17,Humboldt,023,135768,3390,3365,24,3389,33
2021-03-17,Imperial,025,180216,27452,27168,2506,29674,691
2021-03-17,Inyo,027,18085,1361,1351,9,1360,35
2021-03-17,Kern,029,883053,94834,93392,10068,103460,1149
2021-03-17,Kings,031,150075,22659,22336,995,23331,233
2021-03-17,Lake,033,64148,3312,3251,8,3259,43
2021-03-17,Lassen,035,31185,5136,5125,99,5224,1
2021-03-17,Los Angeles,037,10098052,1184415,1173416,38885,1212301,22602
2021-03-17,Madera,039,155013,15989,15835,862,16697,214
2021-03-17,Marin,041,260295,13520,13428,180,13608,218
2021-03-17,Mariposa,043,17540,387,379,5,384,5
2021-03-17,Mendocino,045,87422,3722,3625,74,3699,44
2021-03-17,Merced,047,269075,29370,29250,947,30197,408
2021-03-17,Modoc,049,8938,345,341,117,458,3
2021-03-17,Mono,051,14174,1211,1212,15,1227,3
2021-03-17,Monterey,053,433212,42352,42061,1712,43773,334
2021-03-17,Napa,055,140530,9244,9219,30,9249,76
2021-03-17,Nevada,057,99092,4191,4145,169,4314,74
2021-03-17,Orange,059,3164182,249911,247943,10429,258372,4502
2021-03-17,Placer,061,380077,21238,20369,1182,21551,243
2021-03-17,Plumas,063,18699,660,645,10,655,4
2021-03-17,Riverside,065,2383286,288393,281649,13428,295077,3925
2021-03-17,Sacramento,067,1510023,97267,95650,1334,96984,1477
2021-03-17,San Benito,069,59416,5823,5841,89,5930,61
2021-03-17,San Bernardino,071,2135413,288170,284170,8600,292770,4049
2021-03-17,San Diego,073,3302833,268677,266313,13283,279596,3470
2021-03-17,San Francisco,075,870044,34850,34873,1141,36014,457
2021-03-17,San Joaquin,077,732212,68750,67093,2922,70015,1164
2021-03-17,San Luis Obispo,079,281455,20208,19858,593,20451,249
2021-03-17,San Mateo,081,765935,40299,39838,421,40259,344
2021-03-17,Santa Barbara,083,443738,33004,32585,1062,33647,433
2021-03-17,Santa Clara,085,1922200,112948,112983,616,113599,1805
2021-03-17,Santa Cruz,087,273765,15707,14967,783,15750,199
2021-03-17,Shasta,089,179085,11162,11045,1314,12359,100
2021-03-17,Sierra,091,2930,54,49,12,61,0
2021-03-17,Siskiyou,093,43540,1555,1479,244,1723,5
2021-03-17,Solano,095,438530,30458,30320,386,30706,171
2021-03-17,Sonoma,097,501317,28789,28877,242,29119,292
2021-03-17,Stanislaus,099,539301,52251,51524,5456,56980,682
2021-03-17,Sutter,101,95872,8999,8982,79,9061,103
2021-03-17,Tehama,103,63373,4713,4670,495,5165,34
2021-03-17,Trinity,105,12862,472,308,80,388,3
2021-03-17,Tulare,107,460477,49047,47929,8279,56208,805
2021-03-17,Tuolumne,109,53932,3892,3938,39,3977,57
2021-03-17,Ventura,111,848112,79323,78648,2806,81454,916
2021-03-17,Yolo,113,214977,13189,13169,166,13335,190
2021-03-17,Yuba,115,75493,5654,5603,90,5693,42
2021-03-16,Alameda,001,1643700,82729,82259,1724,83983,1177
2021-03-16,Alpine,003,1148,83,82,0,82,0
2021-03-16,Amador,005,37829,3517,3510,31,3541,44
2021-03-16,Butte,007,227075,11546,11154,1661,12815,184
2021-03-16,Calaveras,009,45235,1965,1945,11,1956,49
2021-03-16,Colusa,011,21464,1882,1882,270,2152,12
2021-03-16,Contra Costa,013,1133247,64852,63951,1092,65043,736
2021-03-16,Del Norte,015,27424,1107,1048,5,1053,6
2021-03-16,El Dorado,017,186661,9330,9249,610,9859,105
2021-03-16,Fresno,019,978130,98630,97638,7981,105619,1498
2021-03-16,Glenn,021,27897,2305,2267,508,2775,17
2021-03-16,Humboldt,023,135768,3386,3351,24,3375,33
2021-03-16,Imperial,025,180216,27441,27143,2503,29646,689
2021-03-16,Inyo,027,18085,1360,1346,9,1355,35
2021-03-16,Kern,029,883053,94768,93340,10053,103393,1144
2021-03-16,Kings,031,150075,22623,22320,994,23314,233
2021-03-16,Lake,033,64148,3304,3246,8,3254,43
2021-03-16,Lassen,035,31185,5135,5126,99,5225,1
2021-03-16,Los Angeles,037,10098052,1183882,1172676,38847,1211523,22527
2021-03-16,Madera,039,155013,15973,15822,860,16682,214
2021-03-16,Marin,041,260295,13502,13419,180,13599,218
2021-03-16,Mariposa,043,17540,384,379,5,384,5
2021-03-16,Mendocino,045,87422,3717,3623,74,3697,44
2021-03-16,Merced,047,269075,29317,29198,946,30144,407
2021-03-16,Modoc,049,8938,345,341,117,458,3
2021-03-16,Mono,051,14174,1210,1207,15,1222,3
2021-03-16,Monterey,053,433212,42333,42023,1712,43735,334
2021-03-16,Napa,055,140530,9234,9209,30,9239,75
2021-03-16,Nevada,057,99092,4182,4132,168,4300,67
2021-03-16,Orange,059,3164182,249772,247843,10410,258253,4479
2021-03-16,Placer,061,380077,21206,20339,1178,21517,240
2021-03-16,Plumas,063,18699,659,643,10,653,4
2021-03-16,Riverside,065,2383286,288279,281540,13416,294956,3893
2021-03-16,Sacramento,067,1510023,97124,95522,1330,96852,1466
2021-03-16,San Benito,069,59416,5818,5831,89,5920,61
2021-03-16,San Bernardino,071,2135413,288040,283980,8593,292573,4032
2021-03-16,San Diego,073,3302833,268445,265903,13270,279173,3462
2021-03-16,San Francisco,075,870044,34821,34833,1136,35969,456
2021-03-16,San Joaquin,077,732212,68648,66856,2910,69766,1163
2021-03-16,San Luis Obispo,079,281455,20178,19832,591,20423,248
2021-03-16,San Mateo,081,765935,40265,39806,419,40225,344
2021-03-16,Santa Barbara,083,443738,32972,32556,1061,33617,433
2021-03-16,Santa Clara,085,1922200,112830,112845,613,113458,1797
2021-03-16,Santa Cruz,087,273765,15701,14926,783,15709,199
2021-03-16,Shasta,089,179085,11146,11035,1312,12347,100
2021-03-16,Sierra,091,2930,53,49,12,61,0
2021-03-16,Siskiyou,093,43540,1552,1477,244,1721,5
2021-03-16,Solano,095,438530,30424,30298,384,30682,171
2021-03-16,Sonoma,097,501317,28756,28850,240,29090,291
2021-03-16,Stanislaus,099,539301,52171,51410,5449,56859,683
2021-03-16,Sutter,101,95872,8991,8970,79,9049,102
2021-03-16,Tehama,103,63373,4710,4660,494,5154,34
2021-03-16,Trinity,105,12862,472,308,79,387,3
2021-03-16,Tulare,107,460477,48999,47895,8271,56166,803
2021-03-16,Tuolumne,109,53932,3889,3938,39,3977,57
2021-03-16,Ventura,111,848112,79257,78671,2799,81470,916
2021-03-16,Yolo,113,214977,13174,13162,166,13328,190
2021-03-16,Yuba,115,75493,5651,5596,89,5685,42
2021-03-15,Alameda,001,1643700,82640,82159,1724,83883,1167
2021-03-15,Alpine,003,1148,83,82,0,82,0
2021-03-15,Amador,005,37829,3516,3506,31,3537,44
2021-03-15,Butte,007,227075,11533,11141,1657,12798,185
2021-03-15,Calaveras,009,45235,1964,1941,11,1952,49
2021-03-15,Colusa,011,21464,1882,1883,270,2153,12
2021-03-15,Contra Costa,013,1133247,64790,63847,1091,64938,732
2021-03-15,Del Norte,015,27424,1104,1048,5,1053,6
2021-03-15,El Dorado,017,186661,9324,9235,610,9845,103
2021-03-15,Fresno,019,978130,98503,97520,7966,105486,1496
2021-03-15,Glenn,021,27897,2300,2261,505,2766,15
2021-03-15,Humboldt,023,135768,3380,3337,24,3361,32
2021-03-15,Imperial,025,180216,27421,27122,2500,29622,684
2021-03-15,Inyo,027,18085,1360,1346,9,1355,35
2021-03-15,Kern,029,883053,94708,93266,10046,103312,1141
2021-03-15,Kings,031,150075,22606,22294,988,23282,233
2021-03-15,Lake,033,64148,3292,3237,8,3245,43
2021-03-15,Lassen,035,31185,5135,5125,99,5224,1
2021-03-15,Los Angeles,037,10098052,1183311,1172445,38815,1211260,22477
2021-03-15,Madera,039,155013,15962,15806,858,16664,214
2021-03-15,Marin,041,260295,13496,13408,179,13587,218
2021-03-15,Mariposa,043,17540,384,376,5,381,5
2021-03-15,Mendocino,045,87422,3713,3615,74,3689,44
2021-03-15,Merced,047,269075,29279,29169,944,30113,407
2021-03-15,Modoc,049,8938,345,340,117,457,3
2021-03-15,Mono,051,14174,1209,1206,15,1221,3
2021-03-15,Monterey,053,433212,42304,42011,1709,43720,333
2021-03-15,Napa,055,140530,9223,9196,30,9226,75
2021-03-15,Nevada,057,99092,4177,4123,167,4290,66
2021-03-15,Orange,059,3164182,249659,247697,10391,258088,4481
2021-03-15,Placer,061,380077,21183,20308,1178,21486,238
2021-03-15,Plumas,063,18699,659,642,10,652,4
2021-03-15,Riverside,065,2383286,288127,281367,13406,294773,3856
2021-03-15,Sacramento,067,1510023,96971,95414,1324,96738,1463
2021-03-15,San Benito,069,59416,5815,5831,89,5920,61
2021-03-15,San Bernardino,071,2135413,287949,283815,8585,292400,4004
2021-03-15,San Diego,073,3302833,268196,265646,13254,278900,3452
2021-03-15,San Francisco,075,870044,34786,34820,1132,35952,456
2021-03-15,San Joaquin,077,732212,68545,66622,2898,69520,1140
2021-03-15,San Luis Obispo,079,281455,20147,19813,587,20400,247
2021-03-15,San Mateo,081,765935,40211,39765,419,40184,344
2021-03-15,Santa Barbara,083,443738,32949,32529,1058,33587,431
2021-03-15,Santa Clara,085,1922200,112729,112729,611,113340,1798
2021-03-15,Santa Cruz,087,273765,15695,14899,782,15681,200
2021-03-15,Shasta,089,179085,11130,11019,1307,12326,92
2021-03-15,Sierra,091,2930,53,49,12,61,0
2021-03-15,Siskiyou,093,43540,1552,1475,244,1719,5
2021-03-15,Solano,095,438530,30395,30258,383,30641,171
2021-03-15,Sonoma,097,501317,28738,28814,237,29051,285
2021-03-15,Stanislaus,099,539301,52092,51357,5442,56799,683
2021-03-15,Sutter,101,95872,8985,8962,79,9041,102
2021-03-15,Tehama,103,63373,4695,4650,493,5143,34
2021-03-15,Trinity,105,12862,472,308,79,387,3
2021-03-15,Tulare,107,460477,48969,47857,8256,56113,800
2021-03-15,Tuolumne,109,53932,3887,3937,38,3975,57
2021-03-15,Ventura,111,848112,79201,78626,2798,81424,910
2021-03-15,Yolo,113,214977,13155,13131,166,13297,190
2021-03-15,Yuba,115,75493,5646,5585,88,5673,42
2021-03-14,Alameda,001,1643700,82555,82116,1721,83837,1168
2021-03-14,Alpine,003,1148,83,82,0,82,0
2021-03-14,Amador,005,37829,3511,3504,31,3535,44
2021-03-14,Butte,007,227075,11520,11140,1653,12793,185
2021-03-14,Calaveras,009,45235,1960,1939,11,1950,49
2021-03-14,Colusa,011,21464,1882,1883,270,2153,12
2021-03-14,Contra Costa,013,1133247,64686,63808,1090,64898,731
2021-03-14,Del Norte,015,27424,1090,1048,5,1053,6
2021-03-14,El Dorado,017,186661,9314,9231,610,9841,103
2021-03-14,Fresno,019,978130,98395,97461,7948,105409,1496
2021-03-14,Glenn,021,27897,2295,2260,502,2762,15
2021-03-14,Humboldt,023,135768,3366,3335,24,3359,32
2021-03-14,Imperial,025,180216,27406,27122,2495,29617,685
2021-03-14,Inyo,027,18085,1356,1346,9,1355,35
2021-03-14,Kern,029,883053,94625,93252,10028,103280,1141
2021-03-14,Kings,031,150075,22587,22292,986,23278,232
2021-03-14,Lake,033,64148,3287,3237,8,3245,43
2021-03-14,Lassen,035,31185,5133,5125,99,5224,1
2021-03-14,Los Angeles,037,10098052,1182735,1172100,38784,1210884,22476
2021-03-14,Madera,039,155013,15937,15804,858,16662,214
2021-03-14,Marin,041,260295,13480,13405,177,13582,218
2021-03-14,Mariposa,043,17540,382,376,5,381,5
2021-03-14,Mendocino,045,87422,3708,3613,74,3687,44
2021-03-14,Merced,047,269075,29211,29149,940,30089,407
2021-03-14,Modoc,049,8938,345,340,117,457,3
2021-03-14,Mono,051,14174,1203,1206,15,1221,3
2021-03-14,Monterey,053,433212,42280,42007,1706,43713,333
2021-03-14,Napa,055,140530,9205,9194,30,9224,75
2021-03-14,Nevada,057,99092,4171,4122,165,4287,66
2021-03-14,Orange,059,3164182,249527,247656,10372,258028,4460
2021-03-14,Placer,061,380077,21148,20288,1170,21458,238
2021-03-14,Plumas,063,18699,657,642,10,652,4
2021-03-14,Riverside,065,2383286,287969,281332,13398,294730,3845
2021-03-14,Sacramento,067,1510023,96793,95343,1319,96662,1462
2021-03-14,San Benito,069,59416,5806,5829,89,5918,61
2021-03-14,San Bernardino,071,2135413,287826,283791,8574,292365,3996
2021-03-14,San Diego,073,3302833,267961,265468,13241,278709,3452
2021-03-14,San Francisco,075,870044,34747,34810,1129,35939,455
2021-03-14,San Joaquin,077,732212,68417,66563,2881,69444,1140
2021-03-14,San Luis Obispo,079,281455,20119,19806,585,20391,247
2021-03-14,San Mateo,081,765935,40172,39744,419,40163,342
2021-03-14,Santa Barbara,083,443738,32905,32514,1056,33570,431
2021-03-14,Santa Clara,085,1922200,112601,112648,610,113258,1796
2021-03-14,Santa Cruz,087,273765,15679,14887,780,15667,200
2021-03-14,Shasta,089,179085,11114,11019,1300,12319,92
2021-03-14,Sierra,091,2930,53,49,12,61,0
2021-03-14,Siskiyou,093,43540,1549,1473,244,1717,5
2021-03-14,Solano,095,438530,30363,30230,378,30608,171
2021-03-14,Sonoma,097,501317,28703,28798,233,29031,284
2021-03-14,Stanislaus,099,539301,51972,51306,5434,56740,690
2021-03-14,Sutter,101,95872,8969,8958,79,9037,102
2021-03-14,Tehama,103,63373,4688,4650,492,5142,34
2021-03-14,Trinity,105,12862,471,308,78,386,3
2021-03-14,Tulare,107,460477,48936,47845,8235,56080,800
2021-03-14,Tuolumne,109,53932,3885,3937,38,3975,57
2021-03-14,Ventura,111,848112,79153,78611,2792,81403,910
2021-03-14,Yolo,113,214977,13132,13128,163,13291,189
2021-03-14,Yuba,115,75493,5636,5583,88,5671,42
2021-03-13,Alameda,001,1643700,82495,82010,1721,83731,1168
2021-03-13,Alpine,003,1148,83,82,0,82,0
2021-03-13,Amador,005,37829,3508,3504,31,3535,44
2021-03-13,Butte,007,227075,11511,11131,1652,12783,185
2021-03-13,Calaveras,009,45235,1959,1939,11,1950,49
2021-03-13,Colusa,011,21464,1882,1882,270,2152,12
2021-03-13,Contra Costa,013,1133247,64625,63689,1090,64779,731
2021-03-13,Del Norte,015,27424,1086,1041,5,1046,6
2021-03-13,El Dorado,017,186661,9306,9221,610,9831,103
2021-03-13,Fresno,019,978130,98336,97324,7928,105252,1495
2021-03-13,Glenn,021,27897,2294,2260,501,2761,15
2021-03-13,Humboldt,023,135768,3359,3325,24,3349,32
2021-03-13,Imperial,025,180216,27400,27099,2491,29590,677
2021-03-13,Inyo,027,18085,1355,1344,9,1353,35
2021-03-13,Kern,029,883053,94586,93197,10022,103219,1140
2021-03-13,Kings,031,150075,22571,22265,985,23250,232
2021-03-13,Lake,033,64148,3280,3234,7,3241,43
2021-03-13,Lassen,035,31185,5133,5125,99,5224,1
2021-03-13,Los Angeles,037,10098052,1182417,1171505,38742,1210247,22451
2021-03-13,Madera,039,155013,15925,15780,858,16638,214
2021-03-13,Marin,041,260295,13474,13391,175,13566,218
2021-03-13,Mariposa,043,17540,381,376,5,381,5
2021-03-13,Mendocino,045,87422,3704,3611,74,3685,44
2021-03-13,Merced,047,269075,29180,29106,940,30046,406
2021-03-13,Modoc,049,8938,345,340,116,456,3
2021-03-13,Mono,051,14174,1203,1207,15,1222,3
2021-03-13,Monterey,053,433212,42270,41989,1704,43693,332
2021-03-13,Napa,055,140530,9199,9190,30,9220,75
2021-03-13,Nevada,057,99092,4164,4111,164,4275,66
2021-03-13,Orange,059,3164182,249446,247514,10356,257870,4423
2021-03-13,Placer,061,380077,21127,20238,1167,21405,239
2021-03-13,Plumas,063,18699,655,642,10,652,4
2021-03-13,Riverside,065,2383286,287877,281191,13390,294581,3848
2021-03-13,Sacramento,067,1510023,96707,95192,1317,96509,1461
2021-03-13,San Benito,069,59416,5803,5823,89,5912,61
2021-03-13,San Bernardino,071,2135413,287772,283727,8568,292295,3972
2021-03-13,San Diego,073,3302833,267806,265270,13227,278497,3444
2021-03-13,San Francisco,075,870044,34730,34784,1120,35904,455
2021-03-13,San Joaquin,077,732212,68361,66480,2859,69339,1141
2021-03-13,San Luis Obispo,079,281455,20101,19789,584,20373,247
2021-03-13,San Mateo,081,765935,40145,39689,418,40107,341
2021-03-13,Santa Barbara,083,443738,32880,32486,1055,33541,431
2021-03-13,Santa Clara,085,1922200,112516,112531,609,113140,1790
2021-03-13,Santa Cruz,087,273765,15672,14875,780,15655,199
2021-03-13,Shasta,089,179085,11106,11021,1297,12318,108
2021-03-13,Sierra,091,2930,52,49,12,61,0
2021-03-13,Siskiyou,093,43540,1547,1470,244,1714,5
2021-03-13,Solano,095,438530,30346,30198,378,30576,171
2021-03-13,Sonoma,097,501317,28683,28762,229,28991,285
2021-03-13,Stanislaus,099,539301,51921,51257,5430,56687,695
2021-03-13,Sutter,101,95872,8962,8948,79,9027,102
2021-03-13,Tehama,103,63373,4686,4647,492,5139,33
2021-03-13,Trinity,105,12862,471,306,78,384,3
2021-03-13,Tulare,107,460477,48910,47818,8227,56045,798
2021-03-13,Tuolumne,109,53932,3882,3937,38,3975,57
2021-03-13,Ventura,111,848112,79101,78693,2792,81485,906
2021-03-13,Yolo,113,214977,13123,13087,163,13250,189
2021-03-13,Yuba,115,75493,5635,5577,88,5665,42
2021-03-12,Alameda,001,1643700,82418,81898,1720,83618,1164
2021-03-12,Alpine,003,1148,83,82,0,82,0
2021-03-12,Amador,005,37829,3505,3503,31,3534,44
2021-03-12,Butte,007,227075,11501,11126,1650,12776,184
2021-03-12,Calaveras,009,45235,1959,1916,11,1927,49
2021-03-12,Colusa,011,21464,1882,1883,270,2153,12
2021-03-12,Contra Costa,013,1133247,64549,63583,1090,64673,728
2021-03-12,Del Norte,015,27424,1080,1033,5,1038,6
2021-03-12,El Dorado,017,186661,9297,9219,610,9829,103
2021-03-12,Fresno,019,978130,98239,97185,7917,105102,1489
2021-03-12,Glenn,021,27897,2293,2258,500,2758,15
2021-03-12,Humboldt,023,135768,3354,3315,24,3339,32
2021-03-12,Imperial,025,180216,27389,27071,2489,29560,677
2021-03-12,Inyo,027,18085,1353,1339,9,1348,35
2021-03-12,Kern,029,883053,94552,93142,10006,103148,1132
2021-03-12,Kings,031,150075,22552,22233,985,23218,232
2021-03-12,Lake,033,64148,3274,3226,6,3232,43
2021-03-12,Lassen,035,31185,5133,5125,98,5223,1
2021-03-12,Los Angeles,037,10098052,1182022,1170860,38725,1209585,22409
2021-03-12,Madera,039,155013,15913,15761,855,16616,214
2021-03-12,Marin,041,260295,13467,13375,175,13550,218
2021-03-12,Mariposa,043,17540,379,376,5,381,5
2021-03-12,Mendocino,045,87422,3701,3605,74,3679,43
2021-03-12,Merced,047,269075,29149,29064,940,30004,403
2021-03-12,Modoc,049,8938,345,340,116,456,3
2021-03-12,Mono,051,14174,1202,1206,15,1221,3
2021-03-12,Monterey,053,433212,42256,41964,1699,43663,329
2021-03-12,Napa,055,140530,9190,9180,30,9210,75
2021-03-12,Nevada,057,99092,4154,4101,164,4265,66
2021-03-12,Orange,059,3164182,249354,247388,10345,257733,4401
2021-03-12,Placer,061,380077,21094,20210,1162,21372,239
2021-03-12,Plumas,063,18699,654,641,10,651,4
2021-03-12,Riverside,065,2383286,287778,281037,13383,294420,3854
2021-03-12,Sacramento,067,1510023,96583,95061,1311,96372,1460
2021-03-12,San Benito,069,59416,5800,5817,89,5906,61
2021-03-12,San Bernardino,071,2135413,287716,283558,8563,292121,3917
2021-03-12,San Diego,073,3302833,267643,264886,13219,278105,3434
2021-03-12,San Francisco,075,870044,34709,34758,1117,35875,452
2021-03-12,San Joaquin,077,732212,68290,66482,2850,69332,1144
2021-03-12,San Luis Obispo,079,281455,20088,19769,582,20351,247
2021-03-12,San Mateo,081,765935,40109,39638,416,40054,341
2021-03-12,Santa Barbara,083,443738,32857,32457,1052,33509,429
2021-03-12,Santa Clara,085,1922200,112421,112396,608,113004,1766
2021-03-12,Santa Cruz,087,273765,15660,14846,778,15624,195
2021-03-12,Shasta,089,179085,11097,11143,1295,12438,153
2021-03-12,Sierra,091,2930,52,49,12,61,0
2021-03-12,Siskiyou,093,43540,1547,1468,243,1711,5
2021-03-12,Solano,095,438530,30327,30180,377,30557,171
2021-03-12,Sonoma,097,501317,28656,28714,229,28943,285
2021-03-12,Stanislaus,099,539301,51862,51146,5424,56570,701
2021-03-12,Sutter,101,95872,8956,8940,79,9019,101
2021-03-12,Tehama,103,63373,4682,4638,491,5129,33
2021-03-12,Trinity,105,12862,470,306,78,384,3
2021-03-12,Tulare,107,460477,48885,47772,8221,55993,798
2021-03-12,Tuolumne,109,53932,3881,3936,38,3974,57
2021-03-12,Ventura,111,848112,79055,78698,2788,81486,899
2021-03-12,Yolo,113,214977,13113,13061,156,13217,189
2021-03-12,Yuba,115,75493,5628,5563,87,5650,42
2021-03-11,Alameda,001,1643700,82327,81809,1715,83524,1164
2021-03-11,Alpine,003,1148,83,78,0,78,0
2021-03-11,Amador,005,37829,3504,3498,31,3529,42
2021-03-11,Butte,007,227075,11490,11110,1648,12758,185
2021-03-11,Calaveras,009,45235,1956,1915,11,1926,49
2021-03-11,Colusa,011,21464,1882,1883,270,2153,12
2021-03-11,Contra Costa,013,1133247,64476,63469,1088,64557,728
2021-03-11,Del Norte,015,27424,1075,1027,5,1032,6
2021-03-11,El Dorado,017,186661,9283,9211,610,9821,101
2021-03-11,Fresno,019,978130,98123,97026,7888,104914,1481
2021-03-11,Glenn,021,27897,2290,2255,500,2755,15
2021-03-11,Humboldt,023,135768,3337,3302,24,3326,32
2021-03-11,Imperial,025,180216,27382,27045,2486,29531,675
2021-03-11,Inyo,027,18085,1348,1335,9,1344,35
2021-03-11,Kern,029,883053,94496,93052,9967,103019,1121
2021-03-11,Kings,031,150075,22537,22183,982,23165,230
2021-03-11,Lake,033,64148,3270,3214,6,3220,42
2021-03-11,Lassen,035,31185,5132,5124,98,5222,1
2021-03-11,Los Angeles,037,10098052,1181489,1170111,38694,1208805,22316
2021-03-11,Madera,039,155013,15902,15725,853,16578,214
2021-03-11,Marin,041,260295,13455,13356,174,13530,217
2021-03-11,Mariposa,043,17540,379,376,5,381,5
2021-03-11,Mendocino,045,87422,3694,3604,74,3678,42
2021-03-11,Merced,047,269075,29101,29001,939,29940,401
2021-03-11,Modoc,049,8938,345,340,116,456,3
2021-03-11,Mono,051,14174,1201,1206,15,1221,3
2021-03-11,Monterey,053,433212,42233,41936,1693,43629,329
2021-03-11,Napa,055,140530,9177,9173,30,9203,75
2021-03-11,Nevada,057,99092,4142,4085,162,4247,66
2021-03-11,Orange,059,3164182,249216,247217,10328,257545,4373
2021-03-11,Placer,061,380077,21052,20178,1158,21336,239
2021-03-11,Plumas,063,18699,653,640,10,650,4
2021-03-11,Riverside,065,2383286,287607,280881,13370,294251,3842
2021-03-11,Sacramento,067,1510023,96442,94912,1308,96220,1455
2021-03-11,San Benito,069,59416,5797,5816,89,5905,61
2021-03-11,San Bernardino,071,2135413,287620,283312,8557,291869,3869
2021-03-11,San Diego,073,3302833,267478,264524,13203,277727,3422
2021-03-11,San Francisco,075,870044,34673,34722,1111,35833,452
2021-03-11,San Joaquin,077,732212,68178,66522,2842,69364,1157
2021-03-11,San Luis Obispo,079,281455,20063,19748,581,20329,247
2021-03-11,San Mateo,081,765935,40072,39590,415,40005,341
2021-03-11,Santa Barbara,083,443738,32829,32408,1047,33455,430
2021-03-11,Santa Clara,085,1922200,112292,112246,605,112851,1765
2021-03-11,Santa Cruz,087,273765,15648,14812,777,15589,193
2021-03-11,Shasta,089,179085,11087,11139,1290,12429,158
2021-03-11,Sierra,091,2930,52,48,12,60,0
2021-03-11,Siskiyou,093,43540,1544,1466,242,1708,5
2021-03-11,Solano,095,438530,30299,30138,376,30514,171
2021-03-11,Sonoma,097,501317,28627,28677,229,28906,285
2021-03-11,Stanislaus,099,539301,51777,51038,5416,56454,707
2021-03-11,Sutter,101,95872,8950,8933,79,9012,101
2021-03-11,Tehama,103,63373,4674,4632,491,5123,33
2021-03-11,Trinity,105,12862,469,304,77,381,3
2021-03-11,Tulare,107,460477,48848,47709,8210,55919,797
2021-03-11,Tuolumne,109,53932,3879,3934,38,3972,57
2021-03-11,Ventura,111,848112,79005,78697,2784,81481,889
2021-03-11,Yolo,113,214977,13095,13041,155,13196,190
2021-03-11,Yuba,115,75493,5624,5553,87,5640,42
2021-03-10,Alameda,001,1643700,82221,81701,1710,83411,1160
2021-03-10,Alpine,003,1148,82,78,0,78,0
2021-03-10,Amador,005,37829,3502,3496,31,3527,42
2021-03-10,Butte,007,227075,11480,11096,1648,12744,185
2021-03-10,Calaveras,009,45235,1950,1913,11,1924,48
2021-03-10,Colusa,011,21464,1882,1882,270,2152,12
2021-03-10,Contra Costa,013,1133247,64376,63372,1084,64456,725
2021-03-10,Del Norte,015,27424,1073,1020,5,1025,5
2021-03-10,El Dorado,017,186661,9270,9203,610,9813,100
2021-03-10,Fresno,019,978130,98016,96866,7872,104738,1471
2021-03-10,Glenn,021,27897,2287,2253,498,2751,15
2021-03-10,Humboldt,023,135768,3327,3296,23,3319,32
2021-03-10,Imperial,025,180216,27367,27051,2486,29537,675
2021-03-10,Inyo,027,18085,1348,1328,9,1337,35
2021-03-10,Kern,029,883053,94430,92965,9946,102911,1102
2021-03-10,Kings,031,150075,22518,22166,981,23147,226
2021-03-10,Lake,033,64148,3260,3207,6,3213,42
2021-03-10,Lassen,035,31185,5132,5120,98,5218,1
2021-03-10,Los Angeles,037,10098052,1180942,1169079,38669,1207748,22199
2021-03-10,Madera,039,155013,15881,15705,850,16555,212
2021-03-10,Marin,041,260295,13445,13348,173,13521,216
2021-03-10,Mariposa,043,17540,379,376,5,381,5
2021-03-10,Mendocino,045,87422,3689,3602,74,3676,42
2021-03-10,Merced,047,269075,29063,28927,936,29863,401
2021-03-10,Modoc,049,8938,344,338,116,454,3
2021-03-10,Mono,051,14174,1197,1204,15,1219,3
2021-03-10,Monterey,053,433212,42211,41920,1689,43609,329
2021-03-10,Napa,055,140530,9168,9165,30,9195,75
2021-03-10,Nevada,057,99092,4138,4074,162,4236,66
2021-03-10,Orange,059,3164182,249067,247075,10313,257388,4342
2021-03-10,Placer,061,380077,21018,20144,1152,21296,239
2021-03-10,Plumas,063,18699,652,639,10,649,4
2021-03-10,Riverside,065,2383286,287466,280708,13356,294064,3822
2021-03-10,Sacramento,067,1510023,96312,94796,1302,96098,1452
2021-03-10,San Benito,069,59416,5788,5811,89,5900,61
2021-03-10,San Bernardino,071,2135413,287527,283140,8551,291691,3841
2021-03-10,San Diego,073,3302833,267256,264094,13191,277285,3413
2021-03-10,San Francisco,075,870044,34638,34688,1103,35791,450
2021-03-10,San Joaquin,077,732212,68076,66483,2825,69308,1156
2021-03-10,San Luis Obispo,079,281455,20039,19710,577,20287,247
2021-03-10,San Mateo,081,765935,40048,39571,415,39986,338
2021-03-10,Santa Barbara,083,443738,32802,32356,1044,33400,429
2021-03-10,Santa Clara,085,1922200,112183,112103,601,112704,1759
2021-03-10,Santa Cruz,087,273765,15633,14790,776,15566,192
2021-03-10,Shasta,089,179085,11077,11125,1287,12412,155
2021-03-10,Sierra,091,2930,52,48,12,60,0
2021-03-10,Siskiyou,093,43540,1542,1458,242,1700,5
2021-03-10,Solano,095,438530,30269,30111,375,30486,170
2021-03-10,Sonoma,097,501317,28592,28638,228,28866,286
2021-03-10,Stanislaus,099,539301,51690,50968,5397,56365,706
2021-03-10,Sutter,101,95872,8939,8918,79,8997,101
2021-03-10,Tehama,103,63373,4663,4623,490,5113,33
2021-03-10,Trinity,105,12862,469,304,77,381,3
2021-03-10,Tulare,107,460477,48800,47659,8192,55851,793
2021-03-10,Tuolumne,109,53932,3878,3931,38,3969,57
2021-03-10,Ventura,111,848112,78928,78609,2782,81391,878
2021-03-10,Yolo,113,214977,13071,13021,155,13176,189
2021-03-10,Yuba,115,75493,5611,5545,86,5631,42
2021-03-09,Alameda,001,1643700,82134,81618,1710,83328,1151
2021-03-09,Alpine,003,1148,82,78,0,78,0
2021-03-09,Amador,005,37829,3500,3494,31,3525,42
2021-03-09,Butte,007,227075,11467,11092,1647,12739,185
2021-03-09,Calaveras,009,45235,1948,1913,11,1924,48
2021-03-09,Colusa,011,21464,1882,1880,270,2150,11
2021-03-09,Contra Costa,013,1133247,64286,63314,1082,64396,723
2021-03-09,Del Norte,015,27424,1065,1017,5,1022,5
2021-03-09,El Dorado,017,186661,9262,9198,610,9808,98
2021-03-09,Fresno,019,978130,97897,96744,7846,104590,1463
2021-03-09,Glenn,021,27897,2283,2251,496,2747,15
2021-03-09,Humboldt,023,135768,3315,3288,22,3310,32
2021-03-09,Imperial,025,180216,27357,27045,2482,29527,675
2021-03-09,Inyo,027,18085,1346,1324,9,1333,35
2021-03-09,Kern,029,883053,94351,92924,9928,102852,1088
2021-03-09,Kings,031,150075,22493,22143,979,23122,226
2021-03-09,Lake,033,64148,3254,3202,6,3208,42
2021-03-09,Lassen,035,31185,5132,5120,98,5218,1
2021-03-09,Los Angeles,037,10098052,1180345,1167967,38636,1206603,22080
2021-03-09,Madera,039,155013,15870,15701,848,16549,211
2021-03-09,Marin,041,260295,13427,13335,171,13506,214
2021-03-09,Mariposa,043,17540,379,376,5,381,5
2021-03-09,Mendocino,045,87422,3685,3595,74,3669,42
2021-03-09,Merced,047,269075,29003,28876,933,29809,399
2021-03-09,Modoc,049,8938,344,338,115,453,3
2021-03-09,Mono,051,14174,1196,1203,15,1218,3
2021-03-09,Monterey,053,433212,42192,41894,1681,43575,329
2021-03-09,Napa,055,140530,9154,9155,30,9185,75
2021-03-09,Nevada,057,99092,4130,4062,162,4224,66
2021-03-09,Orange,059,3164182,248925,246989,10294,257283,4310
2021-03-09,Placer,061,380077,20976,20122,1147,21269,239
2021-03-09,Plumas,063,18699,649,639,10,649,4
2021-03-09,Riverside,065,2383286,287333,280562,13352,293914,3821
2021-03-09,Sacramento,067,1510023,96145,94720,1296,96016,1442
2021-03-09,San Benito,069,59416,5784,5800,89,5889,61
2021-03-09,San Bernardino,071,2135413,287412,282971,8545,291516,3823
2021-03-09,San Diego,073,3302833,267024,263745,13170,276915,3405
2021-03-09,San Francisco,075,870044,34607,34654,1099,35753,450
2021-03-09,San Joaquin,077,732212,67949,66383,2815,69198,1150
2021-03-09,San Luis Obispo,079,281455,20022,19672,570,20242,245
2021-03-09,San Mateo,081,765935,40000,39535,413,39948,336
2021-03-09,Santa Barbara,083,443738,32761,32314,1042,33356,428
2021-03-09,Santa Clara,085,1922200,112072,111963,596,112559,1756
2021-03-09,Santa Cruz,087,273765,15611,14764,775,15539,188
2021-03-09,Shasta,089,179085,11070,11113,1282,12395,155
2021-03-09,Sierra,091,2930,52,48,12,60,0
2021-03-09,Siskiyou,093,43540,1538,1447,240,1687,5
2021-03-09,Solano,095,438530,30233,30090,373,30463,169
2021-03-09,Sonoma,097,501317,28542,28601,225,28826,284
2021-03-09,Stanislaus,099,539301,51592,50884,5388,56272,703
2021-03-09,Sutter,101,95872,8926,8914,79,8993,101
2021-03-09,Tehama,103,63373,4658,4620,490,5110,33
2021-03-09,Trinity,105,12862,469,304,77,381,3
2021-03-09,Tulare,107,460477,48773,47637,8173,55810,792
2021-03-09,Tuolumne,109,53932,3876,3929,38,3967,56
2021-03-09,Ventura,111,848112,78865,78526,2780,81306,863
2021-03-09,Yolo,113,214977,13059,13015,153,13168,189
2021-03-09,Yuba,115,75493,5604,5539,86,5625,42
2021-03-08,Alameda,001,1643700,82023,81543,1709,83252,1142
2021-03-08,Alpine,003,1148,82,78,0,78,0
2021-03-08,Amador,005,37829,3497,3490,31,3521,42
2021-03-08,Butte,007,227075,11454,11082,1646,12728,185
2021-03-08,Calaveras,009,45235,1944,1909,11,1920,48
2021-03-08,Colusa,011,21464,1882,1877,270,2147,11
2021-03-08,Contra Costa,013,1133247,64190,63240,1082,64322,719
2021-03-08,Del Norte,015,27424,1060,1012,5,1017,5
2021-03-08,El Dorado,017,186661,9259,9188,609,9797,97
2021-03-08,Fresno,019,978130,97799,96665,7825,104490,1442
2021-03-08,Glenn,021,27897,2282,2249,496,2745,15
2021-03-08,Humboldt,023,135768,3301,3278,22,3300,31
2021-03-08,Imperial,025,180216,27349,27033,2479,29512,663
2021-03-08,Inyo,027,18085,1344,1320,9,1329,35
2021-03-08,Kern,029,883053,94284,92857,9908,102765,1087
2021-03-08,Kings,031,150075,22472,22130,977,23107,226
2021-03-08,Lake,033,64148,3242,3195,6,3201,42
2021-03-08,Lassen,035,31185,5132,5119,98,5217,1
2021-03-08,Los Angeles,037,10098052,1179725,1163409,38604,1202013,21868
2021-03-08,Madera,039,155013,15860,15691,846,16537,211
2021-03-08,Marin,041,260295,13407,13328,169,13497,214
2021-03-08,Mariposa,043,17540,379,376,5,381,5
2021-03-08,Mendocino,045,87422,3683,3590,73,3663,42
2021-03-08,Merced,047,269075,28943,28841,932,29773,398
2021-03-08,Modoc,049,8938,344,338,115,453,3
2021-03-08,Mono,051,14174,1195,1200,15,1215,3
2021-03-08,Monterey,053,433212,42171,41863,1680,43543,328
2021-03-08,Napa,055,140530,9151,9146,30,9176,75
2021-03-08,Nevada,057,99092,4122,4059,162,4221,66
2021-03-08,Orange,059,3164182,248752,246900,10263,257163,4243
2021-03-08,Placer,061,380077,20941,20102,1136,21238,239
2021-03-08,Plumas,063,18699,648,635,10,645,4
2021-03-08,Riverside,065,2383286,287181,280463,13342,293805,3783
2021-03-08,Sacramento,067,1510023,95975,94654,1291,95945,1438
2021-03-08,San Benito,069,59416,5781,5797,89,5886,61
2021-03-08,San Bernardino,071,2135413,287301,282894,8538,291432,3811
2021-03-08,San Diego,073,3302833,266783,263272,13155,276427,3390
2021-03-08,San Francisco,075,870044,34581,34634,1095,35729,446
2021-03-08,San Joaquin,077,732212,67833,66307,2806,69113,1139
2021-03-08,San Luis Obispo,079,281455,19979,19656,567,20223,245
2021-03-08,San Mateo,081,765935,39951,39492,411,39903,335
2021-03-08,Santa Barbara,083,443738,32729,32293,1042,33335,427
2021-03-08,Santa Clara,085,1922200,111944,111882,594,112476,1756
2021-03-08,Santa Cruz,087,273765,15591,14729,775,15504,188
2021-03-08,Shasta,089,179085,11062,11088,1277,12365,155
2021-03-08,Sierra,091,2930,52,48,12,60,0
2021-03-08,Siskiyou,093,43540,1537,1440,240,1680,5
2021-03-08,Solano,095,438530,30193,30068,371,30439,169
2021-03-08,Sonoma,097,501317,28498,28571,224,28795,284
2021-03-08,Stanislaus,099,539301,51513,50825,5383,56208,690
2021-03-08,Sutter,101,95872,8923,8905,79,8984,100
2021-03-08,Tehama,103,63373,4654,4615,490,5105,33
2021-03-08,Trinity,105,12862,468,302,77,379,3
2021-03-08,Tulare,107,460477,48732,47587,8148,55735,791
2021-03-08,Tuolumne,109,53932,3875,3921,38,3959,56
2021-03-08,Ventura,111,848112,78792,78526,2772,81298,852
2021-03-08,Yolo,113,214977,13036,13000,153,13153,189
2021-03-08,Yuba,115,75493,5594,5530,86,5616,42
2021-03-07,Alameda,001,1643700,81903,81413,1708,83121,1145
2021-03-07,Alpine,003,1148,82,78,0,78,0
2021-03-07,Amador,005,37829,3494,3489,31,3520,42
2021-03-07,Butte,007,227075,11438,11075,1645,12720,185
2021-03-07,Calaveras,009,45235,1940,1906,11,1917,48
2021-03-07,Colusa,011,21464,1882,1876,270,2146,11
2021-03-07,Contra Costa,013,1133247,64091,63148,1080,64228,719
2021-03-07,Del Norte,015,27424,1055,1010,5,1015,5
2021-03-07,El Dorado,017,186661,9256,9184,608,9792,97
2021-03-07,Fresno,019,978130,97621,96549,7803,104352,1442
2021-03-07,Glenn,021,27897,2280,2244,496,2740,15
2021-03-07,Humboldt,023,135768,3291,3274,22,3296,31
2021-03-07,Imperial,025,180216,27340,27019,2477,29496,658
2021-03-07,Inyo,027,18085,1341,1320,9,1329,35
2021-03-07,Kern,029,883053,94197,92746,9878,102624,1086
2021-03-07,Kings,031,150075,22450,22103,977,23080,224
2021-03-07,Lake,033,64148,3236,3192,6,3198,42
2021-03-07,Lassen,035,31185,5131,5119,98,5217,1
2021-03-07,Los Angeles,037,10098052,1178999,1162749,38570,1201319,21857
2021-03-07,Madera,039,155013,15841,15675,846,16521,211
2021-03-07,Marin,041,260295,13399,13313,167,13480,214
2021-03-07,Mariposa,043,17540,378,376,5,381,5
2021-03-07,Mendocino,045,87422,3679,3581,73,3654,42
2021-03-07,Merced,047,269075,28869,28829,928,29757,399
2021-03-07,Modoc,049,8938,344,338,115,453,3
2021-03-07,Mono,051,14174,1193,1199,15,1214,3
2021-03-07,Monterey,053,433212,42150,41858,1677,43535,328
2021-03-07,Napa,055,140530,9141,9137,30,9167,75
2021-03-07,Nevada,057,99092,4108,4052,161,4213,66
2021-03-07,Orange,059,3164182,248560,246771,10236,257007,4218
2021-03-07,Placer,061,380077,20900,20070,1132,21202,239
2021-03-07,Plumas,063,18699,647,635,10,645,4
2021-03-07,Riverside,065,2383286,287033,280379,13333,293712,3779
2021-03-07,Sacramento,067,1510023,95798,94513,1285,95798,1437
2021-03-07,San Benito,069,59416,5774,5795,89,5884,61
2021-03-07,San Bernardino,071,2135413,287150,282860,8533,291393,3810
2021-03-07,San Diego,073,3302833,266501,262965,13131,276096,3390
2021-03-07,San Francisco,075,870044,34547,34594,1090,35684,445
2021-03-07,San Joaquin,077,732212,67697,66252,2793,69045,1139
2021-03-07,San Luis Obispo,079,281455,19942,19614,565,20179,245
2021-03-07,San Mateo,081,765935,39911,39436,408,39844,329
2021-03-07,Santa Barbara,083,443738,32683,32218,1041,33259,425
2021-03-07,Santa Clara,085,1922200,111799,111745,590,112335,1752
2021-03-07,Santa Cruz,087,273765,15569,14715,774,15489,189
2021-03-07,Shasta,089,179085,11049,11083,1269,12352,156
2021-03-07,Sierra,091,2930,51,48,12,60,0
2021-03-07,Siskiyou,093,43540,1536,1435,236,1671,5
2021-03-07,Solano,095,438530,30156,30027,371,30398,169
2021-03-07,Sonoma,097,501317,28449,28533,222,28755,284
2021-03-07,Stanislaus,099,539301,51381,50783,5367,56150,699
2021-03-07,Sutter,101,95872,8913,8900,79,8979,100
2021-03-07,Tehama,103,63373,4647,4614,489,5103,33
2021-03-07,Trinity,105,12862,468,302,77,379,3
2021-03-07,Tulare,107,460477,48673,47569,8117,55686,790
2021-03-07,Tuolumne,109,53932,3874,3922,37,3959,56
2021-03-07,Ventura,111,848112,78700,78487,2770,81257,851
2021-03-07,Yolo,113,214977,13017,12988,153,13141,189
2021-03-07,Yuba,115,75493,5589,5516,86,5602,42
2021-03-06,Alameda,001,1643700,81846,81310,1707,83017,1143
2021-03-06,Alpine,003,1148,82,78,0,78,0
2021-03-06,Amador,005,37829,3490,3487,31,3518,42
2021-03-06,Butte,007,227075,11433,11065,1644,12709,185
2021-03-06,Calaveras,009,45235,1936,1904,11,1915,48
2021-03-06,Colusa,011,21464,1880,1874,270,2144,11
2021-03-06,Contra Costa,013,1133247,64029,63040,1076,64116,719
2021-03-06,Del Norte,015,27424,1050,1000,5,1005,5
2021-03-06,El Dorado,017,186661,9252,9166,608,9774,97
2021-03-06,Fresno,019,978130,97526,96366,7792,104158,1440
2021-03-06,Glenn,021,27897,2280,2241,496,2737,15
2021-03-06,Humboldt,023,135768,3281,3260,22,3282,31
2021-03-06,Imperial,025,180216,27335,27009,2472,29481,658
2021-03-06,Inyo,027,18085,1338,1312,9,1321,35
2021-03-06,Kern,029,883053,94151,92684,9858,102542,1082
2021-03-06,Kings,031,150075,22435,22094,977,23071,224
2021-03-06,Lake,033,64148,3234,3189,6,3195,42
2021-03-06,Lassen,035,31185,5131,5119,98,5217,1
2021-03-06,Los Angeles,037,10098052,1178559,1161745,38542,1200287,21843
2021-03-06,Madera,039,155013,15832,15646,845,16491,211
2021-03-06,Marin,041,260295,13390,13289,167,13456,213
2021-03-06,Mariposa,043,17540,378,376,5,381,5
2021-03-06,Mendocino,045,87422,3677,3579,73,3652,42
2021-03-06,Merced,047,269075,28826,28771,928,29699,399
2021-03-06,Modoc,049,8938,343,338,115,453,3
2021-03-06,Mono,051,14174,1192,1198,15,1213,3
2021-03-06,Monterey,053,433212,42145,41838,1674,43512,327
2021-03-06,Napa,055,140530,9133,9129,30,9159,75
2021-03-06,Nevada,057,99092,4102,4044,161,4205,66
2021-03-06,Orange,059,3164182,248469,246634,10222,256856,4165
2021-03-06,Placer,061,380077,20877,20030,1130,21160,239
2021-03-06,Plumas,063,18699,647,634,10,644,4
2021-03-06,Riverside,065,2383286,286939,280225,13325,293550,3781
2021-03-06,Sacramento,067,1510023,95710,94332,1276,95608,1436
2021-03-06,San Benito,069,59416,5769,5793,89,5882,61
2021-03-06,San Bernardino,071,2135413,287066,282737,8531,291268,3791
2021-03-06,San Diego,073,3302833,266314,262778,13114,275892,3385
2021-03-06,San Francisco,075,870044,34515,34560,1086,35646,435
2021-03-06,San Joaquin,077,732212,67623,66162,2783,68945,1138
2021-03-06,San Luis Obispo,079,281455,19922,19592,563,20155,245
2021-03-06,San Mateo,081,765935,39886,39384,408,39792,329
2021-03-06,Santa Barbara,083,443738,32653,32176,1041,33217,424
2021-03-06,Santa Clara,085,1922200,111704,111570,587,112157,1749
2021-03-06,Santa Cruz,087,273765,15558,14701,774,15475,188
2021-03-06,Shasta,089,179085,11040,11076,1267,12343,158
2021-03-06,Sierra,091,2930,51,48,12,60,0
2021-03-06,Siskiyou,093,43540,1534,1432,236,1668,5
2021-03-06,Solano,095,438530,30127,30000,370,30370,169
2021-03-06,Sonoma,097,501317,28426,28484,220,28704,284
2021-03-06,Stanislaus,099,539301,51311,50691,5361,56052,711
2021-03-06,Sutter,101,95872,8907,8887,79,8966,100
2021-03-06,Tehama,103,63373,4645,4610,486,5096,33
2021-03-06,Trinity,105,12862,468,302,77,379,3
2021-03-06,Tulare,107,460477,48641,47515,8089,55604,789
2021-03-06,Tuolumne,109,53932,3872,3920,37,3957,56
2021-03-06,Ventura,111,848112,78644,78439,2769,81208,848
2021-03-06,Yolo,113,214977,13011,12951,152,13103,189
2021-03-06,Yuba,115,75493,5580,5504,86,5590,42
2021-03-05,Alameda,001,1643700,81760,81215,1706,82921,1141
2021-03-05,Alpine,003,1148,82,78,0,78,0
2021-03-05,Amador,005,37829,3489,3484,31,3515,42
2021-03-05,Butte,007,227075,11422,11050,1643,12693,185
2021-03-05,Calaveras,009,45235,1933,1902,11,1913,48
2021-03-05,Colusa,011,21464,1880,1874,270,2144,11
2021-03-05,Contra Costa,013,1133247,63949,62886,1073,63959,711
2021-03-05,Del Norte,015,27424,1046,995,5,1000,5
2021-03-05,El Dorado,017,186661,9247,9150,607,9757,97
2021-03-05,Fresno,019,978130,97418,96184,7773,103957,1432
2021-03-05,Glenn,021,27897,2277,2241,495,2736,15
2021-03-05,Humboldt,023,135768,3274,3234,22,3256,31
2021-03-05,Imperial,025,180216,27325,26970,2463,29433,651
2021-03-05,Inyo,027,18085,1334,1309,9,1318,35
2021-03-05,Kern,029,883053,94110,92601,9845,102446,1076
2021-03-05,Kings,031,150075,22417,22063,976,23039,224
2021-03-05,Lake,033,64148,3232,3185,6,3191,42
2021-03-05,Lassen,035,31185,5131,5117,96,5213,1
2021-03-05,Los Angeles,037,10098052,1178068,1160688,38513,1199201,21745
2021-03-05,Madera,039,155013,15822,15624,843,16467,211
2021-03-05,Marin,041,260295,13378,13275,166,13441,215
2021-03-05,Mariposa,043,17540,378,375,5,380,4
2021-03-05,Mendocino,045,87422,3674,3577,73,3650,42
2021-03-05,Merced,047,269075,28793,28734,927,29661,399
2021-03-05,Modoc,049,8938,343,337,115,452,3
2021-03-05,Mono,051,14174,1191,1197,15,1212,3
2021-03-05,Monterey,053,433212,42132,41802,1674,43476,325
2021-03-05,Napa,055,140530,9125,9109,30,9139,75
2021-03-05,Nevada,057,99092,4099,4033,161,4194,66
2021-03-05,Orange,059,3164182,248356,246489,10209,256698,4108
2021-03-05,Placer,061,380077,20851,19973,1126,21099,239
2021-03-05,Plumas,063,18699,647,635,10,645,4
2021-03-05,Riverside,065,2383286,286828,280075,13320,293395,3781
2021-03-05,Sacramento,067,1510023,95614,94182,1269,95451,1430
2021-03-05,San Benito,069,59416,5766,5790,89,5879,61
2021-03-05,San Bernardino,071,2135413,286973,282640,8527,291167,3774
2021-03-05,San Diego,073,3302833,266081,262357,13097,275454,3371
2021-03-05,San Francisco,075,870044,34475,34526,1082,35608,430
2021-03-05,San Joaquin,077,732212,67543,66041,2774,68815,1133
2021-03-05,San Luis Obispo,079,281455,19901,19557,561,20118,244
2021-03-05,San Mateo,081,765935,39854,39305,408,39713,326
2021-03-05,Santa Barbara,083,443738,32616,32139,1036,33175,424
2021-03-05,Santa Clara,085,1922200,111609,111384,587,111971,1745
2021-03-05,Santa Cruz,087,273765,15547,14694,774,15468,188
2021-03-05,Shasta,089,179085,11028,11062,1261,12323,148
2021-03-05,Sierra,091,2930,51,48,12,60,0
2021-03-05,Siskiyou,093,43540,1529,1429,235,1664,5
2021-03-05,Solano,095,438530,30110,29951,368,30319,168
2021-03-05,Sonoma,097,501317,28400,28417,220,28637,279
2021-03-05,Stanislaus,099,539301,51260,50606,5351,55957,721
2021-03-05,Sutter,101,95872,8900,8876,79,8955,100
2021-03-05,Tehama,103,63373,4636,4606,486,5092,33
2021-03-05,Trinity,105,12862,468,302,77,379,3
2021-03-05,Tulare,107,460477,48612,47469,8070,55539,789
2021-03-05,Tuolumne,109,53932,3870,3917,37,3954,56
2021-03-05,Ventura,111,848112,78577,78368,2768,81136,839
2021-03-05,Yolo,113,214977,12999,12920,151,13071,188
2021-03-05,Yuba,115,75493,5568,5496,86,5582,42
2021-03-04,Alameda,001,1643700,81651,81115,1705,82820,1136
2021-03-04,Alpine,003,1148,82,78,0,78,0
2021-03-04,Amador,005,37829,3488,3480,31,3511,42
2021-03-04,Butte,007,227075,11415,11033,1642,12675,185
2021-03-04,Calaveras,009,45235,1932,1896,11,1907,48
2021-03-04,Colusa,011,21464,1878,1873,265,2138,11
2021-03-04,Contra Costa,013,1133247,63849,62789,1071,63860,708
2021-03-04,Del Norte,015,27424,1038,989,5,994,5
2021-03-04,El Dorado,017,186661,9232,9133,607,9740,97
2021-03-04,Fresno,019,978130,97254,96023,7754,103777,1422
2021-03-04,Glenn,021,27897,2270,2236,494,2730,15
2021-03-04,Humboldt,023,135768,3260,3212,22,3234,31
2021-03-04,Imperial,025,180216,27312,26946,2460,29406,646
2021-03-04,Inyo,027,18085,1331,1300,9,1309,35
2021-03-04,Kern,029,883053,94021,92525,9826,102351,1070
2021-03-04,Kings,031,150075,22391,22025,973,22998,224
2021-03-04,Lake,033,64148,3224,3181,6,3187,42
2021-03-04,Lassen,035,31185,5131,5116,96,5212,1
2021-03-04,Los Angeles,037,10098052,1177456,1159405,38463,1197868,21610
2021-03-04,Madera,039,155013,15787,15596,840,16436,208
2021-03-04,Marin,041,260295,13362,13240,163,13403,215
2021-03-04,Mariposa,043,17540,378,376,5,381,4
2021-03-04,Mendocino,045,87422,3671,3569,73,3642,42
2021-03-04,Merced,047,269075,28742,28671,925,29596,396
2021-03-04,Modoc,049,8938,342,336,115,451,3
2021-03-04,Mono,051,14174,1191,1197,15,1212,3
2021-03-04,Monterey,053,433212,42112,41771,1672,43443,325
2021-03-04,Napa,055,140530,9117,9094,30,9124,74
2021-03-04,Nevada,057,99092,4089,4020,161,4181,66
2021-03-04,Orange,059,3164182,248199,246354,10192,256546,4096
2021-03-04,Placer,061,380077,20819,19900,1120,21020,239
2021-03-04,Plumas,063,18699,647,634,10,644,4
2021-03-04,Riverside,065,2383286,286698,279871,13307,293178,3766
2021-03-04,Sacramento,067,1510023,95479,93982,1266,95248,1426
2021-03-04,San Benito,069,59416,5766,5781,89,5870,61
2021-03-04,San Bernardino,071,2135413,286842,282407,8523,290930,3757
2021-03-04,San Diego,073,3302833,265820,261858,13053,274911,3359
2021-03-04,San Francisco,075,870044,34440,34480,1079,35559,426
2021-03-04,San Joaquin,077,732212,67449,65931,2765,68696,1129
2021-03-04,San Luis Obispo,079,281455,19864,19520,559,20079,243
2021-03-04,San Mateo,081,765935,39810,39225,407,39632,322
2021-03-04,Santa Barbara,083,443738,32579,32090,1035,33125,423
2021-03-04,Santa Clara,085,1922200,111475,111194,585,111779,1723
2021-03-04,Santa Cruz,087,273765,15528,14669,774,15443,186
2021-03-04,Shasta,089,179085,11025,11050,1252,12302,150
2021-03-04,Sierra,091,2930,51,48,12,60,0
2021-03-04,Siskiyou,093,43540,1522,1427,235,1662,5
2021-03-04,Solano,095,438530,30083,29905,367,30272,168
2021-03-04,Sonoma,097,501317,28345,28379,219,28598,279
2021-03-04,Stanislaus,099,539301,51173,50521,5343,55864,731
2021-03-04,Sutter,101,95872,8888,8849,79,8928,100
2021-03-04,Tehama,103,63373,4628,4604,486,5090,33
2021-03-04,Trinity,105,12862,468,302,77,379,3
2021-03-04,Tulare,107,460477,48567,47398,8045,55443,784
2021-03-04,Tuolumne,109,53932,3864,3916,37,3953,56
2021-03-04,Ventura,111,848112,78487,78184,2765,80949,831
2021-03-04,Yolo,113,214977,12979,12895,151,13046,189
2021-03-04,Yuba,115,75493,5556,5483,86,5569,41
2021-03-03,Alameda,001,1643700,81531,80972,1704,82676,1127
2021-03-03,Alpine,003,1148,82,77,0,77,0
2021-03-03,Amador,005,37829,3486,3478,30,3508,42
2021-03-03,Butte,007,227075,11407,11014,1641,12655,184
2021-03-03,Calaveras,009,45235,1931,1893,11,1904,48
2021-03-03,Colusa,011,21464,1877,1873,265,2138,11
2021-03-03,Contra Costa,013,1133247,63751,62668,1068,63736,708
2021-03-03,Del Norte,015,27424,1035,988,5,993,5
2021-03-03,El Dorado,017,186661,9222,9121,607,9728,97
2021-03-03,Fresno,019,978130,97110,95893,7737,103630,1415
2021-03-03,Glenn,021,27897,2270,2233,494,2727,15
2021-03-03,Humboldt,023,135768,3249,3196,22,3218,30
2021-03-03,Imperial,025,180216,27296,26939,2456,29395,640
2021-03-03,Inyo,027,18085,1323,1294,9,1303,35
2021-03-03,Kern,029,883053,93945,92434,9809,102243,1063
2021-03-03,Kings,031,150075,22375,22009,972,22981,223
2021-03-03,Lake,033,64148,3217,3175,6,3181,40
2021-03-03,Lassen,035,31185,5131,5115,96,5211,1
2021-03-03,Los Angeles,037,10098052,1176817,1157911,38424,1196335,21500
2021-03-03,Madera,039,155013,15768,15553,834,16387,203
2021-03-03,Marin,041,260295,13348,13216,163,13379,214
2021-03-03,Mariposa,043,17540,377,376,5,381,4
2021-03-03,Mendocino,045,87422,3663,3564,73,3637,42
2021-03-03,Merced,047,269075,28690,28625,925,29550,393
2021-03-03,Modoc,049,8938,342,333,114,447,3
2021-03-03,Mono,051,14174,1191,1191,15,1206,3
2021-03-03,Monterey,053,433212,42080,41731,1669,43400,325
2021-03-03,Napa,055,140530,9109,9090,30,9120,72
2021-03-03,Nevada,057,99092,4079,4009,161,4170,66
2021-03-03,Orange,059,3164182,248054,246120,10178,256298,4072
2021-03-03,Placer,061,380077,20793,19851,1117,20968,239
2021-03-03,Plumas,063,18699,646,631,10,641,4
2021-03-03,Riverside,065,2383286,286565,279626,13301,292927,3735
2021-03-03,Sacramento,067,1510023,95318,93819,1258,95077,1419
2021-03-03,San Benito,069,59416,5765,5774,89,5863,61
2021-03-03,San Bernardino,071,2135413,286701,282138,8517,290655,3664
2021-03-03,San Diego,073,3302833,265556,261350,13022,274372,3342
2021-03-03,San Francisco,075,870044,34408,34443,1076,35519,426
2021-03-03,San Joaquin,077,732212,67336,65855,2758,68613,1115
2021-03-03,San Luis Obispo,079,281455,19838,19479,556,20035,241
2021-03-03,San Mateo,081,765935,39764,39189,406,39595,319
2021-03-03,Santa Barbara,083,443738,32541,32027,1035,33062,421
2021-03-03,Santa Clara,085,1922200,111321,110991,583,111574,1720
2021-03-03,Santa Cruz,087,273765,15517,14645,774,15419,185
2021-03-03,Shasta,089,179085,11015,11023,1245,12268,150
2021-03-03,Sierra,091,2930,51,48,12,60,0
2021-03-03,Siskiyou,093,43540,1520,1424,235,1659,5
2021-03-03,Solano,095,438530,30047,29866,366,30232,167
2021-03-03,Sonoma,097,501317,28306,28307,218,28525,279
2021-03-03,Stanislaus,099,539301,51095,50438,5336,55774,730
2021-03-03,Sutter,101,95872,8880,8840,79,8919,99
2021-03-03,Tehama,103,63373,4626,4601,486,5087,32
2021-03-03,Trinity,105,12862,468,302,77,379,3
2021-03-03,Tulare,107,460477,48516,47348,8016,55364,778
2021-03-03,Tuolumne,109,53932,3862,3914,36,3950,56
2021-03-03,Ventura,111,848112,78403,78057,2760,80817,822
2021-03-03,Yolo,113,214977,12966,12890,151,13041,189
2021-03-03,Yuba,115,75493,5543,5479,86,5565,41
2021-03-02,Alameda,001,1643700,81409,80904,1702,82606,1116
2021-03-02,Alpine,003,1148,82,77,0,77,0
2021-03-02,Amador,005,37829,3484,3474,30,3504,42
2021-03-02,Butte,007,227075,11397,11007,1638,12645,182
2021-03-02,Calaveras,009,45235,1923,1890,11,1901,48
2021-03-02,Colusa,011,21464,1877,1872,264,2136,11
2021-03-02,Contra Costa,013,1133247,63640,62557,1064,63621,694
2021-03-02,Del Norte,015,27424,1028,983,5,988,5
2021-03-02,El Dorado,017,186661,9214,9116,607,9723,98
2021-03-02,Fresno,019,978130,96964,95785,7711,103496,1410
2021-03-02,Glenn,021,27897,2264,2232,493,2725,15
2021-03-02,Humboldt,023,135768,3230,3184,22,3206,30
2021-03-02,Imperial,025,180216,27286,26926,2454,29380,637
2021-03-02,Inyo,027,18085,1319,1292,9,1301,35
2021-03-02,Kern,029,883053,93839,92313,9782,102095,1046
2021-03-02,Kings,031,150075,22323,21999,969,22968,217
2021-03-02,Lake,033,64148,3211,3169,6,3175,40
2021-03-02,Lassen,035,31185,5126,5115,95,5210,1
2021-03-02,Los Angeles,037,10098052,1176180,1156826,38379,1195205,21395
2021-03-02,Madera,039,155013,15748,15523,831,16354,194
2021-03-02,Marin,041,260295,13325,13186,162,13348,214
2021-03-02,Mariposa,043,17540,377,376,5,381,4
2021-03-02,Mendocino,045,87422,3660,3562,72,3634,41
2021-03-02,Merced,047,269075,28633,28598,925,29523,389
2021-03-02,Modoc,049,8938,342,332,114,446,3
2021-03-02,Mono,051,14174,1190,1191,15,1206,3
2021-03-02,Monterey,053,433212,42053,41716,1669,43385,325
2021-03-02,Napa,055,140530,9098,9080,30,9110,71
2021-03-02,Nevada,057,99092,4070,3983,160,4143,66
2021-03-02,Orange,059,3164182,247909,246004,10160,256164,4037
2021-03-02,Placer,061,380077,20740,19828,1114,20942,239
2021-03-02,Plumas,063,18699,643,628,10,638,4
2021-03-02,Riverside,065,2383286,286393,279486,13293,292779,3721
2021-03-02,Sacramento,067,1510023,95151,93690,1257,94947,1411
2021-03-02,San Benito,069,59416,5758,5770,89,5859,60
2021-03-02,San Bernardino,071,2135413,286567,281919,8511,290430,3604
2021-03-02,San Diego,073,3302833,265312,260998,13000,273998,3317
2021-03-02,San Francisco,075,870044,34368,34387,1072,35459,424
2021-03-02,San Joaquin,077,732212,67228,65769,2741,68510,1111
2021-03-02,San Luis Obispo,079,281455,19806,19452,556,20008,241
2021-03-02,San Mateo,081,765935,39712,39148,405,39553,317
2021-03-02,Santa Barbara,083,443738,32492,31964,1031,32995,416
2021-03-02,Santa Clara,085,1922200,111142,110832,582,111414,1706
2021-03-02,Santa Cruz,087,273765,15503,14611,772,15383,185
2021-03-02,Shasta,089,179085,11001,11012,1234,12246,149
2021-03-02,Sierra,091,2930,51,48,12,60,0
2021-03-02,Siskiyou,093,43540,1516,1412,233,1645,5
2021-03-02,Solano,095,438530,30014,29827,364,30191,167
2021-03-02,Sonoma,097,501317,28251,28261,218,28479,279
2021-03-02,Stanislaus,099,539301,51008,50359,5324,55683,724
2021-03-02,Sutter,101,95872,8871,8832,79,8911,99
2021-03-02,Tehama,103,63373,4622,4597,485,5082,32
2021-03-02,Trinity,105,12862,468,301,77,378,3
2021-03-02,Tulare,107,460477,48453,47326,7996,55322,783
2021-03-02,Tuolumne,109,53932,3858,3908,36,3944,53
2021-03-02,Ventura,111,848112,78310,77952,2756,80708,780
2021-03-02,Yolo,113,214977,12950,12867,151,13018,189
2021-03-02,Yuba,115,75493,5535,5475,86,5561,41
2021-03-01,Alameda,001,1643700,81282,80805,1700,82505,1105
2021-03-01,Alpine,003,1148,80,77,0,77,0
2021-03-01,Amador,005,37829,3481,3469,30,3499,42
2021-03-01,Butte,007,227075,11382,10981,1634,12615,180
2021-03-01,Calaveras,009,45235,1918,1885,11,1896,46
2021-03-01,Colusa,011,21464,1876,1871,264,2135,11
2021-03-01,Contra Costa,013,1133247,63532,62458,1063,63521,694
2021-03-01,Del Norte,015,27424,1023,982,5,987,5
2021-03-01,El Dorado,017,186661,9190,9085,607,9692,98
2021-03-01,Fresno,019,978130,96826,95677,7688,103365,1405
2021-03-01,Glenn,021,27897,2259,2232,492,2724,15
2021-03-01,Humboldt,023,135768,3211,3179,22,3201,30
2021-03-01,Imperial,025,180216,27276,26913,2446,29359,636
2021-03-01,Inyo,027,18085,1316,1285,9,1294,35
2021-03-01,Kern,029,883053,93750,92219,9756,101975,1041
2021-03-01,Kings,031,150075,22306,21988,963,22951,217
2021-03-01,Lake,033,64148,3206,3164,6,3170,40
2021-03-01,Lassen,035,31185,5124,5111,95,5206,1
2021-03-01,Los Angeles,037,10098052,1175519,1155984,38339,1194323,21293
2021-03-01,Madera,039,155013,15719,15505,821,16326,194
2021-03-01,Marin,041,260295,13297,13161,161,13322,214
2021-03-01,Mariposa,043,17540,377,375,5,380,4
2021-03-01,Mendocino,045,87422,3653,3561,72,3633,41
2021-03-01,Merced,047,269075,28588,28575,921,29496,385
2021-03-01,Modoc,049,8938,339,331,113,444,3
2021-03-01,Mono,051,14174,1189,1192,15,1207,3
2021-03-01,Monterey,053,433212,42028,41697,1667,43364,324
2021-03-01,Napa,055,140530,9090,9056,30,9086,70
2021-03-01,Nevada,057,99092,4051,3979,160,4139,66
2021-03-01,Orange,059,3164182,247716,245852,10146,255998,3976
2021-03-01,Placer,061,380077,20701,19803,1111,20914,239
2021-03-01,Plumas,063,18699,643,628,10,638,4
2021-03-01,Riverside,065,2383286,286174,279323,13286,292609,3680
2021-03-01,Sacramento,067,1510023,95006,93546,1255,94801,1401
2021-03-01,San Benito,069,59416,5753,5772,89,5861,57
2021-03-01,San Bernardino,071,2135413,286423,281685,8507,290192,3603
2021-03-01,San Diego,073,3302833,264995,260622,12967,273589,3303
2021-03-01,San Francisco,075,870044,34324,34318,1064,35382,424
2021-03-01,San Joaquin,077,732212,67119,65699,2731,68430,1097
2021-03-01,San Luis Obispo,079,281455,19784,19429,554,19983,239
2021-03-01,San Mateo,081,765935,39660,39096,405,39501,314
2021-03-01,Santa Barbara,083,443738,32449,31909,1030,32939,413
2021-03-01,Santa Clara,085,1922200,110983,110684,579,111263,1704
2021-03-01,Santa Cruz,087,273765,15484,14575,771,15346,185
2021-03-01,Shasta,089,179085,10989,10990,1231,12221,149
2021-03-01,Sierra,091,2930,51,48,12,60,0
2021-03-01,Siskiyou,093,43540,1512,1408,231,1639,5
2021-03-01,Solano,095,438530,29971,29779,363,30142,166
2021-03-01,Sonoma,097,501317,28203,28222,216,28438,278
2021-03-01,Stanislaus,099,539301,50934,50293,5318,55611,722
2021-03-01,Sutter,101,95872,8860,8825,79,8904,99
2021-03-01,Tehama,103,63373,4616,4595,485,5080,32
2021-03-01,Trinity,105,12862,468,298,76,374,3
2021-03-01,Tulare,107,460477,48415,47275,7963,55238,781
2021-03-01,Tuolumne,109,53932,3855,3907,36,3943,53
2021-03-01,Ventura,111,848112,78229,77849,2755,80604,775
2021-03-01,Yolo,113,214977,12933,12854,149,13003,188
2021-03-01,Yuba,115,75493,5523,5466,86,5552,41
2021-02-28,Alameda,001,1643700,81161,80727,1698,82425,1105
2021-02-28,Alpine,003,1148,80,77,0,77,0
2021-02-28,Amador,005,37829,3476,3466,29,3495,42
2021-02-28,Butte,007,227075,11367,10970,1634,12604,180
2021-02-28,Calaveras,009,45235,1914,1881,11,1892,46
2021-02-28,Colusa,011,21464,1876,1871,263,2134,11
2021-02-28,Contra Costa,013,1133247,63405,62386,1058,63444,694
2021-02-28,Del Norte,015,27424,1021,981,5,986,5
2021-02-28,El Dorado,017,186661,9179,9082,607,9689,98
2021-02-28,Fresno,019,978130,96644,95548,7654,103202,1405
2021-02-28,Glenn,021,27897,2257,2230,490,2720,15
2021-02-28,Humboldt,023,135768,3188,3179,22,3201,30
2021-02-28,Imperial,025,180216,27250,26909,2442,29351,636
2021-02-28,Inyo,027,18085,1311,1282,9,1291,35
2021-02-28,Kern,029,883053,93634,92169,9736,101905,1012
2021-02-28,Kings,031,150075,22285,21967,962,22929,217
2021-02-28,Lake,033,64148,3201,3164,6,3170,40
2021-02-28,Lassen,035,31185,5123,5106,95,5201,1
2021-02-28,Los Angeles,037,10098052,1174730,1155141,38277,1193418,21261
2021-02-28,Madera,039,155013,15677,15496,818,16314,199
2021-02-28,Marin,041,260295,13274,13152,159,13311,214
2021-02-28,Mariposa,043,17540,377,374,5,379,4
2021-02-28,Mendocino,045,87422,3647,3558,72,3630,41
2021-02-28,Merced,047,269075,28525,28546,920,29466,384
2021-02-28,Modoc,049,8938,339,331,113,444,3
2021-02-28,Mono,051,14174,1186,1192,15,1207,3
2021-02-28,Monterey,053,433212,41996,41683,1665,43348,323
2021-02-28,Napa,055,140530,9071,9053,30,9083,70
2021-02-28,Nevada,057,99092,4038,3972,160,4132,66
2021-02-28,Orange,059,3164182,247519,245706,10139,255845,3970
2021-02-28,Placer,061,380077,20655,19775,1109,20884,239
2021-02-28,Plumas,063,18699,643,628,10,638,4
2021-02-28,Riverside,065,2383286,285941,279214,13275,292489,3661
2021-02-28,Sacramento,067,1510023,94822,93463,1250,94713,1398
2021-02-28,San Benito,069,59416,5742,5772,89,5861,57
2021-02-28,San Bernardino,071,2135413,286281,281620,8495,290115,3595
2021-02-28,San Diego,073,3302833,264698,260353,12933,273286,3303
2021-02-28,San Francisco,075,870044,34282,34291,1058,35349,417
2021-02-28,San Joaquin,077,732212,67011,65662,2722,68384,1097
2021-02-28,San Luis Obispo,079,281455,19748,19422,552,19974,237
2021-02-28,San Mateo,081,765935,39607,39059,404,39463,314
2021-02-28,Santa Barbara,083,443738,32397,31877,1030,32907,413
2021-02-28,Santa Clara,085,1922200,110784,110556,576,111132,1704
2021-02-28,Santa Cruz,087,273765,15455,14571,768,15339,185
2021-02-28,Shasta,089,179085,10968,10990,1227,12217,149
2021-02-28,Sierra,091,2930,51,48,12,60,0
2021-02-28,Siskiyou,093,43540,1504,1408,231,1639,5
2021-02-28,Solano,095,438530,29916,29758,357,30115,166
2021-02-28,Sonoma,097,501317,28140,28193,215,28408,279
2021-02-28,Stanislaus,099,539301,50843,50228,5306,55534,728
2021-02-28,Sutter,101,95872,8845,8825,79,8904,99
2021-02-28,Tehama,103,63373,4611,4590,485,5075,32
2021-02-28,Trinity,105,12862,468,298,76,374,3
2021-02-28,Tulare,107,460477,48353,47258,7932,55190,780
2021-02-28,Tuolumne,109,53932,3850,3905,36,3941,53
2021-02-28,Ventura,111,848112,78117,77749,2752,80501,775
2021-02-28,Yolo,113,214977,12910,12851,149,13000,188
2021-02-28,Yuba,115,75493,5513,5461,86,5547,41
2021-02-27,Alameda,001,1643700,81088,80565,1696,82261,1108
2021-02-27,Alpine,003,1148,80,77,0,77,0
2021-02-27,Amador,005,37829,3474,3463,29,3492,42
2021-02-27,Butte,007,227075,11355,10962,1634,12596,180
2021-02-27,Calaveras,009,45235,1909,1875,11,1886,46
2021-02-27,Colusa,011,21464,1875,1869,263,2132,11
2021-02-27,Contra Costa,013,1133247,63335,62248,1055,63303,693
2021-02-27,Del Norte,015,27424,1019,978,5,983,5
2021-02-27,El Dorado,017,186661,9175,9072,607,9679,98
2021-02-27,Fresno,019,978130,96567,95393,7643,103036,1400
2021-02-27,Glenn,021,27897,2256,2225,489,2714,15
2021-02-27,Humboldt,023,135768,3182,3167,22,3189,30
2021-02-27,Imperial,025,180216,27242,26903,2440,29343,633
2021-02-27,Inyo,027,18085,1308,1275,9,1284,35
2021-02-27,Kern,029,883053,93573,92053,9721,101774,996
2021-02-27,Kings,031,150075,22275,21955,959,22914,216
2021-02-27,Lake,033,64148,3198,3156,6,3162,40
2021-02-27,Lassen,035,31185,5123,5106,95,5201,1
2021-02-27,Los Angeles,037,10098052,1174228,1154275,38250,1192525,21158
2021-02-27,Madera,039,155013,15660,15467,817,16284,199
2021-02-27,Marin,041,260295,13250,13134,159,13293,214
2021-02-27,Mariposa,043,17540,377,374,5,379,4
2021-02-27,Mendocino,045,87422,3644,3555,72,3627,41
2021-02-27,Merced,047,269075,28483,28501,912,29413,384
2021-02-27,Modoc,049,8938,339,331,112,443,3
2021-02-27,Mono,051,14174,1184,1191,15,1206,3
2021-02-27,Monterey,053,433212,41987,41665,1664,43329,322
2021-02-27,Napa,055,140530,9060,9038,30,9068,71
2021-02-27,Nevada,057,99092,4032,3960,160,4120,66
2021-02-27,Orange,059,3164182,247392,245542,10128,255670,3960
2021-02-27,Placer,061,380077,20619,19726,1106,20832,239
2021-02-27,Plumas,063,18699,643,628,10,638,4
2021-02-27,Riverside,065,2383286,285831,279048,13265,292313,3663
2021-02-27,Sacramento,067,1510023,94739,93281,1240,94521,1396
2021-02-27,San Benito,069,59416,5741,5767,88,5855,57
2021-02-27,San Bernardino,071,2135413,286202,281471,8490,289961,3527
2021-02-27,San Diego,073,3302833,264508,260091,12895,272986,3284
2021-02-27,San Francisco,075,870044,34248,34260,1055,35315,413
2021-02-27,San Joaquin,077,732212,66965,65578,2720,68298,1100
2021-02-27,San Luis Obispo,079,281455,19727,19411,551,19962,237
2021-02-27,San Mateo,081,765935,39566,38998,403,39401,313
2021-02-27,Santa Barbara,083,443738,32363,31805,1029,32834,411
2021-02-27,Santa Clara,085,1922200,110636,110361,574,110935,1703
2021-02-27,Santa Cruz,087,273765,15446,14552,767,15319,185
2021-02-27,Shasta,089,179085,10962,10985,1223,12208,149
2021-02-27,Sierra,091,2930,51,48,12,60,0
2021-02-27,Siskiyou,093,43540,1502,1407,230,1637,5
2021-02-27,Solano,095,438530,29888,29718,356,30074,165
2021-02-27,Sonoma,097,501317,28096,28141,210,28351,281
2021-02-27,Stanislaus,099,539301,50788,50147,5296,55443,733
2021-02-27,Sutter,101,95872,8840,8820,79,8899,99
2021-02-27,Tehama,103,63373,4606,4584,484,5068,32
2021-02-27,Trinity,105,12862,468,298,76,374,3
2021-02-27,Tulare,107,460477,48316,47209,7906,55115,770
2021-02-27,Tuolumne,109,53932,3847,3899,36,3935,53
2021-02-27,Ventura,111,848112,78044,77623,2749,80372,771
2021-02-27,Yolo,113,214977,12898,12834,149,12983,188
2021-02-27,Yuba,115,75493,5510,5450,86,5536,39
2021-02-26,Alameda,001,1643700,80993,80387,1691,82078,1106
2021-02-26,Alpine,003,1148,80,77,0,77,0
2021-02-26,Amador,005,37829,3468,3457,29,3486,42
2021-02-26,Butte,007,227075,11345,10941,1634,12575,180
2021-02-26,Calaveras,009,45235,1907,1873,11,1884,46
2021-02-26,Colusa,011,21464,1875,1865,263,2128,11
2021-02-26,Contra Costa,013,1133247,63253,62114,1055,63169,685
2021-02-26,Del Norte,015,27424,1015,968,5,973,5
2021-02-26,El Dorado,017,186661,9170,9038,605,9643,98
2021-02-26,Fresno,019,978130,96465,95202,7635,102837,1391
2021-02-26,Glenn,021,27897,2253,2220,489,2709,15
2021-02-26,Humboldt,023,135768,3176,3152,22,3174,30
2021-02-26,Imperial,025,180216,27235,26888,2438,29326,631
2021-02-26,Inyo,027,18085,1306,1271,9,1280,34
2021-02-26,Kern,029,883053,93494,91884,9705,101589,997
2021-02-26,Kings,031,150075,22259,21917,956,22873,216
2021-02-26,Lake,033,64148,3193,3153,6,3159,40
2021-02-26,Lassen,035,31185,5123,5102,95,5197,1
2021-02-26,Los Angeles,037,10098052,1173651,1153131,38190,1191321,21070
2021-02-26,Madera,039,155013,15644,15436,815,16251,199
2021-02-26,Marin,041,260295,13237,13091,159,13250,214
2021-02-26,Mariposa,043,17540,377,375,5,380,4
2021-02-26,Mendocino,045,87422,3639,3549,72,3621,41
2021-02-26,Merced,047,269075,28449,28455,911,29366,382
2021-02-26,Modoc,049,8938,338,330,112,442,3
2021-02-26,Mono,051,14174,1182,1191,15,1206,3
2021-02-26,Monterey,053,433212,41961,41607,1663,43270,322
2021-02-26,Napa,055,140530,9054,9014,30,9044,70
2021-02-26,Nevada,057,99092,4021,3952,160,4112,66
2021-02-26,Orange,059,3164182,247253,245278,10118,255396,3918
2021-02-26,Placer,061,380077,20593,19712,1100,20812,239
2021-02-26,Plumas,063,18699,643,628,10,638,4
2021-02-26,Riverside,065,2383286,285687,278772,13259,292031,3653
2021-02-26,Sacramento,067,1510023,94616,93180,1237,94417,1390
2021-02-26,San Benito,069,59416,5740,5759,88,5847,57
2021-02-26,San Bernardino,071,2135413,286102,281132,8488,289620,3461
2021-02-26,San Diego,073,3302833,264280,259641,12874,272515,3271
2021-02-26,San Francisco,075,870044,34218,34213,1052,35265,413
2021-02-26,San Joaquin,077,732212,66884,65492,2714,68206,1070
2021-02-26,San Luis Obispo,079,281455,19711,19359,549,19908,234
2021-02-26,San Mateo,081,765935,39521,38922,403,39325,313
2021-02-26,Santa Barbara,083,443738,32319,31724,1028,32752,410
2021-02-26,Santa Clara,085,1922200,110504,110168,572,110740,1700
2021-02-26,Santa Cruz,087,273765,15434,14528,766,15294,185
2021-02-26,Shasta,089,179085,10955,10972,1214,12186,149
2021-02-26,Sierra,091,2930,51,47,12,59,0
2021-02-26,Siskiyou,093,43540,1502,1401,229,1630,5
2021-02-26,Solano,095,438530,29854,29651,355,30006,165
2021-02-26,Sonoma,097,501317,28067,28063,209,28272,280
2021-02-26,Stanislaus,099,539301,50732,50054,5288,55342,737
2021-02-26,Sutter,101,95872,8831,8806,79,8885,99
2021-02-26,Tehama,103,63373,4604,4581,484,5065,32
2021-02-26,Trinity,105,12862,467,298,76,374,3
2021-02-26,Tulare,107,460477,48281,47135,7877,55012,770
2021-02-26,Tuolumne,109,53932,3846,3896,36,3932,53
2021-02-26,Ventura,111,848112,77944,77534,2745,80279,765
2021-02-26,Yolo,113,214977,12891,12816,149,12965,188
2021-02-26,Yuba,115,75493,5505,5438,86,5524,39
2021-02-25,Alameda,001,1643700,80872,80181,1690,81871,1093
2021-02-25,Alpine,003,1148,80,77,0,77,0
2021-02-25,Amador,005,37829,3465,3448,29,3477,41
2021-02-25,Butte,007,227075,11324,10922,1629,12551,178
2021-02-25,Calaveras,009,45235,1899,1868,11,1879,46
2021-02-25,Colusa,011,21464,1872,1863,262,2125,11
2021-02-25,Contra Costa,013,1133247,63151,61910,1055,62965,686
2021-02-25,Del Norte,015,27424,1005,966,5,971,5
2021-02-25,El Dorado,017,186661,9154,9012,605,9617,98
2021-02-25,Fresno,019,978130,96321,95015,7614,102629,1377
2021-02-25,Glenn,021,27897,2250,2219,488,2707,15
2021-02-25,Humboldt,023,135768,3169,3129,22,3151,30
2021-02-25,Imperial,025,180216,27228,26855,2434,29289,628
2021-02-25,Inyo,027,18085,1300,1264,9,1273,33
2021-02-25,Kern,029,883053,93378,91735,9680,101415,992
2021-02-25,Kings,031,150075,22250,21900,953,22853,216
2021-02-25,Lake,033,64148,3184,3141,6,3147,40
2021-02-25,Lassen,035,31185,5122,5097,94,5191,1
2021-02-25,Los Angeles,037,10098052,1172904,1151846,38132,1189978,20931
2021-02-25,Madera,039,155013,15609,15414,811,16225,194
2021-02-25,Marin,041,260295,13214,13067,159,13226,214
2021-02-25,Mariposa,043,17540,377,375,5,380,4
2021-02-25,Mendocino,045,87422,3634,3542,72,3614,41
2021-02-25,Merced,047,269075,28400,28383,909,29292,382
2021-02-25,Modoc,049,8938,338,329,112,441,3
2021-02-25,Mono,051,14174,1181,1190,15,1205,3
2021-02-25,Monterey,053,433212,41936,41564,1658,43222,321
2021-02-25,Napa,055,140530,9028,8998,30,9028,70
2021-02-25,Nevada,057,99092,4004,3940,159,4099,66
2021-02-25,Orange,059,3164182,247080,245000,10108,255108,3882
2021-02-25,Placer,061,380077,20554,19661,1098,20759,239
2021-02-25,Plumas,063,18699,643,626,10,636,4
2021-02-25,Riverside,065,2383286,285499,278544,13239,291783,3646
2021-02-25,Sacramento,067,1510023,94458,92961,1225,94186,1386
2021-02-25,San Benito,069,59416,5735,5752,88,5840,58
2021-02-25,San Bernardino,071,2135413,285967,280946,8480,289426,3409
2021-02-25,San Diego,073,3302833,263986,258979,12844,271823,3260
2021-02-25,San Francisco,075,870044,34175,34138,1050,35188,408
2021-02-25,San Joaquin,077,732212,66800,65389,2702,68091,1047
2021-02-25,San Luis Obispo,079,281455,19690,19335,547,19882,234
2021-02-25,San Mateo,081,765935,39474,38872,403,39275,300
2021-02-25,Santa Barbara,083,443738,32242,31631,1027,32658,408
2021-02-25,Santa Clara,085,1922200,110339,109923,571,110494,1677
2021-02-25,Santa Cruz,087,273765,15415,14492,765,15257,185
2021-02-25,Shasta,089,179085,10943,10947,1209,12156,148
2021-02-25,Sierra,091,2930,51,47,12,59,0
2021-02-25,Siskiyou,093,43540,1497,1390,226,1616,4
2021-02-25,Solano,095,438530,29822,29616,355,29971,161
2021-02-25,Sonoma,097,501317,28013,28004,206,28210,278
2021-02-25,Stanislaus,099,539301,50641,49964,5278,55242,738
2021-02-25,Sutter,101,95872,8817,8789,78,8867,99
2021-02-25,Tehama,103,63373,4601,4578,482,5060,32
2021-02-25,Trinity,105,12862,467,297,76,373,3
2021-02-25,Tulare,107,460477,48231,47052,7851,54903,765
2021-02-25,Tuolumne,109,53932,3843,3894,36,3930,53
2021-02-25,Ventura,111,848112,77836,77395,2739,80134,751
2021-02-25,Yolo,113,214977,12874,12787,149,12936,188
2021-02-25,Yuba,115,75493,5498,5429,86,5515,39
2021-02-24,Alameda,001,1643700,80752,80070,1686,81756,1082
2021-02-24,Alpine,003,1148,79,77,0,77,0
2021-02-24,Amador,005,37829,3460,3444,29,3473,41
2021-02-24,Butte,007,227075,11311,10915,1625,12540,178
2021-02-24,Calaveras,009,45235,1895,1864,11,1875,31
2021-02-24,Colusa,011,21464,1870,1863,262,2125,11
2021-02-24,Contra Costa,013,1133247,63043,61776,1055,62831,663
2021-02-24,Del Norte,015,27424,1004,960,4,964,5
2021-02-24,El Dorado,017,186661,9141,8993,605,9598,98
2021-02-24,Fresno,019,978130,96172,94794,7598,102392,1369
2021-02-24,Glenn,021,27897,2249,2210,488,2698,14
2021-02-24,Humboldt,023,135768,3157,3123,22,3145,29
2021-02-24,Imperial,025,180216,27215,26843,2429,29272,596
2021-02-24,Inyo,027,18085,1295,1253,9,1262,32
2021-02-24,Kern,029,883053,93245,91525,9664,101189,992
2021-02-24,Kings,031,150075,22225,21871,951,22822,216
2021-02-24,Lake,033,64148,3177,3134,6,3140,40
2021-02-24,Lassen,035,31185,5118,5095,93,5188,1
2021-02-24,Los Angeles,037,10098052,1172142,1150322,38093,1188415,20817
2021-02-24,Madera,039,155013,15582,15390,811,16201,194
2021-02-24,Marin,041,260295,13191,13044,158,13202,214
2021-02-24,Mariposa,043,17540,377,374,5,379,4
2021-02-24,Mendocino,045,87422,3627,3540,72,3612,41
2021-02-24,Merced,047,269075,28362,28295,905,29200,383
2021-02-24,Modoc,049,8938,337,329,112,441,3
2021-02-24,Mono,051,14174,1179,1189,15,1204,3
2021-02-24,Monterey,053,433212,41911,41495,1656,43151,320
2021-02-24,Napa,055,140530,9011,8976,30,9006,70
2021-02-24,Nevada,057,99092,3994,3927,159,4086,66
2021-02-24,Orange,059,3164182,246861,244743,10095,254838,3835
2021-02-24,Placer,061,380077,20515,19648,1092,20740,239
2021-02-24,Plumas,063,18699,641,626,10,636,4
2021-02-24,Riverside,065,2383286,285271,278293,13230,291523,3603
2021-02-24,Sacramento,067,1510023,94304,92742,1220,93962,1375
2021-02-24,San Benito,069,59416,5734,5743,88,5831,57
2021-02-24,San Bernardino,071,2135413,285815,280583,8476,289059,3360
2021-02-24,San Diego,073,3302833,263690,258460,12828,271288,3230
2021-02-24,San Francisco,075,870044,34129,34061,1047,35108,406
2021-02-24,San Joaquin,077,732212,66690,65274,2700,67974,1019
2021-02-24,San Luis Obispo,079,281455,19667,19309,545,19854,233
2021-02-24,San Mateo,081,765935,39437,38763,403,39166,300
2021-02-24,Santa Barbara,083,443738,32190,31563,1024,32587,405
2021-02-24,Santa Clara,085,1922200,110191,109671,570,110241,1674
2021-02-24,Santa Cruz,087,273765,15394,14458,765,15223,185
2021-02-24,Shasta,089,179085,10930,10922,1206,12128,148
2021-02-24,Sierra,091,2930,51,47,12,59,0
2021-02-24,Siskiyou,093,43540,1490,1385,222,1607,4
2021-02-24,Solano,095,438530,29783,29577,353,29930,158
2021-02-24,Sonoma,097,501317,27949,27954,202,28156,278
2021-02-24,Stanislaus,099,539301,50570,49851,5271,55122,732
2021-02-24,Sutter,101,95872,8807,8778,78,8856,99
2021-02-24,Tehama,103,63373,4598,4566,482,5048,31
2021-02-24,Trinity,105,12862,467,294,75,369,3
2021-02-24,Tulare,107,460477,48175,46976,7823,54799,759
2021-02-24,Tuolumne,109,53932,3840,3887,36,3923,53
2021-02-24,Ventura,111,848112,77728,77238,2738,79976,718
2021-02-24,Yolo,113,214977,12861,12760,149,12909,188
2021-02-24,Yuba,115,75493,5487,5425,84,5509,39
2021-02-23,Alameda,001,1643700,80614,79948,1684,81632,1070
2021-02-23,Alpine,003,1148,78,77,0,77,0
2021-02-23,Amador,005,37829,3458,3440,29,3469,41
2021-02-23,Butte,007,227075,11295,10887,1622,12509,176
2021-02-23,Calaveras,009,45235,1894,1863,11,1874,21
2021-02-23,Colusa,011,21464,1867,1862,262,2124,11
2021-02-23,Contra Costa,013,1133247,62909,61613,1052,62665,661
2021-02-23,Del Norte,015,27424,1002,953,4,957,3
2021-02-23,El Dorado,017,186661,9128,8969,605,9574,96
2021-02-23,Fresno,019,978130,96011,94741,7584,102325,1356
2021-02-23,Glenn,021,27897,2247,2209,488,2697,14
2021-02-23,Humboldt,023,135768,3140,3108,22,3130,29
2021-02-23,Imperial,025,180216,27195,26816,2424,29240,591
2021-02-23,Inyo,027,18085,1291,1250,9,1259,32
2021-02-23,Kern,029,883053,93106,91390,9636,101026,982
2021-02-23,Kings,031,150075,22210,21839,947,22786,216
2021-02-23,Lake,033,64148,3169,3121,6,3127,40
2021-02-23,Lassen,035,31185,5115,5092,93,5185,1
2021-02-23,Los Angeles,037,10098052,1171268,1148965,38041,1187006,19887
2021-02-23,Madera,039,155013,15568,15352,805,16157,193
2021-02-23,Marin,041,260295,13171,13015,157,13172,214
2021-02-23,Mariposa,043,17540,377,374,5,379,4
2021-02-23,Mendocino,045,87422,3625,3540,71,3611,41
2021-02-23,Merced,047,269075,28282,28209,898,29107,381
2021-02-23,Modoc,049,8938,336,328,111,439,3
2021-02-23,Mono,051,14174,1179,1189,15,1204,3
2021-02-23,Monterey,053,433212,41872,41439,1651,43090,317
2021-02-23,Napa,055,140530,8999,8967,30,8997,70
2021-02-23,Nevada,057,99092,3986,3912,159,4071,66
2021-02-23,Orange,059,3164182,246663,244566,10077,254643,3843
2021-02-23,Placer,061,380077,20490,19608,1088,20696,238
2021-02-23,Plumas,063,18699,640,626,10,636,4
2021-02-23,Riverside,065,2383286,285034,278075,13216,291291,3599
2021-02-23,Sacramento,067,1510023,94147,92632,1214,93846,1370
2021-02-23,San Benito,069,59416,5728,5731,87,5818,57
2021-02-23,San Bernardino,071,2135413,285627,280279,8471,288750,3283
2021-02-23,San Diego,073,3302833,263313,257802,12798,270600,3218
2021-02-23,San Francisco,075,870044,34080,33994,1046,35040,405
2021-02-23,San Joaquin,077,732212,66590,65141,2693,67834,1004
2021-02-23,San Luis Obispo,079,281455,19638,19233,544,19777,230
2021-02-23,San Mateo,081,765935,39376,38662,403,39065,299
2021-02-23,Santa Barbara,083,443738,32135,31483,1023,32506,402
2021-02-23,Santa Clara,085,1922200,109994,109449,567,110016,1661
2021-02-23,Santa Cruz,087,273765,15365,14435,763,15198,178
2021-02-23,Shasta,089,179085,10918,10903,1202,12105,146
2021-02-23,Sierra,091,2930,51,47,12,59,0
2021-02-23,Siskiyou,093,43540,1485,1380,220,1600,4
2021-02-23,Solano,095,438530,29743,29545,350,29895,154
2021-02-23,Sonoma,097,501317,27906,27882,199,28081,278
2021-02-23,Stanislaus,099,539301,50492,49749,5255,55004,722
2021-02-23,Sutter,101,95872,8794,8766,78,8844,98
2021-02-23,Tehama,103,63373,4592,4556,481,5037,30
2021-02-23,Trinity,105,12862,467,292,74,366,3
2021-02-23,Tulare,107,460477,48097,46937,7790,54727,757
2021-02-23,Tuolumne,109,53932,3836,3864,36,3900,53
2021-02-23,Ventura,111,848112,77612,77093,2729,79822,689
2021-02-23,Yolo,113,214977,12832,12729,149,12878,188
2021-02-23,Yuba,115,75493,5474,5417,83,5500,38
2021-02-22,Alameda,001,1643700,80463,79796,1680,81476,1062
2021-02-22,Alpine,003,1148,78,77,0,77,0
2021-02-22,Amador,005,37829,3453,3438,29,3467,39
2021-02-22,Butte,007,227075,11282,10855,1617,12472,176
2021-02-22,Calaveras,009,45235,1892,1862,11,1873,21
2021-02-22,Colusa,011,21464,1867,1860,262,2122,11
2021-02-22,Contra Costa,013,1133247,62781,61478,1051,62529,661
2021-02-22,Del Norte,015,27424,1001,948,4,952,3
2021-02-22,El Dorado,017,186661,9111,8940,605,9545,96
2021-02-22,Fresno,019,978130,95848,94584,7567,102151,1351
2021-02-22,Glenn,021,27897,2242,2207,486,2693,14
2021-02-22,Humboldt,023,135768,3128,3095,22,3117,29
2021-02-22,Imperial,025,180216,27173,26778,2417,29195,590
2021-02-22,Inyo,027,18085,1286,1248,9,1257,32
2021-02-22,Kern,029,883053,92989,91201,9614,100815,982
2021-02-22,Kings,031,150075,22187,21801,944,22745,214
2021-02-22,Lake,033,64148,3163,3107,6,3113,40
2021-02-22,Lassen,035,31185,5115,5088,92,5180,1
2021-02-22,Los Angeles,037,10098052,1170407,1147541,37985,1185526,19730
2021-02-22,Madera,039,155013,15543,15325,801,16126,193
2021-02-22,Marin,041,260295,13146,12991,154,13145,213
2021-02-22,Mariposa,043,17540,376,374,5,379,4
2021-02-22,Mendocino,045,87422,3619,3535,71,3606,41
2021-02-22,Merced,047,269075,28219,28166,895,29061,379
2021-02-22,Modoc,049,8938,336,329,111,440,3
2021-02-22,Mono,051,14174,1175,1189,15,1204,3
2021-02-22,Monterey,053,433212,41827,41397,1645,43042,311
2021-02-22,Napa,055,140530,8972,8950,30,8980,69
2021-02-22,Nevada,057,99092,3977,3900,157,4057,66
2021-02-22,Orange,059,3164182,246427,244118,10059,254177,3843
2021-02-22,Placer,061,380077,20453,19587,1080,20667,238
2021-02-22,Plumas,063,18699,640,625,10,635,4
2021-02-22,Riverside,065,2383286,284772,277730,13208,290938,3567
2021-02-22,Sacramento,067,1510023,93980,92476,1204,93680,1359
2021-02-22,San Benito,069,59416,5726,5723,87,5810,57
2021-02-22,San Bernardino,071,2135413,285450,279984,8458,288442,3259
2021-02-22,San Diego,073,3302833,262903,257348,12765,270113,3189
2021-02-22,San Francisco,075,870044,34020,33947,1041,34988,405
2021-02-22,San Joaquin,077,732212,66494,65060,2680,67740,1001
2021-02-22,San Luis Obispo,079,281455,19601,19198,542,19740,229
2021-02-22,San Mateo,081,765935,39319,38542,400,38942,282
2021-02-22,Santa Barbara,083,443738,32069,31421,1020,32441,399
2021-02-22,Santa Clara,085,1922200,109785,109213,556,109769,1655
2021-02-22,Santa Cruz,087,273765,15339,14417,763,15180,176
2021-02-22,Shasta,089,179085,10903,10872,1197,12069,145
2021-02-22,Sierra,091,2930,51,47,12,59,0
2021-02-22,Siskiyou,093,43540,1479,1373,219,1592,4
2021-02-22,Solano,095,438530,29704,29508,349,29857,150
2021-02-22,Sonoma,097,501317,27861,27845,198,28043,278
2021-02-22,Stanislaus,099,539301,50390,49630,5237,54867,722
2021-02-22,Sutter,101,95872,8786,8698,78,8776,98
2021-02-22,Tehama,103,63373,4589,4550,480,5030,30
2021-02-22,Trinity,105,12862,467,287,73,360,3
2021-02-22,Tulare,107,460477,48035,46879,7758,54637,751
2021-02-22,Tuolumne,109,53932,3832,3856,36,3892,53
2021-02-22,Ventura,111,848112,77484,76947,2724,79671,677
2021-02-22,Yolo,113,214977,12805,12689,149,12838,183
2021-02-22,Yuba,115,75493,5471,5404,82,5486,38
2021-02-21,Alameda,001,1643700,80269,79649,1676,81325,1061
2021-02-21,Alpine,003,1148,78,77,0,77,0
2021-02-21,Amador,005,37829,3445,3435,29,3464,39
2021-02-21,Butte,007,227075,11264,10855,1615,12470,176
2021-02-21,Calaveras,009,45235,1891,1860,11,1871,21
2021-02-21,Colusa,011,21464,1866,1860,258,2118,11
2021-02-21,Contra Costa,013,1133247,62626,61364,1048,62412,661
2021-02-21,Del Norte,015,27424,995,942,4,946,3
2021-02-21,El Dorado,017,186661,9093,8927,604,9531,96
2021-02-21,Fresno,019,978130,95705,94374,7551,101925,1349
2021-02-21,Glenn,021,27897,2240,2201,484,2685,14
2021-02-21,Humboldt,023,135768,3116,3096,22,3118,29
2021-02-21,Imperial,025,180216,27159,26779,2415,29194,590
2021-02-21,Inyo,027,18085,1280,1232,9,1241,32
2021-02-21,Kern,029,883053,92864,91141,9576,100717,980
2021-02-21,Kings,031,150075,22151,21784,942,22726,213
2021-02-21,Lake,033,64148,3155,3100,6,3106,40
2021-02-21,Lassen,035,31185,5107,5077,92,5169,1
2021-02-21,Los Angeles,037,10098052,1169365,1146756,37941,1184697,19711
2021-02-21,Madera,039,155013,15510,15298,798,16096,192
2021-02-21,Marin,041,260295,13117,12968,154,13122,212
2021-02-21,Mariposa,043,17540,376,373,5,378,4
2021-02-21,Mendocino,045,87422,3614,3535,71,3606,41
2021-02-21,Merced,047,269075,28145,28106,880,28986,379
2021-02-21,Modoc,049,8938,333,329,111,440,3
2021-02-21,Mono,051,14174,1175,1189,15,1204,3
2021-02-21,Monterey,053,433212,41771,41373,1638,43011,309
2021-02-21,Napa,055,140530,8958,8929,30,8959,69
2021-02-21,Nevada,057,99092,3964,3895,157,4052,66
2021-02-21,Orange,059,3164182,246130,243985,10042,254027,3801
2021-02-21,Placer,061,380077,20417,19553,1076,20629,238
2021-02-21,Plumas,063,18699,640,625,10,635,4
2021-02-21,Riverside,065,2383286,284539,277555,13195,290750,3564
2021-02-21,Sacramento,067,1510023,93770,92288,1194,93482,1354
2021-02-21,San Benito,069,59416,5716,5716,84,5800,57
2021-02-21,San Bernardino,071,2135413,285226,279870,8444,288314,3247
2021-02-21,San Diego,073,3302833,262469,257027,12719,269746,3190
2021-02-21,San Francisco,075,870044,33956,33891,1037,34928,405
2021-02-21,San Joaquin,077,732212,66355,64997,2668,67665,1001
2021-02-21,San Luis Obispo,079,281455,19568,19178,540,19718,229
2021-02-21,San Mateo,081,765935,39257,38448,396,38844,282
2021-02-21,Santa Barbara,083,443738,32007,31374,1017,32391,399
2021-02-21,Santa Clara,085,1922200,109559,108992,548,109540,1654
2021-02-21,Santa Cruz,087,273765,15316,14401,762,15163,176
2021-02-21,Shasta,089,179085,10889,10867,1192,12059,145
2021-02-21,Sierra,091,2930,51,47,12,59,0
2021-02-21,Siskiyou,093,43540,1473,1371,219,1590,4
2021-02-21,Solano,095,438530,29649,29471,348,29819,150
2021-02-21,Sonoma,097,501317,27797,27793,191,27984,278
2021-02-21,Stanislaus,099,539301,50277,49527,5223,54750,726
2021-02-21,Sutter,101,95872,8769,8687,77,8764,97
2021-02-21,Tehama,103,63373,4580,4547,480,5027,30
2021-02-21,Trinity,105,12862,465,286,73,359,3
2021-02-21,Tulare,107,460477,47967,46830,7723,54553,749
2021-02-21,Tuolumne,109,53932,3818,3828,36,3864,53
2021-02-21,Ventura,111,848112,77335,76862,2711,79573,677
2021-02-21,Yolo,113,214977,12774,12670,148,12818,183
2021-02-21,Yuba,115,75493,5463,5396,81,5477,38
2021-02-20,Alameda,001,1643700,80178,79496,1671,81167,1055
2021-02-20,Alpine,003,1148,78,77,0,77,0
2021-02-20,Amador,005,37829,3443,3432,29,3461,39
2021-02-20,Butte,007,227075,11256,10838,1614,12452,176
2021-02-20,Calaveras,009,45235,1890,1858,11,1869,21
2021-02-20,Colusa,011,21464,1865,1858,258,2116,11
2021-02-20,Contra Costa,013,1133247,62542,61205,1046,62251,663
2021-02-20,Del Norte,015,27424,991,937,4,941,3
2021-02-20,El Dorado,017,186661,9083,8911,603,9514,96
2021-02-20,Fresno,019,978130,95622,94234,7531,101765,1341
2021-02-20,Glenn,021,27897,2236,2199,483,2682,14
2021-02-20,Humboldt,023,135768,3108,3073,22,3095,29
2021-02-20,Imperial,025,180216,27149,26771,2415,29186,590
2021-02-20,Inyo,027,18085,1276,1226,9,1235,32
2021-02-20,Kern,029,883053,92793,91025,9544,100569,968
2021-02-20,Kings,031,150075,22133,21773,941,22714,212
2021-02-20,Lake,033,64148,3148,3089,6,3095,40
2021-02-20,Lassen,035,31185,5105,5067,92,5159,1
2021-02-20,Los Angeles,037,10098052,1168795,1145594,37901,1183495,19630
2021-02-20,Madera,039,155013,15490,15274,797,16071,191
2021-02-20,Marin,041,260295,13096,12945,152,13097,211
2021-02-20,Mariposa,043,17540,376,372,5,377,4
2021-02-20,Mendocino,045,87422,3612,3533,71,3604,40
2021-02-20,Merced,047,269075,28102,28066,877,28943,379
2021-02-20,Modoc,049,8938,333,328,111,439,3
2021-02-20,Mono,051,14174,1174,1187,15,1202,3
2021-02-20,Monterey,053,433212,41749,41313,1636,42949,309
2021-02-20,Napa,055,140530,8949,8910,30,8940,69
2021-02-20,Nevada,057,99092,3954,3887,156,4043,66
2021-02-20,Orange,059,3164182,245961,243761,10028,253789,3755
2021-02-20,Placer,061,380077,20376,19509,1072,20581,236
2021-02-20,Plumas,063,18699,640,626,10,636,4
2021-02-20,Riverside,065,2383286,284385,277267,13186,290453,3559
2021-02-20,Sacramento,067,1510023,93647,92057,1192,93249,1352
2021-02-20,San Benito,069,59416,5705,5709,84,5793,57
2021-02-20,San Bernardino,071,2135413,285124,279608,8439,288047,3203
2021-02-20,San Diego,073,3302833,262227,256510,12690,269200,3188
2021-02-20,San Francisco,075,870044,33914,33820,1029,34849,399
2021-02-20,San Joaquin,077,732212,66285,64916,2663,67579,1001
2021-02-20,San Luis Obispo,079,281455,19544,19138,539,19677,229
2021-02-20,San Mateo,081,765935,39213,38371,395,38766,282
2021-02-20,Santa Barbara,083,443738,31973,31289,1016,32305,396
2021-02-20,Santa Clara,085,1922200,109381,108728,545,109273,1649
2021-02-20,Santa Cruz,087,273765,15305,14378,760,15138,176
2021-02-20,Shasta,089,179085,10875,10850,1187,12037,146
2021-02-20,Sierra,091,2930,51,47,12,59,0
2021-02-20,Siskiyou,093,43540,1470,1366,219,1585,4
2021-02-20,Solano,095,438530,29635,29440,346,29786,150
2021-02-20,Sonoma,097,501317,27768,27703,189,27892,278
2021-02-20,Stanislaus,099,539301,50226,49445,5209,54654,733
2021-02-20,Sutter,101,95872,8763,8681,77,8758,97
2021-02-20,Tehama,103,63373,4575,4545,480,5025,30
2021-02-20,Trinity,105,12862,464,285,72,357,3
2021-02-20,Tulare,107,460477,47931,46769,7701,54470,739
2021-02-20,Tuolumne,109,53932,3813,3823,36,3859,53
2021-02-20,Ventura,111,848112,77240,76757,2708,79465,671
2021-02-20,Yolo,113,214977,12760,12639,148,12787,183
2021-02-20,Yuba,115,75493,5460,5386,81,5467,38
2021-02-19,Alameda,001,1643700,80078,79318,1667,80985,1047
2021-02-19,Alpine,003,1148,78,77,0,77,0
2021-02-19,Amador,005,37829,3439,3427,29,3456,39
2021-02-19,Butte,007,227075,11242,10823,1607,12430,176
2021-02-19,Calaveras,009,45235,1889,1856,11,1867,21
2021-02-19,Colusa,011,21464,1865,1858,258,2116,11
2021-02-19,Contra Costa,013,1133247,62430,61017,1043,62060,651
2021-02-19,Del Norte,015,27424,986,932,4,936,2
2021-02-19,El Dorado,017,186661,9074,8882,602,9484,96
2021-02-19,Fresno,019,978130,95492,93973,7515,101488,1330
2021-02-19,Glenn,021,27897,2231,2199,482,2681,14
2021-02-19,Humboldt,023,135768,3096,3037,22,3059,29
2021-02-19,Imperial,025,180216,27143,26751,2412,29163,589
2021-02-19,Inyo,027,18085,1271,1212,9,1221,32
2021-02-19,Kern,029,883053,92724,90807,9504,100311,963
2021-02-19,Kings,031,150075,22119,21724,939,22663,211
2021-02-19,Lake,033,64148,3142,3078,6,3084,40
2021-02-19,Lassen,035,31185,5104,5057,92,5149,1
2021-02-19,Los Angeles,037,10098052,1168044,1143828,37861,1181689,19498
2021-02-19,Madera,039,155013,15473,15222,795,16017,188
2021-02-19,Marin,041,260295,13078,12919,151,13070,210
2021-02-19,Mariposa,043,17540,376,371,5,376,4
2021-02-19,Mendocino,045,87422,3610,3526,71,3597,39
2021-02-19,Merced,047,269075,28072,27985,874,28859,376
2021-02-19,Modoc,049,8938,333,328,111,439,3
2021-02-19,Mono,051,14174,1174,1186,15,1201,3
2021-02-19,Monterey,053,433212,41722,41209,1632,42841,309
2021-02-19,Napa,055,140530,8936,8899,30,8929,69
2021-02-19,Nevada,057,99092,3948,3863,156,4019,66
2021-02-19,Orange,059,3164182,245785,243397,10016,253413,3715
2021-02-19,Placer,061,380077,20354,19457,1072,20529,236
2021-02-19,Plumas,063,18699,638,624,10,634,4
2021-02-19,Riverside,065,2383286,284216,276941,13169,290110,3541
2021-02-19,Sacramento,067,1510023,93527,91815,1188,93003,1351
2021-02-19,San Benito,069,59416,5700,5699,84,5783,57
2021-02-19,San Bernardino,071,2135413,284988,279209,8434,287643,3117
2021-02-19,San Diego,073,3302833,261936,255799,12667,268466,3169
2021-02-19,San Francisco,075,870044,33866,33746,1023,34769,387
2021-02-19,San Joaquin,077,732212,66209,64774,2655,67429,988
2021-02-19,San Luis Obispo,079,281455,19513,19061,537,19598,230
2021-02-19,San Mateo,081,765935,39155,38256,393,38649,282
2021-02-19,Santa Barbara,083,443738,31909,31204,1015,32219,392
2021-02-19,Santa Clara,085,1922200,109169,108400,543,108943,1634
2021-02-19,Santa Cruz,087,273765,15290,14354,760,15114,176
2021-02-19,Shasta,089,179085,10864,10833,1184,12017,140
2021-02-19,Sierra,091,2930,51,47,12,59,0
2021-02-19,Siskiyou,093,43540,1466,1363,217,1580,4
2021-02-19,Solano,095,438530,29610,29383,345,29728,150
2021-02-19,Sonoma,097,501317,27721,27595,187,27782,280
2021-02-19,Stanislaus,099,539301,50164,49282,5193,54475,739
2021-02-19,Sutter,101,95872,8753,8665,77,8742,96
2021-02-19,Tehama,103,63373,4573,4535,480,5015,30
2021-02-19,Trinity,105,12862,462,282,70,352,3
2021-02-19,Tulare,107,460477,47886,46662,7676,54338,736
2021-02-19,Tuolumne,109,53932,3806,3817,36,3853,52
2021-02-19,Ventura,111,848112,77161,76582,2705,79287,667
2021-02-19,Yolo,113,214977,12744,12606,148,12754,183
2021-02-19,Yuba,115,75493,5450,5376,81,5457,38
2021-02-18,Alameda,001,1643700,79944,79111,1660,80771,1012
2021-02-18,Alpine,003,1148,78,77,0,77,0
2021-02-18,Amador,005,37829,3435,3417,28,3445,38
2021-02-18,Butte,007,227075,11224,10791,1605,12396,175
2021-02-18,Calaveras,009,45235,1884,1873,11,1884,21
2021-02-18,Colusa,011,21464,1863,1856,256,2112,11
2021-02-18,Contra Costa,013,1133247,62316,60868,1041,61909,640
2021-02-18,Del Norte,015,27424,981,929,4,933,2
2021-02-18,El Dorado,017,186661,9059,8850,601,9451,94
2021-02-18,Fresno,019,978130,95323,93734,7490,101224,1323
2021-02-18,Glenn,021,27897,2225,2195,482,2677,14
2021-02-18,Humboldt,023,135768,3084,3023,22,3045,29
2021-02-18,Imperial,025,180216,27117,26731,2405,29136,591
2021-02-18,Inyo,027,18085,1267,1213,8,1221,32
2021-02-18,Kern,029,883053,92570,90655,9474,100129,961
2021-02-18,Kings,031,150075,22095,21648,938,22586,211
2021-02-18,Lake,033,64148,3137,3066,6,3072,40
2021-02-18,Lassen,035,31185,5095,5052,92,5144,1
2021-02-18,Los Angeles,037,10098052,1167091,1141930,37798,1179728,19358
2021-02-18,Madera,039,155013,15451,15175,790,15965,188
2021-02-18,Marin,041,260295,13065,12895,150,13045,209
2021-02-18,Mariposa,043,17540,375,369,5,374,4
2021-02-18,Mendocino,045,87422,3607,3519,70,3589,39
2021-02-18,Merced,047,269075,28023,27870,868,28738,372
2021-02-18,Modoc,049,8938,331,327,110,437,3
2021-02-18,Mono,051,14174,1174,1182,15,1197,3
2021-02-18,Monterey,053,433212,41664,41091,1623,42714,307
2021-02-18,Napa,055,140530,8919,8877,30,8907,68
2021-02-18,Nevada,057,99092,3939,3836,155,3991,66
2021-02-18,Orange,059,3164182,245562,243098,9999,253097,3673
2021-02-18,Placer,061,380077,20327,19429,1071,20500,232
2021-02-18,Plumas,063,18699,638,624,10,634,4
2021-02-18,Riverside,065,2383286,283928,276595,13148,289743,3510
2021-02-18,Sacramento,067,1510023,93365,91476,1182,92658,1334
2021-02-18,San Benito,069,59416,5697,5697,83,5780,58
2021-02-18,San Bernardino,071,2135413,284779,278887,8420,287307,3066
2021-02-18,San Diego,073,3302833,261581,254987,12644,267631,3135
2021-02-18,San Francisco,075,870044,33808,33650,1020,34670,386
2021-02-18,San Joaquin,077,732212,66126,64634,2645,67279,982
2021-02-18,San Luis Obispo,079,281455,19471,18987,534,19521,230
2021-02-18,San Mateo,081,765935,39093,38185,389,38574,282
2021-02-18,Santa Barbara,083,443738,31831,31054,1008,32062,387
2021-02-18,Santa Clara,085,1922200,108944,108210,540,108750,1605
2021-02-18,Santa Cruz,087,273765,15264,14314,760,15074,176
2021-02-18,Shasta,089,179085,10846,10811,1181,11992,139
2021-02-18,Sierra,091,2930,50,47,12,59,0
2021-02-18,Siskiyou,093,43540,1461,1359,216,1575,4
2021-02-18,Solano,095,438530,29584,29349,344,29693,150
2021-02-18,Sonoma,097,501317,27654,27512,186,27698,281
2021-02-18,Stanislaus,099,539301,50064,49150,5176,54326,738
2021-02-18,Sutter,101,95872,8745,8654,77,8731,96
2021-02-18,Tehama,103,63373,4570,4528,480,5008,30
2021-02-18,Trinity,105,12862,461,282,70,352,3
2021-02-18,Tulare,107,460477,47823,46591,7637,54228,728
2021-02-18,Tuolumne,109,53932,3769,3811,36,3847,52
2021-02-18,Ventura,111,848112,77029,76442,2697,79139,659
2021-02-18,Yolo,113,214977,12718,12549,148,12697,183
2021-02-18,Yuba,115,75493,5433,5358,81,5439,38
2021-02-17,Alameda,001,1643700,79782,78895,1658,80553,1002
2021-02-17,Alpine,003,1148,78,77,0,77,0
2021-02-17,Amador,005,37829,3431,3415,28,3443,38
2021-02-17,Butte,007,227075,11206,10770,1601,12371,174
2021-02-17,Calaveras,009,45235,1884,1876,11,1887,21
2021-02-17,Colusa,011,21464,1860,1854,256,2110,10
2021-02-17,Contra Costa,013,1133247,62178,60723,1038,61761,635
2021-02-17,Del Norte,015,27424,974,920,4,924,2
2021-02-17,El Dorado,017,186661,9048,8847,601,9448,94
2021-02-17,Fresno,019,978130,95184,93555,7463,101018,1307
2021-02-17,Glenn,021,27897,2224,2189,481,2670,14
2021-02-17,Humboldt,023,135768,3069,3006,22,3028,29
2021-02-17,Imperial,025,180216,27103,26726,2401,29127,580
2021-02-17,Inyo,027,18085,1259,1197,8,1205,32
2021-02-17,Kern,029,883053,92452,90454,9430,99884,962
2021-02-17,Kings,031,150075,22057,21617,934,22551,211
2021-02-17,Lake,033,64148,3127,3057,2,3059,38
2021-02-17,Lassen,035,31185,5090,5052,91,5143,1
2021-02-17,Los Angeles,037,10098052,1166035,1139786,37736,1177522,19213
2021-02-17,Madera,039,155013,15426,15135,781,15916,177
2021-02-17,Marin,041,260295,13040,12881,150,13031,207
2021-02-17,Mariposa,043,17540,375,368,4,372,4
2021-02-17,Mendocino,045,87422,3605,3494,69,3563,39
2021-02-17,Merced,047,269075,27968,27824,859,28683,372
2021-02-17,Modoc,049,8938,331,327,110,437,3
2021-02-17,Mono,051,14174,1174,1180,15,1195,3
2021-02-17,Monterey,053,433212,41609,41014,1612,42626,304
2021-02-17,Napa,055,140530,8905,8865,30,8895,68
2021-02-17,Nevada,057,99092,3920,3822,152,3974,52
2021-02-17,Orange,059,3164182,245301,242716,9966,252682,3626
2021-02-17,Placer,061,380077,20293,19405,1067,20472,230
2021-02-17,Plumas,063,18699,637,623,10,633,4
2021-02-17,Riverside,065,2383286,283640,276289,13127,289416,3491
2021-02-17,Sacramento,067,1510023,93206,91309,1175,92484,1326
2021-02-17,San Benito,069,59416,5691,5661,83,5744,57
2021-02-17,San Bernardino,071,2135413,284576,278461,8400,286861,3020
2021-02-17,San Diego,073,3302833,261203,254177,12623,266800,3099
2021-02-17,San Francisco,075,870044,33732,33558,1015,34573,379
2021-02-17,San Joaquin,077,732212,66020,64556,2639,67195,979
2021-02-17,San Luis Obispo,079,281455,19426,18964,534,19498,230
2021-02-17,San Mateo,081,765935,39029,38124,389,38513,282
2021-02-17,Santa Barbara,083,443738,31763,30927,1007,31934,384
2021-02-17,Santa Clara,085,1922200,108712,107949,538,108487,1592
2021-02-17,Santa Cruz,087,273765,15231,14268,757,15025,174
2021-02-17,Shasta,089,179085,10826,10770,1180,11950,139
2021-02-17,Sierra,091,2930,50,47,12,59,0
2021-02-17,Siskiyou,093,43540,1455,1352,213,1565,4
2021-02-17,Solano,095,438530,29527,29288,344,29632,149
2021-02-17,Sonoma,097,501317,27582,27408,181,27589,281
2021-02-17,Stanislaus,099,539301,49951,49050,5160,54210,730
2021-02-17,Sutter,101,95872,8735,8681,77,8758,95
2021-02-17,Tehama,103,63373,4567,4511,480,4991,30
2021-02-17,Trinity,105,12862,461,277,68,345,3
2021-02-17,Tulare,107,460477,47758,46495,7612,54107,726
2021-02-17,Tuolumne,109,53932,3760,3806,36,3842,49
2021-02-17,Ventura,111,848112,76907,76234,2691,78925,646
2021-02-17,Yolo,113,214977,12699,12506,146,12652,182
2021-02-17,Yuba,115,75493,5424,5345,81,5426,38
2021-02-16,Alameda,001,1643700,79613,78756,1655,80411,997
2021-02-16,Alpine,003,1148,78,76,0,76,0
2021-02-16,Amador,005,37829,3424,3413,28,3441,39
2021-02-16,Butte,007,227075,11181,10748,1598,12346,164
2021-02-16,Calaveras,009,45235,1882,1872,11,1883,21
2021-02-16,Colusa,011,21464,1857,1852,254,2106,10
2021-02-16,Contra Costa,013,1133247,62027,60564,1033,61597,631
2021-02-16,Del Norte,015,27424,966,913,4,917,2
2021-02-16,El Dorado,017,186661,9038,8836,599,9435,94
2021-02-16,Fresno,019,978130,95018,93363,7433,100796,1293
2021-02-16,Glenn,021,27897,2220,2189,477,2666,14
2021-02-16,Humboldt,023,135768,3046,2994,21,3015,29
2021-02-16,Imperial,025,180216,27090,26711,2397,29108,580
2021-02-16,Inyo,027,18085,1251,1191,8,1199,32
2021-02-16,Kern,029,883053,92320,90267,9400,99667,959
2021-02-16,Kings,031,150075,22011,21583,930,22513,206
2021-02-16,Lake,033,64148,3120,3041,2,3043,38
2021-02-16,Lassen,035,31185,5078,5047,91,5138,1
2021-02-16,Los Angeles,037,10098052,1164782,1138262,37676,1175938,19044
2021-02-16,Madera,039,155013,15388,15120,776,15896,172
2021-02-16,Marin,041,260295,13012,12832,150,12982,205
2021-02-16,Mariposa,043,17540,375,367,4,371,4
2021-02-16,Mendocino,045,87422,3601,3489,69,3558,39
2021-02-16,Merced,047,269075,27887,27724,853,28577,368
2021-02-16,Modoc,049,8938,331,326,110,436,3
2021-02-16,Mono,051,14174,1174,1180,15,1195,3
2021-02-16,Monterey,053,433212,41533,40962,1603,42565,303
2021-02-16,Napa,055,140530,8892,8854,30,8884,66
2021-02-16,Nevada,057,99092,3907,3774,151,3925,47
2021-02-16,Orange,059,3164182,244980,242382,9950,252332,3612
2021-02-16,Placer,061,380077,20260,19367,1064,20431,230
2021-02-16,Plumas,063,18699,637,619,10,629,4
2021-02-16,Riverside,065,2383286,283333,275954,13105,289059,3471
2021-02-16,Sacramento,067,1510023,92952,91246,1169,92415,1305
2021-02-16,San Benito,069,59416,5683,5659,82,5741,56
2021-02-16,San Bernardino,071,2135413,284353,277947,8391,286338,2978
2021-02-16,San Diego,073,3302833,260738,253638,12584,266222,3042
2021-02-16,San Francisco,075,870044,33660,33491,1010,34501,373
2021-02-16,San Joaquin,077,732212,65890,64448,2636,67084,979
2021-02-16,San Luis Obispo,079,281455,19381,18925,531,19456,229
2021-02-16,San Mateo,081,765935,38970,38041,387,38428,277
2021-02-16,Santa Barbara,083,443738,31689,30865,1004,31869,378
2021-02-16,Santa Clara,085,1922200,108460,107754,535,108289,1591
2021-02-16,Santa Cruz,087,273765,15211,14256,756,15012,174
2021-02-16,Shasta,089,179085,10811,10736,1178,11914,139
2021-02-16,Sierra,091,2930,50,47,12,59,0
2021-02-16,Siskiyou,093,43540,1451,1351,213,1564,4
2021-02-16,Solano,095,438530,29489,29246,343,29589,148
2021-02-16,Sonoma,097,501317,27523,27380,175,27555,279
2021-02-16,Stanislaus,099,539301,49827,48927,5146,54073,716
2021-02-16,Sutter,101,95872,8712,8671,77,8748,95
2021-02-16,Tehama,103,63373,4558,4501,478,4979,30
2021-02-16,Trinity,105,12862,457,275,68,343,3
2021-02-16,Tulare,107,460477,47694,46444,7569,54013,716
2021-02-16,Tuolumne,109,53932,3758,3796,36,3832,49
2021-02-16,Ventura,111,848112,76765,76043,2688,78731,631
2021-02-16,Yolo,113,214977,12670,12457,146,12603,175
2021-02-16,Yuba,115,75493,5417,5332,80,5412,38
2021-02-15,Alameda,001,1643700,79415,78647,1644,80291,996
2021-02-15,Alpine,003,1148,78,76,0,76,0
2021-02-15,Amador,005,37829,3420,3409,28,3437,39
2021-02-15,Butte,007,227075,11163,10723,1594,12317,155
2021-02-15,Calaveras,009,45235,1878,1871,11,1882,21
2021-02-15,Colusa,011,21464,1857,1849,250,2099,10
2021-02-15,Contra Costa,013,1133247,61856,60444,1028,61472,631
2021-02-15,Del Norte,015,27424,962,913,4,917,2
2021-02-15,El Dorado,017,186661,9021,8816,599,9415,94
2021-02-15,Fresno,019,978130,94819,93231,7394,100625,1288
2021-02-15,Glenn,021,27897,2218,2185,476,2661,14
2021-02-15,Humboldt,023,135768,3039,2997,21,3018,29
2021-02-15,Imperial,025,180216,27070,26700,2394,29094,580
2021-02-15,Inyo,027,18085,1232,1184,8,1192,32
2021-02-15,Kern,029,883053,92176,90181,9370,99551,959
2021-02-15,Kings,031,150075,21966,21574,925,22499,205
2021-02-15,Lake,033,64148,3106,3030,1,3031,38
2021-02-15,Lassen,035,31185,5076,5047,90,5137,1
2021-02-15,Los Angeles,037,10098052,1163394,1137164,37615,1174779,18925
2021-02-15,Madera,039,155013,15357,15108,774,15882,106
2021-02-15,Marin,041,260295,12991,12810,147,12957,203
2021-02-15,Mariposa,043,17540,373,367,4,371,4
2021-02-15,Mendocino,045,87422,3589,3481,69,3550,39
2021-02-15,Merced,047,269075,27813,27656,846,28502,368
2021-02-15,Modoc,049,8938,331,326,110,436,3
2021-02-15,Mono,051,14174,1171,1178,15,1193,3
2021-02-15,Monterey,053,433212,41469,40911,1591,42502,302
2021-02-15,Napa,055,140530,8878,8837,30,8867,57
2021-02-15,Nevada,057,99092,3890,3767,150,3917,47
2021-02-15,Orange,059,3164182,244661,242176,9922,252098,3586
2021-02-15,Placer,061,380077,20234,19361,1063,20424,230
2021-02-15,Plumas,063,18699,637,620,10,630,4
2021-02-15,Riverside,065,2383286,282980,275771,13086,288857,3468
2021-02-15,Sacramento,067,1510023,92625,91091,1164,92255,1304
2021-02-15,San Benito,069,59416,5677,5649,82,5731,56
2021-02-15,San Bernardino,071,2135413,284102,277869,8383,286252,2945
2021-02-15,San Diego,073,3302833,260225,252940,12553,265493,3037
2021-02-15,San Francisco,075,870044,33587,33454,1004,34458,373
2021-02-15,San Joaquin,077,732212,65725,64382,2629,67011,979
2021-02-15,San Luis Obispo,079,281455,19328,18891,529,19420,227
2021-02-15,San Mateo,081,765935,38891,37969,384,38353,277
2021-02-15,Santa Barbara,083,443738,31586,30810,1001,31811,378
2021-02-15,Santa Clara,085,1922200,108230,107630,533,108163,1588
2021-02-15,Santa Cruz,087,273765,15179,14239,753,14992,175
2021-02-15,Shasta,089,179085,10791,10730,1173,11903,139
2021-02-15,Sierra,091,2930,50,47,12,59,0
2021-02-15,Siskiyou,093,43540,1443,1345,212,1557,4
2021-02-15,Solano,095,438530,29434,29225,343,29568,148
2021-02-15,Sonoma,097,501317,27439,27359,171,27530,276
2021-02-15,Stanislaus,099,539301,49700,48808,5133,53941,716
2021-02-15,Sutter,101,95872,8697,8652,77,8729,95
2021-02-15,Tehama,103,63373,4549,4492,477,4969,30
2021-02-15,Trinity,105,12862,456,274,68,342,3
2021-02-15,Tulare,107,460477,47623,46344,7530,53874,715
2021-02-15,Tuolumne,109,53932,3748,3794,36,3830,49
2021-02-15,Ventura,111,848112,76610,75889,2685,78574,629
2021-02-15,Yolo,113,214977,12634,12412,145,12557,175
2021-02-15,Yuba,115,75493,5400,5320,79,5399,38
2021-02-14,Alameda,001,1643700,79263,78442,1643,80085,995
2021-02-14,Alpine,003,1148,78,76,0,76,0
2021-02-14,Amador,005,37829,3415,3398,28,3426,39
2021-02-14,Butte,007,227075,11139,10717,1591,12308,155
2021-02-14,Calaveras,009,45235,1874,1866,11,1877,21
2021-02-14,Colusa,011,21464,1853,1845,247,2092,10
2021-02-14,Contra Costa,013,1133247,61706,60272,1025,61297,631
2021-02-14,Del Norte,015,27424,958,911,4,915,2
2021-02-14,El Dorado,017,186661,8989,8790,598,9388,94
2021-02-14,Fresno,019,978130,94648,93065,7371,100436,1287
2021-02-14,Glenn,021,27897,2215,2184,476,2660,14
2021-02-14,Humboldt,023,135768,3026,2992,21,3013,29
2021-02-14,Imperial,025,180216,27063,26696,2393,29089,580
2021-02-14,Inyo,027,18085,1226,1177,8,1185,32
2021-02-14,Kern,029,883053,92016,90038,9317,99355,959
2021-02-14,Kings,031,150075,21940,21538,923,22461,205
2021-02-14,Lake,033,64148,3095,3030,1,3031,38
2021-02-14,Lassen,035,31185,5072,5037,90,5127,1
2021-02-14,Los Angeles,037,10098052,1162046,1135450,37534,1172984,18898
2021-02-14,Madera,039,155013,15325,15089,770,15859,106
2021-02-14,Marin,041,260295,12967,12784,147,12931,201
2021-02-14,Mariposa,043,17540,373,365,4,369,4
2021-02-14,Mendocino,045,87422,3583,3475,69,3544,39
2021-02-14,Merced,047,269075,27731,27601,841,28442,368
2021-02-14,Modoc,049,8938,331,326,110,436,3
2021-02-14,Mono,051,14174,1170,1180,15,1195,3
2021-02-14,Monterey,053,433212,41418,40842,1586,42428,302
2021-02-14,Napa,055,140530,8858,8826,30,8856,57
2021-02-14,Nevada,057,99092,3874,3761,150,3911,47
2021-02-14,Orange,059,3164182,244352,241859,9904,251763,3564
2021-02-14,Placer,061,380077,20195,19313,1058,20371,230
2021-02-14,Plumas,063,18699,636,620,10,630,4
2021-02-14,Riverside,065,2383286,282649,275518,13067,288585,3471
2021-02-14,Sacramento,067,1510023,92418,90856,1160,92016,1304
2021-02-14,San Benito,069,59416,5668,5641,81,5722,56
2021-02-14,San Bernardino,071,2135413,283796,277664,8363,286027,2929
2021-02-14,San Diego,073,3302833,259733,252247,12506,264753,3037
2021-02-14,San Francisco,075,870044,33514,33374,996,34370,372
2021-02-14,San Joaquin,077,732212,65627,64243,2615,66858,979
2021-02-14,San Luis Obispo,079,281455,19290,18868,526,19394,225
2021-02-14,San Mateo,081,765935,38806,37859,384,38243,277
2021-02-14,Santa Barbara,083,443738,31494,30744,997,31741,377
2021-02-14,Santa Clara,085,1922200,108031,107412,529,107941,1582
2021-02-14,Santa Cruz,087,273765,15151,14225,748,14973,175
2021-02-14,Shasta,089,179085,10759,10720,1169,11889,139
2021-02-14,Sierra,091,2930,50,47,12,59,0
2021-02-14,Siskiyou,093,43540,1439,1340,212,1552,4
2021-02-14,Solano,095,438530,29392,29150,340,29490,148
2021-02-14,Sonoma,097,501317,27364,27266,169,27435,276
2021-02-14,Stanislaus,099,539301,49590,48672,5118,53790,716
2021-02-14,Sutter,101,95872,8674,8642,77,8719,95
2021-02-14,Tehama,103,63373,4543,4490,474,4964,30
2021-02-14,Trinity,105,12862,456,272,68,340,3
2021-02-14,Tulare,107,460477,47538,46263,7481,53744,715
2021-02-14,Tuolumne,109,53932,3747,3764,36,3800,49
2021-02-14,Ventura,111,848112,76441,75742,2674,78416,629
2021-02-14,Yolo,113,214977,12605,12399,144,12543,175
2021-02-14,Yuba,115,75493,5390,5314,79,5393,38
2021-02-13,Alameda,001,1643700,79141,78246,1640,79886,995
2021-02-13,Alpine,003,1148,78,76,0,76,0
2021-02-13,Amador,005,37829,3412,3387,28,3415,38
2021-02-13,Butte,007,227075,11123,10699,1589,12288,155
2021-02-13,Calaveras,009,45235,1871,1863,11,1874,21
2021-02-13,Colusa,011,21464,1853,1837,247,2084,10
2021-02-13,Contra Costa,013,1133247,61585,60100,1025,61125,629
2021-02-13,Del Norte,015,27424,956,908,4,912,2
2021-02-13,El Dorado,017,186661,8977,8758,597,9355,93
2021-02-13,Fresno,019,978130,94534,92807,7349,100156,1287
2021-02-13,Glenn,021,27897,2214,2182,474,2656,14
2021-02-13,Humboldt,023,135768,3013,2974,20,2994,29
2021-02-13,Imperial,025,180216,27056,26680,2391,29071,580
2021-02-13,Inyo,027,18085,1222,1168,8,1176,32
2021-02-13,Kern,029,883053,91927,89915,9291,99206,957
2021-02-13,Kings,031,150075,21925,21513,921,22434,205
2021-02-13,Lake,033,64148,3086,3025,1,3026,37
2021-02-13,Lassen,035,31185,5069,5028,90,5118,1
2021-02-13,Los Angeles,037,10098052,1161187,1133752,37488,1171240,18822
2021-02-13,Madera,039,155013,15316,15053,766,15819,106
2021-02-13,Marin,041,260295,12943,12757,147,12904,201
2021-02-13,Mariposa,043,17540,373,365,4,369,4
2021-02-13,Mendocino,045,87422,3573,3466,69,3535,38
2021-02-13,Merced,047,269075,27687,27541,838,28379,368
2021-02-13,Modoc,049,8938,331,325,110,435,3
2021-02-13,Mono,051,14174,1170,1176,15,1191,3
2021-02-13,Monterey,053,433212,41386,40731,1585,42316,301
2021-02-13,Napa,055,140530,8849,8809,30,8839,57
2021-02-13,Nevada,057,99092,3865,3742,149,3891,47
2021-02-13,Orange,059,3164182,244146,241545,9885,251430,3520
2021-02-13,Placer,061,380077,20175,19214,1058,20272,230
2021-02-13,Plumas,063,18699,636,616,10,626,4
2021-02-13,Riverside,065,2383286,282420,275276,13058,288334,3462
2021-02-13,Sacramento,067,1510023,92251,90401,1157,91558,1302
2021-02-13,San Benito,069,59416,5651,5633,81,5714,56
2021-02-13,San Bernardino,071,2135413,283644,277405,8350,285755,2899
2021-02-13,San Diego,073,3302833,259401,251679,12494,264173,3009
2021-02-13,San Francisco,075,870044,33464,33291,986,34277,364
2021-02-13,San Joaquin,077,732212,65558,64105,2605,66710,977
2021-02-13,San Luis Obispo,079,281455,19262,18803,520,19323,225
2021-02-13,San Mateo,081,765935,38753,37745,384,38129,277
2021-02-13,Santa Barbara,083,443738,31442,30594,996,31590,374
2021-02-13,Santa Clara,085,1922200,107842,107125,526,107651,1570
2021-02-13,Santa Cruz,087,273765,15124,14198,747,14945,173
2021-02-13,Shasta,089,179085,10746,10713,1164,11877,139
2021-02-13,Sierra,091,2930,50,47,12,59,0
2021-02-13,Siskiyou,093,43540,1436,1336,212,1548,4
2021-02-13,Solano,095,438530,29356,29084,340,29424,148
2021-02-13,Sonoma,097,501317,27316,27157,167,27324,276
2021-02-13,Stanislaus,099,539301,49519,48568,5112,53680,697
2021-02-13,Sutter,101,95872,8662,8626,77,8703,94
2021-02-13,Tehama,103,63373,4533,4484,473,4957,30
2021-02-13,Trinity,105,12862,455,272,67,339,3
2021-02-13,Tulare,107,460477,47487,46162,7450,53612,709
2021-02-13,Tuolumne,109,53932,3746,3752,36,3788,49
2021-02-13,Ventura,111,848112,76301,75481,2668,78149,618
2021-02-13,Yolo,113,214977,12592,12374,143,12517,175
2021-02-13,Yuba,115,75493,5382,5289,79,5368,38
2021-02-12,Alameda,001,1643700,78992,77958,1634,79592,974
2021-02-12,Alpine,003,1148,78,76,0,76,0
2021-02-12,Amador,005,37829,3408,3381,28,3409,38
2021-02-12,Butte,007,227075,11110,10655,1582,12237,155
2021-02-12,Calaveras,009,45235,1868,1860,11,1871,21
2021-02-12,Colusa,011,21464,1853,1836,247,2083,10
2021-02-12,Contra Costa,013,1133247,61435,59878,1021,60899,620
2021-02-12,Del Norte,015,27424,946,901,4,905,2
2021-02-12,El Dorado,017,186661,8962,8725,594,9319,92
2021-02-12,Fresno,019,978130,94380,92520,7329,99849,1273
2021-02-12,Glenn,021,27897,2211,2175,474,2649,14
2021-02-12,Humboldt,023,135768,3005,2961,20,2981,29
2021-02-12,Imperial,025,180216,27049,26646,2388,29034,585
2021-02-12,Inyo,027,18085,1216,1156,8,1164,32
2021-02-12,Kern,029,883053,91813,89532,9259,98791,949
2021-02-12,Kings,031,150075,21893,21462,916,22378,202
2021-02-12,Lake,033,64148,3081,3012,1,3013,36
2021-02-12,Lassen,035,31185,5067,5015,90,5105,1
2021-02-12,Los Angeles,037,10098052,1159976,1131185,37421,1168606,18637
2021-02-12,Madera,039,155013,15289,15022,763,15785,106
2021-02-12,Marin,041,260295,12917,12720,147,12867,200
2021-02-12,Mariposa,043,17540,372,365,4,369,4
2021-02-12,Mendocino,045,87422,3571,3447,69,3516,38
2021-02-12,Merced,047,269075,27636,27453,835,28288,367
2021-02-12,Modoc,049,8938,331,324,110,434,3
2021-02-12,Mono,051,14174,1169,1172,15,1187,3
2021-02-12,Monterey,053,433212,41338,40633,1576,42209,297
2021-02-12,Napa,055,140530,8837,8785,30,8815,55
2021-02-12,Nevada,057,99092,3860,3728,149,3877,47
2021-02-12,Orange,059,3164182,243907,241075,9870,250945,3505
2021-02-12,Placer,061,380077,20133,19174,1053,20227,230
2021-02-12,Plumas,063,18699,635,614,10,624,4
2021-02-12,Riverside,065,2383286,282142,274792,13043,287835,3438
2021-02-12,Sacramento,067,1510023,92049,90252,1156,91408,1295
2021-02-12,San Benito,069,59416,5635,5622,80,5702,56
2021-02-12,San Bernardino,071,2135413,283454,276890,8339,285229,2827
2021-02-12,San Diego,073,3302833,259013,250788,12468,263256,2979
2021-02-12,San Francisco,075,870044,33404,33179,982,34161,359
2021-02-12,San Joaquin,077,732212,65462,63966,2597,66563,975
2021-02-12,San Luis Obispo,079,281455,19221,18687,519,19206,224
2021-02-12,San Mateo,081,765935,38681,37560,384,37944,254
2021-02-12,Santa Barbara,083,443738,31371,30454,991,31445,372
2021-02-12,Santa Clara,085,1922200,107670,106759,523,107282,1543
2021-02-12,Santa Cruz,087,273765,15104,14147,747,14894,170
2021-02-12,Shasta,089,179085,10728,10693,1154,11847,142
2021-02-12,Sierra,091,2930,49,45,12,57,0
2021-02-12,Siskiyou,093,43540,1432,1324,209,1533,4
2021-02-12,Solano,095,438530,29324,28996,337,29333,147
2021-02-12,Sonoma,097,501317,27261,27064,163,27227,275
2021-02-12,Stanislaus,099,539301,49431,48418,5090,53508,697
2021-02-12,Sutter,101,95872,8649,8609,77,8686,93
2021-02-12,Tehama,103,63373,4526,4470,472,4942,27
2021-02-12,Trinity,105,12862,455,269,67,336,3
2021-02-12,Tulare,107,460477,47409,46016,7424,53440,710
2021-02-12,Tuolumne,109,53932,3743,3736,35,3771,49
2021-02-12,Ventura,111,848112,76131,75210,2662,77872,605
2021-02-12,Yolo,113,214977,12571,12340,143,12483,175
2021-02-12,Yuba,115,75493,5374,5274,79,5353,38
2021-02-11,Alameda,001,1643700,78766,77564,1629,79193,960
2021-02-11,Alpine,003,1148,77,76,0,76,0
2021-02-11,Amador,005,37829,3404,3368,28,3396,35
2021-02-11,Butte,007,227075,11087,10624,1581,12205,155
2021-02-11,Calaveras,009,45235,1865,1856,11,1867,21
2021-02-11,Colusa,011,21464,1848,1823,245,2068,10
2021-02-11,Contra Costa,013,1133247,61268,59633,1017,60650,605
2021-02-11,Del Norte,015,27424,941,894,4,898,2
2021-02-11,El Dorado,017,186661,8941,8698,594,9292,92
2021-02-11,Fresno,019,978130,94227,92168,7306,99474,1255
2021-02-11,Glenn,021,27897,2206,2166,473,2639,14
2021-02-11,Humboldt,023,135768,2992,2954,19,2973,29
2021-02-11,Imperial,025,180216,27025,26545,2386,28931,578
2021-02-11,Inyo,027,18085,1207,1144,8,1152,32
2021-02-11,Kern,029,883053,91622,89224,9216,98440,941
2021-02-11,Kings,031,150075,21863,21373,913,22286,202
2021-02-11,Lake,033,64148,3071,3002,1,3003,36
2021-02-11,Lassen,035,31185,5056,5004,87,5091,1
2021-02-11,Los Angeles,037,10098052,1158347,1128437,37352,1165789,18500
2021-02-11,Madera,039,155013,15268,14984,761,15745,106
2021-02-11,Marin,041,260295,12880,12682,147,12829,200
2021-02-11,Mariposa,043,17540,372,361,4,365,4
2021-02-11,Mendocino,045,87422,3564,3420,69,3489,38
2021-02-11,Merced,047,269075,27570,27325,831,28156,363
2021-02-11,Modoc,049,8938,330,317,110,427,3
2021-02-11,Mono,051,14174,1165,1173,15,1188,3
2021-02-11,Monterey,053,433212,41232,40469,1570,42039,295
2021-02-11,Napa,055,140530,8816,8777,30,8807,55
2021-02-11,Nevada,057,99092,3844,3720,149,3869,47
2021-02-11,Orange,059,3164182,243540,240590,9846,250436,3476
2021-02-11,Placer,061,380077,20093,19118,1052,20170,224
2021-02-11,Plumas,063,18699,634,592,10,602,4
2021-02-11,Riverside,065,2383286,281775,274313,13028,287341,3394
2021-02-11,Sacramento,067,1510023,91806,89988,1150,91138,1286
2021-02-11,San Benito,069,59416,5626,5609,80,5689,56
2021-02-11,San Bernardino,071,2135413,283156,276349,8325,284674,2774
2021-02-11,San Diego,073,3302833,258460,249971,12434,262405,2955
2021-02-11,San Francisco,075,870044,33321,33076,973,34049,356
2021-02-11,San Joaquin,077,732212,65294,63719,2587,66306,971
2021-02-11,San Luis Obispo,079,281455,19156,18615,515,19130,219
2021-02-11,San Mateo,081,765935,38589,37439,382,37821,253
2021-02-11,Santa Barbara,083,443738,31273,30375,986,31361,370
2021-02-11,Santa Clara,085,1922200,107410,106392,518,106910,1507
2021-02-11,Santa Cruz,087,273765,15081,14088,742,14830,165
2021-02-11,Shasta,089,179085,10704,10672,1150,11822,140
2021-02-11,Sierra,091,2930,49,45,12,57,0
2021-02-11,Siskiyou,093,43540,1417,1320,209,1529,4
2021-02-11,Solano,095,438530,29271,28885,337,29222,138
2021-02-11,Sonoma,097,501317,27176,26971,160,27131,272
2021-02-11,Stanislaus,099,539301,49286,48205,5078,53283,697
2021-02-11,Sutter,101,95872,8635,8590,76,8666,93
2021-02-11,Tehama,103,63373,4520,4463,472,4935,26
2021-02-11,Trinity,105,12862,455,269,67,336,3
2021-02-11,Tulare,107,460477,47314,45897,7384,53281,706
2021-02-11,Tuolumne,109,53932,3706,3716,35,3751,48
2021-02-11,Ventura,111,848112,75929,74959,2653,77612,590
2021-02-11,Yolo,113,214977,12547,12303,143,12446,173
2021-02-11,Yuba,115,75493,5360,5261,78,5339,38
2021-02-10,Alameda,001,1643700,78565,77344,1628,78972,944
2021-02-10,Alpine,003,1148,77,76,0,76,0
2021-02-10,Amador,005,37829,3392,3348,28,3376,35
2021-02-10,Butte,007,227075,11059,10594,1580,12174,155
2021-02-10,Calaveras,009,45235,1863,1850,11,1861,21
2021-02-10,Colusa,011,21464,1841,1815,243,2058,10
2021-02-10,Contra Costa,013,1133247,61093,59488,1015,60503,590
2021-02-10,Del Norte,015,27424,935,888,4,892,2
2021-02-10,El Dorado,017,186661,8910,8682,590,9272,87
2021-02-10,Fresno,019,978130,94052,91876,7281,99157,1247
2021-02-10,Glenn,021,27897,2202,2160,471,2631,14
2021-02-10,Humboldt,023,135768,2984,2924,19,2943,29
2021-02-10,Imperial,025,180216,26987,26522,2383,28905,578
2021-02-10,Inyo,027,18085,1195,1138,8,1146,30
2021-02-10,Kern,029,883053,91415,88933,9162,98095,926
2021-02-10,Kings,031,150075,21820,21294,911,22205,197
2021-02-10,Lake,033,64148,3058,2975,1,2976,36
2021-02-10,Lassen,035,31185,5052,4993,87,5080,1
2021-02-10,Los Angeles,037,10098052,1156600,1125437,37224,1162661,18338
2021-02-10,Madera,039,155013,15229,14925,759,15684,105
2021-02-10,Marin,041,260295,12843,12651,147,12798,199
2021-02-10,Mariposa,043,17540,370,360,4,364,4
2021-02-10,Mendocino,045,87422,3549,3395,69,3464,38
2021-02-10,Merced,047,269075,27487,27246,820,28066,359
2021-02-10,Modoc,049,8938,329,315,108,423,3
2021-02-10,Mono,051,14174,1160,1170,15,1185,3
2021-02-10,Monterey,053,433212,41155,40366,1556,41922,288
2021-02-10,Napa,055,140530,8797,8769,30,8799,55
2021-02-10,Nevada,057,99092,3829,3693,147,3840,47
2021-02-10,Orange,059,3164182,243122,239974,9815,249789,3439
2021-02-10,Placer,061,380077,20053,19062,1047,20109,220
2021-02-10,Plumas,063,18699,631,589,10,599,2
2021-02-10,Riverside,065,2383286,281347,273721,13018,286739,3374
2021-02-10,Sacramento,067,1510023,91555,89653,1146,90799,1275
2021-02-10,San Benito,069,59416,5612,5591,80,5671,55
2021-02-10,San Bernardino,071,2135413,282802,275616,8309,283925,2696
2021-02-10,San Diego,073,3302833,257878,248858,12396,261254,2904
2021-02-10,San Francisco,075,870044,33238,32955,970,33925,351
2021-02-10,San Joaquin,077,732212,65152,63484,2573,66057,954
2021-02-10,San Luis Obispo,079,281455,19077,18549,513,19062,216
2021-02-10,San Mateo,081,765935,38498,37323,382,37705,245
2021-02-10,Santa Barbara,083,443738,31182,30216,981,31197,359
2021-02-10,Santa Clara,085,1922200,107170,106048,515,106563,1489
2021-02-10,Santa Cruz,087,273765,15045,14007,740,14747,165
2021-02-10,Shasta,089,179085,10681,10645,1147,11792,142
2021-02-10,Sierra,091,2930,49,45,12,57,0
2021-02-10,Siskiyou,093,43540,1412,1314,208,1522,4
2021-02-10,Solano,095,438530,29196,28835,335,29170,137
2021-02-10,Sonoma,097,501317,27080,26881,158,27039,271
2021-02-10,Stanislaus,099,539301,49169,48016,5062,53078,696
2021-02-10,Sutter,101,95872,8618,8571,76,8647,93
2021-02-10,Tehama,103,63373,4512,4445,472,4917,23
2021-02-10,Trinity,105,12862,452,268,67,335,3
2021-02-10,Tulare,107,460477,47196,45782,7346,53128,696
2021-02-10,Tuolumne,109,53932,3698,3691,35,3726,48
2021-02-10,Ventura,111,848112,75701,74651,2636,77287,580
2021-02-10,Yolo,113,214977,12523,12276,143,12419,174
2021-02-10,Yuba,115,75493,5342,5241,78,5319,38
2021-02-09,Alameda,001,1643700,78303,77018,1624,78642,936
2021-02-09,Alpine,003,1148,77,76,0,76,0
2021-02-09,Amador,005,37829,3384,3347,28,3375,35
2021-02-09,Butte,007,227075,11033,10563,1577,12140,153
2021-02-09,Calaveras,009,45235,1859,1847,11,1858,21
2021-02-09,Colusa,011,21464,1832,1812,238,2050,10
2021-02-09,Contra Costa,013,1133247,60903,59307,1009,60316,583
2021-02-09,Del Norte,015,27424,929,886,4,890,2
2021-02-09,El Dorado,017,186661,8882,8663,588,9251,87
2021-02-09,Fresno,019,978130,93810,91730,7253,98983,1211
2021-02-09,Glenn,021,27897,2198,2156,471,2627,14
2021-02-09,Humboldt,023,135768,2976,2904,19,2923,29
2021-02-09,Imperial,025,180216,26957,26509,2380,28889,568
2021-02-09,Inyo,027,18085,1187,1137,8,1145,30
2021-02-09,Kern,029,883053,91163,88684,9116,97800,920
2021-02-09,Kings,031,150075,21778,21275,909,22184,196
2021-02-09,Lake,033,64148,3047,2955,1,2956,36
2021-02-09,Lassen,035,31185,5045,4983,87,5070,1
2021-02-09,Los Angeles,037,10098052,1154622,1122745,37142,1159887,18198
2021-02-09,Madera,039,155013,15209,14912,756,15668,105
2021-02-09,Marin,041,260295,12811,12623,146,12769,197
2021-02-09,Mariposa,043,17540,368,355,4,359,4
2021-02-09,Mendocino,045,87422,3531,3369,69,3438,38
2021-02-09,Merced,047,269075,27389,27166,815,27981,354
2021-02-09,Modoc,049,8938,328,316,108,424,3
2021-02-09,Mono,051,14174,1159,1167,15,1182,3
2021-02-09,Monterey,053,433212,41047,40279,1543,41822,285
2021-02-09,Napa,055,140530,8784,8749,30,8779,55
2021-02-09,Nevada,057,99092,3812,3687,147,3834,44
2021-02-09,Orange,059,3164182,242711,239169,9784,248953,3406
2021-02-09,Placer,061,380077,19988,19008,1040,20048,220
2021-02-09,Plumas,063,18699,631,584,10,594,2
2021-02-09,Riverside,065,2383286,280853,273465,13001,286466,3334
2021-02-09,Sacramento,067,1510023,91245,89378,1145,90523,1265
2021-02-09,San Benito,069,59416,5600,5566,79,5645,54
2021-02-09,San Bernardino,071,2135413,282431,274998,8296,283294,2613
2021-02-09,San Diego,073,3302833,257220,248048,12353,260401,2853
2021-02-09,San Francisco,075,870044,33158,32782,960,33742,349
2021-02-09,San Joaquin,077,732212,64977,63341,2568,65909,937
2021-02-09,San Luis Obispo,079,281455,19018,18489,512,19001,216
2021-02-09,San Mateo,081,765935,38367,37227,381,37608,235
2021-02-09,Santa Barbara,083,443738,31070,30118,975,31093,351
2021-02-09,Santa Clara,085,1922200,106864,105762,512,106274,1463
2021-02-09,Santa Cruz,087,273765,14994,13958,735,14693,162
2021-02-09,Shasta,089,179085,10653,10595,1145,11740,139
2021-02-09,Sierra,091,2930,49,44,12,56,0
2021-02-09,Siskiyou,093,43540,1404,1306,206,1512,4
2021-02-09,Solano,095,438530,29117,28769,332,29101,131
2021-02-09,Sonoma,097,501317,26990,26826,156,26982,267
2021-02-09,Stanislaus,099,539301,49009,47906,5047,52953,679
2021-02-09,Sutter,101,95872,8602,8541,76,8617,92
2021-02-09,Tehama,103,63373,4505,4416,471,4887,22
2021-02-09,Trinity,105,12862,452,266,67,333,3
2021-02-09,Tulare,107,460477,47062,45704,7294,52998,686
2021-02-09,Tuolumne,109,53932,3679,3673,35,3708,48
2021-02-09,Ventura,111,848112,75450,74333,2628,76961,567
2021-02-09,Yolo,113,214977,12481,12220,143,12363,174
2021-02-09,Yuba,115,75493,5333,5235,78,5313,35
2021-02-08,Alameda,001,1643700,78042,76735,1619,78354,924
2021-02-08,Alpine,003,1148,77,73,0,73,0
2021-02-08,Amador,005,37829,3377,3344,27,3371,33
2021-02-08,Butte,007,227075,11011,10524,1573,12097,152
2021-02-08,Calaveras,009,45235,1858,1840,11,1851,21
2021-02-08,Colusa,011,21464,1824,1802,234,2036,10
2021-02-08,Contra Costa,013,1133247,60692,59039,1007,60046,567
2021-02-08,Del Norte,015,27424,926,885,4,889,2
2021-02-08,El Dorado,017,186661,8850,8627,585,9212,86
2021-02-08,Fresno,019,978130,93597,91430,7227,98657,1207
2021-02-08,Glenn,021,27897,2194,2148,469,2617,14
2021-02-08,Humboldt,023,135768,2968,2902,19,2921,29
2021-02-08,Imperial,025,180216,26935,26526,2378,28904,567
2021-02-08,Inyo,027,18085,1174,1126,8,1134,30
2021-02-08,Kern,029,883053,90946,88380,9055,97435,920
2021-02-08,Kings,031,150075,21716,21232,906,22138,195
2021-02-08,Lake,033,64148,3028,2949,1,2950,36
2021-02-08,Lassen,035,31185,5032,4976,87,5063,1
2021-02-08,Los Angeles,037,10098052,1152525,1120179,37021,1157200,17977
2021-02-08,Madera,039,155013,15173,14887,749,15636,93
2021-02-08,Marin,041,260295,12781,12591,146,12737,194
2021-02-08,Mariposa,043,17540,368,355,4,359,4
2021-02-08,Mendocino,045,87422,3517,3355,69,3424,38
2021-02-08,Merced,047,269075,27306,27082,810,27892,346
2021-02-08,Modoc,049,8938,326,318,108,426,3
2021-02-08,Mono,051,14174,1159,1165,15,1180,3
2021-02-08,Monterey,053,433212,40927,40186,1524,41710,283
2021-02-08,Napa,055,140530,8769,8719,30,8749,55
2021-02-08,Nevada,057,99092,3800,3671,147,3818,44
2021-02-08,Orange,059,3164182,242244,238715,9761,248476,3361
2021-02-08,Placer,061,380077,19947,18944,1034,19978,211
2021-02-08,Plumas,063,18699,630,584,10,594,2
2021-02-08,Riverside,065,2383286,280285,272904,12975,285879,3301
2021-02-08,Sacramento,067,1510023,90959,89267,1142,90409,1247
2021-02-08,San Benito,069,59416,5595,5553,78,5631,52
2021-02-08,San Bernardino,071,2135413,282028,274661,8290,282951,2587
2021-02-08,San Diego,073,3302833,256477,247259,12312,259571,2821
2021-02-08,San Francisco,075,870044,33064,32679,952,33631,348
2021-02-08,San Joaquin,077,732212,64816,63148,2558,65706,929
2021-02-08,San Luis Obispo,079,281455,18961,18421,507,18928,214
2021-02-08,San Mateo,081,765935,38258,37084,381,37465,232
2021-02-08,Santa Barbara,083,443738,30955,29978,968,30946,340
2021-02-08,Santa Clara,085,1922200,106541,105413,504,105917,1456
2021-02-08,Santa Cruz,087,273765,14955,13921,729,14650,161
2021-02-08,Shasta,089,179085,10626,10574,1139,11713,137
2021-02-08,Sierra,091,2930,49,44,12,56,0
2021-02-08,Siskiyou,093,43540,1401,1303,206,1509,4
2021-02-08,Solano,095,438530,29051,28644,330,28974,130
2021-02-08,Sonoma,097,501317,26899,26760,155,26915,259
2021-02-08,Stanislaus,099,539301,48854,47704,5019,52723,679
2021-02-08,Sutter,101,95872,8583,8526,76,8602,92
2021-02-08,Tehama,103,63373,4495,4403,468,4871,22
2021-02-08,Trinity,105,12862,450,266,67,333,3
2021-02-08,Tulare,107,460477,46954,45617,7254,52871,673
2021-02-08,Tuolumne,109,53932,3671,3647,35,3682,48
2021-02-08,Ventura,111,848112,75193,74068,2623,76691,565
2021-02-08,Yolo,113,214977,12449,12169,142,12311,162
2021-02-08,Yuba,115,75493,5317,5215,78,5293,35
2021-02-07,Alameda,001,1643700,77741,76500,1611,78111,924
2021-02-07,Alpine,003,1148,74,72,0,72,0
2021-02-07,Amador,005,37829,3356,3343,27,3370,33
2021-02-07,Butte,007,227075,10979,10513,1565,12078,152
2021-02-07,Calaveras,009,45235,1854,1837,11,1848,21
2021-02-07,Colusa,011,21464,1813,1795,232,2027,10
2021-02-07,Contra Costa,013,1133247,60448,58836,1002,59838,566
2021-02-07,Del Norte,015,27424,922,881,4,885,2
2021-02-07,El Dorado,017,186661,8821,8596,583,9179,86
2021-02-07,Fresno,019,978130,93367,91184,7189,98373,1207
2021-02-07,Glenn,021,27897,2190,2141,464,2605,14
2021-02-07,Humboldt,023,135768,2947,2895,19,2914,28
2021-02-07,Imperial,025,180216,26906,26518,2373,28891,567
2021-02-07,Inyo,027,18085,1163,1124,8,1132,27
2021-02-07,Kern,029,883053,90698,88146,8997,97143,920
2021-02-07,Kings,031,150075,21655,21180,903,22083,192
2021-02-07,Lake,033,64148,3013,2940,1,2941,36
2021-02-07,Lassen,035,31185,5021,4973,87,5060,1
2021-02-07,Los Angeles,037,10098052,1149768,1117551,36895,1154446,17889
2021-02-07,Madera,039,155013,15139,14850,745,15595,93
2021-02-07,Marin,041,260295,12748,12571,144,12715,194
2021-02-07,Mariposa,043,17540,367,355,4,359,4
2021-02-07,Mendocino,045,87422,3500,3348,69,3417,38
2021-02-07,Merced,047,269075,27194,26977,798,27775,346
2021-02-07,Modoc,049,8938,326,317,104,421,3
2021-02-07,Mono,051,14174,1156,1165,15,1180,3
2021-02-07,Monterey,053,433212,40791,40113,1505,41618,283
2021-02-07,Napa,055,140530,8746,8701,30,8731,55
2021-02-07,Nevada,057,99092,3789,3643,147,3790,44
2021-02-07,Orange,059,3164182,241646,238155,9728,247883,3336
2021-02-07,Placer,061,380077,19900,18903,1021,19924,211
2021-02-07,Plumas,063,18699,630,584,10,594,2
2021-02-07,Riverside,065,2383286,279756,272301,12954,285255,3267
2021-02-07,Sacramento,067,1510023,90626,88919,1135,90054,1246
2021-02-07,San Benito,069,59416,5576,5548,77,5625,52
2021-02-07,San Bernardino,071,2135413,281435,274316,8265,282581,2587
2021-02-07,San Diego,073,3302833,255691,246561,12248,258809,2821
2021-02-07,San Francisco,075,870044,32944,32609,940,33549,348
2021-02-07,San Joaquin,077,732212,64542,63051,2544,65595,929
2021-02-07,San Luis Obispo,079,281455,18889,18349,500,18849,214
2021-02-07,San Mateo,081,765935,38124,36984,379,37363,232
2021-02-07,Santa Barbara,083,443738,30815,29815,956,30771,340
2021-02-07,Santa Clara,085,1922200,106202,105118,494,105612,1450
2021-02-07,Santa Cruz,087,273765,14901,13887,724,14611,161
2021-02-07,Shasta,089,179085,10606,10570,1131,11701,137
2021-02-07,Sierra,091,2930,49,43,12,55,0
2021-02-07,Siskiyou,093,43540,1394,1295,204,1499,4
2021-02-07,Solano,095,438530,28940,28567,329,28896,130
2021-02-07,Sonoma,097,501317,26792,26684,151,26835,257
2021-02-07,Stanislaus,099,539301,48664,47551,4987,52538,679
2021-02-07,Sutter,101,95872,8555,8515,76,8591,92
2021-02-07,Tehama,103,63373,4479,4396,467,4863,22
2021-02-07,Trinity,105,12862,447,264,65,329,3
2021-02-07,Tulare,107,460477,46832,45520,7176,52696,671
2021-02-07,Tuolumne,109,53932,3647,3619,34,3653,48
2021-02-07,Ventura,111,848112,74882,73759,2611,76370,561
2021-02-07,Yolo,113,214977,12404,12135,142,12277,162
2021-02-07,Yuba,115,75493,5302,5198,76,5274,35
2021-02-06,Alameda,001,1643700,77588,76170,1600,77770,922
2021-02-06,Alpine,003,1148,74,72,0,72,0
2021-02-06,Amador,005,37829,3350,3306,27,3333,33
2021-02-06,Butte,007,227075,10962,10480,1561,12041,150
2021-02-06,Calaveras,009,45235,1852,1832,11,1843,21
2021-02-06,Colusa,011,21464,1811,1791,231,2022,10
2021-02-06,Contra Costa,013,1133247,60301,58567,996,59563,566
2021-02-06,Del Norte,015,27424,918,879,4,883,2
2021-02-06,El Dorado,017,186661,8814,8575,579,9154,86
2021-02-06,Fresno,019,978130,93254,90944,7168,98112,1207
2021-02-06,Glenn,021,27897,2188,2136,463,2599,14
2021-02-06,Humboldt,023,135768,2936,2880,19,2899,28
2021-02-06,Imperial,025,180216,26894,26514,2372,28886,567
2021-02-06,Inyo,027,18085,1160,1113,8,1121,27
2021-02-06,Kern,029,883053,90544,87919,8951,96870,912
2021-02-06,Kings,031,150075,21624,21156,903,22059,190
2021-02-06,Lake,033,64148,3008,2920,1,2921,34
2021-02-06,Lassen,035,31185,5017,4964,86,5050,1
2021-02-06,Los Angeles,037,10098052,1148411,1114718,36798,1151516,17793
2021-02-06,Madera,039,155013,15118,14807,743,15550,93
2021-02-06,Marin,041,260295,12728,12531,144,12675,194
2021-02-06,Mariposa,043,17540,366,355,3,358,4
2021-02-06,Mendocino,045,87422,3482,3316,68,3384,38
2021-02-06,Merced,047,269075,27108,26881,790,27671,346
2021-02-06,Modoc,049,8938,326,313,104,417,3
2021-02-06,Mono,051,14174,1155,1159,15,1174,3
2021-02-06,Monterey,053,433212,40733,39995,1497,41492,282
2021-02-06,Napa,055,140530,8733,8639,30,8669,55
2021-02-06,Nevada,057,99092,3777,3624,147,3771,43
2021-02-06,Orange,059,3164182,241283,237391,9694,247085,3293
2021-02-06,Placer,061,380077,19863,18836,1018,19854,211
2021-02-06,Plumas,063,18699,630,584,10,594,2
2021-02-06,Riverside,065,2383286,279388,271741,12935,284676,3243
2021-02-06,Sacramento,067,1510023,90409,88532,1125,89657,1237
2021-02-06,San Benito,069,59416,5558,5516,77,5593,52
2021-02-06,San Bernardino,071,2135413,281126,273718,8243,281961,2564
2021-02-06,San Diego,073,3302833,255195,245331,12213,257544,2812
2021-02-06,San Francisco,075,870044,32870,32437,930,33367,346
2021-02-06,San Joaquin,077,732212,64463,62840,2533,65373,906
2021-02-06,San Luis Obispo,079,281455,18847,18284,496,18780,214
2021-02-06,San Mateo,081,765935,38056,36824,376,37200,232
2021-02-06,Santa Barbara,083,443738,30739,29645,954,30599,337
2021-02-06,Santa Clara,085,1922200,105980,104639,489,105128,1439
2021-02-06,Santa Cruz,087,273765,14870,13845,720,14565,161
2021-02-06,Shasta,089,179085,10595,10561,1129,11690,137
2021-02-06,Sierra,091,2930,49,43,12,55,0
2021-02-06,Siskiyou,093,43540,1391,1289,203,1492,4
2021-02-06,Solano,095,438530,28904,28446,328,28774,129
2021-02-06,Sonoma,097,501317,26755,26564,149,26713,257
2021-02-06,Stanislaus,099,539301,48568,47325,4972,52297,679
2021-02-06,Sutter,101,95872,8547,8485,76,8561,92
2021-02-06,Tehama,103,63373,4469,4380,466,4846,22
2021-02-06,Trinity,105,12862,447,263,65,328,3
2021-02-06,Tulare,107,460477,46764,45349,7131,52480,664
2021-02-06,Tuolumne,109,53932,3640,3612,34,3646,48
2021-02-06,Ventura,111,848112,74702,73431,2605,76036,552
2021-02-06,Yolo,113,214977,12381,12061,142,12203,161
2021-02-06,Yuba,115,75493,5292,5177,75,5252,35
2021-02-05,Alameda,001,1643700,77359,75716,1598,77314,916
2021-02-05,Alpine,003,1148,74,72,0,72,0
2021-02-05,Amador,005,37829,3345,3299,26,3325,33
2021-02-05,Butte,007,227075,10943,10421,1554,11975,150
2021-02-05,Calaveras,009,45235,1848,1818,11,1829,21
2021-02-05,Colusa,011,21464,1807,1785,231,2016,10
2021-02-05,Contra Costa,013,1133247,60140,58195,994,59189,560
2021-02-05,Del Norte,015,27424,917,874,4,878,2
2021-02-05,El Dorado,017,186661,8794,8527,577,9104,86
2021-02-05,Fresno,019,978130,93052,90513,7147,97660,1194
2021-02-05,Glenn,021,27897,2185,2122,458,2580,14
2021-02-05,Humboldt,023,135768,2926,2857,19,2876,28
2021-02-05,Imperial,025,180216,26875,26474,2371,28845,557
2021-02-05,Inyo,027,18085,1156,1104,8,1112,27
2021-02-05,Kern,029,883053,90375,87470,8885,96355,906
2021-02-05,Kings,031,150075,21586,21021,900,21921,190
2021-02-05,Lake,033,64148,2996,2906,1,2907,33
2021-02-05,Lassen,035,31185,5013,4936,86,5022,1
2021-02-05,Los Angeles,037,10098052,1146312,1110384,36666,1147050,17608
2021-02-05,Madera,039,155013,15084,14752,738,15490,95
2021-02-05,Marin,041,260295,12693,12479,144,12623,193
2021-02-05,Mariposa,043,17540,366,352,3,355,4
2021-02-05,Mendocino,045,87422,3468,3272,68,3340,38
2021-02-05,Merced,047,269075,27048,26760,789,27549,345
2021-02-05,Modoc,049,8938,326,312,104,416,3
2021-02-05,Mono,051,14174,1154,1157,15,1172,3
2021-02-05,Monterey,053,433212,40666,39840,1486,41326,281
2021-02-05,Napa,055,140530,8719,8598,30,8628,55
2021-02-05,Nevada,057,99092,3774,3607,147,3754,43
2021-02-05,Orange,059,3164182,240856,236335,9667,246002,3260
2021-02-05,Placer,061,380077,19827,18756,1016,19772,211
2021-02-05,Plumas,063,18699,628,578,10,588,2
2021-02-05,Riverside,065,2383286,278972,270666,12916,283582,3235
2021-02-05,Sacramento,067,1510023,90228,87992,1118,89110,1231
2021-02-05,San Benito,069,59416,5547,5502,77,5579,51
2021-02-05,San Bernardino,071,2135413,280781,272938,8227,281165,2495
2021-02-05,San Diego,073,3302833,254619,244066,12178,256244,2777
2021-02-05,San Francisco,075,870044,32780,32229,919,33148,337
2021-02-05,San Joaquin,077,732212,64314,62565,2525,65090,902
2021-02-05,San Luis Obispo,079,281455,18786,18152,492,18644,213
2021-02-05,San Mateo,081,765935,37973,36582,375,36957,227
2021-02-05,Santa Barbara,083,443738,30642,29455,941,30396,334
2021-02-05,Santa Clara,085,1922200,105732,104112,487,104599,1421
2021-02-05,Santa Cruz,087,273765,14849,13776,718,14494,161
2021-02-05,Shasta,089,179085,10579,10507,1122,11629,136
2021-02-05,Sierra,091,2930,49,42,12,54,0
2021-02-05,Siskiyou,093,43540,1384,1276,201,1477,4
2021-02-05,Solano,095,438530,28854,28283,328,28611,127
2021-02-05,Sonoma,097,501317,26686,26423,146,26569,252
2021-02-05,Stanislaus,099,539301,48423,47024,4954,51978,678
2021-02-05,Sutter,101,95872,8527,8443,76,8519,92
2021-02-05,Tehama,103,63373,4460,4355,465,4820,22
2021-02-05,Trinity,105,12862,446,260,65,325,3
2021-02-05,Tulare,107,460477,46688,45138,7083,52221,663
2021-02-05,Tuolumne,109,53932,3614,3595,34,3629,45
2021-02-05,Ventura,111,848112,74457,72953,2593,75546,546
2021-02-05,Yolo,113,214977,12363,12025,139,12164,162
2021-02-05,Yuba,115,75493,5275,5145,75,5220,35
2021-02-04,Alameda,001,1643700,77074,75422,1592,77014,899
2021-02-04,Alpine,003,1148,73,72,0,72,0
2021-02-04,Amador,005,37829,3342,3288,26,3314,33
2021-02-04,Butte,007,227075,10910,10386,1546,11932,147
2021-02-04,Calaveras,009,45235,1846,1808,11,1819,21
2021-02-04,Colusa,011,21464,1803,1777,229,2006,10
2021-02-04,Contra Costa,013,1133247,59952,57991,990,58981,550
2021-02-04,Del Norte,015,27424,911,870,4,874,2
2021-02-04,El Dorado,017,186661,8768,8490,574,9064,86
2021-02-04,Fresno,019,978130,92837,90126,7120,97246,1114
2021-02-04,Glenn,021,27897,2180,2102,457,2559,14
2021-02-04,Humboldt,023,135768,2916,2827,19,2846,28
2021-02-04,Imperial,025,180216,26830,26411,2369,28780,556
2021-02-04,Inyo,027,18085,1144,1084,8,1092,27
2021-02-04,Kern,029,883053,90101,87156,8809,95965,898
2021-02-04,Kings,031,150075,21536,20918,894,21812,187
2021-02-04,Lake,033,64148,2984,2882,1,2883,34
2021-02-04,Lassen,035,31185,5010,4927,86,5013,1
2021-02-04,Los Angeles,037,10098052,1143515,1106323,36541,1142864,17396
2021-02-04,Madera,039,155013,15054,14706,735,15441,95
2021-02-04,Marin,041,260295,12658,12431,144,12575,192
2021-02-04,Mariposa,043,17540,366,348,3,351,4
2021-02-04,Mendocino,045,87422,3450,3240,66,3306,38
2021-02-04,Merced,047,269075,26953,26629,786,27415,345
2021-02-04,Modoc,049,8938,326,309,104,413,3
2021-02-04,Mono,051,14174,1152,1153,15,1168,3
2021-02-04,Monterey,053,433212,40555,39619,1469,41088,279
2021-02-04,Napa,055,140530,8690,8573,30,8603,55
2021-02-04,Nevada,057,99092,3754,3590,146,3736,37
2021-02-04,Orange,059,3164182,240214,235677,9625,245302,3238
2021-02-04,Placer,061,380077,19767,18711,1007,19718,210
2021-02-04,Plumas,063,18699,625,562,10,572,2
2021-02-04,Riverside,065,2383286,278209,269851,12877,282728,3230
2021-02-04,Sacramento,067,1510023,89927,87658,1108,88766,1222
2021-02-04,San Benito,069,59416,5533,5488,76,5564,51
2021-02-04,San Bernardino,071,2135413,280232,272223,8207,280430,2409
2021-02-04,San Diego,073,3302833,253831,242613,12112,254725,2738
2021-02-04,San Francisco,075,870044,32666,32116,910,33026,326
2021-02-04,San Joaquin,077,732212,64089,62374,2517,64891,883
2021-02-04,San Luis Obispo,079,281455,18719,18058,490,18548,211
2021-02-04,San Mateo,081,765935,37852,36437,372,36809,226
2021-02-04,Santa Barbara,083,443738,30507,29344,924,30268,322
2021-02-04,Santa Clara,085,1922200,105389,103781,484,104265,1404
2021-02-04,Santa Cruz,087,273765,14816,13713,710,14423,156
2021-02-04,Shasta,089,179085,10553,10466,1117,11583,131
2021-02-04,Sierra,091,2930,49,42,12,54,0
2021-02-04,Siskiyou,093,43540,1375,1273,201,1474,4
2021-02-04,Solano,095,438530,28751,28192,327,28519,120
2021-02-04,Sonoma,097,501317,26604,26276,143,26419,249
2021-02-04,Stanislaus,099,539301,48262,46822,4935,51757,678
2021-02-04,Sutter,101,95872,8507,8401,76,8477,92
2021-02-04,Tehama,103,63373,4443,4327,464,4791,21
2021-02-04,Trinity,105,12862,445,260,64,324,3
2021-02-04,Tulare,107,460477,46561,44983,7025,52008,656
2021-02-04,Tuolumne,109,53932,3574,3585,34,3619,45
2021-02-04,Ventura,111,848112,74125,72595,2580,75175,537
2021-02-04,Yolo,113,214977,12329,11982,138,12120,161
2021-02-04,Yuba,115,75493,5249,5135,75,5210,34
2021-02-03,Alameda,001,1643700,76750,74968,1589,76557,880
2021-02-03,Alpine,003,1148,73,72,0,72,0
2021-02-03,Amador,005,37829,3338,3281,26,3307,33
2021-02-03,Butte,007,227075,10878,10355,1539,11894,144
2021-02-03,Calaveras,009,45235,1831,1799,11,1810,21
2021-02-03,Colusa,011,21464,1798,1773,228,2001,10
2021-02-03,Contra Costa,013,1133247,59711,57762,978,58740,537
2021-02-03,Del Norte,015,27424,906,869,4,873,2
2021-02-03,El Dorado,017,186661,8747,8428,573,9001,86
2021-02-03,Fresno,019,978130,92615,89748,7081,96829,1015
2021-02-03,Glenn,021,27897,2170,2098,456,2554,14
2021-02-03,Humboldt,023,135768,2906,2800,19,2819,27
2021-02-03,Imperial,025,180216,26794,26363,2363,28726,547
2021-02-03,Inyo,027,18085,1134,1071,8,1079,27
2021-02-03,Kern,029,883053,89858,86771,8768,95539,877
2021-02-03,Kings,031,150075,21475,20831,892,21723,172
2021-02-03,Lake,033,64148,2966,2869,1,2870,33
2021-02-03,Lassen,035,31185,4998,4910,86,4996,1
2021-02-03,Los Angeles,037,10098052,1140430,1101890,36422,1138312,17163
2021-02-03,Madera,039,155013,15014,14605,733,15338,94
2021-02-03,Marin,041,260295,12623,12406,144,12550,190
2021-02-03,Mariposa,043,17540,365,347,3,350,4
2021-02-03,Mendocino,045,87422,3424,3236,65,3301,38
2021-02-03,Merced,047,269075,26838,26520,782,27302,343
2021-02-03,Modoc,049,8938,325,308,104,412,3
2021-02-03,Mono,051,14174,1145,1146,15,1161,3
2021-02-03,Monterey,053,433212,40428,39500,1452,40952,279
2021-02-03,Napa,055,140530,8655,8534,30,8564,54
2021-02-03,Nevada,057,99092,3740,3572,146,3718,35
2021-02-03,Orange,059,3164182,239470,234738,9593,244331,3189
2021-02-03,Placer,061,380077,19712,18646,1005,19651,210
2021-02-03,Plumas,063,18699,625,559,10,569,2
2021-02-03,Riverside,065,2383286,277466,269019,12847,281866,3195
2021-02-03,Sacramento,067,1510023,89604,87415,1104,88519,1212
2021-02-03,San Benito,069,59416,5515,5463,73,5536,51
2021-02-03,San Bernardino,071,2135413,279746,271477,8184,279661,2308
2021-02-03,San Diego,073,3302833,252929,241015,12066,253081,2683
2021-02-03,San Francisco,075,870044,32536,31983,905,32888,325
2021-02-03,San Joaquin,077,732212,63861,61976,2507,64483,880
2021-02-03,San Luis Obispo,079,281455,18641,17922,487,18409,206
2021-02-03,San Mateo,081,765935,37714,36227,368,36595,225
2021-02-03,Santa Barbara,083,443738,30358,29121,915,30036,315
2021-02-03,Santa Clara,085,1922200,105073,103278,482,103760,1364
2021-02-03,Santa Cruz,087,273765,14761,13611,704,14315,154
2021-02-03,Shasta,089,179085,10510,10422,1112,11534,130
2021-02-03,Sierra,091,2930,49,42,12,54,0
2021-02-03,Siskiyou,093,43540,1364,1268,200,1468,4
2021-02-03,Solano,095,438530,28629,28057,327,28384,119
2021-02-03,Sonoma,097,501317,26520,26155,142,26297,248
2021-02-03,Stanislaus,099,539301,48086,46598,4916,51514,662
2021-02-03,Sutter,101,95872,8482,8379,76,8455,90
2021-02-03,Tehama,103,63373,4425,4309,461,4770,21
2021-02-03,Trinity,105,12862,445,260,63,323,3
2021-02-03,Tulare,107,460477,46390,44838,6969,51807,640
2021-02-03,Tuolumne,109,53932,3563,3568,34,3602,45
2021-02-03,Ventura,111,848112,73788,72124,2570,74694,526
2021-02-03,Yolo,113,214977,12304,11933,138,12071,161
2021-02-03,Yuba,115,75493,5231,5124,75,5199,34
2021-02-02,Alameda,001,1643700,76407,74642,1577,76219,869
2021-02-02,Alpine,003,1148,73,72,0,72,0
2021-02-02,Amador,005,37829,3307,3275,26,3301,33
2021-02-02,Butte,007,227075,10852,10307,1530,11837,141
2021-02-02,Calaveras,009,45235,1821,1786,11,1797,21
2021-02-02,Colusa,011,21464,1790,1769,223,1992,9
2021-02-02,Contra Costa,013,1133247,59431,57551,975,58526,536
2021-02-02,Del Norte,015,27424,900,868,4,872,2
2021-02-02,El Dorado,017,186661,8707,8405,573,8978,84
2021-02-02,Fresno,019,978130,92314,89542,7046,96588,1009
2021-02-02,Glenn,021,27897,2158,2090,453,2543,14
2021-02-02,Humboldt,023,135768,2894,2784,19,2803,25
2021-02-02,Imperial,025,180216,26741,26317,2357,28674,535
2021-02-02,Inyo,027,18085,1131,1074,8,1082,27
2021-02-02,Kern,029,883053,89555,86485,8692,95177,867
2021-02-02,Kings,031,150075,21397,20785,884,21669,172
2021-02-02,Lake,033,64148,2946,2857,1,2858,33
2021-02-02,Lassen,035,31185,4991,4908,86,4994,1
2021-02-02,Los Angeles,037,10098052,1137045,1097573,36261,1133834,16913
2021-02-02,Madera,039,155013,14963,14595,728,15323,94
2021-02-02,Marin,041,260295,12593,12367,144,12511,189
2021-02-02,Mariposa,043,17540,362,345,3,348,4
2021-02-02,Mendocino,045,87422,3391,3210,65,3275,38
2021-02-02,Merced,047,269075,26741,26427,776,27203,340
2021-02-02,Modoc,049,8938,320,306,104,410,3
2021-02-02,Mono,051,14174,1143,1147,15,1162,3
2021-02-02,Monterey,053,433212,40293,39371,1438,40809,278
2021-02-02,Napa,055,140530,8626,8505,30,8535,53
2021-02-02,Nevada,057,99092,3725,3548,146,3694,20
2021-02-02,Orange,059,3164182,238667,233783,9558,243341,3152
2021-02-02,Placer,061,380077,19653,18615,1001,19616,205
2021-02-02,Plumas,063,18699,625,560,10,570,2
2021-02-02,Riverside,065,2383286,276609,267901,12813,280714,3169
2021-02-02,Sacramento,067,1510023,89314,87107,1093,88200,1202
2021-02-02,San Benito,069,59416,5501,5444,72,5516,50
2021-02-02,San Bernardino,071,2135413,279069,270486,8155,278641,2244
2021-02-02,San Diego,073,3302833,251890,240047,11979,252026,2629
2021-02-02,San Francisco,075,870044,32382,31788,895,32683,324
2021-02-02,San Joaquin,077,732212,63640,61708,2494,64202,878
2021-02-02,San Luis Obispo,079,281455,18547,17811,485,18296,201
2021-02-02,San Mateo,081,765935,37550,36004,362,36366,225
2021-02-02,Santa Barbara,083,443738,30187,28951,908,29859,304
2021-02-02,Santa Clara,085,1922200,104608,102872,477,103349,1349
2021-02-02,Santa Cruz,087,273765,14702,13572,700,14272,150
2021-02-02,Shasta,089,179085,10484,10371,1102,11473,128
2021-02-02,Sierra,091,2930,49,42,12,54,0
2021-02-02,Siskiyou,093,43540,1357,1252,197,1449,4
2021-02-02,Solano,095,438530,28533,27963,323,28286,118
2021-02-02,Sonoma,097,501317,26404,26054,142,26196,247
2021-02-02,Stanislaus,099,539301,47867,46306,4884,51190,641
2021-02-02,Sutter,101,95872,8459,8340,76,8416,89
2021-02-02,Tehama,103,63373,4411,4289,460,4749,21
2021-02-02,Trinity,105,12862,445,260,63,323,3
2021-02-02,Tulare,107,460477,46234,44720,6904,51624,625
2021-02-02,Tuolumne,109,53932,3551,3548,34,3582,39
2021-02-02,Ventura,111,848112,73372,71557,2560,74117,514
2021-02-02,Yolo,113,214977,12259,11886,136,12022,158
2021-02-02,Yuba,115,75493,5213,5111,74,5185,34
2021-02-01,Alameda,001,1643700,76051,74374,1572,75946,858
2021-02-01,Alpine,003,1148,73,72,0,72,0
2021-02-01,Amador,005,37829,3296,3234,26,3260,32
2021-02-01,Butte,007,227075,10808,10263,1526,11789,141
2021-02-01,Calaveras,009,45235,1814,1785,11,1796,21
2021-02-01,Colusa,011,21464,1785,1763,214,1977,9
2021-02-01,Contra Costa,013,1133247,59189,57324,974,58298,531
2021-02-01,Del Norte,015,27424,896,865,4,869,2
2021-02-01,El Dorado,017,186661,8668,8337,573,8910,83
2021-02-01,Fresno,019,978130,91982,89272,7011,96283,994
2021-02-01,Glenn,021,27897,2142,2086,445,2531,14
2021-02-01,Humboldt,023,135768,2873,2773,18,2791,25
2021-02-01,Imperial,025,180216,26698,26224,2355,28579,530
2021-02-01,Inyo,027,18085,1121,1072,8,1080,27
2021-02-01,Kern,029,883053,89158,86170,8624,94794,862
2021-02-01,Kings,031,150075,21306,20746,876,21622,172
2021-02-01,Lake,033,64148,2930,2843,1,2844,33
2021-02-01,Lassen,035,31185,4971,4907,86,4993,1
2021-02-01,Los Angeles,037,10098052,1133217,1094341,36096,1130437,16695
2021-02-01,Madera,039,155013,14928,14572,725,15297,94
2021-02-01,Marin,041,260295,12554,12341,143,12484,188
2021-02-01,Mariposa,043,17540,360,344,3,347,4
2021-02-01,Mendocino,045,87422,3358,3192,65,3257,37
2021-02-01,Merced,047,269075,26617,26282,767,27049,337
2021-02-01,Modoc,049,8938,314,303,100,403,1
2021-02-01,Mono,051,14174,1140,1145,15,1160,3
2021-02-01,Monterey,053,433212,40109,39196,1417,40613,278
2021-02-01,Napa,055,140530,8593,8449,30,8479,52
2021-02-01,Nevada,057,99092,3708,3535,145,3680,20
2021-02-01,Orange,059,3164182,237753,233155,9513,242668,3100
2021-02-01,Placer,061,380077,19586,18574,994,19568,204
2021-02-01,Plumas,063,18699,623,554,10,564,2
2021-02-01,Riverside,065,2383286,275669,267025,12778,279803,3092
2021-02-01,Sacramento,067,1510023,88911,86856,1082,87938,1193
2021-02-01,San Benito,069,59416,5483,5432,72,5504,48
2021-02-01,San Bernardino,071,2135413,278374,270012,8116,278128,2172
2021-02-01,San Diego,073,3302833,250665,239121,11903,251024,2619
2021-02-01,San Francisco,075,870044,32247,31703,883,32586,324
2021-02-01,San Joaquin,077,732212,63434,61542,2483,64025,877
2021-02-01,San Luis Obispo,079,281455,18427,17690,478,18168,199
2021-02-01,San Mateo,081,765935,37401,35843,362,36205,220
2021-02-01,Santa Barbara,083,443738,30018,28837,900,29737,297
2021-02-01,Santa Clara,085,1922200,104191,102462,476,102938,1343
2021-02-01,Santa Cruz,087,273765,14649,13524,698,14222,149
2021-02-01,Shasta,089,179085,10459,10329,1096,11425,112
2021-02-01,Sierra,091,2930,49,42,12,54,0
2021-02-01,Siskiyou,093,43540,1350,1238,194,1432,4
2021-02-01,Solano,095,438530,28428,27844,322,28166,117
2021-02-01,Sonoma,097,501317,26316,26011,141,26152,243
2021-02-01,Stanislaus,099,539301,47610,46112,4856,50968,642
2021-02-01,Sutter,101,95872,8420,8313,76,8389,89
2021-02-01,Tehama,103,63373,4385,4263,460,4723,21
2021-02-01,Trinity,105,12862,443,260,63,323,3
2021-02-01,Tulare,107,460477,46089,44569,6824,51393,618
2021-02-01,Tuolumne,109,53932,3543,3534,34,3568,39
2021-02-01,Ventura,111,848112,72967,71104,2543,73647,502
2021-02-01,Yolo,113,214977,12212,11824,135,11959,151
2021-02-01,Yuba,115,75493,5199,5084,73,5157,33
2021-01-31,Alameda,001,1643700,75626,73979,1564,75543,857
2021-01-31,Alpine,003,1148,73,72,0,72,0
2021-01-31,Amador,005,37829,3286,3212,25,3237,32
2021-01-31,Butte,007,227075,10763,10215,1516,11731,140
2021-01-31,Calaveras,009,45235,1794,1778,11,1789,21
2021-01-31,Colusa,011,21464,1779,1754,209,1963,9
2021-01-31,Contra Costa,013,1133247,58857,57079,974,58053,531
2021-01-31,Del Norte,015,27424,894,865,4,869,2
2021-01-31,El Dorado,017,186661,8630,8317,571,8888,83
2021-01-31,Fresno,019,978130,91670,88852,6957,95809,994
2021-01-31,Glenn,021,27897,2132,2083,444,2527,14
2021-01-31,Humboldt,023,135768,2857,2767,18,2785,25
2021-01-31,Imperial,025,180216,26625,26206,2346,28552,530
2021-01-31,Inyo,027,18085,1108,1072,8,1080,27
2021-01-31,Kern,029,883053,88661,85872,8540,94412,861
2021-01-31,Kings,031,150075,21222,20709,864,21573,172
2021-01-31,Lake,033,64148,2909,2826,1,2827,33
2021-01-31,Lassen,035,31185,4955,4900,86,4986,1
2021-01-31,Los Angeles,037,10098052,1128587,1090304,35895,1126199,16609
2021-01-31,Madera,039,155013,14874,14496,717,15213,94
2021-01-31,Marin,041,260295,12507,12297,139,12436,185
2021-01-31,Mariposa,043,17540,358,344,3,347,4
2021-01-31,Mendocino,045,87422,3335,3181,64,3245,37
2021-01-31,Merced,047,269075,26474,26222,762,26984,337
2021-01-31,Modoc,049,8938,311,304,98,402,1
2021-01-31,Mono,051,14174,1137,1146,15,1161,3
2021-01-31,Monterey,053,433212,39930,39035,1390,40425,278
2021-01-31,Napa,055,140530,8552,8404,30,8434,52
2021-01-31,Nevada,057,99092,3686,3518,143,3661,20
2021-01-31,Orange,059,3164182,236736,232347,9473,241820,3053
2021-01-31,Placer,061,380077,19509,18506,983,19489,204
2021-01-31,Plumas,063,18699,622,554,10,564,2
2021-01-31,Riverside,065,2383286,274652,266145,12731,278876,3074
2021-01-31,Sacramento,067,1510023,88470,86560,1068,87628,1186
2021-01-31,San Benito,069,59416,5461,5425,70,5495,48
2021-01-31,San Bernardino,071,2135413,277372,269533,8087,277620,2156
2021-01-31,San Diego,073,3302833,249352,238039,11789,249828,2619
2021-01-31,San Francisco,075,870044,32058,31563,872,32435,323
2021-01-31,San Joaquin,077,732212,63033,61379,2474,63853,877
2021-01-31,San Luis Obispo,079,281455,18294,17615,473,18088,199
2021-01-31,San Mateo,081,765935,37211,35659,359,36018,219
2021-01-31,Santa Barbara,083,443738,29774,28570,891,29461,297
2021-01-31,Santa Clara,085,1922200,103656,101986,467,102453,1330
2021-01-31,Santa Cruz,087,273765,14554,13469,684,14153,149
2021-01-31,Shasta,089,179085,10414,10313,1088,11401,112
2021-01-31,Sierra,091,2930,48,43,12,55,0
2021-01-31,Siskiyou,093,43540,1340,1238,194,1432,4
2021-01-31,Solano,095,438530,28298,27678,322,28000,118
2021-01-31,Sonoma,097,501317,26213,25925,140,26065,243
2021-01-31,Stanislaus,099,539301,47326,45971,4826,50797,642
2021-01-31,Sutter,101,95872,8375,8289,76,8365,89
2021-01-31,Tehama,103,63373,4363,4256,459,4715,21
2021-01-31,Trinity,105,12862,441,260,63,323,3
2021-01-31,Tulare,107,460477,45921,44440,6745,51185,618
2021-01-31,Tuolumne,109,53932,3505,3519,34,3553,39
2021-01-31,Ventura,111,848112,72372,70635,2530,73165,502
2021-01-31,Yolo,113,214977,12152,11771,135,11906,151
2021-01-31,Yuba,115,75493,5179,5071,73,5144,33
2021-01-30,Alameda,001,1643700,75422,73622,1559,75181,850
2021-01-30,Alpine,003,1148,73,72,0,72,0
2021-01-30,Amador,005,37829,3282,3181,25,3206,32
2021-01-30,Butte,007,227075,10729,10177,1507,11684,139
2021-01-30,Calaveras,009,45235,1781,1763,11,1774,21
2021-01-30,Colusa,011,21464,1777,1748,209,1957,9
2021-01-30,Contra Costa,013,1133247,58678,56763,970,57733,531
2021-01-30,Del Norte,015,27424,893,865,4,869,2
2021-01-30,El Dorado,017,186661,8610,8299,570,8869,83
2021-01-30,Fresno,019,978130,91490,88476,6937,95413,964
2021-01-30,Glenn,021,27897,2129,2074,442,2516,14
2021-01-30,Humboldt,023,135768,2846,2742,18,2760,24
2021-01-30,Imperial,025,180216,26601,26160,2344,28504,530
2021-01-30,Inyo,027,18085,1104,1068,8,1076,27
2021-01-30,Kern,029,883053,88460,85572,8475,94047,848
2021-01-30,Kings,031,150075,21151,20605,859,21464,169
2021-01-30,Lake,033,64148,2903,2809,1,2810,33
2021-01-30,Lassen,035,31185,4951,4890,86,4976,1
2021-01-30,Los Angeles,037,10098052,1126188,1084763,35754,1120517,16484
2021-01-30,Madera,039,155013,14832,14443,712,15155,94
2021-01-30,Marin,041,260295,12480,12225,138,12363,185
2021-01-30,Mariposa,043,17540,356,344,3,347,4
2021-01-30,Mendocino,045,87422,3321,3153,63,3216,36
2021-01-30,Merced,047,269075,26400,26078,760,26838,335
2021-01-30,Modoc,049,8938,311,303,98,401,1
2021-01-30,Mono,051,14174,1137,1143,15,1158,3
2021-01-30,Monterey,053,433212,39870,38847,1388,40235,277
2021-01-30,Napa,055,140530,8536,8342,30,8372,52
2021-01-30,Nevada,057,99092,3667,3499,143,3642,20
2021-01-30,Orange,059,3164182,236191,231358,9436,240794,3013
2021-01-30,Placer,061,380077,19456,18430,977,19407,205
2021-01-30,Plumas,063,18699,620,554,10,564,2
2021-01-30,Riverside,065,2383286,274056,265137,12700,277837,3061
2021-01-30,Sacramento,067,1510023,88279,86388,1063,87451,1184
2021-01-30,San Benito,069,59416,5443,5401,69,5470,48
2021-01-30,San Bernardino,071,2135413,276944,268660,8067,276727,2122
2021-01-30,San Diego,073,3302833,248587,236765,11744,248509,2603
2021-01-30,San Francisco,075,870044,31957,31427,869,32296,316
2021-01-30,San Joaquin,077,732212,62901,61120,2465,63585,864
2021-01-30,San Luis Obispo,079,281455,18214,17522,472,17994,198
2021-01-30,San Mateo,081,765935,37072,35451,358,35809,219
2021-01-30,Santa Barbara,083,443738,29632,28342,889,29231,296
2021-01-30,Santa Clara,085,1922200,103327,101471,465,101936,1307
2021-01-30,Santa Cruz,087,273765,14514,13383,683,14066,149
2021-01-30,Shasta,089,179085,10395,10283,1085,11368,112
2021-01-30,Sierra,091,2930,48,43,12,55,0
2021-01-30,Siskiyou,093,43540,1337,1236,193,1429,4
2021-01-30,Solano,095,438530,28215,27511,321,27832,118
2021-01-30,Sonoma,097,501317,26165,25810,137,25947,243
2021-01-30,Stanislaus,099,539301,47196,45697,4799,50496,642
2021-01-30,Sutter,101,95872,8359,8226,76,8302,87
2021-01-30,Tehama,103,63373,4350,4229,458,4687,21
2021-01-30,Trinity,105,12862,441,259,63,322,3
2021-01-30,Tulare,107,460477,45785,44203,6709,50912,615
2021-01-30,Tuolumne,109,53932,3501,3508,34,3542,36
2021-01-30,Ventura,111,848112,72060,69931,2516,72447,493
2021-01-30,Yolo,113,214977,12138,11698,134,11832,151
2021-01-30,Yuba,115,75493,5169,5042,72,5114,33
2021-01-29,Alameda,001,1643700,75155,73210,1552,74762,841
2021-01-29,Alpine,003,1148,73,72,0,72,0
2021-01-29,Amador,005,37829,3270,3134,24,3158,32
2021-01-29,Butte,007,227075,10697,10122,1498,11620,138
2021-01-29,Calaveras,009,45235,1770,1757,11,1768,21
2021-01-29,Colusa,011,21464,1773,1734,208,1942,8
2021-01-29,Contra Costa,013,1133247,58511,56318,968,57286,529
2021-01-29,Del Norte,015,27424,892,865,4,869,2
2021-01-29,El Dorado,017,186661,8593,8231,569,8800,83
2021-01-29,Fresno,019,978130,91276,87936,6900,94836,962
2021-01-29,Glenn,021,27897,2124,2061,441,2502,14
2021-01-29,Humboldt,023,135768,2833,2707,18,2725,24
2021-01-29,Imperial,025,180216,26586,26045,2341,28386,521
2021-01-29,Inyo,027,18085,1092,1048,8,1056,27
2021-01-29,Kern,029,883053,88233,85044,8424,93468,836
2021-01-29,Kings,031,150075,21112,20466,854,21320,169
2021-01-29,Lake,033,64148,2893,2792,1,2793,32
2021-01-29,Lassen,035,31185,4948,4874,86,4960,1
2021-01-29,Los Angeles,037,10098052,1122692,1078329,35604,1113933,16190
2021-01-29,Madera,039,155013,14785,14377,712,15089,94
2021-01-29,Marin,041,260295,12435,12145,137,12282,185
2021-01-29,Mariposa,043,17540,355,342,3,345,4
2021-01-29,Mendocino,045,87422,3312,3131,62,3193,36
2021-01-29,Merced,047,269075,26326,25865,755,26620,334
2021-01-29,Modoc,049,8938,310,297,98,395,1
2021-01-29,Mono,051,14174,1135,1139,15,1154,3
2021-01-29,Monterey,053,433212,39757,38539,1380,39919,277
2021-01-29,Napa,055,140530,8505,8276,30,8306,52
2021-01-29,Nevada,057,99092,3658,3487,142,3629,20
2021-01-29,Orange,059,3164182,235515,229917,9399,239316,2967
2021-01-29,Placer,061,380077,19403,18367,973,19340,203
2021-01-29,Plumas,063,18699,619,548,10,558,2
2021-01-29,Riverside,065,2383286,273255,263504,12668,276172,3008
2021-01-29,Sacramento,067,1510023,88025,86320,1058,87378,1169
2021-01-29,San Benito,069,59416,5435,5386,69,5455,48
2021-01-29,San Bernardino,071,2135413,276426,267490,8029,275519,2095
2021-01-29,San Diego,073,3302833,247645,234637,11666,246303,2571
2021-01-29,San Francisco,075,870044,31818,31294,861,32155,307
2021-01-29,San Joaquin,077,732212,62757,60899,2451,63350,858
2021-01-29,San Luis Obispo,079,281455,18154,17440,467,17907,193
2021-01-29,San Mateo,081,765935,36939,35223,355,35578,218
2021-01-29,Santa Barbara,083,443738,29499,28105,883,28988,291
2021-01-29,Santa Clara,085,1922200,102972,101010,463,101473,1273
2021-01-29,Santa Cruz,087,273765,14461,13311,680,13991,148
2021-01-29,Shasta,089,179085,10379,10220,1081,11301,112
2021-01-29,Sierra,091,2930,48,43,12,55,0
2021-01-29,Siskiyou,093,43540,1336,1227,193,1420,4
2021-01-29,Solano,095,438530,28132,27352,319,27671,116
2021-01-29,Sonoma,097,501317,26109,25710,136,25846,243
2021-01-29,Stanislaus,099,539301,47053,45466,4777,50243,642
2021-01-29,Sutter,101,95872,8340,8181,76,8257,87
2021-01-29,Tehama,103,63373,4338,4191,456,4647,20
2021-01-29,Trinity,105,12862,441,260,63,323,3
2021-01-29,Tulare,107,460477,45678,43925,6670,50595,606
2021-01-29,Tuolumne,109,53932,3491,3483,34,3517,36
2021-01-29,Ventura,111,848112,71638,69511,2503,72014,484
2021-01-29,Yolo,113,214977,12100,11612,134,11746,151
2021-01-29,Yuba,115,75493,5153,5018,72,5090,32
2021-01-28,Alameda,001,1643700,74732,72758,1544,74302,833
2021-01-28,Alpine,003,1148,73,72,0,72,0
2021-01-28,Amador,005,37829,3233,3124,24,3148,31
2021-01-28,Butte,007,227075,10656,10037,1488,11525,138
2021-01-28,Calaveras,009,45235,1757,1747,10,1757,21
2021-01-28,Colusa,011,21464,1766,1731,204,1935,8
2021-01-28,Contra Costa,013,1133247,58268,55999,958,56957,525
2021-01-28,Del Norte,015,27424,891,862,4,866,2
2021-01-28,El Dorado,017,186661,8578,8198,564,8762,79
2021-01-28,Fresno,019,978130,90990,87401,6853,94254,949
2021-01-28,Glenn,021,27897,2119,2043,434,2477,14
2021-01-28,Humboldt,023,135768,2816,2686,18,2704,24
2021-01-28,Imperial,025,180216,26542,25984,2334,28318,517
2021-01-28,Inyo,027,18085,1087,1039,8,1047,27
2021-01-28,Kern,029,883053,87904,84708,8341,93049,817
2021-01-28,Kings,031,150075,21052,20328,851,21179,167
2021-01-28,Lake,033,64148,2878,2772,1,2773,32
2021-01-28,Lassen,035,31185,4942,4865,86,4951,1
2021-01-28,Los Angeles,037,10098052,1118777,1072412,35418,1107830,15967
2021-01-28,Madera,039,155013,14730,14301,708,15009,94
2021-01-28,Marin,041,260295,12386,12079,136,12215,183
2021-01-28,Mariposa,043,17540,355,334,3,337,4
2021-01-28,Mendocino,045,87422,3295,3110,62,3172,36
2021-01-28,Merced,047,269075,26204,25620,743,26363,328
2021-01-28,Modoc,049,8938,309,297,98,395,0
2021-01-28,Mono,051,14174,1133,1131,15,1146,3
2021-01-28,Monterey,053,433212,39563,38312,1361,39673,274
2021-01-28,Napa,055,140530,8458,8233,30,8263,50
2021-01-28,Nevada,057,99092,3643,3452,141,3593,19
2021-01-28,Orange,059,3164182,234540,228636,9369,238005,2860
2021-01-28,Placer,061,380077,19343,18246,970,19216,198
2021-01-28,Plumas,063,18699,618,547,10,557,2
2021-01-28,Riverside,065,2383286,272475,262342,12620,274962,2981
2021-01-28,Sacramento,067,1510023,87660,85698,1047,86745,1149
2021-01-28,San Benito,069,59416,5417,5344,68,5412,47
2021-01-28,San Bernardino,071,2135413,275724,266456,8008,274464,2057
2021-01-28,San Diego,073,3302833,246492,232967,11577,244544,2534
2021-01-28,San Francisco,075,870044,31681,31193,845,32038,290
2021-01-28,San Joaquin,077,732212,62495,60627,2437,63064,854
2021-01-28,San Luis Obispo,079,281455,18054,17279,465,17744,189
2021-01-28,San Mateo,081,765935,36770,34931,339,35270,218
2021-01-28,Santa Barbara,083,443738,29276,27674,870,28544,284
2021-01-28,Santa Clara,085,1922200,102516,100470,461,100931,1219
2021-01-28,Santa Cruz,087,273765,14372,13188,674,13862,145
2021-01-28,Shasta,089,179085,10345,10176,1073,11249,110
2021-01-28,Sierra,091,2930,48,43,12,55,0
2021-01-28,Siskiyou,093,43540,1329,1218,191,1409,4
2021-01-28,Solano,095,438530,27972,27163,318,27481,114
2021-01-28,Sonoma,097,501317,26017,25564,136,25700,236
2021-01-28,Stanislaus,099,539301,46845,45162,4758,49920,640
2021-01-28,Sutter,101,95872,8293,8136,76,8212,85
2021-01-28,Tehama,103,63373,4315,4163,453,4616,20
2021-01-28,Trinity,105,12862,439,260,63,323,3
2021-01-28,Tulare,107,460477,45523,43742,6595,50337,595
2021-01-28,Tuolumne,109,53932,3477,3472,34,3506,32
2021-01-28,Ventura,111,848112,71126,68896,2487,71383,475
2021-01-28,Yolo,113,214977,12058,11500,130,11630,151
2021-01-28,Yuba,115,75493,5137,4994,71,5065,32
2021-01-27,Alameda,001,1643700,74313,72188,1537,73725,815
2021-01-27,Alpine,003,1148,73,72,0,72,0
2021-01-27,Amador,005,37829,3217,3116,24,3140,31
2021-01-27,Butte,007,227075,10617,9988,1476,11464,138
2021-01-27,Calaveras,009,45235,1748,1737,10,1747,21
2021-01-27,Colusa,011,21464,1760,1724,202,1926,8
2021-01-27,Contra Costa,013,1133247,57974,55578,955,56533,507
2021-01-27,Del Norte,015,27424,890,859,4,863,2
2021-01-27,El Dorado,017,186661,8552,8141,563,8704,76
2021-01-27,Fresno,019,978130,90698,86886,6811,93697,938
2021-01-27,Glenn,021,27897,2115,2042,433,2475,14
2021-01-27,Humboldt,023,135768,2794,2630,18,2648,24
2021-01-27,Imperial,025,180216,26488,25861,2322,28183,504
2021-01-27,Inyo,027,18085,1083,1023,8,1031,27
2021-01-27,Kern,029,883053,87594,84244,8271,92515,809
2021-01-27,Kings,031,150075,20946,20211,843,21054,167
2021-01-27,Lake,033,64148,2858,2750,1,2751,32
2021-01-27,Lassen,035,31185,4936,4851,86,4937,1
2021-01-27,Los Angeles,037,10098052,1113965,1066569,35215,1101784,15757
2021-01-27,Madera,039,155013,14688,14194,703,14897,86
2021-01-27,Marin,041,260295,12348,12028,135,12163,180
2021-01-27,Mariposa,043,17540,355,333,3,336,4
2021-01-27,Mendocino,045,87422,3275,3095,62,3157,36
2021-01-27,Merced,047,269075,26045,25439,732,26171,315
2021-01-27,Modoc,049,8938,309,297,95,392,0
2021-01-27,Mono,051,14174,1131,1131,15,1146,3
2021-01-27,Monterey,053,433212,39356,38139,1342,39481,268
2021-01-27,Napa,055,140530,8385,8187,30,8217,46
2021-01-27,Nevada,057,99092,3621,3431,141,3572,18
2021-01-27,Orange,059,3164182,233424,227110,9317,236427,2832
2021-01-27,Placer,061,380077,19273,18106,959,19065,198
2021-01-27,Plumas,063,18699,618,544,10,554,2
2021-01-27,Riverside,065,2383286,271280,260796,12569,273365,2931
2021-01-27,Sacramento,067,1510023,87300,85428,1035,86463,1142
2021-01-27,San Benito,069,59416,5402,5284,68,5352,47
2021-01-27,San Bernardino,071,2135413,274870,265153,7975,273128,2019
2021-01-27,San Diego,073,3302833,245163,231478,11472,242950,2465
2021-01-27,San Francisco,075,870044,31536,31082,838,31920,287
2021-01-27,San Joaquin,077,732212,62225,60131,2418,62549,853
2021-01-27,San Luis Obispo,079,281455,17946,17119,461,17580,188
2021-01-27,San Mateo,081,765935,36615,34619,336,34955,216
2021-01-27,Santa Barbara,083,443738,29099,27435,864,28299,282
2021-01-27,Santa Clara,085,1922200,102101,99732,457,100189,1184
2021-01-27,Santa Cruz,087,273765,14302,13111,671,13782,143
2021-01-27,Shasta,089,179085,10311,10106,1067,11173,105
2021-01-27,Sierra,091,2930,48,44,12,56,0
2021-01-27,Siskiyou,093,43540,1324,1214,188,1402,4
2021-01-27,Solano,095,438530,27795,26982,311,27293,112
2021-01-27,Sonoma,097,501317,25919,25361,132,25493,237
2021-01-27,Stanislaus,099,539301,46661,44874,4733,49607,624
2021-01-27,Sutter,101,95872,8250,8093,76,8169,83
2021-01-27,Tehama,103,63373,4295,4133,449,4582,20
2021-01-27,Trinity,105,12862,439,260,63,323,3
2021-01-27,Tulare,107,460477,45336,43462,6525,49987,583
2021-01-27,Tuolumne,109,53932,3467,3464,34,3498,32
2021-01-27,Ventura,111,848112,70652,68291,2462,70753,468
2021-01-27,Yolo,113,214977,12011,11427,128,11555,151
2021-01-27,Yuba,115,75493,5121,4968,71,5039,32
2021-01-26,Alameda,001,1643700,73937,71851,1520,73371,789
2021-01-26,Alpine,003,1148,73,72,0,72,0
2021-01-26,Amador,005,37829,3206,3113,24,3137,31
2021-01-26,Butte,007,227075,10575,9943,1470,11413,136
2021-01-26,Calaveras,009,45235,1738,1723,10,1733,21
2021-01-26,Colusa,011,21464,1753,1719,199,1918,8
2021-01-26,Contra Costa,013,1133247,57701,55337,947,56284,491
2021-01-26,Del Norte,015,27424,889,856,4,860,2
2021-01-26,El Dorado,017,186661,8528,8115,561,8676,71
2021-01-26,Fresno,019,978130,90340,86673,6768,93441,923
2021-01-26,Glenn,021,27897,2105,2034,428,2462,13
2021-01-26,Humboldt,023,135768,2773,2612,17,2629,24
2021-01-26,Imperial,025,180216,26416,25812,2310,28122,498
2021-01-26,Inyo,027,18085,1077,1018,8,1026,27
2021-01-26,Kern,029,883053,87171,83868,8196,92064,790
2021-01-26,Kings,031,150075,20888,20156,838,20994,159
2021-01-26,Lake,033,64148,2850,2748,1,2749,32
2021-01-26,Lassen,035,31185,4930,4844,86,4930,1
2021-01-26,Los Angeles,037,10098052,1108676,1060492,35016,1095508,15458
2021-01-26,Madera,039,155013,14631,14130,697,14827,86
2021-01-26,Marin,041,260295,12304,11993,133,12126,179
2021-01-26,Mariposa,043,17540,353,332,3,335,3
2021-01-26,Mendocino,045,87422,3249,3076,61,3137,36
2021-01-26,Merced,047,269075,25905,25359,724,26083,309
2021-01-26,Modoc,049,8938,302,291,94,385,0
2021-01-26,Mono,051,14174,1129,1120,15,1135,3
2021-01-26,Monterey,053,433212,39162,37963,1322,39285,255
2021-01-26,Napa,055,140530,8328,8145,30,8175,43
2021-01-26,Nevada,057,99092,3614,3410,140,3550,18
2021-01-26,Orange,059,3164182,232301,225987,9271,235258,2760
2021-01-26,Placer,061,380077,19197,18016,957,18973,193
2021-01-26,Plumas,063,18699,616,536,10,546,2
2021-01-26,Riverside,065,2383286,269910,259399,12506,271905,2898
2021-01-26,Sacramento,067,1510023,86940,85062,1028,86090,1127
2021-01-26,San Benito,069,59416,5388,5251,67,5318,45
2021-01-26,San Bernardino,071,2135413,273875,263736,7933,271669,1970
2021-01-26,San Diego,073,3302833,243667,230063,11370,241433,2421
2021-01-26,San Francisco,075,870044,31404,30874,819,31693,286
2021-01-26,San Joaquin,077,732212,61973,59889,2402,62291,847
2021-01-26,San Luis Obispo,079,281455,17865,17016,458,17474,186
2021-01-26,San Mateo,081,765935,36421,34441,325,34766,213
2021-01-26,Santa Barbara,083,443738,28923,27321,852,28173,273
2021-01-26,Santa Clara,085,1922200,101622,99215,454,99669,1171
2021-01-26,Santa Cruz,087,273765,14236,13045,665,13710,134
2021-01-26,Shasta,089,179085,10276,10036,1059,11095,103
2021-01-26,Sierra,091,2930,48,43,12,55,0
2021-01-26,Siskiyou,093,43540,1309,1208,186,1394,4
2021-01-26,Solano,095,438530,27639,26858,304,27162,110
2021-01-26,Sonoma,097,501317,25800,25273,130,25403,236
2021-01-26,Stanislaus,099,539301,46479,44703,4693,49396,599
2021-01-26,Sutter,101,95872,8207,8067,76,8143,83
2021-01-26,Tehama,103,63373,4262,4115,449,4564,20
2021-01-26,Trinity,105,12862,439,260,63,323,3
2021-01-26,Tulare,107,460477,45133,43394,6457,49851,579
2021-01-26,Tuolumne,109,53932,3457,3451,34,3485,30
2021-01-26,Ventura,111,848112,70120,67526,2436,69962,448
2021-01-26,Yolo,113,214977,11967,11361,125,11486,148
2021-01-26,Yuba,115,75493,5096,4944,69,5013,31
2021-01-25,Alameda,001,1643700,73511,71255,1510,72765,780
2021-01-25,Alpine,003,1148,73,72,0,72,0
2021-01-25,Amador,005,37829,3166,3074,24,3098,30
2021-01-25,Butte,007,227075,10510,9865,1462,11327,133
2021-01-25,Calaveras,009,45235,1723,1713,10,1723,21
2021-01-25,Colusa,011,21464,1741,1709,195,1904,8
2021-01-25,Contra Costa,013,1133247,57348,54989,940,55929,488
2021-01-25,Del Norte,015,27424,889,855,4,859,2
2021-01-25,El Dorado,017,186661,8503,8060,560,8620,66
2021-01-25,Fresno,019,978130,89970,86336,6736,93072,913
2021-01-25,Glenn,021,27897,2096,2028,428,2456,13
2021-01-25,Humboldt,023,135768,2739,2587,17,2604,24
2021-01-25,Imperial,025,180216,26368,25745,2303,28048,491
2021-01-25,Inyo,027,18085,1071,1015,8,1023,27
2021-01-25,Kern,029,883053,86786,83401,8111,91512,787
2021-01-25,Kings,031,150075,20768,20067,834,20901,159
2021-01-25,Lake,033,64148,2832,2729,1,2730,32
2021-01-25,Lassen,035,31185,4903,4835,86,4921,1
2021-01-25,Los Angeles,037,10098052,1102709,1055181,34796,1089977,15163
2021-01-25,Madera,039,155013,14576,14068,692,14760,86
2021-01-25,Marin,041,260295,12255,11923,129,12052,177
2021-01-25,Mariposa,043,17540,350,331,3,334,3
2021-01-25,Mendocino,045,87422,3238,3054,61,3115,35
2021-01-25,Merced,047,269075,25766,25181,715,25896,305
2021-01-25,Modoc,049,8938,301,288,90,378,0
2021-01-25,Mono,051,14174,1126,1114,14,1128,3
2021-01-25,Monterey,053,433212,38910,37726,1303,39029,255
2021-01-25,Napa,055,140530,8294,8057,29,8086,43
2021-01-25,Nevada,057,99092,3600,3365,140,3505,18
2021-01-25,Orange,059,3164182,231092,225105,9226,234331,2696
2021-01-25,Placer,061,380077,19107,17936,942,18878,193
2021-01-25,Plumas,063,18699,613,533,10,543,2
2021-01-25,Riverside,065,2383286,268173,258082,12453,270535,2789
2021-01-25,Sacramento,067,1510023,86498,84653,1020,85673,1118
2021-01-25,San Benito,069,59416,5353,5238,66,5304,43
2021-01-25,San Bernardino,071,2135413,272949,263174,7897,271071,1947
2021-01-25,San Diego,073,3302833,242054,228630,11298,239928,2375
2021-01-25,San Francisco,075,870044,31258,30734,796,31530,288
2021-01-25,San Joaquin,077,732212,61682,59291,2376,61667,838
2021-01-25,San Luis Obispo,079,281455,17731,16868,453,17321,179
2021-01-25,San Mateo,081,765935,36188,34187,319,34506,213
2021-01-25,Santa Barbara,083,443738,28689,27065,842,27907,269
2021-01-25,Santa Clara,085,1922200,101098,98647,446,99093,1143
2021-01-25,Santa Cruz,087,273765,14149,12973,661,13634,133
2021-01-25,Shasta,089,179085,10235,9991,1048,11039,103
2021-01-25,Sierra,091,2930,48,42,12,54,0
2021-01-25,Siskiyou,093,43540,1301,1205,183,1388,4
2021-01-25,Solano,095,438530,27471,26648,303,26951,109
2021-01-25,Sonoma,097,501317,25693,25160,128,25288,233
2021-01-25,Stanislaus,099,539301,46233,44293,4651,48944,599
2021-01-25,Sutter,101,95872,8164,8023,76,8099,83
2021-01-25,Tehama,103,63373,4235,4082,445,4527,20
2021-01-25,Trinity,105,12862,439,262,63,325,3
2021-01-25,Tulare,107,460477,44916,43124,6355,49479,578
2021-01-25,Tuolumne,109,53932,3448,3422,34,3456,29
2021-01-25,Ventura,111,848112,69499,66910,2420,69330,439
2021-01-25,Yolo,113,214977,11883,11276,124,11400,140
2021-01-25,Yuba,115,75493,5075,4900,67,4967,31
2021-01-24,Alameda,001,1643700,73009,70823,1499,72322,780
2021-01-24,Alpine,003,1148,73,72,0,72,0
2021-01-24,Amador,005,37829,3133,3054,24,3078,30
2021-01-24,Butte,007,227075,10426,9820,1446,11266,133
2021-01-24,Calaveras,009,45235,1710,1704,10,1714,21
2021-01-24,Colusa,011,21464,1730,1689,189,1878,8
2021-01-24,Contra Costa,013,1133247,56962,54694,928,55622,488
2021-01-24,Del Norte,015,27424,885,855,4,859,2
2021-01-24,El Dorado,017,186661,8468,8003,556,8559,66
2021-01-24,Fresno,019,978130,89531,85808,6697,92505,911
2021-01-24,Glenn,021,27897,2088,2026,427,2453,13
2021-01-24,Humboldt,023,135768,2700,2562,17,2579,24
2021-01-24,Imperial,025,180216,26272,25707,2282,27989,488
2021-01-24,Inyo,027,18085,1055,1007,8,1015,27
2021-01-24,Kern,029,883053,86351,83125,8004,91129,785
2021-01-24,Kings,031,150075,20640,19988,818,20806,159
2021-01-24,Lake,033,64148,2815,2724,0,2724,32
2021-01-24,Lassen,035,31185,4892,4828,83,4911,1
2021-01-24,Los Angeles,037,10098052,1096291,1048757,34492,1083249,15119
2021-01-24,Madera,039,155013,14493,14000,686,14686,86
2021-01-24,Marin,041,260295,12191,11872,128,12000,177
2021-01-24,Mariposa,043,17540,346,322,3,325,3
2021-01-24,Mendocino,045,87422,3217,3037,60,3097,33
2021-01-24,Merced,047,269075,25555,25047,706,25753,305
2021-01-24,Modoc,049,8938,301,285,90,375,0
2021-01-24,Mono,051,14174,1119,1113,14,1127,3
2021-01-24,Monterey,053,433212,38638,37527,1269,38796,254
2021-01-24,Napa,055,140530,8252,8005,29,8034,43
2021-01-24,Nevada,057,99092,3558,3349,138,3487,18
2021-01-24,Orange,059,3164182,229659,223853,9157,233010,2632
2021-01-24,Placer,061,380077,18994,17839,922,18761,193
2021-01-24,Plumas,063,18699,610,532,10,542,2
2021-01-24,Riverside,065,2383286,266533,256767,12377,269144,2761
2021-01-24,Sacramento,067,1510023,85945,84110,1012,85122,1112
2021-01-24,San Benito,069,59416,5311,5223,63,5286,43
2021-01-24,San Bernardino,071,2135413,271636,262370,7845,270215,1935
2021-01-24,San Diego,073,3302833,240360,227193,11167,238360,2375
2021-01-24,San Francisco,075,870044,31068,30559,775,31334,275
2021-01-24,San Joaquin,077,732212,61256,59021,2362,61383,838
2021-01-24,San Luis Obispo,079,281455,17607,16758,451,17209,179
2021-01-24,San Mateo,081,765935,35943,33956,314,34270,213
2021-01-24,Santa Barbara,083,443738,28374,26735,832,27567,269
2021-01-24,Santa Clara,085,1922200,100463,98103,441,98544,1109
2021-01-24,Santa Cruz,087,273765,14063,12905,653,13558,133
2021-01-24,Shasta,089,179085,10164,9978,1039,11017,103
2021-01-24,Sierra,091,2930,47,42,12,54,0
2021-01-24,Siskiyou,093,43540,1294,1195,183,1378,4
2021-01-24,Solano,095,438530,27286,26515,299,26814,109
2021-01-24,Sonoma,097,501317,25531,25045,127,25172,233
2021-01-24,Stanislaus,099,539301,45924,44031,4592,48623,599
2021-01-24,Sutter,101,95872,8100,7980,76,8056,83
2021-01-24,Tehama,103,63373,4195,4062,442,4504,20
2021-01-24,Trinity,105,12862,439,262,63,325,3
2021-01-24,Tulare,107,460477,44696,43006,6266,49272,577
2021-01-24,Tuolumne,109,53932,3437,3416,34,3450,29
2021-01-24,Ventura,111,848112,68809,66347,2398,68745,439
2021-01-24,Yolo,113,214977,11800,11210,120,11330,140
2021-01-24,Yuba,115,75493,5035,4875,66,4941,31
2021-01-23,Alameda,001,1643700,72761,70080,1493,71573,780
2021-01-23,Alpine,003,1148,73,72,0,72,0
2021-01-23,Amador,005,37829,3130,3049,24,3073,30
2021-01-23,Butte,007,227075,10397,9757,1443,11200,133
2021-01-23,Calaveras,009,45235,1707,1695,10,1705,21
2021-01-23,Colusa,011,21464,1726,1672,188,1860,8
2021-01-23,Contra Costa,013,1133247,56748,54162,922,55084,487
2021-01-23,Del Norte,015,27424,883,855,4,859,2
2021-01-23,El Dorado,017,186661,8452,7984,554,8538,66
2021-01-23,Fresno,019,978130,89344,85274,6669,91943,910
2021-01-23,Glenn,021,27897,2085,2015,423,2438,13
2021-01-23,Humboldt,023,135768,2681,2493,16,2509,23
2021-01-23,Imperial,025,180216,26238,25581,2270,27851,487
2021-01-23,Inyo,027,18085,1046,987,8,995,27
2021-01-23,Kern,029,883053,86108,82602,7936,90538,783
2021-01-23,Kings,031,150075,20596,19904,816,20720,159
2021-01-23,Lake,033,64148,2806,2673,0,2673,32
2021-01-23,Lassen,035,31185,4891,4816,80,4896,1
2021-01-23,Los Angeles,037,10098052,1093052,1040961,34334,1075295,15034
2021-01-23,Madera,039,155013,14456,13858,683,14541,86
2021-01-23,Marin,041,260295,12135,11796,126,11922,177
2021-01-23,Mariposa,043,17540,346,323,3,326,3
2021-01-23,Mendocino,045,87422,3203,2991,60,3051,32
2021-01-23,Merced,047,269075,25463,24787,692,25479,303
2021-01-23,Modoc,049,8938,301,285,90,375,0
2021-01-23,Mono,051,14174,1117,1111,14,1125,3
2021-01-23,Monterey,053,433212,38555,37165,1264,38429,253
2021-01-23,Napa,055,140530,8227,7893,29,7922,43
2021-01-23,Nevada,057,99092,3547,3332,137,3469,18
2021-01-23,Orange,059,3164182,228890,221722,9117,230839,2618
2021-01-23,Placer,061,380077,18944,17617,917,18534,193
2021-01-23,Plumas,063,18699,609,528,10,538,2
2021-01-23,Riverside,065,2383286,265634,253636,12327,265963,2733
2021-01-23,Sacramento,067,1510023,85717,83408,1009,84417,1108
2021-01-23,San Benito,069,59416,5287,5166,62,5228,43
2021-01-23,San Bernardino,071,2135413,271079,260381,7815,268196,1922
2021-01-23,San Diego,073,3302833,239299,225556,11095,236651,2344
2021-01-23,San Francisco,075,870044,30963,30308,745,31053,268
2021-01-23,San Joaquin,077,732212,61128,58164,2352,60516,836
2021-01-23,San Luis Obispo,079,281455,17543,16652,448,17100,176
2021-01-23,San Mateo,081,765935,35767,33696,303,33999,213
2021-01-23,Santa Barbara,083,443738,28189,26234,823,27057,264
2021-01-23,Santa Clara,085,1922200,100104,97189,440,97629,1086
2021-01-23,Santa Cruz,087,273765,14005,12771,650,13421,127
2021-01-23,Shasta,089,179085,10135,9951,1038,10989,103
2021-01-23,Sierra,091,2930,47,41,12,53,0
2021-01-23,Siskiyou,093,43540,1285,1190,182,1372,4
2021-01-23,Solano,095,438530,27193,26261,297,26558,107
2021-01-23,Sonoma,097,501317,25451,24790,127,24917,232
2021-01-23,Stanislaus,099,539301,45757,43723,4561,48284,599
2021-01-23,Sutter,101,95872,8082,7943,75,8018,80
2021-01-23,Tehama,103,63373,4176,4006,441,4447,20
2021-01-23,Trinity,105,12862,439,262,63,325,3
2021-01-23,Tulare,107,460477,44543,42661,6206,48867,575
2021-01-23,Tuolumne,109,53932,3430,3407,34,3441,29
2021-01-23,Ventura,111,848112,68353,65581,2375,67956,438
2021-01-23,Yolo,113,214977,11759,11087,118,11205,141
2021-01-23,Yuba,115,75493,5023,4831,65,4896,30
2021-01-22,Alameda,001,1643700,72443,69693,1486,71179,751
2021-01-22,Alpine,003,1148,73,71,0,71,0
2021-01-22,Amador,005,37829,3125,3042,24,3066,30
2021-01-22,Butte,007,227075,10353,9711,1430,11141,133
2021-01-22,Calaveras,009,45235,1698,1672,10,1682,21
2021-01-22,Colusa,011,21464,1724,1668,188,1856,7
2021-01-22,Contra Costa,013,1133247,56510,53887,916,54803,485
2021-01-22,Del Norte,015,27424,882,852,4,856,2
2021-01-22,El Dorado,017,186661,8419,7877,551,8428,64
2021-01-22,Fresno,019,978130,89004,84744,6641,91385,892
2021-01-22,Glenn,021,27897,2080,1985,417,2402,13
2021-01-22,Humboldt,023,135768,2657,2452,16,2468,23
2021-01-22,Imperial,025,180216,26204,25562,2255,27817,474
2021-01-22,Inyo,027,18085,1035,961,8,969,26
2021-01-22,Kern,029,883053,85811,82101,7860,89961,771
2021-01-22,Kings,031,150075,20520,19760,812,20572,159
2021-01-22,Lake,033,64148,2794,2681,0,2681,32
2021-01-22,Lassen,035,31185,4882,4765,79,4844,1
2021-01-22,Los Angeles,037,10098052,1088581,1031177,34148,1065325,14777
2021-01-22,Madera,039,155013,14396,13781,682,14463,86
2021-01-22,Marin,041,260295,12098,11769,124,11893,177
2021-01-22,Mariposa,043,17540,346,323,3,326,3
2021-01-22,Mendocino,045,87422,3178,2994,59,3053,32
2021-01-22,Merced,047,269075,25340,24616,685,25301,290
2021-01-22,Modoc,049,8938,301,285,90,375,0
2021-01-22,Mono,051,14174,1117,1108,14,1122,3
2021-01-22,Monterey,053,433212,38402,36909,1259,38168,253
2021-01-22,Napa,055,140530,8181,7828,29,7857,40
2021-01-22,Nevada,057,99092,3522,3296,136,3432,18
2021-01-22,Orange,059,3164182,227937,220384,9070,229454,2542
2021-01-22,Placer,061,380077,18887,17636,902,18538,193
2021-01-22,Plumas,063,18699,607,522,10,532,2
2021-01-22,Riverside,065,2383286,264490,252440,12261,264701,2710
2021-01-22,Sacramento,067,1510023,85387,82861,1001,83862,1094
2021-01-22,San Benito,069,59416,5261,5143,62,5205,43
2021-01-22,San Bernardino,071,2135413,270276,259121,7785,266906,1849
2021-01-22,San Diego,073,3302833,238059,222576,11030,233606,2301
2021-01-22,San Francisco,075,870044,30849,30027,728,30755,266
2021-01-22,San Joaquin,077,732212,60944,58485,2340,60825,812
2021-01-22,San Luis Obispo,079,281455,17454,16336,445,16781,172
2021-01-22,San Mateo,081,765935,35545,33401,300,33701,211
2021-01-22,Santa Barbara,083,443738,27989,25989,812,26801,256
2021-01-22,Santa Clara,085,1922200,99658,96435,437,96872,1062
2021-01-22,Santa Cruz,087,273765,13947,12687,646,13333,123
2021-01-22,Shasta,089,179085,10115,9866,1036,10902,103
2021-01-22,Sierra,091,2930,47,40,12,52,0
2021-01-22,Siskiyou,093,43540,1281,1182,180,1362,4
2021-01-22,Solano,095,438530,27102,26048,295,26343,107
2021-01-22,Sonoma,097,501317,25366,24659,127,24786,232
2021-01-22,Stanislaus,099,539301,45591,43489,4535,48024,599
2021-01-22,Sutter,101,95872,8057,7878,75,7953,80
2021-01-22,Tehama,103,63373,4162,3993,439,4432,19
2021-01-22,Trinity,105,12862,438,263,63,326,3
2021-01-22,Tulare,107,460477,44364,42307,6139,48446,573
2021-01-22,Tuolumne,109,53932,3402,3379,34,3413,29
2021-01-22,Ventura,111,848112,67840,64404,2356,66760,426
2021-01-22,Yolo,113,214977,11726,11014,116,11130,141
2021-01-22,Yuba,115,75493,4999,4789,63,4852,29
2021-01-21,Alameda,001,1643700,72007,69314,1469,70783,739
2021-01-21,Alpine,003,1148,73,71,0,71,0
2021-01-21,Amador,005,37829,3103,3038,24,3062,29
2021-01-21,Butte,007,227075,10289,9643,1423,11066,130
2021-01-21,Calaveras,009,45235,1690,1647,10,1657,21
2021-01-21,Colusa,011,21464,1717,1662,186,1848,7
2021-01-21,Contra Costa,013,1133247,56120,53595,904,54499,478
2021-01-21,Del Norte,015,27424,880,850,3,853,2
2021-01-21,El Dorado,017,186661,8369,7823,548,8371,58
2021-01-21,Fresno,019,978130,88600,84137,6601,90738,889
2021-01-21,Glenn,021,27897,2072,1964,412,2376,13
2021-01-21,Humboldt,023,135768,2634,2423,16,2439,23
2021-01-21,Imperial,025,180216,26118,25509,2243,27752,463
2021-01-21,Inyo,027,18085,1026,946,8,954,26
2021-01-21,Kern,029,883053,85398,81328,7745,89073,769
2021-01-21,Kings,031,150075,20449,19633,795,20428,158
2021-01-21,Lake,033,64148,2780,2669,0,2669,32
2021-01-21,Lassen,035,31185,4875,4763,79,4842,1
2021-01-21,Los Angeles,037,10098052,1081914,1023055,33836,1056891,14537
2021-01-21,Madera,039,155013,14332,13664,674,14338,86
2021-01-21,Marin,041,260295,12044,11732,122,11854,173
2021-01-21,Mariposa,043,17540,342,322,3,325,3
2021-01-21,Mendocino,045,87422,3155,2967,57,3024,32
2021-01-21,Merced,047,269075,25185,24426,678,25104,245
2021-01-21,Modoc,049,8938,298,284,89,373,0
2021-01-21,Mono,051,14174,1112,1104,14,1118,3
2021-01-21,Monterey,053,433212,38121,36149,1250,37399,253
2021-01-21,Napa,055,140530,8117,7774,29,7803,40
2021-01-21,Nevada,057,99092,3493,3274,135,3409,18
2021-01-21,Orange,059,3164182,226561,218867,9016,227883,2540
2021-01-21,Placer,061,380077,18809,17553,898,18451,190
2021-01-21,Plumas,063,18699,603,518,10,528,2
2021-01-21,Riverside,065,2383286,262774,251007,12183,263190,2676
2021-01-21,Sacramento,067,1510023,84908,82303,981,83284,1084
2021-01-21,San Benito,069,59416,5231,5100,57,5157,43
2021-01-21,San Bernardino,071,2135413,268958,257754,7720,265474,1832
2021-01-21,San Diego,073,3302833,236284,219729,10923,230652,2222
2021-01-21,San Francisco,075,870044,30677,29801,694,30495,266
2021-01-21,San Joaquin,077,732212,60638,58270,2322,60592,806
2021-01-21,San Luis Obispo,079,281455,17368,16153,437,16590,169
2021-01-21,San Mateo,081,765935,35299,33156,287,33443,210
2021-01-21,Santa Barbara,083,443738,27701,25654,799,26453,253
2021-01-21,Santa Clara,085,1922200,99071,96028,432,96460,1062
2021-01-21,Santa Cruz,087,273765,13863,12548,636,13184,119
2021-01-21,Shasta,089,179085,10072,9795,1021,10816,98
2021-01-21,Sierra,091,2930,47,40,12,52,0
2021-01-21,Siskiyou,093,43540,1278,1178,178,1356,4
2021-01-21,Solano,095,438530,26923,25885,291,26176,106
2021-01-21,Sonoma,097,501317,25226,24440,125,24565,230
2021-01-21,Stanislaus,099,539301,45293,43223,4491,47714,599
2021-01-21,Sutter,101,95872,8023,7822,75,7897,80
2021-01-21,Tehama,103,63373,4123,3938,438,4376,19
2021-01-21,Trinity,105,12862,438,261,63,324,3
2021-01-21,Tulare,107,460477,44153,42082,6065,48147,569
2021-01-21,Tuolumne,109,53932,3392,3365,33,3398,29
2021-01-21,Ventura,111,848112,67141,63995,2336,66331,420
2021-01-21,Yolo,113,214977,11635,10940,108,11048,141
2021-01-21,Yuba,115,75493,4967,4757,62,4819,29
2021-01-20,Alameda,001,1643700,71534,68785,1453,70238,702
2021-01-20,Alpine,003,1148,73,71,0,71,0
2021-01-20,Amador,005,37829,3072,3036,24,3060,29
2021-01-20,Butte,007,227075,10233,9582,1413,10995,130
2021-01-20,Calaveras,009,45235,1668,1637,9,1646,21
2021-01-20,Colusa,011,21464,1700,1630,181,1811,7
2021-01-20,Contra Costa,013,1133247,55695,53108,895,54003,461
2021-01-20,Del Norte,015,27424,879,848,3,851,2
2021-01-20,El Dorado,017,186661,8319,7785,545,8330,53
2021-01-20,Fresno,019,978130,88181,83591,6547,90138,872
2021-01-20,Glenn,021,27897,2053,1955,410,2365,13
2021-01-20,Humboldt,023,135768,2591,2390,16,2406,22
2021-01-20,Imperial,025,180216,26046,25380,2209,27589,461
2021-01-20,Inyo,027,18085,1016,901,8,909,26
2021-01-20,Kern,029,883053,84948,80701,7639,88340,754
2021-01-20,Kings,031,150075,20359,19522,787,20309,146
2021-01-20,Lake,033,64148,2760,2646,0,2646,31
2021-01-20,Lassen,035,31185,4867,4758,77,4835,1
2021-01-20,Los Angeles,037,10098052,1074410,1015608,33557,1049165,14299
2021-01-20,Madera,039,155013,14267,13585,670,14255,86
2021-01-20,Marin,041,260295,11988,11684,120,11804,171
2021-01-20,Mariposa,043,17540,340,322,3,325,3
2021-01-20,Mendocino,045,87422,3140,2957,57,3014,32
2021-01-20,Merced,047,269075,25012,24220,656,24876,243
2021-01-20,Modoc,049,8938,297,282,89,371,0
2021-01-20,Mono,051,14174,1105,1105,13,1118,3
2021-01-20,Monterey,053,433212,37809,35960,1230,37190,249
2021-01-20,Napa,055,140530,8048,7731,29,7760,40
2021-01-20,Nevada,057,99092,3461,3238,135,3373,18
2021-01-20,Orange,059,3164182,225025,216893,8955,225848,2500
2021-01-20,Placer,061,380077,18715,17455,880,18335,186
2021-01-20,Plumas,063,18699,601,512,10,522,2
2021-01-20,Riverside,065,2383286,260730,248686,12100,260786,2615
2021-01-20,Sacramento,067,1510023,84348,81687,971,82658,1072
2021-01-20,San Benito,069,59416,5200,5036,56,5092,35
2021-01-20,San Bernardino,071,2135413,267636,255921,7673,263594,1801
2021-01-20,San Diego,073,3302833,234429,218553,10819,229372,2174
2021-01-20,San Francisco,075,870044,30490,29665,673,30338,262
2021-01-20,San Joaquin,077,732212,60234,58025,2313,60338,783
2021-01-20,San Luis Obispo,079,281455,17186,15936,428,16364,164
2021-01-20,San Mateo,081,765935,35072,32929,286,33215,210
2021-01-20,Santa Barbara,083,443738,27383,25312,787,26099,248
2021-01-20,Santa Clara,085,1922200,98426,94995,430,95425,1040
2021-01-20,Santa Cruz,087,273765,13756,12460,623,13083,107
2021-01-20,Shasta,089,179085,10020,9697,1011,10708,98
2021-01-20,Sierra,091,2930,47,40,12,52,0
2021-01-20,Siskiyou,093,43540,1271,1163,177,1340,4
2021-01-20,Solano,095,438530,26730,25659,287,25946,106
2021-01-20,Sonoma,097,501317,25089,24262,123,24385,223
2021-01-20,Stanislaus,099,539301,45013,42955,4453,47408,585
2021-01-20,Sutter,101,95872,7972,7772,73,7845,80
2021-01-20,Tehama,103,63373,4097,3892,435,4327,19
2021-01-20,Trinity,105,12862,438,260,63,323,3
2021-01-20,Tulare,107,460477,43896,41799,5975,47774,559
2021-01-20,Tuolumne,109,53932,3378,3355,32,3387,29
2021-01-20,Ventura,111,848112,66180,63413,2307,65720,395
2021-01-20,Yolo,113,214977,11570,10852,105,10957,141
2021-01-20,Yuba,115,75493,4940,4729,62,4791,29
2021-01-19,Alameda,001,1643700,70894,68434,1444,69878,680
2021-01-19,Alpine,003,1148,73,71,0,71,0
2021-01-19,Amador,005,37829,3063,3024,24,3048,28
2021-01-19,Butte,007,227075,10170,9528,1399,10927,129
2021-01-19,Calaveras,009,45235,1653,1621,8,1629,21
2021-01-19,Colusa,011,21464,1678,1617,178,1795,7
2021-01-19,Contra Costa,013,1133247,55232,52730,885,53615,448
2021-01-19,Del Norte,015,27424,877,843,3,846,2
2021-01-19,El Dorado,017,186661,8258,7743,537,8280,47
2021-01-19,Fresno,019,978130,87659,83200,6497,89697,857
2021-01-19,Glenn,021,27897,2041,1948,405,2353,13
2021-01-19,Humboldt,023,135768,2567,2359,13,2372,22
2021-01-19,Imperial,025,180216,25965,25333,2192,27525,452
2021-01-19,Inyo,027,18085,1008,891,8,899,26
2021-01-19,Kern,029,883053,84360,80272,7534,87806,742
2021-01-19,Kings,031,150075,20220,19375,777,20152,143
2021-01-19,Lake,033,64148,2747,2625,0,2625,31
2021-01-19,Lassen,035,31185,4860,4753,77,4830,1
2021-01-19,Los Angeles,037,10098052,1065733,1010375,33290,1043665,14014
2021-01-19,Madera,039,155013,14156,13528,665,14193,86
2021-01-19,Marin,041,260295,11933,11654,116,11770,169
2021-01-19,Mariposa,043,17540,340,322,3,325,3
2021-01-19,Mendocino,045,87422,3123,2930,57,2987,32
2021-01-19,Merced,047,269075,24800,24108,647,24755,242
2021-01-19,Modoc,049,8938,296,281,89,370,0
2021-01-19,Mono,051,14174,1104,1106,13,1119,3
2021-01-19,Monterey,053,433212,37508,35840,1209,37049,248
2021-01-19,Napa,055,140530,7990,7672,29,7701,38
2021-01-19,Nevada,057,99092,3443,3216,133,3349,18
2021-01-19,Orange,059,3164182,223292,215244,8888,224132,2468
2021-01-19,Placer,061,380077,18618,17348,870,18218,182
2021-01-19,Plumas,063,18699,594,509,10,519,2
2021-01-19,Riverside,065,2383286,258643,246248,12022,258270,2585
2021-01-19,Sacramento,067,1510023,83811,81183,951,82134,1053
2021-01-19,San Benito,069,59416,5154,4988,55,5043,35
2021-01-19,San Bernardino,071,2135413,265932,253651,7619,261270,1777
2021-01-19,San Diego,073,3302833,232006,216833,10721,227554,2109
2021-01-19,San Francisco,075,870044,30271,29502,642,30144,261
2021-01-19,San Joaquin,077,732212,59854,57655,2302,59957,782
2021-01-19,San Luis Obispo,079,281455,16923,15855,425,16280,161
2021-01-19,San Mateo,081,765935,34787,32730,275,33005,208
2021-01-19,Santa Barbara,083,443738,26999,24991,771,25762,236
2021-01-19,Santa Clara,085,1922200,97691,94483,429,94912,1010
2021-01-19,Santa Cruz,087,273765,13639,12410,615,13025,106
2021-01-19,Shasta,089,179085,9984,9614,1001,10615,93
2021-01-19,Sierra,091,2930,47,40,10,50,0
2021-01-19,Siskiyou,093,43540,1263,1149,175,1324,4
2021-01-19,Solano,095,438530,26482,25520,286,25806,106
2021-01-19,Sonoma,097,501317,24909,24133,121,24254,223
2021-01-19,Stanislaus,099,539301,44665,42723,4408,47131,561
2021-01-19,Sutter,101,95872,7922,7709,67,7776,80
2021-01-19,Tehama,103,63373,4067,3876,433,4309,19
2021-01-19,Trinity,105,12862,437,260,63,323,3
2021-01-19,Tulare,107,460477,43617,41559,5880,47439,549
2021-01-19,Tuolumne,109,53932,3351,3328,32,3360,29
2021-01-19,Ventura,111,848112,65496,62656,2280,64936,383
2021-01-19,Yolo,113,214977,11485,10789,105,10894,134
2021-01-19,Yuba,115,75493,4906,4695,61,4756,29
2021-01-18,Alameda,001,1643700,70261,67938,1427,69365,680
2021-01-18,Alpine,003,1148,73,71,0,71,0
2021-01-18,Amador,005,37829,3049,3016,24,3040,28
2021-01-18,Butte,007,227075,10084,9474,1387,10861,129
2021-01-18,Calaveras,009,45235,1632,1617,7,1624,21
2021-01-18,Colusa,011,21464,1662,1608,176,1784,7
2021-01-18,Contra Costa,013,1133247,54723,52323,877,53200,448
2021-01-18,Del Norte,015,27424,876,840,3,843,2
2021-01-18,El Dorado,017,186661,8192,7707,535,8242,47
2021-01-18,Fresno,019,978130,87049,82485,6431,88916,857
2021-01-18,Glenn,021,27897,2024,1935,401,2336,13
2021-01-18,Humboldt,023,135768,2529,2343,13,2356,22
2021-01-18,Imperial,025,180216,25898,25317,2168,27485,452
2021-01-18,Inyo,027,18085,996,872,8,880,26
2021-01-18,Kern,029,883053,83723,79930,7443,87373,740
2021-01-18,Kings,031,150075,20050,19267,765,20032,141
2021-01-18,Lake,033,64148,2730,2591,0,2591,30
2021-01-18,Lassen,035,31185,4824,4749,76,4825,1
2021-01-18,Los Angeles,037,10098052,1056224,1002614,33006,1035620,13828
2021-01-18,Madera,039,155013,14054,13443,656,14099,85
2021-01-18,Marin,041,260295,11887,11607,114,11721,165
2021-01-18,Mariposa,043,17540,337,320,2,322,3
2021-01-18,Mendocino,045,87422,3100,2919,57,2976,31
2021-01-18,Merced,047,269075,24555,23927,631,24558,242
2021-01-18,Modoc,049,8938,293,281,86,367,0
2021-01-18,Mono,051,14174,1101,1101,13,1114,3
2021-01-18,Monterey,053,433212,37064,35549,1195,36744,247
2021-01-18,Napa,055,140530,7917,7601,29,7630,38
2021-01-18,Nevada,057,99092,3405,3199,133,3332,17
2021-01-18,Orange,059,3164182,221402,213866,8834,222700,2405
2021-01-18,Placer,061,380077,18502,17263,861,18124,182
2021-01-18,Plumas,063,18699,591,506,10,516,2
2021-01-18,Riverside,065,2383286,256332,244151,11929,256080,2568
2021-01-18,Sacramento,067,1510023,83141,80546,935,81481,1046
2021-01-18,San Benito,069,59416,5106,4963,53,5016,35
2021-01-18,San Bernardino,071,2135413,264211,252808,7564,260372,1775
2021-01-18,San Diego,073,3302833,229358,214335,10592,224927,2103
2021-01-18,San Francisco,075,870044,30064,29321,618,29939,259
2021-01-18,San Joaquin,077,732212,59342,57405,2281,59686,782
2021-01-18,San Luis Obispo,079,281455,16736,15742,415,16157,158
2021-01-18,San Mateo,081,765935,34475,32515,256,32771,208
2021-01-18,Santa Barbara,083,443738,26620,24638,758,25396,235
2021-01-18,Santa Clara,085,1922200,96904,93688,425,94113,992
2021-01-18,Santa Cruz,087,273765,13506,12298,602,12900,106
2021-01-18,Shasta,089,179085,9945,9600,991,10591,92
2021-01-18,Sierra,091,2930,46,40,10,50,0
2021-01-18,Siskiyou,093,43540,1250,1144,174,1318,4
2021-01-18,Solano,095,438530,26204,25344,282,25626,105
2021-01-18,Sonoma,097,501317,24641,24068,120,24188,223
2021-01-18,Stanislaus,099,539301,44308,42413,4352,46765,562
2021-01-18,Sutter,101,95872,7865,7680,65,7745,78
2021-01-18,Tehama,103,63373,4022,3854,426,4280,19
2021-01-18,Trinity,105,12862,437,260,63,323,3
2021-01-18,Tulare,107,460477,43327,41196,5774,46970,549
2021-01-18,Tuolumne,109,53932,3327,3318,31,3349,28
2021-01-18,Ventura,111,848112,65063,61859,2258,64117,379
2021-01-18,Yolo,113,214977,11363,10620,102,10722,134
2021-01-18,Yuba,115,75493,4879,4671,59,4730,29
2021-01-17,Alameda,001,1643700,69697,67375,1409,68784,676
2021-01-17,Alpine,003,1148,73,71,0,71,0
2021-01-17,Amador,005,37829,3042,3001,24,3025,28
2021-01-17,Butte,007,227075,10009,9411,1363,10774,129
2021-01-17,Calaveras,009,45235,1619,1608,7,1615,21
2021-01-17,Colusa,011,21464,1649,1588,172,1760,7
2021-01-17,Contra Costa,013,1133247,54216,51932,866,52798,447
2021-01-17,Del Norte,015,27424,876,838,3,841,2
2021-01-17,El Dorado,017,186661,8137,7659,524,8183,47
2021-01-17,Fresno,019,978130,86495,82039,6356,88395,857
2021-01-17,Glenn,021,27897,2013,1924,396,2320,9
2021-01-17,Humboldt,023,135768,2493,2322,11,2333,22
2021-01-17,Imperial,025,180216,25829,25253,2127,27380,451
2021-01-17,Inyo,027,18085,990,864,8,872,26
2021-01-17,Kern,029,883053,83174,79489,7357,86846,738
2021-01-17,Kings,031,150075,19914,19201,751,19952,131
2021-01-17,Lake,033,64148,2716,2572,0,2572,30
2021-01-17,Lassen,035,31185,4816,4740,75,4815,1
2021-01-17,Los Angeles,037,10098052,1049564,993028,32616,1025644,13741
2021-01-17,Madera,039,155013,13964,13328,652,13980,85
2021-01-17,Marin,041,260295,11838,11552,112,11664,164
2021-01-17,Mariposa,043,17540,337,319,2,321,3
2021-01-17,Mendocino,045,87422,3072,2912,56,2968,31
2021-01-17,Merced,047,269075,24343,23800,613,24413,242
2021-01-17,Modoc,049,8938,292,279,86,365,0
2021-01-17,Mono,051,14174,1094,1091,12,1103,3
2021-01-17,Monterey,053,433212,36820,35340,1169,36509,244
2021-01-17,Napa,055,140530,7861,7521,29,7550,38
2021-01-17,Nevada,057,99092,3380,3176,131,3307,17
2021-01-17,Orange,059,3164182,219408,212389,8761,221150,2359
2021-01-17,Placer,061,380077,18396,17194,846,18040,181
2021-01-17,Plumas,063,18699,589,505,9,514,2
2021-01-17,Riverside,065,2383286,254221,242206,11813,254019,2534
2021-01-17,Sacramento,067,1510023,82541,80154,923,81077,1045
2021-01-17,San Benito,069,59416,5068,4941,53,4994,35
2021-01-17,San Bernardino,071,2135413,262113,251487,7477,258964,1775
2021-01-17,San Diego,073,3302833,227164,211785,10485,222270,2103
2021-01-17,San Francisco,075,870044,29875,29139,581,29720,255
2021-01-17,San Joaquin,077,732212,58986,57094,2267,59361,780
2021-01-17,San Luis Obispo,079,281455,16614,15658,406,16064,157
2021-01-17,San Mateo,081,765935,34223,32186,233,32419,208
2021-01-17,Santa Barbara,083,443738,26159,24401,746,25147,235
2021-01-17,Santa Clara,085,1922200,96144,92752,422,93174,976
2021-01-17,Santa Cruz,087,273765,13394,12196,599,12795,106
2021-01-17,Shasta,089,179085,9887,9588,983,10571,92
2021-01-17,Sierra,091,2930,46,38,9,47,0
2021-01-17,Siskiyou,093,43540,1243,1136,171,1307,4
2021-01-17,Solano,095,438530,25978,25216,280,25496,105
2021-01-17,Sonoma,097,501317,24467,23871,120,23991,223
2021-01-17,Stanislaus,099,539301,43988,42221,4289,46510,562
2021-01-17,Sutter,101,95872,7802,7604,64,7668,77
2021-01-17,Tehama,103,63373,3991,3837,422,4259,18
2021-01-17,Trinity,105,12862,437,261,63,324,3
2021-01-17,Tulare,107,460477,43040,41016,5658,46674,549
2021-01-17,Tuolumne,109,53932,3310,3287,31,3318,27
2021-01-17,Ventura,111,848112,64212,61257,2211,63468,376
2021-01-17,Yolo,113,214977,11264,10519,100,10619,134
2021-01-17,Yuba,115,75493,4832,4640,56,4696,28
2021-01-16,Alameda,001,1643700,69375,66583,1397,67980,673
2021-01-16,Alpine,003,1148,73,71,0,71,0
2021-01-16,Amador,005,37829,3039,2986,24,3010,28
2021-01-16,Butte,007,227075,9978,9359,1343,10702,129
2021-01-16,Calaveras,009,45235,1606,1596,7,1603,21
2021-01-16,Colusa,011,21464,1638,1578,172,1750,7
2021-01-16,Contra Costa,013,1133247,53937,51363,859,52222,443
2021-01-16,Del Norte,015,27424,871,833,3,836,2
2021-01-16,El Dorado,017,186661,8115,7575,523,8098,47
2021-01-16,Fresno,019,978130,86220,81294,6302,87596,846
2021-01-16,Glenn,021,27897,2009,1894,393,2287,9
2021-01-16,Humboldt,023,135768,2473,2294,9,2303,22
2021-01-16,Imperial,025,180216,25791,25140,2120,27260,451
2021-01-16,Inyo,027,18085,986,845,8,853,25
2021-01-16,Kern,029,883053,82807,78865,7303,86168,733
2021-01-16,Kings,031,150075,19858,19072,748,19820,131
2021-01-16,Lake,033,64148,2704,2504,0,2504,30
2021-01-16,Lassen,035,31185,4804,4719,75,4794,1
2021-01-16,Los Angeles,037,10098052,1045478,982684,32382,1015066,13654
2021-01-16,Madera,039,155013,13898,13193,647,13840,85
2021-01-16,Marin,041,260295,11796,11482,112,11594,164
2021-01-16,Mariposa,043,17540,336,317,2,319,3
2021-01-16,Mendocino,045,87422,3058,2890,53,2943,31
2021-01-16,Merced,047,269075,24256,23478,599,24077,242
2021-01-16,Modoc,049,8938,292,278,86,364,0
2021-01-16,Mono,051,14174,1092,1079,12,1091,3
2021-01-16,Monterey,053,433212,36709,34972,1153,36125,243
2021-01-16,Napa,055,140530,7822,7356,29,7385,39
2021-01-16,Nevada,057,99092,3347,3144,131,3275,17
2021-01-16,Orange,059,3164182,218375,210111,8705,218816,2312
2021-01-16,Placer,061,380077,18332,16995,844,17839,177
2021-01-16,Plumas,063,18699,587,502,9,511,2
2021-01-16,Riverside,065,2383286,252863,239412,11698,251110,2506
2021-01-16,Sacramento,067,1510023,82167,79122,906,80028,1033
2021-01-16,San Benito,069,59416,5035,4875,53,4928,35
2021-01-16,San Bernardino,071,2135413,261286,249401,7410,256811,1755
2021-01-16,San Diego,073,3302833,225866,209895,10388,220283,2065
2021-01-16,San Francisco,075,870044,29746,28853,550,29403,244
2021-01-16,San Joaquin,077,732212,58743,56642,2234,58876,776
2021-01-16,San Luis Obispo,079,281455,16513,15466,404,15870,152
2021-01-16,San Mateo,081,765935,34058,31805,227,32032,208
2021-01-16,Santa Barbara,083,443738,25958,24088,742,24830,229
2021-01-16,Santa Clara,085,1922200,95649,91584,415,91999,954
2021-01-16,Santa Cruz,087,273765,13335,12026,597,12623,106
2021-01-16,Shasta,089,179085,9854,9547,979,10526,92
2021-01-16,Sierra,091,2930,45,38,9,47,0
2021-01-16,Siskiyou,093,43540,1238,1124,171,1295,4
2021-01-16,Solano,095,438530,25869,24732,276,25008,103
2021-01-16,Sonoma,097,501317,24376,23607,119,23726,223
2021-01-16,Stanislaus,099,539301,43800,41809,4239,46048,562
2021-01-16,Sutter,101,95872,7770,7560,64,7624,76
2021-01-16,Tehama,103,63373,3977,3783,422,4205,18
2021-01-16,Trinity,105,12862,437,261,63,324,3
2021-01-16,Tulare,107,460477,42861,40655,5585,46240,542
2021-01-16,Tuolumne,109,53932,3302,3269,31,3300,27
2021-01-16,Ventura,111,848112,63659,60368,2181,62549,369
2021-01-16,Yolo,113,214977,11213,10406,99,10505,134
2021-01-16,Yuba,115,75493,4804,4602,56,4658,27
2021-01-15,Alameda,001,1643700,68949,65416,1386,66802,672
2021-01-15,Alpine,003,1148,73,71,0,71,0
2021-01-15,Amador,005,37829,3032,2953,24,2977,28
2021-01-15,Butte,007,227075,9936,9233,1329,10562,129
2021-01-15,Calaveras,009,45235,1599,1538,7,1545,21
2021-01-15,Colusa,011,21464,1627,1541,167,1708,7
2021-01-15,Contra Costa,013,1133247,53601,50408,852,51260,428
2021-01-15,Del Norte,015,27424,867,828,2,830,2
2021-01-15,El Dorado,017,186661,8065,7439,515,7954,47
2021-01-15,Fresno,019,978130,85682,79950,6266,86216,832
2021-01-15,Glenn,021,27897,2005,1824,390,2214,9
2021-01-15,Humboldt,023,135768,2446,2218,8,2226,22
2021-01-15,Imperial,025,180216,25755,24944,2114,27058,446
2021-01-15,Inyo,027,18085,969,814,8,822,25
2021-01-15,Kern,029,883053,82391,77873,7238,85111,719
2021-01-15,Kings,031,150075,19749,18661,742,19403,131
2021-01-15,Lake,033,64148,2678,2434,0,2434,28
2021-01-15,Lassen,035,31185,4793,4693,73,4766,1
2021-01-15,Los Angeles,037,10098052,1038424,968979,32100,1001079,13404
2021-01-15,Madera,039,155013,13808,12883,643,13526,85
2021-01-15,Marin,041,260295,11740,11310,112,11422,160
2021-01-15,Mariposa,043,17540,334,307,2,309,3
2021-01-15,Mendocino,045,87422,3047,2835,53,2888,31
2021-01-15,Merced,047,269075,24143,23060,595,23655,239
2021-01-15,Modoc,049,8938,292,278,84,362,0
2021-01-15,Mono,051,14174,1089,1057,12,1069,3
2021-01-15,Monterey,053,433212,36492,34460,1096,35556,243
2021-01-15,Napa,055,140530,7760,7231,29,7260,38
2021-01-15,Nevada,057,99092,3334,3099,128,3227,17
2021-01-15,Orange,059,3164182,217021,207129,8653,215782,2254
2021-01-15,Placer,061,380077,18227,16712,835,17547,173
2021-01-15,Plumas,063,18699,584,499,9,508,2
2021-01-15,Riverside,065,2383286,250998,235235,11619,246854,2458
2021-01-15,Sacramento,067,1510023,81744,80279,898,81177,1023
2021-01-15,San Benito,069,59416,4996,4766,51,4817,35
2021-01-15,San Bernardino,071,2135413,260103,246182,7348,253530,1726
2021-01-15,San Diego,073,3302833,224117,206868,10323,217191,2037
2021-01-15,San Francisco,075,870044,29572,28574,530,29104,242
2021-01-15,San Joaquin,077,732212,58515,55885,2220,58105,748
2021-01-15,San Luis Obispo,079,281455,16380,15129,399,15528,148
2021-01-15,San Mateo,081,765935,33813,31291,223,31514,208
2021-01-15,Santa Barbara,083,443738,25675,23487,738,24225,226
2021-01-15,Santa Clara,085,1922200,94988,90103,410,90513,942
2021-01-15,Santa Cruz,087,273765,13226,11776,584,12360,105
2021-01-15,Shasta,089,179085,9815,9459,972,10431,91
2021-01-15,Sierra,091,2930,44,36,7,43,0
2021-01-15,Siskiyou,093,43540,1234,1119,171,1290,4
2021-01-15,Solano,095,438530,25721,24222,274,24496,103
2021-01-15,Sonoma,097,501317,24245,23204,118,23322,222
2021-01-15,Stanislaus,099,539301,43550,41178,4197,45375,562
2021-01-15,Sutter,101,95872,7723,7484,63,7547,75
2021-01-15,Tehama,103,63373,3955,3714,421,4135,17
2021-01-15,Trinity,105,12862,437,262,63,325,3
2021-01-15,Tulare,107,460477,42619,39951,5502,45453,535
2021-01-15,Tuolumne,109,53932,3286,3231,31,3262,27
2021-01-15,Ventura,111,848112,62916,59061,2148,61209,353
2021-01-15,Yolo,113,214977,11155,10240,98,10338,134
2021-01-15,Yuba,115,75493,4784,4549,56,4605,27
2021-01-14,Alameda,001,1643700,68322,64364,1371,65735,686
2021-01-14,Alpine,003,1148,73,71,0,71,0
2021-01-14,Amador,005,37829,3026,2940,24,2964,28
2021-01-14,Butte,007,227075,9848,9127,1307,10434,129
2021-01-14,Calaveras,009,45235,1582,1513,7,1520,21
2021-01-14,Colusa,011,21464,1612,1535,161,1696,7
2021-01-14,Contra Costa,013,1133247,53058,49545,840,50385,415
2021-01-14,Del Norte,015,27424,861,821,2,823,2
2021-01-14,El Dorado,017,186661,7991,7321,508,7829,45
2021-01-14,Fresno,019,978130,85048,79033,6186,85219,814
2021-01-14,Glenn,021,27897,1993,1798,385,2183,9
2021-01-14,Humboldt,023,135768,2403,2169,8,2177,22
2021-01-14,Imperial,025,180216,25649,24882,2084,26966,447
2021-01-14,Inyo,027,18085,962,790,8,798,25
2021-01-14,Kern,029,883053,81719,77070,7137,84207,705
2021-01-14,Kings,031,150075,19619,18405,738,19143,108
2021-01-14,Lake,033,64148,2639,2378,0,2378,27
2021-01-14,Lassen,035,31185,4783,4673,71,4744,1
2021-01-14,Los Angeles,037,10098052,1028393,954652,31734,986386,13147
2021-01-14,Madera,039,155013,13693,12742,634,13376,85
2021-01-14,Marin,041,260295,11664,11155,111,11266,159
2021-01-14,Mariposa,043,17540,331,302,2,304,3
2021-01-14,Mendocino,045,87422,3033,2801,51,2852,31
2021-01-14,Merced,047,269075,23917,22780,585,23365,239
2021-01-14,Modoc,049,8938,292,273,84,357,0
2021-01-14,Mono,051,14174,1081,1020,12,1032,3
2021-01-14,Monterey,053,433212,36071,34105,1074,35179,242
2021-01-14,Napa,055,140530,7674,7117,29,7146,38
2021-01-14,Nevada,057,99092,3307,3075,126,3201,17
2021-01-14,Orange,059,3164182,215114,204442,8569,213011,2162
2021-01-14,Placer,061,380077,18066,16488,828,17316,169
2021-01-14,Plumas,063,18699,576,496,9,505,2
2021-01-14,Riverside,065,2383286,248351,231684,11518,243202,2357
2021-01-14,Sacramento,067,1510023,81105,79137,875,80012,1007
2021-01-14,San Benito,069,59416,4960,4678,50,4728,35
2021-01-14,San Bernardino,071,2135413,258120,243379,7277,250656,1750
2021-01-14,San Diego,073,3302833,221722,204173,10203,214376,2005
2021-01-14,San Francisco,075,870044,29325,28200,484,28684,238
2021-01-14,San Joaquin,077,732212,57995,55058,2207,57265,739
2021-01-14,San Luis Obispo,079,281455,16218,14851,390,15241,146
2021-01-14,San Mateo,081,765935,33444,30694,214,30908,208
2021-01-14,Santa Barbara,083,443738,25254,23126,721,23847,219
2021-01-14,Santa Clara,085,1922200,94077,88505,404,88909,910
2021-01-14,Santa Cruz,087,273765,13079,11583,569,12152,109
2021-01-14,Shasta,089,179085,9766,9334,956,10290,90
2021-01-14,Sierra,091,2930,44,35,6,41,0
2021-01-14,Siskiyou,093,43540,1222,1108,168,1276,3
2021-01-14,Solano,095,438530,25460,23782,270,24052,103
2021-01-14,Sonoma,097,501317,24005,22910,118,23028,202
2021-01-14,Stanislaus,099,539301,43223,40597,4156,44753,574
2021-01-14,Sutter,101,95872,7664,7416,60,7476,74
2021-01-14,Tehama,103,63373,3926,3664,417,4081,17
2021-01-14,Trinity,105,12862,437,261,62,323,3
2021-01-14,Tulare,107,460477,42235,39565,5393,44958,533
2021-01-14,Tuolumne,109,53932,3265,3215,31,3246,28
2021-01-14,Ventura,111,848112,62042,57941,2111,60052,347
2021-01-14,Yolo,113,214977,11052,10097,92,10189,135
2021-01-14,Yuba,115,75493,4752,4496,56,4552,27
2021-01-13,Alameda,001,1643700,67571,63568,1353,64921,690
2021-01-13,Alpine,003,1148,73,71,0,71,0
2021-01-13,Amador,005,37829,3012,2914,24,2938,26
2021-01-13,Butte,007,227075,9767,9013,1292,10305,126
2021-01-13,Calaveras,009,45235,1560,1493,7,1500,21
2021-01-13,Colusa,011,21464,1602,1524,153,1677,7
2021-01-13,Contra Costa,013,1133247,52485,48877,829,49706,403
2021-01-13,Del Norte,015,27424,857,820,2,822,2
2021-01-13,El Dorado,017,186661,7897,7247,500,7747,43
2021-01-13,Fresno,019,978130,84329,78278,6145,84423,804
2021-01-13,Glenn,021,27897,1977,1792,376,2168,9
2021-01-13,Humboldt,023,135768,2370,2114,8,2122,22
2021-01-13,Imperial,025,180216,25525,24717,2052,26769,463
2021-01-13,Inyo,027,18085,950,785,8,793,25
2021-01-13,Kern,029,883053,81062,76049,7047,83096,704
2021-01-13,Kings,031,150075,19452,18121,717,18838,108
2021-01-13,Lake,033,64148,2598,2305,0,2305,27
2021-01-13,Lassen,035,31185,4776,4663,70,4733,1
2021-01-13,Los Angeles,037,10098052,1017599,937985,31336,969321,12873
2021-01-13,Madera,039,155013,13577,12570,629,13199,85
2021-01-13,Marin,041,260295,11612,11039,111,11150,161
2021-01-13,Mariposa,043,17540,329,304,2,306,3
2021-01-13,Mendocino,045,87422,3013,2790,51,2841,31
2021-01-13,Merced,047,269075,23678,22497,571,23068,241
2021-01-13,Modoc,049,8938,291,274,81,355,0
2021-01-13,Mono,051,14174,1077,1017,12,1029,3
2021-01-13,Monterey,053,433212,35646,33748,1050,34798,241
2021-01-13,Napa,055,140530,7560,7028,29,7057,36
2021-01-13,Nevada,057,99092,3283,3037,123,3160,17
2021-01-13,Orange,059,3164182,213042,201158,8499,209657,2172
2021-01-13,Placer,061,380077,17941,16272,814,17086,172
2021-01-13,Plumas,063,18699,574,490,9,499,2
2021-01-13,Riverside,065,2383286,245204,228192,11405,239597,2278
2021-01-13,Sacramento,067,1510023,80444,78268,868,79136,996
2021-01-13,San Benito,069,59416,4904,4583,49,4632,35
2021-01-13,San Bernardino,071,2135413,255733,240191,7202,247393,1759
2021-01-13,San Diego,073,3302833,219108,201578,10100,211678,1952
2021-01-13,San Francisco,075,870044,29086,27863,464,28327,238
2021-01-13,San Joaquin,077,732212,57373,54373,2179,56552,738
2021-01-13,San Luis Obispo,079,281455,16063,14625,379,15004,140
2021-01-13,San Mateo,081,765935,33105,30195,212,30407,207
2021-01-13,Santa Barbara,083,443738,24812,22714,705,23419,216
2021-01-13,Santa Clara,085,1922200,93104,87187,400,87587,911
2021-01-13,Santa Cruz,087,273765,12906,11423,555,11978,110
2021-01-13,Shasta,089,179085,9702,9180,942,10122,93
2021-01-13,Sierra,091,2930,44,33,6,39,0
2021-01-13,Siskiyou,093,43540,1216,1102,164,1266,3
2021-01-13,Solano,095,438530,25182,23503,267,23770,105
2021-01-13,Sonoma,097,501317,23754,22610,117,22727,206
2021-01-13,Stanislaus,099,539301,42831,40167,4103,44270,574
2021-01-13,Sutter,101,95872,7618,7350,59,7409,73
2021-01-13,Tehama,103,63373,3875,3589,412,4001,17
2021-01-13,Trinity,105,12862,437,260,62,322,3
2021-01-13,Tulare,107,460477,41832,39129,5293,44422,522
2021-01-13,Tuolumne,109,53932,3251,3196,31,3227,28
2021-01-13,Ventura,111,848112,61030,56453,2071,58524,338
2021-01-13,Yolo,113,214977,10953,9933,89,10022,135
2021-01-13,Yuba,115,75493,4707,4448,53,4501,27
2021-01-12,Alameda,001,1643700,66745,62642,1335,63977,677
2021-01-12,Alpine,003,1148,73,71,0,71,0
2021-01-12,Amador,005,37829,2995,2897,24,2921,26
2021-01-12,Butte,007,227075,9679,8883,1277,10160,124
2021-01-12,Calaveras,009,45235,1524,1475,7,1482,21
2021-01-12,Colusa,011,21464,1590,1510,149,1659,7
2021-01-12,Contra Costa,013,1133247,51843,48242,815,49057,399
2021-01-12,Del Norte,015,27424,852,816,2,818,2
2021-01-12,El Dorado,017,186661,7813,7156,489,7645,41
2021-01-12,Fresno,019,978130,83457,77651,6077,83728,796
2021-01-12,Glenn,021,27897,1952,1781,372,2153,9
2021-01-12,Humboldt,023,135768,2316,2077,7,2084,22
2021-01-12,Imperial,025,180216,25433,24566,2011,26577,457
2021-01-12,Inyo,027,18085,932,773,8,781,25
2021-01-12,Kern,029,883053,80355,75320,6952,82272,689
2021-01-12,Kings,031,150075,19241,18072,707,18779,108
2021-01-12,Lake,033,64148,2550,2260,0,2260,27
2021-01-12,Lassen,035,31185,4754,4659,68,4727,1
2021-01-12,Los Angeles,037,10098052,1005934,926295,30939,957234,12610
2021-01-12,Madera,039,155013,13429,12485,620,13105,85
2021-01-12,Marin,041,260295,11505,10960,111,11071,157
2021-01-12,Mariposa,043,17540,326,302,2,304,3
2021-01-12,Mendocino,045,87422,2993,2762,47,2809,31
2021-01-12,Merced,047,269075,23427,22172,549,22721,239
2021-01-12,Modoc,049,8938,289,274,81,355,0
2021-01-12,Mono,051,14174,1067,1008,12,1020,3
2021-01-12,Monterey,053,433212,35155,33381,1033,34414,240
2021-01-12,Napa,055,140530,7477,6936,29,6965,36
2021-01-12,Nevada,057,99092,3255,3014,121,3135,17
2021-01-12,Orange,059,3164182,210770,198260,8413,206673,2142
2021-01-12,Placer,061,380077,17771,16087,808,16895,163
2021-01-12,Plumas,063,18699,568,483,9,492,2
2021-01-12,Riverside,065,2383286,242072,225580,11266,236846,2266
2021-01-12,Sacramento,067,1510023,79716,77201,860,78061,985
2021-01-12,San Benito,069,59416,4835,4515,49,4564,35
2021-01-12,San Bernardino,071,2135413,253148,237008,7133,244141,1739
2021-01-12,San Diego,073,3302833,216194,198317,9983,208300,1898
2021-01-12,San Francisco,075,870044,28810,27531,431,27962,238
2021-01-12,San Joaquin,077,732212,56732,53630,2151,55781,725
2021-01-12,San Luis Obispo,079,281455,15818,14367,371,14738,132
2021-01-12,San Mateo,081,765935,32714,29747,200,29947,206
2021-01-12,Santa Barbara,083,443738,24390,22182,685,22867,209
2021-01-12,Santa Clara,085,1922200,91990,86075,392,86467,904
2021-01-12,Santa Cruz,087,273765,12691,11267,540,11807,110
2021-01-12,Shasta,089,179085,9629,9086,929,10015,84
2021-01-12,Sierra,091,2930,43,33,6,39,0
2021-01-12,Siskiyou,093,43540,1206,1091,157,1248,3
2021-01-12,Solano,095,438530,24880,23160,263,23423,102
2021-01-12,Sonoma,097,501317,23449,22403,117,22520,205
2021-01-12,Stanislaus,099,539301,42392,39615,4068,43683,571
2021-01-12,Sutter,101,95872,7555,7276,58,7334,73
2021-01-12,Tehama,103,63373,3837,3567,407,3974,17
2021-01-12,Trinity,105,12862,437,258,62,320,3
2021-01-12,Tulare,107,460477,41372,38797,5177,43974,509
2021-01-12,Tuolumne,109,53932,3218,3178,31,3209,28
2021-01-12,Ventura,111,848112,60056,55342,2039,57381,324
2021-01-12,Yolo,113,214977,10817,9857,85,9942,133
2021-01-12,Yuba,115,75493,4662,4389,53,4442,27
2021-01-11,Alameda,001,1643700,65891,61949,1317,63266,652
2021-01-11,Alpine,003,1148,73,70,0,70,0
2021-01-11,Amador,005,37829,2981,2867,24,2891,24
2021-01-11,Butte,007,227075,9566,8757,1259,10016,119
2021-01-11,Calaveras,009,45235,1505,1460,7,1467,21
2021-01-11,Colusa,011,21464,1571,1494,144,1638,7
2021-01-11,Contra Costa,013,1133247,51162,47728,804,48532,398
2021-01-11,Del Norte,015,27424,848,810,2,812,2
2021-01-11,El Dorado,017,186661,7719,6987,482,7469,36
2021-01-11,Fresno,019,978130,82578,76581,6001,82582,775
2021-01-11,Glenn,021,27897,1925,1763,366,2129,9
2021-01-11,Humboldt,023,135768,2277,2069,7,2076,22
2021-01-11,Imperial,025,180216,25322,24418,1974,26392,453
2021-01-11,Inyo,027,18085,913,763,8,771,25
2021-01-11,Kern,029,883053,79495,74489,6853,81342,682
2021-01-11,Kings,031,150075,18978,17909,698,18607,108
2021-01-11,Lake,033,64148,2499,2205,0,2205,26
2021-01-11,Lassen,035,31185,4731,4647,68,4715,1
2021-01-11,Los Angeles,037,10098052,992704,914434,30481,944915,12304
2021-01-11,Madera,039,155013,13292,12366,609,12975,85
2021-01-11,Marin,041,260295,11406,10814,110,10924,156
2021-01-11,Mariposa,043,17540,319,296,2,298,3
2021-01-11,Mendocino,045,87422,2965,2728,47,2775,31
2021-01-11,Merced,047,269075,23104,21884,535,22419,238
2021-01-11,Modoc,049,8938,288,271,80,351,0
2021-01-11,Mono,051,14174,1061,1006,12,1018,3
2021-01-11,Monterey,053,433212,34616,32858,971,33829,239
2021-01-11,Napa,055,140530,7375,6822,29,6851,36
2021-01-11,Nevada,057,99092,3227,2980,121,3101,17
2021-01-11,Orange,059,3164182,208185,196340,8314,204654,2113
2021-01-11,Placer,061,380077,17592,15919,799,16718,163
2021-01-11,Plumas,063,18699,564,477,9,486,2
2021-01-11,Riverside,065,2383286,238566,222907,11122,234029,2222
2021-01-11,Sacramento,067,1510023,78784,76009,844,76853,974
2021-01-11,San Benito,069,59416,4763,4482,42,4524,34
2021-01-11,San Bernardino,071,2135413,250350,235543,7036,242579,1739
2021-01-11,San Diego,073,3302833,212925,194793,9823,204616,1857
2021-01-11,San Francisco,075,870044,28531,27264,411,27675,238
2021-01-11,San Joaquin,077,732212,56123,53002,2122,55124,725
2021-01-11,San Luis Obispo,079,281455,15447,14213,364,14577,126
2021-01-11,San Mateo,081,765935,32270,29355,188,29543,206
2021-01-11,Santa Barbara,083,443738,23939,21740,673,22413,200
2021-01-11,Santa Clara,085,1922200,90746,84851,384,85235,877
2021-01-11,Santa Cruz,087,273765,12511,11093,517,11610,106
2021-01-11,Shasta,089,179085,9531,8977,916,9893,81
2021-01-11,Sierra,091,2930,41,33,6,39,0
2021-01-11,Siskiyou,093,43540,1197,1087,155,1242,3
2021-01-11,Solano,095,438530,24559,22893,257,23150,101
2021-01-11,Sonoma,097,501317,23202,22191,117,22308,205
2021-01-11,Stanislaus,099,539301,41901,39149,4019,43168,571
2021-01-11,Sutter,101,95872,7496,7204,57,7261,71
2021-01-11,Tehama,103,63373,3775,3524,386,3910,17
2021-01-11,Trinity,105,12862,437,256,62,318,2
2021-01-11,Tulare,107,460477,40957,38380,5097,43477,497
2021-01-11,Tuolumne,109,53932,3207,3165,31,3196,27
2021-01-11,Ventura,111,848112,58919,54202,2015,56217,320
2021-01-11,Yolo,113,214977,10610,9699,84,9783,129
2021-01-11,Yuba,115,75493,4624,4349,46,4395,27
2021-01-10,Alameda,001,1643700,64910,61111,1289,62400,650
2021-01-10,Alpine,003,1148,73,70,0,70,0
2021-01-10,Amador,005,37829,2957,2861,24,2885,24
2021-01-10,Butte,007,227075,9445,8665,1233,9898,119
2021-01-10,Calaveras,009,45235,1482,1449,7,1456,21
2021-01-10,Colusa,011,21464,1549,1478,142,1620,7
2021-01-10,Contra Costa,013,1133247,50365,47109,785,47894,398
2021-01-10,Del Norte,015,27424,846,809,2,811,2
2021-01-10,El Dorado,017,186661,7630,6904,465,7369,36
2021-01-10,Fresno,019,978130,81767,75621,5879,81500,775
2021-01-10,Glenn,021,27897,1906,1746,358,2104,9
2021-01-10,Humboldt,023,135768,2216,2049,7,2056,22
2021-01-10,Imperial,025,180216,25164,24233,1924,26157,453
2021-01-10,Inyo,027,18085,886,748,8,756,25
2021-01-10,Kern,029,883053,78663,73712,6723,80435,679
2021-01-10,Kings,031,150075,18759,17812,691,18503,108
2021-01-10,Lake,033,64148,2444,2174,0,2174,26
2021-01-10,Lassen,035,31185,4709,4642,68,4710,1
2021-01-10,Los Angeles,037,10098052,978086,901783,29868,931651,12170
2021-01-10,Madera,039,155013,13101,12179,592,12771,85
2021-01-10,Marin,041,260295,11282,10737,109,10846,155
2021-01-10,Mariposa,043,17540,319,291,2,293,3
2021-01-10,Mendocino,045,87422,2934,2706,43,2749,31
2021-01-10,Merced,047,269075,22833,21691,524,22215,238
2021-01-10,Modoc,049,8938,288,271,78,349,0
2021-01-10,Mono,051,14174,1043,965,12,977,3
2021-01-10,Monterey,053,433212,34176,32571,939,33510,237
2021-01-10,Napa,055,140530,7273,6687,27,6714,36
2021-01-10,Nevada,057,99092,3208,2959,117,3076,17
2021-01-10,Orange,059,3164182,205399,193766,8192,201958,2104
2021-01-10,Placer,061,380077,17403,15779,779,16558,163
2021-01-10,Plumas,063,18699,554,477,9,486,2
2021-01-10,Riverside,065,2383286,235204,219486,10933,230419,2216
2021-01-10,Sacramento,067,1510023,77822,75394,817,76211,965
2021-01-10,San Benito,069,59416,4661,4434,41,4475,34
2021-01-10,San Bernardino,071,2135413,246940,232171,6933,239104,1736
2021-01-10,San Diego,073,3302833,209257,191886,9656,201542,1857
2021-01-10,San Francisco,075,870044,28150,27054,380,27434,238
2021-01-10,San Joaquin,077,732212,55312,52535,2089,54624,725
2021-01-10,San Luis Obispo,079,281455,15118,13968,352,14320,122
2021-01-10,San Mateo,081,765935,31780,28972,174,29146,206
2021-01-10,Santa Barbara,083,443738,23380,21290,658,21948,200
2021-01-10,Santa Clara,085,1922200,89562,83779,375,84154,858
2021-01-10,Santa Cruz,087,273765,12298,10951,499,11450,106
2021-01-10,Shasta,089,179085,9419,8936,901,9837,81
2021-01-10,Sierra,091,2930,40,32,6,38,0
2021-01-10,Siskiyou,093,43540,1191,1075,152,1227,3
2021-01-10,Solano,095,438530,24158,22621,254,22875,101
2021-01-10,Sonoma,097,501317,22926,21925,116,22041,204
2021-01-10,Stanislaus,099,539301,41327,38809,3942,42751,571
2021-01-10,Sutter,101,95872,7435,7133,54,7187,71
2021-01-10,Tehama,103,63373,3702,3504,374,3878,17
2021-01-10,Trinity,105,12862,437,253,60,313,2
2021-01-10,Tulare,107,460477,40542,38012,4979,42991,497
2021-01-10,Tuolumne,109,53932,3173,3143,30,3173,27
2021-01-10,Ventura,111,848112,57650,53095,1972,55067,319
2021-01-10,Yolo,113,214977,10458,9610,84,9694,129
2021-01-10,Yuba,115,75493,4571,4300,43,4343,27
2021-01-09,Alameda,001,1643700,64366,60125,1273,61398,649
2021-01-09,Alpine,003,1148,73,70,0,70,0
2021-01-09,Amador,005,37829,2950,2809,24,2833,24
2021-01-09,Butte,007,227075,9366,8552,1209,9761,118
2021-01-09,Calaveras,009,45235,1472,1425,7,1432,21
2021-01-09,Colusa,011,21464,1542,1468,141,1609,7
2021-01-09,Contra Costa,013,1133247,50011,46406,770,47176,393
2021-01-09,Del Norte,015,27424,844,802,2,804,2
2021-01-09,El Dorado,017,186661,7596,6800,462,7262,36
2021-01-09,Fresno,019,978130,81357,74816,5839,80655,773
2021-01-09,Glenn,021,27897,1891,1707,355,2062,9
2021-01-09,Humboldt,023,135768,2198,2026,7,2033,22
2021-01-09,Imperial,025,180216,25095,24028,1911,25939,448
2021-01-09,Inyo,027,18085,877,734,8,742,25
2021-01-09,Kern,029,883053,78194,73015,6646,79661,677
2021-01-09,Kings,031,150075,18664,17679,687,18366,108
2021-01-09,Lake,033,64148,2408,2144,0,2144,26
2021-01-09,Lassen,035,31185,4697,4613,68,4681,1
2021-01-09,Los Angeles,037,10098052,972505,887949,29440,917389,12011
2021-01-09,Madera,039,155013,13006,12063,586,12649,85
2021-01-09,Marin,041,260295,11221,10634,108,10742,154
2021-01-09,Mariposa,043,17540,316,287,2,289,3
2021-01-09,Mendocino,045,87422,2916,2664,43,2707,31
2021-01-09,Merced,047,269075,22691,21357,515,21872,237
2021-01-09,Modoc,049,8938,288,271,77,348,0
2021-01-09,Mono,051,14174,1038,964,12,976,3
2021-01-09,Monterey,053,433212,34026,31948,929,32877,235
2021-01-09,Napa,055,140530,7203,6594,24,6618,36
2021-01-09,Nevada,057,99092,3186,2932,114,3046,17
2021-01-09,Orange,059,3164182,203880,191004,8100,199104,2034
2021-01-09,Placer,061,380077,17296,15609,777,16386,162
2021-01-09,Plumas,063,18699,552,477,9,486,2
2021-01-09,Riverside,065,2383286,233449,216076,10797,226873,2201
2021-01-09,Sacramento,067,1510023,77289,74482,812,75294,953
2021-01-09,San Benito,069,59416,4609,4335,41,4376,34
2021-01-09,San Bernardino,071,2135413,245716,228857,6866,235723,1714
2021-01-09,San Diego,073,3302833,207563,188598,9536,198134,1824
2021-01-09,San Francisco,075,870044,27980,26708,339,27047,235
2021-01-09,San Joaquin,077,732212,54984,51927,2070,53997,724
2021-01-09,San Luis Obispo,079,281455,14994,13647,341,13988,121
2021-01-09,San Mateo,081,765935,31481,28512,167,28679,205
2021-01-09,Santa Barbara,083,443738,23168,20971,653,21624,197
2021-01-09,Santa Clara,085,1922200,88722,82269,363,82632,808
2021-01-09,Santa Cruz,087,273765,12202,10717,493,11210,107
2021-01-09,Shasta,089,179085,9386,8893,897,9790,81
2021-01-09,Sierra,091,2930,38,32,6,38,0
2021-01-09,Siskiyou,093,43540,1187,1062,147,1209,3
2021-01-09,Solano,095,438530,23999,22226,252,22478,101
2021-01-09,Sonoma,097,501317,22804,21393,116,21509,202
2021-01-09,Stanislaus,099,539301,41036,38403,3908,42311,567
2021-01-09,Sutter,101,95872,7399,7072,53,7125,69
2021-01-09,Tehama,103,63373,3670,3451,363,3814,15
2021-01-09,Trinity,105,12862,437,252,60,312,2
2021-01-09,Tulare,107,460477,40291,37684,4915,42599,496
2021-01-09,Tuolumne,109,53932,3165,3117,29,3146,26
2021-01-09,Ventura,111,848112,56822,51988,1946,53934,306
2021-01-09,Yolo,113,214977,10387,9524,83,9607,129
2021-01-09,Yuba,115,75493,4540,4265,43,4308,27
2021-01-08,Alameda,001,1643700,63804,59172,1264,60436,646
2021-01-08,Alpine,003,1148,73,70,0,70,0
2021-01-08,Amador,005,37829,2943,2792,24,2816,24
2021-01-08,Butte,007,227075,9306,8430,1195,9625,115
2021-01-08,Calaveras,009,45235,1458,1385,7,1392,21
2021-01-08,Colusa,011,21464,1530,1448,140,1588,7
2021-01-08,Contra Costa,013,1133247,49475,45667,766,46433,381
2021-01-08,Del Norte,015,27424,842,795,2,797,2
2021-01-08,El Dorado,017,186661,7526,6690,450,7140,36
2021-01-08,Fresno,019,978130,80545,73689,5781,79470,771
2021-01-08,Glenn,021,27897,1876,1680,350,2030,9
2021-01-08,Humboldt,023,135768,2174,1988,7,1995,22
2021-01-08,Imperial,025,180216,25030,23751,1896,25647,446
2021-01-08,Inyo,027,18085,862,682,8,690,24
2021-01-08,Kern,029,883053,77630,71978,6573,78551,674
2021-01-08,Kings,031,150075,18536,17441,682,18123,108
2021-01-08,Lake,033,64148,2380,2098,0,2098,26
2021-01-08,Lassen,035,31185,4689,4598,66,4664,1
2021-01-08,Los Angeles,037,10098052,961688,871188,29023,900211,11796
2021-01-08,Madera,039,155013,12856,11846,577,12423,85
2021-01-08,Marin,041,260295,11129,10531,108,10639,153
2021-01-08,Mariposa,043,17540,315,273,2,275,3
2021-01-08,Mendocino,045,87422,2897,2634,40,2674,31
2021-01-08,Merced,047,269075,22496,20862,510,21372,236
2021-01-08,Modoc,049,8938,288,266,77,343,0
2021-01-08,Mono,051,14174,1028,951,12,963,3
2021-01-08,Monterey,053,433212,33774,31543,919,32462,224
2021-01-08,Napa,055,140530,7133,6544,24,6568,32
2021-01-08,Nevada,057,99092,3164,2888,114,3002,17
2021-01-08,Orange,059,3164182,201880,186608,8014,194622,1991
2021-01-08,Placer,061,380077,17163,15401,770,16171,161
2021-01-08,Plumas,063,18699,546,465,9,474,2
2021-01-08,Riverside,065,2383286,231043,212122,10674,222796,2184
2021-01-08,Sacramento,067,1510023,76716,73245,806,74051,939
2021-01-08,San Benito,069,59416,4572,4225,40,4265,33
2021-01-08,San Bernardino,071,2135413,243836,224267,6795,231062,1703
2021-01-08,San Diego,073,3302833,205025,185060,9442,194502,1771
2021-01-08,San Francisco,075,870044,27730,26378,317,26695,207
2021-01-08,San Joaquin,077,732212,54659,50990,2042,53032,710
2021-01-08,San Luis Obispo,079,281455,14861,13286,329,13615,119
2021-01-08,San Mateo,081,765935,31132,28072,165,28237,204
2021-01-08,Santa Barbara,083,443738,22882,20461,648,21109,189
2021-01-08,Santa Clara,085,1922200,87778,80561,360,80921,789
2021-01-08,Santa Cruz,087,273765,12061,10486,485,10971,106
2021-01-08,Shasta,089,179085,9336,8772,882,9654,81
2021-01-08,Sierra,091,2930,38,31,6,37,0
2021-01-08,Siskiyou,093,43540,1184,1027,146,1173,3
2021-01-08,Solano,095,438530,23828,21832,249,22081,100
2021-01-08,Sonoma,097,501317,22662,21178,116,21294,201
2021-01-08,Stanislaus,099,539301,40737,37858,3874,41732,566
2021-01-08,Sutter,101,95872,7349,6982,53,7035,68
2021-01-08,Tehama,103,63373,3646,3406,360,3766,15
2021-01-08,Trinity,105,12862,437,247,60,307,2
2021-01-08,Tulare,107,460477,40023,36946,4820,41766,491
2021-01-08,Tuolumne,109,53932,3157,3099,29,3128,19
2021-01-08,Ventura,111,848112,55956,50553,1922,52475,294
2021-01-08,Yolo,113,214977,10298,9391,83,9474,129
2021-01-08,Yuba,115,75493,4498,4195,42,4237,26
2021-01-07,Alameda,001,1643700,62946,57921,1237,59158,632
2021-01-07,Alpine,003,1148,71,70,0,70,0
2021-01-07,Amador,005,37829,2930,2740,23,2763,24
2021-01-07,Butte,007,227075,9209,8278,1174,9452,112
2021-01-07,Calaveras,009,45235,1441,1342,6,1348,21
2021-01-07,Colusa,011,21464,1518,1420,133,1553,7
2021-01-07,Contra Costa,013,1133247,48698,44756,752,45508,376
2021-01-07,Del Norte,015,27424,840,791,2,793,2
2021-01-07,El Dorado,017,186661,7425,6545,440,6985,36
2021-01-07,Fresno,019,978130,79589,72557,5681,78238,765
2021-01-07,Glenn,021,27897,1858,1639,340,1979,9
2021-01-07,Humboldt,023,135768,2147,1954,7,1961,22
2021-01-07,Imperial,025,180216,24850,23608,1845,25453,431
2021-01-07,Inyo,027,18085,850,656,8,664,20
2021-01-07,Kern,029,883053,76768,70953,6425,77378,660
2021-01-07,Kings,031,150075,18410,17238,672,17910,108
2021-01-07,Lake,033,64148,2327,2054,0,2054,26
2021-01-07,Lassen,035,31185,4684,4581,64,4645,1
2021-01-07,Los Angeles,037,10098052,946762,853187,28494,881681,11480
2021-01-07,Madera,039,155013,12701,11644,567,12211,76
2021-01-07,Marin,041,260295,11040,10364,106,10470,153
2021-01-07,Mariposa,043,17540,313,264,2,266,3
2021-01-07,Mendocino,045,87422,2843,2585,35,2620,30
2021-01-07,Merced,047,269075,22174,20510,494,21004,234
2021-01-07,Modoc,049,8938,288,265,77,342,0
2021-01-07,Mono,051,14174,1017,905,12,917,3
2021-01-07,Monterey,053,433212,33269,30903,896,31799,222
2021-01-07,Napa,055,140530,7024,6408,24,6432,32
2021-01-07,Nevada,057,99092,3130,2847,109,2956,17
2021-01-07,Orange,059,3164182,199054,181922,7914,189836,1974
2021-01-07,Placer,061,380077,16985,15155,742,15897,144
2021-01-07,Plumas,063,18699,544,454,9,463,2
2021-01-07,Riverside,065,2383286,227585,208177,10524,218701,2156
2021-01-07,Sacramento,067,1510023,75811,72342,785,73127,919
2021-01-07,San Benito,069,59416,4511,4112,38,4150,33
2021-01-07,San Bernardino,071,2135413,240397,219691,6711,226402,1666
2021-01-07,San Diego,073,3302833,201719,180510,9264,189774,1738
2021-01-07,San Francisco,075,870044,27405,25885,304,26189,202
2021-01-07,San Joaquin,077,732212,53989,50156,2013,52169,689
2021-01-07,San Luis Obispo,079,281455,14623,12810,316,13126,118
2021-01-07,San Mateo,081,765935,30622,27494,162,27656,201
2021-01-07,Santa Barbara,083,443738,22455,19931,637,20568,187
2021-01-07,Santa Clara,085,1922200,86659,78808,356,79164,775
2021-01-07,Santa Cruz,087,273765,11852,10228,477,10705,104
2021-01-07,Shasta,089,179085,9248,8612,874,9486,81
2021-01-07,Sierra,091,2930,38,31,6,37,0
2021-01-07,Siskiyou,093,43540,1179,1010,145,1155,3
2021-01-07,Solano,095,438530,23438,21384,245,21629,100
2021-01-07,Sonoma,097,501317,22401,20857,115,20972,200
2021-01-07,Stanislaus,099,539301,40320,37296,3822,41118,553
2021-01-07,Sutter,101,95872,7290,6890,52,6942,65
2021-01-07,Tehama,103,63373,3622,3330,352,3682,15
2021-01-07,Trinity,105,12862,437,247,60,307,2
2021-01-07,Tulare,107,460477,39636,36397,4690,41087,482
2021-01-07,Tuolumne,109,53932,3137,3068,28,3096,14
2021-01-07,Ventura,111,848112,54795,49083,1894,50977,288
2021-01-07,Yolo,113,214977,10156,9207,81,9288,128
2021-01-07,Yuba,115,75493,4458,4128,42,4170,25
2021-01-06,Alameda,001,1643700,62093,57081,1210,58291,616
2021-01-06,Alpine,003,1148,71,70,0,70,0
2021-01-06,Amador,005,37829,2909,2717,22,2739,24
2021-01-06,Butte,007,227075,9096,8147,1155,9302,110
2021-01-06,Calaveras,009,45235,1418,1321,6,1327,21
2021-01-06,Colusa,011,21464,1498,1385,128,1513,7
2021-01-06,Contra Costa,013,1133247,47902,44054,736,44790,358
2021-01-06,Del Norte,015,27424,834,780,2,782,2
2021-01-06,El Dorado,017,186661,7313,6397,426,6823,35
2021-01-06,Fresno,019,978130,78743,71404,5579,76983,752
2021-01-06,Glenn,021,27897,1832,1622,336,1958,9
2021-01-06,Humboldt,023,135768,2121,1912,7,1919,22
2021-01-06,Imperial,025,180216,24603,23400,1802,25202,431
2021-01-06,Inyo,027,18085,834,630,8,638,20
2021-01-06,Kern,029,883053,75825,69893,6299,76192,646
2021-01-06,Kings,031,150075,18212,17019,653,17672,108
2021-01-06,Lake,033,64148,2293,2033,0,2033,26
2021-01-06,Lassen,035,31185,4672,4560,60,4620,1
2021-01-06,Los Angeles,037,10098052,930798,835052,27811,862863,11285
2021-01-06,Madera,039,155013,12567,11407,560,11967,67
2021-01-06,Marin,041,260295,10917,10282,105,10387,153
2021-01-06,Mariposa,043,17540,310,259,2,261,3
2021-01-06,Mendocino,045,87422,2813,2561,35,2596,30
2021-01-06,Merced,047,269075,21839,20258,479,20737,232
2021-01-06,Modoc,049,8938,288,263,77,340,0
2021-01-06,Mono,051,14174,986,905,12,917,3
2021-01-06,Monterey,053,433212,32668,30387,865,31252,222
2021-01-06,Napa,055,140530,6894,6342,24,6366,32
2021-01-06,Nevada,057,99092,3110,2805,108,2913,15
2021-01-06,Orange,059,3164182,195615,177686,7773,185459,1935
2021-01-06,Placer,061,380077,16797,14940,724,15664,134
2021-01-06,Plumas,063,18699,536,445,9,454,2
2021-01-06,Riverside,065,2383286,223572,203714,10338,214052,2121
2021-01-06,Sacramento,067,1510023,74787,71572,768,72340,909
2021-01-06,San Benito,069,59416,4435,4031,37,4068,32
2021-01-06,San Bernardino,071,2135413,236709,215286,6608,221894,1634
2021-01-06,San Diego,073,3302833,198218,176660,9093,185753,1691
2021-01-06,San Francisco,075,870044,27039,25424,296,25720,199
2021-01-06,San Joaquin,077,732212,53256,49286,1971,51257,673
2021-01-06,San Luis Obispo,079,281455,14230,12305,309,12614,115
2021-01-06,San Mateo,081,765935,30197,27050,159,27209,200
2021-01-06,Santa Barbara,083,443738,21966,19453,628,20081,177
2021-01-06,Santa Clara,085,1922200,85338,77485,349,77834,746
2021-01-06,Santa Cruz,087,273765,11633,9954,459,10413,97
2021-01-06,Shasta,089,179085,9178,8482,867,9349,78
2021-01-06,Sierra,091,2930,37,31,6,37,0
2021-01-06,Siskiyou,093,43540,1167,998,141,1139,3
2021-01-06,Solano,095,438530,23060,21102,242,21344,99
2021-01-06,Sonoma,097,501317,22094,20558,115,20673,196
2021-01-06,Stanislaus,099,539301,39753,36751,3762,40513,553
2021-01-06,Sutter,101,95872,7209,6839,51,6890,59
2021-01-06,Tehama,103,63373,3593,3306,346,3652,15
2021-01-06,Trinity,105,12862,437,246,60,306,2
2021-01-06,Tulare,107,460477,39143,35882,4595,40477,465
2021-01-06,Tuolumne,109,53932,3116,3008,28,3036,14
2021-01-06,Ventura,111,848112,53551,47428,1870,49298,280
2021-01-06,Yolo,113,214977,9992,9083,78,9161,127
2021-01-06,Yuba,115,75493,4408,4097,42,4139,25
2021-01-05,Alameda,001,1643700,60977,56432,1180,57612,602
2021-01-05,Alpine,003,1148,71,70,0,70,0
2021-01-05,Amador,005,37829,2869,2695,22,2717,24
2021-01-05,Butte,007,227075,8955,8008,1128,9136,107
2021-01-05,Calaveras,009,45235,1371,1292,6,1298,21
2021-01-05,Colusa,011,21464,1476,1376,122,1498,7
2021-01-05,Contra Costa,013,1133247,47042,43442,724,44166,353
2021-01-05,Del Norte,015,27424,828,770,2,772,2
2021-01-05,El Dorado,017,186661,7195,6270,405,6675,32
2021-01-05,Fresno,019,978130,77523,70971,5488,76459,741
2021-01-05,Glenn,021,27897,1809,1608,320,1928,9
2021-01-05,Humboldt,023,135768,2085,1884,7,1891,22
2021-01-05,Imperial,025,180216,24432,23165,1761,24926,421
2021-01-05,Inyo,027,18085,820,627,8,635,20
2021-01-05,Kern,029,883053,74747,68257,6164,74421,624
2021-01-05,Kings,031,150075,18014,16860,631,17491,108
2021-01-05,Lake,033,64148,2247,2015,0,2015,25
2021-01-05,Lassen,035,31185,4657,4554,56,4610,1
2021-01-05,Los Angeles,037,10098052,912054,823783,27156,850939,11028
2021-01-05,Madera,039,155013,12397,11359,548,11907,67
2021-01-05,Marin,041,260295,10769,10214,104,10318,151
2021-01-05,Mariposa,043,17540,304,257,2,259,3
2021-01-05,Mendocino,045,87422,2777,2501,35,2536,30
2021-01-05,Merced,047,269075,21487,20051,467,20518,230
2021-01-05,Modoc,049,8938,288,254,77,331,0
2021-01-05,Mono,051,14174,980,896,12,908,3
2021-01-05,Monterey,053,433212,32121,30045,832,30877,213
2021-01-05,Napa,055,140530,6808,6264,24,6288,29
2021-01-05,Nevada,057,99092,3082,2781,106,2887,15
2021-01-05,Orange,059,3164182,191987,174869,7583,182452,1918
2021-01-05,Placer,061,380077,16574,14723,701,15424,133
2021-01-05,Plumas,063,18699,529,428,9,437,2
2021-01-05,Riverside,065,2383286,219447,200439,10169,210608,2069
2021-01-05,Sacramento,067,1510023,73858,70677,742,71419,888
2021-01-05,San Benito,069,59416,4333,3961,35,3996,28
2021-01-05,San Bernardino,071,2135413,232744,212522,6492,219014,1615
2021-01-05,San Diego,073,3302833,194078,172845,8879,181724,1654
2021-01-05,San Francisco,075,870044,26668,24989,280,25269,196
2021-01-05,San Joaquin,077,732212,52398,48969,1927,50896,663
2021-01-05,San Luis Obispo,079,281455,13833,12027,299,12326,106
2021-01-05,San Mateo,081,765935,29716,26486,157,26643,198
2021-01-05,Santa Barbara,083,443738,21519,19063,620,19683,172
2021-01-05,Santa Clara,085,1922200,83790,76355,337,76692,729
2021-01-05,Santa Cruz,087,273765,11360,9753,435,10188,93
2021-01-05,Shasta,089,179085,9071,8345,849,9194,73
2021-01-05,Sierra,091,2930,37,31,6,37,0
2021-01-05,Siskiyou,093,43540,1155,985,139,1124,3
2021-01-05,Solano,095,438530,22651,20860,237,21097,97
2021-01-05,Sonoma,097,501317,21735,20247,114,20361,194
2021-01-05,Stanislaus,099,539301,39209,36363,3711,40074,553
2021-01-05,Sutter,101,95872,7112,6769,50,6819,59
2021-01-05,Tehama,103,63373,3541,3255,342,3597,9
2021-01-05,Trinity,105,12862,437,246,60,306,2
2021-01-05,Tulare,107,460477,38568,35585,4454,40039,455
2021-01-05,Tuolumne,109,53932,3093,2996,23,3019,13
2021-01-05,Ventura,111,848112,52307,46456,1848,48304,264
2021-01-05,Yolo,113,214977,9814,8980,76,9056,127
2021-01-05,Yuba,115,75493,4349,4053,41,4094,21
2021-01-04,Alameda,001,1643700,59759,55899,1146,57045,583
2021-01-04,Alpine,003,1148,71,68,0,68,0
2021-01-04,Amador,005,37829,2829,2596,22,2618,24
2021-01-04,Butte,007,227075,8796,7893,1107,9000,105
2021-01-04,Calaveras,009,45235,1330,1276,5,1281,21
2021-01-04,Colusa,011,21464,1451,1368,108,1476,7
2021-01-04,Contra Costa,013,1133247,46182,43019,700,43719,353
2021-01-04,Del Norte,015,27424,817,770,2,772,2
2021-01-04,El Dorado,017,186661,7061,6152,390,6542,27
2021-01-04,Fresno,019,978130,76256,69871,5390,75261,726
2021-01-04,Glenn,021,27897,1776,1590,315,1905,9
2021-01-04,Humboldt,023,135768,2048,1845,7,1852,22
2021-01-04,Imperial,025,180216,24285,23035,1710,24745,420
2021-01-04,Inyo,027,18085,794,623,8,631,20
2021-01-04,Kern,029,883053,73664,67418,5970,73388,623
2021-01-04,Kings,031,150075,17738,16801,607,17408,108
2021-01-04,Lake,033,64148,2211,1984,0,1984,25
2021-01-04,Lassen,035,31185,4635,4550,55,4605,1
2021-01-04,Los Angeles,037,10098052,891912,813022,26314,839336,10790
2021-01-04,Madera,039,155013,12181,11204,527,11731,67
2021-01-04,Marin,041,260295,10629,10115,102,10217,151
2021-01-04,Mariposa,043,17540,298,253,2,255,3
2021-01-04,Mendocino,045,87422,2737,2460,31,2491,28
2021-01-04,Merced,047,269075,21074,19804,448,20252,230
2021-01-04,Modoc,049,8938,272,250,75,325,0
2021-01-04,Mono,051,14174,969,895,12,907,3
2021-01-04,Monterey,053,433212,31507,29659,811,30470,212
2021-01-04,Napa,055,140530,6667,6187,24,6211,29
2021-01-04,Nevada,057,99092,3044,2765,103,2868,15
2021-01-04,Orange,059,3164182,188102,172458,7461,179919,1918
2021-01-04,Placer,061,380077,16315,14622,688,15310,133
2021-01-04,Plumas,063,18699,519,419,9,428,1
2021-01-04,Riverside,065,2383286,214899,196809,9983,206792,2066
2021-01-04,Sacramento,067,1510023,72804,70164,733,70897,870
2021-01-04,San Benito,069,59416,4220,3914,35,3949,28
2021-01-04,San Bernardino,071,2135413,228475,210868,6344,217212,1615
2021-01-04,San Diego,073,3302833,189504,171031,8683,179714,1598
2021-01-04,San Francisco,075,870044,26282,24753,274,25027,191
2021-01-04,San Joaquin,077,732212,51507,48644,1886,50530,661
2021-01-04,San Luis Obispo,079,281455,13347,11945,292,12237,96
2021-01-04,San Mateo,081,765935,29152,26150,152,26302,198
2021-01-04,Santa Barbara,083,443738,20996,18735,591,19326,165
2021-01-04,Santa Clara,085,1922200,82034,75297,330,75627,727
2021-01-04,Santa Cruz,087,273765,11072,9680,418,10098,85
2021-01-04,Shasta,089,179085,8966,8224,832,9056,72
2021-01-04,Sierra,091,2930,36,30,6,36,0
2021-01-04,Siskiyou,093,43540,1139,980,136,1116,3
2021-01-04,Solano,095,438530,22149,20588,229,20817,97
2021-01-04,Sonoma,097,501317,21397,20210,113,20323,194
2021-01-04,Stanislaus,099,539301,38646,36141,3656,39797,553
2021-01-04,Sutter,101,95872,7016,6712,49,6761,56
2021-01-04,Tehama,103,63373,3472,3190,337,3527,9
2021-01-04,Trinity,105,12862,434,245,60,305,2
2021-01-04,Tulare,107,460477,38029,35060,4354,39414,455
2021-01-04,Tuolumne,109,53932,3068,2987,23,3010,13
2021-01-04,Ventura,111,848112,50804,45014,1828,46842,255
2021-01-04,Yolo,113,214977,9619,8834,75,8909,121
2021-01-04,Yuba,115,75493,4294,4023,41,4064,21
2021-01-03,Alameda,001,1643700,58510,55082,1119,56201,580
2021-01-03,Alpine,003,1148,69,68,0,68,0
2021-01-03,Amador,005,37829,2772,2565,22,2587,24
2021-01-03,Butte,007,227075,8602,7837,1061,8898,105
2021-01-03,Calaveras,009,45235,1293,1249,3,1252,21
2021-01-03,Colusa,011,21464,1423,1337,102,1439,7
2021-01-03,Contra Costa,013,1133247,45296,42432,679,43111,352
2021-01-03,Del Norte,015,27424,806,768,2,770,2
2021-01-03,El Dorado,017,186661,6933,6034,373,6407,27
2021-01-03,Fresno,019,978130,75107,69326,5273,74599,719
2021-01-03,Glenn,021,27897,1751,1581,309,1890,9
2021-01-03,Humboldt,023,135768,2011,1833,7,1840,21
2021-01-03,Imperial,025,180216,24044,22951,1632,24583,419
2021-01-03,Inyo,027,18085,775,615,8,623,20
2021-01-03,Kern,029,883053,72403,66895,5795,72690,609
2021-01-03,Kings,031,150075,17462,16593,578,17171,108
2021-01-03,Lake,033,64148,2165,1976,0,1976,24
2021-01-03,Lassen,035,31185,4602,4531,54,4585,1
2021-01-03,Los Angeles,037,10098052,869848,792168,25273,817441,10633
2021-01-03,Madera,039,155013,11953,11152,504,11656,67
2021-01-03,Marin,041,260295,10479,10034,98,10132,150
2021-01-03,Mariposa,043,17540,291,248,2,250,3
2021-01-03,Mendocino,045,87422,2697,2445,29,2474,24
2021-01-03,Merced,047,269075,20607,19600,422,20022,230
2021-01-03,Modoc,049,8938,268,245,74,319,0
2021-01-03,Mono,051,14174,944,893,12,905,3
2021-01-03,Monterey,053,433212,30917,29357,776,30133,191
2021-01-03,Napa,055,140530,6566,6094,24,6118,29
2021-01-03,Nevada,057,99092,2983,2742,100,2842,15
2021-01-03,Orange,059,3164182,183912,169881,7272,177153,1919
2021-01-03,Placer,061,380077,16064,14319,665,14984,133
2021-01-03,Plumas,063,18699,506,416,9,425,1
2021-01-03,Riverside,065,2383286,210025,195048,9736,204784,2005
2021-01-03,Sacramento,067,1510023,71598,68558,712,69270,859
2021-01-03,San Benito,069,59416,4124,3882,34,3916,28
2021-01-03,San Bernardino,071,2135413,223198,208294,6173,214467,1592
2021-01-03,San Diego,073,3302833,184244,168018,8454,176472,1592
2021-01-03,San Francisco,075,870044,25792,24588,255,24843,193
2021-01-03,San Joaquin,077,732212,50398,47899,1831,49730,661
2021-01-03,San Luis Obispo,079,281455,12879,11636,284,11920,95
2021-01-03,San Mateo,081,765935,28558,25770,145,25915,196
2021-01-03,Santa Barbara,083,443738,20263,18267,576,18843,164
2021-01-03,Santa Clara,085,1922200,80444,74534,324,74858,720
2021-01-03,Santa Cruz,087,273765,10767,9528,403,9931,84
2021-01-03,Shasta,089,179085,8839,8192,792,8984,72
2021-01-03,Sierra,091,2930,36,30,6,36,0
2021-01-03,Siskiyou,093,43540,1106,976,127,1103,3
2021-01-03,Solano,095,438530,21616,20105,223,20328,97
2021-01-03,Sonoma,097,501317,21010,19982,111,20093,193
2021-01-03,Stanislaus,099,539301,37939,35762,3573,39335,553
2021-01-03,Sutter,101,95872,6919,6664,48,6712,53
2021-01-03,Tehama,103,63373,3418,3176,329,3505,9
2021-01-03,Trinity,105,12862,429,243,58,301,2
2021-01-03,Tulare,107,460477,37452,34747,4209,38956,455
2021-01-03,Tuolumne,109,53932,3007,2978,20,2998,13
2021-01-03,Ventura,111,848112,48978,43748,1811,45559,254
2021-01-03,Yolo,113,214977,9458,8674,74,8748,121
2021-01-03,Yuba,115,75493,4243,3966,40,4006,20
2021-01-02,Alameda,001,1643700,57891,54518,1088,55606,581
2021-01-02,Alpine,003,1148,69,68,0,68,0
2021-01-02,Amador,005,37829,2753,2540,22,2562,24
2021-01-02,Butte,007,227075,8496,7750,1040,8790,105
2021-01-02,Calaveras,009,45235,1273,1230,3,1233,21
2021-01-02,Colusa,011,21464,1412,1332,101,1433,7
2021-01-02,Contra Costa,013,1133247,44750,41993,671,42664,352
2021-01-02,Del Norte,015,27424,804,764,2,766,2
2021-01-02,El Dorado,017,186661,6878,5959,369,6328,27
2021-01-02,Fresno,019,978130,74563,68740,5162,73902,717
2021-01-02,Glenn,021,27897,1734,1546,308,1854,9
2021-01-02,Humboldt,023,135768,1984,1815,7,1822,21
2021-01-02,Imperial,025,180216,23956,22867,1600,24467,420
2021-01-02,Inyo,027,18085,764,609,8,617,20
2021-01-02,Kern,029,883053,71683,66457,5683,72140,610
2021-01-02,Kings,031,150075,17368,16515,574,17089,108
2021-01-02,Lake,033,64148,2128,1925,0,1925,24
2021-01-02,Lassen,035,31185,4591,4457,53,4510,1
2021-01-02,Los Angeles,037,10098052,861477,791892,24592,816484,10633
2021-01-02,Madera,039,155013,11838,11039,492,11531,67
2021-01-02,Marin,041,260295,10431,9924,95,10019,151
2021-01-02,Mariposa,043,17540,284,243,2,245,3
2021-01-02,Mendocino,045,87422,2654,2428,28,2456,24
2021-01-02,Merced,047,269075,20465,19395,405,19800,230
2021-01-02,Modoc,049,8938,267,245,74,319,0
2021-01-02,Mono,051,14174,933,884,12,896,3
2021-01-02,Monterey,053,433212,30701,28991,764,29755,191
2021-01-02,Napa,055,140530,6507,5994,24,6018,29
2021-01-02,Nevada,057,99092,2954,2706,96,2802,15
2021-01-02,Orange,059,3164182,181691,168457,7124,175581,1918
2021-01-02,Placer,061,380077,15891,14182,656,14838,133
2021-01-02,Plumas,063,18699,503,413,9,422,1
2021-01-02,Riverside,065,2383286,207379,192069,9510,201579,2008
2021-01-02,Sacramento,067,1510023,70962,67810,694,68504,858
2021-01-02,San Benito,069,59416,4042,3829,34,3863,28
2021-01-02,San Bernardino,071,2135413,221536,206939,6051,212990,1597
2021-01-02,San Diego,073,3302833,181645,164498,8257,172755,1592
2021-01-02,San Francisco,075,870044,25539,24414,247,24661,194
2021-01-02,San Joaquin,077,732212,49995,47310,1803,49113,662
2021-01-02,San Luis Obispo,079,281455,12745,11467,278,11745,95
2021-01-02,San Mateo,081,765935,28221,25483,137,25620,196
2021-01-02,Santa Barbara,083,443738,19974,18135,573,18708,164
2021-01-02,Santa Clara,085,1922200,79268,73662,318,73980,720
2021-01-02,Santa Cruz,087,273765,10612,9340,395,9735,85
2021-01-02,Shasta,089,179085,8773,8154,781,8935,72
2021-01-02,Sierra,091,2930,36,28,6,34,0
2021-01-02,Siskiyou,093,43540,1095,949,125,1074,3
2021-01-02,Solano,095,438530,21414,19805,214,20019,97
2021-01-02,Sonoma,097,501317,20841,19761,111,19872,194
2021-01-02,Stanislaus,099,539301,37606,35431,3509,38940,553
2021-01-02,Sutter,101,95872,6867,6621,48,6669,53
2021-01-02,Tehama,103,63373,3390,3146,325,3471,9
2021-01-02,Trinity,105,12862,426,243,58,301,2
2021-01-02,Tulare,107,460477,37124,34479,4135,38614,455
2021-01-02,Tuolumne,109,53932,2993,2942,18,2960,13
2021-01-02,Ventura,111,848112,47823,43397,1778,45175,254
2021-01-02,Yolo,113,214977,9361,8571,72,8643,122
2021-01-02,Yuba,115,75493,4205,3930,40,3970,21
2021-01-01,Alameda,001,1643700,57244,53518,1074,54592,579
2021-01-01,Alpine,003,1148,69,68,0,68,0
2021-01-01,Amador,005,37829,2727,2513,20,2533,24
2021-01-01,Butte,007,227075,8394,7589,1018,8607,105
2021-01-01,Calaveras,009,45235,1258,1186,3,1189,21
2021-01-01,Colusa,011,21464,1402,1314,99,1413,7
2021-01-01,Contra Costa,013,1133247,44275,41412,651,42063,351
2021-01-01,Del Norte,015,27424,799,758,2,760,2
2021-01-01,El Dorado,017,186661,6785,5832,361,6193,27
2021-01-01,Fresno,019,978130,73490,67484,5078,72562,717
2021-01-01,Glenn,021,27897,1717,1520,299,1819,9
2021-01-01,Humboldt,023,135768,1945,1783,7,1790,21
2021-01-01,Imperial,025,180216,23860,22715,1549,24264,418
2021-01-01,Inyo,027,18085,739,606,8,614,20
2021-01-01,Kern,029,883053,70857,65571,5576,71147,609
2021-01-01,Kings,031,150075,17185,16358,567,16925,108
2021-01-01,Lake,033,64148,2090,1888,0,1888,24
2021-01-01,Lassen,035,31185,4585,4377,53,4430,1
2021-01-01,Los Angeles,037,10098052,847260,775578,23920,799498,10515
2021-01-01,Madera,039,155013,11683,10752,483,11235,66
2021-01-01,Marin,041,260295,10333,9821,94,9915,148
2021-01-01,Mariposa,043,17540,276,236,2,238,3
2021-01-01,Mendocino,045,87422,2600,2400,28,2428,24
2021-01-01,Merced,047,269075,20281,19118,389,19507,229
2021-01-01,Modoc,049,8938,267,241,74,315,0
2021-01-01,Mono,051,14174,915,884,11,895,3
2021-01-01,Monterey,053,433212,30463,28465,755,29220,191
2021-01-01,Napa,055,140530,6422,5899,24,5923,28
2021-01-01,Nevada,057,99092,2930,2663,96,2759,15
2021-01-01,Orange,059,3164182,178896,165440,6981,172421,1893
2021-01-01,Placer,061,380077,15701,13987,641,14628,133
2021-01-01,Plumas,063,18699,498,412,9,421,1
2021-01-01,Riverside,065,2383286,204189,188674,9257,197931,1990
2021-01-01,Sacramento,067,1510023,70364,66956,677,67633,848
2021-01-01,San Benito,069,59416,4005,3773,34,3807,28
2021-01-01,San Bernardino,071,2135413,218772,203651,5921,209572,1590
2021-01-01,San Diego,073,3302833,178572,160071,8078,168149,1592
2021-01-01,San Francisco,075,870044,25261,24145,236,24381,187
2021-01-01,San Joaquin,077,732212,49671,46640,1759,48399,657
2021-01-01,San Luis Obispo,079,281455,12518,11160,270,11430,94
2021-01-01,San Mateo,081,765935,27772,25041,133,25174,194
2021-01-01,Santa Barbara,083,443738,19654,17759,563,18322,164
2021-01-01,Santa Clara,085,1922200,78047,71904,314,72218,680
2021-01-01,Santa Cruz,087,273765,10432,9146,385,9531,84
2021-01-01,Shasta,089,179085,8692,8102,764,8866,72
2021-01-01,Sierra,091,2930,36,26,6,32,0
2021-01-01,Siskiyou,093,43540,1081,944,120,1064,3
2021-01-01,Solano,095,438530,21200,19393,212,19605,97
2021-01-01,Sonoma,097,501317,20645,19513,111,19624,189
2021-01-01,Stanislaus,099,539301,37318,34978,3447,38425,553
2021-01-01,Sutter,101,95872,6810,6553,47,6600,52
2021-01-01,Tehama,103,63373,3332,3079,318,3397,9
2021-01-01,Trinity,105,12862,426,243,58,301,2
2021-01-01,Tulare,107,460477,36715,33994,4047,38041,454
2021-01-01,Tuolumne,109,53932,2976,2909,18,2927,13
2021-01-01,Ventura,111,848112,46330,42026,1752,43778,253
2021-01-01,Yolo,113,214977,9251,8461,69,8530,120
2021-01-01,Yuba,115,75493,4151,3845,39,3884,19
2020-12-31,Alameda,001,1643700,56695,52475,1042,53517,579
2020-12-31,Alpine,003,1148,69,66,0,66,0
2020-12-31,Amador,005,37829,2713,2493,20,2513,24
2020-12-31,Butte,007,227075,8319,7405,997,8402,105
2020-12-31,Calaveras,009,45235,1247,1161,3,1164,21
2020-12-31,Colusa,011,21464,1390,1301,96,1397,7
2020-12-31,Contra Costa,013,1133247,43871,40512,635,41147,336
2020-12-31,Del Norte,015,27424,798,748,2,750,2
2020-12-31,El Dorado,017,186661,6733,5662,352,6014,26
2020-12-31,Fresno,019,978130,73059,66442,5016,71458,711
2020-12-31,Glenn,021,27897,1689,1484,291,1775,9
2020-12-31,Humboldt,023,135768,1928,1713,7,1720,21
2020-12-31,Imperial,025,180216,23790,22494,1532,24026,417
2020-12-31,Inyo,027,18085,731,591,8,599,20
2020-12-31,Kern,029,883053,70382,64904,5488,70392,609
2020-12-31,Kings,031,150075,17110,16077,558,16635,108
2020-12-31,Lake,033,64148,2069,1848,0,1848,23
2020-12-31,Lassen,035,31185,4579,4340,52,4392,1
2020-12-31,Los Angeles,037,10098052,841917,755844,23467,779311,10320
2020-12-31,Madera,039,155013,11598,10609,475,11084,64
2020-12-31,Marin,041,260295,10281,9731,92,9823,148
2020-12-31,Mariposa,043,17540,274,217,2,219,3
2020-12-31,Mendocino,045,87422,2585,2367,24,2391,24
2020-12-31,Merced,047,269075,20191,18808,379,19187,226
2020-12-31,Modoc,049,8938,267,238,74,312,0
2020-12-31,Mono,051,14174,907,868,11,879,3
2020-12-31,Monterey,053,433212,30233,27720,743,28463,188
2020-12-31,Napa,055,140530,6359,5801,24,5825,28
2020-12-31,Nevada,057,99092,2907,2619,95,2714,15
2020-12-31,Orange,059,3164182,176994,161586,6852,168438,1866
2020-12-31,Placer,061,380077,15545,13708,638,14346,126
2020-12-31,Plumas,063,18699,494,401,8,409,1
2020-12-31,Riverside,065,2383286,202507,184193,9128,193321,1958
2020-12-31,Sacramento,067,1510023,69834,65817,667,66484,830
2020-12-31,San Benito,069,59416,3981,3673,34,3707,28
2020-12-31,San Bernardino,071,2135413,217078,199115,5848,204963,1586
2020-12-31,San Diego,073,3302833,176809,155593,7979,163572,1534
2020-12-31,San Francisco,075,870044,25026,23740,229,23969,183
2020-12-31,San Joaquin,077,732212,49319,45764,1721,47485,646
2020-12-31,San Luis Obispo,079,281455,12404,10846,270,11116,89
2020-12-31,San Mateo,081,765935,27442,24570,127,24697,192
2020-12-31,Santa Barbara,083,443738,19410,17434,556,17990,161
2020-12-31,Santa Clara,085,1922200,77171,70032,309,70341,665
2020-12-31,Santa Cruz,087,273765,10314,8909,373,9282,84
2020-12-31,Shasta,089,179085,8626,7996,754,8750,69
2020-12-31,Sierra,091,2930,36,26,6,32,0
2020-12-31,Siskiyou,093,43540,1065,940,117,1057,3
2020-12-31,Solano,095,438530,20970,18942,211,19153,97
2020-12-31,Sonoma,097,501317,20524,19129,110,19239,188
2020-12-31,Stanislaus,099,539301,37010,34398,3400,37798,552
2020-12-31,Sutter,101,95872,6779,6432,47,6479,51
2020-12-31,Tehama,103,63373,3294,3036,317,3353,9
2020-12-31,Trinity,105,12862,425,241,58,299,2
2020-12-31,Tulare,107,460477,36512,33412,3986,37398,446
2020-12-31,Tuolumne,109,53932,2967,2902,18,2920,12
2020-12-31,Ventura,111,848112,45820,40854,1735,42589,251
2020-12-31,Yolo,113,214977,9162,8295,68,8363,117
2020-12-31,Yuba,115,75493,4114,3799,38,3837,18
2020-12-30,Alameda,001,1643700,55913,50158,989,51147,573
2020-12-30,Alpine,003,1148,69,66,0,66,0
2020-12-30,Amador,005,37829,2693,2418,19,2437,24
2020-12-30,Butte,007,227075,8158,7140,977,8117,103
2020-12-30,Calaveras,009,45235,1222,1135,3,1138,21
2020-12-30,Colusa,011,21464,1372,1289,90,1379,7
2020-12-30,Contra Costa,013,1133247,43322,39601,622,40223,337
2020-12-30,Del Norte,015,27424,793,726,2,728,2
2020-12-30,El Dorado,017,186661,6632,5595,342,5937,27
2020-12-30,Fresno,019,978130,72214,65566,4866,70432,711
2020-12-30,Glenn,021,27897,1658,1471,279,1750,9
2020-12-30,Humboldt,023,135768,1894,1654,7,1661,22
2020-12-30,Imperial,025,180216,23624,22098,1456,23554,412
2020-12-30,Inyo,027,18085,725,572,8,580,20
2020-12-30,Kern,029,883053,69654,63292,5344,68636,604
2020-12-30,Kings,031,150075,16991,15862,549,16411,108
2020-12-30,Lake,033,64148,2050,1731,0,1731,23
2020-12-30,Lassen,035,31185,4570,4300,52,4352,1
2020-12-30,Los Angeles,037,10098052,830996,741907,22797,764704,10046
2020-12-30,Madera,039,155013,11488,10249,464,10713,65
2020-12-30,Marin,041,260295,10187,9569,85,9654,148
2020-12-30,Mariposa,043,17540,270,214,2,216,3
2020-12-30,Mendocino,045,87422,2567,2291,21,2312,24
2020-12-30,Merced,047,269075,19901,18519,369,18888,225
2020-12-30,Modoc,049,8938,264,234,74,308,0
2020-12-30,Mono,051,14174,904,868,11,879,3
2020-12-30,Monterey,053,433212,29603,26977,721,27698,186
2020-12-30,Napa,055,140530,6254,5754,24,5778,28
2020-12-30,Nevada,057,99092,2872,2595,93,2688,15
2020-12-30,Orange,059,3164182,174337,153951,6665,160616,1863
2020-12-30,Placer,061,380077,15313,13540,626,14166,127
2020-12-30,Plumas,063,18699,489,397,8,405,1
2020-12-30,Riverside,065,2383286,199559,176402,8945,185347,1919
2020-12-30,Sacramento,067,1510023,68961,64119,650,64769,847
2020-12-30,San Benito,069,59416,3899,3464,30,3494,29
2020-12-30,San Bernardino,071,2135413,214508,192648,5763,198411,1591
2020-12-30,San Diego,073,3302833,173176,152510,7804,160314,1472
2020-12-30,San Francisco,075,870044,24750,23099,224,23323,182
2020-12-30,San Joaquin,077,732212,48597,44465,1680,46145,634
2020-12-30,San Luis Obispo,079,281455,12135,10542,262,10804,89
2020-12-30,San Mateo,081,765935,27013,24150,123,24273,190
2020-12-30,Santa Barbara,083,443738,19008,16895,535,17430,161
2020-12-30,Santa Clara,085,1922200,75962,67218,305,67523,661
2020-12-30,Santa Cruz,087,273765,10140,8787,364,9151,86
2020-12-30,Shasta,089,179085,8512,7818,740,8558,69
2020-12-30,Sierra,091,2930,36,25,6,31,0
2020-12-30,Siskiyou,093,43540,1058,913,109,1022,3
2020-12-30,Solano,095,438530,20581,18300,208,18508,96
2020-12-30,Sonoma,097,501317,20268,18947,110,19057,191
2020-12-30,Stanislaus,099,539301,36547,33730,3325,37055,526
2020-12-30,Sutter,101,95872,6719,6328,45,6373,51
2020-12-30,Tehama,103,63373,3250,2969,313,3282,9
2020-12-30,Trinity,105,12862,424,231,57,288,2
2020-12-30,Tulare,107,460477,35982,32413,3927,36340,430
2020-12-30,Tuolumne,109,53932,2957,2772,16,2788,12
2020-12-30,Ventura,111,848112,44533,39039,1711,40750,251
2020-12-30,Yolo,113,214977,9054,8067,66,8133,117
2020-12-30,Yuba,115,75493,4046,3612,38,3650,18
2020-12-29,Alameda,001,1643700,54842,50946,954,51900,552
2020-12-29,Alpine,003,1148,69,65,0,65,0
2020-12-29,Amador,005,37829,2641,2388,18,2406,23
2020-12-29,Butte,007,227075,7985,7178,953,8131,98
2020-12-29,Calaveras,009,45235,1178,1111,2,1113,21
2020-12-29,Colusa,011,21464,1351,1272,85,1357,7
2020-12-29,Contra Costa,013,1133247,42551,39225,596,39821,325
2020-12-29,Del Norte,015,27424,786,724,2,726,2
2020-12-29,El Dorado,017,186661,6502,5551,329,5880,22
2020-12-29,Fresno,019,978130,70840,65149,4716,69865,688
2020-12-29,Glenn,021,27897,1624,1454,272,1726,9
2020-12-29,Humboldt,023,135768,1846,1616,7,1623,19
2020-12-29,Imperial,025,180216,23409,22105,1374,23479,407
2020-12-29,Inyo,027,18085,707,571,8,579,19
2020-12-29,Kern,029,883053,68487,63096,5176,68272,589
2020-12-29,Kings,031,150075,16822,15777,537,16314,108
2020-12-29,Lake,033,64148,2019,1805,0,1805,22
2020-12-29,Lassen,035,31185,4555,4288,52,4340,1
2020-12-29,Los Angeles,037,10098052,810783,731907,21966,753873,9786
2020-12-29,Madera,039,155013,11186,10251,451,10702,64
2020-12-29,Marin,041,260295,10044,9595,81,9676,146
2020-12-29,Mariposa,043,17540,262,212,2,214,3
2020-12-29,Mendocino,045,87422,2524,2249,20,2269,24
2020-12-29,Merced,047,269075,19551,18464,353,18817,221
2020-12-29,Modoc,049,8938,261,232,74,306,0
2020-12-29,Mono,051,14174,895,868,11,879,3
2020-12-29,Monterey,053,433212,28952,26894,696,27590,185
2020-12-29,Napa,055,140530,6136,5663,24,5687,28
2020-12-29,Nevada,057,99092,2824,2550,92,2642,15
2020-12-29,Orange,059,3164182,170565,154411,6502,160913,1839
2020-12-29,Placer,061,380077,15100,13392,605,13997,126
2020-12-29,Plumas,063,18699,480,395,8,403,1
2020-12-29,Riverside,065,2383286,194961,177624,8696,186320,1904
2020-12-29,Sacramento,067,1510023,67910,65078,638,65716,820
2020-12-29,San Benito,069,59416,3780,3474,29,3503,25
2020-12-29,San Bernardino,071,2135413,209672,190476,5627,196103,1557
2020-12-29,San Diego,073,3302833,168953,150062,7573,157635,1435
2020-12-29,San Francisco,075,870044,24410,22996,217,23213,178
2020-12-29,San Joaquin,077,732212,47657,44699,1627,46326,622
2020-12-29,San Luis Obispo,079,281455,11839,10387,254,10641,80
2020-12-29,San Mateo,081,765935,26471,23773,111,23884,189
2020-12-29,Santa Barbara,083,443738,18539,16797,509,17306,155
2020-12-29,Santa Clara,085,1922200,74461,67581,301,67882,621
2020-12-29,Santa Cruz,087,273765,9874,8492,355,8847,84
2020-12-29,Shasta,089,179085,8408,7782,725,8507,65
2020-12-29,Sierra,091,2930,34,24,5,29,0
2020-12-29,Siskiyou,093,43540,1043,926,107,1033,3
2020-12-29,Solano,095,438530,20205,18412,203,18615,96
2020-12-29,Sonoma,097,501317,19936,18790,108,18898,187
2020-12-29,Stanislaus,099,539301,36070,33775,3255,37030,508
2020-12-29,Sutter,101,95872,6652,6302,45,6347,50
2020-12-29,Tehama,103,63373,3180,2962,301,3263,9
2020-12-29,Trinity,105,12862,423,241,57,298,2
2020-12-29,Tulare,107,460477,35355,32545,3805,36350,419
2020-12-29,Tuolumne,109,53932,2915,2797,16,2813,12
2020-12-29,Ventura,111,848112,43278,38669,1685,40354,235
2020-12-29,Yolo,113,214977,8924,8124,64,8188,111
2020-12-29,Yuba,115,75493,3967,3723,38,3761,18
2020-12-28,Alameda,001,1643700,53798,50405,934,51339,551
2020-12-28,Alpine,003,1148,68,65,0,65,0
2020-12-28,Amador,005,37829,2571,2255,18,2273,23
2020-12-28,Butte,007,227075,7819,7053,923,7976,86
2020-12-28,Calaveras,009,45235,1155,1102,2,1104,21
2020-12-28,Colusa,011,21464,1325,1255,74,1329,7
2020-12-28,Contra Costa,013,1133247,41609,38872,567,39439,324
2020-12-28,Del Norte,015,27424,777,718,2,720,2
2020-12-28,El Dorado,017,186661,6346,5441,317,5758,18
2020-12-28,Fresno,019,978130,69574,64274,4566,68840,679
2020-12-28,Glenn,021,27897,1590,1435,260,1695,9
2020-12-28,Humboldt,023,135768,1811,1579,7,1586,19
2020-12-28,Imperial,025,180216,23153,22003,1300,23303,405
2020-12-28,Inyo,027,18085,701,569,8,577,19
2020-12-28,Kern,029,883053,67421,62392,4976,67368,579
2020-12-28,Kings,031,150075,16605,15733,520,16253,108
2020-12-28,Lake,033,64148,1979,1785,0,1785,22
2020-12-28,Lassen,035,31185,4448,4284,51,4335,1
2020-12-28,Los Angeles,037,10098052,788420,720699,21181,741880,9544
2020-12-28,Madera,039,155013,11013,10123,431,10554,64
2020-12-28,Marin,041,260295,9937,9546,75,9621,145
2020-12-28,Mariposa,043,17540,238,211,2,213,3
2020-12-28,Mendocino,045,87422,2489,2214,20,2234,23
2020-12-28,Merced,047,269075,19231,18245,335,18580,213
2020-12-28,Modoc,049,8938,256,220,73,293,0
2020-12-28,Mono,051,14174,891,848,11,859,3
2020-12-28,Monterey,053,433212,28104,26529,687,27216,182
2020-12-28,Napa,055,140530,6026,5576,24,5600,26
2020-12-28,Nevada,057,99092,2776,2532,88,2620,15
2020-12-28,Orange,059,3164182,166464,152089,6327,158416,1839
2020-12-28,Placer,061,380077,14760,13234,578,13812,126
2020-12-28,Plumas,063,18699,476,391,8,399,0
2020-12-28,Riverside,065,2383286,190066,174029,8409,182438,1855
2020-12-28,Sacramento,067,1510023,66675,64322,614,64936,813
2020-12-28,San Benito,069,59416,3711,3429,29,3458,24
2020-12-28,San Bernardino,071,2135413,204578,188919,5514,194433,1552
2020-12-28,San Diego,073,3302833,164209,147528,7391,154919,1404
2020-12-28,San Francisco,075,870044,24050,22726,212,22938,178
2020-12-28,San Joaquin,077,732212,46718,44172,1595,45767,618
2020-12-28,San Luis Obispo,079,281455,11489,10260,250,10510,76
2020-12-28,San Mateo,081,765935,25997,23467,107,23574,189
2020-12-28,Santa Barbara,083,443738,18071,16579,497,17076,155
2020-12-28,Santa Clara,085,1922200,72982,66418,294,66712,619
2020-12-28,Santa Cruz,087,273765,9616,8310,345,8655,81
2020-12-28,Shasta,089,179085,8291,7688,712,8400,65
2020-12-28,Sierra,091,2930,32,24,4,28,0
2020-12-28,Siskiyou,093,43540,1027,915,102,1017,3
2020-12-28,Solano,095,438530,19645,18171,196,18367,96
2020-12-28,Sonoma,097,501317,19589,18667,106,18773,185
2020-12-28,Stanislaus,099,539301,35524,33473,3196,36669,507
2020-12-28,Sutter,101,95872,6572,6253,45,6298,49
2020-12-28,Tehama,103,63373,3127,2934,294,3228,9
2020-12-28,Trinity,105,12862,421,240,57,297,2
2020-12-28,Tulare,107,460477,34706,32010,3704,35714,404
2020-12-28,Tuolumne,109,53932,2898,2777,16,2793,12
2020-12-28,Ventura,111,848112,41608,37151,1640,38791,230
2020-12-28,Yolo,113,214977,8771,8031,63,8094,111
2020-12-28,Yuba,115,75493,3912,3679,37,3716,18
2020-12-27,Alameda,001,1643700,52557,49764,907,50671,551
2020-12-27,Alpine,003,1148,66,65,0,65,0
2020-12-27,Amador,005,37829,2451,2218,18,2236,23
2020-12-27,Butte,007,227075,7664,7016,884,7900,86
2020-12-27,Calaveras,009,45235,1109,1097,2,1099,21
2020-12-27,Colusa,011,21464,1300,1253,71,1324,7
2020-12-27,Contra Costa,013,1133247,40663,38428,543,38971,324
2020-12-27,Del Norte,015,27424,753,712,2,714,2
2020-12-27,El Dorado,017,186661,6132,5388,294,5682,18
2020-12-27,Fresno,019,978130,68329,63811,4361,68172,679
2020-12-27,Glenn,021,27897,1562,1434,246,1680,9
2020-12-27,Humboldt,023,135768,1767,1575,7,1582,17
2020-12-27,Imperial,025,180216,22874,21934,1193,23127,405
2020-12-27,Inyo,027,18085,682,565,7,572,18
2020-12-27,Kern,029,883053,66140,61914,4811,66725,568
2020-12-27,Kings,031,150075,16369,15593,486,16079,108
2020-12-27,Lake,033,64148,1930,1769,0,1769,22
2020-12-27,Lassen,035,31185,4371,4230,44,4274,1
2020-12-27,Los Angeles,037,10098052,766890,707260,20314,727574,9476
2020-12-27,Madera,039,155013,10756,10005,421,10426,64
2020-12-27,Marin,041,260295,9818,9477,73,9550,144
2020-12-27,Mariposa,043,17540,231,208,2,210,3
2020-12-27,Mendocino,045,87422,2442,2209,20,2229,23
2020-12-27,Merced,047,269075,18864,18075,319,18394,213
2020-12-27,Modoc,049,8938,247,221,69,290,0
2020-12-27,Mono,051,14174,879,849,11,860,3
2020-12-27,Monterey,053,433212,27541,26322,670,26992,181
2020-12-27,Napa,055,140530,5892,5496,24,5520,26
2020-12-27,Nevada,057,99092,2740,2519,88,2607,15
2020-12-27,Orange,059,3164182,162059,149276,6139,155415,1839
2020-12-27,Placer,061,380077,14465,13017,546,13563,126
2020-12-27,Plumas,063,18699,470,390,8,398,0
2020-12-27,Riverside,065,2383286,185151,171995,8109,180104,1836
2020-12-27,Sacramento,067,1510023,65464,63416,592,64008,811
2020-12-27,San Benito,069,59416,3626,3394,29,3423,24
2020-12-27,San Bernardino,071,2135413,199487,186776,5377,192153,1551
2020-12-27,San Diego,073,3302833,159802,145777,7204,152981,1402
2020-12-27,San Francisco,075,870044,23696,22514,204,22718,178
2020-12-27,San Joaquin,077,732212,45668,43529,1546,45075,618
2020-12-27,San Luis Obispo,079,281455,11081,10154,245,10399,76
2020-12-27,San Mateo,081,765935,25433,23136,104,23240,187
2020-12-27,Santa Barbara,083,443738,17542,16364,470,16834,155
2020-12-27,Santa Clara,085,1922200,71287,65288,288,65576,619
2020-12-27,Santa Cruz,087,273765,9358,8234,337,8571,81
2020-12-27,Shasta,089,179085,8164,7671,690,8361,65
2020-12-27,Sierra,091,2930,32,24,3,27,0
2020-12-27,Siskiyou,093,43540,1017,914,97,1011,3
2020-12-27,Solano,095,438530,19163,17840,191,18031,96
2020-12-27,Sonoma,097,501317,19298,18487,105,18592,185
2020-12-27,Stanislaus,099,539301,34912,33076,3113,36189,506
2020-12-27,Sutter,101,95872,6491,6218,43,6261,48
2020-12-27,Tehama,103,63373,3055,2922,278,3200,9
2020-12-27,Trinity,105,12862,414,240,55,295,2
2020-12-27,Tulare,107,460477,34104,31864,3586,35450,400
2020-12-27,Tuolumne,109,53932,2792,2750,14,2764,12
2020-12-27,Ventura,111,848112,40546,36661,1589,38250,230
2020-12-27,Yolo,113,214977,8582,7919,59,7978,111
2020-12-27,Yuba,115,75493,3849,3665,35,3700,18
2020-12-26,Alameda,001,1643700,51935,49084,894,49978,551
2020-12-26,Alpine,003,1148,66,65,0,65,0
2020-12-26,Amador,005,37829,2437,2189,18,2207,23
2020-12-26,Butte,007,227075,7570,6968,860,7828,86
2020-12-26,Calaveras,009,45235,1103,1084,2,1086,21
2020-12-26,Colusa,011,21464,1290,1240,71,1311,7
2020-12-26,Contra Costa,013,1133247,40185,38008,526,38534,324
2020-12-26,Del Norte,015,27424,748,709,2,711,2
2020-12-26,El Dorado,017,186661,6077,5279,290,5569,18
2020-12-26,Fresno,019,978130,67861,63080,4298,67378,679
2020-12-26,Glenn,021,27897,1541,1413,241,1654,9
2020-12-26,Humboldt,023,135768,1729,1545,7,1552,17
2020-12-26,Imperial,025,180216,22779,21734,1140,22874,405
2020-12-26,Inyo,027,18085,667,554,7,561,18
2020-12-26,Kern,029,883053,65469,61174,4664,65838,564
2020-12-26,Kings,031,150075,16251,15517,482,15999,108
2020-12-26,Lake,033,64148,1890,1710,0,1710,22
2020-12-26,Lassen,035,31185,4350,3981,44,4025,1
2020-12-26,Los Angeles,037,10098052,758315,694149,19825,713974,9424
2020-12-26,Madera,039,155013,10680,9908,409,10317,64
2020-12-26,Marin,041,260295,9777,9413,70,9483,143
2020-12-26,Mariposa,043,17540,230,206,2,208,3
2020-12-26,Mendocino,045,87422,2396,2194,20,2214,23
2020-12-26,Merced,047,269075,18705,17890,314,18204,213
2020-12-26,Modoc,049,8938,244,222,69,291,0
2020-12-26,Mono,051,14174,873,850,11,861,3
2020-12-26,Monterey,053,433212,27403,26010,661,26671,182
2020-12-26,Napa,055,140530,5834,5427,24,5451,26
2020-12-26,Nevada,057,99092,2712,2480,88,2568,15
2020-12-26,Orange,059,3164182,159837,147304,6048,153352,1838
2020-12-26,Placer,061,380077,14293,12816,531,13347,122
2020-12-26,Plumas,063,18699,467,381,8,389,0
2020-12-26,Riverside,065,2383286,182665,169360,7951,177311,1834
2020-12-26,Sacramento,067,1510023,64839,62435,582,63017,807
2020-12-26,San Benito,069,59416,3553,3330,29,3359,24
2020-12-26,San Bernardino,071,2135413,197807,185111,5295,190406,1551
2020-12-26,San Diego,073,3302833,157277,142644,7057,149701,1402
2020-12-26,San Francisco,075,870044,23455,22319,204,22523,177
2020-12-26,San Joaquin,077,732212,45280,42887,1500,44387,618
2020-12-26,San Luis Obispo,079,281455,10994,9945,240,10185,76
2020-12-26,San Mateo,081,765935,25095,22908,99,23007,187
2020-12-26,Santa Barbara,083,443738,17303,16159,464,16623,155
2020-12-26,Santa Clara,085,1922200,70172,64185,286,64471,618
2020-12-26,Santa Cruz,087,273765,9227,8113,328,8441,81
2020-12-26,Shasta,089,179085,8104,7641,678,8319,65
2020-12-26,Sierra,091,2930,32,24,3,27,0
2020-12-26,Siskiyou,093,43540,1010,909,94,1003,2
2020-12-26,Solano,095,438530,18923,17528,191,17719,96
2020-12-26,Sonoma,097,501317,19095,18261,103,18364,184
2020-12-26,Stanislaus,099,539301,34613,32678,3060,35738,505
2020-12-26,Sutter,101,95872,6433,6121,43,6164,48
2020-12-26,Tehama,103,63373,3026,2884,272,3156,9
2020-12-26,Trinity,105,12862,412,237,54,291,2
2020-12-26,Tulare,107,460477,33794,31665,3523,35188,398
2020-12-26,Tuolumne,109,53932,2781,2703,14,2717,12
2020-12-26,Ventura,111,848112,39581,36064,1559,37623,230
2020-12-26,Yolo,113,214977,8480,7785,57,7842,111
2020-12-26,Yuba,115,75493,3817,3599,35,3634,18
2020-12-25,Alameda,001,1643700,51363,48365,879,49244,542
2020-12-25,Alpine,003,1148,66,64,0,64,0
2020-12-25,Amador,005,37829,2394,2172,18,2190,23
2020-12-25,Butte,007,227075,7471,6873,841,7714,85
2020-12-25,Calaveras,009,45235,1100,1062,2,1064,21
2020-12-25,Colusa,011,21464,1277,1219,70,1289,7
2020-12-25,Contra Costa,013,1133247,39698,37480,502,37982,324
2020-12-25,Del Norte,015,27424,746,692,2,694,2
2020-12-25,El Dorado,017,186661,6012,5170,277,5447,16
2020-12-25,Fresno,019,978130,66999,62251,4217,66468,679
2020-12-25,Glenn,021,27897,1525,1390,234,1624,9
2020-12-25,Humboldt,023,135768,1689,1532,7,1539,16
2020-12-25,Imperial,025,180216,22676,21646,1128,22774,405
2020-12-25,Inyo,027,18085,657,546,7,553,18
2020-12-25,Kern,029,883053,64739,60417,4518,64935,562
2020-12-25,Kings,031,150075,16140,15460,478,15938,108
2020-12-25,Lake,033,64148,1871,1669,0,1669,20
2020-12-25,Lassen,035,31185,4335,3926,44,3970,1
2020-12-25,Los Angeles,037,10098052,744644,665600,19170,684770,9292
2020-12-25,Madera,039,155013,10516,9770,403,10173,64
2020-12-25,Marin,041,260295,9724,9375,68,9443,143
2020-12-25,Mariposa,043,17540,224,203,2,205,3
2020-12-25,Mendocino,045,87422,2353,2176,20,2196,23
2020-12-25,Merced,047,269075,18544,17726,306,18032,213
2020-12-25,Modoc,049,8938,243,221,69,290,0
2020-12-25,Mono,051,14174,871,843,11,854,3
2020-12-25,Monterey,053,433212,27126,25788,652,26440,182
2020-12-25,Napa,055,140530,5757,5351,24,5375,26
2020-12-25,Nevada,057,99092,2686,2458,86,2544,15
2020-12-25,Orange,059,3164182,157146,144542,5857,150399,1814
2020-12-25,Placer,061,380077,14108,12660,509,13169,122
2020-12-25,Plumas,063,18699,460,381,8,389,0
2020-12-25,Riverside,065,2383286,179383,166690,7640,174330,1825
2020-12-25,Sacramento,067,1510023,64148,61630,557,62187,796
2020-12-25,San Benito,069,59416,3512,3281,27,3308,24
2020-12-25,San Bernardino,071,2135413,195207,181812,5180,186992,1546
2020-12-25,San Diego,073,3302833,154797,139958,6879,146837,1402
2020-12-25,San Francisco,075,870044,23173,22130,199,22329,175
2020-12-25,San Joaquin,077,732212,44980,42089,1447,43536,614
2020-12-25,San Luis Obispo,079,281455,10811,9749,233,9982,76
2020-12-25,San Mateo,081,765935,24773,22568,97,22665,187
2020-12-25,Santa Barbara,083,443738,17079,15936,457,16393,155
2020-12-25,Santa Clara,085,1922200,69035,63173,277,63450,612
2020-12-25,Santa Cruz,087,273765,9077,8018,307,8325,81
2020-12-25,Shasta,089,179085,8030,7612,655,8267,65
2020-12-25,Sierra,091,2930,32,24,3,27,0
2020-12-25,Siskiyou,093,43540,1004,905,92,997,2
2020-12-25,Solano,095,438530,18744,17280,189,17469,96
2020-12-25,Sonoma,097,501317,18920,18035,101,18136,184
2020-12-25,Stanislaus,099,539301,34331,32290,3005,35295,498
2020-12-25,Sutter,101,95872,6374,6051,42,6093,47
2020-12-25,Tehama,103,63373,2978,2839,259,3098,9
2020-12-25,Trinity,105,12862,408,236,54,290,2
2020-12-25,Tulare,107,460477,33382,31323,3455,34778,398
2020-12-25,Tuolumne,109,53932,2762,2674,14,2688,12
2020-12-25,Ventura,111,848112,38425,35514,1511,37025,230
2020-12-25,Yolo,113,214977,8388,7700,55,7755,111
2020-12-25,Yuba,115,75493,3777,3549,34,3583,17
2020-12-24,Alameda,001,1643700,51009,47527,861,48388,541
2020-12-24,Alpine,003,1148,66,64,0,64,0
2020-12-24,Amador,005,37829,2381,2145,18,2163,23
2020-12-24,Butte,007,227075,7433,6716,825,7541,84
2020-12-24,Calaveras,009,45235,1097,1032,2,1034,21
2020-12-24,Colusa,011,21464,1272,1188,68,1256,7
2020-12-24,Contra Costa,013,1133247,39446,36623,489,37112,311
2020-12-24,Del Norte,015,27424,745,678,2,680,2
2020-12-24,El Dorado,017,186661,5986,5042,269,5311,16
2020-12-24,Fresno,019,978130,66777,61435,4203,65638,663
2020-12-24,Glenn,021,27897,1514,1363,226,1589,9
2020-12-24,Humboldt,023,135768,1666,1516,7,1523,16
2020-12-24,Imperial,025,180216,22613,21545,1118,22663,402
2020-12-24,Inyo,027,18085,655,532,7,539,17
2020-12-24,Kern,029,883053,64451,59601,4505,64106,556
2020-12-24,Kings,031,150075,16100,15211,477,15688,108
2020-12-24,Lake,033,64148,1849,1629,0,1629,20
2020-12-24,Lassen,035,31185,4322,3894,44,3938,1
2020-12-24,Los Angeles,037,10098052,740453,664840,18925,683765,9288
2020-12-24,Madera,039,155013,10467,9547,395,9942,63
2020-12-24,Marin,041,260295,9685,9287,68,9355,143
2020-12-24,Mariposa,043,17540,220,197,2,199,3
2020-12-24,Mendocino,045,87422,2342,2150,20,2170,23
2020-12-24,Merced,047,269075,18474,17485,302,17787,212
2020-12-24,Modoc,049,8938,243,220,68,288,0
2020-12-24,Mono,051,14174,869,817,11,828,3
2020-12-24,Monterey,053,433212,27013,25131,645,25776,180
2020-12-24,Napa,055,140530,5702,5265,24,5289,26
2020-12-24,Nevada,057,99092,2662,2429,86,2515,15
2020-12-24,Orange,059,3164182,155655,141205,5806,147011,1775
2020-12-24,Placer,061,380077,14018,12457,502,12959,121
2020-12-24,Plumas,063,18699,457,376,8,384,0
2020-12-24,Riverside,065,2383286,178447,162435,7600,170035,1816
2020-12-24,Sacramento,067,1510023,63873,60596,555,61151,788
2020-12-24,San Benito,069,59416,3481,3183,27,3210,24
2020-12-24,San Bernardino,071,2135413,194117,176866,5147,182013,1533
2020-12-24,San Diego,073,3302833,153713,136952,6847,143799,1382
2020-12-24,San Francisco,075,870044,23001,21830,196,22026,175
2020-12-24,San Joaquin,077,732212,44813,41324,1429,42753,611
2020-12-24,San Luis Obispo,079,281455,10742,9504,231,9735,77
2020-12-24,San Mateo,081,765935,24578,22093,97,22190,186
2020-12-24,Santa Barbara,083,443738,16974,15644,449,16093,153
2020-12-24,Santa Clara,085,1922200,68346,61742,270,62012,591
2020-12-24,Santa Cruz,087,273765,8998,7856,295,8151,82
2020-12-24,Shasta,089,179085,7989,7540,638,8178,65
2020-12-24,Sierra,091,2930,29,23,1,24,0
2020-12-24,Siskiyou,093,43540,999,900,86,986,2
2020-12-24,Solano,095,438530,18603,16872,184,17056,96
2020-12-24,Sonoma,097,501317,18819,17710,101,17811,183
2020-12-24,Stanislaus,099,539301,34129,31848,2978,34826,498
2020-12-24,Sutter,101,95872,6333,5960,41,6001,47
2020-12-24,Tehama,103,63373,2960,2779,257,3036,9
2020-12-24,Trinity,105,12862,407,235,54,289,2
2020-12-24,Tulare,107,460477,33234,30827,3429,34256,390
2020-12-24,Tuolumne,109,53932,2754,2653,14,2667,12
2020-12-24,Ventura,111,848112,38145,34400,1504,35904,224
2020-12-24,Yolo,113,214977,8346,7566,54,7620,113
2020-12-24,Yuba,115,75493,3746,3483,34,3517,16
2020-12-23,Alameda,001,1643700,50431,46753,834,47587,537
2020-12-23,Alpine,003,1148,66,64,0,64,0
2020-12-23,Amador,005,37829,2312,2108,17,2125,23
2020-12-23,Butte,007,227075,7344,6588,798,7386,84
2020-12-23,Calaveras,009,45235,1089,1002,1,1003,21
2020-12-23,Colusa,011,21464,1261,1167,67,1234,7
2020-12-23,Contra Costa,013,1133247,39049,36190,475,36665,311
2020-12-23,Del Norte,015,27424,737,670,2,672,2
2020-12-23,El Dorado,017,186661,5911,4967,261,5228,14
2020-12-23,Fresno,019,978130,66166,60488,4138,64626,654
2020-12-23,Glenn,021,27897,1500,1349,222,1571,9
2020-12-23,Humboldt,023,135768,1641,1458,7,1465,16
2020-12-23,Imperial,025,180216,22518,21323,1089,22412,399
2020-12-23,Inyo,027,18085,642,517,7,524,17
2020-12-23,Kern,029,883053,63932,58656,4414,63070,549
2020-12-23,Kings,031,150075,16023,14923,474,15397,105
2020-12-23,Lake,033,64148,1832,1595,0,1595,20
2020-12-23,Lassen,035,31185,4312,3865,41,3906,1
2020-12-23,Los Angeles,037,10098052,731380,651958,18405,670363,9146
2020-12-23,Madera,039,155013,10310,9371,380,9751,63
2020-12-23,Marin,041,260295,9626,9199,65,9264,142
2020-12-23,Mariposa,043,17540,218,194,2,196,3
2020-12-23,Mendocino,045,87422,2330,2121,20,2141,23
2020-12-23,Merced,047,269075,18318,17250,294,17544,203
2020-12-23,Modoc,049,8938,239,197,67,264,0
2020-12-23,Mono,051,14174,866,814,11,825,3
2020-12-23,Monterey,053,433212,26713,24856,640,25496,176
2020-12-23,Napa,055,140530,5635,5172,24,5196,25
2020-12-23,Nevada,057,99092,2617,2406,85,2491,15
2020-12-23,Orange,059,3164182,153201,138050,5645,143695,1771
2020-12-23,Placer,061,380077,13808,12213,494,12707,111
2020-12-23,Plumas,063,18699,450,369,8,377,0
2020-12-23,Riverside,065,2383286,176176,158110,7446,165556,1790
2020-12-23,Sacramento,067,1510023,63224,59661,542,60203,779
2020-12-23,San Benito,069,59416,3427,3073,25,3098,24
2020-12-23,San Bernardino,071,2135413,192052,172888,5079,177967,1509
2020-12-23,San Diego,073,3302833,151287,134695,6710,141405,1350
2020-12-23,San Francisco,075,870044,22780,21498,193,21691,174
2020-12-23,San Joaquin,077,732212,44287,35664,1387,37051,602
2020-12-23,San Luis Obispo,079,281455,10600,9267,226,9493,74
2020-12-23,San Mateo,081,765935,24276,21780,95,21875,186
2020-12-23,Santa Barbara,083,443738,16766,15399,424,15823,152
2020-12-23,Santa Clara,085,1922200,67399,60455,265,60720,579
2020-12-23,Santa Cruz,087,273765,8839,7637,277,7914,75
2020-12-23,Shasta,089,179085,7917,7487,632,8119,66
2020-12-23,Sierra,091,2930,27,23,1,24,0
2020-12-23,Siskiyou,093,43540,978,891,85,976,2
2020-12-23,Solano,095,438530,18389,16626,179,16805,95
2020-12-23,Sonoma,097,501317,18614,17397,101,17498,182
2020-12-23,Stanislaus,099,539301,33777,31492,2926,34418,499
2020-12-23,Sutter,101,95872,6266,5871,41,5912,46
2020-12-23,Tehama,103,63373,2942,2737,250,2987,9
2020-12-23,Trinity,105,12862,407,234,53,287,2
2020-12-23,Tulare,107,460477,32922,30315,3389,33704,385
2020-12-23,Tuolumne,109,53932,2715,2540,14,2554,12
2020-12-23,Ventura,111,848112,37747,33377,1475,34852,216
2020-12-23,Yolo,113,214977,8267,7508,54,7562,112
2020-12-23,Yuba,115,75493,3686,3438,34,3472,14
2020-12-22,Alameda,001,1643700,49545,45751,804,46555,534
2020-12-22,Alpine,003,1148,66,64,0,64,0
2020-12-22,Amador,005,37829,2301,1839,17,1856,23
2020-12-22,Butte,007,227075,7215,6467,783,7250,85
2020-12-22,Calaveras,009,45235,1062,988,0,988,21
2020-12-22,Colusa,011,21464,1238,1150,64,1214,7
2020-12-22,Contra Costa,013,1133247,38424,35681,461,36142,301
2020-12-22,Del Norte,015,27424,727,666,2,668,2
2020-12-22,El Dorado,017,186661,5788,4885,249,5134,12
2020-12-22,Fresno,019,978130,65134,59640,4036,63676,640
2020-12-22,Glenn,021,27897,1477,1337,211,1548,9
2020-12-22,Humboldt,023,135768,1608,1440,7,1447,16
2020-12-22,Imperial,025,180216,22329,21128,1048,22176,398
2020-12-22,Inyo,027,18085,621,506,7,513,17
2020-12-22,Kern,029,883053,62979,57816,4279,62095,547
2020-12-22,Kings,031,150075,15881,14855,468,15323,102
2020-12-22,Lake,033,64148,1808,1569,0,1569,20
2020-12-22,Lassen,035,31185,4170,3848,39,3887,1
2020-12-22,Los Angeles,037,10098052,714102,635931,17747,653678,9013
2020-12-22,Madera,039,155013,10196,9187,365,9552,63
2020-12-22,Marin,041,260295,9560,9115,64,9179,142
2020-12-22,Mariposa,043,17540,215,194,2,196,3
2020-12-22,Mendocino,045,87422,2297,2092,19,2111,23
2020-12-22,Merced,047,269075,18072,17012,289,17301,201
2020-12-22,Modoc,049,8938,231,182,66,248,0
2020-12-22,Mono,051,14174,860,786,11,797,3
2020-12-22,Monterey,053,433212,26042,24152,619,24771,176
2020-12-22,Napa,055,140530,5546,5059,24,5083,23
2020-12-22,Nevada,057,99092,2589,2367,84,2451,14
2020-12-22,Orange,059,3164182,149866,134850,5477,140327,1774
2020-12-22,Placer,061,380077,13564,11943,474,12417,105
2020-12-22,Plumas,063,18699,444,360,8,368,0
2020-12-22,Riverside,065,2383286,172368,155059,7180,162239,1777
2020-12-22,Sacramento,067,1510023,62296,57966,523,58489,772
2020-12-22,San Benito,069,59416,3349,2998,25,3023,24
2020-12-22,San Bernardino,071,2135413,187441,169266,4935,174201,1500
2020-12-22,San Diego,073,3302833,147928,132097,6548,138645,1311
2020-12-22,San Francisco,075,870044,22508,21232,189,21421,174
2020-12-22,San Joaquin,077,732212,43524,39423,1339,40762,592
2020-12-22,San Luis Obispo,079,281455,10254,9174,221,9395,69
2020-12-22,San Mateo,081,765935,23950,21382,79,21461,186
2020-12-22,Santa Barbara,083,443738,16500,15189,414,15603,150
2020-12-22,Santa Clara,085,1922200,66221,59192,258,59450,569
2020-12-22,Santa Cruz,087,273765,8656,7471,251,7722,72
2020-12-22,Shasta,089,179085,7838,7371,615,7986,64
2020-12-22,Sierra,091,2930,27,23,0,23,0
2020-12-22,Siskiyou,093,43540,972,880,84,964,2
2020-12-22,Solano,095,438530,17986,16229,176,16405,95
2020-12-22,Sonoma,097,501317,18293,17216,101,17317,180
2020-12-22,Stanislaus,099,539301,33393,30914,2852,33766,499
2020-12-22,Sutter,101,95872,6207,5791,40,5831,46
2020-12-22,Tehama,103,63373,2893,2688,244,2932,9
2020-12-22,Trinity,105,12862,406,231,53,284,2
2020-12-22,Tulare,107,460477,32456,30025,3325,33350,377
2020-12-22,Tuolumne,109,53932,2664,2526,14,2540,12
2020-12-22,Ventura,111,848112,36981,32488,1432,33920,213
2020-12-22,Yolo,113,214977,8155,7388,53,7441,113
2020-12-22,Yuba,115,75493,3638,3379,34,3413,14
2020-12-21,Alameda,001,1643700,48643,44756,778,45534,518
2020-12-21,Alpine,003,1148,65,64,0,64,0
2020-12-21,Amador,005,37829,2224,1815,17,1832,23
2020-12-21,Butte,007,227075,7060,6335,760,7095,81
2020-12-21,Calaveras,009,45235,1032,963,0,963,21
2020-12-21,Colusa,011,21464,1211,1135,59,1194,7
2020-12-21,Contra Costa,013,1133247,37675,35207,425,35632,300
2020-12-21,Del Norte,015,27424,712,660,2,662,2
2020-12-21,El Dorado,017,186661,5642,4805,237,5042,10
2020-12-21,Fresno,019,978130,63985,58568,3895,62463,634
2020-12-21,Glenn,021,27897,1445,1323,203,1526,9
2020-12-21,Humboldt,023,135768,1585,1419,7,1426,16
2020-12-21,Imperial,025,180216,22064,20994,1006,22000,395
2020-12-21,Inyo,027,18085,600,482,7,489,17
2020-12-21,Kern,029,883053,62090,56836,4145,60981,541
2020-12-21,Kings,031,150075,15631,14760,453,15213,100
2020-12-21,Lake,033,64148,1760,1538,0,1538,20
2020-12-21,Lassen,035,31185,4010,3798,37,3835,1
2020-12-21,Los Angeles,037,10098052,694995,624129,17084,641213,8918
2020-12-21,Madera,039,155013,10006,9069,344,9413,63
2020-12-21,Marin,041,260295,9490,9035,64,9099,142
2020-12-21,Mariposa,043,17540,210,186,2,188,3
2020-12-21,Mendocino,045,87422,2266,2066,19,2085,23
2020-12-21,Merced,047,269075,17822,16710,274,16984,198
2020-12-21,Modoc,049,8938,217,181,65,246,0
2020-12-21,Mono,051,14174,848,781,11,792,3
2020-12-21,Monterey,053,433212,25510,23673,605,24278,174
2020-12-21,Napa,055,140530,5460,4952,24,4976,23
2020-12-21,Nevada,057,99092,2556,2337,84,2421,13
2020-12-21,Orange,059,3164182,146461,130444,5325,135769,1772
2020-12-21,Placer,061,380077,13332,11715,455,12170,105
2020-12-21,Plumas,063,18699,440,353,8,361,0
2020-12-21,Riverside,065,2383286,168147,151713,6861,158574,1743
2020-12-21,Sacramento,067,1510023,61277,57064,506,57570,759
2020-12-21,San Benito,069,59416,3280,2921,25,2946,22
2020-12-21,San Bernardino,071,2135413,182626,165086,4769,169855,1476
2020-12-21,San Diego,073,3302833,144477,129716,6384,136100,1284
2020-12-21,San Francisco,075,870044,22216,21086,187,21273,174
2020-12-21,San Joaquin,077,732212,42726,38811,1289,40100,586
2020-12-21,San Luis Obispo,079,281455,10065,9006,216,9222,64
2020-12-21,San Mateo,081,765935,23546,21035,76,21111,185
2020-12-21,Santa Barbara,083,443738,16226,14988,409,15397,149
2020-12-21,Santa Clara,085,1922200,65028,57699,246,57945,570
2020-12-21,Santa Cruz,087,273765,8449,7315,238,7553,69
2020-12-21,Shasta,089,179085,7773,7299,605,7904,64
2020-12-21,Sierra,091,2930,24,23,0,23,0
2020-12-21,Siskiyou,093,43540,965,878,83,961,2
2020-12-21,Solano,095,438530,17527,15878,171,16049,95
2020-12-21,Sonoma,097,501317,18019,17075,98,17173,176
2020-12-21,Stanislaus,099,539301,32936,30437,2776,33213,499
2020-12-21,Sutter,101,95872,6112,5708,40,5748,46
2020-12-21,Tehama,103,63373,2828,2656,235,2891,9
2020-12-21,Trinity,105,12862,404,226,51,277,2
2020-12-21,Tulare,107,460477,31970,29482,3234,32716,373
2020-12-21,Tuolumne,109,53932,2639,2423,12,2435,12
2020-12-21,Ventura,111,848112,35901,31759,1395,33154,212
2020-12-21,Yolo,113,214977,8018,7266,49,7315,109
2020-12-21,Yuba,115,75493,3580,3329,34,3363,14
2020-12-20,Alameda,001,1643700,47760,44004,757,44761,516
2020-12-20,Alpine,003,1148,65,64,0,64,0
2020-12-20,Amador,005,37829,2166,1771,17,1788,23
2020-12-20,Butte,007,227075,6913,6228,724,6952,81
2020-12-20,Calaveras,009,45235,1008,926,0,926,21
2020-12-20,Colusa,011,21464,1183,1121,53,1174,7
2020-12-20,Contra Costa,013,1133247,37074,34798,407,35205,301
2020-12-20,Del Norte,015,27424,690,652,2,654,2
2020-12-20,El Dorado,017,186661,5517,4697,228,4925,10
2020-12-20,Fresno,019,978130,62998,57616,3760,61376,634
2020-12-20,Glenn,021,27897,1436,1295,196,1491,9
2020-12-20,Humboldt,023,135768,1548,1386,6,1392,15
2020-12-20,Imperial,025,180216,21824,20882,904,21786,395
2020-12-20,Inyo,027,18085,584,476,7,483,17
2020-12-20,Kern,029,883053,60992,55983,3991,59974,540
2020-12-20,Kings,031,150075,15411,14629,437,15066,100
2020-12-20,Lake,033,64148,1717,1463,0,1463,20
2020-12-20,Lassen,035,31185,3956,3669,35,3704,1
2020-12-20,Los Angeles,037,10098052,676882,612975,16367,629342,8862
2020-12-20,Madera,039,155013,9796,8871,337,9208,63
2020-12-20,Marin,041,260295,9389,8948,61,9009,142
2020-12-20,Mariposa,043,17540,209,179,2,181,3
2020-12-20,Mendocino,045,87422,2241,2033,19,2052,23
2020-12-20,Merced,047,269075,17505,16435,267,16702,198
2020-12-20,Modoc,049,8938,217,181,63,244,0
2020-12-20,Mono,051,14174,830,774,11,785,3
2020-12-20,Monterey,053,433212,25027,23250,567,23817,173
2020-12-20,Napa,055,140530,5339,4865,23,4888,23
2020-12-20,Nevada,057,99092,2510,2289,78,2367,13
2020-12-20,Orange,059,3164182,142968,128780,5177,133957,1763
2020-12-20,Placer,061,380077,13107,11496,437,11933,105
2020-12-20,Plumas,063,18699,432,347,8,355,0
2020-12-20,Riverside,065,2383286,163942,148714,6574,155288,1742
2020-12-20,Sacramento,067,1510023,60278,56017,486,56503,755
2020-12-20,San Benito,069,59416,3209,2885,24,2909,21
2020-12-20,San Bernardino,071,2135413,177619,162810,4612,167422,1458
2020-12-20,San Diego,073,3302833,140759,126465,6214,132679,1280
2020-12-20,San Francisco,075,870044,21898,20937,184,21121,174
2020-12-20,San Joaquin,077,732212,41878,38268,1229,39497,587
2020-12-20,San Luis Obispo,079,281455,9774,8881,210,9091,63
2020-12-20,San Mateo,081,765935,23112,20764,72,20836,185
2020-12-20,Santa Barbara,083,443738,15904,14817,391,15208,148
2020-12-20,Santa Clara,085,1922200,63631,56860,240,57100,566
2020-12-20,Santa Cruz,087,273765,8239,7178,225,7403,69
2020-12-20,Shasta,089,179085,7659,7256,591,7847,64
2020-12-20,Sierra,091,2930,24,22,0,22,0
2020-12-20,Siskiyou,093,43540,956,870,82,952,2
2020-12-20,Solano,095,438530,17144,15533,160,15693,95
2020-12-20,Sonoma,097,501317,17743,16802,97,16899,175
2020-12-20,Stanislaus,099,539301,32405,29995,2676,32671,498
2020-12-20,Sutter,101,95872,6025,5601,40,5641,43
2020-12-20,Tehama,103,63373,2780,2602,216,2818,9
2020-12-20,Trinity,105,12862,396,221,50,271,2
2020-12-20,Tulare,107,460477,31452,29078,3142,32220,373
2020-12-20,Tuolumne,109,53932,2531,2152,11,2163,12
2020-12-20,Ventura,111,848112,35200,31335,1363,32698,210
2020-12-20,Yolo,113,214977,7866,7121,46,7167,109
2020-12-20,Yuba,115,75493,3530,3254,32,3286,12
2020-12-19,Alameda,001,1643700,47311,43109,750,43859,516
2020-12-19,Alpine,003,1148,65,64,0,64,0
2020-12-19,Amador,005,37829,2142,1754,17,1771,23
2020-12-19,Butte,007,227075,6813,6118,702,6820,81
2020-12-19,Calaveras,009,45235,991,900,0,900,21
2020-12-19,Colusa,011,21464,1175,1096,50,1146,7
2020-12-19,Contra Costa,013,1133247,36746,34321,393,34714,301
2020-12-19,Del Norte,015,27424,688,641,1,642,2
2020-12-19,El Dorado,017,186661,5450,4588,220,4808,10
2020-12-19,Fresno,019,978130,62671,55428,3694,59122,634
2020-12-19,Glenn,021,27897,1401,1286,195,1481,9
2020-12-19,Humboldt,023,135768,1531,1357,6,1363,15
2020-12-19,Imperial,025,180216,21731,20711,858,21569,395
2020-12-19,Inyo,027,18085,577,475,7,482,17
2020-12-19,Kern,029,883053,60508,55118,3885,59003,540
2020-12-19,Kings,031,150075,15332,14474,435,14909,100
2020-12-19,Lake,033,64148,1677,1438,0,1438,20
2020-12-19,Lassen,035,31185,3928,3595,35,3630,1
2020-12-19,Los Angeles,037,10098052,669756,599888,15846,615734,8804
2020-12-19,Madera,039,155013,9695,8717,325,9042,63
2020-12-19,Marin,041,260295,9349,8864,61,8925,142
2020-12-19,Mariposa,043,17540,207,177,2,179,3
2020-12-19,Mendocino,045,87422,2216,2008,19,2027,23
2020-12-19,Merced,047,269075,17366,16230,259,16489,198
2020-12-19,Modoc,049,8938,214,181,63,244,0
2020-12-19,Mono,051,14174,823,766,11,777,3
2020-12-19,Monterey,053,433212,24913,22799,562,23361,172
2020-12-19,Napa,055,140530,5277,4772,23,4795,23
2020-12-19,Nevada,057,99092,2488,2260,78,2338,13
2020-12-19,Orange,059,3164182,141041,125574,5029,130603,1733
2020-12-19,Placer,061,380077,12952,11246,431,11677,105
2020-12-19,Plumas,063,18699,429,343,8,351,0
2020-12-19,Riverside,065,2383286,161955,146703,6343,153046,1737
2020-12-19,Sacramento,067,1510023,59743,55169,472,55641,746
2020-12-19,San Benito,069,59416,3161,2820,23,2843,21
2020-12-19,San Bernardino,071,2135413,176035,159883,4504,164387,1433
2020-12-19,San Diego,073,3302833,138992,122972,6075,129047,1280
2020-12-19,San Francisco,075,870044,21743,20643,184,20827,174
2020-12-19,San Joaquin,077,732212,41474,37340,1181,38521,586
2020-12-19,San Luis Obispo,079,281455,9703,8788,207,8995,63
2020-12-19,San Mateo,081,765935,22903,20393,65,20458,182
2020-12-19,Santa Barbara,083,443738,15748,14667,385,15052,148
2020-12-19,Santa Clara,085,1922200,62781,55540,236,55776,558
2020-12-19,Santa Cruz,087,273765,8133,7054,221,7275,68
2020-12-19,Shasta,089,179085,7607,7221,579,7800,63
2020-12-19,Sierra,091,2930,24,23,0,23,0
2020-12-19,Siskiyou,093,43540,952,853,81,934,2
2020-12-19,Solano,095,438530,16966,15204,157,15361,95
2020-12-19,Sonoma,097,501317,17634,16553,97,16650,175
2020-12-19,Stanislaus,099,539301,32078,29555,2604,32159,498
2020-12-19,Sutter,101,95872,5969,5506,40,5546,41
2020-12-19,Tehama,103,63373,2731,2574,214,2788,9
2020-12-19,Trinity,105,12862,395,219,50,269,2
2020-12-19,Tulare,107,460477,31214,28734,3076,31810,375
2020-12-19,Tuolumne,109,53932,2517,2107,11,2118,12
2020-12-19,Ventura,111,848112,34919,30843,1333,32176,209
2020-12-19,Yolo,113,214977,7791,7025,45,7070,109
2020-12-19,Yuba,115,75493,3500,3168,32,3200,11
2020-12-18,Alameda,001,1643700,46776,42196,734,42930,515
2020-12-18,Alpine,003,1148,65,64,0,64,0
2020-12-18,Amador,005,37829,2125,1727,15,1742,20
2020-12-18,Butte,007,227075,6728,5891,677,6568,81
2020-12-18,Calaveras,009,45235,981,870,0,870,21
2020-12-18,Colusa,011,21464,1166,1068,50,1118,7
2020-12-18,Contra Costa,013,1133247,36454,33610,382,33992,300
2020-12-18,Del Norte,015,27424,683,627,0,627,2
2020-12-18,El Dorado,017,186661,5388,4494,211,4705,10
2020-12-18,Fresno,019,978130,61844,52643,3633,56276,613
2020-12-18,Glenn,021,27897,1384,1264,190,1454,9
2020-12-18,Humboldt,023,135768,1516,1331,6,1337,15
2020-12-18,Imperial,025,180216,21648,20430,812,21242,393
2020-12-18,Inyo,027,18085,558,454,7,461,17
2020-12-18,Kern,029,883053,59848,54220,3800,58020,533
2020-12-18,Kings,031,150075,15206,14284,429,14713,98
2020-12-18,Lake,033,64148,1661,1397,0,1397,20
2020-12-18,Lassen,035,31185,3920,3486,35,3521,1
2020-12-18,Los Angeles,037,10098052,657599,586413,15365,601778,8744
2020-12-18,Madera,039,155013,9592,8609,319,8928,63
2020-12-18,Marin,041,260295,9265,8799,61,8860,142
2020-12-18,Mariposa,043,17540,204,176,2,178,3
2020-12-18,Mendocino,045,87422,2198,1977,19,1996,24
2020-12-18,Merced,047,269075,17285,15956,257,16213,195
2020-12-18,Modoc,049,8938,214,179,63,242,0
2020-12-18,Mono,051,14174,815,731,11,742,3
2020-12-18,Monterey,053,433212,24620,22336,557,22893,165
2020-12-18,Napa,055,140530,5228,4688,23,4711,23
2020-12-18,Nevada,057,99092,2471,2220,77,2297,13
2020-12-18,Orange,059,3164182,138608,121681,4880,126561,1725
2020-12-18,Placer,061,380077,12781,10995,423,11418,104
2020-12-18,Plumas,063,18699,423,336,8,344,0
2020-12-18,Riverside,065,2383286,159113,142375,6081,148456,1733
2020-12-18,Sacramento,067,1510023,59117,53980,456,54436,736
2020-12-18,San Benito,069,59416,3112,2744,23,2767,21
2020-12-18,San Bernardino,071,2135413,173736,154272,4370,158642,1430
2020-12-18,San Diego,073,3302833,136814,120463,5936,126399,1253
2020-12-18,San Francisco,075,870044,21576,20315,178,20493,173
2020-12-18,San Joaquin,077,732212,41117,36484,1152,37636,559
2020-12-18,San Luis Obispo,079,281455,9605,8598,202,8800,62
2020-12-18,San Mateo,081,765935,22590,19971,61,20032,182
2020-12-18,Santa Barbara,083,443738,15607,14361,372,14733,148
2020-12-18,Santa Clara,085,1922200,61884,53992,227,54219,539
2020-12-18,Santa Cruz,087,273765,8014,6838,213,7051,68
2020-12-18,Shasta,089,179085,7569,7114,568,7682,62
2020-12-18,Sierra,091,2930,24,23,0,23,0
2020-12-18,Siskiyou,093,43540,950,840,81,921,2
2020-12-18,Solano,095,438530,16809,14667,153,14820,95
2020-12-18,Sonoma,097,501317,17514,16261,97,16358,173
2020-12-18,Stanislaus,099,539301,31802,28967,2567,31534,490
2020-12-18,Sutter,101,95872,5885,5399,40,5439,39
2020-12-18,Tehama,103,63373,2716,2523,204,2727,9
2020-12-18,Trinity,105,12862,394,215,50,265,2
2020-12-18,Tulare,107,460477,30923,28322,2998,31320,370
2020-12-18,Tuolumne,109,53932,2506,2067,11,2078,12
2020-12-18,Ventura,111,848112,34415,29907,1290,31197,209
2020-12-18,Yolo,113,214977,7722,6901,44,6945,109
2020-12-18,Yuba,115,75493,3440,3097,32,3129,11
2020-12-17,Alameda,001,1643700,45971,41548,709,42257,508
2020-12-17,Alpine,003,1148,65,64,0,64,0
2020-12-17,Amador,005,37829,2077,1703,13,1716,19
2020-12-17,Butte,007,227075,6603,5746,658,6404,78
2020-12-17,Calaveras,009,45235,958,848,0,848,21
2020-12-17,Colusa,011,21464,1155,1053,48,1101,7
2020-12-17,Contra Costa,013,1133247,35921,33006,352,33358,293
2020-12-17,Del Norte,015,27424,678,583,0,583,1
2020-12-17,El Dorado,017,186661,5242,4327,198,4525,9
2020-12-17,Fresno,019,978130,60983,49918,3506,53424,597
2020-12-17,Glenn,021,27897,1360,1244,183,1427,9
2020-12-17,Humboldt,023,135768,1483,1322,6,1328,14
2020-12-17,Imperial,025,180216,21487,20208,746,20954,391
2020-12-17,Inyo,027,18085,540,450,6,456,16
2020-12-17,Kern,029,883053,58891,53683,3665,57348,526
2020-12-17,Kings,031,150075,15103,14057,414,14471,98
2020-12-17,Lake,033,64148,1632,1374,0,1374,20
2020-12-17,Lassen,035,31185,3884,3417,35,3452,1
2020-12-17,Los Angeles,037,10098052,641927,571093,14826,585919,8657
2020-12-17,Madera,039,155013,9471,8465,315,8780,62
2020-12-17,Marin,041,260295,9203,8721,59,8780,142
2020-12-17,Mariposa,043,17540,200,172,2,174,3
2020-12-17,Mendocino,045,87422,2164,1942,19,1961,23
2020-12-17,Merced,047,269075,17023,15648,249,15897,192
2020-12-17,Modoc,049,8938,211,179,63,242,0
2020-12-17,Mono,051,14174,801,718,11,729,3
2020-12-17,Monterey,053,433212,24101,21951,542,22493,163
2020-12-17,Napa,055,140530,5116,4612,23,4635,23
2020-12-17,Nevada,057,99092,2430,2173,74,2247,13
2020-12-17,Orange,059,3164182,135244,118367,4748,123115,1725
2020-12-17,Placer,061,380077,12507,10756,409,11165,99
2020-12-17,Plumas,063,18699,414,324,8,332,0
2020-12-17,Riverside,065,2383286,155240,139325,5867,145192,1696
2020-12-17,Sacramento,067,1510023,58210,53189,434,53623,721
2020-12-17,San Benito,069,59416,3043,2645,22,2667,20
2020-12-17,San Bernardino,071,2135413,169789,149838,4254,154092,1425
2020-12-17,San Diego,073,3302833,134013,116852,5780,122632,1239
2020-12-17,San Francisco,075,870044,21286,19939,173,20112,170
2020-12-17,San Joaquin,077,732212,40389,35894,1118,37012,554
2020-12-17,San Luis Obispo,079,281455,9486,8365,201,8566,59
2020-12-17,San Mateo,081,765935,22220,19647,61,19708,181
2020-12-17,Santa Barbara,083,443738,15374,14207,365,14572,147
2020-12-17,Santa Clara,085,1922200,60694,52559,221,52780,527
2020-12-17,Santa Cruz,087,273765,7858,6687,200,6887,64
2020-12-17,Shasta,089,179085,7493,7000,549,7549,62
2020-12-17,Sierra,091,2930,23,23,0,23,0
2020-12-17,Siskiyou,093,43540,942,827,80,907,2
2020-12-17,Solano,095,438530,16495,14361,150,14511,96
2020-12-17,Sonoma,097,501317,17242,15993,96,16089,171
2020-12-17,Stanislaus,099,539301,31383,28582,2507,31089,489
2020-12-17,Sutter,101,95872,5787,5309,38,5347,39
2020-12-17,Tehama,103,63373,2667,2480,198,2678,9
2020-12-17,Trinity,105,12862,389,213,50,263,2
2020-12-17,Tulare,107,460477,30523,27852,2919,30771,358
2020-12-17,Tuolumne,109,53932,2213,1992,11,2003,11
2020-12-17,Ventura,111,848112,33805,29404,1254,30658,208
2020-12-17,Yolo,113,214977,7601,6800,43,6843,105
2020-12-17,Yuba,115,75493,3380,3035,31,3066,12
2020-12-16,Alameda,001,1643700,45115,40751,685,41436,497
2020-12-16,Alpine,003,1148,65,64,0,64,0
2020-12-16,Amador,005,37829,2030,1693,12,1705,19
2020-12-16,Butte,007,227075,6414,5659,630,6289,76
2020-12-16,Calaveras,009,45235,923,821,0,821,21
2020-12-16,Colusa,011,21464,1142,1038,45,1083,7
2020-12-16,Contra Costa,013,1133247,35363,32429,333,32762,293
2020-12-16,Del Norte,015,27424,676,575,0,575,1
2020-12-16,El Dorado,017,186661,5121,4237,189,4426,9
2020-12-16,Fresno,019,978130,60027,49173,3410,52583,584
2020-12-16,Glenn,021,27897,1342,1236,172,1408,9
2020-12-16,Humboldt,023,135768,1451,1308,5,1313,12
2020-12-16,Imperial,025,180216,21305,19980,682,20662,388
2020-12-16,Inyo,027,18085,527,444,6,450,16
2020-12-16,Kern,029,883053,58014,52896,3536,56432,522
2020-12-16,Kings,031,150075,14923,13734,398,14132,99
2020-12-16,Lake,033,64148,1593,1363,0,1363,20
2020-12-16,Lassen,035,31185,3851,3396,34,3430,1
2020-12-16,Los Angeles,037,10098052,625377,557907,14161,572068,8561
2020-12-16,Madera,039,155013,9345,8278,307,8585,62
2020-12-16,Marin,041,260295,9132,8641,59,8700,142
2020-12-16,Mariposa,043,17540,197,175,2,177,3
2020-12-16,Mendocino,045,87422,2129,1929,19,1948,23
2020-12-16,Merced,047,269075,16738,15443,246,15689,190
2020-12-16,Modoc,049,8938,208,178,63,241,0
2020-12-16,Mono,051,14174,782,702,11,713,3
2020-12-16,Monterey,053,433212,23541,21107,531,21638,163
2020-12-16,Napa,055,140530,5018,4544,23,4567,23
2020-12-16,Nevada,057,99092,2394,2149,72,2221,13
2020-12-16,Orange,059,3164182,131768,115260,4583,119843,1712
2020-12-16,Placer,061,380077,12270,10554,388,10942,96
2020-12-16,Plumas,063,18699,405,319,8,327,0
2020-12-16,Riverside,065,2383286,151122,135751,5622,141373,1664
2020-12-16,Sacramento,067,1510023,57238,52166,409,52575,715
2020-12-16,San Benito,069,59416,2953,2582,22,2604,20
2020-12-16,San Bernardino,071,2135413,165182,143565,4120,147685,1403
2020-12-16,San Diego,073,3302833,130909,114248,5626,119874,1217
2020-12-16,San Francisco,075,870044,21027,19624,173,19797,170
2020-12-16,San Joaquin,077,732212,39565,35010,1078,36088,547
2020-12-16,San Luis Obispo,079,281455,9291,8252,192,8444,58
2020-12-16,San Mateo,081,765935,21895,19292,57,19349,179
2020-12-16,Santa Barbara,083,443738,15122,13966,353,14319,144
2020-12-16,Santa Clara,085,1922200,59442,51502,218,51720,523
2020-12-16,Santa Cruz,087,273765,7670,6536,189,6725,63
2020-12-16,Shasta,089,179085,7420,6914,526,7440,62
2020-12-16,Sierra,091,2930,23,23,0,23,0
2020-12-16,Siskiyou,093,43540,934,818,80,898,2
2020-12-16,Solano,095,438530,16024,14157,146,14303,96
2020-12-16,Sonoma,097,501317,16987,15768,96,15864,170
2020-12-16,Stanislaus,099,539301,30890,28279,2436,30715,489
2020-12-16,Sutter,101,95872,5708,5223,38,5261,39
2020-12-16,Tehama,103,63373,2632,2441,174,2615,9
2020-12-16,Trinity,105,12862,383,212,50,262,2
2020-12-16,Tulare,107,460477,30096,27500,2829,30329,352
2020-12-16,Tuolumne,109,53932,2170,1941,11,1952,11
2020-12-16,Ventura,111,848112,33032,28566,1212,29778,203
2020-12-16,Yolo,113,214977,7474,6649,42,6691,103
2020-12-16,Yuba,115,75493,3294,2980,30,3010,11
2020-12-15,Alameda,001,1643700,44259,40026,664,40690,492
2020-12-15,Alpine,003,1148,65,64,0,64,0
2020-12-15,Amador,005,37829,1917,1669,10,1679,19
2020-12-15,Butte,007,227075,6275,5565,602,6167,75
2020-12-15,Calaveras,009,45235,891,799,0,799,21
2020-12-15,Colusa,011,21464,1129,1026,44,1070,7
2020-12-15,Contra Costa,013,1133247,34709,31423,319,31742,281
2020-12-15,Del Norte,015,27424,669,564,0,564,1
2020-12-15,El Dorado,017,186661,5013,4113,175,4288,9
2020-12-15,Fresno,019,978130,58653,47316,3275,50591,574
2020-12-15,Glenn,021,27897,1329,1207,156,1363,9
2020-12-15,Humboldt,023,135768,1431,1276,5,1281,12
2020-12-15,Imperial,025,180216,21080,19756,604,20360,380
2020-12-15,Inyo,027,18085,515,394,6,400,16
2020-12-15,Kern,029,883053,57003,52002,3430,55432,511
2020-12-15,Kings,031,150075,14759,13652,379,14031,97
2020-12-15,Lake,033,64148,1567,1341,0,1341,21
2020-12-15,Lassen,035,31185,3679,3378,33,3411,1
2020-12-15,Los Angeles,037,10098052,608974,536258,13532,549790,8429
2020-12-15,Madera,039,155013,9188,8118,300,8418,60
2020-12-15,Marin,041,260295,9027,8528,58,8586,141
2020-12-15,Mariposa,043,17540,193,171,2,173,3
2020-12-15,Mendocino,045,87422,2102,1883,19,1902,24
2020-12-15,Merced,047,269075,16442,15120,242,15362,190
2020-12-15,Modoc,049,8938,206,179,63,242,0
2020-12-15,Mono,051,14174,766,702,11,713,3
2020-12-15,Monterey,053,433212,22944,19905,470,20375,161
2020-12-15,Napa,055,140530,4915,4440,23,4463,23
2020-12-15,Nevada,057,99092,2361,2117,70,2187,11
2020-12-15,Orange,059,3164182,128136,112893,4434,117327,1689
2020-12-15,Placer,061,380077,12036,10301,366,10667,95
2020-12-15,Plumas,063,18699,400,313,8,321,0
2020-12-15,Riverside,065,2383286,147070,131822,5347,137169,1624
2020-12-15,Sacramento,067,1510023,56220,51076,396,51472,703
2020-12-15,San Benito,069,59416,2874,2520,21,2541,19
2020-12-15,San Bernardino,071,2135413,160720,137548,3971,141519,1351
2020-12-15,San Diego,073,3302833,127342,111441,5463,116904,1194
2020-12-15,San Francisco,075,870044,20719,19283,170,19453,171
2020-12-15,San Joaquin,077,732212,38643,33849,1044,34893,537
2020-12-15,San Luis Obispo,079,281455,9182,8074,189,8263,55
2020-12-15,San Mateo,081,765935,21486,18907,55,18962,178
2020-12-15,Santa Barbara,083,443738,14895,13782,345,14127,144
2020-12-15,Santa Clara,085,1922200,58014,50311,215,50526,505
2020-12-15,Santa Cruz,087,273765,7483,6361,176,6537,59
2020-12-15,Shasta,089,179085,7361,6794,501,7295,54
2020-12-15,Sierra,091,2930,23,23,0,23,0
2020-12-15,Siskiyou,093,43540,926,812,79,891,2
2020-12-15,Solano,095,438530,15670,13796,146,13942,95
2020-12-15,Sonoma,097,501317,16766,15406,96,15502,167
2020-12-15,Stanislaus,099,539301,30393,27823,2357,30180,485
2020-12-15,Sutter,101,95872,5609,5080,37,5117,36
2020-12-15,Tehama,103,63373,2594,2392,168,2560,9
2020-12-15,Trinity,105,12862,375,213,48,261,1
2020-12-15,Tulare,107,460477,29597,27026,2741,29767,342
2020-12-15,Tuolumne,109,53932,2140,1874,11,1885,8
2020-12-15,Ventura,111,848112,32410,27936,1165,29101,201
2020-12-15,Yolo,113,214977,7349,6531,40,6571,104
2020-12-15,Yuba,115,75493,3199,2891,29,2920,11
2020-12-14,Alameda,001,1643700,43358,39252,645,39897,487
2020-12-14,Alpine,003,1148,65,63,0,63,0
2020-12-14,Amador,005,37829,1845,1609,10,1619,19
2020-12-14,Butte,007,227075,6107,5202,585,5787,75
2020-12-14,Calaveras,009,45235,853,718,0,718,21
2020-12-14,Colusa,011,21464,1105,949,43,992,7
2020-12-14,Contra Costa,013,1133247,34018,30594,305,30899,281
2020-12-14,Del Norte,015,27424,663,560,0,560,1
2020-12-14,El Dorado,017,186661,4857,4018,159,4177,9
2020-12-14,Fresno,019,978130,57628,44726,3101,47827,560
2020-12-14,Glenn,021,27897,1303,1186,148,1334,9
2020-12-14,Humboldt,023,135768,1418,1256,5,1261,9
2020-12-14,Imperial,025,180216,20841,19608,530,20138,379
2020-12-14,Inyo,027,18085,502,382,6,388,16
2020-12-14,Kern,029,883053,55966,50538,3309,53847,510
2020-12-14,Kings,031,150075,14574,13491,352,13843,97
2020-12-14,Lake,033,64148,1516,1301,0,1301,21
2020-12-14,Lassen,035,31185,3581,2905,30,2935,1
2020-12-14,Los Angeles,037,10098052,591333,524668,12906,537574,8340
2020-12-14,Madera,039,155013,8924,8011,291,8302,60
2020-12-14,Marin,041,260295,8942,8475,57,8532,141
2020-12-14,Mariposa,043,17540,192,171,2,173,3
2020-12-14,Mendocino,045,87422,2081,1845,19,1864,24
2020-12-14,Merced,047,269075,16037,14572,228,14800,189
2020-12-14,Modoc,049,8938,200,180,61,241,0
2020-12-14,Mono,051,14174,758,685,11,696,3
2020-12-14,Monterey,053,433212,22421,19154,464,19618,155
2020-12-14,Napa,055,140530,4822,4289,23,4312,22
2020-12-14,Nevada,057,99092,2324,2070,67,2137,11
2020-12-14,Orange,059,3164182,124253,108602,4298,112900,1688
2020-12-14,Placer,061,380077,11755,9551,355,9906,95
2020-12-14,Plumas,063,18699,388,309,8,317,0
2020-12-14,Riverside,065,2383286,142948,123715,5085,128800,1588
2020-12-14,Sacramento,067,1510023,55113,50304,371,50675,691
2020-12-14,San Benito,069,59416,2808,2467,20,2487,19
2020-12-14,San Bernardino,071,2135413,156269,129151,3845,132996,1347
2020-12-14,San Diego,073,3302833,123606,109578,5278,114856,1162
2020-12-14,San Francisco,075,870044,20349,18904,168,19072,171
2020-12-14,San Joaquin,077,732212,37808,32522,998,33520,534
2020-12-14,San Luis Obispo,079,281455,8937,7791,185,7976,52
2020-12-14,San Mateo,081,765935,20989,18361,52,18413,178
2020-12-14,Santa Barbara,083,443738,14623,13587,337,13924,144
2020-12-14,Santa Clara,085,1922200,56501,49180,204,49384,502
2020-12-14,Santa Cruz,087,273765,7301,6049,161,6210,54
2020-12-14,Shasta,089,179085,7272,6665,483,7148,54
2020-12-14,Sierra,091,2930,23,21,0,21,0
2020-12-14,Siskiyou,093,43540,903,764,73,837,2
2020-12-14,Solano,095,438530,15315,13352,145,13497,93
2020-12-14,Sonoma,097,501317,16459,14807,95,14902,167
2020-12-14,Stanislaus,099,539301,29865,27311,2311,29622,485
2020-12-14,Sutter,101,95872,5506,5001,30,5031,35
2020-12-14,Tehama,103,63373,2552,2344,165,2509,9
2020-12-14,Trinity,105,12862,371,205,46,251,1
2020-12-14,Tulare,107,460477,29118,25735,2652,28387,341
2020-12-14,Tuolumne,109,53932,2087,1647,11,1658,8
2020-12-14,Ventura,111,848112,31487,27436,1107,28543,202
2020-12-14,Yolo,113,214977,7191,6389,39,6428,95
2020-12-14,Yuba,115,75493,3136,2851,29,2880,11
2020-12-13,Alameda,001,1643700,42157,38064,621,38685,486
2020-12-13,Alpine,003,1148,65,63,0,63,0
2020-12-13,Amador,005,37829,1789,1457,9,1466,19
2020-12-13,Butte,007,227075,5958,5103,547,5650,75
2020-12-13,Calaveras,009,45235,819,710,0,710,21
2020-12-13,Colusa,011,21464,1089,945,40,985,7
2020-12-13,Contra Costa,013,1133247,33291,29667,299,29966,281
2020-12-13,Del Norte,015,27424,611,542,0,542,1
2020-12-13,El Dorado,017,186661,4756,3770,150,3920,9
2020-12-13,Fresno,019,978130,56522,44114,2947,47061,559
2020-12-13,Glenn,021,27897,1290,1171,137,1308,9
2020-12-13,Humboldt,023,135768,1395,1238,4,1242,9
2020-12-13,Imperial,025,180216,20559,19472,410,19882,379
2020-12-13,Inyo,027,18085,481,380,6,386,16
2020-12-13,Kern,029,883053,54937,49051,3155,52206,510
2020-12-13,Kings,031,150075,14294,13357,334,13691,97
2020-12-13,Lake,033,64148,1475,1271,0,1271,21
2020-12-13,Lassen,035,31185,3474,2867,25,2892,1
2020-12-13,Los Angeles,037,10098052,573693,517472,12221,529693,8294
2020-12-13,Madera,039,155013,8739,7909,278,8187,60
2020-12-13,Marin,041,260295,8821,8409,57,8466,141
2020-12-13,Mariposa,043,17540,188,167,2,169,3
2020-12-13,Mendocino,045,87422,2047,1793,19,1812,24
2020-12-13,Merced,047,269075,15684,14384,225,14609,189
2020-12-13,Modoc,049,8938,190,179,56,235,0
2020-12-13,Mono,051,14174,742,675,11,686,3
2020-12-13,Monterey,053,433212,22000,18913,450,19363,153
2020-12-13,Napa,055,140530,4715,4194,23,4217,22
2020-12-13,Nevada,057,99092,2277,2030,65,2095,11
2020-12-13,Orange,059,3164182,120314,104768,4125,108893,1688
2020-12-13,Placer,061,380077,11441,9405,337,9742,95
2020-12-13,Plumas,063,18699,382,291,8,299,0
2020-12-13,Riverside,065,2383286,138824,119691,4825,124516,1581
2020-12-13,Sacramento,067,1510023,53845,49480,342,49822,682
2020-12-13,San Benito,069,59416,2739,2408,19,2427,19
2020-12-13,San Bernardino,071,2135413,151372,126718,3690,130408,1333
2020-12-13,San Diego,073,3302833,120006,107372,5109,112481,1162
2020-12-13,San Francisco,075,870044,20012,18686,159,18845,167
2020-12-13,San Joaquin,077,732212,37006,32170,958,33128,534
2020-12-13,San Luis Obispo,079,281455,8746,7625,177,7802,52
2020-12-13,San Mateo,081,765935,20498,18090,46,18136,177
2020-12-13,Santa Barbara,083,443738,14354,13249,323,13572,144
2020-12-13,Santa Clara,085,1922200,55094,47920,196,48116,499
2020-12-13,Santa Cruz,087,273765,7054,5986,151,6137,54
2020-12-13,Shasta,089,179085,7197,6647,457,7104,54
2020-12-13,Sierra,091,2930,23,21,0,21,0
2020-12-13,Siskiyou,093,43540,890,762,68,830,2
2020-12-13,Solano,095,438530,14880,13276,142,13418,93
2020-12-13,Sonoma,097,501317,16146,14495,94,14589,167
2020-12-13,Stanislaus,099,539301,29308,26569,2260,28829,485
2020-12-13,Sutter,101,95872,5379,4798,26,4824,34
2020-12-13,Tehama,103,63373,2508,2325,150,2475,9
2020-12-13,Trinity,105,12862,365,204,46,250,1
2020-12-13,Tulare,107,460477,28636,25496,2575,28071,340
2020-12-13,Tuolumne,109,53932,2025,1611,11,1622,8
2020-12-13,Ventura,111,848112,30488,26588,1047,27635,202
2020-12-13,Yolo,113,214977,7005,6265,33,6298,95
2020-12-13,Yuba,115,75493,3073,2754,26,2780,11
2020-12-12,Alameda,001,1643700,41715,37027,602,37629,486
2020-12-12,Alpine,003,1148,65,63,0,63,0
2020-12-12,Amador,005,37829,1761,1236,8,1244,19
2020-12-12,Butte,007,227075,5885,4972,533,5505,73
2020-12-12,Calaveras,009,45235,809,708,0,708,21
2020-12-12,Colusa,011,21464,1069,945,39,984,7
2020-12-12,Contra Costa,013,1133247,32944,29506,290,29796,281
2020-12-12,Del Norte,015,27424,603,529,0,529,1
2020-12-12,El Dorado,017,186661,4681,3706,134,3840,9
2020-12-12,Fresno,019,978130,56170,43756,2887,46643,559
2020-12-12,Glenn,021,27897,1282,1143,133,1276,8
2020-12-12,Humboldt,023,135768,1376,1208,4,1212,9
2020-12-12,Imperial,025,180216,20470,18947,355,19302,379
2020-12-12,Inyo,027,18085,475,380,6,386,16
2020-12-12,Kern,029,883053,54417,48194,3068,51262,507
2020-12-12,Kings,031,150075,14205,13205,330,13535,96
2020-12-12,Lake,033,64148,1459,1232,0,1232,21
2020-12-12,Lassen,035,31185,3451,2866,22,2888,1
2020-12-12,Los Angeles,037,10098052,566875,504317,11730,516047,8269
2020-12-12,Madera,039,155013,8612,7765,275,8040,59
2020-12-12,Marin,041,260295,8765,8363,56,8419,141
2020-12-12,Mariposa,043,17540,187,164,2,166,3
2020-12-12,Mendocino,045,87422,2011,1771,19,1790,24
2020-12-12,Merced,047,269075,15592,14181,221,14402,188
2020-12-12,Modoc,049,8938,189,169,53,222,0
2020-12-12,Mono,051,14174,735,640,11,651,3
2020-12-12,Monterey,053,433212,21887,18596,421,19017,151
2020-12-12,Napa,055,140530,4670,4113,23,4136,22
2020-12-12,Nevada,057,99092,2259,1981,63,2044,10
2020-12-12,Orange,059,3164182,118418,100468,3980,104448,1674
2020-12-12,Placer,061,380077,11276,9390,332,9722,95
2020-12-12,Plumas,063,18699,376,291,8,299,0
2020-12-12,Riverside,065,2383286,136763,118335,4624,122959,1579
2020-12-12,Sacramento,067,1510023,53263,48319,329,48648,673
2020-12-12,San Benito,069,59416,2684,2355,19,2374,19
2020-12-12,San Bernardino,071,2135413,149737,125741,3588,129329,1321
2020-12-12,San Diego,073,3302833,118385,104958,5012,109970,1151
2020-12-12,San Francisco,075,870044,19815,18413,155,18568,167
2020-12-12,San Joaquin,077,732212,36678,32200,928,33128,534
2020-12-12,San Luis Obispo,079,281455,8647,7462,171,7633,50
2020-12-12,San Mateo,081,765935,20277,17574,45,17619,177
2020-12-12,Santa Barbara,083,443738,14202,13174,315,13489,144
2020-12-12,Santa Clara,085,1922200,54159,45892,193,46085,498
2020-12-12,Santa Cruz,087,273765,6957,5905,142,6047,54
2020-12-12,Shasta,089,179085,7164,6551,439,6990,54
2020-12-12,Sierra,091,2930,23,21,0,21,0
2020-12-12,Siskiyou,093,43540,888,762,65,827,2
2020-12-12,Solano,095,438530,14686,12748,135,12883,93
2020-12-12,Sonoma,097,501317,16025,14466,94,14560,166
2020-12-12,Stanislaus,099,539301,29002,26246,2211,28457,483
2020-12-12,Sutter,101,95872,5317,4717,26,4743,32
2020-12-12,Tehama,103,63373,2490,2252,145,2397,9
2020-12-12,Trinity,105,12862,363,204,44,248,1
2020-12-12,Tulare,107,460477,28372,25333,2516,27849,341
2020-12-12,Tuolumne,109,53932,1981,1536,11,1547,8
2020-12-12,Ventura,111,848112,30043,25955,1014,26969,202
2020-12-12,Yolo,113,214977,6922,6116,31,6147,95
2020-12-12,Yuba,115,75493,3046,2692,25,2717,10
2020-12-11,Alameda,001,1643700,41148,36281,590,36871,482
2020-12-11,Alpine,003,1148,65,63,0,63,0
2020-12-11,Amador,005,37829,1745,1213,8,1221,19
2020-12-11,Butte,007,227075,5812,4941,514,5455,73
2020-12-11,Calaveras,009,45235,793,697,0,697,21
2020-12-11,Colusa,011,21464,1059,923,37,960,7
2020-12-11,Contra Costa,013,1133247,32513,29036,287,29323,282
2020-12-11,Del Norte,015,27424,595,505,0,505,1
2020-12-11,El Dorado,017,186661,4600,3669,119,3788,9
2020-12-11,Fresno,019,978130,55157,43071,2821,45892,550
2020-12-11,Glenn,021,27897,1266,1135,129,1264,8
2020-12-11,Humboldt,023,135768,1358,1190,4,1194,9
2020-12-11,Imperial,025,180216,20380,18599,311,18910,377
2020-12-11,Inyo,027,18085,465,372,6,378,16
2020-12-11,Kern,029,883053,53739,47664,3005,50669,502
2020-12-11,Kings,031,150075,14061,13118,326,13444,94
2020-12-11,Lake,033,64148,1442,1205,0,1205,21
2020-12-11,Lassen,035,31185,3439,2790,21,2811,1
2020-12-11,Los Angeles,037,10098052,555060,493592,11324,504916,8198
2020-12-11,Madera,039,155013,8520,7648,265,7913,59
2020-12-11,Marin,041,260295,8676,8317,55,8372,141
2020-12-11,Mariposa,043,17540,186,164,2,166,3
2020-12-11,Mendocino,045,87422,1987,1769,19,1788,24
2020-12-11,Merced,047,269075,15472,14038,213,14251,186
2020-12-11,Modoc,049,8938,189,168,52,220,0
2020-12-11,Mono,051,14174,725,631,11,642,3
2020-12-11,Monterey,053,433212,21586,18421,416,18837,150
2020-12-11,Napa,055,140530,4615,4054,23,4077,22
2020-12-11,Nevada,057,99092,2242,1959,60,2019,10
2020-12-11,Orange,059,3164182,116097,98357,3879,102236,1656
2020-12-11,Placer,061,380077,11114,8904,316,9220,93
2020-12-11,Plumas,063,18699,368,286,8,294,0
2020-12-11,Riverside,065,2383286,133687,115329,4406,119735,1573
2020-12-11,Sacramento,067,1510023,52600,47468,321,47789,669
2020-12-11,San Benito,069,59416,2633,2319,19,2338,19
2020-12-11,San Bernardino,071,2135413,147039,123092,3474,126566,1313
2020-12-11,San Diego,073,3302833,116425,102468,4929,107397,1137
2020-12-11,San Francisco,075,870044,19585,18246,154,18400,165
2020-12-11,San Joaquin,077,732212,36329,32044,901,32945,534
2020-12-11,San Luis Obispo,079,281455,8486,7415,169,7584,49
2020-12-11,San Mateo,081,765935,20007,17240,34,17274,177
2020-12-11,Santa Barbara,083,443738,14059,12997,307,13304,144
2020-12-11,Santa Clara,085,1922200,53152,45101,184,45285,494
2020-12-11,Santa Cruz,087,273765,6837,5764,133,5897,50
2020-12-11,Shasta,089,179085,7119,6459,432,6891,54
2020-12-11,Sierra,091,2930,23,19,0,19,0
2020-12-11,Siskiyou,093,43540,881,753,62,815,2
2020-12-11,Solano,095,438530,14499,12554,131,12685,92
2020-12-11,Sonoma,097,501317,15858,14298,92,14390,166
2020-12-11,Stanislaus,099,539301,28730,25928,2164,28092,464
2020-12-11,Sutter,101,95872,5254,4600,25,4625,30
2020-12-11,Tehama,103,63373,2459,2232,141,2373,9
2020-12-11,Trinity,105,12862,360,204,44,248,1
2020-12-11,Tulare,107,460477,28017,24953,2463,27416,338
2020-12-11,Tuolumne,109,53932,1966,1510,11,1521,8
2020-12-11,Ventura,111,848112,29436,24999,992,25991,202
2020-12-11,Yolo,113,214977,6818,6006,30,6036,95
2020-12-11,Yuba,115,75493,2985,2649,23,2672,10
2020-12-10,Alameda,001,1643700,40378,35686,570,36256,477
2020-12-10,Alpine,003,1148,65,63,0,63,0
2020-12-10,Amador,005,37829,1688,1191,8,1199,18
2020-12-10,Butte,007,227075,5697,4863,490,5353,72
2020-12-10,Calaveras,009,45235,775,684,0,684,21
2020-12-10,Colusa,011,21464,1036,909,34,943,7
2020-12-10,Contra Costa,013,1133247,31835,28413,281,28694,276
2020-12-10,Del Norte,015,27424,584,501,0,501,1
2020-12-10,El Dorado,017,186661,4482,3557,114,3671,9
2020-12-10,Fresno,019,978130,54179,42461,2681,45142,540
2020-12-10,Glenn,021,27897,1246,1126,120,1246,8
2020-12-10,Humboldt,023,135768,1338,1140,4,1144,9
2020-12-10,Imperial,025,180216,20168,18333,236,18569,370
2020-12-10,Inyo,027,18085,445,365,6,371,15
2020-12-10,Kern,029,883053,52758,47176,2842,50018,499
2020-12-10,Kings,031,150075,13903,12993,320,13313,92
2020-12-10,Lake,033,64148,1402,1167,0,1167,21
2020-12-10,Lassen,035,31185,3417,2764,17,2781,0
2020-12-10,Los Angeles,037,10098052,541076,480354,10802,491156,8149
2020-12-10,Madera,039,155013,8411,7445,250,7695,59
2020-12-10,Marin,041,260295,8626,8245,54,8299,140
2020-12-10,Mariposa,043,17540,185,160,2,162,3
2020-12-10,Mendocino,045,87422,1961,1748,16,1764,24
2020-12-10,Merced,047,269075,15226,13756,210,13966,186
2020-12-10,Modoc,049,8938,184,165,50,215,0
2020-12-10,Mono,051,14174,720,601,11,612,3
2020-12-10,Monterey,053,433212,21104,18266,406,18672,145
2020-12-10,Napa,055,140530,4529,3974,22,3996,22
2020-12-10,Nevada,057,99092,2206,1919,60,1979,10
2020-12-10,Orange,059,3164182,112992,95297,3719,99016,1651
2020-12-10,Placer,061,380077,10861,8906,299,9205,90
2020-12-10,Plumas,063,18699,357,281,8,289,0
2020-12-10,Riverside,065,2383286,130003,112794,4139,116933,1552
2020-12-10,Sacramento,067,1510023,51699,46471,300,46771,664
2020-12-10,San Benito,069,59416,2572,2268,18,2286,19
2020-12-10,San Bernardino,071,2135413,142796,120186,3300,123486,1306
2020-12-10,San Diego,073,3302833,113900,99601,4780,104381,1114
2020-12-10,San Francisco,075,870044,19277,17945,147,18092,164
2020-12-10,San Joaquin,077,732212,35695,31228,872,32100,534
2020-12-10,San Luis Obispo,079,281455,8323,7245,158,7403,49
2020-12-10,San Mateo,081,765935,19565,16701,24,16725,177
2020-12-10,Santa Barbara,083,443738,13880,12788,299,13087,143
2020-12-10,Santa Clara,085,1922200,51998,43939,170,44109,491
2020-12-10,Santa Cruz,087,273765,6671,5645,121,5766,48
2020-12-10,Shasta,089,179085,7052,6312,407,6719,53
2020-12-10,Sierra,091,2930,23,18,0,18,0
2020-12-10,Siskiyou,093,43540,871,712,61,773,2
2020-12-10,Solano,095,438530,14135,12017,126,12143,90
2020-12-10,Sonoma,097,501317,15603,14282,90,14372,167
2020-12-10,Stanislaus,099,539301,28271,25582,2090,27672,464
2020-12-10,Sutter,101,95872,5124,4528,23,4551,27
2020-12-10,Tehama,103,63373,2415,2190,133,2323,9
2020-12-10,Trinity,105,12862,356,202,42,244,1
2020-12-10,Tulare,107,460477,27560,24506,2400,26906,337
2020-12-10,Tuolumne,109,53932,1723,1451,11,1462,8
2020-12-10,Ventura,111,848112,28586,24075,948,25023,202
2020-12-10,Yolo,113,214977,6697,5896,29,5925,95
2020-12-10,Yuba,115,75493,2921,2604,22,2626,10
2020-12-09,Alameda,001,1643700,39543,35047,549,35596,470
2020-12-09,Alpine,003,1148,65,58,0,58,0
2020-12-09,Amador,005,37829,1645,1121,8,1129,19
2020-12-09,Butte,007,227075,5554,4733,470,5203,70
2020-12-09,Calaveras,009,45235,746,670,0,670,21
2020-12-09,Colusa,011,21464,1021,896,33,929,7
2020-12-09,Contra Costa,013,1133247,31127,28308,269,28577,273
2020-12-09,Del Norte,015,27424,576,481,0,481,2
2020-12-09,El Dorado,017,186661,4347,3449,106,3555,8
2020-12-09,Fresno,019,978130,53178,41954,2528,44482,533
2020-12-09,Glenn,021,27897,1232,1107,114,1221,8
2020-12-09,Humboldt,023,135768,1306,1086,4,1090,10
2020-12-09,Imperial,025,180216,19910,17757,200,17957,368
2020-12-09,Inyo,027,18085,432,356,6,362,15
2020-12-09,Kern,029,883053,51601,46379,2700,49079,494
2020-12-09,Kings,031,150075,13758,12716,312,13028,92
2020-12-09,Lake,033,64148,1373,1158,0,1158,20
2020-12-09,Lassen,035,31185,3348,2331,15,2346,0
2020-12-09,Los Angeles,037,10098052,527569,467971,10268,478239,8075
2020-12-09,Madera,039,155013,8295,7216,247,7463,59
2020-12-09,Marin,041,260295,8563,8182,53,8235,138
2020-12-09,Mariposa,043,17540,183,154,2,156,3
2020-12-09,Mendocino,045,87422,1936,1703,15,1718,24
2020-12-09,Merced,047,269075,14985,13588,204,13792,183
2020-12-09,Modoc,049,8938,179,146,41,187,0
2020-12-09,Mono,051,14174,708,601,11,612,3
2020-12-09,Monterey,053,433212,20704,17891,398,18289,143
2020-12-09,Napa,055,140530,4444,3858,21,3879,21
2020-12-09,Nevada,057,99092,2153,1864,60,1924,10
2020-12-09,Orange,059,3164182,109890,93763,3551,97314,1629
2020-12-09,Placer,061,380077,10600,8588,285,8873,85
2020-12-09,Plumas,063,18699,349,271,8,279,0
2020-12-09,Riverside,065,2383286,126300,110376,3938,114314,1543
2020-12-09,Sacramento,067,1510023,50636,45284,275,45559,659
2020-12-09,San Benito,069,59416,2500,2217,16,2233,19
2020-12-09,San Bernardino,071,2135413,138516,114516,3104,117620,1305
2020-12-09,San Diego,073,3302833,110920,97551,4641,102192,1103
2020-12-09,San Francisco,075,870044,18976,17628,146,17774,163
2020-12-09,San Joaquin,077,732212,34881,30539,848,31387,531
2020-12-09,San Luis Obispo,079,281455,8105,7105,150,7255,47
2020-12-09,San Mateo,081,765935,19115,16422,23,16445,175
2020-12-09,Santa Barbara,083,443738,13680,12630,289,12919,142
2020-12-09,Santa Clara,085,1922200,50821,42912,155,43067,489
2020-12-09,Santa Cruz,087,273765,6510,5527,106,5633,47
2020-12-09,Shasta,089,179085,6987,6105,393,6498,52
2020-12-09,Sierra,091,2930,23,18,0,18,0
2020-12-09,Siskiyou,093,43540,860,713,60,773,2
2020-12-09,Solano,095,438530,13792,11862,118,11980,90
2020-12-09,Sonoma,097,501317,15346,13994,87,14081,164
2020-12-09,Stanislaus,099,539301,27782,25157,2027,27184,463
2020-12-09,Sutter,101,95872,5005,4418,19,4437,24
2020-12-09,Tehama,103,63373,2379,2102,129,2231,9
2020-12-09,Trinity,105,12862,348,199,39,238,0
2020-12-09,Tulare,107,460477,26958,24124,2324,26448,334
2020-12-09,Tuolumne,109,53932,1690,1319,11,1330,8
2020-12-09,Ventura,111,848112,27722,23830,906,24736,201
2020-12-09,Yolo,113,214977,6571,5760,27,5787,95
2020-12-09,Yuba,115,75493,2853,2513,21,2534,10
2020-12-08,Alameda,001,1643700,38643,34373,533,34906,469
2020-12-08,Alpine,003,1148,64,53,0,53,0
2020-12-08,Amador,005,37829,1359,1043,8,1051,17
2020-12-08,Butte,007,227075,5396,4651,430,5081,70
2020-12-08,Calaveras,009,45235,722,657,0,657,21
2020-12-08,Colusa,011,21464,1005,875,32,907,6
2020-12-08,Contra Costa,013,1133247,30432,27926,254,28180,270
2020-12-08,Del Norte,015,27424,562,465,0,465,2
2020-12-08,El Dorado,017,186661,4223,3296,93,3389,8
2020-12-08,Fresno,019,978130,51913,41574,2373,43947,529
2020-12-08,Glenn,021,27897,1212,1094,106,1200,8
2020-12-08,Humboldt,023,135768,1280,1059,4,1063,10
2020-12-08,Imperial,025,180216,19401,17568,193,17761,363
2020-12-08,Inyo,027,18085,408,333,6,339,15
2020-12-08,Kern,029,883053,50310,45116,2548,47664,487
2020-12-08,Kings,031,150075,13604,12623,303,12926,90
2020-12-08,Lake,033,64148,1333,1127,0,1127,20
2020-12-08,Lassen,035,31185,3192,2165,15,2180,0
2020-12-08,Los Angeles,037,10098052,514859,459738,9797,469535,8004
2020-12-08,Madera,039,155013,8166,7082,235,7317,59
2020-12-08,Marin,041,260295,8486,8099,52,8151,137
2020-12-08,Mariposa,043,17540,179,150,2,152,2
2020-12-08,Mendocino,045,87422,1894,1666,15,1681,23
2020-12-08,Merced,047,269075,14673,13380,203,13583,181
2020-12-08,Modoc,049,8938,171,138,38,176,0
2020-12-08,Mono,051,14174,694,597,11,608,3
2020-12-08,Monterey,053,433212,20133,17752,391,18143,134
2020-12-08,Napa,055,140530,4358,3778,19,3797,22
2020-12-08,Nevada,057,99092,2099,1809,57,1866,11
2020-12-08,Orange,059,3164182,106670,91406,3387,94793,1629
2020-12-08,Placer,061,380077,10332,8224,280,8504,82
2020-12-08,Plumas,063,18699,339,258,8,266,0
2020-12-08,Riverside,065,2383286,122931,107620,3761,111381,1514
2020-12-08,Sacramento,067,1510023,49573,44635,261,44896,649
2020-12-08,San Benito,069,59416,2446,2180,16,2196,18
2020-12-08,San Bernardino,071,2135413,134169,110676,2982,113658,1301
2020-12-08,San Diego,073,3302833,107549,95447,4484,99931,1088
2020-12-08,San Francisco,075,870044,18669,17384,144,17528,162
2020-12-08,San Joaquin,077,732212,33987,30225,815,31040,530
2020-12-08,San Luis Obispo,079,281455,7976,6903,139,7042,45
2020-12-08,San Mateo,081,765935,18716,16305,23,16328,175
2020-12-08,Santa Barbara,083,443738,13497,12516,280,12796,141
2020-12-08,Santa Clara,085,1922200,49510,41309,147,41456,484
2020-12-08,Santa Cruz,087,273765,6329,5374,104,5478,45
2020-12-08,Shasta,089,179085,6877,5946,385,6331,50
2020-12-08,Sierra,091,2930,22,18,0,18,0
2020-12-08,Siskiyou,093,43540,846,704,58,762,2
2020-12-08,Solano,095,438530,13386,11669,116,11785,89
2020-12-08,Sonoma,097,501317,15087,13601,86,13687,164
2020-12-08,Stanislaus,099,539301,27290,24793,1962,26755,461
2020-12-08,Sutter,101,95872,4909,4342,18,4360,24
2020-12-08,Tehama,103,63373,2305,2057,121,2178,9
2020-12-08,Trinity,105,12862,339,198,38,236,0
2020-12-08,Tulare,107,460477,26352,23607,2261,25868,330
2020-12-08,Tuolumne,109,53932,1666,1264,11,1275,7
2020-12-08,Ventura,111,848112,27061,23665,864,24529,195
2020-12-08,Yolo,113,214977,6439,5560,27,5587,90
2020-12-08,Yuba,115,75493,2775,2477,21,2498,10
2020-12-07,Alameda,001,1643700,37778,33887,499,34386,466
2020-12-07,Alpine,003,1148,63,53,0,53,0
2020-12-07,Amador,005,37829,1284,993,7,1000,17
2020-12-07,Butte,007,227075,5260,4604,409,5013,67
2020-12-07,Calaveras,009,45235,692,606,0,606,21
2020-12-07,Colusa,011,21464,980,825,27,852,6
2020-12-07,Contra Costa,013,1133247,29824,27307,241,27548,270
2020-12-07,Del Norte,015,27424,547,424,0,424,2
2020-12-07,El Dorado,017,186661,4044,3275,86,3361,8
2020-12-07,Fresno,019,978130,50440,41098,2253,43351,526
2020-12-07,Glenn,021,27897,1193,1085,100,1185,8
2020-12-07,Humboldt,023,135768,1245,1023,4,1027,9
2020-12-07,Imperial,025,180216,18986,17234,183,17417,364
2020-12-07,Inyo,027,18085,392,333,6,339,15
2020-12-07,Kern,029,883053,49284,44409,2414,46823,486
2020-12-07,Kings,031,150075,13461,12412,295,12707,90
2020-12-07,Lake,033,64148,1306,1090,0,1090,20
2020-12-07,Lassen,035,31185,3095,2167,15,2182,0
2020-12-07,Los Angeles,037,10098052,501181,451052,9373,460425,7937
2020-12-07,Madera,039,155013,7902,6935,230,7165,59
2020-12-07,Marin,041,260295,8428,8049,51,8100,136
2020-12-07,Mariposa,043,17540,176,146,2,148,2
2020-12-07,Mendocino,045,87422,1858,1638,14,1652,23
2020-12-07,Merced,047,269075,14315,13250,194,13444,179
2020-12-07,Modoc,049,8938,164,128,35,163,0
2020-12-07,Mono,051,14174,681,590,11,601,3
2020-12-07,Monterey,053,433212,19653,17746,380,18126,132
2020-12-07,Napa,055,140530,4267,3684,19,3703,21
2020-12-07,Nevada,057,99092,2050,1777,56,1833,11
2020-12-07,Orange,059,3164182,103403,89793,3268,93061,1628
2020-12-07,Placer,061,380077,10007,7911,266,8177,82
2020-12-07,Plumas,063,18699,327,256,5,261,0
2020-12-07,Riverside,065,2383286,119731,102363,3580,105943,1491
2020-12-07,Sacramento,067,1510023,48478,43419,244,43663,638
2020-12-07,San Benito,069,59416,2396,2165,15,2180,18
2020-12-07,San Bernardino,071,2135413,130218,108161,2867,111028,1295
2020-12-07,San Diego,073,3302833,104760,94171,4303,98474,1062
2020-12-07,San Francisco,075,870044,18373,17220,137,17357,161
2020-12-07,San Joaquin,077,732212,33112,28188,789,28977,530
2020-12-07,San Luis Obispo,079,281455,7794,6782,132,6914,45
2020-12-07,San Mateo,081,765935,18278,16029,22,16051,175
2020-12-07,Santa Barbara,083,443738,13255,12362,270,12632,141
2020-12-07,Santa Clara,085,1922200,48114,40621,138,40759,484
2020-12-07,Santa Cruz,087,273765,6165,5152,96,5248,41
2020-12-07,Shasta,089,179085,6754,5742,370,6112,50
2020-12-07,Sierra,091,2930,20,18,0,18,0
2020-12-07,Siskiyou,093,43540,820,652,58,710,2
2020-12-07,Solano,095,438530,13048,11354,112,11466,89
2020-12-07,Sonoma,097,501317,14803,13376,86,13462,164
2020-12-07,Stanislaus,099,539301,26716,24479,1909,26388,454
2020-12-07,Sutter,101,95872,4768,4106,18,4124,24
2020-12-07,Tehama,103,63373,2254,2030,116,2146,9
2020-12-07,Trinity,105,12862,335,194,38,232,0
2020-12-07,Tulare,107,460477,25804,22760,2202,24962,328
2020-12-07,Tuolumne,109,53932,1581,1256,10,1266,7
2020-12-07,Ventura,111,848112,26473,23354,828,24182,191
2020-12-07,Yolo,113,214977,6279,5537,26,5563,90
2020-12-07,Yuba,115,75493,2708,2428,19,2447,10
2020-12-06,Alameda,001,1643700,36785,33477,479,33956,465
2020-12-06,Alpine,003,1148,59,53,0,53,0
2020-12-06,Amador,005,37829,1221,952,6,958,17
2020-12-06,Butte,007,227075,5107,4527,376,4903,67
2020-12-06,Calaveras,009,45235,672,606,0,606,21
2020-12-06,Colusa,011,21464,963,824,23,847,6
2020-12-06,Contra Costa,013,1133247,29219,26566,234,26800,270
2020-12-06,Del Norte,015,27424,491,414,0,414,2
2020-12-06,El Dorado,017,186661,3907,3086,81,3167,8
2020-12-06,Fresno,019,978130,49485,40869,2137,43006,526
2020-12-06,Glenn,021,27897,1183,1067,96,1163,8
2020-12-06,Humboldt,023,135768,1220,1004,4,1008,9
2020-12-06,Imperial,025,180216,18679,16922,174,17096,364
2020-12-06,Inyo,027,18085,380,333,6,339,15
2020-12-06,Kern,029,883053,48293,43899,2247,46146,486
2020-12-06,Kings,031,150075,13189,12056,278,12334,90
2020-12-06,Lake,033,64148,1270,1075,0,1075,20
2020-12-06,Lassen,035,31185,2991,2168,13,2181,0
2020-12-06,Los Angeles,037,10098052,487573,443230,8944,452174,7910
2020-12-06,Madera,039,155013,7729,6826,221,7047,59
2020-12-06,Marin,041,260295,8348,8013,48,8061,136
2020-12-06,Mariposa,043,17540,175,144,2,146,2
2020-12-06,Mendocino,045,87422,1818,1614,14,1628,23
2020-12-06,Merced,047,269075,13978,12928,185,13113,179
2020-12-06,Modoc,049,8938,151,125,28,153,0
2020-12-06,Mono,051,14174,659,586,10,596,3
2020-12-06,Monterey,053,433212,19035,17426,370,17796,130
2020-12-06,Napa,055,140530,4155,3644,19,3663,21
2020-12-06,Nevada,057,99092,1991,1710,53,1763,10
2020-12-06,Orange,059,3164182,100332,87737,3139,90876,1627
2020-12-06,Placer,061,380077,9725,7837,247,8084,82
2020-12-06,Plumas,063,18699,314,254,4,258,0
2020-12-06,Riverside,065,2383286,116638,100088,3359,103447,1482
2020-12-06,Sacramento,067,1510023,47237,42808,230,43038,638
2020-12-06,San Benito,069,59416,2359,2135,15,2150,18
2020-12-06,San Bernardino,071,2135413,126069,106927,2713,109640,1286
2020-12-06,San Diego,073,3302833,101727,92173,4149,96322,1062
2020-12-06,San Francisco,075,870044,18050,17107,130,17237,161
2020-12-06,San Joaquin,077,732212,32268,28188,761,28949,530
2020-12-06,San Luis Obispo,079,281455,7629,6723,127,6850,45
2020-12-06,San Mateo,081,765935,17774,15855,20,15875,175
2020-12-06,Santa Barbara,083,443738,13023,12252,261,12513,141
2020-12-06,Santa Clara,085,1922200,46718,39112,133,39245,482
2020-12-06,Santa Cruz,087,273765,5988,5069,90,5159,40
2020-12-06,Shasta,089,179085,6614,5743,349,6092,49
2020-12-06,Sierra,091,2930,20,17,0,17,0
2020-12-06,Siskiyou,093,43540,801,652,56,708,2
2020-12-06,Solano,095,438530,12759,11354,102,11456,88
2020-12-06,Sonoma,097,501317,14515,13238,85,13323,164
2020-12-06,Stanislaus,099,539301,26156,24036,1845,25881,454
2020-12-06,Sutter,101,95872,4652,4009,17,4026,21
2020-12-06,Tehama,103,63373,2196,1982,107,2089,9
2020-12-06,Trinity,105,12862,328,181,36,217,0
2020-12-06,Tulare,107,460477,25272,22756,2135,24891,327
2020-12-06,Tuolumne,109,53932,1485,1210,10,1220,7
2020-12-06,Ventura,111,848112,25931,23035,803,23838,191
2020-12-06,Yolo,113,214977,6118,5465,22,5487,90
2020-12-06,Yuba,115,75493,2664,2340,18,2358,10
2020-12-05,Alameda,001,1643700,36427,32781,468,33249,465
2020-12-05,Alpine,003,1148,58,53,0,53,0
2020-12-05,Amador,005,37829,1197,847,6,853,17
2020-12-05,Butte,007,227075,5039,4455,357,4812,66
2020-12-05,Calaveras,009,45235,660,606,0,606,21
2020-12-05,Colusa,011,21464,945,825,20,845,6
2020-12-05,Contra Costa,013,1133247,28921,26217,226,26443,270
2020-12-05,Del Norte,015,27424,486,408,0,408,2
2020-12-05,El Dorado,017,186661,3842,3061,76,3137,8
2020-12-05,Fresno,019,978130,49166,40568,2083,42651,525
2020-12-05,Glenn,021,27897,1170,1056,90,1146,8
2020-12-05,Humboldt,023,135768,1187,979,4,983,9
2020-12-05,Imperial,025,180216,18505,16544,173,16717,362
2020-12-05,Inyo,027,18085,375,332,6,338,15
2020-12-05,Kern,029,883053,47830,43332,2162,45494,484
2020-12-05,Kings,031,150075,13108,11898,275,12173,90
2020-12-05,Lake,033,64148,1241,1069,0,1069,20
2020-12-05,Lassen,035,31185,2800,2168,11,2179,0
2020-12-05,Los Angeles,037,10098052,481771,433120,8631,441751,7888
2020-12-05,Madera,039,155013,7635,6619,214,6833,59
2020-12-05,Marin,041,260295,8321,7961,48,8009,136
2020-12-05,Mariposa,043,17540,170,143,2,145,2
2020-12-05,Mendocino,045,87422,1779,1585,14,1599,23
2020-12-05,Merced,047,269075,13871,12747,174,12921,180
2020-12-05,Modoc,049,8938,151,118,27,145,0
2020-12-05,Mono,051,14174,654,554,10,564,3
2020-12-05,Monterey,053,433212,18889,17077,366,17443,127
2020-12-05,Napa,055,140530,4085,3565,19,3584,21
2020-12-05,Nevada,057,99092,1976,1642,51,1693,10
2020-12-05,Orange,059,3164182,98862,85735,3042,88777,1612
2020-12-05,Placer,061,380077,9605,7811,238,8049,78
2020-12-05,Plumas,063,18699,307,246,1,247,0
2020-12-05,Riverside,065,2383286,115025,98612,3185,101797,1477
2020-12-05,Sacramento,067,1510023,46572,41878,216,42094,625
2020-12-05,San Benito,069,59416,2315,2073,15,2088,18
2020-12-05,San Bernardino,071,2135413,124540,105382,2585,107967,1283
2020-12-05,San Diego,073,3302833,100375,90470,4068,94538,1055
2020-12-05,San Francisco,075,870044,17864,16786,126,16912,161
2020-12-05,San Joaquin,077,732212,32001,28105,729,28834,523
2020-12-05,San Luis Obispo,079,281455,7562,6623,124,6747,44
2020-12-05,San Mateo,081,765935,17517,15512,20,15532,175
2020-12-05,Santa Barbara,083,443738,12923,12107,255,12362,141
2020-12-05,Santa Clara,085,1922200,45958,38339,128,38467,474
2020-12-05,Santa Cruz,087,273765,5915,4997,89,5086,40
2020-12-05,Shasta,089,179085,6553,5653,338,5991,49
2020-12-05,Sierra,091,2930,20,17,0,17,0
2020-12-05,Siskiyou,093,43540,793,649,55,704,2
2020-12-05,Solano,095,438530,12588,11351,100,11451,87
2020-12-05,Sonoma,097,501317,14419,13137,85,13222,164
2020-12-05,Stanislaus,099,539301,25837,23662,1810,25472,454
2020-12-05,Sutter,101,95872,4587,3937,17,3954,20
2020-12-05,Tehama,103,63373,2181,1926,105,2031,9
2020-12-05,Trinity,105,12862,327,177,36,213,0
2020-12-05,Tulare,107,460477,25053,22660,2077,24737,324
2020-12-05,Tuolumne,109,53932,1428,1180,10,1190,7
2020-12-05,Ventura,111,848112,25559,22710,789,23499,191
2020-12-05,Yolo,113,214977,6039,5351,21,5372,90
2020-12-05,Yuba,115,75493,2627,2275,18,2293,10
2020-12-04,Alameda,001,1643700,35877,31871,455,32326,465
2020-12-04,Alpine,003,1148,58,53,0,53,0
2020-12-04,Amador,005,37829,1183,766,3,769,16
2020-12-04,Butte,007,227075,4967,4336,337,4673,65
2020-12-04,Calaveras,009,45235,655,585,0,585,21
2020-12-04,Colusa,011,21464,931,790,18,808,6
2020-12-04,Contra Costa,013,1133247,28575,25705,214,25919,264
2020-12-04,Del Norte,015,27424,477,401,0,401,2
2020-12-04,El Dorado,017,186661,3754,2933,73,3006,7
2020-12-04,Fresno,019,978130,48456,40108,2015,42123,522
2020-12-04,Glenn,021,27897,1164,1017,82,1099,8
2020-12-04,Humboldt,023,135768,1169,960,4,964,9
2020-12-04,Imperial,025,180216,18258,16484,173,16657,362
2020-12-04,Inyo,027,18085,366,324,6,330,15
2020-12-04,Kern,029,883053,47279,42497,2060,44557,485
2020-12-04,Kings,031,150075,13015,11767,269,12036,88
2020-12-04,Lake,033,64148,1211,1018,0,1018,20
2020-12-04,Lassen,035,31185,2793,2167,10,2177,0
2020-12-04,Los Angeles,037,10098052,473144,424164,8342,432506,7845
2020-12-04,Madera,039,155013,7540,6479,211,6690,58
2020-12-04,Marin,041,260295,8266,7896,45,7941,136
2020-12-04,Mariposa,043,17540,170,136,2,138,2
2020-12-04,Mendocino,045,87422,1760,1563,13,1576,23
2020-12-04,Merced,047,269075,13756,12474,166,12640,177
2020-12-04,Modoc,049,8938,151,115,27,142,0
2020-12-04,Mono,051,14174,649,549,10,559,3
2020-12-04,Monterey,053,433212,18677,16737,357,17094,127
2020-12-04,Napa,055,140530,4031,3432,19,3451,19
2020-12-04,Nevada,057,99092,1951,1560,48,1608,10
2020-12-04,Orange,059,3164182,96933,83738,2978,86716,1597
2020-12-04,Placer,061,380077,9481,7461,225,7686,76
2020-12-04,Plumas,063,18699,300,232,0,232,0
2020-12-04,Riverside,065,2383286,112825,95255,3028,98283,1475
2020-12-04,Sacramento,067,1510023,45807,41061,199,41260,618
2020-12-04,San Benito,069,59416,2282,2006,15,2021,17
2020-12-04,San Bernardino,071,2135413,122265,102418,2477,104895,1290
2020-12-04,San Diego,073,3302833,98891,88183,3981,92164,1047
2020-12-04,San Francisco,075,870044,17674,16499,126,16625,161
2020-12-04,San Joaquin,077,732212,31561,27806,692,28498,522
2020-12-04,San Luis Obispo,079,281455,7478,6473,121,6594,42
2020-12-04,San Mateo,081,765935,17229,15112,19,15131,173
2020-12-04,Santa Barbara,083,443738,12816,11947,249,12196,141
2020-12-04,Santa Clara,085,1922200,45021,37465,122,37587,468
2020-12-04,Santa Cruz,087,273765,5825,4985,87,5072,32
2020-12-04,Shasta,089,179085,6464,5439,329,5768,49
2020-12-04,Sierra,091,2930,19,17,0,17,0
2020-12-04,Siskiyou,093,43540,786,639,52,691,2
2020-12-04,Solano,095,438530,12438,11037,97,11134,87
2020-12-04,Sonoma,097,501317,14271,12962,84,13046,164
2020-12-04,Stanislaus,099,539301,25559,23206,1766,24972,448
2020-12-04,Sutter,101,95872,4515,3791,12,3803,20
2020-12-04,Tehama,103,63373,2141,1876,100,1976,9
2020-12-04,Trinity,105,12862,325,172,36,208,0
2020-12-04,Tulare,107,460477,24760,22273,2005,24278,322
2020-12-04,Tuolumne,109,53932,1397,1134,10,1144,7
2020-12-04,Ventura,111,848112,25182,22024,773,22797,189
2020-12-04,Yolo,113,214977,5966,5294,20,5314,87
2020-12-04,Yuba,115,75493,2583,2225,17,2242,10
2020-12-03,Alameda,001,1643700,35109,31184,438,31622,465
2020-12-03,Alpine,003,1148,57,53,0,53,0
2020-12-03,Amador,005,37829,1132,653,3,656,16
2020-12-03,Butte,007,227075,4872,4305,318,4623,65
2020-12-03,Calaveras,009,45235,635,572,0,572,21
2020-12-03,Colusa,011,21464,918,774,17,791,6
2020-12-03,Contra Costa,013,1133247,28067,25464,207,25671,265
2020-12-03,Del Norte,015,27424,471,388,0,388,2
2020-12-03,El Dorado,017,186661,3628,2740,71,2811,6
2020-12-03,Fresno,019,978130,47702,39680,1943,41623,516
2020-12-03,Glenn,021,27897,1146,997,74,1071,8
2020-12-03,Humboldt,023,135768,1139,923,4,927,9
2020-12-03,Imperial,025,180216,18050,16436,161,16597,359
2020-12-03,Inyo,027,18085,364,321,6,327,15
2020-12-03,Kern,029,883053,46433,42062,1959,44021,483
2020-12-03,Kings,031,150075,12916,11658,258,11916,87
2020-12-03,Lake,033,64148,1196,991,0,991,20
2020-12-03,Lassen,035,31185,2753,2128,9,2137,0
2020-12-03,Los Angeles,037,10098052,463036,415805,7985,423790,7787
2020-12-03,Madera,039,155013,7417,6398,205,6603,58
2020-12-03,Marin,041,260295,8202,7861,41,7902,136
2020-12-03,Mariposa,043,17540,166,132,2,134,2
2020-12-03,Mendocino,045,87422,1743,1547,10,1557,23
2020-12-03,Merced,047,269075,13511,12310,159,12469,177
2020-12-03,Modoc,049,8938,149,114,27,141,0
2020-12-03,Mono,051,14174,627,527,10,537,3
2020-12-03,Monterey,053,433212,18216,16218,348,16566,125
2020-12-03,Napa,055,140530,3917,3360,19,3379,19
2020-12-03,Nevada,057,99092,1873,1472,47,1519,10
2020-12-03,Orange,059,3164182,94399,82187,2910,85097,1591
2020-12-03,Placer,061,380077,9279,7270,209,7479,73
2020-12-03,Plumas,063,18699,285,223,0,223,0
2020-12-03,Riverside,065,2383286,110063,92489,2869,95358,1461
2020-12-03,Sacramento,067,1510023,44749,40280,186,40466,614
2020-12-03,San Benito,069,59416,2236,1967,15,1982,16
2020-12-03,San Bernardino,071,2135413,118936,100787,2394,103181,1283
2020-12-03,San Diego,073,3302833,97076,86144,3863,90007,1040
2020-12-03,San Francisco,075,870044,17450,16236,125,16361,161
2020-12-03,San Joaquin,077,732212,30841,27239,650,27889,522
2020-12-03,San Luis Obispo,079,281455,7310,6388,120,6508,42
2020-12-03,San Mateo,081,765935,16876,14909,19,14928,173
2020-12-03,Santa Barbara,083,443738,12687,11829,243,12072,141
2020-12-03,Santa Clara,085,1922200,43810,36621,116,36737,465
2020-12-03,Santa Cruz,087,273765,5681,4850,83,4933,28
2020-12-03,Shasta,089,179085,6355,5330,322,5652,48
2020-12-03,Sierra,091,2930,19,17,0,17,0
2020-12-03,Siskiyou,093,43540,771,629,49,678,2
2020-12-03,Solano,095,438530,12223,10857,93,10950,87
2020-12-03,Sonoma,097,501317,14029,12772,83,12855,164
2020-12-03,Stanislaus,099,539301,25139,22821,1719,24540,447
2020-12-03,Sutter,101,95872,4431,3727,12,3739,20
2020-12-03,Tehama,103,63373,2089,1832,93,1925,9
2020-12-03,Trinity,105,12862,322,166,36,202,0
2020-12-03,Tulare,107,460477,24357,21993,1914,23907,321
2020-12-03,Tuolumne,109,53932,1355,1105,10,1115,7
2020-12-03,Ventura,111,848112,24479,21555,760,22315,187
2020-12-03,Yolo,113,214977,5828,5069,20,5089,87
2020-12-03,Yuba,115,75493,2512,2182,16,2198,10
2020-12-02,Alameda,001,1643700,34481,30697,429,31126,463
2020-12-02,Alpine,003,1148,56,52,0,52,0
2020-12-02,Amador,005,37829,1060,585,3,588,16
2020-12-02,Butte,007,227075,4750,4243,307,4550,65
2020-12-02,Calaveras,009,45235,619,553,0,553,21
2020-12-02,Colusa,011,21464,902,756,15,771,6
2020-12-02,Contra Costa,013,1133247,27602,25147,195,25342,264
2020-12-02,Del Norte,015,27424,455,384,0,384,2
2020-12-02,El Dorado,017,186661,3527,2638,66,2704,5
2020-12-02,Fresno,019,978130,46946,39324,1845,41169,507
2020-12-02,Glenn,021,27897,1129,995,66,1061,7
2020-12-02,Humboldt,023,135768,1113,899,4,903,9
2020-12-02,Imperial,025,180216,17627,16360,154,16514,356
2020-12-02,Inyo,027,18085,357,314,6,320,15
2020-12-02,Kern,029,883053,45536,41660,1864,43524,479
2020-12-02,Kings,031,150075,12563,11531,244,11775,86
2020-12-02,Lake,033,64148,1166,971,0,971,20
2020-12-02,Lassen,035,31185,2694,2115,9,2124,0
2020-12-02,Los Angeles,037,10098052,452977,408289,7661,415950,7739
2020-12-02,Madera,039,155013,7292,6370,199,6569,57
2020-12-02,Marin,041,260295,8153,7819,39,7858,136
2020-12-02,Mariposa,043,17540,163,131,2,133,2
2020-12-02,Mendocino,045,87422,1710,1524,10,1534,23
2020-12-02,Merced,047,269075,13267,12168,151,12319,173
2020-12-02,Modoc,049,8938,146,113,27,140,0
2020-12-02,Mono,051,14174,618,520,10,530,3
2020-12-02,Monterey,053,433212,17736,16064,309,16373,121
2020-12-02,Napa,055,140530,3814,3298,18,3316,19
2020-12-02,Nevada,057,99092,1811,1430,46,1476,9
2020-12-02,Orange,059,3164182,92199,81046,2831,83877,1569
2020-12-02,Placer,061,380077,9045,6941,196,7137,73
2020-12-02,Plumas,063,18699,272,218,0,218,0
2020-12-02,Riverside,065,2383286,107345,90089,2690,92779,1451
2020-12-02,Sacramento,067,1510023,43709,39334,175,39509,597
2020-12-02,San Benito,069,59416,2171,1921,15,1936,16
2020-12-02,San Bernardino,071,2135413,115365,98567,2289,100856,1240
2020-12-02,San Diego,073,3302833,95160,84640,3748,88388,1035
2020-12-02,San Francisco,075,870044,17212,16058,123,16181,157
2020-12-02,San Joaquin,077,732212,30224,26740,627,27367,519
2020-12-02,San Luis Obispo,079,281455,7211,6324,118,6442,42
2020-12-02,San Mateo,081,765935,16513,14757,18,14775,170
2020-12-02,Santa Barbara,083,443738,12536,11705,231,11936,140
2020-12-02,Santa Clara,085,1922200,42687,35878,116,35994,458
2020-12-02,Santa Cruz,087,273765,5549,4766,80,4846,27
2020-12-02,Shasta,089,179085,6231,5188,305,5493,47
2020-12-02,Sierra,091,2930,19,17,0,17,0
2020-12-02,Siskiyou,093,43540,755,624,47,671,1
2020-12-02,Solano,095,438530,11976,10701,89,10790,87
2020-12-02,Sonoma,097,501317,13789,12635,82,12717,163
2020-12-02,Stanislaus,099,539301,24636,22615,1663,24278,448
2020-12-02,Sutter,101,95872,4272,3604,12,3616,18
2020-12-02,Tehama,103,63373,2045,1800,78,1878,9
2020-12-02,Trinity,105,12862,313,165,35,200,0
2020-12-02,Tulare,107,460477,23974,21789,1836,23625,321
2020-12-02,Tuolumne,109,53932,1314,1076,10,1086,7
2020-12-02,Ventura,111,848112,24066,21208,742,21950,186
2020-12-02,Yolo,113,214977,5720,5053,19,5072,87
2020-12-02,Yuba,115,75493,2434,2119,15,2134,10
2020-12-01,Alameda,001,1643700,33789,30252,419,30671,460
2020-12-01,Alpine,003,1148,56,41,0,41,0
2020-12-01,Amador,005,37829,913,575,2,577,16
2020-12-01,Butte,007,227075,4645,4177,291,4468,65
2020-12-01,Calaveras,009,45235,601,544,0,544,21
2020-12-01,Colusa,011,21464,885,747,15,762,6
2020-12-01,Contra Costa,013,1133247,27030,24788,187,24975,264
2020-12-01,Del Norte,015,27424,427,357,0,357,2
2020-12-01,El Dorado,017,186661,3383,2542,61,2603,4
2020-12-01,Fresno,019,978130,46045,39004,1769,40773,505
2020-12-01,Glenn,021,27897,1108,989,62,1051,7
2020-12-01,Humboldt,023,135768,1083,886,4,890,9
2020-12-01,Imperial,025,180216,17313,16278,151,16429,356
2020-12-01,Inyo,027,18085,351,304,6,310,15
2020-12-01,Kern,029,883053,44734,41345,1737,43082,478
2020-12-01,Kings,031,150075,12248,11415,230,11645,86
2020-12-01,Lake,033,64148,1144,969,0,969,19
2020-12-01,Lassen,035,31185,2528,2047,8,2055,0
2020-12-01,Los Angeles,037,10098052,442599,403266,7351,410617,7704
2020-12-01,Madera,039,155013,7172,6270,189,6459,57
2020-12-01,Marin,041,260295,8082,7787,38,7825,136
2020-12-01,Mariposa,043,17540,158,128,2,130,2
2020-12-01,Mendocino,045,87422,1676,1497,10,1507,23
2020-12-01,Merced,047,269075,13027,12032,142,12174,172
2020-12-01,Modoc,049,8938,141,113,23,136,0
2020-12-01,Mono,051,14174,605,520,10,530,3
2020-12-01,Monterey,053,433212,17228,15835,298,16133,121
2020-12-01,Napa,055,140530,3730,3124,17,3141,19
2020-12-01,Nevada,057,99092,1749,1411,45,1456,9
2020-12-01,Orange,059,3164182,90095,79468,2742,82210,1567
2020-12-01,Placer,061,380077,8720,6794,189,6983,72
2020-12-01,Plumas,063,18699,260,201,0,201,0
2020-12-01,Riverside,065,2383286,104535,88530,2530,91060,1448
2020-12-01,Sacramento,067,1510023,42662,38966,172,39138,589
2020-12-01,San Benito,069,59416,2116,1888,15,1903,15
2020-12-01,San Bernardino,071,2135413,111895,95854,2167,98021,1220
2020-12-01,San Diego,073,3302833,92903,83423,3638,87061,1019
2020-12-01,San Francisco,075,870044,16928,15797,120,15917,157
2020-12-01,San Joaquin,077,732212,29423,26432,605,27037,514
2020-12-01,San Luis Obispo,079,281455,7069,6264,113,6377,40
2020-12-01,San Mateo,081,765935,16188,14495,18,14513,170
2020-12-01,Santa Barbara,083,443738,12397,11611,221,11832,140
2020-12-01,Santa Clara,085,1922200,41432,35397,110,35507,452
2020-12-01,Santa Cruz,087,273765,5391,4638,72,4710,27
2020-12-01,Shasta,089,179085,6106,5077,286,5363,47
2020-12-01,Sierra,091,2930,19,17,0,17,0
2020-12-01,Siskiyou,093,43540,741,608,43,651,1
2020-12-01,Solano,095,438530,11715,10604,84,10688,87
2020-12-01,Sonoma,097,501317,13585,12491,79,12570,163
2020-12-01,Stanislaus,099,539301,24175,22351,1605,23956,447
2020-12-01,Sutter,101,95872,4130,3538,12,3550,17
2020-12-01,Tehama,103,63373,1979,1773,68,1841,9
2020-12-01,Trinity,105,12862,299,165,29,194,0
2020-12-01,Tulare,107,460477,23518,21645,1768,23413,319
2020-12-01,Tuolumne,109,53932,1278,1052,8,1060,7
2020-12-01,Ventura,111,848112,23452,20604,720,21324,186
2020-12-01,Yolo,113,214977,5581,4928,19,4947,86
2020-12-01,Yuba,115,75493,2370,2088,14,2102,10
2020-11-30,Alameda,001,1643700,32969,29972,402,30374,457
2020-11-30,Alpine,003,1148,54,41,0,41,0
2020-11-30,Amador,005,37829,872,559,2,561,16
2020-11-30,Butte,007,227075,4527,4148,275,4423,65
2020-11-30,Calaveras,009,45235,580,478,0,478,21
2020-11-30,Colusa,011,21464,858,737,12,749,6
2020-11-30,Contra Costa,013,1133247,26446,24365,183,24548,264
2020-11-30,Del Norte,015,27424,401,339,0,339,2
2020-11-30,El Dorado,017,186661,3209,2488,55,2543,4
2020-11-30,Fresno,019,978130,44933,38712,1659,40371,500
2020-11-30,Glenn,021,27897,1085,954,57,1011,5
2020-11-30,Humboldt,023,135768,1036,870,4,874,9
2020-11-30,Imperial,025,180216,17056,16212,130,16342,356
2020-11-30,Inyo,027,18085,345,304,5,309,15
2020-11-30,Kern,029,883053,43975,40941,1605,42546,473
2020-11-30,Kings,031,150075,12100,11346,215,11561,85
2020-11-30,Lake,033,64148,1110,939,0,939,18
2020-11-30,Lassen,035,31185,2436,1793,8,1801,0
2020-11-30,Los Angeles,037,10098052,431918,396202,7027,403229,7658
2020-11-30,Madera,039,155013,7007,6210,175,6385,57
2020-11-30,Marin,041,260295,8037,7764,37,7801,136
2020-11-30,Mariposa,043,17540,151,123,2,125,2
2020-11-30,Mendocino,045,87422,1648,1482,10,1492,23
2020-11-30,Merced,047,269075,12752,11913,131,12044,172
2020-11-30,Modoc,049,8938,131,113,23,136,0
2020-11-30,Mono,051,14174,583,519,10,529,3
2020-11-30,Monterey,053,433212,16798,15837,290,16127,119
2020-11-30,Napa,055,140530,3631,3091,17,3108,18
2020-11-30,Nevada,057,99092,1663,1347,42,1389,9
2020-11-30,Orange,059,3164182,87979,78711,2646,81357,1568
2020-11-30,Placer,061,380077,8423,6575,176,6751,72
2020-11-30,Plumas,063,18699,249,192,0,192,0
2020-11-30,Riverside,065,2383286,101544,87722,2385,90107,1446
2020-11-30,Sacramento,067,1510023,41580,37834,163,37997,586
2020-11-30,San Benito,069,59416,2069,1875,14,1889,15
2020-11-30,San Bernardino,071,2135413,108164,92704,2055,94759,1220
2020-11-30,San Diego,073,3302833,90540,82045,3511,85556,997
2020-11-30,San Francisco,075,870044,16630,15638,116,15754,157
2020-11-30,San Joaquin,077,732212,28718,25742,579,26321,509
2020-11-30,San Luis Obispo,079,281455,6935,6224,111,6335,36
2020-11-30,San Mateo,081,765935,15829,14276,18,14294,170
2020-11-30,Santa Barbara,083,443738,12218,11572,213,11785,140
2020-11-30,Santa Clara,085,1922200,40218,35019,109,35128,451
2020-11-30,Santa Cruz,087,273765,5252,4558,69,4627,26
2020-11-30,Shasta,089,179085,5961,4933,258,5191,44
2020-11-30,Sierra,091,2930,19,16,0,16,0
2020-11-30,Siskiyou,093,43540,732,605,39,644,1
2020-11-30,Solano,095,438530,11452,10392,79,10471,87
2020-11-30,Sonoma,097,501317,13339,12232,75,12307,163
2020-11-30,Stanislaus,099,539301,23712,22110,1563,23673,446
2020-11-30,Sutter,101,95872,3974,3430,12,3442,16
2020-11-30,Tehama,103,63373,1930,1724,61,1785,9
2020-11-30,Trinity,105,12862,292,162,29,191,0
2020-11-30,Tulare,107,460477,23129,20833,1675,22508,319
2020-11-30,Tuolumne,109,53932,1234,1027,8,1035,7
2020-11-30,Ventura,111,848112,22698,20308,704,21012,180
2020-11-30,Yolo,113,214977,5464,4894,19,4913,81
2020-11-30,Yuba,115,75493,2311,2028,12,2040,10
2020-11-29,Alameda,001,1643700,32181,29918,380,30298,457
2020-11-29,Alpine,003,1148,51,41,0,41,0
2020-11-29,Amador,005,37829,721,548,2,550,16
2020-11-29,Butte,007,227075,4427,4008,259,4267,65
2020-11-29,Calaveras,009,45235,549,478,0,478,21
2020-11-29,Colusa,011,21464,829,723,8,731,6
2020-11-29,Contra Costa,013,1133247,25939,24165,177,24342,264
2020-11-29,Del Norte,015,27424,395,339,0,339,2
2020-11-29,El Dorado,017,186661,3078,2447,53,2500,4
2020-11-29,Fresno,019,978130,43980,38568,1588,40156,500
2020-11-29,Glenn,021,27897,1062,951,55,1006,4
2020-11-29,Humboldt,023,135768,1007,856,4,860,9
2020-11-29,Imperial,025,180216,16822,16138,105,16243,356
2020-11-29,Inyo,027,18085,328,289,5,294,15
2020-11-29,Kern,029,883053,43212,40596,1457,42053,473
2020-11-29,Kings,031,150075,11949,11247,197,11444,85
2020-11-29,Lake,033,64148,1086,927,0,927,18
2020-11-29,Lassen,035,31185,2333,1793,8,1801,0
2020-11-29,Los Angeles,037,10098052,421509,391162,6736,397898,7642
2020-11-29,Madera,039,155013,6864,6184,169,6353,57
2020-11-29,Marin,041,260295,7971,7739,34,7773,135
2020-11-29,Mariposa,043,17540,147,123,2,125,2
2020-11-29,Mendocino,045,87422,1614,1473,10,1483,23
2020-11-29,Merced,047,269075,12513,11773,122,11895,172
2020-11-29,Modoc,049,8938,127,105,21,126,0
2020-11-29,Mono,051,14174,560,515,9,524,3
2020-11-29,Monterey,053,433212,16485,15621,283,15904,119
2020-11-29,Napa,055,140530,3526,3090,16,3106,18
2020-11-29,Nevada,057,99092,1583,1311,40,1351,9
2020-11-29,Orange,059,3164182,85957,78057,2600,80657,1567
2020-11-29,Placer,061,380077,8125,6535,164,6699,72
2020-11-29,Plumas,063,18699,244,191,0,191,0
2020-11-29,Riverside,065,2383286,99152,87383,2233,89616,1442
2020-11-29,Sacramento,067,1510023,40502,37415,154,37569,585
2020-11-29,San Benito,069,59416,2025,1860,14,1874,15
2020-11-29,San Bernardino,071,2135413,104813,92052,1939,93991,1223
2020-11-29,San Diego,073,3302833,88129,81086,3358,84444,997
2020-11-29,San Francisco,075,870044,16348,15571,111,15682,153
2020-11-29,San Joaquin,077,732212,27969,25740,573,26313,509
2020-11-29,San Luis Obispo,079,281455,6812,6145,111,6256,36
2020-11-29,San Mateo,081,765935,15497,14177,18,14195,169
2020-11-29,Santa Barbara,083,443738,12064,11520,209,11729,140
2020-11-29,Santa Clara,085,1922200,39006,34234,103,34337,451
2020-11-29,Santa Cruz,087,273765,5092,4490,67,4557,26
2020-11-29,Shasta,089,179085,5789,4935,230,5165,43
2020-11-29,Sierra,091,2930,19,16,0,16,0
2020-11-29,Siskiyou,093,43540,709,590,37,627,1
2020-11-29,Solano,095,438530,11219,10393,75,10468,87
2020-11-29,Sonoma,097,501317,13087,12052,71,12123,163
2020-11-29,Stanislaus,099,539301,23216,21701,1529,23230,446
2020-11-29,Sutter,101,95872,3858,3297,12,3309,16
2020-11-29,Tehama,103,63373,1879,1710,47,1757,9
2020-11-29,Trinity,105,12862,289,159,27,186,0
2020-11-29,Tulare,107,460477,22760,20793,1600,22393,319
2020-11-29,Tuolumne,109,53932,1197,988,8,996,7
2020-11-29,Ventura,111,848112,22014,19952,692,20644,179
2020-11-29,Yolo,113,214977,5327,4830,18,4848,80
2020-11-29,Yuba,115,75493,2255,1959,12,1971,10
2020-11-28,Alameda,001,1643700,31871,29368,375,29743,456
2020-11-28,Alpine,003,1148,51,41,0,41,0
2020-11-28,Amador,005,37829,644,536,2,538,16
2020-11-28,Butte,007,227075,4369,3894,255,4149,65
2020-11-28,Calaveras,009,45235,543,478,0,478,21
2020-11-28,Colusa,011,21464,820,711,6,717,6
2020-11-28,Contra Costa,013,1133247,25606,23798,173,23971,264
2020-11-28,Del Norte,015,27424,385,328,0,328,2
2020-11-28,El Dorado,017,186661,3010,2415,47,2462,4
2020-11-28,Fresno,019,978130,43633,38288,1550,39838,500
2020-11-28,Glenn,021,27897,1051,925,51,976,4
2020-11-28,Humboldt,023,135768,972,844,4,848,9
2020-11-28,Imperial,025,180216,16753,16019,103,16122,356
2020-11-28,Inyo,027,18085,320,289,5,294,15
2020-11-28,Kern,029,883053,42849,40255,1369,41624,473
2020-11-28,Kings,031,150075,11884,11070,190,11260,85
2020-11-28,Lake,033,64148,1070,920,0,920,18
2020-11-28,Lassen,035,31185,2266,1714,8,1722,0
2020-11-28,Los Angeles,037,10098052,416587,386194,6580,392774,7625
2020-11-28,Madera,039,155013,6761,6119,162,6281,57
2020-11-28,Marin,041,260295,7941,7696,30,7726,135
2020-11-28,Mariposa,043,17540,144,120,2,122,2
2020-11-28,Mendocino,045,87422,1583,1458,10,1468,22
2020-11-28,Merced,047,269075,12413,11688,116,11804,172
2020-11-28,Modoc,049,8938,124,103,21,124,0
2020-11-28,Mono,051,14174,554,505,9,514,3
2020-11-28,Monterey,053,433212,16319,15328,279,15607,118
2020-11-28,Napa,055,140530,3475,3033,16,3049,18
2020-11-28,Nevada,057,99092,1554,1272,38,1310,9
2020-11-28,Orange,059,3164182,84857,76882,2553,79435,1568
2020-11-28,Placer,061,380077,7965,6497,161,6658,70
2020-11-28,Plumas,063,18699,237,188,0,188,0
2020-11-28,Riverside,065,2383286,97744,86854,2132,88986,1440
2020-11-28,Sacramento,067,1510023,39925,36905,150,37055,580
2020-11-28,San Benito,069,59416,1980,1835,14,1849,15
2020-11-28,San Bernardino,071,2135413,103412,91183,1837,93020,1224
2020-11-28,San Diego,073,3302833,86875,80020,3274,83294,997
2020-11-28,San Francisco,075,870044,16173,15450,104,15554,153
2020-11-28,San Joaquin,077,732212,27768,25742,558,26300,509
2020-11-28,San Luis Obispo,079,281455,6742,6106,107,6213,36
2020-11-28,San Mateo,081,765935,15307,14040,18,14058,169
2020-11-28,Santa Barbara,083,443738,11962,11481,204,11685,140
2020-11-28,Santa Clara,085,1922200,38255,33701,101,33802,449
2020-11-28,Santa Cruz,087,273765,5016,4426,67,4493,26
2020-11-28,Shasta,089,179085,5712,4882,223,5105,43
2020-11-28,Sierra,091,2930,19,16,0,16,0
2020-11-28,Siskiyou,093,43540,699,558,34,592,1
2020-11-28,Solano,095,438530,11097,10252,73,10325,87
2020-11-28,Sonoma,097,501317,12983,12008,62,12070,162
2020-11-28,Stanislaus,099,539301,22977,21574,1495,23069,446
2020-11-28,Sutter,101,95872,3774,3244,12,3256,15
2020-11-28,Tehama,103,63373,1860,1678,43,1721,9
2020-11-28,Trinity,105,12862,286,157,25,182,0
2020-11-28,Tulare,107,460477,22562,20701,1558,22259,319
2020-11-28,Tuolumne,109,53932,1175,976,8,984,7
2020-11-28,Ventura,111,848112,21716,19510,682,20192,179
2020-11-28,Yolo,113,214977,5250,4739,16,4755,80
2020-11-28,Yuba,115,75493,2200,1912,12,1924,10
2020-11-27,Alameda,001,1643700,31428,29064,365,29429,450
2020-11-27,Alpine,003,1148,51,41,0,41,0
2020-11-27,Amador,005,37829,597,498,1,499,16
2020-11-27,Butte,007,227075,4328,3894,249,4143,65
2020-11-27,Calaveras,009,45235,534,478,0,478,21
2020-11-27,Colusa,011,21464,803,694,4,698,6
2020-11-27,Contra Costa,013,1133247,25345,23463,167,23630,264
2020-11-27,Del Norte,015,27424,379,307,0,307,2
2020-11-27,El Dorado,017,186661,2939,2238,44,2282,4
2020-11-27,Fresno,019,978130,43228,37994,1494,39488,500
2020-11-27,Glenn,021,27897,1038,891,46,937,4
2020-11-27,Humboldt,023,135768,953,795,3,798,9
2020-11-27,Imperial,025,180216,16685,15960,95,16055,356
2020-11-27,Inyo,027,18085,314,289,5,294,15
2020-11-27,Kern,029,883053,42426,39707,1299,41006,473
2020-11-27,Kings,031,150075,11799,10667,172,10839,85
2020-11-27,Lake,033,64148,1034,909,0,909,18
2020-11-27,Lassen,035,31185,2254,1714,8,1722,0
2020-11-27,Los Angeles,037,10098052,410066,382740,6432,389172,7606
2020-11-27,Madera,039,155013,6689,6050,157,6207,57
2020-11-27,Marin,041,260295,7899,7660,30,7690,135
2020-11-27,Mariposa,043,17540,142,118,2,120,2
2020-11-27,Mendocino,045,87422,1569,1387,9,1396,22
2020-11-27,Merced,047,269075,12307,11550,109,11659,172
2020-11-27,Modoc,049,8938,123,100,21,121,0
2020-11-27,Mono,051,14174,550,498,9,507,3
2020-11-27,Monterey,053,433212,16151,14753,279,15032,113
2020-11-27,Napa,055,140530,3435,2988,16,3004,18
2020-11-27,Nevada,057,99092,1524,1184,36,1220,9
2020-11-27,Orange,059,3164182,83569,75151,2514,77665,1568
2020-11-27,Placer,061,380077,7806,6283,151,6434,68
2020-11-27,Plumas,063,18699,234,188,0,188,0
2020-11-27,Riverside,065,2383286,96133,85769,1980,87749,1440
2020-11-27,Sacramento,067,1510023,39304,36579,146,36725,579
2020-11-27,San Benito,069,59416,1946,1805,13,1818,15
2020-11-27,San Bernardino,071,2135413,101893,90254,1756,92010,1224
2020-11-27,San Diego,073,3302833,85681,78161,3185,81346,996
2020-11-27,San Francisco,075,870044,16017,15377,102,15479,153
2020-11-27,San Joaquin,077,732212,27544,25741,538,26279,509
2020-11-27,San Luis Obispo,079,281455,6659,6039,104,6143,36
2020-11-27,San Mateo,081,765935,15105,13872,17,13889,169
2020-11-27,Santa Barbara,083,443738,11869,11340,201,11541,140
2020-11-27,Santa Clara,085,1922200,37580,32935,94,33029,449
2020-11-27,Santa Cruz,087,273765,4945,4358,65,4423,26
2020-11-27,Shasta,089,179085,5635,4710,210,4920,43
2020-11-27,Sierra,091,2930,18,16,0,16,0
2020-11-27,Siskiyou,093,43540,684,554,31,585,1
2020-11-27,Solano,095,438530,10978,10044,70,10114,87
2020-11-27,Sonoma,097,501317,12850,11924,60,11984,162
2020-11-27,Stanislaus,099,539301,22748,21185,1466,22651,446
2020-11-27,Sutter,101,95872,3706,3101,12,3113,15
2020-11-27,Tehama,103,63373,1834,1649,39,1688,9
2020-11-27,Trinity,105,12862,282,151,25,176,0
2020-11-27,Tulare,107,460477,22372,20634,1501,22135,319
2020-11-27,Tuolumne,109,53932,1143,881,8,889,7
2020-11-27,Ventura,111,848112,21392,19379,660,20039,179
2020-11-27,Yolo,113,214977,5199,4737,16,4753,79
2020-11-27,Yuba,115,75493,2171,1864,11,1875,10
2020-11-26,Alameda,001,1643700,31012,28797,347,29144,447
2020-11-26,Alpine,003,1148,51,41,0,41,0
2020-11-26,Amador,005,37829,589,488,1,489,16
2020-11-26,Butte,007,227075,4265,3894,243,4137,65
2020-11-26,Calaveras,009,45235,507,478,0,478,21
2020-11-26,Colusa,011,21464,789,694,4,698,6
2020-11-26,Contra Costa,013,1133247,25012,23468,161,23629,264
2020-11-26,Del Norte,015,27424,368,307,0,307,2
2020-11-26,El Dorado,017,186661,2858,2217,42,2259,4
2020-11-26,Fresno,019,978130,42823,37724,1449,39173,500
2020-11-26,Glenn,021,27897,1022,892,44,936,4
2020-11-26,Humboldt,023,135768,930,795,2,797,9
2020-11-26,Imperial,025,180216,16570,15722,92,15814,355
2020-11-26,Inyo,027,18085,312,289,5,294,15
2020-11-26,Kern,029,883053,41976,39123,1239,40362,471
2020-11-26,Kings,031,150075,11744,10475,160,10635,85
2020-11-26,Lake,033,64148,1021,890,0,890,18
2020-11-26,Lassen,035,31185,2239,1714,8,1722,0
2020-11-26,Los Angeles,037,10098052,404904,378340,6198,384538,7581
2020-11-26,Madera,039,155013,6610,6003,152,6155,57
2020-11-26,Marin,041,260295,7861,7610,30,7640,135
2020-11-26,Mariposa,043,17540,137,116,2,118,2
2020-11-26,Mendocino,045,87422,1555,1387,7,1394,22
2020-11-26,Merced,047,269075,12159,11440,107,11547,172
2020-11-26,Modoc,049,8938,121,100,21,121,0
2020-11-26,Mono,051,14174,542,485,9,494,2
2020-11-26,Monterey,053,433212,15915,14750,271,15021,113
2020-11-26,Napa,055,140530,3371,2988,16,3004,18
2020-11-26,Nevada,057,99092,1479,1184,36,1220,9
2020-11-26,Orange,059,3164182,82181,74264,2454,76718,1563
2020-11-26,Placer,061,380077,7642,6278,142,6420,68
2020-11-26,Plumas,063,18699,226,188,0,188,0
2020-11-26,Riverside,065,2383286,94531,85774,1856,87630,1440
2020-11-26,Sacramento,067,1510023,38661,35854,138,35992,580
2020-11-26,San Benito,069,59416,1919,1769,13,1782,15
2020-11-26,San Bernardino,071,2135413,100240,89727,1663,91390,1223
2020-11-26,San Diego,073,3302833,84071,76359,3081,79440,996
2020-11-26,San Francisco,075,870044,15882,15156,98,15254,153
2020-11-26,San Joaquin,077,732212,27288,25738,526,26264,509
2020-11-26,San Luis Obispo,079,281455,6566,5964,101,6065,36
2020-11-26,San Mateo,081,765935,14916,13715,16,13731,169
2020-11-26,Santa Barbara,083,443738,11788,11277,200,11477,139
2020-11-26,Santa Clara,085,1922200,36934,32411,87,32498,446
2020-11-26,Santa Cruz,087,273765,4812,4269,59,4328,26
2020-11-26,Shasta,089,179085,5552,4712,198,4910,43
2020-11-26,Sierra,091,2930,18,15,0,15,0
2020-11-26,Siskiyou,093,43540,674,526,31,557,1
2020-11-26,Solano,095,438530,10833,9941,68,10009,87
2020-11-26,Sonoma,097,501317,12702,11922,58,11980,162
2020-11-26,Stanislaus,099,539301,22516,21186,1426,22612,445
2020-11-26,Sutter,101,95872,3612,3101,11,3112,15
2020-11-26,Tehama,103,63373,1794,1612,36,1648,9
2020-11-26,Trinity,105,12862,278,139,25,164,0
2020-11-26,Tulare,107,460477,22132,20649,1440,22089,319
2020-11-26,Tuolumne,109,53932,1115,871,8,879,7
2020-11-26,Ventura,111,848112,20895,19058,646,19704,179
2020-11-26,Yolo,113,214977,5112,4566,16,4582,76
2020-11-26,Yuba,115,75493,2111,1865,9,1874,10
2020-11-25,Alameda,001,1643700,30797,28378,339,28717,447
2020-11-25,Alpine,003,1148,51,41,0,41,0
2020-11-25,Amador,005,37829,579,484,1,485,16
2020-11-25,Butte,007,227075,4234,3848,240,4088,64
2020-11-25,Calaveras,009,45235,504,475,0,475,21
2020-11-25,Colusa,011,21464,772,693,4,697,6
2020-11-25,Contra Costa,013,1133247,24856,23307,160,23467,263
2020-11-25,Del Norte,015,27424,367,304,0,304,2
2020-11-25,El Dorado,017,186661,2822,2154,42,2196,4
2020-11-25,Fresno,019,978130,42590,37349,1427,38776,494
2020-11-25,Glenn,021,27897,1005,891,42,933,4
2020-11-25,Humboldt,023,135768,922,777,2,779,9
2020-11-25,Imperial,025,180216,16498,15640,91,15731,355
2020-11-25,Inyo,027,18085,310,289,5,294,15
2020-11-25,Kern,029,883053,41820,38878,1222,40100,467
2020-11-25,Kings,031,150075,11709,10417,156,10573,85
2020-11-25,Lake,033,64148,1004,878,0,878,18
2020-11-25,Lassen,035,31185,2196,1701,8,1709,0
2020-11-25,Los Angeles,037,10098052,401875,373919,6097,380016,7545
2020-11-25,Madera,039,155013,6587,5989,149,6138,57
2020-11-25,Marin,041,260295,7832,7601,29,7630,135
2020-11-25,Mariposa,043,17540,136,114,2,116,2
2020-11-25,Mendocino,045,87422,1536,1373,7,1380,22
2020-11-25,Merced,047,269075,12101,11346,107,11453,172
2020-11-25,Modoc,049,8938,121,96,21,117,0
2020-11-25,Mono,051,14174,537,487,9,496,2
2020-11-25,Monterey,053,433212,15800,14695,269,14964,113
2020-11-25,Napa,055,140530,3338,2945,16,2961,17
2020-11-25,Nevada,057,99092,1461,1170,34,1204,9
2020-11-25,Orange,059,3164182,81425,73014,2434,75448,1551
2020-11-25,Placer,061,380077,7566,6221,141,6362,68
2020-11-25,Plumas,063,18699,221,183,0,183,0
2020-11-25,Riverside,065,2383286,93986,85077,1838,86915,1438
2020-11-25,Sacramento,067,1510023,38325,35687,135,35822,574
2020-11-25,San Benito,069,59416,1896,1764,13,1777,15
2020-11-25,San Bernardino,071,2135413,99398,88469,1634,90103,1225
2020-11-25,San Diego,073,3302833,83414,75307,3045,78352,988
2020-11-25,San Francisco,075,870044,15775,15053,96,15149,153
2020-11-25,San Joaquin,077,732212,27160,25556,514,26070,515
2020-11-25,San Luis Obispo,079,281455,6523,5913,101,6014,34
2020-11-25,San Mateo,081,765935,14801,13614,16,13630,170
2020-11-25,Santa Barbara,083,443738,11738,11183,200,11383,138
2020-11-25,Santa Clara,085,1922200,36485,32032,86,32118,442
2020-11-25,Santa Cruz,087,273765,4759,4202,58,4260,25
2020-11-25,Shasta,089,179085,5506,4588,191,4779,43
2020-11-25,Sierra,091,2930,18,15,0,15,0
2020-11-25,Siskiyou,093,43540,667,499,31,530,1
2020-11-25,Solano,095,438530,10728,9832,67,9899,87
2020-11-25,Sonoma,097,501317,12640,11775,57,11832,162
2020-11-25,Stanislaus,099,539301,22384,21022,1399,22421,445
2020-11-25,Sutter,101,95872,3568,3064,11,3075,14
2020-11-25,Tehama,103,63373,1781,1587,30,1617,9
2020-11-25,Trinity,105,12862,276,135,25,160,0
2020-11-25,Tulare,107,460477,22041,20528,1410,21938,318
2020-11-25,Tuolumne,109,53932,1098,842,8,850,7
2020-11-25,Ventura,111,848112,20800,18914,640,19554,179
2020-11-25,Yolo,113,214977,5075,4527,16,4543,76
2020-11-25,Yuba,115,75493,2085,1840,9,1849,10
2020-11-24,Alameda,001,1643700,30321,28030,328,28358,444
2020-11-24,Alpine,003,1148,51,41,0,41,0
2020-11-24,Amador,005,37829,554,470,1,471,16
2020-11-24,Butte,007,227075,4148,3798,232,4030,63
2020-11-24,Calaveras,009,45235,498,466,0,466,21
2020-11-24,Colusa,011,21464,754,682,4,686,6
2020-11-24,Contra Costa,013,1133247,24503,23072,154,23226,259
2020-11-24,Del Norte,015,27424,358,298,0,298,2
2020-11-24,El Dorado,017,186661,2717,2005,41,2046,4
2020-11-24,Fresno,019,978130,42187,37021,1352,38373,493
2020-11-24,Glenn,021,27897,987,883,38,921,4
2020-11-24,Humboldt,023,135768,903,774,2,776,9
2020-11-24,Imperial,025,180216,16394,15600,86,15686,355
2020-11-24,Inyo,027,18085,309,282,5,287,15
2020-11-24,Kern,029,883053,41346,38551,1146,39697,465
2020-11-24,Kings,031,150075,11442,10338,143,10481,85
2020-11-24,Lake,033,64148,988,872,0,872,18
2020-11-24,Lassen,035,31185,2173,1657,8,1665,0
2020-11-24,Los Angeles,037,10098052,395565,370008,5866,375874,7501
2020-11-24,Madera,039,155013,6504,5881,142,6023,57
2020-11-24,Marin,041,260295,7785,7591,29,7620,135
2020-11-24,Mariposa,043,17540,126,114,1,115,2
2020-11-24,Mendocino,045,87422,1514,1346,6,1352,22
2020-11-24,Merced,047,269075,11913,11268,101,11369,171
2020-11-24,Modoc,049,8938,117,91,21,112,0
2020-11-24,Mono,051,14174,533,483,9,492,2
2020-11-24,Monterey,053,433212,15538,14354,260,14614,113
2020-11-24,Napa,055,140530,3271,2904,16,2920,17
2020-11-24,Nevada,057,99092,1397,1156,32,1188,9
2020-11-24,Orange,059,3164182,79984,71975,2357,74332,1547
2020-11-24,Placer,061,380077,7386,6147,134,6281,67
2020-11-24,Plumas,063,18699,218,180,0,180,0
2020-11-24,Riverside,065,2383286,92226,83685,1712,85397,1420
2020-11-24,Sacramento,067,1510023,37645,35097,128,35225,568
2020-11-24,San Benito,069,59416,1865,1740,12,1752,15
2020-11-24,San Bernardino,071,2135413,97058,86645,1533,88178,1226
2020-11-24,San Diego,073,3302833,82004,74363,2974,77337,984
2020-11-24,San Francisco,075,870044,15580,14874,92,14966,153
2020-11-24,San Joaquin,077,732212,26847,25318,487,25805,517
2020-11-24,San Luis Obispo,079,281455,6460,5805,100,5905,34
2020-11-24,San Mateo,081,765935,14592,13558,15,13573,170
2020-11-24,Santa Barbara,083,443738,11632,11154,199,11353,138
2020-11-24,Santa Clara,085,1922200,35697,31564,82,31646,438
2020-11-24,Santa Cruz,087,273765,4646,4132,57,4189,25
2020-11-24,Shasta,089,179085,5406,4410,172,4582,43
2020-11-24,Sierra,091,2930,18,15,0,15,0
2020-11-24,Siskiyou,093,43540,649,473,28,501,1
2020-11-24,Solano,095,438530,10556,9716,66,9782,86
2020-11-24,Sonoma,097,501317,12461,11644,54,11698,162
2020-11-24,Stanislaus,099,539301,22142,20830,1356,22186,438
2020-11-24,Sutter,101,95872,3462,2974,11,2985,14
2020-11-24,Tehama,103,63373,1737,1565,25,1590,9
2020-11-24,Trinity,105,12862,269,129,24,153,0
2020-11-24,Tulare,107,460477,21791,20319,1349,21668,315
2020-11-24,Tuolumne,109,53932,1069,832,8,840,7
2020-11-24,Ventura,111,848112,20419,18637,630,19267,179
2020-11-24,Yolo,113,214977,4989,4420,16,4436,76
2020-11-24,Yuba,115,75493,2034,1804,7,1811,10
2020-11-23,Alameda,001,1643700,29904,27718,316,28034,444
2020-11-23,Alpine,003,1148,49,41,0,41,0
2020-11-23,Amador,005,37829,513,457,1,458,16
2020-11-23,Butte,007,227075,4084,3765,226,3991,61
2020-11-23,Calaveras,009,45235,481,434,0,434,21
2020-11-23,Colusa,011,21464,740,662,4,666,6
2020-11-23,Contra Costa,013,1133247,24235,22674,149,22823,260
2020-11-23,Del Norte,015,27424,336,296,0,296,2
2020-11-23,El Dorado,017,186661,2597,2005,40,2045,4
2020-11-23,Fresno,019,978130,41739,36688,1291,37979,488
2020-11-23,Glenn,021,27897,961,853,38,891,4
2020-11-23,Humboldt,023,135768,890,746,2,748,9
2020-11-23,Imperial,025,180216,16231,15104,81,15185,355
2020-11-23,Inyo,027,18085,302,279,5,284,15
2020-11-23,Kern,029,883053,40833,38245,1083,39328,463
2020-11-23,Kings,031,150075,11022,10204,137,10341,85
2020-11-23,Lake,033,64148,965,840,0,840,18
2020-11-23,Lassen,035,31185,2093,1271,7,1278,0
2020-11-23,Los Angeles,037,10098052,389460,366374,5621,371995,7447
2020-11-23,Madera,039,155013,6379,5787,138,5925,56
2020-11-23,Marin,041,260295,7742,7543,29,7572,135
2020-11-23,Mariposa,043,17540,125,97,1,98,2
2020-11-23,Mendocino,045,87422,1484,1330,6,1336,22
2020-11-23,Merced,047,269075,11725,11148,98,11246,169
2020-11-23,Modoc,049,8938,104,91,20,111,0
2020-11-23,Mono,051,14174,520,480,9,489,2
2020-11-23,Monterey,053,433212,15259,14265,254,14519,112
2020-11-23,Napa,055,140530,3204,2811,16,2827,17
2020-11-23,Nevada,057,99092,1308,1087,32,1119,9
2020-11-23,Orange,059,3164182,78579,71074,2313,73387,1546
2020-11-23,Placer,061,380077,7184,5999,133,6132,66
2020-11-23,Plumas,063,18699,214,172,0,172,0
2020-11-23,Riverside,065,2383286,90449,82175,1648,83823,1415
2020-11-23,Sacramento,067,1510023,37074,34141,122,34263,556
2020-11-23,San Benito,069,59416,1837,1729,11,1740,15
2020-11-23,San Bernardino,071,2135413,94950,84387,1469,85856,1224
2020-11-23,San Diego,073,3302833,80541,72817,2886,75703,968
2020-11-23,San Francisco,075,870044,15422,14646,90,14736,153
2020-11-23,San Joaquin,077,732212,26497,24622,483,25105,517
2020-11-23,San Luis Obispo,079,281455,6378,5772,98,5870,34
2020-11-23,San Mateo,081,765935,14402,13364,15,13379,170
2020-11-23,Santa Barbara,083,443738,11525,10944,195,11139,137
2020-11-23,Santa Clara,085,1922200,35043,31064,79,31143,435
2020-11-23,Santa Cruz,087,273765,4536,4003,53,4056,25
2020-11-23,Shasta,089,179085,5288,4100,160,4260,43
2020-11-23,Sierra,091,2930,17,15,0,15,0
2020-11-23,Siskiyou,093,43540,622,460,28,488,0
2020-11-23,Solano,095,438530,10399,9394,63,9457,86
2020-11-23,Sonoma,097,501317,12288,11507,50,11557,160
2020-11-23,Stanislaus,099,539301,21848,20487,1324,21811,436
2020-11-23,Sutter,101,95872,3325,2840,10,2850,14
2020-11-23,Tehama,103,63373,1688,1526,21,1547,9
2020-11-23,Trinity,105,12862,260,120,22,142,0
2020-11-23,Tulare,107,460477,21498,19818,1284,21102,315
2020-11-23,Tuolumne,109,53932,1029,774,8,782,7
2020-11-23,Ventura,111,848112,20044,18480,617,19097,179
2020-11-23,Yolo,113,214977,4908,4265,15,4280,75
2020-11-23,Yuba,115,75493,1967,1702,7,1709,10
2020-11-22,Alameda,001,1643700,29466,27472,305,27777,444
2020-11-22,Alpine,003,1148,46,41,0,41,0
2020-11-22,Amador,005,37829,501,450,1,451,16
2020-11-22,Butte,007,227075,4034,3712,218,3930,61
2020-11-22,Calaveras,009,45235,473,434,0,434,21
2020-11-22,Colusa,011,21464,722,642,3,645,6
2020-11-22,Contra Costa,013,1133247,23930,22407,144,22551,260
2020-11-22,Del Norte,015,27424,312,271,0,271,2
2020-11-22,El Dorado,017,186661,2487,1917,36,1953,4
2020-11-22,Fresno,019,978130,41255,36315,1236,37551,488
2020-11-22,Glenn,021,27897,939,832,34,866,4
2020-11-22,Humboldt,023,135768,874,729,2,731,9
2020-11-22,Imperial,025,180216,16027,15109,36,15145,355
2020-11-22,Inyo,027,18085,295,279,5,284,15
2020-11-22,Kern,029,883053,40254,37904,1050,38954,463
2020-11-22,Kings,031,150075,10923,10035,128,10163,85
2020-11-22,Lake,033,64148,943,834,0,834,18
2020-11-22,Lassen,035,31185,1928,1211,6,1217,0
2020-11-22,Los Angeles,037,10098052,383177,360341,5379,365720,7438
2020-11-22,Madera,039,155013,6297,5745,127,5872,56
2020-11-22,Marin,041,260295,7708,7506,28,7534,135
2020-11-22,Mariposa,043,17540,124,95,1,96,2
2020-11-22,Mendocino,045,87422,1460,1285,5,1290,22
2020-11-22,Merced,047,269075,11576,10939,98,11037,169
2020-11-22,Modoc,049,8938,103,87,19,106,0
2020-11-22,Mono,051,14174,505,481,9,490,2
2020-11-22,Monterey,053,433212,15018,13887,249,14136,111
2020-11-22,Napa,055,140530,3125,2778,16,2794,17
2020-11-22,Nevada,057,99092,1250,1052,32,1084,9
2020-11-22,Orange,059,3164182,77164,69913,2275,72188,1546
2020-11-22,Placer,061,380077,6958,5880,123,6003,66
2020-11-22,Plumas,063,18699,201,172,0,172,0
2020-11-22,Riverside,065,2383286,88850,81565,1589,83154,1409
2020-11-22,Sacramento,067,1510023,36340,33421,109,33530,555
2020-11-22,San Benito,069,59416,1808,1704,11,1715,15
2020-11-22,San Bernardino,071,2135413,92610,83505,1399,84904,1224
2020-11-22,San Diego,073,3302833,78804,71649,2811,74460,968
2020-11-22,San Francisco,075,870044,15252,14515,89,14604,153
2020-11-22,San Joaquin,077,732212,26197,24619,471,25090,517
2020-11-22,San Luis Obispo,079,281455,6271,5664,97,5761,34
2020-11-22,San Mateo,081,765935,14197,13228,15,13243,170
2020-11-22,Santa Barbara,083,443738,11390,10946,190,11136,137
2020-11-22,Santa Clara,085,1922200,34365,30633,77,30710,434
2020-11-22,Santa Cruz,087,273765,4454,3896,46,3942,25
2020-11-22,Shasta,089,179085,5132,4100,142,4242,43
2020-11-22,Sierra,091,2930,17,13,0,13,0
2020-11-22,Siskiyou,093,43540,591,411,28,439,0
2020-11-22,Solano,095,438530,10225,9363,59,9422,86
2020-11-22,Sonoma,097,501317,12130,11415,48,11463,159
2020-11-22,Stanislaus,099,539301,21523,20223,1294,21517,436
2020-11-22,Sutter,101,95872,3208,2677,10,2687,13
2020-11-22,Tehama,103,63373,1651,1457,17,1474,9
2020-11-22,Trinity,105,12862,254,114,22,136,0
2020-11-22,Tulare,107,460477,21245,19818,1218,21036,314
2020-11-22,Tuolumne,109,53932,1003,689,8,697,7
2020-11-22,Ventura,111,848112,19683,18105,604,18709,179
2020-11-22,Yolo,113,214977,4808,4206,15,4221,75
2020-11-22,Yuba,115,75493,1914,1672,7,1679,10
2020-11-21,Alameda,001,1643700,29279,27424,303,27727,444
2020-11-21,Alpine,003,1148,46,41,0,41,0
2020-11-21,Amador,005,37829,487,450,1,451,16
2020-11-21,Butte,007,227075,3986,3664,215,3879,61
2020-11-21,Calaveras,009,45235,465,434,0,434,21
2020-11-21,Colusa,011,21464,713,642,3,645,6
2020-11-21,Contra Costa,013,1133247,23776,22338,142,22480,260
2020-11-21,Del Norte,015,27424,307,271,0,271,2
2020-11-21,El Dorado,017,186661,2438,1900,35,1935,4
2020-11-21,Fresno,019,978130,41000,35973,1201,37174,482
2020-11-21,Glenn,021,27897,934,829,32,861,4
2020-11-21,Humboldt,023,135768,864,728,2,730,9
2020-11-21,Imperial,025,180216,15947,15053,36,15089,355
2020-11-21,Inyo,027,18085,293,283,5,288,15
2020-11-21,Kern,029,883053,39998,37403,1015,38418,463
2020-11-21,Kings,031,150075,10875,10019,124,10143,85
2020-11-21,Lake,033,64148,930,832,0,832,18
2020-11-21,Lassen,035,31185,1861,1211,6,1217,0
2020-11-21,Los Angeles,037,10098052,379992,357754,5239,362993,7428
2020-11-21,Madera,039,155013,6259,5706,127,5833,56
2020-11-21,Marin,041,260295,7685,7488,27,7515,134
2020-11-21,Mariposa,043,17540,124,92,1,93,2
2020-11-21,Mendocino,045,87422,1429,1282,5,1287,22
2020-11-21,Merced,047,269075,11515,10849,97,10946,169
2020-11-21,Modoc,049,8938,99,87,18,105,0
2020-11-21,Mono,051,14174,500,469,9,478,2
2020-11-21,Monterey,053,433212,14920,13886,244,14130,110
2020-11-21,Napa,055,140530,3091,2757,16,2773,17
2020-11-21,Nevada,057,99092,1238,1018,31,1049,9
2020-11-21,Orange,059,3164182,76362,69021,2245,71266,1543
2020-11-21,Placer,061,380077,6843,5778,120,5898,65
2020-11-21,Plumas,063,18699,196,172,0,172,0
2020-11-21,Riverside,065,2383286,88073,80676,1543,82219,1407
2020-11-21,Sacramento,067,1510023,35944,33133,101,33234,548
2020-11-21,San Benito,069,59416,1789,1691,11,1702,15
2020-11-21,San Bernardino,071,2135413,91733,83206,1323,84529,1222
2020-11-21,San Diego,073,3302833,78025,70711,2756,73467,966
2020-11-21,San Francisco,075,870044,15148,14445,88,14533,153
2020-11-21,San Joaquin,077,732212,26064,24620,456,25076,517
2020-11-21,San Luis Obispo,079,281455,6218,5618,94,5712,34
2020-11-21,San Mateo,081,765935,14096,13138,15,13153,170
2020-11-21,Santa Barbara,083,443738,11338,10922,187,11109,137
2020-11-21,Santa Clara,085,1922200,33981,30377,74,30451,433
2020-11-21,Santa Cruz,087,273765,4397,3898,46,3944,25
2020-11-21,Shasta,089,179085,5059,4095,139,4234,42
2020-11-21,Sierra,091,2930,17,13,0,13,0
2020-11-21,Siskiyou,093,43540,575,403,28,431,0
2020-11-21,Solano,095,438530,10135,9290,56,9346,86
2020-11-21,Sonoma,097,501317,12055,11394,47,11441,158
2020-11-21,Stanislaus,099,539301,21380,20111,1270,21381,435
2020-11-21,Sutter,101,95872,3148,2615,9,2624,13
2020-11-21,Tehama,103,63373,1631,1435,16,1451,9
2020-11-21,Trinity,105,12862,251,110,22,132,0
2020-11-21,Tulare,107,460477,21118,19752,1184,20936,313
2020-11-21,Tuolumne,109,53932,984,690,8,698,7
2020-11-21,Ventura,111,848112,19520,18040,594,18634,177
2020-11-21,Yolo,113,214977,4734,4147,14,4161,75
2020-11-21,Yuba,115,75493,1882,1643,7,1650,10
2020-11-20,Alameda,001,1643700,29065,27221,296,27517,444
2020-11-20,Alpine,003,1148,46,20,0,20,0
2020-11-20,Amador,005,37829,483,446,1,447,16
2020-11-20,Butte,007,227075,3954,3618,211,3829,60
2020-11-20,Calaveras,009,45235,455,424,0,424,21
2020-11-20,Colusa,011,21464,705,631,2,633,6
2020-11-20,Contra Costa,013,1133247,23590,22116,138,22254,260
2020-11-20,Del Norte,015,27424,304,264,0,264,2
2020-11-20,El Dorado,017,186661,2342,1868,33,1901,4
2020-11-20,Fresno,019,978130,40706,35635,1172,36807,480
2020-11-20,Glenn,021,27897,922,826,30,856,4
2020-11-20,Humboldt,023,135768,855,714,1,715,9
2020-11-20,Imperial,025,180216,15883,14864,32,14896,353
2020-11-20,Inyo,027,18085,291,262,5,267,15
2020-11-20,Kern,029,883053,39704,37143,990,38133,462
2020-11-20,Kings,031,150075,10827,9903,123,10026,85
2020-11-20,Lake,033,64148,921,820,0,820,18
2020-11-20,Lassen,035,31185,1776,1212,5,1217,0
2020-11-20,Los Angeles,037,10098052,376094,353554,5078,358632,7398
2020-11-20,Madera,039,155013,6165,5635,126,5761,54
2020-11-20,Marin,041,260295,7661,7467,26,7493,134
2020-11-20,Mariposa,043,17540,116,89,1,90,2
2020-11-20,Mendocino,045,87422,1409,1269,5,1274,22
2020-11-20,Merced,047,269075,11430,10729,97,10826,167
2020-11-20,Modoc,049,8938,99,83,18,101,0
2020-11-20,Mono,051,14174,498,469,9,478,2
2020-11-20,Monterey,053,433212,14795,13738,235,13973,110
2020-11-20,Napa,055,140530,3061,2718,16,2734,17
2020-11-20,Nevada,057,99092,1220,990,30,1020,9
2020-11-20,Orange,059,3164182,75527,68212,2208,70420,1532
2020-11-20,Placer,061,380077,6708,5687,105,5792,66
2020-11-20,Plumas,063,18699,194,163,0,163,0
2020-11-20,Riverside,065,2383286,87061,79613,1483,81096,1405
2020-11-20,Sacramento,067,1510023,35568,32832,94,32926,549
2020-11-20,San Benito,069,59416,1777,1668,11,1679,15
2020-11-20,San Bernardino,071,2135413,90363,81203,1241,82444,1220
2020-11-20,San Diego,073,3302833,77027,69233,2674,71907,960
2020-11-20,San Francisco,075,870044,15045,14327,87,14414,153
2020-11-20,San Joaquin,077,732212,25911,24460,443,24903,515
2020-11-20,San Luis Obispo,079,281455,6163,5524,91,5615,34
2020-11-20,San Mateo,081,765935,13963,12980,14,12994,169
2020-11-20,Santa Barbara,083,443738,11282,10825,181,11006,136
2020-11-20,Santa Clara,085,1922200,33560,30002,69,30071,431
2020-11-20,Santa Cruz,087,273765,4332,3815,46,3861,25
2020-11-20,Shasta,089,179085,4986,3861,134,3995,42
2020-11-20,Sierra,091,2930,17,12,0,12,0
2020-11-20,Siskiyou,093,43540,561,387,27,414,0
2020-11-20,Solano,095,438530,10042,9216,54,9270,85
2020-11-20,Sonoma,097,501317,11971,11316,46,11362,158
2020-11-20,Stanislaus,099,539301,21223,19889,1244,21133,433
2020-11-20,Sutter,101,95872,3098,2580,9,2589,13
2020-11-20,Tehama,103,63373,1614,1410,13,1423,9
2020-11-20,Trinity,105,12862,250,102,22,124,0
2020-11-20,Tulare,107,460477,20985,19568,1146,20714,311
2020-11-20,Tuolumne,109,53932,945,662,8,670,7
2020-11-20,Ventura,111,848112,19352,17741,567,18308,175
2020-11-20,Yolo,113,214977,4655,4081,13,4094,74
2020-11-20,Yuba,115,75493,1854,1611,7,1618,10
2020-11-19,Alameda,001,1643700,28719,26971,288,27259,441
2020-11-19,Alpine,003,1148,43,20,0,20,0
2020-11-19,Amador,005,37829,479,436,1,437,16
2020-11-19,Butte,007,227075,3905,3576,203,3779,60
2020-11-19,Calaveras,009,45235,444,417,0,417,21
2020-11-19,Colusa,011,21464,687,621,2,623,6
2020-11-19,Contra Costa,013,1133247,23319,21886,135,22021,259
2020-11-19,Del Norte,015,27424,296,251,0,251,2
2020-11-19,El Dorado,017,186661,2268,1825,29,1854,4
2020-11-19,Fresno,019,978130,40256,35278,1116,36394,478
2020-11-19,Glenn,021,27897,900,806,29,835,4
2020-11-19,Humboldt,023,135768,835,693,1,694,9
2020-11-19,Imperial,025,180216,15673,14507,32,14539,349
2020-11-19,Inyo,027,18085,289,262,5,267,15
2020-11-19,Kern,029,883053,39284,36779,948,37727,459
2020-11-19,Kings,031,150075,10679,9763,116,9879,85
2020-11-19,Lake,033,64148,907,809,0,809,18
2020-11-19,Lassen,035,31185,1659,1201,3,1204,0
2020-11-19,Los Angeles,037,10098052,371067,349493,4914,354407,7365
2020-11-19,Madera,039,155013,6093,5540,118,5658,54
2020-11-19,Marin,041,260295,7630,7451,26,7477,134
2020-11-19,Mariposa,043,17540,109,88,0,88,2
2020-11-19,Mendocino,045,87422,1388,1237,5,1242,23
2020-11-19,Merced,047,269075,11290,10634,91,10725,167
2020-11-19,Modoc,049,8938,96,82,18,100,0
2020-11-19,Mono,051,14174,490,468,9,477,2
2020-11-19,Monterey,053,433212,14581,13369,224,13593,108
2020-11-19,Napa,055,140530,3007,2641,16,2657,17
2020-11-19,Nevada,057,99092,1179,945,29,974,9
2020-11-19,Orange,059,3164182,74262,66998,2166,69164,1530
2020-11-19,Placer,061,380077,6517,5612,104,5716,65
2020-11-19,Plumas,063,18699,189,158,0,158,0
2020-11-19,Riverside,065,2383286,85578,78535,1412,79947,1402
2020-11-19,Sacramento,067,1510023,35054,32367,92,32459,546
2020-11-19,San Benito,069,59416,1754,1643,11,1654,15
2020-11-19,San Bernardino,071,2135413,88465,79244,1163,80407,1215
2020-11-19,San Diego,073,3302833,75777,68142,2570,70712,952
2020-11-19,San Francisco,075,870044,14889,14178,81,14259,153
2020-11-19,San Joaquin,077,732212,25592,24270,433,24703,516
2020-11-19,San Luis Obispo,079,281455,6086,5410,87,5497,34
2020-11-19,San Mateo,081,765935,13825,12714,14,12728,169
2020-11-19,Santa Barbara,083,443738,11202,10741,178,10919,136
2020-11-19,Santa Clara,085,1922200,33006,29630,68,29698,424
2020-11-19,Santa Cruz,087,273765,4240,3679,44,3723,25
2020-11-19,Shasta,089,179085,4848,3685,124,3809,42
2020-11-19,Sierra,091,2930,17,11,0,11,0
2020-11-19,Siskiyou,093,43540,536,360,26,386,0
2020-11-19,Solano,095,438530,9905,9093,50,9143,84
2020-11-19,Sonoma,097,501317,11801,11205,44,11249,156
2020-11-19,Stanislaus,099,539301,20982,19736,1201,20937,433
2020-11-19,Sutter,101,95872,2999,2509,9,2518,13
2020-11-19,Tehama,103,63373,1579,1373,10,1383,9
2020-11-19,Trinity,105,12862,244,97,22,119,0
2020-11-19,Tulare,107,460477,20764,19384,1083,20467,304
2020-11-19,Tuolumne,109,53932,914,602,8,610,7
2020-11-19,Ventura,111,848112,18999,17300,554,17854,174
2020-11-19,Yolo,113,214977,4561,3973,13,3986,72
2020-11-19,Yuba,115,75493,1814,1568,7,1575,10
2020-11-18,Alameda,001,1643700,28455,26610,283,26893,440
2020-11-18,Alpine,003,1148,42,16,0,16,0
2020-11-18,Amador,005,37829,474,430,1,431,16
2020-11-18,Butte,007,227075,3852,3537,190,3727,59
2020-11-18,Calaveras,009,45235,438,409,0,409,21
2020-11-18,Colusa,011,21464,674,611,2,613,6
2020-11-18,Contra Costa,013,1133247,23055,21685,132,21817,258
2020-11-18,Del Norte,015,27424,284,240,0,240,2
2020-11-18,El Dorado,017,186661,2180,1799,28,1827,4
2020-11-18,Fresno,019,978130,39817,34997,1067,36064,474
2020-11-18,Glenn,021,27897,883,803,27,830,4
2020-11-18,Humboldt,023,135768,820,690,1,691,9
2020-11-18,Imperial,025,180216,15447,14428,32,14460,348
2020-11-18,Inyo,027,18085,287,262,5,267,15
2020-11-18,Kern,029,883053,38894,36537,899,37436,456
2020-11-18,Kings,031,150075,10531,9696,113,9809,85
2020-11-18,Lake,033,64148,895,802,0,802,18
2020-11-18,Lassen,035,31185,1559,1124,3,1127,0
2020-11-18,Los Angeles,037,10098052,366190,344675,4736,349411,7338
2020-11-18,Madera,039,155013,6006,5519,106,5625,54
2020-11-18,Marin,041,260295,7606,7435,26,7461,134
2020-11-18,Mariposa,043,17540,106,88,0,88,2
2020-11-18,Mendocino,045,87422,1368,1237,5,1242,23
2020-11-18,Merced,047,269075,11174,10536,90,10626,166
2020-11-18,Modoc,049,8938,93,77,18,95,0
2020-11-18,Mono,051,14174,485,468,9,477,2
2020-11-18,Monterey,053,433212,14386,13340,210,13550,108
2020-11-18,Napa,055,140530,2962,2607,16,2623,17
2020-11-18,Nevada,057,99092,1139,933,27,960,9
2020-11-18,Orange,059,3164182,73167,66381,2141,68522,1521
2020-11-18,Placer,061,380077,6339,5543,99,5642,64
2020-11-18,Plumas,063,18699,184,143,0,143,0
2020-11-18,Riverside,065,2383286,84115,77739,1311,79050,1387
2020-11-18,Sacramento,067,1510023,34429,31816,84,31900,541
2020-11-18,San Benito,069,59416,1729,1632,10,1642,15
2020-11-18,San Bernardino,071,2135413,86706,77400,1084,78484,1206
2020-11-18,San Diego,073,3302833,74483,67243,2510,69753,945
2020-11-18,San Francisco,075,870044,14745,14057,79,14136,153
2020-11-18,San Joaquin,077,732212,25330,24146,419,24565,517
2020-11-18,San Luis Obispo,079,281455,6010,5322,86,5408,34
2020-11-18,San Mateo,081,765935,13672,12631,13,12644,169
2020-11-18,Santa Barbara,083,443738,11123,10684,171,10855,136
2020-11-18,Santa Clara,085,1922200,32540,29285,64,29349,421
2020-11-18,Santa Cruz,087,273765,4151,3618,42,3660,25
2020-11-18,Shasta,089,179085,4714,3547,120,3667,42
2020-11-18,Sierra,091,2930,17,11,0,11,0
2020-11-18,Siskiyou,093,43540,504,351,25,376,0
2020-11-18,Solano,095,438530,9773,8994,48,9042,84
2020-11-18,Sonoma,097,501317,11694,11129,41,11170,155
2020-11-18,Stanislaus,099,539301,20740,19609,1177,20786,431
2020-11-18,Sutter,101,95872,2881,2442,9,2451,13
2020-11-18,Tehama,103,63373,1541,1338,10,1348,8
2020-11-18,Trinity,105,12862,230,95,21,116,0
2020-11-18,Tulare,107,460477,20553,19286,1032,20318,306
2020-11-18,Tuolumne,109,53932,879,590,8,598,7
2020-11-18,Ventura,111,848112,18674,17169,539,17708,173
2020-11-18,Yolo,113,214977,4488,3929,13,3942,71
2020-11-18,Yuba,115,75493,1760,1540,7,1547,10
2020-11-17,Alameda,001,1643700,28128,26425,272,26697,439
2020-11-17,Alpine,003,1148,40,12,0,12,0
2020-11-17,Amador,005,37829,463,423,1,424,16
2020-11-17,Butte,007,227075,3810,3500,179,3679,59
2020-11-17,Calaveras,009,45235,421,405,0,405,21
2020-11-17,Colusa,011,21464,663,606,1,607,6
2020-11-17,Contra Costa,013,1133247,22784,21557,127,21684,256
2020-11-17,Del Norte,015,27424,278,233,0,233,2
2020-11-17,El Dorado,017,186661,2121,1758,28,1786,4
2020-11-17,Fresno,019,978130,39217,34765,1008,35773,472
2020-11-17,Glenn,021,27897,872,795,26,821,4
2020-11-17,Humboldt,023,135768,798,685,1,686,9
2020-11-17,Imperial,025,180216,15209,14204,30,14234,346
2020-11-17,Inyo,027,18085,286,263,5,268,15
2020-11-17,Kern,029,883053,38445,36164,846,37010,455
2020-11-17,Kings,031,150075,10458,9653,105,9758,85
2020-11-17,Lake,033,64148,875,792,0,792,18
2020-11-17,Lassen,035,31185,1480,1124,3,1127,0
2020-11-17,Los Angeles,037,10098052,361238,340933,4578,345511,7302
2020-11-17,Madera,039,155013,5918,5485,99,5584,54
2020-11-17,Marin,041,260295,7574,7404,25,7429,134
2020-11-17,Mariposa,043,17540,103,87,0,87,2
2020-11-17,Mendocino,045,87422,1347,1216,5,1221,23
2020-11-17,Merced,047,269075,11030,10457,84,10541,162
2020-11-17,Modoc,049,8938,87,71,17,88,0
2020-11-17,Mono,051,14174,480,459,9,468,2
2020-11-17,Monterey,053,433212,14157,13220,200,13420,108
2020-11-17,Napa,055,140530,2908,2568,16,2584,17
2020-11-17,Nevada,057,99092,1098,918,26,944,9
2020-11-17,Orange,059,3164182,72016,65757,2115,67872,1519
2020-11-17,Placer,061,380077,6177,5435,93,5528,63
2020-11-17,Plumas,063,18699,176,142,0,142,0
2020-11-17,Riverside,065,2383286,82729,77079,1220,78299,1379
2020-11-17,Sacramento,067,1510023,33831,31341,80,31421,538
2020-11-17,San Benito,069,59416,1713,1611,4,1615,15
2020-11-17,San Bernardino,071,2135413,84897,76134,995,77129,1188
2020-11-17,San Diego,073,3302833,73230,66321,2454,68775,933
2020-11-17,San Francisco,075,870044,14579,13952,78,14030,153
2020-11-17,San Joaquin,077,732212,25054,23997,399,24396,516
2020-11-17,San Luis Obispo,079,281455,5914,5235,86,5321,34
2020-11-17,San Mateo,081,765935,13512,12491,12,12503,169
2020-11-17,Santa Barbara,083,443738,11038,10597,166,10763,136
2020-11-17,Santa Clara,085,1922200,31992,29013,63,29076,419
2020-11-17,Santa Cruz,087,273765,4065,3548,39,3587,25
2020-11-17,Shasta,089,179085,4556,3457,108,3565,40
2020-11-17,Sierra,091,2930,15,11,0,11,0
2020-11-17,Siskiyou,093,43540,456,333,24,357,0
2020-11-17,Solano,095,438530,9628,8905,47,8952,84
2020-11-17,Sonoma,097,501317,11560,11084,40,11124,155
2020-11-17,Stanislaus,099,539301,20517,19466,1150,20616,425
2020-11-17,Sutter,101,95872,2798,2370,8,2378,12
2020-11-17,Tehama,103,63373,1488,1290,10,1300,7
2020-11-17,Trinity,105,12862,213,83,21,104,0
2020-11-17,Tulare,107,460477,20325,19176,971,20147,305
2020-11-17,Tuolumne,109,53932,840,568,8,576,7
2020-11-17,Ventura,111,848112,18402,16797,521,17318,173
2020-11-17,Yolo,113,214977,4311,3887,12,3899,70
2020-11-17,Yuba,115,75493,1712,1519,7,1526,10
2020-11-16,Alameda,001,1643700,27781,26063,267,26330,436
2020-11-16,Alpine,003,1148,37,12,0,12,0
2020-11-16,Amador,005,37829,455,414,1,415,16
2020-11-16,Butte,007,227075,3771,3490,171,3661,58
2020-11-16,Calaveras,009,45235,413,402,0,402,21
2020-11-16,Colusa,011,21464,654,601,1,602,6
2020-11-16,Contra Costa,013,1133247,22518,21386,122,21508,256
2020-11-16,Del Norte,015,27424,271,225,0,225,2
2020-11-16,El Dorado,017,186661,2061,1694,26,1720,4
2020-11-16,Fresno,019,978130,38727,34593,956,35549,471
2020-11-16,Glenn,021,27897,860,786,25,811,4
2020-11-16,Humboldt,023,135768,782,660,1,661,9
2020-11-16,Imperial,025,180216,14961,14111,30,14141,346
2020-11-16,Inyo,027,18085,283,263,5,268,15
2020-11-16,Kern,029,883053,38050,36049,804,36853,455
2020-11-16,Kings,031,150075,10191,9569,101,9670,85
2020-11-16,Lake,033,64148,864,784,0,784,18
2020-11-16,Lassen,035,31185,1299,1124,3,1127,0
2020-11-16,Los Angeles,037,10098052,356483,338778,4409,343187,7277
2020-11-16,Madera,039,155013,5833,5433,93,5526,54
2020-11-16,Marin,041,260295,7543,7359,24,7383,134
2020-11-16,Mariposa,043,17540,100,86,0,86,2
2020-11-16,Mendocino,045,87422,1322,1209,5,1214,23
2020-11-16,Merced,047,269075,10891,10399,81,10480,162
2020-11-16,Modoc,049,8938,85,71,17,88,0
2020-11-16,Mono,051,14174,478,453,9,462,2
2020-11-16,Monterey,053,433212,13911,13089,190,13279,107
2020-11-16,Napa,055,140530,2834,2536,16,2552,17
2020-11-16,Nevada,057,99092,1055,889,24,913,9
2020-11-16,Orange,059,3164182,70921,65396,2101,67497,1519
2020-11-16,Placer,061,380077,6058,5387,85,5472,63
2020-11-16,Plumas,063,18699,169,127,0,127,0
2020-11-16,Riverside,065,2383286,81354,76449,1156,77605,1379
2020-11-16,Sacramento,067,1510023,33193,30954,73,31027,534
2020-11-16,San Benito,069,59416,1695,1603,3,1606,15
2020-11-16,San Bernardino,071,2135413,83071,74401,929,75330,1186
2020-11-16,San Diego,073,3302833,71919,65603,2382,67985,926
2020-11-16,San Francisco,075,870044,14421,13847,76,13923,153
2020-11-16,San Joaquin,077,732212,24765,23515,389,23904,513
2020-11-16,San Luis Obispo,079,281455,5811,5161,82,5243,34
2020-11-16,San Mateo,081,765935,13352,12398,12,12410,169
2020-11-16,Santa Barbara,083,443738,10973,10565,162,10727,135
2020-11-16,Santa Clara,085,1922200,31430,28673,62,28735,419
2020-11-16,Santa Cruz,087,273765,3992,3520,39,3559,25
2020-11-16,Shasta,089,179085,4408,3284,103,3387,37
2020-11-16,Sierra,091,2930,15,11,0,11,0
2020-11-16,Siskiyou,093,43540,429,294,24,318,0
2020-11-16,Solano,095,438530,9429,8827,47,8874,84
2020-11-16,Sonoma,097,501317,11469,10961,39,11000,155
2020-11-16,Stanislaus,099,539301,20280,19333,1123,20456,425
2020-11-16,Sutter,101,95872,2692,2322,8,2330,12
2020-11-16,Tehama,103,63373,1443,1261,7,1268,7
2020-11-16,Trinity,105,12862,201,67,21,88,0
2020-11-16,Tulare,107,460477,20147,18891,918,19809,305
2020-11-16,Tuolumne,109,53932,803,543,8,551,7
2020-11-16,Ventura,111,848112,18064,16691,513,17204,172
2020-11-16,Yolo,113,214977,4216,3858,12,3870,70
2020-11-16,Yuba,115,75493,1676,1500,6,1506,10
2020-11-15,Alameda,001,1643700,27464,25879,262,26141,436
2020-11-15,Alpine,003,1148,35,12,0,12,0
2020-11-15,Amador,005,37829,443,409,1,410,16
2020-11-15,Butte,007,227075,3717,3452,162,3614,58
2020-11-15,Calaveras,009,45235,398,386,0,386,21
2020-11-15,Colusa,011,21464,645,601,1,602,6
2020-11-15,Contra Costa,013,1133247,22220,21179,121,21300,256
2020-11-15,Del Norte,015,27424,257,224,0,224,2
2020-11-15,El Dorado,017,186661,1999,1683,25,1708,4
2020-11-15,Fresno,019,978130,38215,34297,918,35215,471
2020-11-15,Glenn,021,27897,848,783,24,807,4
2020-11-15,Humboldt,023,135768,754,653,1,654,9
2020-11-15,Imperial,025,180216,14726,13940,30,13970,346
2020-11-15,Inyo,027,18085,273,263,5,268,15
2020-11-15,Kern,029,883053,37644,35911,769,36680,455
2020-11-15,Kings,031,150075,9998,9533,98,9631,85
2020-11-15,Lake,033,64148,854,777,0,777,17
2020-11-15,Lassen,035,31185,1252,1124,3,1127,0
2020-11-15,Los Angeles,037,10098052,351436,336035,4240,340275,7271
2020-11-15,Madera,039,155013,5735,5391,87,5478,54
2020-11-15,Marin,041,260295,7516,7347,24,7371,133
2020-11-15,Mariposa,043,17540,97,86,0,86,2
2020-11-15,Mendocino,045,87422,1303,1197,5,1202,22
2020-11-15,Merced,047,269075,10758,10350,81,10431,162
2020-11-15,Modoc,049,8938,84,68,17,85,0
2020-11-15,Mono,051,14174,476,453,9,462,2
2020-11-15,Monterey,053,433212,13715,12999,177,13176,107
2020-11-15,Napa,055,140530,2775,2509,14,2523,17
2020-11-15,Nevada,057,99092,999,859,24,883,9
2020-11-15,Orange,059,3164182,69878,65008,2085,67093,1519
2020-11-15,Placer,061,380077,5903,5330,77,5407,63
2020-11-15,Plumas,063,18699,163,127,0,127,0
2020-11-15,Riverside,065,2383286,80032,75531,1098,76629,1374
2020-11-15,Sacramento,067,1510023,32567,30601,68,30669,534
2020-11-15,San Benito,069,59416,1670,1589,2,1591,15
2020-11-15,San Bernardino,071,2135413,80922,73769,854,74623,1185
2020-11-15,San Diego,073,3302833,70418,64770,2325,67095,926
2020-11-15,San Francisco,075,870044,14245,13757,75,13832,153
2020-11-15,San Joaquin,077,732212,24555,23516,374,23890,513
2020-11-15,San Luis Obispo,079,281455,5690,5120,80,5200,34
2020-11-15,San Mateo,081,765935,13175,12348,12,12360,169
2020-11-15,Santa Barbara,083,443738,10878,10516,160,10676,135
2020-11-15,Santa Clara,085,1922200,30972,28289,61,28350,418
2020-11-15,Santa Cruz,087,273765,3851,3439,38,3477,25
2020-11-15,Shasta,089,179085,4235,3290,94,3384,37
2020-11-15,Sierra,091,2930,15,11,0,11,0
2020-11-15,Siskiyou,093,43540,410,294,24,318,0
2020-11-15,Solano,095,438530,9268,8713,44,8757,84
2020-11-15,Sonoma,097,501317,11351,10833,38,10871,154
2020-11-15,Stanislaus,099,539301,20006,19228,1098,20326,425
2020-11-15,Sutter,101,95872,2602,2230,8,2238,12
2020-11-15,Tehama,103,63373,1392,1222,6,1228,7
2020-11-15,Trinity,105,12862,191,67,19,86,0
2020-11-15,Tulare,107,460477,19929,18891,866,19757,305
2020-11-15,Tuolumne,109,53932,761,486,8,494,7
2020-11-15,Ventura,111,848112,17790,16564,505,17069,172
2020-11-15,Yolo,113,214977,4113,3819,12,3831,67
2020-11-15,Yuba,115,75493,1635,1470,5,1475,10
2020-11-14,Alameda,001,1643700,27197,25714,260,25974,435
2020-11-14,Alpine,003,1148,35,12,0,12,0
2020-11-14,Amador,005,37829,434,404,0,404,16
2020-11-14,Butte,007,227075,3681,3434,148,3582,58
2020-11-14,Calaveras,009,45235,397,386,0,386,21
2020-11-14,Colusa,011,21464,633,601,1,602,6
2020-11-14,Contra Costa,013,1133247,22078,20975,114,21089,256
2020-11-14,Del Norte,015,27424,250,219,0,219,2
2020-11-14,El Dorado,017,186661,1955,1648,25,1673,4
2020-11-14,Fresno,019,978130,37965,33969,882,34851,471
2020-11-14,Glenn,021,27897,839,772,21,793,3
2020-11-14,Humboldt,023,135768,739,643,1,644,9
2020-11-14,Imperial,025,180216,14633,13932,29,13961,346
2020-11-14,Inyo,027,18085,272,263,5,268,15
2020-11-14,Kern,029,883053,37434,35626,750,36376,454
2020-11-14,Kings,031,150075,9963,9490,95,9585,85
2020-11-14,Lake,033,64148,845,773,0,773,17
2020-11-14,Lassen,035,31185,1238,833,3,836,0
2020-11-14,Los Angeles,037,10098052,348730,333021,4131,337152,7269
2020-11-14,Madera,039,155013,5704,5371,85,5456,54
2020-11-14,Marin,041,260295,7499,7325,24,7349,133
2020-11-14,Mariposa,043,17540,96,86,0,86,2
2020-11-14,Mendocino,045,87422,1287,1181,5,1186,22
2020-11-14,Merced,047,269075,10702,10286,79,10365,161
2020-11-14,Modoc,049,8938,83,64,16,80,0
2020-11-14,Mono,051,14174,476,453,9,462,2
2020-11-14,Monterey,053,433212,13619,12854,167,13021,105
2020-11-14,Napa,055,140530,2741,2473,14,2487,17
2020-11-14,Nevada,057,99092,983,835,24,859,9
2020-11-14,Orange,059,3164182,69256,64340,2074,66414,1517
2020-11-14,Placer,061,380077,5827,5215,71,5286,63
2020-11-14,Plumas,063,18699,158,128,0,128,0
2020-11-14,Riverside,065,2383286,79291,74910,1059,75969,1373
2020-11-14,Sacramento,067,1510023,32241,30298,68,30366,532
2020-11-14,San Benito,069,59416,1655,1573,2,1575,15
2020-11-14,San Bernardino,071,2135413,79987,72868,823,73691,1184
2020-11-14,San Diego,073,3302833,69653,63715,2273,65988,926
2020-11-14,San Francisco,075,870044,14158,13661,74,13735,153
2020-11-14,San Joaquin,077,732212,24462,23516,367,23883,511
2020-11-14,San Luis Obispo,079,281455,5627,5073,75,5148,34
2020-11-14,San Mateo,081,765935,13067,12293,12,12305,169
2020-11-14,Santa Barbara,083,443738,10824,10482,158,10640,135
2020-11-14,Santa Clara,085,1922200,30687,27962,59,28021,416
2020-11-14,Santa Cruz,087,273765,3796,3402,38,3440,25
2020-11-14,Shasta,089,179085,4154,3195,92,3287,37
2020-11-14,Sierra,091,2930,15,11,0,11,0
2020-11-14,Siskiyou,093,43540,397,292,24,316,0
2020-11-14,Solano,095,438530,9189,8655,44,8699,84
2020-11-14,Sonoma,097,501317,11298,10769,38,10807,154
2020-11-14,Stanislaus,099,539301,19863,19068,1076,20144,424
2020-11-14,Sutter,101,95872,2557,2182,8,2190,12
2020-11-14,Tehama,103,63373,1370,1206,5,1211,7
2020-11-14,Trinity,105,12862,186,67,19,86,0
2020-11-14,Tulare,107,460477,19836,18853,838,19691,305
2020-11-14,Tuolumne,109,53932,733,448,8,456,7
2020-11-14,Ventura,111,848112,17644,16297,494,16791,172
2020-11-14,Yolo,113,214977,4069,3765,10,3775,65
2020-11-14,Yuba,115,75493,1606,1453,5,1458,10
2020-11-13,Alameda,001,1643700,26981,25515,255,25770,434
2020-11-13,Alpine,003,1148,35,12,0,12,0
2020-11-13,Amador,005,37829,431,397,0,397,16
2020-11-13,Butte,007,227075,3657,3402,138,3540,58
2020-11-13,Calaveras,009,45235,393,378,0,378,21
2020-11-13,Colusa,011,21464,625,598,1,599,6
2020-11-13,Contra Costa,013,1133247,21904,20799,114,20913,256
2020-11-13,Del Norte,015,27424,247,208,0,208,2
2020-11-13,El Dorado,017,186661,1910,1611,24,1635,4
2020-11-13,Fresno,019,978130,37719,33693,868,34561,470
2020-11-13,Glenn,021,27897,825,755,17,772,3
2020-11-13,Humboldt,023,135768,724,638,1,639,9
2020-11-13,Imperial,025,180216,14562,13790,28,13818,341
2020-11-13,Inyo,027,18085,271,262,5,267,15
2020-11-13,Kern,029,883053,37232,35431,733,36164,453
2020-11-13,Kings,031,150075,9904,9428,94,9522,85
2020-11-13,Lake,033,64148,839,770,0,770,17
2020-11-13,Lassen,035,31185,1229,832,3,835,0
2020-11-13,Los Angeles,037,10098052,345600,329364,4029,333393,7248
2020-11-13,Madera,039,155013,5664,5340,84,5424,54
2020-11-13,Marin,041,260295,7486,7307,23,7330,133
2020-11-13,Mariposa,043,17540,94,86,0,86,2
2020-11-13,Mendocino,045,87422,1275,1173,5,1178,22
2020-11-13,Merced,047,269075,10646,10185,76,10261,159
2020-11-13,Modoc,049,8938,83,63,14,77,0
2020-11-13,Mono,051,14174,476,448,8,456,2
2020-11-13,Monterey,053,433212,13424,12681,155,12836,104
2020-11-13,Napa,055,140530,2702,2440,14,2454,17
2020-11-13,Nevada,057,99092,964,798,24,822,9
2020-11-13,Orange,059,3164182,68657,63804,2054,65858,1514
2020-11-13,Placer,061,380077,5722,5122,65,5187,63
2020-11-13,Plumas,063,18699,152,125,0,125,0
2020-11-13,Riverside,065,2383286,78553,74138,1030,75168,1372
2020-11-13,Sacramento,067,1510023,31922,29787,64,29851,524
2020-11-13,San Benito,069,59416,1643,1553,1,1554,15
2020-11-13,San Bernardino,071,2135413,78938,71895,802,72697,1184
2020-11-13,San Diego,073,3302833,68806,62978,2235,65213,921
2020-11-13,San Francisco,075,870044,14064,13516,72,13588,146
2020-11-13,San Joaquin,077,732212,24367,23314,361,23675,510
2020-11-13,San Luis Obispo,079,281455,5560,4960,72,5032,34
2020-11-13,San Mateo,081,765935,12974,12182,12,12194,169
2020-11-13,Santa Barbara,083,443738,10772,10405,156,10561,134
2020-11-13,Santa Clara,085,1922200,30359,27609,57,27666,415
2020-11-13,Santa Cruz,087,273765,3722,3343,38,3381,25
2020-11-13,Shasta,089,179085,4070,2983,88,3071,37
2020-11-13,Sierra,091,2930,15,11,0,11,0
2020-11-13,Siskiyou,093,43540,392,280,23,303,0
2020-11-13,Solano,095,438530,9099,8525,44,8569,84
2020-11-13,Sonoma,097,501317,11237,10685,36,10721,151
2020-11-13,Stanislaus,099,539301,19737,18936,1049,19985,422
2020-11-13,Sutter,101,95872,2511,2121,7,2128,12
2020-11-13,Tehama,103,63373,1343,1167,5,1172,7
2020-11-13,Trinity,105,12862,184,64,19,83,0
2020-11-13,Tulare,107,460477,19712,18714,798,19512,305
2020-11-13,Tuolumne,109,53932,700,427,8,435,7
2020-11-13,Ventura,111,848112,17498,16172,480,16652,171
2020-11-13,Yolo,113,214977,4018,3716,10,3726,65
2020-11-13,Yuba,115,75493,1579,1435,5,1440,10
2020-11-12,Alameda,001,1643700,26714,25345,255,25600,432
2020-11-12,Alpine,003,1148,34,12,0,12,0
2020-11-12,Amador,005,37829,430,392,0,392,16
2020-11-12,Butte,007,227075,3608,3347,135,3482,58
2020-11-12,Calaveras,009,45235,388,373,0,373,21
2020-11-12,Colusa,011,21464,620,591,1,592,6
2020-11-12,Contra Costa,013,1133247,21695,20619,113,20732,255
2020-11-12,Del Norte,015,27424,239,203,0,203,2
2020-11-12,El Dorado,017,186661,1864,1573,20,1593,4
2020-11-12,Fresno,019,978130,37370,33459,827,34286,468
2020-11-12,Glenn,021,27897,806,727,17,744,3
2020-11-12,Humboldt,023,135768,711,625,1,626,9
2020-11-12,Imperial,025,180216,14397,13619,28,13647,341
2020-11-12,Inyo,027,18085,270,255,5,260,15
2020-11-12,Kern,029,883053,36968,35207,719,35926,451
2020-11-12,Kings,031,150075,9837,9335,93,9428,85
2020-11-12,Lake,033,64148,830,764,0,764,17
2020-11-12,Lassen,035,31185,1160,832,2,834,0
2020-11-12,Los Angeles,037,10098052,341856,327001,3931,330932,7223
2020-11-12,Madera,039,155013,5629,5273,80,5353,54
2020-11-12,Marin,041,260295,7457,7268,23,7291,133
2020-11-12,Mariposa,043,17540,92,84,0,84,2
2020-11-12,Mendocino,045,87422,1256,1142,5,1147,22
2020-11-12,Merced,047,269075,10532,10107,73,10180,158
2020-11-12,Modoc,049,8938,83,63,14,77,0
2020-11-12,Mono,051,14174,475,442,8,450,2
2020-11-12,Monterey,053,433212,13303,12489,141,12630,100
2020-11-12,Napa,055,140530,2640,2398,14,2412,16
2020-11-12,Nevada,057,99092,942,780,23,803,9
2020-11-12,Orange,059,3164182,67912,63232,2035,65267,1514
2020-11-12,Placer,061,380077,5613,5044,56,5100,62
2020-11-12,Plumas,063,18699,148,121,0,121,0
2020-11-12,Riverside,065,2383286,77622,73381,987,74368,1362
2020-11-12,Sacramento,067,1510023,31431,29459,56,29515,520
2020-11-12,San Benito,069,59416,1623,1525,1,1526,15
2020-11-12,San Bernardino,071,2135413,77572,70758,763,71521,1183
2020-11-12,San Diego,073,3302833,67826,62336,2184,64520,918
2020-11-12,San Francisco,075,870044,13965,13289,71,13360,146
2020-11-12,San Joaquin,077,732212,24173,23002,340,23342,509
2020-11-12,San Luis Obispo,079,281455,5496,4898,71,4969,33
2020-11-12,San Mateo,081,765935,12849,12086,11,12097,169
2020-11-12,Santa Barbara,083,443738,10710,10325,151,10476,134
2020-11-12,Santa Clara,085,1922200,29982,27261,56,27317,414
2020-11-12,Santa Cruz,087,273765,3639,3317,36,3353,25
2020-11-12,Shasta,089,179085,3933,2825,77,2902,37
2020-11-12,Sierra,091,2930,15,11,0,11,0
2020-11-12,Siskiyou,093,43540,375,275,19,294,0
2020-11-12,Solano,095,438530,8999,8417,43,8460,85
2020-11-12,Sonoma,097,501317,11135,10602,35,10637,151
2020-11-12,Stanislaus,099,539301,19567,18787,1020,19807,422
2020-11-12,Sutter,101,95872,2428,2075,6,2081,12
2020-11-12,Tehama,103,63373,1315,1117,5,1122,7
2020-11-12,Trinity,105,12862,176,62,18,80,0
2020-11-12,Tulare,107,460477,19599,18545,760,19305,305
2020-11-12,Tuolumne,109,53932,661,353,8,361,7
2020-11-12,Ventura,111,848112,17248,16013,474,16487,158
2020-11-12,Yolo,113,214977,3975,3646,10,3656,63
2020-11-12,Yuba,115,75493,1544,1410,5,1415,10
2020-11-11,Alameda,001,1643700,26470,25140,253,25393,429
2020-11-11,Alpine,003,1148,29,12,0,12,0
2020-11-11,Amador,005,37829,423,389,0,389,16
2020-11-11,Butte,007,227075,3582,3348,122,3470,58
2020-11-11,Calaveras,009,45235,378,373,0,373,21
2020-11-11,Colusa,011,21464,614,591,1,592,6
2020-11-11,Contra Costa,013,1133247,21478,20452,111,20563,255
2020-11-11,Del Norte,015,27424,231,203,0,203,2
2020-11-11,El Dorado,017,186661,1818,1564,19,1583,4
2020-11-11,Fresno,019,978130,37052,33287,792,34079,468
2020-11-11,Glenn,021,27897,790,722,16,738,3
2020-11-11,Humboldt,023,135768,697,623,1,624,9
2020-11-11,Imperial,025,180216,14227,13623,26,13649,340
2020-11-11,Inyo,027,18085,268,255,5,260,15
2020-11-11,Kern,029,883053,36693,35014,702,35716,449
2020-11-11,Kings,031,150075,9731,9263,90,9353,85
2020-11-11,Lake,033,64148,819,763,0,763,17
2020-11-11,Lassen,035,31185,1135,831,2,833,0
2020-11-11,Los Angeles,037,10098052,338487,324567,3848,328415,7220
2020-11-11,Madera,039,155013,5595,5248,79,5327,54
2020-11-11,Marin,041,260295,7435,7268,23,7291,133
2020-11-11,Mariposa,043,17540,92,84,0,84,2
2020-11-11,Mendocino,045,87422,1244,1142,5,1147,22
2020-11-11,Merced,047,269075,10461,10074,71,10145,157
2020-11-11,Modoc,049,8938,79,62,13,75,0
2020-11-11,Mono,051,14174,473,443,8,451,2
2020-11-11,Monterey,053,433212,13160,12417,137,12554,100
2020-11-11,Napa,055,140530,2591,2365,12,2377,15
2020-11-11,Nevada,057,99092,900,741,23,764,9
2020-11-11,Orange,059,3164182,67273,62929,2011,64940,1506
2020-11-11,Placer,061,380077,5529,4981,48,5029,60
2020-11-11,Plumas,063,18699,146,111,0,111,0
2020-11-11,Riverside,065,2383286,76720,72953,941,73894,1361
2020-11-11,Sacramento,067,1510023,30974,28968,54,29022,520
2020-11-11,San Benito,069,59416,1609,1512,1,1513,15
2020-11-11,San Bernardino,071,2135413,76286,70374,737,71111,1182
2020-11-11,San Diego,073,3302833,66891,61746,2123,63869,918
2020-11-11,San Francisco,075,870044,13858,13287,70,13357,146
2020-11-11,San Joaquin,077,732212,24013,23001,335,23336,509
2020-11-11,San Luis Obispo,079,281455,5421,4832,68,4900,33
2020-11-11,San Mateo,081,765935,12735,12008,11,12019,169
2020-11-11,Santa Barbara,083,443738,10644,10278,151,10429,134
2020-11-11,Santa Clara,085,1922200,29631,27075,55,27130,413
2020-11-11,Santa Cruz,087,273765,3571,3247,36,3283,25
2020-11-11,Shasta,089,179085,3810,2766,67,2833,36
2020-11-11,Sierra,091,2930,13,11,0,11,0
2020-11-11,Siskiyou,093,43540,344,261,16,277,0
2020-11-11,Solano,095,438530,8880,8353,41,8394,85
2020-11-11,Sonoma,097,501317,11061,10498,35,10533,150
2020-11-11,Stanislaus,099,539301,19430,18671,990,19661,422
2020-11-11,Sutter,101,95872,2380,2049,5,2054,12
2020-11-11,Tehama,103,63373,1271,1105,4,1109,7
2020-11-11,Trinity,105,12862,165,62,18,80,0
2020-11-11,Tulare,107,460477,19469,18500,730,19230,305
2020-11-11,Tuolumne,109,53932,606,354,7,361,7
2020-11-11,Ventura,111,848112,17033,15801,461,16262,158
2020-11-11,Yolo,113,214977,3924,3606,10,3616,63
2020-11-11,Yuba,115,75493,1529,1400,5,1405,10
2020-11-10,Alameda,001,1643700,26240,25008,250,25258,424
2020-11-10,Alpine,003,1148,29,9,0,9,0
2020-11-10,Amador,005,37829,417,384,0,384,16
2020-11-10,Butte,007,227075,3546,3327,118,3445,58
2020-11-10,Calaveras,009,45235,374,367,0,367,21
2020-11-10,Colusa,011,21464,606,590,1,591,6
2020-11-10,Contra Costa,013,1133247,21272,20326,109,20435,255
2020-11-10,Del Norte,015,27424,225,196,0,196,2
2020-11-10,El Dorado,017,186661,1758,1551,19,1570,4
2020-11-10,Fresno,019,978130,36781,33024,756,33780,465
2020-11-10,Glenn,021,27897,782,719,12,731,3
2020-11-10,Humboldt,023,135768,680,610,1,611,9
2020-11-10,Imperial,025,180216,14097,13570,26,13596,338
2020-11-10,Inyo,027,18085,267,252,5,257,14
2020-11-10,Kern,029,883053,36417,34858,683,35541,448
2020-11-10,Kings,031,150075,9684,9236,83,9319,85
2020-11-10,Lake,033,64148,809,762,0,762,16
2020-11-10,Lassen,035,31185,1120,830,2,832,0
2020-11-10,Los Angeles,037,10098052,335236,322569,3734,326303,7205
2020-11-10,Madera,039,155013,5553,5229,73,5302,54
2020-11-10,Marin,041,260295,7416,7259,23,7282,133
2020-11-10,Mariposa,043,17540,90,84,0,84,2
2020-11-10,Mendocino,045,87422,1236,1137,5,1142,22
2020-11-10,Merced,047,269075,10399,9992,65,10057,157
2020-11-10,Modoc,049,8938,77,61,13,74,0
2020-11-10,Mono,051,14174,471,443,8,451,2
2020-11-10,Monterey,053,433212,13025,12335,129,12464,100
2020-11-10,Napa,055,140530,2553,2341,10,2351,15
2020-11-10,Nevada,057,99092,884,734,23,757,9
2020-11-10,Orange,059,3164182,66719,62597,2001,64598,1504
2020-11-10,Placer,061,380077,5449,4902,47,4949,60
2020-11-10,Plumas,063,18699,142,108,0,108,0
2020-11-10,Riverside,065,2383286,76078,72316,916,73232,1359
2020-11-10,Sacramento,067,1510023,30568,28677,51,28728,519
2020-11-10,San Benito,069,59416,1594,1508,1,1509,15
2020-11-10,San Bernardino,071,2135413,75117,69666,704,70370,1182
2020-11-10,San Diego,073,3302833,66000,61085,2086,63171,915
2020-11-10,San Francisco,075,870044,13742,13210,70,13280,146
2020-11-10,San Joaquin,077,732212,23848,22865,328,23193,508
2020-11-10,San Luis Obispo,079,281455,5358,4780,65,4845,33
2020-11-10,San Mateo,081,765935,12635,11939,11,11950,169
2020-11-10,Santa Barbara,083,443738,10577,10252,147,10399,134
2020-11-10,Santa Clara,085,1922200,29283,26917,54,26971,409
2020-11-10,Santa Cruz,087,273765,3509,3221,36,3257,25
2020-11-10,Shasta,089,179085,3667,2686,59,2745,36
2020-11-10,Sierra,091,2930,12,10,0,10,0
2020-11-10,Siskiyou,093,43540,327,263,15,278,0
2020-11-10,Solano,095,438530,8783,8299,41,8340,85
2020-11-10,Sonoma,097,501317,10974,10414,35,10449,150
2020-11-10,Stanislaus,099,539301,19297,18592,966,19558,420
2020-11-10,Sutter,101,95872,2285,2035,4,2039,12
2020-11-10,Tehama,103,63373,1246,1099,3,1102,7
2020-11-10,Trinity,105,12862,156,62,16,78,0
2020-11-10,Tulare,107,460477,19354,18430,706,19136,305
2020-11-10,Tuolumne,109,53932,557,353,7,360,7
2020-11-10,Ventura,111,848112,16850,15625,459,16084,158
2020-11-10,Yolo,113,214977,3863,3573,10,3583,63
2020-11-10,Yuba,115,75493,1506,1392,5,1397,10
2020-11-09,Alameda,001,1643700,25994,24899,246,25145,424
2020-11-09,Alpine,003,1148,27,6,0,6,0
2020-11-09,Amador,005,37829,408,380,0,380,16
2020-11-09,Butte,007,227075,3501,3301,109,3410,57
2020-11-09,Calaveras,009,45235,370,360,0,360,21
2020-11-09,Colusa,011,21464,600,583,1,584,6
2020-11-09,Contra Costa,013,1133247,21098,20193,107,20300,255
2020-11-09,Del Norte,015,27424,219,195,0,195,2
2020-11-09,El Dorado,017,186661,1717,1515,19,1534,4
2020-11-09,Fresno,019,978130,36470,32755,716,33471,465
2020-11-09,Glenn,021,27897,776,714,9,723,3
2020-11-09,Humboldt,023,135768,667,607,1,608,9
2020-11-09,Imperial,025,180216,13978,13508,25,13533,338
2020-11-09,Inyo,027,18085,267,252,5,257,14
2020-11-09,Kern,029,883053,36187,34764,647,35411,448
2020-11-09,Kings,031,150075,9614,9141,81,9222,84
2020-11-09,Lake,033,64148,800,755,0,755,16
2020-11-09,Lassen,035,31185,1024,799,2,801,0
2020-11-09,Los Angeles,037,10098052,332137,320370,3659,324029,7180
2020-11-09,Madera,039,155013,5507,5209,70,5279,54
2020-11-09,Marin,041,260295,7390,7237,22,7259,131
2020-11-09,Mariposa,043,17540,90,84,0,84,2
2020-11-09,Mendocino,045,87422,1224,1132,5,1137,22
2020-11-09,Merced,047,269075,10296,9922,62,9984,157
2020-11-09,Modoc,049,8938,73,54,12,66,0
2020-11-09,Mono,051,14174,468,352,8,360,2
2020-11-09,Monterey,053,433212,12878,12148,121,12269,98
2020-11-09,Napa,055,140530,2510,2309,10,2319,15
2020-11-09,Nevada,057,99092,847,729,22,751,9
2020-11-09,Orange,059,3164182,66077,62335,1988,64323,1501
2020-11-09,Placer,061,380077,5364,4843,36,4879,60
2020-11-09,Plumas,063,18699,135,102,0,102,0
2020-11-09,Riverside,065,2383286,75296,72059,882,72941,1346
2020-11-09,Sacramento,067,1510023,30096,28200,50,28250,516
2020-11-09,San Benito,069,59416,1585,1506,1,1507,15
2020-11-09,San Bernardino,071,2135413,74063,69015,661,69676,1182
2020-11-09,San Diego,073,3302833,65145,60572,2046,62618,908
2020-11-09,San Francisco,075,870044,13622,12984,67,13051,146
2020-11-09,San Joaquin,077,732212,23683,22512,323,22835,505
2020-11-09,San Luis Obispo,079,281455,5271,4746,63,4809,32
2020-11-09,San Mateo,081,765935,12528,11857,11,11868,169
2020-11-09,Santa Barbara,083,443738,10520,10214,142,10356,134
2020-11-09,Santa Clara,085,1922200,28887,26693,54,26747,409
2020-11-09,Santa Cruz,087,273765,3451,3194,36,3230,25
2020-11-09,Shasta,089,179085,3513,2581,50,2631,36
2020-11-09,Sierra,091,2930,10,10,0,10,0
2020-11-09,Siskiyou,093,43540,316,257,13,270,0
2020-11-09,Solano,095,438530,8670,8254,40,8294,85
2020-11-09,Sonoma,097,501317,10866,10310,35,10345,150
2020-11-09,Stanislaus,099,539301,19148,18482,951,19433,418
2020-11-09,Sutter,101,95872,2218,2010,3,2013,12
2020-11-09,Tehama,103,63373,1209,1071,2,1073,7
2020-11-09,Trinity,105,12862,149,46,16,62,0
2020-11-09,Tulare,107,460477,19232,18272,675,18947,304
2020-11-09,Tuolumne,109,53932,503,346,6,352,7
2020-11-09,Ventura,111,848112,16648,15568,456,16024,156
2020-11-09,Yolo,113,214977,3802,3522,10,3532,62
2020-11-09,Yuba,115,75493,1473,1380,5,1385,10
2020-11-08,Alameda,001,1643700,25764,24731,246,24977,424
2020-11-08,Alpine,003,1148,24,6,0,6,0
2020-11-08,Amador,005,37829,401,376,0,376,16
2020-11-08,Butte,007,227075,3463,3285,101,3386,57
2020-11-08,Calaveras,009,45235,368,360,0,360,21
2020-11-08,Colusa,011,21464,597,583,1,584,6
2020-11-08,Contra Costa,013,1133247,20927,20031,105,20136,254
2020-11-08,Del Norte,015,27424,212,195,0,195,2
2020-11-08,El Dorado,017,186661,1680,1502,19,1521,4
2020-11-08,Fresno,019,978130,36133,32619,678,33297,465
2020-11-08,Glenn,021,27897,770,707,8,715,3
2020-11-08,Humboldt,023,135768,651,605,1,606,9
2020-11-08,Imperial,025,180216,13862,13428,25,13453,338
2020-11-08,Inyo,027,18085,264,252,5,257,14
2020-11-08,Kern,029,883053,35968,34644,629,35273,448
2020-11-08,Kings,031,150075,9481,9026,78,9104,84
2020-11-08,Lake,033,64148,792,754,0,754,16
2020-11-08,Lassen,035,31185,876,799,2,801,0
2020-11-08,Los Angeles,037,10098052,329009,318960,3594,322554,7176
2020-11-08,Madera,039,155013,5437,5196,67,5263,54
2020-11-08,Marin,041,260295,7370,7227,22,7249,131
2020-11-08,Mariposa,043,17540,90,83,0,83,2
2020-11-08,Mendocino,045,87422,1215,1129,5,1134,22
2020-11-08,Merced,047,269075,10221,9885,60,9945,157
2020-11-08,Modoc,049,8938,69,54,12,66,0
2020-11-08,Mono,051,14174,462,352,8,360,2
2020-11-08,Monterey,053,433212,12733,12122,111,12233,98
2020-11-08,Napa,055,140530,2471,2274,10,2284,15
2020-11-08,Nevada,057,99092,831,715,22,737,9
2020-11-08,Orange,059,3164182,65489,62034,1974,64008,1501
2020-11-08,Placer,061,380077,5261,4800,31,4831,60
2020-11-08,Plumas,063,18699,130,102,0,102,0
2020-11-08,Riverside,065,2383286,74641,71442,841,72283,1345
2020-11-08,Sacramento,067,1510023,29537,28059,47,28106,515
2020-11-08,San Benito,069,59416,1570,1496,1,1497,15
2020-11-08,San Bernardino,071,2135413,72811,68412,622,69034,1182
2020-11-08,San Diego,073,3302833,64300,60199,2002,62201,908
2020-11-08,San Francisco,075,870044,13492,12985,63,13048,146
2020-11-08,San Joaquin,077,732212,23489,22514,319,22833,505
2020-11-08,San Luis Obispo,079,281455,5205,4698,58,4756,32
2020-11-08,San Mateo,081,765935,12410,11783,11,11794,169
2020-11-08,Santa Barbara,083,443738,10450,10180,140,10320,134
2020-11-08,Santa Clara,085,1922200,28513,26442,53,26495,410
2020-11-08,Santa Cruz,087,273765,3394,3134,36,3170,25
2020-11-08,Shasta,089,179085,3377,2582,44,2626,36
2020-11-08,Sierra,091,2930,10,7,0,7,0
2020-11-08,Siskiyou,093,43540,304,246,12,258,0
2020-11-08,Solano,095,438530,8549,8132,39,8171,85
2020-11-08,Sonoma,097,501317,10759,10229,35,10264,149
2020-11-08,Stanislaus,099,539301,18974,18413,930,19343,418
2020-11-08,Sutter,101,95872,2160,1980,3,1983,12
2020-11-08,Tehama,103,63373,1183,1054,2,1056,7
2020-11-08,Trinity,105,12862,146,46,15,61,0
2020-11-08,Tulare,107,460477,19090,18272,646,18918,304
2020-11-08,Tuolumne,109,53932,477,341,6,347,7
2020-11-08,Ventura,111,848112,16453,15504,448,15952,156
2020-11-08,Yolo,113,214977,3740,3492,10,3502,61
2020-11-08,Yuba,115,75493,1452,1369,5,1374,10
2020-11-07,Alameda,001,1643700,25654,24578,244,24822,424
2020-11-07,Alpine,003,1148,24,6,0,6,0
2020-11-07,Amador,005,37829,398,375,0,375,16
2020-11-07,Butte,007,227075,3450,3277,96,3373,57
2020-11-07,Calaveras,009,45235,366,360,0,360,21
2020-11-07,Colusa,011,21464,597,583,1,584,6
2020-11-07,Contra Costa,013,1133247,20826,19943,104,20047,254
2020-11-07,Del Norte,015,27424,207,194,0,194,2
2020-11-07,El Dorado,017,186661,1655,1495,18,1513,4
2020-11-07,Fresno,019,978130,35978,32497,655,33152,465
2020-11-07,Glenn,021,27897,762,707,8,715,3
2020-11-07,Humboldt,023,135768,640,590,1,591,9
2020-11-07,Imperial,025,180216,13804,13388,24,13412,338
2020-11-07,Inyo,027,18085,262,252,5,257,14
2020-11-07,Kern,029,883053,35812,34513,619,35132,448
2020-11-07,Kings,031,150075,9448,9005,72,9077,84
2020-11-07,Lake,033,64148,788,751,0,751,16
2020-11-07,Lassen,035,31185,860,799,2,801,0
2020-11-07,Los Angeles,037,10098052,327496,316756,3527,320283,7174
2020-11-07,Madera,039,155013,5414,5177,65,5242,54
2020-11-07,Marin,041,260295,7359,7215,22,7237,131
2020-11-07,Mariposa,043,17540,90,81,0,81,2
2020-11-07,Mendocino,045,87422,1204,1118,5,1123,22
2020-11-07,Merced,047,269075,10189,9855,56,9911,157
2020-11-07,Modoc,049,8938,69,51,12,63,0
2020-11-07,Mono,051,14174,459,352,8,360,2
2020-11-07,Monterey,053,433212,12663,12030,107,12137,98
2020-11-07,Napa,055,140530,2441,2260,9,2269,15
2020-11-07,Nevada,057,99092,814,710,22,732,9
2020-11-07,Orange,059,3164182,65201,62038,1968,64006,1505
2020-11-07,Placer,061,380077,5198,4745,31,4776,60
2020-11-07,Plumas,063,18699,127,94,0,94,0
2020-11-07,Riverside,065,2383286,74246,71153,814,71967,1345
2020-11-07,Sacramento,067,1510023,29287,27773,47,27820,515
2020-11-07,San Benito,069,59416,1558,1489,1,1490,15
2020-11-07,San Bernardino,071,2135413,72295,67935,611,68546,1182
2020-11-07,San Diego,073,3302833,63788,59682,1970,61652,909
2020-11-07,San Francisco,075,870044,13431,12980,62,13042,146
2020-11-07,San Joaquin,077,732212,23381,22517,313,22830,505
2020-11-07,San Luis Obispo,079,281455,5156,4668,55,4723,32
2020-11-07,San Mateo,081,765935,12347,11711,11,11722,169
2020-11-07,Santa Barbara,083,443738,10408,10157,138,10295,134
2020-11-07,Santa Clara,085,1922200,28309,26244,52,26296,410
2020-11-07,Santa Cruz,087,273765,3356,3130,36,3166,25
2020-11-07,Shasta,089,179085,3310,2547,42,2589,36
2020-11-07,Sierra,091,2930,10,7,0,7,0
2020-11-07,Siskiyou,093,43540,300,241,12,253,0
2020-11-07,Solano,095,438530,8497,8066,39,8105,85
2020-11-07,Sonoma,097,501317,10713,10200,35,10235,149
2020-11-07,Stanislaus,099,539301,18863,18386,914,19300,418
2020-11-07,Sutter,101,95872,2120,1973,3,1976,12
2020-11-07,Tehama,103,63373,1158,1043,2,1045,7
2020-11-07,Trinity,105,12862,146,42,14,56,0
2020-11-07,Tulare,107,460477,19034,18229,628,18857,304
2020-11-07,Tuolumne,109,53932,465,327,6,333,7
2020-11-07,Ventura,111,848112,16393,15364,443,15807,156
2020-11-07,Yolo,113,214977,3709,3486,10,3496,61
2020-11-07,Yuba,115,75493,1437,1349,5,1354,10
2020-11-06,Alameda,001,1643700,25522,24389,242,24631,420
2020-11-06,Alpine,003,1148,24,6,0,6,0
2020-11-06,Amador,005,37829,396,369,0,369,16
2020-11-06,Butte,007,227075,3425,3254,88,3342,57
2020-11-06,Calaveras,009,45235,365,359,0,359,21
2020-11-06,Colusa,011,21464,595,580,1,581,6
2020-11-06,Contra Costa,013,1133247,20679,19744,104,19848,252
2020-11-06,Del Norte,015,27424,204,194,0,194,2
2020-11-06,El Dorado,017,186661,1629,1475,18,1493,4
2020-11-06,Fresno,019,978130,35790,32278,639,32917,460
2020-11-06,Glenn,021,27897,756,707,7,714,3
2020-11-06,Humboldt,023,135768,637,587,1,588,9
2020-11-06,Imperial,025,180216,13750,13230,24,13254,338
2020-11-06,Inyo,027,18085,260,246,5,251,14
2020-11-06,Kern,029,883053,35648,34360,602,34962,443
2020-11-06,Kings,031,150075,9424,8883,70,8953,83
2020-11-06,Lake,033,64148,787,741,0,741,16
2020-11-06,Lassen,035,31185,852,794,2,796,0
2020-11-06,Los Angeles,037,10098052,325526,314356,3475,317831,7160
2020-11-06,Madera,039,155013,5398,5136,64,5200,54
2020-11-06,Marin,041,260295,7338,7184,22,7206,131
2020-11-06,Mariposa,043,17540,89,79,0,79,2
2020-11-06,Mendocino,045,87422,1199,1113,5,1118,22
2020-11-06,Merced,047,269075,10149,9778,53,9831,157
2020-11-06,Modoc,049,8938,69,48,12,60,0
2020-11-06,Mono,051,14174,453,308,8,316,1
2020-11-06,Monterey,053,433212,12546,11914,106,12020,96
2020-11-06,Napa,055,140530,2416,2189,9,2198,15
2020-11-06,Nevada,057,99092,801,692,21,713,9
2020-11-06,Orange,059,3164182,64898,61049,1958,63007,1494
2020-11-06,Placer,061,380077,5125,4680,31,4711,60
2020-11-06,Plumas,063,18699,122,90,0,90,0
2020-11-06,Riverside,065,2383286,73796,70409,773,71182,1341
2020-11-06,Sacramento,067,1510023,28996,27489,45,27534,514
2020-11-06,San Benito,069,59416,1549,1479,1,1480,15
2020-11-06,San Bernardino,071,2135413,71698,66740,591,67331,1179
2020-11-06,San Diego,073,3302833,63264,59143,1938,61081,907
2020-11-06,San Francisco,075,870044,13361,12825,61,12886,146
2020-11-06,San Joaquin,077,732212,23296,22424,303,22727,502
2020-11-06,San Luis Obispo,079,281455,5091,4531,49,4580,32
2020-11-06,San Mateo,081,765935,12272,11587,11,11598,168
2020-11-06,Santa Barbara,083,443738,10372,10118,134,10252,133
2020-11-06,Santa Clara,085,1922200,28067,25831,52,25883,402
2020-11-06,Santa Cruz,087,273765,3318,3063,36,3099,25
2020-11-06,Shasta,089,179085,3237,2475,41,2516,35
2020-11-06,Sierra,091,2930,9,7,0,7,0
2020-11-06,Siskiyou,093,43540,287,237,11,248,0
2020-11-06,Solano,095,438530,8431,7959,39,7998,85
2020-11-06,Sonoma,097,501317,10663,10142,35,10177,149
2020-11-06,Stanislaus,099,539301,18776,18250,906,19156,417
2020-11-06,Sutter,101,95872,2093,1937,2,1939,12
2020-11-06,Tehama,103,63373,1137,1024,2,1026,6
2020-11-06,Trinity,105,12862,143,41,14,55,0
2020-11-06,Tulare,107,460477,18970,18136,603,18739,300
2020-11-06,Tuolumne,109,53932,441,316,6,322,5
2020-11-06,Ventura,111,848112,16307,15222,440,15662,154
2020-11-06,Yolo,113,214977,3680,3420,10,3430,62
2020-11-06,Yuba,115,75493,1424,1335,5,1340,10
2020-11-05,Alameda,001,1643700,25346,24270,242,24512,420
2020-11-05,Alpine,003,1148,24,6,0,6,0
2020-11-05,Amador,005,37829,393,363,0,363,16
2020-11-05,Butte,007,227075,3402,3239,82,3321,57
2020-11-05,Calaveras,009,45235,357,333,0,333,19
2020-11-05,Colusa,011,21464,591,574,1,575,6
2020-11-05,Contra Costa,013,1133247,20496,19656,101,19757,252
2020-11-05,Del Norte,015,27424,202,192,0,192,2
2020-11-05,El Dorado,017,186661,1605,1466,18,1484,4
2020-11-05,Fresno,019,978130,35548,32056,615,32671,460
2020-11-05,Glenn,021,27897,736,702,7,709,3
2020-11-05,Humboldt,023,135768,627,581,1,582,9
2020-11-05,Imperial,025,180216,13658,13178,23,13201,337
2020-11-05,Inyo,027,18085,259,247,5,252,14
2020-11-05,Kern,029,883053,35447,34232,589,34821,443
2020-11-05,Kings,031,150075,9269,8846,67,8913,83
2020-11-05,Lake,033,64148,783,739,0,739,16
2020-11-05,Lassen,035,31185,821,782,2,784,0
2020-11-05,Los Angeles,037,10098052,323170,312381,3422,315803,7146
2020-11-05,Madera,039,155013,5360,5129,61,5190,54
2020-11-05,Marin,041,260295,7315,7171,22,7193,131
2020-11-05,Mariposa,043,17540,88,79,0,79,2
2020-11-05,Mendocino,045,87422,1187,1112,5,1117,22
2020-11-05,Merced,047,269075,10090,9753,48,9801,155
2020-11-05,Modoc,049,8938,68,47,11,58,0
2020-11-05,Mono,051,14174,451,307,8,315,1
2020-11-05,Monterey,053,433212,12436,11784,102,11886,96
2020-11-05,Napa,055,140530,2389,2158,9,2167,15
2020-11-05,Nevada,057,99092,779,687,20,707,9
2020-11-05,Orange,059,3164182,64451,60740,1948,62688,1484
2020-11-05,Placer,061,380077,5056,4627,26,4653,60
2020-11-05,Plumas,063,18699,114,90,0,90,0
2020-11-05,Riverside,065,2383286,73085,70094,717,70811,1338
2020-11-05,Sacramento,067,1510023,28616,27232,44,27276,512
2020-11-05,San Benito,069,59416,1534,1477,1,1478,15
2020-11-05,San Bernardino,071,2135413,70870,66407,579,66986,1174
2020-11-05,San Diego,073,3302833,62638,58659,1912,60571,904
2020-11-05,San Francisco,075,870044,13249,12726,60,12786,146
2020-11-05,San Joaquin,077,732212,23132,22318,299,22617,502
2020-11-05,San Luis Obispo,079,281455,5024,4459,47,4506,32
2020-11-05,San Mateo,081,765935,12178,11535,11,11546,168
2020-11-05,Santa Barbara,083,443738,10328,10080,131,10211,133
2020-11-05,Santa Clara,085,1922200,27802,25651,52,25703,402
2020-11-05,Santa Cruz,087,273765,3280,3023,36,3059,25
2020-11-05,Shasta,089,179085,3147,2401,40,2441,34
2020-11-05,Sierra,091,2930,9,6,0,6,0
2020-11-05,Siskiyou,093,43540,276,228,11,239,0
2020-11-05,Solano,095,438530,8348,7842,39,7881,85
2020-11-05,Sonoma,097,501317,10551,10064,34,10098,145
2020-11-05,Stanislaus,099,539301,18662,18194,893,19087,417
2020-11-05,Sutter,101,95872,2061,1925,2,1927,12
2020-11-05,Tehama,103,63373,1116,1015,2,1017,6
2020-11-05,Trinity,105,12862,127,41,14,55,0
2020-11-05,Tulare,107,460477,18881,18049,577,18626,301
2020-11-05,Tuolumne,109,53932,412,312,6,318,5
2020-11-05,Ventura,111,848112,16141,15113,429,15542,155
2020-11-05,Yolo,113,214977,3630,3391,10,3401,61
2020-11-05,Yuba,115,75493,1406,1322,5,1327,10
2020-11-04,Alameda,001,1643700,25170,24172,240,24412,418
2020-11-04,Alpine,003,1148,20,5,0,5,0
2020-11-04,Amador,005,37829,390,362,0,362,16
2020-11-04,Butte,007,227075,3377,3218,79,3297,57
2020-11-04,Calaveras,009,45235,354,290,0,290,19
2020-11-04,Colusa,011,21464,589,571,1,572,6
2020-11-04,Contra Costa,013,1133247,20331,19472,98,19570,251
2020-11-04,Del Norte,015,27424,198,188,0,188,2
2020-11-04,El Dorado,017,186661,1590,1448,15,1463,4
2020-11-04,Fresno,019,978130,35316,31952,587,32539,457
2020-11-04,Glenn,021,27897,732,701,6,707,3
2020-11-04,Humboldt,023,135768,618,571,1,572,9
2020-11-04,Imperial,025,180216,13560,13087,23,13110,335
2020-11-04,Inyo,027,18085,258,247,5,252,14
2020-11-04,Kern,029,883053,35292,34027,578,34605,439
2020-11-04,Kings,031,150075,9235,8817,65,8882,83
2020-11-04,Lake,033,64148,776,735,0,735,16
2020-11-04,Lassen,035,31185,816,781,2,783,0
2020-11-04,Los Angeles,037,10098052,320858,310456,3344,313800,7124
2020-11-04,Madera,039,155013,5340,5083,57,5140,54
2020-11-04,Marin,041,260295,7303,7157,22,7179,131
2020-11-04,Mariposa,043,17540,88,79,0,79,2
2020-11-04,Mendocino,045,87422,1169,1089,5,1094,22
2020-11-04,Merced,047,269075,10041,9717,46,9763,153
2020-11-04,Modoc,049,8938,59,47,11,58,0
2020-11-04,Mono,051,14174,448,237,7,244,1
2020-11-04,Monterey,053,433212,12232,11743,96,11839,96
2020-11-04,Napa,055,140530,2335,2133,9,2142,15
2020-11-04,Nevada,057,99092,760,675,20,695,9
2020-11-04,Orange,059,3164182,64016,60463,1927,62390,1483
2020-11-04,Placer,061,380077,4980,4526,23,4549,60
2020-11-04,Plumas,063,18699,112,88,0,88,0
2020-11-04,Riverside,065,2383286,72468,69562,658,70220,1335
2020-11-04,Sacramento,067,1510023,28266,27005,43,27048,510
2020-11-04,San Benito,069,59416,1519,1464,1,1465,15
2020-11-04,San Bernardino,071,2135413,70074,65891,556,66447,1169
2020-11-04,San Diego,073,3302833,61992,58126,1886,60012,904
2020-11-04,San Francisco,075,870044,13166,12649,57,12706,146
2020-11-04,San Joaquin,077,732212,22995,22197,286,22483,500
2020-11-04,San Luis Obispo,079,281455,4957,4389,45,4434,32
2020-11-04,San Mateo,081,765935,12084,11456,11,11467,168
2020-11-04,Santa Barbara,083,443738,10290,10026,130,10156,132
2020-11-04,Santa Clara,085,1922200,27541,25487,52,25539,393
2020-11-04,Santa Cruz,087,273765,3243,2997,36,3033,25
2020-11-04,Shasta,089,179085,3016,2321,35,2356,34
2020-11-04,Sierra,091,2930,9,6,0,6,0
2020-11-04,Siskiyou,093,43540,267,222,11,233,0
2020-11-04,Solano,095,438530,8249,7733,39,7772,85
2020-11-04,Sonoma,097,501317,10457,9965,34,9999,142
2020-11-04,Stanislaus,099,539301,18544,18114,878,18992,416
2020-11-04,Sutter,101,95872,2027,1916,2,1918,12
2020-11-04,Tehama,103,63373,1089,997,2,999,6
2020-11-04,Trinity,105,12862,123,37,14,51,0
2020-11-04,Tulare,107,460477,18771,17952,549,18501,298
2020-11-04,Tuolumne,109,53932,389,310,6,316,5
2020-11-04,Ventura,111,848112,16001,14936,426,15362,155
2020-11-04,Yolo,113,214977,3590,3361,10,3371,62
2020-11-04,Yuba,115,75493,1385,1312,5,1317,10
2020-11-03,Alameda,001,1643700,24986,24055,238,24293,418
2020-11-03,Alpine,003,1148,19,4,0,4,0
2020-11-03,Amador,005,37829,385,361,0,361,16
2020-11-03,Butte,007,227075,3354,3211,73,3284,57
2020-11-03,Calaveras,009,45235,350,287,0,287,19
2020-11-03,Colusa,011,21464,584,572,1,573,6
2020-11-03,Contra Costa,013,1133247,20176,19416,98,19514,250
2020-11-03,Del Norte,015,27424,197,187,0,187,2
2020-11-03,El Dorado,017,186661,1568,1445,14,1459,4
2020-11-03,Fresno,019,978130,35053,31856,564,32420,457
2020-11-03,Glenn,021,27897,726,698,6,704,3
2020-11-03,Humboldt,023,135768,612,570,1,571,8
2020-11-03,Imperial,025,180216,13470,13044,22,13066,335
2020-11-03,Inyo,027,18085,257,244,5,249,14
2020-11-03,Kern,029,883053,35101,33957,567,34524,439
2020-11-03,Kings,031,150075,9072,8783,60,8843,83
2020-11-03,Lake,033,64148,766,732,0,732,16
2020-11-03,Lassen,035,31185,807,782,2,784,0
2020-11-03,Los Angeles,037,10098052,318401,308812,3277,312089,7104
2020-11-03,Madera,039,155013,5304,5058,56,5114,54
2020-11-03,Marin,041,260295,7283,7147,21,7168,131
2020-11-03,Mariposa,043,17540,87,79,0,79,2
2020-11-03,Mendocino,045,87422,1154,1084,5,1089,22
2020-11-03,Merced,047,269075,9988,9713,45,9758,153
2020-11-03,Modoc,049,8938,57,47,9,56,0
2020-11-03,Mono,051,14174,444,210,7,217,1
2020-11-03,Monterey,053,433212,12163,11703,91,11794,94
2020-11-03,Napa,055,140530,2299,2130,9,2139,15
2020-11-03,Nevada,057,99092,740,670,19,689,9
2020-11-03,Orange,059,3164182,63586,60283,1915,62198,1477
2020-11-03,Placer,061,380077,4907,4514,23,4537,60
2020-11-03,Plumas,063,18699,109,86,0,86,0
2020-11-03,Riverside,065,2383286,71849,69300,633,69933,1325
2020-11-03,Sacramento,067,1510023,27885,26841,41,26882,510
2020-11-03,San Benito,069,59416,1509,1463,1,1464,15
2020-11-03,San Bernardino,071,2135413,69263,65320,549,65869,1159
2020-11-03,San Diego,073,3302833,61316,57722,1842,59564,901
2020-11-03,San Francisco,075,870044,13044,12585,57,12642,146
2020-11-03,San Joaquin,077,732212,22860,22109,280,22389,500
2020-11-03,San Luis Obispo,079,281455,4873,4371,43,4414,32
2020-11-03,San Mateo,081,765935,11989,11406,11,11417,162
2020-11-03,Santa Barbara,083,443738,10236,10008,126,10134,132
2020-11-03,Santa Clara,085,1922200,27267,25386,51,25437,393
2020-11-03,Santa Cruz,087,273765,3193,2980,35,3015,25
2020-11-03,Shasta,089,179085,2922,2288,28,2316,33
2020-11-03,Sierra,091,2930,7,6,0,6,0
2020-11-03,Siskiyou,093,43540,263,219,11,230,0
2020-11-03,Solano,095,438530,8165,7691,39,7730,85
2020-11-03,Sonoma,097,501317,10355,9906,34,9940,142
2020-11-03,Stanislaus,099,539301,18423,18080,867,18947,416
2020-11-03,Sutter,101,95872,1994,1914,2,1916,12
2020-11-03,Tehama,103,63373,1068,988,2,990,6
2020-11-03,Trinity,105,12862,116,36,13,49,0
2020-11-03,Tulare,107,460477,18665,17890,524,18414,297
2020-11-03,Tuolumne,109,53932,366,302,6,308,5
2020-11-03,Ventura,111,848112,15874,14816,419,15235,155
2020-11-03,Yolo,113,214977,3538,3343,10,3353,61
2020-11-03,Yuba,115,75493,1372,1295,5,1300,10
2020-11-02,Alameda,001,1643700,24790,23991,236,24227,419
2020-11-02,Alpine,003,1148,16,4,0,4,0
2020-11-02,Amador,005,37829,377,357,0,357,16
2020-11-02,Butte,007,227075,3334,3198,70,3268,57
2020-11-02,Calaveras,009,45235,350,282,0,282,18
2020-11-02,Colusa,011,21464,579,571,1,572,6
2020-11-02,Contra Costa,013,1133247,20019,19339,97,19436,250
2020-11-02,Del Norte,015,27424,194,175,0,175,2
2020-11-02,El Dorado,017,186661,1544,1405,14,1419,4
2020-11-02,Fresno,019,978130,34783,31738,547,32285,451
2020-11-02,Glenn,021,27897,720,692,5,697,3
2020-11-02,Humboldt,023,135768,603,569,1,570,8
2020-11-02,Imperial,025,180216,13390,13004,21,13025,334
2020-11-02,Inyo,027,18085,254,243,5,248,14
2020-11-02,Kern,029,883053,34943,33834,557,34391,437
2020-11-02,Kings,031,150075,9042,8654,57,8711,82
2020-11-02,Lake,033,64148,760,728,0,728,17
2020-11-02,Lassen,035,31185,799,782,2,784,0
2020-11-02,Los Angeles,037,10098052,316053,307620,3203,310823,7079
2020-11-02,Madera,039,155013,5273,5033,55,5088,54
2020-11-02,Marin,041,260295,7265,7132,20,7152,125
2020-11-02,Mariposa,043,17540,87,79,0,79,2
2020-11-02,Mendocino,045,87422,1140,1076,5,1081,21
2020-11-02,Merced,047,269075,9926,9664,39,9703,152
2020-11-02,Modoc,049,8938,54,45,5,50,0
2020-11-02,Mono,051,14174,442,211,7,218,1
2020-11-02,Monterey,053,433212,12056,11602,88,11690,93
2020-11-02,Napa,055,140530,2257,2081,9,2090,15
2020-11-02,Nevada,057,99092,724,656,19,675,9
2020-11-02,Orange,059,3164182,63180,59996,1900,61896,1474
2020-11-02,Placer,061,380077,4837,4461,21,4482,60
2020-11-02,Plumas,063,18699,101,86,0,86,0
2020-11-02,Riverside,065,2383286,71218,68833,592,69425,1321
2020-11-02,Sacramento,067,1510023,27543,26676,39,26715,508
2020-11-02,San Benito,069,59416,1497,1459,1,1460,15
2020-11-02,San Bernardino,071,2135413,68407,64629,538,65167,1157
2020-11-02,San Diego,073,3302833,60593,57429,1797,59226,891
2020-11-02,San Francisco,075,870044,12947,12436,56,12492,145
2020-11-02,San Joaquin,077,732212,22720,21919,272,22191,500
2020-11-02,San Luis Obispo,079,281455,4773,4303,40,4343,31
2020-11-02,San Mateo,081,765935,11880,11328,11,11339,161
2020-11-02,Santa Barbara,083,443738,10195,9985,121,10106,130
2020-11-02,Santa Clara,085,1922200,26980,25222,51,25273,387
2020-11-02,Santa Cruz,087,273765,3151,2943,35,2978,25
2020-11-02,Shasta,089,179085,2819,2174,24,2198,33
2020-11-02,Sierra,091,2930,7,6,0,6,0
2020-11-02,Siskiyou,093,43540,253,216,11,227,0
2020-11-02,Solano,095,438530,8047,7665,39,7704,84
2020-11-02,Sonoma,097,501317,10273,9796,33,9829,140
2020-11-02,Stanislaus,099,539301,18327,18005,858,18863,412
2020-11-02,Sutter,101,95872,1970,1895,2,1897,12
2020-11-02,Tehama,103,63373,1045,971,2,973,6
2020-11-02,Trinity,105,12862,110,30,13,43,0
2020-11-02,Tulare,107,460477,18571,17774,504,18278,299
2020-11-02,Tuolumne,109,53932,349,302,6,308,5
2020-11-02,Ventura,111,848112,15733,14767,405,15172,156
2020-11-02,Yolo,113,214977,3490,3318,10,3328,61
2020-11-02,Yuba,115,75493,1359,1280,5,1285,10
2020-11-01,Alameda,001,1643700,24627,23892,234,24126,419
2020-11-01,Alpine,003,1148,10,4,0,4,0
2020-11-01,Amador,005,37829,374,352,0,352,16
2020-11-01,Butte,007,227075,3311,3185,69,3254,57
2020-11-01,Calaveras,009,45235,349,282,0,282,18
2020-11-01,Colusa,011,21464,577,567,1,568,6
2020-11-01,Contra Costa,013,1133247,19846,19246,96,19342,250
2020-11-01,Del Norte,015,27424,190,175,0,175,2
2020-11-01,El Dorado,017,186661,1528,1394,14,1408,4
2020-11-01,Fresno,019,978130,34527,31613,527,32140,451
2020-11-01,Glenn,021,27897,711,688,3,691,3
2020-11-01,Humboldt,023,135768,595,568,1,569,8
2020-11-01,Imperial,025,180216,13299,12969,19,12988,334
2020-11-01,Inyo,027,18085,252,241,5,246,14
2020-11-01,Kern,029,883053,34762,33760,477,34237,437
2020-11-01,Kings,031,150075,9004,8641,56,8697,82
2020-11-01,Lake,033,64148,754,727,0,727,17
2020-11-01,Lassen,035,31185,799,782,2,784,0
2020-11-01,Los Angeles,037,10098052,313483,306217,3111,309328,7077
2020-11-01,Madera,039,155013,5226,5019,53,5072,54
2020-11-01,Marin,041,260295,7248,7124,20,7144,125
2020-11-01,Mariposa,043,17540,83,79,0,79,2
2020-11-01,Mendocino,045,87422,1126,1074,5,1079,21
2020-11-01,Merced,047,269075,9865,9626,39,9665,152
2020-11-01,Modoc,049,8938,53,45,5,50,0
2020-11-01,Mono,051,14174,413,211,6,217,1
2020-11-01,Monterey,053,433212,11949,11587,85,11672,93
2020-11-01,Napa,055,140530,2223,2067,9,2076,15
2020-11-01,Nevada,057,99092,708,646,18,664,9
2020-11-01,Orange,059,3164182,62778,59733,1874,61607,1475
2020-11-01,Placer,061,380077,4769,4422,20,4442,58
2020-11-01,Plumas,063,18699,96,86,0,86,0
2020-11-01,Riverside,065,2383286,70588,68493,557,69050,1319
2020-11-01,Sacramento,067,1510023,27221,26442,39,26481,508
2020-11-01,San Benito,069,59416,1482,1451,1,1452,15
2020-11-01,San Bernardino,071,2135413,67566,64339,517,64856,1157
2020-11-01,San Diego,073,3302833,59905,57122,1757,58879,891
2020-11-01,San Francisco,075,870044,12824,12436,51,12487,145
2020-11-01,San Joaquin,077,732212,22592,21919,266,22185,500
2020-11-01,San Luis Obispo,079,281455,4693,4303,39,4342,31
2020-11-01,San Mateo,081,765935,11799,11280,11,11291,160
2020-11-01,Santa Barbara,083,443738,10144,9969,105,10074,130
2020-11-01,Santa Clara,085,1922200,26697,25090,51,25141,386
2020-11-01,Santa Cruz,087,273765,3098,2921,35,2956,25
2020-11-01,Shasta,089,179085,2684,2172,23,2195,33
2020-11-01,Sierra,091,2930,7,6,0,6,0
2020-11-01,Siskiyou,093,43540,248,205,11,216,0
2020-11-01,Solano,095,438530,7957,7591,39,7630,84
2020-11-01,Sonoma,097,501317,10181,9688,33,9721,140
2020-11-01,Stanislaus,099,539301,18226,17961,839,18800,412
2020-11-01,Sutter,101,95872,1944,1888,1,1889,12
2020-11-01,Tehama,103,63373,1028,965,2,967,5
2020-11-01,Trinity,105,12862,108,30,12,42,0
2020-11-01,Tulare,107,460477,18459,17774,473,18247,299
2020-11-01,Tuolumne,109,53932,328,295,6,301,5
2020-11-01,Ventura,111,848112,15585,14686,377,15063,156
2020-11-01,Yolo,113,214977,3442,3303,10,3313,60
2020-11-01,Yuba,115,75493,1342,1273,5,1278,10
2020-10-31,Alameda,001,1643700,24511,23780,230,24010,416
2020-10-31,Alpine,003,1148,10,4,0,4,0
2020-10-31,Amador,005,37829,370,347,0,347,16
2020-10-31,Butte,007,227075,3298,3172,67,3239,57
2020-10-31,Calaveras,009,45235,349,280,0,280,18
2020-10-31,Colusa,011,21464,575,555,1,556,6
2020-10-31,Contra Costa,013,1133247,19741,19161,96,19257,249
2020-10-31,Del Norte,015,27424,189,175,0,175,2
2020-10-31,El Dorado,017,186661,1519,1390,14,1404,4
2020-10-31,Fresno,019,978130,34390,31558,524,32082,451
2020-10-31,Glenn,021,27897,709,678,3,681,3
2020-10-31,Humboldt,023,135768,592,561,1,562,8
2020-10-31,Imperial,025,180216,13257,12912,19,12931,334
2020-10-31,Inyo,027,18085,251,241,5,246,14
2020-10-31,Kern,029,883053,34659,33666,468,34134,437
2020-10-31,Kings,031,150075,8983,8612,55,8667,82
2020-10-31,Lake,033,64148,750,724,0,724,16
2020-10-31,Lassen,035,31185,794,782,2,784,0
2020-10-31,Los Angeles,037,10098052,312105,304704,3072,307776,7073
2020-10-31,Madera,039,155013,5207,5013,50,5063,54
2020-10-31,Marin,041,260295,7232,7112,20,7132,125
2020-10-31,Mariposa,043,17540,83,79,0,79,2
2020-10-31,Mendocino,045,87422,1118,1066,5,1071,21
2020-10-31,Merced,047,269075,9832,9597,38,9635,151
2020-10-31,Modoc,049,8938,52,34,4,38,0
2020-10-31,Mono,051,14174,264,194,5,199,1
2020-10-31,Monterey,053,433212,11881,11539,81,11620,93
2020-10-31,Napa,055,140530,2204,2040,9,2049,15
2020-10-31,Nevada,057,99092,690,644,18,662,9
2020-10-31,Orange,059,3164182,62519,59488,1856,61344,1473
2020-10-31,Placer,061,380077,4719,4374,19,4393,58
2020-10-31,Plumas,063,18699,95,85,0,85,0
2020-10-31,Riverside,065,2383286,70231,68178,534,68712,1319
2020-10-31,Sacramento,067,1510023,27022,26316,37,26353,507
2020-10-31,San Benito,069,59416,1475,1448,1,1449,15
2020-10-31,San Bernardino,071,2135413,67140,64016,507,64523,1157
2020-10-31,San Diego,073,3302833,59452,56769,1729,58498,891
2020-10-31,San Francisco,075,870044,12750,12438,50,12488,145
2020-10-31,San Joaquin,077,732212,22517,21918,257,22175,500
2020-10-31,San Luis Obispo,079,281455,4624,4285,36,4321,31
2020-10-31,San Mateo,081,765935,11748,11253,11,11264,160
2020-10-31,Santa Barbara,083,443738,10115,9957,97,10054,130
2020-10-31,Santa Clara,085,1922200,26529,24957,51,25008,379
2020-10-31,Santa Cruz,087,273765,3063,2895,34,2929,25
2020-10-31,Shasta,089,179085,2630,2122,22,2144,33
2020-10-31,Sierra,091,2930,7,6,0,6,0
2020-10-31,Siskiyou,093,43540,246,200,11,211,0
2020-10-31,Solano,095,438530,7892,7545,39,7584,84
2020-10-31,Sonoma,097,501317,10128,9648,33,9681,140
2020-10-31,Stanislaus,099,539301,18163,17920,823,18743,412
2020-10-31,Sutter,101,95872,1935,1876,1,1877,12
2020-10-31,Tehama,103,63373,1018,953,2,955,5
2020-10-31,Trinity,105,12862,105,30,12,42,0
2020-10-31,Tulare,107,460477,18410,17758,466,18224,299
2020-10-31,Tuolumne,109,53932,321,290,6,296,5
2020-10-31,Ventura,111,848112,15501,14635,359,14994,155
2020-10-31,Yolo,113,214977,3407,3290,10,3300,60
2020-10-31,Yuba,115,75493,1326,1260,4,1264,10
2020-10-30,Alameda,001,1643700,24432,23676,228,23904,401
2020-10-30,Alpine,003,1148,10,4,0,4,0
2020-10-30,Amador,005,37829,370,344,0,344,16
2020-10-30,Butte,007,227075,3293,3160,67,3227,57
2020-10-30,Calaveras,009,45235,348,279,0,279,18
2020-10-30,Colusa,011,21464,573,554,1,555,6
2020-10-30,Contra Costa,013,1133247,19668,19074,96,19170,249
2020-10-30,Del Norte,015,27424,188,175,0,175,2
2020-10-30,El Dorado,017,186661,1506,1386,14,1400,4
2020-10-30,Fresno,019,978130,34268,31409,516,31925,446
2020-10-30,Glenn,021,27897,703,674,2,676,3
2020-10-30,Humboldt,023,135768,591,561,1,562,7
2020-10-30,Imperial,025,180216,13216,12853,19,12872,334
2020-10-30,Inyo,027,18085,250,241,5,246,14
2020-10-30,Kern,029,883053,34566,33583,467,34050,437
2020-10-30,Kings,031,150075,8973,8564,53,8617,82
2020-10-30,Lake,033,64148,750,720,0,720,16
2020-10-30,Lassen,035,31185,788,777,2,779,0
2020-10-30,Los Angeles,037,10098052,310669,303425,3037,306462,7060
2020-10-30,Madera,039,155013,5194,4991,48,5039,54
2020-10-30,Marin,041,260295,7212,7097,20,7117,125
2020-10-30,Mariposa,043,17540,83,78,0,78,2
2020-10-30,Mendocino,045,87422,1116,1062,5,1067,21
2020-10-30,Merced,047,269075,9800,9539,38,9577,150
2020-10-30,Modoc,049,8938,51,34,3,37,0
2020-10-30,Mono,051,14174,263,193,5,198,1
2020-10-30,Monterey,053,433212,11818,11491,76,11567,92
2020-10-30,Napa,055,140530,2186,2028,9,2037,15
2020-10-30,Nevada,057,99092,684,634,18,652,9
2020-10-30,Orange,059,3164182,62278,59334,1844,61178,1469
2020-10-30,Placer,061,380077,4672,4335,19,4354,58
2020-10-30,Plumas,063,18699,92,80,0,80,0
2020-10-30,Riverside,065,2383286,69892,67752,514,68266,1317
2020-10-30,Sacramento,067,1510023,26874,26147,37,26184,505
2020-10-30,San Benito,069,59416,1469,1440,1,1441,15
2020-10-30,San Bernardino,071,2135413,66724,63512,504,64016,1156
2020-10-30,San Diego,073,3302833,59047,56387,1707,58094,888
2020-10-30,San Francisco,075,870044,12695,12384,50,12434,145
2020-10-30,San Joaquin,077,732212,22450,21849,251,22100,500
2020-10-30,San Luis Obispo,079,281455,4582,4256,36,4292,31
2020-10-30,San Mateo,081,765935,11689,11207,11,11218,159
2020-10-30,Santa Barbara,083,443738,10092,9937,97,10034,128
2020-10-30,Santa Clara,085,1922200,26381,24811,51,24862,378
2020-10-30,Santa Cruz,087,273765,3045,2874,34,2908,25
2020-10-30,Shasta,089,179085,2586,2048,21,2069,32
2020-10-30,Sierra,091,2930,7,6,0,6,0
2020-10-30,Siskiyou,093,43540,246,192,11,203,0
2020-10-30,Solano,095,438530,7831,7497,39,7536,84
2020-10-30,Sonoma,097,501317,10053,9602,33,9635,140
2020-10-30,Stanislaus,099,539301,18115,17861,808,18669,410
2020-10-30,Sutter,101,95872,1922,1860,1,1861,12
2020-10-30,Tehama,103,63373,1014,932,2,934,5
2020-10-30,Trinity,105,12862,105,29,12,41,0
2020-10-30,Tulare,107,460477,18365,17682,452,18134,299
2020-10-30,Tuolumne,109,53932,313,286,6,292,4
2020-10-30,Ventura,111,848112,15428,14578,348,14926,154
2020-10-30,Yolo,113,214977,3390,3263,10,3273,60
2020-10-30,Yuba,115,75493,1318,1256,4,1260,10
2020-10-29,Alameda,001,1643700,24269,23530,227,23757,401
2020-10-29,Alpine,003,1148,7,4,0,4,0
2020-10-29,Amador,005,37829,366,338,0,338,16
2020-10-29,Butte,007,227075,3275,3143,65,3208,57
2020-10-29,Calaveras,009,45235,346,278,0,278,13
2020-10-29,Colusa,011,21464,569,552,1,553,6
2020-10-29,Contra Costa,013,1133247,19570,18933,95,19028,249
2020-10-29,Del Norte,015,27424,186,174,0,174,2
2020-10-29,El Dorado,017,186661,1484,1370,14,1384,4
2020-10-29,Fresno,019,978130,34110,31321,509,31830,445
2020-10-29,Glenn,021,27897,701,673,2,675,3
2020-10-29,Humboldt,023,135768,586,559,1,560,7
2020-10-29,Imperial,025,180216,13173,12769,19,12788,334
2020-10-29,Inyo,027,18085,248,238,5,243,14
2020-10-29,Kern,029,883053,34465,33460,463,33923,437
2020-10-29,Kings,031,150075,8819,8502,52,8554,82
2020-10-29,Lake,033,64148,747,702,0,702,16
2020-10-29,Lassen,035,31185,787,772,2,774,0
2020-10-29,Los Angeles,037,10098052,309041,302246,2991,305237,7046
2020-10-29,Madera,039,155013,5163,4970,46,5016,53
2020-10-29,Marin,041,260295,7198,7083,20,7103,125
2020-10-29,Mariposa,043,17540,81,78,0,78,2
2020-10-29,Mendocino,045,87422,1110,1058,5,1063,21
2020-10-29,Merced,047,269075,9748,9496,38,9534,150
2020-10-29,Modoc,049,8938,49,31,3,34,0
2020-10-29,Mono,051,14174,256,176,5,181,1
2020-10-29,Monterey,053,433212,11737,11425,74,11499,92
2020-10-29,Napa,055,140530,2162,2009,9,2018,15
2020-10-29,Nevada,057,99092,677,632,18,650,9
2020-10-29,Orange,059,3164182,62010,59046,1824,60870,1464
2020-10-29,Placer,061,380077,4627,4270,18,4288,58
2020-10-29,Plumas,063,18699,90,69,0,69,0
2020-10-29,Riverside,065,2383286,69516,67268,484,67752,1304
2020-10-29,Sacramento,067,1510023,26661,25978,36,26014,507
2020-10-29,San Benito,069,59416,1464,1431,1,1432,15
2020-10-29,San Bernardino,071,2135413,66156,62968,494,63462,1150
2020-10-29,San Diego,073,3302833,58581,55916,1678,57594,885
2020-10-29,San Francisco,075,870044,12617,12312,50,12362,145
2020-10-29,San Joaquin,077,732212,22366,21736,239,21975,498
2020-10-29,San Luis Obispo,079,281455,4551,4223,35,4258,31
2020-10-29,San Mateo,081,765935,11644,11145,11,11156,157
2020-10-29,Santa Barbara,083,443738,10059,9902,95,9997,128
2020-10-29,Santa Clara,085,1922200,26230,24614,51,24665,377
2020-10-29,Santa Cruz,087,273765,3020,2850,34,2884,24
2020-10-29,Shasta,089,179085,2523,2008,21,2029,32
2020-10-29,Sierra,091,2930,6,6,0,6,0
2020-10-29,Siskiyou,093,43540,230,185,11,196,0
2020-10-29,Solano,095,438530,7769,7453,39,7492,78
2020-10-29,Sonoma,097,501317,9988,9533,33,9566,140
2020-10-29,Stanislaus,099,539301,18062,17790,787,18577,410
2020-10-29,Sutter,101,95872,1915,1852,1,1853,12
2020-10-29,Tehama,103,63373,996,925,2,927,5
2020-10-29,Trinity,105,12862,100,28,11,39,0
2020-10-29,Tulare,107,460477,18287,17627,434,18061,299
2020-10-29,Tuolumne,109,53932,308,279,6,285,4
2020-10-29,Ventura,111,848112,15337,14486,344,14830,154
2020-10-29,Yolo,113,214977,3361,3246,10,3256,60
2020-10-29,Yuba,115,75493,1307,1248,4,1252,10
2020-10-28,Alameda,001,1643700,24169,23468,226,23694,400
2020-10-28,Alpine,003,1148,6,4,0,4,0
2020-10-28,Amador,005,37829,363,337,0,337,16
2020-10-28,Butte,007,227075,3259,3134,62,3196,56
2020-10-28,Calaveras,009,45235,345,278,0,278,13
2020-10-28,Colusa,011,21464,566,551,1,552,6
2020-10-28,Contra Costa,013,1133247,19483,18828,94,18922,246
2020-10-28,Del Norte,015,27424,183,173,0,173,2
2020-10-28,El Dorado,017,186661,1472,1363,14,1377,4
2020-10-28,Fresno,019,978130,33990,31195,503,31698,444
2020-10-28,Glenn,021,27897,697,673,2,675,3
2020-10-28,Humboldt,023,135768,582,559,1,560,7
2020-10-28,Imperial,025,180216,13123,12730,19,12749,333
2020-10-28,Inyo,027,18085,248,238,5,243,14
2020-10-28,Kern,029,883053,34363,33424,445,33869,436
2020-10-28,Kings,031,150075,8797,8486,52,8538,82
2020-10-28,Lake,033,64148,744,700,0,700,15
2020-10-28,Lassen,035,31185,783,771,2,773,0
2020-10-28,Los Angeles,037,10098052,307586,300726,2949,303675,7031
2020-10-28,Madera,039,155013,5146,4954,45,4999,53
2020-10-28,Marin,041,260295,7187,7079,20,7099,126
2020-10-28,Mariposa,043,17540,81,78,0,78,2
2020-10-28,Mendocino,045,87422,1109,1037,5,1042,20
2020-10-28,Merced,047,269075,9722,9480,37,9517,150
2020-10-28,Modoc,049,8938,48,31,2,33,0
2020-10-28,Mono,051,14174,238,176,5,181,1
2020-10-28,Monterey,053,433212,11679,11330,72,11402,89
2020-10-28,Napa,055,140530,2136,1998,8,2006,15
2020-10-28,Nevada,057,99092,669,629,18,647,9
2020-10-28,Orange,059,3164182,61746,58801,1808,60609,1459
2020-10-28,Placer,061,380077,4571,4236,18,4254,57
2020-10-28,Plumas,063,18699,89,67,0,67,0
2020-10-28,Riverside,065,2383286,69119,67003,460,67463,1302
2020-10-28,Sacramento,067,1510023,26464,25838,35,25873,506
2020-10-28,San Benito,069,59416,1456,1429,1,1430,15
2020-10-28,San Bernardino,071,2135413,65697,62778,485,63263,1154
2020-10-28,San Diego,073,3302833,58198,55556,1649,57205,881
2020-10-28,San Francisco,075,870044,12559,12261,49,12310,145
2020-10-28,San Joaquin,077,732212,22282,21707,228,21935,498
2020-10-28,San Luis Obispo,079,281455,4507,4197,32,4229,31
2020-10-28,San Mateo,081,765935,11577,11101,11,11112,157
2020-10-28,Santa Barbara,083,443738,10036,9872,93,9965,127
2020-10-28,Santa Clara,085,1922200,26086,24503,51,24554,375
2020-10-28,Santa Cruz,087,273765,2989,2836,34,2870,24
2020-10-28,Shasta,089,179085,2443,1996,20,2016,31
2020-10-28,Sierra,091,2930,6,6,0,6,0
2020-10-28,Siskiyou,093,43540,227,182,10,192,0
2020-10-28,Solano,095,438530,7710,7362,39,7401,77
2020-10-28,Sonoma,097,501317,9898,9457,28,9485,140
2020-10-28,Stanislaus,099,539301,17997,17765,778,18543,409
2020-10-28,Sutter,101,95872,1906,1840,1,1841,12
2020-10-28,Tehama,103,63373,985,921,2,923,5
2020-10-28,Trinity,105,12862,93,28,10,38,0
2020-10-28,Tulare,107,460477,18230,17569,419,17988,297
2020-10-28,Tuolumne,109,53932,304,277,6,283,4
2020-10-28,Ventura,111,848112,15264,14409,335,14744,153
2020-10-28,Yolo,113,214977,3336,3230,10,3240,60
2020-10-28,Yuba,115,75493,1295,1245,4,1249,10
2020-10-27,Alameda,001,1643700,24054,23365,224,23589,400
2020-10-27,Alpine,003,1148,6,3,0,3,0
2020-10-27,Amador,005,37829,360,335,0,335,16
2020-10-27,Butte,007,227075,3243,3107,59,3166,56
2020-10-27,Calaveras,009,45235,343,277,0,277,13
2020-10-27,Colusa,011,21464,561,549,1,550,6
2020-10-27,Contra Costa,013,1133247,19377,18766,94,18860,246
2020-10-27,Del Norte,015,27424,180,173,0,173,2
2020-10-27,El Dorado,017,186661,1459,1351,14,1365,4
2020-10-27,Fresno,019,978130,33871,31096,498,31594,442
2020-10-27,Glenn,021,27897,695,667,1,668,3
2020-10-27,Humboldt,023,135768,579,559,1,560,7
2020-10-27,Imperial,025,180216,13074,12680,19,12699,333
2020-10-27,Inyo,027,18085,248,231,5,236,14
2020-10-27,Kern,029,883053,34246,33328,441,33769,436
2020-10-27,Kings,031,150075,8766,8411,52,8463,83
2020-10-27,Lake,033,64148,741,700,0,700,15
2020-10-27,Lassen,035,31185,781,764,2,766,0
2020-10-27,Los Angeles,037,10098052,306198,299438,2920,302358,7008
2020-10-27,Madera,039,155013,5116,4942,44,4986,53
2020-10-27,Marin,041,260295,7171,7070,20,7090,126
2020-10-27,Mariposa,043,17540,80,78,0,78,2
2020-10-27,Mendocino,045,87422,1103,1033,4,1037,20
2020-10-27,Merced,047,269075,9681,9449,37,9486,150
2020-10-27,Modoc,049,8938,46,31,2,33,0
2020-10-27,Mono,051,14174,224,169,5,174,1
2020-10-27,Monterey,053,433212,11623,11261,70,11331,88
2020-10-27,Napa,055,140530,2120,1979,8,1987,15
2020-10-27,Nevada,057,99092,663,622,18,640,8
2020-10-27,Orange,059,3164182,61476,58550,1792,60342,1448
2020-10-27,Placer,061,380077,4522,4197,16,4213,57
2020-10-27,Plumas,063,18699,86,63,0,63,0
2020-10-27,Riverside,065,2383286,68766,66699,415,67114,1299
2020-10-27,Sacramento,067,1510023,26277,25701,34,25735,501
2020-10-27,San Benito,069,59416,1451,1428,1,1429,15
2020-10-27,San Bernardino,071,2135413,65235,62357,472,62829,1154
2020-10-27,San Diego,073,3302833,57725,55226,1626,56852,877
2020-10-27,San Francisco,075,870044,12484,12218,48,12266,140
2020-10-27,San Joaquin,077,732212,22191,21637,219,21856,496
2020-10-27,San Luis Obispo,079,281455,4480,4148,28,4176,31
2020-10-27,San Mateo,081,765935,11530,11074,11,11085,156
2020-10-27,Santa Barbara,083,443738,10006,9874,92,9966,125
2020-10-27,Santa Clara,085,1922200,25944,24368,51,24419,367
2020-10-27,Santa Cruz,087,273765,2959,2815,33,2848,24
2020-10-27,Shasta,089,179085,2357,1962,20,1982,29
2020-10-27,Sierra,091,2930,6,6,0,6,0
2020-10-27,Siskiyou,093,43540,218,181,10,191,0
2020-10-27,Solano,095,438530,7641,7298,39,7337,77
2020-10-27,Sonoma,097,501317,9831,9389,28,9417,140
2020-10-27,Stanislaus,099,539301,17929,17720,771,18491,408
2020-10-27,Sutter,101,95872,1893,1832,1,1833,12
2020-10-27,Tehama,103,63373,971,913,2,915,5
2020-10-27,Trinity,105,12862,90,28,10,38,0
2020-10-27,Tulare,107,460477,18167,17520,396,17916,296
2020-10-27,Tuolumne,109,53932,300,275,6,281,4
2020-10-27,Ventura,111,848112,15181,14347,328,14675,153
2020-10-27,Yolo,113,214977,3323,3216,10,3226,58
2020-10-27,Yuba,115,75493,1282,1235,4,1239,10
2020-10-26,Alameda,001,1643700,23941,23284,223,23507,398
2020-10-26,Alpine,003,1148,4,3,0,3,0
2020-10-26,Amador,005,37829,356,331,0,331,16
2020-10-26,Butte,007,227075,3232,3095,57,3152,56
2020-10-26,Calaveras,009,45235,340,274,0,274,13
2020-10-26,Colusa,011,21464,559,548,1,549,6
2020-10-26,Contra Costa,013,1133247,19281,18718,93,18811,245
2020-10-26,Del Norte,015,27424,180,171,0,171,2
2020-10-26,El Dorado,017,186661,1445,1336,14,1350,4
2020-10-26,Fresno,019,978130,33758,30969,491,31460,441
2020-10-26,Glenn,021,27897,688,660,1,661,3
2020-10-26,Humboldt,023,135768,571,554,1,555,7
2020-10-26,Imperial,025,180216,13020,12654,16,12670,333
2020-10-26,Inyo,027,18085,248,226,5,231,14
2020-10-26,Kern,029,883053,34162,33233,436,33669,432
2020-10-26,Kings,031,150075,8745,8264,50,8314,82
2020-10-26,Lake,033,64148,739,697,0,697,15
2020-10-26,Lassen,035,31185,778,764,2,766,0
2020-10-26,Los Angeles,037,10098052,304771,297961,2879,300840,6979
2020-10-26,Madera,039,155013,5095,4922,43,4965,53
2020-10-26,Marin,041,260295,7165,7064,19,7083,104
2020-10-26,Mariposa,043,17540,80,77,0,77,2
2020-10-26,Mendocino,045,87422,1095,1026,4,1030,20
2020-10-26,Merced,047,269075,9634,9375,36,9411,150
2020-10-26,Modoc,049,8938,44,28,0,28,0
2020-10-26,Mono,051,14174,218,167,5,172,1
2020-10-26,Monterey,053,433212,11572,11207,66,11273,87
2020-10-26,Napa,055,140530,2088,1966,8,1974,14
2020-10-26,Nevada,057,99092,656,618,18,636,8
2020-10-26,Orange,059,3164182,61272,58377,1774,60151,1442
2020-10-26,Placer,061,380077,4480,4161,15,4176,57
2020-10-26,Plumas,063,18699,84,63,0,63,0
2020-10-26,Riverside,065,2383286,68315,66475,389,66864,1294
2020-10-26,Sacramento,067,1510023,26097,25555,32,25587,496
2020-10-26,San Benito,069,59416,1443,1424,1,1425,15
2020-10-26,San Bernardino,071,2135413,64764,61871,469,62340,1153
2020-10-26,San Diego,073,3302833,57332,54957,1588,56545,870
2020-10-26,San Francisco,075,870044,12424,12072,48,12120,138
2020-10-26,San Joaquin,077,732212,22108,21459,213,21672,495
2020-10-26,San Luis Obispo,079,281455,4454,4133,28,4161,31
2020-10-26,San Mateo,081,765935,11486,11037,11,11048,156
2020-10-26,Santa Barbara,083,443738,9983,9827,92,9919,122
2020-10-26,Santa Clara,085,1922200,25754,24258,50,24308,365
2020-10-26,Santa Cruz,087,273765,2933,2808,33,2841,24
2020-10-26,Shasta,089,179085,2303,1889,20,1909,29
2020-10-26,Sierra,091,2930,6,6,0,6,0
2020-10-26,Siskiyou,093,43540,210,179,10,189,0
2020-10-26,Solano,095,438530,7561,7271,39,7310,62
2020-10-26,Sonoma,097,501317,9754,9315,28,9343,140
2020-10-26,Stanislaus,099,539301,17879,17666,761,18427,400
2020-10-26,Sutter,101,95872,1885,1817,1,1818,12
2020-10-26,Tehama,103,63373,951,892,2,894,5
2020-10-26,Trinity,105,12862,89,26,10,36,0
2020-10-26,Tulare,107,460477,18090,17432,373,17805,296
2020-10-26,Tuolumne,109,53932,291,271,6,277,4
2020-10-26,Ventura,111,848112,15112,14330,325,14655,154
2020-10-26,Yolo,113,214977,3304,3206,10,3216,58
2020-10-26,Yuba,115,75493,1266,1226,4,1230,10
2020-10-25,Alameda,001,1643700,23834,23192,223,23415,398
2020-10-25,Alpine,003,1148,3,3,0,3,0
2020-10-25,Amador,005,37829,345,330,0,330,16
2020-10-25,Butte,007,227075,3212,3087,57,3144,56
2020-10-25,Calaveras,009,45235,339,274,0,274,13
2020-10-25,Colusa,011,21464,555,548,1,549,6
2020-10-25,Contra Costa,013,1133247,19178,18640,93,18733,245
2020-10-25,Del Norte,015,27424,176,171,0,171,2
2020-10-25,El Dorado,017,186661,1430,1328,14,1342,4
2020-10-25,Fresno,019,978130,33624,30858,478,31336,441
2020-10-25,Glenn,021,27897,685,652,1,653,3
2020-10-25,Humboldt,023,135768,568,554,1,555,7
2020-10-25,Imperial,025,180216,12971,12572,16,12588,333
2020-10-25,Inyo,027,18085,245,226,5,231,14
2020-10-25,Kern,029,883053,34055,33185,432,33617,432
2020-10-25,Kings,031,150075,8712,8246,48,8294,82
2020-10-25,Lake,033,64148,722,695,0,695,15
2020-10-25,Lassen,035,31185,776,764,2,766,0
2020-10-25,Los Angeles,037,10098052,303207,297110,2843,299953,6973
2020-10-25,Madera,039,155013,5065,4909,38,4947,53
2020-10-25,Marin,041,260295,7155,7052,19,7071,102
2020-10-25,Mariposa,043,17540,80,77,0,77,2
2020-10-25,Mendocino,045,87422,1088,1024,4,1028,20
2020-10-25,Merced,047,269075,9569,9352,34,9386,150
2020-10-25,Modoc,049,8938,39,28,0,28,0
2020-10-25,Mono,051,14174,210,167,5,172,1
2020-10-25,Monterey,053,433212,11489,11182,61,11243,87
2020-10-25,Napa,055,140530,2058,1962,8,1970,14
2020-10-25,Nevada,057,99092,648,616,18,634,8
2020-10-25,Orange,059,3164182,60983,58185,1765,59950,1443
2020-10-25,Placer,061,380077,4428,4140,15,4155,57
2020-10-25,Plumas,063,18699,84,63,0,63,0
2020-10-25,Riverside,065,2383286,67865,66192,373,66565,1289
2020-10-25,Sacramento,067,1510023,25882,25445,30,25475,496
2020-10-25,San Benito,069,59416,1436,1423,1,1424,15
2020-10-25,San Bernardino,071,2135413,64224,61551,457,62008,1153
2020-10-25,San Diego,073,3302833,56869,54599,1556,56155,870
2020-10-25,San Francisco,075,870044,12351,12072,48,12120,137
2020-10-25,San Joaquin,077,732212,22000,21459,204,21663,495
2020-10-25,San Luis Obispo,079,281455,4412,4126,26,4152,31
2020-10-25,San Mateo,081,765935,11441,10987,11,10998,156
2020-10-25,Santa Barbara,083,443738,9964,9814,92,9906,122
2020-10-25,Santa Clara,085,1922200,25566,24087,50,24137,365
2020-10-25,Santa Cruz,087,273765,2906,2789,33,2822,24
2020-10-25,Shasta,089,179085,2239,1889,20,1909,29
2020-10-25,Sierra,091,2930,6,6,0,6,0
2020-10-25,Siskiyou,093,43540,207,176,10,186,0
2020-10-25,Solano,095,438530,7483,7197,39,7236,60
2020-10-25,Sonoma,097,501317,9661,9235,27,9262,140
2020-10-25,Stanislaus,099,539301,17822,17641,752,18393,400
2020-10-25,Sutter,101,95872,1867,1811,1,1812,12
2020-10-25,Tehama,103,63373,934,880,2,882,5
2020-10-25,Trinity,105,12862,85,26,10,36,0
2020-10-25,Tulare,107,460477,18016,17431,363,17794,296
2020-10-25,Tuolumne,109,53932,286,271,6,277,4
2020-10-25,Ventura,111,848112,15019,14300,319,14619,154
2020-10-25,Yolo,113,214977,3283,3190,10,3200,58
2020-10-25,Yuba,115,75493,1258,1219,4,1223,10
2020-10-24,Alameda,001,1643700,23763,23099,220,23319,398
2020-10-24,Alpine,003,1148,3,3,0,3,0
2020-10-24,Amador,005,37829,344,328,0,328,16
2020-10-24,Butte,007,227075,3203,3078,57,3135,56
2020-10-24,Calaveras,009,45235,337,274,0,274,13
2020-10-24,Colusa,011,21464,550,548,1,549,6
2020-10-24,Contra Costa,013,1133247,19112,18567,93,18660,244
2020-10-24,Del Norte,015,27424,175,171,0,171,2
2020-10-24,El Dorado,017,186661,1414,1317,14,1331,4
2020-10-24,Fresno,019,978130,33563,30752,473,31225,441
2020-10-24,Glenn,021,27897,682,650,1,651,3
2020-10-24,Humboldt,023,135768,566,553,1,554,7
2020-10-24,Imperial,025,180216,12944,12469,16,12485,333
2020-10-24,Inyo,027,18085,245,226,5,231,14
2020-10-24,Kern,029,883053,33997,33105,427,33532,432
2020-10-24,Kings,031,150075,8702,8228,47,8275,82
2020-10-24,Lake,033,64148,717,696,0,696,15
2020-10-24,Lassen,035,31185,775,764,2,766,0
2020-10-24,Los Angeles,037,10098052,302389,296323,2821,299144,6969
2020-10-24,Madera,039,155013,5052,4898,37,4935,53
2020-10-24,Marin,041,260295,7146,7042,19,7061,102
2020-10-24,Mariposa,043,17540,80,77,0,77,2
2020-10-24,Mendocino,045,87422,1076,1022,4,1026,20
2020-10-24,Merced,047,269075,9545,9351,34,9385,150
2020-10-24,Modoc,049,8938,38,28,0,28,0
2020-10-24,Mono,051,14174,196,167,5,172,1
2020-10-24,Monterey,053,433212,11420,11153,60,11213,87
2020-10-24,Napa,055,140530,2041,1957,8,1965,14
2020-10-24,Nevada,057,99092,644,608,18,626,8
2020-10-24,Orange,059,3164182,60828,57928,1755,59683,1441
2020-10-24,Placer,061,380077,4397,4093,15,4108,57
2020-10-24,Plumas,063,18699,78,63,0,63,0
2020-10-24,Riverside,065,2383286,67657,65902,359,66261,1288
2020-10-24,Sacramento,067,1510023,25801,25372,30,25402,496
2020-10-24,San Benito,069,59416,1431,1417,1,1418,15
2020-10-24,San Bernardino,071,2135413,63985,61351,449,61800,1153
2020-10-24,San Diego,073,3302833,56592,54330,1543,55873,868
2020-10-24,San Francisco,075,870044,12292,12073,47,12120,137
2020-10-24,San Joaquin,077,732212,21947,21458,199,21657,495
2020-10-24,San Luis Obispo,079,281455,4389,4119,25,4144,31
2020-10-24,San Mateo,081,765935,11402,10942,11,10953,155
2020-10-24,Santa Barbara,083,443738,9947,9781,92,9873,122
2020-10-24,Santa Clara,085,1922200,25479,23978,50,24028,365
2020-10-24,Santa Cruz,087,273765,2887,2775,33,2808,24
2020-10-24,Shasta,089,179085,2194,1878,20,1898,29
2020-10-24,Sierra,091,2930,6,6,0,6,0
2020-10-24,Siskiyou,093,43540,206,174,10,184,0
2020-10-24,Solano,095,438530,7430,7189,39,7228,60
2020-10-24,Sonoma,097,501317,9627,9179,27,9206,140
2020-10-24,Stanislaus,099,539301,17779,17574,737,18311,400
2020-10-24,Sutter,101,95872,1858,1804,1,1805,12
2020-10-24,Tehama,103,63373,926,872,2,874,5
2020-10-24,Trinity,105,12862,85,25,10,35,0
2020-10-24,Tulare,107,460477,17993,17406,352,17758,295
2020-10-24,Tuolumne,109,53932,283,269,6,275,4
2020-10-24,Ventura,111,848112,14966,14240,318,14558,154
2020-10-24,Yolo,113,214977,3271,3164,10,3174,57
2020-10-24,Yuba,115,75493,1255,1210,4,1214,10
2020-10-23,Alameda,001,1643700,23690,23047,218,23265,393
2020-10-23,Alpine,003,1148,3,3,0,3,0
2020-10-23,Amador,005,37829,343,324,0,324,16
2020-10-23,Butte,007,227075,3194,3059,57,3116,55
2020-10-23,Calaveras,009,45235,336,273,0,273,13
2020-10-23,Colusa,011,21464,550,547,1,548,6
2020-10-23,Contra Costa,013,1133247,19042,18483,92,18575,244
2020-10-23,Del Norte,015,27424,175,171,0,171,2
2020-10-23,El Dorado,017,186661,1405,1310,14,1324,4
2020-10-23,Fresno,019,978130,33496,30590,470,31060,441
2020-10-23,Glenn,021,27897,679,644,1,645,3
2020-10-23,Humboldt,023,135768,564,553,1,554,7
2020-10-23,Imperial,025,180216,12913,12398,15,12413,333
2020-10-23,Inyo,027,18085,244,226,5,231,14
2020-10-23,Kern,029,883053,33929,33077,422,33499,431
2020-10-23,Kings,031,150075,8693,8218,47,8265,82
2020-10-23,Lake,033,64148,715,689,0,689,15
2020-10-23,Lassen,035,31185,774,764,2,766,0
2020-10-23,Los Angeles,037,10098052,301303,294287,2794,297081,6956
2020-10-23,Madera,039,155013,5047,4888,37,4925,53
2020-10-23,Marin,041,260295,7133,7029,19,7048,102
2020-10-23,Mariposa,043,17540,80,77,0,77,2
2020-10-23,Mendocino,045,87422,1073,1019,4,1023,20
2020-10-23,Merced,047,269075,9531,9327,34,9361,149
2020-10-23,Modoc,049,8938,38,28,0,28,0
2020-10-23,Mono,051,14174,194,159,5,164,1
2020-10-23,Monterey,053,433212,11373,11099,56,11155,86
2020-10-23,Napa,055,140530,2033,1942,8,1950,14
2020-10-23,Nevada,057,99092,641,604,18,622,8
2020-10-23,Orange,059,3164182,60658,57595,1740,59335,1430
2020-10-23,Placer,061,380077,4350,4073,15,4088,57
2020-10-23,Plumas,063,18699,75,63,0,63,0
2020-10-23,Riverside,065,2383286,67418,65512,351,65863,1279
2020-10-23,Sacramento,067,1510023,25696,25224,30,25254,496
2020-10-23,San Benito,069,59416,1429,1412,1,1413,15
2020-10-23,San Bernardino,071,2135413,63699,60854,435,61289,1150
2020-10-23,San Diego,073,3302833,56286,53944,1516,55460,867
2020-10-23,San Francisco,075,870044,12261,12015,47,12062,137
2020-10-23,San Joaquin,077,732212,21891,21361,193,21554,495
2020-10-23,San Luis Obispo,079,281455,4364,4102,25,4127,31
2020-10-23,San Mateo,081,765935,11353,10872,11,10883,155
2020-10-23,Santa Barbara,083,443738,9931,9751,92,9843,121
2020-10-23,Santa Clara,085,1922200,25377,23822,50,23872,364
2020-10-23,Santa Cruz,087,273765,2873,2757,33,2790,24
2020-10-23,Shasta,089,179085,2157,1846,19,1865,29
2020-10-23,Sierra,091,2930,6,6,0,6,0
2020-10-23,Siskiyou,093,43540,202,172,10,182,0
2020-10-23,Solano,095,438530,7399,7174,39,7213,59
2020-10-23,Sonoma,097,501317,9570,9112,27,9139,139
2020-10-23,Stanislaus,099,539301,17742,17496,730,18226,395
2020-10-23,Sutter,101,95872,1851,1797,1,1798,12
2020-10-23,Tehama,103,63373,917,862,2,864,5
2020-10-23,Trinity,105,12862,85,26,10,36,0
2020-10-23,Tulare,107,460477,17948,17334,341,17675,295
2020-10-23,Tuolumne,109,53932,280,254,6,260,4
2020-10-23,Ventura,111,848112,14937,14192,318,14510,155
2020-10-23,Yolo,113,214977,3259,3140,10,3150,57
2020-10-23,Yuba,115,75493,1251,1206,4,1210,10
2020-10-22,Alameda,001,1643700,23589,22915,218,23133,393
2020-10-22,Alpine,003,1148,3,3,0,3,0
2020-10-22,Amador,005,37829,339,317,0,317,16
2020-10-22,Butte,007,227075,3184,3046,55,3101,55
2020-10-22,Calaveras,009,45235,333,273,0,273,13
2020-10-22,Colusa,011,21464,550,547,1,548,6
2020-10-22,Contra Costa,013,1133247,18971,18393,92,18485,243
2020-10-22,Del Norte,015,27424,174,168,0,168,2
2020-10-22,El Dorado,017,186661,1395,1308,14,1322,4
2020-10-22,Fresno,019,978130,33385,30471,462,30933,438
2020-10-22,Glenn,021,27897,672,643,1,644,3
2020-10-22,Humboldt,023,135768,562,548,1,549,7
2020-10-22,Imperial,025,180216,12860,12311,15,12326,333
2020-10-22,Inyo,027,18085,241,220,5,225,14
2020-10-22,Kern,029,883053,33848,32991,419,33410,431
2020-10-22,Kings,031,150075,8442,8201,47,8248,82
2020-10-22,Lake,033,64148,711,678,0,678,15
2020-10-22,Lassen,035,31185,771,764,2,766,0
2020-10-22,Los Angeles,037,10098052,299924,291599,2739,294338,6935
2020-10-22,Madera,039,155013,5026,4847,37,4884,52
2020-10-22,Marin,041,260295,7126,7014,19,7033,102
2020-10-22,Mariposa,043,17540,80,77,0,77,2
2020-10-22,Mendocino,045,87422,1068,1016,4,1020,20
2020-10-22,Merced,047,269075,9503,9323,34,9357,149
2020-10-22,Modoc,049,8938,34,26,0,26,0
2020-10-22,Mono,051,14174,189,156,5,161,1
2020-10-22,Monterey,053,433212,11314,11059,53,11112,84
2020-10-22,Napa,055,140530,2018,1928,8,1936,14
2020-10-22,Nevada,057,99092,635,600,18,618,8
2020-10-22,Orange,059,3164182,60444,57418,1723,59141,1422
2020-10-22,Placer,061,380077,4301,4036,15,4051,57
2020-10-22,Plumas,063,18699,72,62,0,62,0
2020-10-22,Riverside,065,2383286,67083,65104,333,65437,1279
2020-10-22,Sacramento,067,1510023,25556,25054,30,25084,492
2020-10-22,San Benito,069,59416,1425,1403,1,1404,15
2020-10-22,San Bernardino,071,2135413,63297,60402,420,60822,1149
2020-10-22,San Diego,073,3302833,55899,53514,1497,55011,866
2020-10-22,San Francisco,075,870044,12203,11991,45,12036,137
2020-10-22,San Joaquin,077,732212,21818,21282,187,21469,495
2020-10-22,San Luis Obispo,079,281455,4348,4081,25,4106,31
2020-10-22,San Mateo,081,765935,11297,10796,11,10807,155
2020-10-22,Santa Barbara,083,443738,9898,9710,90,9800,120
2020-10-22,Santa Clara,085,1922200,25223,23621,50,23671,363
2020-10-22,Santa Cruz,087,273765,2855,2738,32,2770,24
2020-10-22,Shasta,089,179085,2111,1799,19,1818,29
2020-10-22,Sierra,091,2930,6,6,0,6,0
2020-10-22,Siskiyou,093,43540,201,169,10,179,0
2020-10-22,Solano,095,438530,7353,7116,39,7155,59
2020-10-22,Sonoma,097,501317,9504,9052,26,9078,139
2020-10-22,Stanislaus,099,539301,17689,17440,718,18158,395
2020-10-22,Sutter,101,95872,1837,1794,1,1795,12
2020-10-22,Tehama,103,63373,906,852,2,854,5
2020-10-22,Trinity,105,12862,84,26,10,36,0
2020-10-22,Tulare,107,460477,17882,17265,328,17593,293
2020-10-22,Tuolumne,109,53932,277,252,6,258,4
2020-10-22,Ventura,111,848112,14890,14124,316,14440,154
2020-10-22,Yolo,113,214977,3247,3116,10,3126,58
2020-10-22,Yuba,115,75493,1244,1199,3,1202,10
2020-10-21,Alameda,001,1643700,23501,22853,216,23069,392
2020-10-21,Alpine,003,1148,3,3,0,3,0
2020-10-21,Amador,005,37829,334,313,0,313,16
2020-10-21,Butte,007,227075,3172,3041,55,3096,55
2020-10-21,Calaveras,009,45235,332,272,0,272,13
2020-10-21,Colusa,011,21464,550,546,1,547,6
2020-10-21,Contra Costa,013,1133247,18897,18299,92,18391,243
2020-10-21,Del Norte,015,27424,174,169,0,169,2
2020-10-21,El Dorado,017,186661,1383,1305,13,1318,4
2020-10-21,Fresno,019,978130,33289,30328,457,30785,433
2020-10-21,Glenn,021,27897,667,640,1,641,3
2020-10-21,Humboldt,023,135768,561,548,1,549,7
2020-10-21,Imperial,025,180216,12803,12210,15,12225,331
2020-10-21,Inyo,027,18085,237,220,5,225,14
2020-10-21,Kern,029,883053,33773,32956,417,33373,430
2020-10-21,Kings,031,150075,8415,8186,47,8233,80
2020-10-21,Lake,033,64148,710,676,0,676,15
2020-10-21,Lassen,035,31185,770,764,2,766,0
2020-10-21,Los Angeles,037,10098052,298583,288096,2697,290793,6923
2020-10-21,Madera,039,155013,5001,4831,37,4868,52
2020-10-21,Marin,041,260295,7117,7002,19,7021,102
2020-10-21,Mariposa,043,17540,80,77,0,77,2
2020-10-21,Mendocino,045,87422,1066,1011,4,1015,21
2020-10-21,Merced,047,269075,9479,9319,32,9351,149
2020-10-21,Modoc,049,8938,33,26,0,26,0
2020-10-21,Mono,051,14174,187,156,5,161,1
2020-10-21,Monterey,053,433212,11276,11005,52,11057,83
2020-10-21,Napa,055,140530,2003,1918,8,1926,13
2020-10-21,Nevada,057,99092,629,597,18,615,8
2020-10-21,Orange,059,3164182,60232,57189,1714,58903,1409
2020-10-21,Placer,061,380077,4264,4007,15,4022,56
2020-10-21,Plumas,063,18699,69,58,0,58,0
2020-10-21,Riverside,065,2383286,66787,64778,309,65087,1278
2020-10-21,Sacramento,067,1510023,25362,24908,30,24938,490
2020-10-21,San Benito,069,59416,1424,1401,1,1402,14
2020-10-21,San Bernardino,071,2135413,62887,59948,413,60361,1141
2020-10-21,San Diego,073,3302833,55547,53279,1469,54748,863
2020-10-21,San Francisco,075,870044,12154,11976,44,12020,137
2020-10-21,San Joaquin,077,732212,21742,21201,181,21382,495
2020-10-21,San Luis Obispo,079,281455,4321,4055,23,4078,31
2020-10-21,San Mateo,081,765935,11248,10730,11,10741,155
2020-10-21,Santa Barbara,083,443738,9881,9681,89,9770,121
2020-10-21,Santa Clara,085,1922200,25096,23537,50,23587,361
2020-10-21,Santa Cruz,087,273765,2832,2729,32,2761,24
2020-10-21,Shasta,089,179085,2075,1777,19,1796,27
2020-10-21,Sierra,091,2930,6,6,0,6,0
2020-10-21,Siskiyou,093,43540,197,169,10,179,0
2020-10-21,Solano,095,438530,7307,7088,39,7127,59
2020-10-21,Sonoma,097,501317,9424,8987,26,9013,138
2020-10-21,Stanislaus,099,539301,17640,17419,710,18129,392
2020-10-21,Sutter,101,95872,1823,1786,1,1787,12
2020-10-21,Tehama,103,63373,890,824,2,826,5
2020-10-21,Trinity,105,12862,78,25,9,34,0
2020-10-21,Tulare,107,460477,17844,17204,314,17518,292
2020-10-21,Tuolumne,109,53932,276,251,6,257,4
2020-10-21,Ventura,111,848112,14827,14050,313,14363,153
2020-10-21,Yolo,113,214977,3228,3095,10,3105,58
2020-10-21,Yuba,115,75493,1236,1194,3,1197,10
2020-10-20,Alameda,001,1643700,23399,22750,212,22962,391
2020-10-20,Alpine,003,1148,3,3,0,3,0
2020-10-20,Amador,005,37829,333,313,0,313,16
2020-10-20,Butte,007,227075,3160,3027,55,3082,56
2020-10-20,Calaveras,009,45235,330,273,0,273,13
2020-10-20,Colusa,011,21464,547,546,1,547,6
2020-10-20,Contra Costa,013,1133247,18804,18246,92,18338,241
2020-10-20,Del Norte,015,27424,173,169,0,169,2
2020-10-20,El Dorado,017,186661,1377,1295,13,1308,4
2020-10-20,Fresno,019,978130,33186,30220,451,30671,431
2020-10-20,Glenn,021,27897,662,638,1,639,3
2020-10-20,Humboldt,023,135768,557,545,1,546,7
2020-10-20,Imperial,025,180216,12735,12114,15,12129,330
2020-10-20,Inyo,027,18085,237,218,5,223,14
2020-10-20,Kern,029,883053,33698,32889,404,33293,429
2020-10-20,Kings,031,150075,8397,8178,46,8224,80
2020-10-20,Lake,033,64148,708,675,0,675,15
2020-10-20,Lassen,035,31185,769,757,2,759,0
2020-10-20,Los Angeles,037,10098052,297089,287727,2648,290375,6891
2020-10-20,Madera,039,155013,4984,4823,37,4860,52
2020-10-20,Marin,041,260295,7102,6994,19,7013,101
2020-10-20,Mariposa,043,17540,79,77,0,77,2
2020-10-20,Mendocino,045,87422,1064,1004,4,1008,21
2020-10-20,Merced,047,269075,9457,9323,32,9355,149
2020-10-20,Modoc,049,8938,32,26,0,26,0
2020-10-20,Mono,051,14174,187,156,5,161,1
2020-10-20,Monterey,053,433212,11233,10942,49,10991,81
2020-10-20,Napa,055,140530,1984,1912,8,1920,13
2020-10-20,Nevada,057,99092,619,596,18,614,8
2020-10-20,Orange,059,3164182,59968,56914,1704,58618,1397
2020-10-20,Placer,061,380077,4226,3997,15,4012,56
2020-10-20,Plumas,063,18699,66,53,0,53,0
2020-10-20,Riverside,065,2383286,66408,64452,297,64749,1275
2020-10-20,Sacramento,067,1510023,25234,24767,29,24796,485
2020-10-20,San Benito,069,59416,1421,1398,1,1399,14
2020-10-20,San Bernardino,071,2135413,62503,59571,411,59982,1109
2020-10-20,San Diego,073,3302833,55211,53004,1449,54453,857
2020-10-20,San Francisco,075,870044,12107,12013,43,12056,126
2020-10-20,San Joaquin,077,732212,21663,21173,172,21345,490
2020-10-20,San Luis Obispo,079,281455,4303,4043,22,4065,31
2020-10-20,San Mateo,081,765935,11201,10659,11,10670,155
2020-10-20,Santa Barbara,083,443738,9852,9664,87,9751,121
2020-10-20,Santa Clara,085,1922200,24958,23406,50,23456,358
2020-10-20,Santa Cruz,087,273765,2809,2710,32,2742,23
2020-10-20,Shasta,089,179085,2052,1747,19,1766,20
2020-10-20,Sierra,091,2930,6,6,0,6,0
2020-10-20,Siskiyou,093,43540,189,168,10,178,0
2020-10-20,Solano,095,438530,7258,7044,39,7083,57
2020-10-20,Sonoma,097,501317,9361,8904,24,8928,135
2020-10-20,Stanislaus,099,539301,17587,17367,706,18073,393
2020-10-20,Sutter,101,95872,1814,1783,1,1784,12
2020-10-20,Tehama,103,63373,875,813,2,815,5
2020-10-20,Trinity,105,12862,77,25,9,34,0
2020-10-20,Tulare,107,460477,17777,17156,309,17465,289
2020-10-20,Tuolumne,109,53932,274,250,6,256,4
2020-10-20,Ventura,111,848112,14763,13980,311,14291,152
2020-10-20,Yolo,113,214977,3205,3083,10,3093,56
2020-10-20,Yuba,115,75493,1226,1191,3,1194,10
2020-10-19,Alameda,001,1643700,23289,22647,211,22858,392
2020-10-19,Alpine,003,1148,3,3,0,3,0
2020-10-19,Amador,005,37829,327,313,0,313,16
2020-10-19,Butte,007,227075,3149,3026,55,3081,55
2020-10-19,Calaveras,009,45235,329,268,0,268,13
2020-10-19,Colusa,011,21464,547,544,1,545,6
2020-10-19,Contra Costa,013,1133247,18706,18173,92,18265,239
2020-10-19,Del Norte,015,27424,170,167,0,167,2
2020-10-19,El Dorado,017,186661,1356,1287,13,1300,4
2020-10-19,Fresno,019,978130,33076,30152,445,30597,431
2020-10-19,Glenn,021,27897,657,635,0,635,3
2020-10-19,Humboldt,023,135768,557,543,1,544,7
2020-10-19,Imperial,025,180216,12681,12036,14,12050,330
2020-10-19,Inyo,027,18085,236,218,5,223,14
2020-10-19,Kern,029,883053,33622,32840,401,33241,428
2020-10-19,Kings,031,150075,8379,8173,46,8219,80
2020-10-19,Lake,033,64148,705,673,0,673,15
2020-10-19,Lassen,035,31185,768,757,2,759,0
2020-10-19,Los Angeles,037,10098052,295605,287119,2610,289729,6858
2020-10-19,Madera,039,155013,4969,4787,37,4824,52
2020-10-19,Marin,041,260295,7084,6981,19,7000,100
2020-10-19,Mariposa,043,17540,79,77,0,77,2
2020-10-19,Mendocino,045,87422,1059,1001,4,1005,21
2020-10-19,Merced,047,269075,9432,9305,29,9334,148
2020-10-19,Modoc,049,8938,31,26,0,26,0
2020-10-19,Mono,051,14174,182,156,5,161,1
2020-10-19,Monterey,053,433212,11172,10907,49,10956,80
2020-10-19,Napa,055,140530,1972,1892,8,1900,12
2020-10-19,Nevada,057,99092,616,590,18,608,8
2020-10-19,Orange,059,3164182,59684,56652,1689,58341,1396
2020-10-19,Placer,061,380077,4178,3962,15,3977,49
2020-10-19,Plumas,063,18699,64,52,0,52,0
2020-10-19,Riverside,065,2383286,65977,64016,281,64297,1272
2020-10-19,Sacramento,067,1510023,25095,24542,29,24571,483
2020-10-19,San Benito,069,59416,1414,1395,1,1396,14
2020-10-19,San Bernardino,071,2135413,62051,59265,399,59664,1100
2020-10-19,San Diego,073,3302833,54825,52739,1424,54163,853
2020-10-19,San Francisco,075,870044,12063,11879,43,11922,126
2020-10-19,San Joaquin,077,732212,21588,20930,164,21094,489
2020-10-19,San Luis Obispo,079,281455,4287,4016,22,4038,31
2020-10-19,San Mateo,081,765935,11155,10568,11,10579,154
2020-10-19,Santa Barbara,083,443738,9816,9632,87,9719,121
2020-10-19,Santa Clara,085,1922200,24808,23301,50,23351,352
2020-10-19,Santa Cruz,087,273765,2792,2705,32,2737,19
2020-10-19,Shasta,089,179085,2008,1709,18,1727,20
2020-10-19,Sierra,091,2930,6,6,0,6,0
2020-10-19,Siskiyou,093,43540,182,167,10,177,0
2020-10-19,Solano,095,438530,7217,7003,39,7042,57
2020-10-19,Sonoma,097,501317,9274,8830,24,8854,135
2020-10-19,Stanislaus,099,539301,17536,17342,696,18038,390
2020-10-19,Sutter,101,95872,1809,1773,1,1774,12
2020-10-19,Tehama,103,63373,872,793,2,795,5
2020-10-19,Trinity,105,12862,75,23,9,32,0
2020-10-19,Tulare,107,460477,17727,17047,302,17349,291
2020-10-19,Tuolumne,109,53932,272,247,6,253,4
2020-10-19,Ventura,111,848112,14698,13930,308,14238,152
2020-10-19,Yolo,113,214977,3192,3069,10,3079,56
2020-10-19,Yuba,115,75493,1219,1183,3,1186,10
2020-10-18,Alameda,001,1643700,23185,22546,210,22756,392
2020-10-18,Alpine,003,1148,3,3,0,3,0
2020-10-18,Amador,005,37829,316,313,0,313,16
2020-10-18,Butte,007,227075,3136,3019,55,3074,55
2020-10-18,Calaveras,009,45235,328,267,0,267,13
2020-10-18,Colusa,011,21464,545,544,1,545,6
2020-10-18,Contra Costa,013,1133247,18608,18120,92,18212,237
2020-10-18,Del Norte,015,27424,170,167,0,167,2
2020-10-18,El Dorado,017,186661,1347,1283,13,1296,4
2020-10-18,Fresno,019,978130,32946,30051,437,30488,430
2020-10-18,Glenn,021,27897,655,634,0,634,3
2020-10-18,Humboldt,023,135768,554,540,1,541,7
2020-10-18,Imperial,025,180216,12618,11987,13,12000,330
2020-10-18,Inyo,027,18085,233,215,5,220,14
2020-10-18,Kern,029,883053,33549,32799,394,33193,428
2020-10-18,Kings,031,150075,8364,8159,46,8205,80
2020-10-18,Lake,033,64148,698,670,0,670,15
2020-10-18,Lassen,035,31185,768,757,2,759,0
2020-10-18,Los Angeles,037,10098052,293896,286187,2568,288755,6857
2020-10-18,Madera,039,155013,4944,4770,37,4807,52
2020-10-18,Marin,041,260295,7063,6969,19,6988,99
2020-10-18,Mariposa,043,17540,79,77,0,77,2
2020-10-18,Mendocino,045,87422,1057,988,4,992,21
2020-10-18,Merced,047,269075,9397,9292,29,9321,148
2020-10-18,Modoc,049,8938,30,26,0,26,0
2020-10-18,Mono,051,14174,177,155,5,160,1
2020-10-18,Monterey,053,433212,11119,10872,49,10921,80
2020-10-18,Napa,055,140530,1959,1882,8,1890,12
2020-10-18,Nevada,057,99092,610,582,18,600,8
2020-10-18,Orange,059,3164182,59387,56394,1672,58066,1396
2020-10-18,Placer,061,380077,4130,3938,15,3953,49
2020-10-18,Plumas,063,18699,62,52,0,52,0
2020-10-18,Riverside,065,2383286,65664,63765,260,64025,1270
2020-10-18,Sacramento,067,1510023,24940,24425,29,24454,482
2020-10-18,San Benito,069,59416,1407,1395,1,1396,14
2020-10-18,San Bernardino,071,2135413,61552,58893,391,59284,1098
2020-10-18,San Diego,073,3302833,54436,52359,1403,53762,853
2020-10-18,San Francisco,075,870044,12024,11878,43,11921,126
2020-10-18,San Joaquin,077,732212,21505,20931,151,21082,489
2020-10-18,San Luis Obispo,079,281455,4256,4009,20,4029,31
2020-10-18,San Mateo,081,765935,11096,10503,11,10514,154
2020-10-18,Santa Barbara,083,443738,9776,9608,86,9694,121
2020-10-18,Santa Clara,085,1922200,24635,23169,50,23219,352
2020-10-18,Santa Cruz,087,273765,2778,2692,32,2724,19
2020-10-18,Shasta,089,179085,1983,1708,18,1726,20
2020-10-18,Sierra,091,2930,6,6,0,6,0
2020-10-18,Siskiyou,093,43540,182,167,10,177,0
2020-10-18,Solano,095,438530,7170,6962,39,7001,57
2020-10-18,Sonoma,097,501317,9197,8781,23,8804,134
2020-10-18,Stanislaus,099,539301,17479,17290,687,17977,390
2020-10-18,Sutter,101,95872,1800,1764,1,1765,12
2020-10-18,Tehama,103,63373,840,774,2,776,5
2020-10-18,Trinity,105,12862,75,20,9,29,0
2020-10-18,Tulare,107,460477,17633,17048,293,17341,290
2020-10-18,Tuolumne,109,53932,266,245,6,251,4
2020-10-18,Ventura,111,848112,14618,13901,307,14208,151
2020-10-18,Yolo,113,214977,3153,3059,10,3069,55
2020-10-18,Yuba,115,75493,1208,1176,3,1179,10
2020-10-17,Alameda,001,1643700,23140,22394,208,22602,398
2020-10-17,Alpine,003,1148,3,3,0,3,0
2020-10-17,Amador,005,37829,314,309,0,309,16
2020-10-17,Butte,007,227075,3129,3012,53,3065,55
2020-10-17,Calaveras,009,45235,328,267,0,267,13
2020-10-17,Colusa,011,21464,544,544,1,545,6
2020-10-17,Contra Costa,013,1133247,18555,18005,92,18097,237
2020-10-17,Del Norte,015,27424,170,167,0,167,2
2020-10-17,El Dorado,017,186661,1343,1277,13,1290,4
2020-10-17,Fresno,019,978130,32892,29911,435,30346,430
2020-10-17,Glenn,021,27897,652,633,0,633,3
2020-10-17,Humboldt,023,135768,551,535,1,536,7
2020-10-17,Imperial,025,180216,12590,11962,13,11975,330
2020-10-17,Inyo,027,18085,228,212,5,217,14
2020-10-17,Kern,029,883053,33498,32710,391,33101,428
2020-10-17,Kings,031,150075,8358,8151,45,8196,80
2020-10-17,Lake,033,64148,695,663,0,663,15
2020-10-17,Lassen,035,31185,768,757,2,759,0
2020-10-17,Los Angeles,037,10098052,293142,285858,2541,288399,6844
2020-10-17,Madera,039,155013,4938,4759,37,4796,53
2020-10-17,Marin,041,260295,7060,6958,19,6977,99
2020-10-17,Mariposa,043,17540,78,77,0,77,2
2020-10-17,Mendocino,045,87422,1050,977,4,981,21
2020-10-17,Merced,047,269075,9384,9275,29,9304,148
2020-10-17,Modoc,049,8938,30,26,0,26,0
2020-10-17,Mono,051,14174,176,155,5,160,1
2020-10-17,Monterey,053,433212,11080,10807,48,10855,80
2020-10-17,Napa,055,140530,1950,1866,8,1874,12
2020-10-17,Nevada,057,99092,609,580,18,598,8
2020-10-17,Orange,059,3164182,59245,56197,1666,57863,1396
2020-10-17,Placer,061,380077,4103,3898,15,3913,49
2020-10-17,Plumas,063,18699,62,52,0,52,0
2020-10-17,Riverside,065,2383286,65467,63171,251,63422,1270
2020-10-17,Sacramento,067,1510023,24857,24304,29,24333,482
2020-10-17,San Benito,069,59416,1403,1389,1,1390,14
2020-10-17,San Bernardino,071,2135413,61279,58415,384,58799,1097
2020-10-17,San Diego,073,3302833,54211,51986,1392,53378,853
2020-10-17,San Francisco,075,870044,11997,11877,42,11919,126
2020-10-17,San Joaquin,077,732212,21451,20932,145,21077,489
2020-10-17,San Luis Obispo,079,281455,4241,3979,20,3999,31
2020-10-17,San Mateo,081,765935,11068,10423,11,10434,153
2020-10-17,Santa Barbara,083,443738,9757,9588,84,9672,121
2020-10-17,Santa Clara,085,1922200,24545,22997,50,23047,349
2020-10-17,Santa Cruz,087,273765,2764,2680,32,2712,19
2020-10-17,Shasta,089,179085,1957,1679,18,1697,20
2020-10-17,Sierra,091,2930,6,6,0,6,0
2020-10-17,Siskiyou,093,43540,181,167,10,177,0
2020-10-17,Solano,095,438530,7143,6929,39,6968,57
2020-10-17,Sonoma,097,501317,9154,8725,23,8748,134
2020-10-17,Stanislaus,099,539301,17438,17232,678,17910,390
2020-10-17,Sutter,101,95872,1798,1762,1,1763,12
2020-10-17,Tehama,103,63373,824,764,2,766,5
2020-10-17,Trinity,105,12862,75,20,9,29,0
2020-10-17,Tulare,107,460477,17603,16995,284,17279,290
2020-10-17,Tuolumne,109,53932,266,241,6,247,4
2020-10-17,Ventura,111,848112,14573,13845,304,14149,151
2020-10-17,Yolo,113,214977,3138,3045,9,3054,55
2020-10-17,Yuba,115,75493,1203,1164,3,1167,10
2020-10-16,Alameda,001,1643700,23086,22315,208,22523,397
2020-10-16,Alpine,003,1148,3,3,0,3,0
2020-10-16,Amador,005,37829,314,309,0,309,16
2020-10-16,Butte,007,227075,3117,3004,53,3057,54
2020-10-16,Calaveras,009,45235,328,267,0,267,13
2020-10-16,Colusa,011,21464,543,544,1,545,6
2020-10-16,Contra Costa,013,1133247,18503,17956,92,18048,237
2020-10-16,Del Norte,015,27424,169,166,0,166,2
2020-10-16,El Dorado,017,186661,1337,1273,13,1286,4
2020-10-16,Fresno,019,978130,32817,29796,434,30230,427
2020-10-16,Glenn,021,27897,647,632,0,632,3
2020-10-16,Humboldt,023,135768,551,533,1,534,7
2020-10-16,Imperial,025,180216,12550,11885,13,11898,330
2020-10-16,Inyo,027,18085,224,212,5,217,14
2020-10-16,Kern,029,883053,33455,32660,389,33049,428
2020-10-16,Kings,031,150075,8349,8146,44,8190,80
2020-10-16,Lake,033,64148,693,644,0,644,14
2020-10-16,Lassen,035,31185,768,757,2,759,0
2020-10-16,Los Angeles,037,10098052,292078,284988,2520,287508,6835
2020-10-16,Madera,039,155013,4926,4736,36,4772,53
2020-10-16,Marin,041,260295,7050,6933,19,6952,99
2020-10-16,Mariposa,043,17540,78,76,0,76,2
2020-10-16,Mendocino,045,87422,1043,974,4,978,21
2020-10-16,Merced,047,269075,9367,9246,29,9275,148
2020-10-16,Modoc,049,8938,30,26,0,26,0
2020-10-16,Mono,051,14174,174,155,5,160,1
2020-10-16,Monterey,053,433212,11045,10727,48,10775,79
2020-10-16,Napa,055,140530,1941,1855,8,1863,12
2020-10-16,Nevada,057,99092,607,579,18,597,8
2020-10-16,Orange,059,3164182,59067,56091,1660,57751,1388
2020-10-16,Placer,061,380077,4082,3864,15,3879,49
2020-10-16,Plumas,063,18699,61,52,0,52,0
2020-10-16,Riverside,065,2383286,65241,62986,250,63236,1267
2020-10-16,Sacramento,067,1510023,24762,24144,29,24173,479
2020-10-16,San Benito,069,59416,1400,1388,1,1389,14
2020-10-16,San Bernardino,071,2135413,61009,58233,384,58617,1069
2020-10-16,San Diego,073,3302833,53969,51785,1378,53163,850
2020-10-16,San Francisco,075,870044,11974,11840,41,11881,126
2020-10-16,San Joaquin,077,732212,21406,20910,144,21054,489
2020-10-16,San Luis Obispo,079,281455,4225,3952,20,3972,32
2020-10-16,San Mateo,081,765935,11042,10405,11,10416,153
2020-10-16,Santa Barbara,083,443738,9738,9549,84,9633,119
2020-10-16,Santa Clara,085,1922200,24457,22920,50,22970,345
2020-10-16,Santa Cruz,087,273765,2751,2666,32,2698,20
2020-10-16,Shasta,089,179085,1935,1660,18,1678,20
2020-10-16,Sierra,091,2930,6,6,0,6,0
2020-10-16,Siskiyou,093,43540,179,167,10,177,0
2020-10-16,Solano,095,438530,7120,6879,39,6918,55
2020-10-16,Sonoma,097,501317,9098,8652,23,8675,133
2020-10-16,Stanislaus,099,539301,17404,17201,670,17871,366
2020-10-16,Sutter,101,95872,1790,1756,1,1757,12
2020-10-16,Tehama,103,63373,823,737,2,739,3
2020-10-16,Trinity,105,12862,75,20,9,29,0
2020-10-16,Tulare,107,460477,17571,16965,276,17241,290
2020-10-16,Tuolumne,109,53932,264,237,6,243,4
2020-10-16,Ventura,111,848112,14530,13805,299,14104,152
2020-10-16,Yolo,113,214977,3129,3030,9,3039,55
2020-10-16,Yuba,115,75493,1203,1155,3,1158,10
2020-10-15,Alameda,001,1643700,23018,22267,207,22474,390
2020-10-15,Alpine,003,1148,3,3,0,3,0
2020-10-15,Amador,005,37829,314,309,0,309,16
2020-10-15,Butte,007,227075,3105,3000,52,3052,54
2020-10-15,Calaveras,009,45235,327,267,0,267,13
2020-10-15,Colusa,011,21464,542,543,1,544,6
2020-10-15,Contra Costa,013,1133247,18435,17893,91,17984,237
2020-10-15,Del Norte,015,27424,169,164,0,164,2
2020-10-15,El Dorado,017,186661,1332,1265,13,1278,4
2020-10-15,Fresno,019,978130,32718,29727,431,30158,425
2020-10-15,Glenn,021,27897,642,632,0,632,3
2020-10-15,Humboldt,023,135768,547,531,1,532,7
2020-10-15,Imperial,025,180216,12509,11820,12,11832,330
2020-10-15,Inyo,027,18085,224,210,5,215,14
2020-10-15,Kern,029,883053,33374,32593,386,32979,427
2020-10-15,Kings,031,150075,8334,8134,44,8178,80
2020-10-15,Lake,033,64148,691,642,0,642,14
2020-10-15,Lassen,035,31185,767,752,2,754,0
2020-10-15,Los Angeles,037,10098052,290793,284019,2487,286506,6807
2020-10-15,Madera,039,155013,4913,4723,35,4758,50
2020-10-15,Marin,041,260295,7042,6912,19,6931,99
2020-10-15,Mariposa,043,17540,78,76,0,76,2
2020-10-15,Mendocino,045,87422,1037,963,4,967,21
2020-10-15,Merced,047,269075,9340,9213,29,9242,147
2020-10-15,Modoc,049,8938,30,26,0,26,0
2020-10-15,Mono,051,14174,174,155,5,160,1
2020-10-15,Monterey,053,433212,10978,10677,47,10724,79
2020-10-15,Napa,055,140530,1928,1842,8,1850,12
2020-10-15,Nevada,057,99092,603,575,18,593,8
2020-10-15,Orange,059,3164182,58851,55952,1648,57600,1379
2020-10-15,Placer,061,380077,4053,3848,15,3863,48
2020-10-15,Plumas,063,18699,58,52,0,52,0
2020-10-15,Riverside,065,2383286,64909,62819,247,63066,1266
2020-10-15,Sacramento,067,1510023,24646,24068,29,24097,474
2020-10-15,San Benito,069,59416,1397,1384,1,1385,14
2020-10-15,San Bernardino,071,2135413,60670,58068,381,58449,1067
2020-10-15,San Diego,073,3302833,53685,51472,1362,52834,847
2020-10-15,San Francisco,075,870044,11946,11808,38,11846,126
2020-10-15,San Joaquin,077,732212,21335,20880,138,21018,487
2020-10-15,San Luis Obispo,079,281455,4209,3934,20,3954,32
2020-10-15,San Mateo,081,765935,11002,10340,11,10351,152
2020-10-15,Santa Barbara,083,443738,9714,9526,83,9609,117
2020-10-15,Santa Clara,085,1922200,24341,22808,50,22858,343
2020-10-15,Santa Cruz,087,273765,2737,2656,32,2688,13
2020-10-15,Shasta,089,179085,1924,1635,18,1653,20
2020-10-15,Sierra,091,2930,6,6,0,6,0
2020-10-15,Siskiyou,093,43540,175,166,10,176,0
2020-10-15,Solano,095,438530,7081,6830,39,6869,55
2020-10-15,Sonoma,097,501317,9006,8571,23,8594,133
2020-10-15,Stanislaus,099,539301,17366,17151,656,17807,366
2020-10-15,Sutter,101,95872,1787,1752,1,1753,12
2020-10-15,Tehama,103,63373,796,726,2,728,3
2020-10-15,Trinity,105,12862,75,20,9,29,0
2020-10-15,Tulare,107,460477,17511,16918,261,17179,289
2020-10-15,Tuolumne,109,53932,262,236,6,242,4
2020-10-15,Ventura,111,848112,14474,13750,294,14044,152
2020-10-15,Yolo,113,214977,3109,3014,9,3023,55
2020-10-15,Yuba,115,75493,1196,1151,3,1154,10
2020-10-14,Alameda,001,1643700,22919,22227,206,22433,398
2020-10-14,Alpine,003,1148,3,3,0,3,0
2020-10-14,Amador,005,37829,312,308,0,308,16
2020-10-14,Butte,007,227075,3097,2995,52,3047,54
2020-10-14,Calaveras,009,45235,327,266,0,266,12
2020-10-14,Colusa,011,21464,542,543,1,544,6
2020-10-14,Contra Costa,013,1133247,18377,17820,89,17909,236
2020-10-14,Del Norte,015,27424,168,163,0,163,2
2020-10-14,El Dorado,017,186661,1326,1264,12,1276,4
2020-10-14,Fresno,019,978130,32604,29650,425,30075,424
2020-10-14,Glenn,021,27897,641,629,0,629,3
2020-10-14,Humboldt,023,135768,544,531,1,532,7
2020-10-14,Imperial,025,180216,12472,11765,10,11775,330
2020-10-14,Inyo,027,18085,223,209,4,213,14
2020-10-14,Kern,029,883053,33299,32528,384,32912,425
2020-10-14,Kings,031,150075,8316,8118,44,8162,80
2020-10-14,Lake,033,64148,690,642,0,642,14
2020-10-14,Lassen,035,31185,765,752,2,754,0
2020-10-14,Los Angeles,037,10098052,289478,282918,2444,285362,6786
2020-10-14,Madera,039,155013,4898,4713,33,4746,50
2020-10-14,Marin,041,260295,7036,6907,19,6926,99
2020-10-14,Mariposa,043,17540,77,76,0,76,2
2020-10-14,Mendocino,045,87422,1031,955,4,959,21
2020-10-14,Merced,047,269075,9315,9201,27,9228,147
2020-10-14,Modoc,049,8938,30,27,0,27,0
2020-10-14,Mono,051,14174,174,155,5,160,1
2020-10-14,Monterey,053,433212,10928,10616,47,10663,78
2020-10-14,Napa,055,140530,1911,1837,8,1845,12
2020-10-14,Nevada,057,99092,601,573,18,591,7
2020-10-14,Orange,059,3164182,58638,55756,1639,57395,1348
2020-10-14,Placer,061,380077,4030,3829,15,3844,48
2020-10-14,Plumas,063,18699,54,52,0,52,0
2020-10-14,Riverside,065,2383286,64626,62607,246,62853,1261
2020-10-14,Sacramento,067,1510023,24502,24013,29,24042,472
2020-10-14,San Benito,069,59416,1395,1381,0,1381,14
2020-10-14,San Bernardino,071,2135413,60344,57774,377,58151,1063
2020-10-14,San Diego,073,3302833,53366,51329,1338,52667,844
2020-10-14,San Francisco,075,870044,11914,11783,37,11820,123
2020-10-14,San Joaquin,077,732212,21256,20845,124,20969,487
2020-10-14,San Luis Obispo,079,281455,4186,3901,19,3920,32
2020-10-14,San Mateo,081,765935,10951,10309,11,10320,132
2020-10-14,Santa Barbara,083,443738,9680,9509,83,9592,117
2020-10-14,Santa Clara,085,1922200,24192,22735,50,22785,343
2020-10-14,Santa Cruz,087,273765,2727,2618,32,2650,13
2020-10-14,Shasta,089,179085,1886,1553,18,1571,20
2020-10-14,Sierra,091,2930,6,6,0,6,0
2020-10-14,Siskiyou,093,43540,175,166,10,176,0
2020-10-14,Solano,095,438530,7025,6786,39,6825,55
2020-10-14,Sonoma,097,501317,8953,8514,23,8537,133
2020-10-14,Stanislaus,099,539301,17321,17105,653,17758,365
2020-10-14,Sutter,101,95872,1778,1747,1,1748,12
2020-10-14,Tehama,103,63373,785,721,2,723,3
2020-10-14,Trinity,105,12862,74,20,9,29,0
2020-10-14,Tulare,107,460477,17449,16863,248,17111,287
2020-10-14,Tuolumne,109,53932,261,236,6,242,4
2020-10-14,Ventura,111,848112,14420,13697,290,13987,152
2020-10-14,Yolo,113,214977,3091,3007,8,3015,55
2020-10-14,Yuba,115,75493,1188,1147,3,1150,10
2020-10-13,Alameda,001,1643700,22814,22185,204,22389,389
2020-10-13,Alpine,003,1148,3,3,0,3,0
2020-10-13,Amador,005,37829,310,306,0,306,16
2020-10-13,Butte,007,227075,3089,2992,52,3044,54
2020-10-13,Calaveras,009,45235,323,262,0,262,12
2020-10-13,Colusa,011,21464,542,541,1,542,6
2020-10-13,Contra Costa,013,1133247,18320,17783,89,17872,234
2020-10-13,Del Norte,015,27424,168,163,0,163,2
2020-10-13,El Dorado,017,186661,1317,1262,12,1274,4
2020-10-13,Fresno,019,978130,32481,29579,421,30000,424
2020-10-13,Glenn,021,27897,640,629,0,629,3
2020-10-13,Humboldt,023,135768,542,523,1,524,7
2020-10-13,Imperial,025,180216,12436,11727,10,11737,327
2020-10-13,Inyo,027,18085,220,207,4,211,14
2020-10-13,Kern,029,883053,33225,32497,382,32879,419
2020-10-13,Kings,031,150075,8307,8111,44,8155,80
2020-10-13,Lake,033,64148,687,639,0,639,12
2020-10-13,Lassen,035,31185,763,752,2,754,0
2020-10-13,Los Angeles,037,10098052,288197,281716,2404,284120,6767
2020-10-13,Madera,039,155013,4879,4700,33,4733,50
2020-10-13,Marin,041,260295,7014,6900,18,6918,97
2020-10-13,Mariposa,043,17540,77,76,0,76,2
2020-10-13,Mendocino,045,87422,1022,950,4,954,21
2020-10-13,Merced,047,269075,9298,9181,27,9208,146
2020-10-13,Modoc,049,8938,29,28,0,28,0
2020-10-13,Mono,051,14174,174,155,4,159,1
2020-10-13,Monterey,053,433212,10867,10574,46,10620,78
2020-10-13,Napa,055,140530,1902,1825,8,1833,12
2020-10-13,Nevada,057,99092,594,572,18,590,7
2020-10-13,Orange,059,3164182,58425,55515,1626,57141,1326
2020-10-13,Placer,061,380077,3992,3825,15,3840,48
2020-10-13,Plumas,063,18699,52,51,0,51,0
2020-10-13,Riverside,065,2383286,64307,62279,244,62523,1254
2020-10-13,Sacramento,067,1510023,24425,23930,29,23959,466
2020-10-13,San Benito,069,59416,1387,1380,0,1380,14
2020-10-13,San Bernardino,071,2135413,60006,57411,375,57786,1061
2020-10-13,San Diego,073,3302833,53073,51026,1321,52347,840
2020-10-13,San Francisco,075,870044,11877,11659,37,11696,122
2020-10-13,San Joaquin,077,732212,21194,20822,120,20942,481
2020-10-13,San Luis Obispo,079,281455,4169,3892,18,3910,32
2020-10-13,San Mateo,081,765935,10908,10286,11,10297,130
2020-10-13,Santa Barbara,083,443738,9648,9489,83,9572,117
2020-10-13,Santa Clara,085,1922200,24064,22678,50,22728,343
2020-10-13,Santa Cruz,087,273765,2709,2603,32,2635,13
2020-10-13,Shasta,089,179085,1862,1606,18,1624,20
2020-10-13,Sierra,091,2930,6,6,0,6,0
2020-10-13,Siskiyou,093,43540,174,163,10,173,0
2020-10-13,Solano,095,438530,6990,6761,39,6800,55
2020-10-13,Sonoma,097,501317,8870,8456,23,8479,133
2020-10-13,Stanislaus,099,539301,17276,17082,648,17730,362
2020-10-13,Sutter,101,95872,1769,1748,1,1749,12
2020-10-13,Tehama,103,63373,778,717,2,719,3
2020-10-13,Trinity,105,12862,70,19,8,27,0
2020-10-13,Tulare,107,460477,17391,16822,240,17062,286
2020-10-13,Tuolumne,109,53932,259,235,6,241,4
2020-10-13,Ventura,111,848112,14366,13645,286,13931,151
2020-10-13,Yolo,113,214977,3083,2983,7,2990,55
2020-10-13,Yuba,115,75493,1183,1143,3,1146,10
2020-10-12,Alameda,001,1643700,22734,22126,203,22329,389
2020-10-12,Alpine,003,1148,3,3,0,3,0
2020-10-12,Amador,005,37829,309,305,0,305,16
2020-10-12,Butte,007,227075,3082,2975,52,3027,54
2020-10-12,Calaveras,009,45235,323,262,0,262,12
2020-10-12,Colusa,011,21464,542,541,1,542,6
2020-10-12,Contra Costa,013,1133247,18246,17728,89,17817,233
2020-10-12,Del Norte,015,27424,168,161,0,161,2
2020-10-12,El Dorado,017,186661,1314,1254,12,1266,4
2020-10-12,Fresno,019,978130,32348,29523,417,29940,421
2020-10-12,Glenn,021,27897,639,626,0,626,3
2020-10-12,Humboldt,023,135768,539,522,1,523,7
2020-10-12,Imperial,025,180216,12398,11689,10,11699,328
2020-10-12,Inyo,027,18085,217,201,4,205,14
2020-10-12,Kern,029,883053,33132,32425,378,32803,419
2020-10-12,Kings,031,150075,8301,8106,44,8150,80
2020-10-12,Lake,033,64148,681,633,0,633,12
2020-10-12,Lassen,035,31185,763,752,2,754,0
2020-10-12,Los Angeles,037,10098052,286977,280961,2377,283338,6747
2020-10-12,Madera,039,155013,4859,4689,33,4722,50
2020-10-12,Marin,041,260295,6997,6886,18,6904,97
2020-10-12,Mariposa,043,17540,77,76,0,76,2
2020-10-12,Mendocino,045,87422,1016,947,4,951,21
2020-10-12,Merced,047,269075,9277,9141,27,9168,146
2020-10-12,Modoc,049,8938,29,27,0,27,0
2020-10-12,Mono,051,14174,174,154,4,158,1
2020-10-12,Monterey,053,433212,10801,10473,46,10519,77
2020-10-12,Napa,055,140530,1894,1819,8,1827,11
2020-10-12,Nevada,057,99092,590,570,18,588,7
2020-10-12,Orange,059,3164182,58196,55373,1616,56989,1326
2020-10-12,Placer,061,380077,3960,3808,14,3822,48
2020-10-12,Plumas,063,18699,52,51,0,51,0
2020-10-12,Riverside,065,2383286,63996,62279,240,62519,1254
2020-10-12,Sacramento,067,1510023,24320,23807,29,23836,466
2020-10-12,San Benito,069,59416,1384,1376,0,1376,13
2020-10-12,San Bernardino,071,2135413,59630,57235,374,57609,1061
2020-10-12,San Diego,073,3302833,52783,50748,1294,52042,826
2020-10-12,San Francisco,075,870044,11845,11659,37,11696,122
2020-10-12,San Joaquin,077,732212,21131,20701,114,20815,480
2020-10-12,San Luis Obispo,079,281455,4141,3874,18,3892,32
2020-10-12,San Mateo,081,765935,10860,10262,11,10273,130
2020-10-12,Santa Barbara,083,443738,9609,9462,83,9545,117
2020-10-12,Santa Clara,085,1922200,23948,22578,50,22628,343
2020-10-12,Santa Cruz,087,273765,2692,2590,32,2622,13
2020-10-12,Shasta,089,179085,1837,1515,18,1533,20
2020-10-12,Sierra,091,2930,6,6,0,6,0
2020-10-12,Siskiyou,093,43540,173,162,10,172,0
2020-10-12,Solano,095,438530,6951,6742,39,6781,55
2020-10-12,Sonoma,097,501317,8798,8377,23,8400,133
2020-10-12,Stanislaus,099,539301,17227,17051,639,17690,361
2020-10-12,Sutter,101,95872,1761,1741,1,1742,12
2020-10-12,Tehama,103,63373,762,708,2,710,3
2020-10-12,Trinity,105,12862,69,19,8,27,0
2020-10-12,Tulare,107,460477,17340,16742,233,16975,286
2020-10-12,Tuolumne,109,53932,254,234,6,240,4
2020-10-12,Ventura,111,848112,14304,13617,282,13899,151
2020-10-12,Yolo,113,214977,3068,2964,7,2971,55
2020-10-12,Yuba,115,75493,1173,1141,3,1144,10
2020-10-11,Alameda,001,1643700,22644,22057,199,22256,392
2020-10-11,Alpine,003,1148,3,3,0,3,0
2020-10-11,Amador,005,37829,307,305,0,305,16
2020-10-11,Butte,007,227075,3074,2967,51,3018,54
2020-10-11,Calaveras,009,45235,321,262,0,262,12
2020-10-11,Colusa,011,21464,540,541,1,542,6
2020-10-11,Contra Costa,013,1133247,18162,17678,89,17767,233
2020-10-11,Del Norte,015,27424,166,161,0,161,2
2020-10-11,El Dorado,017,186661,1305,1242,12,1254,4
2020-10-11,Fresno,019,978130,32211,29419,409,29828,421
2020-10-11,Glenn,021,27897,637,625,0,625,3
2020-10-11,Humboldt,023,135768,538,521,1,522,7
2020-10-11,Imperial,025,180216,12339,11614,10,11624,328
2020-10-11,Inyo,027,18085,213,201,4,205,14
2020-10-11,Kern,029,883053,33045,32399,370,32769,418
2020-10-11,Kings,031,150075,8284,8094,43,8137,80
2020-10-11,Lake,033,64148,668,631,0,631,12
2020-10-11,Lassen,035,31185,762,752,2,754,0
2020-10-11,Los Angeles,037,10098052,285541,280190,2335,282525,6745
2020-10-11,Madera,039,155013,4831,4680,32,4712,50
2020-10-11,Marin,041,260295,6988,6870,18,6888,97
2020-10-11,Mariposa,043,17540,77,76,0,76,2
2020-10-11,Mendocino,045,87422,1009,944,4,948,21
2020-10-11,Merced,047,269075,9259,9124,27,9151,146
2020-10-11,Modoc,049,8938,29,27,0,27,0
2020-10-11,Mono,051,14174,174,154,4,158,1
2020-10-11,Monterey,053,433212,10750,10445,44,10489,77
2020-10-11,Napa,055,140530,1878,1811,8,1819,11
2020-10-11,Nevada,057,99092,588,569,18,587,7
2020-10-11,Orange,059,3164182,57966,55202,1610,56812,1326
2020-10-11,Placer,061,380077,3939,3787,14,3801,48
2020-10-11,Plumas,063,18699,52,51,0,51,0
2020-10-11,Riverside,065,2383286,63708,62112,236,62348,1254
2020-10-11,Sacramento,067,1510023,24177,23778,29,23807,466
2020-10-11,San Benito,069,59416,1383,1374,0,1374,13
2020-10-11,San Bernardino,071,2135413,59178,56997,372,57369,1061
2020-10-11,San Diego,073,3302833,52433,50553,1272,51825,826
2020-10-11,San Francisco,075,870044,11802,11659,37,11696,122
2020-10-11,San Joaquin,077,732212,21056,20700,104,20804,480
2020-10-11,San Luis Obispo,079,281455,4124,3874,17,3891,32
2020-10-11,San Mateo,081,765935,10828,10240,11,10251,130
2020-10-11,Santa Barbara,083,443738,9578,9440,82,9522,117
2020-10-11,Santa Clara,085,1922200,23808,22487,49,22536,336
2020-10-11,Santa Cruz,087,273765,2678,2578,32,2610,13
2020-10-11,Shasta,089,179085,1807,1515,17,1532,20
2020-10-11,Sierra,091,2930,6,6,0,6,0
2020-10-11,Siskiyou,093,43540,172,162,10,172,0
2020-10-11,Solano,095,438530,6897,6685,39,6724,53
2020-10-11,Sonoma,097,501317,8741,8319,23,8342,133
2020-10-11,Stanislaus,099,539301,17163,17007,623,17630,360
2020-10-11,Sutter,101,95872,1758,1742,1,1743,12
2020-10-11,Tehama,103,63373,738,702,2,704,3
2020-10-11,Trinity,105,12862,69,19,8,27,0
2020-10-11,Tulare,107,460477,17276,16741,225,16966,286
2020-10-11,Tuolumne,109,53932,249,234,6,240,4
2020-10-11,Ventura,111,848112,14243,13604,277,13881,151
2020-10-11,Yolo,113,214977,3038,2952,7,2959,55
2020-10-11,Yuba,115,75493,1162,1137,3,1140,10
2020-10-10,Alameda,001,1643700,22594,21979,198,22177,398
2020-10-10,Alpine,003,1148,3,3,0,3,0
2020-10-10,Amador,005,37829,306,304,0,304,16
2020-10-10,Butte,007,227075,3069,2962,50,3012,54
2020-10-10,Calaveras,009,45235,320,262,0,262,12
2020-10-10,Colusa,011,21464,540,541,1,542,6
2020-10-10,Contra Costa,013,1133247,18126,17566,88,17654,233
2020-10-10,Del Norte,015,27424,166,161,0,161,2
2020-10-10,El Dorado,017,186661,1303,1240,12,1252,4
2020-10-10,Fresno,019,978130,32147,29286,407,29693,421
2020-10-10,Glenn,021,27897,637,623,0,623,3
2020-10-10,Humboldt,023,135768,535,518,1,519,7
2020-10-10,Imperial,025,180216,12324,11591,10,11601,327
2020-10-10,Inyo,027,18085,210,201,4,205,14
2020-10-10,Kern,029,883053,33008,32338,370,32708,418
2020-10-10,Kings,031,150075,8280,8078,43,8121,80
2020-10-10,Lake,033,64148,667,630,0,630,11
2020-10-10,Lassen,035,31185,762,752,2,754,0
2020-10-10,Los Angeles,037,10098052,284823,279213,2301,281514,6743
2020-10-10,Madera,039,155013,4819,4662,32,4694,50
2020-10-10,Marin,041,260295,6979,6852,18,6870,97
2020-10-10,Mariposa,043,17540,77,76,0,76,2
2020-10-10,Mendocino,045,87422,1002,935,4,939,21
2020-10-10,Merced,047,269075,9253,9105,26,9131,146
2020-10-10,Modoc,049,8938,29,27,0,27,0
2020-10-10,Mono,051,14174,174,154,4,158,1
2020-10-10,Monterey,053,433212,10717,10410,44,10454,75
2020-10-10,Napa,055,140530,1871,1804,8,1812,11
2020-10-10,Nevada,057,99092,585,564,18,582,6
2020-10-10,Orange,059,3164182,57845,54965,1605,56570,1324
2020-10-10,Placer,061,380077,3922,3757,14,3771,48
2020-10-10,Plumas,063,18699,52,51,0,51,0
2020-10-10,Riverside,065,2383286,63505,61845,234,62079,1254
2020-10-10,Sacramento,067,1510023,24109,23689,29,23718,466
2020-10-10,San Benito,069,59416,1381,1370,0,1370,13
2020-10-10,San Bernardino,071,2135413,59016,56683,370,57053,1061
2020-10-10,San Diego,073,3302833,52203,50145,1254,51399,825
2020-10-10,San Francisco,075,870044,11781,11663,37,11700,122
2020-10-10,San Joaquin,077,732212,21028,20700,100,20800,481
2020-10-10,San Luis Obispo,079,281455,4104,3832,17,3849,32
2020-10-10,San Mateo,081,765935,10791,10218,11,10229,130
2020-10-10,Santa Barbara,083,443738,9567,9417,82,9499,116
2020-10-10,Santa Clara,085,1922200,23717,22354,49,22403,330
2020-10-10,Santa Cruz,087,273765,2664,2572,32,2604,13
2020-10-10,Shasta,089,179085,1790,1473,17,1490,20
2020-10-10,Sierra,091,2930,6,6,0,6,0
2020-10-10,Siskiyou,093,43540,172,161,10,171,0
2020-10-10,Solano,095,438530,6871,6655,39,6694,53
2020-10-10,Sonoma,097,501317,8721,8235,23,8258,133
2020-10-10,Stanislaus,099,539301,17128,16960,615,17575,360
2020-10-10,Sutter,101,95872,1755,1735,1,1736,12
2020-10-10,Tehama,103,63373,731,693,2,695,3
2020-10-10,Trinity,105,12862,69,19,8,27,0
2020-10-10,Tulare,107,460477,17240,16709,220,16929,286
2020-10-10,Tuolumne,109,53932,249,233,6,239,4
2020-10-10,Ventura,111,848112,14218,13520,277,13797,151
2020-10-10,Yolo,113,214977,3029,2939,7,2946,55
2020-10-10,Yuba,115,75493,1160,1134,3,1137,10
2020-10-09,Alameda,001,1643700,22546,21924,198,22122,399
2020-10-09,Alpine,003,1148,3,3,0,3,0
2020-10-09,Amador,005,37829,306,303,0,303,16
2020-10-09,Butte,007,227075,3066,2956,50,3006,51
2020-10-09,Calaveras,009,45235,318,262,0,262,11
2020-10-09,Colusa,011,21464,540,541,1,542,6
2020-10-09,Contra Costa,013,1133247,18075,17487,88,17575,229
2020-10-09,Del Norte,015,27424,165,161,0,161,2
2020-10-09,El Dorado,017,186661,1299,1234,12,1246,4
2020-10-09,Fresno,019,978130,32074,29208,405,29613,417
2020-10-09,Glenn,021,27897,632,617,0,617,3
2020-10-09,Humboldt,023,135768,533,516,1,517,7
2020-10-09,Imperial,025,180216,12298,11516,10,11526,330
2020-10-09,Inyo,027,18085,207,200,4,204,14
2020-10-09,Kern,029,883053,32964,32237,368,32605,417
2020-10-09,Kings,031,150075,8273,7993,41,8034,80
2020-10-09,Lake,033,64148,657,610,0,610,11
2020-10-09,Lassen,035,31185,762,751,2,753,0
2020-10-09,Los Angeles,037,10098052,283688,278039,2277,280316,6715
2020-10-09,Madera,039,155013,4809,4646,32,4678,50
2020-10-09,Marin,041,260295,6965,6838,18,6856,96
2020-10-09,Mariposa,043,17540,77,76,0,76,2
2020-10-09,Mendocino,045,87422,992,933,4,937,20
2020-10-09,Merced,047,269075,9239,9095,26,9121,145
2020-10-09,Modoc,049,8938,29,27,0,27,0
2020-10-09,Mono,051,14174,174,154,4,158,1
2020-10-09,Monterey,053,433212,10683,10369,44,10413,75
2020-10-09,Napa,055,140530,1861,1795,8,1803,11
2020-10-09,Nevada,057,99092,580,561,18,579,6
2020-10-09,Orange,059,3164182,57674,54746,1600,56346,1305
2020-10-09,Placer,061,380077,3908,3737,13,3750,48
2020-10-09,Plumas,063,18699,52,50,0,50,0
2020-10-09,Riverside,065,2383286,63269,61529,233,61762,1252
2020-10-09,Sacramento,067,1510023,24040,23606,29,23635,457
2020-10-09,San Benito,069,59416,1376,1367,0,1367,13
2020-10-09,San Bernardino,071,2135413,58776,56434,368,56802,1057
2020-10-09,San Diego,073,3302833,51927,49825,1243,51068,821
2020-10-09,San Francisco,075,870044,11751,11620,37,11657,120
2020-10-09,San Joaquin,077,732212,20998,20648,92,20740,481
2020-10-09,San Luis Obispo,079,281455,4085,3810,17,3827,32
2020-10-09,San Mateo,081,765935,10763,10140,11,10151,130
2020-10-09,Santa Barbara,083,443738,9539,9396,82,9478,116
2020-10-09,Santa Clara,085,1922200,23615,22251,48,22299,328
2020-10-09,Santa Cruz,087,273765,2655,2555,32,2587,13
2020-10-09,Shasta,089,179085,1764,1353,16,1369,20
2020-10-09,Sierra,091,2930,6,6,0,6,0
2020-10-09,Siskiyou,093,43540,170,156,10,166,0
2020-10-09,Solano,095,438530,6832,6614,39,6653,53
2020-10-09,Sonoma,097,501317,8667,8133,23,8156,133
2020-10-09,Stanislaus,099,539301,17103,16904,608,17512,362
2020-10-09,Sutter,101,95872,1751,1732,1,1733,12
2020-10-09,Tehama,103,63373,725,682,2,684,3
2020-10-09,Trinity,105,12862,69,25,8,33,0
2020-10-09,Tulare,107,460477,17200,16644,211,16855,286
2020-10-09,Tuolumne,109,53932,246,230,6,236,4
2020-10-09,Ventura,111,848112,14182,13469,274,13743,151
2020-10-09,Yolo,113,214977,3022,2928,7,2935,55
2020-10-09,Yuba,115,75493,1159,1129,3,1132,10
2020-10-08,Alameda,001,1643700,22465,21826,197,22023,395
2020-10-08,Alpine,003,1148,3,3,0,3,0
2020-10-08,Amador,005,37829,305,302,0,302,16
2020-10-08,Butte,007,227075,3056,2935,50,2985,51
2020-10-08,Calaveras,009,45235,317,262,0,262,11
2020-10-08,Colusa,011,21464,540,539,1,540,6
2020-10-08,Contra Costa,013,1133247,18015,17418,87,17505,228
2020-10-08,Del Norte,015,27424,165,151,0,151,2
2020-10-08,El Dorado,017,186661,1298,1230,12,1242,4
2020-10-08,Fresno,019,978130,31969,29111,405,29516,416
2020-10-08,Glenn,021,27897,629,616,0,616,3
2020-10-08,Humboldt,023,135768,529,515,1,516,7
2020-10-08,Imperial,025,180216,12258,11405,10,11415,330
2020-10-08,Inyo,027,18085,204,199,4,203,14
2020-10-08,Kern,029,883053,32906,32169,363,32532,411
2020-10-08,Kings,031,150075,8267,7968,41,8009,80
2020-10-08,Lake,033,64148,652,604,0,604,11
2020-10-08,Lassen,035,31185,757,751,2,753,0
2020-10-08,Los Angeles,037,10098052,282486,276763,2237,279000,6699
2020-10-08,Madera,039,155013,4791,4637,32,4669,50
2020-10-08,Marin,041,260295,6951,6810,18,6828,96
2020-10-08,Mariposa,043,17540,77,76,0,76,2
2020-10-08,Mendocino,045,87422,987,930,4,934,20
2020-10-08,Merced,047,269075,9219,9069,26,9095,144
2020-10-08,Modoc,049,8938,29,27,0,27,0
2020-10-08,Mono,051,14174,174,153,4,157,1
2020-10-08,Monterey,053,433212,10616,10343,44,10387,75
2020-10-08,Napa,055,140530,1846,1779,8,1787,11
2020-10-08,Nevada,057,99092,577,556,18,574,6
2020-10-08,Orange,059,3164182,57481,54523,1589,56112,1293
2020-10-08,Placer,061,380077,3890,3715,13,3728,48
2020-10-08,Plumas,063,18699,52,50,0,50,0
2020-10-08,Riverside,065,2383286,63001,61105,232,61337,1244
2020-10-08,Sacramento,067,1510023,23933,23482,29,23511,454
2020-10-08,San Benito,069,59416,1371,1367,0,1367,13
2020-10-08,San Bernardino,071,2135413,58411,56152,367,56519,1048
2020-10-08,San Diego,073,3302833,51647,49468,1211,50679,819
2020-10-08,San Francisco,075,870044,11713,11608,37,11645,115
2020-10-08,San Joaquin,077,732212,20946,20576,87,20663,478
2020-10-08,San Luis Obispo,079,281455,4069,3785,17,3802,32
2020-10-08,San Mateo,081,765935,10731,10044,11,10055,130
2020-10-08,Santa Barbara,083,443738,9511,9374,82,9456,116
2020-10-08,Santa Clara,085,1922200,23513,22095,48,22143,323
2020-10-08,Santa Cruz,087,273765,2643,2535,32,2567,13
2020-10-08,Shasta,089,179085,1730,1305,16,1321,20
2020-10-08,Sierra,091,2930,6,6,0,6,0
2020-10-08,Siskiyou,093,43540,170,156,10,166,0
2020-10-08,Solano,095,438530,6808,6556,39,6595,53
2020-10-08,Sonoma,097,501317,8601,8063,23,8086,132
2020-10-08,Stanislaus,099,539301,17057,16821,600,17421,360
2020-10-08,Sutter,101,95872,1751,1725,1,1726,12
2020-10-08,Tehama,103,63373,716,676,2,678,3
2020-10-08,Trinity,105,12862,68,25,8,33,0
2020-10-08,Tulare,107,460477,17139,16573,203,16776,283
2020-10-08,Tuolumne,109,53932,245,230,6,236,4
2020-10-08,Ventura,111,848112,14134,13399,272,13671,151
2020-10-08,Yolo,113,214977,3005,2914,7,2921,55
2020-10-08,Yuba,115,75493,1154,1126,3,1129,10
2020-10-07,Alameda,001,1643700,22388,21736,197,21933,395
2020-10-07,Alpine,003,1148,3,3,0,3,0
2020-10-07,Amador,005,37829,305,302,0,302,16
2020-10-07,Butte,007,227075,3044,2927,50,2977,47
2020-10-07,Calaveras,009,45235,315,262,0,262,11
2020-10-07,Colusa,011,21464,539,539,0,539,6
2020-10-07,Contra Costa,013,1133247,17945,17346,86,17432,225
2020-10-07,Del Norte,015,27424,164,149,0,149,2
2020-10-07,El Dorado,017,186661,1290,1219,12,1231,4
2020-10-07,Fresno,019,978130,31848,29069,400,29469,413
2020-10-07,Glenn,021,27897,629,615,0,615,3
2020-10-07,Humboldt,023,135768,526,512,1,513,7
2020-10-07,Imperial,025,180216,12221,11289,9,11298,330
2020-10-07,Inyo,027,18085,204,199,4,203,14
2020-10-07,Kern,029,883053,32833,32068,362,32430,410
2020-10-07,Kings,031,150075,8252,7948,41,7989,80
2020-10-07,Lake,033,64148,651,599,0,599,11
2020-10-07,Lassen,035,31185,757,751,2,753,0
2020-10-07,Los Angeles,037,10098052,281304,275559,2205,277764,6681
2020-10-07,Madera,039,155013,4771,4618,32,4650,50
2020-10-07,Marin,041,260295,6924,6790,18,6808,95
2020-10-07,Mariposa,043,17540,77,75,0,75,2
2020-10-07,Mendocino,045,87422,981,927,4,931,19
2020-10-07,Merced,047,269075,9182,9045,25,9070,144
2020-10-07,Modoc,049,8938,29,27,0,27,0
2020-10-07,Mono,051,14174,173,153,3,156,1
2020-10-07,Monterey,053,433212,10557,10272,44,10316,75
2020-10-07,Napa,055,140530,1833,1774,8,1782,11
2020-10-07,Nevada,057,99092,573,552,18,570,6
2020-10-07,Orange,059,3164182,57264,54332,1578,55910,1277
2020-10-07,Placer,061,380077,3874,3693,13,3706,48
2020-10-07,Plumas,063,18699,52,50,0,50,0
2020-10-07,Riverside,065,2383286,62654,60857,228,61085,1241
2020-10-07,Sacramento,067,1510023,23836,23380,29,23409,452
2020-10-07,San Benito,069,59416,1368,1363,0,1363,13
2020-10-07,San Bernardino,071,2135413,58062,55738,366,56104,1043
2020-10-07,San Diego,073,3302833,51331,49177,1187,50364,813
2020-10-07,San Francisco,075,870044,11677,11551,37,11588,115
2020-10-07,San Joaquin,077,732212,20894,20527,80,20607,478
2020-10-07,San Luis Obispo,079,281455,4039,3749,17,3766,32
2020-10-07,San Mateo,081,765935,10688,9980,11,9991,130
2020-10-07,Santa Barbara,083,443738,9485,9350,81,9431,116
2020-10-07,Santa Clara,085,1922200,23385,21993,48,22041,320
2020-10-07,Santa Cruz,087,273765,2631,2518,32,2550,14
2020-10-07,Shasta,089,179085,1687,1268,16,1284,20
2020-10-07,Sierra,091,2930,6,6,0,6,0
2020-10-07,Siskiyou,093,43540,168,154,10,164,0
2020-10-07,Solano,095,438530,6773,6526,39,6565,53
2020-10-07,Sonoma,097,501317,8526,7993,22,8015,130
2020-10-07,Stanislaus,099,539301,17022,16786,594,17380,357
2020-10-07,Sutter,101,95872,1748,1723,1,1724,12
2020-10-07,Tehama,103,63373,707,666,2,668,3
2020-10-07,Trinity,105,12862,64,25,8,33,0
2020-10-07,Tulare,107,460477,17096,16483,195,16678,282
2020-10-07,Tuolumne,109,53932,245,227,6,233,3
2020-10-07,Ventura,111,848112,14084,13333,266,13599,150
2020-10-07,Yolo,113,214977,2980,2904,7,2911,55
2020-10-07,Yuba,115,75493,1148,1120,3,1123,10
2020-10-06,Alameda,001,1643700,22297,21698,195,21893,385
2020-10-06,Alpine,003,1148,3,3,0,3,0
2020-10-06,Amador,005,37829,303,301,0,301,16
2020-10-06,Butte,007,227075,3037,2925,50,2975,47
2020-10-06,Calaveras,009,45235,315,261,0,261,11
2020-10-06,Colusa,011,21464,538,538,0,538,6
2020-10-06,Contra Costa,013,1133247,17866,17295,86,17381,219
2020-10-06,Del Norte,015,27424,164,144,0,144,2
2020-10-06,El Dorado,017,186661,1286,1211,12,1223,4
2020-10-06,Fresno,019,978130,31705,29022,397,29419,412
2020-10-06,Glenn,021,27897,626,604,0,604,3
2020-10-06,Humboldt,023,135768,523,508,1,509,7
2020-10-06,Imperial,025,180216,12183,11196,9,11205,327
2020-10-06,Inyo,027,18085,202,198,4,202,14
2020-10-06,Kern,029,883053,32757,32006,360,32366,407
2020-10-06,Kings,031,150075,8236,7943,41,7984,81
2020-10-06,Lake,033,64148,645,596,0,596,11
2020-10-06,Lassen,035,31185,757,743,2,745,0
2020-10-06,Los Angeles,037,10098052,280066,274115,2156,276271,6657
2020-10-06,Madera,039,155013,4759,4608,32,4640,50
2020-10-06,Marin,041,260295,6909,6766,18,6784,91
2020-10-06,Mariposa,043,17540,77,75,0,75,2
2020-10-06,Mendocino,045,87422,974,920,4,924,19
2020-10-06,Merced,047,269075,9146,9034,24,9058,143
2020-10-06,Modoc,049,8938,29,26,0,26,0
2020-10-06,Mono,051,14174,173,153,3,156,1
2020-10-06,Monterey,053,433212,10502,10235,42,10277,72
2020-10-06,Napa,055,140530,1827,1770,8,1778,11
2020-10-06,Nevada,057,99092,570,551,18,569,6
2020-10-06,Orange,059,3164182,57048,54203,1569,55772,1273
2020-10-06,Placer,061,380077,3852,3680,13,3693,48
2020-10-06,Plumas,063,18699,52,49,0,49,0
2020-10-06,Riverside,065,2383286,62389,60593,226,60819,1238
2020-10-06,Sacramento,067,1510023,23750,23322,29,23351,442
2020-10-06,San Benito,069,59416,1367,1358,0,1358,12
2020-10-06,San Bernardino,071,2135413,57748,55416,361,55777,1040
2020-10-06,San Diego,073,3302833,50994,48823,1170,49993,806
2020-10-06,San Francisco,075,870044,11651,11513,36,11549,115
2020-10-06,San Joaquin,077,732212,20854,20481,77,20558,477
2020-10-06,San Luis Obispo,079,281455,4005,3723,17,3740,32
2020-10-06,San Mateo,081,765935,10656,9934,11,9945,129
2020-10-06,Santa Barbara,083,443738,9456,9331,80,9411,116
2020-10-06,Santa Clara,085,1922200,23290,21914,48,21962,320
2020-10-06,Santa Cruz,087,273765,2609,2510,32,2542,12
2020-10-06,Shasta,089,179085,1647,1242,16,1258,18
2020-10-06,Sierra,091,2930,6,6,0,6,0
2020-10-06,Siskiyou,093,43540,168,154,10,164,0
2020-10-06,Solano,095,438530,6727,6506,39,6545,52
2020-10-06,Sonoma,097,501317,8433,7895,22,7917,130
2020-10-06,Stanislaus,099,539301,16977,16759,588,17347,354
2020-10-06,Sutter,101,95872,1746,1722,1,1723,12
2020-10-06,Tehama,103,63373,697,660,2,662,3
2020-10-06,Trinity,105,12862,64,25,8,33,0
2020-10-06,Tulare,107,460477,17054,16456,187,16643,280
2020-10-06,Tuolumne,109,53932,244,227,6,233,2
2020-10-06,Ventura,111,848112,14017,13242,261,13503,150
2020-10-06,Yolo,113,214977,2966,2899,7,2906,56
2020-10-06,Yuba,115,75493,1147,1114,3,1117,10
2020-10-05,Alameda,001,1643700,22209,21637,192,21829,383
2020-10-05,Alpine,003,1148,3,2,0,2,0
2020-10-05,Amador,005,37829,303,299,0,299,16
2020-10-05,Butte,007,227075,3027,2910,50,2960,46
2020-10-05,Calaveras,009,45235,315,259,0,259,11
2020-10-05,Colusa,011,21464,538,537,0,537,6
2020-10-05,Contra Costa,013,1133247,17789,17250,86,17336,216
2020-10-05,Del Norte,015,27424,161,142,0,142,2
2020-10-05,El Dorado,017,186661,1282,1202,11,1213,4
2020-10-05,Fresno,019,978130,31588,29136,397,29533,408
2020-10-05,Glenn,021,27897,624,603,0,603,3
2020-10-05,Humboldt,023,135768,522,506,1,507,6
2020-10-05,Imperial,025,180216,12142,11169,9,11178,327
2020-10-05,Inyo,027,18085,202,197,4,201,14
2020-10-05,Kern,029,883053,32678,31933,356,32289,404
2020-10-05,Kings,031,150075,8139,7932,41,7973,80
2020-10-05,Lake,033,64148,641,592,0,592,10
2020-10-05,Lassen,035,31185,756,743,2,745,0
2020-10-05,Los Angeles,037,10098052,278971,273200,2117,275317,6632
2020-10-05,Madera,039,155013,4751,4598,30,4628,50
2020-10-05,Marin,041,260295,6892,6751,18,6769,91
2020-10-05,Mariposa,043,17540,77,75,0,75,2
2020-10-05,Mendocino,045,87422,966,913,4,917,19
2020-10-05,Merced,047,269075,9127,9021,23,9044,143
2020-10-05,Modoc,049,8938,29,26,0,26,0
2020-10-05,Mono,051,14174,173,152,3,155,1
2020-10-05,Monterey,053,433212,10455,10187,42,10229,72
2020-10-05,Napa,055,140530,1816,1760,8,1768,11
2020-10-05,Nevada,057,99092,567,550,17,567,6
2020-10-05,Orange,059,3164182,56832,54103,1556,55659,1271
2020-10-05,Placer,061,380077,3826,3670,13,3683,46
2020-10-05,Plumas,063,18699,51,49,0,49,0
2020-10-05,Riverside,065,2383286,62069,60454,222,60676,1232
2020-10-05,Sacramento,067,1510023,23646,23207,29,23236,438
2020-10-05,San Benito,069,59416,1364,1356,0,1356,12
2020-10-05,San Bernardino,071,2135413,57441,55100,360,55460,1031
2020-10-05,San Diego,073,3302833,50658,48662,1146,49808,803
2020-10-05,San Francisco,075,870044,11612,11476,34,11510,110
2020-10-05,San Joaquin,077,732212,20784,20319,74,20393,476
2020-10-05,San Luis Obispo,079,281455,3978,3710,17,3727,32
2020-10-05,San Mateo,081,765935,10629,9896,11,9907,128
2020-10-05,Santa Barbara,083,443738,9434,9309,80,9389,116
2020-10-05,Santa Clara,085,1922200,23173,21861,48,21909,319
2020-10-05,Santa Cruz,087,273765,2597,2492,32,2524,9
2020-10-05,Shasta,089,179085,1615,1158,16,1174,18
2020-10-05,Sierra,091,2930,6,6,0,6,0
2020-10-05,Siskiyou,093,43540,168,153,10,163,0
2020-10-05,Solano,095,438530,6689,6475,39,6514,52
2020-10-05,Sonoma,097,501317,8341,7817,22,7839,130
2020-10-05,Stanislaus,099,539301,16941,16730,581,17311,351
2020-10-05,Sutter,101,95872,1738,1719,1,1720,12
2020-10-05,Tehama,103,63373,689,642,2,644,3
2020-10-05,Trinity,105,12862,62,22,8,30,0
2020-10-05,Tulare,107,460477,16995,16343,182,16525,278
2020-10-05,Tuolumne,109,53932,241,226,6,232,2
2020-10-05,Ventura,111,848112,13948,13224,242,13466,149
2020-10-05,Yolo,113,214977,2947,2889,7,2896,56
2020-10-05,Yuba,115,75493,1134,1108,3,1111,9
2020-10-04,Alameda,001,1643700,22113,21597,192,21789,383
2020-10-04,Alpine,003,1148,3,2,0,2,0
2020-10-04,Amador,005,37829,302,297,0,297,16
2020-10-04,Butte,007,227075,3013,2903,50,2953,46
2020-10-04,Calaveras,009,45235,315,259,0,259,11
2020-10-04,Colusa,011,21464,537,537,0,537,6
2020-10-04,Contra Costa,013,1133247,17725,17192,86,17278,214
2020-10-04,Del Norte,015,27424,157,142,0,142,2
2020-10-04,El Dorado,017,186661,1278,1196,11,1207,4
2020-10-04,Fresno,019,978130,31465,29065,397,29462,408
2020-10-04,Glenn,021,27897,622,601,0,601,3
2020-10-04,Humboldt,023,135768,521,506,1,507,6
2020-10-04,Imperial,025,180216,12103,11127,9,11136,327
2020-10-04,Inyo,027,18085,199,195,4,199,14
2020-10-04,Kern,029,883053,32603,31906,353,32259,404
2020-10-04,Kings,031,150075,8124,7919,41,7960,80
2020-10-04,Lake,033,64148,627,589,0,589,10
2020-10-04,Lassen,035,31185,756,743,2,745,0
2020-10-04,Los Angeles,037,10098052,277584,272822,2070,274892,6625
2020-10-04,Madera,039,155013,4735,4587,30,4617,50
2020-10-04,Marin,041,260295,6872,6741,18,6759,91
2020-10-04,Mariposa,043,17540,77,75,0,75,2
2020-10-04,Mendocino,045,87422,953,905,4,909,18
2020-10-04,Merced,047,269075,9102,9006,23,9029,140
2020-10-04,Modoc,049,8938,29,26,0,26,0
2020-10-04,Mono,051,14174,172,152,2,154,1
2020-10-04,Monterey,053,433212,10414,10141,41,10182,72
2020-10-04,Napa,055,140530,1804,1759,8,1767,11
2020-10-04,Nevada,057,99092,563,547,16,563,6
2020-10-04,Orange,059,3164182,56596,53966,1547,55513,1270
2020-10-04,Placer,061,380077,3805,3664,13,3677,46
2020-10-04,Plumas,063,18699,51,49,0,49,0
2020-10-04,Riverside,065,2383286,61783,60251,218,60469,1226
2020-10-04,Sacramento,067,1510023,23530,23162,29,23191,438
2020-10-04,San Benito,069,59416,1364,1355,0,1355,12
2020-10-04,San Bernardino,071,2135413,56992,55100,358,55458,1031
2020-10-04,San Diego,073,3302833,50291,48438,1121,49559,803
2020-10-04,San Francisco,075,870044,11580,11474,32,11506,110
2020-10-04,San Joaquin,077,732212,20707,20320,68,20388,476
2020-10-04,San Luis Obispo,079,281455,3953,3688,17,3705,31
2020-10-04,San Mateo,081,765935,10569,9858,11,9869,128
2020-10-04,Santa Barbara,083,443738,9408,9276,78,9354,116
2020-10-04,Santa Clara,085,1922200,23036,21780,48,21828,316
2020-10-04,Santa Cruz,087,273765,2581,2483,32,2515,9
2020-10-04,Shasta,089,179085,1517,1158,15,1173,18
2020-10-04,Sierra,091,2930,6,6,0,6,0
2020-10-04,Siskiyou,093,43540,168,153,10,163,0
2020-10-04,Solano,095,438530,6638,6445,39,6484,52
2020-10-04,Sonoma,097,501317,8253,7794,22,7816,129
2020-10-04,Stanislaus,099,539301,16891,16711,572,17283,351
2020-10-04,Sutter,101,95872,1735,1711,1,1712,11
2020-10-04,Tehama,103,63373,673,637,2,639,3
2020-10-04,Trinity,105,12862,61,21,8,29,0
2020-10-04,Tulare,107,460477,16918,16343,171,16514,278
2020-10-04,Tuolumne,109,53932,239,226,6,232,2
2020-10-04,Ventura,111,848112,13866,13197,225,13422,149
2020-10-04,Yolo,113,214977,2936,2875,7,2882,56
2020-10-04,Yuba,115,75493,1130,1103,3,1106,9
2020-10-03,Alameda,001,1643700,22067,21510,191,21701,386
2020-10-03,Alpine,003,1148,3,2,0,2,0
2020-10-03,Amador,005,37829,301,296,0,296,16
2020-10-03,Butte,007,227075,3007,2894,50,2944,46
2020-10-03,Calaveras,009,45235,315,259,0,259,11
2020-10-03,Colusa,011,21464,536,537,0,537,6
2020-10-03,Contra Costa,013,1133247,17675,17087,84,17171,213
2020-10-03,Del Norte,015,27424,153,142,0,142,2
2020-10-03,El Dorado,017,186661,1271,1188,11,1199,4
2020-10-03,Fresno,019,978130,31405,28975,396,29371,408
2020-10-03,Glenn,021,27897,620,601,0,601,3
2020-10-03,Humboldt,023,135768,520,504,1,505,6
2020-10-03,Imperial,025,180216,12080,11090,9,11099,327
2020-10-03,Inyo,027,18085,199,194,4,198,14
2020-10-03,Kern,029,883053,32553,31864,349,32213,403
2020-10-03,Kings,031,150075,8120,7887,41,7928,80
2020-10-03,Lake,033,64148,617,588,0,588,10
2020-10-03,Lassen,035,31185,756,743,2,745,0
2020-10-03,Los Angeles,037,10098052,276877,271869,2041,273910,6620
2020-10-03,Madera,039,155013,4718,4565,30,4595,50
2020-10-03,Marin,041,260295,6866,6728,18,6746,91
2020-10-03,Mariposa,043,17540,77,75,0,75,2
2020-10-03,Mendocino,045,87422,951,898,4,902,18
2020-10-03,Merced,047,269075,9089,8986,23,9009,139
2020-10-03,Modoc,049,8938,29,26,0,26,0
2020-10-03,Mono,051,14174,171,152,2,154,1
2020-10-03,Monterey,053,433212,10380,10092,38,10130,72
2020-10-03,Napa,055,140530,1800,1752,8,1760,11
2020-10-03,Nevada,057,99092,562,544,16,560,6
2020-10-03,Orange,059,3164182,56479,53573,1542,55115,1268
2020-10-03,Placer,061,380077,3794,3648,13,3661,47
2020-10-03,Plumas,063,18699,51,48,0,48,0
2020-10-03,Riverside,065,2383286,61631,59991,216,60207,1226
2020-10-03,Sacramento,067,1510023,23479,23076,29,23105,437
2020-10-03,San Benito,069,59416,1364,1351,0,1351,12
2020-10-03,San Bernardino,071,2135413,56819,55004,355,55359,1031
2020-10-03,San Diego,073,3302833,50060,48202,1104,49306,798
2020-10-03,San Francisco,075,870044,11555,11475,30,11505,110
2020-10-03,San Joaquin,077,732212,20681,20322,68,20390,476
2020-10-03,San Luis Obispo,079,281455,3929,3670,17,3687,31
2020-10-03,San Mateo,081,765935,10542,9822,10,9832,128
2020-10-03,Santa Barbara,083,443738,9395,9256,78,9334,116
2020-10-03,Santa Clara,085,1922200,22956,21672,48,21720,309
2020-10-03,Santa Cruz,087,273765,2573,2476,32,2508,9
2020-10-03,Shasta,089,179085,1489,1117,14,1131,18
2020-10-03,Sierra,091,2930,6,6,0,6,0
2020-10-03,Siskiyou,093,43540,168,152,10,162,0
2020-10-03,Solano,095,438530,6612,6419,39,6458,52
2020-10-03,Sonoma,097,501317,8211,7747,22,7769,129
2020-10-03,Stanislaus,099,539301,16858,16645,568,17213,351
2020-10-03,Sutter,101,95872,1731,1705,1,1706,11
2020-10-03,Tehama,103,63373,667,630,2,632,3
2020-10-03,Trinity,105,12862,61,15,8,23,0
2020-10-03,Tulare,107,460477,16874,16322,167,16489,278
2020-10-03,Tuolumne,109,53932,238,224,6,230,2
2020-10-03,Ventura,111,848112,13828,13150,221,13371,148
2020-10-03,Yolo,113,214977,2929,2863,7,2870,56
2020-10-03,Yuba,115,75493,1122,1097,3,1100,8
2020-10-02,Alameda,001,1643700,22012,21404,190,21594,382
2020-10-02,Alpine,003,1148,3,2,0,2,0
2020-10-02,Amador,005,37829,300,296,0,296,16
2020-10-02,Butte,007,227075,2997,2879,50,2929,46
2020-10-02,Calaveras,009,45235,314,259,0,259,11
2020-10-02,Colusa,011,21464,535,537,0,537,6
2020-10-02,Contra Costa,013,1133247,17632,17002,83,17085,213
2020-10-02,Del Norte,015,27424,152,141,0,141,2
2020-10-02,El Dorado,017,186661,1264,1168,11,1179,4
2020-10-02,Fresno,019,978130,31322,28855,396,29251,403
2020-10-02,Glenn,021,27897,615,594,0,594,3
2020-10-02,Humboldt,023,135768,519,503,1,504,6
2020-10-02,Imperial,025,180216,12058,11024,9,11033,327
2020-10-02,Inyo,027,18085,197,191,4,195,14
2020-10-02,Kern,029,883053,32501,31790,342,32132,399
2020-10-02,Kings,031,150075,8111,7716,41,7757,79
2020-10-02,Lake,033,64148,611,579,0,579,10
2020-10-02,Lassen,035,31185,756,742,2,744,0
2020-10-02,Los Angeles,037,10098052,275976,270935,2015,272950,6602
2020-10-02,Madera,039,155013,4710,4537,30,4567,49
2020-10-02,Marin,041,260295,6849,6717,18,6735,91
2020-10-02,Mariposa,043,17540,77,75,0,75,2
2020-10-02,Mendocino,045,87422,946,883,4,887,18
2020-10-02,Merced,047,269075,9079,8961,23,8984,139
2020-10-02,Modoc,049,8938,29,26,0,26,0
2020-10-02,Mono,051,14174,171,150,2,152,1
2020-10-02,Monterey,053,433212,10346,9997,38,10035,71
2020-10-02,Napa,055,140530,1794,1737,8,1745,11
2020-10-02,Nevada,057,99092,559,543,16,559,6
2020-10-02,Orange,059,3164182,56348,53299,1535,54834,1262
2020-10-02,Placer,061,380077,3774,3612,13,3625,46
2020-10-02,Plumas,063,18699,51,48,0,48,0
2020-10-02,Riverside,065,2383286,61410,59673,213,59886,1223
2020-10-02,Sacramento,067,1510023,23414,22818,29,22847,436
2020-10-02,San Benito,069,59416,1360,1347,0,1347,12
2020-10-02,San Bernardino,071,2135413,56633,54613,355,54968,1028
2020-10-02,San Diego,073,3302833,49808,47793,1088,48881,794
2020-10-02,San Francisco,075,870044,11532,11398,30,11428,110
2020-10-02,San Joaquin,077,732212,20647,20235,67,20302,474
2020-10-02,San Luis Obispo,079,281455,3906,3654,17,3671,31
2020-10-02,San Mateo,081,765935,10501,9745,10,9755,128
2020-10-02,Santa Barbara,083,443738,9372,9234,78,9312,116
2020-10-02,Santa Clara,085,1922200,22870,21545,47,21592,305
2020-10-02,Santa Cruz,087,273765,2556,2463,32,2495,9
2020-10-02,Shasta,089,179085,1454,1046,14,1060,18
2020-10-02,Sierra,091,2930,6,6,0,6,0
2020-10-02,Siskiyou,093,43540,168,151,10,161,0
2020-10-02,Solano,095,438530,6582,6385,39,6424,52
2020-10-02,Sonoma,097,501317,8154,7662,22,7684,125
2020-10-02,Stanislaus,099,539301,16817,16609,559,17168,349
2020-10-02,Sutter,101,95872,1730,1693,1,1694,11
2020-10-02,Tehama,103,63373,662,619,2,621,3
2020-10-02,Trinity,105,12862,61,15,8,23,0
2020-10-02,Tulare,107,460477,16833,16245,160,16405,278
2020-10-02,Tuolumne,109,53932,236,225,6,231,2
2020-10-02,Ventura,111,848112,13789,13120,216,13336,146
2020-10-02,Yolo,113,214977,2924,2845,7,2852,55
2020-10-02,Yuba,115,75493,1120,1090,3,1093,8
2020-10-01,Alameda,001,1643700,21951,21349,186,21535,383
2020-10-01,Alpine,003,1148,3,2,0,2,0
2020-10-01,Amador,005,37829,300,294,0,294,16
2020-10-01,Butte,007,227075,2989,2865,50,2915,45
2020-10-01,Calaveras,009,45235,314,257,0,257,11
2020-10-01,Colusa,011,21464,535,536,0,536,6
2020-10-01,Contra Costa,013,1133247,17568,16898,83,16981,211
2020-10-01,Del Norte,015,27424,147,140,0,140,2
2020-10-01,El Dorado,017,186661,1260,1162,10,1172,4
2020-10-01,Fresno,019,978130,31242,28796,394,29190,397
2020-10-01,Glenn,021,27897,611,593,0,593,3
2020-10-01,Humboldt,023,135768,519,499,1,500,6
2020-10-01,Imperial,025,180216,12016,10928,9,10937,325
2020-10-01,Inyo,027,18085,197,191,4,195,14
2020-10-01,Kern,029,883053,32438,31678,337,32015,399
2020-10-01,Kings,031,150075,8100,7688,38,7726,79
2020-10-01,Lake,033,64148,605,572,0,572,11
2020-10-01,Lassen,035,31185,753,742,2,744,0
2020-10-01,Los Angeles,037,10098052,274930,271513,1982,273495,6621
2020-10-01,Madera,039,155013,4687,4508,30,4538,48
2020-10-01,Marin,041,260295,6835,6710,18,6728,92
2020-10-01,Mariposa,043,17540,77,76,0,76,2
2020-10-01,Mendocino,045,87422,941,874,4,878,19
2020-10-01,Merced,047,269075,9052,8942,23,8965,138
2020-10-01,Modoc,049,8938,29,26,0,26,0
2020-10-01,Mono,051,14174,169,150,2,152,1
2020-10-01,Monterey,053,433212,10270,9958,38,9996,71
2020-10-01,Napa,055,140530,1786,1729,8,1737,11
2020-10-01,Nevada,057,99092,558,543,16,559,6
2020-10-01,Orange,059,3164182,56182,53088,1522,54610,1257
2020-10-01,Placer,061,380077,3747,3599,13,3612,45
2020-10-01,Plumas,063,18699,51,48,0,48,0
2020-10-01,Riverside,065,2383286,61157,59293,207,59500,1223
2020-10-01,Sacramento,067,1510023,23302,22714,28,22742,433
2020-10-01,San Benito,069,59416,1358,1346,0,1346,12
2020-10-01,San Bernardino,071,2135413,56340,54350,352,54702,1021
2020-10-01,San Diego,073,3302833,49526,47487,1068,48555,792
2020-10-01,San Francisco,075,870044,11501,11284,28,11312,110
2020-10-01,San Joaquin,077,732212,20601,20204,64,20268,471
2020-10-01,San Luis Obispo,079,281455,3879,3625,17,3642,31
2020-10-01,San Mateo,081,765935,10456,9681,10,9691,128
2020-10-01,Santa Barbara,083,443738,9332,9215,78,9293,118
2020-10-01,Santa Clara,085,1922200,22769,21398,47,21445,305
2020-10-01,Santa Cruz,087,273765,2541,2418,32,2450,10
2020-10-01,Shasta,089,179085,1403,991,14,1005,18
2020-10-01,Sierra,091,2930,6,6,0,6,0
2020-10-01,Siskiyou,093,43540,165,150,10,160,0
2020-10-01,Solano,095,438530,6544,6352,39,6391,52
2020-10-01,Sonoma,097,501317,8087,7569,22,7591,125
2020-10-01,Stanislaus,099,539301,16784,16555,553,17108,346
2020-10-01,Sutter,101,95872,1725,1684,1,1685,11
2020-10-01,Tehama,103,63373,652,606,2,608,3
2020-10-01,Trinity,105,12862,61,15,8,23,0
2020-10-01,Tulare,107,460477,16758,16182,157,16339,275
2020-10-01,Tuolumne,109,53932,236,223,6,229,2
2020-10-01,Ventura,111,848112,13737,13057,203,13260,146
2020-10-01,Yolo,113,214977,2906,2833,7,2840,55
2020-10-01,Yuba,115,75493,1116,1082,3,1085,8
2020-09-30,Alameda,001,1643700,21873,21271,183,21454,380
2020-09-30,Alpine,003,1148,3,2,0,2,0
2020-09-30,Amador,005,37829,300,294,0,294,16
2020-09-30,Butte,007,227075,2981,2858,50,2908,44
2020-09-30,Calaveras,009,45235,313,258,0,258,11
2020-09-30,Colusa,011,21464,534,534,0,534,6
2020-09-30,Contra Costa,013,1133247,17500,16819,83,16902,211
2020-09-30,Del Norte,015,27424,146,140,0,140,2
2020-09-30,El Dorado,017,186661,1248,1157,10,1167,4
2020-09-30,Fresno,019,978130,31151,28706,391,29097,395
2020-09-30,Glenn,021,27897,606,592,0,592,3
2020-09-30,Humboldt,023,135768,517,497,1,498,6
2020-09-30,Imperial,025,180216,11991,10868,9,10877,287
2020-09-30,Inyo,027,18085,196,189,4,193,14
2020-09-30,Kern,029,883053,32362,31601,336,31937,398
2020-09-30,Kings,031,150075,8072,7685,38,7723,79
2020-09-30,Lake,033,64148,599,567,0,567,10
2020-09-30,Lassen,035,31185,750,742,2,744,0
2020-09-30,Los Angeles,037,10098052,273708,270260,1949,272209,6568
2020-09-30,Madera,039,155013,4678,4477,30,4507,47
2020-09-30,Marin,041,260295,6811,6700,17,6717,91
2020-09-30,Mariposa,043,17540,77,76,0,76,2
2020-09-30,Mendocino,045,87422,935,867,4,871,17
2020-09-30,Merced,047,269075,9032,8926,23,8949,136
2020-09-30,Modoc,049,8938,29,26,0,26,0
2020-09-30,Mono,051,14174,169,150,2,152,1
2020-09-30,Monterey,053,433212,10219,9898,37,9935,70
2020-09-30,Napa,055,140530,1772,1728,8,1736,11
2020-09-30,Nevada,057,99092,556,540,16,556,6
2020-09-30,Orange,059,3164182,55991,52916,1507,54423,1251
2020-09-30,Placer,061,380077,3726,3585,13,3598,43
2020-09-30,Plumas,063,18699,51,48,0,48,0
2020-09-30,Riverside,065,2383286,60801,59074,203,59277,1220
2020-09-30,Sacramento,067,1510023,23199,22613,28,22641,429
2020-09-30,San Benito,069,59416,1355,1342,0,1342,12
2020-09-30,San Bernardino,071,2135413,56063,53988,351,54339,1018
2020-09-30,San Diego,073,3302833,49222,47182,1047,48229,783
2020-09-30,San Francisco,075,870044,11471,11247,28,11275,106
2020-09-30,San Joaquin,077,732212,20518,20150,62,20212,461
2020-09-30,San Luis Obispo,079,281455,3854,3597,17,3614,31
2020-09-30,San Mateo,081,765935,10414,9634,10,9644,128
2020-09-30,Santa Barbara,083,443738,9306,9186,78,9264,115
2020-09-30,Santa Clara,085,1922200,22664,21318,47,21365,302
2020-09-30,Santa Cruz,087,273765,2528,2405,32,2437,10
2020-09-30,Shasta,089,179085,1347,976,13,989,17
2020-09-30,Sierra,091,2930,6,6,0,6,0
2020-09-30,Siskiyou,093,43540,163,150,10,160,0
2020-09-30,Solano,095,438530,6502,6315,39,6354,51
2020-09-30,Sonoma,097,501317,7998,7494,22,7516,125
2020-09-30,Stanislaus,099,539301,16737,16531,547,17078,343
2020-09-30,Sutter,101,95872,1709,1680,1,1681,10
2020-09-30,Tehama,103,63373,646,594,2,596,3
2020-09-30,Trinity,105,12862,58,15,8,23,0
2020-09-30,Tulare,107,460477,16691,16117,150,16267,274
2020-09-30,Tuolumne,109,53932,234,224,6,230,2
2020-09-30,Ventura,111,848112,13702,12968,187,13155,145
2020-09-30,Yolo,113,214977,2893,2822,7,2829,55
2020-09-30,Yuba,115,75493,1113,1075,3,1078,8
2020-09-29,Alameda,001,1643700,21798,21241,180,21421,374
2020-09-29,Alpine,003,1148,3,2,0,2,0
2020-09-29,Amador,005,37829,298,294,0,294,16
2020-09-29,Butte,007,227075,2967,2848,50,2898,44
2020-09-29,Calaveras,009,45235,311,261,0,261,11
2020-09-29,Colusa,011,21464,534,534,0,534,6
2020-09-29,Contra Costa,013,1133247,17444,16716,81,16797,209
2020-09-29,Del Norte,015,27424,142,142,0,142,2
2020-09-29,El Dorado,017,186661,1239,1151,10,1161,4
2020-09-29,Fresno,019,978130,31054,28621,390,29011,394
2020-09-29,Glenn,021,27897,602,589,0,589,3
2020-09-29,Humboldt,023,135768,515,497,1,498,6
2020-09-29,Imperial,025,180216,11956,10811,9,10820,283
2020-09-29,Inyo,027,18085,195,188,4,192,14
2020-09-29,Kern,029,883053,32306,31534,335,31869,397
2020-09-29,Kings,031,150075,8016,7681,38,7719,78
2020-09-29,Lake,033,64148,597,566,0,566,11
2020-09-29,Lassen,035,31185,750,741,2,743,0
2020-09-29,Los Angeles,037,10098052,272493,269246,1921,271167,6545
2020-09-29,Madera,039,155013,4655,4453,30,4483,47
2020-09-29,Marin,041,260295,6790,6692,17,6709,91
2020-09-29,Mariposa,043,17540,77,74,0,74,2
2020-09-29,Mendocino,045,87422,925,854,4,858,17
2020-09-29,Merced,047,269075,9019,8892,21,8913,136
2020-09-29,Modoc,049,8938,29,26,0,26,0
2020-09-29,Mono,051,14174,169,149,2,151,1
2020-09-29,Monterey,053,433212,10164,9826,35,9861,70
2020-09-29,Napa,055,140530,1769,1727,8,1735,11
2020-09-29,Nevada,057,99092,551,539,16,555,6
2020-09-29,Orange,059,3164182,55804,52755,1496,54251,1231
2020-09-29,Placer,061,380077,3704,3570,13,3583,42
2020-09-29,Plumas,063,18699,51,48,0,48,0
2020-09-29,Riverside,065,2383286,60471,58863,196,59059,1208
2020-09-29,Sacramento,067,1510023,23078,22547,27,22574,425
2020-09-29,San Benito,069,59416,1350,1341,0,1341,12
2020-09-29,San Bernardino,071,2135413,55753,53753,350,54103,1012
2020-09-29,San Diego,073,3302833,48945,46987,1024,48011,781
2020-09-29,San Francisco,075,870044,11435,11142,28,11170,104
2020-09-29,San Joaquin,077,732212,20450,20094,60,20154,454
2020-09-29,San Luis Obispo,079,281455,3832,3581,17,3598,31
2020-09-29,San Mateo,081,765935,10367,9619,10,9629,127
2020-09-29,Santa Barbara,083,443738,9286,9149,77,9226,114
2020-09-29,Santa Clara,085,1922200,22528,21233,46,21279,302
2020-09-29,Santa Cruz,087,273765,2513,2383,31,2414,10
2020-09-29,Shasta,089,179085,1286,943,13,956,17
2020-09-29,Sierra,091,2930,6,6,0,6,0
2020-09-29,Siskiyou,093,43540,157,150,10,160,0
2020-09-29,Solano,095,438530,6468,6303,39,6342,51
2020-09-29,Sonoma,097,501317,7926,7426,22,7448,125
2020-09-29,Stanislaus,099,539301,16707,16505,541,17046,341
2020-09-29,Sutter,101,95872,1703,1677,1,1678,10
2020-09-29,Tehama,103,63373,628,585,2,587,2
2020-09-29,Trinity,105,12862,56,16,8,24,0
2020-09-29,Tulare,107,460477,16626,16055,143,16198,270
2020-09-29,Tuolumne,109,53932,234,224,6,230,2
2020-09-29,Ventura,111,848112,13645,12875,184,13059,145
2020-09-29,Yolo,113,214977,2880,2818,7,2825,55
2020-09-29,Yuba,115,75493,1111,1071,3,1074,8
2020-09-28,Alameda,001,1643700,21711,21133,180,21313,370
2020-09-28,Alpine,003,1148,3,2,0,2,0
2020-09-28,Amador,005,37829,296,294,0,294,16
2020-09-28,Butte,007,227075,2952,2837,50,2887,44
2020-09-28,Calaveras,009,45235,311,257,0,257,11
2020-09-28,Colusa,011,21464,533,531,0,531,6
2020-09-28,Contra Costa,013,1133247,17381,16653,81,16734,195
2020-09-28,Del Norte,015,27424,142,138,0,138,2
2020-09-28,El Dorado,017,186661,1232,1144,10,1154,4
2020-09-28,Fresno,019,978130,30973,28517,384,28901,389
2020-09-28,Glenn,021,27897,600,585,0,585,3
2020-09-28,Humboldt,023,135768,509,495,1,496,6
2020-09-28,Imperial,025,180216,11921,10777,9,10786,283
2020-09-28,Inyo,027,18085,194,188,4,192,14
2020-09-28,Kern,029,883053,32241,31481,331,31812,395
2020-09-28,Kings,031,150075,7875,7661,36,7697,78
2020-09-28,Lake,033,64148,593,559,0,559,10
2020-09-28,Lassen,035,31185,749,737,2,739,0
2020-09-28,Los Angeles,037,10098052,271386,268404,1891,270295,6508
2020-09-28,Madera,039,155013,4634,4438,30,4468,47
2020-09-28,Marin,041,260295,6774,6676,17,6693,91
2020-09-28,Mariposa,043,17540,77,74,0,74,2
2020-09-28,Mendocino,045,87422,910,850,4,854,17
2020-09-28,Merced,047,269075,8991,8869,21,8890,136
2020-09-28,Modoc,049,8938,29,26,0,26,0
2020-09-28,Mono,051,14174,169,148,2,150,1
2020-09-28,Monterey,053,433212,10099,9780,33,9813,69
2020-09-28,Napa,055,140530,1757,1705,8,1713,11
2020-09-28,Nevada,057,99092,543,538,16,554,6
2020-09-28,Orange,059,3164182,55598,52633,1487,54120,1196
2020-09-28,Placer,061,380077,3683,3572,13,3585,42
2020-09-28,Plumas,063,18699,50,48,0,48,0
2020-09-28,Riverside,065,2383286,60173,58570,187,58757,1198
2020-09-28,Sacramento,067,1510023,22931,22392,27,22419,423
2020-09-28,San Benito,069,59416,1347,1336,0,1336,11
2020-09-28,San Bernardino,071,2135413,55405,53501,350,53851,988
2020-09-28,San Diego,073,3302833,48627,46736,1004,47740,776
2020-09-28,San Francisco,075,870044,11401,11114,28,11142,100
2020-09-28,San Joaquin,077,732212,20403,19982,59,20041,448
2020-09-28,San Luis Obispo,079,281455,3811,3567,17,3584,31
2020-09-28,San Mateo,081,765935,10317,9582,10,9592,127
2020-09-28,Santa Barbara,083,443738,9268,9121,77,9198,114
2020-09-28,Santa Clara,085,1922200,22411,21180,46,21226,271
2020-09-28,Santa Cruz,087,273765,2503,2359,31,2390,9
2020-09-28,Shasta,089,179085,1232,883,10,893,17
2020-09-28,Sierra,091,2930,6,6,0,6,0
2020-09-28,Siskiyou,093,43540,157,149,10,159,0
2020-09-28,Solano,095,438530,6431,6254,39,6293,51
2020-09-28,Sonoma,097,501317,7850,7369,22,7391,125
2020-09-28,Stanislaus,099,539301,16668,16467,534,17001,336
2020-09-28,Sutter,101,95872,1696,1676,1,1677,10
2020-09-28,Tehama,103,63373,620,579,2,581,2
2020-09-28,Trinity,105,12862,56,16,8,24,0
2020-09-28,Tulare,107,460477,16573,15918,138,16056,270
2020-09-28,Tuolumne,109,53932,234,225,6,231,2
2020-09-28,Ventura,111,848112,13567,12812,178,12990,139
2020-09-28,Yolo,113,214977,2863,2809,7,2816,55
2020-09-28,Yuba,115,75493,1108,1062,3,1065,7
2020-09-27,Alameda,001,1643700,21629,21077,176,21253,370
2020-09-27,Alpine,003,1148,3,2,0,2,0
2020-09-27,Amador,005,37829,296,291,0,291,16
2020-09-27,Butte,007,227075,2941,2833,50,2883,44
2020-09-27,Calaveras,009,45235,310,257,0,257,11
2020-09-27,Colusa,011,21464,532,531,0,531,6
2020-09-27,Contra Costa,013,1133247,17280,16596,80,16676,195
2020-09-27,Del Norte,015,27424,142,138,0,138,2
2020-09-27,El Dorado,017,186661,1217,1130,10,1140,4
2020-09-27,Fresno,019,978130,30868,28441,384,28825,389
2020-09-27,Glenn,021,27897,596,576,0,576,3
2020-09-27,Humboldt,023,135768,507,492,1,493,6
2020-09-27,Imperial,025,180216,11887,10743,9,10752,283
2020-09-27,Inyo,027,18085,192,188,4,192,14
2020-09-27,Kern,029,883053,32122,31462,328,31790,395
2020-09-27,Kings,031,150075,7855,7641,36,7677,78
2020-09-27,Lake,033,64148,589,555,0,555,10
2020-09-27,Lassen,035,31185,749,737,2,739,0
2020-09-27,Los Angeles,037,10098052,270206,267754,1871,269625,6507
2020-09-27,Madera,039,155013,4605,4416,30,4446,47
2020-09-27,Marin,041,260295,6764,6663,17,6680,91
2020-09-27,Mariposa,043,17540,77,74,0,74,2
2020-09-27,Mendocino,045,87422,904,846,4,850,17
2020-09-27,Merced,047,269075,8956,8853,21,8874,136
2020-09-27,Modoc,049,8938,29,26,0,26,0
2020-09-27,Mono,051,14174,169,148,2,150,1
2020-09-27,Monterey,053,433212,10039,9724,32,9756,69
2020-09-27,Napa,055,140530,1752,1690,8,1698,11
2020-09-27,Nevada,057,99092,542,537,16,553,6
2020-09-27,Orange,059,3164182,55323,52458,1478,53936,1195
2020-09-27,Placer,061,380077,3670,3562,13,3575,42
2020-09-27,Plumas,063,18699,50,48,0,48,0
2020-09-27,Riverside,065,2383286,59877,58509,179,58688,1191
2020-09-27,Sacramento,067,1510023,22833,22356,27,22383,422
2020-09-27,San Benito,069,59416,1347,1331,0,1331,11
2020-09-27,San Bernardino,071,2135413,54969,53127,350,53477,988
2020-09-27,San Diego,073,3302833,48283,46612,987,47599,776
2020-09-27,San Francisco,075,870044,11349,11114,28,11142,100
2020-09-27,San Joaquin,077,732212,20344,19981,59,20040,448
2020-09-27,San Luis Obispo,079,281455,3791,3562,17,3579,31
2020-09-27,San Mateo,081,765935,10249,9566,10,9576,127
2020-09-27,Santa Barbara,083,443738,9247,9090,76,9166,114
2020-09-27,Santa Clara,085,1922200,22302,21091,46,21137,271
2020-09-27,Santa Cruz,087,273765,2481,2359,31,2390,9
2020-09-27,Shasta,089,179085,1189,883,9,892,17
2020-09-27,Sierra,091,2930,6,6,0,6,0
2020-09-27,Siskiyou,093,43540,156,149,10,159,0
2020-09-27,Solano,095,438530,6396,6211,39,6250,51
2020-09-27,Sonoma,097,501317,7769,7336,22,7358,124
2020-09-27,Stanislaus,099,539301,16617,16448,528,16976,336
2020-09-27,Sutter,101,95872,1689,1672,1,1673,10
2020-09-27,Tehama,103,63373,603,573,2,575,2
2020-09-27,Trinity,105,12862,56,16,8,24,0
2020-09-27,Tulare,107,460477,16495,15918,129,16047,270
2020-09-27,Tuolumne,109,53932,233,224,6,230,2
2020-09-27,Ventura,111,848112,13478,12775,169,12944,139
2020-09-27,Yolo,113,214977,2849,2796,7,2803,55
2020-09-27,Yuba,115,75493,1098,1059,3,1062,7
2020-09-26,Alameda,001,1643700,21571,21019,175,21194,370
2020-09-26,Alpine,003,1148,3,2,0,2,0
2020-09-26,Amador,005,37829,295,291,0,291,16
2020-09-26,Butte,007,227075,2933,2827,50,2877,44
2020-09-26,Calaveras,009,45235,310,257,0,257,11
2020-09-26,Colusa,011,21464,532,529,0,529,6
2020-09-26,Contra Costa,013,1133247,17236,16508,80,16588,194
2020-09-26,Del Norte,015,27424,142,138,0,138,2
2020-09-26,El Dorado,017,186661,1212,1127,10,1137,4
2020-09-26,Fresno,019,978130,30801,28336,384,28720,389
2020-09-26,Glenn,021,27897,596,576,0,576,3
2020-09-26,Humboldt,023,135768,507,491,1,492,6
2020-09-26,Imperial,025,180216,11870,10721,9,10730,283
2020-09-26,Inyo,027,18085,191,187,4,191,14
2020-09-26,Kern,029,883053,32071,31410,328,31738,394
2020-09-26,Kings,031,150075,7843,7537,36,7573,78
2020-09-26,Lake,033,64148,586,549,0,549,10
2020-09-26,Lassen,035,31185,749,737,2,739,0
2020-09-26,Los Angeles,037,10098052,269574,266931,1857,268788,6497
2020-09-26,Madera,039,155013,4589,4410,30,4440,47
2020-09-26,Marin,041,260295,6751,6641,17,6658,91
2020-09-26,Mariposa,043,17540,76,74,0,74,2
2020-09-26,Mendocino,045,87422,899,836,4,840,17
2020-09-26,Merced,047,269075,8944,8841,20,8861,136
2020-09-26,Modoc,049,8938,29,26,0,26,0
2020-09-26,Mono,051,14174,169,148,2,150,1
2020-09-26,Monterey,053,433212,10012,9651,32,9683,68
2020-09-26,Napa,055,140530,1750,1681,8,1689,11
2020-09-26,Nevada,057,99092,542,534,16,550,6
2020-09-26,Orange,059,3164182,55184,52203,1472,53675,1194
2020-09-26,Placer,061,380077,3657,3551,13,3564,42
2020-09-26,Plumas,063,18699,49,48,0,48,0
2020-09-26,Riverside,065,2383286,59742,58076,177,58253,1190
2020-09-26,Sacramento,067,1510023,22775,22269,27,22296,421
2020-09-26,San Benito,069,59416,1345,1325,0,1325,11
2020-09-26,San Bernardino,071,2135413,54836,53122,350,53472,988
2020-09-26,San Diego,073,3302833,48078,46333,973,47306,775
2020-09-26,San Francisco,075,870044,11320,11113,28,11141,100
2020-09-26,San Joaquin,077,732212,20308,19982,57,20039,449
2020-09-26,San Luis Obispo,079,281455,3775,3546,17,3563,31
2020-09-26,San Mateo,081,765935,10215,9509,10,9519,127
2020-09-26,Santa Barbara,083,443738,9236,9061,76,9137,114
2020-09-26,Santa Clara,085,1922200,22231,20967,45,21012,270
2020-09-26,Santa Cruz,087,273765,2473,2336,31,2367,9
2020-09-26,Shasta,089,179085,1139,856,8,864,17
2020-09-26,Sierra,091,2930,6,6,0,6,0
2020-09-26,Siskiyou,093,43540,155,149,10,159,0
2020-09-26,Solano,095,438530,6377,6209,39,6248,51
2020-09-26,Sonoma,097,501317,7744,7285,21,7306,124
2020-09-26,Stanislaus,099,539301,16592,16421,520,16941,336
2020-09-26,Sutter,101,95872,1684,1662,1,1663,10
2020-09-26,Tehama,103,63373,591,560,2,562,2
2020-09-26,Trinity,105,12862,54,16,8,24,0
2020-09-26,Tulare,107,460477,16470,15881,127,16008,270
2020-09-26,Tuolumne,109,53932,233,223,6,229,2
2020-09-26,Ventura,111,848112,13443,12729,168,12897,137
2020-09-26,Yolo,113,214977,2847,2789,7,2796,55
2020-09-26,Yuba,115,75493,1094,1056,3,1059,7
2020-09-25,Alameda,001,1643700,21517,20911,175,21086,367
2020-09-25,Alpine,003,1148,3,2,0,2,0
2020-09-25,Amador,005,37829,295,289,0,289,16
2020-09-25,Butte,007,227075,2928,2819,50,2869,43
2020-09-25,Calaveras,009,45235,310,257,0,257,11
2020-09-25,Colusa,011,21464,532,528,0,528,6
2020-09-25,Contra Costa,013,1133247,17178,16401,80,16481,194
2020-09-25,Del Norte,015,27424,142,138,0,138,2
2020-09-25,El Dorado,017,186661,1208,1104,10,1114,4
2020-09-25,Fresno,019,978130,30741,28199,383,28582,385
2020-09-25,Glenn,021,27897,594,570,0,570,3
2020-09-25,Humboldt,023,135768,506,489,1,490,5
2020-09-25,Imperial,025,180216,11852,10681,9,10690,283
2020-09-25,Inyo,027,18085,189,187,4,191,14
2020-09-25,Kern,029,883053,32018,31333,326,31659,393
2020-09-25,Kings,031,150075,7838,7450,36,7486,77
2020-09-25,Lake,033,64148,585,539,0,539,9
2020-09-25,Lassen,035,31185,749,737,2,739,0
2020-09-25,Los Angeles,037,10098052,268780,265713,1844,267557,6483
2020-09-25,Madera,039,155013,4570,4369,30,4399,48
2020-09-25,Marin,041,260295,6748,6622,17,6639,90
2020-09-25,Mariposa,043,17540,76,74,0,74,2
2020-09-25,Mendocino,045,87422,884,819,3,822,17
2020-09-25,Merced,047,269075,8928,8830,20,8850,135
2020-09-25,Modoc,049,8938,29,26,0,26,0
2020-09-25,Mono,051,14174,169,149,2,151,1
2020-09-25,Monterey,053,433212,9960,9581,32,9613,68
2020-09-25,Napa,055,140530,1748,1669,8,1677,11
2020-09-25,Nevada,057,99092,540,529,16,545,6
2020-09-25,Orange,059,3164182,55057,52031,1464,53495,1184
2020-09-25,Placer,061,380077,3646,3527,13,3540,41
2020-09-25,Plumas,063,18699,49,48,0,48,0
2020-09-25,Riverside,065,2383286,59566,57783,172,57955,1183
2020-09-25,Sacramento,067,1510023,22698,22132,27,22159,418
2020-09-25,San Benito,069,59416,1344,1318,0,1318,11
2020-09-25,San Bernardino,071,2135413,54682,52814,350,53164,987
2020-09-25,San Diego,073,3302833,47876,46003,957,46960,775
2020-09-25,San Francisco,075,870044,11286,11066,27,11093,100
2020-09-25,San Joaquin,077,732212,20256,19909,57,19966,449
2020-09-25,San Luis Obispo,079,281455,3763,3512,17,3529,31
2020-09-25,San Mateo,081,765935,10179,9447,10,9457,127
2020-09-25,Santa Barbara,083,443738,9212,9026,76,9102,114
2020-09-25,Santa Clara,085,1922200,22166,20812,44,20856,265
2020-09-25,Santa Cruz,087,273765,2461,2309,30,2339,9
2020-09-25,Shasta,089,179085,1105,806,8,814,16
2020-09-25,Sierra,091,2930,6,6,0,6,0
2020-09-25,Siskiyou,093,43540,155,149,10,159,0
2020-09-25,Solano,095,438530,6361,6179,39,6218,50
2020-09-25,Sonoma,097,501317,7704,7202,21,7223,124
2020-09-25,Stanislaus,099,539301,16574,16381,518,16899,326
2020-09-25,Sutter,101,95872,1681,1655,1,1656,10
2020-09-25,Tehama,103,63373,583,546,2,548,2
2020-09-25,Trinity,105,12862,54,15,8,23,0
2020-09-25,Tulare,107,460477,16430,15815,126,15941,267
2020-09-25,Tuolumne,109,53932,233,223,6,229,2
2020-09-25,Ventura,111,848112,13400,12664,165,12829,137
2020-09-25,Yolo,113,214977,2839,2784,7,2791,55
2020-09-25,Yuba,115,75493,1089,1049,3,1052,5
2020-09-24,Alameda,001,1643700,21442,20838,172,21010,364
2020-09-24,Alpine,003,1148,3,2,0,2,0
2020-09-24,Amador,005,37829,295,288,0,288,16
2020-09-24,Butte,007,227075,2917,2803,50,2853,43
2020-09-24,Calaveras,009,45235,310,258,0,258,11
2020-09-24,Colusa,011,21464,532,523,0,523,6
2020-09-24,Contra Costa,013,1133247,17095,16252,80,16332,192
2020-09-24,Del Norte,015,27424,138,137,0,137,2
2020-09-24,El Dorado,017,186661,1199,1093,10,1103,4
2020-09-24,Fresno,019,978130,30635,28106,379,28485,375
2020-09-24,Glenn,021,27897,590,567,0,567,3
2020-09-24,Humboldt,023,135768,503,482,1,483,5
2020-09-24,Imperial,025,180216,11828,10622,9,10631,283
2020-09-24,Inyo,027,18085,189,187,4,191,13
2020-09-24,Kern,029,883053,31955,31273,324,31597,388
2020-09-24,Kings,031,150075,7822,7428,36,7464,76
2020-09-24,Lake,033,64148,576,531,0,531,9
2020-09-24,Lassen,035,31185,748,737,2,739,0
2020-09-24,Los Angeles,037,10098052,267738,264374,1827,266201,6452
2020-09-24,Madera,039,155013,4551,4344,30,4374,48
2020-09-24,Marin,041,260295,6720,6588,17,6605,85
2020-09-24,Mariposa,043,17540,76,74,0,74,2
2020-09-24,Mendocino,045,87422,880,810,3,813,17
2020-09-24,Merced,047,269075,8899,8813,19,8832,135
2020-09-24,Modoc,049,8938,29,24,0,24,0
2020-09-24,Mono,051,14174,169,149,2,151,1
2020-09-24,Monterey,053,433212,9894,9544,30,9574,67
2020-09-24,Napa,055,140530,1736,1661,8,1669,11
2020-09-24,Nevada,057,99092,539,527,16,543,6
2020-09-24,Orange,059,3164182,54851,51749,1446,53195,1164
2020-09-24,Placer,061,380077,3632,3514,13,3527,41
2020-09-24,Plumas,063,18699,49,48,0,48,0
2020-09-24,Riverside,065,2383286,59301,57491,166,57657,1172
2020-09-24,Sacramento,067,1510023,22570,21985,26,22011,417
2020-09-24,San Benito,069,59416,1342,1308,0,1308,11
2020-09-24,San Bernardino,071,2135413,54345,52455,349,52804,988
2020-09-24,San Diego,073,3302833,47607,45598,942,46540,773
2020-09-24,San Francisco,075,870044,11239,10992,27,11019,99
2020-09-24,San Joaquin,077,732212,20218,19851,55,19906,444
2020-09-24,San Luis Obispo,079,281455,3747,3480,17,3497,31
2020-09-24,San Mateo,081,765935,10131,9376,10,9386,127
2020-09-24,Santa Barbara,083,443738,9159,8988,75,9063,114
2020-09-24,Santa Clara,085,1922200,22078,20689,44,20733,262
2020-09-24,Santa Cruz,087,273765,2441,2300,28,2328,9
2020-09-24,Shasta,089,179085,1068,773,5,778,14
2020-09-24,Sierra,091,2930,6,6,0,6,0
2020-09-24,Siskiyou,093,43540,155,149,10,159,0
2020-09-24,Solano,095,438530,6328,6137,39,6176,49
2020-09-24,Sonoma,097,501317,7623,7163,21,7184,122
2020-09-24,Stanislaus,099,539301,16538,16326,513,16839,326
2020-09-24,Sutter,101,95872,1678,1646,1,1647,10
2020-09-24,Tehama,103,63373,580,540,2,542,2
2020-09-24,Trinity,105,12862,54,15,8,23,0
2020-09-24,Tulare,107,460477,16365,15754,125,15879,267
2020-09-24,Tuolumne,109,53932,233,224,6,230,2
2020-09-24,Ventura,111,848112,13318,12617,164,12781,138
2020-09-24,Yolo,113,214977,2832,2776,7,2783,55
2020-09-24,Yuba,115,75493,1084,1042,3,1045,5
2020-09-23,Alameda,001,1643700,21373,20718,170,20888,361
2020-09-23,Alpine,003,1148,3,2,0,2,0
2020-09-23,Amador,005,37829,294,288,0,288,16
2020-09-23,Butte,007,227075,2909,2790,50,2840,43
2020-09-23,Calaveras,009,45235,309,258,0,258,11
2020-09-23,Colusa,011,21464,531,521,0,521,6
2020-09-23,Contra Costa,013,1133247,17035,16167,80,16247,192
2020-09-23,Del Norte,015,27424,136,137,0,137,2
2020-09-23,El Dorado,017,186661,1185,1088,10,1098,4
2020-09-23,Fresno,019,978130,30541,28019,377,28396,371
2020-09-23,Glenn,021,27897,583,561,0,561,3
2020-09-23,Humboldt,023,135768,499,477,1,478,5
2020-09-23,Imperial,025,180216,11803,10587,9,10596,284
2020-09-23,Inyo,027,18085,188,177,4,181,13
2020-09-23,Kern,029,883053,31911,31172,322,31494,387
2020-09-23,Kings,031,150075,7800,7406,36,7442,76
2020-09-23,Lake,033,64148,571,519,0,519,9
2020-09-23,Lassen,035,31185,748,736,2,738,0
2020-09-23,Los Angeles,037,10098052,266720,263318,1800,265118,6421
2020-09-23,Madera,039,155013,4536,4311,30,4341,48
2020-09-23,Marin,041,260295,6701,6567,17,6584,85
2020-09-23,Mariposa,043,17540,76,74,0,74,2
2020-09-23,Mendocino,045,87422,879,801,2,803,17
2020-09-23,Merced,047,269075,8878,8785,17,8802,134
2020-09-23,Modoc,049,8938,29,24,0,24,0
2020-09-23,Mono,051,14174,169,149,2,151,1
2020-09-23,Monterey,053,433212,9825,9452,29,9481,67
2020-09-23,Napa,055,140530,1727,1653,8,1661,11
2020-09-23,Nevada,057,99092,538,523,16,539,6
2020-09-23,Orange,059,3164182,54624,51658,1438,53096,1155
2020-09-23,Placer,061,380077,3620,3506,13,3519,41
2020-09-23,Plumas,063,18699,49,48,0,48,0
2020-09-23,Riverside,065,2383286,58995,57257,163,57420,1165
2020-09-23,Sacramento,067,1510023,22494,21821,26,21847,415
2020-09-23,San Benito,069,59416,1336,1305,0,1305,10
2020-09-23,San Bernardino,071,2135413,54052,52132,347,52479,973
2020-09-23,San Diego,073,3302833,47331,45427,923,46350,767
2020-09-23,San Francisco,075,870044,11190,10926,27,10953,95
2020-09-23,San Joaquin,077,732212,20164,19785,55,19840,439
2020-09-23,San Luis Obispo,079,281455,3729,3447,17,3464,31
2020-09-23,San Mateo,081,765935,10091,9351,10,9361,127
2020-09-23,Santa Barbara,083,443738,9130,8952,75,9027,112
2020-09-23,Santa Clara,085,1922200,21968,20575,41,20616,260
2020-09-23,Santa Cruz,087,273765,2422,2283,28,2311,9
2020-09-23,Shasta,089,179085,1029,756,4,760,14
2020-09-23,Sierra,091,2930,6,6,0,6,0
2020-09-23,Siskiyou,093,43540,155,149,10,159,0
2020-09-23,Solano,095,438530,6302,6123,39,6162,50
2020-09-23,Sonoma,097,501317,7547,7091,21,7112,122
2020-09-23,Stanislaus,099,539301,16508,16271,510,16781,317
2020-09-23,Sutter,101,95872,1674,1646,1,1647,10
2020-09-23,Tehama,103,63373,574,533,2,535,2
2020-09-23,Trinity,105,12862,53,15,8,23,0
2020-09-23,Tulare,107,460477,16300,15664,124,15788,266
2020-09-23,Tuolumne,109,53932,233,223,6,229,2
2020-09-23,Ventura,111,848112,13262,12591,162,12753,137
2020-09-23,Yolo,113,214977,2814,2766,7,2773,55
2020-09-23,Yuba,115,75493,1082,1038,3,1041,5
2020-09-22,Alameda,001,1643700,21294,20607,168,20775,355
2020-09-22,Alpine,003,1148,2,2,0,2,0
2020-09-22,Amador,005,37829,293,287,0,287,16
2020-09-22,Butte,007,227075,2904,2776,50,2826,43
2020-09-22,Calaveras,009,45235,309,258,0,258,11
2020-09-22,Colusa,011,21464,529,518,0,518,6
2020-09-22,Contra Costa,013,1133247,16945,16090,80,16170,190
2020-09-22,Del Norte,015,27424,136,137,0,137,2
2020-09-22,El Dorado,017,186661,1166,1076,10,1086,4
2020-09-22,Fresno,019,978130,30446,27944,374,28318,369
2020-09-22,Glenn,021,27897,580,560,0,560,3
2020-09-22,Humboldt,023,135768,498,476,1,477,5
2020-09-22,Imperial,025,180216,11774,10529,9,10538,284
2020-09-22,Inyo,027,18085,188,177,4,181,13
2020-09-22,Kern,029,883053,31844,31110,315,31425,383
2020-09-22,Kings,031,150075,7743,7395,35,7430,76
2020-09-22,Lake,033,64148,565,516,0,516,9
2020-09-22,Lassen,035,31185,747,736,2,738,0
2020-09-22,Los Angeles,037,10098052,265654,262117,1774,263891,6394
2020-09-22,Madera,039,155013,4520,4303,30,4333,47
2020-09-22,Marin,041,260295,6688,6561,17,6578,84
2020-09-22,Mariposa,043,17540,76,74,0,74,2
2020-09-22,Mendocino,045,87422,859,794,1,795,18
2020-09-22,Merced,047,269075,8848,8769,17,8786,132
2020-09-22,Modoc,049,8938,29,24,0,24,0
2020-09-22,Mono,051,14174,168,149,2,151,1
2020-09-22,Monterey,053,433212,9767,9393,28,9421,67
2020-09-22,Napa,055,140530,1710,1652,8,1660,11
2020-09-22,Nevada,057,99092,538,523,16,539,6
2020-09-22,Orange,059,3164182,54374,51528,1429,52957,1132
2020-09-22,Placer,061,380077,3608,3492,13,3505,40
2020-09-22,Plumas,063,18699,49,48,0,48,0
2020-09-22,Riverside,065,2383286,58511,57066,159,57225,1162
2020-09-22,Sacramento,067,1510023,22375,21745,26,21771,410
2020-09-22,San Benito,069,59416,1331,1305,0,1305,10
2020-09-22,San Bernardino,071,2135413,53778,51899,347,52246,971
2020-09-22,San Diego,073,3302833,47024,45149,904,46053,765
2020-09-22,San Francisco,075,870044,11146,10893,26,10919,95
2020-09-22,San Joaquin,077,732212,20117,19755,54,19809,426
2020-09-22,San Luis Obispo,079,281455,3707,3420,17,3437,31
2020-09-22,San Mateo,081,765935,10053,9291,10,9301,127
2020-09-22,Santa Barbara,083,443738,9100,8927,74,9001,111
2020-09-22,Santa Clara,085,1922200,21849,20514,41,20555,253
2020-09-22,Santa Cruz,087,273765,2398,2264,28,2292,8
2020-09-22,Shasta,089,179085,994,723,4,727,14
2020-09-22,Sierra,091,2930,6,6,0,6,0
2020-09-22,Siskiyou,093,43540,155,149,10,159,0
2020-09-22,Solano,095,438530,6271,6107,39,6146,48
2020-09-22,Sonoma,097,501317,7468,7068,20,7088,117
2020-09-22,Stanislaus,099,539301,16485,16231,503,16734,316
2020-09-22,Sutter,101,95872,1668,1638,1,1639,10
2020-09-22,Tehama,103,63373,566,529,2,531,2
2020-09-22,Trinity,105,12862,53,15,8,23,0
2020-09-22,Tulare,107,460477,16233,15616,121,15737,263
2020-09-22,Tuolumne,109,53932,232,224,6,230,1
2020-09-22,Ventura,111,848112,13210,12507,158,12665,136
2020-09-22,Yolo,113,214977,2807,2763,7,2770,54
2020-09-22,Yuba,115,75493,1073,1035,3,1038,5
2020-09-21,Alameda,001,1643700,21215,20501,167,20668,343
2020-09-21,Alpine,003,1148,2,2,0,2,0
2020-09-21,Amador,005,37829,291,286,0,286,16
2020-09-21,Butte,007,227075,2890,2769,50,2819,41
2020-09-21,Calaveras,009,45235,307,256,0,256,10
2020-09-21,Colusa,011,21464,528,517,0,517,6
2020-09-21,Contra Costa,013,1133247,16864,16008,80,16088,189
2020-09-21,Del Norte,015,27424,136,132,0,132,2
2020-09-21,El Dorado,017,186661,1157,1074,10,1084,4
2020-09-21,Fresno,019,978130,30345,27843,367,28210,362
2020-09-21,Glenn,021,27897,576,556,0,556,3
2020-09-21,Humboldt,023,135768,494,473,1,474,5
2020-09-21,Imperial,025,180216,11743,10521,9,10530,284
2020-09-21,Inyo,027,18085,187,177,4,181,12
2020-09-21,Kern,029,883053,31773,31031,313,31344,379
2020-09-21,Kings,031,150075,7630,7297,34,7331,76
2020-09-21,Lake,033,64148,560,508,0,508,8
2020-09-21,Lassen,035,31185,745,735,2,737,0
2020-09-21,Los Angeles,037,10098052,264568,261418,1729,263147,6360
2020-09-21,Madera,039,155013,4509,4275,29,4304,47
2020-09-21,Marin,041,260295,6677,6538,16,6554,84
2020-09-21,Mariposa,043,17540,75,74,0,74,2
2020-09-21,Mendocino,045,87422,844,778,0,778,18
2020-09-21,Merced,047,269075,8829,8749,15,8764,128
2020-09-21,Modoc,049,8938,29,22,0,22,0
2020-09-21,Mono,051,14174,168,147,2,149,1
2020-09-21,Monterey,053,433212,9703,9331,25,9356,66
2020-09-21,Napa,055,140530,1699,1641,8,1649,11
2020-09-21,Nevada,057,99092,536,515,16,531,6
2020-09-21,Orange,059,3164182,54152,51363,1422,52785,1110
2020-09-21,Placer,061,380077,3598,3473,13,3486,40
2020-09-21,Plumas,063,18699,49,47,0,47,0
2020-09-21,Riverside,065,2383286,58239,57001,152,57153,1153
2020-09-21,Sacramento,067,1510023,22193,21568,26,21594,404
2020-09-21,San Benito,069,59416,1329,1298,0,1298,10
2020-09-21,San Bernardino,071,2135413,53491,51654,347,52001,970
2020-09-21,San Diego,073,3302833,46740,44927,883,45810,760
2020-09-21,San Francisco,075,870044,11098,10743,26,10769,95
2020-09-21,San Joaquin,077,732212,20060,19579,54,19633,423
2020-09-21,San Luis Obispo,079,281455,3681,3406,17,3423,27
2020-09-21,San Mateo,081,765935,10001,9239,10,9249,127
2020-09-21,Santa Barbara,083,443738,9072,8911,74,8985,110
2020-09-21,Santa Clara,085,1922200,21749,20432,41,20473,252
2020-09-21,Santa Cruz,087,273765,2382,2257,26,2283,8
2020-09-21,Shasta,089,179085,944,696,4,700,14
2020-09-21,Sierra,091,2930,6,6,0,6,0
2020-09-21,Siskiyou,093,43540,155,146,10,156,0
2020-09-21,Solano,095,438530,6247,6019,39,6058,46
2020-09-21,Sonoma,097,501317,7392,7017,20,7037,117
2020-09-21,Stanislaus,099,539301,16455,16186,503,16689,310
2020-09-21,Sutter,101,95872,1661,1634,1,1635,10
2020-09-21,Tehama,103,63373,547,513,2,515,2
2020-09-21,Trinity,105,12862,53,15,8,23,0
2020-09-21,Tulare,107,460477,16159,15528,112,15640,260
2020-09-21,Tuolumne,109,53932,232,221,6,227,1
2020-09-21,Ventura,111,848112,13126,12477,152,12629,133
2020-09-21,Yolo,113,214977,2801,2752,7,2759,54
2020-09-21,Yuba,115,75493,1069,1033,3,1036,1
2020-09-20,Alameda,001,1643700,21114,20425,164,20589,343
2020-09-20,Alpine,003,1148,2,2,0,2,0
2020-09-20,Amador,005,37829,290,286,0,286,16
2020-09-20,Butte,007,227075,2878,2764,50,2814,39
2020-09-20,Calaveras,009,45235,303,256,0,256,10
2020-09-20,Colusa,011,21464,526,510,0,510,6
2020-09-20,Contra Costa,013,1133247,16747,15917,79,15996,189
2020-09-20,Del Norte,015,27424,134,132,0,132,2
2020-09-20,El Dorado,017,186661,1142,1073,10,1083,4
2020-09-20,Fresno,019,978130,30231,27769,362,28131,362
2020-09-20,Glenn,021,27897,572,550,0,550,3
2020-09-20,Humboldt,023,135768,494,472,1,473,5
2020-09-20,Imperial,025,180216,11716,10496,8,10504,284
2020-09-20,Inyo,027,18085,187,177,4,181,12
2020-09-20,Kern,029,883053,31689,30992,309,31301,379
2020-09-20,Kings,031,150075,7583,7159,33,7192,76
2020-09-20,Lake,033,64148,548,492,0,492,8
2020-09-20,Lassen,035,31185,745,735,2,737,0
2020-09-20,Los Angeles,037,10098052,263341,260770,1704,262474,6347
2020-09-20,Madera,039,155013,4489,4257,29,4286,47
2020-09-20,Marin,041,260295,6652,6533,16,6549,83
2020-09-20,Mariposa,043,17540,75,74,0,74,2
2020-09-20,Mendocino,045,87422,832,765,0,765,18
2020-09-20,Merced,047,269075,8802,8745,15,8760,128
2020-09-20,Modoc,049,8938,27,22,0,22,0
2020-09-20,Mono,051,14174,167,147,2,149,1
2020-09-20,Monterey,053,433212,9624,9312,25,9337,65
2020-09-20,Napa,055,140530,1690,1626,8,1634,11
2020-09-20,Nevada,057,99092,533,511,16,527,6
2020-09-20,Orange,059,3164182,53911,51233,1412,52645,1110
2020-09-20,Placer,061,380077,3584,3452,13,3465,40
2020-09-20,Plumas,063,18699,49,47,0,47,0
2020-09-20,Riverside,065,2383286,58038,56783,146,56929,1147
2020-09-20,Sacramento,067,1510023,22006,21394,25,21419,401
2020-09-20,San Benito,069,59416,1318,1291,0,1291,9
2020-09-20,San Bernardino,071,2135413,53174,51559,345,51904,970
2020-09-20,San Diego,073,3302833,46367,44579,854,45433,760
2020-09-20,San Francisco,075,870044,11044,10743,26,10769,95
2020-09-20,San Joaquin,077,732212,19996,19578,47,19625,423
2020-09-20,San Luis Obispo,079,281455,3654,3393,17,3410,27
2020-09-20,San Mateo,081,765935,9935,9198,10,9208,127
2020-09-20,Santa Barbara,083,443738,9036,8880,73,8953,110
2020-09-20,Santa Clara,085,1922200,21630,20330,40,20370,252
2020-09-20,Santa Cruz,087,273765,2362,2199,26,2225,8
2020-09-20,Shasta,089,179085,903,696,3,699,14
2020-09-20,Sierra,091,2930,6,6,0,6,0
2020-09-20,Siskiyou,093,43540,155,146,10,156,0
2020-09-20,Solano,095,438530,6203,6020,39,6059,46
2020-09-20,Sonoma,097,501317,7288,6954,20,6974,117
2020-09-20,Stanislaus,099,539301,16423,16159,496,16655,310
2020-09-20,Sutter,101,95872,1655,1624,1,1625,10
2020-09-20,Tehama,103,63373,534,509,2,511,2
2020-09-20,Trinity,105,12862,53,15,8,23,0
2020-09-20,Tulare,107,460477,16073,15528,105,15633,260
2020-09-20,Tuolumne,109,53932,232,221,6,227,1
2020-09-20,Ventura,111,848112,13060,12406,148,12554,133
2020-09-20,Yolo,113,214977,2793,2745,7,2752,54
2020-09-20,Yuba,115,75493,1062,1029,3,1032,1
2020-09-19,Alameda,001,1643700,21064,20349,161,20510,343
2020-09-19,Alpine,003,1148,2,2,0,2,0
2020-09-19,Amador,005,37829,290,285,0,285,16
2020-09-19,Butte,007,227075,2872,2748,50,2798,38
2020-09-19,Calaveras,009,45235,303,256,0,256,10
2020-09-19,Colusa,011,21464,526,507,0,507,6
2020-09-19,Contra Costa,013,1133247,16685,15783,79,15862,186
2020-09-19,Del Norte,015,27424,133,132,0,132,2
2020-09-19,El Dorado,017,186661,1136,1068,9,1077,4
2020-09-19,Fresno,019,978130,30158,27668,362,28030,362
2020-09-19,Glenn,021,27897,569,547,0,547,3
2020-09-19,Humboldt,023,135768,493,471,1,472,5
2020-09-19,Imperial,025,180216,11701,10496,8,10504,284
2020-09-19,Inyo,027,18085,187,177,4,181,12
2020-09-19,Kern,029,883053,31637,30886,306,31192,379
2020-09-19,Kings,031,150075,7577,7130,33,7163,76
2020-09-19,Lake,033,64148,548,465,0,465,8
2020-09-19,Lassen,035,31185,745,731,2,733,0
2020-09-19,Los Angeles,037,10098052,262717,259801,1690,261491,6325
2020-09-19,Madera,039,155013,4466,4237,29,4266,47
2020-09-19,Marin,041,260295,6645,6513,15,6528,81
2020-09-19,Mariposa,043,17540,75,74,0,74,2
2020-09-19,Mendocino,045,87422,829,750,0,750,18
2020-09-19,Merced,047,269075,8791,8717,14,8731,128
2020-09-19,Modoc,049,8938,27,22,0,22,0
2020-09-19,Mono,051,14174,167,147,2,149,1
2020-09-19,Monterey,053,433212,9582,9237,25,9262,65
2020-09-19,Napa,055,140530,1682,1614,8,1622,11
2020-09-19,Nevada,057,99092,531,505,16,521,6
2020-09-19,Orange,059,3164182,53783,50999,1405,52404,1105
2020-09-19,Placer,061,380077,3575,3412,13,3425,40
2020-09-19,Plumas,063,18699,49,47,0,47,0
2020-09-19,Riverside,065,2383286,57911,56562,145,56707,1147
2020-09-19,Sacramento,067,1510023,21952,21297,25,21322,396
2020-09-19,San Benito,069,59416,1314,1276,0,1276,9
2020-09-19,San Bernardino,071,2135413,53016,51353,342,51695,971
2020-09-19,San Diego,073,3302833,46139,44295,831,45126,773
2020-09-19,San Francisco,075,870044,11011,10741,26,10767,95
2020-09-19,San Joaquin,077,732212,19960,19580,47,19627,424
2020-09-19,San Luis Obispo,079,281455,3633,3369,17,3386,27
2020-09-19,San Mateo,081,765935,9904,9158,10,9168,127
2020-09-19,Santa Barbara,083,443738,9016,8862,73,8935,106
2020-09-19,Santa Clara,085,1922200,21541,20170,40,20210,251
2020-09-19,Santa Cruz,087,273765,2348,2198,25,2223,8
2020-09-19,Shasta,089,179085,876,687,3,690,14
2020-09-19,Sierra,091,2930,6,6,0,6,0
2020-09-19,Siskiyou,093,43540,155,146,10,156,0
2020-09-19,Solano,095,438530,6187,5998,39,6037,46
2020-09-19,Sonoma,097,501317,7255,6905,20,6925,117
2020-09-19,Stanislaus,099,539301,16382,16109,489,16598,313
2020-09-19,Sutter,101,95872,1654,1602,1,1603,10
2020-09-19,Tehama,103,63373,529,498,2,500,2
2020-09-19,Trinity,105,12862,53,15,8,23,0
2020-09-19,Tulare,107,460477,16025,15485,102,15587,260
2020-09-19,Tuolumne,109,53932,232,217,6,223,1
2020-09-19,Ventura,111,848112,13028,12328,148,12476,133
2020-09-19,Yolo,113,214977,2785,2739,7,2746,54
2020-09-19,Yuba,115,75493,1055,1023,3,1026,1
2020-09-18,Alameda,001,1643700,20998,20222,155,20377,341
2020-09-18,Alpine,003,1148,2,2,0,2,0
2020-09-18,Amador,005,37829,290,285,0,285,16
2020-09-18,Butte,007,227075,2870,2738,50,2788,37
2020-09-18,Calaveras,009,45235,303,255,0,255,9
2020-09-18,Colusa,011,21464,526,504,0,504,6
2020-09-18,Contra Costa,013,1133247,16596,15667,79,15746,185
2020-09-18,Del Norte,015,27424,133,131,0,131,2
2020-09-18,El Dorado,017,186661,1123,1063,9,1072,4
2020-09-18,Fresno,019,978130,30093,27560,362,27922,359
2020-09-18,Glenn,021,27897,566,541,0,541,3
2020-09-18,Humboldt,023,135768,490,470,1,471,5
2020-09-18,Imperial,025,180216,11686,10460,8,10468,283
2020-09-18,Inyo,027,18085,187,177,4,181,12
2020-09-18,Kern,029,883053,31577,30742,303,31045,373
2020-09-18,Kings,031,150075,7567,7062,33,7095,74
2020-09-18,Lake,033,64148,542,458,0,458,8
2020-09-18,Lassen,035,31185,744,731,2,733,0
2020-09-18,Los Angeles,037,10098052,261955,258488,1672,260160,6324
2020-09-18,Madera,039,155013,4455,4211,29,4240,45
2020-09-18,Marin,041,260295,6629,6475,15,6490,81
2020-09-18,Mariposa,043,17540,75,74,0,74,2
2020-09-18,Mendocino,045,87422,821,739,0,739,18
2020-09-18,Merced,047,269075,8779,8691,13,8704,127
2020-09-18,Modoc,049,8938,27,22,0,22,0
2020-09-18,Mono,051,14174,165,147,2,149,1
2020-09-18,Monterey,053,433212,9541,9183,25,9208,64
2020-09-18,Napa,055,140530,1676,1604,8,1612,11
2020-09-18,Nevada,057,99092,528,504,16,520,6
2020-09-18,Orange,059,3164182,53637,50733,1393,52126,1107
2020-09-18,Placer,061,380077,3564,3389,13,3402,40
2020-09-18,Plumas,063,18699,49,45,0,45,0
2020-09-18,Riverside,065,2383286,57788,56248,140,56388,1143
2020-09-18,Sacramento,067,1510023,21868,21105,25,21130,391
2020-09-18,San Benito,069,59416,1306,1257,0,1257,8
2020-09-18,San Bernardino,071,2135413,52871,51106,339,51445,970
2020-09-18,San Diego,073,3302833,45889,44009,826,44835,757
2020-09-18,San Francisco,075,870044,10973,10644,25,10669,95
2020-09-18,San Joaquin,077,732212,19917,19531,46,19577,423
2020-09-18,San Luis Obispo,079,281455,3609,3328,17,3345,27
2020-09-18,San Mateo,081,765935,9864,9062,10,9072,127
2020-09-18,Santa Barbara,083,443738,8995,8824,73,8897,107
2020-09-18,Santa Clara,085,1922200,21444,20058,40,20098,252
2020-09-18,Santa Cruz,087,273765,2328,2180,24,2204,8
2020-09-18,Shasta,089,179085,841,668,3,671,14
2020-09-18,Sierra,091,2930,6,6,0,6,0
2020-09-18,Siskiyou,093,43540,154,146,10,156,0
2020-09-18,Solano,095,438530,6171,5961,39,6000,46
2020-09-18,Sonoma,097,501317,7207,6856,20,6876,114
2020-09-18,Stanislaus,099,539301,16352,16042,483,16525,277
2020-09-18,Sutter,101,95872,1647,1586,1,1587,10
2020-09-18,Tehama,103,63373,529,490,2,492,2
2020-09-18,Trinity,105,12862,53,15,7,22,0
2020-09-18,Tulare,107,460477,15992,15435,98,15533,259
2020-09-18,Tuolumne,109,53932,231,216,6,222,1
2020-09-18,Ventura,111,848112,12967,12236,144,12380,133
2020-09-18,Yolo,113,214977,2779,2732,7,2739,54
2020-09-18,Yuba,115,75493,1051,1020,3,1023,1
2020-09-17,Alameda,001,1643700,20899,20146,155,20301,339
2020-09-17,Alpine,003,1148,2,2,0,2,0
2020-09-17,Amador,005,37829,288,284,0,284,16
2020-09-17,Butte,007,227075,2853,2720,50,2770,38
2020-09-17,Calaveras,009,45235,303,254,0,254,9
2020-09-17,Colusa,011,21464,524,499,0,499,6
2020-09-17,Contra Costa,013,1133247,16510,15576,79,15655,184
2020-09-17,Del Norte,015,27424,133,131,0,131,2
2020-09-17,El Dorado,017,186661,1114,1057,9,1066,4
2020-09-17,Fresno,019,978130,29983,27487,357,27844,355
2020-09-17,Glenn,021,27897,565,541,0,541,3
2020-09-17,Humboldt,023,135768,484,466,1,467,5
2020-09-17,Imperial,025,180216,11669,10436,8,10444,281
2020-09-17,Inyo,027,18085,187,176,4,180,12
2020-09-17,Kern,029,883053,31517,30627,296,30923,372
2020-09-17,Kings,031,150075,7496,7015,33,7048,72
2020-09-17,Lake,033,64148,532,433,0,433,8
2020-09-17,Lassen,035,31185,742,731,2,733,0
2020-09-17,Los Angeles,037,10098052,261012,257246,1658,258904,6318
2020-09-17,Madera,039,155013,4421,4152,29,4181,45
2020-09-17,Marin,041,260295,6608,6457,15,6472,81
2020-09-17,Mariposa,043,17540,75,74,0,74,2
2020-09-17,Mendocino,045,87422,810,737,0,737,18
2020-09-17,Merced,047,269075,8760,8671,13,8684,119
2020-09-17,Modoc,049,8938,27,22,0,22,0
2020-09-17,Mono,051,14174,165,147,2,149,1
2020-09-17,Monterey,053,433212,9479,9113,25,9138,62
2020-09-17,Napa,055,140530,1665,1592,8,1600,11
2020-09-17,Nevada,057,99092,526,494,16,510,6
2020-09-17,Orange,059,3164182,53457,50537,1381,51918,1098
2020-09-17,Placer,061,380077,3544,3368,13,3381,40
2020-09-17,Plumas,063,18699,49,45,0,45,0
2020-09-17,Riverside,065,2383286,57563,56007,139,56146,1134
2020-09-17,Sacramento,067,1510023,21633,20895,25,20920,385
2020-09-17,San Benito,069,59416,1304,1252,0,1252,8
2020-09-17,San Bernardino,071,2135413,52667,50770,339,51109,904
2020-09-17,San Diego,073,3302833,45609,43621,814,44435,754
2020-09-17,San Francisco,075,870044,10879,10564,25,10589,95
2020-09-17,San Joaquin,077,732212,19858,19439,46,19485,416
2020-09-17,San Luis Obispo,079,281455,3579,3299,17,3316,27
2020-09-17,San Mateo,081,765935,9822,8984,10,8994,127
2020-09-17,Santa Barbara,083,443738,8971,8779,73,8852,107
2020-09-17,Santa Clara,085,1922200,21327,19825,40,19865,254
2020-09-17,Santa Cruz,087,273765,2312,2155,24,2179,7
2020-09-17,Shasta,089,179085,802,660,3,663,12
2020-09-17,Sierra,091,2930,6,6,0,6,0
2020-09-17,Siskiyou,093,43540,154,146,10,156,0
2020-09-17,Solano,095,438530,6148,5915,39,5954,44
2020-09-17,Sonoma,097,501317,7143,6754,20,6774,114
2020-09-17,Stanislaus,099,539301,16319,15984,479,16463,277
2020-09-17,Sutter,101,95872,1642,1572,1,1573,10
2020-09-17,Tehama,103,63373,516,487,2,489,2
2020-09-17,Trinity,105,12862,53,15,7,22,0
2020-09-17,Tulare,107,460477,15940,15344,96,15440,258
2020-09-17,Tuolumne,109,53932,230,214,6,220,1
2020-09-17,Ventura,111,848112,12880,12167,141,12308,130
2020-09-17,Yolo,113,214977,2770,2724,7,2731,53
2020-09-17,Yuba,115,75493,1047,1015,3,1018,1
2020-09-16,Alameda,001,1643700,20801,20009,153,20162,333
2020-09-16,Alpine,003,1148,2,2,0,2,0
2020-09-16,Amador,005,37829,288,284,0,284,16
2020-09-16,Butte,007,227075,2843,2704,49,2753,38
2020-09-16,Calaveras,009,45235,303,254,0,254,9
2020-09-16,Colusa,011,21464,522,497,0,497,6
2020-09-16,Contra Costa,013,1133247,16423,15473,79,15552,183
2020-09-16,Del Norte,015,27424,133,131,0,131,2
2020-09-16,El Dorado,017,186661,1106,1049,8,1057,4
2020-09-16,Fresno,019,978130,29876,27381,355,27736,343
2020-09-16,Glenn,021,27897,563,539,0,539,3
2020-09-16,Humboldt,023,135768,483,455,1,456,4
2020-09-16,Imperial,025,180216,11646,10401,8,10409,277
2020-09-16,Inyo,027,18085,186,176,4,180,12
2020-09-16,Kern,029,883053,31458,30570,295,30865,371
2020-09-16,Kings,031,150075,7471,7002,31,7033,71
2020-09-16,Lake,033,64148,521,417,0,417,6
2020-09-16,Lassen,035,31185,741,730,2,732,0
2020-09-16,Los Angeles,037,10098052,260031,256101,1641,257742,6299
2020-09-16,Madera,039,155013,4398,4138,29,4167,45
2020-09-16,Marin,041,260295,6580,6430,15,6445,77
2020-09-16,Mariposa,043,17540,75,74,0,74,2
2020-09-16,Mendocino,045,87422,801,727,0,727,18
2020-09-16,Merced,047,269075,8739,8646,13,8659,118
2020-09-16,Modoc,049,8938,27,22,0,22,0
2020-09-16,Mono,051,14174,165,147,2,149,1
2020-09-16,Monterey,053,433212,9425,8997,25,9022,62
2020-09-16,Napa,055,140530,1651,1587,8,1595,11
2020-09-16,Nevada,057,99092,521,495,15,510,6
2020-09-16,Orange,059,3164182,53256,50414,1372,51786,1096
2020-09-16,Placer,061,380077,3526,3351,13,3364,39
2020-09-16,Plumas,063,18699,49,45,0,45,0
2020-09-16,Riverside,065,2383286,57369,55811,131,55942,1127
2020-09-16,Sacramento,067,1510023,21540,20610,25,20635,377
2020-09-16,San Benito,069,59416,1296,1244,0,1244,8
2020-09-16,San Bernardino,071,2135413,52442,50509,338,50847,907
2020-09-16,San Diego,073,3302833,45317,43447,793,44240,748
2020-09-16,San Francisco,075,870044,10832,10502,25,10527,90
2020-09-16,San Joaquin,077,732212,19803,19377,45,19422,409
2020-09-16,San Luis Obispo,079,281455,3548,3285,17,3302,28
2020-09-16,San Mateo,081,765935,9757,8944,10,8954,127
2020-09-16,Santa Barbara,083,443738,8938,8764,73,8837,107
2020-09-16,Santa Clara,085,1922200,21208,19684,40,19724,253
2020-09-16,Santa Cruz,087,273765,2271,2089,23,2112,7
2020-09-16,Shasta,089,179085,776,635,3,638,11
2020-09-16,Sierra,091,2930,6,6,0,6,0
2020-09-16,Siskiyou,093,43540,153,145,10,155,0
2020-09-16,Solano,095,438530,6119,5899,39,5938,44
2020-09-16,Sonoma,097,501317,7081,6731,20,6751,104
2020-09-16,Stanislaus,099,539301,16271,15897,471,16368,263
2020-09-16,Sutter,101,95872,1629,1567,1,1568,10
2020-09-16,Tehama,103,63373,508,485,2,487,2
2020-09-16,Trinity,105,12862,53,15,7,22,0
2020-09-16,Tulare,107,460477,15896,15314,89,15403,258
2020-09-16,Tuolumne,109,53932,229,210,6,216,1
2020-09-16,Ventura,111,848112,12809,12073,139,12212,130
2020-09-16,Yolo,113,214977,2763,2709,7,2716,53
2020-09-16,Yuba,115,75493,1045,1000,3,1003,1
2020-09-15,Alameda,001,1643700,20695,19931,150,20081,327
2020-09-15,Alpine,003,1148,2,2,0,2,0
2020-09-15,Amador,005,37829,287,282,0,282,16
2020-09-15,Butte,007,227075,2830,2695,47,2742,38
2020-09-15,Calaveras,009,45235,303,248,0,248,5
2020-09-15,Colusa,011,21464,516,497,0,497,6
2020-09-15,Contra Costa,013,1133247,16317,15423,77,15500,180
2020-09-15,Del Norte,015,27424,133,129,0,129,2
2020-09-15,El Dorado,017,186661,1101,1046,8,1054,4
2020-09-15,Fresno,019,978130,29768,27312,350,27662,343
2020-09-15,Glenn,021,27897,562,531,0,531,3
2020-09-15,Humboldt,023,135768,481,456,1,457,4
2020-09-15,Imperial,025,180216,11621,10376,8,10384,277
2020-09-15,Inyo,027,18085,186,176,4,180,12
2020-09-15,Kern,029,883053,31345,30429,292,30721,368
2020-09-15,Kings,031,150075,7313,6977,31,7008,70
2020-09-15,Lake,033,64148,508,416,0,416,4
2020-09-15,Lassen,035,31185,737,719,2,721,0
2020-09-15,Los Angeles,037,10098052,258921,255048,1619,256667,6269
2020-09-15,Madera,039,155013,4379,4122,29,4151,45
2020-09-15,Marin,041,260295,6549,6423,15,6438,77
2020-09-15,Mariposa,043,17540,75,74,0,74,2
2020-09-15,Mendocino,045,87422,783,724,0,724,18
2020-09-15,Merced,047,269075,8709,8633,13,8646,114
2020-09-15,Modoc,049,8938,26,21,0,21,0
2020-09-15,Mono,051,14174,165,147,2,149,1
2020-09-15,Monterey,053,433212,9376,8943,25,8968,62
2020-09-15,Napa,055,140530,1637,1580,8,1588,11
2020-09-15,Nevada,057,99092,516,494,15,509,6
2020-09-15,Orange,059,3164182,53074,50294,1358,51652,1088
2020-09-15,Placer,061,380077,3502,3331,13,3344,38
2020-09-15,Plumas,063,18699,49,44,0,44,0
2020-09-15,Riverside,065,2383286,57075,55569,121,55690,1118
2020-09-15,Sacramento,067,1510023,21396,20487,25,20512,372
2020-09-15,San Benito,069,59416,1289,1237,0,1237,7
2020-09-15,San Bernardino,071,2135413,52227,50333,337,50670,904
2020-09-15,San Diego,073,3302833,44998,43183,773,43956,742
2020-09-15,San Francisco,075,870044,10774,10414,25,10439,90
2020-09-15,San Joaquin,077,732212,19751,19313,45,19358,401
2020-09-15,San Luis Obispo,079,281455,3528,3262,17,3279,28
2020-09-15,San Mateo,081,765935,9688,8895,10,8905,127
2020-09-15,Santa Barbara,083,443738,8913,8724,72,8796,104
2020-09-15,Santa Clara,085,1922200,21075,19610,40,19650,252
2020-09-15,Santa Cruz,087,273765,2245,2079,22,2101,7
2020-09-15,Shasta,089,179085,764,627,3,630,11
2020-09-15,Sierra,091,2930,6,6,0,6,0
2020-09-15,Siskiyou,093,43540,153,143,10,153,0
2020-09-15,Solano,095,438530,6085,5878,39,5917,45
2020-09-15,Sonoma,097,501317,7042,6701,20,6721,104
2020-09-15,Stanislaus,099,539301,16223,15880,469,16349,260
2020-09-15,Sutter,101,95872,1618,1556,1,1557,10
2020-09-15,Tehama,103,63373,496,484,2,486,2
2020-09-15,Trinity,105,12862,53,15,7,22,0
2020-09-15,Tulare,107,460477,15819,15203,87,15290,254
2020-09-15,Tuolumne,109,53932,229,209,6,215,1
2020-09-15,Ventura,111,848112,12756,11932,138,12070,128
2020-09-15,Yolo,113,214977,2759,2708,7,2715,53
2020-09-15,Yuba,115,75493,1039,991,3,994,1
2020-09-14,Alameda,001,1643700,20568,19851,149,20000,306
2020-09-14,Alpine,003,1148,2,2,0,2,0
2020-09-14,Amador,005,37829,285,281,0,281,16
2020-09-14,Butte,007,227075,2812,2642,47,2689,37
2020-09-14,Calaveras,009,45235,303,244,0,244,3
2020-09-14,Colusa,011,21464,515,486,0,486,6
2020-09-14,Contra Costa,013,1133247,16193,15354,76,15430,174
2020-09-14,Del Norte,015,27424,130,116,0,116,2
2020-09-14,El Dorado,017,186661,1097,1039,8,1047,3
2020-09-14,Fresno,019,978130,29684,27232,347,27579,344
2020-09-14,Glenn,021,27897,554,521,0,521,3
2020-09-14,Humboldt,023,135768,478,437,1,438,4
2020-09-14,Imperial,025,180216,11601,10340,8,10348,273
2020-09-14,Inyo,027,18085,186,176,4,180,12
2020-09-14,Kern,029,883053,31257,30344,291,30635,368
2020-09-14,Kings,031,150075,7232,6950,31,6981,70
2020-09-14,Lake,033,64148,487,407,0,407,4
2020-09-14,Lassen,035,31185,737,719,2,721,0
2020-09-14,Los Angeles,037,10098052,257892,254622,1594,256216,6226
2020-09-14,Madera,039,155013,4364,4104,29,4133,45
2020-09-14,Marin,041,260295,6529,6409,15,6424,70
2020-09-14,Mariposa,043,17540,75,74,0,74,2
2020-09-14,Mendocino,045,87422,766,710,0,710,17
2020-09-14,Merced,047,269075,8690,8593,13,8606,112
2020-09-14,Modoc,049,8938,26,21,0,21,0
2020-09-14,Mono,051,14174,165,147,2,149,1
2020-09-14,Monterey,053,433212,9305,8845,24,8869,61
2020-09-14,Napa,055,140530,1620,1576,8,1584,11
2020-09-14,Nevada,057,99092,511,489,15,504,6
2020-09-14,Orange,059,3164182,52913,50149,1342,51491,1079
2020-09-14,Placer,061,380077,3480,3302,13,3315,38
2020-09-14,Plumas,063,18699,48,42,0,42,0
2020-09-14,Riverside,065,2383286,56856,55488,117,55605,1113
2020-09-14,Sacramento,067,1510023,21201,20377,24,20401,367
2020-09-14,San Benito,069,59416,1274,1233,0,1233,7
2020-09-14,San Bernardino,071,2135413,52003,50163,336,50499,895
2020-09-14,San Diego,073,3302833,44687,42889,753,43642,734
2020-09-14,San Francisco,075,870044,10707,10255,23,10278,90
2020-09-14,San Joaquin,077,732212,19677,19111,44,19155,397
2020-09-14,San Luis Obispo,079,281455,3503,3248,17,3265,25
2020-09-14,San Mateo,081,765935,9627,8847,10,8857,127
2020-09-14,Santa Barbara,083,443738,8887,8692,72,8764,104
2020-09-14,Santa Clara,085,1922200,20887,19545,40,19585,247
2020-09-14,Santa Cruz,087,273765,2223,2016,21,2037,7
2020-09-14,Shasta,089,179085,741,584,3,587,10
2020-09-14,Sierra,091,2930,6,6,0,6,0
2020-09-14,Siskiyou,093,43540,152,143,10,153,0
2020-09-14,Solano,095,438530,6050,5834,39,5873,44
2020-09-14,Sonoma,097,501317,6980,6630,20,6650,102
2020-09-14,Stanislaus,099,539301,16178,15812,466,16278,253
2020-09-14,Sutter,101,95872,1607,1549,1,1550,10
2020-09-14,Tehama,103,63373,494,475,2,477,1
2020-09-14,Trinity,105,12862,52,14,7,21,0
2020-09-14,Tulare,107,460477,15750,15096,82,15178,254
2020-09-14,Tuolumne,109,53932,228,208,6,214,1
2020-09-14,Ventura,111,848112,12654,11903,135,12038,125
2020-09-14,Yolo,113,214977,2748,2687,7,2694,53
2020-09-14,Yuba,115,75493,1031,977,3,980,1
2020-09-13,Alameda,001,1643700,20462,19815,146,19961,306
2020-09-13,Alpine,003,1148,2,2,0,2,0
2020-09-13,Amador,005,37829,282,279,0,279,16
2020-09-13,Butte,007,227075,2790,2640,47,2687,37
2020-09-13,Calaveras,009,45235,302,246,0,246,3
2020-09-13,Colusa,011,21464,511,486,0,486,6
2020-09-13,Contra Costa,013,1133247,16086,15284,76,15360,172
2020-09-13,Del Norte,015,27424,127,116,0,116,1
2020-09-13,El Dorado,017,186661,1092,1035,8,1043,2
2020-09-13,Fresno,019,978130,29574,27196,338,27534,345
2020-09-13,Glenn,021,27897,550,517,0,517,3
2020-09-13,Humboldt,023,135768,478,434,1,435,4
2020-09-13,Imperial,025,180216,11564,10304,7,10311,273
2020-09-13,Inyo,027,18085,186,176,4,180,12
2020-09-13,Kern,029,883053,31161,30277,285,30562,368
2020-09-13,Kings,031,150075,7213,6937,31,6968,70
2020-09-13,Lake,033,64148,469,397,0,397,4
2020-09-13,Lassen,035,31185,734,719,2,721,0
2020-09-13,Los Angeles,037,10098052,256739,253950,1579,255529,6203
2020-09-13,Madera,039,155013,4307,4090,29,4119,45
2020-09-13,Marin,041,260295,6510,6395,15,6410,70
2020-09-13,Mariposa,043,17540,75,74,0,74,2
2020-09-13,Mendocino,045,87422,759,707,0,707,17
2020-09-13,Merced,047,269075,8656,8575,13,8588,112
2020-09-13,Modoc,049,8938,26,21,0,21,0
2020-09-13,Mono,051,14174,165,147,2,149,1
2020-09-13,Monterey,053,433212,9223,8826,23,8849,61
2020-09-13,Napa,055,140530,1613,1563,8,1571,11
2020-09-13,Nevada,057,99092,503,486,15,501,6
2020-09-13,Orange,059,3164182,52697,50061,1335,51396,1075
2020-09-13,Placer,061,380077,3451,3291,13,3304,38
2020-09-13,Plumas,063,18699,48,42,0,42,0
2020-09-13,Riverside,065,2383286,56649,55235,106,55341,1108
2020-09-13,Sacramento,067,1510023,20856,20279,24,20303,367
2020-09-13,San Benito,069,59416,1266,1217,0,1217,7
2020-09-13,San Bernardino,071,2135413,51716,49968,334,50302,895
2020-09-13,San Diego,073,3302833,44361,42681,719,43400,734
2020-09-13,San Francisco,075,870044,10629,10254,23,10277,90
2020-09-13,San Joaquin,077,732212,19606,19110,43,19153,396
2020-09-13,San Luis Obispo,079,281455,3466,3240,17,3257,24
2020-09-13,San Mateo,081,765935,9566,8811,10,8821,127
2020-09-13,Santa Barbara,083,443738,8850,8690,72,8762,104
2020-09-13,Santa Clara,085,1922200,20749,19456,39,19495,245
2020-09-13,Santa Cruz,087,273765,2189,2016,19,2035,7
2020-09-13,Shasta,089,179085,729,583,3,586,10
2020-09-13,Sierra,091,2930,6,6,0,6,0
2020-09-13,Siskiyou,093,43540,152,143,9,152,0
2020-09-13,Solano,095,438530,6004,5810,39,5849,43
2020-09-13,Sonoma,097,501317,6915,6592,20,6612,95
2020-09-13,Stanislaus,099,539301,16115,15759,454,16213,253
2020-09-13,Sutter,101,95872,1595,1539,1,1540,10
2020-09-13,Tehama,103,63373,490,476,2,478,1
2020-09-13,Trinity,105,12862,52,14,7,21,0
2020-09-13,Tulare,107,460477,15679,15098,81,15179,254
2020-09-13,Tuolumne,109,53932,224,208,6,214,1
2020-09-13,Ventura,111,848112,12546,11855,134,11989,123
2020-09-13,Yolo,113,214977,2736,2675,7,2682,53
2020-09-13,Yuba,115,75493,1026,967,3,970,1
2020-09-12,Alameda,001,1643700,20403,19758,146,19904,307
2020-09-12,Alpine,003,1148,2,2,0,2,0
2020-09-12,Amador,005,37829,281,278,0,278,16
2020-09-12,Butte,007,227075,2783,2629,46,2675,37
2020-09-12,Calaveras,009,45235,300,246,0,246,3
2020-09-12,Colusa,011,21464,507,486,0,486,6
2020-09-12,Contra Costa,013,1133247,16009,15135,75,15210,174
2020-09-12,Del Norte,015,27424,126,116,0,116,1
2020-09-12,El Dorado,017,186661,1085,1034,8,1042,2
2020-09-12,Fresno,019,978130,29504,27076,338,27414,345
2020-09-12,Glenn,021,27897,549,517,0,517,3
2020-09-12,Humboldt,023,135768,477,430,1,431,4
2020-09-12,Imperial,025,180216,11552,10305,7,10312,273
2020-09-12,Inyo,027,18085,186,177,4,181,12
2020-09-12,Kern,029,883053,31095,30202,285,30487,368
2020-09-12,Kings,031,150075,7203,6895,31,6926,70
2020-09-12,Lake,033,64148,461,393,0,393,4
2020-09-12,Lassen,035,31185,734,719,2,721,0
2020-09-12,Los Angeles,037,10098052,256182,253156,1558,254714,6193
2020-09-12,Madera,039,155013,4296,4058,29,4087,43
2020-09-12,Marin,041,260295,6501,6393,15,6408,69
2020-09-12,Mariposa,043,17540,75,72,0,72,2
2020-09-12,Mendocino,045,87422,756,700,0,700,17
2020-09-12,Merced,047,269075,8647,8533,13,8546,112
2020-09-12,Modoc,049,8938,25,21,0,21,0
2020-09-12,Mono,051,14174,165,147,2,149,1
2020-09-12,Monterey,053,433212,9187,8743,23,8766,61
2020-09-12,Napa,055,140530,1610,1556,8,1564,11
2020-09-12,Nevada,057,99092,502,482,15,497,6
2020-09-12,Orange,059,3164182,52582,49895,1332,51227,1078
2020-09-12,Placer,061,380077,3434,3280,13,3293,38
2020-09-12,Plumas,063,18699,48,42,0,42,0
2020-09-12,Riverside,065,2383286,56521,55058,102,55160,1108
2020-09-12,Sacramento,067,1510023,20788,20184,24,20208,367
2020-09-12,San Benito,069,59416,1263,1208,0,1208,7
2020-09-12,San Bernardino,071,2135413,51625,49945,332,50277,896
2020-09-12,San Diego,073,3302833,44166,42416,710,43126,747
2020-09-12,San Francisco,075,870044,10585,10257,23,10280,90
2020-09-12,San Joaquin,077,732212,19578,19108,43,19151,396
2020-09-12,San Luis Obispo,079,281455,3439,3220,17,3237,24
2020-09-12,San Mateo,081,765935,9521,8759,10,8769,127
2020-09-12,Santa Barbara,083,443738,8836,8642,72,8714,104
2020-09-12,Santa Clara,085,1922200,20662,19330,39,19369,237
2020-09-12,Santa Cruz,087,273765,2177,2016,19,2035,7
2020-09-12,Shasta,089,179085,717,569,3,572,10
2020-09-12,Sierra,091,2930,6,6,0,6,0
2020-09-12,Siskiyou,093,43540,152,141,9,150,0
2020-09-12,Solano,095,438530,5980,5772,39,5811,43
2020-09-12,Sonoma,097,501317,6890,6531,20,6551,95
2020-09-12,Stanislaus,099,539301,16083,15675,451,16126,253
2020-09-12,Sutter,101,95872,1589,1529,1,1530,10
2020-09-12,Tehama,103,63373,487,471,2,473,1
2020-09-12,Trinity,105,12862,52,15,7,22,0
2020-09-12,Tulare,107,460477,15634,15018,80,15098,254
2020-09-12,Tuolumne,109,53932,224,208,6,214,1
2020-09-12,Ventura,111,848112,12495,11759,132,11891,123
2020-09-12,Yolo,113,214977,2729,2646,7,2653,53
2020-09-12,Yuba,115,75493,1022,963,3,966,1
2020-09-11,Alameda,001,1643700,20348,19625,145,19770,298
2020-09-11,Alpine,003,1148,2,2,0,2,0
2020-09-11,Amador,005,37829,281,277,0,277,16
2020-09-11,Butte,007,227075,2771,2605,46,2651,37
2020-09-11,Calaveras,009,45235,299,242,0,242,1
2020-09-11,Colusa,011,21464,506,484,0,484,6
2020-09-11,Contra Costa,013,1133247,15951,15001,72,15073,173
2020-09-11,Del Norte,015,27424,126,115,0,115,1
2020-09-11,El Dorado,017,186661,1082,1024,8,1032,2
2020-09-11,Fresno,019,978130,29426,26917,337,27254,344
2020-09-11,Glenn,021,27897,544,515,0,515,3
2020-09-11,Humboldt,023,135768,475,426,1,427,4
2020-09-11,Imperial,025,180216,11534,10286,7,10293,273
2020-09-11,Inyo,027,18085,186,176,4,180,12
2020-09-11,Kern,029,883053,31027,30059,284,30343,365
2020-09-11,Kings,031,150075,7186,6770,31,6801,70
2020-09-11,Lake,033,64148,453,382,0,382,4
2020-09-11,Lassen,035,31185,734,719,2,721,0
2020-09-11,Los Angeles,037,10098052,255503,252057,1547,253604,6172
2020-09-11,Madera,039,155013,4277,4018,29,4047,43
2020-09-11,Marin,041,260295,6496,6364,15,6379,69
2020-09-11,Mariposa,043,17540,75,72,0,72,2
2020-09-11,Mendocino,045,87422,745,700,0,700,17
2020-09-11,Merced,047,269075,8626,8489,13,8502,109
2020-09-11,Modoc,049,8938,25,21,0,21,0
2020-09-11,Mono,051,14174,165,145,2,147,1
2020-09-11,Monterey,053,433212,9139,8595,23,8618,61
2020-09-11,Napa,055,140530,1599,1543,8,1551,11
2020-09-11,Nevada,057,99092,495,483,15,498,6
2020-09-11,Orange,059,3164182,52452,49755,1320,51075,1068
2020-09-11,Placer,061,380077,3419,3254,13,3267,37
2020-09-11,Plumas,063,18699,48,42,0,42,0
2020-09-11,Riverside,065,2383286,56386,54717,99,54816,1099
2020-09-11,Sacramento,067,1510023,20704,20012,24,20036,358
2020-09-11,San Benito,069,59416,1253,1202,0,1202,7
2020-09-11,San Bernardino,071,2135413,51526,49682,332,50014,871
2020-09-11,San Diego,073,3302833,43946,41971,704,42675,730
2020-09-11,San Francisco,075,870044,10537,10133,22,10155,89
2020-09-11,San Joaquin,077,732212,19530,19019,43,19062,391
2020-09-11,San Luis Obispo,079,281455,3421,3190,17,3207,24
2020-09-11,San Mateo,081,765935,9479,8611,10,8621,127
2020-09-11,Santa Barbara,083,443738,8803,8592,71,8663,103
2020-09-11,Santa Clara,085,1922200,20574,19065,39,19104,234
2020-09-11,Santa Cruz,087,273765,2160,1997,19,2016,7
2020-09-11,Shasta,089,179085,707,568,3,571,10
2020-09-11,Sierra,091,2930,6,6,0,6,0
2020-09-11,Siskiyou,093,43540,151,139,9,148,0
2020-09-11,Solano,095,438530,5963,5742,39,5781,42
2020-09-11,Sonoma,097,501317,6846,6469,20,6489,91
2020-09-11,Stanislaus,099,539301,16045,15613,448,16061,253
2020-09-11,Sutter,101,95872,1579,1505,1,1506,11
2020-09-11,Tehama,103,63373,484,466,2,468,1
2020-09-11,Trinity,105,12862,52,16,7,23,0
2020-09-11,Tulare,107,460477,15601,14932,77,15009,251
2020-09-11,Tuolumne,109,53932,224,208,6,214,1
2020-09-11,Ventura,111,848112,12441,11700,130,11830,123
2020-09-11,Yolo,113,214977,2718,2632,7,2639,53
2020-09-11,Yuba,115,75493,1014,946,3,949,1
2020-09-10,Alameda,001,1643700,20274,19509,145,19654,292
2020-09-10,Alpine,003,1148,2,2,0,2,0
2020-09-10,Amador,005,37829,280,277,0,277,16
2020-09-10,Butte,007,227075,2754,2590,46,2636,37
2020-09-10,Calaveras,009,45235,299,244,0,244,1
2020-09-10,Colusa,011,21464,504,482,0,482,6
2020-09-10,Contra Costa,013,1133247,15878,14909,72,14981,172
2020-09-10,Del Norte,015,27424,125,112,0,112,1
2020-09-10,El Dorado,017,186661,1079,1020,8,1028,2
2020-09-10,Fresno,019,978130,29305,26783,337,27120,338
2020-09-10,Glenn,021,27897,534,511,0,511,3
2020-09-10,Humboldt,023,135768,464,422,1,423,4
2020-09-10,Imperial,025,180216,11518,10251,7,10258,270
2020-09-10,Inyo,027,18085,185,176,4,180,11
2020-09-10,Kern,029,883053,30945,29988,280,30268,363
2020-09-10,Kings,031,150075,7156,6739,31,6770,70
2020-09-10,Lake,033,64148,447,377,0,377,4
2020-09-10,Lassen,035,31185,733,716,2,718,0
2020-09-10,Los Angeles,037,10098052,254525,251003,1526,252529,6132
2020-09-10,Madera,039,155013,4259,3979,29,4008,43
2020-09-10,Marin,041,260295,6484,6344,15,6359,68
2020-09-10,Mariposa,043,17540,75,72,0,72,2
2020-09-10,Mendocino,045,87422,735,697,0,697,16
2020-09-10,Merced,047,269075,8580,8461,13,8474,109
2020-09-10,Modoc,049,8938,25,21,0,21,0
2020-09-10,Mono,051,14174,165,145,2,147,1
2020-09-10,Monterey,053,433212,9069,8570,23,8593,59
2020-09-10,Napa,055,140530,1593,1536,8,1544,11
2020-09-10,Nevada,057,99092,491,478,15,493,6
2020-09-10,Orange,059,3164182,52289,49617,1313,50930,1057
2020-09-10,Placer,061,380077,3399,3233,13,3246,37
2020-09-10,Plumas,063,18699,48,42,0,42,0
2020-09-10,Riverside,065,2383286,56067,54417,96,54513,1091
2020-09-10,Sacramento,067,1510023,20584,19618,23,19641,354
2020-09-10,San Benito,069,59416,1247,1201,0,1201,5
2020-09-10,San Bernardino,071,2135413,51337,49467,330,49797,867
2020-09-10,San Diego,073,3302833,43680,41610,677,42287,725
2020-09-10,San Francisco,075,870044,10460,10082,22,10104,89
2020-09-10,San Joaquin,077,732212,19477,18854,43,18897,389
2020-09-10,San Luis Obispo,079,281455,3407,3161,16,3177,24
2020-09-10,San Mateo,081,765935,9433,8529,10,8539,125
2020-09-10,Santa Barbara,083,443738,8758,8552,71,8623,100
2020-09-10,Santa Clara,085,1922200,20459,18870,39,18909,231
2020-09-10,Santa Cruz,087,273765,2145,1986,17,2003,7
2020-09-10,Shasta,089,179085,696,566,3,569,10
2020-09-10,Sierra,091,2930,6,6,0,6,0
2020-09-10,Siskiyou,093,43540,151,137,9,146,0
2020-09-10,Solano,095,438530,5923,5696,39,5735,42
2020-09-10,Sonoma,097,501317,6797,6424,20,6444,91
2020-09-10,Stanislaus,099,539301,15992,15509,443,15952,243
2020-09-10,Sutter,101,95872,1569,1494,1,1495,11
2020-09-10,Tehama,103,63373,477,466,2,468,1
2020-09-10,Trinity,105,12862,52,15,7,22,0
2020-09-10,Tulare,107,460477,15548,14860,74,14934,250
2020-09-10,Tuolumne,109,53932,223,205,6,211,1
2020-09-10,Ventura,111,848112,12347,11600,123,11723,122
2020-09-10,Yolo,113,214977,2713,2612,7,2619,53
2020-09-10,Yuba,115,75493,1008,941,3,944,1
2020-09-09,Alameda,001,1643700,20195,19399,144,19543,289
2020-09-09,Alpine,003,1148,2,2,0,2,0
2020-09-09,Amador,005,37829,279,276,0,276,16
2020-09-09,Butte,007,227075,2737,2561,46,2607,37
2020-09-09,Calaveras,009,45235,299,242,0,242,1
2020-09-09,Colusa,011,21464,499,479,0,479,6
2020-09-09,Contra Costa,013,1133247,15791,14816,72,14888,171
2020-09-09,Del Norte,015,27424,121,109,0,109,1
2020-09-09,El Dorado,017,186661,1076,1020,8,1028,2
2020-09-09,Fresno,019,978130,29202,26724,332,27056,329
2020-09-09,Glenn,021,27897,531,508,0,508,3
2020-09-09,Humboldt,023,135768,462,420,1,421,4
2020-09-09,Imperial,025,180216,11498,10233,7,10240,268
2020-09-09,Inyo,027,18085,184,173,4,177,2
2020-09-09,Kern,029,883053,30847,29925,277,30202,355
2020-09-09,Kings,031,150075,7138,6721,31,6752,72
2020-09-09,Lake,033,64148,439,371,0,371,4
2020-09-09,Lassen,035,31185,732,714,2,716,0
2020-09-09,Los Angeles,037,10098052,253652,249876,1508,251384,6091
2020-09-09,Madera,039,155013,4233,3926,29,3955,43
2020-09-09,Marin,041,260295,6465,6321,15,6336,68
2020-09-09,Mariposa,043,17540,74,72,0,72,2
2020-09-09,Mendocino,045,87422,727,695,0,695,16
2020-09-09,Merced,047,269075,8554,8441,13,8454,107
2020-09-09,Modoc,049,8938,24,20,0,20,0
2020-09-09,Mono,051,14174,165,145,2,147,1
2020-09-09,Monterey,053,433212,8997,8527,23,8550,59
2020-09-09,Napa,055,140530,1583,1531,8,1539,11
2020-09-09,Nevada,057,99092,487,476,15,491,6
2020-09-09,Orange,059,3164182,52110,49394,1306,50700,1054
2020-09-09,Placer,061,380077,3379,3222,13,3235,36
2020-09-09,Plumas,063,18699,46,42,0,42,0
2020-09-09,Riverside,065,2383286,55837,54320,93,54413,1081
2020-09-09,Sacramento,067,1510023,20479,19474,22,19496,347
2020-09-09,San Benito,069,59416,1243,1199,0,1199,5
2020-09-09,San Bernardino,071,2135413,51137,49264,329,49593,866
2020-09-09,San Diego,073,3302833,43391,41326,665,41991,721
2020-09-09,San Francisco,075,870044,10410,9996,21,10017,86
2020-09-09,San Joaquin,077,732212,19414,18799,42,18841,388
2020-09-09,San Luis Obispo,079,281455,3389,3131,16,3147,24
2020-09-09,San Mateo,081,765935,9373,8478,10,8488,125
2020-09-09,Santa Barbara,083,443738,8715,8528,71,8599,97
2020-09-09,Santa Clara,085,1922200,20328,18759,39,18798,228
2020-09-09,Santa Cruz,087,273765,2122,1967,17,1984,7
2020-09-09,Shasta,089,179085,684,562,3,565,10
2020-09-09,Sierra,091,2930,6,6,0,6,0
2020-09-09,Siskiyou,093,43540,149,137,9,146,0
2020-09-09,Solano,095,438530,5891,5680,39,5719,36
2020-09-09,Sonoma,097,501317,6731,6397,20,6417,92
2020-09-09,Stanislaus,099,539301,15952,15469,432,15901,243
2020-09-09,Sutter,101,95872,1561,1487,1,1488,11
2020-09-09,Tehama,103,63373,474,462,2,464,1
2020-09-09,Trinity,105,12862,52,14,7,21,0
2020-09-09,Tulare,107,460477,15498,14787,69,14856,249
2020-09-09,Tuolumne,109,53932,222,204,5,209,1
2020-09-09,Ventura,111,848112,12256,11497,120,11617,121
2020-09-09,Yolo,113,214977,2702,2604,7,2611,53
2020-09-09,Yuba,115,75493,1003,936,3,939,1
2020-09-08,Alameda,001,1643700,20086,19293,144,19437,288
2020-09-08,Alpine,003,1148,2,2,0,2,0
2020-09-08,Amador,005,37829,279,276,0,276,16
2020-09-08,Butte,007,227075,2719,2453,46,2499,36
2020-09-08,Calaveras,009,45235,297,233,0,233,1
2020-09-08,Colusa,011,21464,497,475,0,475,6
2020-09-08,Contra Costa,013,1133247,15662,14740,69,14809,171
2020-09-08,Del Norte,015,27424,121,109,0,109,2
2020-09-08,El Dorado,017,186661,1073,1011,8,1019,2
2020-09-08,Fresno,019,978130,29083,26640,328,26968,329
2020-09-08,Glenn,021,27897,527,492,0,492,3
2020-09-08,Humboldt,023,135768,460,420,1,421,4
2020-09-08,Imperial,025,180216,11482,10198,7,10205,267
2020-09-08,Inyo,027,18085,184,169,4,173,2
2020-09-08,Kern,029,883053,30762,29850,274,30124,351
2020-09-08,Kings,031,150075,7100,6658,31,6689,72
2020-09-08,Lake,033,64148,428,370,0,370,4
2020-09-08,Lassen,035,31185,732,710,2,712,0
2020-09-08,Los Angeles,037,10098052,252720,249217,1479,250696,6034
2020-09-08,Madera,039,155013,4209,3904,29,3933,43
2020-09-08,Marin,041,260295,6434,6313,15,6328,68
2020-09-08,Mariposa,043,17540,74,72,0,72,2
2020-09-08,Mendocino,045,87422,720,690,0,690,16
2020-09-08,Merced,047,269075,8531,8381,13,8394,104
2020-09-08,Modoc,049,8938,24,20,0,20,0
2020-09-08,Mono,051,14174,165,145,2,147,1
2020-09-08,Monterey,053,433212,8912,8491,23,8514,59
2020-09-08,Napa,055,140530,1579,1518,8,1526,11
2020-09-08,Nevada,057,99092,487,470,15,485,6
2020-09-08,Orange,059,3164182,51968,49214,1302,50516,1044
2020-09-08,Placer,061,380077,3365,3205,13,3218,36
2020-09-08,Plumas,063,18699,46,42,0,42,0
2020-09-08,Riverside,065,2383286,55623,54168,90,54258,1069
2020-09-08,Sacramento,067,1510023,20244,19411,21,19432,347
2020-09-08,San Benito,069,59416,1236,1188,0,1188,5
2020-09-08,San Bernardino,071,2135413,50948,49034,327,49361,856
2020-09-08,San Diego,073,3302833,43075,41079,653,41732,709
2020-09-08,San Francisco,075,870044,10336,9821,21,9842,86
2020-09-08,San Joaquin,077,732212,19336,18550,42,18592,388
2020-09-08,San Luis Obispo,079,281455,3374,3120,16,3136,23
2020-09-08,San Mateo,081,765935,9297,8460,10,8470,125
2020-09-08,Santa Barbara,083,443738,8681,8488,70,8558,96
2020-09-08,Santa Clara,085,1922200,20151,18645,39,18684,228
2020-09-08,Santa Cruz,087,273765,2094,1903,17,1920,7
2020-09-08,Shasta,089,179085,676,556,3,559,10
2020-09-08,Sierra,091,2930,6,6,0,6,0
2020-09-08,Siskiyou,093,43540,147,136,9,145,0
2020-09-08,Solano,095,438530,5854,5654,39,5693,36
2020-09-08,Sonoma,097,501317,6662,6356,20,6376,92
2020-09-08,Stanislaus,099,539301,15888,15415,420,15835,238
2020-09-08,Sutter,101,95872,1545,1473,1,1474,11
2020-09-08,Tehama,103,63373,470,458,2,460,1
2020-09-08,Trinity,105,12862,51,13,7,20,0
2020-09-08,Tulare,107,460477,15418,14635,68,14703,249
2020-09-08,Tuolumne,109,53932,221,197,5,202,1
2020-09-08,Ventura,111,848112,12187,11475,117,11592,118
2020-09-08,Yolo,113,214977,2692,2580,7,2587,53
2020-09-08,Yuba,115,75493,991,923,3,926,1
2020-09-07,Alameda,001,1643700,19965,19188,138,19326,281
2020-09-07,Alpine,003,1148,2,2,0,2,0
2020-09-07,Amador,005,37829,279,276,0,276,16
2020-09-07,Butte,007,227075,2686,2450,45,2495,30
2020-09-07,Calaveras,009,45235,287,234,0,234,1
2020-09-07,Colusa,011,21464,496,475,0,475,6
2020-09-07,Contra Costa,013,1133247,15547,14637,66,14703,172
2020-09-07,Del Norte,015,27424,121,109,0,109,2
2020-09-07,El Dorado,017,186661,1062,1011,8,1019,2
2020-09-07,Fresno,019,978130,28989,26565,325,26890,329
2020-09-07,Glenn,021,27897,522,488,0,488,3
2020-09-07,Humboldt,023,135768,451,416,1,417,4
2020-09-07,Imperial,025,180216,11451,10199,7,10206,267
2020-09-07,Inyo,027,18085,184,169,4,173,2
2020-09-07,Kern,029,883053,30641,29790,269,30059,348
2020-09-07,Kings,031,150075,6976,6630,31,6661,72
2020-09-07,Lake,033,64148,405,367,0,367,2
2020-09-07,Lassen,035,31185,732,709,2,711,0
2020-09-07,Los Angeles,037,10098052,251673,248804,1458,250262,6030
2020-09-07,Madera,039,155013,4178,3889,28,3917,43
2020-09-07,Marin,041,260295,6404,6296,15,6311,67
2020-09-07,Mariposa,043,17540,74,72,0,72,2
2020-09-07,Mendocino,045,87422,712,687,0,687,16
2020-09-07,Merced,047,269075,8484,8381,13,8394,104
2020-09-07,Modoc,049,8938,23,20,0,20,0
2020-09-07,Mono,051,14174,165,145,2,147,1
2020-09-07,Monterey,053,433212,8833,8463,23,8486,57
2020-09-07,Napa,055,140530,1567,1514,8,1522,11
2020-09-07,Nevada,057,99092,485,469,15,484,6
2020-09-07,Orange,059,3164182,51794,49132,1298,50430,1042
2020-09-07,Placer,061,380077,3335,3188,12,3200,36
2020-09-07,Plumas,063,18699,45,42,0,42,0
2020-09-07,Riverside,065,2383286,55348,54178,84,54262,1069
2020-09-07,Sacramento,067,1510023,20002,19292,20,19312,345
2020-09-07,San Benito,069,59416,1230,1180,0,1180,4
2020-09-07,San Bernardino,071,2135413,50720,49043,325,49368,821
2020-09-07,San Diego,073,3302833,42675,40868,626,41494,708
2020-09-07,San Francisco,075,870044,10285,9813,20,9833,85
2020-09-07,San Joaquin,077,732212,19254,18552,40,18592,386
2020-09-07,San Luis Obispo,079,281455,3337,3116,16,3132,23
2020-09-07,San Mateo,081,765935,9215,8409,10,8419,125
2020-09-07,Santa Barbara,083,443738,8637,8479,70,8549,95
2020-09-07,Santa Clara,085,1922200,19995,18596,38,18634,226
2020-09-07,Santa Cruz,087,273765,2066,1902,17,1919,7
2020-09-07,Shasta,089,179085,666,556,3,559,10
2020-09-07,Sierra,091,2930,6,6,0,6,0
2020-09-07,Siskiyou,093,43540,146,133,9,142,0
2020-09-07,Solano,095,438530,5789,5640,39,5679,36
2020-09-07,Sonoma,097,501317,6596,6268,20,6288,85
2020-09-07,Stanislaus,099,539301,15823,15343,408,15751,236
2020-09-07,Sutter,101,95872,1528,1468,1,1469,11
2020-09-07,Tehama,103,63373,466,453,2,455,1
2020-09-07,Trinity,105,12862,51,13,7,20,0
2020-09-07,Tulare,107,460477,15311,14637,66,14703,249
2020-09-07,Tuolumne,109,53932,220,196,5,201,1
2020-09-07,Ventura,111,848112,12092,11463,114,11577,118
2020-09-07,Yolo,113,214977,2675,2565,6,2571,53
2020-09-07,Yuba,115,75493,975,923,3,926,1
2020-09-06,Alameda,001,1643700,19907,19029,136,19165,281
2020-09-06,Alpine,003,1148,2,2,0,2,0
2020-09-06,Amador,005,37829,277,275,0,275,16
2020-09-06,Butte,007,227075,2677,2446,45,2491,30
2020-09-06,Calaveras,009,45235,287,235,0,235,1
2020-09-06,Colusa,011,21464,492,475,0,475,6
2020-09-06,Contra Costa,013,1133247,15466,14565,65,14630,171
2020-09-06,Del Norte,015,27424,121,109,0,109,2
2020-09-06,El Dorado,017,186661,1060,1008,8,1016,2
2020-09-06,Fresno,019,978130,28925,26471,323,26794,329
2020-09-06,Glenn,021,27897,516,474,0,474,3
2020-09-06,Humboldt,023,135768,448,404,1,405,4
2020-09-06,Imperial,025,180216,11434,10152,7,10159,267
2020-09-06,Inyo,027,18085,184,169,4,173,2
2020-09-06,Kern,029,883053,30586,29699,265,29964,348
2020-09-06,Kings,031,150075,6956,6561,30,6591,72
2020-09-06,Lake,033,64148,402,362,0,362,2
2020-09-06,Lassen,035,31185,732,709,2,711,0
2020-09-06,Los Angeles,037,10098052,251040,248316,1444,249760,6004
2020-09-06,Madera,039,155013,4134,3867,28,3895,42
2020-09-06,Marin,041,260295,6392,6276,15,6291,67
2020-09-06,Mariposa,043,17540,74,72,0,72,2
2020-09-06,Mendocino,045,87422,711,672,0,672,16
2020-09-06,Merced,047,269075,8465,8327,13,8340,104
2020-09-06,Modoc,049,8938,23,20,0,20,0
2020-09-06,Mono,051,14174,164,145,2,147,1
2020-09-06,Monterey,053,433212,8793,8403,22,8425,56
2020-09-06,Napa,055,140530,1563,1501,6,1507,11
2020-09-06,Nevada,057,99092,485,467,14,481,6
2020-09-06,Orange,059,3164182,51681,48931,1294,50225,1042
2020-09-06,Placer,061,380077,3318,3169,12,3181,36
2020-09-06,Plumas,063,18699,44,42,0,42,0
2020-09-06,Riverside,065,2383286,55231,53970,82,54052,1069
2020-09-06,Sacramento,067,1510023,19906,19128,20,19148,340
2020-09-06,San Benito,069,59416,1228,1178,0,1178,4
2020-09-06,San Bernardino,071,2135413,50613,48923,325,49248,823
2020-09-06,San Diego,073,3302833,42427,40652,620,41272,707
2020-09-06,San Francisco,075,870044,10211,9813,20,9833,85
2020-09-06,San Joaquin,077,732212,19205,18558,40,18598,386
2020-09-06,San Luis Obispo,079,281455,3326,3101,16,3117,23
2020-09-06,San Mateo,081,765935,9162,8387,10,8397,125
2020-09-06,Santa Barbara,083,443738,8608,8434,70,8504,95
2020-09-06,Santa Clara,085,1922200,19893,18495,38,18533,207
2020-09-06,Santa Cruz,087,273765,2059,1902,17,1919,7
2020-09-06,Shasta,089,179085,660,550,3,553,10
2020-09-06,Sierra,091,2930,6,6,0,6,0
2020-09-06,Siskiyou,093,43540,146,132,9,141,0
2020-09-06,Solano,095,438530,5763,5619,39,5658,37
2020-09-06,Sonoma,097,501317,6567,6212,20,6232,85
2020-09-06,Stanislaus,099,539301,15779,15288,404,15692,236
2020-09-06,Sutter,101,95872,1515,1451,1,1452,11
2020-09-06,Tehama,103,63373,465,455,2,457,1
2020-09-06,Trinity,105,12862,50,13,7,20,0
2020-09-06,Tulare,107,460477,15268,14636,65,14701,249
2020-09-06,Tuolumne,109,53932,217,194,5,199,1
2020-09-06,Ventura,111,848112,12047,11315,114,11429,118
2020-09-06,Yolo,113,214977,2661,2556,6,2562,53
2020-09-06,Yuba,115,75493,966,913,3,916,1
2020-09-05,Alameda,001,1643700,19861,18973,134,19107,279
2020-09-05,Alpine,003,1148,2,2,0,2,0
2020-09-05,Amador,005,37829,277,274,0,274,16
2020-09-05,Butte,007,227075,2661,2406,44,2450,30
2020-09-05,Calaveras,009,45235,287,237,0,237,1
2020-09-05,Colusa,011,21464,488,472,0,472,6
2020-09-05,Contra Costa,013,1133247,15389,14456,63,14519,173
2020-09-05,Del Norte,015,27424,121,109,0,109,2
2020-09-05,El Dorado,017,186661,1060,1007,8,1015,2
2020-09-05,Fresno,019,978130,28858,26325,323,26648,331
2020-09-05,Glenn,021,27897,515,474,0,474,3
2020-09-05,Humboldt,023,135768,446,402,1,403,4
2020-09-05,Imperial,025,180216,11417,10151,7,10158,268
2020-09-05,Inyo,027,18085,184,169,4,173,2
2020-09-05,Kern,029,883053,30526,29645,261,29906,347
2020-09-05,Kings,031,150075,6947,6518,30,6548,66
2020-09-05,Lake,033,64148,399,359,0,359,2
2020-09-05,Lassen,035,31185,732,709,2,711,0
2020-09-05,Los Angeles,037,10098052,250505,247572,1432,249004,6001
2020-09-05,Madera,039,155013,4094,3851,28,3879,42
2020-09-05,Marin,041,260295,6384,6259,15,6274,66
2020-09-05,Mariposa,043,17540,74,72,0,72,2
2020-09-05,Mendocino,045,87422,710,658,0,658,16
2020-09-05,Merced,047,269075,8433,8297,11,8308,104
2020-09-05,Modoc,049,8938,23,19,0,19,0
2020-09-05,Mono,051,14174,164,145,2,147,1
2020-09-05,Monterey,053,433212,8763,8301,22,8323,56
2020-09-05,Napa,055,140530,1557,1484,6,1490,11
2020-09-05,Nevada,057,99092,482,461,14,475,6
2020-09-05,Orange,059,3164182,51580,48726,1289,50015,1039
2020-09-05,Placer,061,380077,3308,3141,12,3153,35
2020-09-05,Plumas,063,18699,44,42,0,42,0
2020-09-05,Riverside,065,2383286,55125,53780,82,53862,1066
2020-09-05,Sacramento,067,1510023,19816,18955,20,18975,339
2020-09-05,San Benito,069,59416,1226,1153,0,1153,4
2020-09-05,San Bernardino,071,2135413,50537,48800,324,49124,825
2020-09-05,San Diego,073,3302833,42234,40344,608,40952,717
2020-09-05,San Francisco,075,870044,10178,9812,19,9831,85
2020-09-05,San Joaquin,077,732212,19176,18557,40,18597,386
2020-09-05,San Luis Obispo,079,281455,3315,3083,16,3099,23
2020-09-05,San Mateo,081,765935,9117,8352,10,8362,124
2020-09-05,Santa Barbara,083,443738,8592,8404,70,8474,96
2020-09-05,Santa Clara,085,1922200,19812,18311,38,18349,207
2020-09-05,Santa Cruz,087,273765,2051,1904,17,1921,7
2020-09-05,Shasta,089,179085,659,544,3,547,10
2020-09-05,Sierra,091,2930,6,6,0,6,0
2020-09-05,Siskiyou,093,43540,145,131,9,140,0
2020-09-05,Solano,095,438530,5751,5579,39,5618,37
2020-09-05,Sonoma,097,501317,6534,6149,20,6169,85
2020-09-05,Stanislaus,099,539301,15731,15198,400,15598,236
2020-09-05,Sutter,101,95872,1508,1445,1,1446,11
2020-09-05,Tehama,103,63373,464,447,2,449,1
2020-09-05,Trinity,105,12862,50,13,7,20,0
2020-09-05,Tulare,107,460477,15210,14576,63,14639,249
2020-09-05,Tuolumne,109,53932,217,194,5,199,1
2020-09-05,Ventura,111,848112,12004,11254,114,11368,118
2020-09-05,Yolo,113,214977,2651,2534,6,2540,53
2020-09-05,Yuba,115,75493,960,902,3,905,1
2020-09-04,Alameda,001,1643700,19792,18843,133,18976,276
2020-09-04,Alpine,003,1148,2,2,0,2,0
2020-09-04,Amador,005,37829,276,274,0,274,16
2020-09-04,Butte,007,227075,2638,2325,44,2369,28
2020-09-04,Calaveras,009,45235,285,237,0,237,1
2020-09-04,Colusa,011,21464,486,467,0,467,6
2020-09-04,Contra Costa,013,1133247,15305,14355,62,14417,164
2020-09-04,Del Norte,015,27424,121,109,0,109,2
2020-09-04,El Dorado,017,186661,1056,992,8,1000,2
2020-09-04,Fresno,019,978130,28752,26147,322,26469,321
2020-09-04,Glenn,021,27897,507,463,0,463,3
2020-09-04,Humboldt,023,135768,441,390,1,391,4
2020-09-04,Imperial,025,180216,11408,10136,7,10143,267
2020-09-04,Inyo,027,18085,184,169,4,173,2
2020-09-04,Kern,029,883053,30458,29526,258,29784,345
2020-09-04,Kings,031,150075,6934,6259,30,6289,66
2020-09-04,Lake,033,64148,399,347,0,347,2
2020-09-04,Lassen,035,31185,732,708,2,710,0
2020-09-04,Los Angeles,037,10098052,249937,246396,1412,247808,5977
2020-09-04,Madera,039,155013,4081,3838,28,3866,42
2020-09-04,Marin,041,260295,6372,6251,15,6266,66
2020-09-04,Mariposa,043,17540,74,72,0,72,2
2020-09-04,Mendocino,045,87422,708,646,0,646,16
2020-09-04,Merced,047,269075,8413,8214,11,8225,104
2020-09-04,Modoc,049,8938,23,15,0,15,0
2020-09-04,Mono,051,14174,164,145,2,147,1
2020-09-04,Monterey,053,433212,8718,8208,22,8230,56
2020-09-04,Napa,055,140530,1548,1475,6,1481,11
2020-09-04,Nevada,057,99092,479,455,14,469,6
2020-09-04,Orange,059,3164182,51456,48488,1282,49770,1031
2020-09-04,Placer,061,380077,3296,3101,12,3113,35
2020-09-04,Plumas,063,18699,44,42,0,42,0
2020-09-04,Riverside,065,2383286,55012,53606,77,53683,1066
2020-09-04,Sacramento,067,1510023,19728,18765,20,18785,337
2020-09-04,San Benito,069,59416,1217,1137,0,1137,4
2020-09-04,San Bernardino,071,2135413,50444,48497,322,48819,800
2020-09-04,San Diego,073,3302833,42004,39901,599,40500,701
2020-09-04,San Francisco,075,870044,10138,9694,18,9712,85
2020-09-04,San Joaquin,077,732212,19122,18438,40,18478,376
2020-09-04,San Luis Obispo,079,281455,3300,3049,15,3064,21
2020-09-04,San Mateo,081,765935,9073,8275,10,8285,122
2020-09-04,Santa Barbara,083,443738,8562,8340,70,8410,96
2020-09-04,Santa Clara,085,1922200,19702,18074,38,18112,209
2020-09-04,Santa Cruz,087,273765,2034,1896,16,1912,7
2020-09-04,Shasta,089,179085,656,536,3,539,10
2020-09-04,Sierra,091,2930,6,6,0,6,0
2020-09-04,Siskiyou,093,43540,145,129,9,138,0
2020-09-04,Solano,095,438530,5738,5552,39,5591,37
2020-09-04,Sonoma,097,501317,6469,6050,20,6070,85
2020-09-04,Stanislaus,099,539301,15698,15074,391,15465,233
2020-09-04,Sutter,101,95872,1492,1425,1,1426,11
2020-09-04,Tehama,103,63373,460,442,2,444,1
2020-09-04,Trinity,105,12862,50,13,7,20,0
2020-09-04,Tulare,107,460477,15182,14501,60,14561,247
2020-09-04,Tuolumne,109,53932,217,193,5,198,1
2020-09-04,Ventura,111,848112,11962,11171,114,11285,114
2020-09-04,Yolo,113,214977,2637,2495,6,2501,53
2020-09-04,Yuba,115,75493,955,884,3,887,1
2020-09-03,Alameda,001,1643700,19689,18687,133,18820,275
2020-09-03,Alpine,003,1148,2,2,0,2,0
2020-09-03,Amador,005,37829,276,274,0,274,16
2020-09-03,Butte,007,227075,2594,2274,44,2318,27
2020-09-03,Calaveras,009,45235,284,238,0,238,1
2020-09-03,Colusa,011,21464,484,464,0,464,6
2020-09-03,Contra Costa,013,1133247,15197,14206,59,14265,159
2020-09-03,Del Norte,015,27424,118,109,0,109,2
2020-09-03,El Dorado,017,186661,1052,983,8,991,2
2020-09-03,Fresno,019,978130,28633,25978,317,26295,313
2020-09-03,Glenn,021,27897,503,460,0,460,3
2020-09-03,Humboldt,023,135768,436,390,1,391,4
2020-09-03,Imperial,025,180216,11387,10083,7,10090,255
2020-09-03,Inyo,027,18085,182,171,4,175,3
2020-09-03,Kern,029,883053,30366,29426,244,29670,340
2020-09-03,Kings,031,150075,6854,6200,30,6230,64
2020-09-03,Lake,033,64148,390,347,0,347,2
2020-09-03,Lassen,035,31185,732,707,2,709,0
2020-09-03,Los Angeles,037,10098052,249074,245026,1392,246418,5931
2020-09-03,Madera,039,155013,4062,3780,28,3808,43
2020-09-03,Marin,041,260295,6353,6175,15,6190,66
2020-09-03,Mariposa,043,17540,74,71,0,71,2
2020-09-03,Mendocino,045,87422,699,638,0,638,16
2020-09-03,Merced,047,269075,8371,8136,11,8147,105
2020-09-03,Modoc,049,8938,23,14,0,14,0
2020-09-03,Mono,051,14174,163,144,2,146,1
2020-09-03,Monterey,053,433212,8664,8128,22,8150,56
2020-09-03,Napa,055,140530,1541,1466,6,1472,10
2020-09-03,Nevada,057,99092,476,453,14,467,6
2020-09-03,Orange,059,3164182,51270,48226,1268,49494,1009
2020-09-03,Placer,061,380077,3278,3069,12,3081,34
2020-09-03,Plumas,063,18699,44,39,0,39,0
2020-09-03,Riverside,065,2383286,54832,53341,73,53414,1052
2020-09-03,Sacramento,067,1510023,19600,18553,19,18572,328
2020-09-03,San Benito,069,59416,1206,1121,0,1121,4
2020-09-03,San Bernardino,071,2135413,50278,48165,321,48486,800
2020-09-03,San Diego,073,3302833,41690,39448,583,40031,700
2020-09-03,San Francisco,075,870044,10073,9636,16,9652,84
2020-09-03,San Joaquin,077,732212,19044,18331,40,18371,371
2020-09-03,San Luis Obispo,079,281455,3283,3023,15,3038,21
2020-09-03,San Mateo,081,765935,8999,8211,10,8221,122
2020-09-03,Santa Barbara,083,443738,8515,8277,70,8347,96
2020-09-03,Santa Clara,085,1922200,19521,17879,38,17917,208
2020-09-03,Santa Cruz,087,273765,2019,1870,16,1886,7
2020-09-03,Shasta,089,179085,651,535,3,538,10
2020-09-03,Sierra,091,2930,6,6,0,6,0
2020-09-03,Siskiyou,093,43540,145,128,9,137,0
2020-09-03,Solano,095,438530,5718,5499,38,5537,36
2020-09-03,Sonoma,097,501317,6407,5997,20,6017,62
2020-09-03,Stanislaus,099,539301,15646,14985,387,15372,217
2020-09-03,Sutter,101,95872,1482,1412,1,1413,11
2020-09-03,Tehama,103,63373,456,436,2,438,1
2020-09-03,Trinity,105,12862,48,13,7,20,0
2020-09-03,Tulare,107,460477,15116,14408,59,14467,244
2020-09-03,Tuolumne,109,53932,217,193,5,198,1
2020-09-03,Ventura,111,848112,11844,11109,111,11220,112
2020-09-03,Yolo,113,214977,2621,2475,6,2481,53
2020-09-03,Yuba,115,75493,948,867,3,870,1
2020-09-02,Alameda,001,1643700,19571,18522,130,18652,260
2020-09-02,Alpine,003,1148,2,2,0,2,0
2020-09-02,Amador,005,37829,276,245,0,245,14
2020-09-02,Butte,007,227075,2548,2241,44,2285,27
2020-09-02,Calaveras,009,45235,283,235,0,235,1
2020-09-02,Colusa,011,21464,480,460,0,460,6
2020-09-02,Contra Costa,013,1133247,15108,14097,57,14154,159
2020-09-02,Del Norte,015,27424,117,109,0,109,2
2020-09-02,El Dorado,017,186661,1048,975,7,982,2
2020-09-02,Fresno,019,978130,28486,25785,314,26099,292
2020-09-02,Glenn,021,27897,498,457,0,457,3
2020-09-02,Humboldt,023,135768,433,381,1,382,4
2020-09-02,Imperial,025,180216,11371,9832,7,9839,255
2020-09-02,Inyo,027,18085,182,171,4,175,3
2020-09-02,Kern,029,883053,30274,29288,238,29526,335
2020-09-02,Kings,031,150075,6769,6142,30,6172,64
2020-09-02,Lake,033,64148,386,342,0,342,2
2020-09-02,Lassen,035,31185,730,706,2,708,0
2020-09-02,Los Angeles,037,10098052,248142,243999,1364,245363,5887
2020-09-02,Madera,039,155013,4042,3735,28,3763,41
2020-09-02,Marin,041,260295,6338,6131,15,6146,66
2020-09-02,Mariposa,043,17540,74,71,0,71,2
2020-09-02,Mendocino,045,87422,689,636,0,636,15
2020-09-02,Merced,047,269075,8340,8097,10,8107,103
2020-09-02,Modoc,049,8938,22,11,0,11,0
2020-09-02,Mono,051,14174,163,145,2,147,1
2020-09-02,Monterey,053,433212,8600,8070,22,8092,56
2020-09-02,Napa,055,140530,1529,1454,6,1460,10
2020-09-02,Nevada,057,99092,470,452,13,465,6
2020-09-02,Orange,059,3164182,51089,47871,1258,49129,994
2020-09-02,Placer,061,380077,3253,3047,11,3058,33
2020-09-02,Plumas,063,18699,44,39,0,39,0
2020-09-02,Riverside,065,2383286,54630,52923,70,52993,1032
2020-09-02,Sacramento,067,1510023,19365,18355,18,18373,316
2020-09-02,San Benito,069,59416,1193,1107,0,1107,4
2020-09-02,San Bernardino,071,2135413,50115,47766,318,48084,794
2020-09-02,San Diego,073,3302833,41370,39123,569,39692,695
2020-09-02,San Francisco,075,870044,10004,9587,16,9603,84
2020-09-02,San Joaquin,077,732212,18963,18194,39,18233,352
2020-09-02,San Luis Obispo,079,281455,3257,3002,14,3016,21
2020-09-02,San Mateo,081,765935,8942,8148,10,8158,122
2020-09-02,Santa Barbara,083,443738,8460,8206,69,8275,94
2020-09-02,Santa Clara,085,1922200,19365,17673,38,17711,206
2020-09-02,Santa Cruz,087,273765,1996,1850,16,1866,7
2020-09-02,Shasta,089,179085,650,531,3,534,10
2020-09-02,Sierra,091,2930,6,6,0,6,0
2020-09-02,Siskiyou,093,43540,144,127,9,136,0
2020-09-02,Solano,095,438530,5690,5463,38,5501,36
2020-09-02,Sonoma,097,501317,6345,5846,20,5866,62
2020-09-02,Stanislaus,099,539301,15576,14854,380,15234,220
2020-09-02,Sutter,101,95872,1467,1401,1,1402,10
2020-09-02,Tehama,103,63373,453,429,2,431,1
2020-09-02,Trinity,105,12862,48,13,7,20,0
2020-09-02,Tulare,107,460477,15050,14298,59,14357,244
2020-09-02,Tuolumne,109,53932,217,190,5,195,1
2020-09-02,Ventura,111,848112,11757,11031,110,11141,111
2020-09-02,Yolo,113,214977,2599,2449,6,2455,54
2020-09-02,Yuba,115,75493,941,856,3,859,1
2020-09-01,Alameda,001,1643700,19432,18382,127,18509,248
2020-09-01,Alpine,003,1148,2,2,0,2,0
2020-09-01,Amador,005,37829,275,244,0,244,13
2020-09-01,Butte,007,227075,2491,2146,44,2190,26
2020-09-01,Calaveras,009,45235,275,228,0,228,1
2020-09-01,Colusa,011,21464,476,454,0,454,6
2020-09-01,Contra Costa,013,1133247,15015,13998,55,14053,158
2020-09-01,Del Norte,015,27424,116,108,0,108,2
2020-09-01,El Dorado,017,186661,1040,972,7,979,2
2020-09-01,Fresno,019,978130,28342,25542,312,25854,290
2020-09-01,Glenn,021,27897,491,449,0,449,3
2020-09-01,Humboldt,023,135768,427,378,1,379,4
2020-09-01,Imperial,025,180216,11345,9782,7,9789,250
2020-09-01,Inyo,027,18085,182,171,4,175,3
2020-09-01,Kern,029,883053,30183,29162,233,29395,332
2020-09-01,Kings,031,150075,6738,6088,30,6118,62
2020-09-01,Lake,033,64148,383,341,0,341,2
2020-09-01,Lassen,035,31185,727,706,2,708,0
2020-09-01,Los Angeles,037,10098052,247051,242633,1341,243974,5832
2020-09-01,Madera,039,155013,4013,3703,27,3730,41
2020-09-01,Marin,041,260295,6323,6102,15,6117,67
2020-09-01,Mariposa,043,17540,73,72,0,72,2
2020-09-01,Mendocino,045,87422,674,626,0,626,15
2020-09-01,Merced,047,269075,8287,8046,9,8055,103
2020-09-01,Modoc,049,8938,20,10,0,10,0
2020-09-01,Mono,051,14174,163,145,2,147,1
2020-09-01,Monterey,053,433212,8494,7926,22,7948,56
2020-09-01,Napa,055,140530,1514,1446,6,1452,10
2020-09-01,Nevada,057,99092,464,450,13,463,6
2020-09-01,Orange,059,3164182,50925,47671,1239,48910,976
2020-09-01,Placer,061,380077,3231,3013,11,3024,33
2020-09-01,Plumas,063,18699,44,39,0,39,0
2020-09-01,Riverside,065,2383286,54413,52785,69,52854,1027
2020-09-01,Sacramento,067,1510023,19181,18217,17,18234,305
2020-09-01,San Benito,069,59416,1181,1089,0,1089,4
2020-09-01,San Bernardino,071,2135413,49908,47371,317,47688,786
2020-09-01,San Diego,073,3302833,41012,38873,531,39404,688
2020-09-01,San Francisco,075,870044,9935,9492,16,9508,83
2020-09-01,San Joaquin,077,732212,18882,17915,38,17953,341
2020-09-01,San Luis Obispo,079,281455,3231,2970,14,2984,21
2020-09-01,San Mateo,081,765935,8862,8132,10,8142,122
2020-09-01,Santa Barbara,083,443738,8410,8142,68,8210,93
2020-09-01,Santa Clara,085,1922200,19186,17319,38,17357,204
2020-09-01,Santa Cruz,087,273765,1972,1752,16,1768,7
2020-09-01,Shasta,089,179085,642,527,3,530,9
2020-09-01,Sierra,091,2930,6,6,0,6,0
2020-09-01,Siskiyou,093,43540,141,128,8,136,0
2020-09-01,Solano,095,438530,5664,5438,38,5476,34
2020-09-01,Sonoma,097,501317,6255,5733,20,5753,60
2020-09-01,Stanislaus,099,539301,15500,14784,370,15154,212
2020-09-01,Sutter,101,95872,1456,1389,1,1390,10
2020-09-01,Tehama,103,63373,450,422,2,424,1
2020-09-01,Trinity,105,12862,47,13,6,19,0
2020-09-01,Tulare,107,460477,14966,14156,59,14215,241
2020-09-01,Tuolumne,109,53932,211,183,5,188,1
2020-09-01,Ventura,111,848112,11679,10899,105,11004,108
2020-09-01,Yolo,113,214977,2583,2440,6,2446,51
2020-09-01,Yuba,115,75493,932,841,3,844,1
2020-08-31,Alameda,001,1643700,19285,18148,127,18275,248
2020-08-31,Alpine,003,1148,2,2,0,2,0
2020-08-31,Amador,005,37829,275,243,0,243,13
2020-08-31,Butte,007,227075,2427,2069,44,2113,26
2020-08-31,Calaveras,009,45235,270,212,0,212,1
2020-08-31,Colusa,011,21464,475,443,0,443,6
2020-08-31,Contra Costa,013,1133247,14889,13902,52,13954,153
2020-08-31,Del Norte,015,27424,116,108,0,108,2
2020-08-31,El Dorado,017,186661,1033,965,7,972,2
2020-08-31,Fresno,019,978130,28121,25185,306,25491,290
2020-08-31,Glenn,021,27897,479,437,0,437,3
2020-08-31,Humboldt,023,135768,425,374,1,375,4
2020-08-31,Imperial,025,180216,11314,9759,7,9766,250
2020-08-31,Inyo,027,18085,181,160,4,164,3
2020-08-31,Kern,029,883053,30085,29067,232,29299,318
2020-08-31,Kings,031,150075,6471,6037,30,6067,62
2020-08-31,Lake,033,64148,367,341,0,341,2
2020-08-31,Lassen,035,31185,724,706,2,708,0
2020-08-31,Los Angeles,037,10098052,245944,241793,1314,243107,5787
2020-08-31,Madera,039,155013,3990,3662,26,3688,35
2020-08-31,Marin,041,260295,6287,6074,15,6089,67
2020-08-31,Mariposa,043,17540,73,69,0,69,2
2020-08-31,Mendocino,045,87422,662,618,0,618,15
2020-08-31,Merced,047,269075,8225,7991,9,8000,79
2020-08-31,Modoc,049,8938,18,10,0,10,0
2020-08-31,Mono,051,14174,163,145,2,147,1
2020-08-31,Monterey,053,433212,8387,7839,22,7861,56
2020-08-31,Napa,055,140530,1506,1434,6,1440,10
2020-08-31,Nevada,057,99092,462,447,13,460,6
2020-08-31,Orange,059,3164182,50726,47392,1211,48603,965
2020-08-31,Placer,061,380077,3182,2989,11,3000,33
2020-08-31,Plumas,063,18699,43,39,0,39,0
2020-08-31,Riverside,065,2383286,54191,52508,67,52575,1020
2020-08-31,Sacramento,067,1510023,18940,17999,17,18016,303
2020-08-31,San Benito,069,59416,1165,1080,0,1080,4
2020-08-31,San Bernardino,071,2135413,49696,47370,316,47686,755
2020-08-31,San Diego,073,3302833,40645,38606,498,39104,682
2020-08-31,San Francisco,075,870044,9856,9293,13,9306,83
2020-08-31,San Joaquin,077,732212,18795,17807,37,17844,338
2020-08-31,San Luis Obispo,079,281455,3208,2951,13,2964,21
2020-08-31,San Mateo,081,765935,8792,8065,10,8075,122
2020-08-31,Santa Barbara,083,443738,8365,8124,68,8192,94
2020-08-31,Santa Clara,085,1922200,18998,17211,38,17249,202
2020-08-31,Santa Cruz,087,273765,1947,1742,16,1758,7
2020-08-31,Shasta,089,179085,637,528,3,531,9
2020-08-31,Sierra,091,2930,6,6,0,6,0
2020-08-31,Siskiyou,093,43540,140,127,8,135,0
2020-08-31,Solano,095,438530,5632,5302,37,5339,34
2020-08-31,Sonoma,097,501317,6180,5650,20,5670,60
2020-08-31,Stanislaus,099,539301,15426,14685,361,15046,213
2020-08-31,Sutter,101,95872,1441,1365,1,1366,10
2020-08-31,Tehama,103,63373,447,421,2,423,1
2020-08-31,Trinity,105,12862,47,13,6,19,0
2020-08-31,Tulare,107,460477,14879,13985,57,14042,237
2020-08-31,Tuolumne,109,53932,211,178,5,183,1
2020-08-31,Ventura,111,848112,11591,10866,104,10970,108
2020-08-31,Yolo,113,214977,2565,2423,5,2428,51
2020-08-31,Yuba,115,75493,918,830,3,833,1
2020-08-30,Alameda,001,1643700,19160,18099,125,18224,248
2020-08-30,Alpine,003,1148,2,2,0,2,0
2020-08-30,Amador,005,37829,274,240,0,240,13
2020-08-30,Butte,007,227075,2347,1988,44,2032,26
2020-08-30,Calaveras,009,45235,261,211,0,211,1
2020-08-30,Colusa,011,21464,474,440,0,440,6
2020-08-30,Contra Costa,013,1133247,14751,13780,52,13832,150
2020-08-30,Del Norte,015,27424,115,108,0,108,2
2020-08-30,El Dorado,017,186661,1023,962,7,969,2
2020-08-30,Fresno,019,978130,27995,24963,305,25268,291
2020-08-30,Glenn,021,27897,472,437,0,437,3
2020-08-30,Humboldt,023,135768,414,362,1,363,4
2020-08-30,Imperial,025,180216,11295,9703,7,9710,250
2020-08-30,Inyo,027,18085,181,160,4,164,3
2020-08-30,Kern,029,883053,29992,28987,232,29219,317
2020-08-30,Kings,031,150075,6425,6000,30,6030,62
2020-08-30,Lake,033,64148,362,334,0,334,2
2020-08-30,Lassen,035,31185,722,706,2,708,0
2020-08-30,Los Angeles,037,10098052,244806,240775,1282,242057,5772
2020-08-30,Madera,039,155013,3962,3626,26,3652,33
2020-08-30,Marin,041,260295,6257,6060,15,6075,66
2020-08-30,Mariposa,043,17540,73,69,0,69,2
2020-08-30,Mendocino,045,87422,656,611,0,611,13
2020-08-30,Merced,047,269075,8150,7960,9,7969,79
2020-08-30,Modoc,049,8938,13,10,0,10,0
2020-08-30,Mono,051,14174,163,145,2,147,1
2020-08-30,Monterey,053,433212,8303,7816,22,7838,54
2020-08-30,Napa,055,140530,1494,1423,6,1429,10
2020-08-30,Nevada,057,99092,459,445,13,458,6
2020-08-30,Orange,059,3164182,50529,47283,1197,48480,965
2020-08-30,Placer,061,380077,3149,2961,11,2972,32
2020-08-30,Plumas,063,18699,42,39,0,39,0
2020-08-30,Riverside,065,2383286,54012,52227,66,52293,1017
2020-08-30,Sacramento,067,1510023,18763,17751,17,17768,300
2020-08-30,San Benito,069,59416,1155,1071,0,1071,4
2020-08-30,San Bernardino,071,2135413,49439,47201,316,47517,755
2020-08-30,San Diego,073,3302833,40247,38302,477,38779,682
2020-08-30,San Francisco,075,870044,9759,9294,10,9304,83
2020-08-30,San Joaquin,077,732212,18678,17637,36,17673,338
2020-08-30,San Luis Obispo,079,281455,3183,2934,13,2947,21
2020-08-30,San Mateo,081,765935,8715,8013,10,8023,122
2020-08-30,Santa Barbara,083,443738,8306,8088,68,8156,93
2020-08-30,Santa Clara,085,1922200,18824,17045,38,17083,202
2020-08-30,Santa Cruz,087,273765,1921,1743,16,1759,7
2020-08-30,Shasta,089,179085,634,525,3,528,9
2020-08-30,Sierra,091,2930,6,6,0,6,0
2020-08-30,Siskiyou,093,43540,138,125,8,133,0
2020-08-30,Solano,095,438530,5589,5303,37,5340,34
2020-08-30,Sonoma,097,501317,6120,5590,20,5610,60
2020-08-30,Stanislaus,099,539301,15354,14580,352,14932,209
2020-08-30,Sutter,101,95872,1420,1351,1,1352,10
2020-08-30,Tehama,103,63373,437,419,2,421,1
2020-08-30,Trinity,105,12862,47,13,6,19,0
2020-08-30,Tulare,107,460477,14784,13985,56,14041,236
2020-08-30,Tuolumne,109,53932,207,178,5,183,1
2020-08-30,Ventura,111,848112,11478,10775,99,10874,108
2020-08-30,Yolo,113,214977,2537,2391,4,2395,51
2020-08-30,Yuba,115,75493,904,832,3,835,1
2020-08-29,Alameda,001,1643700,19093,17888,125,18013,250
2020-08-29,Alpine,003,1148,2,2,0,2,0
2020-08-29,Amador,005,37829,274,239,0,239,13
2020-08-29,Butte,007,227075,2316,1948,44,1992,26
2020-08-29,Calaveras,009,45235,257,211,0,211,1
2020-08-29,Colusa,011,21464,471,440,0,440,6
2020-08-29,Contra Costa,013,1133247,14678,13663,51,13714,159
2020-08-29,Del Norte,015,27424,115,108,0,108,1
2020-08-29,El Dorado,017,186661,1020,958,7,965,2
2020-08-29,Fresno,019,978130,27940,24821,305,25126,291
2020-08-29,Glenn,021,27897,466,437,0,437,3
2020-08-29,Humboldt,023,135768,411,363,1,364,4
2020-08-29,Imperial,025,180216,11280,9698,7,9705,250
2020-08-29,Inyo,027,18085,181,160,4,164,3
2020-08-29,Kern,029,883053,29952,28947,231,29178,317
2020-08-29,Kings,031,150075,6410,5906,30,5936,62
2020-08-29,Lake,033,64148,361,329,0,329,2
2020-08-29,Lassen,035,31185,722,706,2,708,0
2020-08-29,Los Angeles,037,10098052,244177,239815,1269,241084,5762
2020-08-29,Madera,039,155013,3953,3605,25,3630,33
2020-08-29,Marin,041,260295,6245,6007,15,6022,64
2020-08-29,Mariposa,043,17540,73,69,0,69,2
2020-08-29,Mendocino,045,87422,652,596,0,596,13
2020-08-29,Merced,047,269075,8120,7867,9,7876,79
2020-08-29,Modoc,049,8938,13,9,0,9,0
2020-08-29,Mono,051,14174,163,145,2,147,1
2020-08-29,Monterey,053,433212,8258,7680,22,7702,53
2020-08-29,Napa,055,140530,1491,1413,6,1419,10
2020-08-29,Nevada,057,99092,459,442,13,455,5
2020-08-29,Orange,059,3164182,50418,47007,1187,48194,960
2020-08-29,Placer,061,380077,3132,2935,11,2946,32
2020-08-29,Plumas,063,18699,41,39,0,39,0
2020-08-29,Riverside,065,2383286,53900,51918,64,51982,1016
2020-08-29,Sacramento,067,1510023,18692,17588,17,17605,291
2020-08-29,San Benito,069,59416,1146,1045,0,1045,4
2020-08-29,San Bernardino,071,2135413,49324,46849,316,47165,755
2020-08-29,San Diego,073,3302833,39981,38049,459,38508,694
2020-08-29,San Francisco,075,870044,9731,9291,9,9300,83
2020-08-29,San Joaquin,077,732212,18634,17493,36,17529,335
2020-08-29,San Luis Obispo,079,281455,3158,2917,13,2930,21
2020-08-29,San Mateo,081,765935,8673,7928,10,7938,122
2020-08-29,Santa Barbara,083,443738,8279,8052,67,8119,93
2020-08-29,Santa Clara,085,1922200,18724,16898,37,16935,202
2020-08-29,Santa Cruz,087,273765,1909,1746,16,1762,7
2020-08-29,Shasta,089,179085,626,522,3,525,9
2020-08-29,Sierra,091,2930,6,6,0,6,0
2020-08-29,Siskiyou,093,43540,138,121,8,129,0
2020-08-29,Solano,095,438530,5568,5303,37,5340,34
2020-08-29,Sonoma,097,501317,6085,5537,20,5557,60
2020-08-29,Stanislaus,099,539301,15305,14479,342,14821,208
2020-08-29,Sutter,101,95872,1415,1333,1,1334,9
2020-08-29,Tehama,103,63373,436,417,2,419,1
2020-08-29,Trinity,105,12862,46,11,6,17,0
2020-08-29,Tulare,107,460477,14746,13890,55,13945,236
2020-08-29,Tuolumne,109,53932,207,178,5,183,1
2020-08-29,Ventura,111,848112,11436,10705,99,10804,108
2020-08-29,Yolo,113,214977,2519,2357,4,2361,51
2020-08-29,Yuba,115,75493,895,822,3,825,1
2020-08-28,Alameda,001,1643700,19010,17729,124,17853,237
2020-08-28,Alpine,003,1148,2,2,0,2,0
2020-08-28,Amador,005,37829,274,234,0,234,13
2020-08-28,Butte,007,227075,2286,1886,44,1930,25
2020-08-28,Calaveras,009,45235,255,207,0,207,1
2020-08-28,Colusa,011,21464,470,441,0,441,6
2020-08-28,Contra Costa,013,1133247,14607,13522,50,13572,158
2020-08-28,Del Norte,015,27424,115,107,0,107,1
2020-08-28,El Dorado,017,186661,1014,949,7,956,2
2020-08-28,Fresno,019,978130,27804,24612,305,24917,282
2020-08-28,Glenn,021,27897,459,429,0,429,3
2020-08-28,Humboldt,023,135768,407,362,1,363,4
2020-08-28,Imperial,025,180216,11266,9656,7,9663,241
2020-08-28,Inyo,027,18085,180,160,4,164,2
2020-08-28,Kern,029,883053,29904,28744,231,28975,306
2020-08-28,Kings,031,150075,6403,5829,29,5858,62
2020-08-28,Lake,033,64148,356,320,0,320,2
2020-08-28,Lassen,035,31185,722,704,2,706,0
2020-08-28,Los Angeles,037,10098052,243365,238544,1244,239788,5740
2020-08-28,Madera,039,155013,3934,3552,25,3577,33
2020-08-28,Marin,041,260295,6223,5991,15,6006,63
2020-08-28,Mariposa,043,17540,73,67,0,67,2
2020-08-28,Mendocino,045,87422,647,588,0,588,11
2020-08-28,Merced,047,269075,8090,7803,9,7812,77
2020-08-28,Modoc,049,8938,13,6,0,6,0
2020-08-28,Mono,051,14174,163,145,2,147,1
2020-08-28,Monterey,053,433212,8201,7591,22,7613,53
2020-08-28,Napa,055,140530,1483,1403,5,1408,10
2020-08-28,Nevada,057,99092,458,438,13,451,5
2020-08-28,Orange,059,3164182,50318,46696,1172,47868,942
2020-08-28,Placer,061,380077,3122,2891,11,2902,32
2020-08-28,Plumas,063,18699,41,39,0,39,0
2020-08-28,Riverside,065,2383286,53769,51510,60,51570,1008
2020-08-28,Sacramento,067,1510023,18594,17119,17,17136,283
2020-08-28,San Benito,069,59416,1130,1016,0,1016,3
2020-08-28,San Bernardino,071,2135413,49205,46553,312,46865,754
2020-08-28,San Diego,073,3302833,39751,37786,444,38230,676
2020-08-28,San Francisco,075,870044,9679,9135,9,9144,83
2020-08-28,San Joaquin,077,732212,18581,17114,35,17149,314
2020-08-28,San Luis Obispo,079,281455,3141,2849,13,2862,20
2020-08-28,San Mateo,081,765935,8627,7783,9,7792,121
2020-08-28,Santa Barbara,083,443738,8247,8001,67,8068,92
2020-08-28,Santa Clara,085,1922200,18597,16696,37,16733,201
2020-08-28,Santa Cruz,087,273765,1897,1747,16,1763,7
2020-08-28,Shasta,089,179085,622,516,3,519,9
2020-08-28,Sierra,091,2930,6,6,0,6,0
2020-08-28,Siskiyou,093,43540,136,119,8,127,0
2020-08-28,Solano,095,438530,5549,5219,37,5256,34
2020-08-28,Sonoma,097,501317,6050,5425,19,5444,58
2020-08-28,Stanislaus,099,539301,15262,14176,338,14514,190
2020-08-28,Sutter,101,95872,1405,1308,1,1309,9
2020-08-28,Tehama,103,63373,431,410,2,412,1
2020-08-28,Trinity,105,12862,46,11,6,17,0
2020-08-28,Tulare,107,460477,14701,13776,55,13831,236
2020-08-28,Tuolumne,109,53932,207,176,5,181,1
2020-08-28,Ventura,111,848112,11400,10606,97,10703,103
2020-08-28,Yolo,113,214977,2510,2323,4,2327,51
2020-08-28,Yuba,115,75493,886,810,3,813,1
2020-08-27,Alameda,001,1643700,18865,17584,121,17705,234
2020-08-27,Alpine,003,1148,2,2,0,2,0
2020-08-27,Amador,005,37829,273,233,0,233,13
2020-08-27,Butte,007,227075,2220,1803,43,1846,25
2020-08-27,Calaveras,009,45235,250,204,0,204,1
2020-08-27,Colusa,011,21464,468,438,0,438,6
2020-08-27,Contra Costa,013,1133247,14507,13379,49,13428,158
2020-08-27,Del Norte,015,27424,115,107,0,107,1
2020-08-27,El Dorado,017,186661,1010,942,7,949,2
2020-08-27,Fresno,019,978130,27624,24367,300,24667,272
2020-08-27,Glenn,021,27897,451,429,0,429,3
2020-08-27,Humboldt,023,135768,399,358,1,359,4
2020-08-27,Imperial,025,180216,11239,9608,7,9615,235
2020-08-27,Inyo,027,18085,180,157,3,160,2
2020-08-27,Kern,029,883053,29833,28635,222,28857,294
2020-08-27,Kings,031,150075,6381,5759,29,5788,62
2020-08-27,Lake,033,64148,354,314,0,314,2
2020-08-27,Lassen,035,31185,722,703,2,705,0
2020-08-27,Los Angeles,037,10098052,242362,237103,1229,238332,5704
2020-08-27,Madera,039,155013,3908,3465,25,3490,33
2020-08-27,Marin,041,260295,6199,5929,15,5944,62
2020-08-27,Mariposa,043,17540,73,67,0,67,2
2020-08-27,Mendocino,045,87422,638,581,0,581,10
2020-08-27,Merced,047,269075,8046,7765,9,7774,75
2020-08-27,Modoc,049,8938,11,5,0,5,0
2020-08-27,Mono,051,14174,163,145,2,147,1
2020-08-27,Monterey,053,433212,8107,7501,22,7523,52
2020-08-27,Napa,055,140530,1477,1397,5,1402,10
2020-08-27,Nevada,057,99092,455,435,13,448,5
2020-08-27,Orange,059,3164182,50161,46449,1161,47610,935
2020-08-27,Placer,061,380077,3091,2869,11,2880,32
2020-08-27,Plumas,063,18699,40,39,0,39,0
2020-08-27,Riverside,065,2383286,53559,51306,57,51363,999
2020-08-27,Sacramento,067,1510023,18396,16875,17,16892,281
2020-08-27,San Benito,069,59416,1114,987,0,987,3
2020-08-27,San Bernardino,071,2135413,48981,46345,306,46651,751
2020-08-27,San Diego,073,3302833,39480,37501,424,37925,673
2020-08-27,San Francisco,075,870044,9613,9014,9,9023,83
2020-08-27,San Joaquin,077,732212,18501,16989,35,17024,314
2020-08-27,San Luis Obispo,079,281455,3116,2808,13,2821,20
2020-08-27,San Mateo,081,765935,8518,7728,9,7737,121
2020-08-27,Santa Barbara,083,443738,8209,7934,67,8001,92
2020-08-27,Santa Clara,085,1922200,18411,16495,37,16532,199
2020-08-27,Santa Cruz,087,273765,1880,1734,16,1750,7
2020-08-27,Shasta,089,179085,616,512,3,515,9
2020-08-27,Sierra,091,2930,6,6,0,6,0
2020-08-27,Siskiyou,093,43540,136,118,8,126,0
2020-08-27,Solano,095,438530,5511,5167,37,5204,34
2020-08-27,Sonoma,097,501317,5942,5357,19,5376,58
2020-08-27,Stanislaus,099,539301,15181,14080,335,14415,186
2020-08-27,Sutter,101,95872,1385,1296,1,1297,9
2020-08-27,Tehama,103,63373,427,398,2,400,1
2020-08-27,Trinity,105,12862,46,11,6,17,0
2020-08-27,Tulare,107,460477,14610,13666,55,13721,231
2020-08-27,Tuolumne,109,53932,202,174,5,179,1
2020-08-27,Ventura,111,848112,11337,10483,93,10576,102
2020-08-27,Yolo,113,214977,2486,2293,4,2297,51
2020-08-27,Yuba,115,75493,875,807,3,810,1
2020-08-26,Alameda,001,1643700,18702,17373,121,17494,233
2020-08-26,Alpine,003,1148,2,2,0,2,0
2020-08-26,Amador,005,37829,273,229,0,229,13
2020-08-26,Butte,007,227075,2152,1765,41,1806,25
2020-08-26,Calaveras,009,45235,242,201,0,201,1
2020-08-26,Colusa,011,21464,462,433,0,433,5
2020-08-26,Contra Costa,013,1133247,14370,13248,49,13297,157
2020-08-26,Del Norte,015,27424,114,86,0,86,1
2020-08-26,El Dorado,017,186661,1008,938,7,945,2
2020-08-26,Fresno,019,978130,27477,24071,298,24369,255
2020-08-26,Glenn,021,27897,449,429,0,429,3
2020-08-26,Humboldt,023,135768,387,357,1,358,4
2020-08-26,Imperial,025,180216,11217,9453,7,9460,227
2020-08-26,Inyo,027,18085,177,157,3,160,2
2020-08-26,Kern,029,883053,29694,28507,219,28726,286
2020-08-26,Kings,031,150075,6360,5720,29,5749,62
2020-08-26,Lake,033,64148,349,308,0,308,2
2020-08-26,Lassen,035,31185,722,702,2,704,0
2020-08-26,Los Angeles,037,10098052,241352,235499,1199,236698,5665
2020-08-26,Madera,039,155013,3879,3458,25,3483,32
2020-08-26,Marin,041,260295,6182,5887,15,5902,56
2020-08-26,Mariposa,043,17540,73,68,0,68,2
2020-08-26,Mendocino,045,87422,627,581,0,581,10
2020-08-26,Merced,047,269075,8013,7720,9,7729,74
2020-08-26,Modoc,049,8938,8,5,0,5,0
2020-08-26,Mono,051,14174,163,141,2,143,1
2020-08-26,Monterey,053,433212,8014,7439,22,7461,51
2020-08-26,Napa,055,140530,1464,1382,5,1387,10
2020-08-26,Nevada,057,99092,452,432,13,445,2
2020-08-26,Orange,059,3164182,49977,46157,1145,47302,905
2020-08-26,Placer,061,380077,3068,2846,9,2855,32
2020-08-26,Plumas,063,18699,39,39,0,39,0
2020-08-26,Riverside,065,2383286,53318,51138,57,51195,987
2020-08-26,Sacramento,067,1510023,18233,16708,17,16725,271
2020-08-26,San Benito,069,59416,1099,978,0,978,3
2020-08-26,San Bernardino,071,2135413,48774,45840,302,46142,743
2020-08-26,San Diego,073,3302833,39142,37224,397,37621,668
2020-08-26,San Francisco,075,870044,9539,8938,9,8947,81
2020-08-26,San Joaquin,077,732212,18412,16845,34,16879,309
2020-08-26,San Luis Obispo,079,281455,3088,2761,13,2774,20
2020-08-26,San Mateo,081,765935,8451,7655,9,7664,121
2020-08-26,Santa Barbara,083,443738,8175,7904,67,7971,90
2020-08-26,Santa Clara,085,1922200,18234,16283,37,16320,198
2020-08-26,Santa Cruz,087,273765,1869,1726,16,1742,7
2020-08-26,Shasta,089,179085,611,511,3,514,9
2020-08-26,Sierra,091,2930,6,6,0,6,0
2020-08-26,Siskiyou,093,43540,133,109,8,117,0
2020-08-26,Solano,095,438530,5487,5131,36,5167,34
2020-08-26,Sonoma,097,501317,5869,5283,19,5302,58
2020-08-26,Stanislaus,099,539301,15104,13964,329,14293,186
2020-08-26,Sutter,101,95872,1367,1275,1,1276,9
2020-08-26,Tehama,103,63373,424,396,2,398,1
2020-08-26,Trinity,105,12862,45,10,6,16,0
2020-08-26,Tulare,107,460477,14543,13568,55,13623,232
2020-08-26,Tuolumne,109,53932,201,172,5,177,1
2020-08-26,Ventura,111,848112,11265,10412,86,10498,100
2020-08-26,Yolo,113,214977,2465,2279,4,2283,49
2020-08-26,Yuba,115,75493,860,779,3,782,1
2020-08-25,Alameda,001,1643700,18545,17278,121,17399,232
2020-08-25,Alpine,003,1148,2,2,0,2,0
2020-08-25,Amador,005,37829,273,227,0,227,13
2020-08-25,Butte,007,227075,2085,1718,41,1759,24
2020-08-25,Calaveras,009,45235,240,196,0,196,1
2020-08-25,Colusa,011,21464,455,430,0,430,5
2020-08-25,Contra Costa,013,1133247,14232,13181,48,13229,156
2020-08-25,Del Norte,015,27424,113,83,0,83,1
2020-08-25,El Dorado,017,186661,1005,928,7,935,2
2020-08-25,Fresno,019,978130,27290,23932,297,24229,250
2020-08-25,Glenn,021,27897,446,429,0,429,3
2020-08-25,Humboldt,023,135768,382,342,1,343,4
2020-08-25,Imperial,025,180216,11189,9381,7,9388,217
2020-08-25,Inyo,027,18085,175,144,3,147,1
2020-08-25,Kern,029,883053,29557,28416,219,28635,285
2020-08-25,Kings,031,150075,6203,5702,29,5731,59
2020-08-25,Lake,033,64148,344,304,0,304,2
2020-08-25,Lassen,035,31185,721,692,2,694,0
2020-08-25,Los Angeles,037,10098052,240052,233961,1151,235112,5612
2020-08-25,Madera,039,155013,3864,3446,24,3470,32
2020-08-25,Marin,041,260295,6144,5860,15,5875,56
2020-08-25,Mariposa,043,17540,73,67,0,67,2
2020-08-25,Mendocino,045,87422,619,571,0,571,10
2020-08-25,Merced,047,269075,7946,7693,8,7701,69
2020-08-25,Modoc,049,8938,8,5,0,5,0
2020-08-25,Mono,051,14174,163,129,2,131,1
2020-08-25,Monterey,053,433212,7933,7333,22,7355,51
2020-08-25,Napa,055,140530,1457,1374,5,1379,10
2020-08-25,Nevada,057,99092,448,430,13,443,2
2020-08-25,Orange,059,3164182,49783,45737,1129,46866,902
2020-08-25,Placer,061,380077,3049,2829,6,2835,31
2020-08-25,Plumas,063,18699,39,39,0,39,0
2020-08-25,Riverside,065,2383286,53087,50889,57,50946,981
2020-08-25,Sacramento,067,1510023,18079,16601,17,16618,265
2020-08-25,San Benito,069,59416,1083,973,0,973,3
2020-08-25,San Bernardino,071,2135413,48539,45544,299,45843,727
2020-08-25,San Diego,073,3302833,38863,36996,375,37371,665
2020-08-25,San Francisco,075,870044,9462,8848,9,8857,81
2020-08-25,San Joaquin,077,732212,18284,16795,34,16829,306
2020-08-25,San Luis Obispo,079,281455,3029,2731,12,2743,20
2020-08-25,San Mateo,081,765935,8391,7636,8,7644,120
2020-08-25,Santa Barbara,083,443738,8123,7854,67,7921,90
2020-08-25,Santa Clara,085,1922200,18065,16199,37,16236,194
2020-08-25,Santa Cruz,087,273765,1850,1708,16,1724,7
2020-08-25,Shasta,089,179085,607,511,3,514,9
2020-08-25,Sierra,091,2930,6,6,0,6,0
2020-08-25,Siskiyou,093,43540,132,109,8,117,0
2020-08-25,Solano,095,438530,5426,5114,36,5150,34
2020-08-25,Sonoma,097,501317,5783,5148,19,5167,56
2020-08-25,Stanislaus,099,539301,14996,13886,318,14204,182
2020-08-25,Sutter,101,95872,1350,1259,1,1260,9
2020-08-25,Tehama,103,63373,421,394,2,396,1
2020-08-25,Trinity,105,12862,44,10,6,16,0
2020-08-25,Tulare,107,460477,14439,13514,54,13568,224
2020-08-25,Tuolumne,109,53932,199,172,5,177,1
2020-08-25,Ventura,111,848112,11180,10313,81,10394,99
2020-08-25,Yolo,113,214977,2452,2254,4,2258,50
2020-08-25,Yuba,115,75493,850,775,3,778,1
2020-08-24,Alameda,001,1643700,18350,16913,120,17033,231
2020-08-24,Alpine,003,1148,2,2,0,2,0
2020-08-24,Amador,005,37829,271,227,0,227,13
2020-08-24,Butte,007,227075,2002,1649,41,1690,23
2020-08-24,Calaveras,009,45235,231,187,0,187,1
2020-08-24,Colusa,011,21464,451,425,0,425,5
2020-08-24,Contra Costa,013,1133247,14115,12906,46,12952,153
2020-08-24,Del Norte,015,27424,113,80,0,80,1
2020-08-24,El Dorado,017,186661,997,908,7,915,2
2020-08-24,Fresno,019,978130,27102,23618,290,23908,235
2020-08-24,Glenn,021,27897,444,421,0,421,2
2020-08-24,Humboldt,023,135768,378,340,1,341,4
2020-08-24,Imperial,025,180216,11156,9323,7,9330,210
2020-08-24,Inyo,027,18085,171,144,3,147,2
2020-08-24,Kern,029,883053,29459,28157,213,28370,277
2020-08-24,Kings,031,150075,6115,5652,29,5681,60
2020-08-24,Lake,033,64148,329,302,0,302,2
2020-08-24,Lassen,035,31185,721,693,2,695,0
2020-08-24,Los Angeles,037,10098052,238688,233036,1134,234170,5562
2020-08-24,Madera,039,155013,3836,3418,24,3442,32
2020-08-24,Marin,041,260295,6079,5834,15,5849,56
2020-08-24,Mariposa,043,17540,71,66,0,66,2
2020-08-24,Mendocino,045,87422,604,550,0,550,10
2020-08-24,Merced,047,269075,7868,7605,8,7613,69
2020-08-24,Modoc,049,8938,8,5,0,5,0
2020-08-24,Mono,051,14174,163,129,2,131,1
2020-08-24,Monterey,053,433212,7824,7212,21,7233,50
2020-08-24,Napa,055,140530,1444,1358,5,1363,10
2020-08-24,Nevada,057,99092,443,423,13,436,2
2020-08-24,Orange,059,3164182,49590,45536,1120,46656,887
2020-08-24,Placer,061,380077,3002,2793,6,2799,31
2020-08-24,Plumas,063,18699,39,37,0,37,0
2020-08-24,Riverside,065,2383286,52809,50496,57,50553,975
2020-08-24,Sacramento,067,1510023,17883,16318,16,16334,249
2020-08-24,San Benito,069,59416,1062,961,0,961,3
2020-08-24,San Bernardino,071,2135413,48276,45199,297,45496,720
2020-08-24,San Diego,073,3302833,38575,36729,347,37076,660
2020-08-24,San Francisco,075,870044,9379,8621,9,8630,81
2020-08-24,San Joaquin,077,732212,18143,16565,33,16598,305
2020-08-24,San Luis Obispo,079,281455,3001,2705,12,2717,20
2020-08-24,San Mateo,081,765935,8324,7502,8,7510,120
2020-08-24,Santa Barbara,083,443738,8082,7784,67,7851,90
2020-08-24,Santa Clara,085,1922200,17861,16049,37,16086,192
2020-08-24,Santa Cruz,087,273765,1830,1627,15,1642,6
2020-08-24,Shasta,089,179085,605,505,3,508,9
2020-08-24,Sierra,091,2930,6,6,0,6,0
2020-08-24,Siskiyou,093,43540,128,107,8,115,0
2020-08-24,Solano,095,438530,5377,4979,34,5013,32
2020-08-24,Sonoma,097,501317,5680,5071,19,5090,56
2020-08-24,Stanislaus,099,539301,14898,13521,304,13825,171
2020-08-24,Sutter,101,95872,1331,1219,1,1220,9
2020-08-24,Tehama,103,63373,416,388,2,390,1
2020-08-24,Trinity,105,12862,44,10,6,16,0
2020-08-24,Tulare,107,460477,14331,13360,53,13413,223
2020-08-24,Tuolumne,109,53932,198,170,5,175,1
2020-08-24,Ventura,111,848112,11100,10261,77,10338,99
2020-08-24,Yolo,113,214977,2418,2239,4,2243,47
2020-08-24,Yuba,115,75493,833,750,3,753,1
2020-08-23,Alameda,001,1643700,18127,16786,119,16905,231
2020-08-23,Alpine,003,1148,2,2,0,2,0
2020-08-23,Amador,005,37829,268,227,0,227,13
2020-08-23,Butte,007,227075,1887,1637,41,1678,23
2020-08-23,Calaveras,009,45235,222,187,0,187,1
2020-08-23,Colusa,011,21464,444,424,0,424,5
2020-08-23,Contra Costa,013,1133247,13953,12642,46,12688,153
2020-08-23,Del Norte,015,27424,113,80,0,80,1
2020-08-23,El Dorado,017,186661,984,901,7,908,2
2020-08-23,Fresno,019,978130,26897,23414,287,23701,235
2020-08-23,Glenn,021,27897,437,421,0,421,2
2020-08-23,Humboldt,023,135768,376,341,1,342,4
2020-08-23,Imperial,025,180216,11127,9243,7,9250,210
2020-08-23,Inyo,027,18085,168,144,3,147,2
2020-08-23,Kern,029,883053,29310,28028,208,28236,277
2020-08-23,Kings,031,150075,6072,5628,29,5657,60
2020-08-23,Lake,033,64148,325,299,0,299,2
2020-08-23,Lassen,035,31185,720,693,2,695,0
2020-08-23,Los Angeles,037,10098052,237088,231833,1067,232900,5549
2020-08-23,Madera,039,155013,3805,3401,23,3424,32
2020-08-23,Marin,041,260295,6042,5807,14,5821,50
2020-08-23,Mariposa,043,17540,71,66,0,66,2
2020-08-23,Mendocino,045,87422,600,550,0,550,10
2020-08-23,Merced,047,269075,7799,7574,7,7581,69
2020-08-23,Modoc,049,8938,7,5,0,5,0
2020-08-23,Mono,051,14174,163,129,2,131,1
2020-08-23,Monterey,053,433212,7734,7173,21,7194,50
2020-08-23,Napa,055,140530,1432,1348,5,1353,10
2020-08-23,Nevada,057,99092,438,421,13,434,2
2020-08-23,Orange,059,3164182,49352,45267,1108,46375,887
2020-08-23,Placer,061,380077,2963,2772,6,2778,31
2020-08-23,Plumas,063,18699,39,37,0,37,0
2020-08-23,Riverside,065,2383286,52539,50293,55,50348,955
2020-08-23,Sacramento,067,1510023,17660,16084,15,16099,243
2020-08-23,San Benito,069,59416,1049,938,0,938,3
2020-08-23,San Bernardino,071,2135413,48008,45010,287,45297,719
2020-08-23,San Diego,073,3302833,38254,36542,320,36862,660
2020-08-23,San Francisco,075,870044,9285,8564,8,8572,80
2020-08-23,San Joaquin,077,732212,18010,16069,32,16101,305
2020-08-23,San Luis Obispo,079,281455,2959,2679,12,2691,20
2020-08-23,San Mateo,081,765935,8229,7450,8,7458,120
2020-08-23,Santa Barbara,083,443738,8014,7725,67,7792,90
2020-08-23,Santa Clara,085,1922200,17665,15912,35,15947,191
2020-08-23,Santa Cruz,087,273765,1804,1627,15,1642,6
2020-08-23,Shasta,089,179085,600,501,3,504,9
2020-08-23,Sierra,091,2930,6,6,0,6,0
2020-08-23,Siskiyou,093,43540,123,107,8,115,0
2020-08-23,Solano,095,438530,5319,4977,32,5009,32
2020-08-23,Sonoma,097,501317,5592,5018,19,5037,56
2020-08-23,Stanislaus,099,539301,14763,13483,281,13764,171
2020-08-23,Sutter,101,95872,1309,1203,1,1204,9
2020-08-23,Tehama,103,63373,406,381,2,383,1
2020-08-23,Trinity,105,12862,44,10,6,16,0
2020-08-23,Tulare,107,460477,14199,13303,50,13353,223
2020-08-23,Tuolumne,109,53932,195,164,5,169,1
2020-08-23,Ventura,111,848112,10999,10126,73,10199,99
2020-08-23,Yolo,113,214977,2390,2210,4,2214,47
2020-08-23,Yuba,115,75493,812,750,3,753,1
2020-08-22,Alameda,001,1643700,18033,16648,118,16766,231
2020-08-22,Alpine,003,1148,2,2,0,2,0
2020-08-22,Amador,005,37829,267,224,0,224,13
2020-08-22,Butte,007,227075,1836,1618,41,1659,22
2020-08-22,Calaveras,009,45235,218,187,0,187,1
2020-08-22,Colusa,011,21464,440,419,0,419,5
2020-08-22,Contra Costa,013,1133247,13866,12522,46,12568,153
2020-08-22,Del Norte,015,27424,112,80,0,80,1
2020-08-22,El Dorado,017,186661,982,900,7,907,2
2020-08-22,Fresno,019,978130,26799,23197,286,23483,235
2020-08-22,Glenn,021,27897,436,421,0,421,2
2020-08-22,Humboldt,023,135768,366,334,1,335,4
2020-08-22,Imperial,025,180216,11119,9244,7,9251,210
2020-08-22,Inyo,027,18085,168,144,3,147,1
2020-08-22,Kern,029,883053,29256,27807,208,28015,277
2020-08-22,Kings,031,150075,6063,5447,29,5476,60
2020-08-22,Lake,033,64148,323,291,0,291,2
2020-08-22,Lassen,035,31185,720,693,2,695,0
2020-08-22,Los Angeles,037,10098052,236428,230858,1051,231909,5540
2020-08-22,Madera,039,155013,3786,3330,23,3353,32
2020-08-22,Marin,041,260295,6030,5789,14,5803,49
2020-08-22,Mariposa,043,17540,71,66,0,66,2
2020-08-22,Mendocino,045,87422,597,529,0,529,10
2020-08-22,Merced,047,269075,7771,7493,7,7500,69
2020-08-22,Modoc,049,8938,7,5,0,5,0
2020-08-22,Mono,051,14174,163,129,2,131,1
2020-08-22,Monterey,053,433212,7686,7081,21,7102,50
2020-08-22,Napa,055,140530,1427,1328,5,1333,11
2020-08-22,Nevada,057,99092,438,411,13,424,2
2020-08-22,Orange,059,3164182,49211,45131,1102,46233,885
2020-08-22,Placer,061,380077,2949,2734,6,2740,30
2020-08-22,Plumas,063,18699,39,37,0,37,0
2020-08-22,Riverside,065,2383286,52391,49944,54,49998,953
2020-08-22,Sacramento,067,1510023,17548,15516,15,15531,239
2020-08-22,San Benito,069,59416,1033,912,0,912,3
2020-08-22,San Bernardino,071,2135413,47879,44803,283,45086,719
2020-08-22,San Diego,073,3302833,38071,36205,309,36514,673
2020-08-22,San Francisco,075,870044,9225,8568,8,8576,80
2020-08-22,San Joaquin,077,732212,17954,16068,32,16100,305
2020-08-22,San Luis Obispo,079,281455,2933,2660,12,2672,20
2020-08-22,San Mateo,081,765935,8182,7361,8,7369,120
2020-08-22,Santa Barbara,083,443738,7988,7685,67,7752,90
2020-08-22,Santa Clara,085,1922200,17557,15590,35,15625,190
2020-08-22,Santa Cruz,087,273765,1788,1628,14,1642,6
2020-08-22,Shasta,089,179085,598,493,3,496,9
2020-08-22,Sierra,091,2930,6,6,0,6,0
2020-08-22,Siskiyou,093,43540,123,106,8,114,0
2020-08-22,Solano,095,438530,5289,4944,31,4975,32
2020-08-22,Sonoma,097,501317,5546,4891,19,4910,57
2020-08-22,Stanislaus,099,539301,14713,13380,264,13644,170
2020-08-22,Sutter,101,95872,1302,1189,1,1190,8
2020-08-22,Tehama,103,63373,405,368,2,370,1
2020-08-22,Trinity,105,12862,44,8,6,14,0
2020-08-22,Tulare,107,460477,14132,13196,50,13246,222
2020-08-22,Tuolumne,109,53932,193,162,5,167,1
2020-08-22,Ventura,111,848112,10944,9959,71,10030,99
2020-08-22,Yolo,113,214977,2374,2188,4,2192,47
2020-08-22,Yuba,115,75493,800,738,3,741,1
2020-08-21,Alameda,001,1643700,17941,16413,118,16531,232
2020-08-21,Alpine,003,1148,2,2,0,2,0
2020-08-21,Amador,005,37829,266,223,0,223,11
2020-08-21,Butte,007,227075,1797,1582,41,1623,19
2020-08-21,Calaveras,009,45235,218,182,0,182,1
2020-08-21,Colusa,011,21464,438,418,0,418,5
2020-08-21,Contra Costa,013,1133247,13776,12333,45,12378,149
2020-08-21,Del Norte,015,27424,112,78,0,78,1
2020-08-21,El Dorado,017,186661,978,885,7,892,2
2020-08-21,Fresno,019,978130,26629,22840,285,23125,232
2020-08-21,Glenn,021,27897,432,418,0,418,2
2020-08-21,Humboldt,023,135768,363,331,1,332,4
2020-08-21,Imperial,025,180216,11103,9166,7,9173,204
2020-08-21,Inyo,027,18085,168,144,3,147,1
2020-08-21,Kern,029,883053,29197,27567,206,27773,269
2020-08-21,Kings,031,150075,6041,5391,29,5420,60
2020-08-21,Lake,033,64148,321,281,0,281,2
2020-08-21,Lassen,035,31185,720,693,2,695,0
2020-08-21,Los Angeles,037,10098052,235553,229235,1031,230266,5494
2020-08-21,Madera,039,155013,3756,3271,23,3294,31
2020-08-21,Marin,041,260295,6010,5762,14,5776,49
2020-08-21,Mariposa,043,17540,71,66,0,66,2
2020-08-21,Mendocino,045,87422,587,505,0,505,10
2020-08-21,Merced,047,269075,7742,7357,7,7364,69
2020-08-21,Modoc,049,8938,7,5,0,5,0
2020-08-21,Mono,051,14174,163,128,2,130,1
2020-08-21,Monterey,053,433212,7614,6974,21,6995,49
2020-08-21,Napa,055,140530,1418,1317,5,1322,10
2020-08-21,Nevada,057,99092,437,406,13,419,2
2020-08-21,Orange,059,3164182,49070,44625,1093,45718,875
2020-08-21,Placer,061,380077,2933,2698,6,2704,30
2020-08-21,Plumas,063,18699,39,36,0,36,0
2020-08-21,Riverside,065,2383286,52196,49409,54,49463,932
2020-08-21,Sacramento,067,1510023,17425,15247,15,15262,237
2020-08-21,San Benito,069,59416,1023,891,0,891,3
2020-08-21,San Bernardino,071,2135413,47760,44249,279,44528,668
2020-08-21,San Diego,073,3302833,37867,35914,292,36206,652
2020-08-21,San Francisco,075,870044,9175,8375,8,8383,80
2020-08-21,San Joaquin,077,732212,17872,15888,30,15918,301
2020-08-21,San Luis Obispo,079,281455,2910,2640,12,2652,19
2020-08-21,San Mateo,081,765935,8125,7253,8,7261,120
2020-08-21,Santa Barbara,083,443738,7947,7645,67,7712,86
2020-08-21,Santa Clara,085,1922200,17406,15399,35,15434,190
2020-08-21,Santa Cruz,087,273765,1776,1617,14,1631,6
2020-08-21,Shasta,089,179085,598,486,3,489,9
2020-08-21,Sierra,091,2930,6,6,0,6,0
2020-08-21,Siskiyou,093,43540,123,103,6,109,0
2020-08-21,Solano,095,438530,5266,4891,30,4921,32
2020-08-21,Sonoma,097,501317,5476,4816,19,4835,57
2020-08-21,Stanislaus,099,539301,14644,13282,250,13532,161
2020-08-21,Sutter,101,95872,1289,1173,1,1174,8
2020-08-21,Tehama,103,63373,403,357,2,359,1
2020-08-21,Trinity,105,12862,44,8,6,14,0
2020-08-21,Tulare,107,460477,14061,13002,48,13050,217
2020-08-21,Tuolumne,109,53932,185,161,5,166,1
2020-08-21,Ventura,111,848112,10879,9865,69,9934,98
2020-08-21,Yolo,113,214977,2359,2164,4,2168,46
2020-08-21,Yuba,115,75493,796,717,3,720,1
2020-08-20,Alameda,001,1643700,17781,16174,118,16292,229
2020-08-20,Alpine,003,1148,2,2,0,2,0
2020-08-20,Amador,005,37829,264,222,0,222,11
2020-08-20,Butte,007,227075,1748,1549,41,1590,18
2020-08-20,Calaveras,009,45235,215,179,0,179,1
2020-08-20,Colusa,011,21464,436,415,0,415,5
2020-08-20,Contra Costa,013,1133247,13649,12108,44,12152,144
2020-08-20,Del Norte,015,27424,112,78,0,78,1
2020-08-20,El Dorado,017,186661,974,881,7,888,2
2020-08-20,Fresno,019,978130,26448,22535,280,22815,228
2020-08-20,Glenn,021,27897,427,414,0,414,2
2020-08-20,Humboldt,023,135768,358,318,1,319,4
2020-08-20,Imperial,025,180216,11084,9086,7,9093,196
2020-08-20,Inyo,027,18085,167,144,3,147,1
2020-08-20,Kern,029,883053,29029,27337,195,27532,267
2020-08-20,Kings,031,150075,6001,5347,28,5375,59
2020-08-20,Lake,033,64148,316,280,0,280,2
2020-08-20,Lassen,035,31185,719,693,2,695,0
2020-08-20,Los Angeles,037,10098052,234318,227492,1012,228504,5445
2020-08-20,Madera,039,155013,3730,3197,23,3220,31
2020-08-20,Marin,041,260295,5992,5745,14,5759,47
2020-08-20,Mariposa,043,17540,71,67,0,67,2
2020-08-20,Mendocino,045,87422,577,497,0,497,10
2020-08-20,Merced,047,269075,7668,7173,7,7180,68
2020-08-20,Modoc,049,8938,7,5,0,5,0
2020-08-20,Mono,051,14174,163,128,2,130,1
2020-08-20,Monterey,053,433212,7543,6892,21,6913,47
2020-08-20,Napa,055,140530,1412,1306,5,1311,10
2020-08-20,Nevada,057,99092,436,401,13,414,2
2020-08-20,Orange,059,3164182,48843,44299,1083,45382,849
2020-08-20,Placer,061,380077,2917,2681,6,2687,30
2020-08-20,Plumas,063,18699,39,36,0,36,0
2020-08-20,Riverside,065,2383286,51977,48953,53,49006,927
2020-08-20,Sacramento,067,1510023,17182,14992,15,15007,231
2020-08-20,San Benito,069,59416,1010,866,0,866,3
2020-08-20,San Bernardino,071,2135413,47504,43627,275,43902,665
2020-08-20,San Diego,073,3302833,37647,35610,274,35884,644
2020-08-20,San Francisco,075,870044,9089,8262,8,8270,72
2020-08-20,San Joaquin,077,732212,17781,15778,30,15808,297
2020-08-20,San Luis Obispo,079,281455,2890,2590,12,2602,19
2020-08-20,San Mateo,081,765935,8060,7188,8,7196,120
2020-08-20,Santa Barbara,083,443738,7909,7571,67,7638,81
2020-08-20,Santa Clara,085,1922200,17234,15162,35,15197,190
2020-08-20,Santa Cruz,087,273765,1763,1581,14,1595,6
2020-08-20,Shasta,089,179085,597,478,3,481,9
2020-08-20,Sierra,091,2930,6,6,0,6,0
2020-08-20,Siskiyou,093,43540,122,102,1,103,0
2020-08-20,Solano,095,438530,5221,4843,30,4873,31
2020-08-20,Sonoma,097,501317,5404,4737,19,4756,54
2020-08-20,Stanislaus,099,539301,14548,13120,241,13361,161
2020-08-20,Sutter,101,95872,1265,1158,1,1159,8
2020-08-20,Tehama,103,63373,398,350,2,352,1
2020-08-20,Trinity,105,12862,44,8,6,14,0
2020-08-20,Tulare,107,460477,13953,12907,47,12954,217
2020-08-20,Tuolumne,109,53932,181,159,5,164,1
2020-08-20,Ventura,111,848112,10766,9744,68,9812,93
2020-08-20,Yolo,113,214977,2337,2150,4,2154,47
2020-08-20,Yuba,115,75493,779,709,3,712,1
2020-08-19,Alameda,001,1643700,17623,15874,117,15991,226
2020-08-19,Alpine,003,1148,2,2,0,2,0
2020-08-19,Amador,005,37829,263,219,0,219,9
2020-08-19,Butte,007,227075,1705,1517,41,1558,16
2020-08-19,Calaveras,009,45235,213,177,0,177,1
2020-08-19,Colusa,011,21464,435,415,0,415,5
2020-08-19,Contra Costa,013,1133247,13536,11895,43,11938,142
2020-08-19,Del Norte,015,27424,112,78,0,78,1
2020-08-19,El Dorado,017,186661,968,870,7,877,2
2020-08-19,Fresno,019,978130,26259,22167,271,22438,221
2020-08-19,Glenn,021,27897,425,414,0,414,2
2020-08-19,Humboldt,023,135768,355,316,1,317,4
2020-08-19,Imperial,025,180216,11056,9041,7,9048,192
2020-08-19,Inyo,027,18085,165,140,3,143,1
2020-08-19,Kern,029,883053,28912,27142,191,27333,263
2020-08-19,Kings,031,150075,5828,5301,26,5327,59
2020-08-19,Lake,033,64148,313,277,0,277,2
2020-08-19,Lassen,035,31185,711,693,2,695,0
2020-08-19,Los Angeles,037,10098052,233040,226006,972,226978,5399
2020-08-19,Madera,039,155013,3696,3158,21,3179,30
2020-08-19,Marin,041,260295,5969,5723,13,5736,46
2020-08-19,Mariposa,043,17540,71,64,0,64,2
2020-08-19,Mendocino,045,87422,560,495,0,495,8
2020-08-19,Merced,047,269075,7541,7082,4,7086,66
2020-08-19,Modoc,049,8938,7,5,0,5,0
2020-08-19,Mono,051,14174,163,128,2,130,1
2020-08-19,Monterey,053,433212,7443,6693,21,6714,45
2020-08-19,Napa,055,140530,1406,1293,5,1298,10
2020-08-19,Nevada,057,99092,429,398,13,411,2
2020-08-19,Orange,059,3164182,48638,43938,1080,45018,829
2020-08-19,Placer,061,380077,2895,2659,6,2665,28
2020-08-19,Plumas,063,18699,39,36,0,36,0
2020-08-19,Riverside,065,2383286,51727,48741,53,48794,922
2020-08-19,Sacramento,067,1510023,17002,14764,15,14779,229
2020-08-19,San Benito,069,59416,993,853,0,853,3
2020-08-19,San Bernardino,071,2135413,47208,43224,269,43493,661
2020-08-19,San Diego,073,3302833,37397,35378,259,35637,638
2020-08-19,San Francisco,075,870044,9025,8236,8,8244,72
2020-08-19,San Joaquin,077,732212,17659,15677,29,15706,296
2020-08-19,San Luis Obispo,079,281455,2850,2553,12,2565,19
2020-08-19,San Mateo,081,765935,7991,7146,8,7154,119
2020-08-19,Santa Barbara,083,443738,7860,7499,67,7566,80
2020-08-19,Santa Clara,085,1922200,17089,14994,35,15029,189
2020-08-19,Santa Cruz,087,273765,1737,1554,14,1568,6
2020-08-19,Shasta,089,179085,593,475,3,478,9
2020-08-19,Sierra,091,2930,6,6,0,6,0
2020-08-19,Siskiyou,093,43540,121,103,1,104,0
2020-08-19,Solano,095,438530,5180,4807,30,4837,31
2020-08-19,Sonoma,097,501317,5324,4614,19,4633,54
2020-08-19,Stanislaus,099,539301,14445,13084,219,13303,160
2020-08-19,Sutter,101,95872,1231,1146,1,1147,8
2020-08-19,Tehama,103,63373,392,342,2,344,1
2020-08-19,Trinity,105,12862,43,8,6,14,0
2020-08-19,Tulare,107,460477,13855,12756,47,12803,217
2020-08-19,Tuolumne,109,53932,178,159,5,164,1
2020-08-19,Ventura,111,848112,10674,9587,66,9653,91
2020-08-19,Yolo,113,214977,2315,2126,4,2130,47
2020-08-19,Yuba,115,75493,767,701,3,704,1
2020-08-18,Alameda,001,1643700,17445,15627,115,15742,223
2020-08-18,Alpine,003,1148,2,2,0,2,0
2020-08-18,Amador,005,37829,262,215,0,215,9
2020-08-18,Butte,007,227075,1672,1491,41,1532,16
2020-08-18,Calaveras,009,45235,210,174,0,174,1
2020-08-18,Colusa,011,21464,434,415,0,415,5
2020-08-18,Contra Costa,013,1133247,13415,11689,41,11730,141
2020-08-18,Del Norte,015,27424,111,78,0,78,0
2020-08-18,El Dorado,017,186661,963,866,7,873,2
2020-08-18,Fresno,019,978130,26038,21798,265,22063,212
2020-08-18,Glenn,021,27897,425,407,0,407,2
2020-08-18,Humboldt,023,135768,353,315,1,316,4
2020-08-18,Imperial,025,180216,11022,8968,7,8975,189
2020-08-18,Inyo,027,18085,164,140,3,143,1
2020-08-18,Kern,029,883053,28759,26978,187,27165,263
2020-08-18,Kings,031,150075,5793,5269,25,5294,58
2020-08-18,Lake,033,64148,310,274,0,274,2
2020-08-18,Lassen,035,31185,711,693,2,695,0
2020-08-18,Los Angeles,037,10098052,231772,224218,936,225154,5339
2020-08-18,Madera,039,155013,3668,3125,21,3146,28
2020-08-18,Marin,041,260295,5939,5708,13,5721,47
2020-08-18,Mariposa,043,17540,71,61,0,61,2
2020-08-18,Mendocino,045,87422,551,468,0,468,8
2020-08-18,Merced,047,269075,7493,6940,4,6944,66
2020-08-18,Modoc,049,8938,7,5,0,5,0
2020-08-18,Mono,051,14174,162,129,2,131,1
2020-08-18,Monterey,053,433212,7351,6691,20,6711,44
2020-08-18,Napa,055,140530,1402,1274,5,1279,10
2020-08-18,Nevada,057,99092,422,389,13,402,2
2020-08-18,Orange,059,3164182,48413,43659,1066,44725,809
2020-08-18,Placer,061,380077,2869,2644,5,2649,28
2020-08-18,Plumas,063,18699,39,34,0,34,0
2020-08-18,Riverside,065,2383286,51395,48447,53,48500,917
2020-08-18,Sacramento,067,1510023,16772,14610,14,14624,222
2020-08-18,San Benito,069,59416,973,836,0,836,3
2020-08-18,San Bernardino,071,2135413,46927,42827,263,43090,648
2020-08-18,San Diego,073,3302833,37104,35164,227,35391,633
2020-08-18,San Francisco,075,870044,8940,8016,8,8024,72
2020-08-18,San Joaquin,077,732212,17545,15509,28,15537,290
2020-08-18,San Luis Obispo,079,281455,2825,2535,11,2546,18
2020-08-18,San Mateo,081,765935,7930,7074,8,7082,119
2020-08-18,Santa Barbara,083,443738,7818,7472,67,7539,81
2020-08-18,Santa Clara,085,1922200,16920,14786,34,14820,184
2020-08-18,Santa Cruz,087,273765,1724,1509,14,1523,6
2020-08-18,Shasta,089,179085,589,468,3,471,9
2020-08-18,Sierra,091,2930,6,6,0,6,0
2020-08-18,Siskiyou,093,43540,120,103,1,104,0
2020-08-18,Solano,095,438530,5153,4700,30,4730,31
2020-08-18,Sonoma,097,501317,5255,4506,19,4525,48
2020-08-18,Stanislaus,099,539301,14347,12935,203,13138,149
2020-08-18,Sutter,101,95872,1212,1126,1,1127,8
2020-08-18,Tehama,103,63373,382,333,2,335,1
2020-08-18,Trinity,105,12862,41,8,6,14,0
2020-08-18,Tulare,107,460477,13725,12637,44,12681,212
2020-08-18,Tuolumne,109,53932,175,159,5,164,1
2020-08-18,Ventura,111,848112,10584,9536,61,9597,89
2020-08-18,Yolo,113,214977,2293,2102,4,2106,47
2020-08-18,Yuba,115,75493,759,679,3,682,1
2020-08-17,Alameda,001,1643700,17252,15454,114,15568,221
2020-08-17,Alpine,003,1148,2,2,0,2,0
2020-08-17,Amador,005,37829,262,215,0,215,9
2020-08-17,Butte,007,227075,1627,1463,41,1504,15
2020-08-17,Calaveras,009,45235,206,167,0,167,1
2020-08-17,Colusa,011,21464,431,408,0,408,5
2020-08-17,Contra Costa,013,1133247,13278,11442,41,11483,141
2020-08-17,Del Norte,015,27424,107,77,0,77,0
2020-08-17,El Dorado,017,186661,960,846,7,853,2
2020-08-17,Fresno,019,978130,25831,21316,258,21574,211
2020-08-17,Glenn,021,27897,424,402,0,402,2
2020-08-17,Humboldt,023,135768,349,302,1,303,4
2020-08-17,Imperial,025,180216,10981,8897,7,8904,188
2020-08-17,Inyo,027,18085,156,124,3,127,1
2020-08-17,Kern,029,883053,28612,26773,177,26950,249
2020-08-17,Kings,031,150075,5755,5249,25,5274,58
2020-08-17,Lake,033,64148,305,270,0,270,2
2020-08-17,Lassen,035,31185,711,666,2,668,0
2020-08-17,Los Angeles,037,10098052,230253,223418,892,224310,5282
2020-08-17,Madera,039,155013,3625,3050,20,3070,26
2020-08-17,Marin,041,260295,5916,5683,12,5695,46
2020-08-17,Mariposa,043,17540,71,61,0,61,2
2020-08-17,Mendocino,045,87422,533,454,0,454,8
2020-08-17,Merced,047,269075,7398,6814,4,6818,66
2020-08-17,Modoc,049,8938,7,5,0,5,0
2020-08-17,Mono,051,14174,162,126,2,128,1
2020-08-17,Monterey,053,433212,7251,6553,20,6573,44
2020-08-17,Napa,055,140530,1381,1255,5,1260,10
2020-08-17,Nevada,057,99092,417,383,13,396,2
2020-08-17,Orange,059,3164182,48203,43621,1053,44674,804
2020-08-17,Placer,061,380077,2844,2609,5,2614,28
2020-08-17,Plumas,063,18699,39,33,0,33,0
2020-08-17,Riverside,065,2383286,51061,48062,51,48113,916
2020-08-17,Sacramento,067,1510023,16552,14333,14,14347,219
2020-08-17,San Benito,069,59416,958,822,0,822,2
2020-08-17,San Bernardino,071,2135413,46583,42005,254,42259,604
2020-08-17,San Diego,073,3302833,36838,34962,213,35175,626
2020-08-17,San Francisco,075,870044,8869,7600,8,7608,72
2020-08-17,San Joaquin,077,732212,17383,15323,27,15350,280
2020-08-17,San Luis Obispo,079,281455,2792,2527,11,2538,18
2020-08-17,San Mateo,081,765935,7873,6987,7,6994,118
2020-08-17,Santa Barbara,083,443738,7776,7438,67,7505,80
2020-08-17,Santa Clara,085,1922200,16695,14546,34,14580,183
2020-08-17,Santa Cruz,087,273765,1708,1453,13,1466,6
2020-08-17,Shasta,089,179085,583,467,3,470,9
2020-08-17,Sierra,091,2930,6,6,0,6,0
2020-08-17,Siskiyou,093,43540,119,103,0,103,0
2020-08-17,Solano,095,438530,5096,4479,30,4509,31
2020-08-17,Sonoma,097,501317,5167,4402,17,4419,48
2020-08-17,Stanislaus,099,539301,14222,12745,196,12941,148
2020-08-17,Sutter,101,95872,1196,1071,1,1072,8
2020-08-17,Tehama,103,63373,372,324,2,326,1
2020-08-17,Trinity,105,12862,41,8,6,14,0
2020-08-17,Tulare,107,460477,13613,12487,43,12530,210
2020-08-17,Tuolumne,109,53932,172,157,5,162,1
2020-08-17,Ventura,111,848112,10461,9490,56,9546,89
2020-08-17,Yolo,113,214977,2266,2083,4,2087,47
2020-08-17,Yuba,115,75493,744,647,3,650,1
2020-08-16,Alameda,001,1643700,16961,15338,114,15452,221
2020-08-16,Alpine,003,1148,2,2,0,2,0
2020-08-16,Amador,005,37829,259,215,0,215,9
2020-08-16,Butte,007,227075,1589,1432,41,1473,15
2020-08-16,Calaveras,009,45235,199,167,0,167,1
2020-08-16,Colusa,011,21464,429,407,0,407,5
2020-08-16,Contra Costa,013,1133247,13092,11255,41,11296,140
2020-08-16,Del Norte,015,27424,103,77,0,77,0
2020-08-16,El Dorado,017,186661,948,843,7,850,2
2020-08-16,Fresno,019,978130,25610,21010,253,21263,211
2020-08-16,Glenn,021,27897,422,400,0,400,2
2020-08-16,Humboldt,023,135768,347,301,1,302,4
2020-08-16,Imperial,025,180216,10937,8883,7,8890,188
2020-08-16,Inyo,027,18085,149,125,2,127,1
2020-08-16,Kern,029,883053,28413,26520,169,26689,249
2020-08-16,Kings,031,150075,5724,5146,25,5171,58
2020-08-16,Lake,033,64148,301,269,0,269,2
2020-08-16,Lassen,035,31185,711,666,2,668,0
2020-08-16,Los Angeles,037,10098052,228681,222236,862,223098,5263
2020-08-16,Madera,039,155013,3580,3013,20,3033,26
2020-08-16,Marin,041,260295,5890,5664,12,5676,46
2020-08-16,Mariposa,043,17540,71,61,0,61,2
2020-08-16,Mendocino,045,87422,525,451,0,451,8
2020-08-16,Merced,047,269075,7316,6744,4,6748,66
2020-08-16,Modoc,049,8938,7,5,0,5,0
2020-08-16,Mono,051,14174,162,126,2,128,1
2020-08-16,Monterey,053,433212,7153,6516,19,6535,44
2020-08-16,Napa,055,140530,1362,1241,3,1244,10
2020-08-16,Nevada,057,99092,408,379,13,392,2
2020-08-16,Orange,059,3164182,47953,43303,1042,44345,803
2020-08-16,Placer,061,380077,2815,2583,4,2587,28
2020-08-16,Plumas,063,18699,39,33,0,33,0
2020-08-16,Riverside,065,2383286,50730,47669,50,47719,910
2020-08-16,Sacramento,067,1510023,16312,14210,14,14224,219
2020-08-16,San Benito,069,59416,929,815,0,815,2
2020-08-16,San Bernardino,071,2135413,46160,41724,246,41970,603
2020-08-16,San Diego,073,3302833,36574,34680,198,34878,626
2020-08-16,San Francisco,075,870044,8782,7602,8,7610,72
2020-08-16,San Joaquin,077,732212,17182,15288,27,15315,280
2020-08-16,San Luis Obispo,079,281455,2763,2494,11,2505,17
2020-08-16,San Mateo,081,765935,7799,6942,7,6949,118
2020-08-16,Santa Barbara,083,443738,7727,7368,67,7435,79
2020-08-16,Santa Clara,085,1922200,16495,14329,34,14363,183
2020-08-16,Santa Cruz,087,273765,1681,1449,12,1461,6
2020-08-16,Shasta,089,179085,576,465,3,468,9
2020-08-16,Sierra,091,2930,6,6,0,6,0
2020-08-16,Siskiyou,093,43540,118,102,0,102,0
2020-08-16,Solano,095,438530,5036,4479,30,4509,31
2020-08-16,Sonoma,097,501317,5063,4329,17,4346,46
2020-08-16,Stanislaus,099,539301,14064,12668,186,12854,148
2020-08-16,Sutter,101,95872,1178,1071,1,1072,8
2020-08-16,Tehama,103,63373,363,318,2,320,1
2020-08-16,Trinity,105,12862,38,8,6,14,0
2020-08-16,Tulare,107,460477,13481,12334,40,12374,211
2020-08-16,Tuolumne,109,53932,172,156,5,161,1
2020-08-16,Ventura,111,848112,10352,9408,51,9459,89
2020-08-16,Yolo,113,214977,2247,2057,4,2061,47
2020-08-16,Yuba,115,75493,735,647,2,649,1
2020-08-15,Alameda,001,1643700,16884,15165,114,15279,221
2020-08-15,Alpine,003,1148,2,2,0,2,0
2020-08-15,Amador,005,37829,259,210,0,210,9
2020-08-15,Butte,007,227075,1567,1409,41,1450,15
2020-08-15,Calaveras,009,45235,197,167,0,167,1
2020-08-15,Colusa,011,21464,428,401,0,401,5
2020-08-15,Contra Costa,013,1133247,12996,11106,41,11147,138
2020-08-15,Del Norte,015,27424,103,77,0,77,0
2020-08-15,El Dorado,017,186661,943,838,7,845,2
2020-08-15,Fresno,019,978130,25494,20603,251,20854,211
2020-08-15,Glenn,021,27897,422,398,0,398,2
2020-08-15,Humboldt,023,135768,346,301,1,302,4
2020-08-15,Imperial,025,180216,10917,8794,7,8801,188
2020-08-15,Inyo,027,18085,149,123,2,125,1
2020-08-15,Kern,029,883053,28325,26338,169,26507,249
2020-08-15,Kings,031,150075,5706,5039,25,5064,56
2020-08-15,Lake,033,64148,299,268,0,268,2
2020-08-15,Lassen,035,31185,711,666,2,668,0
2020-08-15,Los Angeles,037,10098052,227929,221043,852,221895,5252
2020-08-15,Madera,039,155013,3530,2950,20,2970,26
2020-08-15,Marin,041,260295,5883,5628,12,5640,46
2020-08-15,Mariposa,043,17540,71,61,0,61,2
2020-08-15,Mendocino,045,87422,521,444,0,444,8
2020-08-15,Merced,047,269075,7282,6656,4,6660,66
2020-08-15,Modoc,049,8938,7,5,0,5,0
2020-08-15,Mono,051,14174,162,126,2,128,1
2020-08-15,Monterey,053,433212,7108,6162,19,6181,44
2020-08-15,Napa,055,140530,1352,1232,3,1235,10
2020-08-15,Nevada,057,99092,408,376,13,389,2
2020-08-15,Orange,059,3164182,47840,42811,1031,43842,801
2020-08-15,Placer,061,380077,2794,2551,4,2555,27
2020-08-15,Plumas,063,18699,39,33,0,33,0
2020-08-15,Riverside,065,2383286,50579,46720,50,46770,910
2020-08-15,Sacramento,067,1510023,16202,14018,14,14032,219
2020-08-15,San Benito,069,59416,916,805,0,805,2
2020-08-15,San Bernardino,071,2135413,46008,41231,244,41475,602
2020-08-15,San Diego,073,3302833,36408,34346,184,34530,639
2020-08-15,San Francisco,075,870044,8720,7601,8,7609,69
2020-08-15,San Joaquin,077,732212,17108,15113,27,15140,280
2020-08-15,San Luis Obispo,079,281455,2746,2461,11,2472,17
2020-08-15,San Mateo,081,765935,7762,6860,7,6867,118
2020-08-15,Santa Barbara,083,443738,7699,7338,67,7405,79
2020-08-15,Santa Clara,085,1922200,16399,14105,34,14139,183
2020-08-15,Santa Cruz,087,273765,1660,1449,12,1461,6
2020-08-15,Shasta,089,179085,573,458,3,461,9
2020-08-15,Sierra,091,2930,6,6,0,6,0
2020-08-15,Siskiyou,093,43540,117,100,0,100,0
2020-08-15,Solano,095,438530,5014,4477,30,4507,31
2020-08-15,Sonoma,097,501317,5008,4134,17,4151,45
2020-08-15,Stanislaus,099,539301,14000,12541,185,12726,149
2020-08-15,Sutter,101,95872,1167,1046,1,1047,8
2020-08-15,Tehama,103,63373,362,312,2,314,1
2020-08-15,Trinity,105,12862,36,6,6,12,0
2020-08-15,Tulare,107,460477,13442,12262,40,12302,211
2020-08-15,Tuolumne,109,53932,172,155,5,160,1
2020-08-15,Ventura,111,848112,10293,9379,49,9428,89
2020-08-15,Yolo,113,214977,2235,2031,4,2035,46
2020-08-15,Yuba,115,75493,731,623,2,625,1
2020-08-14,Alameda,001,1643700,16744,14909,114,15023,221
2020-08-14,Alpine,003,1148,2,2,0,2,0
2020-08-14,Amador,005,37829,259,209,0,209,9
2020-08-14,Butte,007,227075,1559,1384,41,1425,15
2020-08-14,Calaveras,009,45235,193,165,0,165,1
2020-08-14,Colusa,011,21464,426,399,0,399,5
2020-08-14,Contra Costa,013,1133247,12884,10893,41,10934,137
2020-08-14,Del Norte,015,27424,103,76,0,76,0
2020-08-14,El Dorado,017,186661,935,827,7,834,2
2020-08-14,Fresno,019,978130,25360,19900,251,20151,208
2020-08-14,Glenn,021,27897,420,395,0,395,2
2020-08-14,Humboldt,023,135768,340,294,1,295,4
2020-08-14,Imperial,025,180216,10893,8756,7,8763,185
2020-08-14,Inyo,027,18085,148,115,2,117,1
2020-08-14,Kern,029,883053,28221,25893,168,26061,249
2020-08-14,Kings,031,150075,5692,4953,25,4978,56
2020-08-14,Lake,033,64148,290,267,0,267,2
2020-08-14,Lassen,035,31185,711,665,2,667,0
2020-08-14,Los Angeles,037,10098052,226755,219083,836,219919,5222
2020-08-14,Madera,039,155013,3500,2876,20,2896,26
2020-08-14,Marin,041,260295,5872,5601,12,5613,46
2020-08-14,Mariposa,043,17540,70,61,0,61,2
2020-08-14,Mendocino,045,87422,512,432,0,432,8
2020-08-14,Merced,047,269075,7252,6466,4,6470,67
2020-08-14,Modoc,049,8938,7,5,0,5,0
2020-08-14,Mono,051,14174,162,126,2,128,1
2020-08-14,Monterey,053,433212,7057,6121,19,6140,41
2020-08-14,Napa,055,140530,1342,1230,3,1233,10
2020-08-14,Nevada,057,99092,404,377,13,390,2
2020-08-14,Orange,059,3164182,47690,42399,1019,43418,798
2020-08-14,Placer,061,380077,2775,2546,4,2550,26
2020-08-14,Plumas,063,18699,38,33,0,33,0
2020-08-14,Riverside,065,2383286,50349,46456,50,46506,891
2020-08-14,Sacramento,067,1510023,16053,13645,14,13659,212
2020-08-14,San Benito,069,59416,899,783,0,783,2
2020-08-14,San Bernardino,071,2135413,45821,40442,241,40683,594
2020-08-14,San Diego,073,3302833,36214,34067,177,34244,622
2020-08-14,San Francisco,075,870044,8662,7467,8,7475,69
2020-08-14,San Joaquin,077,732212,17008,14925,27,14952,276
2020-08-14,San Luis Obispo,079,281455,2731,2422,11,2433,17
2020-08-14,San Mateo,081,765935,7703,6655,7,6662,118
2020-08-14,Santa Barbara,083,443738,7649,7302,67,7369,77
2020-08-14,Santa Clara,085,1922200,16229,13785,33,13818,183
2020-08-14,Santa Cruz,087,273765,1638,1418,11,1429,6
2020-08-14,Shasta,089,179085,568,446,3,449,9
2020-08-14,Sierra,091,2930,6,5,0,5,0
2020-08-14,Siskiyou,093,43540,117,98,0,98,0
2020-08-14,Solano,095,438530,4993,4421,30,4451,31
2020-08-14,Sonoma,097,501317,4949,4087,14,4101,45
2020-08-14,Stanislaus,099,539301,13922,12379,181,12560,140
2020-08-14,Sutter,101,95872,1159,1039,1,1040,8
2020-08-14,Tehama,103,63373,357,305,2,307,1
2020-08-14,Trinity,105,12862,36,6,6,12,0
2020-08-14,Tulare,107,460477,13365,12009,40,12049,211
2020-08-14,Tuolumne,109,53932,171,155,5,160,1
2020-08-14,Ventura,111,848112,10218,9313,49,9362,89
2020-08-14,Yolo,113,214977,2221,1991,4,1995,45
2020-08-14,Yuba,115,75493,715,606,2,608,1
2020-08-13,Alameda,001,1643700,16463,14385,114,14499,218
2020-08-13,Alpine,003,1148,2,2,0,2,0
2020-08-13,Amador,005,37829,259,198,0,198,8
2020-08-13,Butte,007,227075,1534,1345,41,1386,15
2020-08-13,Calaveras,009,45235,191,162,0,162,1
2020-08-13,Colusa,011,21464,426,395,0,395,5
2020-08-13,Contra Costa,013,1133247,12730,10545,40,10585,136
2020-08-13,Del Norte,015,27424,102,74,0,74,0
2020-08-13,El Dorado,017,186661,930,803,7,810,2
2020-08-13,Fresno,019,978130,25133,19157,245,19402,201
2020-08-13,Glenn,021,27897,416,392,0,392,1
2020-08-13,Humboldt,023,135768,332,281,1,282,4
2020-08-13,Imperial,025,180216,10862,8640,7,8647,170
2020-08-13,Inyo,027,18085,144,97,2,99,1
2020-08-13,Kern,029,883053,28054,25472,165,25637,242
2020-08-13,Kings,031,150075,5657,4824,25,4849,52
2020-08-13,Lake,033,64148,285,263,0,263,2
2020-08-13,Lassen,035,31185,711,652,2,654,0
2020-08-13,Los Angeles,037,10098052,225375,216497,813,217310,5179
2020-08-13,Madera,039,155013,3456,2675,19,2694,25
2020-08-13,Marin,041,260295,5856,5503,12,5515,44
2020-08-13,Mariposa,043,17540,69,61,0,61,2
2020-08-13,Mendocino,045,87422,507,401,0,401,8
2020-08-13,Merced,047,269075,7135,5945,4,5949,63
2020-08-13,Modoc,049,8938,7,5,0,5,0
2020-08-13,Mono,051,14174,162,124,2,126,1
2020-08-13,Monterey,053,433212,6974,5925,19,5944,38
2020-08-13,Napa,055,140530,1333,1179,3,1182,10
2020-08-13,Nevada,057,99092,400,362,13,375,1
2020-08-13,Orange,059,3164182,47451,42019,1008,43027,773
2020-08-13,Placer,061,380077,2752,2460,4,2464,26
2020-08-13,Plumas,063,18699,38,32,0,32,0
2020-08-13,Riverside,065,2383286,50053,45327,50,45377,885
2020-08-13,Sacramento,067,1510023,15849,13237,14,13251,197
2020-08-13,San Benito,069,59416,870,757,0,757,2
2020-08-13,San Bernardino,071,2135413,45424,39395,234,39629,591
2020-08-13,San Diego,073,3302833,35978,33661,159,33820,627
2020-08-13,San Francisco,075,870044,8568,7277,8,7285,69
2020-08-13,San Joaquin,077,732212,16852,14537,26,14563,261
2020-08-13,San Luis Obispo,079,281455,2709,2283,11,2294,16
2020-08-13,San Mateo,081,765935,7641,6503,7,6510,117
2020-08-13,Santa Barbara,083,443738,7604,7129,66,7195,74
2020-08-13,Santa Clara,085,1922200,16007,13257,33,13290,182
2020-08-13,Santa Cruz,087,273765,1613,1383,11,1394,6
2020-08-13,Shasta,089,179085,563,428,3,431,9
2020-08-13,Sierra,091,2930,6,5,0,5,0
2020-08-13,Siskiyou,093,43540,117,95,0,95,0
2020-08-13,Solano,095,438530,4956,4305,30,4335,31
2020-08-13,Sonoma,097,501317,4875,3902,14,3916,45
2020-08-13,Stanislaus,099,539301,13793,11953,165,12118,136
2020-08-13,Sutter,101,95872,1138,992,1,993,8
2020-08-13,Tehama,103,63373,348,302,2,304,1
2020-08-13,Trinity,105,12862,35,6,6,12,0
2020-08-13,Tulare,107,460477,13221,11692,37,11729,210
2020-08-13,Tuolumne,109,53932,170,152,5,157,1
2020-08-13,Ventura,111,848112,10129,9114,49,9163,90
2020-08-13,Yolo,113,214977,2194,1938,4,1942,44
2020-08-13,Yuba,115,75493,699,568,2,570,1
2020-08-12,Alameda,001,1643700,16251,14214,114,14328,215
2020-08-12,Alpine,003,1148,2,2,0,2,0
2020-08-12,Amador,005,37829,256,197,0,197,8
2020-08-12,Butte,007,227075,1506,1317,41,1358,15
2020-08-12,Calaveras,009,45235,188,157,0,157,1
2020-08-12,Colusa,011,21464,421,394,0,394,5
2020-08-12,Contra Costa,013,1133247,12585,10304,39,10343,134
2020-08-12,Del Norte,015,27424,101,74,0,74,0
2020-08-12,El Dorado,017,186661,912,794,7,801,2
2020-08-12,Fresno,019,978130,24902,18690,239,18929,194
2020-08-12,Glenn,021,27897,413,388,0,388,1
2020-08-12,Humboldt,023,135768,325,281,1,282,4
2020-08-12,Imperial,025,180216,10839,8566,7,8573,167
2020-08-12,Inyo,027,18085,127,97,2,99,1
2020-08-12,Kern,029,883053,27862,25191,163,25354,232
2020-08-12,Kings,031,150075,5618,4736,25,4761,50
2020-08-12,Lake,033,64148,283,253,0,253,2
2020-08-12,Lassen,035,31185,710,651,2,653,0
2020-08-12,Los Angeles,037,10098052,223976,214542,797,215339,5119
2020-08-12,Madera,039,155013,3422,2681,17,2698,23
2020-08-12,Marin,041,260295,5834,5423,12,5435,44
2020-08-12,Mariposa,043,17540,69,61,0,61,2
2020-08-12,Mendocino,045,87422,488,386,0,386,9
2020-08-12,Merced,047,269075,7073,5777,4,5781,66
2020-08-12,Modoc,049,8938,7,5,0,5,0
2020-08-12,Mono,051,14174,161,124,2,126,1
2020-08-12,Monterey,053,433212,6870,5919,19,5938,38
2020-08-12,Napa,055,140530,1323,1161,3,1164,10
2020-08-12,Nevada,057,99092,395,357,13,370,1
2020-08-12,Orange,059,3164182,47200,41576,984,42560,754
2020-08-12,Placer,061,380077,2720,2417,4,2421,25
2020-08-12,Plumas,063,18699,38,31,0,31,0
2020-08-12,Riverside,065,2383286,49705,44747,50,44797,867
2020-08-12,Sacramento,067,1510023,15637,12528,14,12542,189
2020-08-12,San Benito,069,59416,857,751,0,751,2
2020-08-12,San Bernardino,071,2135413,45081,38811,225,39036,589
2020-08-12,San Diego,073,3302833,35769,33395,139,33534,608
2020-08-12,San Francisco,075,870044,8485,7194,8,7202,66
2020-08-12,San Joaquin,077,732212,16704,14154,26,14180,253
2020-08-12,San Luis Obispo,079,281455,2684,2263,11,2274,15
2020-08-12,San Mateo,081,765935,7562,6427,7,6434,117
2020-08-12,Santa Barbara,083,443738,7544,7049,64,7113,74
2020-08-12,Santa Clara,085,1922200,15832,13002,33,13035,182
2020-08-12,Santa Cruz,087,273765,1584,1382,10,1392,6
2020-08-12,Shasta,089,179085,559,417,3,420,9
2020-08-12,Sierra,091,2930,5,4,0,4,0
2020-08-12,Siskiyou,093,43540,116,90,0,90,0
2020-08-12,Solano,095,438530,4911,4258,30,4288,31
2020-08-12,Sonoma,097,501317,4801,3847,14,3861,47
2020-08-12,Stanislaus,099,539301,13653,11682,158,11840,136
2020-08-12,Sutter,101,95872,1114,987,1,988,7
2020-08-12,Tehama,103,63373,338,289,2,291,1
2020-08-12,Trinity,105,12862,34,6,6,12,0
2020-08-12,Tulare,107,460477,13093,11460,37,11497,211
2020-08-12,Tuolumne,109,53932,169,150,5,155,1
2020-08-12,Ventura,111,848112,10042,9005,49,9054,87
2020-08-12,Yolo,113,214977,2170,1921,4,1925,44
2020-08-12,Yuba,115,75493,677,549,1,550,1
2020-08-11,Alameda,001,1643700,15990,13960,111,14071,204
2020-08-11,Alpine,003,1148,2,2,0,2,0
2020-08-11,Amador,005,37829,250,187,0,187,3
2020-08-11,Butte,007,227075,1478,1296,41,1337,15
2020-08-11,Calaveras,009,45235,186,161,0,161,1
2020-08-11,Colusa,011,21464,416,390,0,390,5
2020-08-11,Contra Costa,013,1133247,12397,10012,37,10049,131
2020-08-11,Del Norte,015,27424,100,73,0,73,0
2020-08-11,El Dorado,017,186661,905,786,6,792,2
2020-08-11,Fresno,019,978130,24580,18344,236,18580,187
2020-08-11,Glenn,021,27897,411,380,0,380,1
2020-08-11,Humboldt,023,135768,320,283,1,284,4
2020-08-11,Imperial,025,180216,10784,8518,7,8525,165
2020-08-11,Inyo,027,18085,122,97,2,99,1
2020-08-11,Kern,029,883053,27527,25042,161,25203,230
2020-08-11,Kings,031,150075,5427,4696,25,4721,50
2020-08-11,Lake,033,64148,280,243,0,243,2
2020-08-11,Lassen,035,31185,704,605,2,607,0
2020-08-11,Los Angeles,037,10098052,222476,212421,773,213194,5065
2020-08-11,Madera,039,155013,3368,2673,17,2690,22
2020-08-11,Marin,041,260295,5807,5287,11,5298,44
2020-08-11,Mariposa,043,17540,68,60,0,60,2
2020-08-11,Mendocino,045,87422,478,385,0,385,9
2020-08-11,Merced,047,269075,6978,5322,3,5325,65
2020-08-11,Modoc,049,8938,7,5,0,5,0
2020-08-11,Mono,051,14174,161,124,2,126,1
2020-08-11,Monterey,053,433212,6761,5624,19,5643,36
2020-08-11,Napa,055,140530,1312,1143,2,1145,11
2020-08-11,Nevada,057,99092,392,358,13,371,1
2020-08-11,Orange,059,3164182,46978,41205,963,42168,742
2020-08-11,Placer,061,380077,2688,2393,4,2397,24
2020-08-11,Plumas,063,18699,38,31,0,31,0
2020-08-11,Riverside,065,2383286,49348,44237,50,44287,836
2020-08-11,Sacramento,067,1510023,15346,12298,14,12312,182
2020-08-11,San Benito,069,59416,845,750,0,750,2
2020-08-11,San Bernardino,071,2135413,44741,38467,218,38685,584
2020-08-11,San Diego,073,3302833,35502,33159,120,33279,602
2020-08-11,San Francisco,075,870044,8389,6988,8,6996,66
2020-08-11,San Joaquin,077,732212,16526,13997,21,14018,251
2020-08-11,San Luis Obispo,079,281455,2627,2234,11,2245,15
2020-08-11,San Mateo,081,765935,7488,6339,7,6346,117
2020-08-11,Santa Barbara,083,443738,7495,6942,64,7006,70
2020-08-11,Santa Clara,085,1922200,15611,12920,33,12953,183
2020-08-11,Santa Cruz,087,273765,1561,1352,10,1362,4
2020-08-11,Shasta,089,179085,555,416,3,419,9
2020-08-11,Sierra,091,2930,5,4,0,4,0
2020-08-11,Siskiyou,093,43540,116,90,0,90,0
2020-08-11,Solano,095,438530,4863,4206,29,4235,31
2020-08-11,Sonoma,097,501317,4706,3752,14,3766,45
2020-08-11,Stanislaus,099,539301,13549,11592,146,11738,128
2020-08-11,Sutter,101,95872,1092,964,1,965,7
2020-08-11,Tehama,103,63373,334,289,2,291,1
2020-08-11,Trinity,105,12862,34,5,6,11,0
2020-08-11,Tulare,107,460477,12968,11392,36,11428,201
2020-08-11,Tuolumne,109,53932,165,146,5,151,1
2020-08-11,Ventura,111,848112,9974,8953,48,9001,88
2020-08-11,Yolo,113,214977,2148,1912,4,1916,44
2020-08-11,Yuba,115,75493,666,540,1,541,1
2020-08-10,Alameda,001,1643700,15750,13420,109,13529,203
2020-08-10,Alpine,003,1148,2,2,0,2,0
2020-08-10,Amador,005,37829,249,172,0,172,2
2020-08-10,Butte,007,227075,1454,1174,39,1213,15
2020-08-10,Calaveras,009,45235,175,121,0,121,1
2020-08-10,Colusa,011,21464,414,387,0,387,4
2020-08-10,Contra Costa,013,1133247,12243,9454,35,9489,130
2020-08-10,Del Norte,015,27424,98,69,0,69,0
2020-08-10,El Dorado,017,186661,893,771,6,777,2
2020-08-10,Fresno,019,978130,24299,17978,236,18214,183
2020-08-10,Glenn,021,27897,408,381,0,381,1
2020-08-10,Humboldt,023,135768,314,277,1,278,4
2020-08-10,Imperial,025,180216,10740,8465,7,8472,165
2020-08-10,Inyo,027,18085,122,97,2,99,1
2020-08-10,Kern,029,883053,27301,24499,160,24659,215
2020-08-10,Kings,031,150075,5321,4588,25,4613,50
2020-08-10,Lake,033,64148,273,239,0,239,2
2020-08-10,Lassen,035,31185,704,588,2,590,0
2020-08-10,Los Angeles,037,10098052,220898,211035,755,211790,5003
2020-08-10,Madera,039,155013,3335,2365,17,2382,22
2020-08-10,Marin,041,260295,5762,5242,10,5252,44
2020-08-10,Mariposa,043,17540,68,57,0,57,2
2020-08-10,Mendocino,045,87422,454,364,0,364,1
2020-08-10,Merced,047,269075,6896,4913,3,4916,51
2020-08-10,Modoc,049,8938,7,5,0,5,0
2020-08-10,Mono,051,14174,161,123,2,125,1
2020-08-10,Monterey,053,433212,6651,5358,19,5377,34
2020-08-10,Napa,055,140530,1294,1084,2,1086,8
2020-08-10,Nevada,057,99092,384,356,13,369,1
2020-08-10,Orange,059,3164182,46708,40445,945,41390,721
2020-08-10,Placer,061,380077,2649,2298,4,2302,21
2020-08-10,Plumas,063,18699,38,27,0,27,0
2020-08-10,Riverside,065,2383286,48963,43296,49,43345,830
2020-08-10,Sacramento,067,1510023,15035,12059,14,12073,168
2020-08-10,San Benito,069,59416,832,743,0,743,2
2020-08-10,San Bernardino,071,2135413,44365,37367,209,37576,579
2020-08-10,San Diego,073,3302833,35236,32977,104,33081,594
2020-08-10,San Francisco,075,870044,8299,6816,7,6823,66
2020-08-10,San Joaquin,077,732212,16342,13308,21,13329,240
2020-08-10,San Luis Obispo,079,281455,2528,2208,11,2219,15
2020-08-10,San Mateo,081,765935,7411,6222,7,6229,117
2020-08-10,Santa Barbara,083,443738,7440,6869,64,6933,66
2020-08-10,Santa Clara,085,1922200,15351,12615,32,12647,182
2020-08-10,Santa Cruz,087,273765,1541,1239,9,1248,4
2020-08-10,Shasta,089,179085,551,384,3,387,9
2020-08-10,Sierra,091,2930,5,3,0,3,0
2020-08-10,Siskiyou,093,43540,113,88,0,88,0
2020-08-10,Solano,095,438530,4803,4101,29,4130,31
2020-08-10,Sonoma,097,501317,4537,3640,10,3650,42
2020-08-10,Stanislaus,099,539301,13366,10855,130,10985,106
2020-08-10,Sutter,101,95872,1067,865,1,866,7
2020-08-10,Tehama,103,63373,327,282,2,284,1
2020-08-10,Trinity,105,12862,31,5,6,11,0
2020-08-10,Tulare,107,460477,12795,10750,34,10784,194
2020-08-10,Tuolumne,109,53932,165,143,4,147,1
2020-08-10,Ventura,111,848112,9890,8851,47,8898,85
2020-08-10,Yolo,113,214977,2125,1840,4,1844,45
2020-08-10,Yuba,115,75493,649,527,1,528,1
2020-08-09,Alameda,001,1643700,15468,13241,107,13348,203
2020-08-09,Alpine,003,1148,2,2,0,2,0
2020-08-09,Amador,005,37829,244,153,0,153,2
2020-08-09,Butte,007,227075,1411,1155,39,1194,15
2020-08-09,Calaveras,009,45235,170,122,0,122,1
2020-08-09,Colusa,011,21464,410,371,0,371,4
2020-08-09,Contra Costa,013,1133247,12015,9214,34,9248,130
2020-08-09,Del Norte,015,27424,98,69,0,69,0
2020-08-09,El Dorado,017,186661,885,748,6,754,2
2020-08-09,Fresno,019,978130,23988,17846,232,18078,183
2020-08-09,Glenn,021,27897,406,354,0,354,1
2020-08-09,Humboldt,023,135768,308,279,1,280,4
2020-08-09,Imperial,025,180216,10697,8310,6,8316,165
2020-08-09,Inyo,027,18085,117,86,1,87,1
2020-08-09,Kern,029,883053,27045,23680,160,23840,215
2020-08-09,Kings,031,150075,5278,4446,24,4470,50
2020-08-09,Lake,033,64148,266,225,0,225,2
2020-08-09,Lassen,035,31185,698,589,2,591,0
2020-08-09,Los Angeles,037,10098052,218835,208810,733,209543,4984
2020-08-09,Madera,039,155013,3277,2322,13,2335,22
2020-08-09,Marin,041,260295,5719,5204,10,5214,44
2020-08-09,Mariposa,043,17540,66,56,0,56,2
2020-08-09,Mendocino,045,87422,444,283,0,283,1
2020-08-09,Merced,047,269075,6799,4735,2,4737,51
2020-08-09,Modoc,049,8938,7,4,0,4,0
2020-08-09,Mono,051,14174,160,113,2,115,1
2020-08-09,Monterey,053,433212,6527,5199,19,5218,34
2020-08-09,Napa,055,140530,1275,1062,2,1064,8
2020-08-09,Nevada,057,99092,376,332,13,345,1
2020-08-09,Orange,059,3164182,46409,39244,930,40174,722
2020-08-09,Placer,061,380077,2620,2211,4,2215,20
2020-08-09,Plumas,063,18699,38,27,0,27,0
2020-08-09,Riverside,065,2383286,48616,41894,49,41943,828
2020-08-09,Sacramento,067,1510023,14756,11301,14,11315,167
2020-08-09,San Benito,069,59416,813,687,0,687,2
2020-08-09,San Bernardino,071,2135413,43888,36092,209,36301,579
2020-08-09,San Diego,073,3302833,34945,32749,93,32842,594
2020-08-09,San Francisco,075,870044,8184,6820,7,6827,66
2020-08-09,San Joaquin,077,732212,16137,12933,20,12953,240
2020-08-09,San Luis Obispo,079,281455,2492,2124,11,2135,15
2020-08-09,San Mateo,081,765935,7316,6094,7,6101,117
2020-08-09,Santa Barbara,083,443738,7352,6669,64,6733,66
2020-08-09,Santa Clara,085,1922200,15081,11878,32,11910,181
2020-08-09,Santa Cruz,087,273765,1517,1246,9,1255,4
2020-08-09,Shasta,089,179085,547,361,3,364,9
2020-08-09,Sierra,091,2930,5,3,0,3,0
2020-08-09,Siskiyou,093,43540,112,74,0,74,0
2020-08-09,Solano,095,438530,4750,3954,28,3982,31
2020-08-09,Sonoma,097,501317,4401,3531,8,3539,41
2020-08-09,Stanislaus,099,539301,13158,10264,117,10381,106
2020-08-09,Sutter,101,95872,1033,857,1,858,7
2020-08-09,Tehama,103,63373,319,265,2,267,1
2020-08-09,Trinity,105,12862,31,5,6,11,0
2020-08-09,Tulare,107,460477,12605,10630,31,10661,194
2020-08-09,Tuolumne,109,53932,161,143,4,147,1
2020-08-09,Ventura,111,848112,9742,8633,46,8679,85
2020-08-09,Yolo,113,214977,2094,1765,4,1769,44
2020-08-09,Yuba,115,75493,629,442,1,443,1
2020-08-08,Alameda,001,1643700,15358,13087,107,13194,204
2020-08-08,Alpine,003,1148,2,2,0,2,0
2020-08-08,Amador,005,37829,244,139,0,139,2
2020-08-08,Butte,007,227075,1393,1140,39,1179,15
2020-08-08,Calaveras,009,45235,169,122,0,122,1
2020-08-08,Colusa,011,21464,409,368,0,368,4
2020-08-08,Contra Costa,013,1133247,11906,9104,34,9138,129
2020-08-08,Del Norte,015,27424,97,69,0,69,0
2020-08-08,El Dorado,017,186661,878,734,6,740,2
2020-08-08,Fresno,019,978130,23851,17538,230,17768,183
2020-08-08,Glenn,021,27897,406,344,0,344,1
2020-08-08,Humboldt,023,135768,305,277,1,278,4
2020-08-08,Imperial,025,180216,10682,8213,6,8219,165
2020-08-08,Inyo,027,18085,113,86,1,87,1
2020-08-08,Kern,029,883053,26931,22803,160,22963,215
2020-08-08,Kings,031,150075,5264,4367,24,4391,49
2020-08-08,Lake,033,64148,264,221,0,221,2
2020-08-08,Lassen,035,31185,698,589,2,591,0
2020-08-08,Los Angeles,037,10098052,217951,206971,722,207693,4974
2020-08-08,Madera,039,155013,3246,2275,13,2288,22
2020-08-08,Marin,041,260295,5699,5118,10,5128,44
2020-08-08,Mariposa,043,17540,65,55,0,55,2
2020-08-08,Mendocino,045,87422,442,264,0,264,1
2020-08-08,Merced,047,269075,6759,4570,2,4572,51
2020-08-08,Modoc,049,8938,7,4,0,4,0
2020-08-08,Mono,051,14174,160,113,2,115,1
2020-08-08,Monterey,053,433212,6469,5101,19,5120,33
2020-08-08,Napa,055,140530,1267,1062,2,1064,8
2020-08-08,Nevada,057,99092,374,325,13,338,1
2020-08-08,Orange,059,3164182,46279,38688,921,39609,718
2020-08-08,Placer,061,380077,2604,2153,4,2157,20
2020-08-08,Plumas,063,18699,38,27,0,27,0
2020-08-08,Riverside,065,2383286,48411,41412,49,41461,823
2020-08-08,Sacramento,067,1510023,14626,11144,14,11158,166
2020-08-08,San Benito,069,59416,805,684,0,684,2
2020-08-08,San Bernardino,071,2135413,43694,35691,208,35899,531
2020-08-08,San Diego,073,3302833,34756,32332,84,32416,593
2020-08-08,San Francisco,075,870044,8118,6820,7,6827,66
2020-08-08,San Joaquin,077,732212,16057,12559,19,12578,240
2020-08-08,San Luis Obispo,079,281455,2469,2081,11,2092,15
2020-08-08,San Mateo,081,765935,7258,6021,7,6028,117
2020-08-08,Santa Barbara,083,443738,7314,6598,64,6662,66
2020-08-08,Santa Clara,085,1922200,14929,11615,32,11647,181
2020-08-08,Santa Cruz,087,273765,1503,1247,9,1256,4
2020-08-08,Shasta,089,179085,545,343,3,346,9
2020-08-08,Sierra,091,2930,5,3,0,3,0
2020-08-08,Siskiyou,093,43540,112,73,0,73,0
2020-08-08,Solano,095,438530,4729,3889,27,3916,31
2020-08-08,Sonoma,097,501317,4370,3399,8,3407,41
2020-08-08,Stanislaus,099,539301,13083,9963,112,10075,105
2020-08-08,Sutter,101,95872,1023,830,1,831,7
2020-08-08,Tehama,103,63373,318,251,2,253,1
2020-08-08,Trinity,105,12862,31,5,6,11,0
2020-08-08,Tulare,107,460477,12530,10505,31,10536,192
2020-08-08,Tuolumne,109,53932,161,143,4,147,1
2020-08-08,Ventura,111,848112,9687,8462,45,8507,85
2020-08-08,Yolo,113,214977,2081,1725,4,1729,44
2020-08-08,Yuba,115,75493,620,430,1,431,1
2020-08-07,Alameda,001,1643700,15248,12805,107,12912,204
2020-08-07,Alpine,003,1148,2,2,0,2,0
2020-08-07,Amador,005,37829,242,125,0,125,2
2020-08-07,Butte,007,227075,1375,1092,39,1131,13
2020-08-07,Calaveras,009,45235,169,119,0,119,1
2020-08-07,Colusa,011,21464,408,358,0,358,4
2020-08-07,Contra Costa,013,1133247,11758,8810,34,8844,126
2020-08-07,Del Norte,015,27424,97,69,0,69,0
2020-08-07,El Dorado,017,186661,873,724,6,730,2
2020-08-07,Fresno,019,978130,23691,17290,230,17520,171
2020-08-07,Glenn,021,27897,405,339,0,339,1
2020-08-07,Humboldt,023,135768,301,274,1,275,4
2020-08-07,Imperial,025,180216,10657,8085,6,8091,164
2020-08-07,Inyo,027,18085,112,81,1,82,1
2020-08-07,Kern,029,883053,26805,22143,158,22301,206
2020-08-07,Kings,031,150075,5247,4315,24,4339,48
2020-08-07,Lake,033,64148,262,215,0,215,1
2020-08-07,Lassen,035,31185,697,588,2,590,0
2020-08-07,Los Angeles,037,10098052,216484,204406,711,205117,4924
2020-08-07,Madera,039,155013,3214,2245,13,2258,20
2020-08-07,Marin,041,260295,5670,5094,10,5104,43
2020-08-07,Mariposa,043,17540,65,53,0,53,2
2020-08-07,Mendocino,045,87422,428,262,0,262,1
2020-08-07,Merced,047,269075,6716,4358,2,4360,30
2020-08-07,Modoc,049,8938,7,4,0,4,0
2020-08-07,Mono,051,14174,160,112,2,114,1
2020-08-07,Monterey,053,433212,6394,5041,19,5060,33
2020-08-07,Napa,055,140530,1262,1055,2,1057,8
2020-08-07,Nevada,057,99092,371,324,13,337,1
2020-08-07,Orange,059,3164182,46068,38459,904,39363,701
2020-08-07,Placer,061,380077,2586,2078,4,2082,20
2020-08-07,Plumas,063,18699,38,25,0,25,0
2020-08-07,Riverside,065,2383286,48147,40902,48,40950,810
2020-08-07,Sacramento,067,1510023,14481,10798,14,10812,160
2020-08-07,San Benito,069,59416,799,647,0,647,2
2020-08-07,San Bernardino,071,2135413,43447,35200,207,35407,524
2020-08-07,San Diego,073,3302833,34571,31781,81,31862,586
2020-08-07,San Francisco,075,870044,8040,6765,7,6772,66
2020-08-07,San Joaquin,077,732212,15970,12392,19,12411,223
2020-08-07,San Luis Obispo,079,281455,2438,2050,11,2061,14
2020-08-07,San Mateo,081,765935,7198,5948,7,5955,117
2020-08-07,Santa Barbara,083,443738,7263,6509,64,6573,66
2020-08-07,Santa Clara,085,1922200,14730,11409,32,11441,180
2020-08-07,Santa Cruz,087,273765,1485,1234,9,1243,5
2020-08-07,Shasta,089,179085,540,342,3,345,9
2020-08-07,Sierra,091,2930,5,3,0,3,0
2020-08-07,Siskiyou,093,43540,109,73,0,73,0
2020-08-07,Solano,095,438530,4697,3844,26,3870,31
2020-08-07,Sonoma,097,501317,4304,3329,8,3337,34
2020-08-07,Stanislaus,099,539301,12961,9665,102,9767,98
2020-08-07,Sutter,101,95872,1019,807,1,808,6
2020-08-07,Tehama,103,63373,314,246,2,248,1
2020-08-07,Trinity,105,12862,30,5,6,11,0
2020-08-07,Tulare,107,460477,12453,10292,31,10323,195
2020-08-07,Tuolumne,109,53932,160,136,4,140,1
2020-08-07,Ventura,111,848112,9627,8356,43,8399,84
2020-08-07,Yolo,113,214977,2054,1689,4,1693,37
2020-08-07,Yuba,115,75493,615,413,1,414,1
2020-08-06,Alameda,001,1643700,15026,12474,106,12580,200
2020-08-06,Alpine,003,1148,2,2,0,2,0
2020-08-06,Amador,005,37829,228,125,0,125,0
2020-08-06,Butte,007,227075,1356,1060,39,1099,13
2020-08-06,Calaveras,009,45235,166,117,0,117,1
2020-08-06,Colusa,011,21464,405,358,0,358,3
2020-08-06,Contra Costa,013,1133247,11564,8583,33,8616,124
2020-08-06,Del Norte,015,27424,97,69,0,69,0
2020-08-06,El Dorado,017,186661,862,703,6,709,1
2020-08-06,Fresno,019,978130,23394,17031,223,17254,161
2020-08-06,Glenn,021,27897,400,332,0,332,1
2020-08-06,Humboldt,023,135768,296,266,1,267,4
2020-08-06,Imperial,025,180216,10614,8064,6,8070,163
2020-08-06,Inyo,027,18085,104,83,1,84,1
2020-08-06,Kern,029,883053,26569,21843,157,22000,197
2020-08-06,Kings,031,150075,5185,4264,23,4287,47
2020-08-06,Lake,033,64148,259,209,0,209,1
2020-08-06,Lassen,035,31185,695,588,2,590,0
2020-08-06,Los Angeles,037,10098052,214411,201372,695,202067,4874
2020-08-06,Madera,039,155013,3166,2240,12,2252,19
2020-08-06,Marin,041,260295,5638,5058,10,5068,43
2020-08-06,Mariposa,043,17540,64,52,0,52,2
2020-08-06,Mendocino,045,87422,414,260,0,260,1
2020-08-06,Merced,047,269075,6614,4235,2,4237,30
2020-08-06,Modoc,049,8938,7,4,0,4,0
2020-08-06,Mono,051,14174,159,111,2,113,1
2020-08-06,Monterey,053,433212,6285,5001,18,5019,33
2020-08-06,Napa,055,140530,1248,1032,2,1034,8
2020-08-06,Nevada,057,99092,366,321,13,334,1
2020-08-06,Orange,059,3164182,45776,38399,899,39298,694
2020-08-06,Placer,061,380077,2560,2045,4,2049,20
2020-08-06,Plumas,063,18699,37,25,0,25,0
2020-08-06,Riverside,065,2383286,47753,40269,48,40317,781
2020-08-06,Sacramento,067,1510023,14253,10548,14,10562,153
2020-08-06,San Benito,069,59416,791,626,0,626,2
2020-08-06,San Bernardino,071,2135413,43042,34819,205,35024,516
2020-08-06,San Diego,073,3302833,34304,31129,74,31203,583
2020-08-06,San Francisco,075,870044,7947,6737,6,6743,60
2020-08-06,San Joaquin,077,732212,15811,12269,19,12288,203
2020-08-06,San Luis Obispo,079,281455,2414,2000,10,2010,13
2020-08-06,San Mateo,081,765935,7098,5885,7,5892,117
2020-08-06,Santa Barbara,083,443738,7203,6620,64,6684,65
2020-08-06,Santa Clara,085,1922200,14501,11280,32,11312,178
2020-08-06,Santa Cruz,087,273765,1464,1215,9,1224,4
2020-08-06,Shasta,089,179085,531,343,3,346,9
2020-08-06,Sierra,091,2930,5,3,0,3,0
2020-08-06,Siskiyou,093,43540,109,73,0,73,0
2020-08-06,Solano,095,438530,4653,3784,26,3810,29
2020-08-06,Sonoma,097,501317,4240,3259,8,3267,33
2020-08-06,Stanislaus,099,539301,12811,9566,86,9652,98
2020-08-06,Sutter,101,95872,988,797,1,798,6
2020-08-06,Tehama,103,63373,311,242,2,244,1
2020-08-06,Trinity,105,12862,27,5,6,11,0
2020-08-06,Tulare,107,460477,12293,10169,31,10200,195
2020-08-06,Tuolumne,109,53932,159,136,4,140,1
2020-08-06,Ventura,111,848112,9512,8245,40,8285,80
2020-08-06,Yolo,113,214977,2030,1662,4,1666,36
2020-08-06,Yuba,115,75493,606,407,0,407,1
2020-08-05,Alameda,001,1643700,14810,12140,106,12246,193
2020-08-05,Alpine,003,1148,2,2,0,2,0
2020-08-05,Amador,005,37829,218,123,0,123,0
2020-08-05,Butte,007,227075,1322,1038,37,1075,13
2020-08-05,Calaveras,009,45235,163,116,0,116,1
2020-08-05,Colusa,011,21464,401,354,0,354,3
2020-08-05,Contra Costa,013,1133247,11395,8362,33,8395,122
2020-08-05,Del Norte,015,27424,96,69,0,69,0
2020-08-05,El Dorado,017,186661,854,692,6,698,1
2020-08-05,Fresno,019,978130,23150,16625,218,16843,159
2020-08-05,Glenn,021,27897,397,330,0,330,1
2020-08-05,Humboldt,023,135768,294,249,1,250,4
2020-08-05,Imperial,025,180216,10579,8036,6,8042,163
2020-08-05,Inyo,027,18085,102,62,1,63,1
2020-08-05,Kern,029,883053,26381,21540,152,21692,194
2020-08-05,Kings,031,150075,5140,4192,22,4214,47
2020-08-05,Lake,033,64148,252,209,0,209,1
2020-08-05,Lassen,035,31185,648,557,2,559,0
2020-08-05,Los Angeles,037,10098052,212490,198355,675,199030,4832
2020-08-05,Madera,039,155013,3124,2172,12,2184,19
2020-08-05,Marin,041,260295,5606,5036,10,5046,43
2020-08-05,Mariposa,043,17540,64,52,0,52,2
2020-08-05,Mendocino,045,87422,402,248,0,248,1
2020-08-05,Merced,047,269075,6479,4119,2,4121,30
2020-08-05,Modoc,049,8938,7,3,0,3,0
2020-08-05,Mono,051,14174,159,104,2,106,1
2020-08-05,Monterey,053,433212,6170,4936,18,4954,32
2020-08-05,Napa,055,140530,1236,1020,2,1022,8
2020-08-05,Nevada,057,99092,357,327,13,340,2
2020-08-05,Orange,059,3164182,45467,37907,891,38798,663
2020-08-05,Placer,061,380077,2519,1989,4,1993,18
2020-08-05,Plumas,063,18699,36,25,0,25,0
2020-08-05,Riverside,065,2383286,47359,39454,46,39500,761
2020-08-05,Sacramento,067,1510023,14035,10261,13,10274,151
2020-08-05,San Benito,069,59416,782,613,0,613,2
2020-08-05,San Bernardino,071,2135413,42580,34442,200,34642,504
2020-08-05,San Diego,073,3302833,34080,30866,58,30924,578
2020-08-05,San Francisco,075,870044,7854,6701,6,6707,60
2020-08-05,San Joaquin,077,732212,15650,12148,19,12167,199
2020-08-05,San Luis Obispo,079,281455,2390,1928,10,1938,13
2020-08-05,San Mateo,081,765935,7003,5695,7,5702,116
2020-08-05,Santa Barbara,083,443738,7143,6597,64,6661,63
2020-08-05,Santa Clara,085,1922200,14267,11074,32,11106,176
2020-08-05,Santa Cruz,087,273765,1444,1192,7,1199,4
2020-08-05,Shasta,089,179085,525,338,3,341,9
2020-08-05,Sierra,091,2930,5,3,0,3,0
2020-08-05,Siskiyou,093,43540,105,72,0,72,0
2020-08-05,Solano,095,438530,4602,3750,25,3775,29
2020-08-05,Sonoma,097,501317,4157,3173,8,3181,33
2020-08-05,Stanislaus,099,539301,12652,9408,81,9489,97
2020-08-05,Sutter,101,95872,977,780,1,781,6
2020-08-05,Tehama,103,63373,308,231,2,233,1
2020-08-05,Trinity,105,12862,27,5,6,11,0
2020-08-05,Tulare,107,460477,12152,9924,31,9955,192
2020-08-05,Tuolumne,109,53932,159,137,4,141,0
2020-08-05,Ventura,111,848112,9396,8162,36,8198,75
2020-08-05,Yolo,113,214977,2002,1634,4,1638,36
2020-08-05,Yuba,115,75493,589,400,0,400,1
2020-08-04,Alameda,001,1643700,14593,11983,105,12088,192
2020-08-04,Alpine,003,1148,2,2,0,2,0
2020-08-04,Amador,005,37829,203,123,0,123,0
2020-08-04,Butte,007,227075,1298,1011,36,1047,10
2020-08-04,Calaveras,009,45235,159,116,0,116,1
2020-08-04,Colusa,011,21464,396,354,0,354,3
2020-08-04,Contra Costa,013,1133247,11228,8210,33,8243,122
2020-08-04,Del Norte,015,27424,94,69,0,69,0
2020-08-04,El Dorado,017,186661,844,668,6,674,1
2020-08-04,Fresno,019,978130,22865,16272,211,16483,154
2020-08-04,Glenn,021,27897,396,325,0,325,1
2020-08-04,Humboldt,023,135768,284,241,1,242,4
2020-08-04,Imperial,025,180216,10542,7974,6,7980,163
2020-08-04,Inyo,027,18085,88,59,1,60,1
2020-08-04,Kern,029,883053,26098,21403,152,21555,190
2020-08-04,Kings,031,150075,5075,4163,22,4185,47
2020-08-04,Lake,033,64148,252,206,0,206,1
2020-08-04,Lassen,035,31185,645,556,2,558,0
2020-08-04,Los Angeles,037,10098052,210549,196014,649,196663,4764
2020-08-04,Madera,039,155013,3081,2161,8,2169,19
2020-08-04,Marin,041,260295,5575,5020,9,5029,43
2020-08-04,Mariposa,043,17540,64,51,0,51,2
2020-08-04,Mendocino,045,87422,377,248,0,248,1
2020-08-04,Merced,047,269075,6365,4085,2,4087,30
2020-08-04,Modoc,049,8938,7,3,0,3,0
2020-08-04,Mono,051,14174,158,104,1,105,1
2020-08-04,Monterey,053,433212,6056,4892,18,4910,32
2020-08-04,Napa,055,140530,1223,994,0,994,8
2020-08-04,Nevada,057,99092,356,322,13,335,2
2020-08-04,Orange,059,3164182,45091,37844,885,38729,659
2020-08-04,Placer,061,380077,2482,1964,4,1968,17
2020-08-04,Plumas,063,18699,36,25,0,25,0
2020-08-04,Riverside,065,2383286,46973,38991,45,39036,743
2020-08-04,Sacramento,067,1510023,13816,10205,13,10218,146
2020-08-04,San Benito,069,59416,766,608,0,608,2
2020-08-04,San Bernardino,071,2135413,42030,34215,195,34410,495
2020-08-04,San Diego,073,3302833,33787,30518,46,30564,568
2020-08-04,San Francisco,075,870044,7766,6568,6,6574,60
2020-08-04,San Joaquin,077,732212,15522,12087,16,12103,189
2020-08-04,San Luis Obispo,079,281455,2360,1886,10,1896,13
2020-08-04,San Mateo,081,765935,6897,5690,7,5697,116
2020-08-04,Santa Barbara,083,443738,7083,6591,64,6655,61
2020-08-04,Santa Clara,085,1922200,13965,10986,31,11017,175
2020-08-04,Santa Cruz,087,273765,1425,1202,7,1209,4
2020-08-04,Shasta,089,179085,519,335,3,338,9
2020-08-04,Sierra,091,2930,5,1,0,1,0
2020-08-04,Siskiyou,093,43540,103,71,0,71,0
2020-08-04,Solano,095,438530,4531,3690,25,3715,29
2020-08-04,Sonoma,097,501317,4090,3108,8,3116,33
2020-08-04,Stanislaus,099,539301,12483,9359,74,9433,97
2020-08-04,Sutter,101,95872,963,761,1,762,6
2020-08-04,Tehama,103,63373,301,226,2,228,1
2020-08-04,Trinity,105,12862,27,5,6,11,0
2020-08-04,Tulare,107,460477,11972,9866,31,9897,192
2020-08-04,Tuolumne,109,53932,158,127,4,131,0
2020-08-04,Ventura,111,848112,9282,8134,34,8168,75
2020-08-04,Yolo,113,214977,1976,1626,4,1630,37
2020-08-04,Yuba,115,75493,574,398,0,398,1
2020-08-03,Alameda,001,1643700,14412,11817,102,11919,189
2020-08-03,Alpine,003,1148,2,2,0,2,0
2020-08-03,Amador,005,37829,199,119,0,119,0
2020-08-03,Butte,007,227075,1252,989,33,1022,9
2020-08-03,Calaveras,009,45235,156,117,0,117,1
2020-08-03,Colusa,011,21464,392,336,0,336,2
2020-08-03,Contra Costa,013,1133247,11031,8069,30,8099,120
2020-08-03,Del Norte,015,27424,90,68,0,68,0
2020-08-03,El Dorado,017,186661,833,645,6,651,1
2020-08-03,Fresno,019,978130,22571,15945,205,16150,151
2020-08-03,Glenn,021,27897,389,316,0,316,1
2020-08-03,Humboldt,023,135768,277,234,1,235,4
2020-08-03,Imperial,025,180216,10487,7953,6,7959,161
2020-08-03,Inyo,027,18085,85,57,1,58,1
2020-08-03,Kern,029,883053,25731,21285,145,21430,176
2020-08-03,Kings,031,150075,4963,4107,21,4128,47
2020-08-03,Lake,033,64148,245,201,0,201,1
2020-08-03,Lassen,035,31185,645,555,2,557,0
2020-08-03,Los Angeles,037,10098052,208511,194103,621,194724,4706
2020-08-03,Madera,039,155013,3032,2143,7,2150,18
2020-08-03,Marin,041,260295,5528,5001,9,5010,43
2020-08-03,Mariposa,043,17540,63,52,0,52,2
2020-08-03,Mendocino,045,87422,354,248,0,248,1
2020-08-03,Merced,047,269075,6243,4028,2,4030,29
2020-08-03,Modoc,049,8938,7,2,0,2,0
2020-08-03,Mono,051,14174,158,104,1,105,1
2020-08-03,Monterey,053,433212,5905,4806,15,4821,28
2020-08-03,Napa,055,140530,1209,973,0,973,8
2020-08-03,Nevada,057,99092,352,315,13,328,2
2020-08-03,Orange,059,3164182,44697,37705,875,38580,651
2020-08-03,Placer,061,380077,2426,1947,3,1950,16
2020-08-03,Plumas,063,18699,36,25,0,25,0
2020-08-03,Riverside,065,2383286,46505,38642,45,38687,740
2020-08-03,Sacramento,067,1510023,13621,10143,13,10156,142
2020-08-03,San Benito,069,59416,754,603,0,603,2
2020-08-03,San Bernardino,071,2135413,41505,33979,189,34168,444
2020-08-03,San Diego,073,3302833,33473,30228,36,30264,565
2020-08-03,San Francisco,075,870044,7672,6319,6,6325,60
2020-08-03,San Joaquin,077,732212,15325,12007,15,12022,189
2020-08-03,San Luis Obispo,079,281455,2318,1863,8,1871,14
2020-08-03,San Mateo,081,765935,6816,5661,7,5668,115
2020-08-03,Santa Barbara,083,443738,7039,6580,64,6644,59
2020-08-03,Santa Clara,085,1922200,13688,10747,31,10778,172
2020-08-03,Santa Cruz,087,273765,1405,1154,7,1161,4
2020-08-03,Shasta,089,179085,512,322,3,325,9
2020-08-03,Sierra,091,2930,5,1,0,1,0
2020-08-03,Siskiyou,093,43540,99,67,0,67,0
2020-08-03,Solano,095,438530,4462,3610,24,3634,29
2020-08-03,Sonoma,097,501317,3989,3079,7,3086,33
2020-08-03,Stanislaus,099,539301,12274,9308,66,9374,96
2020-08-03,Sutter,101,95872,939,713,1,714,6
2020-08-03,Tehama,103,63373,293,225,2,227,1
2020-08-03,Trinity,105,12862,27,5,6,11,0
2020-08-03,Tulare,107,460477,11788,9703,31,9734,188
2020-08-03,Tuolumne,109,53932,158,123,4,127,0
2020-08-03,Ventura,111,848112,9191,8084,31,8115,74
2020-08-03,Yolo,113,214977,1941,1598,3,1601,37
2020-08-03,Yuba,115,75493,550,393,0,393,1
2020-08-02,Alameda,001,1643700,14166,11696,90,11786,188
2020-08-02,Alpine,003,1148,2,2,0,2,0
2020-08-02,Amador,005,37829,194,117,0,117,0
2020-08-02,Butte,007,227075,1217,987,32,1019,9
2020-08-02,Calaveras,009,45235,153,116,0,116,1
2020-08-02,Colusa,011,21464,387,335,0,335,2
2020-08-02,Contra Costa,013,1133247,10792,7995,30,8025,118
2020-08-02,Del Norte,015,27424,89,68,0,68,0
2020-08-02,El Dorado,017,186661,823,643,6,649,1
2020-08-02,Fresno,019,978130,22296,15759,199,15958,151
2020-08-02,Glenn,021,27897,388,315,0,315,1
2020-08-02,Humboldt,023,135768,272,232,1,233,4
2020-08-02,Imperial,025,180216,10424,7919,6,7925,157
2020-08-02,Inyo,027,18085,84,45,1,46,1
2020-08-02,Kern,029,883053,25433,21162,143,21305,176
2020-08-02,Kings,031,150075,4901,3964,20,3984,47
2020-08-02,Lake,033,64148,240,201,0,201,1
2020-08-02,Lassen,035,31185,645,555,2,557,0
2020-08-02,Los Angeles,037,10098052,206420,192480,603,193083,4698
2020-08-02,Madera,039,155013,2966,2123,5,2128,18
2020-08-02,Marin,041,260295,5493,4985,9,4994,43
2020-08-02,Mariposa,043,17540,61,52,0,52,2
2020-08-02,Mendocino,045,87422,344,247,0,247,1
2020-08-02,Merced,047,269075,6102,4011,2,4013,29
2020-08-02,Modoc,049,8938,7,2,0,2,0
2020-08-02,Mono,051,14174,151,104,1,105,1
2020-08-02,Monterey,053,433212,5779,4698,15,4713,28
2020-08-02,Napa,055,140530,1195,956,0,956,8
2020-08-02,Nevada,057,99092,349,314,13,327,2
2020-08-02,Orange,059,3164182,44316,37266,864,38130,651
2020-08-02,Placer,061,380077,2387,1920,3,1923,15
2020-08-02,Plumas,063,18699,36,25,0,25,0
2020-08-02,Riverside,065,2383286,46072,38507,44,38551,735
2020-08-02,Sacramento,067,1510023,13342,10099,13,10112,142
2020-08-02,San Benito,069,59416,740,599,0,599,2
2020-08-02,San Bernardino,071,2135413,40903,33643,185,33828,443
2020-08-02,San Diego,073,3302833,33133,29885,27,29912,565
2020-08-02,San Francisco,075,870044,7554,6297,6,6303,60
2020-08-02,San Joaquin,077,732212,15044,11937,13,11950,189
2020-08-02,San Luis Obispo,079,281455,2255,1821,8,1829,14
2020-08-02,San Mateo,081,765935,6701,5618,7,5625,115
2020-08-02,Santa Barbara,083,443738,6949,6532,64,6596,59
2020-08-02,Santa Clara,085,1922200,13468,10577,31,10608,172
2020-08-02,Santa Cruz,087,273765,1385,1162,7,1169,4
2020-08-02,Shasta,089,179085,508,318,3,321,9
2020-08-02,Sierra,091,2930,4,1,0,1,0
2020-08-02,Siskiyou,093,43540,99,65,0,65,0
2020-08-02,Solano,095,438530,4403,3609,24,3633,29
2020-08-02,Sonoma,097,501317,3904,3005,7,3012,33
2020-08-02,Stanislaus,099,539301,12059,9277,61,9338,96
2020-08-02,Sutter,101,95872,904,714,1,715,6
2020-08-02,Tehama,103,63373,287,222,2,224,1
2020-08-02,Trinity,105,12862,27,5,6,11,0
2020-08-02,Tulare,107,460477,11579,9593,31,9624,188
2020-08-02,Tuolumne,109,53932,155,123,4,127,0
2020-08-02,Ventura,111,848112,9044,8014,31,8045,73
2020-08-02,Yolo,113,214977,1916,1588,3,1591,37
2020-08-02,Yuba,115,75493,530,393,0,393,1
2020-08-01,Alameda,001,1643700,14054,11590,90,11680,188
2020-08-01,Alpine,003,1148,2,2,0,2,0
2020-08-01,Amador,005,37829,190,109,0,109,0
2020-08-01,Butte,007,227075,1203,976,32,1008,9
2020-08-01,Calaveras,009,45235,149,116,0,116,1
2020-08-01,Colusa,011,21464,386,327,0,327,2
2020-08-01,Contra Costa,013,1133247,10659,7867,29,7896,116
2020-08-01,Del Norte,015,27424,89,68,0,68,0
2020-08-01,El Dorado,017,186661,820,637,6,643,1
2020-08-01,Fresno,019,978130,22159,15448,199,15647,149
2020-08-01,Glenn,021,27897,387,311,0,311,1
2020-08-01,Humboldt,023,135768,271,232,1,233,4
2020-08-01,Imperial,025,180216,10388,7919,6,7925,156
2020-08-01,Inyo,027,18085,82,45,1,46,1
2020-08-01,Kern,029,883053,25275,20796,139,20935,176
2020-08-01,Kings,031,150075,4875,3948,20,3968,47
2020-08-01,Lake,033,64148,238,194,0,194,1
2020-08-01,Lassen,035,31185,644,555,2,557,0
2020-08-01,Los Angeles,037,10098052,205528,191023,576,191599,4674
2020-08-01,Madera,039,155013,2927,2103,5,2108,18
2020-08-01,Marin,041,260295,5478,4945,9,4954,43
2020-08-01,Mariposa,043,17540,61,50,0,50,2
2020-08-01,Mendocino,045,87422,337,243,0,243,1
2020-08-01,Merced,047,269075,6054,3972,2,3974,29
2020-08-01,Modoc,049,8938,7,2,0,2,0
2020-08-01,Mono,051,14174,150,104,1,105,1
2020-08-01,Monterey,053,433212,5712,4611,14,4625,28
2020-08-01,Napa,055,140530,1186,923,0,923,8
2020-08-01,Nevada,057,99092,345,305,13,318,2
2020-08-01,Orange,059,3164182,44089,36703,858,37561,648
2020-08-01,Placer,061,380077,2353,1891,3,1894,14
2020-08-01,Plumas,063,18699,35,25,0,25,0
2020-08-01,Riverside,065,2383286,45860,38216,42,38258,704
2020-08-01,Sacramento,067,1510023,13191,10044,13,10057,141
2020-08-01,San Benito,069,59416,729,579,0,579,2
2020-08-01,San Bernardino,071,2135413,40667,32947,184,33131,440
2020-08-01,San Diego,073,3302833,32916,29579,19,29598,565
2020-08-01,San Francisco,075,870044,7493,6296,6,6302,60
2020-08-01,San Joaquin,077,732212,14969,11807,12,11819,189
2020-08-01,San Luis Obispo,079,281455,2226,1798,8,1806,13
2020-08-01,San Mateo,081,765935,6647,5520,7,5527,115
2020-08-01,Santa Barbara,083,443738,6909,6465,64,6529,59
2020-08-01,Santa Clara,085,1922200,13317,10281,30,10311,171
2020-08-01,Santa Cruz,087,273765,1369,1164,7,1171,4
2020-08-01,Shasta,089,179085,503,312,3,315,9
2020-08-01,Sierra,091,2930,3,1,0,1,0
2020-08-01,Siskiyou,093,43540,99,64,0,64,0
2020-08-01,Solano,095,438530,4369,3591,23,3614,29
2020-08-01,Sonoma,097,501317,3858,2890,7,2897,29
2020-08-01,Stanislaus,099,539301,11941,9221,54,9275,96
2020-08-01,Sutter,101,95872,900,714,1,715,6
2020-08-01,Tehama,103,63373,284,220,2,222,1
2020-08-01,Trinity,105,12862,27,5,6,11,0
2020-08-01,Tulare,107,460477,11511,9520,31,9551,188
2020-08-01,Tuolumne,109,53932,155,123,4,127,0
2020-08-01,Ventura,111,848112,8998,7819,31,7850,73
2020-08-01,Yolo,113,214977,1906,1557,3,1560,37
2020-08-01,Yuba,115,75493,525,387,0,387,1
2020-07-31,Alameda,001,1643700,13925,11441,90,11531,187
2020-07-31,Alpine,003,1148,2,2,0,2,0
2020-07-31,Amador,005,37829,189,98,0,98,0
2020-07-31,Butte,007,227075,1180,925,32,957,7
2020-07-31,Calaveras,009,45235,149,112,0,112,1
2020-07-31,Colusa,011,21464,376,319,0,319,2
2020-07-31,Contra Costa,013,1133247,10512,7697,28,7725,113
2020-07-31,Del Norte,015,27424,88,68,0,68,0
2020-07-31,El Dorado,017,186661,809,616,6,622,1
2020-07-31,Fresno,019,978130,21939,15083,199,15282,133
2020-07-31,Glenn,021,27897,380,304,0,304,1
2020-07-31,Humboldt,023,135768,264,229,1,230,4
2020-07-31,Imperial,025,180216,10356,7886,5,7891,155
2020-07-31,Inyo,027,18085,72,45,1,46,1
2020-07-31,Kern,029,883053,25034,20061,135,20196,173
2020-07-31,Kings,031,150075,4847,3807,20,3827,45
2020-07-31,Lake,033,64148,237,191,0,191,1
2020-07-31,Lassen,035,31185,639,544,2,546,0
2020-07-31,Los Angeles,037,10098052,203930,188688,563,189251,4628
2020-07-31,Madera,039,155013,2880,2036,5,2041,19
2020-07-31,Marin,041,260295,5434,4885,6,4891,43
2020-07-31,Mariposa,043,17540,61,49,0,49,2
2020-07-31,Mendocino,045,87422,322,232,0,232,1
2020-07-31,Merced,047,269075,5971,3789,2,3791,30
2020-07-31,Modoc,049,8938,6,0,0,0,0
2020-07-31,Mono,051,14174,149,104,1,105,1
2020-07-31,Monterey,053,433212,5620,4493,14,4507,24
2020-07-31,Napa,055,140530,1174,897,0,897,7
2020-07-31,Nevada,057,99092,343,302,13,315,2
2020-07-31,Orange,059,3164182,43790,36196,841,37037,620
2020-07-31,Placer,061,380077,2328,1853,3,1856,14
2020-07-31,Plumas,063,18699,34,25,0,25,0
2020-07-31,Riverside,065,2383286,45470,37612,41,37653,694
2020-07-31,Sacramento,067,1510023,13013,9872,13,9885,132
2020-07-31,San Benito,069,59416,721,567,0,567,2
2020-07-31,San Bernardino,071,2135413,40337,32332,182,32514,434
2020-07-31,San Diego,073,3302833,32682,29050,11,29061,561
2020-07-31,San Francisco,075,870044,7393,6126,6,6132,60
2020-07-31,San Joaquin,077,732212,14829,11561,12,11573,177
2020-07-31,San Luis Obispo,079,281455,2157,1746,8,1754,12
2020-07-31,San Mateo,081,765935,6575,5416,7,5423,115
2020-07-31,Santa Barbara,083,443738,6842,6375,64,6439,58
2020-07-31,Santa Clara,085,1922200,13096,9863,30,9893,171
2020-07-31,Santa Cruz,087,273765,1346,1118,7,1125,4
2020-07-31,Shasta,089,179085,493,305,3,308,9
2020-07-31,Sierra,091,2930,3,1,0,1,0
2020-07-31,Siskiyou,093,43540,97,61,0,61,0
2020-07-31,Solano,095,438530,4321,3510,22,3532,29
2020-07-31,Sonoma,097,501317,3800,2745,7,2752,27
2020-07-31,Stanislaus,099,539301,11835,9061,49,9110,94
2020-07-31,Sutter,101,95872,895,714,1,715,6
2020-07-31,Tehama,103,63373,281,213,2,215,1
2020-07-31,Trinity,105,12862,27,5,6,11,0
2020-07-31,Tulare,107,460477,11390,9365,31,9396,184
2020-07-31,Tuolumne,109,53932,155,120,4,124,0
2020-07-31,Ventura,111,848112,8923,7521,31,7552,71
2020-07-31,Yolo,113,214977,1880,1522,3,1525,38
2020-07-31,Yuba,115,75493,516,369,0,369,1
2020-07-30,Alameda,001,1643700,13720,11303,52,11355,185
2020-07-30,Alpine,003,1148,2,2,0,2,0
2020-07-30,Amador,005,37829,171,97,0,97,0
2020-07-30,Butte,007,227075,1164,915,32,947,7
2020-07-30,Calaveras,009,45235,145,111,0,111,1
2020-07-30,Colusa,011,21464,373,315,0,315,2
2020-07-30,Contra Costa,013,1133247,10328,7615,27,7642,112
2020-07-30,Del Norte,015,27424,88,68,0,68,0
2020-07-30,El Dorado,017,186661,802,608,6,614,1
2020-07-30,Fresno,019,978130,21603,14793,193,14986,133
2020-07-30,Glenn,021,27897,373,297,0,297,1
2020-07-30,Humboldt,023,135768,262,228,1,229,4
2020-07-30,Imperial,025,180216,10297,7849,5,7854,151
2020-07-30,Inyo,027,18085,68,44,1,45,1
2020-07-30,Kern,029,883053,24741,19552,131,19683,171
2020-07-30,Kings,031,150075,4743,3785,20,3805,43
2020-07-30,Lake,033,64148,231,181,0,181,1
2020-07-30,Lassen,035,31185,636,544,2,546,0
2020-07-30,Los Angeles,037,10098052,201901,186177,533,186710,4564
2020-07-30,Madera,039,155013,2810,2007,5,2012,18
2020-07-30,Marin,041,260295,5392,4835,5,4840,39
2020-07-30,Mariposa,043,17540,61,49,0,49,1
2020-07-30,Mendocino,045,87422,315,232,0,232,1
2020-07-30,Merced,047,269075,5807,3695,2,3697,30
2020-07-30,Modoc,049,8938,6,0,0,0,0
2020-07-30,Mono,051,14174,148,104,1,105,1
2020-07-30,Monterey,053,433212,5508,4352,14,4366,24
2020-07-30,Napa,055,140530,1157,874,0,874,7
2020-07-30,Nevada,057,99092,338,292,13,305,2
2020-07-30,Orange,059,3164182,43375,36105,817,36922,607
2020-07-30,Placer,061,380077,2277,1821,3,1824,14
2020-07-30,Plumas,063,18699,33,25,0,25,0
2020-07-30,Riverside,065,2383286,44928,37308,41,37349,685
2020-07-30,Sacramento,067,1510023,12794,9704,13,9717,126
2020-07-30,San Benito,069,59416,708,558,0,558,2
2020-07-30,San Bernardino,071,2135413,39813,32010,182,32192,427
2020-07-30,San Diego,073,3302833,32335,28670,9,28679,558
2020-07-30,San Francisco,075,870044,7292,6107,6,6113,59
2020-07-30,San Joaquin,077,732212,14633,11435,12,11447,161
2020-07-30,San Luis Obispo,079,281455,2121,1703,8,1711,12
2020-07-30,San Mateo,081,765935,6480,5369,7,5376,115
2020-07-30,Santa Barbara,083,443738,6762,6273,64,6337,52
2020-07-30,Santa Clara,085,1922200,12863,9708,29,9737,170
2020-07-30,Santa Cruz,087,273765,1318,1087,7,1094,4
2020-07-30,Shasta,089,179085,489,306,3,309,8
2020-07-30,Sierra,091,2930,3,1,0,1,0
2020-07-30,Siskiyou,093,43540,96,60,0,60,0
2020-07-30,Solano,095,438530,4270,3463,22,3485,29
2020-07-30,Sonoma,097,501317,3729,2684,7,2691,25
2020-07-30,Stanislaus,099,539301,11622,8890,41,8931,94
2020-07-30,Sutter,101,95872,876,698,1,699,6
2020-07-30,Tehama,103,63373,278,208,2,210,1
2020-07-30,Trinity,105,12862,26,4,6,10,0
2020-07-30,Tulare,107,460477,11261,9167,31,9198,177
2020-07-30,Tuolumne,109,53932,154,119,4,123,0
2020-07-30,Ventura,111,848112,8811,7304,29,7333,69
2020-07-30,Yolo,113,214977,1860,1511,3,1514,37
2020-07-30,Yuba,115,75493,503,362,0,362,1
2020-07-29,Alameda,001,1643700,13499,11177,47,11224,180
2020-07-29,Alpine,003,1148,2,2,0,2,0
2020-07-29,Amador,005,37829,163,80,0,80,0
2020-07-29,Butte,007,227075,1138,889,30,919,7
2020-07-29,Calaveras,009,45235,139,107,0,107,1
2020-07-29,Colusa,011,21464,369,302,0,302,2
2020-07-29,Contra Costa,013,1133247,10124,7520,27,7547,108
2020-07-29,Del Norte,015,27424,88,68,0,68,0
2020-07-29,El Dorado,017,186661,792,588,6,594,1
2020-07-29,Fresno,019,978130,21312,14312,193,14505,125
2020-07-29,Glenn,021,27897,366,294,0,294,1
2020-07-29,Humboldt,023,135768,259,221,1,222,4
2020-07-29,Imperial,025,180216,10249,7825,5,7830,147
2020-07-29,Inyo,027,18085,63,44,1,45,1
2020-07-29,Kern,029,883053,24402,19073,128,19201,162
2020-07-29,Kings,031,150075,4695,3755,20,3775,43
2020-07-29,Lake,033,64148,229,179,0,179,1
2020-07-29,Lassen,035,31185,621,513,2,515,0
2020-07-29,Los Angeles,037,10098052,199875,183600,516,184116,4523
2020-07-29,Madera,039,155013,2756,1941,5,1946,18
2020-07-29,Marin,041,260295,5354,4747,5,4752,34
2020-07-29,Mariposa,043,17540,60,47,0,47,1
2020-07-29,Mendocino,045,87422,307,228,0,228,0
2020-07-29,Merced,047,269075,5667,3605,2,3607,25
2020-07-29,Modoc,049,8938,5,0,0,0,0
2020-07-29,Mono,051,14174,145,102,1,103,1
2020-07-29,Monterey,053,433212,5408,4252,14,4266,24
2020-07-29,Napa,055,140530,1129,866,0,866,7
2020-07-29,Nevada,057,99092,334,288,13,301,1
2020-07-29,Orange,059,3164182,42941,35339,806,36145,589
2020-07-29,Placer,061,380077,2245,1798,3,1801,14
2020-07-29,Plumas,063,18699,33,25,0,25,0
2020-07-29,Riverside,065,2383286,44337,36968,41,37009,678
2020-07-29,Sacramento,067,1510023,12548,9538,13,9551,122
2020-07-29,San Benito,069,59416,693,537,0,537,2
2020-07-29,San Bernardino,071,2135413,39324,31168,171,31339,417
2020-07-29,San Diego,073,3302833,32010,28289,8,28297,552
2020-07-29,San Francisco,075,870044,7198,6041,6,6047,56
2020-07-29,San Joaquin,077,732212,14384,11249,9,11258,154
2020-07-29,San Luis Obispo,079,281455,2100,1673,8,1681,11
2020-07-29,San Mateo,081,765935,6392,5305,7,5312,114
2020-07-29,Santa Barbara,083,443738,6695,6215,64,6279,31
2020-07-29,Santa Clara,085,1922200,12657,9567,29,9596,165
2020-07-29,Santa Cruz,087,273765,1294,1051,7,1058,4
2020-07-29,Shasta,089,179085,477,297,3,300,8
2020-07-29,Sierra,091,2930,2,1,0,1,0
2020-07-29,Siskiyou,093,43540,94,58,0,58,0
2020-07-29,Solano,095,438530,4216,3380,22,3402,29
2020-07-29,Sonoma,097,501317,3651,2598,7,2605,26
2020-07-29,Stanislaus,099,539301,11401,8745,35,8780,94
2020-07-29,Sutter,101,95872,848,678,1,679,6
2020-07-29,Tehama,103,63373,274,206,2,208,1
2020-07-29,Trinity,105,12862,26,4,6,10,0
2020-07-29,Tulare,107,460477,11090,9028,31,9059,156
2020-07-29,Tuolumne,109,53932,154,118,4,122,0
2020-07-29,Ventura,111,848112,8706,7161,29,7190,68
2020-07-29,Yolo,113,214977,1834,1488,3,1491,36
2020-07-29,Yuba,115,75493,487,350,0,350,1
2020-07-28,Alameda,001,1643700,13269,10875,46,10921,180
2020-07-28,Alpine,003,1148,2,2,0,2,0
2020-07-28,Amador,005,37829,153,77,0,77,0
2020-07-28,Butte,007,227075,1103,857,30,887,7
2020-07-28,Calaveras,009,45235,138,105,0,105,1
2020-07-28,Colusa,011,21464,363,290,0,290,2
2020-07-28,Contra Costa,013,1133247,9902,7426,27,7453,107
2020-07-28,Del Norte,015,27424,87,68,0,68,0
2020-07-28,El Dorado,017,186661,777,558,6,564,1
2020-07-28,Fresno,019,978130,20976,13933,187,14120,125
2020-07-28,Glenn,021,27897,364,289,0,289,1
2020-07-28,Humboldt,023,135768,258,218,1,219,4
2020-07-28,Imperial,025,180216,10213,7804,5,7809,145
2020-07-28,Inyo,027,18085,61,43,1,44,1
2020-07-28,Kern,029,883053,24039,18834,122,18956,155
2020-07-28,Kings,031,150075,4649,3721,20,3741,41
2020-07-28,Lake,033,64148,225,179,0,179,1
2020-07-28,Lassen,035,31185,615,508,2,510,0
2020-07-28,Los Angeles,037,10098052,197643,179107,494,179601,4435
2020-07-28,Madera,039,155013,2690,1889,5,1894,18
2020-07-28,Marin,041,260295,5285,4698,5,4703,23
2020-07-28,Mariposa,043,17540,58,45,0,45,1
2020-07-28,Mendocino,045,87422,296,222,0,222,0
2020-07-28,Merced,047,269075,5522,3446,2,3448,23
2020-07-28,Modoc,049,8938,4,0,0,0,0
2020-07-28,Mono,051,14174,144,102,1,103,1
2020-07-28,Monterey,053,433212,5288,4047,14,4061,22
2020-07-28,Napa,055,140530,1107,824,0,824,6
2020-07-28,Nevada,057,99092,329,278,13,291,1
2020-07-28,Orange,059,3164182,42483,34832,792,35624,582
2020-07-28,Placer,061,380077,2209,1759,3,1762,14
2020-07-28,Plumas,063,18699,33,22,0,22,0
2020-07-28,Riverside,065,2383286,43736,36458,41,36499,668
2020-07-28,Sacramento,067,1510023,12289,9429,12,9441,117
2020-07-28,San Benito,069,59416,683,503,0,503,2
2020-07-28,San Bernardino,071,2135413,38801,30493,167,30660,412
2020-07-28,San Diego,073,3302833,31660,28007,6,28013,547
2020-07-28,San Francisco,075,870044,7085,5888,6,5894,56
2020-07-28,San Joaquin,077,732212,14102,10958,6,10964,141
2020-07-28,San Luis Obispo,079,281455,2067,1636,8,1644,9
2020-07-28,San Mateo,081,765935,6319,5171,7,5178,114
2020-07-28,Santa Barbara,083,443738,6631,6110,62,6172,31
2020-07-28,Santa Clara,085,1922200,12423,9307,29,9336,165
2020-07-28,Santa Cruz,087,273765,1267,1018,7,1025,4
2020-07-28,Shasta,089,179085,465,275,3,278,8
2020-07-28,Sierra,091,2930,2,1,0,1,0
2020-07-28,Siskiyou,093,43540,90,57,0,57,0
2020-07-28,Solano,095,438530,4169,3292,21,3313,29
2020-07-28,Sonoma,097,501317,3576,2553,7,2560,20
2020-07-28,Stanislaus,099,539301,11179,8492,27,8519,92
2020-07-28,Sutter,101,95872,811,653,0,653,2
2020-07-28,Tehama,103,63373,269,199,2,201,1
2020-07-28,Trinity,105,12862,26,3,6,9,0
2020-07-28,Tulare,107,460477,10903,8787,31,8818,96
2020-07-28,Tuolumne,109,53932,153,116,4,120,0
2020-07-28,Ventura,111,848112,8580,7045,28,7073,68
2020-07-28,Yolo,113,214977,1806,1459,3,1462,36
2020-07-28,Yuba,115,75493,470,333,0,333,1
2020-07-27,Alameda,001,1643700,13041,10645,43,10688,176
2020-07-27,Alpine,003,1148,2,2,0,2,0
2020-07-27,Amador,005,37829,148,72,0,72,0
2020-07-27,Butte,007,227075,1076,843,30,873,7
2020-07-27,Calaveras,009,45235,134,103,0,103,1
2020-07-27,Colusa,011,21464,356,271,0,271,2
2020-07-27,Contra Costa,013,1133247,9679,7256,27,7283,104
2020-07-27,Del Norte,015,27424,86,67,0,67,0
2020-07-27,El Dorado,017,186661,765,548,6,554,1
2020-07-27,Fresno,019,978130,20627,13485,181,13666,117
2020-07-27,Glenn,021,27897,362,277,0,277,1
2020-07-27,Humboldt,023,135768,253,218,1,219,4
2020-07-27,Imperial,025,180216,10163,7789,5,7794,144
2020-07-27,Inyo,027,18085,61,43,1,44,1
2020-07-27,Kern,029,883053,23537,17994,116,18110,148
2020-07-27,Kings,031,150075,4400,3685,20,3705,39
2020-07-27,Lake,033,64148,221,176,0,176,1
2020-07-27,Lassen,035,31185,615,503,2,505,0
2020-07-27,Los Angeles,037,10098052,195216,176351,475,176826,4379
2020-07-27,Madera,039,155013,2625,1793,5,1798,17
2020-07-27,Marin,041,260295,5197,4669,5,4674,22
2020-07-27,Mariposa,043,17540,58,43,0,43,1
2020-07-27,Mendocino,045,87422,282,209,0,209,0
2020-07-27,Merced,047,269075,5382,3292,2,3294,23
2020-07-27,Modoc,049,8938,3,0,0,0,0
2020-07-27,Mono,051,14174,140,99,1,100,1
2020-07-27,Monterey,053,433212,5099,3960,14,3974,21
2020-07-27,Napa,055,140530,1092,769,0,769,6
2020-07-27,Nevada,057,99092,325,268,13,281,1
2020-07-27,Orange,059,3164182,42043,34649,776,35425,566
2020-07-27,Placer,061,380077,2159,1679,3,1682,12
2020-07-27,Plumas,063,18699,33,22,0,22,0
2020-07-27,Riverside,065,2383286,43057,35822,41,35863,667
2020-07-27,Sacramento,067,1510023,11996,9091,12,9103,114
2020-07-27,San Benito,069,59416,668,498,0,498,2
2020-07-27,San Bernardino,071,2135413,38209,29928,157,30085,401
2020-07-27,San Diego,073,3302833,31286,27509,5,27514,533
2020-07-27,San Francisco,075,870044,6998,5825,6,5831,55
2020-07-27,San Joaquin,077,732212,13814,10728,6,10734,129
2020-07-27,San Luis Obispo,079,281455,2021,1612,8,1620,9
2020-07-27,San Mateo,081,765935,6210,5108,7,5115,113
2020-07-27,Santa Barbara,083,443738,6552,6026,60,6086,30
2020-07-27,Santa Clara,085,1922200,12154,9157,28,9185,166
2020-07-27,Santa Cruz,087,273765,1243,984,7,991,4
2020-07-27,Shasta,089,179085,458,275,3,278,8
2020-07-27,Sierra,091,2930,2,1,0,1,0
2020-07-27,Siskiyou,093,43540,88,54,0,54,0
2020-07-27,Solano,095,438530,4102,3198,20,3218,29
2020-07-27,Sonoma,097,501317,3485,2504,7,2511,20
2020-07-27,Stanislaus,099,539301,10954,8288,19,8307,84
2020-07-27,Sutter,101,95872,785,620,0,620,2
2020-07-27,Tehama,103,63373,261,192,2,194,1
2020-07-27,Trinity,105,12862,26,3,6,9,0
2020-07-27,Tulare,107,460477,10685,8462,31,8493,172
2020-07-27,Tuolumne,109,53932,150,115,4,119,0
2020-07-27,Ventura,111,848112,8452,6998,27,7025,68
2020-07-27,Yolo,113,214977,1761,1439,3,1442,33
2020-07-27,Yuba,115,75493,450,328,0,328,1
2020-07-26,Alameda,001,1643700,12802,10489,42,10531,176
2020-07-26,Alpine,003,1148,2,2,0,2,0
2020-07-26,Amador,005,37829,142,67,0,67,0
2020-07-26,Butte,007,227075,1039,822,29,851,5
2020-07-26,Calaveras,009,45235,131,103,0,103,1
2020-07-26,Colusa,011,21464,347,270,0,270,2
2020-07-26,Contra Costa,013,1133247,9441,7095,27,7122,104
2020-07-26,Del Norte,015,27424,84,67,0,67,0
2020-07-26,El Dorado,017,186661,747,539,6,545,1
2020-07-26,Fresno,019,978130,20236,13209,173,13382,117
2020-07-26,Glenn,021,27897,354,265,0,265,1
2020-07-26,Humboldt,023,135768,247,214,1,215,4
2020-07-26,Imperial,025,180216,10091,7781,5,7786,144
2020-07-26,Inyo,027,18085,56,43,1,44,1
2020-07-26,Kern,029,883053,23012,17394,113,17507,148
2020-07-26,Kings,031,150075,4341,3591,20,3611,39
2020-07-26,Lake,033,64148,213,174,0,174,1
2020-07-26,Lassen,035,31185,574,503,2,505,0
2020-07-26,Los Angeles,037,10098052,192647,174322,457,174779,4364
2020-07-26,Madera,039,155013,2538,1744,5,1749,17
2020-07-26,Marin,041,260295,5151,4595,5,4600,22
2020-07-26,Mariposa,043,17540,56,43,0,43,1
2020-07-26,Mendocino,045,87422,273,206,0,206,0
2020-07-26,Merced,047,269075,5202,3251,2,3253,23
2020-07-26,Modoc,049,8938,3,0,0,0,0
2020-07-26,Mono,051,14174,136,82,1,83,1
2020-07-26,Monterey,053,433212,4933,3901,14,3915,21
2020-07-26,Napa,055,140530,1073,769,0,769,6
2020-07-26,Nevada,057,99092,322,261,13,274,1
2020-07-26,Orange,059,3164182,41518,34352,745,35097,564
2020-07-26,Placer,061,380077,2095,1628,3,1631,12
2020-07-26,Plumas,063,18699,33,22,0,22,0
2020-07-26,Riverside,065,2383286,42497,35636,41,35677,665
2020-07-26,Sacramento,067,1510023,11690,8972,12,8984,114
2020-07-26,San Benito,069,59416,656,495,0,495,2
2020-07-26,San Bernardino,071,2135413,37568,29545,149,29694,400
2020-07-26,San Diego,073,3302833,30890,26986,4,26990,533
2020-07-26,San Francisco,075,870044,6892,5823,6,5829,55
2020-07-26,San Joaquin,077,732212,13522,10637,6,10643,129
2020-07-26,San Luis Obispo,079,281455,1979,1565,8,1573,8
2020-07-26,San Mateo,081,765935,6105,5078,7,5085,113
2020-07-26,Santa Barbara,083,443738,6451,5939,60,5999,30
2020-07-26,Santa Clara,085,1922200,11925,8986,28,9014,166
2020-07-26,Santa Cruz,087,273765,1216,970,7,977,4
2020-07-26,Shasta,089,179085,451,265,3,268,8
2020-07-26,Sierra,091,2930,2,1,0,1,0
2020-07-26,Siskiyou,093,43540,86,54,0,54,0
2020-07-26,Solano,095,438530,4023,3197,18,3215,29
2020-07-26,Sonoma,097,501317,3396,2503,6,2509,20
2020-07-26,Stanislaus,099,539301,10691,8228,18,8246,84
2020-07-26,Sutter,101,95872,771,612,0,612,2
2020-07-26,Tehama,103,63373,254,175,2,177,1
2020-07-26,Trinity,105,12862,26,3,6,9,0
2020-07-26,Tulare,107,460477,10479,8392,31,8423,172
2020-07-26,Tuolumne,109,53932,145,113,4,117,0
2020-07-26,Ventura,111,848112,8245,6844,27,6871,67
2020-07-26,Yolo,113,214977,1730,1408,3,1411,33
2020-07-26,Yuba,115,75493,431,313,0,313,1
2020-07-25,Alameda,001,1643700,12705,10361,40,10401,176
2020-07-25,Alpine,003,1148,2,2,0,2,0
2020-07-25,Amador,005,37829,139,67,0,67,0
2020-07-25,Butte,007,227075,1030,810,29,839,5
2020-07-25,Calaveras,009,45235,128,103,0,103,1
2020-07-25,Colusa,011,21464,340,265,0,265,2
2020-07-25,Contra Costa,013,1133247,9298,6920,27,6947,104
2020-07-25,Del Norte,015,27424,84,67,0,67,0
2020-07-25,El Dorado,017,186661,736,528,6,534,1
2020-07-25,Fresno,019,978130,20049,12866,173,13039,117
2020-07-25,Glenn,021,27897,352,260,0,260,1
2020-07-25,Humboldt,023,135768,244,212,1,213,4
2020-07-25,Imperial,025,180216,10065,7727,5,7732,144
2020-07-25,Inyo,027,18085,55,43,1,44,1
2020-07-25,Kern,029,883053,22794,16910,112,17022,148
2020-07-25,Kings,031,150075,4324,3516,20,3536,39
2020-07-25,Lake,033,64148,211,173,0,173,1
2020-07-25,Lassen,035,31185,574,503,2,505,0
2020-07-25,Los Angeles,037,10098052,191512,172611,451,173062,4357
2020-07-25,Madera,039,155013,2506,1724,5,1729,17
2020-07-25,Marin,041,260295,5135,4562,5,4567,22
2020-07-25,Mariposa,043,17540,55,43,0,43,1
2020-07-25,Mendocino,045,87422,267,190,0,190,0
2020-07-25,Merced,047,269075,5123,3176,2,3178,23
2020-07-25,Modoc,049,8938,3,0,0,0,0
2020-07-25,Mono,051,14174,136,82,1,83,1
2020-07-25,Monterey,053,433212,4856,3805,14,3819,21
2020-07-25,Napa,055,140530,1060,746,0,746,6
2020-07-25,Nevada,057,99092,320,257,13,270,1
2020-07-25,Orange,059,3164182,41299,33978,724,34702,561
2020-07-25,Placer,061,380077,2079,1596,3,1599,12
2020-07-25,Plumas,063,18699,33,22,0,22,0
2020-07-25,Riverside,065,2383286,42228,34921,41,34962,655
2020-07-25,Sacramento,067,1510023,11544,8674,12,8686,113
2020-07-25,San Benito,069,59416,640,492,0,492,2
2020-07-25,San Bernardino,071,2135413,37290,29265,146,29411,394
2020-07-25,San Diego,073,3302833,30629,26703,3,26706,533
2020-07-25,San Francisco,075,870044,6834,5644,6,5650,55
2020-07-25,San Joaquin,077,732212,13396,10347,5,10352,129
2020-07-25,San Luis Obispo,079,281455,1959,1530,7,1537,8
2020-07-25,San Mateo,081,765935,6042,5023,7,5030,113
2020-07-25,Santa Barbara,083,443738,6416,5880,60,5940,30
2020-07-25,Santa Clara,085,1922200,11791,8767,28,8795,166
2020-07-25,Santa Cruz,087,273765,1199,939,7,946,4
2020-07-25,Shasta,089,179085,446,263,1,264,8
2020-07-25,Sierra,091,2930,2,1,0,1,0
2020-07-25,Siskiyou,093,43540,84,54,0,54,0
2020-07-25,Solano,095,438530,3983,3107,16,3123,29
2020-07-25,Sonoma,097,501317,3357,2412,6,2418,20
2020-07-25,Stanislaus,099,539301,10588,7994,14,8008,84
2020-07-25,Sutter,101,95872,752,603,0,603,2
2020-07-25,Tehama,103,63373,253,169,2,171,1
2020-07-25,Trinity,105,12862,26,3,6,9,0
2020-07-25,Tulare,107,460477,10379,8310,31,8341,172
2020-07-25,Tuolumne,109,53932,144,99,4,103,0
2020-07-25,Ventura,111,848112,8172,6662,27,6689,62
2020-07-25,Yolo,113,214977,1714,1357,3,1360,35
2020-07-25,Yuba,115,75493,425,312,0,312,1
2020-07-24,Alameda,001,1643700,12564,10216,37,10253,176
2020-07-24,Alpine,003,1148,2,2,0,2,0
2020-07-24,Amador,005,37829,137,66,0,66,0
2020-07-24,Butte,007,227075,1018,751,29,780,5
2020-07-24,Calaveras,009,45235,124,102,0,102,0
2020-07-24,Colusa,011,21464,337,255,0,255,2
2020-07-24,Contra Costa,013,1133247,9153,6814,27,6841,100
2020-07-24,Del Norte,015,27424,84,66,0,66,0
2020-07-24,El Dorado,017,186661,714,516,6,522,1
2020-07-24,Fresno,019,978130,19824,12564,173,12737,115
2020-07-24,Glenn,021,27897,349,251,0,251,1
2020-07-24,Humboldt,023,135768,241,210,1,211,4
2020-07-24,Imperial,025,180216,10043,7686,5,7691,141
2020-07-24,Inyo,027,18085,55,41,1,42,1
2020-07-24,Kern,029,883053,22553,16124,112,16236,143
2020-07-24,Kings,031,150075,4294,3471,20,3491,39
2020-07-24,Lake,033,64148,209,167,0,167,1
2020-07-24,Lassen,035,31185,574,503,2,505,0
2020-07-24,Los Angeles,037,10098052,189487,169078,440,169518,4302
2020-07-24,Madera,039,155013,2473,1679,5,1684,16
2020-07-24,Marin,041,260295,5108,4517,5,4522,22
2020-07-24,Mariposa,043,17540,55,41,0,41,1
2020-07-24,Mendocino,045,87422,260,188,0,188,0
2020-07-24,Merced,047,269075,5038,3100,2,3102,23
2020-07-24,Modoc,049,8938,3,0,0,0,0
2020-07-24,Mono,051,14174,135,82,1,83,1
2020-07-24,Monterey,053,433212,4784,3748,14,3762,21
2020-07-24,Napa,055,140530,1047,741,0,741,6
2020-07-24,Nevada,057,99092,317,255,13,268,1
2020-07-24,Orange,059,3164182,41012,33530,708,34238,557
2020-07-24,Placer,061,380077,2048,1551,3,1554,12
2020-07-24,Plumas,063,18699,33,22,0,22,0
2020-07-24,Riverside,065,2383286,41804,34513,40,34553,631
2020-07-24,Sacramento,067,1510023,11356,8570,12,8582,110
2020-07-24,San Benito,069,59416,633,485,0,485,2
2020-07-24,San Bernardino,071,2135413,36919,28990,141,29131,386
2020-07-24,San Diego,073,3302833,30329,26100,3,26103,524
2020-07-24,San Francisco,075,870044,6740,5611,6,5617,55
2020-07-24,San Joaquin,077,732212,13247,10190,5,10195,118
2020-07-24,San Luis Obispo,079,281455,1935,1476,7,1483,8
2020-07-24,San Mateo,081,765935,5979,4954,7,4961,112
2020-07-24,Santa Barbara,083,443738,6363,5776,58,5834,30
2020-07-24,Santa Clara,085,1922200,11626,8658,28,8686,165
2020-07-24,Santa Cruz,087,273765,1179,930,7,937,4
2020-07-24,Shasta,089,179085,438,262,1,263,8
2020-07-24,Sierra,091,2930,2,1,0,1,0
2020-07-24,Siskiyou,093,43540,84,53,0,53,0
2020-07-24,Solano,095,438530,3947,3062,13,3075,29
2020-07-24,Sonoma,097,501317,3305,2345,6,2351,20
2020-07-24,Stanislaus,099,539301,10416,7861,12,7873,82
2020-07-24,Sutter,101,95872,741,593,0,593,2
2020-07-24,Tehama,103,63373,245,170,2,172,1
2020-07-24,Trinity,105,12862,25,3,6,9,0
2020-07-24,Tulare,107,460477,10285,8167,29,8196,167
2020-07-24,Tuolumne,109,53932,140,99,4,103,0
2020-07-24,Ventura,111,848112,8087,6553,27,6580,60
2020-07-24,Yolo,113,214977,1700,1329,3,1332,35
2020-07-24,Yuba,115,75493,410,307,0,307,1
2020-07-23,Alameda,001,1643700,12321,9924,37,9961,171
2020-07-23,Alpine,003,1148,2,2,0,2,0
2020-07-23,Amador,005,37829,120,61,0,61,0
2020-07-23,Butte,007,227075,1003,726,28,754,5
2020-07-23,Calaveras,009,45235,117,102,0,102,0
2020-07-23,Colusa,011,21464,329,242,0,242,2
2020-07-23,Contra Costa,013,1133247,8954,6619,25,6644,98
2020-07-23,Del Norte,015,27424,84,66,0,66,0
2020-07-23,El Dorado,017,186661,703,491,6,497,1
2020-07-23,Fresno,019,978130,19468,12164,170,12334,112
2020-07-23,Glenn,021,27897,344,246,0,246,1
2020-07-23,Humboldt,023,135768,240,208,1,209,4
2020-07-23,Imperial,025,180216,9993,7604,5,7609,138
2020-07-23,Inyo,027,18085,53,38,1,39,1
2020-07-23,Kern,029,883053,22146,14491,108,14599,128
2020-07-23,Kings,031,150075,4182,3371,20,3391,39
2020-07-23,Lake,033,64148,200,160,0,160,1
2020-07-23,Lassen,035,31185,571,503,2,505,0
2020-07-23,Los Angeles,037,10098052,186937,167198,414,167612,4265
2020-07-23,Madera,039,155013,2407,1659,4,1663,13
2020-07-23,Marin,041,260295,5056,4423,5,4428,22
2020-07-23,Mariposa,043,17540,55,40,0,40,1
2020-07-23,Mendocino,045,87422,250,178,0,178,0
2020-07-23,Merced,047,269075,4881,2972,2,2974,22
2020-07-23,Modoc,049,8938,3,0,0,0,0
2020-07-23,Mono,051,14174,131,82,1,83,1
2020-07-23,Monterey,053,433212,4667,3655,14,3669,21
2020-07-23,Napa,055,140530,1023,713,0,713,5
2020-07-23,Nevada,057,99092,314,247,13,260,1
2020-07-23,Orange,059,3164182,40516,32863,678,33541,544
2020-07-23,Placer,061,380077,2004,1519,3,1522,12
2020-07-23,Plumas,063,18699,32,21,0,21,0
2020-07-23,Riverside,065,2383286,41199,33833,40,33873,630
2020-07-23,Sacramento,067,1510023,11123,8222,12,8234,108
2020-07-23,San Benito,069,59416,618,478,0,478,2
2020-07-23,San Bernardino,071,2135413,36400,28121,135,28256,369
2020-07-23,San Diego,073,3302833,29955,25109,3,25112,505
2020-07-23,San Francisco,075,870044,6639,5543,6,5549,55
2020-07-23,San Joaquin,077,732212,13028,9861,5,9866,111
2020-07-23,San Luis Obispo,079,281455,1906,1438,7,1445,7
2020-07-23,San Mateo,081,765935,5874,4895,7,4902,113
2020-07-23,Santa Barbara,083,443738,6290,5628,58,5686,30
2020-07-23,Santa Clara,085,1922200,11407,8458,28,8486,165
2020-07-23,Santa Cruz,087,273765,1143,887,7,894,3
2020-07-23,Shasta,089,179085,427,254,1,255,9
2020-07-23,Sierra,091,2930,2,1,0,1,0
2020-07-23,Siskiyou,093,43540,82,53,0,53,0
2020-07-23,Solano,095,438530,3883,2962,11,2973,29
2020-07-23,Sonoma,097,501317,3229,2289,6,2295,18
2020-07-23,Stanislaus,099,539301,10174,7603,12,7615,71
2020-07-23,Sutter,101,95872,708,570,0,570,2
2020-07-23,Tehama,103,63373,239,158,2,160,1
2020-07-23,Trinity,105,12862,24,3,6,9,0
2020-07-23,Tulare,107,460477,10096,7898,29,7927,168
2020-07-23,Tuolumne,109,53932,140,93,4,97,0
2020-07-23,Ventura,111,848112,7963,6303,27,6330,56
2020-07-23,Yolo,113,214977,1682,1279,3,1282,35
2020-07-23,Yuba,115,75493,390,297,0,297,1
2020-07-22,Alameda,001,1643700,12104,9678,36,9714,169
2020-07-22,Alpine,003,1148,2,2,0,2,0
2020-07-22,Amador,005,37829,118,58,0,58,0
2020-07-22,Butte,007,227075,967,694,28,722,5
2020-07-22,Calaveras,009,45235,117,98,0,98,0
2020-07-22,Colusa,011,21464,322,236,0,236,0
2020-07-22,Contra Costa,013,1133247,8728,6401,25,6426,98
2020-07-22,Del Norte,015,27424,84,66,0,66,0
2020-07-22,El Dorado,017,186661,690,466,6,472,1
2020-07-22,Fresno,019,978130,19104,11756,164,11920,110
2020-07-22,Glenn,021,27897,338,236,0,236,1
2020-07-22,Humboldt,023,135768,238,201,1,202,4
2020-07-22,Imperial,025,180216,9933,7533,5,7538,134
2020-07-22,Inyo,027,18085,49,38,1,39,1
2020-07-22,Kern,029,883053,21714,13513,100,13613,127
2020-07-22,Kings,031,150075,4126,3271,20,3291,38
2020-07-22,Lake,033,64148,197,160,0,160,1
2020-07-22,Lassen,035,31185,568,500,2,502,0
2020-07-22,Los Angeles,037,10098052,184286,165242,393,165635,4218
2020-07-22,Madera,039,155013,2332,1578,4,1582,10
2020-07-22,Marin,041,260295,5000,4373,5,4378,23
2020-07-22,Mariposa,043,17540,55,38,0,38,1
2020-07-22,Mendocino,045,87422,243,166,0,166,0
2020-07-22,Merced,047,269075,4755,2828,2,2830,15
2020-07-22,Modoc,049,8938,3,0,0,0,0
2020-07-22,Mono,051,14174,128,82,1,83,1
2020-07-22,Monterey,053,433212,4566,3533,14,3547,20
2020-07-22,Napa,055,140530,1001,687,0,687,5
2020-07-22,Nevada,057,99092,308,239,12,251,1
2020-07-22,Orange,059,3164182,40017,32047,669,32716,522
2020-07-22,Placer,061,380077,1948,1469,3,1472,12
2020-07-22,Plumas,063,18699,31,20,0,20,0
2020-07-22,Riverside,065,2383286,40563,33093,40,33133,612
2020-07-22,Sacramento,067,1510023,10861,8028,12,8040,106
2020-07-22,San Benito,069,59416,604,465,0,465,2
2020-07-22,San Bernardino,071,2135413,35878,26820,124,26944,348
2020-07-22,San Diego,073,3302833,29567,25109,2,25111,505
2020-07-22,San Francisco,075,870044,6535,5473,5,5478,53
2020-07-22,San Joaquin,077,732212,12750,9628,5,9633,102
2020-07-22,San Luis Obispo,079,281455,1860,1373,7,1380,7
2020-07-22,San Mateo,081,765935,5785,4796,7,4803,112
2020-07-22,Santa Barbara,083,443738,6206,5508,56,5564,29
2020-07-22,Santa Clara,085,1922200,11164,8266,28,8294,166
2020-07-22,Santa Cruz,087,273765,1119,866,7,873,3
2020-07-22,Shasta,089,179085,417,246,1,247,9
2020-07-22,Sierra,091,2930,1,1,0,1,0
2020-07-22,Siskiyou,093,43540,81,52,0,52,0
2020-07-22,Solano,095,438530,3822,2839,10,2849,29
2020-07-22,Sonoma,097,501317,3152,2255,6,2261,17
2020-07-22,Stanislaus,099,539301,10003,7401,12,7413,71
2020-07-22,Sutter,101,95872,684,551,0,551,2
2020-07-22,Tehama,103,63373,231,155,2,157,1
2020-07-22,Trinity,105,12862,23,3,6,9,0
2020-07-22,Tulare,107,460477,9863,7640,29,7669,167
2020-07-22,Tuolumne,109,53932,136,91,4,95,0
2020-07-22,Ventura,111,848112,7835,6223,25,6248,56
2020-07-22,Yolo,113,214977,1640,1233,3,1236,34
2020-07-22,Yuba,115,75493,375,288,0,288,1
2020-07-21,Alameda,001,1643700,11890,9390,36,9426,166
2020-07-21,Alpine,003,1148,2,2,0,2,0
2020-07-21,Amador,005,37829,113,55,0,55,0
2020-07-21,Butte,007,227075,922,659,27,686,5
2020-07-21,Calaveras,009,45235,111,96,0,96,0
2020-07-21,Colusa,011,21464,298,227,0,227,0
2020-07-21,Contra Costa,013,1133247,8486,6210,25,6235,98
2020-07-21,Del Norte,015,27424,84,66,0,66,0
2020-07-21,El Dorado,017,186661,682,440,6,446,1
2020-07-21,Fresno,019,978130,18704,11412,158,11570,107
2020-07-21,Glenn,021,27897,331,229,0,229,1
2020-07-21,Humboldt,023,135768,236,198,1,199,4
2020-07-21,Imperial,025,180216,9884,7458,5,7463,128
2020-07-21,Inyo,027,18085,48,38,1,39,1
2020-07-21,Kern,029,883053,21292,11998,94,12092,119
2020-07-21,Kings,031,150075,4061,3187,19,3206,38
2020-07-21,Lake,033,64148,197,157,0,157,1
2020-07-21,Lassen,035,31185,566,474,2,476,0
2020-07-21,Los Angeles,037,10098052,181297,162205,371,162576,4159
2020-07-21,Madera,039,155013,2267,1508,3,1511,10
2020-07-21,Marin,041,260295,4928,4318,5,4323,21
2020-07-21,Mariposa,043,17540,54,37,0,37,1
2020-07-21,Mendocino,045,87422,232,160,0,160,0
2020-07-21,Merced,047,269075,4576,2725,2,2727,15
2020-07-21,Modoc,049,8938,3,0,0,0,0
2020-07-21,Mono,051,14174,124,79,1,80,1
2020-07-21,Monterey,053,433212,4434,3404,13,3417,20
2020-07-21,Napa,055,140530,974,660,0,660,5
2020-07-21,Nevada,057,99092,306,228,10,238,1
2020-07-21,Orange,059,3164182,39521,31356,637,31993,515
2020-07-21,Placer,061,380077,1907,1413,3,1416,11
2020-07-21,Plumas,063,18699,31,19,0,19,0
2020-07-21,Riverside,065,2383286,39861,32231,40,32271,583
2020-07-21,Sacramento,067,1510023,10589,7789,11,7800,102
2020-07-21,San Benito,069,59416,593,444,0,444,2
2020-07-21,San Bernardino,071,2135413,35231,25323,117,25440,343
2020-07-21,San Diego,073,3302833,29118,24522,2,24524,487
2020-07-21,San Francisco,075,870044,6426,5377,5,5382,53
2020-07-21,San Joaquin,077,732212,12422,9150,5,9155,99
2020-07-21,San Luis Obispo,079,281455,1811,1338,7,1345,7
2020-07-21,San Mateo,081,765935,5693,4733,7,4740,111
2020-07-21,Santa Barbara,083,443738,6126,5422,55,5477,29
2020-07-21,Santa Clara,085,1922200,10901,7989,28,8017,164
2020-07-21,Santa Cruz,087,273765,1086,835,7,842,3
2020-07-21,Shasta,089,179085,409,241,1,242,9
2020-07-21,Sierra,091,2930,1,1,0,1,0
2020-07-21,Siskiyou,093,43540,81,48,0,48,0
2020-07-21,Solano,095,438530,3750,2727,10,2737,27
2020-07-21,Sonoma,097,501317,3095,2200,6,2206,17
2020-07-21,Stanislaus,099,539301,9741,6984,12,6996,69
2020-07-21,Sutter,101,95872,668,533,0,533,2
2020-07-21,Tehama,103,63373,221,150,2,152,1
2020-07-21,Trinity,105,12862,23,2,6,8,0
2020-07-21,Tulare,107,460477,9661,7447,29,7476,167
2020-07-21,Tuolumne,109,53932,134,75,4,79,0
2020-07-21,Ventura,111,848112,7703,6131,25,6156,55
2020-07-21,Yolo,113,214977,1586,1204,3,1207,34
2020-07-21,Yuba,115,75493,369,269,0,269,1
2020-07-20,Alameda,001,1643700,11635,9244,35,9279,162
2020-07-20,Alpine,003,1148,2,2,0,2,0
2020-07-20,Amador,005,37829,110,53,0,53,0
2020-07-20,Butte,007,227075,885,586,27,613,4
2020-07-20,Calaveras,009,45235,108,90,0,90,0
2020-07-20,Colusa,011,21464,287,217,0,217,0
2020-07-20,Contra Costa,013,1133247,8278,5823,25,5848,97
2020-07-20,Del Norte,015,27424,84,61,0,61,0
2020-07-20,El Dorado,017,186661,659,407,6,413,0
2020-07-20,Fresno,019,978130,18262,10891,157,11048,106
2020-07-20,Glenn,021,27897,323,225,0,225,1
2020-07-20,Humboldt,023,135768,229,194,1,195,4
2020-07-20,Imperial,025,180216,9843,7337,5,7342,124
2020-07-20,Inyo,027,18085,46,38,1,39,1
2020-07-20,Kern,029,883053,20782,10908,90,10998,118
2020-07-20,Kings,031,150075,4011,3093,19,3112,37
2020-07-20,Lake,033,64148,194,147,0,147,1
2020-07-20,Lassen,035,31185,564,474,2,476,0
2020-07-20,Los Angeles,037,10098052,178333,159202,344,159546,4108
2020-07-20,Madera,039,155013,2192,1433,3,1436,10
2020-07-20,Marin,041,260295,4845,4255,5,4260,21
2020-07-20,Mariposa,043,17540,53,36,0,36,1
2020-07-20,Mendocino,045,87422,219,153,0,153,0
2020-07-20,Merced,047,269075,4406,2584,2,2586,15
2020-07-20,Modoc,049,8938,3,0,0,0,0
2020-07-20,Mono,051,14174,118,78,1,79,1
2020-07-20,Monterey,053,433212,4328,3205,13,3218,19
2020-07-20,Napa,055,140530,939,632,0,632,5
2020-07-20,Nevada,057,99092,298,218,10,228,1
2020-07-20,Orange,059,3164182,38911,30337,607,30944,507
2020-07-20,Placer,061,380077,1856,1364,3,1367,11
2020-07-20,Plumas,063,18699,30,17,0,17,0
2020-07-20,Riverside,065,2383286,39029,31163,40,31203,581
2020-07-20,Sacramento,067,1510023,10261,7369,11,7380,99
2020-07-20,San Benito,069,59416,575,433,0,433,2
2020-07-20,San Bernardino,071,2135413,34422,24226,113,24339,338
2020-07-20,San Diego,073,3302833,28676,24137,2,24139,478
2020-07-20,San Francisco,075,870044,6305,5090,5,5095,53
2020-07-20,San Joaquin,077,732212,12066,8583,5,8588,97
2020-07-20,San Luis Obispo,079,281455,1769,1282,7,1289,6
2020-07-20,San Mateo,081,765935,5593,4609,7,4616,111
2020-07-20,Santa Barbara,083,443738,6016,5266,53,5319,29
2020-07-20,Santa Clara,085,1922200,10673,7711,27,7738,164
2020-07-20,Santa Cruz,087,273765,1054,758,7,765,3
2020-07-20,Shasta,089,179085,394,233,1,234,9
2020-07-20,Sierra,091,2930,1,1,0,1,0
2020-07-20,Siskiyou,093,43540,77,42,0,42,0
2020-07-20,Solano,095,438530,3667,2537,10,2547,26
2020-07-20,Sonoma,097,501317,2989,2148,6,2154,17
2020-07-20,Stanislaus,099,539301,9457,6835,12,6847,58
2020-07-20,Sutter,101,95872,635,507,0,507,2
2020-07-20,Tehama,103,63373,211,146,2,148,1
2020-07-20,Trinity,105,12862,23,2,6,8,0
2020-07-20,Tulare,107,460477,9427,6974,29,7003,166
2020-07-20,Tuolumne,109,53932,133,75,4,79,0
2020-07-20,Ventura,111,848112,7569,5912,25,5937,52
2020-07-20,Yolo,113,214977,1545,1155,3,1158,30
2020-07-20,Yuba,115,75493,349,258,0,258,1
2020-07-19,Alameda,001,1643700,11394,9227,29,9256,162
2020-07-19,Alpine,003,1148,2,2,0,2,0
2020-07-19,Amador,005,37829,103,51,0,51,0
2020-07-19,Butte,007,227075,860,555,23,578,4
2020-07-19,Calaveras,009,45235,106,89,0,89,0
2020-07-19,Colusa,011,21464,279,187,0,187,0
2020-07-19,Contra Costa,013,1133247,7987,5691,23,5714,95
2020-07-19,Del Norte,015,27424,83,61,0,61,0
2020-07-19,El Dorado,017,186661,641,385,6,391,0
2020-07-19,Fresno,019,978130,17738,10639,145,10784,106
2020-07-19,Glenn,021,27897,309,215,0,215,0
2020-07-19,Humboldt,023,135768,221,195,1,196,4
2020-07-19,Imperial,025,180216,9752,7280,5,7285,124
2020-07-19,Inyo,027,18085,42,38,1,39,1
2020-07-19,Kern,029,883053,20165,10094,82,10176,115
2020-07-19,Kings,031,150075,3925,3035,19,3054,37
2020-07-19,Lake,033,64148,189,144,0,144,1
2020-07-19,Lassen,035,31185,545,474,2,476,0
2020-07-19,Los Angeles,037,10098052,174887,156039,321,156360,4100
2020-07-19,Madera,039,155013,2115,1301,3,1304,10
2020-07-19,Marin,041,260295,4790,4172,5,4177,21
2020-07-19,Mariposa,043,17540,49,35,0,35,1
2020-07-19,Mendocino,045,87422,214,137,0,137,0
2020-07-19,Merced,047,269075,4199,2460,2,2462,15
2020-07-19,Modoc,049,8938,3,0,0,0,0
2020-07-19,Mono,051,14174,107,63,1,64,1
2020-07-19,Monterey,053,433212,4209,3079,13,3092,18
2020-07-19,Napa,055,140530,910,612,0,612,5
2020-07-19,Nevada,057,99092,292,210,10,220,1
2020-07-19,Orange,059,3164182,38347,29941,594,30535,505
2020-07-19,Placer,061,380077,1809,1246,3,1249,11
2020-07-19,Plumas,063,18699,30,17,0,17,0
2020-07-19,Riverside,065,2383286,38324,30340,40,30380,581
2020-07-19,Sacramento,067,1510023,9868,6985,11,6996,97
2020-07-19,San Benito,069,59416,559,412,0,412,2
2020-07-19,San Bernardino,071,2135413,33649,23928,101,24029,337
2020-07-19,San Diego,073,3302833,28175,23684,2,23686,478
2020-07-19,San Francisco,075,870044,6159,5094,5,5099,52
2020-07-19,San Joaquin,077,732212,11659,8308,5,8313,93
2020-07-19,San Luis Obispo,079,281455,1725,1262,7,1269,6
2020-07-19,San Mateo,081,765935,5489,4522,7,4529,110
2020-07-19,Santa Barbara,083,443738,5914,5145,50,5195,29
2020-07-19,Santa Clara,085,1922200,10429,7403,27,7430,164
2020-07-19,Santa Cruz,087,273765,1010,753,7,760,3
2020-07-19,Shasta,089,179085,381,218,1,219,9
2020-07-19,Sierra,091,2930,1,1,0,1,0
2020-07-19,Siskiyou,093,43540,75,42,0,42,0
2020-07-19,Solano,095,438530,3562,2551,10,2561,26
2020-07-19,Sonoma,097,501317,2889,2074,6,2080,17
2020-07-19,Stanislaus,099,539301,9161,6508,12,6520,58
2020-07-19,Sutter,101,95872,604,480,0,480,2
2020-07-19,Tehama,103,63373,207,138,2,140,1
2020-07-19,Trinity,105,12862,23,2,6,8,0
2020-07-19,Tulare,107,460477,9179,6856,29,6885,166
2020-07-19,Tuolumne,109,53932,128,75,4,79,0
2020-07-19,Ventura,111,848112,7379,5706,25,5731,52
2020-07-19,Yolo,113,214977,1505,1127,3,1130,30
2020-07-19,Yuba,115,75493,329,240,0,240,1
2020-07-18,Alameda,001,1643700,11257,9089,28,9117,162
2020-07-18,Alpine,003,1148,2,2,0,2,0
2020-07-18,Amador,005,37829,99,49,0,49,0
2020-07-18,Butte,007,227075,851,551,22,573,4
2020-07-18,Calaveras,009,45235,102,89,0,89,0
2020-07-18,Colusa,011,21464,274,182,0,182,0
2020-07-18,Contra Costa,013,1133247,7853,5617,23,5640,95
2020-07-18,Del Norte,015,27424,83,61,0,61,0
2020-07-18,El Dorado,017,186661,638,385,6,391,0
2020-07-18,Fresno,019,978130,17489,10381,143,10524,106
2020-07-18,Glenn,021,27897,303,212,0,212,0
2020-07-18,Humboldt,023,135768,218,189,1,190,4
2020-07-18,Imperial,025,180216,9722,7268,5,7273,124
2020-07-18,Inyo,027,18085,42,38,1,39,1
2020-07-18,Kern,029,883053,19862,9250,79,9329,114
2020-07-18,Kings,031,150075,3885,2996,18,3014,37
2020-07-18,Lake,033,64148,186,142,0,142,1
2020-07-18,Lassen,035,31185,544,474,2,476,0
2020-07-18,Los Angeles,037,10098052,173442,153265,311,153576,4088
2020-07-18,Madera,039,155013,2069,1260,3,1263,9
2020-07-18,Marin,041,260295,4761,4089,5,4094,21
2020-07-18,Mariposa,043,17540,49,35,0,35,1
2020-07-18,Mendocino,045,87422,208,137,0,137,0
2020-07-18,Merced,047,269075,4080,2424,2,2426,15
2020-07-18,Modoc,049,8938,3,0,0,0,0
2020-07-18,Mono,051,14174,105,54,1,55,1
2020-07-18,Monterey,053,433212,4141,3020,13,3033,17
2020-07-18,Napa,055,140530,899,609,0,609,5
2020-07-18,Nevada,057,99092,288,204,9,213,1
2020-07-18,Orange,059,3164182,38028,29603,574,30177,493
2020-07-18,Placer,061,380077,1786,1233,3,1236,11
2020-07-18,Plumas,063,18699,30,17,0,17,0
2020-07-18,Riverside,065,2383286,37970,30245,39,30284,581
2020-07-18,Sacramento,067,1510023,9623,6739,11,6750,95
2020-07-18,San Benito,069,59416,544,407,0,407,2
2020-07-18,San Bernardino,071,2135413,33189,23680,94,23774,336
2020-07-18,San Diego,073,3302833,27872,23116,2,23118,478
2020-07-18,San Francisco,075,870044,6057,5051,5,5056,52
2020-07-18,San Joaquin,077,732212,11446,8118,5,8123,93
2020-07-18,San Luis Obispo,079,281455,1690,1234,7,1241,6
2020-07-18,San Mateo,081,765935,5429,4488,7,4495,110
2020-07-18,Santa Barbara,083,443738,5854,5110,48,5158,29
2020-07-18,Santa Clara,085,1922200,10280,7255,26,7281,164
2020-07-18,Santa Cruz,087,273765,993,751,7,758,3
2020-07-18,Shasta,089,179085,372,216,1,217,9
2020-07-18,Sierra,091,2930,1,1,0,1,0
2020-07-18,Siskiyou,093,43540,71,42,0,42,0
2020-07-18,Solano,095,438530,3521,2503,10,2513,26
2020-07-18,Sonoma,097,501317,2838,2019,6,2025,15
2020-07-18,Stanislaus,099,539301,9026,6344,12,6356,58
2020-07-18,Sutter,101,95872,598,473,0,473,2
2020-07-18,Tehama,103,63373,202,136,2,138,1
2020-07-18,Trinity,105,12862,23,2,6,8,0
2020-07-18,Tulare,107,460477,9088,6810,28,6838,167
2020-07-18,Tuolumne,109,53932,125,75,4,79,0
2020-07-18,Ventura,111,848112,7297,5630,25,5655,52
2020-07-18,Yolo,113,214977,1477,1077,3,1080,30
2020-07-18,Yuba,115,75493,318,237,0,237,1
2020-07-17,Alameda,001,1643700,11116,8893,27,8920,160
2020-07-17,Alpine,003,1148,2,1,0,1,0
2020-07-17,Amador,005,37829,97,48,0,48,0
2020-07-17,Butte,007,227075,837,497,22,519,4
2020-07-17,Calaveras,009,45235,99,86,0,86,0
2020-07-17,Colusa,011,21464,272,146,0,146,0
2020-07-17,Contra Costa,013,1133247,7705,5483,23,5506,93
2020-07-17,Del Norte,015,27424,82,60,0,60,0
2020-07-17,El Dorado,017,186661,622,368,6,374,0
2020-07-17,Fresno,019,978130,17191,9954,143,10097,104
2020-07-17,Glenn,021,27897,296,203,0,203,0
2020-07-17,Humboldt,023,135768,217,185,1,186,4
2020-07-17,Imperial,025,180216,9700,7193,5,7198,120
2020-07-17,Inyo,027,18085,42,38,1,39,1
2020-07-17,Kern,029,883053,19542,8291,78,8369,113
2020-07-17,Kings,031,150075,3846,2978,18,2996,37
2020-07-17,Lake,033,64148,184,139,0,139,1
2020-07-17,Lassen,035,31185,525,391,2,393,0
2020-07-17,Los Angeles,037,10098052,171070,150481,298,150779,4052
2020-07-17,Madera,039,155013,2025,1214,3,1217,9
2020-07-17,Marin,041,260295,4724,3839,5,3844,21
2020-07-17,Mariposa,043,17540,47,35,0,35,1
2020-07-17,Mendocino,045,87422,200,126,0,126,0
2020-07-17,Merced,047,269075,4004,2328,2,2330,12
2020-07-17,Modoc,049,8938,2,0,0,0,0
2020-07-17,Mono,051,14174,100,54,1,55,1
2020-07-17,Monterey,053,433212,4012,2922,13,2935,18
2020-07-17,Napa,055,140530,885,598,0,598,5
2020-07-17,Nevada,057,99092,281,200,9,209,1
2020-07-17,Orange,059,3164182,37565,28962,541,29503,485
2020-07-17,Placer,061,380077,1757,1207,3,1210,11
2020-07-17,Plumas,063,18699,27,16,0,16,0
2020-07-17,Riverside,065,2383286,37370,29639,39,29678,580
2020-07-17,Sacramento,067,1510023,9379,6563,11,6574,95
2020-07-17,San Benito,069,59416,529,399,0,399,2
2020-07-17,San Bernardino,071,2135413,32670,23057,91,23148,322
2020-07-17,San Diego,073,3302833,27484,22491,2,22493,472
2020-07-17,San Francisco,075,870044,5963,4967,5,4972,52
2020-07-17,San Joaquin,077,732212,11202,7925,5,7930,86
2020-07-17,San Luis Obispo,079,281455,1653,1190,7,1197,6
2020-07-17,San Mateo,081,765935,5332,4407,7,4414,110
2020-07-17,Santa Barbara,083,443738,5782,5001,47,5048,29
2020-07-17,Santa Clara,085,1922200,10062,7080,26,7106,164
2020-07-17,Santa Cruz,087,273765,971,716,7,723,3
2020-07-17,Shasta,089,179085,360,213,1,214,8
2020-07-17,Sierra,091,2930,1,1,0,1,0
2020-07-17,Siskiyou,093,43540,70,40,0,40,0
2020-07-17,Solano,095,438530,3472,2452,10,2462,26
2020-07-17,Sonoma,097,501317,2789,1982,6,1988,15
2020-07-17,Stanislaus,099,539301,8852,6220,12,6232,56
2020-07-17,Sutter,101,95872,585,458,0,458,2
2020-07-17,Tehama,103,63373,198,128,2,130,1
2020-07-17,Trinity,105,12862,23,2,6,8,0
2020-07-17,Tulare,107,460477,8952,6671,28,6699,166
2020-07-17,Tuolumne,109,53932,124,73,4,77,0
2020-07-17,Ventura,111,848112,7214,5451,25,5476,51
2020-07-17,Yolo,113,214977,1453,1055,3,1058,30
2020-07-17,Yuba,115,75493,308,231,0,231,1
2020-07-16,Alameda,001,1643700,10882,8719,22,8741,153
2020-07-16,Alpine,003,1148,2,1,0,1,0
2020-07-16,Amador,005,37829,94,46,0,46,0
2020-07-16,Butte,007,227075,800,465,21,486,4
2020-07-16,Calaveras,009,45235,97,82,0,82,0
2020-07-16,Colusa,011,21464,263,140,0,140,0
2020-07-16,Contra Costa,013,1133247,7493,5338,17,5355,91
2020-07-16,Del Norte,015,27424,82,60,0,60,0
2020-07-16,El Dorado,017,186661,605,357,6,363,0
2020-07-16,Fresno,019,978130,16681,9481,134,9615,101
2020-07-16,Glenn,021,27897,287,190,0,190,0
2020-07-16,Humboldt,023,135768,215,184,1,185,4
2020-07-16,Imperial,025,180216,9606,7148,5,7153,113
2020-07-16,Inyo,027,18085,42,38,1,39,1
2020-07-16,Kern,029,883053,19020,7435,76,7511,112
2020-07-16,Kings,031,150075,3680,2937,18,2955,37
2020-07-16,Lake,033,64148,179,128,0,128,1
2020-07-16,Lassen,035,31185,524,355,2,357,0
2020-07-16,Los Angeles,037,10098052,167848,147759,273,148032,3994
2020-07-16,Madera,039,155013,1961,1192,3,1195,8
2020-07-16,Marin,041,260295,4651,3546,5,3551,21
2020-07-16,Mariposa,043,17540,45,34,0,34,1
2020-07-16,Mendocino,045,87422,195,121,0,121,0
2020-07-16,Merced,047,269075,3842,2228,2,2230,12
2020-07-16,Modoc,049,8938,1,0,0,0,0
2020-07-16,Mono,051,14174,97,53,1,54,1
2020-07-16,Monterey,053,433212,3907,2857,12,2869,18
2020-07-16,Napa,055,140530,856,581,0,581,5
2020-07-16,Nevada,057,99092,278,191,9,200,1
2020-07-16,Orange,059,3164182,36862,28525,505,29030,471
2020-07-16,Placer,061,380077,1709,1168,3,1171,11
2020-07-16,Plumas,063,18699,25,16,0,16,0
2020-07-16,Riverside,065,2383286,36623,28904,37,28941,577
2020-07-16,Sacramento,067,1510023,9066,6440,10,6450,91
2020-07-16,San Benito,069,59416,512,389,0,389,2
2020-07-16,San Bernardino,071,2135413,31809,22355,73,22428,321
2020-07-16,San Diego,073,3302833,26997,21857,2,21859,465
2020-07-16,San Francisco,075,870044,5822,4838,5,4843,52
2020-07-16,San Joaquin,077,732212,10839,7713,5,7718,82
2020-07-16,San Luis Obispo,079,281455,1609,1146,7,1153,6
2020-07-16,San Mateo,081,765935,5228,4336,7,4343,110
2020-07-16,Santa Barbara,083,443738,5687,4872,46,4918,28
2020-07-16,Santa Clara,085,1922200,9782,6990,24,7014,164
2020-07-16,Santa Cruz,087,273765,930,698,7,705,3
2020-07-16,Shasta,089,179085,345,208,1,209,7
2020-07-16,Sierra,091,2930,1,1,0,1,0
2020-07-16,Siskiyou,093,43540,67,39,0,39,0
2020-07-16,Solano,095,438530,3378,2372,10,2382,25
2020-07-16,Sonoma,097,501317,2699,1954,6,1960,14
2020-07-16,Stanislaus,099,539301,8569,6077,11,6088,56
2020-07-16,Sutter,101,95872,569,444,0,444,2
2020-07-16,Tehama,103,63373,188,126,2,128,1
2020-07-16,Trinity,105,12862,23,2,5,7,0
2020-07-16,Tulare,107,460477,8738,6467,27,6494,163
2020-07-16,Tuolumne,109,53932,117,71,4,75,0
2020-07-16,Ventura,111,848112,7052,5231,25,5256,50
2020-07-16,Yolo,113,214977,1411,1034,3,1037,29
2020-07-16,Yuba,115,75493,290,221,0,221,1
2020-07-15,Alameda,001,1643700,10677,8615,17,8632,153
2020-07-15,Alpine,003,1148,2,1,0,1,0
2020-07-15,Amador,005,37829,73,44,0,44,0
2020-07-15,Butte,007,227075,758,420,21,441,4
2020-07-15,Calaveras,009,45235,97,75,0,75,0
2020-07-15,Colusa,011,21464,258,135,0,135,0
2020-07-15,Contra Costa,013,1133247,7262,5246,17,5263,90
2020-07-15,Del Norte,015,27424,81,60,0,60,0
2020-07-15,El Dorado,017,186661,581,339,6,345,0
2020-07-15,Fresno,019,978130,16209,9124,128,9252,101
2020-07-15,Glenn,021,27897,278,184,0,184,0
2020-07-15,Humboldt,023,135768,213,181,1,182,4
2020-07-15,Imperial,025,180216,9539,7110,5,7115,110
2020-07-15,Inyo,027,18085,42,36,1,37,1
2020-07-15,Kern,029,883053,18400,7155,72,7227,108
2020-07-15,Kings,031,150075,3618,2906,18,2924,37
2020-07-15,Lake,033,64148,177,122,0,122,1
2020-07-15,Lassen,035,31185,520,319,2,321,0
2020-07-15,Los Angeles,037,10098052,164382,143343,258,143601,3946
2020-07-15,Madera,039,155013,1892,1147,3,1150,4
2020-07-15,Marin,041,260295,4596,3458,5,3463,21
2020-07-15,Mariposa,043,17540,45,34,0,34,1
2020-07-15,Mendocino,045,87422,192,119,0,119,0
2020-07-15,Merced,047,269075,3692,2156,2,2158,12
2020-07-15,Modoc,049,8938,1,0,0,0,0
2020-07-15,Mono,051,14174,95,52,1,53,1
2020-07-15,Monterey,053,433212,3795,2780,12,2792,18
2020-07-15,Napa,055,140530,830,573,0,573,5
2020-07-15,Nevada,057,99092,274,185,7,192,1
2020-07-15,Orange,059,3164182,36062,27718,471,28189,454
2020-07-15,Placer,061,380077,1651,1145,3,1148,11
2020-07-15,Plumas,063,18699,25,16,0,16,0
2020-07-15,Riverside,065,2383286,35840,28492,35,28527,568
2020-07-15,Sacramento,067,1510023,8686,6217,10,6227,91
2020-07-15,San Benito,069,59416,503,388,0,388,2
2020-07-15,San Bernardino,071,2135413,31019,21508,57,21565,317
2020-07-15,San Diego,073,3302833,26530,21448,2,21450,448
2020-07-15,San Francisco,075,870044,5708,4757,5,4762,50
2020-07-15,San Joaquin,077,732212,10408,7381,4,7385,75
2020-07-15,San Luis Obispo,079,281455,1566,1097,7,1104,6
2020-07-15,San Mateo,081,765935,5115,4258,7,4265,109
2020-07-15,Santa Barbara,083,443738,5573,4733,46,4779,28
2020-07-15,Santa Clara,085,1922200,9479,6900,24,6924,164
2020-07-15,Santa Cruz,087,273765,894,660,6,666,3
2020-07-15,Shasta,089,179085,336,193,1,194,7
2020-07-15,Sierra,091,2930,1,1,0,1,0
2020-07-15,Siskiyou,093,43540,66,38,0,38,0
2020-07-15,Solano,095,438530,3283,2343,10,2353,25
2020-07-15,Sonoma,097,501317,2601,1920,6,1926,14
2020-07-15,Stanislaus,099,539301,8272,5777,11,5788,56
2020-07-15,Sutter,101,95872,543,433,0,433,2
2020-07-15,Tehama,103,63373,180,126,2,128,1
2020-07-15,Trinity,105,12862,22,2,5,7,0
2020-07-15,Tulare,107,460477,8527,6320,26,6346,156
2020-07-15,Tuolumne,109,53932,110,68,4,72,0
2020-07-15,Ventura,111,848112,6875,5087,25,5112,50
2020-07-15,Yolo,113,214977,1378,1002,3,1005,27
2020-07-15,Yuba,115,75493,278,221,0,221,1
2020-07-14,Alameda,001,1643700,10336,8388,11,8399,151
2020-07-14,Alpine,003,1148,2,1,0,1,0
2020-07-14,Amador,005,37829,69,44,0,44,0
2020-07-14,Butte,007,227075,712,382,21,403,4
2020-07-14,Calaveras,009,45235,95,74,0,74,0
2020-07-14,Colusa,011,21464,248,128,0,128,0
2020-07-14,Contra Costa,013,1133247,7025,5110,15,5125,90
2020-07-14,Del Norte,015,27424,80,60,0,60,0
2020-07-14,El Dorado,017,186661,566,324,6,330,0
2020-07-14,Fresno,019,978130,15787,8941,123,9064,98
2020-07-14,Glenn,021,27897,268,177,0,177,0
2020-07-14,Humboldt,023,135768,210,175,1,176,4
2020-07-14,Imperial,025,180216,9412,7095,5,7100,109
2020-07-14,Inyo,027,18085,42,35,1,36,1
2020-07-14,Kern,029,883053,17641,6979,59,7038,107
2020-07-14,Kings,031,150075,3551,2867,17,2884,37
2020-07-14,Lake,033,64148,171,120,0,120,1
2020-07-14,Lassen,035,31185,503,263,2,265,0
2020-07-14,Los Angeles,037,10098052,161250,140632,229,140861,3900
2020-07-14,Madera,039,155013,1818,1118,3,1121,4
2020-07-14,Marin,041,260295,4482,3451,5,3456,21
2020-07-14,Mariposa,043,17540,41,32,0,32,1
2020-07-14,Mendocino,045,87422,184,110,0,110,0
2020-07-14,Merced,047,269075,3513,2084,2,2086,12
2020-07-14,Modoc,049,8938,1,0,0,0,0
2020-07-14,Mono,051,14174,85,48,1,49,1
2020-07-14,Monterey,053,433212,3682,2724,12,2736,18
2020-07-14,Napa,055,140530,774,557,0,557,4
2020-07-14,Nevada,057,99092,257,180,6,186,1
2020-07-14,Orange,059,3164182,35182,26915,423,27338,432
2020-07-14,Placer,061,380077,1593,1122,3,1125,11
2020-07-14,Plumas,063,18699,24,14,0,14,0
2020-07-14,Riverside,065,2383286,35083,27850,34,27884,547
2020-07-14,Sacramento,067,1510023,8332,5978,10,5988,87
2020-07-14,San Benito,069,59416,484,360,0,360,2
2020-07-14,San Bernardino,071,2135413,30167,20489,47,20536,316
2020-07-14,San Diego,073,3302833,25910,20887,2,20889,436
2020-07-14,San Francisco,075,870044,5557,4659,4,4663,50
2020-07-14,San Joaquin,077,732212,9981,7143,4,7147,75
2020-07-14,San Luis Obispo,079,281455,1528,1060,7,1067,5
2020-07-14,San Mateo,081,765935,5022,4173,7,4180,108
2020-07-14,Santa Barbara,083,443738,5449,4641,44,4685,28
2020-07-14,Santa Clara,085,1922200,9151,6686,21,6707,164
2020-07-14,Santa Cruz,087,273765,855,639,6,645,3
2020-07-14,Shasta,089,179085,327,190,1,191,7
2020-07-14,Sierra,091,2930,1,1,0,1,0
2020-07-14,Siskiyou,093,43540,65,38,0,38,0
2020-07-14,Solano,095,438530,3184,2266,9,2275,25
2020-07-14,Sonoma,097,501317,2508,1866,6,1872,14
2020-07-14,Stanislaus,099,539301,7897,5631,10,5641,53
2020-07-14,Sutter,101,95872,524,405,0,405,2
2020-07-14,Tehama,103,63373,168,123,2,125,1
2020-07-14,Trinity,105,12862,21,2,5,7,0
2020-07-14,Tulare,107,460477,8281,6199,26,6225,156
2020-07-14,Tuolumne,109,53932,105,68,4,72,0
2020-07-14,Ventura,111,848112,6714,4950,25,4975,50
2020-07-14,Yolo,113,214977,1331,966,3,969,27
2020-07-14,Yuba,115,75493,261,210,0,210,1
2020-07-13,Alameda,001,1643700,10027,8115,11,8126,148
2020-07-13,Alpine,003,1148,2,1,0,1,0
2020-07-13,Amador,005,37829,65,42,0,42,0
2020-07-13,Butte,007,227075,676,354,21,375,4
2020-07-13,Calaveras,009,45235,87,63,0,63,0
2020-07-13,Colusa,011,21464,242,116,0,116,0
2020-07-13,Contra Costa,013,1133247,6755,4882,13,4895,88
2020-07-13,Del Norte,015,27424,74,59,0,59,0
2020-07-13,El Dorado,017,186661,535,298,6,304,0
2020-07-13,Fresno,019,978130,15358,8666,118,8784,95
2020-07-13,Glenn,021,27897,261,168,0,168,0
2020-07-13,Humboldt,023,135768,205,174,1,175,4
2020-07-13,Imperial,025,180216,9325,7052,5,7057,109
2020-07-13,Inyo,027,18085,41,35,1,36,1
2020-07-13,Kern,029,883053,16956,6808,53,6861,107
2020-07-13,Kings,031,150075,3500,2824,17,2841,37
2020-07-13,Lake,033,64148,166,118,0,118,1
2020-07-13,Lassen,035,31185,498,237,2,239,0
2020-07-13,Los Angeles,037,10098052,158015,136368,215,136583,3829
2020-07-13,Madera,039,155013,1749,1059,3,1062,4
2020-07-13,Marin,041,260295,4378,3402,5,3407,21
2020-07-13,Mariposa,043,17540,40,31,0,31,1
2020-07-13,Mendocino,045,87422,180,87,0,87,0
2020-07-13,Merced,047,269075,3364,2007,2,2009,12
2020-07-13,Modoc,049,8938,1,0,0,0,0
2020-07-13,Mono,051,14174,81,47,0,47,1
2020-07-13,Monterey,053,433212,3559,2613,9,2622,18
2020-07-13,Napa,055,140530,738,534,0,534,4
2020-07-13,Nevada,057,99092,243,172,6,178,1
2020-07-13,Orange,059,3164182,34318,25978,391,26369,423
2020-07-13,Placer,061,380077,1548,1096,3,1099,11
2020-07-13,Plumas,063,18699,22,14,0,14,0
2020-07-13,Riverside,065,2383286,34156,27136,32,27168,545
2020-07-13,Sacramento,067,1510023,8035,5747,10,5757,85
2020-07-13,San Benito,069,59416,471,343,0,343,2
2020-07-13,San Bernardino,071,2135413,29292,19610,40,19650,313
2020-07-13,San Diego,073,3302833,25343,20348,2,20350,422
2020-07-13,San Francisco,075,870044,5430,4534,3,4537,50
2020-07-13,San Joaquin,077,732212,9566,6927,4,6931,71
2020-07-13,San Luis Obispo,079,281455,1497,989,7,996,5
2020-07-13,San Mateo,081,765935,4891,4057,7,4064,108
2020-07-13,Santa Barbara,083,443738,5335,4441,43,4484,28
2020-07-13,Santa Clara,085,1922200,8828,6488,20,6508,164
2020-07-13,Santa Cruz,087,273765,817,574,6,580,3
2020-07-13,Shasta,089,179085,316,185,1,186,6
2020-07-13,Sierra,091,2930,1,1,0,1,0
2020-07-13,Siskiyou,093,43540,61,37,0,37,0
2020-07-13,Solano,095,438530,3072,2046,9,2055,23
2020-07-13,Sonoma,097,501317,2397,1818,6,1824,14
2020-07-13,Stanislaus,099,539301,7594,5324,9,5333,53
2020-07-13,Sutter,101,95872,486,379,0,379,2
2020-07-13,Tehama,103,63373,155,112,2,114,1
2020-07-13,Trinity,105,12862,21,2,5,7,0
2020-07-13,Tulare,107,460477,8020,5930,24,5954,147
2020-07-13,Tuolumne,109,53932,97,56,4,60,0
2020-07-13,Ventura,111,848112,6524,4800,22,4822,50
2020-07-13,Yolo,113,214977,1285,941,3,944,27
2020-07-13,Yuba,115,75493,246,194,0,194,1
2020-07-12,Alameda,001,1643700,9757,8056,11,8067,148
2020-07-12,Alpine,003,1148,2,1,0,1,0
2020-07-12,Amador,005,37829,55,40,0,40,0
2020-07-12,Butte,007,227075,626,341,20,361,4
2020-07-12,Calaveras,009,45235,87,62,0,62,0
2020-07-12,Colusa,011,21464,208,116,0,116,0
2020-07-12,Contra Costa,013,1133247,6487,4708,11,4719,88
2020-07-12,Del Norte,015,27424,63,59,0,59,0
2020-07-12,El Dorado,017,186661,513,290,6,296,0
2020-07-12,Fresno,019,978130,14935,8407,113,8520,95
2020-07-12,Glenn,021,27897,248,166,0,166,0
2020-07-12,Humboldt,023,135768,201,174,1,175,4
2020-07-12,Imperial,025,180216,9211,6999,5,7004,109
2020-07-12,Inyo,027,18085,39,35,1,36,1
2020-07-12,Kern,029,883053,16213,6662,50,6712,105
2020-07-12,Kings,031,150075,3438,2779,17,2796,34
2020-07-12,Lake,033,64148,157,114,0,114,1
2020-07-12,Lassen,035,31185,491,237,2,239,0
2020-07-12,Los Angeles,037,10098052,154591,133830,186,134016,3816
2020-07-12,Madera,039,155013,1693,1025,3,1028,4
2020-07-12,Marin,041,260295,4302,3358,5,3363,21
2020-07-12,Mariposa,043,17540,39,31,0,31,1
2020-07-12,Mendocino,045,87422,161,88,0,88,0
2020-07-12,Merced,047,269075,3234,1908,2,1910,12
2020-07-12,Modoc,049,8938,1,0,0,0,0
2020-07-12,Mono,051,14174,71,45,0,45,1
2020-07-12,Monterey,053,433212,3444,2521,9,2530,18
2020-07-12,Napa,055,140530,707,519,0,519,4
2020-07-12,Nevada,057,99092,233,166,6,172,1
2020-07-12,Orange,059,3164182,33443,25399,382,25781,422
2020-07-12,Placer,061,380077,1491,1058,3,1061,11
2020-07-12,Plumas,063,18699,21,14,0,14,0
2020-07-12,Riverside,065,2383286,33397,26404,31,26435,542
2020-07-12,Sacramento,067,1510023,7723,5515,8,5523,85
2020-07-12,San Benito,069,59416,456,324,0,324,2
2020-07-12,San Bernardino,071,2135413,28380,19042,36,19078,312
2020-07-12,San Diego,073,3302833,24713,19929,2,19931,422
2020-07-12,San Francisco,075,870044,5281,4535,3,4538,50
2020-07-12,San Joaquin,077,732212,9203,6703,4,6707,71
2020-07-12,San Luis Obispo,079,281455,1450,972,7,979,5
2020-07-12,San Mateo,081,765935,4773,3988,7,3995,108
2020-07-12,Santa Barbara,083,443738,5205,4353,42,4395,28
2020-07-12,Santa Clara,085,1922200,8590,6252,19,6271,164
2020-07-12,Santa Cruz,087,273765,775,573,5,578,3
2020-07-12,Shasta,089,179085,310,173,1,174,6
2020-07-12,Sierra,091,2930,1,1,0,1,0
2020-07-12,Siskiyou,093,43540,59,36,0,36,0
2020-07-12,Solano,095,438530,2947,2037,9,2046,23
2020-07-12,Sonoma,097,501317,2303,1743,6,1749,13
2020-07-12,Stanislaus,099,539301,7290,5177,9,5186,53
2020-07-12,Sutter,101,95872,468,362,0,362,2
2020-07-12,Tehama,103,63373,148,111,2,113,1
2020-07-12,Trinity,105,12862,21,2,5,7,0
2020-07-12,Tulare,107,460477,7764,5864,23,5887,146
2020-07-12,Tuolumne,109,53932,90,52,4,56,0
2020-07-12,Ventura,111,848112,6308,4724,21,4745,50
2020-07-12,Yolo,113,214977,1244,889,3,892,27
2020-07-12,Yuba,115,75493,235,188,0,188,1
2020-07-11,Alameda,001,1643700,9654,7845,11,7856,148
2020-07-11,Alpine,003,1148,2,1,0,1,0
2020-07-11,Amador,005,37829,51,37,0,37,0
2020-07-11,Butte,007,227075,610,325,20,345,4
2020-07-11,Calaveras,009,45235,84,62,0,62,0
2020-07-11,Colusa,011,21464,203,110,0,110,0
2020-07-11,Contra Costa,013,1133247,6372,4650,11,4661,87
2020-07-11,Del Norte,015,27424,63,59,0,59,0
2020-07-11,El Dorado,017,186661,502,283,6,289,0
2020-07-11,Fresno,019,978130,14674,8086,110,8196,95
2020-07-11,Glenn,021,27897,240,161,0,161,0
2020-07-11,Humboldt,023,135768,200,174,1,175,4
2020-07-11,Imperial,025,180216,9172,6884,5,6889,109
2020-07-11,Inyo,027,18085,39,35,1,36,1
2020-07-11,Kern,029,883053,15856,6509,49,6558,103
2020-07-11,Kings,031,150075,3411,2753,17,2770,33
2020-07-11,Lake,033,64148,156,110,0,110,1
2020-07-11,Lassen,035,31185,490,237,2,239,0
2020-07-11,Los Angeles,037,10098052,152871,130479,176,130655,3802
2020-07-11,Madera,039,155013,1652,988,3,991,4
2020-07-11,Marin,041,260295,4274,3191,5,3196,21
2020-07-11,Mariposa,043,17540,39,31,0,31,1
2020-07-11,Mendocino,045,87422,157,88,0,88,0
2020-07-11,Merced,047,269075,3153,1851,2,1853,12
2020-07-11,Modoc,049,8938,1,0,0,0,0
2020-07-11,Mono,051,14174,68,45,0,45,1
2020-07-11,Monterey,053,433212,3355,2376,8,2384,18
2020-07-11,Napa,055,140530,695,509,0,509,4
2020-07-11,Nevada,057,99092,224,163,5,168,1
2020-07-11,Orange,059,3164182,33066,24430,368,24798,422
2020-07-11,Placer,061,380077,1457,1029,3,1032,11
2020-07-11,Plumas,063,18699,21,12,0,12,0
2020-07-11,Riverside,065,2383286,33006,25994,31,26025,538
2020-07-11,Sacramento,067,1510023,7549,5367,8,5375,84
2020-07-11,San Benito,069,59416,441,314,0,314,2
2020-07-11,San Bernardino,071,2135413,27943,18907,34,18941,310
2020-07-11,San Diego,073,3302833,24321,19371,2,19373,422
2020-07-11,San Francisco,075,870044,5185,4430,2,4432,50
2020-07-11,San Joaquin,077,732212,9025,6518,4,6522,72
2020-07-11,San Luis Obispo,079,281455,1402,930,7,937,4
2020-07-11,San Mateo,081,765935,4705,3956,7,3963,108
2020-07-11,Santa Barbara,083,443738,5136,4283,41,4324,28
2020-07-11,Santa Clara,085,1922200,8430,5959,19,5978,164
2020-07-11,Santa Cruz,087,273765,744,571,5,576,3
2020-07-11,Shasta,089,179085,303,168,1,169,6
2020-07-11,Sierra,091,2930,1,1,0,1,0
2020-07-11,Siskiyou,093,43540,59,36,0,36,0
2020-07-11,Solano,095,438530,2906,2034,9,2043,23
2020-07-11,Sonoma,097,501317,2265,1690,6,1696,13
2020-07-11,Stanislaus,099,539301,7150,4911,9,4920,51
2020-07-11,Sutter,101,95872,452,352,0,352,2
2020-07-11,Tehama,103,63373,146,111,2,113,1
2020-07-11,Trinity,105,12862,21,2,5,7,0
2020-07-11,Tulare,107,460477,7658,5780,23,5803,149
2020-07-11,Tuolumne,109,53932,87,50,4,54,0
2020-07-11,Ventura,111,848112,6212,4545,20,4565,49
2020-07-11,Yolo,113,214977,1215,833,3,836,27
2020-07-11,Yuba,115,75493,225,175,0,175,1
2020-07-10,Alameda,001,1643700,9497,7551,11,7562,147
2020-07-10,Alpine,003,1148,2,1,0,1,0
2020-07-10,Amador,005,37829,47,37,0,37,0
2020-07-10,Butte,007,227075,599,318,20,338,4
2020-07-10,Calaveras,009,45235,84,61,0,61,0
2020-07-10,Colusa,011,21464,197,103,0,103,0
2020-07-10,Contra Costa,013,1133247,6233,4482,11,4493,86
2020-07-10,Del Norte,015,27424,63,57,0,57,0
2020-07-10,El Dorado,017,186661,484,266,6,272,0
2020-07-10,Fresno,019,978130,14342,7760,107,7867,93
2020-07-10,Glenn,021,27897,235,157,0,157,0
2020-07-10,Humboldt,023,135768,199,168,1,169,4
2020-07-10,Imperial,025,180216,9127,6878,4,6882,98
2020-07-10,Inyo,027,18085,39,35,1,36,1
2020-07-10,Kern,029,883053,15424,6344,48,6392,102
2020-07-10,Kings,031,150075,3375,2707,17,2724,33
2020-07-10,Lake,033,64148,149,104,0,104,1
2020-07-10,Lassen,035,31185,489,235,2,237,0
2020-07-10,Los Angeles,037,10098052,150449,127503,170,127673,3750
2020-07-10,Madera,039,155013,1606,914,3,917,4
2020-07-10,Marin,041,260295,4211,3101,5,3106,21
2020-07-10,Mariposa,043,17540,38,31,0,31,1
2020-07-10,Mendocino,045,87422,149,88,0,88,0
2020-07-10,Merced,047,269075,3074,1802,2,1804,12
2020-07-10,Modoc,049,8938,1,0,0,0,0
2020-07-10,Mono,051,14174,67,45,0,45,1
2020-07-10,Monterey,053,433212,3277,2285,8,2293,18
2020-07-10,Napa,055,140530,684,496,0,496,4
2020-07-10,Nevada,057,99092,219,161,5,166,1
2020-07-10,Orange,059,3164182,32480,23692,365,24057,416
2020-07-10,Placer,061,380077,1415,1002,3,1005,11
2020-07-10,Plumas,063,18699,19,12,0,12,0
2020-07-10,Riverside,065,2383286,32488,25481,31,25512,533
2020-07-10,Sacramento,067,1510023,7294,5181,8,5189,81
2020-07-10,San Benito,069,59416,432,302,0,302,2
2020-07-10,San Bernardino,071,2135413,27419,18242,31,18273,308
2020-07-10,San Diego,073,3302833,23937,18862,2,18864,420
2020-07-10,San Francisco,075,870044,5094,4305,2,4307,50
2020-07-10,San Joaquin,077,732212,8792,6225,4,6229,67
2020-07-10,San Luis Obispo,079,281455,1364,891,7,898,4
2020-07-10,San Mateo,081,765935,4640,3844,7,3851,107
2020-07-10,Santa Barbara,083,443738,5039,4177,40,4217,28
2020-07-10,Santa Clara,085,1922200,8206,5819,19,5838,164
2020-07-10,Santa Cruz,087,273765,716,540,5,545,3
2020-07-10,Shasta,089,179085,299,158,1,159,6
2020-07-10,Sierra,091,2930,1,1,0,1,0
2020-07-10,Siskiyou,093,43540,59,31,0,31,0
2020-07-10,Solano,095,438530,2859,1950,9,1959,23
2020-07-10,Sonoma,097,501317,2218,1606,5,1611,13
2020-07-10,Stanislaus,099,539301,6980,4781,9,4790,46
2020-07-10,Sutter,101,95872,445,338,0,338,2
2020-07-10,Tehama,103,63373,145,107,2,109,1
2020-07-10,Trinity,105,12862,21,2,5,7,0
2020-07-10,Tulare,107,460477,7521,5677,23,5700,150
2020-07-10,Tuolumne,109,53932,86,49,4,53,0
2020-07-10,Ventura,111,848112,6098,4416,20,4436,48
2020-07-10,Yolo,113,214977,1191,794,3,797,27
2020-07-10,Yuba,115,75493,211,164,0,164,1
2020-07-09,Alameda,001,1643700,9267,7433,11,7444,146
2020-07-09,Alpine,003,1148,2,1,0,1,0
2020-07-09,Amador,005,37829,44,36,0,36,0
2020-07-09,Butte,007,227075,567,295,19,314,4
2020-07-09,Calaveras,009,45235,83,59,0,59,0
2020-07-09,Colusa,011,21464,189,97,0,97,0
2020-07-09,Contra Costa,013,1133247,5992,4388,11,4399,86
2020-07-09,Del Norte,015,27424,63,57,0,57,0
2020-07-09,El Dorado,017,186661,459,255,5,260,0
2020-07-09,Fresno,019,978130,13887,7385,104,7489,90
2020-07-09,Glenn,021,27897,225,150,0,150,0
2020-07-09,Humboldt,023,135768,196,166,1,167,4
2020-07-09,Imperial,025,180216,9029,6778,4,6782,87
2020-07-09,Inyo,027,18085,37,35,1,36,1
2020-07-09,Kern,029,883053,14778,6100,46,6146,95
2020-07-09,Kings,031,150075,3312,2686,17,2703,33
2020-07-09,Lake,033,64148,146,99,0,99,1
2020-07-09,Lassen,035,31185,433,221,2,223,0
2020-07-09,Los Angeles,037,10098052,147191,125062,147,125209,3698
2020-07-09,Madera,039,155013,1529,850,3,853,4
2020-07-09,Marin,041,260295,4061,2975,4,2979,20
2020-07-09,Mariposa,043,17540,38,32,0,32,1
2020-07-09,Mendocino,045,87422,145,88,0,88,0
2020-07-09,Merced,047,269075,2940,1728,2,1730,11
2020-07-09,Modoc,049,8938,1,0,0,0,0
2020-07-09,Mono,051,14174,63,45,0,45,1
2020-07-09,Monterey,053,433212,3152,2223,8,2231,17
2020-07-09,Napa,055,140530,667,468,0,468,4
2020-07-09,Nevada,057,99092,213,156,5,161,1
2020-07-09,Orange,059,3164182,31508,22960,347,23307,407
2020-07-09,Placer,061,380077,1373,982,3,985,11
2020-07-09,Plumas,063,18699,19,12,0,12,0
2020-07-09,Riverside,065,2383286,31595,24980,30,25010,529
2020-07-09,Sacramento,067,1510023,6967,4950,8,4958,81
2020-07-09,San Benito,069,59416,416,295,0,295,2
2020-07-09,San Bernardino,071,2135413,26549,17339,25,17364,307
2020-07-09,San Diego,073,3302833,23345,18404,2,18406,415
2020-07-09,San Francisco,075,870044,4962,4143,2,4145,50
2020-07-09,San Joaquin,077,732212,8433,6004,4,6008,66
2020-07-09,San Luis Obispo,079,281455,1323,869,7,876,3
2020-07-09,San Mateo,081,765935,4514,3792,7,3799,106
2020-07-09,Santa Barbara,083,443738,4907,4068,40,4108,28
2020-07-09,Santa Clara,085,1922200,7945,5638,19,5657,164
2020-07-09,Santa Cruz,087,273765,689,526,5,531,3
2020-07-09,Shasta,089,179085,293,155,1,156,5
2020-07-09,Sierra,091,2930,1,1,0,1,0
2020-07-09,Siskiyou,093,43540,55,31,0,31,0
2020-07-09,Solano,095,438530,2761,1892,9,1901,23
2020-07-09,Sonoma,097,501317,2132,1584,5,1589,13
2020-07-09,Stanislaus,099,539301,6665,4633,8,4641,46
2020-07-09,Sutter,101,95872,428,321,0,321,2
2020-07-09,Tehama,103,63373,140,102,2,104,1
2020-07-09,Trinity,105,12862,21,2,5,7,0
2020-07-09,Tulare,107,460477,7302,5501,22,5523,146
2020-07-09,Tuolumne,109,53932,85,47,4,51,0
2020-07-09,Ventura,111,848112,5930,4278,20,4298,47
2020-07-09,Yolo,113,214977,1143,764,3,767,27
2020-07-09,Yuba,115,75493,194,152,0,152,1
2020-07-08,Alameda,001,1643700,8977,7335,11,7346,142
2020-07-08,Alpine,003,1148,2,1,0,1,0
2020-07-08,Amador,005,37829,41,35,0,35,0
2020-07-08,Butte,007,227075,530,281,19,300,3
2020-07-08,Calaveras,009,45235,78,58,0,58,0
2020-07-08,Colusa,011,21464,176,90,0,90,0
2020-07-08,Contra Costa,013,1133247,5746,4268,9,4277,84
2020-07-08,Del Norte,015,27424,61,57,0,57,0
2020-07-08,El Dorado,017,186661,437,248,5,253,0
2020-07-08,Fresno,019,978130,13472,7102,95,7197,86
2020-07-08,Glenn,021,27897,214,146,0,146,0
2020-07-08,Humboldt,023,135768,193,162,1,163,4
2020-07-08,Imperial,025,180216,8942,6727,4,6731,76
2020-07-08,Inyo,027,18085,37,35,1,36,1
2020-07-08,Kern,029,883053,14200,5873,44,5917,91
2020-07-08,Kings,031,150075,3253,2629,14,2643,33
2020-07-08,Lake,033,64148,139,97,0,97,1
2020-07-08,Lassen,035,31185,337,221,2,223,0
2020-07-08,Los Angeles,037,10098052,143986,123462,120,123582,3650
2020-07-08,Madera,039,155013,1459,828,3,831,4
2020-07-08,Marin,041,260295,3962,2756,4,2760,17
2020-07-08,Mariposa,043,17540,38,31,0,31,1
2020-07-08,Mendocino,045,87422,132,84,0,84,0
2020-07-08,Merced,047,269075,2819,1578,2,1580,11
2020-07-08,Modoc,049,8938,1,0,0,0,0
2020-07-08,Mono,051,14174,60,45,0,45,1
2020-07-08,Monterey,053,433212,3034,2182,7,2189,17
2020-07-08,Napa,055,140530,645,468,0,468,4
2020-07-08,Nevada,057,99092,204,156,5,161,1
2020-07-08,Orange,059,3164182,30556,22088,342,22430,378
2020-07-08,Placer,061,380077,1326,948,3,951,11
2020-07-08,Plumas,063,18699,19,12,0,12,0
2020-07-08,Riverside,065,2383286,30631,24042,29,24071,508
2020-07-08,Sacramento,067,1510023,6678,4799,8,4807,80
2020-07-08,San Benito,069,59416,399,282,0,282,2
2020-07-08,San Bernardino,071,2135413,25695,16510,21,16531,296
2020-07-08,San Diego,073,3302833,22775,17844,2,17846,406
2020-07-08,San Francisco,075,870044,4873,4093,2,4095,50
2020-07-08,San Joaquin,077,732212,8090,5759,4,5763,61
2020-07-08,San Luis Obispo,079,281455,1271,825,7,832,2
2020-07-08,San Mateo,081,765935,4394,3733,7,3740,106
2020-07-08,Santa Barbara,083,443738,4788,3985,40,4025,28
2020-07-08,Santa Clara,085,1922200,7711,5510,19,5529,164
2020-07-08,Santa Cruz,087,273765,656,509,4,513,3
2020-07-08,Shasta,089,179085,284,148,1,149,6
2020-07-08,Sierra,091,2930,1,1,0,1,0
2020-07-08,Siskiyou,093,43540,55,31,0,31,0
2020-07-08,Solano,095,438530,2645,1821,9,1830,23
2020-07-08,Sonoma,097,501317,2056,1495,5,1500,9
2020-07-08,Stanislaus,099,539301,6365,4344,8,4352,46
2020-07-08,Sutter,101,95872,403,298,0,298,2
2020-07-08,Tehama,103,63373,134,100,2,102,1
2020-07-08,Trinity,105,12862,20,2,5,7,0
2020-07-08,Tulare,107,460477,7110,5307,17,5324,138
2020-07-08,Tuolumne,109,53932,81,42,4,46,0
2020-07-08,Ventura,111,848112,5765,4139,20,4159,47
2020-07-08,Yolo,113,214977,1099,727,3,730,26
2020-07-08,Yuba,115,75493,181,145,0,145,1
2020-07-07,Alameda,001,1643700,8657,7097,10,7107,141
2020-07-07,Alpine,003,1148,2,1,0,1,0
2020-07-07,Amador,005,37829,41,33,0,33,0
2020-07-07,Butte,007,227075,487,269,19,288,3
2020-07-07,Calaveras,009,45235,76,58,0,58,0
2020-07-07,Colusa,011,21464,143,84,0,84,0
2020-07-07,Contra Costa,013,1133247,5508,4131,8,4139,84
2020-07-07,Del Norte,015,27424,61,57,0,57,0
2020-07-07,El Dorado,017,186661,417,244,5,249,0
2020-07-07,Fresno,019,978130,13019,6738,95,6833,84
2020-07-07,Glenn,021,27897,205,145,0,145,0
2020-07-07,Humboldt,023,135768,190,150,1,151,4
2020-07-07,Imperial,025,180216,8844,6678,4,6682,51
2020-07-07,Inyo,027,18085,36,32,1,33,1
2020-07-07,Kern,029,883053,13501,5645,40,5685,88
2020-07-07,Kings,031,150075,3190,2623,13,2636,33
2020-07-07,Lake,033,64148,129,94,0,94,1
2020-07-07,Lassen,035,31185,266,219,2,221,0
2020-07-07,Los Angeles,037,10098052,140407,121026,113,121139,3588
2020-07-07,Madera,039,155013,1415,794,3,797,4
2020-07-07,Marin,041,260295,3870,2627,4,2631,17
2020-07-07,Mariposa,043,17540,38,31,0,31,1
2020-07-07,Mendocino,045,87422,124,82,0,82,0
2020-07-07,Merced,047,269075,2645,1531,2,1533,10
2020-07-07,Modoc,049,8938,1,0,0,0,0
2020-07-07,Mono,051,14174,59,42,0,42,1
2020-07-07,Monterey,053,433212,2891,2166,7,2173,17
2020-07-07,Napa,055,140530,626,459,0,459,4
2020-07-07,Nevada,057,99092,198,150,5,155,1
2020-07-07,Orange,059,3164182,29542,21741,329,22070,373
2020-07-07,Placer,061,380077,1285,930,3,933,11
2020-07-07,Plumas,063,18699,17,12,0,12,0
2020-07-07,Riverside,065,2383286,29616,23279,29,23308,499
2020-07-07,Sacramento,067,1510023,6336,4592,8,4600,76
2020-07-07,San Benito,069,59416,381,274,0,274,2
2020-07-07,San Bernardino,071,2135413,24825,16004,19,16023,277
2020-07-07,San Diego,073,3302833,22056,17580,2,17582,399
2020-07-07,San Francisco,075,870044,4781,4045,1,4046,50
2020-07-07,San Joaquin,077,732212,7748,5547,4,5551,59
2020-07-07,San Luis Obispo,079,281455,1210,795,7,802,2
2020-07-07,San Mateo,081,765935,4279,3691,7,3698,106
2020-07-07,Santa Barbara,083,443738,4660,3866,39,3905,27
2020-07-07,Santa Clara,085,1922200,7442,5438,19,5457,164
2020-07-07,Santa Cruz,087,273765,622,502,3,505,2
2020-07-07,Shasta,089,179085,271,144,1,145,6
2020-07-07,Sierra,091,2930,1,1,0,1,0
2020-07-07,Siskiyou,093,43540,54,30,0,30,0
2020-07-07,Solano,095,438530,2534,1776,8,1784,22
2020-07-07,Sonoma,097,501317,1986,1473,5,1478,8
2020-07-07,Stanislaus,099,539301,6027,4101,8,4109,46
2020-07-07,Sutter,101,95872,377,273,0,273,2
2020-07-07,Tehama,103,63373,125,95,2,97,1
2020-07-07,Trinity,105,12862,20,2,5,7,0
2020-07-07,Tulare,107,460477,6930,5189,16,5205,137
2020-07-07,Tuolumne,109,53932,75,40,4,44,0
2020-07-07,Ventura,111,848112,5596,3992,18,4010,46
2020-07-07,Yolo,113,214977,1031,706,3,709,26
2020-07-07,Yuba,115,75493,161,138,0,138,1
2020-07-06,Alameda,001,1643700,8422,6970,10,6980,141
2020-07-06,Alpine,003,1148,1,1,0,1,0
2020-07-06,Amador,005,37829,39,33,0,33,0
2020-07-06,Butte,007,227075,431,257,16,273,2
2020-07-06,Calaveras,009,45235,73,45,0,45,0
2020-07-06,Colusa,011,21464,134,80,0,80,0
2020-07-06,Contra Costa,013,1133247,5280,3901,7,3908,83
2020-07-06,Del Norte,015,27424,60,57,0,57,0
2020-07-06,El Dorado,017,186661,402,232,4,236,0
2020-07-06,Fresno,019,978130,12551,6364,89,6453,82
2020-07-06,Glenn,021,27897,197,129,0,129,0
2020-07-06,Humboldt,023,135768,188,148,1,149,3
2020-07-06,Imperial,025,180216,8726,6443,4,6447,47
2020-07-06,Inyo,027,18085,36,32,1,33,1
2020-07-06,Kern,029,883053,12695,5491,39,5530,82
2020-07-06,Kings,031,150075,3139,2583,9,2592,33
2020-07-06,Lake,033,64148,122,93,0,93,1
2020-07-06,Lassen,035,31185,264,219,2,221,0
2020-07-06,Los Angeles,037,10098052,136808,116707,100,116807,3541
2020-07-06,Madera,039,155013,1345,734,3,737,4
2020-07-06,Marin,041,260295,3630,2136,4,2140,17
2020-07-06,Mariposa,043,17540,36,31,0,31,1
2020-07-06,Mendocino,045,87422,107,72,0,72,0
2020-07-06,Merced,047,269075,2494,1396,2,1398,10
2020-07-06,Modoc,049,8938,1,0,0,0,0
2020-07-06,Mono,051,14174,58,40,0,40,1
2020-07-06,Monterey,053,433212,2802,2078,7,2085,15
2020-07-06,Napa,055,140530,608,454,0,454,4
2020-07-06,Nevada,057,99092,192,146,5,151,1
2020-07-06,Orange,059,3164182,28478,20167,292,20459,372
2020-07-06,Placer,061,380077,1222,904,3,907,11
2020-07-06,Plumas,063,18699,17,11,0,11,0
2020-07-06,Riverside,065,2383286,28561,22485,28,22513,477
2020-07-06,Sacramento,067,1510023,5985,4420,8,4428,71
2020-07-06,San Benito,069,59416,366,264,0,264,2
2020-07-06,San Bernardino,071,2135413,23972,15346,16,15362,272
2020-07-06,San Diego,073,3302833,21324,17002,2,17004,387
2020-07-06,San Francisco,075,870044,4660,3861,1,3862,50
2020-07-06,San Joaquin,077,732212,7377,5104,4,5108,57
2020-07-06,San Luis Obispo,079,281455,1152,751,7,758,2
2020-07-06,San Mateo,081,765935,4187,3650,6,3656,106
2020-07-06,Santa Barbara,083,443738,4523,3763,38,3801,27
2020-07-06,Santa Clara,085,1922200,7170,5369,19,5388,165
2020-07-06,Santa Cruz,087,273765,600,466,2,468,2
2020-07-06,Shasta,089,179085,261,143,1,144,6
2020-07-06,Sierra,091,2930,1,1,0,1,0
2020-07-06,Siskiyou,093,43540,50,30,0,30,0
2020-07-06,Solano,095,438530,2398,1668,8,1676,22
2020-07-06,Sonoma,097,501317,1922,1369,5,1374,8
2020-07-06,Stanislaus,099,539301,5625,3983,8,3991,46
2020-07-06,Sutter,101,95872,350,250,0,250,2
2020-07-06,Tehama,103,63373,122,95,2,97,1
2020-07-06,Trinity,105,12862,19,2,5,7,0
2020-07-06,Tulare,107,460477,6725,5039,14,5053,136
2020-07-06,Tuolumne,109,53932,72,30,4,34,0
2020-07-06,Ventura,111,848112,5403,3912,18,3930,44
2020-07-06,Yolo,113,214977,975,685,3,688,26
2020-07-06,Yuba,115,75493,147,124,0,124,1
2020-07-05,Alameda,001,1643700,8172,6861,10,6871,141
2020-07-05,Alpine,003,1148,1,1,0,1,0
2020-07-05,Amador,005,37829,37,31,0,31,0
2020-07-05,Butte,007,227075,396,248,16,264,2
2020-07-05,Calaveras,009,45235,69,45,0,45,0
2020-07-05,Colusa,011,21464,124,79,0,79,0
2020-07-05,Contra Costa,013,1133247,5033,3665,6,3671,80
2020-07-05,Del Norte,015,27424,60,57,0,57,0
2020-07-05,El Dorado,017,186661,384,227,4,231,0
2020-07-05,Fresno,019,978130,11985,6186,88,6274,82
2020-07-05,Glenn,021,27897,194,129,0,129,0
2020-07-05,Humboldt,023,135768,184,147,1,148,3
2020-07-05,Imperial,025,180216,8590,6441,4,6445,47
2020-07-05,Inyo,027,18085,35,32,1,33,1
2020-07-05,Kern,029,883053,11987,5351,39,5390,82
2020-07-05,Kings,031,150075,3056,2546,8,2554,31
2020-07-05,Lake,033,64148,122,92,0,92,1
2020-07-05,Lassen,035,31185,258,219,2,221,0
2020-07-05,Los Angeles,037,10098052,133578,115133,94,115227,3495
2020-07-05,Madera,039,155013,1268,564,3,567,4
2020-07-05,Marin,041,260295,3448,2080,4,2084,17
2020-07-05,Mariposa,043,17540,36,31,0,31,1
2020-07-05,Mendocino,045,87422,104,72,0,72,0
2020-07-05,Merced,047,269075,2350,1340,2,1342,10
2020-07-05,Modoc,049,8938,1,0,0,0,0
2020-07-05,Mono,051,14174,54,39,0,39,1
2020-07-05,Monterey,053,433212,2699,1994,7,2001,15
2020-07-05,Napa,055,140530,578,450,0,450,4
2020-07-05,Nevada,057,99092,186,141,5,146,1
2020-07-05,Orange,059,3164182,27537,19430,279,19709,372
2020-07-05,Placer,061,380077,1165,855,3,858,11
2020-07-05,Plumas,063,18699,16,11,0,11,0
2020-07-05,Riverside,065,2383286,27703,21511,28,21539,474
2020-07-05,Sacramento,067,1510023,5670,4265,7,4272,71
2020-07-05,San Benito,069,59416,348,258,0,258,2
2020-07-05,San Bernardino,071,2135413,23094,15026,16,15042,270
2020-07-05,San Diego,073,3302833,20633,16728,2,16730,387
2020-07-05,San Francisco,075,870044,4543,3861,1,3862,50
2020-07-05,San Joaquin,077,732212,7058,5015,4,5019,57
2020-07-05,San Luis Obispo,079,281455,1073,730,7,737,2
2020-07-05,San Mateo,081,765935,4077,3575,6,3581,106
2020-07-05,Santa Barbara,083,443738,4376,3671,35,3706,27
2020-07-05,Santa Clara,085,1922200,6874,5237,19,5256,162
2020-07-05,Santa Cruz,087,273765,582,467,0,467,2
2020-07-05,Shasta,089,179085,255,138,1,139,6
2020-07-05,Sierra,091,2930,1,1,0,1,0
2020-07-05,Siskiyou,093,43540,46,30,0,30,0
2020-07-05,Solano,095,438530,2277,1547,8,1555,22
2020-07-05,Sonoma,097,501317,1841,1369,5,1374,8
2020-07-05,Stanislaus,099,539301,5295,3777,7,3784,45
2020-07-05,Sutter,101,95872,322,241,0,241,2
2020-07-05,Tehama,103,63373,120,95,2,97,1
2020-07-05,Trinity,105,12862,19,2,5,7,0
2020-07-05,Tulare,107,460477,6466,4981,12,4993,135
2020-07-05,Tuolumne,109,53932,67,30,3,33,0
2020-07-05,Ventura,111,848112,5200,3866,18,3884,44
2020-07-05,Yolo,113,214977,935,644,3,647,26
2020-07-05,Yuba,115,75493,137,115,0,115,1
2020-07-04,Alameda,001,1643700,8060,6737,10,6747,141
2020-07-04,Alpine,003,1148,1,1,0,1,0
2020-07-04,Amador,005,37829,36,31,0,31,0
2020-07-04,Butte,007,227075,378,224,16,240,2
2020-07-04,Calaveras,009,45235,69,45,0,45,0
2020-07-04,Colusa,011,21464,123,76,0,76,0
2020-07-04,Contra Costa,013,1133247,4887,3583,6,3589,80
2020-07-04,Del Norte,015,27424,60,50,0,50,0
2020-07-04,El Dorado,017,186661,365,211,4,215,0
2020-07-04,Fresno,019,978130,11668,5999,86,6085,82
2020-07-04,Glenn,021,27897,187,128,0,128,0
2020-07-04,Humboldt,023,135768,177,144,1,145,3
2020-07-04,Imperial,025,180216,8541,6441,4,6445,47
2020-07-04,Inyo,027,18085,35,32,1,33,1
2020-07-04,Kern,029,883053,11683,5231,39,5270,81
2020-07-04,Kings,031,150075,3013,2509,8,2517,31
2020-07-04,Lake,033,64148,115,86,0,86,1
2020-07-04,Lassen,035,31185,258,219,2,221,0
2020-07-04,Los Angeles,037,10098052,131762,107256,83,107339,3462
2020-07-04,Madera,039,155013,1222,568,3,571,4
2020-07-04,Marin,041,260295,3419,1962,4,1966,17
2020-07-04,Mariposa,043,17540,36,28,0,28,1
2020-07-04,Mendocino,045,87422,104,72,0,72,0
2020-07-04,Merced,047,269075,2248,1252,2,1254,10
2020-07-04,Modoc,049,8938,1,0,0,0,0
2020-07-04,Mono,051,14174,54,37,0,37,1
2020-07-04,Monterey,053,433212,2619,1878,7,1885,15
2020-07-04,Napa,055,140530,569,426,0,426,4
2020-07-04,Nevada,057,99092,183,125,5,130,1
2020-07-04,Orange,059,3164182,27102,19247,266,19513,372
2020-07-04,Placer,061,380077,1130,796,3,799,11
2020-07-04,Plumas,063,18699,16,11,0,11,0
2020-07-04,Riverside,065,2383286,27337,21508,28,21536,474
2020-07-04,Sacramento,067,1510023,5499,4039,7,4046,71
2020-07-04,San Benito,069,59416,335,255,0,255,2
2020-07-04,San Bernardino,071,2135413,22668,14636,14,14650,270
2020-07-04,San Diego,073,3302833,20173,16166,2,16168,387
2020-07-04,San Francisco,075,870044,4451,3861,1,3862,50
2020-07-04,San Joaquin,077,732212,6846,4807,4,4811,57
2020-07-04,San Luis Obispo,079,281455,1033,699,7,706,2
2020-07-04,San Mateo,081,765935,4014,3532,6,3538,106
2020-07-04,Santa Barbara,083,443738,4301,3520,33,3553,27
2020-07-04,Santa Clara,085,1922200,6683,5045,18,5063,161
2020-07-04,Santa Cruz,087,273765,572,466,0,466,2
2020-07-04,Shasta,089,179085,252,135,1,136,6
2020-07-04,Sierra,091,2930,1,1,0,1,0
2020-07-04,Siskiyou,093,43540,39,30,0,30,0
2020-07-04,Solano,095,438530,2241,1548,8,1556,22
2020-07-04,Sonoma,097,501317,1815,1370,5,1375,8
2020-07-04,Stanislaus,099,539301,5137,3572,7,3579,44
2020-07-04,Sutter,101,95872,303,225,0,225,2
2020-07-04,Tehama,103,63373,117,92,2,94,1
2020-07-04,Trinity,105,12862,19,2,5,7,0
2020-07-04,Tulare,107,460477,6354,4802,12,4814,135
2020-07-04,Tuolumne,109,53932,63,30,3,33,0
2020-07-04,Ventura,111,848112,5076,3687,18,3705,44
2020-07-04,Yolo,113,214977,910,615,3,618,26
2020-07-04,Yuba,115,75493,130,102,0,102,1
2020-07-03,Alameda,001,1643700,7939,6486,10,6496,141
2020-07-03,Alpine,003,1148,1,1,0,1,0
2020-07-03,Amador,005,37829,36,25,0,25,0
2020-07-03,Butte,007,227075,366,212,16,228,2
2020-07-03,Calaveras,009,45235,69,44,0,44,0
2020-07-03,Colusa,011,21464,117,70,0,70,0
2020-07-03,Contra Costa,013,1133247,4751,3447,6,3453,78
2020-07-03,Del Norte,015,27424,60,50,0,50,0
2020-07-03,El Dorado,017,186661,353,201,4,205,0
2020-07-03,Fresno,019,978130,11363,5783,84,5867,81
2020-07-03,Glenn,021,27897,182,122,0,122,0
2020-07-03,Humboldt,023,135768,173,143,1,144,3
2020-07-03,Imperial,025,180216,8493,6345,4,6349,47
2020-07-03,Inyo,027,18085,35,32,1,33,1
2020-07-03,Kern,029,883053,11421,5213,39,5252,81
2020-07-03,Kings,031,150075,2977,2492,8,2500,31
2020-07-03,Lake,033,64148,108,83,0,83,0
2020-07-03,Lassen,035,31185,258,219,2,221,0
2020-07-03,Los Angeles,037,10098052,130249,107236,79,107315,3461
2020-07-03,Madera,039,155013,1178,565,3,568,4
2020-07-03,Marin,041,260295,3390,1776,4,1780,17
2020-07-03,Mariposa,043,17540,36,28,0,28,1
2020-07-03,Mendocino,045,87422,103,72,0,72,0
2020-07-03,Merced,047,269075,2182,1188,2,1190,10
2020-07-03,Modoc,049,8938,1,0,0,0,0
2020-07-03,Mono,051,14174,54,37,0,37,1
2020-07-03,Monterey,053,433212,2549,1804,7,1811,15
2020-07-03,Napa,055,140530,551,388,0,388,4
2020-07-03,Nevada,057,99092,182,125,5,130,1
2020-07-03,Orange,059,3164182,26711,18819,258,19077,366
2020-07-03,Placer,061,380077,1103,745,3,748,11
2020-07-03,Plumas,063,18699,16,11,0,11,0
2020-07-03,Riverside,065,2383286,27031,21171,28,21199,472
2020-07-03,Sacramento,067,1510023,5365,3711,7,3718,71
2020-07-03,San Benito,069,59416,328,243,0,243,2
2020-07-03,San Bernardino,071,2135413,22280,14040,14,14054,269
2020-07-03,San Diego,073,3302833,19718,15698,2,15700,387
2020-07-03,San Francisco,075,870044,4405,3781,1,3782,50
2020-07-03,San Joaquin,077,732212,6708,4416,3,4419,56
2020-07-03,San Luis Obispo,079,281455,998,676,7,683,2
2020-07-03,San Mateo,081,765935,3957,3439,6,3445,106
2020-07-03,Santa Barbara,083,443738,4214,3406,32,3438,27
2020-07-03,Santa Clara,085,1922200,6571,4820,18,4838,161
2020-07-03,Santa Cruz,087,273765,558,436,0,436,2
2020-07-03,Shasta,089,179085,244,113,1,114,6
2020-07-03,Sierra,091,2930,1,1,0,1,0
2020-07-03,Siskiyou,093,43540,36,30,0,30,0
2020-07-03,Solano,095,438530,2197,1496,7,1503,22
2020-07-03,Sonoma,097,501317,1767,1282,5,1287,8
2020-07-03,Stanislaus,099,539301,5013,3021,7,3028,43
2020-07-03,Sutter,101,95872,293,205,0,205,2
2020-07-03,Tehama,103,63373,115,89,2,91,1
2020-07-03,Trinity,105,12862,19,2,5,7,0
2020-07-03,Tulare,107,460477,6239,4656,12,4668,134
2020-07-03,Tuolumne,109,53932,61,27,3,30,0
2020-07-03,Ventura,111,848112,4980,3536,18,3554,44
2020-07-03,Yolo,113,214977,876,586,3,589,25
2020-07-03,Yuba,115,75493,125,96,0,96,1
2020-07-02,Alameda,001,1643700,7813,6386,10,6396,139
2020-07-02,Alpine,003,1148,1,1,0,1,0
2020-07-02,Amador,005,37829,35,23,0,23,0
2020-07-02,Butte,007,227075,349,199,16,215,2
2020-07-02,Calaveras,009,45235,65,42,0,42,0
2020-07-02,Colusa,011,21464,109,60,0,60,0
2020-07-02,Contra Costa,013,1133247,4569,3347,6,3353,77
2020-07-02,Del Norte,015,27424,59,50,0,50,0
2020-07-02,El Dorado,017,186661,342,193,4,197,0
2020-07-02,Fresno,019,978130,10902,5402,83,5485,78
2020-07-02,Glenn,021,27897,176,114,0,114,0
2020-07-02,Humboldt,023,135768,169,138,1,139,3
2020-07-02,Imperial,025,180216,8392,6236,4,6240,47
2020-07-02,Inyo,027,18085,35,29,1,30,1
2020-07-02,Kern,029,883053,10886,5036,37,5073,78
2020-07-02,Kings,031,150075,2926,2419,8,2427,31
2020-07-02,Lake,033,64148,104,81,0,81,0
2020-07-02,Lassen,035,31185,256,218,2,220,0
2020-07-02,Los Angeles,037,10098052,128232,107144,56,107200,3458
2020-07-02,Madera,039,155013,1110,548,3,551,4
2020-07-02,Marin,041,260295,3304,1706,4,1710,17
2020-07-02,Mariposa,043,17540,35,28,0,28,1
2020-07-02,Mendocino,045,87422,99,71,0,71,0
2020-07-02,Merced,047,269075,2085,1122,2,1124,10
2020-07-02,Modoc,049,8938,1,0,0,0,0
2020-07-02,Mono,051,14174,54,37,0,37,1
2020-07-02,Monterey,053,433212,2489,1796,7,1803,15
2020-07-02,Napa,055,140530,534,352,0,352,4
2020-07-02,Nevada,057,99092,176,118,4,122,1
2020-07-02,Orange,059,3164182,25948,17056,245,17301,360
2020-07-02,Placer,061,380077,1079,740,3,743,11
2020-07-02,Plumas,063,18699,15,8,0,8,0
2020-07-02,Riverside,065,2383286,26457,20253,28,20281,458
2020-07-02,Sacramento,067,1510023,5138,3587,7,3594,70
2020-07-02,San Benito,069,59416,320,236,0,236,2
2020-07-02,San Bernardino,071,2135413,21744,13185,14,13199,260
2020-07-02,San Diego,073,3302833,19253,15208,2,15210,377
2020-07-02,San Francisco,075,870044,4310,3676,1,3677,50
2020-07-02,San Joaquin,077,732212,6361,4243,3,4246,56
2020-07-02,San Luis Obispo,079,281455,953,659,7,666,2
2020-07-02,San Mateo,081,765935,3877,3390,6,3396,107
2020-07-02,Santa Barbara,083,443738,4114,3385,30,3415,27
2020-07-02,Santa Clara,085,1922200,6444,4722,18,4740,160
2020-07-02,Santa Cruz,087,273765,535,414,0,414,2
2020-07-02,Shasta,089,179085,241,110,1,111,5
2020-07-02,Sierra,091,2930,1,1,0,1,0
2020-07-02,Siskiyou,093,43540,36,30,0,30,0
2020-07-02,Solano,095,438530,2114,1429,7,1436,21
2020-07-02,Sonoma,097,501317,1709,1244,5,1249,6
2020-07-02,Stanislaus,099,539301,4841,2850,7,2857,41
2020-07-02,Sutter,101,95872,282,195,0,195,2
2020-07-02,Tehama,103,63373,113,86,2,88,1
2020-07-02,Trinity,105,12862,19,2,5,7,0
2020-07-02,Tulare,107,460477,6072,4559,11,4570,132
2020-07-02,Tuolumne,109,53932,58,23,2,25,0
2020-07-02,Ventura,111,848112,4824,3394,18,3412,42
2020-07-02,Yolo,113,214977,844,554,3,557,24
2020-07-02,Yuba,115,75493,115,93,0,93,1
2020-07-01,Alameda,001,1643700,7595,6125,10,6135,137
2020-07-01,Alpine,003,1148,1,1,0,1,0
2020-07-01,Amador,005,37829,34,22,0,22,0
2020-07-01,Butte,007,227075,324,185,16,201,2
2020-07-01,Calaveras,009,45235,63,37,0,37,0
2020-07-01,Colusa,011,21464,103,53,0,53,0
2020-07-01,Contra Costa,013,1133247,4356,3259,6,3265,76
2020-07-01,Del Norte,015,27424,59,50,0,50,0
2020-07-01,El Dorado,017,186661,315,183,4,187,0
2020-07-01,Fresno,019,978130,10468,5111,80,5191,76
2020-07-01,Glenn,021,27897,170,110,0,110,0
2020-07-01,Humboldt,023,135768,164,134,0,134,3
2020-07-01,Imperial,025,180216,8295,6150,4,6154,46
2020-07-01,Inyo,027,18085,34,30,1,31,1
2020-07-01,Kern,029,883053,10252,4853,36,4889,78
2020-07-01,Kings,031,150075,2858,2360,8,2368,30
2020-07-01,Lake,033,64148,103,75,0,75,0
2020-07-01,Lassen,035,31185,255,217,2,219,0
2020-07-01,Los Angeles,037,10098052,125033,105325,47,105372,3408
2020-07-01,Madera,039,155013,1069,519,3,522,4
2020-07-01,Marin,041,260295,3147,1636,4,1640,17
2020-07-01,Mariposa,043,17540,35,29,0,29,1
2020-07-01,Mendocino,045,87422,95,70,0,70,0
2020-07-01,Merced,047,269075,1986,1052,2,1054,10
2020-07-01,Modoc,049,8938,1,0,0,0,0
2020-07-01,Mono,051,14174,51,37,0,37,1
2020-07-01,Monterey,053,433212,2381,1703,6,1709,15
2020-07-01,Napa,055,140530,511,347,0,347,4
2020-07-01,Nevada,057,99092,166,115,4,119,1
2020-07-01,Orange,059,3164182,25063,15662,224,15886,343
2020-07-01,Placer,061,380077,1032,713,3,716,11
2020-07-01,Plumas,063,18699,13,8,0,8,0
2020-07-01,Riverside,065,2383286,25614,19537,27,19564,457
2020-07-01,Sacramento,067,1510023,4883,3425,7,3432,64
2020-07-01,San Benito,069,59416,311,219,0,219,2
2020-07-01,San Bernardino,071,2135413,20850,12712,11,12723,253
2020-07-01,San Diego,073,3302833,18685,14624,2,14626,372
2020-07-01,San Francisco,075,870044,4217,3626,1,3627,50
2020-07-01,San Joaquin,077,732212,6003,3990,3,3993,54
2020-07-01,San Luis Obispo,079,281455,926,613,7,620,1
2020-07-01,San Mateo,081,765935,3815,3326,6,3332,84
2020-07-01,Santa Barbara,083,443738,3994,3268,29,3297,27
2020-07-01,Santa Clara,085,1922200,6258,4547,17,4564,159
2020-07-01,Santa Cruz,087,273765,511,398,0,398,2
2020-07-01,Shasta,089,179085,236,104,1,105,5
2020-07-01,Sierra,091,2930,1,1,0,1,0
2020-07-01,Siskiyou,093,43540,36,28,0,28,0
2020-07-01,Solano,095,438530,2022,1350,7,1357,21
2020-07-01,Sonoma,097,501317,1614,1178,5,1183,6
2020-07-01,Stanislaus,099,539301,4563,2619,7,2626,41
2020-07-01,Sutter,101,95872,269,188,0,188,2
2020-07-01,Tehama,103,63373,106,80,2,82,1
2020-07-01,Trinity,105,12862,19,2,4,6,0
2020-07-01,Tulare,107,460477,5894,4359,11,4370,128
2020-07-01,Tuolumne,109,53932,55,17,2,19,0
2020-07-01,Ventura,111,848112,4682,3224,16,3240,41
2020-07-01,Yolo,113,214977,793,526,3,529,24
2020-07-01,Yuba,115,75493,110,57,0,57,1
2020-06-30,Alameda,001,1643700,7348,5959,8,5967,137
2020-06-30,Alpine,003,1148,1,1,0,1,0
2020-06-30,Amador,005,37829,34,21,0,21,0
2020-06-30,Butte,007,227075,307,163,15,178,2
2020-06-30,Calaveras,009,45235,59,31,0,31,0
2020-06-30,Colusa,011,21464,94,33,0,33,0
2020-06-30,Contra Costa,013,1133247,4145,3140,6,3146,75
2020-06-30,Del Norte,015,27424,59,48,0,48,0
2020-06-30,El Dorado,017,186661,302,175,4,179,0
2020-06-30,Fresno,019,978130,10023,4826,75,4901,75
2020-06-30,Glenn,021,27897,165,96,0,96,0
2020-06-30,Humboldt,023,135768,160,132,0,132,3
2020-06-30,Imperial,025,180216,8196,5968,4,5972,45
2020-06-30,Inyo,027,18085,34,30,1,31,1
2020-06-30,Kern,029,883053,9605,4721,33,4754,75
2020-06-30,Kings,031,150075,2809,2315,5,2320,30
2020-06-30,Lake,033,64148,95,56,0,56,0
2020-06-30,Lassen,035,31185,248,215,2,217,0
2020-06-30,Los Angeles,037,10098052,121451,103640,44,103684,3378
2020-06-30,Madera,039,155013,1012,475,3,478,4
2020-06-30,Marin,041,260295,3076,1614,4,1618,17
2020-06-30,Mariposa,043,17540,34,27,0,27,1
2020-06-30,Mendocino,045,87422,90,65,0,65,0
2020-06-30,Merced,047,269075,1849,970,2,972,10
2020-06-30,Modoc,049,8938,1,0,0,0,0
2020-06-30,Mono,051,14174,49,36,0,36,1
2020-06-30,Monterey,053,433212,2284,1657,6,1663,15
2020-06-30,Napa,055,140530,486,342,0,342,4
2020-06-30,Nevada,057,99092,158,113,4,117,1
2020-06-30,Orange,059,3164182,24129,14354,214,14568,335
2020-06-30,Placer,061,380077,1005,667,3,670,11
2020-06-30,Plumas,063,18699,12,8,0,8,0
2020-06-30,Riverside,065,2383286,24896,18656,26,18682,449
2020-06-30,Sacramento,067,1510023,4594,3246,7,3253,64
2020-06-30,San Benito,069,59416,300,200,0,200,2
2020-06-30,San Bernardino,071,2135413,19868,12375,10,12385,249
2020-06-30,San Diego,073,3302833,17980,14150,2,14152,365
2020-06-30,San Francisco,075,870044,4112,3555,1,3556,50
2020-06-30,San Joaquin,077,732212,5629,3744,3,3747,52
2020-06-30,San Luis Obispo,079,281455,888,583,7,590,1
2020-06-30,San Mateo,081,765935,3737,3268,6,3274,84
2020-06-30,Santa Barbara,083,443738,3878,3102,29,3131,25
2020-06-30,Santa Clara,085,1922200,6055,4346,17,4363,157
2020-06-30,Santa Cruz,087,273765,485,379,0,379,2
2020-06-30,Shasta,089,179085,220,100,1,101,5
2020-06-30,Sierra,091,2930,1,1,0,1,0
2020-06-30,Siskiyou,093,43540,35,26,0,26,0
2020-06-30,Solano,095,438530,1930,1256,7,1263,21
2020-06-30,Sonoma,097,501317,1551,1122,5,1127,6
2020-06-30,Stanislaus,099,539301,4266,2578,7,2585,41
2020-06-30,Sutter,101,95872,246,168,0,168,2
2020-06-30,Tehama,103,63373,104,75,2,77,1
2020-06-30,Trinity,105,12862,19,2,4,6,0
2020-06-30,Tulare,107,460477,5685,4207,11,4218,117
2020-06-30,Tuolumne,109,53932,51,16,2,18,0
2020-06-30,Ventura,111,848112,4548,3030,16,3046,40
2020-06-30,Yolo,113,214977,755,515,3,518,24
2020-06-30,Yuba,115,75493,106,55,0,55,1
2020-06-29,Alameda,001,1643700,7140,5766,8,5774,135
2020-06-29,Alpine,003,1148,1,1,0,1,0
2020-06-29,Amador,005,37829,31,20,0,20,0
2020-06-29,Butte,007,227075,286,157,15,172,2
2020-06-29,Calaveras,009,45235,56,30,0,30,0
2020-06-29,Colusa,011,21464,89,17,0,17,0
2020-06-29,Contra Costa,013,1133247,3981,2976,5,2981,75
2020-06-29,Del Norte,015,27424,59,47,0,47,0
2020-06-29,El Dorado,017,186661,288,163,2,165,0
2020-06-29,Fresno,019,978130,9676,4531,73,4604,74
2020-06-29,Glenn,021,27897,156,77,0,77,0
2020-06-29,Humboldt,023,135768,159,128,0,128,3
2020-06-29,Imperial,025,180216,8066,5512,4,5516,45
2020-06-29,Inyo,027,18085,33,29,0,29,1
2020-06-29,Kern,029,883053,8942,4613,31,4644,73
2020-06-29,Kings,031,150075,2744,2280,5,2285,20
2020-06-29,Lake,033,64148,88,53,0,53,0
2020-06-29,Lassen,035,31185,240,77,2,79,0
2020-06-29,Los Angeles,037,10098052,118413,100846,39,100885,3337
2020-06-29,Madera,039,155013,955,422,3,425,4
2020-06-29,Marin,041,260295,3000,1517,4,1521,17
2020-06-29,Mariposa,043,17540,32,25,0,25,1
2020-06-29,Mendocino,045,87422,87,63,0,63,0
2020-06-29,Merced,047,269075,1743,848,2,850,10
2020-06-29,Modoc,049,8938,1,0,0,0,0
2020-06-29,Mono,051,14174,47,35,0,35,1
2020-06-29,Monterey,053,433212,2212,1614,6,1620,14
2020-06-29,Napa,055,140530,464,317,0,317,4
2020-06-29,Nevada,057,99092,155,107,3,110,1
2020-06-29,Orange,059,3164182,23137,13682,199,13881,324
2020-06-29,Placer,061,380077,969,628,3,631,11
2020-06-29,Plumas,063,18699,12,6,0,6,0
2020-06-29,Riverside,065,2383286,23862,17683,26,17709,432
2020-06-29,Sacramento,067,1510023,4307,2985,7,2992,62
2020-06-29,San Benito,069,59416,285,193,0,193,2
2020-06-29,San Bernardino,071,2135413,18905,11643,10,11653,245
2020-06-29,San Diego,073,3302833,17402,13834,2,13836,361
2020-06-29,San Francisco,075,870044,4035,3389,1,3390,50
2020-06-29,San Joaquin,077,732212,5271,3202,3,3205,52
2020-06-29,San Luis Obispo,079,281455,854,544,7,551,1
2020-06-29,San Mateo,081,765935,3683,3170,6,3176,84
2020-06-29,Santa Barbara,083,443738,3769,2933,28,2961,25
2020-06-29,Santa Clara,085,1922200,5885,4231,17,4248,157
2020-06-29,Santa Cruz,087,273765,467,348,0,348,2
2020-06-29,Shasta,089,179085,212,94,1,95,5
2020-06-29,Sierra,091,2930,1,1,0,1,0
2020-06-29,Siskiyou,093,43540,35,25,0,25,0
2020-06-29,Solano,095,438530,1827,1077,7,1084,21
2020-06-29,Sonoma,097,501317,1479,1103,5,1108,5
2020-06-29,Stanislaus,099,539301,4060,2400,6,2406,36
2020-06-29,Sutter,101,95872,224,152,0,152,2
2020-06-29,Tehama,103,63373,100,63,2,65,1
2020-06-29,Trinity,105,12862,18,2,4,6,0
2020-06-29,Tulare,107,460477,5531,3906,10,3916,117
2020-06-29,Tuolumne,109,53932,47,16,2,18,0
2020-06-29,Ventura,111,848112,4401,2794,16,2810,40
2020-06-29,Yolo,113,214977,722,483,3,486,24
2020-06-29,Yuba,115,75493,93,55,0,55,1
2020-06-28,Alameda,001,1643700,6879,5698,8,5706,135
2020-06-28,Alpine,003,1148,1,1,0,1,0
2020-06-28,Amador,005,37829,29,20,0,20,0
2020-06-28,Butte,007,227075,267,150,14,164,2
2020-06-28,Calaveras,009,45235,51,30,0,30,0
2020-06-28,Colusa,011,21464,74,17,0,17,0
2020-06-28,Contra Costa,013,1133247,3791,2803,4,2807,73
2020-06-28,Del Norte,015,27424,58,47,0,47,0
2020-06-28,El Dorado,017,186661,276,162,2,164,0
2020-06-28,Fresno,019,978130,9313,4365,73,4438,74
2020-06-28,Glenn,021,27897,148,77,0,77,0
2020-06-28,Humboldt,023,135768,156,127,0,127,3
2020-06-28,Imperial,025,180216,7876,5513,4,5517,45
2020-06-28,Inyo,027,18085,33,29,0,29,1
2020-06-28,Kern,029,883053,8391,4541,28,4569,72
2020-06-28,Kings,031,150075,2684,2234,5,2239,18
2020-06-28,Lake,033,64148,84,53,0,53,0
2020-06-28,Lassen,035,31185,240,77,2,79,0
2020-06-28,Los Angeles,037,10098052,115210,98003,35,98038,3316
2020-06-28,Madera,039,155013,907,424,3,427,4
2020-06-28,Marin,041,260295,2654,1473,4,1477,17
2020-06-28,Mariposa,043,17540,32,24,0,24,1
2020-06-28,Mendocino,045,87422,85,63,0,63,0
2020-06-28,Merced,047,269075,1630,814,2,816,10
2020-06-28,Modoc,049,8938,1,0,0,0,0
2020-06-28,Mono,051,14174,47,35,0,35,1
2020-06-28,Monterey,053,433212,2130,1560,6,1566,13
2020-06-28,Napa,055,140530,430,307,0,307,4
2020-06-28,Nevada,057,99092,144,102,3,105,1
2020-06-28,Orange,059,3164182,22161,13213,181,13394,324
2020-06-28,Placer,061,380077,930,618,3,621,11
2020-06-28,Plumas,063,18699,11,6,0,6,0
2020-06-28,Riverside,065,2383286,23033,16848,25,16873,432
2020-06-28,Sacramento,067,1510023,4079,2803,7,2810,63
2020-06-28,San Benito,069,59416,274,190,0,190,2
2020-06-28,San Bernardino,071,2135413,18153,11344,9,11353,245
2020-06-28,San Diego,073,3302833,16857,13333,2,13335,361
2020-06-28,San Francisco,075,870044,3957,3388,1,3389,50
2020-06-28,San Joaquin,077,732212,4934,3201,3,3204,52
2020-06-28,San Luis Obispo,079,281455,815,531,6,537,1
2020-06-28,San Mateo,081,765935,3606,3124,5,3129,84
2020-06-28,Santa Barbara,083,443738,3624,2872,28,2900,25
2020-06-28,Santa Clara,085,1922200,5723,4131,17,4148,156
2020-06-28,Santa Cruz,087,273765,444,349,0,349,2
2020-06-28,Shasta,089,179085,199,89,0,89,5
2020-06-28,Sierra,091,2930,1,1,0,1,0
2020-06-28,Siskiyou,093,43540,35,25,0,25,0
2020-06-28,Solano,095,438530,1752,1077,7,1084,21
2020-06-28,Sonoma,097,501317,1425,1084,5,1089,5
2020-06-28,Stanislaus,099,539301,3854,2376,6,2382,36
2020-06-28,Sutter,101,95872,198,145,0,145,2
2020-06-28,Tehama,103,63373,93,63,2,65,1
2020-06-28,Trinity,105,12862,17,2,4,6,0
2020-06-28,Tulare,107,460477,5363,3812,10,3822,117
2020-06-28,Tuolumne,109,53932,42,14,2,16,0
2020-06-28,Ventura,111,848112,4243,2650,16,2666,40
2020-06-28,Yolo,113,214977,687,468,3,471,24
2020-06-28,Yuba,115,75493,89,39,0,39,1
2020-06-27,Alameda,001,1643700,6783,5581,8,5589,135
2020-06-27,Alpine,003,1148,1,1,0,1,0
2020-06-27,Amador,005,37829,27,20,0,20,0
2020-06-27,Butte,007,227075,259,137,13,150,2
2020-06-27,Calaveras,009,45235,49,30,0,30,0
2020-06-27,Colusa,011,21464,68,17,0,17,0
2020-06-27,Contra Costa,013,1133247,3697,2717,3,2720,72
2020-06-27,Del Norte,015,27424,58,47,0,47,0
2020-06-27,El Dorado,017,186661,270,159,2,161,0
2020-06-27,Fresno,019,978130,9067,4238,73,4311,74
2020-06-27,Glenn,021,27897,144,77,0,77,0
2020-06-27,Humboldt,023,135768,154,127,0,127,3
2020-06-27,Imperial,025,180216,7815,5513,4,5517,45
2020-06-27,Inyo,027,18085,33,29,0,29,1
2020-06-27,Kern,029,883053,8128,4411,27,4438,70
2020-06-27,Kings,031,150075,2658,2187,5,2192,18
2020-06-27,Lake,033,64148,81,42,0,42,0
2020-06-27,Lassen,035,31185,240,33,2,35,0
2020-06-27,Los Angeles,037,10098052,113468,95341,32,95373,3291
2020-06-27,Madera,039,155013,864,427,2,429,4
2020-06-27,Marin,041,260295,2609,1423,4,1427,17
2020-06-27,Mariposa,043,17540,31,22,0,22,1
2020-06-27,Mendocino,045,87422,85,63,0,63,0
2020-06-27,Merced,047,269075,1572,807,1,808,10
2020-06-27,Modoc,049,8938,1,0,0,0,0
2020-06-27,Mono,051,14174,46,35,0,35,1
2020-06-27,Monterey,053,433212,2066,1455,6,1461,12
2020-06-27,Napa,055,140530,420,282,0,282,3
2020-06-27,Nevada,057,99092,140,102,2,104,1
2020-06-27,Orange,059,3164182,21650,12951,176,13127,320
2020-06-27,Placer,061,380077,909,584,3,587,10
2020-06-27,Plumas,063,18699,11,6,0,6,0
2020-06-27,Riverside,065,2383286,22643,16209,25,16234,432
2020-06-27,Sacramento,067,1510023,3962,2685,7,2692,63
2020-06-27,San Benito,069,59416,267,182,0,182,2
2020-06-27,San Bernardino,071,2135413,17778,11238,9,11247,243
2020-06-27,San Diego,073,3302833,16492,12836,2,12838,360
2020-06-27,San Francisco,075,870044,3902,3332,1,3333,49
2020-06-27,San Joaquin,077,732212,4768,2995,3,2998,52
2020-06-27,San Luis Obispo,079,281455,792,505,6,511,1
2020-06-27,San Mateo,081,765935,3549,3083,5,3088,83
2020-06-27,Santa Barbara,083,443738,3552,2799,28,2827,25
2020-06-27,Santa Clara,085,1922200,5617,4006,17,4023,157
2020-06-27,Santa Cruz,087,273765,437,347,0,347,2
2020-06-27,Shasta,089,179085,193,87,0,87,5
2020-06-27,Sierra,091,2930,1,1,0,1,0
2020-06-27,Siskiyou,093,43540,35,25,0,25,0
2020-06-27,Solano,095,438530,1719,1076,7,1083,21
2020-06-27,Sonoma,097,501317,1392,1004,5,1009,5
2020-06-27,Stanislaus,099,539301,3754,2164,6,2170,36
2020-06-27,Sutter,101,95872,191,141,0,141,2
2020-06-27,Tehama,103,63373,90,63,2,65,1
2020-06-27,Trinity,105,12862,17,2,4,6,0
2020-06-27,Tulare,107,460477,5266,3810,10,3820,117
2020-06-27,Tuolumne,109,53932,41,13,2,15,0
2020-06-27,Ventura,111,848112,4144,2471,16,2487,40
2020-06-27,Yolo,113,214977,663,432,3,435,24
2020-06-27,Yuba,115,75493,81,39,0,39,1
2020-06-26,Alameda,001,1643700,6697,5502,7,5509,132
2020-06-26,Alpine,003,1148,1,1,0,1,0
2020-06-26,Amador,005,37829,26,20,0,20,0
2020-06-26,Butte,007,227075,244,135,13,148,2
2020-06-26,Calaveras,009,45235,47,30,0,30,0
2020-06-26,Colusa,011,21464,63,17,0,17,0
2020-06-26,Contra Costa,013,1133247,3584,2676,3,2679,72
2020-06-26,Del Norte,015,27424,57,47,0,47,0
2020-06-26,El Dorado,017,186661,262,159,2,161,0
2020-06-26,Fresno,019,978130,8841,4166,73,4239,74
2020-06-26,Glenn,021,27897,137,71,0,71,0
2020-06-26,Humboldt,023,135768,152,126,0,126,3
2020-06-26,Imperial,025,180216,7752,5400,4,5404,44
2020-06-26,Inyo,027,18085,32,29,0,29,1
2020-06-26,Kern,029,883053,7798,4366,27,4393,70
2020-06-26,Kings,031,150075,2626,2176,4,2180,18
2020-06-26,Lake,033,64148,80,42,0,42,0
2020-06-26,Lassen,035,31185,239,30,2,32,0
2020-06-26,Los Angeles,037,10098052,111304,93328,32,93360,3275
2020-06-26,Madera,039,155013,832,409,2,411,4
2020-06-26,Marin,041,260295,2572,1406,4,1410,17
2020-06-26,Mariposa,043,17540,30,21,0,21,1
2020-06-26,Mendocino,045,87422,82,63,0,63,0
2020-06-26,Merced,047,269075,1526,797,1,798,10
2020-06-26,Modoc,049,8938,1,0,0,0,0
2020-06-26,Mono,051,14174,45,35,0,35,1
2020-06-26,Monterey,053,433212,2014,1449,6,1455,12
2020-06-26,Napa,055,140530,410,277,0,277,3
2020-06-26,Nevada,057,99092,136,101,1,102,1
2020-06-26,Orange,059,3164182,20974,12659,173,12832,320
2020-06-26,Placer,061,380077,880,584,3,587,10
2020-06-26,Plumas,063,18699,11,6,0,6,0
2020-06-26,Riverside,065,2383286,22180,15858,25,15883,430
2020-06-26,Sacramento,067,1510023,3797,2687,7,2694,63
2020-06-26,San Benito,069,59416,263,176,0,176,2
2020-06-26,San Bernardino,071,2135413,17400,11111,9,11120,243
2020-06-26,San Diego,073,3302833,16127,12402,2,12404,358
2020-06-26,San Francisco,075,870044,3847,3330,1,3331,49
2020-06-26,San Joaquin,077,732212,4554,2943,3,2946,52
2020-06-26,San Luis Obispo,079,281455,777,498,6,504,1
2020-06-26,San Mateo,081,765935,3497,3055,5,3060,83
2020-06-26,Santa Barbara,083,443738,3462,2784,26,2810,25
2020-06-26,Santa Clara,085,1922200,5517,3968,17,3985,156
2020-06-26,Santa Cruz,087,273765,430,344,0,344,2
2020-06-26,Shasta,089,179085,186,86,0,86,5
2020-06-26,Sierra,091,2930,1,1,0,1,0
2020-06-26,Siskiyou,093,43540,34,24,0,24,0
2020-06-26,Solano,095,438530,1677,1068,7,1075,21
2020-06-26,Sonoma,097,501317,1361,977,5,982,5
2020-06-26,Stanislaus,099,539301,3641,2157,6,2163,36
2020-06-26,Sutter,101,95872,184,138,0,138,2
2020-06-26,Tehama,103,63373,87,63,2,65,1
2020-06-26,Trinity,105,12862,17,2,4,6,0
2020-06-26,Tulare,107,460477,5177,3720,10,3730,117
2020-06-26,Tuolumne,109,53932,39,10,2,12,0
2020-06-26,Ventura,111,848112,4058,2444,16,2460,40
2020-06-26,Yolo,113,214977,640,418,3,421,24
2020-06-26,Yuba,115,75493,75,38,0,38,1
2020-06-25,Alameda,001,1643700,6508,5398,7,5405,130
2020-06-25,Alpine,003,1148,1,1,0,1,0
2020-06-25,Amador,005,37829,25,18,0,18,0
2020-06-25,Butte,007,227075,239,127,13,140,1
2020-06-25,Calaveras,009,45235,42,26,0,26,0
2020-06-25,Colusa,011,21464,53,14,0,14,0
2020-06-25,Contra Costa,013,1133247,3399,2591,3,2594,71
2020-06-25,Del Norte,015,27424,55,47,0,47,0
2020-06-25,El Dorado,017,186661,254,150,2,152,0
2020-06-25,Fresno,019,978130,8528,3938,72,4010,71
2020-06-25,Glenn,021,27897,132,59,0,59,0
2020-06-25,Humboldt,023,135768,151,121,0,121,3
2020-06-25,Imperial,025,180216,7623,5192,4,5196,44
2020-06-25,Inyo,027,18085,29,27,0,27,1
2020-06-25,Kern,029,883053,7374,4236,24,4260,69
2020-06-25,Kings,031,150075,2574,2110,4,2114,17
2020-06-25,Lake,033,64148,79,42,0,42,0
2020-06-25,Lassen,035,31185,233,13,2,15,0
2020-06-25,Los Angeles,037,10098052,108536,91524,32,91556,3239
2020-06-25,Madera,039,155013,788,380,2,382,4
2020-06-25,Marin,041,260295,2470,1321,4,1325,17
2020-06-25,Mariposa,043,17540,29,20,0,20,1
2020-06-25,Mendocino,045,87422,79,61,0,61,0
2020-06-25,Merced,047,269075,1439,747,1,748,10
2020-06-25,Modoc,049,8938,1,0,0,0,0
2020-06-25,Mono,051,14174,44,35,0,35,1
2020-06-25,Monterey,053,433212,1926,1426,5,1431,12
2020-06-25,Napa,055,140530,392,260,0,260,3
2020-06-25,Nevada,057,99092,128,92,1,93,1
2020-06-25,Orange,059,3164182,20050,12221,171,12392,311
2020-06-25,Placer,061,380077,826,574,3,577,10
2020-06-25,Plumas,063,18699,10,6,0,6,0
2020-06-25,Riverside,065,2383286,21425,15224,25,15249,427
2020-06-25,Sacramento,067,1510023,3574,2519,7,2526,62
2020-06-25,San Benito,069,59416,255,174,0,174,2
2020-06-25,San Bernardino,071,2135413,16649,10590,9,10599,242
2020-06-25,San Diego,073,3302833,15588,11963,2,11965,352
2020-06-25,San Francisco,075,870044,3781,3252,1,3253,48
2020-06-25,San Joaquin,077,732212,4282,2803,3,2806,50
2020-06-25,San Luis Obispo,079,281455,745,473,6,479,1
2020-06-25,San Mateo,081,765935,3429,2996,4,3000,82
2020-06-25,Santa Barbara,083,443738,3357,2622,25,2647,25
2020-06-25,Santa Clara,085,1922200,5367,3871,17,3888,156
2020-06-25,Santa Cruz,087,273765,418,335,0,335,2
2020-06-25,Shasta,089,179085,176,84,0,84,5
2020-06-25,Sierra,091,2930,1,1,0,1,0
2020-06-25,Siskiyou,093,43540,33,24,0,24,0
2020-06-25,Solano,095,438530,1624,1034,7,1041,21
2020-06-25,Sonoma,097,501317,1312,953,4,957,5
2020-06-25,Stanislaus,099,539301,3429,2130,6,2136,36
2020-06-25,Sutter,101,95872,172,126,0,126,2
2020-06-25,Tehama,103,63373,83,59,2,61,1
2020-06-25,Trinity,105,12862,17,2,4,6,0
2020-06-25,Tulare,107,460477,5046,3656,10,3666,117
2020-06-25,Tuolumne,109,53932,38,10,1,11,0
2020-06-25,Ventura,111,848112,3876,2346,15,2361,40
2020-06-25,Yolo,113,214977,611,397,3,400,24
2020-06-25,Yuba,115,75493,64,38,0,38,1
2020-06-24,Alameda,001,1643700,6346,5242,7,5249,123
2020-06-24,Alpine,003,1148,1,1,0,1,0
2020-06-24,Amador,005,37829,23,16,0,16,0
2020-06-24,Butte,007,227075,223,119,12,131,1
2020-06-24,Calaveras,009,45235,40,26,0,26,0
2020-06-24,Colusa,011,21464,44,11,0,11,0
2020-06-24,Contra Costa,013,1133247,3243,2520,3,2523,66
2020-06-24,Del Norte,015,27424,49,47,0,47,0
2020-06-24,El Dorado,017,186661,238,149,2,151,0
2020-06-24,Fresno,019,978130,8197,3765,72,3837,71
2020-06-24,Glenn,021,27897,124,54,0,54,0
2020-06-24,Humboldt,023,135768,151,117,0,117,3
2020-06-24,Imperial,025,180216,7505,5138,4,5142,38
2020-06-24,Inyo,027,18085,29,28,0,28,1
2020-06-24,Kern,029,883053,6981,4155,22,4177,67
2020-06-24,Kings,031,150075,2510,2063,4,2067,16
2020-06-24,Lake,033,64148,66,40,0,40,0
2020-06-24,Lassen,035,31185,232,9,2,11,0
2020-06-24,Los Angeles,037,10098052,105775,89566,32,89598,3186
2020-06-24,Madera,039,155013,766,373,2,375,4
2020-06-24,Marin,041,260295,2242,1261,4,1265,17
2020-06-24,Mariposa,043,17540,28,19,0,19,1
2020-06-24,Mendocino,045,87422,79,60,0,60,0
2020-06-24,Merced,047,269075,1353,696,1,697,8
2020-06-24,Modoc,049,8938,1,0,0,0,0
2020-06-24,Mono,051,14174,42,35,0,35,1
2020-06-24,Monterey,053,433212,1850,1407,5,1412,12
2020-06-24,Napa,055,140530,375,258,0,258,3
2020-06-24,Nevada,057,99092,122,92,1,93,1
2020-06-24,Orange,059,3164182,19053,11804,153,11957,303
2020-06-24,Placer,061,380077,787,548,3,551,10
2020-06-24,Plumas,063,18699,10,6,0,6,0
2020-06-24,Riverside,065,2383286,20577,14946,25,14971,410
2020-06-24,Sacramento,067,1510023,3370,2446,6,2452,62
2020-06-24,San Benito,069,59416,251,171,0,171,2
2020-06-24,San Bernardino,071,2135413,15835,10211,9,10220,239
2020-06-24,San Diego,073,3302833,15085,11628,2,11630,347
2020-06-24,San Francisco,075,870044,3718,3216,1,3217,48
2020-06-24,San Joaquin,077,732212,4061,2680,3,2683,49
2020-06-24,San Luis Obispo,079,281455,714,461,5,466,1
2020-06-24,San Mateo,081,765935,3372,2964,4,2968,82
2020-06-24,Santa Barbara,083,443738,3238,2569,23,2592,22
2020-06-24,Santa Clara,085,1922200,5236,3812,17,3829,155
2020-06-24,Santa Cruz,087,273765,406,329,0,329,2
2020-06-24,Shasta,089,179085,168,83,0,83,5
2020-06-24,Sierra,091,2930,1,1,0,1,0
2020-06-24,Siskiyou,093,43540,32,24,0,24,0
2020-06-24,Solano,095,438530,1535,979,6,985,21
2020-06-24,Sonoma,097,501317,1263,933,4,937,4
2020-06-24,Stanislaus,099,539301,3250,2039,6,2045,36
2020-06-24,Sutter,101,95872,159,118,0,118,2
2020-06-24,Tehama,103,63373,81,55,2,57,1
2020-06-24,Trinity,105,12862,16,2,3,5,0
2020-06-24,Tulare,107,460477,4891,3541,10,3551,116
2020-06-24,Tuolumne,109,53932,33,9,1,10,0
2020-06-24,Ventura,111,848112,3535,2314,15,2329,42
2020-06-24,Yolo,113,214977,576,376,3,379,24
2020-06-24,Yuba,115,75493,58,37,0,37,1
2020-06-23,Alameda,001,1643700,6166,5159,7,5166,121
2020-06-23,Alpine,003,1148,1,1,0,1,0
2020-06-23,Amador,005,37829,22,13,0,13,0
2020-06-23,Butte,007,227075,205,111,12,123,1
2020-06-23,Calaveras,009,45235,40,26,0,26,0
2020-06-23,Colusa,011,21464,40,7,0,7,0
2020-06-23,Contra Costa,013,1133247,3116,2453,3,2456,60
2020-06-23,Del Norte,015,27424,48,46,0,46,0
2020-06-23,El Dorado,017,186661,229,142,2,144,0
2020-06-23,Fresno,019,978130,7545,3569,70,3639,67
2020-06-23,Glenn,021,27897,120,47,0,47,0
2020-06-23,Humboldt,023,135768,151,110,0,110,3
2020-06-23,Imperial,025,180216,7342,5025,4,5029,38
2020-06-23,Inyo,027,18085,29,26,0,26,1
2020-06-23,Kern,029,883053,6614,4087,19,4106,64
2020-06-23,Kings,031,150075,2445,1727,4,1731,16
2020-06-23,Lake,033,64148,60,40,0,40,0
2020-06-23,Lassen,035,31185,228,9,2,11,0
2020-06-23,Los Angeles,037,10098052,102830,88433,31,88464,3152
2020-06-23,Madera,039,155013,727,369,2,371,4
2020-06-23,Marin,041,260295,1974,1139,4,1143,17
2020-06-23,Mariposa,043,17540,26,18,0,18,1
2020-06-23,Mendocino,045,87422,78,61,0,61,0
2020-06-23,Merced,047,269075,1255,656,1,657,8
2020-06-23,Modoc,049,8938,1,0,0,0,0
2020-06-23,Mono,051,14174,42,35,0,35,1
2020-06-23,Monterey,053,433212,1780,1346,5,1351,12
2020-06-23,Napa,055,140530,360,230,0,230,3
2020-06-23,Nevada,057,99092,116,81,1,82,1
2020-06-23,Orange,059,3164182,18080,11071,150,11221,278
2020-06-23,Placer,061,380077,761,525,3,528,10
2020-06-23,Plumas,063,18699,9,6,0,6,0
2020-06-23,Riverside,065,2383286,19558,14469,25,14494,406
2020-06-23,Sacramento,067,1510023,3191,2374,6,2380,62
2020-06-23,San Benito,069,59416,237,167,0,167,2
2020-06-23,San Bernardino,071,2135413,15053,9771,9,9780,229
2020-06-23,San Diego,073,3302833,14565,11296,2,11298,341
2020-06-23,San Francisco,075,870044,3645,3177,1,3178,48
2020-06-23,San Joaquin,077,732212,3802,2502,3,2505,48
2020-06-23,San Luis Obispo,079,281455,683,445,5,450,1
2020-06-23,San Mateo,081,765935,3307,2907,4,2911,81
2020-06-23,Santa Barbara,083,443738,3143,2498,23,2521,22
2020-06-23,Santa Clara,085,1922200,5091,3700,17,3717,155
2020-06-23,Santa Cruz,087,273765,396,313,0,313,2
2020-06-23,Shasta,089,179085,159,81,0,81,5
2020-06-23,Sierra,091,2930,1,1,0,1,0
2020-06-23,Siskiyou,093,43540,30,24,0,24,0
2020-06-23,Solano,095,438530,1478,941,5,946,21
2020-06-23,Sonoma,097,501317,1210,912,4,916,4
2020-06-23,Stanislaus,099,539301,3073,1850,6,1856,35
2020-06-23,Sutter,101,95872,149,112,0,112,2
2020-06-23,Tehama,103,63373,79,50,2,52,1
2020-06-23,Trinity,105,12862,16,2,3,5,0
2020-06-23,Tulare,107,460477,4769,3456,10,3466,111
2020-06-23,Tuolumne,109,53932,28,9,0,9,0
2020-06-23,Ventura,111,848112,3375,2209,14,2223,40
2020-06-23,Yolo,113,214977,549,350,0,350,24
2020-06-23,Yuba,115,75493,55,35,0,35,1
2020-06-22,Alameda,001,1643700,6015,4944,7,4951,121
2020-06-22,Alpine,003,1148,1,1,0,1,0
2020-06-22,Amador,005,37829,19,12,0,12,0
2020-06-22,Butte,007,227075,186,104,12,116,1
2020-06-22,Calaveras,009,45235,38,20,0,20,0
2020-06-22,Colusa,011,21464,37,7,0,7,0
2020-06-22,Contra Costa,013,1133247,2975,2363,3,2366,60
2020-06-22,Del Norte,015,27424,48,46,0,46,0
2020-06-22,El Dorado,017,186661,220,137,2,139,0
2020-06-22,Fresno,019,978130,7013,3425,70,3495,67
2020-06-22,Glenn,021,27897,111,40,0,40,0
2020-06-22,Humboldt,023,135768,148,110,0,110,3
2020-06-22,Imperial,025,180216,7185,4700,4,4704,38
2020-06-22,Inyo,027,18085,29,26,0,26,1
2020-06-22,Kern,029,883053,6262,3982,17,3999,60
2020-06-22,Kings,031,150075,2396,1513,4,1517,13
2020-06-22,Lake,033,64148,54,37,0,37,0
2020-06-22,Lassen,035,31185,118,7,2,9,0
2020-06-22,Los Angeles,037,10098052,99929,85925,30,85955,3117
2020-06-22,Madera,039,155013,702,333,2,335,4
2020-06-22,Marin,041,260295,1717,1029,4,1033,17
2020-06-22,Mariposa,043,17540,25,18,0,18,1
2020-06-22,Mendocino,045,87422,73,48,0,48,0
2020-06-22,Merced,047,269075,1166,619,1,620,8
2020-06-22,Modoc,049,8938,1,0,0,0,0
2020-06-22,Mono,051,14174,42,34,0,34,1
2020-06-22,Monterey,053,433212,1719,1293,5,1298,12
2020-06-22,Napa,055,140530,336,222,0,222,3
2020-06-22,Nevada,057,99092,111,79,1,80,1
2020-06-22,Orange,059,3164182,17147,10711,147,10858,275
2020-06-22,Placer,061,380077,735,512,3,515,9
2020-06-22,Plumas,063,18699,7,6,0,6,0
2020-06-22,Riverside,065,2383286,18586,13948,25,13973,403
2020-06-22,Sacramento,067,1510023,2975,2243,5,2248,62
2020-06-22,San Benito,069,59416,228,164,0,164,2
2020-06-22,San Bernardino,071,2135413,14280,9133,9,9142,229
2020-06-22,San Diego,073,3302833,14073,11098,2,11100,338
2020-06-22,San Francisco,075,870044,3552,3000,1,3001,47
2020-06-22,San Joaquin,077,732212,3554,2332,3,2335,48
2020-06-22,San Luis Obispo,079,281455,650,422,5,427,1
2020-06-22,San Mateo,081,765935,3233,2813,3,2816,81
2020-06-22,Santa Barbara,083,443738,3051,2447,23,2470,21
2020-06-22,Santa Clara,085,1922200,4929,3580,17,3597,155
2020-06-22,Santa Cruz,087,273765,383,290,0,290,3
2020-06-22,Shasta,089,179085,156,77,0,77,5
2020-06-22,Sierra,091,2930,1,1,0,1,0
2020-06-22,Siskiyou,093,43540,30,23,0,23,0
2020-06-22,Solano,095,438530,1400,784,4,788,21
2020-06-22,Sonoma,097,501317,1166,860,2,862,4
2020-06-22,Stanislaus,099,539301,2888,1784,6,1790,35
2020-06-22,Sutter,101,95872,140,100,0,100,2
2020-06-22,Tehama,103,63373,75,38,2,40,1
2020-06-22,Trinity,105,12862,16,2,3,5,0
2020-06-22,Tulare,107,460477,4632,3185,10,3195,111
2020-06-22,Tuolumne,109,53932,19,8,0,8,0
2020-06-22,Ventura,111,848112,3227,2065,14,2079,39
2020-06-22,Yolo,113,214977,523,333,0,333,24
2020-06-22,Yuba,115,75493,50,36,0,36,1
2020-06-21,Alameda,001,1643700,5821,4835,7,4842,121
2020-06-21,Alpine,003,1148,1,1,0,1,0
2020-06-21,Amador,005,37829,14,12,0,12,0
2020-06-21,Butte,007,227075,172,97,12,109,1
2020-06-21,Calaveras,009,45235,38,20,0,20,0
2020-06-21,Colusa,011,21464,29,7,0,7,0
2020-06-21,Contra Costa,013,1133247,2848,2282,3,2285,60
2020-06-21,Del Norte,015,27424,47,46,0,46,0
2020-06-21,El Dorado,017,186661,211,132,2,134,0
2020-06-21,Fresno,019,978130,6443,3296,68,3364,67
2020-06-21,Glenn,021,27897,102,40,0,40,0
2020-06-21,Humboldt,023,135768,143,108,0,108,3
2020-06-21,Imperial,025,180216,7002,4701,4,4705,38
2020-06-21,Inyo,027,18085,27,26,0,26,1
2020-06-21,Kern,029,883053,5970,3918,15,3933,60
2020-06-21,Kings,031,150075,2332,1334,4,1338,11
2020-06-21,Lake,033,64148,49,36,0,36,0
2020-06-21,Lassen,035,31185,25,7,2,9,0
2020-06-21,Los Angeles,037,10098052,97038,83383,29,83412,3101
2020-06-21,Madera,039,155013,668,319,2,321,4
2020-06-21,Marin,041,260295,1560,907,4,911,17
2020-06-21,Mariposa,043,17540,22,18,0,18,1
2020-06-21,Mendocino,045,87422,70,48,0,48,0
2020-06-21,Merced,047,269075,1071,577,1,578,8
2020-06-21,Modoc,049,8938,1,0,0,0,0
2020-06-21,Mono,051,14174,42,34,0,34,1
2020-06-21,Monterey,053,433212,1646,1227,5,1232,12
2020-06-21,Napa,055,140530,321,218,0,218,3
2020-06-21,Nevada,057,99092,108,79,1,80,1
2020-06-21,Orange,059,3164182,16314,10563,144,10707,275
2020-06-21,Placer,061,380077,695,498,3,501,9
2020-06-21,Plumas,063,18699,7,6,0,6,0
2020-06-21,Riverside,065,2383286,17879,13528,24,13552,402
2020-06-21,Sacramento,067,1510023,2774,2156,4,2160,62
2020-06-21,San Benito,069,59416,214,151,0,151,2
2020-06-21,San Bernardino,071,2135413,13505,8925,8,8933,229
2020-06-21,San Diego,073,3302833,13527,10796,2,10798,338
2020-06-21,San Francisco,075,870044,3446,3000,1,3001,47
2020-06-21,San Joaquin,077,732212,3318,2188,3,2191,48
2020-06-21,San Luis Obispo,079,281455,624,418,5,423,1
2020-06-21,San Mateo,081,765935,3175,2781,3,2784,81
2020-06-21,Santa Barbara,083,443738,2944,2430,22,2452,21
2020-06-21,Santa Clara,085,1922200,4792,3514,17,3531,154
2020-06-21,Santa Cruz,087,273765,373,290,0,290,3
2020-06-21,Shasta,089,179085,146,75,0,75,5
2020-06-21,Sierra,091,2930,1,1,0,1,0
2020-06-21,Siskiyou,093,43540,30,23,0,23,0
2020-06-21,Solano,095,438530,1300,783,4,787,21
2020-06-21,Sonoma,097,501317,1116,836,2,838,4
2020-06-21,Stanislaus,099,539301,2702,1688,6,1694,35
2020-06-21,Sutter,101,95872,132,96,0,96,2
2020-06-21,Tehama,103,63373,64,35,2,37,1
2020-06-21,Trinity,105,12862,15,2,3,5,0
2020-06-21,Tulare,107,460477,4463,3173,10,3183,111
2020-06-21,Tuolumne,109,53932,17,8,0,8,0
2020-06-21,Ventura,111,848112,3049,2021,14,2035,39
2020-06-21,Yolo,113,214977,491,323,0,323,24
2020-06-21,Yuba,115,75493,46,35,0,35,1
2020-06-20,Alameda,001,1643700,5759,4758,7,4765,119
2020-06-20,Alpine,003,1148,1,1,0,1,0
2020-06-20,Amador,005,37829,14,12,0,12,0
2020-06-20,Butte,007,227075,165,94,12,106,1
2020-06-20,Calaveras,009,45235,38,20,0,20,0
2020-06-20,Colusa,011,21464,26,7,0,7,0
2020-06-20,Contra Costa,013,1133247,2789,2231,3,2234,54
2020-06-20,Del Norte,015,27424,47,46,0,46,0
2020-06-20,El Dorado,017,186661,206,130,2,132,0
2020-06-20,Fresno,019,978130,6317,3222,65,3287,67
2020-06-20,Glenn,021,27897,97,40,0,40,0
2020-06-20,Humboldt,023,135768,143,108,0,108,3
2020-06-20,Imperial,025,180216,6921,4616,4,4620,37
2020-06-20,Inyo,027,18085,27,26,0,26,1
2020-06-20,Kern,029,883053,5805,3836,15,3851,59
2020-06-20,Kings,031,150075,2308,1331,4,1335,9
2020-06-20,Lake,033,64148,49,37,0,37,0
2020-06-20,Lassen,035,31185,24,7,2,9,0
2020-06-20,Los Angeles,037,10098052,95464,81604,28,81632,3093
2020-06-20,Madera,039,155013,635,321,2,323,4
2020-06-20,Marin,041,260295,1540,879,4,883,17
2020-06-20,Mariposa,043,17540,22,18,0,18,1
2020-06-20,Mendocino,045,87422,69,48,0,48,0
2020-06-20,Merced,047,269075,1031,566,1,567,8
2020-06-20,Modoc,049,8938,1,0,0,0,0
2020-06-20,Mono,051,14174,42,34,0,34,1
2020-06-20,Monterey,053,433212,1610,1181,5,1186,12
2020-06-20,Napa,055,140530,312,212,0,212,3
2020-06-20,Nevada,057,99092,105,73,1,74,1
2020-06-20,Orange,059,3164182,15964,10284,140,10424,273
2020-06-20,Placer,061,380077,670,483,3,486,9
2020-06-20,Plumas,063,18699,6,6,0,6,0
2020-06-20,Riverside,065,2383286,17579,13021,24,13045,402
2020-06-20,Sacramento,067,1510023,2703,2069,4,2073,63
2020-06-20,San Benito,069,59416,210,139,0,139,2
2020-06-20,San Bernardino,071,2135413,13141,8718,8,8726,229
2020-06-20,San Diego,073,3302833,13204,10486,2,10488,338
2020-06-20,San Francisco,075,870044,3402,2999,1,3000,47
2020-06-20,San Joaquin,077,732212,3236,2046,3,2049,48
2020-06-20,San Luis Obispo,079,281455,610,405,5,410,1
2020-06-20,San Mateo,081,765935,3127,2755,3,2758,81
2020-06-20,Santa Barbara,083,443738,2887,2358,21,2379,21
2020-06-20,Santa Clara,085,1922200,4718,3435,17,3452,154
2020-06-20,Santa Cruz,087,273765,371,287,0,287,3
2020-06-20,Shasta,089,179085,140,66,0,66,5
2020-06-20,Sierra,091,2930,1,1,0,1,0
2020-06-20,Siskiyou,093,43540,29,22,0,22,0
2020-06-20,Solano,095,438530,1276,784,4,788,21
2020-06-20,Sonoma,097,501317,1080,806,2,808,4
2020-06-20,Stanislaus,099,539301,2594,1598,6,1604,35
2020-06-20,Sutter,101,95872,130,89,0,89,2
2020-06-20,Tehama,103,63373,62,35,2,37,1
2020-06-20,Trinity,105,12862,15,2,3,5,0
2020-06-20,Tulare,107,460477,4390,3172,10,3182,111
2020-06-20,Tuolumne,109,53932,14,8,0,8,0
2020-06-20,Ventura,111,848112,2983,1946,14,1960,37
2020-06-20,Yolo,113,214977,475,309,0,309,24
2020-06-20,Yuba,115,75493,44,34,0,34,1
2020-06-19,Alameda,001,1643700,5686,4646,7,4653,119
2020-06-19,Alpine,003,1148,1,1,0,1,0
2020-06-19,Amador,005,37829,14,12,0,12,0
2020-06-19,Butte,007,227075,160,91,12,103,1
2020-06-19,Calaveras,009,45235,37,20,0,20,0
2020-06-19,Colusa,011,21464,24,7,0,7,0
2020-06-19,Contra Costa,013,1133247,2709,2106,3,2109,54
2020-06-19,Del Norte,015,27424,47,46,0,46,0
2020-06-19,El Dorado,017,186661,198,124,2,126,0
2020-06-19,Fresno,019,978130,6155,3109,64,3173,61
2020-06-19,Glenn,021,27897,91,40,0,40,0
2020-06-19,Humboldt,023,135768,141,106,0,106,3
2020-06-19,Imperial,025,180216,6829,4504,4,4508,36
2020-06-19,Inyo,027,18085,27,26,0,26,1
2020-06-19,Kern,029,883053,5582,3742,14,3756,57
2020-06-19,Kings,031,150075,2287,1285,4,1289,9
2020-06-19,Lake,033,64148,46,36,0,36,0
2020-06-19,Lassen,035,31185,23,7,2,9,0
2020-06-19,Los Angeles,037,10098052,93474,79572,27,79599,3047
2020-06-19,Madera,039,155013,616,300,2,302,4
2020-06-19,Marin,041,260295,1511,829,4,833,17
2020-06-19,Mariposa,043,17540,21,18,0,18,1
2020-06-19,Mendocino,045,87422,68,48,0,48,0
2020-06-19,Merced,047,269075,986,529,1,530,8
2020-06-19,Modoc,049,8938,1,0,0,0,0
2020-06-19,Mono,051,14174,42,34,0,34,1
2020-06-19,Monterey,053,433212,1581,1159,5,1164,12
2020-06-19,Napa,055,140530,302,209,0,209,3
2020-06-19,Nevada,057,99092,102,71,1,72,1
2020-06-19,Orange,059,3164182,15431,9972,133,10105,260
2020-06-19,Placer,061,380077,652,464,3,467,9
2020-06-19,Plumas,063,18699,6,5,0,5,0
2020-06-19,Riverside,065,2383286,17174,12710,24,12734,398
2020-06-19,Sacramento,067,1510023,2620,1976,4,1980,64
2020-06-19,San Benito,069,59416,209,136,0,136,2
2020-06-19,San Bernardino,071,2135413,12736,8454,7,8461,226
2020-06-19,San Diego,073,3302833,12841,10352,2,10354,332
2020-06-19,San Francisco,075,870044,3347,2968,1,2969,47
2020-06-19,San Joaquin,077,732212,3113,1969,3,1972,48
2020-06-19,San Luis Obispo,079,281455,594,392,5,397,1
2020-06-19,San Mateo,081,765935,3088,2713,3,2716,81
2020-06-19,Santa Barbara,083,443738,2814,2284,19,2303,21
2020-06-19,Santa Clara,085,1922200,4645,3376,17,3393,154
2020-06-19,Santa Cruz,087,273765,361,283,0,283,3
2020-06-19,Shasta,089,179085,137,58,0,58,5
2020-06-19,Sierra,091,2930,1,1,0,1,0
2020-06-19,Siskiyou,093,43540,29,21,0,21,0
2020-06-19,Solano,095,438530,1238,755,4,759,21
2020-06-19,Sonoma,097,501317,1053,803,2,805,4
2020-06-19,Stanislaus,099,539301,2484,1549,6,1555,35
2020-06-19,Sutter,101,95872,129,89,0,89,2
2020-06-19,Tehama,103,63373,61,35,2,37,1
2020-06-19,Trinity,105,12862,15,2,3,5,0
2020-06-19,Tulare,107,460477,4320,3053,10,3063,107
2020-06-19,Tuolumne,109,53932,13,8,0,8,0
2020-06-19,Ventura,111,848112,2899,1865,14,1879,37
2020-06-19,Yolo,113,214977,456,303,0,303,24
2020-06-19,Yuba,115,75493,43,33,0,33,1
2020-06-18,Alameda,001,1643700,5557,4589,7,4596,118
2020-06-18,Alpine,003,1148,1,1,0,1,0
2020-06-18,Amador,005,37829,13,12,0,12,0
2020-06-18,Butte,007,227075,155,88,12,100,1
2020-06-18,Calaveras,009,45235,37,20,0,20,0
2020-06-18,Colusa,011,21464,20,7,0,7,0
2020-06-18,Contra Costa,013,1133247,2602,2072,3,2075,53
2020-06-18,Del Norte,015,27424,47,46,0,46,0
2020-06-18,El Dorado,017,186661,194,121,2,123,0
2020-06-18,Fresno,019,978130,5889,2947,63,3010,57
2020-06-18,Glenn,021,27897,82,35,0,35,0
2020-06-18,Humboldt,023,135768,140,106,0,106,3
2020-06-18,Imperial,025,180216,6679,4366,4,4370,36
2020-06-18,Inyo,027,18085,26,25,0,25,1
2020-06-18,Kern,029,883053,5364,3634,14,3648,57
2020-06-18,Kings,031,150075,2228,1141,4,1145,8
2020-06-18,Lake,033,64148,45,36,0,36,0
2020-06-18,Lassen,035,31185,22,5,2,7,0
2020-06-18,Los Angeles,037,10098052,91205,78244,27,78271,3009
2020-06-18,Madera,039,155013,581,288,2,290,4
2020-06-18,Marin,041,260295,1448,819,4,823,17
2020-06-18,Mariposa,043,17540,19,18,0,18,1
2020-06-18,Mendocino,045,87422,64,45,0,45,0
2020-06-18,Merced,047,269075,934,486,1,487,7
2020-06-18,Modoc,049,8938,1,0,0,0,0
2020-06-18,Mono,051,14174,42,34,0,34,1
2020-06-18,Monterey,053,433212,1513,1127,5,1132,12
2020-06-18,Napa,055,140530,287,205,0,205,3
2020-06-18,Nevada,057,99092,98,68,1,69,1
2020-06-18,Orange,059,3164182,14776,9597,114,9711,255
2020-06-18,Placer,061,380077,629,457,3,460,9
2020-06-18,Plumas,063,18699,6,5,0,5,0
2020-06-18,Riverside,065,2383286,16557,12410,24,12434,392
2020-06-18,Sacramento,067,1510023,2504,1938,4,1942,63
2020-06-18,San Benito,069,59416,203,134,0,134,2
2020-06-18,San Bernardino,071,2135413,12096,8141,7,8148,226
2020-06-18,San Diego,073,3302833,12419,10094,2,10096,331
2020-06-18,San Francisco,075,870044,3298,2951,1,2952,47
2020-06-18,San Joaquin,077,732212,2961,1908,3,1911,47
2020-06-18,San Luis Obispo,079,281455,574,378,5,383,1
2020-06-18,San Mateo,081,765935,3049,2674,3,2677,78
2020-06-18,Santa Barbara,083,443738,2740,2201,19,2220,19
2020-06-18,Santa Clara,085,1922200,4542,3338,17,3355,152
2020-06-18,Santa Cruz,087,273765,344,275,0,275,3
2020-06-18,Shasta,089,179085,126,51,0,51,4
2020-06-18,Sierra,091,2930,1,1,0,1,0
2020-06-18,Siskiyou,093,43540,29,18,0,18,0
2020-06-18,Solano,095,438530,1200,735,4,739,21
2020-06-18,Sonoma,097,501317,1011,789,2,791,4
2020-06-18,Stanislaus,099,539301,2351,1495,6,1501,35
2020-06-18,Sutter,101,95872,125,85,0,85,2
2020-06-18,Tehama,103,63373,56,31,2,33,1
2020-06-18,Trinity,105,12862,15,2,3,5,0
2020-06-18,Tulare,107,460477,4197,3005,10,3015,107
2020-06-18,Tuolumne,109,53932,12,8,0,8,0
2020-06-18,Ventura,111,848112,2773,1781,14,1795,37
2020-06-18,Yolo,113,214977,423,294,0,294,24
2020-06-18,Yuba,115,75493,42,32,0,32,1
2020-06-17,Alameda,001,1643700,5434,4485,7,4492,117
2020-06-17,Alpine,003,1148,1,1,0,1,0
2020-06-17,Amador,005,37829,12,10,0,10,0
2020-06-17,Butte,007,227075,146,81,12,93,1
2020-06-17,Calaveras,009,45235,37,20,0,20,0
2020-06-17,Colusa,011,21464,19,7,0,7,0
2020-06-17,Contra Costa,013,1133247,2505,2020,3,2023,45
2020-06-17,Del Norte,015,27424,47,45,0,45,0
2020-06-17,El Dorado,017,186661,187,116,2,118,0
2020-06-17,Fresno,019,978130,5663,2801,61,2862,56
2020-06-17,Glenn,021,27897,75,31,0,31,0
2020-06-17,Humboldt,023,135768,138,105,0,105,3
2020-06-17,Imperial,025,180216,6506,4108,4,4112,36
2020-06-17,Inyo,027,18085,25,25,0,25,1
2020-06-17,Kern,029,883053,5163,3547,14,3561,56
2020-06-17,Kings,031,150075,2198,1097,4,1101,7
2020-06-17,Lake,033,64148,44,32,0,32,0
2020-06-17,Lassen,035,31185,18,5,2,7,0
2020-06-17,Los Angeles,037,10098052,88896,77166,26,77192,2973
2020-06-17,Madera,039,155013,559,258,2,260,4
2020-06-17,Marin,041,260295,1256,771,3,774,17
2020-06-17,Mariposa,043,17540,18,18,0,18,1
2020-06-17,Mendocino,045,87422,62,42,0,42,0
2020-06-17,Merced,047,269075,862,460,1,461,7
2020-06-17,Modoc,049,8938,1,0,0,0,0
2020-06-17,Mono,051,14174,42,34,0,34,1
2020-06-17,Monterey,053,433212,1461,1077,5,1082,12
2020-06-17,Napa,055,140530,272,202,0,202,3
2020-06-17,Nevada,057,99092,94,57,1,58,1
2020-06-17,Orange,059,3164182,14168,9278,108,9386,230
2020-06-17,Placer,061,380077,609,427,3,430,9
2020-06-17,Plumas,063,18699,6,5,0,5,0
2020-06-17,Riverside,065,2383286,15921,11859,24,11883,370
2020-06-17,Sacramento,067,1510023,2397,1889,4,1893,63
2020-06-17,San Benito,069,59416,198,116,0,116,2
2020-06-17,San Bernardino,071,2135413,11547,7670,7,7677,225
2020-06-17,San Diego,073,3302833,12040,9856,2,9858,327
2020-06-17,San Francisco,075,870044,3259,2906,1,2907,46
2020-06-17,San Joaquin,077,732212,2788,1825,3,1828,46
2020-06-17,San Luis Obispo,079,281455,555,362,5,367,1
2020-06-17,San Mateo,081,765935,3002,2649,3,2652,78
2020-06-17,Santa Barbara,083,443738,2668,2147,17,2164,19
2020-06-17,Santa Clara,085,1922200,4449,3264,16,3280,148
2020-06-17,Santa Cruz,087,273765,338,265,0,265,2
2020-06-17,Shasta,089,179085,124,51,0,51,4
2020-06-17,Sierra,091,2930,1,1,0,1,0
2020-06-17,Siskiyou,093,43540,28,16,0,16,0
2020-06-17,Solano,095,438530,1150,722,4,726,21
2020-06-17,Sonoma,097,501317,986,748,2,750,4
2020-06-17,Stanislaus,099,539301,2227,1387,6,1393,35
2020-06-17,Sutter,101,95872,119,79,0,79,2
2020-06-17,Tehama,103,63373,41,24,2,26,1
2020-06-17,Trinity,105,12862,14,2,3,5,0
2020-06-17,Tulare,107,460477,4087,2882,10,2892,106
2020-06-17,Tuolumne,109,53932,12,7,0,7,0
2020-06-17,Ventura,111,848112,2673,1729,14,1743,37
2020-06-17,Yolo,113,214977,403,277,0,277,24
2020-06-17,Yuba,115,75493,41,30,0,30,1
2020-06-16,Alameda,001,1643700,5316,4428,7,4435,113
2020-06-16,Alpine,003,1148,1,1,0,1,0
2020-06-16,Amador,005,37829,12,10,0,10,0
2020-06-16,Butte,007,227075,142,79,12,91,1
2020-06-16,Calaveras,009,45235,34,19,0,19,0
2020-06-16,Colusa,011,21464,16,7,0,7,0
2020-06-16,Contra Costa,013,1133247,2413,1971,2,1973,45
2020-06-16,Del Norte,015,27424,47,45,0,45,0
2020-06-16,El Dorado,017,186661,181,115,2,117,0
2020-06-16,Fresno,019,978130,5425,2731,59,2790,50
2020-06-16,Glenn,021,27897,71,30,0,30,0
2020-06-16,Humboldt,023,135768,135,105,0,105,3
2020-06-16,Imperial,025,180216,6347,3939,4,3943,36
2020-06-16,Inyo,027,18085,25,24,0,24,1
2020-06-16,Kern,029,883053,4939,3496,14,3510,55
2020-06-16,Kings,031,150075,2152,1044,4,1048,6
2020-06-16,Lake,033,64148,44,31,0,31,0
2020-06-16,Lassen,035,31185,15,5,2,7,0
2020-06-16,Los Angeles,037,10098052,86574,75051,26,75077,2942
2020-06-16,Madera,039,155013,533,239,2,241,3
2020-06-16,Marin,041,260295,1203,725,3,728,17
2020-06-16,Mariposa,043,17540,18,17,0,17,1
2020-06-16,Mendocino,045,87422,61,35,0,35,0
2020-06-16,Merced,047,269075,814,436,1,437,7
2020-06-16,Modoc,049,8938,1,0,0,0,0
2020-06-16,Mono,051,14174,42,34,0,34,1
2020-06-16,Monterey,053,433212,1413,1019,5,1024,12
2020-06-16,Napa,055,140530,257,196,0,196,3
2020-06-16,Nevada,057,99092,91,53,1,54,1
2020-06-16,Orange,059,3164182,13585,9163,102,9265,223
2020-06-16,Placer,061,380077,577,392,3,395,9
2020-06-16,Plumas,063,18699,6,5,0,5,0
2020-06-16,Riverside,065,2383286,15246,11638,24,11662,364
2020-06-16,Sacramento,067,1510023,2287,1825,4,1829,60
2020-06-16,San Benito,069,59416,190,110,0,110,2
2020-06-16,San Bernardino,071,2135413,11003,7463,7,7470,225
2020-06-16,San Diego,073,3302833,11678,9732,1,9733,323
2020-06-16,San Francisco,075,870044,3208,2893,1,2894,46
2020-06-16,San Joaquin,077,732212,2635,1718,3,1721,47
2020-06-16,San Luis Obispo,079,281455,531,343,5,348,1
2020-06-16,San Mateo,081,765935,2948,2618,3,2621,77
2020-06-16,Santa Barbara,083,443738,2601,2090,17,2107,16
2020-06-16,Santa Clara,085,1922200,4338,3228,15,3243,148
2020-06-16,Santa Cruz,087,273765,322,257,0,257,2
2020-06-16,Shasta,089,179085,115,51,0,51,4
2020-06-16,Sierra,091,2930,1,1,0,1,0
2020-06-16,Siskiyou,093,43540,27,15,0,15,0
2020-06-16,Solano,095,438530,1060,694,4,698,19
2020-06-16,Sonoma,097,501317,954,739,2,741,4
2020-06-16,Stanislaus,099,539301,2073,1278,6,1284,36
2020-06-16,Sutter,101,95872,112,73,0,73,2
2020-06-16,Tehama,103,63373,37,24,2,26,1
2020-06-16,Trinity,105,12862,14,2,3,5,0
2020-06-16,Tulare,107,460477,3969,2802,10,2812,96
2020-06-16,Tuolumne,109,53932,12,7,0,7,0
2020-06-16,Ventura,111,848112,2573,1676,14,1690,37
2020-06-16,Yolo,113,214977,380,262,0,262,24
2020-06-16,Yuba,115,75493,39,29,0,29,1
2020-06-15,Alameda,001,1643700,5189,4323,7,4330,112
2020-06-15,Alpine,003,1148,1,1,0,1,0
2020-06-15,Amador,005,37829,12,10,0,10,0
2020-06-15,Butte,007,227075,134,78,12,90,1
2020-06-15,Calaveras,009,45235,34,18,0,18,0
2020-06-15,Colusa,011,21464,14,7,0,7,0
2020-06-15,Contra Costa,013,1133247,2337,1918,2,1920,43
2020-06-15,Del Norte,015,27424,47,45,0,45,0
2020-06-15,El Dorado,017,186661,171,114,2,116,0
2020-06-15,Fresno,019,978130,5213,2616,58,2674,48
2020-06-15,Glenn,021,27897,66,21,0,21,0
2020-06-15,Humboldt,023,135768,133,105,0,105,3
2020-06-15,Imperial,025,180216,6172,3726,4,3730,36
2020-06-15,Inyo,027,18085,25,23,0,23,1
2020-06-15,Kern,029,883053,4716,3417,14,3431,55
2020-06-15,Kings,031,150075,2076,1022,4,1026,6
2020-06-15,Lake,033,64148,44,31,0,31,0
2020-06-15,Lassen,035,31185,15,5,2,7,0
2020-06-15,Los Angeles,037,10098052,84387,73705,26,73731,2908
2020-06-15,Madera,039,155013,511,203,2,205,3
2020-06-15,Marin,041,260295,1036,708,3,711,17
2020-06-15,Mariposa,043,17540,18,17,0,17,1
2020-06-15,Mendocino,045,87422,52,33,0,33,0
2020-06-15,Merced,047,269075,768,414,1,415,7
2020-06-15,Modoc,049,8938,1,0,0,0,0
2020-06-15,Mono,051,14174,42,34,0,34,1
2020-06-15,Monterey,053,433212,1347,998,5,1003,12
2020-06-15,Napa,055,140530,249,187,0,187,3
2020-06-15,Nevada,057,99092,85,52,1,53,1
2020-06-15,Orange,059,3164182,13017,8944,94,9038,212
2020-06-15,Placer,061,380077,555,386,3,389,9
2020-06-15,Plumas,063,18699,6,4,0,4,0
2020-06-15,Riverside,065,2383286,14628,11376,23,11399,364
2020-06-15,Sacramento,067,1510023,2171,1791,4,1795,60
2020-06-15,San Benito,069,59416,184,108,0,108,2
2020-06-15,San Bernardino,071,2135413,10500,7189,7,7196,224
2020-06-15,San Diego,073,3302833,11338,9612,1,9613,320
2020-06-15,San Francisco,075,870044,3164,2833,1,2834,45
2020-06-15,San Joaquin,077,732212,2499,1667,3,1670,43
2020-06-15,San Luis Obispo,079,281455,516,332,5,337,1
2020-06-15,San Mateo,081,765935,2901,2591,3,2594,75
2020-06-15,Santa Barbara,083,443738,2533,2054,17,2071,16
2020-06-15,Santa Clara,085,1922200,4238,3204,15,3219,148
2020-06-15,Santa Cruz,087,273765,311,254,0,254,2
2020-06-15,Shasta,089,179085,109,50,0,50,4
2020-06-15,Sierra,091,2930,1,1,0,1,0
2020-06-15,Siskiyou,093,43540,26,14,0,14,0
2020-06-15,Solano,095,438530,1000,638,4,642,19
2020-06-15,Sonoma,097,501317,925,726,2,728,4
2020-06-15,Stanislaus,099,539301,1956,1253,6,1259,35
2020-06-15,Sutter,101,95872,102,71,0,71,2
2020-06-15,Tehama,103,63373,37,17,2,19,1
2020-06-15,Trinity,105,12862,13,2,3,5,0
2020-06-15,Tulare,107,460477,3855,2662,10,2672,96
2020-06-15,Tuolumne,109,53932,11,7,0,7,0
2020-06-15,Ventura,111,848112,2492,1656,14,1670,37
2020-06-15,Yolo,113,214977,360,255,0,255,24
2020-06-15,Yuba,115,75493,39,28,0,28,1
2020-06-14,Alameda,001,1643700,5042,4271,7,4278,112
2020-06-14,Alpine,003,1148,1,1,0,1,0
2020-06-14,Amador,005,37829,12,10,0,10,0
2020-06-14,Butte,007,227075,126,78,12,90,1
2020-06-14,Calaveras,009,45235,33,18,0,18,0
2020-06-14,Colusa,011,21464,13,7,0,7,0
2020-06-14,Contra Costa,013,1133247,2269,1893,2,1895,43
2020-06-14,Del Norte,015,27424,47,45,0,45,0
2020-06-14,El Dorado,017,186661,167,110,2,112,0
2020-06-14,Fresno,019,978130,5028,2585,57,2642,48
2020-06-14,Glenn,021,27897,51,21,0,21,0
2020-06-14,Humboldt,023,135768,129,105,0,105,3
2020-06-14,Imperial,025,180216,5941,3730,4,3734,36
2020-06-14,Inyo,027,18085,24,23,0,23,1
2020-06-14,Kern,029,883053,4505,3328,14,3342,55
2020-06-14,Kings,031,150075,2025,1022,3,1025,6
2020-06-14,Lake,033,64148,41,31,0,31,0
2020-06-14,Lassen,035,31185,15,5,2,7,0
2020-06-14,Los Angeles,037,10098052,82067,72932,25,72957,2887
2020-06-14,Madera,039,155013,492,203,2,205,3
2020-06-14,Marin,041,260295,871,689,2,691,17
2020-06-14,Mariposa,043,17540,18,16,0,16,1
2020-06-14,Mendocino,045,87422,49,33,0,33,0
2020-06-14,Merced,047,269075,717,403,1,404,7
2020-06-14,Modoc,049,8938,1,0,0,0,0
2020-06-14,Mono,051,14174,42,34,0,34,1
2020-06-14,Monterey,053,433212,1286,949,5,954,12
2020-06-14,Napa,055,140530,227,181,0,181,3
2020-06-14,Nevada,057,99092,81,52,1,53,1
2020-06-14,Orange,059,3164182,12589,8744,90,8834,211
2020-06-14,Placer,061,380077,529,369,3,372,9
2020-06-14,Plumas,063,18699,5,4,0,4,0
2020-06-14,Riverside,065,2383286,14185,11218,23,11241,364
2020-06-14,Sacramento,067,1510023,2084,1750,4,1754,60
2020-06-14,San Benito,069,59416,173,104,0,104,2
2020-06-14,San Bernardino,071,2135413,9961,7015,7,7022,224
2020-06-14,San Diego,073,3302833,10963,9442,1,9443,319
2020-06-14,San Francisco,075,870044,3124,2834,1,2835,45
2020-06-14,San Joaquin,077,732212,2348,1603,3,1606,43
2020-06-14,San Luis Obispo,079,281455,501,330,5,335,1
2020-06-14,San Mateo,081,765935,2843,2571,3,2574,75
2020-06-14,Santa Barbara,083,443738,2456,2049,17,2066,17
2020-06-14,Santa Clara,085,1922200,4143,3178,15,3193,148
2020-06-14,Santa Cruz,087,273765,297,254,0,254,2
2020-06-14,Shasta,089,179085,103,48,0,48,4
2020-06-14,Sierra,091,2930,1,1,0,1,0
2020-06-14,Siskiyou,093,43540,25,13,0,13,0
2020-06-14,Solano,095,438530,951,638,4,642,19
2020-06-14,Sonoma,097,501317,897,724,2,726,4
2020-06-14,Stanislaus,099,539301,1807,1159,6,1165,35
2020-06-14,Sutter,101,95872,97,63,0,63,2
2020-06-14,Tehama,103,63373,34,17,2,19,1
2020-06-14,Trinity,105,12862,13,2,3,5,0
2020-06-14,Tulare,107,460477,3721,2646,10,2656,96
2020-06-14,Tuolumne,109,53932,11,7,0,7,0
2020-06-14,Ventura,111,848112,2393,1610,13,1623,37
2020-06-14,Yolo,113,214977,344,254,0,254,24
2020-06-14,Yuba,115,75493,38,28,0,28,1
2020-06-13,Alameda,001,1643700,4979,4196,7,4203,112
2020-06-13,Alpine,003,1148,1,1,0,1,0
2020-06-13,Amador,005,37829,11,10,0,10,0
2020-06-13,Butte,007,227075,117,72,12,84,1
2020-06-13,Calaveras,009,45235,31,18,0,18,0
2020-06-13,Colusa,011,21464,12,7,0,7,0
2020-06-13,Contra Costa,013,1133247,2233,1868,2,1870,43
2020-06-13,Del Norte,015,27424,47,45,0,45,0
2020-06-13,El Dorado,017,186661,163,110,2,112,0
2020-06-13,Fresno,019,978130,4930,2499,57,2556,48
2020-06-13,Glenn,021,27897,49,21,0,21,0
2020-06-13,Humboldt,023,135768,128,104,0,104,3
2020-06-13,Imperial,025,180216,5868,3646,4,3650,36
2020-06-13,Inyo,027,18085,24,23,0,23,1
2020-06-13,Kern,029,883053,4396,3239,14,3253,55
2020-06-13,Kings,031,150075,2005,1023,3,1026,6
2020-06-13,Lake,033,64148,40,29,0,29,0
2020-06-13,Lassen,035,31185,15,5,2,7,0
2020-06-13,Los Angeles,037,10098052,81026,71938,25,71963,2874
2020-06-13,Madera,039,155013,488,203,2,205,3
2020-06-13,Marin,041,260295,840,677,2,679,17
2020-06-13,Mariposa,043,17540,18,16,0,16,1
2020-06-13,Mendocino,045,87422,49,33,0,33,0
2020-06-13,Merced,047,269075,699,376,1,377,7
2020-06-13,Modoc,049,8938,1,0,0,0,0
2020-06-13,Mono,051,14174,42,35,0,35,1
2020-06-13,Monterey,053,433212,1248,900,5,905,11
2020-06-13,Napa,055,140530,224,171,0,171,3
2020-06-13,Nevada,057,99092,79,52,1,53,1
2020-06-13,Orange,059,3164182,12344,8581,87,8668,211
2020-06-13,Placer,061,380077,512,346,3,349,9
2020-06-13,Plumas,063,18699,5,4,0,4,0
2020-06-13,Riverside,065,2383286,13906,10931,23,10954,364
2020-06-13,Sacramento,067,1510023,2029,1713,4,1717,60
2020-06-13,San Benito,069,59416,166,99,0,99,2
2020-06-13,San Bernardino,071,2135413,9738,6885,7,6892,224
2020-06-13,San Diego,073,3302833,10791,9316,1,9317,319
2020-06-13,San Francisco,075,870044,3104,2834,1,2835,44
2020-06-13,San Joaquin,077,732212,2267,1461,3,1464,43
2020-06-13,San Luis Obispo,079,281455,490,326,5,331,1
2020-06-13,San Mateo,081,765935,2820,2551,3,2554,75
2020-06-13,Santa Barbara,083,443738,2398,1999,17,2016,15
2020-06-13,Santa Clara,085,1922200,4100,3141,15,3156,148
2020-06-13,Santa Cruz,087,273765,291,254,0,254,2
2020-06-13,Shasta,089,179085,101,48,0,48,4
2020-06-13,Sierra,091,2930,1,1,0,1,0
2020-06-13,Siskiyou,093,43540,25,13,0,13,0
2020-06-13,Solano,095,438530,923,637,4,641,19
2020-06-13,Sonoma,097,501317,882,711,2,713,4
2020-06-13,Stanislaus,099,539301,1750,1122,6,1128,33
2020-06-13,Sutter,101,95872,96,62,0,62,2
2020-06-13,Tehama,103,63373,33,17,2,19,1
2020-06-13,Trinity,105,12862,13,2,3,5,0
2020-06-13,Tulare,107,460477,3689,2626,10,2636,96
2020-06-13,Tuolumne,109,53932,10,7,0,7,0
2020-06-13,Ventura,111,848112,2347,1567,13,1580,37
2020-06-13,Yolo,113,214977,324,251,0,251,24
2020-06-13,Yuba,115,75493,38,28,0,28,1
2020-06-12,Alameda,001,1643700,4906,4167,7,4174,109
2020-06-12,Alpine,003,1148,1,1,0,1,0
2020-06-12,Amador,005,37829,11,10,0,10,0
2020-06-12,Butte,007,227075,113,71,11,82,1
2020-06-12,Calaveras,009,45235,28,18,0,18,0
2020-06-12,Colusa,011,21464,12,7,0,7,0
2020-06-12,Contra Costa,013,1133247,2196,1827,2,1829,43
2020-06-12,Del Norte,015,27424,47,45,0,45,0
2020-06-12,El Dorado,017,186661,163,110,2,112,0
2020-06-12,Fresno,019,978130,4792,2428,57,2485,47
2020-06-12,Glenn,021,27897,46,21,0,21,0
2020-06-12,Humboldt,023,135768,126,105,0,105,3
2020-06-12,Imperial,025,180216,5784,3543,4,3547,36
2020-06-12,Inyo,027,18085,24,23,0,23,1
2020-06-12,Kern,029,883053,4279,3152,14,3166,54
2020-06-12,Kings,031,150075,1992,987,3,990,6
2020-06-12,Lake,033,64148,39,29,0,29,0
2020-06-12,Lassen,035,31185,15,5,2,7,0
2020-06-12,Los Angeles,037,10098052,79620,70385,25,70410,2814
2020-06-12,Madera,039,155013,463,187,2,189,3
2020-06-12,Marin,041,260295,837,649,2,651,17
2020-06-12,Mariposa,043,17540,18,16,0,16,1
2020-06-12,Mendocino,045,87422,49,33,0,33,0
2020-06-12,Merced,047,269075,665,372,1,373,7
2020-06-12,Modoc,049,8938,1,0,0,0,0
2020-06-12,Mono,051,14174,39,35,0,35,1
2020-06-12,Monterey,053,433212,1207,864,4,868,11
2020-06-12,Napa,055,140530,221,162,0,162,3
2020-06-12,Nevada,057,99092,73,52,1,53,1
2020-06-12,Orange,059,3164182,12038,8440,86,8526,203
2020-06-12,Placer,061,380077,495,333,3,336,9
2020-06-12,Plumas,063,18699,5,4,0,4,0
2020-06-12,Riverside,065,2383286,13569,10616,23,10639,364
2020-06-12,Sacramento,067,1510023,1974,1702,4,1706,60
2020-06-12,San Benito,069,59416,159,96,0,96,2
2020-06-12,San Bernardino,071,2135413,9469,6707,7,6714,223
2020-06-12,San Diego,073,3302833,10621,9132,1,9133,313
2020-06-12,San Francisco,075,870044,3070,2823,1,2824,44
2020-06-12,San Joaquin,077,732212,2187,1406,3,1409,43
2020-06-12,San Luis Obispo,079,281455,474,321,5,326,1
2020-06-12,San Mateo,081,765935,2785,2533,3,2536,75
2020-06-12,Santa Barbara,083,443738,2344,1969,17,1986,14
2020-06-12,Santa Clara,085,1922200,4056,3099,15,3114,149
2020-06-12,Santa Cruz,087,273765,283,251,0,251,2
2020-06-12,Shasta,089,179085,94,48,0,48,5
2020-06-12,Sierra,091,2930,1,1,0,1,0
2020-06-12,Siskiyou,093,43540,25,13,0,13,0
2020-06-12,Solano,095,438530,909,620,4,624,19
2020-06-12,Sonoma,097,501317,863,696,2,698,4
2020-06-12,Stanislaus,099,539301,1691,1092,6,1098,33
2020-06-12,Sutter,101,95872,95,56,0,56,2
2020-06-12,Tehama,103,63373,32,13,2,15,1
2020-06-12,Trinity,105,12862,13,2,3,5,0
2020-06-12,Tulare,107,460477,3635,2552,10,2562,95
2020-06-12,Tuolumne,109,53932,10,7,0,7,0
2020-06-12,Ventura,111,848112,2295,1534,13,1547,35
2020-06-12,Yolo,113,214977,312,243,0,243,24
2020-06-12,Yuba,115,75493,36,27,0,27,1
2020-06-11,Alameda,001,1643700,4777,4073,6,4079,108
2020-06-11,Alpine,003,1148,1,1,0,1,0
2020-06-11,Amador,005,37829,10,10,0,10,0
2020-06-11,Butte,007,227075,107,72,11,83,1
2020-06-11,Calaveras,009,45235,27,16,0,16,0
2020-06-11,Colusa,011,21464,12,7,0,7,0
2020-06-11,Contra Costa,013,1133247,2143,1797,2,1799,43
2020-06-11,Del Norte,015,27424,47,45,0,45,0
2020-06-11,El Dorado,017,186661,155,109,2,111,0
2020-06-11,Fresno,019,978130,4639,2338,57,2395,45
2020-06-11,Glenn,021,27897,42,21,0,21,0
2020-06-11,Humboldt,023,135768,122,113,0,113,3
2020-06-11,Imperial,025,180216,5627,3463,4,3467,36
2020-06-11,Inyo,027,18085,22,23,0,23,1
2020-06-11,Kern,029,883053,4127,3047,12,3059,54
2020-06-11,Kings,031,150075,1959,963,3,966,6
2020-06-11,Lake,033,64148,39,28,0,28,0
2020-06-11,Lassen,035,31185,15,5,2,7,0
2020-06-11,Los Angeles,037,10098052,77954,68807,24,68831,2800
2020-06-11,Madera,039,155013,445,178,2,180,3
2020-06-11,Marin,041,260295,789,637,2,639,17
2020-06-11,Mariposa,043,17540,18,16,0,16,1
2020-06-11,Mendocino,045,87422,40,35,0,35,0
2020-06-11,Merced,047,269075,625,370,1,371,7
2020-06-11,Modoc,049,8938,1,0,0,0,0
2020-06-11,Mono,051,14174,39,35,0,35,1
2020-06-11,Monterey,053,433212,1160,813,4,817,11
2020-06-11,Napa,055,140530,212,162,0,162,3
2020-06-11,Nevada,057,99092,67,50,1,51,1
2020-06-11,Orange,059,3164182,11730,8304,85,8389,188
2020-06-11,Placer,061,380077,476,321,3,324,9
2020-06-11,Plumas,063,18699,5,4,0,4,0
2020-06-11,Riverside,065,2383286,13216,10014,23,10037,361
2020-06-11,Sacramento,067,1510023,1926,1669,4,1673,60
2020-06-11,San Benito,069,59416,153,94,0,94,2
2020-06-11,San Bernardino,071,2135413,9172,6509,7,6516,221
2020-06-11,San Diego,073,3302833,10391,9000,0,9000,308
2020-06-11,San Francisco,075,870044,3041,2766,1,2767,44
2020-06-11,San Joaquin,077,732212,2075,1351,3,1354,43
2020-06-11,San Luis Obispo,079,281455,460,307,5,312,1
2020-06-11,San Mateo,081,765935,2747,2499,3,2502,74
2020-06-11,Santa Barbara,083,443738,2283,1895,17,1912,14
2020-06-11,Santa Clara,085,1922200,3989,3049,15,3064,149
2020-06-11,Santa Cruz,087,273765,279,247,0,247,2
2020-06-11,Shasta,089,179085,87,47,0,47,5
2020-06-11,Sierra,091,2930,1,1,0,1,0
2020-06-11,Siskiyou,093,43540,25,14,0,14,0
2020-06-11,Solano,095,438530,883,616,4,620,19
2020-06-11,Sonoma,097,501317,841,682,2,684,4
2020-06-11,Stanislaus,099,539301,1600,1062,6,1068,30
2020-06-11,Sutter,101,95872,92,56,0,56,2
2020-06-11,Tehama,103,63373,27,10,2,12,1
2020-06-11,Trinity,105,12862,11,2,3,5,0
2020-06-11,Tulare,107,460477,3536,2473,10,2483,95
2020-06-11,Tuolumne,109,53932,10,7,0,7,0
2020-06-11,Ventura,111,848112,2218,1491,12,1503,34
2020-06-11,Yolo,113,214977,304,230,0,230,24
2020-06-11,Yuba,115,75493,36,27,0,27,1
2020-06-10,Alameda,001,1643700,4677,4027,6,4033,107
2020-06-10,Alpine,003,1148,1,1,0,1,0
2020-06-10,Amador,005,37829,10,10,0,10,0
2020-06-10,Butte,007,227075,103,71,11,82,1
2020-06-10,Calaveras,009,45235,27,16,0,16,0
2020-06-10,Colusa,011,21464,11,7,0,7,0
2020-06-10,Contra Costa,013,1133247,2099,1778,2,1780,43
2020-06-10,Del Norte,015,27424,47,45,0,45,0
2020-06-10,El Dorado,017,186661,152,109,2,111,0
2020-06-10,Fresno,019,978130,4462,2324,57,2381,45
2020-06-10,Glenn,021,27897,39,21,0,21,0
2020-06-10,Humboldt,023,135768,118,112,0,112,3
2020-06-10,Imperial,025,180216,5479,3454,4,3458,36
2020-06-10,Inyo,027,18085,22,23,0,23,1
2020-06-10,Kern,029,883053,4002,3000,11,3011,54
2020-06-10,Kings,031,150075,1913,952,2,954,6
2020-06-10,Lake,033,64148,39,28,0,28,0
2020-06-10,Lassen,035,31185,15,5,2,7,0
2020-06-10,Los Angeles,037,10098052,76439,67018,24,67042,2752
2020-06-10,Madera,039,155013,431,176,1,177,3
2020-06-10,Marin,041,260295,757,633,2,635,17
2020-06-10,Mariposa,043,17540,17,16,0,16,1
2020-06-10,Mendocino,045,87422,39,35,0,35,0
2020-06-10,Merced,047,269075,592,370,1,371,7
2020-06-10,Modoc,049,8938,1,0,0,0,0
2020-06-10,Mono,051,14174,39,35,0,35,1
2020-06-10,Monterey,053,433212,1106,791,4,795,11
2020-06-10,Napa,055,140530,209,159,0,159,3
2020-06-10,Nevada,057,99092,65,50,1,51,1
2020-06-10,Orange,059,3164182,11453,8222,81,8303,184
2020-06-10,Placer,061,380077,451,309,3,312,9
2020-06-10,Plumas,063,18699,5,4,0,4,0
2020-06-10,Riverside,065,2383286,12893,9857,23,9880,361
2020-06-10,Sacramento,067,1510023,1887,1643,2,1645,59
2020-06-10,San Benito,069,59416,144,94,0,94,2
2020-06-10,San Bernardino,071,2135413,8879,6438,7,6445,219
2020-06-10,San Diego,073,3302833,10227,8839,0,8839,305
2020-06-10,San Francisco,075,870044,3016,2774,1,2775,44
2020-06-10,San Joaquin,077,732212,1946,1282,3,1285,41
2020-06-10,San Luis Obispo,079,281455,440,306,5,311,1
2020-06-10,San Mateo,081,765935,2707,2492,3,2495,74
2020-06-10,Santa Barbara,083,443738,2227,1878,17,1895,13
2020-06-10,Santa Clara,085,1922200,3938,3032,15,3047,149
2020-06-10,Santa Cruz,087,273765,275,242,0,242,2
2020-06-10,Shasta,089,179085,82,45,0,45,5
2020-06-10,Sierra,091,2930,1,1,0,1,0
2020-06-10,Siskiyou,093,43540,25,14,0,14,0
2020-06-10,Solano,095,438530,847,608,4,612,19
2020-06-10,Sonoma,097,501317,823,673,2,675,4
2020-06-10,Stanislaus,099,539301,1510,1030,6,1036,29
2020-06-10,Sutter,101,95872,91,56,0,56,2
2020-06-10,Tehama,103,63373,25,10,2,12,1
2020-06-10,Trinity,105,12862,11,2,3,5,0
2020-06-10,Tulare,107,460477,3444,2455,10,2465,95
2020-06-10,Tuolumne,109,53932,10,7,0,7,0
2020-06-10,Ventura,111,848112,2172,1446,11,1457,34
2020-06-10,Yolo,113,214977,296,226,0,226,24
2020-06-10,Yuba,115,75493,35,27,0,27,1
2020-06-09,Alameda,001,1643700,4566,3963,6,3969,103
2020-06-09,Alpine,003,1148,1,1,0,1,0
2020-06-09,Amador,005,37829,10,10,0,10,0
2020-06-09,Butte,007,227075,102,70,10,80,1
2020-06-09,Calaveras,009,45235,27,16,0,16,0
2020-06-09,Colusa,011,21464,10,7,0,7,0
2020-06-09,Contra Costa,013,1133247,2058,1744,2,1746,42
2020-06-09,Del Norte,015,27424,47,45,0,45,0
2020-06-09,El Dorado,017,186661,142,108,2,110,0
2020-06-09,Fresno,019,978130,4311,2278,57,2335,43
2020-06-09,Glenn,021,27897,38,19,0,19,0
2020-06-09,Humboldt,023,135768,116,113,0,113,2
2020-06-09,Imperial,025,180216,5329,3067,4,3071,36
2020-06-09,Inyo,027,18085,22,22,0,22,1
2020-06-09,Kern,029,883053,3874,2920,11,2931,51
2020-06-09,Kings,031,150075,1881,934,2,936,6
2020-06-09,Lake,033,64148,39,28,0,28,0
2020-06-09,Lassen,035,31185,15,5,2,7,0
2020-06-09,Los Angeles,037,10098052,74781,65827,24,65851,2692
2020-06-09,Madera,039,155013,416,172,1,173,3
2020-06-09,Marin,041,260295,721,616,2,618,17
2020-06-09,Mariposa,043,17540,17,16,0,16,1
2020-06-09,Mendocino,045,87422,35,35,0,35,0
2020-06-09,Merced,047,269075,563,349,1,350,7
2020-06-09,Modoc,049,8938,1,0,0,0,0
2020-06-09,Mono,051,14174,39,35,0,35,1
2020-06-09,Monterey,053,433212,1065,772,4,776,11
2020-06-09,Napa,055,140530,199,156,0,156,3
2020-06-09,Nevada,057,99092,57,50,1,51,1
2020-06-09,Orange,059,3164182,11210,7991,79,8070,174
2020-06-09,Placer,061,380077,438,301,3,304,9
2020-06-09,Plumas,063,18699,5,4,0,4,0
2020-06-09,Riverside,065,2383286,12515,9511,23,9534,354
2020-06-09,Sacramento,067,1510023,1832,1625,2,1627,59
2020-06-09,San Benito,069,59416,138,95,0,95,2
2020-06-09,San Bernardino,071,2135413,8556,6268,6,6274,217
2020-06-09,San Diego,073,3302833,10042,8731,0,8731,301
2020-06-09,San Francisco,075,870044,2991,2749,1,2750,44
2020-06-09,San Joaquin,077,732212,1840,1240,3,1243,41
2020-06-09,San Luis Obispo,079,281455,427,301,4,305,1
2020-06-09,San Mateo,081,765935,2676,2463,3,2466,74
2020-06-09,Santa Barbara,083,443738,2171,1854,17,1871,13
2020-06-09,Santa Clara,085,1922200,3870,3006,14,3020,147
2020-06-09,Santa Cruz,087,273765,269,237,0,237,2
2020-06-09,Shasta,089,179085,78,44,0,44,4
2020-06-09,Sierra,091,2930,1,1,0,1,0
2020-06-09,Siskiyou,093,43540,20,10,0,10,0
2020-06-09,Solano,095,438530,812,596,4,600,18
2020-06-09,Sonoma,097,501317,800,661,2,663,4
2020-06-09,Stanislaus,099,539301,1409,993,6,999,25
2020-06-09,Sutter,101,95872,88,56,0,56,2
2020-06-09,Tehama,103,63373,25,9,2,11,1
2020-06-09,Trinity,105,12862,10,2,3,5,0
2020-06-09,Tulare,107,460477,3378,2393,10,2403,91
2020-06-09,Tuolumne,109,53932,10,8,0,8,0
2020-06-09,Ventura,111,848112,2106,1407,11,1418,34
2020-06-09,Yolo,113,214977,285,226,0,226,24
2020-06-09,Yuba,115,75493,34,27,0,27,1
2020-06-08,Alameda,001,1643700,4485,3937,6,3943,103
2020-06-08,Alpine,003,1148,1,1,0,1,0
2020-06-08,Amador,005,37829,10,10,0,10,0
2020-06-08,Butte,007,227075,98,68,10,78,1
2020-06-08,Calaveras,009,45235,27,16,0,16,0
2020-06-08,Colusa,011,21464,9,7,0,7,0
2020-06-08,Contra Costa,013,1133247,2015,1714,2,1716,41
2020-06-08,Del Norte,015,27424,47,45,0,45,0
2020-06-08,El Dorado,017,186661,138,107,1,108,0
2020-06-08,Fresno,019,978130,4189,2194,56,2250,42
2020-06-08,Glenn,021,27897,36,17,0,17,0
2020-06-08,Humboldt,023,135768,116,112,0,112,2
2020-06-08,Imperial,025,180216,5177,3051,4,3055,21
2020-06-08,Inyo,027,18085,22,22,0,22,1
2020-06-08,Kern,029,883053,3743,2853,10,2863,49
2020-06-08,Kings,031,150075,1805,892,2,894,6
2020-06-08,Lake,033,64148,39,28,0,28,0
2020-06-08,Lassen,035,31185,15,4,2,6,0
2020-06-08,Los Angeles,037,10098052,73320,64634,24,64658,2640
2020-06-08,Madera,039,155013,386,154,1,155,3
2020-06-08,Marin,041,260295,680,596,2,598,17
2020-06-08,Mariposa,043,17540,16,16,0,16,1
2020-06-08,Mendocino,045,87422,33,32,0,32,0
2020-06-08,Merced,047,269075,529,331,1,332,7
2020-06-08,Modoc,049,8938,1,0,0,0,0
2020-06-08,Mono,051,14174,39,35,0,35,1
2020-06-08,Monterey,053,433212,1014,751,3,754,10
2020-06-08,Napa,055,140530,183,151,0,151,3
2020-06-08,Nevada,057,99092,56,50,1,51,1
2020-06-08,Orange,059,3164182,10959,7786,77,7863,160
2020-06-08,Placer,061,380077,421,290,3,293,9
2020-06-08,Plumas,063,18699,5,4,0,4,0
2020-06-08,Riverside,065,2383286,12146,9246,23,9269,347
2020-06-08,Sacramento,067,1510023,1782,1591,2,1593,59
2020-06-08,San Benito,069,59416,131,93,0,93,2
2020-06-08,San Bernardino,071,2135413,8237,6122,6,6128,214
2020-06-08,San Diego,073,3302833,9885,8621,0,8621,296
2020-06-08,San Francisco,075,870044,2964,2715,1,2716,43
2020-06-08,San Joaquin,077,732212,1733,1198,3,1201,40
2020-06-08,San Luis Obispo,079,281455,421,300,4,304,1
2020-06-08,San Mateo,081,765935,2645,2431,2,2433,74
2020-06-08,Santa Barbara,083,443738,2116,1824,15,1839,13
2020-06-08,Santa Clara,085,1922200,3824,2971,14,2985,146
2020-06-08,Santa Cruz,087,273765,268,234,0,234,2
2020-06-08,Shasta,089,179085,74,43,0,43,4
2020-06-08,Sierra,091,2930,1,1,0,1,0
2020-06-08,Siskiyou,093,43540,20,8,0,8,0
2020-06-08,Solano,095,438530,785,560,4,564,19
2020-06-08,Sonoma,097,501317,784,654,2,656,4
2020-06-08,Stanislaus,099,539301,1326,956,6,962,28
2020-06-08,Sutter,101,95872,81,55,0,55,2
2020-06-08,Tehama,103,63373,19,8,2,10,1
2020-06-08,Trinity,105,12862,10,2,3,5,0
2020-06-08,Tulare,107,460477,3295,2301,10,2311,91
2020-06-08,Tuolumne,109,53932,9,8,0,8,0
2020-06-08,Ventura,111,848112,2048,1382,11,1393,30
2020-06-08,Yolo,113,214977,274,228,0,228,24
2020-06-08,Yuba,115,75493,32,27,0,27,1
2020-06-07,Alameda,001,1643700,4372,3866,6,3872,102
2020-06-07,Alpine,003,1148,1,1,0,1,0
2020-06-07,Amador,005,37829,10,10,0,10,0
2020-06-07,Butte,007,227075,96,64,8,72,1
2020-06-07,Calaveras,009,45235,25,16,0,16,0
2020-06-07,Colusa,011,21464,9,7,0,7,0
2020-06-07,Contra Costa,013,1133247,1964,1653,1,1654,38
2020-06-07,Del Norte,015,27424,45,45,0,45,0
2020-06-07,El Dorado,017,186661,138,104,1,105,0
2020-06-07,Fresno,019,978130,4059,2144,56,2200,41
2020-06-07,Glenn,021,27897,29,16,0,16,0
2020-06-07,Humboldt,023,135768,116,112,0,112,2
2020-06-07,Imperial,025,180216,5027,3048,4,3052,19
2020-06-07,Inyo,027,18085,22,21,0,21,1
2020-06-07,Kern,029,883053,3612,2771,10,2781,46
2020-06-07,Kings,031,150075,1756,882,2,884,6
2020-06-07,Lake,033,64148,36,28,0,28,0
2020-06-07,Lassen,035,31185,14,4,2,6,0
2020-06-07,Los Angeles,037,10098052,71611,63750,24,63774,2629
2020-06-07,Madera,039,155013,369,149,1,150,3
2020-06-07,Marin,041,260295,666,584,2,586,17
2020-06-07,Mariposa,043,17540,16,16,0,16,1
2020-06-07,Mendocino,045,87422,33,32,0,32,0
2020-06-07,Merced,047,269075,497,318,1,319,7
2020-06-07,Modoc,049,8938,1,0,0,0,0
2020-06-07,Mono,051,14174,39,35,0,35,1
2020-06-07,Monterey,053,433212,968,732,3,735,10
2020-06-07,Napa,055,140530,175,142,0,142,3
2020-06-07,Nevada,057,99092,55,50,1,51,1
2020-06-07,Orange,059,3164182,10701,7643,75,7718,158
2020-06-07,Placer,061,380077,400,273,2,275,9
2020-06-07,Plumas,063,18699,5,4,0,4,0
2020-06-07,Riverside,065,2383286,11850,9105,23,9128,344
2020-06-07,Sacramento,067,1510023,1734,1568,2,1570,59
2020-06-07,San Benito,069,59416,128,92,0,92,2
2020-06-07,San Bernardino,071,2135413,7951,6033,6,6039,214
2020-06-07,San Diego,073,3302833,9706,8478,0,8478,296
2020-06-07,San Francisco,075,870044,2920,2674,0,2674,43
2020-06-07,San Joaquin,077,732212,1632,1126,3,1129,37
2020-06-07,San Luis Obispo,079,281455,411,296,4,300,1
2020-06-07,San Mateo,081,765935,2618,2399,2,2401,73
2020-06-07,Santa Barbara,083,443738,2061,1818,15,1833,13
2020-06-07,Santa Clara,085,1922200,3772,2947,14,2961,146
2020-06-07,Santa Cruz,087,273765,260,230,0,230,2
2020-06-07,Shasta,089,179085,73,41,0,41,4
2020-06-07,Sierra,091,2930,1,1,0,1,0
2020-06-07,Siskiyou,093,43540,20,8,0,8,0
2020-06-07,Solano,095,438530,762,560,4,564,19
2020-06-07,Sonoma,097,501317,753,639,2,641,4
2020-06-07,Stanislaus,099,539301,1246,905,5,910,28
2020-06-07,Sutter,101,95872,73,55,0,55,2
2020-06-07,Tehama,103,63373,16,8,2,10,1
2020-06-07,Trinity,105,12862,8,2,3,5,0
2020-06-07,Tulare,107,460477,3173,2219,10,2229,90
2020-06-07,Tuolumne,109,53932,9,4,0,4,0
2020-06-07,Ventura,111,848112,1982,1337,11,1348,30
2020-06-07,Yolo,113,214977,264,224,0,224,24
2020-06-07,Yuba,115,75493,32,27,0,27,1
2020-06-06,Alameda,001,1643700,4326,3801,6,3807,102
2020-06-06,Alpine,003,1148,1,1,0,1,0
2020-06-06,Amador,005,37829,10,10,0,10,0
2020-06-06,Butte,007,227075,95,63,8,71,1
2020-06-06,Calaveras,009,45235,23,16,0,16,0
2020-06-06,Colusa,011,21464,9,7,0,7,0
2020-06-06,Contra Costa,013,1133247,1944,1619,1,1620,37
2020-06-06,Del Norte,015,27424,45,45,0,45,0
2020-06-06,El Dorado,017,186661,133,104,1,105,0
2020-06-06,Fresno,019,978130,4003,2117,56,2173,41
2020-06-06,Glenn,021,27897,27,16,0,16,0
2020-06-06,Humboldt,023,135768,116,112,0,112,2
2020-06-06,Imperial,025,180216,4951,3047,4,3051,19
2020-06-06,Inyo,027,18085,22,21,0,21,1
2020-06-06,Kern,029,883053,3541,2695,10,2705,46
2020-06-06,Kings,031,150075,1737,882,2,884,6
2020-06-06,Lake,033,64148,36,28,0,28,0
2020-06-06,Lassen,035,31185,14,4,2,6,0
2020-06-06,Los Angeles,037,10098052,70856,62269,24,62293,2607
2020-06-06,Madera,039,155013,360,149,1,150,3
2020-06-06,Marin,041,260295,661,556,2,558,17
2020-06-06,Mariposa,043,17540,16,16,0,16,1
2020-06-06,Mendocino,045,87422,33,32,0,32,0
2020-06-06,Merced,047,269075,497,315,1,316,7
2020-06-06,Modoc,049,8938,1,0,0,0,0
2020-06-06,Mono,051,14174,39,35,0,35,1
2020-06-06,Monterey,053,433212,944,679,3,682,10
2020-06-06,Napa,055,140530,169,136,0,136,3
2020-06-06,Nevada,057,99092,54,50,1,51,1
2020-06-06,Orange,059,3164182,10542,7576,74,7650,157
2020-06-06,Placer,061,380077,388,270,2,272,9
2020-06-06,Plumas,063,18699,5,4,0,4,0
2020-06-06,Riverside,065,2383286,11672,8935,23,8958,345
2020-06-06,Sacramento,067,1510023,1711,1533,2,1535,59
2020-06-06,San Benito,069,59416,118,92,0,92,2
2020-06-06,San Bernardino,071,2135413,7802,5946,6,5952,214
2020-06-06,San Diego,073,3302833,9585,8347,0,8347,296
2020-06-06,San Francisco,075,870044,2905,2674,0,2674,43
2020-06-06,San Joaquin,077,732212,1592,1076,3,1079,37
2020-06-06,San Luis Obispo,079,281455,405,295,4,299,1
2020-06-06,San Mateo,081,765935,2603,2342,2,2344,72
2020-06-06,Santa Barbara,083,443738,2022,1815,15,1830,13
2020-06-06,Santa Clara,085,1922200,3731,2934,14,2948,144
2020-06-06,Santa Cruz,087,273765,258,226,0,226,2
2020-06-06,Shasta,089,179085,73,40,0,40,4
2020-06-06,Sierra,091,2930,1,1,0,1,0
2020-06-06,Siskiyou,093,43540,18,8,0,8,0
2020-06-06,Solano,095,438530,747,560,4,564,19
2020-06-06,Sonoma,097,501317,741,622,2,624,4
2020-06-06,Stanislaus,099,539301,1212,858,5,863,27
2020-06-06,Sutter,101,95872,73,51,0,51,2
2020-06-06,Tehama,103,63373,15,8,2,10,1
2020-06-06,Trinity,105,12862,8,2,2,4,0
2020-06-06,Tulare,107,460477,3140,2213,10,2223,90
2020-06-06,Tuolumne,109,53932,9,4,0,4,0
2020-06-06,Ventura,111,848112,1958,1303,11,1314,30
2020-06-06,Yolo,113,214977,262,223,0,223,24
2020-06-06,Yuba,115,75493,32,27,0,27,1
2020-06-05,Alameda,001,1643700,4275,3734,6,3740,102
2020-06-05,Alpine,003,1148,1,1,0,1,0
2020-06-05,Amador,005,37829,10,10,0,10,0
2020-06-05,Butte,007,227075,92,61,8,69,1
2020-06-05,Calaveras,009,45235,22,16,0,16,0
2020-06-05,Colusa,011,21464,9,7,0,7,0
2020-06-05,Contra Costa,013,1133247,1929,1575,1,1576,37
2020-06-05,Del Norte,015,27424,45,45,0,45,0
2020-06-05,El Dorado,017,186661,131,101,1,102,0
2020-06-05,Fresno,019,978130,3939,2051,55,2106,38
2020-06-05,Glenn,021,27897,25,16,0,16,0
2020-06-05,Humboldt,023,135768,115,111,0,111,2
2020-06-05,Imperial,025,180216,4844,2778,4,2782,19
2020-06-05,Inyo,027,18085,22,21,0,21,1
2020-06-05,Kern,029,883053,3452,2624,10,2634,46
2020-06-05,Kings,031,150075,1722,865,2,867,6
2020-06-05,Lake,033,64148,35,28,0,28,0
2020-06-05,Lassen,035,31185,13,4,2,6,0
2020-06-05,Los Angeles,037,10098052,69705,60955,22,60977,2553
2020-06-05,Madera,039,155013,338,144,1,145,3
2020-06-05,Marin,041,260295,652,546,2,548,17
2020-06-05,Mariposa,043,17540,16,16,0,16,1
2020-06-05,Mendocino,045,87422,33,32,0,32,0
2020-06-05,Merced,047,269075,494,309,1,310,7
2020-06-05,Modoc,049,8938,1,0,0,0,0
2020-06-05,Mono,051,14174,39,35,0,35,1
2020-06-05,Monterey,053,433212,912,649,3,652,10
2020-06-05,Napa,055,140530,166,123,0,123,3
2020-06-05,Nevada,057,99092,54,50,1,51,1
2020-06-05,Orange,059,3164182,10347,7391,73,7464,153
2020-06-05,Placer,061,380077,378,265,2,267,9
2020-06-05,Plumas,063,18699,5,4,0,4,0
2020-06-05,Riverside,065,2383286,11413,8700,23,8723,345
2020-06-05,Sacramento,067,1510023,1689,1514,2,1516,59
2020-06-05,San Benito,069,59416,116,92,0,92,2
2020-06-05,San Bernardino,071,2135413,7620,5869,5,5874,212
2020-06-05,San Diego,073,3302833,9470,8182,0,8182,294
2020-06-05,San Francisco,075,870044,2887,2675,0,2675,43
2020-06-05,San Joaquin,077,732212,1513,1046,3,1049,36
2020-06-05,San Luis Obispo,079,281455,398,293,4,297,1
2020-06-05,San Mateo,081,765935,2578,2331,2,2333,72
2020-06-05,Santa Barbara,083,443738,1991,1795,15,1810,13
2020-06-05,Santa Clara,085,1922200,3696,2902,14,2916,144
2020-06-05,Santa Cruz,087,273765,255,222,0,222,2
2020-06-05,Shasta,089,179085,72,40,0,40,4
2020-06-05,Sierra,091,2930,1,1,0,1,0
2020-06-05,Siskiyou,093,43540,16,8,0,8,0
2020-06-05,Solano,095,438530,740,558,4,562,19
2020-06-05,Sonoma,097,501317,720,618,2,620,4
2020-06-05,Stanislaus,099,539301,1179,842,5,847,27
2020-06-05,Sutter,101,95872,73,49,0,49,2
2020-06-05,Tehama,103,63373,15,7,2,9,1
2020-06-05,Trinity,105,12862,8,1,2,3,0
2020-06-05,Tulare,107,460477,3091,2180,10,2190,90
2020-06-05,Tuolumne,109,53932,9,4,0,4,0
2020-06-05,Ventura,111,848112,1925,1274,11,1285,30
2020-06-05,Yolo,113,214977,261,216,0,216,24
2020-06-05,Yuba,115,75493,32,27,0,27,1
2020-06-04,Alameda,001,1643700,4176,3643,6,3649,99
2020-06-04,Alpine,003,1148,1,1,0,1,0
2020-06-04,Amador,005,37829,10,10,0,10,0
2020-06-04,Butte,007,227075,88,57,7,64,1
2020-06-04,Calaveras,009,45235,22,15,0,15,0
2020-06-04,Colusa,011,21464,9,7,0,7,0
2020-06-04,Contra Costa,013,1133247,1872,1551,1,1552,37
2020-06-04,Del Norte,015,27424,45,45,0,45,0
2020-06-04,El Dorado,017,186661,129,101,1,102,0
2020-06-04,Fresno,019,978130,3835,2007,54,2061,35
2020-06-04,Glenn,021,27897,22,16,0,16,0
2020-06-04,Humboldt,023,135768,115,109,0,109,2
2020-06-04,Imperial,025,180216,4662,2631,4,2635,19
2020-06-04,Inyo,027,18085,22,20,0,20,1
2020-06-04,Kern,029,883053,3336,2530,10,2540,46
2020-06-04,Kings,031,150075,1653,842,2,844,6
2020-06-04,Lake,033,64148,34,27,0,27,0
2020-06-04,Lassen,035,31185,11,4,2,6,0
2020-06-04,Los Angeles,037,10098052,68239,59596,22,59618,2515
2020-06-04,Madera,039,155013,330,127,1,128,3
2020-06-04,Marin,041,260295,630,533,2,535,14
2020-06-04,Mariposa,043,17540,16,16,0,16,1
2020-06-04,Mendocino,045,87422,33,29,0,29,0
2020-06-04,Merced,047,269075,478,304,1,305,7
2020-06-04,Modoc,049,8938,1,0,0,0,0
2020-06-04,Mono,051,14174,39,35,0,35,1
2020-06-04,Monterey,053,433212,877,621,2,623,10
2020-06-04,Napa,055,140530,162,117,0,117,3
2020-06-04,Nevada,057,99092,53,49,1,50,1
2020-06-04,Orange,059,3164182,10094,7192,72,7264,148
2020-06-04,Placer,061,380077,362,256,2,258,9
2020-06-04,Plumas,063,18699,4,4,0,4,0
2020-06-04,Riverside,065,2383286,11135,8473,23,8496,341
2020-06-04,Sacramento,067,1510023,1660,1492,2,1494,58
2020-06-04,San Benito,069,59416,114,88,0,88,2
2020-06-04,San Bernardino,071,2135413,7351,5726,5,5731,207
2020-06-04,San Diego,073,3302833,9307,7942,0,7942,288
2020-06-04,San Francisco,075,870044,2854,2636,0,2636,43
2020-06-04,San Joaquin,077,732212,1451,1016,3,1019,36
2020-06-04,San Luis Obispo,079,281455,387,288,4,292,1
2020-06-04,San Mateo,081,765935,2551,2284,2,2286,72
2020-06-04,Santa Barbara,083,443738,1960,1750,14,1764,13
2020-06-04,Santa Clara,085,1922200,3661,2871,14,2885,144
2020-06-04,Santa Cruz,087,273765,249,218,0,218,2
2020-06-04,Shasta,089,179085,66,40,0,40,4
2020-06-04,Sierra,091,2930,1,1,0,1,0
2020-06-04,Siskiyou,093,43540,15,8,0,8,0
2020-06-04,Solano,095,438530,723,551,4,555,19
2020-06-04,Sonoma,097,501317,701,591,1,592,4
2020-06-04,Stanislaus,099,539301,1103,806,5,811,28
2020-06-04,Sutter,101,95872,68,46,0,46,2
2020-06-04,Tehama,103,63373,14,6,1,7,1
2020-06-04,Trinity,105,12862,8,1,2,3,0
2020-06-04,Tulare,107,460477,2974,2086,10,2096,90
2020-06-04,Tuolumne,109,53932,8,4,0,4,0
2020-06-04,Ventura,111,848112,1881,1236,10,1246,30
2020-06-04,Yolo,113,214977,256,216,0,216,24
2020-06-04,Yuba,115,75493,31,27,0,27,1
2020-06-03,Alameda,001,1643700,4117,3589,5,3594,99
2020-06-03,Alpine,003,1148,1,1,0,1,0
2020-06-03,Amador,005,37829,10,10,0,10,0
2020-06-03,Butte,007,227075,86,53,7,60,1
2020-06-03,Calaveras,009,45235,21,15,0,15,0
2020-06-03,Colusa,011,21464,9,7,0,7,0
2020-06-03,Contra Costa,013,1133247,1824,1511,1,1512,37
2020-06-03,Del Norte,015,27424,45,39,0,39,0
2020-06-03,El Dorado,017,186661,126,90,1,91,0
2020-06-03,Fresno,019,978130,3736,1943,54,1997,35
2020-06-03,Glenn,021,27897,22,16,0,16,0
2020-06-03,Humboldt,023,135768,115,103,0,103,2
2020-06-03,Imperial,025,180216,4489,2540,4,2544,19
2020-06-03,Inyo,027,18085,22,20,0,20,1
2020-06-03,Kern,029,883053,3240,2452,9,2461,44
2020-06-03,Kings,031,150075,1592,744,2,746,6
2020-06-03,Lake,033,64148,32,26,0,26,0
2020-06-03,Lassen,035,31185,11,4,2,6,0
2020-06-03,Los Angeles,037,10098052,66640,58166,22,58188,2472
2020-06-03,Madera,039,155013,322,117,1,118,3
2020-06-03,Marin,041,260295,612,527,2,529,14
2020-06-03,Mariposa,043,17540,16,16,0,16,1
2020-06-03,Mendocino,045,87422,32,29,0,29,0
2020-06-03,Merced,047,269075,469,299,1,300,7
2020-06-03,Modoc,049,8938,1,0,0,0,0
2020-06-03,Mono,051,14174,39,35,0,35,1
2020-06-03,Monterey,053,433212,849,592,2,594,10
2020-06-03,Napa,055,140530,161,116,0,116,3
2020-06-03,Nevada,057,99092,52,43,1,44,1
2020-06-03,Orange,059,3164182,9868,6939,71,7010,145
2020-06-03,Placer,061,380077,342,243,2,245,9
2020-06-03,Plumas,063,18699,4,4,0,4,0
2020-06-03,Riverside,065,2383286,10861,8208,23,8231,335
2020-06-03,Sacramento,067,1510023,1631,1457,2,1459,58
2020-06-03,San Benito,069,59416,108,88,0,88,2
2020-06-03,San Bernardino,071,2135413,7128,5565,5,5570,203
2020-06-03,San Diego,073,3302833,9159,7800,0,7800,283
2020-06-03,San Francisco,075,870044,2823,2608,0,2608,43
2020-06-03,San Joaquin,077,732212,1386,1004,3,1007,35
2020-06-03,San Luis Obispo,079,281455,382,279,4,283,1
2020-06-03,San Mateo,081,765935,2523,2243,2,2245,71
2020-06-03,Santa Barbara,083,443738,1926,1722,13,1735,12
2020-06-03,Santa Clara,085,1922200,3619,2836,14,2850,144
2020-06-03,Santa Cruz,087,273765,243,217,0,217,2
2020-06-03,Shasta,089,179085,63,40,0,40,4
2020-06-03,Sierra,091,2930,1,1,0,1,0
2020-06-03,Siskiyou,093,43540,14,8,0,8,0
2020-06-03,Solano,095,438530,698,543,2,545,18
2020-06-03,Sonoma,097,501317,689,578,1,579,4
2020-06-03,Stanislaus,099,539301,1063,780,5,785,27
2020-06-03,Sutter,101,95872,60,45,0,45,2
2020-06-03,Tehama,103,63373,14,6,1,7,1
2020-06-03,Trinity,105,12862,8,1,2,3,0
2020-06-03,Tulare,107,460477,2905,2041,10,2051,88
2020-06-03,Tuolumne,109,53932,6,4,0,4,0
2020-06-03,Ventura,111,848112,1814,1202,10,1212,30
2020-06-03,Yolo,113,214977,252,213,0,213,24
2020-06-03,Yuba,115,75493,31,27,0,27,1
2020-06-02,Alameda,001,1643700,4041,3517,5,3522,99
2020-06-02,Alpine,003,1148,1,1,0,1,0
2020-06-02,Amador,005,37829,10,10,0,10,0
2020-06-02,Butte,007,227075,82,51,6,57,1
2020-06-02,Calaveras,009,45235,21,15,0,15,0
2020-06-02,Colusa,011,21464,9,7,0,7,0
2020-06-02,Contra Costa,013,1133247,1792,1505,1,1506,37
2020-06-02,Del Norte,015,27424,45,39,0,39,0
2020-06-02,El Dorado,017,186661,125,88,1,89,0
2020-06-02,Fresno,019,978130,3623,1917,54,1971,34
2020-06-02,Glenn,021,27897,21,16,0,16,0
2020-06-02,Humboldt,023,135768,115,101,0,101,2
2020-06-02,Imperial,025,180216,4296,2459,4,2463,19
2020-06-02,Inyo,027,18085,20,20,0,20,1
2020-06-02,Kern,029,883053,3141,2406,7,2413,41
2020-06-02,Kings,031,150075,1564,720,2,722,5
2020-06-02,Lake,033,64148,32,25,0,25,0
2020-06-02,Lassen,035,31185,10,4,2,6,0
2020-06-02,Los Angeles,037,10098052,65237,57144,22,57166,2430
2020-06-02,Madera,039,155013,301,110,1,111,2
2020-06-02,Marin,041,260295,585,509,2,511,14
2020-06-02,Mariposa,043,17540,16,16,0,16,1
2020-06-02,Mendocino,045,87422,32,29,0,29,0
2020-06-02,Merced,047,269075,453,297,1,298,6
2020-06-02,Modoc,049,8938,1,0,0,0,0
2020-06-02,Mono,051,14174,39,35,0,35,1
2020-06-02,Monterey,053,433212,819,582,2,584,10
2020-06-02,Napa,055,140530,152,116,0,116,3
2020-06-02,Nevada,057,99092,51,41,1,42,1
2020-06-02,Orange,059,3164182,9667,6790,70,6860,142
2020-06-02,Placer,061,380077,328,226,2,228,9
2020-06-02,Plumas,063,18699,4,4,0,4,0
2020-06-02,Riverside,065,2383286,10565,8091,22,8113,330
2020-06-02,Sacramento,067,1510023,1602,1428,2,1430,58
2020-06-02,San Benito,069,59416,107,86,0,86,2
2020-06-02,San Bernardino,071,2135413,6921,5438,5,5443,202
2020-06-02,San Diego,073,3302833,9013,7676,0,7676,276
2020-06-02,San Francisco,075,870044,2788,2554,0,2554,43
2020-06-02,San Joaquin,077,732212,1320,985,3,988,35
2020-06-02,San Luis Obispo,079,281455,377,275,4,279,1
2020-06-02,San Mateo,081,765935,2488,2203,2,2205,71
2020-06-02,Santa Barbara,083,443738,1886,1703,13,1716,12
2020-06-02,Santa Clara,085,1922200,3569,2819,14,2833,144
2020-06-02,Santa Cruz,087,273765,238,215,0,215,2
2020-06-02,Shasta,089,179085,62,38,0,38,4
2020-06-02,Sierra,091,2930,1,1,0,1,0
2020-06-02,Siskiyou,093,43540,13,8,0,8,0
2020-06-02,Solano,095,438530,683,537,1,538,18
2020-06-02,Sonoma,097,501317,678,571,1,572,4
2020-06-02,Stanislaus,099,539301,1004,772,5,777,27
2020-06-02,Sutter,101,95872,57,43,0,43,2
2020-06-02,Tehama,103,63373,14,6,1,7,1
2020-06-02,Trinity,105,12862,8,1,2,3,0
2020-06-02,Tulare,107,460477,2825,2012,10,2022,86
2020-06-02,Tuolumne,109,53932,6,4,0,4,0
2020-06-02,Ventura,111,848112,1761,1178,10,1188,30
2020-06-02,Yolo,113,214977,250,213,0,213,24
2020-06-02,Yuba,115,75493,31,27,0,27,1
2020-06-01,Alameda,001,1643700,3975,3460,5,3465,98
2020-06-01,Alpine,003,1148,1,1,0,1,0
2020-06-01,Amador,005,37829,10,10,0,10,0
2020-06-01,Butte,007,227075,81,50,5,55,1
2020-06-01,Calaveras,009,45235,21,15,0,15,0
2020-06-01,Colusa,011,21464,9,7,0,7,0
2020-06-01,Contra Costa,013,1133247,1756,1486,1,1487,37
2020-06-01,Del Norte,015,27424,45,38,0,38,0
2020-06-01,El Dorado,017,186661,123,88,1,89,0
2020-06-01,Fresno,019,978130,3527,1854,52,1906,33
2020-06-01,Glenn,021,27897,21,16,0,16,0
2020-06-01,Humboldt,023,135768,115,98,0,98,2
2020-06-01,Imperial,025,180216,4074,2366,4,2370,14
2020-06-01,Inyo,027,18085,20,20,0,20,1
2020-06-01,Kern,029,883053,3058,2366,7,2373,38
2020-06-01,Kings,031,150075,1296,703,2,705,4
2020-06-01,Lake,033,64148,32,22,0,22,0
2020-06-01,Lassen,035,31185,10,4,2,6,0
2020-06-01,Los Angeles,037,10098052,63764,55899,22,55921,2367
2020-06-01,Madera,039,155013,289,103,1,104,2
2020-06-01,Marin,041,260295,544,495,2,497,14
2020-06-01,Mariposa,043,17540,16,16,0,16,1
2020-06-01,Mendocino,045,87422,32,28,0,28,0
2020-06-01,Merced,047,269075,432,289,1,290,6
2020-06-01,Modoc,049,8938,1,0,0,0,0
2020-06-01,Mono,051,14174,39,35,0,35,1
2020-06-01,Monterey,053,433212,795,554,2,556,10
2020-06-01,Napa,055,140530,149,114,0,114,3
2020-06-01,Nevada,057,99092,51,41,1,42,1
2020-06-01,Orange,059,3164182,9470,6640,69,6709,135
2020-06-01,Placer,061,380077,316,218,2,220,9
2020-06-01,Plumas,063,18699,4,4,0,4,0
2020-06-01,Riverside,065,2383286,10113,7921,21,7942,322
2020-06-01,Sacramento,067,1510023,1563,1415,2,1417,58
2020-06-01,San Benito,069,59416,104,86,0,86,2
2020-06-01,San Bernardino,071,2135413,6715,5310,5,5315,202
2020-06-01,San Diego,073,3302833,8833,7556,0,7556,269
2020-06-01,San Francisco,075,870044,2751,2546,0,2546,43
2020-06-01,San Joaquin,077,732212,1255,957,3,960,35
2020-06-01,San Luis Obispo,079,281455,373,275,4,279,1
2020-06-01,San Mateo,081,765935,2458,2190,2,2192,71
2020-06-01,Santa Barbara,083,443738,1852,1671,12,1683,10
2020-06-01,Santa Clara,085,1922200,3531,2797,13,2810,142
2020-06-01,Santa Cruz,087,273765,234,215,0,215,2
2020-06-01,Shasta,089,179085,62,38,0,38,4
2020-06-01,Sierra,091,2930,1,1,0,1,0
2020-06-01,Siskiyou,093,43540,13,7,0,7,0
2020-06-01,Solano,095,438530,659,529,1,530,17
2020-06-01,Sonoma,097,501317,662,565,1,566,4
2020-06-01,Stanislaus,099,539301,967,758,5,763,27
2020-06-01,Sutter,101,95872,52,43,0,43,2
2020-06-01,Tehama,103,63373,11,5,1,6,1
2020-06-01,Trinity,105,12862,7,1,2,3,0
2020-06-01,Tulare,107,460477,2710,1976,10,1986,84
2020-06-01,Tuolumne,109,53932,5,4,0,4,0
2020-06-01,Ventura,111,848112,1708,1163,10,1173,29
2020-06-01,Yolo,113,214977,247,212,0,212,24
2020-06-01,Yuba,115,75493,30,26,0,26,1
2020-05-31,Alameda,001,1643700,3870,3362,5,3367,98
2020-05-31,Alpine,003,1148,1,1,0,1,0
2020-05-31,Amador,005,37829,10,10,0,10,0
2020-05-31,Butte,007,227075,79,51,5,56,0
2020-05-31,Calaveras,009,45235,18,15,0,15,0
2020-05-31,Colusa,011,21464,9,5,0,5,0
2020-05-31,Contra Costa,013,1133247,1722,1458,1,1459,37
2020-05-31,Del Norte,015,27424,45,37,0,37,0
2020-05-31,El Dorado,017,186661,119,88,1,89,0
2020-05-31,Fresno,019,978130,3363,1780,47,1827,31
2020-05-31,Glenn,021,27897,20,16,0,16,0
2020-05-31,Humboldt,023,135768,113,98,0,98,2
2020-05-31,Imperial,025,180216,3807,2197,4,2201,14
2020-05-31,Inyo,027,18085,20,20,0,20,1
2020-05-31,Kern,029,883053,2923,2300,7,2307,38
2020-05-31,Kings,031,150075,1260,703,2,705,3
2020-05-31,Lake,033,64148,32,19,0,19,0
2020-05-31,Lassen,035,31185,10,4,2,6,0
2020-05-31,Los Angeles,037,10098052,62470,54925,22,54947,2344
2020-05-31,Madera,039,155013,271,101,1,102,2
2020-05-31,Marin,041,260295,534,486,2,488,14
2020-05-31,Mariposa,043,17540,16,16,0,16,1
2020-05-31,Mendocino,045,87422,32,24,0,24,0
2020-05-31,Merced,047,269075,403,288,0,288,6
2020-05-31,Modoc,049,8938,0,0,0,0,0
2020-05-31,Mono,051,14174,39,34,0,34,1
2020-05-31,Monterey,053,433212,721,545,2,547,10
2020-05-31,Napa,055,140530,147,114,0,114,3
2020-05-31,Nevada,057,99092,50,41,1,42,1
2020-05-31,Orange,059,3164182,9259,6532,68,6600,135
2020-05-31,Placer,061,380077,294,215,2,217,9
2020-05-31,Plumas,063,18699,4,4,0,4,0
2020-05-31,Riverside,065,2383286,9857,7704,21,7725,321
2020-05-31,Sacramento,067,1510023,1532,1398,2,1400,57
2020-05-31,San Benito,069,59416,98,85,0,85,2
2020-05-31,San Bernardino,071,2135413,6447,5185,5,5190,198
2020-05-31,San Diego,073,3302833,8639,7483,0,7483,269
2020-05-31,San Francisco,075,870044,2715,2501,0,2501,43
2020-05-31,San Joaquin,077,732212,1190,888,3,891,34
2020-05-31,San Luis Obispo,079,281455,363,271,4,275,1
2020-05-31,San Mateo,081,765935,2412,2169,2,2171,71
2020-05-31,Santa Barbara,083,443738,1801,1662,11,1673,9
2020-05-31,Santa Clara,085,1922200,3487,2785,13,2798,142
2020-05-31,Santa Cruz,087,273765,231,210,0,210,2
2020-05-31,Shasta,089,179085,60,38,0,38,4
2020-05-31,Sierra,091,2930,1,1,0,1,0
2020-05-31,Siskiyou,093,43540,12,7,0,7,0
2020-05-31,Solano,095,438530,633,512,1,513,6
2020-05-31,Sonoma,097,501317,642,555,1,556,4
2020-05-31,Stanislaus,099,539301,913,738,5,743,27
2020-05-31,Sutter,101,95872,50,42,0,42,2
2020-05-31,Tehama,103,63373,10,4,1,5,1
2020-05-31,Trinity,105,12862,7,1,2,3,0
2020-05-31,Tulare,107,460477,2637,1884,10,1894,82
2020-05-31,Tuolumne,109,53932,5,4,0,4,0
2020-05-31,Ventura,111,848112,1647,1151,10,1161,30
2020-05-31,Yolo,113,214977,241,211,0,211,24
2020-05-31,Yuba,115,75493,30,26,0,26,1
2020-05-30,Alameda,001,1643700,3844,3304,5,3309,96
2020-05-30,Alpine,003,1148,1,1,0,1,0
2020-05-30,Amador,005,37829,10,10,0,10,0
2020-05-30,Butte,007,227075,78,44,5,49,0
2020-05-30,Calaveras,009,45235,17,15,0,15,0
2020-05-30,Colusa,011,21464,8,5,0,5,0
2020-05-30,Contra Costa,013,1133247,1706,1429,1,1430,37
2020-05-30,Del Norte,015,27424,45,37,0,37,0
2020-05-30,El Dorado,017,186661,118,86,1,87,0
2020-05-30,Fresno,019,978130,3302,1744,46,1790,31
2020-05-30,Glenn,021,27897,19,16,0,16,0
2020-05-30,Humboldt,023,135768,112,98,0,98,2
2020-05-30,Imperial,025,180216,3717,2091,4,2095,14
2020-05-30,Inyo,027,18085,20,20,0,20,1
2020-05-30,Kern,029,883053,2854,2217,7,2224,38
2020-05-30,Kings,031,150075,1246,703,2,705,3
2020-05-30,Lake,033,64148,31,18,0,18,0
2020-05-30,Lassen,035,31185,10,4,2,6,0
2020-05-30,Los Angeles,037,10098052,61935,53627,22,53649,2319
2020-05-30,Madera,039,155013,266,101,1,102,2
2020-05-30,Marin,041,260295,534,462,2,464,14
2020-05-30,Mariposa,043,17540,16,16,0,16,1
2020-05-30,Mendocino,045,87422,32,24,0,24,0
2020-05-30,Merced,047,269075,401,285,0,285,6
2020-05-30,Modoc,049,8938,0,0,0,0,0
2020-05-30,Mono,051,14174,39,34,0,34,1
2020-05-30,Monterey,053,433212,705,520,2,522,10
2020-05-30,Napa,055,140530,145,113,0,113,3
2020-05-30,Nevada,057,99092,50,41,1,42,1
2020-05-30,Orange,059,3164182,9102,6354,67,6421,134
2020-05-30,Placer,061,380077,286,199,1,200,9
2020-05-30,Plumas,063,18699,4,4,0,4,0
2020-05-30,Riverside,065,2383286,9713,7492,21,7513,316
2020-05-30,Sacramento,067,1510023,1521,1384,2,1386,57
2020-05-30,San Benito,069,59416,97,85,0,85,2
2020-05-30,San Bernardino,071,2135413,6338,5122,5,5127,198
2020-05-30,San Diego,073,3302833,8546,7387,0,7387,269
2020-05-30,San Francisco,075,870044,2690,2496,0,2496,41
2020-05-30,San Joaquin,077,732212,1152,888,3,891,34
2020-05-30,San Luis Obispo,079,281455,358,270,4,274,1
2020-05-30,San Mateo,081,765935,2388,2129,2,2131,71
2020-05-30,Santa Barbara,083,443738,1782,1660,11,1671,9
2020-05-30,Santa Clara,085,1922200,3471,2741,13,2754,141
2020-05-30,Santa Cruz,087,273765,231,206,0,206,2
2020-05-30,Shasta,089,179085,60,36,0,36,4
2020-05-30,Sierra,091,2930,1,1,0,1,0
2020-05-30,Siskiyou,093,43540,11,7,0,7,0
2020-05-30,Solano,095,438530,626,512,1,513,6
2020-05-30,Sonoma,097,501317,632,551,1,552,4
2020-05-30,Stanislaus,099,539301,896,712,5,717,27
2020-05-30,Sutter,101,95872,49,40,0,40,2
2020-05-30,Tehama,103,63373,10,4,1,5,1
2020-05-30,Trinity,105,12862,7,1,2,3,0
2020-05-30,Tulare,107,460477,2600,1879,10,1889,81
2020-05-30,Tuolumne,109,53932,5,4,0,4,0
2020-05-30,Ventura,111,848112,1630,1116,10,1126,30
2020-05-30,Yolo,113,214977,237,210,0,210,24
2020-05-30,Yuba,115,75493,30,25,0,25,1
2020-05-29,Alameda,001,1643700,3809,3209,5,3214,96
2020-05-29,Alpine,003,1148,1,1,0,1,0
2020-05-29,Amador,005,37829,10,10,0,10,0
2020-05-29,Butte,007,227075,73,41,5,46,0
2020-05-29,Calaveras,009,45235,17,15,0,15,0
2020-05-29,Colusa,011,21464,8,5,0,5,0
2020-05-29,Contra Costa,013,1133247,1690,1411,1,1412,37
2020-05-29,Del Norte,015,27424,45,37,0,37,0
2020-05-29,El Dorado,017,186661,117,85,1,86,0
2020-05-29,Fresno,019,978130,3252,1687,46,1733,31
2020-05-29,Glenn,021,27897,19,14,0,14,0
2020-05-29,Humboldt,023,135768,111,98,0,98,2
2020-05-29,Imperial,025,180216,3599,1607,4,1611,14
2020-05-29,Inyo,027,18085,20,20,0,20,1
2020-05-29,Kern,029,883053,2796,2128,7,2135,36
2020-05-29,Kings,031,150075,1235,693,2,695,3
2020-05-29,Lake,033,64148,30,17,0,17,0
2020-05-29,Lassen,035,31185,10,0,2,2,0
2020-05-29,Los Angeles,037,10098052,60979,51578,22,51600,2273
2020-05-29,Madera,039,155013,251,98,1,99,2
2020-05-29,Marin,041,260295,526,448,2,450,14
2020-05-29,Mariposa,043,17540,16,16,0,16,1
2020-05-29,Mendocino,045,87422,30,25,0,25,0
2020-05-29,Merced,047,269075,395,285,0,285,7
2020-05-29,Modoc,049,8938,0,0,0,0,0
2020-05-29,Mono,051,14174,38,34,0,34,1
2020-05-29,Monterey,053,433212,675,479,2,481,10
2020-05-29,Napa,055,140530,142,113,0,113,3
2020-05-29,Nevada,057,99092,50,41,1,42,1
2020-05-29,Orange,059,3164182,8916,6176,64,6240,133
2020-05-29,Placer,061,380077,264,199,1,200,9
2020-05-29,Plumas,063,18699,4,4,0,4,0
2020-05-29,Riverside,065,2383286,9527,7376,21,7397,313
2020-05-29,Sacramento,067,1510023,1498,1360,2,1362,57
2020-05-29,San Benito,069,59416,97,84,0,84,2
2020-05-29,San Bernardino,071,2135413,6230,4983,5,4988,196
2020-05-29,San Diego,073,3302833,8423,7242,0,7242,266
2020-05-29,San Francisco,075,870044,2666,2453,0,2453,41
2020-05-29,San Joaquin,077,732212,1115,855,3,858,34
2020-05-29,San Luis Obispo,079,281455,354,270,4,274,1
2020-05-29,San Mateo,081,765935,2372,2103,2,2105,71
2020-05-29,Santa Barbara,083,443738,1754,1656,11,1667,9
2020-05-29,Santa Clara,085,1922200,3443,2707,13,2720,141
2020-05-29,Santa Cruz,087,273765,228,203,0,203,2
2020-05-29,Shasta,089,179085,60,36,0,36,4
2020-05-29,Sierra,091,2930,1,1,0,1,0
2020-05-29,Siskiyou,093,43540,11,7,0,7,0
2020-05-29,Solano,095,438530,618,498,1,499,6
2020-05-29,Sonoma,097,501317,621,537,1,538,4
2020-05-29,Stanislaus,099,539301,866,698,5,703,27
2020-05-29,Sutter,101,95872,47,40,0,40,2
2020-05-29,Tehama,103,63373,9,4,1,5,1
2020-05-29,Trinity,105,12862,7,1,2,3,0
2020-05-29,Tulare,107,460477,2562,1852,10,1862,80
2020-05-29,Tuolumne,109,53932,5,4,0,4,0
2020-05-29,Ventura,111,848112,1606,1093,10,1103,29
2020-05-29,Yolo,113,214977,233,211,0,211,24
2020-05-29,Yuba,115,75493,29,25,0,25,1
2020-05-28,Alameda,001,1643700,3710,3083,5,3088,94
2020-05-28,Alpine,003,1148,1,1,0,1,0
2020-05-28,Amador,005,37829,10,10,0,10,0
2020-05-28,Butte,007,227075,72,40,5,45,0
2020-05-28,Calaveras,009,45235,16,15,0,15,0
2020-05-28,Colusa,011,21464,8,5,0,5,0
2020-05-28,Contra Costa,013,1133247,1651,1392,1,1393,37
2020-05-28,Del Norte,015,27424,45,37,0,37,0
2020-05-28,El Dorado,017,186661,114,82,1,83,0
2020-05-28,Fresno,019,978130,3171,1653,45,1698,31
2020-05-28,Glenn,021,27897,18,14,0,14,0
2020-05-28,Humboldt,023,135768,110,97,0,97,2
2020-05-28,Imperial,025,180216,3404,1430,4,1434,14
2020-05-28,Inyo,027,18085,20,20,0,20,1
2020-05-28,Kern,029,883053,2718,2069,7,2076,36
2020-05-28,Kings,031,150075,898,626,2,628,3
2020-05-28,Lake,033,64148,29,17,0,17,0
2020-05-28,Lassen,035,31185,10,0,2,2,0
2020-05-28,Los Angeles,037,10098052,59403,49861,22,49883,2222
2020-05-28,Madera,039,155013,233,93,1,94,2
2020-05-28,Marin,041,260295,501,443,2,445,14
2020-05-28,Mariposa,043,17540,16,16,0,16,1
2020-05-28,Mendocino,045,87422,28,24,0,24,0
2020-05-28,Merced,047,269075,386,283,0,283,7
2020-05-28,Modoc,049,8938,0,0,0,0,0
2020-05-28,Mono,051,14174,38,34,0,34,1
2020-05-28,Monterey,053,433212,643,471,2,473,10
2020-05-28,Napa,055,140530,139,113,0,113,3
2020-05-28,Nevada,057,99092,45,41,1,42,1
2020-05-28,Orange,059,3164182,8721,6045,64,6109,130
2020-05-28,Placer,061,380077,257,196,1,197,9
2020-05-28,Plumas,063,18699,4,4,0,4,0
2020-05-28,Riverside,065,2383286,9123,7240,20,7260,304
2020-05-28,Sacramento,067,1510023,1478,1339,2,1341,57
2020-05-28,San Benito,069,59416,96,82,0,82,2
2020-05-28,San Bernardino,071,2135413,6065,4831,5,4836,191
2020-05-28,San Diego,073,3302833,8266,7102,0,7102,260
2020-05-28,San Francisco,075,870044,2632,2417,0,2417,40
2020-05-28,San Joaquin,077,732212,1080,840,3,843,34
2020-05-28,San Luis Obispo,079,281455,351,267,4,271,1
2020-05-28,San Mateo,081,765935,2345,2070,2,2072,71
2020-05-28,Santa Barbara,083,443738,1726,1642,10,1652,9
2020-05-28,Santa Clara,085,1922200,3403,2698,13,2711,140
2020-05-28,Santa Cruz,087,273765,227,201,0,201,2
2020-05-28,Shasta,089,179085,58,36,0,36,4
2020-05-28,Sierra,091,2930,1,1,0,1,0
2020-05-28,Siskiyou,093,43540,9,6,0,6,0
2020-05-28,Solano,095,438530,601,489,1,490,6
2020-05-28,Sonoma,097,501317,599,529,1,530,4
2020-05-28,Stanislaus,099,539301,825,684,5,689,27
2020-05-28,Sutter,101,95872,47,40,0,40,2
2020-05-28,Tehama,103,63373,9,4,1,5,1
2020-05-28,Trinity,105,12862,6,1,2,3,0
2020-05-28,Tulare,107,460477,2526,1832,10,1842,79
2020-05-28,Tuolumne,109,53932,5,4,0,4,0
2020-05-28,Ventura,111,848112,1573,1083,10,1093,29
2020-05-28,Yolo,113,214977,230,206,0,206,22
2020-05-28,Yuba,115,75493,28,24,0,24,1
2020-05-27,Alameda,001,1643700,3627,3037,5,3042,94
2020-05-27,Alpine,003,1148,1,1,0,1,0
2020-05-27,Amador,005,37829,10,10,0,10,0
2020-05-27,Butte,007,227075,69,40,4,44,0
2020-05-27,Calaveras,009,45235,15,15,0,15,0
2020-05-27,Colusa,011,21464,8,5,0,5,0
2020-05-27,Contra Costa,013,1133247,1611,1373,1,1374,37
2020-05-27,Del Norte,015,27424,45,34,0,34,0
2020-05-27,El Dorado,017,186661,113,82,1,83,0
2020-05-27,Fresno,019,978130,3083,1620,45,1665,27
2020-05-27,Glenn,021,27897,18,14,0,14,0
2020-05-27,Humboldt,023,135768,110,86,0,86,2
2020-05-27,Imperial,025,180216,3224,1369,4,1373,14
2020-05-27,Inyo,027,18085,20,20,0,20,1
2020-05-27,Kern,029,883053,2653,1999,7,2006,37
2020-05-27,Kings,031,150075,871,586,2,588,3
2020-05-27,Lake,033,64148,29,13,0,13,0
2020-05-27,Lassen,035,31185,10,0,2,2,0
2020-05-27,Los Angeles,037,10098052,58031,48711,22,48733,2177
2020-05-27,Madera,039,155013,224,91,1,92,2
2020-05-27,Marin,041,260295,472,439,2,441,14
2020-05-27,Mariposa,043,17540,16,16,0,16,1
2020-05-27,Mendocino,045,87422,27,21,0,21,0
2020-05-27,Merced,047,269075,382,278,0,278,7
2020-05-27,Modoc,049,8938,0,0,0,0,0
2020-05-27,Mono,051,14174,38,34,0,34,1
2020-05-27,Monterey,053,433212,603,443,2,445,8
2020-05-27,Napa,055,140530,134,112,0,112,3
2020-05-27,Nevada,057,99092,44,41,1,42,1
2020-05-27,Orange,059,3164182,8566,5849,64,5913,121
2020-05-27,Placer,061,380077,238,196,0,196,9
2020-05-27,Plumas,063,18699,4,4,0,4,0
2020-05-27,Riverside,065,2383286,8744,7156,20,7176,299
2020-05-27,Sacramento,067,1510023,1450,1318,2,1320,50
2020-05-27,San Benito,069,59416,93,74,0,74,2
2020-05-27,San Bernardino,071,2135413,5881,4708,5,4713,183
2020-05-27,San Diego,073,3302833,8115,6985,0,6985,255
2020-05-27,San Francisco,075,870044,2603,2394,0,2394,40
2020-05-27,San Joaquin,077,732212,1039,825,3,828,34
2020-05-27,San Luis Obispo,079,281455,346,266,4,270,1
2020-05-27,San Mateo,081,765935,2305,2045,2,2047,71
2020-05-27,Santa Barbara,083,443738,1711,1629,10,1639,9
2020-05-27,Santa Clara,085,1922200,3370,2680,13,2693,140
2020-05-27,Santa Cruz,087,273765,223,202,0,202,2
2020-05-27,Shasta,089,179085,55,36,0,36,4
2020-05-27,Sierra,091,2930,1,1,0,1,0
2020-05-27,Siskiyou,093,43540,9,6,0,6,0
2020-05-27,Solano,095,438530,581,477,1,478,5
2020-05-27,Sonoma,097,501317,585,521,1,522,4
2020-05-27,Stanislaus,099,539301,800,675,5,680,27
2020-05-27,Sutter,101,95872,46,40,0,40,2
2020-05-27,Tehama,103,63373,9,3,1,4,1
2020-05-27,Trinity,105,12862,6,1,2,3,0
2020-05-27,Tulare,107,460477,2474,1817,10,1827,77
2020-05-27,Tuolumne,109,53932,5,4,0,4,0
2020-05-27,Ventura,111,848112,1548,1065,10,1075,28
2020-05-27,Yolo,113,214977,229,204,0,204,22
2020-05-27,Yuba,115,75493,28,24,0,24,1
2020-05-26,Alameda,001,1643700,3532,2956,5,2961,92
2020-05-26,Alpine,003,1148,1,1,0,1,0
2020-05-26,Amador,005,37829,10,10,0,10,0
2020-05-26,Butte,007,227075,67,37,3,40,0
2020-05-26,Calaveras,009,45235,15,13,0,13,0
2020-05-26,Colusa,011,21464,8,4,0,4,0
2020-05-26,Contra Costa,013,1133247,1575,1352,1,1353,37
2020-05-26,Del Norte,015,27424,44,30,0,30,0
2020-05-26,El Dorado,017,186661,109,79,1,80,0
2020-05-26,Fresno,019,978130,2996,1496,45,1541,22
2020-05-26,Glenn,021,27897,16,12,0,12,0
2020-05-26,Humboldt,023,135768,108,81,0,81,2
2020-05-26,Imperial,025,180216,3008,1369,4,1373,14
2020-05-26,Inyo,027,18085,20,20,0,20,1
2020-05-26,Kern,029,883053,2575,1890,7,1897,31
2020-05-26,Kings,031,150075,803,449,1,450,2
2020-05-26,Lake,033,64148,27,12,0,12,0
2020-05-26,Lassen,035,31185,9,0,2,2,0
2020-05-26,Los Angeles,037,10098052,56565,47760,22,47782,2121
2020-05-26,Madera,039,155013,209,83,1,84,2
2020-05-26,Marin,041,260295,460,424,2,426,14
2020-05-26,Mariposa,043,17540,16,16,0,16,1
2020-05-26,Mendocino,045,87422,25,20,0,20,0
2020-05-26,Merced,047,269075,371,266,0,266,7
2020-05-26,Modoc,049,8938,0,1,0,1,0
2020-05-26,Mono,051,14174,37,34,0,34,1
2020-05-26,Monterey,053,433212,575,424,1,425,8
2020-05-26,Napa,055,140530,129,109,0,109,3
2020-05-26,Nevada,057,99092,43,41,1,42,1
2020-05-26,Orange,059,3164182,8296,5651,63,5714,115
2020-05-26,Placer,061,380077,233,188,0,188,9
2020-05-26,Plumas,063,18699,4,4,0,4,0
2020-05-26,Riverside,065,2383286,8297,6917,20,6937,284
2020-05-26,Sacramento,067,1510023,1424,1298,2,1300,50
2020-05-26,San Benito,069,59416,88,69,0,69,2
2020-05-26,San Bernardino,071,2135413,5713,4430,5,4435,175
2020-05-26,San Diego,073,3302833,7972,6884,0,6884,249
2020-05-26,San Francisco,075,870044,2570,2363,0,2363,40
2020-05-26,San Joaquin,077,732212,992,760,3,763,33
2020-05-26,San Luis Obispo,079,281455,344,260,4,264,1
2020-05-26,San Mateo,081,765935,2267,1967,2,1969,71
2020-05-26,Santa Barbara,083,443738,1694,1590,9,1599,9
2020-05-26,Santa Clara,085,1922200,3338,2659,13,2672,139
2020-05-26,Santa Cruz,087,273765,221,197,0,197,2
2020-05-26,Shasta,089,179085,55,36,0,36,4
2020-05-26,Sierra,091,2930,1,1,0,1,0
2020-05-26,Siskiyou,093,43540,8,6,0,6,0
2020-05-26,Solano,095,438530,563,470,1,471,5
2020-05-26,Sonoma,097,501317,577,509,0,509,4
2020-05-26,Stanislaus,099,539301,780,663,5,668,27
2020-05-26,Sutter,101,95872,45,39,0,39,2
2020-05-26,Tehama,103,63373,8,2,1,3,1
2020-05-26,Trinity,105,12862,6,1,2,3,0
2020-05-26,Tulare,107,460477,2418,1768,10,1778,76
2020-05-26,Tuolumne,109,53932,5,2,0,2,0
2020-05-26,Ventura,111,848112,1511,1033,8,1041,27
2020-05-26,Yolo,113,214977,223,198,0,198,22
2020-05-26,Yuba,115,75493,27,24,0,24,1
2020-05-25,Alameda,001,1643700,3438,2900,5,2905,92
2020-05-25,Alpine,003,1148,1,1,0,1,0
2020-05-25,Amador,005,37829,10,10,0,10,0
2020-05-25,Butte,007,227075,64,37,3,40,0
2020-05-25,Calaveras,009,45235,15,13,0,13,0
2020-05-25,Colusa,011,21464,7,4,0,4,0
2020-05-25,Contra Costa,013,1133247,1543,1348,1,1349,37
2020-05-25,Del Norte,015,27424,44,20,0,20,0
2020-05-25,El Dorado,017,186661,101,78,1,79,0
2020-05-25,Fresno,019,978130,2893,1496,43,1539,22
2020-05-25,Glenn,021,27897,16,12,0,12,0
2020-05-25,Humboldt,023,135768,107,81,0,81,2
2020-05-25,Imperial,025,180216,2802,1369,4,1373,14
2020-05-25,Inyo,027,18085,19,20,0,20,1
2020-05-25,Kern,029,883053,2504,1890,7,1897,31
2020-05-25,Kings,031,150075,773,447,1,448,2
2020-05-25,Lake,033,64148,25,13,0,13,0
2020-05-25,Lassen,035,31185,9,0,2,2,0
2020-05-25,Los Angeles,037,10098052,54752,45952,21,45973,2094
2020-05-25,Madera,039,155013,196,83,1,84,2
2020-05-25,Marin,041,260295,442,415,2,417,14
2020-05-25,Mariposa,043,17540,16,15,0,15,1
2020-05-25,Mendocino,045,87422,22,19,0,19,0
2020-05-25,Merced,047,269075,366,262,0,262,6
2020-05-25,Modoc,049,8938,0,1,0,1,0
2020-05-25,Mono,051,14174,37,34,0,34,1
2020-05-25,Monterey,053,433212,545,418,1,419,8
2020-05-25,Napa,055,140530,129,107,0,107,3
2020-05-25,Nevada,057,99092,43,41,1,42,1
2020-05-25,Orange,059,3164182,8074,5601,62,5663,115
2020-05-25,Placer,061,380077,229,186,0,186,9
2020-05-25,Plumas,063,18699,4,4,0,4,0
2020-05-25,Riverside,065,2383286,8066,6900,20,6920,284
2020-05-25,Sacramento,067,1510023,1404,1290,1,1291,50
2020-05-25,San Benito,069,59416,87,70,0,70,2
2020-05-25,San Bernardino,071,2135413,5523,4393,4,4397,175
2020-05-25,San Diego,073,3302833,7796,6799,0,6799,249
2020-05-25,San Francisco,075,870044,2533,2358,0,2358,40
2020-05-25,San Joaquin,077,732212,966,760,3,763,33
2020-05-25,San Luis Obispo,079,281455,341,260,4,264,1
2020-05-25,San Mateo,081,765935,2230,1938,2,1940,71
2020-05-25,Santa Barbara,083,443738,1684,1590,9,1599,9
2020-05-25,Santa Clara,085,1922200,3305,2647,13,2660,139
2020-05-25,Santa Cruz,087,273765,219,191,0,191,2
2020-05-25,Shasta,089,179085,54,36,0,36,4
2020-05-25,Sierra,091,2930,1,1,0,1,0
2020-05-25,Siskiyou,093,43540,8,6,0,6,0
2020-05-25,Solano,095,438530,549,437,1,438,5
2020-05-25,Sonoma,097,501317,565,496,0,496,4
2020-05-25,Stanislaus,099,539301,750,651,5,656,27
2020-05-25,Sutter,101,95872,45,38,0,38,2
2020-05-25,Tehama,103,63373,7,2,1,3,1
2020-05-25,Trinity,105,12862,6,1,2,3,0
2020-05-25,Tulare,107,460477,2354,1747,10,1757,76
2020-05-25,Tuolumne,109,53932,5,2,0,2,0
2020-05-25,Ventura,111,848112,1470,1020,8,1028,27
2020-05-25,Yolo,113,214977,221,197,0,197,22
2020-05-25,Yuba,115,75493,26,24,0,24,1
2020-05-24,Alameda,001,1643700,3365,2830,5,2835,92
2020-05-24,Alpine,003,1148,1,1,0,1,0
2020-05-24,Amador,005,37829,10,9,0,9,0
2020-05-24,Butte,007,227075,62,35,3,38,0
2020-05-24,Calaveras,009,45235,15,13,0,13,0
2020-05-24,Colusa,011,21464,7,4,0,4,0
2020-05-24,Contra Costa,013,1133247,1515,1325,1,1326,37
2020-05-24,Del Norte,015,27424,43,16,0,16,0
2020-05-24,El Dorado,017,186661,100,76,1,77,0
2020-05-24,Fresno,019,978130,2826,1455,42,1497,22
2020-05-24,Glenn,021,27897,15,12,0,12,0
2020-05-24,Humboldt,023,135768,107,81,0,81,2
2020-05-24,Imperial,025,180216,2676,1369,4,1373,14
2020-05-24,Inyo,027,18085,19,20,0,20,1
2020-05-24,Kern,029,883053,2431,1861,6,1867,31
2020-05-24,Kings,031,150075,762,446,1,447,2
2020-05-24,Lake,033,64148,24,12,0,12,0
2020-05-24,Lassen,035,31185,8,0,2,2,0
2020-05-24,Los Angeles,037,10098052,53736,44954,21,44975,2085
2020-05-24,Madera,039,155013,190,83,1,84,2
2020-05-24,Marin,041,260295,440,401,2,403,14
2020-05-24,Mariposa,043,17540,16,15,0,15,1
2020-05-24,Mendocino,045,87422,21,19,0,19,0
2020-05-24,Merced,047,269075,365,258,0,258,6
2020-05-24,Modoc,049,8938,0,0,0,0,0
2020-05-24,Mono,051,14174,37,34,0,34,1
2020-05-24,Monterey,053,433212,517,405,1,406,8
2020-05-24,Napa,055,140530,127,104,0,104,3
2020-05-24,Nevada,057,99092,43,41,1,42,1
2020-05-24,Orange,059,3164182,7920,5439,61,5500,113
2020-05-24,Placer,061,380077,221,184,0,184,9
2020-05-24,Plumas,063,18699,4,4,0,4,0
2020-05-24,Riverside,065,2383286,7925,6571,20,6591,284
2020-05-24,Sacramento,067,1510023,1388,1283,1,1284,50
2020-05-24,San Benito,069,59416,86,67,0,67,2
2020-05-24,San Bernardino,071,2135413,5415,4262,4,4266,175
2020-05-24,San Diego,073,3302833,7653,6703,0,6703,249
2020-05-24,San Francisco,075,870044,2510,2318,0,2318,40
2020-05-24,San Joaquin,077,732212,947,760,3,763,33
2020-05-24,San Luis Obispo,079,281455,339,257,4,261,1
2020-05-24,San Mateo,081,765935,2195,1925,2,1927,71
2020-05-24,Santa Barbara,083,443738,1672,1573,9,1582,9
2020-05-24,Santa Clara,085,1922200,3285,2623,13,2636,139
2020-05-24,Santa Cruz,087,273765,216,185,0,185,2
2020-05-24,Shasta,089,179085,53,36,0,36,4
2020-05-24,Sierra,091,2930,1,1,0,1,0
2020-05-24,Siskiyou,093,43540,7,6,0,6,0
2020-05-24,Solano,095,438530,541,436,0,436,5
2020-05-24,Sonoma,097,501317,554,485,0,485,4
2020-05-24,Stanislaus,099,539301,730,634,5,639,27
2020-05-24,Sutter,101,95872,45,38,0,38,2
2020-05-24,Tehama,103,63373,5,2,1,3,1
2020-05-24,Trinity,105,12862,6,1,2,3,0
2020-05-24,Tulare,107,460477,2308,1684,10,1694,74
2020-05-24,Tuolumne,109,53932,5,2,0,2,0
2020-05-24,Ventura,111,848112,1458,982,8,990,27
2020-05-24,Yolo,113,214977,219,192,0,192,22
2020-05-24,Yuba,115,75493,26,24,0,24,1
2020-05-23,Alameda,001,1643700,3324,2783,5,2788,91
2020-05-23,Alpine,003,1148,1,1,0,1,0
2020-05-23,Amador,005,37829,10,9,0,9,0
2020-05-23,Butte,007,227075,61,34,3,37,0
2020-05-23,Calaveras,009,45235,15,13,0,13,0
2020-05-23,Colusa,011,21464,7,4,0,4,0
2020-05-23,Contra Costa,013,1133247,1504,1302,1,1303,36
2020-05-23,Del Norte,015,27424,43,10,0,10,0
2020-05-23,El Dorado,017,186661,100,74,1,75,0
2020-05-23,Fresno,019,978130,2806,1447,42,1489,21
2020-05-23,Glenn,021,27897,15,12,0,12,0
2020-05-23,Humboldt,023,135768,105,80,0,80,2
2020-05-23,Imperial,025,180216,2588,1283,4,1287,14
2020-05-23,Inyo,027,18085,19,20,0,20,1
2020-05-23,Kern,029,883053,2388,1806,6,1812,31
2020-05-23,Kings,031,150075,758,444,1,445,2
2020-05-23,Lake,033,64148,23,10,0,10,0
2020-05-23,Lassen,035,31185,8,0,2,2,0
2020-05-23,Los Angeles,037,10098052,53191,44029,21,44050,2069
2020-05-23,Madera,039,155013,186,83,1,84,2
2020-05-23,Marin,041,260295,440,393,1,394,14
2020-05-23,Mariposa,043,17540,16,15,0,15,1
2020-05-23,Mendocino,045,87422,21,13,0,13,0
2020-05-23,Merced,047,269075,361,247,0,247,6
2020-05-23,Modoc,049,8938,0,0,0,0,0
2020-05-23,Mono,051,14174,36,34,0,34,1
2020-05-23,Monterey,053,433212,503,397,1,398,8
2020-05-23,Napa,055,140530,123,101,0,101,3
2020-05-23,Nevada,057,99092,43,41,1,42,1
2020-05-23,Orange,059,3164182,7761,5313,60,5373,113
2020-05-23,Placer,061,380077,215,184,0,184,9
2020-05-23,Plumas,063,18699,4,4,0,4,0
2020-05-23,Riverside,065,2383286,7834,6460,20,6480,284
2020-05-23,Sacramento,067,1510023,1372,1275,1,1276,50
2020-05-23,San Benito,069,59416,81,67,0,67,2
2020-05-23,San Bernardino,071,2135413,5321,4172,4,4176,175
2020-05-23,San Diego,073,3302833,7562,6561,0,6561,249
2020-05-23,San Francisco,075,870044,2491,2312,0,2312,40
2020-05-23,San Joaquin,077,732212,932,759,3,762,33
2020-05-23,San Luis Obispo,079,281455,335,256,4,260,1
2020-05-23,San Mateo,081,765935,2167,1862,2,1864,71
2020-05-23,Santa Barbara,083,443738,1664,1566,9,1575,9
2020-05-23,Santa Clara,085,1922200,3271,2593,12,2605,139
2020-05-23,Santa Cruz,087,273765,214,177,0,177,2
2020-05-23,Shasta,089,179085,53,35,0,35,4
2020-05-23,Sierra,091,2930,1,1,0,1,0
2020-05-23,Siskiyou,093,43540,7,6,0,6,0
2020-05-23,Solano,095,438530,536,435,0,435,5
2020-05-23,Sonoma,097,501317,540,462,0,462,4
2020-05-23,Stanislaus,099,539301,722,625,5,630,27
2020-05-23,Sutter,101,95872,44,38,0,38,2
2020-05-23,Tehama,103,63373,5,2,1,3,1
2020-05-23,Trinity,105,12862,6,1,2,3,0
2020-05-23,Tulare,107,460477,2287,1682,10,1692,73
2020-05-23,Tuolumne,109,53932,5,2,0,2,0
2020-05-23,Ventura,111,848112,1438,961,8,969,27
2020-05-23,Yolo,113,214977,218,188,0,188,22
2020-05-23,Yuba,115,75493,26,24,0,24,1
2020-05-22,Alameda,001,1643700,3270,2722,5,2727,91
2020-05-22,Alpine,003,1148,1,1,0,1,0
2020-05-22,Amador,005,37829,10,9,0,9,0
2020-05-22,Butte,007,227075,59,34,3,37,0
2020-05-22,Calaveras,009,45235,15,13,0,13,0
2020-05-22,Colusa,011,21464,7,4,0,4,0
2020-05-22,Contra Costa,013,1133247,1492,1272,1,1273,36
2020-05-22,Del Norte,015,27424,41,9,0,9,0
2020-05-22,El Dorado,017,186661,97,74,1,75,0
2020-05-22,Fresno,019,978130,2747,1399,41,1440,20
2020-05-22,Glenn,021,27897,15,12,0,12,0
2020-05-22,Humboldt,023,135768,105,80,0,80,2
2020-05-22,Imperial,025,180216,2487,1214,4,1218,14
2020-05-22,Inyo,027,18085,19,20,0,20,1
2020-05-22,Kern,029,883053,2339,1749,6,1755,28
2020-05-22,Kings,031,150075,755,428,1,429,2
2020-05-22,Lake,033,64148,22,10,0,10,0
2020-05-22,Lassen,035,31185,6,0,2,2,0
2020-05-22,Los Angeles,037,10098052,52393,43025,21,43046,2027
2020-05-22,Madera,039,155013,182,82,1,83,2
2020-05-22,Marin,041,260295,436,372,1,373,14
2020-05-22,Mariposa,043,17540,16,15,0,15,1
2020-05-22,Mendocino,045,87422,20,13,0,13,0
2020-05-22,Merced,047,269075,357,233,0,233,6
2020-05-22,Modoc,049,8938,0,0,0,0,0
2020-05-22,Mono,051,14174,36,34,0,34,1
2020-05-22,Monterey,053,433212,492,372,1,373,8
2020-05-22,Napa,055,140530,121,97,0,97,3
2020-05-22,Nevada,057,99092,42,41,1,42,1
2020-05-22,Orange,059,3164182,7564,5144,58,5202,113
2020-05-22,Placer,061,380077,215,181,0,181,9
2020-05-22,Plumas,063,18699,4,4,0,4,0
2020-05-22,Riverside,065,2383286,7719,6351,20,6371,283
2020-05-22,Sacramento,067,1510023,1356,1262,1,1263,50
2020-05-22,San Benito,069,59416,80,64,0,64,2
2020-05-22,San Bernardino,071,2135413,5246,4107,4,4111,173
2020-05-22,San Diego,073,3302833,7476,6436,0,6436,242
2020-05-22,San Francisco,075,870044,2473,2251,0,2251,40
2020-05-22,San Joaquin,077,732212,919,747,3,750,33
2020-05-22,San Luis Obispo,079,281455,334,254,4,258,1
2020-05-22,San Mateo,081,765935,2148,1847,2,1849,71
2020-05-22,Santa Barbara,083,443738,1654,1554,9,1563,9
2020-05-22,Santa Clara,085,1922200,3251,2537,12,2549,139
2020-05-22,Santa Cruz,087,273765,211,171,0,171,2
2020-05-22,Shasta,089,179085,53,34,0,34,4
2020-05-22,Sierra,091,2930,1,0,0,0,0
2020-05-22,Siskiyou,093,43540,7,6,0,6,0
2020-05-22,Solano,095,438530,533,431,0,431,4
2020-05-22,Sonoma,097,501317,536,444,0,444,4
2020-05-22,Stanislaus,099,539301,712,616,5,621,27
2020-05-22,Sutter,101,95872,44,38,0,38,2
2020-05-22,Tehama,103,63373,5,2,0,2,1
2020-05-22,Trinity,105,12862,6,1,2,3,0
2020-05-22,Tulare,107,460477,2257,1662,10,1672,73
2020-05-22,Tuolumne,109,53932,5,2,0,2,0
2020-05-22,Ventura,111,848112,1420,937,8,945,27
2020-05-22,Yolo,113,214977,216,187,0,187,22
2020-05-22,Yuba,115,75493,26,24,0,24,1
2020-05-21,Alameda,001,1643700,3204,2606,5,2611,89
2020-05-21,Alpine,003,1148,1,1,0,1,0
2020-05-21,Amador,005,37829,10,9,0,9,0
2020-05-21,Butte,007,227075,58,31,3,34,0
2020-05-21,Calaveras,009,45235,15,13,0,13,0
2020-05-21,Colusa,011,21464,7,4,0,4,0
2020-05-21,Contra Costa,013,1133247,1456,1243,1,1244,36
2020-05-21,Del Norte,015,27424,38,9,0,9,0
2020-05-21,El Dorado,017,186661,95,67,1,68,0
2020-05-21,Fresno,019,978130,2656,1362,40,1402,20
2020-05-21,Glenn,021,27897,14,12,0,12,0
2020-05-21,Humboldt,023,135768,104,79,0,79,0
2020-05-21,Imperial,025,180216,2326,1096,4,1100,14
2020-05-21,Inyo,027,18085,19,20,0,20,1
2020-05-21,Kern,029,883053,2263,1684,5,1689,27
2020-05-21,Kings,031,150075,734,417,1,418,2
2020-05-21,Lake,033,64148,17,10,0,10,0
2020-05-21,Lassen,035,31185,6,0,2,2,0
2020-05-21,Los Angeles,037,10098052,51354,42063,21,42084,1996
2020-05-21,Madera,039,155013,179,82,1,83,2
2020-05-21,Marin,041,260295,425,359,1,360,14
2020-05-21,Mariposa,043,17540,16,15,0,15,1
2020-05-21,Mendocino,045,87422,20,12,0,12,0
2020-05-21,Merced,047,269075,349,226,0,226,6
2020-05-21,Modoc,049,8938,0,0,0,0,0
2020-05-21,Mono,051,14174,36,33,0,33,1
2020-05-21,Monterey,053,433212,481,363,1,364,8
2020-05-21,Napa,055,140530,119,96,0,96,3
2020-05-21,Nevada,057,99092,42,41,1,42,1
2020-05-21,Orange,059,3164182,7361,4975,58,5033,106
2020-05-21,Placer,061,380077,208,176,0,176,8
2020-05-21,Plumas,063,18699,4,4,0,4,0
2020-05-21,Riverside,065,2383286,7532,6245,20,6265,279
2020-05-21,Sacramento,067,1510023,1343,1258,1,1259,56
2020-05-21,San Benito,069,59416,77,61,0,61,2
2020-05-21,San Bernardino,071,2135413,5099,3950,4,3954,167
2020-05-21,San Diego,073,3302833,7340,6317,0,6317,241
2020-05-21,San Francisco,075,870044,2449,2248,0,2248,37
2020-05-21,San Joaquin,077,732212,883,730,3,733,33
2020-05-21,San Luis Obispo,079,281455,334,251,3,254,1
2020-05-21,San Mateo,081,765935,2112,1791,2,1793,74
2020-05-21,Santa Barbara,083,443738,1639,1541,9,1550,10
2020-05-21,Santa Clara,085,1922200,3229,2520,12,2532,138
2020-05-21,Santa Cruz,087,273765,203,164,0,164,3
2020-05-21,Shasta,089,179085,51,34,0,34,4
2020-05-21,Sierra,091,2930,1,0,0,0,0
2020-05-21,Siskiyou,093,43540,7,6,0,6,0
2020-05-21,Solano,095,438530,524,424,0,424,4
2020-05-21,Sonoma,097,501317,518,427,0,427,4
2020-05-21,Stanislaus,099,539301,700,602,5,607,27
2020-05-21,Sutter,101,95872,43,38,0,38,2
2020-05-21,Tehama,103,63373,4,2,0,2,1
2020-05-21,Trinity,105,12862,5,1,2,3,0
2020-05-21,Tulare,107,460477,2207,1606,8,1614,73
2020-05-21,Tuolumne,109,53932,3,2,0,2,0
2020-05-21,Ventura,111,848112,1371,907,8,915,30
2020-05-21,Yolo,113,214977,213,185,0,185,22
2020-05-21,Yuba,115,75493,26,24,0,24,1
2020-05-20,Alameda,001,1643700,3131,2554,5,2559,89
2020-05-20,Alpine,003,1148,1,1,0,1,0
2020-05-20,Amador,005,37829,10,9,0,9,0
2020-05-20,Butte,007,227075,55,30,3,33,0
2020-05-20,Calaveras,009,45235,15,13,0,13,0
2020-05-20,Colusa,011,21464,7,3,0,3,0
2020-05-20,Contra Costa,013,1133247,1426,1223,1,1224,33
2020-05-20,Del Norte,015,27424,31,9,0,9,0
2020-05-20,El Dorado,017,186661,94,67,1,68,0
2020-05-20,Fresno,019,978130,2583,1329,39,1368,17
2020-05-20,Glenn,021,27897,13,12,0,12,0
2020-05-20,Humboldt,023,135768,101,73,0,73,0
2020-05-20,Imperial,025,180216,2213,1047,4,1051,14
2020-05-20,Inyo,027,18085,19,20,0,20,1
2020-05-20,Kern,029,883053,2200,1639,4,1643,27
2020-05-20,Kings,031,150075,590,403,1,404,2
2020-05-20,Lake,033,64148,17,9,0,9,0
2020-05-20,Lassen,035,31185,5,0,2,2,0
2020-05-20,Los Angeles,037,10098052,50363,40932,21,40953,1955
2020-05-20,Madera,039,155013,177,82,1,83,2
2020-05-20,Marin,041,260295,398,348,1,349,14
2020-05-20,Mariposa,043,17540,16,15,0,15,1
2020-05-20,Mendocino,045,87422,20,12,0,12,0
2020-05-20,Merced,047,269075,344,225,0,225,6
2020-05-20,Modoc,049,8938,0,0,0,0,0
2020-05-20,Mono,051,14174,36,33,0,33,1
2020-05-20,Monterey,053,433212,467,356,1,357,8
2020-05-20,Napa,055,140530,112,93,0,93,3
2020-05-20,Nevada,057,99092,42,41,1,42,1
2020-05-20,Orange,059,3164182,7153,4866,56,4922,96
2020-05-20,Placer,061,380077,206,176,0,176,8
2020-05-20,Plumas,063,18699,4,4,0,4,0
2020-05-20,Riverside,065,2383286,7389,6090,20,6110,265
2020-05-20,Sacramento,067,1510023,1333,1244,1,1245,56
2020-05-20,San Benito,069,59416,76,61,0,61,2
2020-05-20,San Bernardino,071,2135413,4971,3771,4,3775,161
2020-05-20,San Diego,073,3302833,7223,6142,0,6142,230
2020-05-20,San Francisco,075,870044,2426,2199,0,2199,37
2020-05-20,San Joaquin,077,732212,847,713,3,716,33
2020-05-20,San Luis Obispo,079,281455,327,249,3,252,1
2020-05-20,San Mateo,081,765935,2059,1739,2,1741,74
2020-05-20,Santa Barbara,083,443738,1620,1524,9,1533,10
2020-05-20,Santa Clara,085,1922200,3208,2508,11,2519,138
2020-05-20,Santa Cruz,087,273765,200,163,0,163,3
2020-05-20,Shasta,089,179085,51,34,0,34,4
2020-05-20,Sierra,091,2930,1,0,0,0,0
2020-05-20,Siskiyou,093,43540,7,6,0,6,0
2020-05-20,Solano,095,438530,519,418,0,418,4
2020-05-20,Sonoma,097,501317,509,411,0,411,4
2020-05-20,Stanislaus,099,539301,684,584,4,588,25
2020-05-20,Sutter,101,95872,43,38,0,38,2
2020-05-20,Tehama,103,63373,4,2,0,2,1
2020-05-20,Trinity,105,12862,4,1,1,2,0
2020-05-20,Tulare,107,460477,2166,1585,8,1593,71
2020-05-20,Tuolumne,109,53932,3,2,0,2,0
2020-05-20,Ventura,111,848112,1335,879,8,887,29
2020-05-20,Yolo,113,214977,210,184,0,184,22
2020-05-20,Yuba,115,75493,26,23,0,23,1
2020-05-19,Alameda,001,1643700,3054,2493,3,2496,88
2020-05-19,Alpine,003,1148,1,1,0,1,0
2020-05-19,Amador,005,37829,10,9,0,9,0
2020-05-19,Butte,007,227075,53,25,3,28,0
2020-05-19,Calaveras,009,45235,15,13,0,13,0
2020-05-19,Colusa,011,21464,5,3,0,3,0
2020-05-19,Contra Costa,013,1133247,1402,1205,1,1206,33
2020-05-19,Del Norte,015,27424,28,8,0,8,0
2020-05-19,El Dorado,017,186661,91,67,0,67,0
2020-05-19,Fresno,019,978130,2470,1288,38,1326,15
2020-05-19,Glenn,021,27897,13,12,0,12,0
2020-05-19,Humboldt,023,135768,101,72,0,72,0
2020-05-19,Imperial,025,180216,2051,1012,4,1016,14
2020-05-19,Inyo,027,18085,19,20,0,20,1
2020-05-19,Kern,029,883053,2102,1601,4,1605,26
2020-05-19,Kings,031,150075,579,393,1,394,2
2020-05-19,Lake,033,64148,14,11,0,11,0
2020-05-19,Lassen,035,31185,5,0,2,2,0
2020-05-19,Los Angeles,037,10098052,49157,39670,21,39691,1906
2020-05-19,Madera,039,155013,173,80,1,81,2
2020-05-19,Marin,041,260295,374,340,1,341,14
2020-05-19,Mariposa,043,17540,16,15,0,15,1
2020-05-19,Mendocino,045,87422,20,12,0,12,0
2020-05-19,Merced,047,269075,336,222,0,222,5
2020-05-19,Modoc,049,8938,0,0,0,0,0
2020-05-19,Mono,051,14174,36,33,0,33,1
2020-05-19,Monterey,053,433212,455,350,1,351,8
2020-05-19,Napa,055,140530,111,93,0,93,3
2020-05-19,Nevada,057,99092,42,41,1,42,1
2020-05-19,Orange,059,3164182,6959,4746,54,4800,90
2020-05-19,Placer,061,380077,204,177,0,177,8
2020-05-19,Plumas,063,18699,4,5,0,5,0
2020-05-19,Riverside,065,2383286,7229,5963,19,5982,265
2020-05-19,Sacramento,067,1510023,1319,1239,1,1240,57
2020-05-19,San Benito,069,59416,74,59,0,59,2
2020-05-19,San Bernardino,071,2135413,4821,3656,4,3660,158
2020-05-19,San Diego,073,3302833,7079,6028,0,6028,222
2020-05-19,San Francisco,075,870044,2392,2186,0,2186,37
2020-05-19,San Joaquin,077,732212,825,705,3,708,33
2020-05-19,San Luis Obispo,079,281455,327,245,3,248,1
2020-05-19,San Mateo,081,765935,2018,1704,2,1706,71
2020-05-19,Santa Barbara,083,443738,1606,1521,9,1530,10
2020-05-19,Santa Clara,085,1922200,3158,2480,11,2491,138
2020-05-19,Santa Cruz,087,273765,189,161,0,161,3
2020-05-19,Shasta,089,179085,51,34,0,34,4
2020-05-19,Sierra,091,2930,0,0,0,0,0
2020-05-19,Siskiyou,093,43540,7,6,0,6,0
2020-05-19,Solano,095,438530,505,415,0,415,4
2020-05-19,Sonoma,097,501317,498,389,0,389,4
2020-05-19,Stanislaus,099,539301,670,582,4,586,25
2020-05-19,Sutter,101,95872,43,38,0,38,2
2020-05-19,Tehama,103,63373,4,2,0,2,1
2020-05-19,Trinity,105,12862,3,1,0,1,0
2020-05-19,Tulare,107,460477,2118,1551,8,1559,68
2020-05-19,Tuolumne,109,53932,3,2,0,2,0
2020-05-19,Ventura,111,848112,1294,861,7,868,28
2020-05-19,Yolo,113,214977,208,183,0,183,22
2020-05-19,Yuba,115,75493,26,23,0,23,1
2020-05-18,Alameda,001,1643700,2981,2442,3,2445,84
2020-05-18,Alpine,003,1148,1,1,0,1,0
2020-05-18,Amador,005,37829,10,8,0,8,0
2020-05-18,Butte,007,227075,51,24,3,27,0
2020-05-18,Calaveras,009,45235,15,13,0,13,0
2020-05-18,Colusa,011,21464,5,3,0,3,0
2020-05-18,Contra Costa,013,1133247,1371,1173,1,1174,33
2020-05-18,Del Norte,015,27424,23,8,0,8,0
2020-05-18,El Dorado,017,186661,89,67,0,67,0
2020-05-18,Fresno,019,978130,2394,1244,37,1281,14
2020-05-18,Glenn,021,27897,13,11,0,11,0
2020-05-18,Humboldt,023,135768,101,70,0,70,0
2020-05-18,Imperial,025,180216,1897,767,4,771,14
2020-05-18,Inyo,027,18085,19,20,0,20,1
2020-05-18,Kern,029,883053,2053,1566,4,1570,26
2020-05-18,Kings,031,150075,548,381,1,382,2
2020-05-18,Lake,033,64148,13,9,0,9,0
2020-05-18,Lassen,035,31185,5,0,2,2,0
2020-05-18,Los Angeles,037,10098052,48131,38477,21,38498,1825
2020-05-18,Madera,039,155013,167,74,1,75,2
2020-05-18,Marin,041,260295,361,329,1,330,14
2020-05-18,Mariposa,043,17540,16,15,0,15,1
2020-05-18,Mendocino,045,87422,15,12,0,12,0
2020-05-18,Merced,047,269075,327,217,0,217,5
2020-05-18,Modoc,049,8938,0,0,0,0,0
2020-05-18,Mono,051,14174,36,33,0,33,1
2020-05-18,Monterey,053,433212,444,345,1,346,8
2020-05-18,Napa,055,140530,107,92,0,92,3
2020-05-18,Nevada,057,99092,42,41,1,42,1
2020-05-18,Orange,059,3164182,6770,4558,52,4610,88
2020-05-18,Placer,061,380077,202,176,0,176,8
2020-05-18,Plumas,063,18699,4,5,0,5,0
2020-05-18,Riverside,065,2383286,7029,5873,18,5891,253
2020-05-18,Sacramento,067,1510023,1313,1233,0,1233,57
2020-05-18,San Benito,069,59416,72,59,0,59,2
2020-05-18,San Bernardino,071,2135413,4674,3558,4,3562,156
2020-05-18,San Diego,073,3302833,6946,5948,0,5948,211
2020-05-18,San Francisco,075,870044,2369,2183,0,2183,36
2020-05-18,San Joaquin,077,732212,813,697,3,700,33
2020-05-18,San Luis Obispo,079,281455,323,243,3,246,1
2020-05-18,San Mateo,081,765935,1980,1701,2,1703,68
2020-05-18,Santa Barbara,083,443738,1595,1501,9,1510,10
2020-05-18,Santa Clara,085,1922200,3125,2468,11,2479,137
2020-05-18,Santa Cruz,087,273765,187,160,0,160,3
2020-05-18,Shasta,089,179085,50,34,0,34,4
2020-05-18,Sierra,091,2930,0,0,0,0,0
2020-05-18,Siskiyou,093,43540,7,6,0,6,0
2020-05-18,Solano,095,438530,495,398,0,398,4
2020-05-18,Sonoma,097,501317,480,387,0,387,4
2020-05-18,Stanislaus,099,539301,658,572,4,576,25
2020-05-18,Sutter,101,95872,43,38,0,38,2
2020-05-18,Tehama,103,63373,4,2,0,2,1
2020-05-18,Trinity,105,12862,3,1,0,1,0
2020-05-18,Tulare,107,460477,2074,1491,8,1499,63
2020-05-18,Tuolumne,109,53932,3,2,0,2,0
2020-05-18,Ventura,111,848112,1271,850,6,856,27
2020-05-18,Yolo,113,214977,203,183,0,183,22
2020-05-18,Yuba,115,75493,26,23,0,23,1
2020-05-17,Alameda,001,1643700,2886,2389,3,2392,83
2020-05-17,Alpine,003,1148,1,1,0,1,0
2020-05-17,Amador,005,37829,10,8,0,8,0
2020-05-17,Butte,007,227075,50,23,3,26,0
2020-05-17,Calaveras,009,45235,15,13,0,13,0
2020-05-17,Colusa,011,21464,3,3,0,3,0
2020-05-17,Contra Costa,013,1133247,1332,1155,1,1156,33
2020-05-17,Del Norte,015,27424,23,7,0,7,0
2020-05-17,El Dorado,017,186661,89,65,0,65,0
2020-05-17,Fresno,019,978130,2289,1213,34,1247,14
2020-05-17,Glenn,021,27897,13,9,0,9,0
2020-05-17,Humboldt,023,135768,94,70,0,70,0
2020-05-17,Imperial,025,180216,1749,715,4,719,14
2020-05-17,Inyo,027,18085,19,20,0,20,1
2020-05-17,Kern,029,883053,1975,1546,3,1549,26
2020-05-17,Kings,031,150075,501,356,1,357,2
2020-05-17,Lake,033,64148,13,7,0,7,0
2020-05-17,Lassen,035,31185,5,0,2,2,0
2020-05-17,Los Angeles,037,10098052,46892,37996,21,38017,1807
2020-05-17,Madera,039,155013,165,69,1,70,2
2020-05-17,Marin,041,260295,350,315,1,316,14
2020-05-17,Mariposa,043,17540,15,15,0,15,1
2020-05-17,Mendocino,045,87422,14,10,0,10,0
2020-05-17,Merced,047,269075,318,214,0,214,5
2020-05-17,Modoc,049,8938,0,0,0,0,0
2020-05-17,Mono,051,14174,36,32,0,32,1
2020-05-17,Monterey,053,433212,424,342,1,343,8
2020-05-17,Napa,055,140530,104,89,0,89,3
2020-05-17,Nevada,057,99092,42,41,1,42,1
2020-05-17,Orange,059,3164182,6590,4466,51,4517,88
2020-05-17,Placer,061,380077,197,175,0,175,8
2020-05-17,Plumas,063,18699,4,4,0,4,0
2020-05-17,Riverside,065,2383286,6856,5776,18,5794,245
2020-05-17,Sacramento,067,1510023,1302,1224,0,1224,56
2020-05-17,San Benito,069,59416,71,59,0,59,2
2020-05-17,San Bernardino,071,2135413,4524,3467,4,3471,155
2020-05-17,San Diego,073,3302833,6814,5838,0,5838,209
2020-05-17,San Francisco,075,870044,2342,2132,0,2132,36
2020-05-17,San Joaquin,077,732212,783,688,3,691,32
2020-05-17,San Luis Obispo,079,281455,321,242,3,245,1
2020-05-17,San Mateo,081,765935,1943,1680,2,1682,68
2020-05-17,Santa Barbara,083,443738,1576,1457,9,1466,10
2020-05-17,Santa Clara,085,1922200,3087,2453,11,2464,135
2020-05-17,Santa Cruz,087,273765,176,155,0,155,3
2020-05-17,Shasta,089,179085,49,34,0,34,4
2020-05-17,Sierra,091,2930,0,0,0,0,0
2020-05-17,Siskiyou,093,43540,7,6,0,6,0
2020-05-17,Solano,095,438530,483,392,0,392,4
2020-05-17,Sonoma,097,501317,459,376,0,376,4
2020-05-17,Stanislaus,099,539301,647,566,4,570,25
2020-05-17,Sutter,101,95872,42,38,0,38,2
2020-05-17,Tehama,103,63373,3,2,0,2,1
2020-05-17,Trinity,105,12862,2,1,0,1,0
2020-05-17,Tulare,107,460477,1998,1430,7,1437,63
2020-05-17,Tuolumne,109,53932,3,2,0,2,0
2020-05-17,Ventura,111,848112,1226,838,6,844,27
2020-05-17,Yolo,113,214977,201,182,0,182,22
2020-05-17,Yuba,115,75493,26,21,0,21,1
2020-05-16,Alameda,001,1643700,2836,2327,3,2330,83
2020-05-16,Alpine,003,1148,1,1,0,1,0
2020-05-16,Amador,005,37829,10,8,0,8,0
2020-05-16,Butte,007,227075,45,22,3,25,0
2020-05-16,Calaveras,009,45235,15,13,0,13,0
2020-05-16,Colusa,011,21464,3,3,0,3,0
2020-05-16,Contra Costa,013,1133247,1314,1136,1,1137,33
2020-05-16,Del Norte,015,27424,19,4,0,4,0
2020-05-16,El Dorado,017,186661,89,65,0,65,0
2020-05-16,Fresno,019,978130,2233,1177,34,1211,14
2020-05-16,Glenn,021,27897,13,9,0,9,0
2020-05-16,Humboldt,023,135768,92,69,0,69,0
2020-05-16,Imperial,025,180216,1685,712,4,716,14
2020-05-16,Inyo,027,18085,19,20,0,20,1
2020-05-16,Kern,029,883053,1939,1509,3,1512,26
2020-05-16,Kings,031,150075,491,356,1,357,2
2020-05-16,Lake,033,64148,13,7,0,7,0
2020-05-16,Lassen,035,31185,4,0,2,2,0
2020-05-16,Los Angeles,037,10098052,46317,37352,21,37373,1778
2020-05-16,Madera,039,155013,163,70,1,71,2
2020-05-16,Marin,041,260295,346,297,1,298,14
2020-05-16,Mariposa,043,17540,15,15,0,15,1
2020-05-16,Mendocino,045,87422,14,10,0,10,0
2020-05-16,Merced,047,269075,316,201,0,201,5
2020-05-16,Modoc,049,8938,0,0,0,0,0
2020-05-16,Mono,051,14174,36,32,0,32,1
2020-05-16,Monterey,053,433212,409,329,1,330,8
2020-05-16,Napa,055,140530,104,86,0,86,3
2020-05-16,Nevada,057,99092,42,41,1,42,1
2020-05-16,Orange,059,3164182,6514,4396,50,4446,87
2020-05-16,Placer,061,380077,195,174,0,174,8
2020-05-16,Plumas,063,18699,4,4,0,4,0
2020-05-16,Riverside,065,2383286,6771,5633,18,5651,243
2020-05-16,Sacramento,067,1510023,1295,1209,0,1209,55
2020-05-16,San Benito,069,59416,66,58,0,58,2
2020-05-16,San Bernardino,071,2135413,4452,3362,4,3366,155
2020-05-16,San Diego,073,3302833,6728,5664,0,5664,209
2020-05-16,San Francisco,075,870044,2319,2094,0,2094,36
2020-05-16,San Joaquin,077,732212,775,668,3,671,32
2020-05-16,San Luis Obispo,079,281455,320,240,3,243,1
2020-05-16,San Mateo,081,765935,1928,1652,2,1654,68
2020-05-16,Santa Barbara,083,443738,1565,1422,9,1431,10
2020-05-16,Santa Clara,085,1922200,3069,2420,11,2431,135
2020-05-16,Santa Cruz,087,273765,173,154,0,154,3
2020-05-16,Shasta,089,179085,49,33,0,33,4
2020-05-16,Sierra,091,2930,0,0,0,0,0
2020-05-16,Siskiyou,093,43540,7,6,0,6,0
2020-05-16,Solano,095,438530,478,392,0,392,4
2020-05-16,Sonoma,097,501317,446,356,0,356,4
2020-05-16,Stanislaus,099,539301,638,546,4,550,24
2020-05-16,Sutter,101,95872,42,35,0,35,2
2020-05-16,Tehama,103,63373,3,2,0,2,1
2020-05-16,Trinity,105,12862,2,1,0,1,0
2020-05-16,Tulare,107,460477,1980,1426,7,1433,63
2020-05-16,Tuolumne,109,53932,3,2,0,2,0
2020-05-16,Ventura,111,848112,1200,813,6,819,25
2020-05-16,Yolo,113,214977,200,181,0,181,22
2020-05-16,Yuba,115,75493,26,21,0,21,1
2020-05-15,Alameda,001,1643700,2802,2289,3,2292,83
2020-05-15,Alpine,003,1148,1,1,0,1,0
2020-05-15,Amador,005,37829,10,8,0,8,0
2020-05-15,Butte,007,227075,43,22,3,25,0
2020-05-15,Calaveras,009,45235,14,13,0,13,0
2020-05-15,Colusa,011,21464,3,3,0,3,0
2020-05-15,Contra Costa,013,1133247,1296,1106,1,1107,33
2020-05-15,Del Norte,015,27424,14,4,0,4,0
2020-05-15,El Dorado,017,186661,89,64,0,64,0
2020-05-15,Fresno,019,978130,2167,1126,34,1160,14
2020-05-15,Glenn,021,27897,13,9,0,9,0
2020-05-15,Humboldt,023,135768,91,60,0,60,0
2020-05-15,Imperial,025,180216,1601,680,0,680,14
2020-05-15,Inyo,027,18085,19,20,0,20,1
2020-05-15,Kern,029,883053,1883,1472,3,1475,25
2020-05-15,Kings,031,150075,488,347,1,348,2
2020-05-15,Lake,033,64148,13,7,0,7,0
2020-05-15,Lassen,035,31185,4,0,2,2,0
2020-05-15,Los Angeles,037,10098052,45528,36317,21,36338,1734
2020-05-15,Madera,039,155013,162,71,1,72,2
2020-05-15,Marin,041,260295,338,295,1,296,14
2020-05-15,Mariposa,043,17540,15,15,0,15,1
2020-05-15,Mendocino,045,87422,14,10,0,10,0
2020-05-15,Merced,047,269075,312,191,0,191,5
2020-05-15,Modoc,049,8938,0,0,0,0,0
2020-05-15,Mono,051,14174,36,31,0,31,1
2020-05-15,Monterey,053,433212,403,321,1,322,8
2020-05-15,Napa,055,140530,104,83,0,83,3
2020-05-15,Nevada,057,99092,42,41,1,42,1
2020-05-15,Orange,059,3164182,6341,4281,50,4331,87
2020-05-15,Placer,061,380077,193,174,0,174,8
2020-05-15,Plumas,063,18699,4,4,0,4,0
2020-05-15,Riverside,065,2383286,6657,5496,18,5514,233
2020-05-15,Sacramento,067,1510023,1285,1203,0,1203,55
2020-05-15,San Benito,069,59416,63,57,0,57,2
2020-05-15,San Bernardino,071,2135413,4374,3225,4,3229,153
2020-05-15,San Diego,073,3302833,6621,5525,0,5525,208
2020-05-15,San Francisco,075,870044,2303,2062,0,2062,36
2020-05-15,San Joaquin,077,732212,769,656,3,659,32
2020-05-15,San Luis Obispo,079,281455,318,237,3,240,1
2020-05-15,San Mateo,081,765935,1906,1612,2,1614,68
2020-05-15,Santa Barbara,083,443738,1556,1409,8,1417,10
2020-05-15,Santa Clara,085,1922200,3026,2395,10,2405,135
2020-05-15,Santa Cruz,087,273765,172,146,0,146,3
2020-05-15,Shasta,089,179085,48,33,0,33,4
2020-05-15,Sierra,091,2930,0,0,0,0,0
2020-05-15,Siskiyou,093,43540,6,5,0,5,0
2020-05-15,Solano,095,438530,474,388,0,388,4
2020-05-15,Sonoma,097,501317,438,349,0,349,4
2020-05-15,Stanislaus,099,539301,631,540,4,544,23
2020-05-15,Sutter,101,95872,41,35,0,35,2
2020-05-15,Tehama,103,63373,3,1,0,1,1
2020-05-15,Trinity,105,12862,2,1,0,1,0
2020-05-15,Tulare,107,460477,1952,1356,7,1363,61
2020-05-15,Tuolumne,109,53932,3,2,0,2,0
2020-05-15,Ventura,111,848112,1182,789,5,794,25
2020-05-15,Yolo,113,214977,199,182,0,182,22
2020-05-15,Yuba,115,75493,26,21,0,21,1
2020-05-14,Alameda,001,1643700,2710,2255,3,2258,80
2020-05-14,Alpine,003,1148,1,1,0,1,0
2020-05-14,Amador,005,37829,10,8,0,8,0
2020-05-14,Butte,007,227075,41,22,3,25,0
2020-05-14,Calaveras,009,45235,14,13,0,13,0
2020-05-14,Colusa,011,21464,3,3,0,3,0
2020-05-14,Contra Costa,013,1133247,1269,1090,1,1091,32
2020-05-14,Del Norte,015,27424,14,4,0,4,0
2020-05-14,El Dorado,017,186661,80,59,0,59,0
2020-05-14,Fresno,019,978130,2107,1038,30,1068,12
2020-05-14,Glenn,021,27897,12,8,0,8,0
2020-05-14,Humboldt,023,135768,89,59,0,59,0
2020-05-14,Imperial,025,180216,1484,652,0,652,13
2020-05-14,Inyo,027,18085,19,20,0,20,1
2020-05-14,Kern,029,883053,1841,1430,3,1433,21
2020-05-14,Kings,031,150075,472,342,1,343,1
2020-05-14,Lake,033,64148,13,7,0,7,0
2020-05-14,Lassen,035,31185,4,0,2,2,0
2020-05-14,Los Angeles,037,10098052,44355,35427,21,35448,1693
2020-05-14,Madera,039,155013,153,69,1,70,2
2020-05-14,Marin,041,260295,320,283,1,284,14
2020-05-14,Mariposa,043,17540,15,15,0,15,0
2020-05-14,Mendocino,045,87422,13,10,0,10,0
2020-05-14,Merced,047,269075,302,182,0,182,3
2020-05-14,Modoc,049,8938,0,0,0,0,0
2020-05-14,Mono,051,14174,36,31,0,31,1
2020-05-14,Monterey,053,433212,393,317,1,318,7
2020-05-14,Napa,055,140530,102,83,0,83,3
2020-05-14,Nevada,057,99092,41,41,1,42,1
2020-05-14,Orange,059,3164182,6166,4163,48,4211,83
2020-05-14,Placer,061,380077,193,172,0,172,8
2020-05-14,Plumas,063,18699,4,4,0,4,0
2020-05-14,Riverside,065,2383286,6473,5339,18,5357,224
2020-05-14,Sacramento,067,1510023,1273,1181,0,1181,55
2020-05-14,San Benito,069,59416,61,56,0,56,2
2020-05-14,San Bernardino,071,2135413,4195,3149,4,3153,149
2020-05-14,San Diego,073,3302833,6486,5393,0,5393,200
2020-05-14,San Francisco,075,870044,2270,2029,0,2029,36
2020-05-14,San Joaquin,077,732212,754,643,3,646,31
2020-05-14,San Luis Obispo,079,281455,315,236,3,239,1
2020-05-14,San Mateo,081,765935,1874,1588,2,1590,67
2020-05-14,Santa Barbara,083,443738,1544,1395,8,1403,11
2020-05-14,Santa Clara,085,1922200,3003,2380,10,2390,134
2020-05-14,Santa Cruz,087,273765,170,145,0,145,3
2020-05-14,Shasta,089,179085,48,33,0,33,4
2020-05-14,Sierra,091,2930,0,0,0,0,0
2020-05-14,Siskiyou,093,43540,6,5,0,5,0
2020-05-14,Solano,095,438530,465,372,0,372,4
2020-05-14,Sonoma,097,501317,421,333,0,333,4
2020-05-14,Stanislaus,099,539301,612,533,4,537,23
2020-05-14,Sutter,101,95872,41,34,0,34,2
2020-05-14,Tehama,103,63373,3,1,0,1,1
2020-05-14,Trinity,105,12862,2,1,0,1,0
2020-05-14,Tulare,107,460477,1913,1317,7,1324,55
2020-05-14,Tuolumne,109,53932,3,2,0,2,0
2020-05-14,Ventura,111,848112,1151,760,5,765,25
2020-05-14,Yolo,113,214977,199,180,0,180,22
2020-05-14,Yuba,115,75493,26,21,0,21,1
2020-05-13,Alameda,001,1643700,2652,2181,3,2184,78
2020-05-13,Alpine,003,1148,1,1,0,1,0
2020-05-13,Amador,005,37829,10,8,0,8,0
2020-05-13,Butte,007,227075,41,21,3,24,0
2020-05-13,Calaveras,009,45235,14,13,0,13,0
2020-05-13,Colusa,011,21464,3,3,0,3,0
2020-05-13,Contra Costa,013,1133247,1247,1082,1,1083,32
2020-05-13,Del Norte,015,27424,13,4,0,4,0
2020-05-13,El Dorado,017,186661,79,58,0,58,0
2020-05-13,Fresno,019,978130,2009,993,30,1023,10
2020-05-13,Glenn,021,27897,11,6,0,6,0
2020-05-13,Humboldt,023,135768,83,58,0,58,0
2020-05-13,Imperial,025,180216,1414,610,0,610,11
2020-05-13,Inyo,027,18085,19,20,0,20,1
2020-05-13,Kern,029,883053,1795,1390,3,1393,19
2020-05-13,Kings,031,150075,458,314,1,315,1
2020-05-13,Lake,033,64148,13,7,0,7,0
2020-05-13,Lassen,035,31185,4,0,2,2,0
2020-05-13,Los Angeles,037,10098052,43043,34574,21,34595,1643
2020-05-13,Madera,039,155013,144,69,1,70,2
2020-05-13,Marin,041,260295,307,278,1,279,14
2020-05-13,Mariposa,043,17540,15,15,0,15,0
2020-05-13,Mendocino,045,87422,13,10,0,10,0
2020-05-13,Merced,047,269075,298,176,0,176,3
2020-05-13,Modoc,049,8938,0,0,0,0,0
2020-05-13,Mono,051,14174,35,31,0,31,1
2020-05-13,Monterey,053,433212,383,309,1,310,6
2020-05-13,Napa,055,140530,102,81,0,81,3
2020-05-13,Nevada,057,99092,41,41,1,42,1
2020-05-13,Orange,059,3164182,5920,4025,46,4071,79
2020-05-13,Placer,061,380077,192,170,0,170,8
2020-05-13,Plumas,063,18699,4,4,0,4,0
2020-05-13,Riverside,065,2383286,6350,5204,18,5222,216
2020-05-13,Sacramento,067,1510023,1258,1173,0,1173,53
2020-05-13,San Benito,069,59416,61,55,0,55,2
2020-05-13,San Bernardino,071,2135413,3939,3064,3,3067,140
2020-05-13,San Diego,073,3302833,6350,5280,0,5280,194
2020-05-13,San Francisco,075,870044,2242,2004,0,2004,35
2020-05-13,San Joaquin,077,732212,733,639,3,642,31
2020-05-13,San Luis Obispo,079,281455,313,231,3,234,1
2020-05-13,San Mateo,081,765935,1842,1550,2,1552,66
2020-05-13,Santa Barbara,083,443738,1533,1382,8,1390,10
2020-05-13,Santa Clara,085,1922200,2983,2370,10,2380,132
2020-05-13,Santa Cruz,087,273765,166,142,0,142,2
2020-05-13,Shasta,089,179085,48,32,0,32,4
2020-05-13,Sierra,091,2930,0,0,0,0,0
2020-05-13,Siskiyou,093,43540,6,5,0,5,0
2020-05-13,Solano,095,438530,452,368,0,368,4
2020-05-13,Sonoma,097,501317,411,330,0,330,4
2020-05-13,Stanislaus,099,539301,603,521,4,525,15
2020-05-13,Sutter,101,95872,41,33,0,33,2
2020-05-13,Tehama,103,63373,3,1,0,1,1
2020-05-13,Trinity,105,12862,2,2,0,2,0
2020-05-13,Tulare,107,460477,1880,1283,7,1290,54
2020-05-13,Tuolumne,109,53932,3,2,0,2,0
2020-05-13,Ventura,111,848112,1120,742,5,747,25
2020-05-13,Yolo,113,214977,197,178,0,178,22
2020-05-13,Yuba,115,75493,24,19,0,19,1
2020-05-12,Alameda,001,1643700,2588,2146,3,2149,74
2020-05-12,Alpine,003,1148,1,1,0,1,0
2020-05-12,Amador,005,37829,10,8,0,8,0
2020-05-12,Butte,007,227075,39,20,3,23,0
2020-05-12,Calaveras,009,45235,13,13,0,13,0
2020-05-12,Colusa,011,21464,3,3,0,3,0
2020-05-12,Contra Costa,013,1133247,1216,1067,1,1068,32
2020-05-12,Del Norte,015,27424,10,3,0,3,0
2020-05-12,El Dorado,017,186661,76,56,0,56,0
2020-05-12,Fresno,019,978130,1925,978,28,1006,9
2020-05-12,Glenn,021,27897,10,6,0,6,0
2020-05-12,Humboldt,023,135768,80,58,0,58,0
2020-05-12,Imperial,025,180216,1284,602,0,602,9
2020-05-12,Inyo,027,18085,19,20,0,20,1
2020-05-12,Kern,029,883053,1754,1363,3,1366,18
2020-05-12,Kings,031,150075,437,302,1,303,1
2020-05-12,Lake,033,64148,13,7,0,7,0
2020-05-12,Lassen,035,31185,4,0,2,2,0
2020-05-12,Los Angeles,037,10098052,42050,33281,20,33301,1601
2020-05-12,Madera,039,155013,138,69,1,70,2
2020-05-12,Marin,041,260295,302,274,1,275,14
2020-05-12,Mariposa,043,17540,15,15,0,15,0
2020-05-12,Mendocino,045,87422,13,10,0,10,0
2020-05-12,Merced,047,269075,286,175,0,175,3
2020-05-12,Modoc,049,8938,0,0,0,0,0
2020-05-12,Mono,051,14174,35,31,0,31,1
2020-05-12,Monterey,053,433212,376,298,1,299,6
2020-05-12,Napa,055,140530,100,80,0,80,3
2020-05-12,Nevada,057,99092,41,41,1,42,1
2020-05-12,Orange,059,3164182,5737,3843,44,3887,78
2020-05-12,Placer,061,380077,191,170,0,170,8
2020-05-12,Plumas,063,18699,4,4,0,4,0
2020-05-12,Riverside,065,2383286,6227,5134,18,5152,210
2020-05-12,Sacramento,067,1510023,1238,1166,0,1166,52
2020-05-12,San Benito,069,59416,61,55,0,55,2
2020-05-12,San Bernardino,071,2135413,3787,2997,3,3000,131
2020-05-12,San Diego,073,3302833,6206,3,0,3,0
2020-05-12,San Francisco,075,870044,2207,1981,0,1981,35
2020-05-12,San Joaquin,077,732212,718,625,3,628,30
2020-05-12,San Luis Obispo,079,281455,310,226,3,229,1
2020-05-12,San Mateo,081,765935,1816,1533,2,1535,66
2020-05-12,Santa Barbara,083,443738,1502,1377,8,1385,10
2020-05-12,Santa Clara,085,1922200,2952,2362,10,2372,131
2020-05-12,Santa Cruz,087,273765,164,141,0,141,2
2020-05-12,Shasta,089,179085,47,33,0,33,4
2020-05-12,Sierra,091,2930,0,0,0,0,0
2020-05-12,Siskiyou,093,43540,6,5,0,5,0
2020-05-12,Solano,095,438530,444,361,0,361,4
2020-05-12,Sonoma,097,501317,388,308,0,308,4
2020-05-12,Stanislaus,099,539301,596,515,4,519,15
2020-05-12,Sutter,101,95872,41,33,0,33,2
2020-05-12,Tehama,103,63373,3,1,0,1,1
2020-05-12,Trinity,105,12862,2,1,0,1,0
2020-05-12,Tulare,107,460477,1848,1261,7,1268,52
2020-05-12,Tuolumne,109,53932,3,2,0,2,0
2020-05-12,Ventura,111,848112,1064,718,5,723,20
2020-05-12,Yolo,113,214977,196,176,0,176,22
2020-05-12,Yuba,115,75493,24,19,0,19,1
2020-05-11,Alameda,001,1643700,2538,2103,3,2106,71
2020-05-11,Alpine,003,1148,1,1,0,1,0
2020-05-11,Amador,005,37829,10,8,0,8,0
2020-05-11,Butte,007,227075,38,19,3,22,0
2020-05-11,Calaveras,009,45235,13,13,0,13,0
2020-05-11,Colusa,011,21464,3,3,0,3,0
2020-05-11,Contra Costa,013,1133247,1202,1052,1,1053,32
2020-05-11,Del Norte,015,27424,8,3,0,3,0
2020-05-11,El Dorado,017,186661,76,55,0,55,0
2020-05-11,Fresno,019,978130,1834,937,27,964,8
2020-05-11,Glenn,021,27897,10,6,0,6,0
2020-05-11,Humboldt,023,135768,77,56,0,56,0
2020-05-11,Imperial,025,180216,1177,562,0,562,9
2020-05-11,Inyo,027,18085,19,20,0,20,1
2020-05-11,Kern,029,883053,1702,1331,3,1334,17
2020-05-11,Kings,031,150075,414,289,0,289,1
2020-05-11,Lake,033,64148,12,7,0,7,0
2020-05-11,Lassen,035,31185,4,0,2,2,0
2020-05-11,Los Angeles,037,10098052,40869,32279,20,32299,1553
2020-05-11,Madera,039,155013,129,68,1,69,2
2020-05-11,Marin,041,260295,293,271,1,272,14
2020-05-11,Mariposa,043,17540,15,15,0,15,0
2020-05-11,Mendocino,045,87422,13,10,0,10,0
2020-05-11,Merced,047,269075,269,158,0,158,3
2020-05-11,Modoc,049,8938,0,0,0,0,0
2020-05-11,Mono,051,14174,35,30,0,30,1
2020-05-11,Monterey,053,433212,373,286,1,287,6
2020-05-11,Napa,055,140530,94,79,0,79,2
2020-05-11,Nevada,057,99092,41,41,1,42,1
2020-05-11,Orange,059,3164182,5523,3699,38,3737,77
2020-05-11,Placer,061,380077,191,170,0,170,8
2020-05-11,Plumas,063,18699,4,4,0,4,0
2020-05-11,Riverside,065,2383286,6069,5082,17,5099,203
2020-05-11,Sacramento,067,1510023,1223,1160,0,1160,52
2020-05-11,San Benito,069,59416,59,52,0,52,2
2020-05-11,San Bernardino,071,2135413,3676,2945,3,2948,124
2020-05-11,San Diego,073,3302833,6053,5067,0,5067,175
2020-05-11,San Francisco,075,870044,2161,1974,0,1974,35
2020-05-11,San Joaquin,077,732212,708,620,3,623,30
2020-05-11,San Luis Obispo,079,281455,308,224,3,227,1
2020-05-11,San Mateo,081,765935,1790,1499,2,1501,66
2020-05-11,Santa Barbara,083,443738,1491,1372,7,1379,10
2020-05-11,Santa Clara,085,1922200,2935,2340,10,2350,129
2020-05-11,Santa Cruz,087,273765,161,140,0,140,2
2020-05-11,Shasta,089,179085,47,31,0,31,4
2020-05-11,Sierra,091,2930,0,0,0,0,0
2020-05-11,Siskiyou,093,43540,6,5,0,5,0
2020-05-11,Solano,095,438530,439,354,0,354,4
2020-05-11,Sonoma,097,501317,378,303,0,303,3
2020-05-11,Stanislaus,099,539301,586,507,4,511,14
2020-05-11,Sutter,101,95872,40,32,0,32,2
2020-05-11,Tehama,103,63373,3,1,0,1,1
2020-05-11,Trinity,105,12862,2,1,0,1,0
2020-05-11,Tulare,107,460477,1799,1203,7,1210,49
2020-05-11,Tuolumne,109,53932,3,2,0,2,0
2020-05-11,Ventura,111,848112,1003,698,4,702,19
2020-05-11,Yolo,113,214977,196,174,0,174,20
2020-05-11,Yuba,115,75493,24,18,0,18,1
2020-05-10,Alameda,001,1643700,2461,2047,3,2050,71
2020-05-10,Alpine,003,1148,1,1,0,1,0
2020-05-10,Amador,005,37829,10,8,0,8,0
2020-05-10,Butte,007,227075,33,18,3,21,0
2020-05-10,Calaveras,009,45235,13,13,0,13,0
2020-05-10,Colusa,011,21464,3,3,0,3,0
2020-05-10,Contra Costa,013,1133247,1188,1046,0,1046,31
2020-05-10,Del Norte,015,27424,7,3,0,3,0
2020-05-10,El Dorado,017,186661,76,55,0,55,0
2020-05-10,Fresno,019,978130,1749,894,27,921,8
2020-05-10,Glenn,021,27897,10,6,0,6,0
2020-05-10,Humboldt,023,135768,73,56,0,56,0
2020-05-10,Imperial,025,180216,1082,509,0,509,7
2020-05-10,Inyo,027,18085,19,20,0,20,1
2020-05-10,Kern,029,883053,1651,1300,2,1302,16
2020-05-10,Kings,031,150075,401,266,0,266,1
2020-05-10,Lake,033,64148,12,7,0,7,0
2020-05-10,Lassen,035,31185,4,0,2,2,0
2020-05-10,Los Angeles,037,10098052,39608,31711,20,31731,1514
2020-05-10,Madera,039,155013,127,65,1,66,2
2020-05-10,Marin,041,260295,285,267,1,268,14
2020-05-10,Mariposa,043,17540,15,15,0,15,0
2020-05-10,Mendocino,045,87422,12,10,0,10,0
2020-05-10,Merced,047,269075,253,154,0,154,3
2020-05-10,Modoc,049,8938,0,0,0,0,0
2020-05-10,Mono,051,14174,35,27,0,27,1
2020-05-10,Monterey,053,433212,359,282,1,283,6
2020-05-10,Napa,055,140530,88,79,0,79,2
2020-05-10,Nevada,057,99092,41,41,1,42,1
2020-05-10,Orange,059,3164182,5380,3627,38,3665,76
2020-05-10,Placer,061,380077,190,168,0,168,8
2020-05-10,Plumas,063,18699,4,4,0,4,0
2020-05-10,Riverside,065,2383286,5947,4951,17,4968,193
2020-05-10,Sacramento,067,1510023,1207,1152,0,1152,52
2020-05-10,San Benito,069,59416,59,52,0,52,2
2020-05-10,San Bernardino,071,2135413,3578,2910,3,2913,121
2020-05-10,San Diego,073,3302833,5901,4928,0,4928,175
2020-05-10,San Francisco,075,870044,2143,1953,0,1953,35
2020-05-10,San Joaquin,077,732212,693,611,3,614,29
2020-05-10,San Luis Obispo,079,281455,305,218,3,221,1
2020-05-10,San Mateo,081,765935,1768,1463,2,1465,65
2020-05-10,Santa Barbara,083,443738,1480,1323,7,1330,10
2020-05-10,Santa Clara,085,1922200,2908,2331,10,2341,129
2020-05-10,Santa Cruz,087,273765,160,139,0,139,2
2020-05-10,Shasta,089,179085,47,31,0,31,4
2020-05-10,Sierra,091,2930,0,0,0,0,0
2020-05-10,Siskiyou,093,43540,5,5,0,5,0
2020-05-10,Solano,095,438530,429,322,0,322,4
2020-05-10,Sonoma,097,501317,368,290,0,290,3
2020-05-10,Stanislaus,099,539301,579,498,4,502,14
2020-05-10,Sutter,101,95872,37,31,0,31,2
2020-05-10,Tehama,103,63373,3,1,0,1,1
2020-05-10,Trinity,105,12862,2,1,0,1,0
2020-05-10,Tulare,107,460477,1728,1143,7,1150,47
2020-05-10,Tuolumne,109,53932,3,2,0,2,0
2020-05-10,Ventura,111,848112,945,690,2,692,19
2020-05-10,Yolo,113,214977,196,173,0,173,20
2020-05-10,Yuba,115,75493,23,17,0,17,1
2020-05-09,Alameda,001,1643700,2418,2011,3,2014,71
2020-05-09,Alpine,003,1148,1,1,0,1,0
2020-05-09,Amador,005,37829,9,8,0,8,0
2020-05-09,Butte,007,227075,32,18,3,21,0
2020-05-09,Calaveras,009,45235,13,13,0,13,0
2020-05-09,Colusa,011,21464,3,3,0,3,0
2020-05-09,Contra Costa,013,1133247,1174,1039,0,1039,31
2020-05-09,Del Norte,015,27424,7,3,0,3,0
2020-05-09,El Dorado,017,186661,73,54,0,54,0
2020-05-09,Fresno,019,978130,1711,861,26,887,8
2020-05-09,Glenn,021,27897,9,6,0,6,0
2020-05-09,Humboldt,023,135768,71,55,0,55,0
2020-05-09,Imperial,025,180216,1026,474,0,474,7
2020-05-09,Inyo,027,18085,19,20,0,20,1
2020-05-09,Kern,029,883053,1615,1262,1,1263,15
2020-05-09,Kings,031,150075,396,264,0,264,1
2020-05-09,Lake,033,64148,12,7,0,7,0
2020-05-09,Lassen,035,31185,4,0,2,2,0
2020-05-09,Los Angeles,037,10098052,38986,31268,20,31288,1499
2020-05-09,Madera,039,155013,126,61,1,62,2
2020-05-09,Marin,041,260295,284,261,1,262,14
2020-05-09,Mariposa,043,17540,15,15,0,15,0
2020-05-09,Mendocino,045,87422,12,10,0,10,0
2020-05-09,Merced,047,269075,249,153,0,153,3
2020-05-09,Modoc,049,8938,0,0,0,0,0
2020-05-09,Mono,051,14174,35,27,0,27,1
2020-05-09,Monterey,053,433212,352,273,0,273,6
2020-05-09,Napa,055,140530,87,78,0,78,2
2020-05-09,Nevada,057,99092,41,41,1,42,1
2020-05-09,Orange,059,3164182,5297,3506,38,3544,75
2020-05-09,Placer,061,380077,189,168,0,168,8
2020-05-09,Plumas,063,18699,4,4,0,4,0
2020-05-09,Riverside,065,2383286,5852,4871,17,4888,183
2020-05-09,Sacramento,067,1510023,1203,1150,0,1150,52
2020-05-09,San Benito,069,59416,58,52,0,52,2
2020-05-09,San Bernardino,071,2135413,3522,2825,3,2828,121
2020-05-09,San Diego,073,3302833,5789,4778,0,4778,175
2020-05-09,San Francisco,075,870044,2128,1944,0,1944,34
2020-05-09,San Joaquin,077,732212,684,605,3,608,28
2020-05-09,San Luis Obispo,079,281455,301,213,3,216,1
2020-05-09,San Mateo,081,765935,1749,1453,2,1455,65
2020-05-09,Santa Barbara,083,443738,1472,1245,7,1252,10
2020-05-09,Santa Clara,085,1922200,2894,2317,10,2327,128
2020-05-09,Santa Cruz,087,273765,159,138,0,138,2
2020-05-09,Shasta,089,179085,47,31,0,31,4
2020-05-09,Sierra,091,2930,0,0,0,0,0
2020-05-09,Siskiyou,093,43540,5,5,0,5,0
2020-05-09,Solano,095,438530,423,321,0,321,4
2020-05-09,Sonoma,097,501317,364,288,0,288,3
2020-05-09,Stanislaus,099,539301,571,491,4,495,12
2020-05-09,Sutter,101,95872,37,31,0,31,2
2020-05-09,Tehama,103,63373,2,1,0,1,1
2020-05-09,Trinity,105,12862,2,1,0,1,0
2020-05-09,Tulare,107,460477,1700,1083,7,1090,47
2020-05-09,Tuolumne,109,53932,3,2,0,2,0
2020-05-09,Ventura,111,848112,924,679,2,681,19
2020-05-09,Yolo,113,214977,196,172,0,172,18
2020-05-09,Yuba,115,75493,23,17,0,17,1
2020-05-08,Alameda,001,1643700,2375,1955,3,1958,70
2020-05-08,Alpine,003,1148,1,1,0,1,0
2020-05-08,Amador,005,37829,9,8,0,8,0
2020-05-08,Butte,007,227075,32,18,3,21,0
2020-05-08,Calaveras,009,45235,13,13,0,13,0
2020-05-08,Colusa,011,21464,3,3,0,3,0
2020-05-08,Contra Costa,013,1133247,1162,1024,0,1024,29
2020-05-08,Del Norte,015,27424,7,3,0,3,0
2020-05-08,El Dorado,017,186661,72,54,0,54,0
2020-05-08,Fresno,019,978130,1669,838,24,862,8
2020-05-08,Glenn,021,27897,8,6,0,6,0
2020-05-08,Humboldt,023,135768,68,54,0,54,0
2020-05-08,Imperial,025,180216,981,467,0,467,7
2020-05-08,Inyo,027,18085,19,20,0,20,1
2020-05-08,Kern,029,883053,1584,1214,1,1215,13
2020-05-08,Kings,031,150075,387,236,0,236,1
2020-05-08,Lake,033,64148,12,7,0,7,0
2020-05-08,Lassen,035,31185,4,0,2,2,0
2020-05-08,Los Angeles,037,10098052,38252,30357,20,30377,1447
2020-05-08,Madera,039,155013,123,57,1,58,2
2020-05-08,Marin,041,260295,284,257,1,258,14
2020-05-08,Mariposa,043,17540,15,15,0,15,0
2020-05-08,Mendocino,045,87422,12,10,0,10,0
2020-05-08,Merced,047,269075,248,151,0,151,3
2020-05-08,Modoc,049,8938,0,0,0,0,0
2020-05-08,Mono,051,14174,32,27,0,27,1
2020-05-08,Monterey,053,433212,344,265,0,265,6
2020-05-08,Napa,055,140530,86,78,0,78,2
2020-05-08,Nevada,057,99092,41,41,1,42,1
2020-05-08,Orange,059,3164182,5150,3395,38,3433,72
2020-05-08,Placer,061,380077,187,166,0,166,8
2020-05-08,Plumas,063,18699,4,4,0,4,0
2020-05-08,Riverside,065,2383286,5752,4672,16,4688,181
2020-05-08,Sacramento,067,1510023,1198,1145,0,1145,51
2020-05-08,San Benito,069,59416,58,51,0,51,2
2020-05-08,San Bernardino,071,2135413,3474,2631,3,2634,119
2020-05-08,San Diego,073,3302833,5682,4664,0,4664,169
2020-05-08,San Francisco,075,870044,2110,1890,0,1890,33
2020-05-08,San Joaquin,077,732212,677,595,3,598,28
2020-05-08,San Luis Obispo,079,281455,298,210,3,213,1
2020-05-08,San Mateo,081,765935,1664,1423,2,1425,62
2020-05-08,Santa Barbara,083,443738,1463,1054,5,1059,8
2020-05-08,Santa Clara,085,1922200,2871,2285,10,2295,128
2020-05-08,Santa Cruz,087,273765,155,137,0,137,2
2020-05-08,Shasta,089,179085,47,31,0,31,4
2020-05-08,Sierra,091,2930,0,0,0,0,0
2020-05-08,Siskiyou,093,43540,5,5,0,5,0
2020-05-08,Solano,095,438530,418,314,0,314,4
2020-05-08,Sonoma,097,501317,359,285,0,285,3
2020-05-08,Stanislaus,099,539301,557,487,4,491,12
2020-05-08,Sutter,101,95872,37,30,0,30,2
2020-05-08,Tehama,103,63373,2,1,0,1,1
2020-05-08,Trinity,105,12862,2,0,0,0,0
2020-05-08,Tulare,107,460477,1655,1050,6,1056,43
2020-05-08,Tuolumne,109,53932,3,2,0,2,0
2020-05-08,Ventura,111,848112,906,665,2,667,19
2020-05-08,Yolo,113,214977,195,172,0,172,18
2020-05-08,Yuba,115,75493,22,16,0,16,1
2020-05-07,Alameda,001,1643700,2315,1914,3,1917,68
2020-05-07,Alpine,003,1148,1,1,0,1,0
2020-05-07,Amador,005,37829,9,8,0,8,0
2020-05-07,Butte,007,227075,32,19,3,22,0
2020-05-07,Calaveras,009,45235,13,13,0,13,0
2020-05-07,Colusa,011,21464,3,3,0,3,0
2020-05-07,Contra Costa,013,1133247,1148,1005,0,1005,29
2020-05-07,Del Norte,015,27424,6,3,0,3,0
2020-05-07,El Dorado,017,186661,71,54,0,54,0
2020-05-07,Fresno,019,978130,1583,812,23,835,8
2020-05-07,Glenn,021,27897,8,5,0,5,0
2020-05-07,Humboldt,023,135768,67,54,0,54,0
2020-05-07,Imperial,025,180216,918,442,0,442,6
2020-05-07,Inyo,027,18085,19,20,0,20,1
2020-05-07,Kern,029,883053,1540,1176,1,1177,13
2020-05-07,Kings,031,150075,364,219,0,219,1
2020-05-07,Lake,033,64148,11,7,0,7,0
2020-05-07,Lassen,035,31185,4,0,2,2,0
2020-05-07,Los Angeles,037,10098052,37130,29544,20,29564,1399
2020-05-07,Madera,039,155013,119,54,1,55,2
2020-05-07,Marin,041,260295,277,252,1,253,14
2020-05-07,Mariposa,043,17540,15,15,0,15,0
2020-05-07,Mendocino,045,87422,12,10,0,10,0
2020-05-07,Merced,047,269075,236,146,0,146,3
2020-05-07,Modoc,049,8938,0,0,0,0,0
2020-05-07,Mono,051,14174,32,26,0,26,1
2020-05-07,Monterey,053,433212,336,249,0,249,6
2020-05-07,Napa,055,140530,86,78,0,78,2
2020-05-07,Nevada,057,99092,41,41,1,42,1
2020-05-07,Orange,059,3164182,4964,3283,37,3320,69
2020-05-07,Placer,061,380077,187,165,0,165,8
2020-05-07,Plumas,063,18699,4,4,0,4,0
2020-05-07,Riverside,065,2383286,5636,4608,16,4624,170
2020-05-07,Sacramento,067,1510023,1192,1139,0,1139,50
2020-05-07,San Benito,069,59416,58,50,0,50,2
2020-05-07,San Bernardino,071,2135413,3382,2522,3,2525,115
2020-05-07,San Diego,073,3302833,5525,4431,0,4431,165
2020-05-07,San Francisco,075,870044,2079,1852,0,1852,33
2020-05-07,San Joaquin,077,732212,664,583,3,586,28
2020-05-07,San Luis Obispo,079,281455,287,209,3,212,1
2020-05-07,San Mateo,081,765935,1642,1398,2,1400,58
2020-05-07,Santa Barbara,083,443738,1436,720,4,724,8
2020-05-07,Santa Clara,085,1922200,2833,2281,10,2291,127
2020-05-07,Santa Cruz,087,273765,152,136,0,136,2
2020-05-07,Shasta,089,179085,46,31,0,31,4
2020-05-07,Sierra,091,2930,0,0,0,0,0
2020-05-07,Siskiyou,093,43540,5,5,0,5,0
2020-05-07,Solano,095,438530,412,307,0,307,4
2020-05-07,Sonoma,097,501317,347,282,0,282,3
2020-05-07,Stanislaus,099,539301,548,466,4,470,10
2020-05-07,Sutter,101,95872,37,29,0,29,2
2020-05-07,Tehama,103,63373,2,1,0,1,1
2020-05-07,Trinity,105,12862,2,0,0,0,0
2020-05-07,Tulare,107,460477,1587,1001,6,1007,41
2020-05-07,Tuolumne,109,53932,3,2,0,2,0
2020-05-07,Ventura,111,848112,882,647,1,648,19
2020-05-07,Yolo,113,214977,194,172,0,172,18
2020-05-07,Yuba,115,75493,22,16,0,16,1
2020-05-06,Alameda,001,1643700,2277,1864,3,1867,67
2020-05-06,Alpine,003,1148,1,1,0,1,0
2020-05-06,Amador,005,37829,9,8,0,8,0
2020-05-06,Butte,007,227075,31,19,3,22,0
2020-05-06,Calaveras,009,45235,13,13,0,13,0
2020-05-06,Colusa,011,21464,3,3,0,3,0
2020-05-06,Contra Costa,013,1133247,1127,990,0,990,29
2020-05-06,Del Norte,015,27424,6,3,0,3,0
2020-05-06,El Dorado,017,186661,69,53,0,53,0
2020-05-06,Fresno,019,978130,1520,773,21,794,8
2020-05-06,Glenn,021,27897,8,3,0,3,0
2020-05-06,Humboldt,023,135768,66,54,0,54,0
2020-05-06,Imperial,025,180216,850,399,0,399,6
2020-05-06,Inyo,027,18085,19,20,0,20,1
2020-05-06,Kern,029,883053,1484,1112,1,1113,12
2020-05-06,Kings,031,150075,346,208,0,208,1
2020-05-06,Lake,033,64148,11,7,0,7,0
2020-05-06,Lassen,035,31185,4,0,2,2,0
2020-05-06,Los Angeles,037,10098052,36124,28687,20,28707,1347
2020-05-06,Madera,039,155013,117,55,1,56,2
2020-05-06,Marin,041,260295,270,244,1,245,14
2020-05-06,Mariposa,043,17540,15,14,0,14,0
2020-05-06,Mendocino,045,87422,12,10,0,10,0
2020-05-06,Merced,047,269075,229,140,0,140,3
2020-05-06,Modoc,049,8938,0,0,0,0,0
2020-05-06,Mono,051,14174,32,26,0,26,1
2020-05-06,Monterey,053,433212,328,246,0,246,6
2020-05-06,Napa,055,140530,85,78,0,78,2
2020-05-06,Nevada,057,99092,41,41,1,42,1
2020-05-06,Orange,059,3164182,4780,3156,36,3192,66
2020-05-06,Placer,061,380077,184,164,0,164,8
2020-05-06,Plumas,063,18699,4,4,0,4,0
2020-05-06,Riverside,065,2383286,5492,4535,16,4551,163
2020-05-06,Sacramento,067,1510023,1186,1135,0,1135,49
2020-05-06,San Benito,069,59416,57,50,0,50,2
2020-05-06,San Bernardino,071,2135413,3260,2426,2,2428,110
2020-05-06,San Diego,073,3302833,5392,4321,0,4321,158
2020-05-06,San Francisco,075,870044,2054,1804,0,1804,32
2020-05-06,San Joaquin,077,732212,651,581,3,584,28
2020-05-06,San Luis Obispo,079,281455,284,207,3,210,1
2020-05-06,San Mateo,081,765935,1611,1348,2,1350,57
2020-05-06,Santa Barbara,083,443738,1395,565,3,568,8
2020-05-06,Santa Clara,085,1922200,2816,2270,9,2279,127
2020-05-06,Santa Cruz,087,273765,149,135,0,135,2
2020-05-06,Shasta,089,179085,45,31,0,31,4
2020-05-06,Sierra,091,2930,0,0,0,0,0
2020-05-06,Siskiyou,093,43540,5,5,0,5,0
2020-05-06,Solano,095,438530,402,300,0,300,4
2020-05-06,Sonoma,097,501317,331,269,0,269,3
2020-05-06,Stanislaus,099,539301,532,434,4,438,9
2020-05-06,Sutter,101,95872,37,29,0,29,2
2020-05-06,Tehama,103,63373,2,1,0,1,1
2020-05-06,Trinity,105,12862,2,0,0,0,0
2020-05-06,Tulare,107,460477,1539,963,6,969,40
2020-05-06,Tuolumne,109,53932,3,2,0,2,0
2020-05-06,Ventura,111,848112,855,619,1,620,19
2020-05-06,Yolo,113,214977,193,172,0,172,18
2020-05-06,Yuba,115,75493,22,15,0,15,1
2020-05-05,Alameda,001,1643700,2234,1819,3,1822,67
2020-05-05,Alpine,003,1148,1,1,0,1,0
2020-05-05,Amador,005,37829,9,8,0,8,0
2020-05-05,Butte,007,227075,30,19,3,22,0
2020-05-05,Calaveras,009,45235,13,13,0,13,0
2020-05-05,Colusa,011,21464,3,3,0,3,0
2020-05-05,Contra Costa,013,1133247,1109,976,0,976,29
2020-05-05,Del Norte,015,27424,6,3,0,3,0
2020-05-05,El Dorado,017,186661,67,54,0,54,0
2020-05-05,Fresno,019,978130,1447,726,19,745,8
2020-05-05,Glenn,021,27897,8,3,0,3,0
2020-05-05,Humboldt,023,135768,63,54,0,54,0
2020-05-05,Imperial,025,180216,795,389,0,389,6
2020-05-05,Inyo,027,18085,19,20,0,20,1
2020-05-05,Kern,029,883053,1432,1084,1,1085,11
2020-05-05,Kings,031,150075,328,187,0,187,1
2020-05-05,Lake,033,64148,10,7,0,7,0
2020-05-05,Lassen,035,31185,4,0,2,2,0
2020-05-05,Los Angeles,037,10098052,35057,27867,20,27887,1289
2020-05-05,Madera,039,155013,113,53,1,54,2
2020-05-05,Marin,041,260295,264,244,1,245,14
2020-05-05,Mariposa,043,17540,15,14,0,14,0
2020-05-05,Mendocino,045,87422,12,10,0,10,0
2020-05-05,Merced,047,269075,224,141,0,141,3
2020-05-05,Modoc,049,8938,0,0,0,0,0
2020-05-05,Mono,051,14174,32,25,0,25,1
2020-05-05,Monterey,053,433212,314,240,0,240,6
2020-05-05,Napa,055,140530,85,74,0,74,2
2020-05-05,Nevada,057,99092,41,41,1,42,1
2020-05-05,Orange,059,3164182,4656,3041,36,3077,63
2020-05-05,Placer,061,380077,184,162,0,162,8
2020-05-05,Plumas,063,18699,4,4,0,4,0
2020-05-05,Riverside,065,2383286,5382,4309,16,4325,161
2020-05-05,Sacramento,067,1510023,1179,1125,0,1125,48
2020-05-05,San Benito,069,59416,56,50,0,50,2
2020-05-05,San Bernardino,071,2135413,3167,2345,2,2347,104
2020-05-05,San Diego,073,3302833,5249,4162,0,4162,150
2020-05-05,San Francisco,075,870044,2019,1779,0,1779,31
2020-05-05,San Joaquin,077,732212,642,577,3,580,26
2020-05-05,San Luis Obispo,079,281455,282,203,3,206,1
2020-05-05,San Mateo,081,765935,1579,1335,2,1337,56
2020-05-05,Santa Barbara,083,443738,1174,541,3,544,7
2020-05-05,Santa Clara,085,1922200,2770,2249,8,2257,124
2020-05-05,Santa Cruz,087,273765,146,134,0,134,2
2020-05-05,Shasta,089,179085,44,31,0,31,4
2020-05-05,Sierra,091,2930,0,0,0,0,0
2020-05-05,Siskiyou,093,43540,5,5,0,5,0
2020-05-05,Solano,095,438530,386,299,0,299,4
2020-05-05,Sonoma,097,501317,328,263,0,263,3
2020-05-05,Stanislaus,099,539301,520,430,4,434,9
2020-05-05,Sutter,101,95872,36,29,0,29,2
2020-05-05,Tehama,103,63373,2,1,0,1,1
2020-05-05,Trinity,105,12862,2,0,0,0,0
2020-05-05,Tulare,107,460477,1441,869,6,875,40
2020-05-05,Tuolumne,109,53932,3,2,0,2,0
2020-05-05,Ventura,111,848112,831,607,1,608,19
2020-05-05,Yolo,113,214977,191,171,0,171,18
2020-05-05,Yuba,115,75493,22,15,0,15,1
2020-05-04,Alameda,001,1643700,2176,1762,2,1764,65
2020-05-04,Alpine,003,1148,1,1,0,1,0
2020-05-04,Amador,005,37829,8,8,0,8,0
2020-05-04,Butte,007,227075,29,16,2,18,0
2020-05-04,Calaveras,009,45235,13,13,0,13,0
2020-05-04,Colusa,011,21464,3,3,0,3,0
2020-05-04,Contra Costa,013,1133247,1091,949,0,949,28
2020-05-04,Del Norte,015,27424,5,3,0,3,0
2020-05-04,El Dorado,017,186661,66,51,0,51,0
2020-05-04,Fresno,019,978130,1377,680,18,698,8
2020-05-04,Glenn,021,27897,8,4,0,4,0
2020-05-04,Humboldt,023,135768,61,54,0,54,0
2020-05-04,Imperial,025,180216,744,351,0,351,6
2020-05-04,Inyo,027,18085,19,20,0,20,1
2020-05-04,Kern,029,883053,1390,1047,1,1048,8
2020-05-04,Kings,031,150075,311,153,0,153,1
2020-05-04,Lake,033,64148,9,7,0,7,0
2020-05-04,Lassen,035,31185,3,0,2,2,0
2020-05-04,Los Angeles,037,10098052,33772,26243,18,26261,1235
2020-05-04,Madera,039,155013,110,52,1,53,2
2020-05-04,Marin,041,260295,259,244,1,245,13
2020-05-04,Mariposa,043,17540,15,13,0,13,0
2020-05-04,Mendocino,045,87422,12,10,0,10,0
2020-05-04,Merced,047,269075,224,138,0,138,3
2020-05-04,Modoc,049,8938,0,0,0,0,0
2020-05-04,Mono,051,14174,32,25,0,25,1
2020-05-04,Monterey,053,433212,303,237,0,237,6
2020-05-04,Napa,055,140530,85,72,0,72,2
2020-05-04,Nevada,057,99092,41,41,1,42,1
2020-05-04,Orange,059,3164182,4518,2931,33,2964,57
2020-05-04,Placer,061,380077,182,162,0,162,8
2020-05-04,Plumas,063,18699,4,4,0,4,0
2020-05-04,Riverside,065,2383286,5288,4221,16,4237,147
2020-05-04,Sacramento,067,1510023,1169,1119,0,1119,44
2020-05-04,San Benito,069,59416,54,49,0,49,2
2020-05-04,San Bernardino,071,2135413,3027,2184,2,2186,99
2020-05-04,San Diego,073,3302833,5108,4022,0,4022,144
2020-05-04,San Francisco,075,870044,1981,1760,0,1760,31
2020-05-04,San Joaquin,077,732212,628,574,3,577,26
2020-05-04,San Luis Obispo,079,281455,279,202,3,205,1
2020-05-04,San Mateo,081,765935,1554,1313,2,1315,53
2020-05-04,Santa Barbara,083,443738,927,524,3,527,7
2020-05-04,Santa Clara,085,1922200,2755,2238,8,2246,119
2020-05-04,Santa Cruz,087,273765,145,133,0,133,2
2020-05-04,Shasta,089,179085,42,31,0,31,4
2020-05-04,Sierra,091,2930,0,0,0,0,0
2020-05-04,Siskiyou,093,43540,5,5,0,5,0
2020-05-04,Solano,095,438530,372,293,0,293,4
2020-05-04,Sonoma,097,501317,314,256,0,256,4
2020-05-04,Stanislaus,099,539301,514,422,4,426,8
2020-05-04,Sutter,101,95872,33,28,0,28,2
2020-05-04,Tehama,103,63373,2,1,0,1,1
2020-05-04,Trinity,105,12862,1,0,0,0,0
2020-05-04,Tulare,107,460477,1362,760,6,766,40
2020-05-04,Tuolumne,109,53932,3,3,0,3,0
2020-05-04,Ventura,111,848112,810,590,1,591,19
2020-05-04,Yolo,113,214977,190,171,0,171,18
2020-05-04,Yuba,115,75493,19,16,0,16,1
2020-05-03,Alameda,001,1643700,2118,1731,2,1733,64
2020-05-03,Alpine,003,1148,1,1,0,1,0
2020-05-03,Amador,005,37829,8,8,0,8,0
2020-05-03,Butte,007,227075,29,17,2,19,0
2020-05-03,Calaveras,009,45235,13,13,0,13,0
2020-05-03,Colusa,011,21464,3,3,0,3,0
2020-05-03,Contra Costa,013,1133247,1075,945,0,945,28
2020-05-03,Del Norte,015,27424,5,3,0,3,0
2020-05-03,El Dorado,017,186661,64,49,0,49,0
2020-05-03,Fresno,019,978130,1285,646,15,661,8
2020-05-03,Glenn,021,27897,7,5,0,5,0
2020-05-03,Humboldt,023,135768,60,54,0,54,0
2020-05-03,Imperial,025,180216,688,351,0,351,6
2020-05-03,Inyo,027,18085,19,20,0,20,1
2020-05-03,Kern,029,883053,1335,1025,1,1026,8
2020-05-03,Kings,031,150075,291,137,0,137,1
2020-05-03,Lake,033,64148,9,7,0,7,0
2020-05-03,Lassen,035,31185,3,0,2,2,0
2020-05-03,Los Angeles,037,10098052,32812,25708,16,25724,1210
2020-05-03,Madera,039,155013,103,46,1,47,2
2020-05-03,Marin,041,260295,254,243,1,244,13
2020-05-03,Mariposa,043,17540,15,13,0,13,0
2020-05-03,Mendocino,045,87422,12,10,0,10,0
2020-05-03,Merced,047,269075,217,134,0,134,3
2020-05-03,Modoc,049,8938,0,0,0,0,0
2020-05-03,Mono,051,14174,32,25,0,25,1
2020-05-03,Monterey,053,433212,294,235,0,235,6
2020-05-03,Napa,055,140530,85,72,0,72,2
2020-05-03,Nevada,057,99092,41,41,1,42,1
2020-05-03,Orange,059,3164182,4344,2859,32,2891,55
2020-05-03,Placer,061,380077,182,161,0,161,8
2020-05-03,Plumas,063,18699,4,4,0,4,0
2020-05-03,Riverside,065,2383286,5183,4034,16,4050,139
2020-05-03,Sacramento,067,1510023,1160,1109,0,1109,43
2020-05-03,San Benito,069,59416,54,49,0,49,2
2020-05-03,San Bernardino,071,2135413,2967,2123,2,2125,99
2020-05-03,San Diego,073,3302833,4971,3929,0,3929,142
2020-05-03,San Francisco,075,870044,1952,1692,0,1692,30
2020-05-03,San Joaquin,077,732212,621,570,3,573,26
2020-05-03,San Luis Obispo,079,281455,276,200,3,203,1
2020-05-03,San Mateo,081,765935,1526,1277,2,1279,53
2020-05-03,Santa Barbara,083,443738,568,512,3,515,7
2020-05-03,Santa Clara,085,1922200,2718,2235,8,2243,116
2020-05-03,Santa Cruz,087,273765,145,133,0,133,2
2020-05-03,Shasta,089,179085,40,31,0,31,4
2020-05-03,Sierra,091,2930,0,0,0,0,0
2020-05-03,Siskiyou,093,43540,5,5,0,5,0
2020-05-03,Solano,095,438530,362,266,0,266,4
2020-05-03,Sonoma,097,501317,305,254,0,254,4
2020-05-03,Stanislaus,099,539301,486,411,4,415,8
2020-05-03,Sutter,101,95872,31,28,0,28,2
2020-05-03,Tehama,103,63373,2,1,0,1,1
2020-05-03,Trinity,105,12862,1,0,0,0,0
2020-05-03,Tulare,107,460477,1283,736,6,742,40
2020-05-03,Tuolumne,109,53932,3,3,0,3,0
2020-05-03,Ventura,111,848112,776,583,1,584,19
2020-05-03,Yolo,113,214977,189,171,0,171,18
2020-05-03,Yuba,115,75493,19,16,0,16,1
2020-05-02,Alameda,001,1643700,2081,1678,2,1680,63
2020-05-02,Alpine,003,1148,1,1,0,1,0
2020-05-02,Amador,005,37829,8,8,0,8,0
2020-05-02,Butte,007,227075,29,17,2,19,0
2020-05-02,Calaveras,009,45235,13,13,0,13,0
2020-05-02,Colusa,011,21464,3,3,0,3,0
2020-05-02,Contra Costa,013,1133247,1057,929,0,929,28
2020-05-02,Del Norte,015,27424,5,3,0,3,0
2020-05-02,El Dorado,017,186661,64,47,0,47,0
2020-05-02,Fresno,019,978130,1260,629,14,643,8
2020-05-02,Glenn,021,27897,7,5,0,5,0
2020-05-02,Humboldt,023,135768,60,54,0,54,0
2020-05-02,Imperial,025,180216,661,345,0,345,6
2020-05-02,Inyo,027,18085,19,20,0,20,1
2020-05-02,Kern,029,883053,1309,1007,1,1008,8
2020-05-02,Kings,031,150075,288,120,0,120,1
2020-05-02,Lake,033,64148,9,7,0,7,0
2020-05-02,Lassen,035,31185,3,0,2,2,0
2020-05-02,Los Angeles,037,10098052,32282,24955,16,24971,1192
2020-05-02,Madera,039,155013,103,46,1,47,2
2020-05-02,Marin,041,260295,253,243,1,244,13
2020-05-02,Mariposa,043,17540,15,13,0,13,0
2020-05-02,Mendocino,045,87422,12,10,0,10,0
2020-05-02,Merced,047,269075,212,131,0,131,3
2020-05-02,Modoc,049,8938,0,0,0,0,0
2020-05-02,Mono,051,14174,32,25,0,25,1
2020-05-02,Monterey,053,433212,288,225,0,225,5
2020-05-02,Napa,055,140530,85,71,0,71,2
2020-05-02,Nevada,057,99092,41,41,1,42,1
2020-05-02,Orange,059,3164182,4230,2774,32,2806,52
2020-05-02,Placer,061,380077,180,150,0,150,8
2020-05-02,Plumas,063,18699,4,4,0,4,0
2020-05-02,Riverside,065,2383286,5117,3997,16,4013,137
2020-05-02,Sacramento,067,1510023,1157,1097,0,1097,43
2020-05-02,San Benito,069,59416,54,49,0,49,2
2020-05-02,San Bernardino,071,2135413,2928,2124,2,2126,99
2020-05-02,San Diego,073,3302833,4869,3844,0,3844,138
2020-05-02,San Francisco,075,870044,1929,1632,0,1632,29
2020-05-02,San Joaquin,077,732212,613,559,3,562,25
2020-05-02,San Luis Obispo,079,281455,270,193,3,196,1
2020-05-02,San Mateo,081,765935,1510,1272,2,1274,52
2020-05-02,Santa Barbara,083,443738,560,506,3,509,7
2020-05-02,Santa Clara,085,1922200,2708,2203,8,2211,115
2020-05-02,Santa Cruz,087,273765,144,131,0,131,2
2020-05-02,Shasta,089,179085,40,31,0,31,4
2020-05-02,Sierra,091,2930,0,0,0,0,0
2020-05-02,Siskiyou,093,43540,5,5,0,5,0
2020-05-02,Solano,095,438530,355,267,0,267,4
2020-05-02,Sonoma,097,501317,302,250,0,250,3
2020-05-02,Stanislaus,099,539301,478,388,4,392,8
2020-05-02,Sutter,101,95872,31,28,0,28,2
2020-05-02,Tehama,103,63373,2,1,0,1,1
2020-05-02,Trinity,105,12862,1,0,0,0,0
2020-05-02,Tulare,107,460477,1240,711,6,717,35
2020-05-02,Tuolumne,109,53932,3,3,0,3,0
2020-05-02,Ventura,111,848112,762,564,1,565,19
2020-05-02,Yolo,113,214977,189,169,0,169,17
2020-05-02,Yuba,115,75493,19,16,0,16,1
2020-05-01,Alameda,001,1643700,2043,1630,2,1632,63
2020-05-01,Alpine,003,1148,1,1,0,1,0
2020-05-01,Amador,005,37829,8,8,0,8,0
2020-05-01,Butte,007,227075,29,17,2,19,0
2020-05-01,Calaveras,009,45235,13,13,0,13,0
2020-05-01,Colusa,011,21464,3,3,0,3,0
2020-05-01,Contra Costa,013,1133247,1043,915,0,915,28
2020-05-01,Del Norte,015,27424,5,3,0,3,0
2020-05-01,El Dorado,017,186661,64,47,0,47,0
2020-05-01,Fresno,019,978130,1229,617,14,631,7
2020-05-01,Glenn,021,27897,7,4,0,4,0
2020-05-01,Humboldt,023,135768,60,54,0,54,0
2020-05-01,Imperial,025,180216,624,337,0,337,6
2020-05-01,Inyo,027,18085,19,20,0,20,1
2020-05-01,Kern,029,883053,1282,972,1,973,8
2020-05-01,Kings,031,150075,271,112,0,112,1
2020-05-01,Lake,033,64148,9,6,0,6,0
2020-05-01,Lassen,035,31185,3,0,2,2,0
2020-05-01,Los Angeles,037,10098052,31525,24306,16,24322,1155
2020-05-01,Madera,039,155013,99,46,1,47,2
2020-05-01,Marin,041,260295,253,242,1,243,13
2020-05-01,Mariposa,043,17540,15,10,0,10,0
2020-05-01,Mendocino,045,87422,12,11,0,11,0
2020-05-01,Merced,047,269075,209,131,0,131,3
2020-05-01,Modoc,049,8938,0,0,0,0,0
2020-05-01,Mono,051,14174,32,25,0,25,1
2020-05-01,Monterey,053,433212,284,222,0,222,5
2020-05-01,Napa,055,140530,85,69,0,69,2
2020-05-01,Nevada,057,99092,41,41,1,42,1
2020-05-01,Orange,059,3164182,4153,2660,30,2690,51
2020-05-01,Placer,061,380077,179,149,0,149,8
2020-05-01,Plumas,063,18699,4,4,0,4,0
2020-05-01,Riverside,065,2383286,5053,3893,16,3909,132
2020-05-01,Sacramento,067,1510023,1152,1081,0,1081,43
2020-05-01,San Benito,069,59416,54,49,0,49,2
2020-05-01,San Bernardino,071,2135413,2873,2084,2,2086,98
2020-05-01,San Diego,073,3302833,4778,3713,0,3713,134
2020-05-01,San Francisco,075,870044,1885,1552,0,1552,29
2020-05-01,San Joaquin,077,732212,609,554,3,557,25
2020-05-01,San Luis Obispo,079,281455,267,186,3,189,1
2020-05-01,San Mateo,081,765935,1488,1222,2,1224,52
2020-05-01,Santa Barbara,083,443738,554,499,2,501,7
2020-05-01,Santa Clara,085,1922200,2696,2176,8,2184,112
2020-05-01,Santa Cruz,087,273765,144,127,0,127,2
2020-05-01,Shasta,089,179085,40,31,0,31,4
2020-05-01,Sierra,091,2930,0,0,0,0,0
2020-05-01,Siskiyou,093,43540,5,5,0,5,0
2020-05-01,Solano,095,438530,347,266,0,266,4
2020-05-01,Sonoma,097,501317,299,242,0,242,3
2020-05-01,Stanislaus,099,539301,473,384,4,388,8
2020-05-01,Sutter,101,95872,31,28,0,28,2
2020-05-01,Tehama,103,63373,2,1,0,1,1
2020-05-01,Trinity,105,12862,1,0,0,0,0
2020-05-01,Tulare,107,460477,1196,685,6,691,32
2020-05-01,Tuolumne,109,53932,3,3,0,3,0
2020-05-01,Ventura,111,848112,749,556,1,557,18
2020-05-01,Yolo,113,214977,189,165,0,165,18
2020-05-01,Yuba,115,75493,19,16,0,16,1
2020-04-30,Alameda,001,1643700,1983,1599,2,1601,60
2020-04-30,Alpine,003,1148,1,1,0,1,0
2020-04-30,Amador,005,37829,8,8,0,8,0
2020-04-30,Butte,007,227075,29,16,2,18,0
2020-04-30,Calaveras,009,45235,13,13,0,13,0
2020-04-30,Colusa,011,21464,3,3,0,3,0
2020-04-30,Contra Costa,013,1133247,1021,900,0,900,25
2020-04-30,Del Norte,015,27424,4,3,0,3,0
2020-04-30,El Dorado,017,186661,64,44,0,44,0
2020-04-30,Fresno,019,978130,1164,562,11,573,7
2020-04-30,Glenn,021,27897,7,4,0,4,0
2020-04-30,Humboldt,023,135768,60,54,0,54,0
2020-04-30,Imperial,025,180216,578,322,0,322,6
2020-04-30,Inyo,027,18085,19,20,0,20,1
2020-04-30,Kern,029,883053,1250,941,1,942,8
2020-04-30,Kings,031,150075,259,87,0,87,1
2020-04-30,Lake,033,64148,9,6,0,6,0
2020-04-30,Lassen,035,31185,3,0,2,2,0
2020-04-30,Los Angeles,037,10098052,30516,23284,16,23300,1099
2020-04-30,Madera,039,155013,88,46,1,47,2
2020-04-30,Marin,041,260295,253,240,1,241,13
2020-04-30,Mariposa,043,17540,15,3,0,3,0
2020-04-30,Mendocino,045,87422,12,11,0,11,0
2020-04-30,Merced,047,269075,202,122,0,122,3
2020-04-30,Modoc,049,8938,0,0,0,0,0
2020-04-30,Mono,051,14174,31,25,0,25,1
2020-04-30,Monterey,053,433212,274,213,0,213,5
2020-04-30,Napa,055,140530,83,69,0,69,2
2020-04-30,Nevada,057,99092,41,41,1,42,1
2020-04-30,Orange,059,3164182,3931,2591,27,2618,46
2020-04-30,Placer,061,380077,178,148,0,148,8
2020-04-30,Plumas,063,18699,4,4,0,4,0
2020-04-30,Riverside,065,2383286,4953,3820,15,3835,124
2020-04-30,Sacramento,067,1510023,1146,1071,0,1071,43
2020-04-30,San Benito,069,59416,54,48,0,48,2
2020-04-30,San Bernardino,071,2135413,2671,2020,2,2022,96
2020-04-30,San Diego,073,3302833,4607,3566,0,3566,124
2020-04-30,San Francisco,075,870044,1851,1518,0,1518,26
2020-04-30,San Joaquin,077,732212,601,548,3,551,25
2020-04-30,San Luis Obispo,079,281455,264,182,3,185,1
2020-04-30,San Mateo,081,765935,1458,1194,2,1196,52
2020-04-30,Santa Barbara,083,443738,542,490,2,492,7
2020-04-30,Santa Clara,085,1922200,2656,2172,8,2180,111
2020-04-30,Santa Cruz,087,273765,143,126,0,126,2
2020-04-30,Shasta,089,179085,39,31,0,31,4
2020-04-30,Sierra,091,2930,0,0,0,0,0
2020-04-30,Siskiyou,093,43540,5,5,0,5,0
2020-04-30,Solano,095,438530,337,262,0,262,4
2020-04-30,Sonoma,097,501317,290,233,0,233,3
2020-04-30,Stanislaus,099,539301,466,378,4,382,7
2020-04-30,Sutter,101,95872,31,28,0,28,2
2020-04-30,Tehama,103,63373,1,1,0,1,1
2020-04-30,Trinity,105,12862,1,0,0,0,0
2020-04-30,Tulare,107,460477,1130,637,6,643,31
2020-04-30,Tuolumne,109,53932,3,3,0,3,0
2020-04-30,Ventura,111,848112,721,547,1,548,18
2020-04-30,Yolo,113,214977,188,164,0,164,16
2020-04-30,Yuba,115,75493,19,15,0,15,1
2020-04-29,Alameda,001,1643700,1925,1564,2,1566,60
2020-04-29,Alpine,003,1148,1,1,0,1,0
2020-04-29,Amador,005,37829,8,8,0,8,0
2020-04-29,Butte,007,227075,29,16,2,18,0
2020-04-29,Calaveras,009,45235,13,13,0,13,0
2020-04-29,Colusa,011,21464,3,3,0,3,0
2020-04-29,Contra Costa,013,1133247,1002,885,0,885,25
2020-04-29,Del Norte,015,27424,4,3,0,3,0
2020-04-29,El Dorado,017,186661,62,44,0,44,0
2020-04-29,Fresno,019,978130,1112,544,11,555,7
2020-04-29,Glenn,021,27897,7,4,0,4,0
2020-04-29,Humboldt,023,135768,60,53,0,53,0
2020-04-29,Imperial,025,180216,548,300,0,300,6
2020-04-29,Inyo,027,18085,19,20,0,20,1
2020-04-29,Kern,029,883053,1207,910,1,911,6
2020-04-29,Kings,031,150075,240,80,0,80,1
2020-04-29,Lake,033,64148,9,6,0,6,0
2020-04-29,Lassen,035,31185,3,0,2,2,0
2020-04-29,Los Angeles,037,10098052,29538,22560,15,22575,1043
2020-04-29,Madera,039,155013,86,45,1,46,2
2020-04-29,Marin,041,260295,250,234,1,235,13
2020-04-29,Mariposa,043,17540,15,1,0,1,0
2020-04-29,Mendocino,045,87422,12,11,0,11,0
2020-04-29,Merced,047,269075,195,116,0,116,3
2020-04-29,Modoc,049,8938,0,0,0,0,0
2020-04-29,Mono,051,14174,31,25,0,25,1
2020-04-29,Monterey,053,433212,266,204,0,204,5
2020-04-29,Napa,055,140530,81,68,0,68,2
2020-04-29,Nevada,057,99092,41,41,1,42,1
2020-04-29,Orange,059,3164182,3797,2421,26,2447,43
2020-04-29,Placer,061,380077,176,145,0,145,8
2020-04-29,Plumas,063,18699,4,4,0,4,0
2020-04-29,Riverside,065,2383286,4876,3700,15,3715,116
2020-04-29,Sacramento,067,1510023,1124,1055,0,1055,41
2020-04-29,San Benito,069,59416,54,48,0,48,2
2020-04-29,San Bernardino,071,2135413,2584,1975,1,1976,91
2020-04-29,San Diego,073,3302833,4465,3434,0,3434,120
2020-04-29,San Francisco,075,870044,1823,1489,0,1489,23
2020-04-29,San Joaquin,077,732212,593,540,3,543,25
2020-04-29,San Luis Obispo,079,281455,262,181,3,184,1
2020-04-29,San Mateo,081,765935,1432,1170,2,1172,50
2020-04-29,Santa Barbara,083,443738,529,477,2,479,7
2020-04-29,Santa Clara,085,1922200,2629,2147,8,2155,108
2020-04-29,Santa Cruz,087,273765,142,124,0,124,2
2020-04-29,Shasta,089,179085,38,31,0,31,4
2020-04-29,Sierra,091,2930,0,0,0,0,0
2020-04-29,Siskiyou,093,43540,5,5,0,5,0
2020-04-29,Solano,095,438530,313,252,0,252,3
2020-04-29,Sonoma,097,501317,282,230,0,230,2
2020-04-29,Stanislaus,099,539301,453,374,4,378,5
2020-04-29,Sutter,101,95872,31,28,0,28,2
2020-04-29,Tehama,103,63373,1,1,0,1,1
2020-04-29,Trinity,105,12862,1,0,0,0,0
2020-04-29,Tulare,107,460477,1057,615,5,620,30
2020-04-29,Tuolumne,109,53932,3,4,0,4,0
2020-04-29,Ventura,111,848112,697,530,1,531,18
2020-04-29,Yolo,113,214977,185,161,0,161,11
2020-04-29,Yuba,115,75493,19,15,0,15,1
2020-04-28,Alameda,001,1643700,1868,1525,2,1527,55
2020-04-28,Alpine,003,1148,1,1,0,1,0
2020-04-28,Amador,005,37829,8,8,0,8,0
2020-04-28,Butte,007,227075,29,16,2,18,0
2020-04-28,Calaveras,009,45235,13,13,0,13,0
2020-04-28,Colusa,011,21464,3,3,0,3,0
2020-04-28,Contra Costa,013,1133247,995,866,0,866,25
2020-04-28,Del Norte,015,27424,4,3,0,3,0
2020-04-28,El Dorado,017,186661,61,43,0,43,0
2020-04-28,Fresno,019,978130,1061,525,9,534,7
2020-04-28,Glenn,021,27897,5,4,0,4,0
2020-04-28,Humboldt,023,135768,59,53,0,53,0
2020-04-28,Imperial,025,180216,514,295,0,295,6
2020-04-28,Inyo,027,18085,19,20,0,20,1
2020-04-28,Kern,029,883053,1164,882,1,883,5
2020-04-28,Kings,031,150075,227,57,0,57,1
2020-04-28,Lake,033,64148,9,6,0,6,0
2020-04-28,Lassen,035,31185,3,0,2,2,0
2020-04-28,Los Angeles,037,10098052,28474,21029,15,21044,984
2020-04-28,Madera,039,155013,86,44,1,45,2
2020-04-28,Marin,041,260295,249,228,1,229,12
2020-04-28,Mariposa,043,17540,15,0,0,0,0
2020-04-28,Mendocino,045,87422,12,10,0,10,0
2020-04-28,Merced,047,269075,188,108,0,108,3
2020-04-28,Modoc,049,8938,0,0,0,0,0
2020-04-28,Mono,051,14174,31,25,0,25,1
2020-04-28,Monterey,053,433212,260,191,0,191,5
2020-04-28,Napa,055,140530,80,67,0,67,2
2020-04-28,Nevada,057,99092,41,41,1,42,1
2020-04-28,Orange,059,3164182,3634,2324,25,2349,42
2020-04-28,Placer,061,380077,166,143,0,143,8
2020-04-28,Plumas,063,18699,4,4,0,4,0
2020-04-28,Riverside,065,2383286,4781,3504,15,3519,113
2020-04-28,Sacramento,067,1510023,1109,1044,0,1044,41
2020-04-28,San Benito,069,59416,52,46,0,46,2
2020-04-28,San Bernardino,071,2135413,2507,1891,1,1892,89
2020-04-28,San Diego,073,3302833,4335,3316,0,3316,118
2020-04-28,San Francisco,075,870044,1788,1471,0,1471,23
2020-04-28,San Joaquin,077,732212,587,532,3,535,25
2020-04-28,San Luis Obispo,079,281455,255,172,3,175,1
2020-04-28,San Mateo,081,765935,1419,1129,2,1131,48
2020-04-28,Santa Barbara,083,443738,524,469,2,471,7
2020-04-28,Santa Clara,085,1922200,2595,2130,8,2138,106
2020-04-28,Santa Cruz,087,273765,142,123,0,123,2
2020-04-28,Shasta,089,179085,38,29,0,29,4
2020-04-28,Sierra,091,2930,0,0,0,0,0
2020-04-28,Siskiyou,093,43540,5,5,0,5,0
2020-04-28,Solano,095,438530,294,246,0,246,3
2020-04-28,Sonoma,097,501317,279,226,0,226,1
2020-04-28,Stanislaus,099,539301,437,330,4,334,5
2020-04-28,Sutter,101,95872,31,25,0,25,2
2020-04-28,Tehama,103,63373,1,1,0,1,1
2020-04-28,Trinity,105,12862,1,0,0,0,0
2020-04-28,Tulare,107,460477,960,579,5,584,30
2020-04-28,Tuolumne,109,53932,3,4,0,4,0
2020-04-28,Ventura,111,848112,677,517,1,518,17
2020-04-28,Yolo,113,214977,185,160,0,160,10
2020-04-28,Yuba,115,75493,19,15,0,15,1
2020-04-27,Alameda,001,1643700,1808,1494,2,1496,53
2020-04-27,Alpine,003,1148,1,1,0,1,0
2020-04-27,Amador,005,37829,8,8,0,8,0
2020-04-27,Butte,007,227075,28,16,2,18,0
2020-04-27,Calaveras,009,45235,13,13,0,13,0
2020-04-27,Colusa,011,21464,3,3,0,3,0
2020-04-27,Contra Costa,013,1133247,983,843,0,843,25
2020-04-27,Del Norte,015,27424,4,3,0,3,0
2020-04-27,El Dorado,017,186661,60,43,0,43,0
2020-04-27,Fresno,019,978130,958,504,8,512,7
2020-04-27,Glenn,021,27897,5,4,0,4,0
2020-04-27,Humboldt,023,135768,59,52,0,52,0
2020-04-27,Imperial,025,180216,484,290,0,290,6
2020-04-27,Inyo,027,18085,19,20,0,20,1
2020-04-27,Kern,029,883053,1125,865,1,866,4
2020-04-27,Kings,031,150075,204,48,0,48,1
2020-04-27,Lake,033,64148,8,6,0,6,0
2020-04-27,Lassen,035,31185,3,0,2,2,0
2020-04-27,Los Angeles,037,10098052,27454,20456,15,20471,931
2020-04-27,Madera,039,155013,84,42,1,43,2
2020-04-27,Marin,041,260295,244,227,1,228,12
2020-04-27,Mariposa,043,17540,14,0,0,0,0
2020-04-27,Mendocino,045,87422,12,10,0,10,0
2020-04-27,Merced,047,269075,185,108,0,108,3
2020-04-27,Modoc,049,8938,0,0,0,0,0
2020-04-27,Mono,051,14174,31,23,0,23,1
2020-04-27,Monterey,053,433212,253,185,0,185,4
2020-04-27,Napa,055,140530,77,64,0,64,2
2020-04-27,Nevada,057,99092,41,39,1,40,1
2020-04-27,Orange,059,3164182,3465,2198,25,2223,42
2020-04-27,Placer,061,380077,166,142,0,142,8
2020-04-27,Plumas,063,18699,4,4,0,4,0
2020-04-27,Riverside,065,2383286,4658,3381,15,3396,100
2020-04-27,Sacramento,067,1510023,1094,1035,0,1035,41
2020-04-27,San Benito,069,59416,50,45,0,45,2
2020-04-27,San Bernardino,071,2135413,2393,1742,1,1743,82
2020-04-27,San Diego,073,3302833,4209,3143,0,3143,113
2020-04-27,San Francisco,075,870044,1734,1453,0,1453,23
2020-04-27,San Joaquin,077,732212,581,522,3,525,25
2020-04-27,San Luis Obispo,079,281455,247,166,3,169,1
2020-04-27,San Mateo,081,765935,1397,1092,2,1094,46
2020-04-27,Santa Barbara,083,443738,516,466,2,468,7
2020-04-27,Santa Clara,085,1922200,2570,2104,7,2111,105
2020-04-27,Santa Cruz,087,273765,142,123,0,123,2
2020-04-27,Shasta,089,179085,38,29,0,29,4
2020-04-27,Sierra,091,2930,0,0,0,0,0
2020-04-27,Siskiyou,093,43540,5,5,0,5,0
2020-04-27,Solano,095,438530,294,222,0,222,3
2020-04-27,Sonoma,097,501317,270,220,0,220,1
2020-04-27,Stanislaus,099,539301,421,316,4,320,5
2020-04-27,Sutter,101,95872,29,26,0,26,2
2020-04-27,Tehama,103,63373,1,1,0,1,1
2020-04-27,Trinity,105,12862,1,0,0,0,0
2020-04-27,Tulare,107,460477,889,535,5,540,28
2020-04-27,Tuolumne,109,53932,3,3,0,3,0
2020-04-27,Ventura,111,848112,658,513,1,514,17
2020-04-27,Yolo,113,214977,182,160,0,160,9
2020-04-27,Yuba,115,75493,19,15,0,15,1
2020-04-26,Alameda,001,1643700,1747,1449,2,1451,52
2020-04-26,Alpine,003,1148,1,1,0,1,0
2020-04-26,Amador,005,37829,8,8,0,8,0
2020-04-26,Butte,007,227075,28,16,2,18,0
2020-04-26,Calaveras,009,45235,13,13,0,13,0
2020-04-26,Colusa,011,21464,3,3,0,3,0
2020-04-26,Contra Costa,013,1133247,967,830,0,830,25
2020-04-26,Del Norte,015,27424,3,3,0,3,0
2020-04-26,El Dorado,017,186661,58,41,0,41,0
2020-04-26,Fresno,019,978130,864,476,7,483,7
2020-04-26,Glenn,021,27897,5,4,0,4,0
2020-04-26,Humboldt,023,135768,59,53,0,53,0
2020-04-26,Imperial,025,180216,450,272,0,272,6
2020-04-26,Inyo,027,18085,19,20,0,20,1
2020-04-26,Kern,029,883053,1075,831,1,832,4
2020-04-26,Kings,031,150075,179,33,0,33,1
2020-04-26,Lake,033,64148,8,6,0,6,0
2020-04-26,Lassen,035,31185,3,0,2,2,0
2020-04-26,Los Angeles,037,10098052,26297,19570,15,19585,901
2020-04-26,Madera,039,155013,82,39,1,40,2
2020-04-26,Marin,041,260295,238,225,1,226,12
2020-04-26,Mariposa,043,17540,14,0,0,0,0
2020-04-26,Mendocino,045,87422,12,5,0,5,0
2020-04-26,Merced,047,269075,169,104,0,104,3
2020-04-26,Modoc,049,8938,0,0,0,0,0
2020-04-26,Mono,051,14174,31,23,0,23,1
2020-04-26,Monterey,053,433212,246,182,0,182,4
2020-04-26,Napa,055,140530,76,62,0,62,2
2020-04-26,Nevada,057,99092,41,37,1,38,1
2020-04-26,Orange,059,3164182,3300,2124,25,2149,40
2020-04-26,Placer,061,380077,165,141,0,141,8
2020-04-26,Plumas,063,18699,4,4,0,4,0
2020-04-26,Riverside,065,2383286,4515,3301,15,3316,95
2020-04-26,Sacramento,067,1510023,1085,1027,0,1027,41
2020-04-26,San Benito,069,59416,50,45,0,45,2
2020-04-26,San Bernardino,071,2135413,2297,1681,1,1682,82
2020-04-26,San Diego,073,3302833,4067,3045,0,3045,111
2020-04-26,San Francisco,075,870044,1695,1403,0,1403,23
2020-04-26,San Joaquin,077,732212,573,514,3,517,25
2020-04-26,San Luis Obispo,079,281455,244,165,3,168,1
2020-04-26,San Mateo,081,765935,1371,1070,2,1072,46
2020-04-26,Santa Barbara,083,443738,509,464,2,466,7
2020-04-26,Santa Clara,085,1922200,2547,2097,6,2103,102
2020-04-26,Santa Cruz,087,273765,142,116,0,116,2
2020-04-26,Shasta,089,179085,35,29,0,29,4
2020-04-26,Sierra,091,2930,0,0,0,0,0
2020-04-26,Siskiyou,093,43540,5,5,0,5,0
2020-04-26,Solano,095,438530,285,205,0,205,3
2020-04-26,Sonoma,097,501317,259,216,0,216,1
2020-04-26,Stanislaus,099,539301,406,294,4,298,4
2020-04-26,Sutter,101,95872,29,26,0,26,2
2020-04-26,Tehama,103,63373,1,1,0,1,1
2020-04-26,Trinity,105,12862,1,0,0,0,0
2020-04-26,Tulare,107,460477,830,497,5,502,28
2020-04-26,Tuolumne,109,53932,3,3,0,3,0
2020-04-26,Ventura,111,848112,640,509,1,510,17
2020-04-26,Yolo,113,214977,181,158,0,158,8
2020-04-26,Yuba,115,75493,18,15,0,15,1
2020-04-25,Alameda,001,1643700,1722,1396,2,1398,52
2020-04-25,Alpine,003,1148,1,1,0,1,0
2020-04-25,Amador,005,37829,8,8,0,8,0
2020-04-25,Butte,007,227075,27,16,2,18,0
2020-04-25,Calaveras,009,45235,13,12,0,12,0
2020-04-25,Colusa,011,21464,3,3,0,3,0
2020-04-25,Contra Costa,013,1133247,953,821,0,821,24
2020-04-25,Del Norte,015,27424,2,2,0,2,0
2020-04-25,El Dorado,017,186661,57,41,0,41,0
2020-04-25,Fresno,019,978130,832,459,6,465,7
2020-04-25,Glenn,021,27897,5,4,0,4,0
2020-04-25,Humboldt,023,135768,59,53,0,53,0
2020-04-25,Imperial,025,180216,433,232,0,232,6
2020-04-25,Inyo,027,18085,19,20,0,20,1
2020-04-25,Kern,029,883053,1044,802,1,803,4
2020-04-25,Kings,031,150075,167,33,0,33,1
2020-04-25,Lake,033,64148,6,6,0,6,0
2020-04-25,Lassen,035,31185,3,0,2,2,0
2020-04-25,Los Angeles,037,10098052,25664,19144,15,19159,881
2020-04-25,Madera,039,155013,79,39,1,40,2
2020-04-25,Marin,041,260295,238,215,1,216,12
2020-04-25,Mariposa,043,17540,14,0,0,0,0
2020-04-25,Mendocino,045,87422,11,5,0,5,0
2020-04-25,Merced,047,269075,167,103,0,103,3
2020-04-25,Modoc,049,8938,0,0,0,0,0
2020-04-25,Mono,051,14174,31,23,0,23,1
2020-04-25,Monterey,053,433212,244,173,0,173,4
2020-04-25,Napa,055,140530,76,60,0,60,2
2020-04-25,Nevada,057,99092,41,37,1,38,1
2020-04-25,Orange,059,3164182,3192,2047,25,2072,40
2020-04-25,Placer,061,380077,165,137,0,137,8
2020-04-25,Plumas,063,18699,4,4,0,4,0
2020-04-25,Riverside,065,2383286,4425,3037,15,3052,93
2020-04-25,Sacramento,067,1510023,1083,1015,0,1015,41
2020-04-25,San Benito,069,59416,50,45,0,45,2
2020-04-25,San Bernardino,071,2135413,2251,1675,1,1676,82
2020-04-25,San Diego,073,3302833,3966,2945,0,2945,111
2020-04-25,San Francisco,075,870044,1670,1341,0,1341,22
2020-04-25,San Joaquin,077,732212,566,497,3,500,24
2020-04-25,San Luis Obispo,079,281455,243,159,3,162,1
2020-04-25,San Mateo,081,765935,1353,1054,2,1056,46
2020-04-25,Santa Barbara,083,443738,502,457,2,459,7
2020-04-25,Santa Clara,085,1922200,2525,2045,5,2050,99
2020-04-25,Santa Cruz,087,273765,142,112,0,112,2
2020-04-25,Shasta,089,179085,35,29,0,29,4
2020-04-25,Sierra,091,2930,0,0,0,0,0
2020-04-25,Siskiyou,093,43540,5,5,0,5,0
2020-04-25,Solano,095,438530,281,203,0,203,3
2020-04-25,Sonoma,097,501317,254,199,0,199,1
2020-04-25,Stanislaus,099,539301,398,276,4,280,4
2020-04-25,Sutter,101,95872,29,24,0,24,2
2020-04-25,Tehama,103,63373,1,1,0,1,1
2020-04-25,Trinity,105,12862,0,0,0,0,0
2020-04-25,Tulare,107,460477,797,478,5,483,28
2020-04-25,Tuolumne,109,53932,3,2,0,2,0
2020-04-25,Ventura,111,848112,626,494,1,495,16
2020-04-25,Yolo,113,214977,181,157,0,157,8
2020-04-25,Yuba,115,75493,17,15,0,15,1
2020-04-24,Alameda,001,1643700,1691,1385,2,1387,50
2020-04-24,Alpine,003,1148,1,1,0,1,0
2020-04-24,Amador,005,37829,8,8,0,8,0
2020-04-24,Butte,007,227075,26,15,2,17,0
2020-04-24,Calaveras,009,45235,13,12,0,12,0
2020-04-24,Colusa,011,21464,3,3,0,3,0
2020-04-24,Contra Costa,013,1133247,944,806,0,806,23
2020-04-24,Del Norte,015,27424,2,2,0,2,0
2020-04-24,El Dorado,017,186661,56,41,0,41,0
2020-04-24,Fresno,019,978130,809,449,6,455,7
2020-04-24,Glenn,021,27897,5,4,0,4,0
2020-04-24,Humboldt,023,135768,59,53,0,53,0
2020-04-24,Imperial,025,180216,416,232,0,232,6
2020-04-24,Inyo,027,18085,19,20,0,20,0
2020-04-24,Kern,029,883053,1020,770,1,771,4
2020-04-24,Kings,031,150075,138,30,0,30,1
2020-04-24,Lake,033,64148,6,6,0,6,0
2020-04-24,Lassen,035,31185,3,0,2,2,0
2020-04-24,Los Angeles,037,10098052,24734,18553,15,18568,836
2020-04-24,Madera,039,155013,79,39,1,40,2
2020-04-24,Marin,041,260295,238,211,1,212,11
2020-04-24,Mariposa,043,17540,8,0,0,0,0
2020-04-24,Mendocino,045,87422,11,5,0,5,0
2020-04-24,Merced,047,269075,164,102,0,102,3
2020-04-24,Modoc,049,8938,0,0,0,0,0
2020-04-24,Mono,051,14174,30,23,0,23,1
2020-04-24,Monterey,053,433212,237,167,0,167,4
2020-04-24,Napa,055,140530,75,59,0,59,2
2020-04-24,Nevada,057,99092,41,36,1,37,1
2020-04-24,Orange,059,3164182,3085,1945,25,1970,39
2020-04-24,Placer,061,380077,163,137,0,137,8
2020-04-24,Plumas,063,18699,4,4,0,4,0
2020-04-24,Riverside,065,2383286,4344,3044,15,3059,87
2020-04-24,Sacramento,067,1510023,1077,1009,0,1009,41
2020-04-24,San Benito,069,59416,50,45,0,45,2
2020-04-24,San Bernardino,071,2135413,2216,1667,1,1668,80
2020-04-24,San Diego,073,3302833,3855,2828,0,2828,102
2020-04-24,San Francisco,075,870044,1612,1345,0,1345,22
2020-04-24,San Joaquin,077,732212,559,484,3,487,24
2020-04-24,San Luis Obispo,079,281455,240,151,3,154,1
2020-04-24,San Mateo,081,765935,1330,1004,2,1006,43
2020-04-24,Santa Barbara,083,443738,496,450,2,452,6
2020-04-24,Santa Clara,085,1922200,2483,2026,5,2031,98
2020-04-24,Santa Cruz,087,273765,138,111,0,111,2
2020-04-24,Shasta,089,179085,35,28,0,28,4
2020-04-24,Sierra,091,2930,0,0,0,0,0
2020-04-24,Siskiyou,093,43540,5,5,0,5,0
2020-04-24,Solano,095,438530,279,203,0,203,3
2020-04-24,Sonoma,097,501317,250,199,0,199,1
2020-04-24,Stanislaus,099,539301,395,273,4,277,4
2020-04-24,Sutter,101,95872,28,24,0,24,2
2020-04-24,Tehama,103,63373,1,1,0,1,1
2020-04-24,Trinity,105,12862,0,0,0,0,0
2020-04-24,Tulare,107,460477,769,459,5,464,27
2020-04-24,Tuolumne,109,53932,3,2,0,2,0
2020-04-24,Ventura,111,848112,616,489,1,490,16
2020-04-24,Yolo,113,214977,180,155,0,155,8
2020-04-24,Yuba,115,75493,16,15,0,15,1
2020-04-23,Alameda,001,1643700,1653,1336,2,1338,46
2020-04-23,Alpine,003,1148,1,1,0,1,0
2020-04-23,Amador,005,37829,8,8,0,8,0
2020-04-23,Butte,007,227075,26,15,2,17,0
2020-04-23,Calaveras,009,45235,13,12,0,12,0
2020-04-23,Colusa,011,21464,3,3,0,3,0
2020-04-23,Contra Costa,013,1133247,923,786,0,786,23
2020-04-23,Del Norte,015,27424,2,2,0,2,0
2020-04-23,El Dorado,017,186661,55,39,0,39,0
2020-04-23,Fresno,019,978130,771,426,6,432,7
2020-04-23,Glenn,021,27897,5,3,0,3,0
2020-04-23,Humboldt,023,135768,59,53,0,53,0
2020-04-23,Imperial,025,180216,395,181,0,181,4
2020-04-23,Inyo,027,18085,19,19,0,19,0
2020-04-23,Kern,029,883053,972,732,1,733,4
2020-04-23,Kings,031,150075,123,28,0,28,1
2020-04-23,Lake,033,64148,6,6,0,6,0
2020-04-23,Lassen,035,31185,3,0,2,2,0
2020-04-23,Los Angeles,037,10098052,23672,17548,14,17562,784
2020-04-23,Madera,039,155013,77,37,1,38,2
2020-04-23,Marin,041,260295,225,209,1,210,11
2020-04-23,Mariposa,043,17540,7,0,0,0,0
2020-04-23,Mendocino,045,87422,9,5,0,5,0
2020-04-23,Merced,047,269075,160,98,0,98,3
2020-04-23,Modoc,049,8938,0,0,0,0,0
2020-04-23,Mono,051,14174,30,23,0,23,1
2020-04-23,Monterey,053,433212,233,161,0,161,4
2020-04-23,Napa,055,140530,68,59,0,59,2
2020-04-23,Nevada,057,99092,41,36,1,37,1
2020-04-23,Orange,059,3164182,2906,1841,24,1865,37
2020-04-23,Placer,061,380077,160,136,0,136,8
2020-04-23,Plumas,063,18699,4,4,0,4,0
2020-04-23,Riverside,065,2383286,4230,2935,14,2949,78
2020-04-23,Sacramento,067,1510023,1065,978,0,978,41
2020-04-23,San Benito,069,59416,47,43,0,43,2
2020-04-23,San Bernardino,071,2135413,2151,1604,1,1605,79
2020-04-23,San Diego,073,3302833,3694,2645,0,2645,100
2020-04-23,San Francisco,075,870044,1587,1312,0,1312,21
2020-04-23,San Joaquin,077,732212,549,479,3,482,20
2020-04-23,San Luis Obispo,079,281455,236,146,3,149,1
2020-04-23,San Mateo,081,765935,1291,970,2,972,42
2020-04-23,Santa Barbara,083,443738,490,445,2,447,6
2020-04-23,Santa Clara,085,1922200,2448,1996,5,2001,95
2020-04-23,Santa Cruz,087,273765,137,110,0,110,2
2020-04-23,Shasta,089,179085,35,27,0,27,3
2020-04-23,Sierra,091,2930,0,0,0,0,0
2020-04-23,Siskiyou,093,43540,5,5,0,5,0
2020-04-23,Solano,095,438530,265,196,0,196,3
2020-04-23,Sonoma,097,501317,238,187,0,187,1
2020-04-23,Stanislaus,099,539301,391,254,4,258,4
2020-04-23,Sutter,101,95872,28,24,0,24,2
2020-04-23,Tehama,103,63373,1,1,0,1,1
2020-04-23,Trinity,105,12862,0,0,0,0,0
2020-04-23,Tulare,107,460477,740,440,5,445,25
2020-04-23,Tuolumne,109,53932,3,2,0,2,0
2020-04-23,Ventura,111,848112,602,479,1,480,16
2020-04-23,Yolo,113,214977,177,151,0,151,8
2020-04-23,Yuba,115,75493,16,15,0,15,1
2020-04-22,Alameda,001,1643700,1604,1275,2,1277,46
2020-04-22,Alpine,003,1148,1,1,0,1,0
2020-04-22,Amador,005,37829,8,7,0,7,0
2020-04-22,Butte,007,227075,25,15,2,17,0
2020-04-22,Calaveras,009,45235,13,12,0,12,0
2020-04-22,Colusa,011,21464,3,3,0,3,0
2020-04-22,Contra Costa,013,1133247,908,772,0,772,22
2020-04-22,Del Norte,015,27424,2,2,0,2,0
2020-04-22,El Dorado,017,186661,55,39,0,39,0
2020-04-22,Fresno,019,978130,731,388,6,394,7
2020-04-22,Glenn,021,27897,5,3,0,3,0
2020-04-22,Humboldt,023,135768,59,53,0,53,0
2020-04-22,Imperial,025,180216,384,170,0,170,3
2020-04-22,Inyo,027,18085,19,18,0,18,0
2020-04-22,Kern,029,883053,950,713,1,714,4
2020-04-22,Kings,031,150075,102,28,0,28,1
2020-04-22,Lake,033,64148,6,6,0,6,0
2020-04-22,Lassen,035,31185,3,0,2,2,0
2020-04-22,Los Angeles,037,10098052,22647,16400,14,16414,715
2020-04-22,Madera,039,155013,75,37,1,38,2
2020-04-22,Marin,041,260295,223,202,1,203,11
2020-04-22,Mariposa,043,17540,6,0,0,0,0
2020-04-22,Mendocino,045,87422,6,5,0,5,0
2020-04-22,Merced,047,269075,146,92,0,92,3
2020-04-22,Modoc,049,8938,0,0,0,0,0
2020-04-22,Mono,051,14174,29,23,0,23,1
2020-04-22,Monterey,053,433212,226,154,0,154,4
2020-04-22,Napa,055,140530,67,58,0,58,2
2020-04-22,Nevada,057,99092,41,36,1,37,1
2020-04-22,Orange,059,3164182,2812,1785,23,1808,36
2020-04-22,Placer,061,380077,158,133,0,133,8
2020-04-22,Plumas,063,18699,4,4,0,4,0
2020-04-22,Riverside,065,2383286,4126,2822,14,2836,76
2020-04-22,Sacramento,067,1510023,1060,959,0,959,36
2020-04-22,San Benito,069,59416,46,43,0,43,2
2020-04-22,San Bernardino,071,2135413,2088,1564,1,1565,74
2020-04-22,San Diego,073,3302833,3566,2493,0,2493,96
2020-04-22,San Francisco,075,870044,1550,1255,0,1255,21
2020-04-22,San Joaquin,077,732212,538,462,3,465,20
2020-04-22,San Luis Obispo,079,281455,227,142,3,145,1
2020-04-22,San Mateo,081,765935,1268,945,2,947,40
2020-04-22,Santa Barbara,083,443738,485,437,2,439,6
2020-04-22,Santa Clara,085,1922200,2432,1969,5,1974,95
2020-04-22,Santa Cruz,087,273765,133,106,0,106,2
2020-04-22,Shasta,089,179085,34,26,0,26,3
2020-04-22,Sierra,091,2930,0,0,0,0,0
2020-04-22,Siskiyou,093,43540,5,5,0,5,0
2020-04-22,Solano,095,438530,247,195,0,195,3
2020-04-22,Sonoma,097,501317,235,185,0,185,1
2020-04-22,Stanislaus,099,539301,334,247,4,251,4
2020-04-22,Sutter,101,95872,28,22,0,22,2
2020-04-22,Tehama,103,63373,1,1,0,1,1
2020-04-22,Trinity,105,12862,0,0,0,0,0
2020-04-22,Tulare,107,460477,706,425,5,430,23
2020-04-22,Tuolumne,109,53932,3,2,0,2,0
2020-04-22,Ventura,111,848112,591,465,1,466,15
2020-04-22,Yolo,113,214977,176,147,0,147,8
2020-04-22,Yuba,115,75493,16,15,0,15,1
2020-04-21,Alameda,001,1643700,1574,1234,2,1236,46
2020-04-21,Alpine,003,1148,1,1,0,1,0
2020-04-21,Amador,005,37829,8,7,0,7,0
2020-04-21,Butte,007,227075,24,15,2,17,0
2020-04-21,Calaveras,009,45235,12,12,0,12,0
2020-04-21,Colusa,011,21464,3,3,0,3,0
2020-04-21,Contra Costa,013,1133247,894,766,0,766,22
2020-04-21,Del Norte,015,27424,2,2,0,2,0
2020-04-21,El Dorado,017,186661,54,36,0,36,0
2020-04-21,Fresno,019,978130,697,372,6,378,7
2020-04-21,Glenn,021,27897,5,3,0,3,0
2020-04-21,Humboldt,023,135768,58,53,0,53,0
2020-04-21,Imperial,025,180216,364,165,0,165,2
2020-04-21,Inyo,027,18085,19,18,0,18,0
2020-04-21,Kern,029,883053,908,676,1,677,4
2020-04-21,Kings,031,150075,88,28,0,28,1
2020-04-21,Lake,033,64148,6,6,0,6,0
2020-04-21,Lassen,035,31185,3,0,2,2,0
2020-04-21,Los Angeles,037,10098052,21785,15096,14,15110,650
2020-04-21,Madera,039,155013,75,37,1,38,2
2020-04-21,Marin,041,260295,217,202,1,203,10
2020-04-21,Mariposa,043,17540,5,0,0,0,0
2020-04-21,Mendocino,045,87422,6,5,0,5,0
2020-04-21,Merced,047,269075,142,89,0,89,3
2020-04-21,Modoc,049,8938,0,0,0,0,0
2020-04-21,Mono,051,14174,29,23,0,23,1
2020-04-21,Monterey,053,433212,223,151,0,151,4
2020-04-21,Napa,055,140530,66,58,0,58,2
2020-04-21,Nevada,057,99092,41,36,1,37,1
2020-04-21,Orange,059,3164182,2689,1717,22,1739,36
2020-04-21,Placer,061,380077,156,133,0,133,8
2020-04-21,Plumas,063,18699,4,4,0,4,0
2020-04-21,Riverside,065,2383286,3994,2631,14,2645,68
2020-04-21,Sacramento,067,1510023,1050,941,0,941,33
2020-04-21,San Benito,069,59416,44,43,0,43,2
2020-04-21,San Bernardino,071,2135413,2028,1499,1,1500,71
2020-04-21,San Diego,073,3302833,3410,2436,0,2436,87
2020-04-21,San Francisco,075,870044,1520,1232,0,1232,20
2020-04-21,San Joaquin,077,732212,528,447,3,450,20
2020-04-21,San Luis Obispo,079,281455,219,134,3,137,1
2020-04-21,San Mateo,081,765935,1222,933,2,935,34
2020-04-21,Santa Barbara,083,443738,476,414,2,416,5
2020-04-21,Santa Clara,085,1922200,2382,1943,5,1948,91
2020-04-21,Santa Cruz,087,273765,131,104,0,104,2
2020-04-21,Shasta,089,179085,33,26,0,26,3
2020-04-21,Sierra,091,2930,0,0,0,0,0
2020-04-21,Siskiyou,093,43540,5,5,0,5,0
2020-04-21,Solano,095,438530,239,193,0,193,3
2020-04-21,Sonoma,097,501317,225,182,0,182,1
2020-04-21,Stanislaus,099,539301,315,235,4,239,4
2020-04-21,Sutter,101,95872,28,22,0,22,2
2020-04-21,Tehama,103,63373,1,1,0,1,1
2020-04-21,Trinity,105,12862,0,0,0,0,0
2020-04-21,Tulare,107,460477,669,410,5,415,23
2020-04-21,Tuolumne,109,53932,3,2,0,2,0
2020-04-21,Ventura,111,848112,579,455,1,456,14
2020-04-21,Yolo,113,214977,174,143,0,143,8
2020-04-21,Yuba,115,75493,16,15,0,15,1
2020-04-20,Alameda,001,1643700,1541,1181,2,1183,42
2020-04-20,Alpine,003,1148,1,1,0,1,0
2020-04-20,Amador,005,37829,8,7,0,7,0
2020-04-20,Butte,007,227075,24,15,2,17,0
2020-04-20,Calaveras,009,45235,12,12,0,12,0
2020-04-20,Colusa,011,21464,3,3,0,3,0
2020-04-20,Contra Costa,013,1133247,884,753,0,753,22
2020-04-20,Del Norte,015,27424,2,2,0,2,0
2020-04-20,El Dorado,017,186661,54,36,0,36,0
2020-04-20,Fresno,019,978130,679,356,6,362,7
2020-04-20,Glenn,021,27897,4,3,0,3,0
2020-04-20,Humboldt,023,135768,58,53,0,53,0
2020-04-20,Imperial,025,180216,345,149,0,149,2
2020-04-20,Inyo,027,18085,19,17,0,17,0
2020-04-20,Kern,029,883053,876,651,1,652,3
2020-04-20,Kings,031,150075,77,19,0,19,1
2020-04-20,Lake,033,64148,6,6,0,6,0
2020-04-20,Lassen,035,31185,3,0,2,2,0
2020-04-20,Los Angeles,037,10098052,20872,13787,14,13801,608
2020-04-20,Madera,039,155013,74,35,1,36,2
2020-04-20,Marin,041,260295,213,200,1,201,10
2020-04-20,Mariposa,043,17540,5,0,0,0,0
2020-04-20,Mendocino,045,87422,6,5,0,5,0
2020-04-20,Merced,047,269075,135,88,0,88,3
2020-04-20,Modoc,049,8938,0,0,0,0,0
2020-04-20,Mono,051,14174,29,23,0,23,1
2020-04-20,Monterey,053,433212,214,147,0,147,4
2020-04-20,Napa,055,140530,66,55,0,55,2
2020-04-20,Nevada,057,99092,41,34,1,35,1
2020-04-20,Orange,059,3164182,2605,1679,22,1701,33
2020-04-20,Placer,061,380077,155,132,0,132,8
2020-04-20,Plumas,063,18699,4,4,0,4,0
2020-04-20,Riverside,065,2383286,3869,2477,14,2491,61
2020-04-20,Sacramento,067,1510023,1040,924,0,924,32
2020-04-20,San Benito,069,59416,44,43,0,43,2
2020-04-20,San Bernardino,071,2135413,1941,1344,1,1345,63
2020-04-20,San Diego,073,3302833,3268,2327,0,2327,72
2020-04-20,San Francisco,075,870044,1488,1223,0,1223,19
2020-04-20,San Joaquin,077,732212,524,422,3,425,17
2020-04-20,San Luis Obispo,079,281455,205,132,3,135,1
2020-04-20,San Mateo,081,765935,1199,890,2,892,31
2020-04-20,Santa Barbara,083,443738,469,388,2,390,4
2020-04-20,Santa Clara,085,1922200,2351,1920,5,1925,84
2020-04-20,Santa Cruz,087,273765,129,102,0,102,2
2020-04-20,Shasta,089,179085,33,26,0,26,3
2020-04-20,Sierra,091,2930,0,0,0,0,0
2020-04-20,Siskiyou,093,43540,5,5,0,5,0
2020-04-20,Solano,095,438530,236,185,0,185,2
2020-04-20,Sonoma,097,501317,217,178,0,178,1
2020-04-20,Stanislaus,099,539301,301,228,4,232,3
2020-04-20,Sutter,101,95872,27,22,0,22,2
2020-04-20,Tehama,103,63373,1,1,0,1,1
2020-04-20,Trinity,105,12862,0,0,0,0,0
2020-04-20,Tulare,107,460477,659,401,5,406,20
2020-04-20,Tuolumne,109,53932,3,2,0,2,0
2020-04-20,Ventura,111,848112,565,426,1,427,13
2020-04-20,Yolo,113,214977,173,125,0,125,5
2020-04-20,Yuba,115,75493,16,15,0,15,1
2020-04-19,Alameda,001,1643700,1491,1134,2,1136,41
2020-04-19,Alpine,003,1148,1,1,0,1,0
2020-04-19,Amador,005,37829,7,7,0,7,0
2020-04-19,Butte,007,227075,23,15,2,17,0
2020-04-19,Calaveras,009,45235,12,12,0,12,0
2020-04-19,Colusa,011,21464,3,3,0,3,0
2020-04-19,Contra Costa,013,1133247,868,731,0,731,20
2020-04-19,Del Norte,015,27424,2,2,0,2,0
2020-04-19,El Dorado,017,186661,54,36,0,36,0
2020-04-19,Fresno,019,978130,643,326,6,332,7
2020-04-19,Glenn,021,27897,4,3,0,3,0
2020-04-19,Humboldt,023,135768,58,53,0,53,0
2020-04-19,Imperial,025,180216,318,144,0,144,2
2020-04-19,Inyo,027,18085,19,17,0,17,0
2020-04-19,Kern,029,883053,851,629,1,630,3
2020-04-19,Kings,031,150075,67,17,0,17,1
2020-04-19,Lake,033,64148,6,6,0,6,0
2020-04-19,Lassen,035,31185,3,0,2,2,0
2020-04-19,Los Angeles,037,10098052,19866,12299,14,12313,589
2020-04-19,Madera,039,155013,72,34,1,35,2
2020-04-19,Marin,041,260295,212,194,1,195,10
2020-04-19,Mariposa,043,17540,2,0,0,0,0
2020-04-19,Mendocino,045,87422,6,4,0,4,0
2020-04-19,Merced,047,269075,130,85,0,85,3
2020-04-19,Modoc,049,8938,0,0,0,0,0
2020-04-19,Mono,051,14174,29,23,0,23,1
2020-04-19,Monterey,053,433212,205,140,0,140,4
2020-04-19,Napa,055,140530,64,49,0,49,2
2020-04-19,Nevada,057,99092,40,34,1,35,1
2020-04-19,Orange,059,3164182,2508,1591,21,1612,32
2020-04-19,Placer,061,380077,154,131,0,131,8
2020-04-19,Plumas,063,18699,4,4,0,4,0
2020-04-19,Riverside,065,2383286,3726,2316,14,2330,56
2020-04-19,Sacramento,067,1510023,1013,912,0,912,32
2020-04-19,San Benito,069,59416,42,40,0,40,2
2020-04-19,San Bernardino,071,2135413,1878,1262,1,1263,58
2020-04-19,San Diego,073,3302833,3101,2270,0,2270,71
2020-04-19,San Francisco,075,870044,1455,1153,0,1153,19
2020-04-19,San Joaquin,077,732212,506,404,3,407,17
2020-04-19,San Luis Obispo,079,281455,200,132,3,135,1
2020-04-19,San Mateo,081,765935,1163,845,2,847,31
2020-04-19,Santa Barbara,083,443738,462,377,2,379,3
2020-04-19,Santa Clara,085,1922200,2306,1878,5,1883,81
2020-04-19,Santa Cruz,087,273765,126,98,0,98,2
2020-04-19,Shasta,089,179085,31,26,0,26,3
2020-04-19,Sierra,091,2930,0,0,0,0,0
2020-04-19,Siskiyou,093,43540,5,5,0,5,0
2020-04-19,Solano,095,438530,228,174,0,174,2
2020-04-19,Sonoma,097,501317,211,172,0,172,1
2020-04-19,Stanislaus,099,539301,293,221,4,225,3
2020-04-19,Sutter,101,95872,26,21,0,21,2
2020-04-19,Tehama,103,63373,1,1,0,1,1
2020-04-19,Trinity,105,12862,0,0,0,0,0
2020-04-19,Tulare,107,460477,613,391,5,396,17
2020-04-19,Tuolumne,109,53932,3,2,0,2,0
2020-04-19,Ventura,111,848112,557,418,1,419,13
2020-04-19,Yolo,113,214977,173,120,0,120,5
2020-04-19,Yuba,115,75493,16,15,0,15,1
2020-04-18,Alameda,001,1643700,1466,1085,2,1087,40
2020-04-18,Alpine,003,1148,1,1,0,1,0
2020-04-18,Amador,005,37829,7,7,0,7,0
2020-04-18,Butte,007,227075,22,15,2,17,0
2020-04-18,Calaveras,009,45235,12,12,0,12,0
2020-04-18,Colusa,011,21464,3,3,0,3,0
2020-04-18,Contra Costa,013,1133247,856,721,0,721,17
2020-04-18,Del Norte,015,27424,2,2,0,2,0
2020-04-18,El Dorado,017,186661,54,36,0,36,0
2020-04-18,Fresno,019,978130,622,319,6,325,7
2020-04-18,Glenn,021,27897,4,3,0,3,0
2020-04-18,Humboldt,023,135768,58,52,0,52,0
2020-04-18,Imperial,025,180216,309,137,0,137,2
2020-04-18,Inyo,027,18085,19,17,0,17,0
2020-04-18,Kern,029,883053,829,626,1,627,3
2020-04-18,Kings,031,150075,66,17,0,17,1
2020-04-18,Lake,033,64148,6,6,0,6,0
2020-04-18,Lassen,035,31185,3,0,2,2,0
2020-04-18,Los Angeles,037,10098052,19337,11984,14,11998,566
2020-04-18,Madera,039,155013,71,34,1,35,2
2020-04-18,Marin,041,260295,210,193,1,194,10
2020-04-18,Mariposa,043,17540,2,0,0,0,0
2020-04-18,Mendocino,045,87422,6,4,0,4,0
2020-04-18,Merced,047,269075,128,82,0,82,3
2020-04-18,Modoc,049,8938,0,0,0,0,0
2020-04-18,Mono,051,14174,29,22,0,22,1
2020-04-18,Monterey,053,433212,201,135,0,135,3
2020-04-18,Napa,055,140530,64,49,0,49,2
2020-04-18,Nevada,057,99092,39,34,1,35,1
2020-04-18,Orange,059,3164182,2444,1569,20,1589,32
2020-04-18,Placer,061,380077,152,130,0,130,8
2020-04-18,Plumas,063,18699,4,4,0,4,0
2020-04-18,Riverside,065,2383286,3651,2257,14,2271,56
2020-04-18,Sacramento,067,1510023,1001,901,0,901,32
2020-04-18,San Benito,069,59416,42,40,0,40,2
2020-04-18,San Bernardino,071,2135413,1833,1255,1,1256,58
2020-04-18,San Diego,073,3302833,2999,2215,0,2215,71
2020-04-18,San Francisco,075,870044,1416,1144,0,1144,19
2020-04-18,San Joaquin,077,732212,497,392,3,395,17
2020-04-18,San Luis Obispo,079,281455,196,129,3,132,1
2020-04-18,San Mateo,081,765935,1141,821,2,823,31
2020-04-18,Santa Barbara,083,443738,456,372,2,374,3
2020-04-18,Santa Clara,085,1922200,2273,1862,5,1867,79
2020-04-18,Santa Cruz,087,273765,124,96,0,96,2
2020-04-18,Shasta,089,179085,31,26,0,26,3
2020-04-18,Sierra,091,2930,0,0,0,0,0
2020-04-18,Siskiyou,093,43540,5,5,0,5,0
2020-04-18,Solano,095,438530,225,175,0,175,2
2020-04-18,Sonoma,097,501317,207,168,0,168,1
2020-04-18,Stanislaus,099,539301,285,216,4,220,3
2020-04-18,Sutter,101,95872,26,21,0,21,2
2020-04-18,Tehama,103,63373,1,1,0,1,1
2020-04-18,Trinity,105,12862,0,0,0,0,0
2020-04-18,Tulare,107,460477,602,385,5,390,17
2020-04-18,Tuolumne,109,53932,3,2,0,2,0
2020-04-18,Ventura,111,848112,549,416,1,417,13
2020-04-18,Yolo,113,214977,171,118,0,118,5
2020-04-18,Yuba,115,75493,16,14,0,14,1
2020-04-17,Alameda,001,1643700,1411,1043,1,1044,40
2020-04-17,Alpine,003,1148,1,1,0,1,0
2020-04-17,Amador,005,37829,7,7,0,7,0
2020-04-17,Butte,007,227075,22,15,2,17,0
2020-04-17,Calaveras,009,45235,12,11,0,11,0
2020-04-17,Colusa,011,21464,3,3,0,3,0
2020-04-17,Contra Costa,013,1133247,845,687,0,687,15
2020-04-17,Del Norte,015,27424,2,2,0,2,0
2020-04-17,El Dorado,017,186661,54,35,0,35,0
2020-04-17,Fresno,019,978130,600,315,6,321,7
2020-04-17,Glenn,021,27897,4,3,0,3,0
2020-04-17,Humboldt,023,135768,57,52,0,52,0
2020-04-17,Imperial,025,180216,300,135,0,135,2
2020-04-17,Inyo,027,18085,19,17,0,17,0
2020-04-17,Kern,029,883053,809,612,1,613,3
2020-04-17,Kings,031,150075,64,15,0,15,1
2020-04-17,Lake,033,64148,6,6,0,6,0
2020-04-17,Lassen,035,31185,3,0,2,2,0
2020-04-17,Los Angeles,037,10098052,18698,11354,14,11368,489
2020-04-17,Madera,039,155013,71,34,1,35,2
2020-04-17,Marin,041,260295,207,189,1,190,10
2020-04-17,Mariposa,043,17540,1,0,0,0,0
2020-04-17,Mendocino,045,87422,6,4,0,4,0
2020-04-17,Merced,047,269075,127,80,0,80,3
2020-04-17,Modoc,049,8938,0,0,0,0,0
2020-04-17,Mono,051,14174,29,22,0,22,1
2020-04-17,Monterey,053,433212,196,119,0,119,3
2020-04-17,Napa,055,140530,62,46,0,46,2
2020-04-17,Nevada,057,99092,38,34,1,35,1
2020-04-17,Orange,059,3164182,2393,1496,20,1516,31
2020-04-17,Placer,061,380077,152,130,0,130,8
2020-04-17,Plumas,063,18699,4,4,0,4,0
2020-04-17,Riverside,065,2383286,3524,2080,14,2094,50
2020-04-17,Sacramento,067,1510023,994,882,0,882,32
2020-04-17,San Benito,069,59416,42,38,0,38,2
2020-04-17,San Bernardino,071,2135413,1794,1229,1,1230,57
2020-04-17,San Diego,073,3302833,2909,2160,0,2160,70
2020-04-17,San Francisco,075,870044,1391,1090,0,1090,19
2020-04-17,San Joaquin,077,732212,486,356,3,359,17
2020-04-17,San Luis Obispo,079,281455,189,116,3,119,1
2020-04-17,San Mateo,081,765935,1125,768,2,770,31
2020-04-17,Santa Barbara,083,443738,451,349,2,351,3
2020-04-17,Santa Clara,085,1922200,2237,1834,5,1839,74
2020-04-17,Santa Cruz,087,273765,123,94,0,94,2
2020-04-17,Shasta,089,179085,31,26,0,26,3
2020-04-17,Sierra,091,2930,0,0,0,0,0
2020-04-17,Siskiyou,093,43540,5,5,0,5,0
2020-04-17,Solano,095,438530,224,173,0,173,2
2020-04-17,Sonoma,097,501317,204,167,0,167,1
2020-04-17,Stanislaus,099,539301,283,201,4,205,3
2020-04-17,Sutter,101,95872,26,20,0,20,2
2020-04-17,Tehama,103,63373,1,1,0,1,1
2020-04-17,Trinity,105,12862,0,0,0,0,0
2020-04-17,Tulare,107,460477,595,370,5,375,17
2020-04-17,Tuolumne,109,53932,3,2,0,2,0
2020-04-17,Ventura,111,848112,544,398,1,399,13
2020-04-17,Yolo,113,214977,170,117,0,117,5
2020-04-17,Yuba,115,75493,16,14,0,14,1
2020-04-16,Alameda,001,1643700,1378,981,1,982,39
2020-04-16,Alpine,003,1148,1,1,0,1,0
2020-04-16,Amador,005,37829,7,7,0,7,0
2020-04-16,Butte,007,227075,21,15,2,17,0
2020-04-16,Calaveras,009,45235,12,10,0,10,0
2020-04-16,Colusa,011,21464,3,3,0,3,0
2020-04-16,Contra Costa,013,1133247,831,675,0,675,14
2020-04-16,Del Norte,015,27424,2,2,0,2,0
2020-04-16,El Dorado,017,186661,53,34,0,34,0
2020-04-16,Fresno,019,978130,570,289,6,295,7
2020-04-16,Glenn,021,27897,4,3,0,3,0
2020-04-16,Humboldt,023,135768,57,47,0,47,0
2020-04-16,Imperial,025,180216,285,132,0,132,2
2020-04-16,Inyo,027,18085,17,17,0,17,0
2020-04-16,Kern,029,883053,782,587,1,588,3
2020-04-16,Kings,031,150075,60,12,0,12,1
2020-04-16,Lake,033,64148,6,6,0,6,0
2020-04-16,Lassen,035,31185,3,0,2,2,0
2020-04-16,Los Angeles,037,10098052,17806,10786,14,10800,447
2020-04-16,Madera,039,155013,69,34,1,35,2
2020-04-16,Marin,041,260295,203,170,1,171,10
2020-04-16,Mariposa,043,17540,1,1,0,1,0
2020-04-16,Mendocino,045,87422,6,4,0,4,0
2020-04-16,Merced,047,269075,121,76,0,76,3
2020-04-16,Modoc,049,8938,0,0,0,0,0
2020-04-16,Mono,051,14174,29,22,0,22,1
2020-04-16,Monterey,053,433212,193,116,0,116,3
2020-04-16,Napa,055,140530,59,44,0,44,2
2020-04-16,Nevada,057,99092,38,34,1,35,1
2020-04-16,Orange,059,3164182,2328,1439,19,1458,28
2020-04-16,Placer,061,380077,150,129,0,129,7
2020-04-16,Plumas,063,18699,4,4,0,4,0
2020-04-16,Riverside,065,2383286,3404,1913,14,1927,45
2020-04-16,Sacramento,067,1510023,986,865,0,865,32
2020-04-16,San Benito,069,59416,42,36,0,36,2
2020-04-16,San Bernardino,071,2135413,1713,1143,0,1143,54
2020-04-16,San Diego,073,3302833,2801,2089,0,2089,63
2020-04-16,San Francisco,075,870044,1347,1039,0,1039,16
2020-04-16,San Joaquin,077,732212,471,345,3,348,17
2020-04-16,San Luis Obispo,079,281455,185,113,3,116,1
2020-04-16,San Mateo,081,765935,1096,745,2,747,29
2020-04-16,Santa Barbara,083,443738,440,331,2,333,3
2020-04-16,Santa Clara,085,1922200,2200,1789,5,1794,70
2020-04-16,Santa Cruz,087,273765,121,90,0,90,2
2020-04-16,Shasta,089,179085,31,25,0,25,3
2020-04-16,Sierra,091,2930,0,0,0,0,0
2020-04-16,Siskiyou,093,43540,5,5,0,5,0
2020-04-16,Solano,095,438530,221,162,0,162,2
2020-04-16,Sonoma,097,501317,199,145,0,145,1
2020-04-16,Stanislaus,099,539301,280,185,4,189,3
2020-04-16,Sutter,101,95872,25,21,0,21,2
2020-04-16,Tehama,103,63373,1,1,0,1,1
2020-04-16,Trinity,105,12862,0,0,0,0,0
2020-04-16,Tulare,107,460477,578,305,5,310,16
2020-04-16,Tuolumne,109,53932,3,1,0,1,0
2020-04-16,Ventura,111,848112,532,384,1,385,13
2020-04-16,Yolo,113,214977,168,98,0,98,4
2020-04-16,Yuba,115,75493,15,14,0,14,1
2020-04-15,Alameda,001,1643700,1328,915,1,916,38
2020-04-15,Alpine,003,1148,1,1,0,1,0
2020-04-15,Amador,005,37829,7,7,0,7,0
2020-04-15,Butte,007,227075,21,14,2,16,0
2020-04-15,Calaveras,009,45235,11,9,0,9,0
2020-04-15,Colusa,011,21464,3,3,0,3,0
2020-04-15,Contra Costa,013,1133247,809,645,0,645,14
2020-04-15,Del Norte,015,27424,2,2,0,2,0
2020-04-15,El Dorado,017,186661,51,33,0,33,0
2020-04-15,Fresno,019,978130,544,264,6,270,7
2020-04-15,Glenn,021,27897,4,3,0,3,0
2020-04-15,Humboldt,023,135768,57,47,0,47,0
2020-04-15,Imperial,025,180216,259,115,0,115,2
2020-04-15,Inyo,027,18085,17,12,0,12,0
2020-04-15,Kern,029,883053,760,500,1,501,3
2020-04-15,Kings,031,150075,56,12,0,12,1
2020-04-15,Lake,033,64148,6,4,0,4,0
2020-04-15,Lassen,035,31185,3,0,2,2,0
2020-04-15,Los Angeles,037,10098052,16983,10416,14,10430,394
2020-04-15,Madera,039,155013,69,30,1,31,2
2020-04-15,Marin,041,260295,200,162,1,163,10
2020-04-15,Mariposa,043,17540,0,0,0,0,0
2020-04-15,Mendocino,045,87422,5,4,0,4,0
2020-04-15,Merced,047,269075,119,74,0,74,3
2020-04-15,Modoc,049,8938,0,0,0,0,0
2020-04-15,Mono,051,14174,29,22,0,22,1
2020-04-15,Monterey,053,433212,185,106,0,106,3
2020-04-15,Napa,055,140530,56,34,0,34,2
2020-04-15,Nevada,057,99092,37,34,1,35,1
2020-04-15,Orange,059,3164182,2225,1377,19,1396,24
2020-04-15,Placer,061,380077,149,123,0,123,6
2020-04-15,Plumas,063,18699,4,4,0,4,0
2020-04-15,Riverside,065,2383286,3209,1723,14,1737,42
2020-04-15,Sacramento,067,1510023,977,839,0,839,32
2020-04-15,San Benito,069,59416,42,34,0,34,2
2020-04-15,San Bernardino,071,2135413,1643,1063,0,1063,45
2020-04-15,San Diego,073,3302833,2713,2014,0,2014,60
2020-04-15,San Francisco,075,870044,1311,1006,0,1006,16
2020-04-15,San Joaquin,077,732212,463,329,3,332,17
2020-04-15,San Luis Obispo,079,281455,177,112,3,115,1
2020-04-15,San Mateo,081,765935,1047,707,2,709,28
2020-04-15,Santa Barbara,083,443738,424,317,2,319,2
2020-04-15,Santa Clara,085,1922200,2161,1692,5,1697,69
2020-04-15,Santa Cruz,087,273765,117,92,0,92,2
2020-04-15,Shasta,089,179085,31,25,0,25,3
2020-04-15,Sierra,091,2930,0,0,0,0,0
2020-04-15,Siskiyou,093,43540,5,5,0,5,0
2020-04-15,Solano,095,438530,216,153,0,153,2
2020-04-15,Sonoma,097,501317,197,140,0,140,1
2020-04-15,Stanislaus,099,539301,273,174,4,178,3
2020-04-15,Sutter,101,95872,25,19,0,19,2
2020-04-15,Tehama,103,63373,1,1,0,1,1
2020-04-15,Trinity,105,12862,0,0,0,0,0
2020-04-15,Tulare,107,460477,560,289,5,294,14
2020-04-15,Tuolumne,109,53932,3,1,0,1,0
2020-04-15,Ventura,111,848112,517,365,1,366,13
2020-04-15,Yolo,113,214977,161,93,0,93,3
2020-04-15,Yuba,115,75493,15,15,0,15,1
2020-04-14,Alameda,001,1643700,1283,843,1,844,30
2020-04-14,Alpine,003,1148,1,1,0,1,0
2020-04-14,Amador,005,37829,7,6,0,6,0
2020-04-14,Butte,007,227075,21,13,2,15,0
2020-04-14,Calaveras,009,45235,11,5,0,5,0
2020-04-14,Colusa,011,21464,3,3,0,3,0
2020-04-14,Contra Costa,013,1133247,797,617,0,617,12
2020-04-14,Del Norte,015,27424,2,2,0,2,0
2020-04-14,El Dorado,017,186661,51,30,0,30,0
2020-04-14,Fresno,019,978130,521,244,6,250,6
2020-04-14,Glenn,021,27897,4,3,0,3,0
2020-04-14,Humboldt,023,135768,57,44,0,44,0
2020-04-14,Imperial,025,180216,239,86,0,86,2
2020-04-14,Inyo,027,18085,17,12,0,12,0
2020-04-14,Kern,029,883053,736,453,1,454,3
2020-04-14,Kings,031,150075,55,12,0,12,1
2020-04-14,Lake,033,64148,6,3,0,3,0
2020-04-14,Lassen,035,31185,3,0,2,2,0
2020-04-14,Los Angeles,037,10098052,16089,9948,13,9961,357
2020-04-14,Madera,039,155013,68,29,1,30,2
2020-04-14,Marin,041,260295,196,147,1,148,9
2020-04-14,Mariposa,043,17540,0,0,0,0,0
2020-04-14,Mendocino,045,87422,5,4,0,4,0
2020-04-14,Merced,047,269075,112,61,0,61,3
2020-04-14,Modoc,049,8938,0,0,0,0,0
2020-04-14,Mono,051,14174,29,22,0,22,1
2020-04-14,Monterey,053,433212,180,98,0,98,3
2020-04-14,Napa,055,140530,56,33,0,33,2
2020-04-14,Nevada,057,99092,37,34,1,35,1
2020-04-14,Orange,059,3164182,2125,1362,19,1381,24
2020-04-14,Placer,061,380077,148,117,0,117,5
2020-04-14,Plumas,063,18699,4,3,0,3,0
2020-04-14,Riverside,065,2383286,3074,1467,14,1481,40
2020-04-14,Sacramento,067,1510023,968,737,0,737,29
2020-04-14,San Benito,069,59416,39,34,0,34,2
2020-04-14,San Bernardino,071,2135413,1588,933,0,933,37
2020-04-14,San Diego,073,3302833,2618,1932,0,1932,53
2020-04-14,San Francisco,075,870044,1257,968,0,968,14
2020-04-14,San Joaquin,077,732212,453,280,3,283,17
2020-04-14,San Luis Obispo,079,281455,174,109,3,112,1
2020-04-14,San Mateo,081,765935,1013,681,2,683,28
2020-04-14,Santa Barbara,083,443738,400,292,2,294,2
2020-04-14,Santa Clara,085,1922200,2128,1561,5,1566,63
2020-04-14,Santa Cruz,087,273765,109,84,0,84,2
2020-04-14,Shasta,089,179085,31,24,0,24,3
2020-04-14,Sierra,091,2930,0,0,0,0,0
2020-04-14,Siskiyou,093,43540,5,5,0,5,0
2020-04-14,Solano,095,438530,213,140,0,140,2
2020-04-14,Sonoma,097,501317,193,133,0,133,1
2020-04-14,Stanislaus,099,539301,260,136,4,140,3
2020-04-14,Sutter,101,95872,24,19,0,19,2
2020-04-14,Tehama,103,63373,1,1,0,1,1
2020-04-14,Trinity,105,12862,0,0,0,0,0
2020-04-14,Tulare,107,460477,536,228,5,233,12
2020-04-14,Tuolumne,109,53932,3,0,0,0,0
2020-04-14,Ventura,111,848112,504,328,1,329,11
2020-04-14,Yolo,113,214977,158,81,0,81,3
2020-04-14,Yuba,115,75493,14,14,0,14,1
2020-04-13,Alameda,001,1643700,1245,821,1,822,23
2020-04-13,Alpine,003,1148,1,1,0,1,0
2020-04-13,Amador,005,37829,7,6,0,6,0
2020-04-13,Butte,007,227075,20,13,2,15,0
2020-04-13,Calaveras,009,45235,10,5,0,5,0
2020-04-13,Colusa,011,21464,3,3,0,3,0
2020-04-13,Contra Costa,013,1133247,781,569,0,569,12
2020-04-13,Del Norte,015,27424,2,2,0,2,0
2020-04-13,El Dorado,017,186661,49,29,0,29,0
2020-04-13,Fresno,019,978130,499,205,5,210,4
2020-04-13,Glenn,021,27897,4,3,0,3,0
2020-04-13,Humboldt,023,135768,57,44,0,44,0
2020-04-13,Imperial,025,180216,221,82,0,82,2
2020-04-13,Inyo,027,18085,17,12,0,12,0
2020-04-13,Kern,029,883053,711,346,1,347,3
2020-04-13,Kings,031,150075,51,9,0,9,0
2020-04-13,Lake,033,64148,6,3,0,3,0
2020-04-13,Lassen,035,31185,3,0,2,2,0
2020-04-13,Los Angeles,037,10098052,15369,9367,13,9380,317
2020-04-13,Madera,039,155013,66,29,1,30,2
2020-04-13,Marin,041,260295,192,144,1,145,6
2020-04-13,Mariposa,043,17540,0,0,0,0,0
2020-04-13,Mendocino,045,87422,5,4,0,4,0
2020-04-13,Merced,047,269075,111,60,0,60,3
2020-04-13,Modoc,049,8938,0,0,0,0,0
2020-04-13,Mono,051,14174,29,21,0,21,1
2020-04-13,Monterey,053,433212,173,86,0,86,3
2020-04-13,Napa,055,140530,55,30,0,30,2
2020-04-13,Nevada,057,99092,37,24,1,25,1
2020-04-13,Orange,059,3164182,2053,1313,19,1332,21
2020-04-13,Placer,061,380077,147,116,0,116,5
2020-04-13,Plumas,063,18699,4,3,0,3,0
2020-04-13,Riverside,065,2383286,2933,1460,13,1473,35
2020-04-13,Sacramento,067,1510023,956,723,0,723,25
2020-04-13,San Benito,069,59416,38,33,0,33,2
2020-04-13,San Bernardino,071,2135413,1513,920,0,920,30
2020-04-13,San Diego,073,3302833,2535,1849,0,1849,47
2020-04-13,San Francisco,075,870044,1219,948,0,948,12
2020-04-13,San Joaquin,077,732212,438,255,3,258,16
2020-04-13,San Luis Obispo,079,281455,169,106,3,109,1
2020-04-13,San Mateo,081,765935,973,679,2,681,25
2020-04-13,Santa Barbara,083,443738,381,271,1,272,2
2020-04-13,Santa Clara,085,1922200,2082,1540,5,1545,58
2020-04-13,Santa Cruz,087,273765,103,82,0,82,1
2020-04-13,Shasta,089,179085,30,24,0,24,3
2020-04-13,Sierra,091,2930,0,0,0,0,0
2020-04-13,Siskiyou,093,43540,5,5,0,5,0
2020-04-13,Solano,095,438530,210,136,0,136,2
2020-04-13,Sonoma,097,501317,186,133,0,133,1
2020-04-13,Stanislaus,099,539301,254,130,4,134,1
2020-04-13,Sutter,101,95872,24,18,0,18,2
2020-04-13,Tehama,103,63373,1,1,0,1,0
2020-04-13,Trinity,105,12862,0,0,0,0,0
2020-04-13,Tulare,107,460477,500,185,5,190,11
2020-04-13,Tuolumne,109,53932,3,0,0,0,0
2020-04-13,Ventura,111,848112,483,309,0,309,9
2020-04-13,Yolo,113,214977,152,81,0,81,3
2020-04-13,Yuba,115,75493,14,13,0,13,1
2020-04-12,Alameda,001,1643700,1202,774,1,775,23
2020-04-12,Alpine,003,1148,1,1,0,1,0
2020-04-12,Amador,005,37829,7,6,0,6,0
2020-04-12,Butte,007,227075,20,13,2,15,0
2020-04-12,Calaveras,009,45235,10,5,0,5,0
2020-04-12,Colusa,011,21464,3,3,0,3,0
2020-04-12,Contra Costa,013,1133247,768,553,0,553,12
2020-04-12,Del Norte,015,27424,2,2,0,2,0
2020-04-12,El Dorado,017,186661,49,28,0,28,0
2020-04-12,Fresno,019,978130,470,205,5,210,4
2020-04-12,Glenn,021,27897,4,3,0,3,0
2020-04-12,Humboldt,023,135768,57,43,0,43,0
2020-04-12,Imperial,025,180216,198,78,0,78,2
2020-04-12,Inyo,027,18085,15,12,0,12,0
2020-04-12,Kern,029,883053,679,319,0,319,3
2020-04-12,Kings,031,150075,49,9,0,9,0
2020-04-12,Lake,033,64148,6,3,0,3,0
2020-04-12,Lassen,035,31185,3,0,2,2,0
2020-04-12,Los Angeles,037,10098052,14649,9133,13,9146,294
2020-04-12,Madera,039,155013,65,29,1,30,2
2020-04-12,Marin,041,260295,181,138,1,139,6
2020-04-12,Mariposa,043,17540,0,0,0,0,0
2020-04-12,Mendocino,045,87422,5,4,0,4,0
2020-04-12,Merced,047,269075,107,58,0,58,3
2020-04-12,Modoc,049,8938,0,0,0,0,0
2020-04-12,Mono,051,14174,29,20,0,20,1
2020-04-12,Monterey,053,433212,159,85,0,85,3
2020-04-12,Napa,055,140530,53,29,0,29,2
2020-04-12,Nevada,057,99092,37,24,1,25,1
2020-04-12,Orange,059,3164182,1993,1283,18,1301,21
2020-04-12,Placer,061,380077,146,114,0,114,4
2020-04-12,Plumas,063,18699,4,3,0,3,0
2020-04-12,Riverside,065,2383286,2751,1330,13,1343,34
2020-04-12,Sacramento,067,1510023,919,689,0,689,25
2020-04-12,San Benito,069,59416,36,33,0,33,2
2020-04-12,San Bernardino,071,2135413,1437,827,0,827,30
2020-04-12,San Diego,073,3302833,2445,1806,0,1806,45
2020-04-12,San Francisco,075,870044,1192,886,0,886,11
2020-04-12,San Joaquin,077,732212,420,246,3,249,15
2020-04-12,San Luis Obispo,079,281455,166,102,2,104,1
2020-04-12,San Mateo,081,765935,947,664,2,666,25
2020-04-12,Santa Barbara,083,443738,362,261,1,262,2
2020-04-12,Santa Clara,085,1922200,2054,1461,5,1466,53
2020-04-12,Santa Cruz,087,273765,102,80,0,80,1
2020-04-12,Shasta,089,179085,30,24,0,24,3
2020-04-12,Sierra,091,2930,0,0,0,0,0
2020-04-12,Siskiyou,093,43540,5,5,0,5,0
2020-04-12,Solano,095,438530,204,136,0,136,2
2020-04-12,Sonoma,097,501317,183,131,0,131,1
2020-04-12,Stanislaus,099,539301,246,117,4,121,1
2020-04-12,Sutter,101,95872,23,18,0,18,2
2020-04-12,Tehama,103,63373,1,1,0,1,0
2020-04-12,Trinity,105,12862,0,0,0,0,0
2020-04-12,Tulare,107,460477,488,166,5,171,11
2020-04-12,Tuolumne,109,53932,3,0,0,0,0
2020-04-12,Ventura,111,848112,473,306,0,306,9
2020-04-12,Yolo,113,214977,138,67,0,67,3
2020-04-12,Yuba,115,75493,14,13,0,13,1
2020-04-11,Alameda,001,1643700,1160,751,1,752,23
2020-04-11,Alpine,003,1148,1,1,0,1,0
2020-04-11,Amador,005,37829,7,6,0,6,0
2020-04-11,Butte,007,227075,20,13,2,15,0
2020-04-11,Calaveras,009,45235,10,5,0,5,0
2020-04-11,Colusa,011,21464,3,3,0,3,0
2020-04-11,Contra Costa,013,1133247,759,550,0,550,12
2020-04-11,Del Norte,015,27424,2,2,0,2,0
2020-04-11,El Dorado,017,186661,48,29,0,29,0
2020-04-11,Fresno,019,978130,460,201,5,206,4
2020-04-11,Glenn,021,27897,4,3,0,3,0
2020-04-11,Humboldt,023,135768,57,38,0,38,0
2020-04-11,Imperial,025,180216,188,78,0,78,2
2020-04-11,Inyo,027,18085,15,12,0,12,0
2020-04-11,Kern,029,883053,651,304,0,304,3
2020-04-11,Kings,031,150075,46,9,0,9,0
2020-04-11,Lake,033,64148,6,3,0,3,0
2020-04-11,Lassen,035,31185,3,0,2,2,0
2020-04-11,Los Angeles,037,10098052,14174,8823,13,8836,262
2020-04-11,Madera,039,155013,64,29,1,30,2
2020-04-11,Marin,041,260295,178,136,1,137,6
2020-04-11,Mariposa,043,17540,0,0,0,0,0
2020-04-11,Mendocino,045,87422,5,4,0,4,0
2020-04-11,Merced,047,269075,104,59,0,59,3
2020-04-11,Modoc,049,8938,0,0,0,0,0
2020-04-11,Mono,051,14174,29,20,0,20,1
2020-04-11,Monterey,053,433212,153,78,0,78,3
2020-04-11,Napa,055,140530,53,29,0,29,2
2020-04-11,Nevada,057,99092,37,24,1,25,1
2020-04-11,Orange,059,3164182,1931,1267,18,1285,21
2020-04-11,Placer,061,380077,146,113,0,113,4
2020-04-11,Plumas,063,18699,4,3,0,3,0
2020-04-11,Riverside,065,2383286,2672,1260,13,1273,33
2020-04-11,Sacramento,067,1510023,908,685,0,685,25
2020-04-11,San Benito,069,59416,36,33,0,33,2
2020-04-11,San Bernardino,071,2135413,1401,826,0,826,28
2020-04-11,San Diego,073,3302833,2379,1763,0,1763,45
2020-04-11,San Francisco,075,870044,1170,860,0,860,11
2020-04-11,San Joaquin,077,732212,415,244,3,247,15
2020-04-11,San Luis Obispo,079,281455,166,100,1,101,1
2020-04-11,San Mateo,081,765935,935,662,2,664,25
2020-04-11,Santa Barbara,083,443738,354,258,1,259,2
2020-04-11,Santa Clara,085,1922200,1995,1441,5,1446,51
2020-04-11,Santa Cruz,087,273765,102,79,0,79,1
2020-04-11,Shasta,089,179085,30,24,0,24,3
2020-04-11,Sierra,091,2930,0,0,0,0,0
2020-04-11,Siskiyou,093,43540,5,5,0,5,0
2020-04-11,Solano,095,438530,200,138,0,138,2
2020-04-11,Sonoma,097,501317,181,131,0,131,1
2020-04-11,Stanislaus,099,539301,238,119,3,122,1
2020-04-11,Sutter,101,95872,23,18,0,18,2
2020-04-11,Tehama,103,63373,1,1,0,1,0
2020-04-11,Trinity,105,12862,0,0,0,0,0
2020-04-11,Tulare,107,460477,466,168,5,173,10
2020-04-11,Tuolumne,109,53932,3,0,0,0,0
2020-04-11,Ventura,111,848112,463,304,0,304,9
2020-04-11,Yolo,113,214977,135,67,0,67,3
2020-04-11,Yuba,115,75493,14,13,0,13,1
2020-04-10,Alameda,001,1643700,1119,706,1,707,21
2020-04-10,Alpine,003,1148,1,1,0,1,0
2020-04-10,Amador,005,37829,7,5,0,5,0
2020-04-10,Butte,007,227075,20,13,2,15,0
2020-04-10,Calaveras,009,45235,10,5,0,5,0
2020-04-10,Colusa,011,21464,3,3,0,3,0
2020-04-10,Contra Costa,013,1133247,746,537,0,537,10
2020-04-10,Del Norte,015,27424,2,2,0,2,0
2020-04-10,El Dorado,017,186661,48,26,0,26,0
2020-04-10,Fresno,019,978130,453,186,4,190,3
2020-04-10,Glenn,021,27897,4,3,0,3,0
2020-04-10,Humboldt,023,135768,57,36,0,36,0
2020-04-10,Imperial,025,180216,181,70,0,70,2
2020-04-10,Inyo,027,18085,13,11,0,11,0
2020-04-10,Kern,029,883053,627,272,0,272,3
2020-04-10,Kings,031,150075,43,7,0,7,0
2020-04-10,Lake,033,64148,6,3,0,3,0
2020-04-10,Lassen,035,31185,3,0,2,2,0
2020-04-10,Los Angeles,037,10098052,13657,8384,12,8396,239
2020-04-10,Madera,039,155013,63,29,1,30,2
2020-04-10,Marin,041,260295,173,128,1,129,6
2020-04-10,Mariposa,043,17540,0,0,0,0,0
2020-04-10,Mendocino,045,87422,5,4,0,4,0
2020-04-10,Merced,047,269075,102,56,0,56,3
2020-04-10,Modoc,049,8938,0,0,0,0,0
2020-04-10,Mono,051,14174,29,20,0,20,1
2020-04-10,Monterey,053,433212,142,78,0,78,3
2020-04-10,Napa,055,140530,50,28,0,28,2
2020-04-10,Nevada,057,99092,37,23,1,24,1
2020-04-10,Orange,059,3164182,1884,1167,18,1185,21
2020-04-10,Placer,061,380077,145,112,0,112,4
2020-04-10,Plumas,063,18699,4,3,0,3,0
2020-04-10,Riverside,065,2383286,2606,1162,13,1175,30
2020-04-10,Sacramento,067,1510023,899,642,0,642,24
2020-04-10,San Benito,069,59416,36,32,0,32,2
2020-04-10,San Bernardino,071,2135413,1353,779,0,779,27
2020-04-10,San Diego,073,3302833,2319,1695,0,1695,44
2020-04-10,San Francisco,075,870044,1139,797,0,797,10
2020-04-10,San Joaquin,077,732212,403,234,3,237,14
2020-04-10,San Luis Obispo,079,281455,166,97,1,98,1
2020-04-10,San Mateo,081,765935,919,642,2,644,24
2020-04-10,Santa Barbara,083,443738,346,254,1,255,2
2020-04-10,Santa Clara,085,1922200,1943,1351,5,1356,50
2020-04-10,Santa Cruz,087,273765,101,75,0,75,1
2020-04-10,Shasta,089,179085,30,24,0,24,3
2020-04-10,Sierra,091,2930,0,0,0,0,0
2020-04-10,Siskiyou,093,43540,5,5,0,5,0
2020-04-10,Solano,095,438530,197,129,0,129,2
2020-04-10,Sonoma,097,501317,180,129,0,129,1
2020-04-10,Stanislaus,099,539301,231,101,3,104,0
2020-04-10,Sutter,101,95872,23,18,0,18,2
2020-04-10,Tehama,103,63373,1,1,0,1,0
2020-04-10,Trinity,105,12862,0,0,0,0,0
2020-04-10,Tulare,107,460477,424,163,5,168,10
2020-04-10,Tuolumne,109,53932,3,0,0,0,0
2020-04-10,Ventura,111,848112,454,290,0,290,9
2020-04-10,Yolo,113,214977,133,62,0,62,3
2020-04-10,Yuba,115,75493,14,13,0,13,1
2020-04-09,Alameda,001,1643700,1069,641,1,642,17
2020-04-09,Alpine,003,1148,1,1,0,1,0
2020-04-09,Amador,005,37829,7,2,0,2,0
2020-04-09,Butte,007,227075,20,12,2,14,0
2020-04-09,Calaveras,009,45235,10,5,0,5,0
2020-04-09,Colusa,011,21464,3,3,0,3,0
2020-04-09,Contra Costa,013,1133247,703,505,0,505,7
2020-04-09,Del Norte,015,27424,2,2,0,2,0
2020-04-09,El Dorado,017,186661,47,25,0,25,0
2020-04-09,Fresno,019,978130,428,165,4,169,3
2020-04-09,Glenn,021,27897,4,2,0,2,0
2020-04-09,Humboldt,023,135768,57,36,0,36,0
2020-04-09,Imperial,025,180216,160,67,0,67,2
2020-04-09,Inyo,027,18085,12,11,0,11,0
2020-04-09,Kern,029,883053,591,241,0,241,2
2020-04-09,Kings,031,150075,40,5,0,5,0
2020-04-09,Lake,033,64148,5,1,0,1,0
2020-04-09,Lassen,035,31185,3,0,2,2,0
2020-04-09,Los Angeles,037,10098052,13026,7919,12,7931,220
2020-04-09,Madera,039,155013,63,28,1,29,2
2020-04-09,Marin,041,260295,171,126,1,127,7
2020-04-09,Mariposa,043,17540,0,0,0,0,0
2020-04-09,Mendocino,045,87422,5,4,0,4,0
2020-04-09,Merced,047,269075,99,41,0,41,3
2020-04-09,Modoc,049,8938,0,0,0,0,0
2020-04-09,Mono,051,14174,29,19,0,19,1
2020-04-09,Monterey,053,433212,124,70,0,70,3
2020-04-09,Napa,055,140530,46,27,0,27,2
2020-04-09,Nevada,057,99092,36,23,1,24,1
2020-04-09,Orange,059,3164182,1810,1105,18,1123,19
2020-04-09,Placer,061,380077,144,107,0,107,4
2020-04-09,Plumas,063,18699,4,3,0,3,0
2020-04-09,Riverside,065,2383286,2463,1083,13,1096,29
2020-04-09,Sacramento,067,1510023,876,601,0,601,21
2020-04-09,San Benito,069,59416,36,32,0,32,2
2020-04-09,San Bernardino,071,2135413,1284,717,0,717,27
2020-04-09,San Diego,073,3302833,2223,1630,0,1630,40
2020-04-09,San Francisco,075,870044,1119,748,0,748,8
2020-04-09,San Joaquin,077,732212,382,223,3,226,14
2020-04-09,San Luis Obispo,079,281455,158,93,1,94,1
2020-04-09,San Mateo,081,765935,903,630,2,632,23
2020-04-09,Santa Barbara,083,443738,336,232,1,233,2
2020-04-09,Santa Clara,085,1922200,1873,1301,5,1306,49
2020-04-09,Santa Cruz,087,273765,101,73,0,73,1
2020-04-09,Shasta,089,179085,30,22,0,22,3
2020-04-09,Sierra,091,2930,0,0,0,0,0
2020-04-09,Siskiyou,093,43540,5,4,0,4,0
2020-04-09,Solano,095,438530,188,118,0,118,2
2020-04-09,Sonoma,097,501317,176,113,0,113,1
2020-04-09,Stanislaus,099,539301,219,93,3,96,0
2020-04-09,Sutter,101,95872,23,17,0,17,2
2020-04-09,Tehama,103,63373,1,1,0,1,0
2020-04-09,Trinity,105,12862,0,0,0,0,0
2020-04-09,Tulare,107,460477,395,147,5,152,9
2020-04-09,Tuolumne,109,53932,3,0,0,0,0
2020-04-09,Ventura,111,848112,435,273,0,273,9
2020-04-09,Yolo,113,214977,124,59,0,59,3
2020-04-09,Yuba,115,75493,14,13,0,13,0
2020-04-08,Alameda,001,1643700,1027,594,1,595,15
2020-04-08,Alpine,003,1148,1,1,0,1,0
2020-04-08,Amador,005,37829,7,2,0,2,0
2020-04-08,Butte,007,227075,19,11,2,13,0
2020-04-08,Calaveras,009,45235,10,5,0,5,0
2020-04-08,Colusa,011,21464,3,3,0,3,0
2020-04-08,Contra Costa,013,1133247,690,481,0,481,7
2020-04-08,Del Norte,015,27424,2,2,0,2,0
2020-04-08,El Dorado,017,186661,47,25,0,25,0
2020-04-08,Fresno,019,978130,408,151,4,155,3
2020-04-08,Glenn,021,27897,4,2,0,2,0
2020-04-08,Humboldt,023,135768,57,40,0,40,0
2020-04-08,Imperial,025,180216,149,59,0,59,2
2020-04-08,Inyo,027,18085,12,11,0,11,0
2020-04-08,Kern,029,883053,550,198,0,198,2
2020-04-08,Kings,031,150075,40,5,0,5,0
2020-04-08,Lake,033,64148,5,1,0,1,0
2020-04-08,Lassen,035,31185,3,0,2,2,0
2020-04-08,Los Angeles,037,10098052,12427,7505,12,7517,196
2020-04-08,Madera,039,155013,62,28,1,29,2
2020-04-08,Marin,041,260295,165,125,1,126,7
2020-04-08,Mariposa,043,17540,0,0,0,0,0
2020-04-08,Mendocino,045,87422,5,4,0,4,0
2020-04-08,Merced,047,269075,88,35,0,35,1
2020-04-08,Modoc,049,8938,0,0,0,0,0
2020-04-08,Mono,051,14174,29,19,0,19,1
2020-04-08,Monterey,053,433212,115,68,0,68,3
2020-04-08,Napa,055,140530,44,21,0,21,2
2020-04-08,Nevada,057,99092,36,21,1,22,1
2020-04-08,Orange,059,3164182,1747,1034,18,1052,19
2020-04-08,Placer,061,380077,144,102,0,102,4
2020-04-08,Plumas,063,18699,4,3,0,3,0
2020-04-08,Riverside,065,2383286,2306,974,13,987,28
2020-04-08,Sacramento,067,1510023,842,565,0,565,21
2020-04-08,San Benito,069,59416,36,31,0,31,2
2020-04-08,San Bernardino,071,2135413,1227,635,0,635,22
2020-04-08,San Diego,073,3302833,2149,1532,0,1532,36
2020-04-08,San Francisco,075,870044,1052,687,0,687,7
2020-04-08,San Joaquin,077,732212,365,211,3,214,12
2020-04-08,San Luis Obispo,079,281455,156,90,1,91,1
2020-04-08,San Mateo,081,765935,888,608,2,610,22
2020-04-08,Santa Barbara,083,443738,319,221,1,222,2
2020-04-08,Santa Clara,085,1922200,1828,1257,5,1262,47
2020-04-08,Santa Cruz,087,273765,100,69,0,69,1
2020-04-08,Shasta,089,179085,30,18,0,18,3
2020-04-08,Sierra,091,2930,0,0,0,0,0
2020-04-08,Siskiyou,093,43540,5,4,0,4,0
2020-04-08,Solano,095,438530,175,111,0,111,2
2020-04-08,Sonoma,097,501317,170,107,0,107,1
2020-04-08,Stanislaus,099,539301,203,86,3,89,0
2020-04-08,Sutter,101,95872,22,17,0,17,2
2020-04-08,Tehama,103,63373,1,1,0,1,0
2020-04-08,Trinity,105,12862,0,0,0,0,0
2020-04-08,Tulare,107,460477,364,145,5,150,6
2020-04-08,Tuolumne,109,53932,3,0,0,0,0
2020-04-08,Ventura,111,848112,426,263,0,263,7
2020-04-08,Yolo,113,214977,107,56,0,56,3
2020-04-08,Yuba,115,75493,14,10,0,10,0
2020-04-07,Alameda,001,1643700,992,560,1,561,14
2020-04-07,Alpine,003,1148,1,1,0,1,0
2020-04-07,Amador,005,37829,7,2,0,2,0
2020-04-07,Butte,007,227075,18,11,2,13,0
2020-04-07,Calaveras,009,45235,9,5,0,5,0
2020-04-07,Colusa,011,21464,3,2,0,2,0
2020-04-07,Contra Costa,013,1133247,670,471,0,471,7
2020-04-07,Del Norte,015,27424,2,2,0,2,0
2020-04-07,El Dorado,017,186661,46,22,0,22,0
2020-04-07,Fresno,019,978130,393,138,4,142,3
2020-04-07,Glenn,021,27897,4,2,0,2,0
2020-04-07,Humboldt,023,135768,56,40,0,40,0
2020-04-07,Imperial,025,180216,130,53,0,53,2
2020-04-07,Inyo,027,18085,12,11,0,11,0
2020-04-07,Kern,029,883053,507,134,0,134,2
2020-04-07,Kings,031,150075,37,5,0,5,0
2020-04-07,Lake,033,64148,4,1,0,1,0
2020-04-07,Lassen,035,31185,3,0,2,2,0
2020-04-07,Los Angeles,037,10098052,11776,6885,12,6897,170
2020-04-07,Madera,039,155013,60,28,0,28,2
2020-04-07,Marin,041,260295,163,122,1,123,7
2020-04-07,Mariposa,043,17540,0,0,0,0,0
2020-04-07,Mendocino,045,87422,5,4,0,4,0
2020-04-07,Merced,047,269075,80,27,0,27,1
2020-04-07,Modoc,049,8938,0,0,0,0,0
2020-04-07,Mono,051,14174,28,18,0,18,1
2020-04-07,Monterey,053,433212,106,63,0,63,2
2020-04-07,Napa,055,140530,42,18,0,18,2
2020-04-07,Nevada,057,99092,36,20,1,21,1
2020-04-07,Orange,059,3164182,1700,971,16,987,19
2020-04-07,Placer,061,380077,139,94,0,94,3
2020-04-07,Plumas,063,18699,4,3,0,3,0
2020-04-07,Riverside,065,2383286,2149,905,13,918,25
2020-04-07,Sacramento,067,1510023,812,513,0,513,18
2020-04-07,San Benito,069,59416,36,26,0,26,2
2020-04-07,San Bernardino,071,2135413,1160,554,0,554,19
2020-04-07,San Diego,073,3302833,2072,1456,0,1456,31
2020-04-07,San Francisco,075,870044,992,636,0,636,6
2020-04-07,San Joaquin,077,732212,347,198,3,201,12
2020-04-07,San Luis Obispo,079,281455,149,87,1,88,1
2020-04-07,San Mateo,081,765935,867,573,2,575,22
2020-04-07,Santa Barbara,083,443738,305,209,1,210,2
2020-04-07,Santa Clara,085,1922200,1759,1193,4,1197,46
2020-04-07,Santa Cruz,087,273765,100,67,0,67,1
2020-04-07,Shasta,089,179085,29,16,0,16,3
2020-04-07,Sierra,091,2930,0,0,0,0,0
2020-04-07,Siskiyou,093,43540,5,4,0,4,0
2020-04-07,Solano,095,438530,170,99,0,99,1
2020-04-07,Sonoma,097,501317,167,102,0,102,1
2020-04-07,Stanislaus,099,539301,186,83,3,86,0
2020-04-07,Sutter,101,95872,22,16,0,16,2
2020-04-07,Tehama,103,63373,1,1,0,1,0
2020-04-07,Trinity,105,12862,0,0,0,0,0
2020-04-07,Tulare,107,460477,335,144,5,149,5
2020-04-07,Tuolumne,109,53932,3,1,0,1,0
2020-04-07,Ventura,111,848112,409,247,0,247,6
2020-04-07,Yolo,113,214977,100,51,0,51,2
2020-04-07,Yuba,115,75493,14,10,0,10,0
2020-04-06,Alameda,001,1643700,961,527,1,528,13
2020-04-06,Alpine,003,1148,1,1,0,1,0
2020-04-06,Amador,005,37829,6,2,0,2,0
2020-04-06,Butte,007,227075,17,11,2,13,0
2020-04-06,Calaveras,009,45235,9,4,0,4,0
2020-04-06,Colusa,011,21464,3,1,0,1,0
2020-04-06,Contra Costa,013,1133247,645,447,0,447,7
2020-04-06,Del Norte,015,27424,2,2,0,2,0
2020-04-06,El Dorado,017,186661,44,23,0,23,0
2020-04-06,Fresno,019,978130,371,122,4,126,1
2020-04-06,Glenn,021,27897,4,2,0,2,0
2020-04-06,Humboldt,023,135768,55,37,0,37,0
2020-04-06,Imperial,025,180216,123,47,0,47,1
2020-04-06,Inyo,027,18085,11,11,0,11,0
2020-04-06,Kern,029,883053,470,117,0,117,2
2020-04-06,Kings,031,150075,37,3,0,3,0
2020-04-06,Lake,033,64148,4,1,0,1,0
2020-04-06,Lassen,035,31185,3,0,2,2,0
2020-04-06,Los Angeles,037,10098052,11045,6346,12,6358,145
2020-04-06,Madera,039,155013,58,29,0,29,2
2020-04-06,Marin,041,260295,160,119,1,120,7
2020-04-06,Mariposa,043,17540,0,0,0,0,0
2020-04-06,Mendocino,045,87422,5,4,0,4,0
2020-04-06,Merced,047,269075,74,25,0,25,1
2020-04-06,Modoc,049,8938,0,0,0,0,0
2020-04-06,Mono,051,14174,28,18,0,18,1
2020-04-06,Monterey,053,433212,101,62,0,62,2
2020-04-06,Napa,055,140530,42,18,0,18,2
2020-04-06,Nevada,057,99092,36,19,1,20,1
2020-04-06,Orange,059,3164182,1656,910,15,925,17
2020-04-06,Placer,061,380077,139,90,0,90,3
2020-04-06,Plumas,063,18699,4,2,0,2,0
2020-04-06,Riverside,065,2383286,2023,854,13,867,17
2020-04-06,Sacramento,067,1510023,782,448,0,448,15
2020-04-06,San Benito,069,59416,34,25,0,25,1
2020-04-06,San Bernardino,071,2135413,1101,550,0,550,13
2020-04-06,San Diego,073,3302833,1990,1406,0,1406,19
2020-04-06,San Francisco,075,870044,952,586,0,586,6
2020-04-06,San Joaquin,077,732212,332,191,3,194,10
2020-04-06,San Luis Obispo,079,281455,147,85,1,86,1
2020-04-06,San Mateo,081,765935,849,569,2,571,20
2020-04-06,Santa Barbara,083,443738,296,189,1,190,2
2020-04-06,Santa Clara,085,1922200,1706,1128,4,1132,43
2020-04-06,Santa Cruz,087,273765,98,65,0,65,1
2020-04-06,Shasta,089,179085,29,16,0,16,3
2020-04-06,Sierra,091,2930,0,0,0,0,0
2020-04-06,Siskiyou,093,43540,4,4,0,4,0
2020-04-06,Solano,095,438530,163,95,0,95,1
2020-04-06,Sonoma,097,501317,166,102,0,102,1
2020-04-06,Stanislaus,099,539301,170,72,3,75,0
2020-04-06,Sutter,101,95872,22,14,0,14,2
2020-04-06,Tehama,103,63373,1,1,0,1,0
2020-04-06,Trinity,105,12862,0,0,0,0,0
2020-04-06,Tulare,107,460477,319,126,5,131,5
2020-04-06,Tuolumne,109,53932,3,1,0,1,0
2020-04-06,Ventura,111,848112,391,234,0,234,6
2020-04-06,Yolo,113,214977,96,43,0,43,1
2020-04-06,Yuba,115,75493,14,8,0,8,0
2020-04-05,Alameda,001,1643700,919,475,1,476,12
2020-04-05,Alpine,003,1148,1,1,0,1,0
2020-04-05,Amador,005,37829,6,2,0,2,0
2020-04-05,Butte,007,227075,17,10,2,12,0
2020-04-05,Calaveras,009,45235,9,3,0,3,0
2020-04-05,Colusa,011,21464,3,1,0,1,0
2020-04-05,Contra Costa,013,1133247,628,415,0,415,6
2020-04-05,Del Norte,015,27424,2,1,0,1,0
2020-04-05,El Dorado,017,186661,42,19,0,19,0
2020-04-05,Fresno,019,978130,337,102,4,106,1
2020-04-05,Glenn,021,27897,4,2,0,2,0
2020-04-05,Humboldt,023,135768,55,29,0,29,0
2020-04-05,Imperial,025,180216,115,42,0,42,1
2020-04-05,Inyo,027,18085,11,10,0,10,0
2020-04-05,Kern,029,883053,415,109,0,109,2
2020-04-05,Kings,031,150075,36,4,0,4,0
2020-04-05,Lake,033,64148,4,0,0,0,0
2020-04-05,Lassen,035,31185,3,0,2,2,0
2020-04-05,Los Angeles,037,10098052,10476,5892,12,5904,130
2020-04-05,Madera,039,155013,57,27,0,27,2
2020-04-05,Marin,041,260295,160,113,1,114,6
2020-04-05,Mariposa,043,17540,0,0,0,0,0
2020-04-05,Mendocino,045,87422,5,4,0,4,0
2020-04-05,Merced,047,269075,67,16,0,16,0
2020-04-05,Modoc,049,8938,0,0,0,0,0
2020-04-05,Mono,051,14174,28,18,0,18,1
2020-04-05,Monterey,053,433212,94,61,0,61,2
2020-04-05,Napa,055,140530,40,15,0,15,2
2020-04-05,Nevada,057,99092,36,19,1,20,1
2020-04-05,Orange,059,3164182,1600,820,15,835,15
2020-04-05,Placer,061,380077,136,86,0,86,3
2020-04-05,Plumas,063,18699,3,2,0,2,0
2020-04-05,Riverside,065,2383286,1894,669,13,682,17
2020-04-05,Sacramento,067,1510023,751,393,0,393,11
2020-04-05,San Benito,069,59416,34,22,0,22,1
2020-04-05,San Bernardino,071,2135413,1028,375,0,375,13
2020-04-05,San Diego,073,3302833,1908,1328,0,1328,19
2020-04-05,San Francisco,075,870044,905,559,0,559,6
2020-04-05,San Joaquin,077,732212,317,179,3,182,10
2020-04-05,San Luis Obispo,079,281455,145,83,1,84,1
2020-04-05,San Mateo,081,765935,829,528,2,530,19
2020-04-05,Santa Barbara,083,443738,280,171,1,172,1
2020-04-05,Santa Clara,085,1922200,1659,1052,4,1056,42
2020-04-05,Santa Cruz,087,273765,98,59,0,59,1
2020-04-05,Shasta,089,179085,28,11,0,11,2
2020-04-05,Sierra,091,2930,0,0,0,0,0
2020-04-05,Siskiyou,093,43540,4,3,0,3,0
2020-04-05,Solano,095,438530,159,78,0,78,1
2020-04-05,Sonoma,097,501317,164,88,0,88,1
2020-04-05,Stanislaus,099,539301,156,51,3,54,0
2020-04-05,Sutter,101,95872,22,14,0,14,1
2020-04-05,Tehama,103,63373,1,1,0,1,0
2020-04-05,Trinity,105,12862,0,0,0,0,0
2020-04-05,Tulare,107,460477,282,81,5,86,4
2020-04-05,Tuolumne,109,53932,3,1,0,1,0
2020-04-05,Ventura,111,848112,377,196,0,196,6
2020-04-05,Yolo,113,214977,77,37,0,37,2
2020-04-05,Yuba,115,75493,14,7,0,7,0
2020-04-04,Alameda,001,1643700,896,468,1,469,12
2020-04-04,Alpine,003,1148,1,1,0,1,0
2020-04-04,Amador,005,37829,5,2,0,2,0
2020-04-04,Butte,007,227075,17,10,2,12,0
2020-04-04,Calaveras,009,45235,9,3,0,3,0
2020-04-04,Colusa,011,21464,3,1,0,1,0
2020-04-04,Contra Costa,013,1133247,620,382,0,382,5
2020-04-04,Del Norte,015,27424,2,1,0,1,0
2020-04-04,El Dorado,017,186661,42,19,0,19,0
2020-04-04,Fresno,019,978130,327,102,4,106,1
2020-04-04,Glenn,021,27897,4,2,0,2,0
2020-04-04,Humboldt,023,135768,55,29,0,29,0
2020-04-04,Imperial,025,180216,114,42,0,42,1
2020-04-04,Inyo,027,18085,11,10,0,10,0
2020-04-04,Kern,029,883053,385,103,0,103,2
2020-04-04,Kings,031,150075,36,3,0,3,0
2020-04-04,Lake,033,64148,4,0,0,0,0
2020-04-04,Lassen,035,31185,3,0,2,2,0
2020-04-04,Los Angeles,037,10098052,9860,5275,12,5287,117
2020-04-04,Madera,039,155013,55,27,0,27,2
2020-04-04,Marin,041,260295,158,111,0,111,6
2020-04-04,Mariposa,043,17540,0,0,0,0,0
2020-04-04,Mendocino,045,87422,5,4,0,4,0
2020-04-04,Merced,047,269075,64,11,0,11,0
2020-04-04,Modoc,049,8938,0,0,0,0,0
2020-04-04,Mono,051,14174,28,18,0,18,1
2020-04-04,Monterey,053,433212,91,61,0,61,2
2020-04-04,Napa,055,140530,40,15,0,15,2
2020-04-04,Nevada,057,99092,36,19,1,20,1
2020-04-04,Orange,059,3164182,1558,781,14,795,15
2020-04-04,Placer,061,380077,135,87,0,87,2
2020-04-04,Plumas,063,18699,3,2,0,2,0
2020-04-04,Riverside,065,2383286,1793,652,13,665,15
2020-04-04,Sacramento,067,1510023,733,393,0,393,11
2020-04-04,San Benito,069,59416,34,22,0,22,1
2020-04-04,San Bernardino,071,2135413,980,373,0,373,13
2020-04-04,San Diego,073,3302833,1860,1211,0,1211,18
2020-04-04,San Francisco,075,870044,867,537,0,537,6
2020-04-04,San Joaquin,077,732212,294,171,3,174,10
2020-04-04,San Luis Obispo,079,281455,145,82,1,83,0
2020-04-04,San Mateo,081,765935,817,520,2,522,17
2020-04-04,Santa Barbara,083,443738,271,167,1,168,1
2020-04-04,Santa Clara,085,1922200,1607,1045,4,1049,39
2020-04-04,Santa Cruz,087,273765,98,56,0,56,1
2020-04-04,Shasta,089,179085,27,11,0,11,2
2020-04-04,Sierra,091,2930,0,0,0,0,0
2020-04-04,Siskiyou,093,43540,4,3,0,3,0
2020-04-04,Solano,095,438530,154,79,0,79,1
2020-04-04,Sonoma,097,501317,161,88,0,88,1
2020-04-04,Stanislaus,099,539301,145,51,3,54,0
2020-04-04,Sutter,101,95872,22,14,0,14,1
2020-04-04,Tehama,103,63373,1,1,0,1,0
2020-04-04,Trinity,105,12862,0,0,0,0,0
2020-04-04,Tulare,107,460477,268,79,5,84,4
2020-04-04,Tuolumne,109,53932,3,1,0,1,0
2020-04-04,Ventura,111,848112,364,194,0,194,6
2020-04-04,Yolo,113,214977,75,40,0,40,2
2020-04-04,Yuba,115,75493,13,7,0,7,0
2020-04-03,Alameda,001,1643700,860,395,1,396,11
2020-04-03,Alpine,003,1148,1,1,0,1,0
2020-04-03,Amador,005,37829,5,2,0,2,0
2020-04-03,Butte,007,227075,17,8,2,10,0
2020-04-03,Calaveras,009,45235,9,3,0,3,0
2020-04-03,Colusa,011,21464,3,1,0,1,0
2020-04-03,Contra Costa,013,1133247,597,327,0,327,5
2020-04-03,Del Norte,015,27424,2,1,0,1,0
2020-04-03,El Dorado,017,186661,40,16,0,16,0
2020-04-03,Fresno,019,978130,315,98,4,102,1
2020-04-03,Glenn,021,27897,4,2,0,2,0
2020-04-03,Humboldt,023,135768,55,34,0,34,0
2020-04-03,Imperial,025,180216,105,35,0,35,0
2020-04-03,Inyo,027,18085,11,10,0,10,0
2020-04-03,Kern,029,883053,359,87,0,87,1
2020-04-03,Kings,031,150075,34,3,0,3,0
2020-04-03,Lake,033,64148,3,0,0,0,0
2020-04-03,Lassen,035,31185,3,0,2,2,0
2020-04-03,Los Angeles,037,10098052,9246,4566,12,4578,91
2020-04-03,Madera,039,155013,54,28,0,28,2
2020-04-03,Marin,041,260295,156,106,0,106,6
2020-04-03,Mariposa,043,17540,0,0,0,0,0
2020-04-03,Mendocino,045,87422,5,4,0,4,0
2020-04-03,Merced,047,269075,60,9,0,9,0
2020-04-03,Modoc,049,8938,0,0,0,0,0
2020-04-03,Mono,051,14174,28,18,0,18,1
2020-04-03,Monterey,053,433212,88,58,0,58,2
2020-04-03,Napa,055,140530,39,13,0,13,1
2020-04-03,Nevada,057,99092,36,19,1,20,1
2020-04-03,Orange,059,3164182,1519,713,14,727,13
2020-04-03,Placer,061,380077,131,76,0,76,2
2020-04-03,Plumas,063,18699,3,2,0,2,0
2020-04-03,Riverside,065,2383286,1713,540,13,553,14
2020-04-03,Sacramento,067,1510023,712,363,0,363,11
2020-04-03,San Benito,069,59416,34,22,0,22,1
2020-04-03,San Bernardino,071,2135413,935,356,0,356,11
2020-04-03,San Diego,073,3302833,1799,1114,0,1114,17
2020-04-03,San Francisco,075,870044,843,506,0,506,6
2020-04-03,San Joaquin,077,732212,282,162,3,165,10
2020-04-03,San Luis Obispo,079,281455,144,82,1,83,0
2020-04-03,San Mateo,081,765935,800,474,2,476,13
2020-04-03,Santa Barbara,083,443738,260,154,1,155,1
2020-04-03,Santa Clara,085,1922200,1571,983,4,987,39
2020-04-03,Santa Cruz,087,273765,98,52,0,52,1
2020-04-03,Shasta,089,179085,27,10,0,10,1
2020-04-03,Sierra,091,2930,0,0,0,0,0
2020-04-03,Siskiyou,093,43540,4,3,0,3,0
2020-04-03,Solano,095,438530,146,72,0,72,1
2020-04-03,Sonoma,097,501317,161,84,0,84,1
2020-04-03,Stanislaus,099,539301,139,48,3,51,0
2020-04-03,Sutter,101,95872,22,12,0,12,1
2020-04-03,Tehama,103,63373,1,1,0,1,0
2020-04-03,Trinity,105,12862,0,0,0,0,0
2020-04-03,Tulare,107,460477,254,73,5,78,3
2020-04-03,Tuolumne,109,53932,3,1,0,1,0
2020-04-03,Ventura,111,848112,354,186,0,186,6
2020-04-03,Yolo,113,214977,74,33,0,33,1
2020-04-03,Yuba,115,75493,13,6,0,6,0
2020-04-02,Alameda,001,1643700,809,345,1,346,10
2020-04-02,Alpine,003,1148,1,1,0,1,0
2020-04-02,Amador,005,37829,5,2,0,2,0
2020-04-02,Butte,007,227075,17,7,1,8,0
2020-04-02,Calaveras,009,45235,7,3,0,3,0
2020-04-02,Colusa,011,21464,3,1,0,1,0
2020-04-02,Contra Costa,013,1133247,567,297,0,297,3
2020-04-02,Del Norte,015,27424,2,0,0,0,0
2020-04-02,El Dorado,017,186661,38,16,0,16,0
2020-04-02,Fresno,019,978130,299,92,4,96,0
2020-04-02,Glenn,021,27897,3,2,0,2,0
2020-04-02,Humboldt,023,135768,51,23,0,23,0
2020-04-02,Imperial,025,180216,101,24,0,24,0
2020-04-02,Inyo,027,18085,10,8,0,8,0
2020-04-02,Kern,029,883053,332,74,0,74,0
2020-04-02,Kings,031,150075,34,3,0,3,0
2020-04-02,Lake,033,64148,3,0,0,0,0
2020-04-02,Lassen,035,31185,3,0,2,2,0
2020-04-02,Los Angeles,037,10098052,8415,4040,12,4052,79
2020-04-02,Madera,039,155013,52,25,0,25,1
2020-04-02,Marin,041,260295,150,102,0,102,1
2020-04-02,Mariposa,043,17540,0,0,0,0,0
2020-04-02,Mendocino,045,87422,5,4,0,4,0
2020-04-02,Merced,047,269075,55,9,0,9,0
2020-04-02,Modoc,049,8938,0,0,0,0,0
2020-04-02,Mono,051,14174,28,16,0,16,1
2020-04-02,Monterey,053,433212,86,50,0,50,2
2020-04-02,Napa,055,140530,39,13,0,13,0
2020-04-02,Nevada,057,99092,35,17,1,18,0
2020-04-02,Orange,059,3164182,1467,640,13,653,12
2020-04-02,Placer,061,380077,130,72,0,72,2
2020-04-02,Plumas,063,18699,3,1,0,1,0
2020-04-02,Riverside,065,2383286,1596,438,13,451,13
2020-04-02,Sacramento,067,1510023,694,322,0,322,9
2020-04-02,San Benito,069,59416,32,18,0,18,1
2020-04-02,San Bernardino,071,2135413,880,335,0,335,8
2020-04-02,San Diego,073,3302833,1732,968,0,968,16
2020-04-02,San Francisco,075,870044,817,473,0,473,6
2020-04-02,San Joaquin,077,732212,263,148,3,151,9
2020-04-02,San Luis Obispo,079,281455,139,79,1,80,0
2020-04-02,San Mateo,081,765935,779,423,2,425,13
2020-04-02,Santa Barbara,083,443738,249,125,1,126,1
2020-04-02,Santa Clara,085,1922200,1520,908,4,912,38
2020-04-02,Santa Cruz,087,273765,96,49,0,49,1
2020-04-02,Shasta,089,179085,26,7,0,7,1
2020-04-02,Sierra,091,2930,0,0,0,0,0
2020-04-02,Siskiyou,093,43540,4,3,0,3,0
2020-04-02,Solano,095,438530,136,65,0,65,0
2020-04-02,Sonoma,097,501317,157,76,0,76,1
2020-04-02,Stanislaus,099,539301,128,40,3,43,0
2020-04-02,Sutter,101,95872,21,10,0,10,1
2020-04-02,Tehama,103,63373,1,1,0,1,0
2020-04-02,Trinity,105,12862,0,0,0,0,0
2020-04-02,Tulare,107,460477,220,64,5,69,1
2020-04-02,Tuolumne,109,53932,3,1,0,1,0
2020-04-02,Ventura,111,848112,336,178,0,178,5
2020-04-02,Yolo,113,214977,72,29,0,29,1
2020-04-02,Yuba,115,75493,10,5,0,5,0
2020-04-01,Alameda,001,1643700,782,287,1,288,8
2020-04-01,Alpine,003,1148,1,1,0,1,0
2020-04-01,Amador,005,37829,5,1,0,1,0
2020-04-01,Butte,007,227075,17,6,1,7,0
2020-04-01,Calaveras,009,45235,6,3,0,3,0
2020-04-01,Colusa,011,21464,3,1,0,1,0
2020-04-01,Contra Costa,013,1133247,524,267,0,267,3
2020-04-01,Del Norte,015,27424,2,0,0,0,0
2020-04-01,El Dorado,017,186661,37,14,0,14,0
2020-04-01,Fresno,019,978130,277,75,3,78,0
2020-04-01,Glenn,021,27897,3,2,0,2,0
2020-04-01,Humboldt,023,135768,51,19,0,19,0
2020-04-01,Imperial,025,180216,95,25,0,25,0
2020-04-01,Inyo,027,18085,10,8,0,8,0
2020-04-01,Kern,029,883053,305,53,0,53,0
2020-04-01,Kings,031,150075,32,3,0,3,0
2020-04-01,Lake,033,64148,3,0,0,0,0
2020-04-01,Lassen,035,31185,3,0,2,2,0
2020-04-01,Los Angeles,037,10098052,7766,3502,12,3514,66
2020-04-01,Madera,039,155013,50,17,0,17,1
2020-04-01,Marin,041,260295,146,87,0,87,1
2020-04-01,Mariposa,043,17540,0,0,0,0,0
2020-04-01,Mendocino,045,87422,5,4,0,4,0
2020-04-01,Merced,047,269075,54,7,0,7,0
2020-04-01,Modoc,049,8938,0,0,0,0,0
2020-04-01,Mono,051,14174,28,12,0,12,1
2020-04-01,Monterey,053,433212,85,47,0,47,2
2020-04-01,Napa,055,140530,36,11,0,11,0
2020-04-01,Nevada,057,99092,35,15,1,16,0
2020-04-01,Orange,059,3164182,1415,579,13,592,11
2020-04-01,Placer,061,380077,128,52,0,52,2
2020-04-01,Plumas,063,18699,3,1,0,1,0
2020-04-01,Riverside,065,2383286,1428,306,12,318,11
2020-04-01,Sacramento,067,1510023,661,299,0,299,8
2020-04-01,San Benito,069,59416,29,14,0,14,1
2020-04-01,San Bernardino,071,2135413,831,245,0,245,5
2020-04-01,San Diego,073,3302833,1662,851,0,851,11
2020-04-01,San Francisco,075,870044,789,432,0,432,6
2020-04-01,San Joaquin,077,732212,251,132,3,135,8
2020-04-01,San Luis Obispo,079,281455,133,69,1,70,0
2020-04-01,San Mateo,081,765935,761,354,2,356,13
2020-04-01,Santa Barbara,083,443738,236,103,1,104,0
2020-04-01,Santa Clara,085,1922200,1478,805,4,809,33
2020-04-01,Santa Cruz,087,273765,91,44,0,44,1
2020-04-01,Shasta,089,179085,25,5,0,5,1
2020-04-01,Sierra,091,2930,0,0,0,0,0
2020-04-01,Siskiyou,093,43540,4,3,0,3,0
2020-04-01,Solano,095,438530,131,57,0,57,0
2020-04-01,Sonoma,097,501317,153,60,0,60,1
2020-04-01,Stanislaus,099,539301,117,29,3,32,0
2020-04-01,Sutter,101,95872,21,9,0,9,1
2020-04-01,Tehama,103,63373,1,0,0,0,0
2020-04-01,Trinity,105,12862,0,0,0,0,0
2020-04-01,Tulare,107,460477,182,43,5,48,1
2020-04-01,Tuolumne,109,53932,3,1,0,1,0
2020-04-01,Ventura,111,848112,323,154,0,154,5
2020-04-01,Yolo,113,214977,67,22,0,22,1
2020-04-01,Yuba,115,75493,9,5,0,5,0
2020-03-31,Alameda,001,1643700,716,269,1,270,7
2020-03-31,Alpine,003,1148,1,1,0,1,0
2020-03-31,Amador,005,37829,5,1,0,1,0
2020-03-31,Butte,007,227075,17,6,1,7,0
2020-03-31,Calaveras,009,45235,6,3,0,3,0
2020-03-31,Colusa,011,21464,3,1,0,1,0
2020-03-31,Contra Costa,013,1133247,499,246,0,246,3
2020-03-31,Del Norte,015,27424,1,0,0,0,0
2020-03-31,El Dorado,017,186661,33,14,0,14,0
2020-03-31,Fresno,019,978130,252,59,3,62,0
2020-03-31,Glenn,021,27897,3,2,0,2,0
2020-03-31,Humboldt,023,135768,51,18,0,18,0
2020-03-31,Imperial,025,180216,89,17,0,17,0
2020-03-31,Inyo,027,18085,10,8,0,8,0
2020-03-31,Kern,029,883053,281,47,0,47,0
2020-03-31,Kings,031,150075,30,2,0,2,0
2020-03-31,Lake,033,64148,1,0,0,0,0
2020-03-31,Lassen,035,31185,3,0,2,2,0
2020-03-31,Los Angeles,037,10098052,7103,3001,12,3013,53
2020-03-31,Madera,039,155013,49,17,0,17,1
2020-03-31,Marin,041,260295,137,85,0,85,1
2020-03-31,Mariposa,043,17540,0,0,0,0,0
2020-03-31,Mendocino,045,87422,5,4,0,4,0
2020-03-31,Merced,047,269075,45,6,0,6,0
2020-03-31,Modoc,049,8938,0,0,0,0,0
2020-03-31,Mono,051,14174,26,12,0,12,0
2020-03-31,Monterey,053,433212,83,43,0,43,2
2020-03-31,Napa,055,140530,35,9,0,9,0
2020-03-31,Nevada,057,99092,35,15,1,16,0
2020-03-31,Orange,059,3164182,1345,506,13,519,7
2020-03-31,Placer,061,380077,121,49,0,49,2
2020-03-31,Plumas,063,18699,1,0,0,0,0
2020-03-31,Riverside,065,2383286,1284,284,12,296,8
2020-03-31,Sacramento,067,1510023,609,271,0,271,8
2020-03-31,San Benito,069,59416,29,14,0,14,1
2020-03-31,San Bernardino,071,2135413,746,193,0,193,5
2020-03-31,San Diego,073,3302833,1580,736,0,736,9
2020-03-31,San Francisco,075,870044,754,404,0,404,5
2020-03-31,San Joaquin,077,732212,235,122,3,125,7
2020-03-31,San Luis Obispo,079,281455,129,67,1,68,0
2020-03-31,San Mateo,081,765935,742,297,2,299,12
2020-03-31,Santa Barbara,083,443738,221,89,1,90,0
2020-03-31,Santa Clara,085,1922200,1428,777,4,781,30
2020-03-31,Santa Cruz,087,273765,84,40,0,40,1
2020-03-31,Shasta,089,179085,22,5,0,5,1
2020-03-31,Sierra,091,2930,0,0,0,0,0
2020-03-31,Siskiyou,093,43540,4,3,0,3,0
2020-03-31,Solano,095,438530,117,56,0,56,0
2020-03-31,Sonoma,097,501317,148,58,0,58,1
2020-03-31,Stanislaus,099,539301,102,28,3,31,0
2020-03-31,Sutter,101,95872,21,8,0,8,0
2020-03-31,Tehama,103,63373,1,0,0,0,0
2020-03-31,Trinity,105,12862,0,0,0,0,0
2020-03-31,Tulare,107,460477,159,42,4,46,1
2020-03-31,Tuolumne,109,53932,3,1,0,1,0
2020-03-31,Ventura,111,848112,312,143,0,143,4
2020-03-31,Yolo,113,214977,60,21,0,21,1
2020-03-31,Yuba,115,75493,9,5,0,5,0
2020-03-30,Alameda,001,1643700,677,250,1,251,7
2020-03-30,Alpine,003,1148,1,1,0,1,0
2020-03-30,Amador,005,37829,5,1,0,1,0
2020-03-30,Butte,007,227075,15,5,1,6,0
2020-03-30,Calaveras,009,45235,6,3,0,3,0
2020-03-30,Colusa,011,21464,3,1,0,1,0
2020-03-30,Contra Costa,013,1133247,473,212,0,212,3
2020-03-30,Del Norte,015,27424,0,0,0,0,0
2020-03-30,El Dorado,017,186661,33,11,0,11,0
2020-03-30,Fresno,019,978130,227,46,3,49,0
2020-03-30,Glenn,021,27897,3,2,0,2,0
2020-03-30,Humboldt,023,135768,49,11,0,11,0
2020-03-30,Imperial,025,180216,86,9,0,9,0
2020-03-30,Inyo,027,18085,10,5,0,5,0
2020-03-30,Kern,029,883053,248,30,0,30,0
2020-03-30,Kings,031,150075,30,1,0,1,0
2020-03-30,Lake,033,64148,1,0,0,0,0
2020-03-30,Lassen,035,31185,3,0,1,1,0
2020-03-30,Los Angeles,037,10098052,6444,2467,12,2479,44
2020-03-30,Madera,039,155013,48,14,0,14,1
2020-03-30,Marin,041,260295,130,78,0,78,0
2020-03-30,Mariposa,043,17540,0,0,0,0,0
2020-03-30,Mendocino,045,87422,5,2,0,2,0
2020-03-30,Merced,047,269075,41,6,0,6,0
2020-03-30,Modoc,049,8938,0,0,0,0,0
2020-03-30,Mono,051,14174,26,11,0,11,0
2020-03-30,Monterey,053,433212,78,41,0,41,1
2020-03-30,Napa,055,140530,34,9,0,9,0
2020-03-30,Nevada,057,99092,34,14,1,15,0
2020-03-30,Orange,059,3164182,1280,418,13,431,5
2020-03-30,Placer,061,380077,118,44,0,44,2
2020-03-30,Plumas,063,18699,1,0,0,0,0
2020-03-30,Riverside,065,2383286,1203,204,12,216,7
2020-03-30,Sacramento,067,1510023,585,238,0,238,8
2020-03-30,San Benito,069,59416,29,11,0,11,1
2020-03-30,San Bernardino,071,2135413,702,145,0,145,4
2020-03-30,San Diego,073,3302833,1510,605,0,605,7
2020-03-30,San Francisco,075,870044,714,368,0,368,5
2020-03-30,San Joaquin,077,732212,228,112,3,115,5
2020-03-30,San Luis Obispo,079,281455,126,62,1,63,0
2020-03-30,San Mateo,081,765935,717,257,2,259,11
2020-03-30,Santa Barbara,083,443738,212,79,1,80,0
2020-03-30,Santa Clara,085,1922200,1397,745,3,748,31
2020-03-30,Santa Cruz,087,273765,81,36,0,36,1
2020-03-30,Shasta,089,179085,21,4,0,4,1
2020-03-30,Sierra,091,2930,0,0,0,0,0
2020-03-30,Siskiyou,093,43540,4,2,0,2,0
2020-03-30,Solano,095,438530,111,50,0,50,0
2020-03-30,Sonoma,097,501317,145,57,0,57,1
2020-03-30,Stanislaus,099,539301,95,28,3,31,0
2020-03-30,Sutter,101,95872,20,6,0,6,0
2020-03-30,Tehama,103,63373,1,0,0,0,0
2020-03-30,Trinity,105,12862,0,0,0,0,0
2020-03-30,Tulare,107,460477,147,40,3,43,1
2020-03-30,Tuolumne,109,53932,3,1,0,1,0
2020-03-30,Ventura,111,848112,301,118,0,118,2
2020-03-30,Yolo,113,214977,57,17,0,17,1
2020-03-30,Yuba,115,75493,8,5,0,5,0
2020-03-29,Alameda,001,1643700,643,207,1,208,6
2020-03-29,Alpine,003,1148,1,0,0,0,0
2020-03-29,Amador,005,37829,5,1,0,1,0
2020-03-29,Butte,007,227075,15,4,1,5,0
2020-03-29,Calaveras,009,45235,6,2,0,2,0
2020-03-29,Colusa,011,21464,3,1,0,1,0
2020-03-29,Contra Costa,013,1133247,443,187,0,187,3
2020-03-29,Del Norte,015,27424,0,0,0,0,0
2020-03-29,El Dorado,017,186661,32,9,0,9,0
2020-03-29,Fresno,019,978130,203,31,3,34,0
2020-03-29,Glenn,021,27897,2,1,0,1,0
2020-03-29,Humboldt,023,135768,46,9,0,9,0
2020-03-29,Imperial,025,180216,79,9,0,9,0
2020-03-29,Inyo,027,18085,9,0,0,0,0
2020-03-29,Kern,029,883053,230,20,0,20,0
2020-03-29,Kings,031,150075,27,1,0,1,0
2020-03-29,Lake,033,64148,0,0,0,0,0
2020-03-29,Lassen,035,31185,3,0,1,1,0
2020-03-29,Los Angeles,037,10098052,5796,2119,11,2130,37
2020-03-29,Madera,039,155013,43,11,0,11,1
2020-03-29,Marin,041,260295,125,60,0,60,0
2020-03-29,Mariposa,043,17540,0,0,0,0,0
2020-03-29,Mendocino,045,87422,5,2,0,2,0
2020-03-29,Merced,047,269075,38,4,0,4,0
2020-03-29,Modoc,049,8938,0,0,0,0,0
2020-03-29,Mono,051,14174,26,8,0,8,0
2020-03-29,Monterey,053,433212,73,36,0,36,1
2020-03-29,Napa,055,140530,32,5,0,5,0
2020-03-29,Nevada,057,99092,32,13,1,14,0
2020-03-29,Orange,059,3164182,1207,343,13,356,2
2020-03-29,Placer,061,380077,117,35,0,35,2
2020-03-29,Plumas,063,18699,1,0,0,0,0
2020-03-29,Riverside,065,2383286,1079,122,12,134,7
2020-03-29,Sacramento,067,1510023,545,217,0,217,7
2020-03-29,San Benito,069,59416,28,10,0,10,1
2020-03-29,San Bernardino,071,2135413,650,94,0,94,2
2020-03-29,San Diego,073,3302833,1438,521,0,521,7
2020-03-29,San Francisco,075,870044,670,333,0,333,5
2020-03-29,San Joaquin,077,732212,219,86,3,89,4
2020-03-29,San Luis Obispo,079,281455,119,55,0,55,0
2020-03-29,San Mateo,081,765935,692,234,2,236,12
2020-03-29,Santa Barbara,083,443738,204,52,1,53,0
2020-03-29,Santa Clara,085,1922200,1340,591,3,594,30
2020-03-29,Santa Cruz,087,273765,81,33,0,33,1
2020-03-29,Shasta,089,179085,20,4,0,4,1
2020-03-29,Sierra,091,2930,0,0,0,0,0
2020-03-29,Siskiyou,093,43540,4,2,0,2,0
2020-03-29,Solano,095,438530,103,48,0,48,0
2020-03-29,Sonoma,097,501317,143,35,0,35,1
2020-03-29,Stanislaus,099,539301,90,19,3,22,0
2020-03-29,Sutter,101,95872,17,6,0,6,0
2020-03-29,Tehama,103,63373,1,0,0,0,0
2020-03-29,Trinity,105,12862,0,0,0,0,0
2020-03-29,Tulare,107,460477,122,24,3,27,1
2020-03-29,Tuolumne,109,53932,2,1,0,1,0
2020-03-29,Ventura,111,848112,274,92,0,92,2
2020-03-29,Yolo,113,214977,52,13,0,13,1
2020-03-29,Yuba,115,75493,8,3,0,3,0
2020-03-28,Alameda,001,1643700,616,410,1,411,12
2020-03-28,Alpine,003,1148,1,0,0,0,0
2020-03-28,Amador,005,37829,5,2,0,2,0
2020-03-28,Butte,007,227075,15,8,1,9,0
2020-03-28,Calaveras,009,45235,6,4,0,4,0
2020-03-28,Colusa,011,21464,3,2,0,2,0
2020-03-28,Contra Costa,013,1133247,420,350,0,350,4
2020-03-28,Del Norte,015,27424,0,0,0,0,0
2020-03-28,El Dorado,017,186661,31,18,0,18,0
2020-03-28,Fresno,019,978130,193,62,3,65,0
2020-03-28,Glenn,021,27897,2,2,0,2,0
2020-03-28,Humboldt,023,135768,46,18,0,18,0
2020-03-28,Imperial,025,180216,74,18,0,18,0
2020-03-28,Inyo,027,18085,9,0,0,0,0
2020-03-28,Kern,029,883053,213,40,0,40,0
2020-03-28,Kings,031,150075,26,2,0,2,0
2020-03-28,Lake,033,64148,0,0,0,0,0
2020-03-28,Lassen,035,31185,3,0,1,1,0
2020-03-28,Los Angeles,037,10098052,5411,3600,10,3610,64
2020-03-28,Madera,039,155013,43,22,0,22,2
2020-03-28,Marin,041,260295,120,116,0,116,0
2020-03-28,Mariposa,043,17540,0,0,0,0,0
2020-03-28,Mendocino,045,87422,5,4,0,4,0
2020-03-28,Merced,047,269075,37,8,0,8,0
2020-03-28,Modoc,049,8938,0,0,0,0,0
2020-03-28,Mono,051,14174,24,12,0,12,0
2020-03-28,Monterey,053,433212,72,64,0,64,2
2020-03-28,Napa,055,140530,27,10,0,10,0
2020-03-28,Nevada,057,99092,32,22,1,23,0
2020-03-28,Orange,059,3164182,1171,656,13,669,4
2020-03-28,Placer,061,380077,112,70,0,70,2
2020-03-28,Plumas,063,18699,1,0,0,0,0
2020-03-28,Riverside,065,2383286,1011,242,12,254,14
2020-03-28,Sacramento,067,1510023,527,406,0,406,14
2020-03-28,San Benito,069,59416,28,20,0,20,2
2020-03-28,San Bernardino,071,2135413,603,162,0,162,4
2020-03-28,San Diego,073,3302833,1379,980,0,980,14
2020-03-28,San Francisco,075,870044,646,600,0,600,6
2020-03-28,San Joaquin,077,732212,212,166,3,169,8
2020-03-28,San Luis Obispo,079,281455,117,104,0,104,0
2020-03-28,San Mateo,081,765935,672,462,2,464,17
2020-03-28,Santa Barbara,083,443738,194,98,1,99,0
2020-03-28,Santa Clara,085,1922200,1321,1174,3,1177,54
2020-03-28,Santa Cruz,087,273765,80,62,0,62,0
2020-03-28,Shasta,089,179085,20,8,0,8,2
2020-03-28,Sierra,091,2930,0,0,0,0,0
2020-03-28,Siskiyou,093,43540,4,4,0,4,0
2020-03-28,Solano,095,438530,99,96,0,96,0
2020-03-28,Sonoma,097,501317,141,70,0,70,2
2020-03-28,Stanislaus,099,539301,85,34,3,37,0
2020-03-28,Sutter,101,95872,17,6,0,6,0
2020-03-28,Tehama,103,63373,1,0,0,0,0
2020-03-28,Trinity,105,12862,0,0,0,0,0
2020-03-28,Tulare,107,460477,114,46,3,49,0
2020-03-28,Tuolumne,109,53932,2,2,0,2,0
2020-03-28,Ventura,111,848112,270,178,0,178,4
2020-03-28,Yolo,113,214977,51,26,0,26,2
2020-03-28,Yuba,115,75493,8,6,0,6,0
2020-03-27,Alameda,001,1643700,597,185,1,186,4
2020-03-27,Alpine,003,1148,1,0,0,0,0
2020-03-27,Amador,005,37829,4,1,0,1,0
2020-03-27,Butte,007,227075,13,4,1,5,0
2020-03-27,Calaveras,009,45235,6,2,0,2,0
2020-03-27,Colusa,011,21464,3,0,0,0,0
2020-03-27,Contra Costa,013,1133247,399,161,0,161,2
2020-03-27,Del Norte,015,27424,0,0,0,0,0
2020-03-27,El Dorado,017,186661,29,9,0,9,0
2020-03-27,Fresno,019,978130,181,29,2,31,0
2020-03-27,Glenn,021,27897,2,0,0,0,0
2020-03-27,Humboldt,023,135768,42,9,0,9,0
2020-03-27,Imperial,025,180216,69,9,0,9,0
2020-03-27,Inyo,027,18085,9,0,0,0,0
2020-03-27,Kern,029,883053,200,20,0,20,0
2020-03-27,Kings,031,150075,25,0,0,0,0
2020-03-27,Lake,033,64148,0,0,0,0,0
2020-03-27,Lassen,035,31185,3,0,1,1,0
2020-03-27,Los Angeles,037,10098052,5004,1474,10,1484,26
2020-03-27,Madera,039,155013,41,10,0,10,1
2020-03-27,Marin,041,260295,115,58,0,58,0
2020-03-27,Mariposa,043,17540,0,0,0,0,0
2020-03-27,Mendocino,045,87422,5,2,0,2,0
2020-03-27,Merced,047,269075,35,3,0,3,0
2020-03-27,Modoc,049,8938,0,0,0,0,0
2020-03-27,Mono,051,14174,24,6,0,6,0
2020-03-27,Monterey,053,433212,69,26,0,26,1
2020-03-27,Napa,055,140530,27,5,0,5,0
2020-03-27,Nevada,057,99092,32,6,1,7,0
2020-03-27,Orange,059,3164182,1121,299,13,312,2
2020-03-27,Placer,061,380077,109,33,0,33,1
2020-03-27,Plumas,063,18699,0,0,0,0,0
2020-03-27,Riverside,065,2383286,955,121,12,133,7
2020-03-27,Sacramento,067,1510023,504,163,0,163,6
2020-03-27,San Benito,069,59416,27,9,0,9,1
2020-03-27,San Bernardino,071,2135413,513,77,0,77,2
2020-03-27,San Diego,073,3302833,1322,419,0,419,5
2020-03-27,San Francisco,075,870044,621,285,0,285,2
2020-03-27,San Joaquin,077,732212,201,73,3,76,3
2020-03-27,San Luis Obispo,079,281455,115,46,0,46,0
2020-03-27,San Mateo,081,765935,646,213,2,215,7
2020-03-27,Santa Barbara,083,443738,180,37,1,38,0
2020-03-27,Santa Clara,085,1922200,1283,557,3,560,25
2020-03-27,Santa Cruz,087,273765,79,31,0,31,0
2020-03-27,Shasta,089,179085,17,3,0,3,1
2020-03-27,Sierra,091,2930,0,0,0,0,0
2020-03-27,Siskiyou,093,43540,4,2,0,2,0
2020-03-27,Solano,095,438530,93,48,0,48,0
2020-03-27,Sonoma,097,501317,133,35,0,35,1
2020-03-27,Stanislaus,099,539301,83,16,3,19,0
2020-03-27,Sutter,101,95872,16,2,0,2,0
2020-03-27,Tehama,103,63373,1,0,0,0,0
2020-03-27,Trinity,105,12862,0,0,0,0,0
2020-03-27,Tulare,107,460477,106,15,3,18,0
2020-03-27,Tuolumne,109,53932,2,1,0,1,0
2020-03-27,Ventura,111,848112,261,80,0,80,2
2020-03-27,Yolo,113,214977,50,13,0,13,1
2020-03-27,Yuba,115,75493,7,3,0,3,0
2020-03-26,Alameda,001,1643700,557,172,1,173,4
2020-03-26,Alpine,003,1148,1,0,0,0,0
2020-03-26,Amador,005,37829,4,1,0,1,0
2020-03-26,Butte,007,227075,13,4,1,5,0
2020-03-26,Calaveras,009,45235,6,2,0,2,0
2020-03-26,Colusa,011,21464,3,0,0,0,0
2020-03-26,Contra Costa,013,1133247,388,147,0,147,2
2020-03-26,Del Norte,015,27424,0,0,0,0,0
2020-03-26,El Dorado,017,186661,27,7,0,7,0
2020-03-26,Fresno,019,978130,172,25,2,27,0
2020-03-26,Glenn,021,27897,2,0,0,0,0
2020-03-26,Humboldt,023,135768,38,8,0,8,0
2020-03-26,Imperial,025,180216,65,8,0,8,0
2020-03-26,Inyo,027,18085,8,0,0,0,0
2020-03-26,Kern,029,883053,184,20,0,20,0
2020-03-26,Kings,031,150075,25,0,0,0,0
2020-03-26,Lake,033,64148,0,0,0,0,0
2020-03-26,Lassen,035,31185,3,0,1,1,0
2020-03-26,Los Angeles,037,10098052,4597,1075,10,1085,19
2020-03-26,Madera,039,155013,39,8,0,8,0
2020-03-26,Marin,041,260295,106,56,0,56,0
2020-03-26,Mariposa,043,17540,0,0,0,0,0
2020-03-26,Mendocino,045,87422,4,1,0,1,0
2020-03-26,Merced,047,269075,32,1,0,1,0
2020-03-26,Modoc,049,8938,0,0,0,0,0
2020-03-26,Mono,051,14174,23,5,0,5,0
2020-03-26,Monterey,053,433212,66,25,0,25,1
2020-03-26,Napa,055,140530,26,5,0,5,0
2020-03-26,Nevada,057,99092,32,7,1,8,0
2020-03-26,Orange,059,3164182,1059,279,11,290,1
2020-03-26,Placer,061,380077,106,34,0,34,1
2020-03-26,Plumas,063,18699,0,0,0,0,0
2020-03-26,Riverside,065,2383286,884,118,12,130,7
2020-03-26,Sacramento,067,1510023,471,147,0,147,5
2020-03-26,San Benito,069,59416,27,8,0,8,1
2020-03-26,San Bernardino,071,2135413,447,57,0,57,1
2020-03-26,San Diego,073,3302833,1255,299,0,299,2
2020-03-26,San Francisco,075,870044,594,261,0,261,1
2020-03-26,San Joaquin,077,732212,190,69,3,72,3
2020-03-26,San Luis Obispo,079,281455,110,38,0,38,0
2020-03-26,San Mateo,081,765935,612,122,2,124,5
2020-03-26,Santa Barbara,083,443738,167,33,1,34,0
2020-03-26,Santa Clara,085,1922200,1238,487,2,489,20
2020-03-26,Santa Cruz,087,273765,75,30,0,30,0
2020-03-26,Shasta,089,179085,17,3,0,3,1
2020-03-26,Sierra,091,2930,0,0,0,0,0
2020-03-26,Siskiyou,093,43540,4,2,0,2,0
2020-03-26,Solano,095,438530,85,41,0,41,0
2020-03-26,Sonoma,097,501317,128,33,0,33,1
2020-03-26,Stanislaus,099,539301,81,15,3,18,0
2020-03-26,Sutter,101,95872,12,2,0,2,0
2020-03-26,Tehama,103,63373,1,0,0,0,0
2020-03-26,Trinity,105,12862,0,0,0,0,0
2020-03-26,Tulare,107,460477,97,15,3,18,0
2020-03-26,Tuolumne,109,53932,2,0,0,0,0
2020-03-26,Ventura,111,848112,245,70,0,70,1
2020-03-26,Yolo,113,214977,46,13,0,13,1
2020-03-26,Yuba,115,75493,7,3,0,3,0
2020-03-25,Alameda,001,1643700,536,134,1,135,3
2020-03-25,Alpine,003,1148,1,0,0,0,0
2020-03-25,Amador,005,37829,4,1,0,1,0
2020-03-25,Butte,007,227075,13,4,1,5,0
2020-03-25,Calaveras,009,45235,6,2,0,2,0
2020-03-25,Colusa,011,21464,2,0,0,0,0
2020-03-25,Contra Costa,013,1133247,374,131,0,131,1
2020-03-25,Del Norte,015,27424,0,0,0,0,0
2020-03-25,El Dorado,017,186661,27,5,0,5,0
2020-03-25,Fresno,019,978130,152,21,2,23,0
2020-03-25,Glenn,021,27897,2,0,0,0,0
2020-03-25,Humboldt,023,135768,35,3,0,3,0
2020-03-25,Imperial,025,180216,57,8,0,8,0
2020-03-25,Inyo,027,18085,5,0,0,0,0
2020-03-25,Kern,029,883053,164,13,0,13,0
2020-03-25,Kings,031,150075,23,0,0,0,0
2020-03-25,Lake,033,64148,0,0,0,0,0
2020-03-25,Lassen,035,31185,3,0,1,1,0
2020-03-25,Los Angeles,037,10098052,4198,725,10,735,10
2020-03-25,Madera,039,155013,37,6,0,6,0
2020-03-25,Marin,041,260295,100,47,0,47,0
2020-03-25,Mariposa,043,17540,0,0,0,0,0
2020-03-25,Mendocino,045,87422,3,1,0,1,0
2020-03-25,Merced,047,269075,29,0,0,0,0
2020-03-25,Modoc,049,8938,0,0,0,0,0
2020-03-25,Mono,051,14174,22,4,0,4,0
2020-03-25,Monterey,053,433212,63,23,0,23,1
2020-03-25,Napa,055,140530,26,5,0,5,0
2020-03-25,Nevada,057,99092,31,5,1,6,0
2020-03-25,Orange,059,3164182,1001,214,9,223,1
2020-03-25,Placer,061,380077,100,30,0,30,1
2020-03-25,Plumas,063,18699,0,1,0,1,0
2020-03-25,Riverside,065,2383286,813,87,12,99,5
2020-03-25,Sacramento,067,1510023,445,114,0,114,5
2020-03-25,San Benito,069,59416,26,4,0,4,1
2020-03-25,San Bernardino,071,2135413,408,46,0,46,1
2020-03-25,San Diego,073,3302833,1193,238,0,238,2
2020-03-25,San Francisco,075,870044,553,212,0,212,1
2020-03-25,San Joaquin,077,732212,177,64,3,67,2
2020-03-25,San Luis Obispo,079,281455,105,35,0,35,0
2020-03-25,San Mateo,081,765935,577,111,2,113,5
2020-03-25,Santa Barbara,083,443738,157,25,1,26,0
2020-03-25,Santa Clara,085,1922200,1194,452,2,454,20
2020-03-25,Santa Cruz,087,273765,72,26,0,26,0
2020-03-25,Shasta,089,179085,16,3,0,3,1
2020-03-25,Sierra,091,2930,0,0,0,0,0
2020-03-25,Siskiyou,093,43540,4,2,0,2,0
2020-03-25,Solano,095,438530,80,39,0,39,0
2020-03-25,Sonoma,097,501317,123,31,0,31,1
2020-03-25,Stanislaus,099,539301,74,14,3,17,0
2020-03-25,Sutter,101,95872,9,1,0,1,0
2020-03-25,Tehama,103,63373,1,0,0,0,0
2020-03-25,Trinity,105,12862,0,0,0,0,0
2020-03-25,Tulare,107,460477,87,11,3,14,0
2020-03-25,Tuolumne,109,53932,2,0,0,0,0
2020-03-25,Ventura,111,848112,229,53,0,53,1
2020-03-25,Yolo,113,214977,44,9,0,9,1
2020-03-25,Yuba,115,75493,7,2,0,2,0
2020-03-24,Alameda,001,1643700,504,96,1,97,2
2020-03-24,Alpine,003,1148,1,0,0,0,0
2020-03-24,Amador,005,37829,2,1,0,1,0
2020-03-24,Butte,007,227075,12,3,1,4,0
2020-03-24,Calaveras,009,45235,5,2,0,2,0
2020-03-24,Colusa,011,21464,2,0,0,0,0
2020-03-24,Contra Costa,013,1133247,361,108,0,108,1
2020-03-24,Del Norte,015,27424,0,0,0,0,0
2020-03-24,El Dorado,017,186661,27,3,0,3,0
2020-03-24,Fresno,019,978130,133,18,2,20,0
2020-03-24,Glenn,021,27897,2,0,0,0,0
2020-03-24,Humboldt,023,135768,33,2,0,2,0
2020-03-24,Imperial,025,180216,54,3,0,3,0
2020-03-24,Inyo,027,18085,5,0,0,0,0
2020-03-24,Kern,029,883053,144,5,0,5,0
2020-03-24,Kings,031,150075,22,0,0,0,0
2020-03-24,Lake,033,64148,0,0,0,0,0
2020-03-24,Lassen,035,31185,3,0,1,1,0
2020-03-24,Los Angeles,037,10098052,3754,633,10,643,7
2020-03-24,Madera,039,155013,36,6,0,6,0
2020-03-24,Marin,041,260295,89,44,0,44,0
2020-03-24,Mariposa,043,17540,0,0,0,0,0
2020-03-24,Mendocino,045,87422,3,1,0,1,0
2020-03-24,Merced,047,269075,26,0,0,0,0
2020-03-24,Modoc,049,8938,0,0,0,0,0
2020-03-24,Mono,051,14174,21,1,0,1,0
2020-03-24,Monterey,053,433212,59,23,0,23,1
2020-03-24,Napa,055,140530,23,2,0,2,0
2020-03-24,Nevada,057,99092,30,4,1,5,0
2020-03-24,Orange,059,3164182,939,166,9,175,0
2020-03-24,Placer,061,380077,93,22,0,22,1
2020-03-24,Plumas,063,18699,0,1,0,1,0
2020-03-24,Riverside,065,2383286,746,56,12,68,5
2020-03-24,Sacramento,067,1510023,426,93,0,93,4
2020-03-24,San Benito,069,59416,25,4,0,4,1
2020-03-24,San Bernardino,071,2135413,364,27,0,27,0
2020-03-24,San Diego,073,3302833,1126,231,0,231,2
2020-03-24,San Francisco,075,870044,521,181,0,181,1
2020-03-24,San Joaquin,077,732212,166,52,3,55,2
2020-03-24,San Luis Obispo,079,281455,102,32,0,32,0
2020-03-24,San Mateo,081,765935,536,100,2,102,2
2020-03-24,Santa Barbara,083,443738,151,20,1,21,0
2020-03-24,Santa Clara,085,1922200,1125,389,2,391,17
2020-03-24,Santa Cruz,087,273765,67,22,0,22,0
2020-03-24,Shasta,089,179085,15,3,0,3,0
2020-03-24,Sierra,091,2930,0,0,0,0,0
2020-03-24,Siskiyou,093,43540,4,2,0,2,0
2020-03-24,Solano,095,438530,78,34,0,34,0
2020-03-24,Sonoma,097,501317,116,27,0,27,1
2020-03-24,Stanislaus,099,539301,65,13,3,16,0
2020-03-24,Sutter,101,95872,9,0,0,0,0
2020-03-24,Tehama,103,63373,1,0,0,0,0
2020-03-24,Trinity,105,12862,0,0,0,0,0
2020-03-24,Tulare,107,460477,77,10,3,13,0
2020-03-24,Tuolumne,109,53932,2,0,0,0,0
2020-03-24,Ventura,111,848112,213,44,0,44,1
2020-03-24,Yolo,113,214977,40,8,0,8,0
2020-03-24,Yuba,115,75493,7,2,0,2,0
2020-03-23,Alameda,001,1643700,472,88,1,89,1
2020-03-23,Alpine,003,1148,1,0,0,0,0
2020-03-23,Amador,005,37829,2,1,0,1,0
2020-03-23,Butte,007,227075,12,2,0,2,0
2020-03-23,Calaveras,009,45235,5,2,0,2,0
2020-03-23,Colusa,011,21464,1,0,0,0,0
2020-03-23,Contra Costa,013,1133247,341,91,0,91,2
2020-03-23,Del Norte,015,27424,0,0,0,0,0
2020-03-23,El Dorado,017,186661,26,3,0,3,0
2020-03-23,Fresno,019,978130,123,10,2,12,0
2020-03-23,Glenn,021,27897,2,0,0,0,0
2020-03-23,Humboldt,023,135768,31,2,0,2,0
2020-03-23,Imperial,025,180216,50,2,0,2,0
2020-03-23,Inyo,027,18085,3,0,0,0,0
2020-03-23,Kern,029,883053,130,5,0,5,0
2020-03-23,Kings,031,150075,22,0,0,0,0
2020-03-23,Lake,033,64148,0,0,0,0,0
2020-03-23,Lassen,035,31185,3,0,1,1,0
2020-03-23,Los Angeles,037,10098052,3446,389,10,399,4
2020-03-23,Madera,039,155013,36,4,0,4,0
2020-03-23,Marin,041,260295,84,30,0,30,0
2020-03-23,Mariposa,043,17540,0,0,0,0,0
2020-03-23,Mendocino,045,87422,3,1,0,1,0
2020-03-23,Merced,047,269075,19,0,0,0,0
2020-03-23,Modoc,049,8938,0,0,0,0,0
2020-03-23,Mono,051,14174,19,1,0,1,0
2020-03-23,Monterey,053,433212,54,14,0,14,1
2020-03-23,Napa,055,140530,21,1,0,1,0
2020-03-23,Nevada,057,99092,27,2,1,3,0
2020-03-23,Orange,059,3164182,884,138,7,145,0
2020-03-23,Placer,061,380077,90,19,0,19,1
2020-03-23,Plumas,063,18699,0,0,0,0,0
2020-03-23,Riverside,065,2383286,703,39,12,51,5
2020-03-23,Sacramento,067,1510023,393,87,0,87,4
2020-03-23,San Benito,069,59416,24,4,0,4,1
2020-03-23,San Bernardino,071,2135413,334,17,0,17,0
2020-03-23,San Diego,073,3302833,1067,178,0,178,1
2020-03-23,San Francisco,075,870044,492,152,0,152,0
2020-03-23,San Joaquin,077,732212,154,37,3,40,2
2020-03-23,San Luis Obispo,079,281455,96,23,0,23,0
2020-03-23,San Mateo,081,765935,497,88,2,90,1
2020-03-23,Santa Barbara,083,443738,133,18,1,19,0
2020-03-23,Santa Clara,085,1922200,1076,336,2,338,13
2020-03-23,Santa Cruz,087,273765,65,21,0,21,0
2020-03-23,Shasta,089,179085,13,2,0,2,0
2020-03-23,Sierra,091,2930,0,0,0,0,0
2020-03-23,Siskiyou,093,43540,4,2,0,2,0
2020-03-23,Solano,095,438530,74,33,0,33,0
2020-03-23,Sonoma,097,501317,104,19,0,19,1
2020-03-23,Stanislaus,099,539301,57,10,3,13,0
2020-03-23,Sutter,101,95872,9,0,0,0,0
2020-03-23,Tehama,103,63373,1,0,0,0,0
2020-03-23,Trinity,105,12862,0,0,0,0,0
2020-03-23,Tulare,107,460477,68,9,3,12,0
2020-03-23,Tuolumne,109,53932,2,0,0,0,0
2020-03-23,Ventura,111,848112,196,30,0,30,0
2020-03-23,Yolo,113,214977,39,8,0,8,0
2020-03-23,Yuba,115,75493,7,2,0,2,0
2020-03-22,Alameda,001,1643700,433,72,1,73,1
2020-03-22,Alpine,003,1148,1,0,0,0,0
2020-03-22,Amador,005,37829,2,1,0,1,0
2020-03-22,Butte,007,227075,8,1,0,1,0
2020-03-22,Calaveras,009,45235,4,2,0,2,0
2020-03-22,Colusa,011,21464,1,0,0,0,0
2020-03-22,Contra Costa,013,1133247,314,79,0,79,1
2020-03-22,Del Norte,015,27424,0,0,0,0,0
2020-03-22,El Dorado,017,186661,24,1,0,1,0
2020-03-22,Fresno,019,978130,103,8,2,10,0
2020-03-22,Glenn,021,27897,2,0,0,0,0
2020-03-22,Humboldt,023,135768,28,1,0,1,0
2020-03-22,Imperial,025,180216,48,2,0,2,0
2020-03-22,Inyo,027,18085,1,0,0,0,0
2020-03-22,Kern,029,883053,114,3,0,3,0
2020-03-22,Kings,031,150075,19,0,0,0,0
2020-03-22,Lake,033,64148,0,0,0,0,0
2020-03-22,Lassen,035,31185,3,0,1,1,0
2020-03-22,Los Angeles,037,10098052,3116,384,10,394,3
2020-03-22,Madera,039,155013,33,4,0,4,0
2020-03-22,Marin,041,260295,74,30,0,30,0
2020-03-22,Mariposa,043,17540,0,0,0,0,0
2020-03-22,Mendocino,045,87422,3,1,0,1,0
2020-03-22,Merced,047,269075,16,0,0,0,0
2020-03-22,Modoc,049,8938,0,0,0,0,0
2020-03-22,Mono,051,14174,14,1,0,1,0
2020-03-22,Monterey,053,433212,51,14,0,14,1
2020-03-22,Napa,055,140530,17,1,0,1,0
2020-03-22,Nevada,057,99092,23,2,1,3,0
2020-03-22,Orange,059,3164182,811,102,4,106,0
2020-03-22,Placer,061,380077,88,18,0,18,1
2020-03-22,Plumas,063,18699,0,0,0,0,0
2020-03-22,Riverside,065,2383286,613,26,8,34,5
2020-03-22,Sacramento,067,1510023,361,82,0,82,4
2020-03-22,San Benito,069,59416,19,4,0,4,1
2020-03-22,San Bernardino,071,2135413,290,16,0,16,0
2020-03-22,San Diego,073,3302833,979,161,0,161,0
2020-03-22,San Francisco,075,870044,455,134,0,134,0
2020-03-22,San Joaquin,077,732212,140,30,3,33,2
2020-03-22,San Luis Obispo,079,281455,89,19,0,19,0
2020-03-22,San Mateo,081,765935,464,82,2,84,1
2020-03-22,Santa Barbara,083,443738,119,16,1,17,0
2020-03-22,Santa Clara,085,1922200,1012,284,2,286,13
2020-03-22,Santa Cruz,087,273765,64,19,0,19,0
2020-03-22,Shasta,089,179085,13,1,0,1,0
2020-03-22,Sierra,091,2930,0,0,0,0,0
2020-03-22,Siskiyou,093,43540,4,2,0,2,0
2020-03-22,Solano,095,438530,65,30,0,30,0
2020-03-22,Sonoma,097,501317,99,18,0,18,1
2020-03-22,Stanislaus,099,539301,51,8,3,11,0
2020-03-22,Sutter,101,95872,8,0,0,0,0
2020-03-22,Tehama,103,63373,0,0,0,0,0
2020-03-22,Trinity,105,12862,0,0,0,0,0
2020-03-22,Tulare,107,460477,62,5,3,8,0
2020-03-22,Tuolumne,109,53932,2,0,0,0,0
2020-03-22,Ventura,111,848112,174,26,0,26,0
2020-03-22,Yolo,113,214977,33,6,0,6,0
2020-03-22,Yuba,115,75493,7,2,0,2,0
2020-03-21,Alameda,001,1643700,409,62,1,63,0
2020-03-21,Alpine,003,1148,1,0,0,0,0
2020-03-21,Amador,005,37829,2,1,0,1,0
2020-03-21,Butte,007,227075,7,1,0,1,0
2020-03-21,Calaveras,009,45235,4,2,0,2,0
2020-03-21,Colusa,011,21464,1,0,0,0,0
2020-03-21,Contra Costa,013,1133247,303,62,0,62,1
2020-03-21,Del Norte,015,27424,0,0,0,0,0
2020-03-21,El Dorado,017,186661,21,1,0,1,0
2020-03-21,Fresno,019,978130,99,8,2,10,0
2020-03-21,Glenn,021,27897,2,0,0,0,0
2020-03-21,Humboldt,023,135768,25,1,0,1,0
2020-03-21,Imperial,025,180216,44,2,0,2,0
2020-03-21,Inyo,027,18085,1,0,0,0,0
2020-03-21,Kern,029,883053,108,3,0,3,0
2020-03-21,Kings,031,150075,19,0,0,0,0
2020-03-21,Lake,033,64148,0,0,0,0,0
2020-03-21,Lassen,035,31185,3,0,1,1,0
2020-03-21,Los Angeles,037,10098052,2839,322,10,332,2
2020-03-21,Madera,039,155013,33,4,0,4,0
2020-03-21,Marin,041,260295,69,30,0,30,0
2020-03-21,Mariposa,043,17540,0,0,0,0,0
2020-03-21,Mendocino,045,87422,3,1,0,1,0
2020-03-21,Merced,047,269075,12,0,0,0,0
2020-03-21,Modoc,049,8938,0,0,0,0,0
2020-03-21,Mono,051,14174,14,1,0,1,0
2020-03-21,Monterey,053,433212,48,8,0,8,1
2020-03-21,Napa,055,140530,17,0,0,0,0
2020-03-21,Nevada,057,99092,23,2,1,3,0
2020-03-21,Orange,059,3164182,762,85,4,89,0
2020-03-21,Placer,061,380077,78,11,0,11,1
2020-03-21,Plumas,063,18699,0,0,0,0,0
2020-03-21,Riverside,065,2383286,566,20,8,28,3
2020-03-21,Sacramento,067,1510023,334,66,0,66,3
2020-03-21,San Benito,069,59416,17,4,0,4,1
2020-03-21,San Bernardino,071,2135413,270,13,0,13,0
2020-03-21,San Diego,073,3302833,901,121,0,121,0
2020-03-21,San Francisco,075,870044,419,106,0,106,0
2020-03-21,San Joaquin,077,732212,131,26,3,29,2
2020-03-21,San Luis Obispo,079,281455,84,16,0,16,0
2020-03-21,San Mateo,081,765935,426,78,2,80,1
2020-03-21,Santa Barbara,083,443738,109,8,1,9,0
2020-03-21,Santa Clara,085,1922200,950,269,2,271,10
2020-03-21,Santa Cruz,087,273765,62,17,0,17,0
2020-03-21,Shasta,089,179085,12,1,0,1,0
2020-03-21,Sierra,091,2930,0,0,0,0,0
2020-03-21,Siskiyou,093,43540,4,0,0,0,0
2020-03-21,Solano,095,438530,63,30,0,30,0
2020-03-21,Sonoma,097,501317,98,15,0,15,1
2020-03-21,Stanislaus,099,539301,45,7,3,10,0
2020-03-21,Sutter,101,95872,7,0,0,0,0
2020-03-21,Tehama,103,63373,0,0,0,0,0
2020-03-21,Trinity,105,12862,0,0,0,0,0
2020-03-21,Tulare,107,460477,54,5,3,8,0
2020-03-21,Tuolumne,109,53932,2,0,0,0,0
2020-03-21,Ventura,111,848112,166,22,0,22,0
2020-03-21,Yolo,113,214977,33,6,0,6,0
2020-03-21,Yuba,115,75493,7,1,0,1,0
2020-03-20,Alameda,001,1643700,388,42,1,43,0
2020-03-20,Alpine,003,1148,1,0,0,0,0
2020-03-20,Amador,005,37829,1,0,0,0,0
2020-03-20,Butte,007,227075,7,0,0,0,0
2020-03-20,Calaveras,009,45235,4,2,0,2,0
2020-03-20,Colusa,011,21464,1,0,0,0,0
2020-03-20,Contra Costa,013,1133247,273,52,0,52,1
2020-03-20,Del Norte,015,27424,0,0,0,0,0
2020-03-20,El Dorado,017,186661,20,1,0,1,0
2020-03-20,Fresno,019,978130,96,7,2,9,0
2020-03-20,Glenn,021,27897,1,0,0,0,0
2020-03-20,Humboldt,023,135768,25,1,0,1,0
2020-03-20,Imperial,025,180216,43,2,0,2,0
2020-03-20,Inyo,027,18085,0,0,0,0,0
2020-03-20,Kern,029,883053,93,3,0,3,0
2020-03-20,Kings,031,150075,18,0,0,0,0
2020-03-20,Lake,033,64148,0,0,0,0,0
2020-03-20,Lassen,035,31185,3,0,1,1,0
2020-03-20,Los Angeles,037,10098052,2610,267,9,276,1
2020-03-20,Madera,039,155013,32,4,0,4,0
2020-03-20,Marin,041,260295,66,30,0,30,0
2020-03-20,Mariposa,043,17540,0,0,0,0,0
2020-03-20,Mendocino,045,87422,3,1,0,1,0
2020-03-20,Merced,047,269075,10,0,0,0,0
2020-03-20,Modoc,049,8938,0,0,0,0,0
2020-03-20,Mono,051,14174,14,0,0,0,0
2020-03-20,Monterey,053,433212,47,4,0,4,0
2020-03-20,Napa,055,140530,16,0,0,0,0
2020-03-20,Nevada,057,99092,20,2,1,3,0
2020-03-20,Orange,059,3164182,715,71,4,75,2
2020-03-20,Placer,061,380077,72,9,0,9,1
2020-03-20,Plumas,063,18699,0,0,0,0,0
2020-03-20,Riverside,065,2383286,507,19,8,27,3
2020-03-20,Sacramento,067,1510023,313,56,0,56,4
2020-03-20,San Benito,069,59416,17,4,0,4,1
2020-03-20,San Bernardino,071,2135413,243,9,0,9,0
2020-03-20,San Diego,073,3302833,849,98,0,98,0
2020-03-20,San Francisco,075,870044,387,87,0,87,0
2020-03-20,San Joaquin,077,732212,116,18,3,21,2
2020-03-20,San Luis Obispo,079,281455,80,11,0,11,0
2020-03-20,San Mateo,081,765935,396,71,2,73,1
2020-03-20,Santa Barbara,083,443738,97,7,1,8,0
2020-03-20,Santa Clara,085,1922200,914,246,2,248,8
2020-03-20,Santa Cruz,087,273765,60,13,0,13,0
2020-03-20,Shasta,089,179085,11,1,0,1,0
2020-03-20,Sierra,091,2930,0,0,0,0,0
2020-03-20,Siskiyou,093,43540,4,0,0,0,0
2020-03-20,Solano,095,438530,59,29,0,29,0
2020-03-20,Sonoma,097,501317,90,7,0,7,0
2020-03-20,Stanislaus,099,539301,39,7,3,10,0
2020-03-20,Sutter,101,95872,7,0,0,0,0
2020-03-20,Tehama,103,63373,0,0,0,0,0
2020-03-20,Trinity,105,12862,0,0,0,0,0
2020-03-20,Tulare,107,460477,50,4,3,7,0
2020-03-20,Tuolumne,109,53932,2,0,0,0,0
2020-03-20,Ventura,111,848112,156,18,0,18,0
2020-03-20,Yolo,113,214977,31,5,0,5,0
2020-03-20,Yuba,115,75493,6,0,0,0,0
2020-03-19,Alameda,001,1643700,352,36,1,37,0
2020-03-19,Alpine,003,1148,1,0,0,0,0
2020-03-19,Amador,005,37829,1,0,0,0,0
2020-03-19,Butte,007,227075,5,0,0,0,0
2020-03-19,Calaveras,009,45235,4,2,0,2,0
2020-03-19,Colusa,011,21464,0,0,0,0,0
2020-03-19,Contra Costa,013,1133247,257,46,0,46,0
2020-03-19,Del Norte,015,27424,0,0,0,0,0
2020-03-19,El Dorado,017,186661,18,0,0,0,0
2020-03-19,Fresno,019,978130,87,6,2,8,0
2020-03-19,Glenn,021,27897,1,0,0,0,0
2020-03-19,Humboldt,023,135768,23,1,0,1,0
2020-03-19,Imperial,025,180216,36,2,0,2,0
2020-03-19,Inyo,027,18085,0,0,0,0,0
2020-03-19,Kern,029,883053,81,3,0,3,0
2020-03-19,Kings,031,150075,14,0,0,0,0
2020-03-19,Lake,033,64148,0,0,0,0,0
2020-03-19,Lassen,035,31185,2,0,1,1,0
2020-03-19,Los Angeles,037,10098052,2319,233,9,242,0
2020-03-19,Madera,039,155013,31,3,0,3,0
2020-03-19,Marin,041,260295,63,19,0,19,0
2020-03-19,Mariposa,043,17540,0,0,0,0,0
2020-03-19,Mendocino,045,87422,2,1,0,1,0
2020-03-19,Merced,047,269075,9,0,0,0,0
2020-03-19,Modoc,049,8938,0,0,0,0,0
2020-03-19,Mono,051,14174,12,0,0,0,0
2020-03-19,Monterey,053,433212,39,3,0,3,0
2020-03-19,Napa,055,140530,14,0,0,0,0
2020-03-19,Nevada,057,99092,18,2,1,3,0
2020-03-19,Orange,059,3164182,634,59,4,63,0
2020-03-19,Placer,061,380077,64,8,0,8,1
2020-03-19,Plumas,063,18699,0,0,0,0,0
2020-03-19,Riverside,065,2383286,396,14,6,20,3
2020-03-19,Sacramento,067,1510023,280,52,0,52,3
2020-03-19,San Benito,069,59416,14,3,0,3,0
2020-03-19,San Bernardino,071,2135413,213,7,0,7,0
2020-03-19,San Diego,073,3302833,766,68,0,68,0
2020-03-19,San Francisco,075,870044,351,80,0,80,0
2020-03-19,San Joaquin,077,732212,102,15,3,18,2
2020-03-19,San Luis Obispo,079,281455,77,6,0,6,0
2020-03-19,San Mateo,081,765935,361,58,2,60,1
2020-03-19,Santa Barbara,083,443738,85,5,0,5,0
2020-03-19,Santa Clara,085,1922200,847,183,2,185,8
2020-03-19,Santa Cruz,087,273765,57,13,0,13,0
2020-03-19,Shasta,089,179085,10,1,0,1,0
2020-03-19,Sierra,091,2930,0,0,0,0,0
2020-03-19,Siskiyou,093,43540,3,0,0,0,0
2020-03-19,Solano,095,438530,55,26,0,26,0
2020-03-19,Sonoma,097,501317,87,8,0,8,0
2020-03-19,Stanislaus,099,539301,38,7,3,10,0
2020-03-19,Sutter,101,95872,7,0,0,0,0
2020-03-19,Tehama,103,63373,0,0,0,0,0
2020-03-19,Trinity,105,12862,0,0,0,0,0
2020-03-19,Tulare,107,460477,44,3,3,6,0
2020-03-19,Tuolumne,109,53932,2,0,0,0,0
2020-03-19,Ventura,111,848112,134,15,0,15,0
2020-03-19,Yolo,113,214977,27,5,0,5,0
2020-03-19,Yuba,115,75493,5,0,0,0,0
2020-03-18,Alameda,001,1643700,323,29,1,30,0
2020-03-18,Alpine,003,1148,1,0,0,0,0
2020-03-18,Amador,005,37829,1,0,0,0,0
2020-03-18,Butte,007,227075,4,0,0,0,0
2020-03-18,Calaveras,009,45235,4,2,0,2,0
2020-03-18,Colusa,011,21464,0,0,0,0,0
2020-03-18,Contra Costa,013,1133247,235,44,0,44,0
2020-03-18,Del Norte,015,27424,0,0,0,0,0
2020-03-18,El Dorado,017,186661,17,0,0,0,0
2020-03-18,Fresno,019,978130,78,3,1,4,0
2020-03-18,Glenn,021,27897,1,0,0,0,0
2020-03-18,Humboldt,023,135768,19,1,0,1,0
2020-03-18,Imperial,025,180216,30,2,0,2,0
2020-03-18,Inyo,027,18085,0,0,0,0,0
2020-03-18,Kern,029,883053,66,1,0,1,0
2020-03-18,Kings,031,150075,12,0,0,0,0
2020-03-18,Lake,033,64148,0,0,0,0,0
2020-03-18,Lassen,035,31185,1,0,1,1,0
2020-03-18,Los Angeles,037,10098052,2074,47,9,56,0
2020-03-18,Madera,039,155013,30,2,0,2,0
2020-03-18,Marin,041,260295,58,10,0,10,0
2020-03-18,Mariposa,043,17540,0,0,0,0,0
2020-03-18,Mendocino,045,87422,2,0,0,0,0
2020-03-18,Merced,047,269075,9,0,0,0,0
2020-03-18,Modoc,049,8938,0,0,0,0,0
2020-03-18,Mono,051,14174,11,0,0,0,0
2020-03-18,Monterey,053,433212,31,1,0,1,0
2020-03-18,Napa,055,140530,11,0,0,0,0
2020-03-18,Nevada,057,99092,16,2,1,3,0
2020-03-18,Orange,059,3164182,576,38,4,42,0
2020-03-18,Placer,061,380077,57,8,0,8,1
2020-03-18,Plumas,063,18699,0,0,0,0,0
2020-03-18,Riverside,065,2383286,333,11,5,16,2
2020-03-18,Sacramento,067,1510023,257,46,0,46,3
2020-03-18,San Benito,069,59416,13,3,0,3,0
2020-03-18,San Bernardino,071,2135413,191,3,0,3,0
2020-03-18,San Diego,073,3302833,681,40,0,40,0
2020-03-18,San Francisco,075,870044,332,65,0,65,0
2020-03-18,San Joaquin,077,732212,90,14,3,17,2
2020-03-18,San Luis Obispo,079,281455,70,5,0,5,0
2020-03-18,San Mateo,081,765935,340,57,2,59,1
2020-03-18,Santa Barbara,083,443738,77,2,0,2,0
2020-03-18,Santa Clara,085,1922200,796,151,2,153,6
2020-03-18,Santa Cruz,087,273765,55,11,0,11,0
2020-03-18,Shasta,089,179085,9,1,0,1,0
2020-03-18,Sierra,091,2930,0,0,0,0,0
2020-03-18,Siskiyou,093,43540,3,0,0,0,0
2020-03-18,Solano,095,438530,51,26,0,26,0
2020-03-18,Sonoma,097,501317,78,6,0,6,0
2020-03-18,Stanislaus,099,539301,34,5,2,7,0
2020-03-18,Sutter,101,95872,5,0,0,0,0
2020-03-18,Tehama,103,63373,0,0,0,0,0
2020-03-18,Trinity,105,12862,0,0,0,0,0
2020-03-18,Tulare,107,460477,34,3,3,6,0
2020-03-18,Tuolumne,109,53932,2,0,0,0,0
2020-03-18,Ventura,111,848112,115,11,0,11,0
2020-03-18,Yolo,113,214977,24,4,0,4,0
2020-03-18,Yuba,115,75493,4,0,0,0,0
2020-03-17,Alameda,001,1643700,291,19,0,19,0
2020-03-17,Alpine,003,1148,0,0,0,0,0
2020-03-17,Amador,005,37829,1,0,0,0,0
2020-03-17,Butte,007,227075,4,0,0,0,0
2020-03-17,Calaveras,009,45235,4,2,0,2,0
2020-03-17,Colusa,011,21464,0,0,0,0,0
2020-03-17,Contra Costa,013,1133247,213,37,0,37,0
2020-03-17,Del Norte,015,27424,0,0,0,0,0
2020-03-17,El Dorado,017,186661,16,0,0,0,0
2020-03-17,Fresno,019,978130,68,2,1,3,0
2020-03-17,Glenn,021,27897,1,0,0,0,0
2020-03-17,Humboldt,023,135768,17,1,0,1,0
2020-03-17,Imperial,025,180216,24,2,0,2,0
2020-03-17,Inyo,027,18085,0,0,0,0,0
2020-03-17,Kern,029,883053,52,0,0,0,0
2020-03-17,Kings,031,150075,9,0,0,0,0
2020-03-17,Lake,033,64148,0,0,0,0,0
2020-03-17,Lassen,035,31185,1,0,1,1,0
2020-03-17,Los Angeles,037,10098052,1865,41,9,50,0
2020-03-17,Madera,039,155013,22,2,0,2,0
2020-03-17,Marin,041,260295,51,4,0,4,0
2020-03-17,Mariposa,043,17540,0,0,0,0,0
2020-03-17,Mendocino,045,87422,2,0,0,0,0
2020-03-17,Merced,047,269075,9,0,0,0,0
2020-03-17,Modoc,049,8938,0,0,0,0,0
2020-03-17,Mono,051,14174,9,0,0,0,0
2020-03-17,Monterey,053,433212,29,0,0,0,0
2020-03-17,Napa,055,140530,8,0,0,0,0
2020-03-17,Nevada,057,99092,15,1,1,2,0
2020-03-17,Orange,059,3164182,498,24,3,27,0
2020-03-17,Placer,061,380077,47,7,0,7,1
2020-03-17,Plumas,063,18699,0,0,0,0,0
2020-03-17,Riverside,065,2383286,271,11,5,16,0
2020-03-17,Sacramento,067,1510023,237,36,0,36,1
2020-03-17,San Benito,069,59416,12,2,0,2,0
2020-03-17,San Bernardino,071,2135413,163,2,0,2,0
2020-03-17,San Diego,073,3302833,614,17,0,17,0
2020-03-17,San Francisco,075,870044,305,46,0,46,0
2020-03-17,San Joaquin,077,732212,84,11,3,14,0
2020-03-17,San Luis Obispo,079,281455,62,1,0,1,0
2020-03-17,San Mateo,081,765935,308,46,2,48,1
2020-03-17,Santa Barbara,083,443738,65,0,0,0,0
2020-03-17,Santa Clara,085,1922200,738,121,2,123,4
2020-03-17,Santa Cruz,087,273765,52,10,0,10,0
2020-03-17,Shasta,089,179085,5,1,0,1,0
2020-03-17,Sierra,091,2930,0,0,0,0,0
2020-03-17,Siskiyou,093,43540,3,0,0,0,0
2020-03-17,Solano,095,438530,48,27,0,27,0
2020-03-17,Sonoma,097,501317,70,4,0,4,0
2020-03-17,Stanislaus,099,539301,31,4,2,6,0
2020-03-17,Sutter,101,95872,5,0,0,0,0
2020-03-17,Tehama,103,63373,0,0,0,0,0
2020-03-17,Trinity,105,12862,0,0,0,0,0
2020-03-17,Tulare,107,460477,29,2,3,5,0
2020-03-17,Tuolumne,109,53932,2,0,0,0,0
2020-03-17,Ventura,111,848112,98,7,0,7,0
2020-03-17,Yolo,113,214977,20,2,0,2,0
2020-03-17,Yuba,115,75493,4,0,0,0,0
2020-03-16,Alameda,001,1643700,262,17,0,17,0
2020-03-16,Alpine,003,1148,0,0,0,0,0
2020-03-16,Amador,005,37829,1,0,0,0,0
2020-03-16,Butte,007,227075,3,0,0,0,0
2020-03-16,Calaveras,009,45235,4,2,0,2,0
2020-03-16,Colusa,011,21464,0,0,0,0,0
2020-03-16,Contra Costa,013,1133247,189,36,0,36,0
2020-03-16,Del Norte,015,27424,0,0,0,0,0
2020-03-16,El Dorado,017,186661,15,0,0,0,0
2020-03-16,Fresno,019,978130,53,2,1,3,0
2020-03-16,Glenn,021,27897,0,0,0,0,0
2020-03-16,Humboldt,023,135768,13,1,0,1,0
2020-03-16,Imperial,025,180216,19,2,0,2,0
2020-03-16,Inyo,027,18085,0,0,0,0,0
2020-03-16,Kern,029,883053,43,0,0,0,0
2020-03-16,Kings,031,150075,8,0,0,0,0
2020-03-16,Lake,033,64148,0,0,0,0,0
2020-03-16,Lassen,035,31185,1,0,0,0,0
2020-03-16,Los Angeles,037,10098052,1627,43,9,52,0
2020-03-16,Madera,039,155013,21,2,0,2,0
2020-03-16,Marin,041,260295,48,4,0,4,0
2020-03-16,Mariposa,043,17540,0,0,0,0,0
2020-03-16,Mendocino,045,87422,2,0,0,0,0
2020-03-16,Merced,047,269075,7,0,0,0,0
2020-03-16,Modoc,049,8938,0,0,0,0,0
2020-03-16,Mono,051,14174,7,0,0,0,0
2020-03-16,Monterey,053,433212,28,0,0,0,0
2020-03-16,Napa,055,140530,7,0,0,0,0
2020-03-16,Nevada,057,99092,11,1,1,2,0
2020-03-16,Orange,059,3164182,415,18,3,21,0
2020-03-16,Placer,061,380077,39,7,0,7,1
2020-03-16,Plumas,063,18699,0,0,0,0,0
2020-03-16,Riverside,065,2383286,235,10,5,15,0
2020-03-16,Sacramento,067,1510023,210,34,0,34,1
2020-03-16,San Benito,069,59416,8,2,0,2,0
2020-03-16,San Bernardino,071,2135413,143,1,0,1,0
2020-03-16,San Diego,073,3302833,523,17,0,17,0
2020-03-16,San Francisco,075,870044,267,40,0,40,0
2020-03-16,San Joaquin,077,732212,74,9,3,12,0
2020-03-16,San Luis Obispo,079,281455,55,1,0,1,0
2020-03-16,San Mateo,081,765935,269,42,2,44,1
2020-03-16,Santa Barbara,083,443738,55,0,0,0,0
2020-03-16,Santa Clara,085,1922200,658,115,1,116,2
2020-03-16,Santa Cruz,087,273765,45,9,0,9,0
2020-03-16,Shasta,089,179085,5,1,0,1,0
2020-03-16,Sierra,091,2930,0,0,0,0,0
2020-03-16,Siskiyou,093,43540,2,0,0,0,0
2020-03-16,Solano,095,438530,43,27,0,27,0
2020-03-16,Sonoma,097,501317,62,4,0,4,0
2020-03-16,Stanislaus,099,539301,27,2,2,4,0
2020-03-16,Sutter,101,95872,3,0,0,0,0
2020-03-16,Tehama,103,63373,0,0,0,0,0
2020-03-16,Trinity,105,12862,0,0,0,0,0
2020-03-16,Tulare,107,460477,25,2,3,5,0
2020-03-16,Tuolumne,109,53932,2,0,0,0,0
2020-03-16,Ventura,111,848112,88,7,0,7,0
2020-03-16,Yolo,113,214977,18,2,0,2,0
2020-03-16,Yuba,115,75493,3,0,0,0,0
2020-03-15,Alameda,001,1643700,215,17,0,17,0
2020-03-15,Alpine,003,1148,0,0,0,0,0
2020-03-15,Amador,005,37829,1,0,0,0,0
2020-03-15,Butte,007,227075,3,0,0,0,0
2020-03-15,Calaveras,009,45235,2,2,0,2,0
2020-03-15,Colusa,011,21464,0,0,0,0,0
2020-03-15,Contra Costa,013,1133247,164,34,0,34,0
2020-03-15,Del Norte,015,27424,0,0,0,0,0
2020-03-15,El Dorado,017,186661,14,0,0,0,0
2020-03-15,Fresno,019,978130,33,1,1,2,0
2020-03-15,Glenn,021,27897,0,0,0,0,0
2020-03-15,Humboldt,023,135768,11,1,0,1,0
2020-03-15,Imperial,025,180216,14,2,0,2,0
2020-03-15,Inyo,027,18085,0,0,0,0,0
2020-03-15,Kern,029,883053,37,0,0,0,0
2020-03-15,Kings,031,150075,8,0,0,0,0
2020-03-15,Lake,033,64148,0,0,0,0,0
2020-03-15,Lassen,035,31185,1,0,0,0,0
2020-03-15,Los Angeles,037,10098052,1379,41,9,50,0
2020-03-15,Madera,039,155013,20,2,0,2,0
2020-03-15,Marin,041,260295,41,3,0,3,0
2020-03-15,Mariposa,043,17540,0,0,0,0,0
2020-03-15,Mendocino,045,87422,2,0,0,0,0
2020-03-15,Merced,047,269075,4,0,0,0,0
2020-03-15,Modoc,049,8938,0,0,0,0,0
2020-03-15,Mono,051,14174,6,0,0,0,0
2020-03-15,Monterey,053,433212,21,0,0,0,0
2020-03-15,Napa,055,140530,7,0,0,0,0
2020-03-15,Nevada,057,99092,11,0,1,1,0
2020-03-15,Orange,059,3164182,347,16,1,17,0
2020-03-15,Placer,061,380077,33,7,0,7,1
2020-03-15,Plumas,063,18699,0,0,0,0,0
2020-03-15,Riverside,065,2383286,183,10,5,15,0
2020-03-15,Sacramento,067,1510023,174,30,0,30,1
2020-03-15,San Benito,069,59416,8,2,0,2,0
2020-03-15,San Bernardino,071,2135413,121,0,0,0,0
2020-03-15,San Diego,073,3302833,436,16,0,16,0
2020-03-15,San Francisco,075,870044,209,31,0,31,0
2020-03-15,San Joaquin,077,732212,63,6,3,9,0
2020-03-15,San Luis Obispo,079,281455,45,1,0,1,0
2020-03-15,San Mateo,081,765935,235,29,1,30,1
2020-03-15,Santa Barbara,083,443738,46,0,0,0,0
2020-03-15,Santa Clara,085,1922200,586,79,1,80,2
2020-03-15,Santa Cruz,087,273765,38,8,0,8,0
2020-03-15,Shasta,089,179085,5,1,0,1,0
2020-03-15,Sierra,091,2930,0,0,0,0,0
2020-03-15,Siskiyou,093,43540,2,0,0,0,0
2020-03-15,Solano,095,438530,42,26,0,26,0
2020-03-15,Sonoma,097,501317,53,4,0,4,0
2020-03-15,Stanislaus,099,539301,26,2,2,4,0
2020-03-15,Sutter,101,95872,2,0,0,0,0
2020-03-15,Tehama,103,63373,0,0,0,0,0
2020-03-15,Trinity,105,12862,0,0,0,0,0
2020-03-15,Tulare,107,460477,19,2,3,5,0
2020-03-15,Tuolumne,109,53932,1,0,0,0,0
2020-03-15,Ventura,111,848112,77,5,0,5,0
2020-03-15,Yolo,113,214977,15,2,0,2,0
2020-03-15,Yuba,115,75493,2,0,0,0,0
2020-03-14,Alameda,001,1643700,196,11,0,11,0
2020-03-14,Alpine,003,1148,0,0,0,0,0
2020-03-14,Amador,005,37829,1,0,0,0,0
2020-03-14,Butte,007,227075,2,0,0,0,0
2020-03-14,Calaveras,009,45235,2,2,0,2,0
2020-03-14,Colusa,011,21464,0,0,0,0,0
2020-03-14,Contra Costa,013,1133247,142,30,0,30,0
2020-03-14,Del Norte,015,27424,0,0,0,0,0
2020-03-14,El Dorado,017,186661,12,0,0,0,0
2020-03-14,Fresno,019,978130,25,1,1,2,0
2020-03-14,Glenn,021,27897,0,0,0,0,0
2020-03-14,Humboldt,023,135768,7,1,0,1,0
2020-03-14,Imperial,025,180216,10,2,0,2,0
2020-03-14,Inyo,027,18085,0,0,0,0,0
2020-03-14,Kern,029,883053,32,0,0,0,0
2020-03-14,Kings,031,150075,8,0,0,0,0
2020-03-14,Lake,033,64148,0,0,0,0,0
2020-03-14,Lassen,035,31185,1,0,0,0,0
2020-03-14,Los Angeles,037,10098052,1197,35,9,44,0
2020-03-14,Madera,039,155013,19,2,0,2,0
2020-03-14,Marin,041,260295,37,3,0,3,0
2020-03-14,Mariposa,043,17540,0,0,0,0,0
2020-03-14,Mendocino,045,87422,2,0,0,0,0
2020-03-14,Merced,047,269075,4,0,0,0,0
2020-03-14,Modoc,049,8938,0,0,0,0,0
2020-03-14,Mono,051,14174,5,0,0,0,0
2020-03-14,Monterey,053,433212,15,0,0,0,0
2020-03-14,Napa,055,140530,5,0,0,0,0
2020-03-14,Nevada,057,99092,8,0,1,1,0
2020-03-14,Orange,059,3164182,308,14,0,14,0
2020-03-14,Placer,061,380077,29,6,0,6,1
2020-03-14,Plumas,063,18699,0,0,0,0,0
2020-03-14,Riverside,065,2383286,163,10,5,15,0
2020-03-14,Sacramento,067,1510023,152,31,0,31,1
2020-03-14,San Benito,069,59416,8,2,0,2,0
2020-03-14,San Bernardino,071,2135413,102,0,0,0,0
2020-03-14,San Diego,073,3302833,361,10,0,10,0
2020-03-14,San Francisco,075,870044,188,29,0,29,0
2020-03-14,San Joaquin,077,732212,54,6,3,9,0
2020-03-14,San Luis Obispo,079,281455,40,0,0,0,0
2020-03-14,San Mateo,081,765935,212,27,1,28,0
2020-03-14,Santa Barbara,083,443738,37,0,0,0,0
2020-03-14,Santa Clara,085,1922200,531,62,1,63,2
2020-03-14,Santa Cruz,087,273765,33,8,0,8,0
2020-03-14,Shasta,089,179085,5,1,0,1,0
2020-03-14,Sierra,091,2930,0,0,0,0,0
2020-03-14,Siskiyou,093,43540,1,0,0,0,0
2020-03-14,Solano,095,438530,40,26,0,26,0
2020-03-14,Sonoma,097,501317,40,2,0,2,0
2020-03-14,Stanislaus,099,539301,22,2,2,4,0
2020-03-14,Sutter,101,95872,2,0,0,0,0
2020-03-14,Tehama,103,63373,0,0,0,0,0
2020-03-14,Trinity,105,12862,0,0,0,0,0
2020-03-14,Tulare,107,460477,17,2,2,4,0
2020-03-14,Tuolumne,109,53932,1,0,0,0,0
2020-03-14,Ventura,111,848112,68,5,0,5,0
2020-03-14,Yolo,113,214977,15,2,0,2,0
2020-03-14,Yuba,115,75493,1,0,0,0,0
2020-03-13,Alameda,001,1643700,177,12,0,12,0
2020-03-13,Alpine,003,1148,0,0,0,0,0
2020-03-13,Amador,005,37829,1,0,0,0,0
2020-03-13,Butte,007,227075,0,0,0,0,0
2020-03-13,Calaveras,009,45235,2,2,0,2,0
2020-03-13,Colusa,011,21464,0,0,0,0,0
2020-03-13,Contra Costa,013,1133247,128,22,0,22,0
2020-03-13,Del Norte,015,27424,0,0,0,0,0
2020-03-13,El Dorado,017,186661,11,0,0,0,0
2020-03-13,Fresno,019,978130,20,1,1,2,0
2020-03-13,Glenn,021,27897,0,0,0,0,0
2020-03-13,Humboldt,023,135768,7,1,0,1,0
2020-03-13,Imperial,025,180216,9,2,0,2,0
2020-03-13,Inyo,027,18085,0,0,0,0,0
2020-03-13,Kern,029,883053,27,0,0,0,0
2020-03-13,Kings,031,150075,7,0,0,0,0
2020-03-13,Lake,033,64148,0,0,0,0,0
2020-03-13,Lassen,035,31185,1,0,0,0,0
2020-03-13,Los Angeles,037,10098052,1040,30,7,37,0
2020-03-13,Madera,039,155013,18,1,0,1,0
2020-03-13,Marin,041,260295,34,3,0,3,0
2020-03-13,Mariposa,043,17540,0,0,0,0,0
2020-03-13,Mendocino,045,87422,2,0,0,0,0
2020-03-13,Merced,047,269075,2,0,0,0,0
2020-03-13,Modoc,049,8938,0,0,0,0,0
2020-03-13,Mono,051,14174,3,0,0,0,0
2020-03-13,Monterey,053,433212,10,0,0,0,0
2020-03-13,Napa,055,140530,3,0,0,0,0
2020-03-13,Nevada,057,99092,7,0,1,1,0
2020-03-13,Orange,059,3164182,268,10,0,10,0
2020-03-13,Placer,061,380077,27,6,0,6,1
2020-03-13,Plumas,063,18699,0,0,0,0,0
2020-03-13,Riverside,065,2383286,133,5,4,9,0
2020-03-13,Sacramento,067,1510023,130,18,0,18,1
2020-03-13,San Benito,069,59416,6,2,0,2,0
2020-03-13,San Bernardino,071,2135413,96,0,0,0,0
2020-03-13,San Diego,073,3302833,311,8,0,8,0
2020-03-13,San Francisco,075,870044,174,28,0,28,0
2020-03-13,San Joaquin,077,732212,50,6,3,9,0
2020-03-13,San Luis Obispo,079,281455,33,0,0,0,0
2020-03-13,San Mateo,081,765935,191,24,1,25,0
2020-03-13,Santa Barbara,083,443738,33,0,0,0,0
2020-03-13,Santa Clara,085,1922200,469,59,1,60,1
2020-03-13,Santa Cruz,087,273765,32,7,0,7,0
2020-03-13,Shasta,089,179085,3,1,0,1,0
2020-03-13,Sierra,091,2930,0,0,0,0,0
2020-03-13,Siskiyou,093,43540,0,0,0,0,0
2020-03-13,Solano,095,438530,39,26,0,26,0
2020-03-13,Sonoma,097,501317,39,2,0,2,0
2020-03-13,Stanislaus,099,539301,17,2,2,4,0
2020-03-13,Sutter,101,95872,2,0,0,0,0
2020-03-13,Tehama,103,63373,0,0,0,0,0
2020-03-13,Trinity,105,12862,0,0,0,0,0
2020-03-13,Tulare,107,460477,14,2,2,4,0
2020-03-13,Tuolumne,109,53932,1,0,0,0,0
2020-03-13,Ventura,111,848112,54,5,0,5,0
2020-03-13,Yolo,113,214977,14,1,0,1,0
2020-03-13,Yuba,115,75493,1,0,0,0,0
2020-03-12,Alameda,001,1643700,152,9,0,9,0
2020-03-12,Alpine,003,1148,0,0,0,0,0
2020-03-12,Amador,005,37829,1,0,0,0,0
2020-03-12,Butte,007,227075,0,0,0,0,0
2020-03-12,Calaveras,009,45235,2,2,0,2,0
2020-03-12,Colusa,011,21464,0,0,0,0,0
2020-03-12,Contra Costa,013,1133247,110,18,0,18,0
2020-03-12,Del Norte,015,27424,0,0,0,0,0
2020-03-12,El Dorado,017,186661,9,0,0,0,0
2020-03-12,Fresno,019,978130,12,1,1,2,0
2020-03-12,Glenn,021,27897,0,0,0,0,0
2020-03-12,Humboldt,023,135768,6,1,0,1,0
2020-03-12,Imperial,025,180216,8,2,0,2,0
2020-03-12,Inyo,027,18085,0,0,0,0,0
2020-03-12,Kern,029,883053,18,0,0,0,0
2020-03-12,Kings,031,150075,4,0,0,0,0
2020-03-12,Lake,033,64148,0,0,0,0,0
2020-03-12,Lassen,035,31185,1,0,0,0,0
2020-03-12,Los Angeles,037,10098052,876,30,7,37,0
2020-03-12,Madera,039,155013,15,1,0,1,0
2020-03-12,Marin,041,260295,24,1,0,1,0
2020-03-12,Mariposa,043,17540,0,0,0,0,0
2020-03-12,Mendocino,045,87422,2,0,0,0,0
2020-03-12,Merced,047,269075,2,0,0,0,0
2020-03-12,Modoc,049,8938,0,0,0,0,0
2020-03-12,Mono,051,14174,3,0,0,0,0
2020-03-12,Monterey,053,433212,8,0,0,0,0
2020-03-12,Napa,055,140530,3,0,0,0,0
2020-03-12,Nevada,057,99092,4,0,1,1,0
2020-03-12,Orange,059,3164182,231,7,0,7,0
2020-03-12,Placer,061,380077,23,6,0,6,1
2020-03-12,Plumas,063,18699,0,0,0,0,0
2020-03-12,Riverside,065,2383286,107,5,2,7,0
2020-03-12,Sacramento,067,1510023,106,17,0,17,1
2020-03-12,San Benito,069,59416,5,2,0,2,0
2020-03-12,San Bernardino,071,2135413,80,0,0,0,0
2020-03-12,San Diego,073,3302833,256,9,0,9,0
2020-03-12,San Francisco,075,870044,149,20,0,20,0
2020-03-12,San Joaquin,077,732212,44,3,3,6,1
2020-03-12,San Luis Obispo,079,281455,26,0,0,0,0
2020-03-12,San Mateo,081,765935,157,21,1,22,0
2020-03-12,Santa Barbara,083,443738,22,0,0,0,0
2020-03-12,Santa Clara,085,1922200,411,51,1,52,1
2020-03-12,Santa Cruz,087,273765,29,5,0,5,0
2020-03-12,Shasta,089,179085,2,1,0,1,0
2020-03-12,Sierra,091,2930,0,0,0,0,0
2020-03-12,Siskiyou,093,43540,0,0,0,0,0
2020-03-12,Solano,095,438530,34,26,0,26,0
2020-03-12,Sonoma,097,501317,34,2,0,2,0
2020-03-12,Stanislaus,099,539301,15,2,2,4,0
2020-03-12,Sutter,101,95872,0,0,0,0,0
2020-03-12,Tehama,103,63373,0,0,0,0,0
2020-03-12,Trinity,105,12862,0,0,0,0,0
2020-03-12,Tulare,107,460477,12,1,1,2,0
2020-03-12,Tuolumne,109,53932,1,0,0,0,0
2020-03-12,Ventura,111,848112,45,3,0,3,0
2020-03-12,Yolo,113,214977,13,1,0,1,0
2020-03-12,Yuba,115,75493,1,0,0,0,0
2020-03-11,Alameda,001,1643700,122,5,0,5,0
2020-03-11,Alpine,003,1148,0,0,0,0,0
2020-03-11,Amador,005,37829,1,0,0,0,0
2020-03-11,Butte,007,227075,0,0,0,0,0
2020-03-11,Calaveras,009,45235,2,2,0,2,0
2020-03-11,Colusa,011,21464,0,0,0,0,0
2020-03-11,Contra Costa,013,1133247,94,16,0,16,0
2020-03-11,Del Norte,015,27424,0,0,0,0,0
2020-03-11,El Dorado,017,186661,8,0,0,0,0
2020-03-11,Fresno,019,978130,9,1,1,2,0
2020-03-11,Glenn,021,27897,0,0,0,0,0
2020-03-11,Humboldt,023,135768,6,1,0,1,0
2020-03-11,Imperial,025,180216,6,0,0,0,0
2020-03-11,Inyo,027,18085,0,0,0,0,0
2020-03-11,Kern,029,883053,16,0,0,0,0
2020-03-11,Kings,031,150075,2,0,0,0,0
2020-03-11,Lake,033,64148,0,0,0,0,0
2020-03-11,Lassen,035,31185,1,0,0,0,0
2020-03-11,Los Angeles,037,10098052,703,21,7,28,0
2020-03-11,Madera,039,155013,12,1,0,1,0
2020-03-11,Marin,041,260295,17,1,0,1,0
2020-03-11,Mariposa,043,17540,0,0,0,0,0
2020-03-11,Mendocino,045,87422,1,0,0,0,0
2020-03-11,Merced,047,269075,2,0,0,0,0
2020-03-11,Modoc,049,8938,0,0,0,0,0
2020-03-11,Mono,051,14174,3,0,0,0,0
2020-03-11,Monterey,053,433212,7,0,0,0,0
2020-03-11,Napa,055,140530,2,0,0,0,0
2020-03-11,Nevada,057,99092,4,0,1,1,0
2020-03-11,Orange,059,3164182,202,6,0,6,0
2020-03-11,Placer,061,380077,18,6,0,6,1
2020-03-11,Plumas,063,18699,0,0,0,0,0
2020-03-11,Riverside,065,2383286,81,4,1,5,0
2020-03-11,Sacramento,067,1510023,88,9,0,9,1
2020-03-11,San Benito,069,59416,5,2,0,2,0
2020-03-11,San Bernardino,071,2135413,73,0,0,0,0
2020-03-11,San Diego,073,3302833,206,4,0,4,0
2020-03-11,San Francisco,075,870044,124,17,0,17,0
2020-03-11,San Joaquin,077,732212,33,1,3,4,0
2020-03-11,San Luis Obispo,079,281455,23,0,0,0,0
2020-03-11,San Mateo,081,765935,139,16,0,16,0
2020-03-11,Santa Barbara,083,443738,13,0,0,0,0
2020-03-11,Santa Clara,085,1922200,370,48,1,49,1
2020-03-11,Santa Cruz,087,273765,26,2,0,2,0
2020-03-11,Shasta,089,179085,2,1,0,1,0
2020-03-11,Sierra,091,2930,0,0,0,0,0
2020-03-11,Siskiyou,093,43540,0,0,0,0,0
2020-03-11,Solano,095,438530,29,26,0,26,0
2020-03-11,Sonoma,097,501317,30,2,0,2,0
2020-03-11,Stanislaus,099,539301,15,2,2,4,0
2020-03-11,Sutter,101,95872,0,0,0,0,0
2020-03-11,Tehama,103,63373,0,0,0,0,0
2020-03-11,Trinity,105,12862,0,0,0,0,0
2020-03-11,Tulare,107,460477,10,0,1,1,0
2020-03-11,Tuolumne,109,53932,1,0,0,0,0
2020-03-11,Ventura,111,848112,37,3,0,3,0
2020-03-11,Yolo,113,214977,9,1,0,1,0
2020-03-11,Yuba,115,75493,1,0,0,0,0
2020-03-10,Alameda,001,1643700,101,4,0,4,0
2020-03-10,Alpine,003,1148,0,0,0,0,0
2020-03-10,Amador,005,37829,1,0,0,0,0
2020-03-10,Butte,007,227075,0,0,0,0,0
2020-03-10,Calaveras,009,45235,2,2,0,2,0
2020-03-10,Colusa,011,21464,0,0,0,0,0
2020-03-10,Contra Costa,013,1133247,84,11,0,11,0
2020-03-10,Del Norte,015,27424,0,0,0,0,0
2020-03-10,El Dorado,017,186661,7,0,0,0,0
2020-03-10,Fresno,019,978130,7,1,1,2,0
2020-03-10,Glenn,021,27897,0,0,0,0,0
2020-03-10,Humboldt,023,135768,6,1,0,1,0
2020-03-10,Imperial,025,180216,5,0,0,0,0
2020-03-10,Inyo,027,18085,0,0,0,0,0
2020-03-10,Kern,029,883053,11,0,0,0,0
2020-03-10,Kings,031,150075,2,0,0,0,0
2020-03-10,Lake,033,64148,0,0,0,0,0
2020-03-10,Lassen,035,31185,1,0,0,0,0
2020-03-10,Los Angeles,037,10098052,567,20,7,27,0
2020-03-10,Madera,039,155013,7,1,0,1,0
2020-03-10,Marin,041,260295,16,1,0,1,0
2020-03-10,Mariposa,043,17540,0,0,0,0,0
2020-03-10,Mendocino,045,87422,0,0,0,0,0
2020-03-10,Merced,047,269075,2,0,0,0,0
2020-03-10,Modoc,049,8938,0,0,0,0,0
2020-03-10,Mono,051,14174,3,0,0,0,0
2020-03-10,Monterey,053,433212,5,0,0,0,0
2020-03-10,Napa,055,140530,2,0,0,0,0
2020-03-10,Nevada,057,99092,3,0,1,1,0
2020-03-10,Orange,059,3164182,182,5,0,5,1
2020-03-10,Placer,061,380077,14,7,0,7,1
2020-03-10,Plumas,063,18699,0,0,0,0,0
2020-03-10,Riverside,065,2383286,59,4,1,5,0
2020-03-10,Sacramento,067,1510023,79,8,0,8,0
2020-03-10,San Benito,069,59416,5,2,0,2,0
2020-03-10,San Bernardino,071,2135413,65,0,0,0,0
2020-03-10,San Diego,073,3302833,163,3,0,3,0
2020-03-10,San Francisco,075,870044,92,16,0,16,0
2020-03-10,San Joaquin,077,732212,30,1,3,4,0
2020-03-10,San Luis Obispo,079,281455,15,0,0,0,0
2020-03-10,San Mateo,081,765935,123,11,0,11,0
2020-03-10,Santa Barbara,083,443738,10,0,0,0,0
2020-03-10,Santa Clara,085,1922200,322,45,1,46,1
2020-03-10,Santa Cruz,087,273765,22,2,0,2,0
2020-03-10,Shasta,089,179085,2,1,0,1,0
2020-03-10,Sierra,091,2930,0,0,0,0,0
2020-03-10,Siskiyou,093,43540,0,0,0,0,0
2020-03-10,Solano,095,438530,27,26,0,26,0
2020-03-10,Sonoma,097,501317,27,2,0,2,0
2020-03-10,Stanislaus,099,539301,11,0,2,2,0
2020-03-10,Sutter,101,95872,0,0,0,0,0
2020-03-10,Tehama,103,63373,0,0,0,0,0
2020-03-10,Trinity,105,12862,0,0,0,0,0
2020-03-10,Tulare,107,460477,9,0,1,1,0
2020-03-10,Tuolumne,109,53932,1,0,0,0,0
2020-03-10,Ventura,111,848112,29,1,0,1,0
2020-03-10,Yolo,113,214977,6,2,0,2,0
2020-03-10,Yuba,115,75493,1,0,0,0,0
2020-03-09,Alameda,001,1643700,73,4,0,4,0
2020-03-09,Alpine,003,1148,0,0,0,0,0
2020-03-09,Amador,005,37829,0,0,0,0,0
2020-03-09,Butte,007,227075,0,0,0,0,0
2020-03-09,Calaveras,009,45235,2,0,0,0,0
2020-03-09,Colusa,011,21464,0,0,0,0,0
2020-03-09,Contra Costa,013,1133247,72,9,0,9,0
2020-03-09,Del Norte,015,27424,0,0,0,0,0
2020-03-09,El Dorado,017,186661,5,0,0,0,0
2020-03-09,Fresno,019,978130,7,1,1,2,0
2020-03-09,Glenn,021,27897,0,0,0,0,0
2020-03-09,Humboldt,023,135768,5,1,0,1,0
2020-03-09,Imperial,025,180216,5,0,0,0,0
2020-03-09,Inyo,027,18085,0,0,0,0,0
2020-03-09,Kern,029,883053,8,0,0,0,0
2020-03-09,Kings,031,150075,1,0,0,0,0
2020-03-09,Lake,033,64148,0,0,0,0,0
2020-03-09,Lassen,035,31185,1,0,0,0,0
2020-03-09,Los Angeles,037,10098052,463,17,6,23,0
2020-03-09,Madera,039,155013,7,1,0,1,0
2020-03-09,Marin,041,260295,15,1,0,1,0
2020-03-09,Mariposa,043,17540,0,0,0,0,0
2020-03-09,Mendocino,045,87422,0,0,0,0,0
2020-03-09,Merced,047,269075,2,0,0,0,0
2020-03-09,Modoc,049,8938,0,0,0,0,0
2020-03-09,Mono,051,14174,3,0,0,0,0
2020-03-09,Monterey,053,433212,3,0,0,0,0
2020-03-09,Napa,055,140530,2,0,0,0,0
2020-03-09,Nevada,057,99092,2,0,1,1,0
2020-03-09,Orange,059,3164182,154,4,0,4,0
2020-03-09,Placer,061,380077,12,7,0,7,1
2020-03-09,Plumas,063,18699,0,0,0,0,0
2020-03-09,Riverside,065,2383286,49,4,1,5,0
2020-03-09,Sacramento,067,1510023,75,8,0,8,0
2020-03-09,San Benito,069,59416,3,2,0,2,0
2020-03-09,San Bernardino,071,2135413,54,0,0,0,0
2020-03-09,San Diego,073,3302833,124,2,0,2,0
2020-03-09,San Francisco,075,870044,72,14,0,14,0
2020-03-09,San Joaquin,077,732212,21,0,3,3,0
2020-03-09,San Luis Obispo,079,281455,15,0,0,0,0
2020-03-09,San Mateo,081,765935,109,6,0,6,0
2020-03-09,Santa Barbara,083,443738,8,0,0,0,0
2020-03-09,Santa Clara,085,1922200,278,42,1,43,1
2020-03-09,Santa Cruz,087,273765,19,2,0,2,0
2020-03-09,Shasta,089,179085,2,1,0,1,0
2020-03-09,Sierra,091,2930,0,0,0,0,0
2020-03-09,Siskiyou,093,43540,0,0,0,0,0
2020-03-09,Solano,095,438530,25,26,0,26,0
2020-03-09,Sonoma,097,501317,22,2,0,2,0
2020-03-09,Stanislaus,099,539301,11,0,2,2,0
2020-03-09,Sutter,101,95872,0,0,0,0,0
2020-03-09,Tehama,103,63373,0,0,0,0,0
2020-03-09,Trinity,105,12862,0,0,0,0,0
2020-03-09,Tulare,107,460477,9,0,1,1,0
2020-03-09,Tuolumne,109,53932,1,0,0,0,0
2020-03-09,Ventura,111,848112,25,1,0,1,0
2020-03-09,Yolo,113,214977,5,2,0,2,0
2020-03-09,Yuba,115,75493,0,0,0,0,0
2020-03-08,Alameda,001,1643700,48,4,0,4,0
2020-03-08,Alpine,003,1148,0,0,0,0,0
2020-03-08,Amador,005,37829,0,0,0,0,0
2020-03-08,Butte,007,227075,0,0,0,0,0
2020-03-08,Calaveras,009,45235,2,0,0,0,0
2020-03-08,Colusa,011,21464,0,0,0,0,0
2020-03-08,Contra Costa,013,1133247,58,9,0,9,0
2020-03-08,Del Norte,015,27424,0,0,0,0,0
2020-03-08,El Dorado,017,186661,5,0,0,0,0
2020-03-08,Fresno,019,978130,5,1,1,2,0
2020-03-08,Glenn,021,27897,0,0,0,0,0
2020-03-08,Humboldt,023,135768,5,1,0,1,0
2020-03-08,Imperial,025,180216,5,0,0,0,0
2020-03-08,Inyo,027,18085,0,0,0,0,0
2020-03-08,Kern,029,883053,8,0,0,0,0
2020-03-08,Kings,031,150075,0,0,0,0,0
2020-03-08,Lake,033,64148,0,0,0,0,0
2020-03-08,Lassen,035,31185,0,0,0,0,0
2020-03-08,Los Angeles,037,10098052,368,14,6,20,0
2020-03-08,Madera,039,155013,7,1,0,1,0
2020-03-08,Marin,041,260295,13,1,0,1,0
2020-03-08,Mariposa,043,17540,0,0,0,0,0
2020-03-08,Mendocino,045,87422,0,0,0,0,0
2020-03-08,Merced,047,269075,2,0,0,0,0
2020-03-08,Modoc,049,8938,0,0,0,0,0
2020-03-08,Mono,051,14174,3,0,0,0,0
2020-03-08,Monterey,053,433212,3,0,0,0,0
2020-03-08,Napa,055,140530,2,0,0,0,0
2020-03-08,Nevada,057,99092,1,0,1,1,0
2020-03-08,Orange,059,3164182,129,4,0,4,0
2020-03-08,Placer,061,380077,11,7,0,7,1
2020-03-08,Plumas,063,18699,0,0,0,0,0
2020-03-08,Riverside,065,2383286,41,1,1,2,0
2020-03-08,Sacramento,067,1510023,65,5,0,5,0
2020-03-08,San Benito,069,59416,3,2,0,2,0
2020-03-08,San Bernardino,071,2135413,43,0,0,0,0
2020-03-08,San Diego,073,3302833,90,2,0,2,0
2020-03-08,San Francisco,075,870044,53,9,0,9,0
2020-03-08,San Joaquin,077,732212,18,0,3,3,0
2020-03-08,San Luis Obispo,079,281455,9,0,0,0,0
2020-03-08,San Mateo,081,765935,96,4,0,4,0
2020-03-08,Santa Barbara,083,443738,5,0,0,0,0
2020-03-08,Santa Clara,085,1922200,236,36,1,37,0
2020-03-08,Santa Cruz,087,273765,17,1,0,1,0
2020-03-08,Shasta,089,179085,2,0,0,0,0
2020-03-08,Sierra,091,2930,0,0,0,0,0
2020-03-08,Siskiyou,093,43540,0,0,0,0,0
2020-03-08,Solano,095,438530,24,26,0,26,0
2020-03-08,Sonoma,097,501317,17,2,0,2,0
2020-03-08,Stanislaus,099,539301,10,0,2,2,0
2020-03-08,Sutter,101,95872,0,0,0,0,0
2020-03-08,Tehama,103,63373,0,0,0,0,0
2020-03-08,Trinity,105,12862,0,0,0,0,0
2020-03-08,Tulare,107,460477,9,0,0,0,0
2020-03-08,Tuolumne,109,53932,1,0,0,0,0
2020-03-08,Ventura,111,848112,21,1,0,1,0
2020-03-08,Yolo,113,214977,2,2,0,2,0
2020-03-08,Yuba,115,75493,0,0,0,0,0
2020-03-07,Alameda,001,1643700,43,3,0,3,0
2020-03-07,Alpine,003,1148,0,0,0,0,0
2020-03-07,Amador,005,37829,0,0,0,0,0
2020-03-07,Butte,007,227075,0,0,0,0,0
2020-03-07,Calaveras,009,45235,2,0,0,0,0
2020-03-07,Colusa,011,21464,0,0,0,0,0
2020-03-07,Contra Costa,013,1133247,55,4,0,4,0
2020-03-07,Del Norte,015,27424,0,0,0,0,0
2020-03-07,El Dorado,017,186661,4,0,0,0,0
2020-03-07,Fresno,019,978130,4,1,1,2,0
2020-03-07,Glenn,021,27897,0,0,0,0,0
2020-03-07,Humboldt,023,135768,5,1,0,1,0
2020-03-07,Imperial,025,180216,4,0,0,0,0
2020-03-07,Inyo,027,18085,0,0,0,0,0
2020-03-07,Kern,029,883053,7,0,0,0,0
2020-03-07,Kings,031,150075,0,0,0,0,0
2020-03-07,Lake,033,64148,0,0,0,0,0
2020-03-07,Lassen,035,31185,0,0,0,0,0
2020-03-07,Los Angeles,037,10098052,317,14,6,20,0
2020-03-07,Madera,039,155013,6,1,0,1,0
2020-03-07,Marin,041,260295,11,0,0,0,0
2020-03-07,Mariposa,043,17540,0,0,0,0,0
2020-03-07,Mendocino,045,87422,0,0,0,0,0
2020-03-07,Merced,047,269075,2,0,0,0,0
2020-03-07,Modoc,049,8938,0,0,0,0,0
2020-03-07,Mono,051,14174,3,0,0,0,0
2020-03-07,Monterey,053,433212,3,0,0,0,0
2020-03-07,Napa,055,140530,1,0,0,0,0
2020-03-07,Nevada,057,99092,1,0,1,1,0
2020-03-07,Orange,059,3164182,121,4,0,4,0
2020-03-07,Placer,061,380077,11,6,0,6,1
2020-03-07,Plumas,063,18699,0,0,0,0,0
2020-03-07,Riverside,065,2383286,31,0,1,1,0
2020-03-07,Sacramento,067,1510023,52,4,0,4,0
2020-03-07,San Benito,069,59416,3,2,0,2,0
2020-03-07,San Bernardino,071,2135413,41,0,0,0,0
2020-03-07,San Diego,073,3302833,72,2,0,2,0
2020-03-07,San Francisco,075,870044,47,9,0,9,0
2020-03-07,San Joaquin,077,732212,16,0,3,3,0
2020-03-07,San Luis Obispo,079,281455,6,0,0,0,0
2020-03-07,San Mateo,081,765935,86,1,0,1,0
2020-03-07,Santa Barbara,083,443738,5,0,0,0,0
2020-03-07,Santa Clara,085,1922200,206,31,1,32,0
2020-03-07,Santa Cruz,087,273765,17,1,0,1,0
2020-03-07,Shasta,089,179085,2,0,0,0,0
2020-03-07,Sierra,091,2930,0,0,0,0,0
2020-03-07,Siskiyou,093,43540,0,0,0,0,0
2020-03-07,Solano,095,438530,23,25,0,25,0
2020-03-07,Sonoma,097,501317,13,2,0,2,0
2020-03-07,Stanislaus,099,539301,9,0,2,2,0
2020-03-07,Sutter,101,95872,0,0,0,0,0
2020-03-07,Tehama,103,63373,0,0,0,0,0
2020-03-07,Trinity,105,12862,0,0,0,0,0
2020-03-07,Tulare,107,460477,6,0,0,0,0
2020-03-07,Tuolumne,109,53932,1,0,0,0,0
2020-03-07,Ventura,111,848112,18,1,0,1,0
2020-03-07,Yolo,113,214977,2,2,0,2,0
2020-03-07,Yuba,115,75493,0,0,0,0,0
2020-03-06,Alameda,001,1643700,41,3,0,3,0
2020-03-06,Alpine,003,1148,0,0,0,0,0
2020-03-06,Amador,005,37829,0,0,0,0,0
2020-03-06,Butte,007,227075,0,0,0,0,0
2020-03-06,Calaveras,009,45235,2,0,0,0,0
2020-03-06,Colusa,011,21464,0,0,0,0,0
2020-03-06,Contra Costa,013,1133247,46,4,0,4,0
2020-03-06,Del Norte,015,27424,0,0,0,0,0
2020-03-06,El Dorado,017,186661,3,0,0,0,0
2020-03-06,Fresno,019,978130,3,0,1,1,0
2020-03-06,Glenn,021,27897,0,0,0,0,0
2020-03-06,Humboldt,023,135768,4,1,0,1,0
2020-03-06,Imperial,025,180216,3,0,0,0,0
2020-03-06,Inyo,027,18085,0,0,0,0,0
2020-03-06,Kern,029,883053,6,0,0,0,0
2020-03-06,Kings,031,150075,0,0,0,0,0
2020-03-06,Lake,033,64148,0,0,0,0,0
2020-03-06,Lassen,035,31185,0,0,0,0,0
2020-03-06,Los Angeles,037,10098052,274,13,6,19,0
2020-03-06,Madera,039,155013,5,0,0,0,0
2020-03-06,Marin,041,260295,10,0,0,0,0
2020-03-06,Mariposa,043,17540,0,0,0,0,0
2020-03-06,Mendocino,045,87422,0,0,0,0,0
2020-03-06,Merced,047,269075,2,0,0,0,0
2020-03-06,Modoc,049,8938,0,0,0,0,0
2020-03-06,Mono,051,14174,1,0,0,0,0
2020-03-06,Monterey,053,433212,3,0,0,0,0
2020-03-06,Napa,055,140530,1,0,0,0,0
2020-03-06,Nevada,057,99092,1,0,1,1,0
2020-03-06,Orange,059,3164182,95,4,0,4,0
2020-03-06,Placer,061,380077,10,5,0,5,1
2020-03-06,Plumas,063,18699,0,0,0,0,0
2020-03-06,Riverside,065,2383286,30,0,1,1,0
2020-03-06,Sacramento,067,1510023,43,2,0,2,0
2020-03-06,San Benito,069,59416,3,2,0,2,0
2020-03-06,San Bernardino,071,2135413,39,0,0,0,0
2020-03-06,San Diego,073,3302833,59,2,0,2,0
2020-03-06,San Francisco,075,870044,41,2,0,2,0
2020-03-06,San Joaquin,077,732212,13,0,3,3,0
2020-03-06,San Luis Obispo,079,281455,4,0,0,0,0
2020-03-06,San Mateo,081,765935,78,1,0,1,0
2020-03-06,Santa Barbara,083,443738,3,0,0,0,0
2020-03-06,Santa Clara,085,1922200,188,20,1,21,0
2020-03-06,Santa Cruz,087,273765,15,0,0,0,0
2020-03-06,Shasta,089,179085,2,0,0,0,0
2020-03-06,Sierra,091,2930,0,0,0,0,0
2020-03-06,Siskiyou,093,43540,0,0,0,0,0
2020-03-06,Solano,095,438530,22,25,0,25,0
2020-03-06,Sonoma,097,501317,13,2,0,2,0
2020-03-06,Stanislaus,099,539301,5,0,2,2,0
2020-03-06,Sutter,101,95872,0,0,0,0,0
2020-03-06,Tehama,103,63373,0,0,0,0,0
2020-03-06,Trinity,105,12862,0,0,0,0,0
2020-03-06,Tulare,107,460477,6,0,0,0,0
2020-03-06,Tuolumne,109,53932,1,0,0,0,0
2020-03-06,Ventura,111,848112,15,1,0,1,0
2020-03-06,Yolo,113,214977,2,1,0,1,0
2020-03-06,Yuba,115,75493,0,0,0,0,0
2020-03-05,Alameda,001,1643700,35,2,0,2,0
2020-03-05,Alpine,003,1148,0,0,0,0,0
2020-03-05,Amador,005,37829,0,0,0,0,0
2020-03-05,Butte,007,227075,0,0,0,0,0
2020-03-05,Calaveras,009,45235,2,0,0,0,0
2020-03-05,Colusa,011,21464,0,0,0,0,0
2020-03-05,Contra Costa,013,1133247,39,1,0,1,0
2020-03-05,Del Norte,015,27424,0,0,0,0,0
2020-03-05,El Dorado,017,186661,1,0,0,0,0
2020-03-05,Fresno,019,978130,3,0,1,1,0
2020-03-05,Glenn,021,27897,0,0,0,0,0
2020-03-05,Humboldt,023,135768,4,1,0,1,0
2020-03-05,Imperial,025,180216,2,0,0,0,0
2020-03-05,Inyo,027,18085,0,0,0,0,0
2020-03-05,Kern,029,883053,6,0,0,0,0
2020-03-05,Kings,031,150075,0,0,0,0,0
2020-03-05,Lake,033,64148,0,0,0,0,0
2020-03-05,Lassen,035,31185,0,0,0,0,0
2020-03-05,Los Angeles,037,10098052,227,11,6,17,0
2020-03-05,Madera,039,155013,5,0,0,0,0
2020-03-05,Marin,041,260295,10,0,0,0,0
2020-03-05,Mariposa,043,17540,0,0,0,0,0
2020-03-05,Mendocino,045,87422,0,0,0,0,0
2020-03-05,Merced,047,269075,2,0,0,0,0
2020-03-05,Modoc,049,8938,0,0,0,0,0
2020-03-05,Mono,051,14174,1,0,0,0,0
2020-03-05,Monterey,053,433212,3,0,0,0,0
2020-03-05,Napa,055,140530,1,0,0,0,0
2020-03-05,Nevada,057,99092,0,0,1,1,0
2020-03-05,Orange,059,3164182,80,3,0,3,0
2020-03-05,Placer,061,380077,10,2,0,2,1
2020-03-05,Plumas,063,18699,0,0,0,0,0
2020-03-05,Riverside,065,2383286,27,0,1,1,0
2020-03-05,Sacramento,067,1510023,37,2,0,2,0
2020-03-05,San Benito,069,59416,1,2,0,2,0
2020-03-05,San Bernardino,071,2135413,34,0,0,0,0
2020-03-05,San Diego,073,3302833,52,2,0,2,0
2020-03-05,San Francisco,075,870044,31,2,0,2,0
2020-03-05,San Joaquin,077,732212,10,0,3,3,0
2020-03-05,San Luis Obispo,079,281455,4,0,0,0,0
2020-03-05,San Mateo,081,765935,65,1,0,1,0
2020-03-05,Santa Barbara,083,443738,2,0,0,0,0
2020-03-05,Santa Clara,085,1922200,164,14,1,15,0
2020-03-05,Santa Cruz,087,273765,13,0,0,0,0
2020-03-05,Shasta,089,179085,2,0,0,0,0
2020-03-05,Sierra,091,2930,0,0,0,0,0
2020-03-05,Siskiyou,093,43540,0,0,0,0,0
2020-03-05,Solano,095,438530,22,24,0,24,0
2020-03-05,Sonoma,097,501317,12,2,0,2,0
2020-03-05,Stanislaus,099,539301,4,0,2,2,0
2020-03-05,Sutter,101,95872,0,0,0,0,0
2020-03-05,Tehama,103,63373,0,0,0,0,0
2020-03-05,Trinity,105,12862,0,0,0,0,0
2020-03-05,Tulare,107,460477,6,0,0,0,0
2020-03-05,Tuolumne,109,53932,1,0,0,0,0
2020-03-05,Ventura,111,848112,13,0,0,0,0
2020-03-05,Yolo,113,214977,2,0,0,0,0
2020-03-05,Yuba,115,75493,0,0,0,0,0
2020-03-04,Alameda,001,1643700,31,2,0,2,0
2020-03-04,Alpine,003,1148,0,0,0,0,0
2020-03-04,Amador,005,37829,0,0,0,0,0
2020-03-04,Butte,007,227075,0,0,0,0,0
2020-03-04,Calaveras,009,45235,0,0,0,0,0
2020-03-04,Colusa,011,21464,0,0,0,0,0
2020-03-04,Contra Costa,013,1133247,34,1,0,1,0
2020-03-04,Del Norte,015,27424,0,0,0,0,0
2020-03-04,El Dorado,017,186661,1,0,0,0,0
2020-03-04,Fresno,019,978130,3,0,1,1,0
2020-03-04,Glenn,021,27897,0,0,0,0,0
2020-03-04,Humboldt,023,135768,1,1,0,1,0
2020-03-04,Imperial,025,180216,2,0,0,0,0
2020-03-04,Inyo,027,18085,0,0,0,0,0
2020-03-04,Kern,029,883053,6,0,0,0,0
2020-03-04,Kings,031,150075,0,0,0,0,0
2020-03-04,Lake,033,64148,0,0,0,0,0
2020-03-04,Lassen,035,31185,0,0,0,0,0
2020-03-04,Los Angeles,037,10098052,191,7,6,13,0
2020-03-04,Madera,039,155013,5,0,0,0,0
2020-03-04,Marin,041,260295,10,0,0,0,0
2020-03-04,Mariposa,043,17540,0,0,0,0,0
2020-03-04,Mendocino,045,87422,0,0,0,0,0
2020-03-04,Merced,047,269075,2,0,0,0,0
2020-03-04,Modoc,049,8938,0,0,0,0,0
2020-03-04,Mono,051,14174,1,0,0,0,0
2020-03-04,Monterey,053,433212,3,0,0,0,0
2020-03-04,Napa,055,140530,1,0,0,0,0
2020-03-04,Nevada,057,99092,0,0,1,1,0
2020-03-04,Orange,059,3164182,77,3,0,3,0
2020-03-04,Placer,061,380077,9,2,0,2,1
2020-03-04,Plumas,063,18699,0,0,0,0,0
2020-03-04,Riverside,065,2383286,23,0,1,1,0
2020-03-04,Sacramento,067,1510023,32,1,0,1,0
2020-03-04,San Benito,069,59416,1,2,0,2,0
2020-03-04,San Bernardino,071,2135413,31,0,0,0,0
2020-03-04,San Diego,073,3302833,39,2,0,2,0
2020-03-04,San Francisco,075,870044,26,0,0,0,0
2020-03-04,San Joaquin,077,732212,9,0,3,3,0
2020-03-04,San Luis Obispo,079,281455,4,0,0,0,0
2020-03-04,San Mateo,081,765935,60,1,0,1,0
2020-03-04,Santa Barbara,083,443738,2,0,0,0,0
2020-03-04,Santa Clara,085,1922200,147,12,1,13,0
2020-03-04,Santa Cruz,087,273765,13,0,0,0,0
2020-03-04,Shasta,089,179085,2,0,0,0,0
2020-03-04,Sierra,091,2930,0,0,0,0,0
2020-03-04,Siskiyou,093,43540,0,0,0,0,0
2020-03-04,Solano,095,438530,21,24,0,24,0
2020-03-04,Sonoma,097,501317,11,2,0,2,0
2020-03-04,Stanislaus,099,539301,4,0,2,2,0
2020-03-04,Sutter,101,95872,0,0,0,0,0
2020-03-04,Tehama,103,63373,0,0,0,0,0
2020-03-04,Trinity,105,12862,0,0,0,0,0
2020-03-04,Tulare,107,460477,6,0,0,0,0
2020-03-04,Tuolumne,109,53932,0,0,0,0,0
2020-03-04,Ventura,111,848112,12,0,0,0,0
2020-03-04,Yolo,113,214977,2,0,0,0,0
2020-03-04,Yuba,115,75493,0,0,0,0,0
2020-03-03,Alameda,001,1643700,25,2,0,2,0
2020-03-03,Alpine,003,1148,0,0,0,0,0
2020-03-03,Amador,005,37829,0,0,0,0,0
2020-03-03,Butte,007,227075,0,0,0,0,0
2020-03-03,Calaveras,009,45235,0,0,0,0,0
2020-03-03,Colusa,011,21464,0,0,0,0,0
2020-03-03,Contra Costa,013,1133247,30,0,0,0,0
2020-03-03,Del Norte,015,27424,0,0,0,0,0
2020-03-03,El Dorado,017,186661,1,0,0,0,0
2020-03-03,Fresno,019,978130,2,0,1,1,0
2020-03-03,Glenn,021,27897,0,0,0,0,0
2020-03-03,Humboldt,023,135768,1,1,0,1,0
2020-03-03,Imperial,025,180216,2,0,0,0,0
2020-03-03,Inyo,027,18085,0,0,0,0,0
2020-03-03,Kern,029,883053,4,0,0,0,0
2020-03-03,Kings,031,150075,0,0,0,0,0
2020-03-03,Lake,033,64148,0,0,0,0,0
2020-03-03,Lassen,035,31185,0,0,0,0,0
2020-03-03,Los Angeles,037,10098052,172,5,6,11,0
2020-03-03,Madera,039,155013,4,0,0,0,0
2020-03-03,Marin,041,260295,6,0,0,0,0
2020-03-03,Mariposa,043,17540,0,0,0,0,0
2020-03-03,Mendocino,045,87422,0,0,0,0,0
2020-03-03,Merced,047,269075,2,0,0,0,0
2020-03-03,Modoc,049,8938,0,0,0,0,0
2020-03-03,Mono,051,14174,1,0,0,0,0
2020-03-03,Monterey,053,433212,2,0,0,0,0
2020-03-03,Napa,055,140530,1,0,0,0,0
2020-03-03,Nevada,057,99092,0,0,1,1,0
2020-03-03,Orange,059,3164182,69,1,0,1,0
2020-03-03,Placer,061,380077,8,2,0,2,0
2020-03-03,Plumas,063,18699,0,0,0,0,0
2020-03-03,Riverside,065,2383286,20,0,1,1,0
2020-03-03,Sacramento,067,1510023,31,1,0,1,0
2020-03-03,San Benito,069,59416,1,2,0,2,0
2020-03-03,San Bernardino,071,2135413,28,0,0,0,0
2020-03-03,San Diego,073,3302833,32,2,0,2,0
2020-03-03,San Francisco,075,870044,24,0,0,0,0
2020-03-03,San Joaquin,077,732212,8,0,3,3,0
2020-03-03,San Luis Obispo,079,281455,2,0,0,0,0
2020-03-03,San Mateo,081,765935,53,1,0,1,0
2020-03-03,Santa Barbara,083,443738,1,0,0,0,0
2020-03-03,Santa Clara,085,1922200,132,11,1,12,0
2020-03-03,Santa Cruz,087,273765,10,0,0,0,0
2020-03-03,Shasta,089,179085,2,0,0,0,0
2020-03-03,Sierra,091,2930,0,0,0,0,0
2020-03-03,Siskiyou,093,43540,0,0,0,0,0
2020-03-03,Solano,095,438530,20,24,0,24,0
2020-03-03,Sonoma,097,501317,11,1,0,1,0
2020-03-03,Stanislaus,099,539301,4,0,2,2,0
2020-03-03,Sutter,101,95872,0,0,0,0,0
2020-03-03,Tehama,103,63373,0,0,0,0,0
2020-03-03,Trinity,105,12862,0,0,0,0,0
2020-03-03,Tulare,107,460477,6,0,0,0,0
2020-03-03,Tuolumne,109,53932,0,0,0,0,0
2020-03-03,Ventura,111,848112,11,0,0,0,0
2020-03-03,Yolo,113,214977,1,0,0,0,0
2020-03-03,Yuba,115,75493,0,0,0,0,0
2020-03-02,Alameda,001,1643700,22,1,0,1,0
2020-03-02,Alpine,003,1148,0,0,0,0,0
2020-03-02,Amador,005,37829,0,0,0,0,0
2020-03-02,Butte,007,227075,0,0,0,0,0
2020-03-02,Calaveras,009,45235,0,0,0,0,0
2020-03-02,Colusa,011,21464,0,0,0,0,0
2020-03-02,Contra Costa,013,1133247,27,0,0,0,0
2020-03-02,Del Norte,015,27424,0,0,0,0,0
2020-03-02,El Dorado,017,186661,1,0,0,0,0
2020-03-02,Fresno,019,978130,2,0,1,1,0
2020-03-02,Glenn,021,27897,0,0,0,0,0
2020-03-02,Humboldt,023,135768,1,1,0,1,0
2020-03-02,Imperial,025,180216,2,0,0,0,0
2020-03-02,Inyo,027,18085,0,0,0,0,0
2020-03-02,Kern,029,883053,4,0,0,0,0
2020-03-02,Kings,031,150075,0,0,0,0,0
2020-03-02,Lake,033,64148,0,0,0,0,0
2020-03-02,Lassen,035,31185,0,0,0,0,0
2020-03-02,Los Angeles,037,10098052,157,1,6,7,0
2020-03-02,Madera,039,155013,4,0,0,0,0
2020-03-02,Marin,041,260295,6,0,0,0,0
2020-03-02,Mariposa,043,17540,0,0,0,0,0
2020-03-02,Mendocino,045,87422,0,0,0,0,0
2020-03-02,Merced,047,269075,1,0,0,0,0
2020-03-02,Modoc,049,8938,0,0,0,0,0
2020-03-02,Mono,051,14174,1,0,0,0,0
2020-03-02,Monterey,053,433212,2,0,0,0,0
2020-03-02,Napa,055,140530,1,0,0,0,0
2020-03-02,Nevada,057,99092,0,0,1,1,0
2020-03-02,Orange,059,3164182,64,1,0,1,0
2020-03-02,Placer,061,380077,8,1,0,1,0
2020-03-02,Plumas,063,18699,0,0,0,0,0
2020-03-02,Riverside,065,2383286,19,0,1,1,0
2020-03-02,Sacramento,067,1510023,25,1,0,1,0
2020-03-02,San Benito,069,59416,1,2,0,2,0
2020-03-02,San Bernardino,071,2135413,28,0,0,0,0
2020-03-02,San Diego,073,3302833,26,2,0,2,0
2020-03-02,San Francisco,075,870044,17,0,0,0,0
2020-03-02,San Joaquin,077,732212,7,0,3,3,0
2020-03-02,San Luis Obispo,079,281455,2,0,0,0,0
2020-03-02,San Mateo,081,765935,44,1,0,1,0
2020-03-02,Santa Barbara,083,443738,1,0,0,0,0
2020-03-02,Santa Clara,085,1922200,110,7,1,8,0
2020-03-02,Santa Cruz,087,273765,9,0,0,0,0
2020-03-02,Shasta,089,179085,2,0,0,0,0
2020-03-02,Sierra,091,2930,0,0,0,0,0
2020-03-02,Siskiyou,093,43540,0,0,0,0,0
2020-03-02,Solano,095,438530,19,24,0,24,0
2020-03-02,Sonoma,097,501317,10,1,0,1,0
2020-03-02,Stanislaus,099,539301,2,0,2,2,0
2020-03-02,Sutter,101,95872,0,0,0,0,0
2020-03-02,Tehama,103,63373,0,0,0,0,0
2020-03-02,Trinity,105,12862,0,0,0,0,0
2020-03-02,Tulare,107,460477,6,0,0,0,0
2020-03-02,Tuolumne,109,53932,0,0,0,0,0
2020-03-02,Ventura,111,848112,10,0,0,0,0
2020-03-02,Yolo,113,214977,1,0,0,0,0
2020-03-02,Yuba,115,75493,0,0,0,0,0
2020-03-01,Alameda,001,1643700,21,1,0,1,0
2020-03-01,Alpine,003,1148,0,0,0,0,0
2020-03-01,Amador,005,37829,0,0,0,0,0
2020-03-01,Butte,007,227075,0,0,0,0,0
2020-03-01,Calaveras,009,45235,0,0,0,0,0
2020-03-01,Colusa,011,21464,0,0,0,0,0
2020-03-01,Contra Costa,013,1133247,24,0,0,0,0
2020-03-01,Del Norte,015,27424,0,0,0,0,0
2020-03-01,El Dorado,017,186661,1,0,0,0,0
2020-03-01,Fresno,019,978130,1,0,1,1,0
2020-03-01,Glenn,021,27897,0,0,0,0,0
2020-03-01,Humboldt,023,135768,1,1,0,1,0
2020-03-01,Imperial,025,180216,2,0,0,0,0
2020-03-01,Inyo,027,18085,0,0,0,0,0
2020-03-01,Kern,029,883053,2,0,0,0,0
2020-03-01,Kings,031,150075,0,0,0,0,0
2020-03-01,Lake,033,64148,0,0,0,0,0
2020-03-01,Lassen,035,31185,0,0,0,0,0
2020-03-01,Los Angeles,037,10098052,138,1,6,7,0
2020-03-01,Madera,039,155013,2,0,0,0,0
2020-03-01,Marin,041,260295,5,0,0,0,0
2020-03-01,Mariposa,043,17540,0,0,0,0,0
2020-03-01,Mendocino,045,87422,0,0,0,0,0
2020-03-01,Merced,047,269075,1,0,0,0,0
2020-03-01,Modoc,049,8938,0,0,0,0,0
2020-03-01,Mono,051,14174,1,0,0,0,0
2020-03-01,Monterey,053,433212,1,0,0,0,0
2020-03-01,Napa,055,140530,1,0,0,0,0
2020-03-01,Nevada,057,99092,0,0,1,1,0
2020-03-01,Orange,059,3164182,61,1,0,1,0
2020-03-01,Placer,061,380077,8,0,0,0,0
2020-03-01,Plumas,063,18699,0,0,0,0,0
2020-03-01,Riverside,065,2383286,18,0,1,1,0
2020-03-01,Sacramento,067,1510023,21,1,0,1,0
2020-03-01,San Benito,069,59416,0,2,0,2,0
2020-03-01,San Bernardino,071,2135413,27,0,0,0,0
2020-03-01,San Diego,073,3302833,19,2,0,2,0
2020-03-01,San Francisco,075,870044,13,0,0,0,0
2020-03-01,San Joaquin,077,732212,7,0,3,3,0
2020-03-01,San Luis Obispo,079,281455,2,0,0,0,0
2020-03-01,San Mateo,081,765935,36,0,0,0,0
2020-03-01,Santa Barbara,083,443738,1,0,0,0,0
2020-03-01,Santa Clara,085,1922200,97,6,1,7,0
2020-03-01,Santa Cruz,087,273765,8,0,0,0,0
2020-03-01,Shasta,089,179085,2,0,0,0,0
2020-03-01,Sierra,091,2930,0,0,0,0,0
2020-03-01,Siskiyou,093,43540,0,0,0,0,0
2020-03-01,Solano,095,438530,19,24,0,24,0
2020-03-01,Sonoma,097,501317,9,0,0,0,0
2020-03-01,Stanislaus,099,539301,2,0,2,2,0
2020-03-01,Sutter,101,95872,0,0,0,0,0
2020-03-01,Tehama,103,63373,0,0,0,0,0
2020-03-01,Trinity,105,12862,0,0,0,0,0
2020-03-01,Tulare,107,460477,6,0,0,0,0
2020-03-01,Tuolumne,109,53932,0,0,0,0,0
2020-03-01,Ventura,111,848112,8,0,0,0,0
2020-03-01,Yolo,113,214977,1,0,0,0,0
2020-03-01,Yuba,115,75493,0,0,0,0,0
2020-02-29,Alameda,001,1643700,17,0,0,0,0
2020-02-29,Alpine,003,1148,0,0,0,0,0
2020-02-29,Amador,005,37829,0,0,0,0,0
2020-02-29,Butte,007,227075,0,0,0,0,0
2020-02-29,Calaveras,009,45235,0,0,0,0,0
2020-02-29,Colusa,011,21464,0,0,0,0,0
2020-02-29,Contra Costa,013,1133247,20,0,0,0,0
2020-02-29,Del Norte,015,27424,0,0,0,0,0
2020-02-29,El Dorado,017,186661,1,0,0,0,0
2020-02-29,Fresno,019,978130,1,0,0,0,0
2020-02-29,Glenn,021,27897,0,0,0,0,0
2020-02-29,Humboldt,023,135768,1,1,0,1,0
2020-02-29,Imperial,025,180216,1,0,0,0,0
2020-02-29,Inyo,027,18085,0,0,0,0,0
2020-02-29,Kern,029,883053,2,0,0,0,0
2020-02-29,Kings,031,150075,0,0,0,0,0
2020-02-29,Lake,033,64148,0,0,0,0,0
2020-02-29,Lassen,035,31185,0,0,0,0,0
2020-02-29,Los Angeles,037,10098052,110,1,6,7,0
2020-02-29,Madera,039,155013,2,0,0,0,0
2020-02-29,Marin,041,260295,4,0,0,0,0
2020-02-29,Mariposa,043,17540,0,0,0,0,0
2020-02-29,Mendocino,045,87422,0,0,0,0,0
2020-02-29,Merced,047,269075,1,0,0,0,0
2020-02-29,Modoc,049,8938,0,0,0,0,0
2020-02-29,Mono,051,14174,1,0,0,0,0
2020-02-29,Monterey,053,433212,1,0,0,0,0
2020-02-29,Napa,055,140530,1,0,0,0,0
2020-02-29,Nevada,057,99092,0,0,1,1,0
2020-02-29,Orange,059,3164182,56,1,0,1,0
2020-02-29,Placer,061,380077,7,0,0,0,0
2020-02-29,Plumas,063,18699,0,0,0,0,0
2020-02-29,Riverside,065,2383286,15,0,1,1,0
2020-02-29,Sacramento,067,1510023,16,1,0,1,0
2020-02-29,San Benito,069,59416,0,2,0,2,0
2020-02-29,San Bernardino,071,2135413,25,0,0,0,0
2020-02-29,San Diego,073,3302833,14,2,0,2,0
2020-02-29,San Francisco,075,870044,12,0,0,0,0
2020-02-29,San Joaquin,077,732212,6,0,3,3,0
2020-02-29,San Luis Obispo,079,281455,2,0,0,0,0
2020-02-29,San Mateo,081,765935,29,0,0,0,0
2020-02-29,Santa Barbara,083,443738,0,0,0,0,0
2020-02-29,Santa Clara,085,1922200,75,3,1,4,0
2020-02-29,Santa Cruz,087,273765,8,0,0,0,0
2020-02-29,Shasta,089,179085,2,0,0,0,0
2020-02-29,Sierra,091,2930,0,0,0,0,0
2020-02-29,Siskiyou,093,43540,0,0,0,0,0
2020-02-29,Solano,095,438530,18,23,0,23,0
2020-02-29,Sonoma,097,501317,6,0,0,0,0
2020-02-29,Stanislaus,099,539301,2,0,2,2,0
2020-02-29,Sutter,101,95872,0,0,0,0,0
2020-02-29,Tehama,103,63373,0,0,0,0,0
2020-02-29,Trinity,105,12862,0,0,0,0,0
2020-02-29,Tulare,107,460477,4,0,0,0,0
2020-02-29,Tuolumne,109,53932,0,0,0,0,0
2020-02-29,Ventura,111,848112,6,0,0,0,0
2020-02-29,Yolo,113,214977,1,0,0,0,0
2020-02-29,Yuba,115,75493,0,0,0,0,0
2020-02-28,Alameda,001,1643700,15,0,0,0,0
2020-02-28,Alpine,003,1148,0,0,0,0,0
2020-02-28,Amador,005,37829,0,0,0,0,0
2020-02-28,Butte,007,227075,0,0,0,0,0
2020-02-28,Calaveras,009,45235,0,0,0,0,0
2020-02-28,Colusa,011,21464,0,0,0,0,0
2020-02-28,Contra Costa,013,1133247,20,0,0,0,0
2020-02-28,Del Norte,015,27424,0,0,0,0,0
2020-02-28,El Dorado,017,186661,0,0,0,0,0
2020-02-28,Fresno,019,978130,1,0,0,0,0
2020-02-28,Glenn,021,27897,0,0,0,0,0
2020-02-28,Humboldt,023,135768,1,1,0,1,0
2020-02-28,Imperial,025,180216,1,0,0,0,0
2020-02-28,Inyo,027,18085,0,0,0,0,0
2020-02-28,Kern,029,883053,2,0,0,0,0
2020-02-28,Kings,031,150075,0,0,0,0,0
2020-02-28,Lake,033,64148,0,0,0,0,0
2020-02-28,Lassen,035,31185,0,0,0,0,0
2020-02-28,Los Angeles,037,10098052,102,1,6,7,0
2020-02-28,Madera,039,155013,2,0,0,0,0
2020-02-28,Marin,041,260295,2,0,0,0,0
2020-02-28,Mariposa,043,17540,0,0,0,0,0
2020-02-28,Mendocino,045,87422,0,0,0,0,0
2020-02-28,Merced,047,269075,1,0,0,0,0
2020-02-28,Modoc,049,8938,0,0,0,0,0
2020-02-28,Mono,051,14174,0,0,0,0,0
2020-02-28,Monterey,053,433212,1,0,0,0,0
2020-02-28,Napa,055,140530,1,0,0,0,0
2020-02-28,Nevada,057,99092,0,0,1,1,0
2020-02-28,Orange,059,3164182,54,1,0,1,0
2020-02-28,Placer,061,380077,7,0,0,0,0
2020-02-28,Plumas,063,18699,0,0,0,0,0
2020-02-28,Riverside,065,2383286,13,0,1,1,0
2020-02-28,Sacramento,067,1510023,10,1,0,1,0
2020-02-28,San Benito,069,59416,0,2,0,2,0
2020-02-28,San Bernardino,071,2135413,25,0,0,0,0
2020-02-28,San Diego,073,3302833,11,2,0,2,0
2020-02-28,San Francisco,075,870044,10,0,0,0,0
2020-02-28,San Joaquin,077,732212,6,0,3,3,0
2020-02-28,San Luis Obispo,079,281455,2,0,0,0,0
2020-02-28,San Mateo,081,765935,24,0,0,0,0
2020-02-28,Santa Barbara,083,443738,0,0,0,0,0
2020-02-28,Santa Clara,085,1922200,70,3,1,4,0
2020-02-28,Santa Cruz,087,273765,8,0,0,0,0
2020-02-28,Shasta,089,179085,2,0,0,0,0
2020-02-28,Sierra,091,2930,0,0,0,0,0
2020-02-28,Siskiyou,093,43540,0,0,0,0,0
2020-02-28,Solano,095,438530,17,23,0,23,0
2020-02-28,Sonoma,097,501317,6,0,0,0,0
2020-02-28,Stanislaus,099,539301,2,0,2,2,0
2020-02-28,Sutter,101,95872,0,0,0,0,0
2020-02-28,Tehama,103,63373,0,0,0,0,0
2020-02-28,Trinity,105,12862,0,0,0,0,0
2020-02-28,Tulare,107,460477,3,0,0,0,0
2020-02-28,Tuolumne,109,53932,0,0,0,0,0
2020-02-28,Ventura,111,848112,6,0,0,0,0
2020-02-28,Yolo,113,214977,1,0,0,0,0
2020-02-28,Yuba,115,75493,0,0,0,0,0
2020-02-27,Alameda,001,1643700,14,0,0,0,0
2020-02-27,Alpine,003,1148,0,0,0,0,0
2020-02-27,Amador,005,37829,0,0,0,0,0
2020-02-27,Butte,007,227075,0,0,0,0,0
2020-02-27,Calaveras,009,45235,0,0,0,0,0
2020-02-27,Colusa,011,21464,0,0,0,0,0
2020-02-27,Contra Costa,013,1133247,14,0,0,0,0
2020-02-27,Del Norte,015,27424,0,0,0,0,0
2020-02-27,El Dorado,017,186661,0,0,0,0,0
2020-02-27,Fresno,019,978130,1,0,0,0,0
2020-02-27,Glenn,021,27897,0,0,0,0,0
2020-02-27,Humboldt,023,135768,1,1,0,1,0
2020-02-27,Imperial,025,180216,1,0,0,0,0
2020-02-27,Inyo,027,18085,0,0,0,0,0
2020-02-27,Kern,029,883053,2,0,0,0,0
2020-02-27,Kings,031,150075,0,0,0,0,0
2020-02-27,Lake,033,64148,0,0,0,0,0
2020-02-27,Lassen,035,31185,0,0,0,0,0
2020-02-27,Los Angeles,037,10098052,94,1,6,7,0
2020-02-27,Madera,039,155013,2,0,0,0,0
2020-02-27,Marin,041,260295,1,0,0,0,0
2020-02-27,Mariposa,043,17540,0,0,0,0,0
2020-02-27,Mendocino,045,87422,0,0,0,0,0
2020-02-27,Merced,047,269075,1,0,0,0,0
2020-02-27,Modoc,049,8938,0,0,0,0,0
2020-02-27,Mono,051,14174,0,0,0,0,0
2020-02-27,Monterey,053,433212,1,0,0,0,0
2020-02-27,Napa,055,140530,1,0,0,0,0
2020-02-27,Nevada,057,99092,0,0,1,1,0
2020-02-27,Orange,059,3164182,48,1,0,1,0
2020-02-27,Placer,061,380077,6,0,0,0,0
2020-02-27,Plumas,063,18699,0,0,0,0,0
2020-02-27,Riverside,065,2383286,12,0,1,1,0
2020-02-27,Sacramento,067,1510023,10,1,0,1,0
2020-02-27,San Benito,069,59416,0,2,0,2,0
2020-02-27,San Bernardino,071,2135413,25,0,0,0,0
2020-02-27,San Diego,073,3302833,10,2,0,2,0
2020-02-27,San Francisco,075,870044,9,0,0,0,0
2020-02-27,San Joaquin,077,732212,5,0,3,3,0
2020-02-27,San Luis Obispo,079,281455,2,0,0,0,0
2020-02-27,San Mateo,081,765935,20,0,0,0,0
2020-02-27,Santa Barbara,083,443738,0,0,0,0,0
2020-02-27,Santa Clara,085,1922200,59,2,1,3,0
2020-02-27,Santa Cruz,087,273765,6,0,0,0,0
2020-02-27,Shasta,089,179085,0,0,0,0,0
2020-02-27,Sierra,091,2930,0,0,0,0,0
2020-02-27,Siskiyou,093,43540,0,0,0,0,0
2020-02-27,Solano,095,438530,17,23,0,23,0
2020-02-27,Sonoma,097,501317,5,0,0,0,0
2020-02-27,Stanislaus,099,539301,2,0,2,2,0
2020-02-27,Sutter,101,95872,0,0,0,0,0
2020-02-27,Tehama,103,63373,0,0,0,0,0
2020-02-27,Trinity,105,12862,0,0,0,0,0
2020-02-27,Tulare,107,460477,3,0,0,0,0
2020-02-27,Tuolumne,109,53932,0,0,0,0,0
2020-02-27,Ventura,111,848112,4,0,0,0,0
2020-02-27,Yolo,113,214977,1,0,0,0,0
2020-02-27,Yuba,115,75493,0,0,0,0,0
2020-02-26,Alameda,001,1643700,14,0,0,0,0
2020-02-26,Alpine,003,1148,0,0,0,0,0
2020-02-26,Amador,005,37829,0,0,0,0,0
2020-02-26,Butte,007,227075,0,0,0,0,0
2020-02-26,Calaveras,009,45235,0,0,0,0,0
2020-02-26,Colusa,011,21464,0,0,0,0,0
2020-02-26,Contra Costa,013,1133247,13,0,0,0,0
2020-02-26,Del Norte,015,27424,0,0,0,0,0
2020-02-26,El Dorado,017,186661,0,0,0,0,0
2020-02-26,Fresno,019,978130,1,0,0,0,0
2020-02-26,Glenn,021,27897,0,0,0,0,0
2020-02-26,Humboldt,023,135768,1,1,0,1,0
2020-02-26,Imperial,025,180216,1,0,0,0,0
2020-02-26,Inyo,027,18085,0,0,0,0,0
2020-02-26,Kern,029,883053,2,0,0,0,0
2020-02-26,Kings,031,150075,0,0,0,0,0
2020-02-26,Lake,033,64148,0,0,0,0,0
2020-02-26,Lassen,035,31185,0,0,0,0,0
2020-02-26,Los Angeles,037,10098052,88,1,6,7,0
2020-02-26,Madera,039,155013,2,0,0,0,0
2020-02-26,Marin,041,260295,1,0,0,0,0
2020-02-26,Mariposa,043,17540,0,0,0,0,0
2020-02-26,Mendocino,045,87422,0,0,0,0,0
2020-02-26,Merced,047,269075,1,0,0,0,0
2020-02-26,Modoc,049,8938,0,0,0,0,0
2020-02-26,Mono,051,14174,0,0,0,0,0
2020-02-26,Monterey,053,433212,1,0,0,0,0
2020-02-26,Napa,055,140530,0,0,0,0,0
2020-02-26,Nevada,057,99092,0,0,1,1,0
2020-02-26,Orange,059,3164182,47,1,0,1,0
2020-02-26,Placer,061,380077,5,0,0,0,0
2020-02-26,Plumas,063,18699,0,0,0,0,0
2020-02-26,Riverside,065,2383286,10,0,1,1,0
2020-02-26,Sacramento,067,1510023,10,1,0,1,0
2020-02-26,San Benito,069,59416,0,2,0,2,0
2020-02-26,San Bernardino,071,2135413,23,0,0,0,0
2020-02-26,San Diego,073,3302833,9,2,0,2,0
2020-02-26,San Francisco,075,870044,9,0,0,0,0
2020-02-26,San Joaquin,077,732212,5,0,3,3,0
2020-02-26,San Luis Obispo,079,281455,2,0,0,0,0
2020-02-26,San Mateo,081,765935,18,0,0,0,0
2020-02-26,Santa Barbara,083,443738,0,0,0,0,0
2020-02-26,Santa Clara,085,1922200,50,2,1,3,0
2020-02-26,Santa Cruz,087,273765,6,0,0,0,0
2020-02-26,Shasta,089,179085,0,0,0,0,0
2020-02-26,Sierra,091,2930,0,0,0,0,0
2020-02-26,Siskiyou,093,43540,0,0,0,0,0
2020-02-26,Solano,095,438530,17,23,0,23,0
2020-02-26,Sonoma,097,501317,5,0,0,0,0
2020-02-26,Stanislaus,099,539301,2,0,2,2,0
2020-02-26,Sutter,101,95872,0,0,0,0,0
2020-02-26,Tehama,103,63373,0,0,0,0,0
2020-02-26,Trinity,105,12862,0,0,0,0,0
2020-02-26,Tulare,107,460477,3,0,0,0,0
2020-02-26,Tuolumne,109,53932,0,0,0,0,0
2020-02-26,Ventura,111,848112,4,0,0,0,0
2020-02-26,Yolo,113,214977,1,0,0,0,0
2020-02-26,Yuba,115,75493,0,0,0,0,0
2020-02-25,Alameda,001,1643700,14,0,0,0,0
2020-02-25,Alpine,003,1148,0,0,0,0,0
2020-02-25,Amador,005,37829,0,0,0,0,0
2020-02-25,Butte,007,227075,0,0,0,0,0
2020-02-25,Calaveras,009,45235,0,0,0,0,0
2020-02-25,Colusa,011,21464,0,0,0,0,0
2020-02-25,Contra Costa,013,1133247,11,0,0,0,0
2020-02-25,Del Norte,015,27424,0,0,0,0,0
2020-02-25,El Dorado,017,186661,0,0,0,0,0
2020-02-25,Fresno,019,978130,1,0,0,0,0
2020-02-25,Glenn,021,27897,0,0,0,0,0
2020-02-25,Humboldt,023,135768,1,1,0,1,0
2020-02-25,Imperial,025,180216,1,0,0,0,0
2020-02-25,Inyo,027,18085,0,0,0,0,0
2020-02-25,Kern,029,883053,2,0,0,0,0
2020-02-25,Kings,031,150075,0,0,0,0,0
2020-02-25,Lake,033,64148,0,0,0,0,0
2020-02-25,Lassen,035,31185,0,0,0,0,0
2020-02-25,Los Angeles,037,10098052,76,1,6,7,0
2020-02-25,Madera,039,155013,2,0,0,0,0
2020-02-25,Marin,041,260295,1,0,0,0,0
2020-02-25,Mariposa,043,17540,0,0,0,0,0
2020-02-25,Mendocino,045,87422,0,0,0,0,0
2020-02-25,Merced,047,269075,0,0,0,0,0
2020-02-25,Modoc,049,8938,0,0,0,0,0
2020-02-25,Mono,051,14174,0,0,0,0,0
2020-02-25,Monterey,053,433212,1,0,0,0,0
2020-02-25,Napa,055,140530,0,0,0,0,0
2020-02-25,Nevada,057,99092,0,0,1,1,0
2020-02-25,Orange,059,3164182,46,1,0,1,0
2020-02-25,Placer,061,380077,5,0,0,0,0
2020-02-25,Plumas,063,18699,0,0,0,0,0
2020-02-25,Riverside,065,2383286,10,0,1,1,0
2020-02-25,Sacramento,067,1510023,8,1,0,1,0
2020-02-25,San Benito,069,59416,0,2,0,2,0
2020-02-25,San Bernardino,071,2135413,21,0,0,0,0
2020-02-25,San Diego,073,3302833,5,2,0,2,0
2020-02-25,San Francisco,075,870044,7,0,0,0,0
2020-02-25,San Joaquin,077,732212,5,0,2,2,0
2020-02-25,San Luis Obispo,079,281455,2,0,0,0,0
2020-02-25,San Mateo,081,765935,17,0,0,0,0
2020-02-25,Santa Barbara,083,443738,0,0,0,0,0
2020-02-25,Santa Clara,085,1922200,40,2,1,3,0
2020-02-25,Santa Cruz,087,273765,5,0,0,0,0
2020-02-25,Shasta,089,179085,0,0,0,0,0
2020-02-25,Sierra,091,2930,0,0,0,0,0
2020-02-25,Siskiyou,093,43540,0,0,0,0,0
2020-02-25,Solano,095,438530,16,21,0,21,0
2020-02-25,Sonoma,097,501317,5,0,0,0,0
2020-02-25,Stanislaus,099,539301,2,0,2,2,0
2020-02-25,Sutter,101,95872,0,0,0,0,0
2020-02-25,Tehama,103,63373,0,0,0,0,0
2020-02-25,Trinity,105,12862,0,0,0,0,0
2020-02-25,Tulare,107,460477,3,0,0,0,0
2020-02-25,Tuolumne,109,53932,0,0,0,0,0
2020-02-25,Ventura,111,848112,4,0,0,0,0
2020-02-25,Yolo,113,214977,1,0,0,0,0
2020-02-25,Yuba,115,75493,0,0,0,0,0
2020-02-24,Alameda,001,1643700,14,0,0,0,0
2020-02-24,Alpine,003,1148,0,0,0,0,0
2020-02-24,Amador,005,37829,0,0,0,0,0
2020-02-24,Butte,007,227075,0,0,0,0,0
2020-02-24,Calaveras,009,45235,0,0,0,0,0
2020-02-24,Colusa,011,21464,0,0,0,0,0
2020-02-24,Contra Costa,013,1133247,9,0,0,0,0
2020-02-24,Del Norte,015,27424,0,0,0,0,0
2020-02-24,El Dorado,017,186661,0,0,0,0,0
2020-02-24,Fresno,019,978130,1,0,0,0,0
2020-02-24,Glenn,021,27897,0,0,0,0,0
2020-02-24,Humboldt,023,135768,1,1,0,1,0
2020-02-24,Imperial,025,180216,1,0,0,0,0
2020-02-24,Inyo,027,18085,0,0,0,0,0
2020-02-24,Kern,029,883053,2,0,0,0,0
2020-02-24,Kings,031,150075,0,0,0,0,0
2020-02-24,Lake,033,64148,0,0,0,0,0
2020-02-24,Lassen,035,31185,0,0,0,0,0
2020-02-24,Los Angeles,037,10098052,70,1,6,7,0
2020-02-24,Madera,039,155013,1,0,0,0,0
2020-02-24,Marin,041,260295,1,0,0,0,0
2020-02-24,Mariposa,043,17540,0,0,0,0,0
2020-02-24,Mendocino,045,87422,0,0,0,0,0
2020-02-24,Merced,047,269075,0,0,0,0,0
2020-02-24,Modoc,049,8938,0,0,0,0,0
2020-02-24,Mono,051,14174,0,0,0,0,0
2020-02-24,Monterey,053,433212,1,0,0,0,0
2020-02-24,Napa,055,140530,0,0,0,0,0
2020-02-24,Nevada,057,99092,0,0,1,1,0
2020-02-24,Orange,059,3164182,44,1,0,1,0
2020-02-24,Placer,061,380077,3,0,0,0,0
2020-02-24,Plumas,063,18699,0,0,0,0,0
2020-02-24,Riverside,065,2383286,9,0,1,1,0
2020-02-24,Sacramento,067,1510023,7,1,0,1,0
2020-02-24,San Benito,069,59416,0,2,0,2,0
2020-02-24,San Bernardino,071,2135413,21,0,0,0,0
2020-02-24,San Diego,073,3302833,5,2,0,2,0
2020-02-24,San Francisco,075,870044,6,0,0,0,0
2020-02-24,San Joaquin,077,732212,5,0,1,1,0
2020-02-24,San Luis Obispo,079,281455,2,0,0,0,0
2020-02-24,San Mateo,081,765935,13,0,0,0,0
2020-02-24,Santa Barbara,083,443738,0,0,0,0,0
2020-02-24,Santa Clara,085,1922200,38,2,1,3,0
2020-02-24,Santa Cruz,087,273765,5,0,0,0,0
2020-02-24,Shasta,089,179085,0,0,0,0,0
2020-02-24,Sierra,091,2930,0,0,0,0,0
2020-02-24,Siskiyou,093,43540,0,0,0,0,0
2020-02-24,Solano,095,438530,13,15,0,15,0
2020-02-24,Sonoma,097,501317,5,0,0,0,0
2020-02-24,Stanislaus,099,539301,2,0,2,2,0
2020-02-24,Sutter,101,95872,0,0,0,0,0
2020-02-24,Tehama,103,63373,0,0,0,0,0
2020-02-24,Trinity,105,12862,0,0,0,0,0
2020-02-24,Tulare,107,460477,3,0,0,0,0
2020-02-24,Tuolumne,109,53932,0,0,0,0,0
2020-02-24,Ventura,111,848112,4,0,0,0,0
2020-02-24,Yolo,113,214977,1,0,0,0,0
2020-02-24,Yuba,115,75493,0,0,0,0,0
2020-02-23,Alameda,001,1643700,12,0,0,0,0
2020-02-23,Alpine,003,1148,0,0,0,0,0
2020-02-23,Amador,005,37829,0,0,0,0,0
2020-02-23,Butte,007,227075,0,0,0,0,0
2020-02-23,Calaveras,009,45235,0,0,0,0,0
2020-02-23,Colusa,011,21464,0,0,0,0,0
2020-02-23,Contra Costa,013,1133247,6,0,0,0,0
2020-02-23,Del Norte,015,27424,0,0,0,0,0
2020-02-23,El Dorado,017,186661,0,0,0,0,0
2020-02-23,Fresno,019,978130,1,0,0,0,0
2020-02-23,Glenn,021,27897,0,0,0,0,0
2020-02-23,Humboldt,023,135768,1,1,0,1,0
2020-02-23,Imperial,025,180216,1,0,0,0,0
2020-02-23,Inyo,027,18085,0,0,0,0,0
2020-02-23,Kern,029,883053,2,0,0,0,0
2020-02-23,Kings,031,150075,0,0,0,0,0
2020-02-23,Lake,033,64148,0,0,0,0,0
2020-02-23,Lassen,035,31185,0,0,0,0,0
2020-02-23,Los Angeles,037,10098052,62,1,6,7,0
2020-02-23,Madera,039,155013,1,0,0,0,0
2020-02-23,Marin,041,260295,1,0,0,0,0
2020-02-23,Mariposa,043,17540,0,0,0,0,0
2020-02-23,Mendocino,045,87422,0,0,0,0,0
2020-02-23,Merced,047,269075,0,0,0,0,0
2020-02-23,Modoc,049,8938,0,0,0,0,0
2020-02-23,Mono,051,14174,0,0,0,0,0
2020-02-23,Monterey,053,433212,1,0,0,0,0
2020-02-23,Napa,055,140530,0,0,0,0,0
2020-02-23,Nevada,057,99092,0,0,1,1,0
2020-02-23,Orange,059,3164182,44,1,0,1,0
2020-02-23,Placer,061,380077,3,0,0,0,0
2020-02-23,Plumas,063,18699,0,0,0,0,0
2020-02-23,Riverside,065,2383286,9,0,0,0,0
2020-02-23,Sacramento,067,1510023,6,1,0,1,0
2020-02-23,San Benito,069,59416,0,2,0,2,0
2020-02-23,San Bernardino,071,2135413,20,0,0,0,0
2020-02-23,San Diego,073,3302833,4,2,0,2,0
2020-02-23,San Francisco,075,870044,5,0,0,0,0
2020-02-23,San Joaquin,077,732212,4,0,1,1,0
2020-02-23,San Luis Obispo,079,281455,2,0,0,0,0
2020-02-23,San Mateo,081,765935,10,0,0,0,0
2020-02-23,Santa Barbara,083,443738,0,0,0,0,0
2020-02-23,Santa Clara,085,1922200,26,2,1,3,0
2020-02-23,Santa Cruz,087,273765,2,0,0,0,0
2020-02-23,Shasta,089,179085,0,0,0,0,0
2020-02-23,Sierra,091,2930,0,0,0,0,0
2020-02-23,Siskiyou,093,43540,0,0,0,0,0
2020-02-23,Solano,095,438530,11,15,0,15,0
2020-02-23,Sonoma,097,501317,5,0,0,0,0
2020-02-23,Stanislaus,099,539301,2,0,2,2,0
2020-02-23,Sutter,101,95872,0,0,0,0,0
2020-02-23,Tehama,103,63373,0,0,0,0,0
2020-02-23,Trinity,105,12862,0,0,0,0,0
2020-02-23,Tulare,107,460477,2,0,0,0,0
2020-02-23,Tuolumne,109,53932,0,0,0,0,0
2020-02-23,Ventura,111,848112,4,0,0,0,0
2020-02-23,Yolo,113,214977,1,0,0,0,0
2020-02-23,Yuba,115,75493,0,0,0,0,0
2020-02-22,Alameda,001,1643700,11,0,0,0,0
2020-02-22,Alpine,003,1148,0,0,0,0,0
2020-02-22,Amador,005,37829,0,0,0,0,0
2020-02-22,Butte,007,227075,0,0,0,0,0
2020-02-22,Calaveras,009,45235,0,0,0,0,0
2020-02-22,Colusa,011,21464,0,0,0,0,0
2020-02-22,Contra Costa,013,1133247,5,0,0,0,0
2020-02-22,Del Norte,015,27424,0,0,0,0,0
2020-02-22,El Dorado,017,186661,0,0,0,0,0
2020-02-22,Fresno,019,978130,1,0,0,0,0
2020-02-22,Glenn,021,27897,0,0,0,0,0
2020-02-22,Humboldt,023,135768,1,1,0,1,0
2020-02-22,Imperial,025,180216,0,0,0,0,0
2020-02-22,Inyo,027,18085,0,0,0,0,0
2020-02-22,Kern,029,883053,2,0,0,0,0
2020-02-22,Kings,031,150075,0,0,0,0,0
2020-02-22,Lake,033,64148,0,0,0,0,0
2020-02-22,Lassen,035,31185,0,0,0,0,0
2020-02-22,Los Angeles,037,10098052,60,1,6,7,0
2020-02-22,Madera,039,155013,0,0,0,0,0
2020-02-22,Marin,041,260295,1,0,0,0,0
2020-02-22,Mariposa,043,17540,0,0,0,0,0
2020-02-22,Mendocino,045,87422,0,0,0,0,0
2020-02-22,Merced,047,269075,0,0,0,0,0
2020-02-22,Modoc,049,8938,0,0,0,0,0
2020-02-22,Mono,051,14174,0,0,0,0,0
2020-02-22,Monterey,053,433212,1,0,0,0,0
2020-02-22,Napa,055,140530,0,0,0,0,0
2020-02-22,Nevada,057,99092,0,0,1,1,0
2020-02-22,Orange,059,3164182,43,1,0,1,0
2020-02-22,Placer,061,380077,3,0,0,0,0
2020-02-22,Plumas,063,18699,0,0,0,0,0
2020-02-22,Riverside,065,2383286,9,0,0,0,0
2020-02-22,Sacramento,067,1510023,6,1,0,1,0
2020-02-22,San Benito,069,59416,0,2,0,2,0
2020-02-22,San Bernardino,071,2135413,18,0,0,0,0
2020-02-22,San Diego,073,3302833,3,2,0,2,0
2020-02-22,San Francisco,075,870044,3,0,0,0,0
2020-02-22,San Joaquin,077,732212,4,0,1,1,0
2020-02-22,San Luis Obispo,079,281455,2,0,0,0,0
2020-02-22,San Mateo,081,765935,8,0,0,0,0
2020-02-22,Santa Barbara,083,443738,0,0,0,0,0
2020-02-22,Santa Clara,085,1922200,23,2,1,3,0
2020-02-22,Santa Cruz,087,273765,2,0,0,0,0
2020-02-22,Shasta,089,179085,0,0,0,0,0
2020-02-22,Sierra,091,2930,0,0,0,0,0
2020-02-22,Siskiyou,093,43540,0,0,0,0,0
2020-02-22,Solano,095,438530,11,11,0,11,0
2020-02-22,Sonoma,097,501317,4,0,0,0,0
2020-02-22,Stanislaus,099,539301,2,0,2,2,0
2020-02-22,Sutter,101,95872,0,0,0,0,0
2020-02-22,Tehama,103,63373,0,0,0,0,0
2020-02-22,Trinity,105,12862,0,0,0,0,0
2020-02-22,Tulare,107,460477,2,0,0,0,0
2020-02-22,Tuolumne,109,53932,0,0,0,0,0
2020-02-22,Ventura,111,848112,4,0,0,0,0
2020-02-22,Yolo,113,214977,0,0,0,0,0
2020-02-22,Yuba,115,75493,0,0,0,0,0
2020-02-21,Alameda,001,1643700,10,0,0,0,0
2020-02-21,Alpine,003,1148,0,0,0,0,0
2020-02-21,Amador,005,37829,0,0,0,0,0
2020-02-21,Butte,007,227075,0,0,0,0,0
2020-02-21,Calaveras,009,45235,0,0,0,0,0
2020-02-21,Colusa,011,21464,0,0,0,0,0
2020-02-21,Contra Costa,013,1133247,4,0,0,0,0
2020-02-21,Del Norte,015,27424,0,0,0,0,0
2020-02-21,El Dorado,017,186661,0,0,0,0,0
2020-02-21,Fresno,019,978130,1,0,0,0,0
2020-02-21,Glenn,021,27897,0,0,0,0,0
2020-02-21,Humboldt,023,135768,1,1,0,1,0
2020-02-21,Imperial,025,180216,0,0,0,0,0
2020-02-21,Inyo,027,18085,0,0,0,0,0
2020-02-21,Kern,029,883053,2,0,0,0,0
2020-02-21,Kings,031,150075,0,0,0,0,0
2020-02-21,Lake,033,64148,0,0,0,0,0
2020-02-21,Lassen,035,31185,0,0,0,0,0
2020-02-21,Los Angeles,037,10098052,56,1,6,7,0
2020-02-21,Madera,039,155013,0,0,0,0,0
2020-02-21,Marin,041,260295,1,0,0,0,0
2020-02-21,Mariposa,043,17540,0,0,0,0,0
2020-02-21,Mendocino,045,87422,0,0,0,0,0
2020-02-21,Merced,047,269075,0,0,0,0,0
2020-02-21,Modoc,049,8938,0,0,0,0,0
2020-02-21,Mono,051,14174,0,0,0,0,0
2020-02-21,Monterey,053,433212,1,0,0,0,0
2020-02-21,Napa,055,140530,0,0,0,0,0
2020-02-21,Nevada,057,99092,0,0,1,1,0
2020-02-21,Orange,059,3164182,41,1,0,1,0
2020-02-21,Placer,061,380077,2,0,0,0,0
2020-02-21,Plumas,063,18699,0,0,0,0,0
2020-02-21,Riverside,065,2383286,9,0,0,0,0
2020-02-21,Sacramento,067,1510023,5,1,0,1,0
2020-02-21,San Benito,069,59416,0,2,0,2,0
2020-02-21,San Bernardino,071,2135413,17,0,0,0,0
2020-02-21,San Diego,073,3302833,3,2,0,2,0
2020-02-21,San Francisco,075,870044,3,0,0,0,0
2020-02-21,San Joaquin,077,732212,2,0,1,1,0
2020-02-21,San Luis Obispo,079,281455,2,0,0,0,0
2020-02-21,San Mateo,081,765935,8,0,0,0,0
2020-02-21,Santa Barbara,083,443738,0,0,0,0,0
2020-02-21,Santa Clara,085,1922200,21,2,1,3,0
2020-02-21,Santa Cruz,087,273765,2,0,0,0,0
2020-02-21,Shasta,089,179085,0,0,0,0,0
2020-02-21,Sierra,091,2930,0,0,0,0,0
2020-02-21,Siskiyou,093,43540,0,0,0,0,0
2020-02-21,Solano,095,438530,10,11,0,11,0
2020-02-21,Sonoma,097,501317,3,0,0,0,0
2020-02-21,Stanislaus,099,539301,2,0,2,2,0
2020-02-21,Sutter,101,95872,0,0,0,0,0
2020-02-21,Tehama,103,63373,0,0,0,0,0
2020-02-21,Trinity,105,12862,0,0,0,0,0
2020-02-21,Tulare,107,460477,2,0,0,0,0
2020-02-21,Tuolumne,109,53932,0,0,0,0,0
2020-02-21,Ventura,111,848112,4,0,0,0,0
2020-02-21,Yolo,113,214977,0,0,0,0,0
2020-02-21,Yuba,115,75493,0,0,0,0,0
2020-02-20,Alameda,001,1643700,8,0,0,0,0
2020-02-20,Alpine,003,1148,0,0,0,0,0
2020-02-20,Amador,005,37829,0,0,0,0,0
2020-02-20,Butte,007,227075,0,0,0,0,0
2020-02-20,Calaveras,009,45235,0,0,0,0,0
2020-02-20,Colusa,011,21464,0,0,0,0,0
2020-02-20,Contra Costa,013,1133247,3,0,0,0,0
2020-02-20,Del Norte,015,27424,0,0,0,0,0
2020-02-20,El Dorado,017,186661,0,0,0,0,0
2020-02-20,Fresno,019,978130,1,0,0,0,0
2020-02-20,Glenn,021,27897,0,0,0,0,0
2020-02-20,Humboldt,023,135768,1,1,0,1,0
2020-02-20,Imperial,025,180216,0,0,0,0,0
2020-02-20,Inyo,027,18085,0,0,0,0,0
2020-02-20,Kern,029,883053,2,0,0,0,0
2020-02-20,Kings,031,150075,0,0,0,0,0
2020-02-20,Lake,033,64148,0,0,0,0,0
2020-02-20,Lassen,035,31185,0,0,0,0,0
2020-02-20,Los Angeles,037,10098052,55,1,5,6,0
2020-02-20,Madera,039,155013,0,0,0,0,0
2020-02-20,Marin,041,260295,0,0,0,0,0
2020-02-20,Mariposa,043,17540,0,0,0,0,0
2020-02-20,Mendocino,045,87422,0,0,0,0,0
2020-02-20,Merced,047,269075,0,0,0,0,0
2020-02-20,Modoc,049,8938,0,0,0,0,0
2020-02-20,Mono,051,14174,0,0,0,0,0
2020-02-20,Monterey,053,433212,1,0,0,0,0
2020-02-20,Napa,055,140530,0,0,0,0,0
2020-02-20,Nevada,057,99092,0,0,1,1,0
2020-02-20,Orange,059,3164182,41,1,0,1,0
2020-02-20,Placer,061,380077,2,0,0,0,0
2020-02-20,Plumas,063,18699,0,0,0,0,0
2020-02-20,Riverside,065,2383286,7,0,0,0,0
2020-02-20,Sacramento,067,1510023,2,1,0,1,0
2020-02-20,San Benito,069,59416,0,2,0,2,0
2020-02-20,San Bernardino,071,2135413,15,0,0,0,0
2020-02-20,San Diego,073,3302833,3,2,0,2,0
2020-02-20,San Francisco,075,870044,3,0,0,0,0
2020-02-20,San Joaquin,077,732212,2,0,1,1,0
2020-02-20,San Luis Obispo,079,281455,2,0,0,0,0
2020-02-20,San Mateo,081,765935,7,0,0,0,0
2020-02-20,Santa Barbara,083,443738,0,0,0,0,0
2020-02-20,Santa Clara,085,1922200,17,2,1,3,0
2020-02-20,Santa Cruz,087,273765,2,0,0,0,0
2020-02-20,Shasta,089,179085,0,0,0,0,0
2020-02-20,Sierra,091,2930,0,0,0,0,0
2020-02-20,Siskiyou,093,43540,0,0,0,0,0
2020-02-20,Solano,095,438530,8,7,0,7,0
2020-02-20,Sonoma,097,501317,2,0,0,0,0
2020-02-20,Stanislaus,099,539301,2,0,2,2,0
2020-02-20,Sutter,101,95872,0,0,0,0,0
2020-02-20,Tehama,103,63373,0,0,0,0,0
2020-02-20,Trinity,105,12862,0,0,0,0,0
2020-02-20,Tulare,107,460477,2,0,0,0,0
2020-02-20,Tuolumne,109,53932,0,0,0,0,0
2020-02-20,Ventura,111,848112,4,0,0,0,0
2020-02-20,Yolo,113,214977,0,0,0,0,0
2020-02-20,Yuba,115,75493,0,0,0,0,0
2020-02-19,Alameda,001,1643700,7,0,0,0,0
2020-02-19,Alpine,003,1148,0,0,0,0,0
2020-02-19,Amador,005,37829,0,0,0,0,0
2020-02-19,Butte,007,227075,0,0,0,0,0
2020-02-19,Calaveras,009,45235,0,0,0,0,0
2020-02-19,Colusa,011,21464,0,0,0,0,0
2020-02-19,Contra Costa,013,1133247,3,0,0,0,0
2020-02-19,Del Norte,015,27424,0,0,0,0,0
2020-02-19,El Dorado,017,186661,0,0,0,0,0
2020-02-19,Fresno,019,978130,1,0,0,0,0
2020-02-19,Glenn,021,27897,0,0,0,0,0
2020-02-19,Humboldt,023,135768,1,0,0,0,0
2020-02-19,Imperial,025,180216,0,0,0,0,0
2020-02-19,Inyo,027,18085,0,0,0,0,0
2020-02-19,Kern,029,883053,2,0,0,0,0
2020-02-19,Kings,031,150075,0,0,0,0,0
2020-02-19,Lake,033,64148,0,0,0,0,0
2020-02-19,Lassen,035,31185,0,0,0,0,0
2020-02-19,Los Angeles,037,10098052,53,1,5,6,0
2020-02-19,Madera,039,155013,0,0,0,0,0
2020-02-19,Marin,041,260295,0,0,0,0,0
2020-02-19,Mariposa,043,17540,0,0,0,0,0
2020-02-19,Mendocino,045,87422,0,0,0,0,0
2020-02-19,Merced,047,269075,0,0,0,0,0
2020-02-19,Modoc,049,8938,0,0,0,0,0
2020-02-19,Mono,051,14174,0,0,0,0,0
2020-02-19,Monterey,053,433212,1,0,0,0,0
2020-02-19,Napa,055,140530,0,0,0,0,0
2020-02-19,Nevada,057,99092,0,0,1,1,0
2020-02-19,Orange,059,3164182,40,1,0,1,0
2020-02-19,Placer,061,380077,2,0,0,0,0
2020-02-19,Plumas,063,18699,0,0,0,0,0
2020-02-19,Riverside,065,2383286,5,0,0,0,0
2020-02-19,Sacramento,067,1510023,2,0,0,0,0
2020-02-19,San Benito,069,59416,0,2,0,2,0
2020-02-19,San Bernardino,071,2135413,14,0,0,0,0
2020-02-19,San Diego,073,3302833,2,2,0,2,0
2020-02-19,San Francisco,075,870044,2,0,0,0,0
2020-02-19,San Joaquin,077,732212,2,0,1,1,0
2020-02-19,San Luis Obispo,079,281455,2,0,0,0,0
2020-02-19,San Mateo,081,765935,6,0,0,0,0
2020-02-19,Santa Barbara,083,443738,0,0,0,0,0
2020-02-19,Santa Clara,085,1922200,15,2,1,3,0
2020-02-19,Santa Cruz,087,273765,0,0,0,0,0
2020-02-19,Shasta,089,179085,0,0,0,0,0
2020-02-19,Sierra,091,2930,0,0,0,0,0
2020-02-19,Siskiyou,093,43540,0,0,0,0,0
2020-02-19,Solano,095,438530,5,7,0,7,0
2020-02-19,Sonoma,097,501317,2,0,0,0,0
2020-02-19,Stanislaus,099,539301,1,0,2,2,0
2020-02-19,Sutter,101,95872,0,0,0,0,0
2020-02-19,Tehama,103,63373,0,0,0,0,0
2020-02-19,Trinity,105,12862,0,0,0,0,0
2020-02-19,Tulare,107,460477,2,0,0,0,0
2020-02-19,Tuolumne,109,53932,0,0,0,0,0
2020-02-19,Ventura,111,848112,2,0,0,0,0
2020-02-19,Yolo,113,214977,0,0,0,0,0
2020-02-19,Yuba,115,75493,0,0,0,0,0
2020-02-18,Alameda,001,1643700,7,0,0,0,0
2020-02-18,Alpine,003,1148,0,0,0,0,0
2020-02-18,Amador,005,37829,0,0,0,0,0
2020-02-18,Butte,007,227075,0,0,0,0,0
2020-02-18,Calaveras,009,45235,0,0,0,0,0
2020-02-18,Colusa,011,21464,0,0,0,0,0
2020-02-18,Contra Costa,013,1133247,3,0,0,0,0
2020-02-18,Del Norte,015,27424,0,0,0,0,0
2020-02-18,El Dorado,017,186661,0,0,0,0,0
2020-02-18,Fresno,019,978130,0,0,0,0,0
2020-02-18,Glenn,021,27897,0,0,0,0,0
2020-02-18,Humboldt,023,135768,1,0,0,0,0
2020-02-18,Imperial,025,180216,0,0,0,0,0
2020-02-18,Inyo,027,18085,0,0,0,0,0
2020-02-18,Kern,029,883053,2,0,0,0,0
2020-02-18,Kings,031,150075,0,0,0,0,0
2020-02-18,Lake,033,64148,0,0,0,0,0
2020-02-18,Lassen,035,31185,0,0,0,0,0
2020-02-18,Los Angeles,037,10098052,50,1,4,5,0
2020-02-18,Madera,039,155013,0,0,0,0,0
2020-02-18,Marin,041,260295,0,0,0,0,0
2020-02-18,Mariposa,043,17540,0,0,0,0,0
2020-02-18,Mendocino,045,87422,0,0,0,0,0
2020-02-18,Merced,047,269075,0,0,0,0,0
2020-02-18,Modoc,049,8938,0,0,0,0,0
2020-02-18,Mono,051,14174,0,0,0,0,0
2020-02-18,Monterey,053,433212,1,0,0,0,0
2020-02-18,Napa,055,140530,0,0,0,0,0
2020-02-18,Nevada,057,99092,0,0,1,1,0
2020-02-18,Orange,059,3164182,39,1,0,1,0
2020-02-18,Placer,061,380077,0,0,0,0,0
2020-02-18,Plumas,063,18699,0,0,0,0,0
2020-02-18,Riverside,065,2383286,5,0,0,0,0
2020-02-18,Sacramento,067,1510023,2,0,0,0,0
2020-02-18,San Benito,069,59416,0,2,0,2,0
2020-02-18,San Bernardino,071,2135413,13,0,0,0,0
2020-02-18,San Diego,073,3302833,2,2,0,2,0
2020-02-18,San Francisco,075,870044,2,0,0,0,0
2020-02-18,San Joaquin,077,732212,1,0,1,1,0
2020-02-18,San Luis Obispo,079,281455,2,0,0,0,0
2020-02-18,San Mateo,081,765935,5,0,0,0,0
2020-02-18,Santa Barbara,083,443738,0,0,0,0,0
2020-02-18,Santa Clara,085,1922200,14,2,1,3,0
2020-02-18,Santa Cruz,087,273765,0,0,0,0,0
2020-02-18,Shasta,089,179085,0,0,0,0,0
2020-02-18,Sierra,091,2930,0,0,0,0,0
2020-02-18,Siskiyou,093,43540,0,0,0,0,0
2020-02-18,Solano,095,438530,5,7,0,7,0
2020-02-18,Sonoma,097,501317,1,0,0,0,0
2020-02-18,Stanislaus,099,539301,1,0,2,2,0
2020-02-18,Sutter,101,95872,0,0,0,0,0
2020-02-18,Tehama,103,63373,0,0,0,0,0
2020-02-18,Trinity,105,12862,0,0,0,0,0
2020-02-18,Tulare,107,460477,2,0,0,0,0
2020-02-18,Tuolumne,109,53932,0,0,0,0,0
2020-02-18,Ventura,111,848112,2,0,0,0,0
2020-02-18,Yolo,113,214977,0,0,0,0,0
2020-02-18,Yuba,115,75493,0,0,0,0,0
2020-02-17,Alameda,001,1643700,7,0,0,0,0
2020-02-17,Alpine,003,1148,0,0,0,0,0
2020-02-17,Amador,005,37829,0,0,0,0,0
2020-02-17,Butte,007,227075,0,0,0,0,0
2020-02-17,Calaveras,009,45235,0,0,0,0,0
2020-02-17,Colusa,011,21464,0,0,0,0,0
2020-02-17,Contra Costa,013,1133247,3,0,0,0,0
2020-02-17,Del Norte,015,27424,0,0,0,0,0
2020-02-17,El Dorado,017,186661,0,0,0,0,0
2020-02-17,Fresno,019,978130,0,0,0,0,0
2020-02-17,Glenn,021,27897,0,0,0,0,0
2020-02-17,Humboldt,023,135768,1,0,0,0,0
2020-02-17,Imperial,025,180216,0,0,0,0,0
2020-02-17,Inyo,027,18085,0,0,0,0,0
2020-02-17,Kern,029,883053,2,0,0,0,0
2020-02-17,Kings,031,150075,0,0,0,0,0
2020-02-17,Lake,033,64148,0,0,0,0,0
2020-02-17,Lassen,035,31185,0,0,0,0,0
2020-02-17,Los Angeles,037,10098052,47,1,4,5,0
2020-02-17,Madera,039,155013,0,0,0,0,0
2020-02-17,Marin,041,260295,0,0,0,0,0
2020-02-17,Mariposa,043,17540,0,0,0,0,0
2020-02-17,Mendocino,045,87422,0,0,0,0,0
2020-02-17,Merced,047,269075,0,0,0,0,0
2020-02-17,Modoc,049,8938,0,0,0,0,0
2020-02-17,Mono,051,14174,0,0,0,0,0
2020-02-17,Monterey,053,433212,1,0,0,0,0
2020-02-17,Napa,055,140530,0,0,0,0,0
2020-02-17,Nevada,057,99092,0,0,1,1,0
2020-02-17,Orange,059,3164182,39,1,0,1,0
2020-02-17,Placer,061,380077,0,0,0,0,0
2020-02-17,Plumas,063,18699,0,0,0,0,0
2020-02-17,Riverside,065,2383286,5,0,0,0,0
2020-02-17,Sacramento,067,1510023,2,0,0,0,0
2020-02-17,San Benito,069,59416,0,2,0,2,0
2020-02-17,San Bernardino,071,2135413,11,0,0,0,0
2020-02-17,San Diego,073,3302833,2,2,0,2,0
2020-02-17,San Francisco,075,870044,2,0,0,0,0
2020-02-17,San Joaquin,077,732212,1,0,1,1,0
2020-02-17,San Luis Obispo,079,281455,1,0,0,0,0
2020-02-17,San Mateo,081,765935,5,0,0,0,0
2020-02-17,Santa Barbara,083,443738,0,0,0,0,0
2020-02-17,Santa Clara,085,1922200,12,2,1,3,0
2020-02-17,Santa Cruz,087,273765,0,0,0,0,0
2020-02-17,Shasta,089,179085,0,0,0,0,0
2020-02-17,Sierra,091,2930,0,0,0,0,0
2020-02-17,Siskiyou,093,43540,0,0,0,0,0
2020-02-17,Solano,095,438530,3,5,0,5,0
2020-02-17,Sonoma,097,501317,1,0,0,0,0
2020-02-17,Stanislaus,099,539301,1,0,2,2,0
2020-02-17,Sutter,101,95872,0,0,0,0,0
2020-02-17,Tehama,103,63373,0,0,0,0,0
2020-02-17,Trinity,105,12862,0,0,0,0,0
2020-02-17,Tulare,107,460477,2,0,0,0,0
2020-02-17,Tuolumne,109,53932,0,0,0,0,0
2020-02-17,Ventura,111,848112,2,0,0,0,0
2020-02-17,Yolo,113,214977,0,0,0,0,0
2020-02-17,Yuba,115,75493,0,0,0,0,0
2020-02-16,Alameda,001,1643700,6,0,0,0,0
2020-02-16,Alpine,003,1148,0,0,0,0,0
2020-02-16,Amador,005,37829,0,0,0,0,0
2020-02-16,Butte,007,227075,0,0,0,0,0
2020-02-16,Calaveras,009,45235,0,0,0,0,0
2020-02-16,Colusa,011,21464,0,0,0,0,0
2020-02-16,Contra Costa,013,1133247,3,0,0,0,0
2020-02-16,Del Norte,015,27424,0,0,0,0,0
2020-02-16,El Dorado,017,186661,0,0,0,0,0
2020-02-16,Fresno,019,978130,0,0,0,0,0
2020-02-16,Glenn,021,27897,0,0,0,0,0
2020-02-16,Humboldt,023,135768,1,0,0,0,0
2020-02-16,Imperial,025,180216,0,0,0,0,0
2020-02-16,Inyo,027,18085,0,0,0,0,0
2020-02-16,Kern,029,883053,2,0,0,0,0
2020-02-16,Kings,031,150075,0,0,0,0,0
2020-02-16,Lake,033,64148,0,0,0,0,0
2020-02-16,Lassen,035,31185,0,0,0,0,0
2020-02-16,Los Angeles,037,10098052,42,1,4,5,0
2020-02-16,Madera,039,155013,0,0,0,0,0
2020-02-16,Marin,041,260295,0,0,0,0,0
2020-02-16,Mariposa,043,17540,0,0,0,0,0
2020-02-16,Mendocino,045,87422,0,0,0,0,0
2020-02-16,Merced,047,269075,0,0,0,0,0
2020-02-16,Modoc,049,8938,0,0,0,0,0
2020-02-16,Mono,051,14174,0,0,0,0,0
2020-02-16,Monterey,053,433212,1,0,0,0,0
2020-02-16,Napa,055,140530,0,0,0,0,0
2020-02-16,Nevada,057,99092,0,0,0,0,0
2020-02-16,Orange,059,3164182,38,1,0,1,0
2020-02-16,Placer,061,380077,0,0,0,0,0
2020-02-16,Plumas,063,18699,0,0,0,0,0
2020-02-16,Riverside,065,2383286,5,0,0,0,0
2020-02-16,Sacramento,067,1510023,2,0,0,0,0
2020-02-16,San Benito,069,59416,0,2,0,2,0
2020-02-16,San Bernardino,071,2135413,10,0,0,0,0
2020-02-16,San Diego,073,3302833,2,2,0,2,0
2020-02-16,San Francisco,075,870044,2,0,0,0,0
2020-02-16,San Joaquin,077,732212,1,0,1,1,0
2020-02-16,San Luis Obispo,079,281455,1,0,0,0,0
2020-02-16,San Mateo,081,765935,4,0,0,0,0
2020-02-16,Santa Barbara,083,443738,0,0,0,0,0
2020-02-16,Santa Clara,085,1922200,10,2,1,3,0
2020-02-16,Santa Cruz,087,273765,0,0,0,0,0
2020-02-16,Shasta,089,179085,0,0,0,0,0
2020-02-16,Sierra,091,2930,0,0,0,0,0
2020-02-16,Siskiyou,093,43540,0,0,0,0,0
2020-02-16,Solano,095,438530,1,0,0,0,0
2020-02-16,Sonoma,097,501317,1,0,0,0,0
2020-02-16,Stanislaus,099,539301,1,0,2,2,0
2020-02-16,Sutter,101,95872,0,0,0,0,0
2020-02-16,Tehama,103,63373,0,0,0,0,0
2020-02-16,Trinity,105,12862,0,0,0,0,0
2020-02-16,Tulare,107,460477,2,0,0,0,0
2020-02-16,Tuolumne,109,53932,0,0,0,0,0
2020-02-16,Ventura,111,848112,2,0,0,0,0
2020-02-16,Yolo,113,214977,0,0,0,0,0
2020-02-16,Yuba,115,75493,0,0,0,0,0
2020-02-15,Alameda,001,1643700,6,0,0,0,0
2020-02-15,Alpine,003,1148,0,0,0,0,0
2020-02-15,Amador,005,37829,0,0,0,0,0
2020-02-15,Butte,007,227075,0,0,0,0,0
2020-02-15,Calaveras,009,45235,0,0,0,0,0
2020-02-15,Colusa,011,21464,0,0,0,0,0
2020-02-15,Contra Costa,013,1133247,3,0,0,0,0
2020-02-15,Del Norte,015,27424,0,0,0,0,0
2020-02-15,El Dorado,017,186661,0,0,0,0,0
2020-02-15,Fresno,019,978130,0,0,0,0,0
2020-02-15,Glenn,021,27897,0,0,0,0,0
2020-02-15,Humboldt,023,135768,1,0,0,0,0
2020-02-15,Imperial,025,180216,0,0,0,0,0
2020-02-15,Inyo,027,18085,0,0,0,0,0
2020-02-15,Kern,029,883053,2,0,0,0,0
2020-02-15,Kings,031,150075,0,0,0,0,0
2020-02-15,Lake,033,64148,0,0,0,0,0
2020-02-15,Lassen,035,31185,0,0,0,0,0
2020-02-15,Los Angeles,037,10098052,39,1,4,5,0
2020-02-15,Madera,039,155013,0,0,0,0,0
2020-02-15,Marin,041,260295,0,0,0,0,0
2020-02-15,Mariposa,043,17540,0,0,0,0,0
2020-02-15,Mendocino,045,87422,0,0,0,0,0
2020-02-15,Merced,047,269075,0,0,0,0,0
2020-02-15,Modoc,049,8938,0,0,0,0,0
2020-02-15,Mono,051,14174,0,0,0,0,0
2020-02-15,Monterey,053,433212,1,0,0,0,0
2020-02-15,Napa,055,140530,0,0,0,0,0
2020-02-15,Nevada,057,99092,0,0,0,0,0
2020-02-15,Orange,059,3164182,37,1,0,1,0
2020-02-15,Placer,061,380077,0,0,0,0,0
2020-02-15,Plumas,063,18699,0,0,0,0,0
2020-02-15,Riverside,065,2383286,4,0,0,0,0
2020-02-15,Sacramento,067,1510023,2,0,0,0,0
2020-02-15,San Benito,069,59416,0,2,0,2,0
2020-02-15,San Bernardino,071,2135413,9,0,0,0,0
2020-02-15,San Diego,073,3302833,2,2,0,2,0
2020-02-15,San Francisco,075,870044,2,0,0,0,0
2020-02-15,San Joaquin,077,732212,1,0,1,1,0
2020-02-15,San Luis Obispo,079,281455,1,0,0,0,0
2020-02-15,San Mateo,081,765935,4,0,0,0,0
2020-02-15,Santa Barbara,083,443738,0,0,0,0,0
2020-02-15,Santa Clara,085,1922200,10,2,1,3,0
2020-02-15,Santa Cruz,087,273765,0,0,0,0,0
2020-02-15,Shasta,089,179085,0,0,0,0,0
2020-02-15,Sierra,091,2930,0,0,0,0,0
2020-02-15,Siskiyou,093,43540,0,0,0,0,0
2020-02-15,Solano,095,438530,1,0,0,0,0
2020-02-15,Sonoma,097,501317,0,0,0,0,0
2020-02-15,Stanislaus,099,539301,1,0,2,2,0
2020-02-15,Sutter,101,95872,0,0,0,0,0
2020-02-15,Tehama,103,63373,0,0,0,0,0
2020-02-15,Trinity,105,12862,0,0,0,0,0
2020-02-15,Tulare,107,460477,2,0,0,0,0
2020-02-15,Tuolumne,109,53932,0,0,0,0,0
2020-02-15,Ventura,111,848112,2,0,0,0,0
2020-02-15,Yolo,113,214977,0,0,0,0,0
2020-02-15,Yuba,115,75493,0,0,0,0,0
2020-02-14,Alameda,001,1643700,5,0,0,0,0
2020-02-14,Alpine,003,1148,0,0,0,0,0
2020-02-14,Amador,005,37829,0,0,0,0,0
2020-02-14,Butte,007,227075,0,0,0,0,0
2020-02-14,Calaveras,009,45235,0,0,0,0,0
2020-02-14,Colusa,011,21464,0,0,0,0,0
2020-02-14,Contra Costa,013,1133247,3,0,0,0,0
2020-02-14,Del Norte,015,27424,0,0,0,0,0
2020-02-14,El Dorado,017,186661,0,0,0,0,0
2020-02-14,Fresno,019,978130,0,0,0,0,0
2020-02-14,Glenn,021,27897,0,0,0,0,0
2020-02-14,Humboldt,023,135768,1,0,0,0,0
2020-02-14,Imperial,025,180216,0,0,0,0,0
2020-02-14,Inyo,027,18085,0,0,0,0,0
2020-02-14,Kern,029,883053,2,0,0,0,0
2020-02-14,Kings,031,150075,0,0,0,0,0
2020-02-14,Lake,033,64148,0,0,0,0,0
2020-02-14,Lassen,035,31185,0,0,0,0,0
2020-02-14,Los Angeles,037,10098052,34,1,4,5,0
2020-02-14,Madera,039,155013,0,0,0,0,0
2020-02-14,Marin,041,260295,0,0,0,0,0
2020-02-14,Mariposa,043,17540,0,0,0,0,0
2020-02-14,Mendocino,045,87422,0,0,0,0,0
2020-02-14,Merced,047,269075,0,0,0,0,0
2020-02-14,Modoc,049,8938,0,0,0,0,0
2020-02-14,Mono,051,14174,0,0,0,0,0
2020-02-14,Monterey,053,433212,1,0,0,0,0
2020-02-14,Napa,055,140530,0,0,0,0,0
2020-02-14,Nevada,057,99092,0,0,0,0,0
2020-02-14,Orange,059,3164182,37,1,0,1,0
2020-02-14,Placer,061,380077,0,0,0,0,0
2020-02-14,Plumas,063,18699,0,0,0,0,0
2020-02-14,Riverside,065,2383286,4,0,0,0,0
2020-02-14,Sacramento,067,1510023,1,0,0,0,0
2020-02-14,San Benito,069,59416,0,2,0,2,0
2020-02-14,San Bernardino,071,2135413,9,0,0,0,0
2020-02-14,San Diego,073,3302833,1,2,0,2,0
2020-02-14,San Francisco,075,870044,2,0,0,0,0
2020-02-14,San Joaquin,077,732212,1,0,1,1,0
2020-02-14,San Luis Obispo,079,281455,0,0,0,0,0
2020-02-14,San Mateo,081,765935,3,0,0,0,0
2020-02-14,Santa Barbara,083,443738,0,0,0,0,0
2020-02-14,Santa Clara,085,1922200,8,2,1,3,0
2020-02-14,Santa Cruz,087,273765,0,0,0,0,0
2020-02-14,Shasta,089,179085,0,0,0,0,0
2020-02-14,Sierra,091,2930,0,0,0,0,0
2020-02-14,Siskiyou,093,43540,0,0,0,0,0
2020-02-14,Solano,095,438530,1,0,0,0,0
2020-02-14,Sonoma,097,501317,0,0,0,0,0
2020-02-14,Stanislaus,099,539301,1,0,2,2,0
2020-02-14,Sutter,101,95872,0,0,0,0,0
2020-02-14,Tehama,103,63373,0,0,0,0,0
2020-02-14,Trinity,105,12862,0,0,0,0,0
2020-02-14,Tulare,107,460477,2,0,0,0,0
2020-02-14,Tuolumne,109,53932,0,0,0,0,0
2020-02-14,Ventura,111,848112,2,0,0,0,0
2020-02-14,Yolo,113,214977,0,0,0,0,0
2020-02-14,Yuba,115,75493,0,0,0,0,0
2020-02-13,Alameda,001,1643700,5,0,0,0,0
2020-02-13,Alpine,003,1148,0,0,0,0,0
2020-02-13,Amador,005,37829,0,0,0,0,0
2020-02-13,Butte,007,227075,0,0,0,0,0
2020-02-13,Calaveras,009,45235,0,0,0,0,0
2020-02-13,Colusa,011,21464,0,0,0,0,0
2020-02-13,Contra Costa,013,1133247,3,0,0,0,0
2020-02-13,Del Norte,015,27424,0,0,0,0,0
2020-02-13,El Dorado,017,186661,0,0,0,0,0
2020-02-13,Fresno,019,978130,0,0,0,0,0
2020-02-13,Glenn,021,27897,0,0,0,0,0
2020-02-13,Humboldt,023,135768,1,0,0,0,0
2020-02-13,Imperial,025,180216,0,0,0,0,0
2020-02-13,Inyo,027,18085,0,0,0,0,0
2020-02-13,Kern,029,883053,2,0,0,0,0
2020-02-13,Kings,031,150075,0,0,0,0,0
2020-02-13,Lake,033,64148,0,0,0,0,0
2020-02-13,Lassen,035,31185,0,0,0,0,0
2020-02-13,Los Angeles,037,10098052,31,1,3,4,0
2020-02-13,Madera,039,155013,0,0,0,0,0
2020-02-13,Marin,041,260295,0,0,0,0,0
2020-02-13,Mariposa,043,17540,0,0,0,0,0
2020-02-13,Mendocino,045,87422,0,0,0,0,0
2020-02-13,Merced,047,269075,0,0,0,0,0
2020-02-13,Modoc,049,8938,0,0,0,0,0
2020-02-13,Mono,051,14174,0,0,0,0,0
2020-02-13,Monterey,053,433212,1,0,0,0,0
2020-02-13,Napa,055,140530,0,0,0,0,0
2020-02-13,Nevada,057,99092,0,0,0,0,0
2020-02-13,Orange,059,3164182,36,1,0,1,0
2020-02-13,Placer,061,380077,0,0,0,0,0
2020-02-13,Plumas,063,18699,0,0,0,0,0
2020-02-13,Riverside,065,2383286,4,0,0,0,0
2020-02-13,Sacramento,067,1510023,1,0,0,0,0
2020-02-13,San Benito,069,59416,0,2,0,2,0
2020-02-13,San Bernardino,071,2135413,8,0,0,0,0
2020-02-13,San Diego,073,3302833,0,2,0,2,0
2020-02-13,San Francisco,075,870044,2,0,0,0,0
2020-02-13,San Joaquin,077,732212,1,0,1,1,0
2020-02-13,San Luis Obispo,079,281455,0,0,0,0,0
2020-02-13,San Mateo,081,765935,2,0,0,0,0
2020-02-13,Santa Barbara,083,443738,0,0,0,0,0
2020-02-13,Santa Clara,085,1922200,7,2,0,2,0
2020-02-13,Santa Cruz,087,273765,0,0,0,0,0
2020-02-13,Shasta,089,179085,0,0,0,0,0
2020-02-13,Sierra,091,2930,0,0,0,0,0
2020-02-13,Siskiyou,093,43540,0,0,0,0,0
2020-02-13,Solano,095,438530,0,0,0,0,0
2020-02-13,Sonoma,097,501317,0,0,0,0,0
2020-02-13,Stanislaus,099,539301,1,0,1,1,0
2020-02-13,Sutter,101,95872,0,0,0,0,0
2020-02-13,Tehama,103,63373,0,0,0,0,0
2020-02-13,Trinity,105,12862,0,0,0,0,0
2020-02-13,Tulare,107,460477,2,0,0,0,0
2020-02-13,Tuolumne,109,53932,0,0,0,0,0
2020-02-13,Ventura,111,848112,2,0,0,0,0
2020-02-13,Yolo,113,214977,0,0,0,0,0
2020-02-13,Yuba,115,75493,0,0,0,0,0
2020-02-12,Alameda,001,1643700,5,0,0,0,0
2020-02-12,Alpine,003,1148,0,0,0,0,0
2020-02-12,Amador,005,37829,0,0,0,0,0
2020-02-12,Butte,007,227075,0,0,0,0,0
2020-02-12,Calaveras,009,45235,0,0,0,0,0
2020-02-12,Colusa,011,21464,0,0,0,0,0
2020-02-12,Contra Costa,013,1133247,3,0,0,0,0
2020-02-12,Del Norte,015,27424,0,0,0,0,0
2020-02-12,El Dorado,017,186661,0,0,0,0,0
2020-02-12,Fresno,019,978130,0,0,0,0,0
2020-02-12,Glenn,021,27897,0,0,0,0,0
2020-02-12,Humboldt,023,135768,1,0,0,0,0
2020-02-12,Imperial,025,180216,0,0,0,0,0
2020-02-12,Inyo,027,18085,0,0,0,0,0
2020-02-12,Kern,029,883053,2,0,0,0,0
2020-02-12,Kings,031,150075,0,0,0,0,0
2020-02-12,Lake,033,64148,0,0,0,0,0
2020-02-12,Lassen,035,31185,0,0,0,0,0
2020-02-12,Los Angeles,037,10098052,30,1,3,4,0
2020-02-12,Madera,039,155013,0,0,0,0,0
2020-02-12,Marin,041,260295,0,0,0,0,0
2020-02-12,Mariposa,043,17540,0,0,0,0,0
2020-02-12,Mendocino,045,87422,0,0,0,0,0
2020-02-12,Merced,047,269075,0,0,0,0,0
2020-02-12,Modoc,049,8938,0,0,0,0,0
2020-02-12,Mono,051,14174,0,0,0,0,0
2020-02-12,Monterey,053,433212,1,0,0,0,0
2020-02-12,Napa,055,140530,0,0,0,0,0
2020-02-12,Nevada,057,99092,0,0,0,0,0
2020-02-12,Orange,059,3164182,36,1,0,1,0
2020-02-12,Placer,061,380077,0,0,0,0,0
2020-02-12,Plumas,063,18699,0,0,0,0,0
2020-02-12,Riverside,065,2383286,4,0,0,0,0
2020-02-12,Sacramento,067,1510023,1,0,0,0,0
2020-02-12,San Benito,069,59416,0,2,0,2,0
2020-02-12,San Bernardino,071,2135413,8,0,0,0,0
2020-02-12,San Diego,073,3302833,0,2,0,2,0
2020-02-12,San Francisco,075,870044,2,0,0,0,0
2020-02-12,San Joaquin,077,732212,1,0,1,1,0
2020-02-12,San Luis Obispo,079,281455,0,0,0,0,0
2020-02-12,San Mateo,081,765935,2,0,0,0,0
2020-02-12,Santa Barbara,083,443738,0,0,0,0,0
2020-02-12,Santa Clara,085,1922200,6,2,0,2,0
2020-02-12,Santa Cruz,087,273765,0,0,0,0,0
2020-02-12,Shasta,089,179085,0,0,0,0,0
2020-02-12,Sierra,091,2930,0,0,0,0,0
2020-02-12,Siskiyou,093,43540,0,0,0,0,0
2020-02-12,Solano,095,438530,0,0,0,0,0
2020-02-12,Sonoma,097,501317,0,0,0,0,0
2020-02-12,Stanislaus,099,539301,1,0,1,1,0
2020-02-12,Sutter,101,95872,0,0,0,0,0
2020-02-12,Tehama,103,63373,0,0,0,0,0
2020-02-12,Trinity,105,12862,0,0,0,0,0
2020-02-12,Tulare,107,460477,2,0,0,0,0
2020-02-12,Tuolumne,109,53932,0,0,0,0,0
2020-02-12,Ventura,111,848112,2,0,0,0,0
2020-02-12,Yolo,113,214977,0,0,0,0,0
2020-02-12,Yuba,115,75493,0,0,0,0,0
2020-02-11,Alameda,001,1643700,5,0,0,0,0
2020-02-11,Alpine,003,1148,0,0,0,0,0
2020-02-11,Amador,005,37829,0,0,0,0,0
2020-02-11,Butte,007,227075,0,0,0,0,0
2020-02-11,Calaveras,009,45235,0,0,0,0,0
2020-02-11,Colusa,011,21464,0,0,0,0,0
2020-02-11,Contra Costa,013,1133247,3,0,0,0,0
2020-02-11,Del Norte,015,27424,0,0,0,0,0
2020-02-11,El Dorado,017,186661,0,0,0,0,0
2020-02-11,Fresno,019,978130,0,0,0,0,0
2020-02-11,Glenn,021,27897,0,0,0,0,0
2020-02-11,Humboldt,023,135768,1,0,0,0,0
2020-02-11,Imperial,025,180216,0,0,0,0,0
2020-02-11,Inyo,027,18085,0,0,0,0,0
2020-02-11,Kern,029,883053,2,0,0,0,0
2020-02-11,Kings,031,150075,0,0,0,0,0
2020-02-11,Lake,033,64148,0,0,0,0,0
2020-02-11,Lassen,035,31185,0,0,0,0,0
2020-02-11,Los Angeles,037,10098052,30,1,3,4,0
2020-02-11,Madera,039,155013,0,0,0,0,0
2020-02-11,Marin,041,260295,0,0,0,0,0
2020-02-11,Mariposa,043,17540,0,0,0,0,0
2020-02-11,Mendocino,045,87422,0,0,0,0,0
2020-02-11,Merced,047,269075,0,0,0,0,0
2020-02-11,Modoc,049,8938,0,0,0,0,0
2020-02-11,Mono,051,14174,0,0,0,0,0
2020-02-11,Monterey,053,433212,1,0,0,0,0
2020-02-11,Napa,055,140530,0,0,0,0,0
2020-02-11,Nevada,057,99092,0,0,0,0,0
2020-02-11,Orange,059,3164182,35,1,0,1,0
2020-02-11,Placer,061,380077,0,0,0,0,0
2020-02-11,Plumas,063,18699,0,0,0,0,0
2020-02-11,Riverside,065,2383286,4,0,0,0,0
2020-02-11,Sacramento,067,1510023,1,0,0,0,0
2020-02-11,San Benito,069,59416,0,2,0,2,0
2020-02-11,San Bernardino,071,2135413,8,0,0,0,0
2020-02-11,San Diego,073,3302833,0,1,0,1,0
2020-02-11,San Francisco,075,870044,2,0,0,0,0
2020-02-11,San Joaquin,077,732212,0,0,1,1,0
2020-02-11,San Luis Obispo,079,281455,0,0,0,0,0
2020-02-11,San Mateo,081,765935,2,0,0,0,0
2020-02-11,Santa Barbara,083,443738,0,0,0,0,0
2020-02-11,Santa Clara,085,1922200,5,2,0,2,0
2020-02-11,Santa Cruz,087,273765,0,0,0,0,0
2020-02-11,Shasta,089,179085,0,0,0,0,0
2020-02-11,Sierra,091,2930,0,0,0,0,0
2020-02-11,Siskiyou,093,43540,0,0,0,0,0
2020-02-11,Solano,095,438530,0,0,0,0,0
2020-02-11,Sonoma,097,501317,0,0,0,0,0
2020-02-11,Stanislaus,099,539301,1,0,1,1,0
2020-02-11,Sutter,101,95872,0,0,0,0,0
2020-02-11,Tehama,103,63373,0,0,0,0,0
2020-02-11,Trinity,105,12862,0,0,0,0,0
2020-02-11,Tulare,107,460477,2,0,0,0,0
2020-02-11,Tuolumne,109,53932,0,0,0,0,0
2020-02-11,Ventura,111,848112,2,0,0,0,0
2020-02-11,Yolo,113,214977,0,0,0,0,0
2020-02-11,Yuba,115,75493,0,0,0,0,0
2020-02-10,Alameda,001,1643700,5,0,0,0,0
2020-02-10,Alpine,003,1148,0,0,0,0,0
2020-02-10,Amador,005,37829,0,0,0,0,0
2020-02-10,Butte,007,227075,0,0,0,0,0
2020-02-10,Calaveras,009,45235,0,0,0,0,0
2020-02-10,Colusa,011,21464,0,0,0,0,0
2020-02-10,Contra Costa,013,1133247,3,0,0,0,0
2020-02-10,Del Norte,015,27424,0,0,0,0,0
2020-02-10,El Dorado,017,186661,0,0,0,0,0
2020-02-10,Fresno,019,978130,0,0,0,0,0
2020-02-10,Glenn,021,27897,0,0,0,0,0
2020-02-10,Humboldt,023,135768,0,0,0,0,0
2020-02-10,Imperial,025,180216,0,0,0,0,0
2020-02-10,Inyo,027,18085,0,0,0,0,0
2020-02-10,Kern,029,883053,2,0,0,0,0
2020-02-10,Kings,031,150075,0,0,0,0,0
2020-02-10,Lake,033,64148,0,0,0,0,0
2020-02-10,Lassen,035,31185,0,0,0,0,0
2020-02-10,Los Angeles,037,10098052,28,1,3,4,0
2020-02-10,Madera,039,155013,0,0,0,0,0
2020-02-10,Marin,041,260295,0,0,0,0,0
2020-02-10,Mariposa,043,17540,0,0,0,0,0
2020-02-10,Mendocino,045,87422,0,0,0,0,0
2020-02-10,Merced,047,269075,0,0,0,0,0
2020-02-10,Modoc,049,8938,0,0,0,0,0
2020-02-10,Mono,051,14174,0,0,0,0,0
2020-02-10,Monterey,053,433212,1,0,0,0,0
2020-02-10,Napa,055,140530,0,0,0,0,0
2020-02-10,Nevada,057,99092,0,0,0,0,0
2020-02-10,Orange,059,3164182,35,1,0,1,0
2020-02-10,Placer,061,380077,0,0,0,0,0
2020-02-10,Plumas,063,18699,0,0,0,0,0
2020-02-10,Riverside,065,2383286,4,0,0,0,0
2020-02-10,Sacramento,067,1510023,1,0,0,0,0
2020-02-10,San Benito,069,59416,0,2,0,2,0
2020-02-10,San Bernardino,071,2135413,7,0,0,0,0
2020-02-10,San Diego,073,3302833,0,0,0,0,0
2020-02-10,San Francisco,075,870044,2,0,0,0,0
2020-02-10,San Joaquin,077,732212,0,0,1,1,0
2020-02-10,San Luis Obispo,079,281455,0,0,0,0,0
2020-02-10,San Mateo,081,765935,2,0,0,0,0
2020-02-10,Santa Barbara,083,443738,0,0,0,0,0
2020-02-10,Santa Clara,085,1922200,5,2,0,2,0
2020-02-10,Santa Cruz,087,273765,0,0,0,0,0
2020-02-10,Shasta,089,179085,0,0,0,0,0
2020-02-10,Sierra,091,2930,0,0,0,0,0
2020-02-10,Siskiyou,093,43540,0,0,0,0,0
2020-02-10,Solano,095,438530,0,0,0,0,0
2020-02-10,Sonoma,097,501317,0,0,0,0,0
2020-02-10,Stanislaus,099,539301,1,0,0,0,0
2020-02-10,Sutter,101,95872,0,0,0,0,0
2020-02-10,Tehama,103,63373,0,0,0,0,0
2020-02-10,Trinity,105,12862,0,0,0,0,0
2020-02-10,Tulare,107,460477,2,0,0,0,0
2020-02-10,Tuolumne,109,53932,0,0,0,0,0
2020-02-10,Ventura,111,848112,2,0,0,0,0
2020-02-10,Yolo,113,214977,0,0,0,0,0
2020-02-10,Yuba,115,75493,0,0,0,0,0
2020-02-09,Alameda,001,1643700,5,0,0,0,0
2020-02-09,Alpine,003,1148,0,0,0,0,0
2020-02-09,Amador,005,37829,0,0,0,0,0
2020-02-09,Butte,007,227075,0,0,0,0,0
2020-02-09,Calaveras,009,45235,0,0,0,0,0
2020-02-09,Colusa,011,21464,0,0,0,0,0
2020-02-09,Contra Costa,013,1133247,3,0,0,0,0
2020-02-09,Del Norte,015,27424,0,0,0,0,0
2020-02-09,El Dorado,017,186661,0,0,0,0,0
2020-02-09,Fresno,019,978130,0,0,0,0,0
2020-02-09,Glenn,021,27897,0,0,0,0,0
2020-02-09,Humboldt,023,135768,0,0,0,0,0
2020-02-09,Imperial,025,180216,0,0,0,0,0
2020-02-09,Inyo,027,18085,0,0,0,0,0
2020-02-09,Kern,029,883053,2,0,0,0,0
2020-02-09,Kings,031,150075,0,0,0,0,0
2020-02-09,Lake,033,64148,0,0,0,0,0
2020-02-09,Lassen,035,31185,0,0,0,0,0
2020-02-09,Los Angeles,037,10098052,27,1,3,4,0
2020-02-09,Madera,039,155013,0,0,0,0,0
2020-02-09,Marin,041,260295,0,0,0,0,0
2020-02-09,Mariposa,043,17540,0,0,0,0,0
2020-02-09,Mendocino,045,87422,0,0,0,0,0
2020-02-09,Merced,047,269075,0,0,0,0,0
2020-02-09,Modoc,049,8938,0,0,0,0,0
2020-02-09,Mono,051,14174,0,0,0,0,0
2020-02-09,Monterey,053,433212,1,0,0,0,0
2020-02-09,Napa,055,140530,0,0,0,0,0
2020-02-09,Nevada,057,99092,0,0,0,0,0
2020-02-09,Orange,059,3164182,35,1,0,1,0
2020-02-09,Placer,061,380077,0,0,0,0,0
2020-02-09,Plumas,063,18699,0,0,0,0,0
2020-02-09,Riverside,065,2383286,4,0,0,0,0
2020-02-09,Sacramento,067,1510023,0,0,0,0,0
2020-02-09,San Benito,069,59416,0,2,0,2,0
2020-02-09,San Bernardino,071,2135413,7,0,0,0,0
2020-02-09,San Diego,073,3302833,0,0,0,0,0
2020-02-09,San Francisco,075,870044,1,0,0,0,0
2020-02-09,San Joaquin,077,732212,0,0,1,1,0
2020-02-09,San Luis Obispo,079,281455,0,0,0,0,0
2020-02-09,San Mateo,081,765935,2,0,0,0,0
2020-02-09,Santa Barbara,083,443738,0,0,0,0,0
2020-02-09,Santa Clara,085,1922200,4,2,0,2,0
2020-02-09,Santa Cruz,087,273765,0,0,0,0,0
2020-02-09,Shasta,089,179085,0,0,0,0,0
2020-02-09,Sierra,091,2930,0,0,0,0,0
2020-02-09,Siskiyou,093,43540,0,0,0,0,0
2020-02-09,Solano,095,438530,0,0,0,0,0
2020-02-09,Sonoma,097,501317,0,0,0,0,0
2020-02-09,Stanislaus,099,539301,0,0,0,0,0
2020-02-09,Sutter,101,95872,0,0,0,0,0
2020-02-09,Tehama,103,63373,0,0,0,0,0
2020-02-09,Trinity,105,12862,0,0,0,0,0
2020-02-09,Tulare,107,460477,2,0,0,0,0
2020-02-09,Tuolumne,109,53932,0,0,0,0,0
2020-02-09,Ventura,111,848112,1,0,0,0,0
2020-02-09,Yolo,113,214977,0,0,0,0,0
2020-02-09,Yuba,115,75493,0,0,0,0,0
2020-02-08,Alameda,001,1643700,4,0,0,0,0
2020-02-08,Alpine,003,1148,0,0,0,0,0
2020-02-08,Amador,005,37829,0,0,0,0,0
2020-02-08,Butte,007,227075,0,0,0,0,0
2020-02-08,Calaveras,009,45235,0,0,0,0,0
2020-02-08,Colusa,011,21464,0,0,0,0,0
2020-02-08,Contra Costa,013,1133247,2,0,0,0,0
2020-02-08,Del Norte,015,27424,0,0,0,0,0
2020-02-08,El Dorado,017,186661,0,0,0,0,0
2020-02-08,Fresno,019,978130,0,0,0,0,0
2020-02-08,Glenn,021,27897,0,0,0,0,0
2020-02-08,Humboldt,023,135768,0,0,0,0,0
2020-02-08,Imperial,025,180216,0,0,0,0,0
2020-02-08,Inyo,027,18085,0,0,0,0,0
2020-02-08,Kern,029,883053,2,0,0,0,0
2020-02-08,Kings,031,150075,0,0,0,0,0
2020-02-08,Lake,033,64148,0,0,0,0,0
2020-02-08,Lassen,035,31185,0,0,0,0,0
2020-02-08,Los Angeles,037,10098052,24,1,1,2,0
2020-02-08,Madera,039,155013,0,0,0,0,0
2020-02-08,Marin,041,260295,0,0,0,0,0
2020-02-08,Mariposa,043,17540,0,0,0,0,0
2020-02-08,Mendocino,045,87422,0,0,0,0,0
2020-02-08,Merced,047,269075,0,0,0,0,0
2020-02-08,Modoc,049,8938,0,0,0,0,0
2020-02-08,Mono,051,14174,0,0,0,0,0
2020-02-08,Monterey,053,433212,1,0,0,0,0
2020-02-08,Napa,055,140530,0,0,0,0,0
2020-02-08,Nevada,057,99092,0,0,0,0,0
2020-02-08,Orange,059,3164182,35,1,0,1,0
2020-02-08,Placer,061,380077,0,0,0,0,0
2020-02-08,Plumas,063,18699,0,0,0,0,0
2020-02-08,Riverside,065,2383286,4,0,0,0,0
2020-02-08,Sacramento,067,1510023,0,0,0,0,0
2020-02-08,San Benito,069,59416,0,2,0,2,0
2020-02-08,San Bernardino,071,2135413,7,0,0,0,0
2020-02-08,San Diego,073,3302833,0,0,0,0,0
2020-02-08,San Francisco,075,870044,1,0,0,0,0
2020-02-08,San Joaquin,077,732212,0,0,1,1,0
2020-02-08,San Luis Obispo,079,281455,0,0,0,0,0
2020-02-08,San Mateo,081,765935,2,0,0,0,0
2020-02-08,Santa Barbara,083,443738,0,0,0,0,0
2020-02-08,Santa Clara,085,1922200,4,2,0,2,0
2020-02-08,Santa Cruz,087,273765,0,0,0,0,0
2020-02-08,Shasta,089,179085,0,0,0,0,0
2020-02-08,Sierra,091,2930,0,0,0,0,0
2020-02-08,Siskiyou,093,43540,0,0,0,0,0
2020-02-08,Solano,095,438530,0,0,0,0,0
2020-02-08,Sonoma,097,501317,0,0,0,0,0
2020-02-08,Stanislaus,099,539301,0,0,0,0,0
2020-02-08,Sutter,101,95872,0,0,0,0,0
2020-02-08,Tehama,103,63373,0,0,0,0,0
2020-02-08,Trinity,105,12862,0,0,0,0,0
2020-02-08,Tulare,107,460477,2,0,0,0,0
2020-02-08,Tuolumne,109,53932,0,0,0,0,0
2020-02-08,Ventura,111,848112,1,0,0,0,0
2020-02-08,Yolo,113,214977,0,0,0,0,0
2020-02-08,Yuba,115,75493,0,0,0,0,0
2020-02-07,Alameda,001,1643700,4,0,0,0,0
2020-02-07,Alpine,003,1148,0,0,0,0,0
2020-02-07,Amador,005,37829,0,0,0,0,0
2020-02-07,Butte,007,227075,0,0,0,0,0
2020-02-07,Calaveras,009,45235,0,0,0,0,0
2020-02-07,Colusa,011,21464,0,0,0,0,0
2020-02-07,Contra Costa,013,1133247,2,0,0,0,0
2020-02-07,Del Norte,015,27424,0,0,0,0,0
2020-02-07,El Dorado,017,186661,0,0,0,0,0
2020-02-07,Fresno,019,978130,0,0,0,0,0
2020-02-07,Glenn,021,27897,0,0,0,0,0
2020-02-07,Humboldt,023,135768,0,0,0,0,0
2020-02-07,Imperial,025,180216,0,0,0,0,0
2020-02-07,Inyo,027,18085,0,0,0,0,0
2020-02-07,Kern,029,883053,2,0,0,0,0
2020-02-07,Kings,031,150075,0,0,0,0,0
2020-02-07,Lake,033,64148,0,0,0,0,0
2020-02-07,Lassen,035,31185,0,0,0,0,0
2020-02-07,Los Angeles,037,10098052,23,1,0,1,0
2020-02-07,Madera,039,155013,0,0,0,0,0
2020-02-07,Marin,041,260295,0,0,0,0,0
2020-02-07,Mariposa,043,17540,0,0,0,0,0
2020-02-07,Mendocino,045,87422,0,0,0,0,0
2020-02-07,Merced,047,269075,0,0,0,0,0
2020-02-07,Modoc,049,8938,0,0,0,0,0
2020-02-07,Mono,051,14174,0,0,0,0,0
2020-02-07,Monterey,053,433212,1,0,0,0,0
2020-02-07,Napa,055,140530,0,0,0,0,0
2020-02-07,Nevada,057,99092,0,0,0,0,0
2020-02-07,Orange,059,3164182,33,1,0,1,0
2020-02-07,Placer,061,380077,0,0,0,0,0
2020-02-07,Plumas,063,18699,0,0,0,0,0
2020-02-07,Riverside,065,2383286,4,0,0,0,0
2020-02-07,Sacramento,067,1510023,0,0,0,0,0
2020-02-07,San Benito,069,59416,0,2,0,2,0
2020-02-07,San Bernardino,071,2135413,4,0,0,0,0
2020-02-07,San Diego,073,3302833,0,0,0,0,0
2020-02-07,San Francisco,075,870044,1,0,0,0,0
2020-02-07,San Joaquin,077,732212,0,0,1,1,0
2020-02-07,San Luis Obispo,079,281455,0,0,0,0,0
2020-02-07,San Mateo,081,765935,1,0,0,0,0
2020-02-07,Santa Barbara,083,443738,0,0,0,0,0
2020-02-07,Santa Clara,085,1922200,4,2,0,2,0
2020-02-07,Santa Cruz,087,273765,0,0,0,0,0
2020-02-07,Shasta,089,179085,0,0,0,0,0
2020-02-07,Sierra,091,2930,0,0,0,0,0
2020-02-07,Siskiyou,093,43540,0,0,0,0,0
2020-02-07,Solano,095,438530,0,0,0,0,0
2020-02-07,Sonoma,097,501317,0,0,0,0,0
2020-02-07,Stanislaus,099,539301,0,0,0,0,0
2020-02-07,Sutter,101,95872,0,0,0,0,0
2020-02-07,Tehama,103,63373,0,0,0,0,0
2020-02-07,Trinity,105,12862,0,0,0,0,0
2020-02-07,Tulare,107,460477,2,0,0,0,0
2020-02-07,Tuolumne,109,53932,0,0,0,0,0
2020-02-07,Ventura,111,848112,1,0,0,0,0
2020-02-07,Yolo,113,214977,0,0,0,0,0
2020-02-07,Yuba,115,75493,0,0,0,0,0
2020-02-06,Alameda,001,1643700,4,0,0,0,0
2020-02-06,Alpine,003,1148,0,0,0,0,0
2020-02-06,Amador,005,37829,0,0,0,0,0
2020-02-06,Butte,007,227075,0,0,0,0,0
2020-02-06,Calaveras,009,45235,0,0,0,0,0
2020-02-06,Colusa,011,21464,0,0,0,0,0
2020-02-06,Contra Costa,013,1133247,2,0,0,0,0
2020-02-06,Del Norte,015,27424,0,0,0,0,0
2020-02-06,El Dorado,017,186661,0,0,0,0,0
2020-02-06,Fresno,019,978130,0,0,0,0,0
2020-02-06,Glenn,021,27897,0,0,0,0,0
2020-02-06,Humboldt,023,135768,0,0,0,0,0
2020-02-06,Imperial,025,180216,0,0,0,0,0
2020-02-06,Inyo,027,18085,0,0,0,0,0
2020-02-06,Kern,029,883053,2,0,0,0,0
2020-02-06,Kings,031,150075,0,0,0,0,0
2020-02-06,Lake,033,64148,0,0,0,0,0
2020-02-06,Lassen,035,31185,0,0,0,0,0
2020-02-06,Los Angeles,037,10098052,22,1,0,1,0
2020-02-06,Madera,039,155013,0,0,0,0,0
2020-02-06,Marin,041,260295,0,0,0,0,0
2020-02-06,Mariposa,043,17540,0,0,0,0,0
2020-02-06,Mendocino,045,87422,0,0,0,0,0
2020-02-06,Merced,047,269075,0,0,0,0,0
2020-02-06,Modoc,049,8938,0,0,0,0,0
2020-02-06,Mono,051,14174,0,0,0,0,0
2020-02-06,Monterey,053,433212,1,0,0,0,0
2020-02-06,Napa,055,140530,0,0,0,0,0
2020-02-06,Nevada,057,99092,0,0,0,0,0
2020-02-06,Orange,059,3164182,3,1,0,1,0
2020-02-06,Placer,061,380077,0,0,0,0,0
2020-02-06,Plumas,063,18699,0,0,0,0,0
2020-02-06,Riverside,065,2383286,4,0,0,0,0
2020-02-06,Sacramento,067,1510023,0,0,0,0,0
2020-02-06,San Benito,069,59416,0,2,0,2,0
2020-02-06,San Bernardino,071,2135413,4,0,0,0,0
2020-02-06,San Diego,073,3302833,0,0,0,0,0
2020-02-06,San Francisco,075,870044,1,0,0,0,0
2020-02-06,San Joaquin,077,732212,0,0,1,1,0
2020-02-06,San Luis Obispo,079,281455,0,0,0,0,0
2020-02-06,San Mateo,081,765935,1,0,0,0,0
2020-02-06,Santa Barbara,083,443738,0,0,0,0,0
2020-02-06,Santa Clara,085,1922200,4,2,0,2,0
2020-02-06,Santa Cruz,087,273765,0,0,0,0,0
2020-02-06,Shasta,089,179085,0,0,0,0,0
2020-02-06,Sierra,091,2930,0,0,0,0,0
2020-02-06,Siskiyou,093,43540,0,0,0,0,0
2020-02-06,Solano,095,438530,0,0,0,0,0
2020-02-06,Sonoma,097,501317,0,0,0,0,0
2020-02-06,Stanislaus,099,539301,0,0,0,0,0
2020-02-06,Sutter,101,95872,0,0,0,0,0
2020-02-06,Tehama,103,63373,0,0,0,0,0
2020-02-06,Trinity,105,12862,0,0,0,0,0
2020-02-06,Tulare,107,460477,2,0,0,0,0
2020-02-06,Tuolumne,109,53932,0,0,0,0,0
2020-02-06,Ventura,111,848112,1,0,0,0,0
2020-02-06,Yolo,113,214977,0,0,0,0,0
2020-02-06,Yuba,115,75493,0,0,0,0,0
2020-02-05,Alameda,001,1643700,3,0,0,0,0
2020-02-05,Alpine,003,1148,0,0,0,0,0
2020-02-05,Amador,005,37829,0,0,0,0,0
2020-02-05,Butte,007,227075,0,0,0,0,0
2020-02-05,Calaveras,009,45235,0,0,0,0,0
2020-02-05,Colusa,011,21464,0,0,0,0,0
2020-02-05,Contra Costa,013,1133247,2,0,0,0,0
2020-02-05,Del Norte,015,27424,0,0,0,0,0
2020-02-05,El Dorado,017,186661,0,0,0,0,0
2020-02-05,Fresno,019,978130,0,0,0,0,0
2020-02-05,Glenn,021,27897,0,0,0,0,0
2020-02-05,Humboldt,023,135768,0,0,0,0,0
2020-02-05,Imperial,025,180216,0,0,0,0,0
2020-02-05,Inyo,027,18085,0,0,0,0,0
2020-02-05,Kern,029,883053,1,0,0,0,0
2020-02-05,Kings,031,150075,0,0,0,0,0
2020-02-05,Lake,033,64148,0,0,0,0,0
2020-02-05,Lassen,035,31185,0,0,0,0,0
2020-02-05,Los Angeles,037,10098052,22,1,0,1,0
2020-02-05,Madera,039,155013,0,0,0,0,0
2020-02-05,Marin,041,260295,0,0,0,0,0
2020-02-05,Mariposa,043,17540,0,0,0,0,0
2020-02-05,Mendocino,045,87422,0,0,0,0,0
2020-02-05,Merced,047,269075,0,0,0,0,0
2020-02-05,Modoc,049,8938,0,0,0,0,0
2020-02-05,Mono,051,14174,0,0,0,0,0
2020-02-05,Monterey,053,433212,1,0,0,0,0
2020-02-05,Napa,055,140530,0,0,0,0,0
2020-02-05,Nevada,057,99092,0,0,0,0,0
2020-02-05,Orange,059,3164182,2,1,0,1,0
2020-02-05,Placer,061,380077,0,0,0,0,0
2020-02-05,Plumas,063,18699,0,0,0,0,0
2020-02-05,Riverside,065,2383286,4,0,0,0,0
2020-02-05,Sacramento,067,1510023,0,0,0,0,0
2020-02-05,San Benito,069,59416,0,2,0,2,0
2020-02-05,San Bernardino,071,2135413,4,0,0,0,0
2020-02-05,San Diego,073,3302833,0,0,0,0,0
2020-02-05,San Francisco,075,870044,1,0,0,0,0
2020-02-05,San Joaquin,077,732212,0,0,1,1,0
2020-02-05,San Luis Obispo,079,281455,0,0,0,0,0
2020-02-05,San Mateo,081,765935,1,0,0,0,0
2020-02-05,Santa Barbara,083,443738,0,0,0,0,0
2020-02-05,Santa Clara,085,1922200,2,2,0,2,0
2020-02-05,Santa Cruz,087,273765,0,0,0,0,0
2020-02-05,Shasta,089,179085,0,0,0,0,0
2020-02-05,Sierra,091,2930,0,0,0,0,0
2020-02-05,Siskiyou,093,43540,0,0,0,0,0
2020-02-05,Solano,095,438530,0,0,0,0,0
2020-02-05,Sonoma,097,501317,0,0,0,0,0
2020-02-05,Stanislaus,099,539301,0,0,0,0,0
2020-02-05,Sutter,101,95872,0,0,0,0,0
2020-02-05,Tehama,103,63373,0,0,0,0,0
2020-02-05,Trinity,105,12862,0,0,0,0,0
2020-02-05,Tulare,107,460477,2,0,0,0,0
2020-02-05,Tuolumne,109,53932,0,0,0,0,0
2020-02-05,Ventura,111,848112,0,0,0,0,0
2020-02-05,Yolo,113,214977,0,0,0,0,0
2020-02-05,Yuba,115,75493,0,0,0,0,0
2020-02-04,Alameda,001,1643700,3,0,0,0,0
2020-02-04,Alpine,003,1148,0,0,0,0,0
2020-02-04,Amador,005,37829,0,0,0,0,0
2020-02-04,Butte,007,227075,0,0,0,0,0
2020-02-04,Calaveras,009,45235,0,0,0,0,0
2020-02-04,Colusa,011,21464,0,0,0,0,0
2020-02-04,Contra Costa,013,1133247,2,0,0,0,0
2020-02-04,Del Norte,015,27424,0,0,0,0,0
2020-02-04,El Dorado,017,186661,0,0,0,0,0
2020-02-04,Fresno,019,978130,0,0,0,0,0
2020-02-04,Glenn,021,27897,0,0,0,0,0
2020-02-04,Humboldt,023,135768,0,0,0,0,0
2020-02-04,Imperial,025,180216,0,0,0,0,0
2020-02-04,Inyo,027,18085,0,0,0,0,0
2020-02-04,Kern,029,883053,0,0,0,0,0
2020-02-04,Kings,031,150075,0,0,0,0,0
2020-02-04,Lake,033,64148,0,0,0,0,0
2020-02-04,Lassen,035,31185,0,0,0,0,0
2020-02-04,Los Angeles,037,10098052,22,1,0,1,0
2020-02-04,Madera,039,155013,0,0,0,0,0
2020-02-04,Marin,041,260295,0,0,0,0,0
2020-02-04,Mariposa,043,17540,0,0,0,0,0
2020-02-04,Mendocino,045,87422,0,0,0,0,0
2020-02-04,Merced,047,269075,0,0,0,0,0
2020-02-04,Modoc,049,8938,0,0,0,0,0
2020-02-04,Mono,051,14174,0,0,0,0,0
2020-02-04,Monterey,053,433212,1,0,0,0,0
2020-02-04,Napa,055,140530,0,0,0,0,0
2020-02-04,Nevada,057,99092,0,0,0,0,0
2020-02-04,Orange,059,3164182,2,1,0,1,0
2020-02-04,Placer,061,380077,0,0,0,0,0
2020-02-04,Plumas,063,18699,0,0,0,0,0
2020-02-04,Riverside,065,2383286,4,0,0,0,0
2020-02-04,Sacramento,067,1510023,0,0,0,0,0
2020-02-04,San Benito,069,59416,0,2,0,2,0
2020-02-04,San Bernardino,071,2135413,3,0,0,0,0
2020-02-04,San Diego,073,3302833,0,0,0,0,0
2020-02-04,San Francisco,075,870044,1,0,0,0,0
2020-02-04,San Joaquin,077,732212,0,0,1,1,0
2020-02-04,San Luis Obispo,079,281455,0,0,0,0,0
2020-02-04,San Mateo,081,765935,0,0,0,0,0
2020-02-04,Santa Barbara,083,443738,0,0,0,0,0
2020-02-04,Santa Clara,085,1922200,2,2,0,2,0
2020-02-04,Santa Cruz,087,273765,0,0,0,0,0
2020-02-04,Shasta,089,179085,0,0,0,0,0
2020-02-04,Sierra,091,2930,0,0,0,0,0
2020-02-04,Siskiyou,093,43540,0,0,0,0,0
2020-02-04,Solano,095,438530,0,0,0,0,0
2020-02-04,Sonoma,097,501317,0,0,0,0,0
2020-02-04,Stanislaus,099,539301,0,0,0,0,0
2020-02-04,Sutter,101,95872,0,0,0,0,0
2020-02-04,Tehama,103,63373,0,0,0,0,0
2020-02-04,Trinity,105,12862,0,0,0,0,0
2020-02-04,Tulare,107,460477,2,0,0,0,0
2020-02-04,Tuolumne,109,53932,0,0,0,0,0
2020-02-04,Ventura,111,848112,0,0,0,0,0
2020-02-04,Yolo,113,214977,0,0,0,0,0
2020-02-04,Yuba,115,75493,0,0,0,0,0
2020-02-03,Alameda,001,1643700,3,0,0,0,0
2020-02-03,Alpine,003,1148,0,0,0,0,0
2020-02-03,Amador,005,37829,0,0,0,0,0
2020-02-03,Butte,007,227075,0,0,0,0,0
2020-02-03,Calaveras,009,45235,0,0,0,0,0
2020-02-03,Colusa,011,21464,0,0,0,0,0
2020-02-03,Contra Costa,013,1133247,2,0,0,0,0
2020-02-03,Del Norte,015,27424,0,0,0,0,0
2020-02-03,El Dorado,017,186661,0,0,0,0,0
2020-02-03,Fresno,019,978130,0,0,0,0,0
2020-02-03,Glenn,021,27897,0,0,0,0,0
2020-02-03,Humboldt,023,135768,0,0,0,0,0
2020-02-03,Imperial,025,180216,0,0,0,0,0
2020-02-03,Inyo,027,18085,0,0,0,0,0
2020-02-03,Kern,029,883053,0,0,0,0,0
2020-02-03,Kings,031,150075,0,0,0,0,0
2020-02-03,Lake,033,64148,0,0,0,0,0
2020-02-03,Lassen,035,31185,0,0,0,0,0
2020-02-03,Los Angeles,037,10098052,21,1,0,1,0
2020-02-03,Madera,039,155013,0,0,0,0,0
2020-02-03,Marin,041,260295,0,0,0,0,0
2020-02-03,Mariposa,043,17540,0,0,0,0,0
2020-02-03,Mendocino,045,87422,0,0,0,0,0
2020-02-03,Merced,047,269075,0,0,0,0,0
2020-02-03,Modoc,049,8938,0,0,0,0,0
2020-02-03,Mono,051,14174,0,0,0,0,0
2020-02-03,Monterey,053,433212,1,0,0,0,0
2020-02-03,Napa,055,140530,0,0,0,0,0
2020-02-03,Nevada,057,99092,0,0,0,0,0
2020-02-03,Orange,059,3164182,1,1,0,1,0
2020-02-03,Placer,061,380077,0,0,0,0,0
2020-02-03,Plumas,063,18699,0,0,0,0,0
2020-02-03,Riverside,065,2383286,4,0,0,0,0
2020-02-03,Sacramento,067,1510023,0,0,0,0,0
2020-02-03,San Benito,069,59416,0,2,0,2,0
2020-02-03,San Bernardino,071,2135413,3,0,0,0,0
2020-02-03,San Diego,073,3302833,0,0,0,0,0
2020-02-03,San Francisco,075,870044,1,0,0,0,0
2020-02-03,San Joaquin,077,732212,0,0,1,1,0
2020-02-03,San Luis Obispo,079,281455,0,0,0,0,0
2020-02-03,San Mateo,081,765935,0,0,0,0,0
2020-02-03,Santa Barbara,083,443738,0,0,0,0,0
2020-02-03,Santa Clara,085,1922200,2,2,0,2,0
2020-02-03,Santa Cruz,087,273765,0,0,0,0,0
2020-02-03,Shasta,089,179085,0,0,0,0,0
2020-02-03,Sierra,091,2930,0,0,0,0,0
2020-02-03,Siskiyou,093,43540,0,0,0,0,0
2020-02-03,Solano,095,438530,0,0,0,0,0
2020-02-03,Sonoma,097,501317,0,0,0,0,0
2020-02-03,Stanislaus,099,539301,0,0,0,0,0
2020-02-03,Sutter,101,95872,0,0,0,0,0
2020-02-03,Tehama,103,63373,0,0,0,0,0
2020-02-03,Trinity,105,12862,0,0,0,0,0
2020-02-03,Tulare,107,460477,2,0,0,0,0
2020-02-03,Tuolumne,109,53932,0,0,0,0,0
2020-02-03,Ventura,111,848112,0,0,0,0,0
2020-02-03,Yolo,113,214977,0,0,0,0,0
2020-02-03,Yuba,115,75493,0,0,0,0,0
2020-02-02,Alameda,001,1643700,3,0,0,0,0
2020-02-02,Alpine,003,1148,0,0,0,0,0
2020-02-02,Amador,005,37829,0,0,0,0,0
2020-02-02,Butte,007,227075,0,0,0,0,0
2020-02-02,Calaveras,009,45235,0,0,0,0,0
2020-02-02,Colusa,011,21464,0,0,0,0,0
2020-02-02,Contra Costa,013,1133247,1,0,0,0,0
2020-02-02,Del Norte,015,27424,0,0,0,0,0
2020-02-02,El Dorado,017,186661,0,0,0,0,0
2020-02-02,Fresno,019,978130,0,0,0,0,0
2020-02-02,Glenn,021,27897,0,0,0,0,0
2020-02-02,Humboldt,023,135768,0,0,0,0,0
2020-02-02,Imperial,025,180216,0,0,0,0,0
2020-02-02,Inyo,027,18085,0,0,0,0,0
2020-02-02,Kern,029,883053,0,0,0,0,0
2020-02-02,Kings,031,150075,0,0,0,0,0
2020-02-02,Lake,033,64148,0,0,0,0,0
2020-02-02,Lassen,035,31185,0,0,0,0,0
2020-02-02,Los Angeles,037,10098052,17,1,0,1,0
2020-02-02,Madera,039,155013,0,0,0,0,0
2020-02-02,Marin,041,260295,0,0,0,0,0
2020-02-02,Mariposa,043,17540,0,0,0,0,0
2020-02-02,Mendocino,045,87422,0,0,0,0,0
2020-02-02,Merced,047,269075,0,0,0,0,0
2020-02-02,Modoc,049,8938,0,0,0,0,0
2020-02-02,Mono,051,14174,0,0,0,0,0
2020-02-02,Monterey,053,433212,1,0,0,0,0
2020-02-02,Napa,055,140530,0,0,0,0,0
2020-02-02,Nevada,057,99092,0,0,0,0,0
2020-02-02,Orange,059,3164182,1,1,0,1,0
2020-02-02,Placer,061,380077,0,0,0,0,0
2020-02-02,Plumas,063,18699,0,0,0,0,0
2020-02-02,Riverside,065,2383286,3,0,0,0,0
2020-02-02,Sacramento,067,1510023,0,0,0,0,0
2020-02-02,San Benito,069,59416,0,2,0,2,0
2020-02-02,San Bernardino,071,2135413,2,0,0,0,0
2020-02-02,San Diego,073,3302833,0,0,0,0,0
2020-02-02,San Francisco,075,870044,1,0,0,0,0
2020-02-02,San Joaquin,077,732212,0,0,1,1,0
2020-02-02,San Luis Obispo,079,281455,0,0,0,0,0
2020-02-02,San Mateo,081,765935,0,0,0,0,0
2020-02-02,Santa Barbara,083,443738,0,0,0,0,0
2020-02-02,Santa Clara,085,1922200,2,2,0,2,0
2020-02-02,Santa Cruz,087,273765,0,0,0,0,0
2020-02-02,Shasta,089,179085,0,0,0,0,0
2020-02-02,Sierra,091,2930,0,0,0,0,0
2020-02-02,Siskiyou,093,43540,0,0,0,0,0
2020-02-02,Solano,095,438530,0,0,0,0,0
2020-02-02,Sonoma,097,501317,0,0,0,0,0
2020-02-02,Stanislaus,099,539301,0,0,0,0,0
2020-02-02,Sutter,101,95872,0,0,0,0,0
2020-02-02,Tehama,103,63373,0,0,0,0,0
2020-02-02,Trinity,105,12862,0,0,0,0,0
2020-02-02,Tulare,107,460477,2,0,0,0,0
2020-02-02,Tuolumne,109,53932,0,0,0,0,0
2020-02-02,Ventura,111,848112,0,0,0,0,0
2020-02-02,Yolo,113,214977,0,0,0,0,0
2020-02-02,Yuba,115,75493,0,0,0,0,0
2020-02-01,Alameda,001,1643700,3,0,0,0,0
2020-02-01,Alpine,003,1148,0,0,0,0,0
2020-02-01,Amador,005,37829,0,0,0,0,0
2020-02-01,Butte,007,227075,0,0,0,0,0
2020-02-01,Calaveras,009,45235,0,0,0,0,0
2020-02-01,Colusa,011,21464,0,0,0,0,0
2020-02-01,Contra Costa,013,1133247,0,0,0,0,0
2020-02-01,Del Norte,015,27424,0,0,0,0,0
2020-02-01,El Dorado,017,186661,0,0,0,0,0
2020-02-01,Fresno,019,978130,0,0,0,0,0
2020-02-01,Glenn,021,27897,0,0,0,0,0
2020-02-01,Humboldt,023,135768,0,0,0,0,0
2020-02-01,Imperial,025,180216,0,0,0,0,0
2020-02-01,Inyo,027,18085,0,0,0,0,0
2020-02-01,Kern,029,883053,0,0,0,0,0
2020-02-01,Kings,031,150075,0,0,0,0,0
2020-02-01,Lake,033,64148,0,0,0,0,0
2020-02-01,Lassen,035,31185,0,0,0,0,0
2020-02-01,Los Angeles,037,10098052,13,1,0,1,0
2020-02-01,Madera,039,155013,0,0,0,0,0
2020-02-01,Marin,041,260295,0,0,0,0,0
2020-02-01,Mariposa,043,17540,0,0,0,0,0
2020-02-01,Mendocino,045,87422,0,0,0,0,0
2020-02-01,Merced,047,269075,0,0,0,0,0
2020-02-01,Modoc,049,8938,0,0,0,0,0
2020-02-01,Mono,051,14174,0,0,0,0,0
2020-02-01,Monterey,053,433212,0,0,0,0,0
2020-02-01,Napa,055,140530,0,0,0,0,0
2020-02-01,Nevada,057,99092,0,0,0,0,0
2020-02-01,Orange,059,3164182,1,1,0,1,0
2020-02-01,Placer,061,380077,0,0,0,0,0
2020-02-01,Plumas,063,18699,0,0,0,0,0
2020-02-01,Riverside,065,2383286,2,0,0,0,0
2020-02-01,Sacramento,067,1510023,0,0,0,0,0
2020-02-01,San Benito,069,59416,0,0,0,0,0
2020-02-01,San Bernardino,071,2135413,1,0,0,0,0
2020-02-01,San Diego,073,3302833,0,0,0,0,0
2020-02-01,San Francisco,075,870044,1,0,0,0,0
2020-02-01,San Joaquin,077,732212,0,0,1,1,0
2020-02-01,San Luis Obispo,079,281455,0,0,0,0,0
2020-02-01,San Mateo,081,765935,0,0,0,0,0
2020-02-01,Santa Barbara,083,443738,0,0,0,0,0
2020-02-01,Santa Clara,085,1922200,2,1,0,1,0
2020-02-01,Santa Cruz,087,273765,0,0,0,0,0
2020-02-01,Shasta,089,179085,0,0,0,0,0
2020-02-01,Sierra,091,2930,0,0,0,0,0
2020-02-01,Siskiyou,093,43540,0,0,0,0,0
2020-02-01,Solano,095,438530,0,0,0,0,0
2020-02-01,Sonoma,097,501317,0,0,0,0,0
2020-02-01,Stanislaus,099,539301,0,0,0,0,0
2020-02-01,Sutter,101,95872,0,0,0,0,0
2020-02-01,Tehama,103,63373,0,0,0,0,0
2020-02-01,Trinity,105,12862,0,0,0,0,0
2020-02-01,Tulare,107,460477,1,0,0,0,0
2020-02-01,Tuolumne,109,53932,0,0,0,0,0
2020-02-01,Ventura,111,848112,0,0,0,0,0
2020-02-01,Yolo,113,214977,0,0,0,0,0
2020-02-01,Yuba,115,75493,0,0,0,0,0
