date,county,fips,population,confirmed_cases,reported_cases,probable_cases,reported_and_probable_cases,reported_deaths
2021-09-17,Alameda,1,1643700,113062,113070,2768,115838,1320
2021-09-17,Alpine,3,1148,99,99,0,99,0
2021-09-17,Amador,5,37829,4834,4835,47,4882,58
2021-09-17,Butte,7,227075,17870,17870,3243,21113,230
2021-09-17,Calaveras,9,45235,3338,3338,32,3370,66
2021-09-17,Colusa,11,21464,2368,2369,534,2903,16
2021-09-17,Contra Costa,13,1133247,93483,93485,1939,95424,924
2021-09-17,Del Norte,15,27424,3311,3311,16,3327,34
2021-09-17,El Dorado,17,186661,14421,14421,1492,15913,127
2021-09-17,Fresno,19,978130,124296,124296,10876,135172,1882
2021-09-17,Glenn,21,27897,3072,3072,878,3950,25
2021-09-17,Humboldt,23,135768,7848,7850,381,8231,80
2021-09-17,Imperial,25,180216,31026,31031,3135,34166,755
2021-09-17,Inyo,27,18085,1634,1634,26,1660,39
2021-09-17,Kern,29,883053,114298,114303,17522,131825,1456
2021-09-17,Kings,31,150075,28238,28240,1703,29943,281
2021-09-17,Lake,33,64148,5915,5915,74,5989,87
2021-09-17,Lassen,35,31185,6080,6080,247,6327,25
2021-09-17,Los Angeles,37,10098052,1377678,1377905,53822,1431727,25820
2021-09-17,Madera,39,155013,20038,20040,1546,21586,257
2021-09-17,Marin,41,260295,16653,16658,395,17053,242
2021-09-17,Mariposa,43,17540,869,869,28,897,5
2021-09-17,Mendocino,45,87422,6498,6498,296,6794,67
2021-09-17,Merced,47,269075,37801,37803,1302,39105,533
2021-09-17,Modoc,49,8938,456,456,159,615,5
2021-09-17,Mono,51,14174,1457,1457,13,1470,3
2021-09-17,Monterey,53,433212,46421,46421,2978,49399,564
2021-09-17,Napa,55,140530,12152,12153,78,12231,95
2021-09-17,Nevada,57,99092,8152,8157,273,8430,84
2021-09-17,Orange,59,3164182,292684,292685,13845,306530,5346
2021-09-17,Placer,61,380077,33188,33188,3080,36268,362
2021-09-17,Plumas,63,18699,1192,1192,29,1221,5
2021-09-17,Riverside,65,2383286,340387,340445,16418,356863,4792
2021-09-17,Sacramento,67,1510023,145982,145985,3704,149689,1999
2021-09-17,San Benito,69,59416,6927,6929,148,7077,67
2021-09-17,San Bernardino,71,2135413,335769,335810,10505,346315,5488
2021-09-17,San Diego,73,3302833,348098,348098,0,348098,4002
2021-09-17,San Francisco,75,870044,49242,49249,2449,51698,605
2021-09-17,San Joaquin,77,732212,91970,91977,4920,96897,1610
2021-09-17,San Luis Obispo,79,281455,27091,27102,1092,28194,311
2021-09-17,San Mateo,81,765935,50848,50854,1211,52065,564
2021-09-17,Santa Barbara,83,443738,41354,41354,1599,42953,498
2021-09-17,Santa Clara,85,1922200,138926,138939,1154,140093,1838
2021-09-17,Santa Cruz,87,273765,19039,19039,1055,20094,211
2021-09-17,Shasta,89,179085,17617,17617,2870,20487,254
2021-09-17,Sierra,91,2930,124,124,15,139,0
2021-09-17,Siskiyou,93,43540,2852,2852,1013,3865,35
2021-09-17,Solano,95,438530,42887,42898,1095,43993,312
2021-09-17,Sonoma,97,501317,38799,38808,485,39293,369
2021-09-17,Stanislaus,99,539301,71389,71408,7909,79317,1091
2021-09-17,Sutter,101,95872,12794,12799,226,13025,153
2021-09-17,Tehama,103,63373,7019,7020,1156,8176,84
2021-09-17,Trinity,105,12862,556,556,158,714,7
2021-09-17,Tulare,107,460477,59689,59689,12809,72498,895
2021-09-17,Tuolumne,109,53932,6047,6047,56,6103,89
2021-09-17,Ventura,111,848112,93269,93273,4197,97470,1116
2021-09-17,Yolo,113,214977,18177,18177,905,19082,239
2021-09-17,Yuba,115,75493,9017,9019,173,9192,61
2021-09-16,Alameda,1,1643700,113062,112770,2768,115538,1318
2021-09-16,Alpine,3,1148,99,99,0,99,0
2021-09-16,Amador,5,37829,4834,4819,47,4866,58
2021-09-16,Butte,7,227075,17870,17750,3243,20993,230
2021-09-16,Calaveras,9,45235,3338,3313,32,3345,66
2021-09-16,Colusa,11,21464,2368,2363,534,2897,16
2021-09-16,Contra Costa,13,1133247,93483,93213,1939,95152,917
2021-09-16,Del Norte,15,27424,3311,3285,16,3301,34
2021-09-16,El Dorado,17,186661,14421,14372,1492,15864,127
2021-09-16,Fresno,19,978130,124296,123853,10876,134729,1868
2021-09-16,Glenn,21,27897,3072,3068,878,3946,24
2021-09-16,Humboldt,23,135768,7848,7809,381,8190,80
2021-09-16,Imperial,25,180216,31026,30966,3135,34101,753
2021-09-16,Inyo,27,18085,1634,1623,26,1649,39
2021-09-16,Kern,29,883053,114298,113828,17522,131350,1448
2021-09-16,Kings,31,150075,28238,28114,1703,29817,280
2021-09-16,Lake,33,64148,5915,5890,74,5964,87
2021-09-16,Lassen,35,31185,6080,6028,247,6275,25
2021-09-16,Los Angeles,37,10098052,1377678,1376277,53822,1430099,25796
2021-09-16,Madera,39,155013,20038,19974,1546,21520,257
2021-09-16,Marin,41,260295,16653,16625,395,17020,242
2021-09-16,Mariposa,43,17540,869,849,28,877,6
2021-09-16,Mendocino,45,87422,6498,6445,296,6741,67
2021-09-16,Merced,47,269075,37801,37675,1302,38977,532
2021-09-16,Modoc,49,8938,456,455,159,614,5
2021-09-16,Mono,51,14174,1457,1449,13,1462,3
2021-09-16,Monterey,53,433212,46421,46342,2978,49320,562
2021-09-16,Napa,55,140530,12152,12115,78,12193,95
2021-09-16,Nevada,57,99092,8152,8121,273,8394,84
2021-09-16,Orange,59,3164182,292684,292183,13845,306028,5340
2021-09-16,Placer,61,380077,33188,33037,3080,36117,354
2021-09-16,Plumas,63,18699,1192,1178,29,1207,5
2021-09-16,Riverside,65,2383286,340387,339770,16418,356188,4786
2021-09-16,Sacramento,67,1510023,145982,145754,3704,149458,1996
2021-09-16,San Benito,69,59416,6927,6913,148,7061,67
2021-09-16,San Bernardino,71,2135413,335769,335129,10505,345634,5474
2021-09-16,San Diego,73,3302833,348098,347472,0,347472,3994
2021-09-16,San Francisco,75,870044,49242,49133,2449,51582,605
2021-09-16,San Joaquin,77,732212,91970,91650,4920,96570,1608
2021-09-16,San Luis Obispo,79,281455,27091,27044,1092,28136,310
2021-09-16,San Mateo,81,765935,50848,50773,1211,51984,564
2021-09-16,Santa Barbara,83,443738,41354,41272,1599,42871,497
2021-09-16,Santa Clara,85,1922200,138926,138685,1154,139839,1835
2021-09-16,Santa Cruz,87,273765,19039,19011,1055,20066,211
2021-09-16,Shasta,89,179085,17617,17438,2870,20308,251
2021-09-16,Sierra,91,2930,124,123,15,138,0
2021-09-16,Siskiyou,93,43540,2852,2819,1013,3832,35
2021-09-16,Solano,95,438530,42887,42792,1095,43887,312
2021-09-16,Sonoma,97,501317,38799,38707,485,39192,369
2021-09-16,Stanislaus,99,539301,71389,71105,7909,79014,1091
2021-09-16,Sutter,101,95872,12794,12729,226,12955,152
2021-09-16,Tehama,103,63373,7019,6953,1156,8109,83
2021-09-16,Trinity,105,12862,556,547,158,705,7
2021-09-16,Tulare,107,460477,59689,59459,12809,72268,894
2021-09-16,Tuolumne,109,53932,6047,5999,56,6055,89
2021-09-16,Ventura,111,848112,93269,93087,4197,97284,1110
2021-09-16,Yolo,113,214977,18177,18135,905,19040,239
2021-09-16,Yuba,115,75493,9017,8981,173,9154,61
2021-09-15,Alameda,1,1643700,113046,112498,2768,115266,1317
2021-09-15,Alpine,3,1148,99,99,0,99,0
2021-09-15,Amador,5,37829,4833,4792,47,4839,58
2021-09-15,Butte,7,227075,17865,17664,3243,20907,228
2021-09-15,Calaveras,9,45235,3336,3293,32,3325,66
2021-09-15,Colusa,11,21464,2366,2352,534,2886,16
2021-09-15,Contra Costa,13,1133247,93470,92989,1939,94928,913
2021-09-15,Del Norte,15,27424,3310,3271,16,3287,34
2021-09-15,El Dorado,17,186661,14421,14309,1492,15801,127
2021-09-15,Fresno,19,978130,124244,123370,10876,134246,1867
2021-09-15,Glenn,21,27897,3072,3051,878,3929,20
2021-09-15,Humboldt,23,135768,7845,7754,381,8135,52
2021-09-15,Imperial,25,180216,31002,30891,3135,34026,753
2021-09-15,Inyo,27,18085,1631,1614,26,1640,39
2021-09-15,Kern,29,883053,114269,113546,17522,131068,1434
2021-09-15,Kings,31,150075,28220,27991,1703,29694,279
2021-09-15,Lake,33,64148,5908,5852,74,5926,85
2021-09-15,Lassen,35,31185,6075,6018,247,6265,25
2021-09-15,Los Angeles,37,10098052,1377592,1374307,53822,1428129,25767
2021-09-15,Madera,39,155013,20025,19880,1546,21426,257
2021-09-15,Marin,41,260295,16649,16592,395,16987,242
2021-09-15,Mariposa,43,17540,869,843,28,871,5
2021-09-15,Mendocino,45,87422,6489,6399,296,6695,66
2021-09-15,Merced,47,269075,37785,37508,1302,38810,529
2021-09-15,Modoc,49,8938,456,454,159,613,5
2021-09-15,Mono,51,14174,1456,1445,13,1458,3
2021-09-15,Monterey,53,433212,46419,46317,2978,49295,562
2021-09-15,Napa,55,140530,12148,12082,78,12160,95
2021-09-15,Nevada,57,99092,8151,8081,273,8354,84
2021-09-15,Orange,59,3164182,292638,291834,13845,305679,5328
2021-09-15,Placer,61,380077,33177,32860,3080,35940,352
2021-09-15,Plumas,63,18699,1192,1164,29,1193,5
2021-09-15,Riverside,65,2383286,340348,339077,16418,355495,4769
2021-09-15,Sacramento,67,1510023,145956,145202,3704,148906,1981
2021-09-15,San Benito,69,59416,6924,6902,148,7050,67
2021-09-15,San Bernardino,71,2135413,335732,334556,10505,345061,5470
2021-09-15,San Diego,73,3302833,348025,346933,0,346933,3983
2021-09-15,San Francisco,75,870044,49236,48999,2449,51448,605
2021-09-15,San Joaquin,77,732212,91928,91322,4920,96242,1607
2021-09-15,San Luis Obispo,79,281455,27079,26943,1092,28035,306
2021-09-15,San Mateo,81,765935,50842,50691,1211,51902,564
2021-09-15,Santa Barbara,83,443738,41337,41077,1599,42676,497
2021-09-15,Santa Clara,85,1922200,138906,138410,1154,139564,1833
2021-09-15,Santa Cruz,87,273765,19037,18984,1055,20039,210
2021-09-15,Shasta,89,179085,17614,17317,2870,20187,250
2021-09-15,Sierra,91,2930,124,123,15,138,0
2021-09-15,Siskiyou,93,43540,2843,2804,1013,3817,35
2021-09-15,Solano,95,438530,42882,42682,1095,43777,312
2021-09-15,Sonoma,97,501317,38791,38629,485,39114,369
2021-09-15,Stanislaus,99,539301,71367,70852,7909,78761,1091
2021-09-15,Sutter,101,95872,12784,12699,226,12925,151
2021-09-15,Tehama,103,63373,7018,6894,1156,8050,79
2021-09-15,Trinity,105,12862,556,541,158,699,7
2021-09-15,Tulare,107,460477,59660,59149,12809,71958,890
2021-09-15,Tuolumne,109,53932,6037,5969,56,6025,89
2021-09-15,Ventura,111,848112,93259,92960,4197,97157,1109
2021-09-15,Yolo,113,214977,18176,18064,905,18969,239
2021-09-15,Yuba,115,75493,9011,8953,173,9126,61
2021-09-14,Alameda,1,1643700,112951,112329,2768,115097,1316
2021-09-14,Alpine,3,1148,99,98,0,98,0
2021-09-14,Amador,5,37829,4830,4790,47,4837,57
2021-09-14,Butte,7,227075,17830,17516,3243,20759,226
2021-09-14,Calaveras,9,45235,3325,3280,32,3312,66
2021-09-14,Colusa,11,21464,2365,2344,534,2878,16
2021-09-14,Contra Costa,13,1133247,93389,92822,1939,94761,908
2021-09-14,Del Norte,15,27424,3306,3252,16,3268,32
2021-09-14,El Dorado,17,186661,14401,14247,1492,15739,123
2021-09-14,Fresno,19,978130,124163,123151,10876,134027,1856
2021-09-14,Glenn,21,27897,3071,3045,878,3923,20
2021-09-14,Humboldt,23,135768,7835,7717,381,8098,52
2021-09-14,Imperial,25,180216,30956,30845,3135,33980,752
2021-09-14,Inyo,27,18085,1625,1605,26,1631,39
2021-09-14,Kern,29,883053,114215,113250,17522,130772,1428
2021-09-14,Kings,31,150075,28197,27955,1703,29658,278
2021-09-14,Lake,33,64148,5897,5845,74,5919,83
2021-09-14,Lassen,35,31185,6072,5977,247,6224,25
2021-09-14,Los Angeles,37,10098052,1376792,1372831,53822,1426653,25729
2021-09-14,Madera,39,155013,20010,19800,1546,21346,254
2021-09-14,Marin,41,260295,16632,16584,395,16979,242
2021-09-14,Mariposa,43,17540,867,834,28,862,5
2021-09-14,Mendocino,45,87422,6476,6372,296,6668,65
2021-09-14,Merced,47,269075,37765,37430,1302,38732,526
2021-09-14,Modoc,49,8938,455,453,159,612,5
2021-09-14,Mono,51,14174,1455,1440,13,1453,4
2021-09-14,Monterey,53,433212,46405,46224,2978,49202,558
2021-09-14,Napa,55,140530,12130,12070,78,12148,91
2021-09-14,Nevada,57,99092,8146,8056,273,8329,83
2021-09-14,Orange,59,3164182,292476,291423,13845,305268,5319
2021-09-14,Placer,61,380077,33138,32735,3080,35815,350
2021-09-14,Plumas,63,18699,1184,1148,29,1177,5
2021-09-14,Riverside,65,2383286,340067,338534,16418,354952,4748
2021-09-14,Sacramento,67,1510023,145834,145051,3704,148755,1977
2021-09-14,San Benito,69,59416,6918,6887,148,7035,64
2021-09-14,San Bernardino,71,2135413,335475,333968,10505,344473,5465
2021-09-14,San Diego,73,3302833,347863,346204,0,346204,3966
2021-09-14,San Francisco,75,870044,49184,48998,2449,51447,603
2021-09-14,San Joaquin,77,732212,91810,91128,4920,96048,1596
2021-09-14,San Luis Obispo,79,281455,27068,26845,1092,27937,304
2021-09-14,San Mateo,81,765935,50794,50602,1211,51813,564
2021-09-14,Santa Barbara,83,443738,41246,40783,1599,42382,495
2021-09-14,Santa Clara,85,1922200,138819,138321,1154,139475,1828
2021-09-14,Santa Cruz,87,273765,19026,18965,1055,20020,210
2021-09-14,Shasta,89,179085,17569,17152,2870,20022,246
2021-09-14,Sierra,91,2930,124,123,15,138,0
2021-09-14,Siskiyou,93,43540,2838,2756,1013,3769,35
2021-09-14,Solano,95,438530,42847,42599,1095,43694,307
2021-09-14,Sonoma,97,501317,38767,38595,485,39080,369
2021-09-14,Stanislaus,99,539301,71283,70697,7909,78606,1091
2021-09-14,Sutter,101,95872,12766,12670,226,12896,149
2021-09-14,Tehama,103,63373,7002,6859,1156,8015,80
2021-09-14,Trinity,105,12862,555,538,158,696,7
2021-09-14,Tulare,107,460477,59574,58961,12809,71770,888
2021-09-14,Tuolumne,109,53932,6028,5951,56,6007,89
2021-09-14,Ventura,111,848112,93210,92841,4197,97038,1107
2021-09-14,Yolo,113,214977,18158,18039,905,18944,239
2021-09-14,Yuba,115,75493,8998,8928,173,9101,61
2021-09-13,Alameda,1,1643700,112728,112159,2768,114927,1309
2021-09-13,Alpine,3,1148,99,98,0,98,0
2021-09-13,Amador,5,37829,4822,4761,47,4808,56
2021-09-13,Butte,7,227075,17721,17393,3243,20636,225
2021-09-13,Calaveras,9,45235,3306,3253,32,3285,65
2021-09-13,Colusa,11,21464,2359,2346,524,2870,16
2021-09-13,Contra Costa,13,1133247,93179,92658,1939,94597,908
2021-09-13,Del Norte,15,27424,3283,3232,16,3248,28
2021-09-13,El Dorado,17,186661,14344,14194,1490,15684,119
2021-09-13,Fresno,19,978130,123885,122650,10875,133525,1853
2021-09-13,Glenn,21,27897,3066,3026,873,3899,20
2021-09-13,Humboldt,23,135768,7811,7659,381,8040,52
2021-09-13,Imperial,25,180216,30909,30802,3135,33937,751
2021-09-13,Inyo,27,18085,1621,1602,26,1628,39
2021-09-13,Kern,29,883053,114016,112930,17520,130450,1424
2021-09-13,Kings,31,150075,28121,27858,1701,29559,275
2021-09-13,Lake,33,64148,5877,5809,74,5883,82
2021-09-13,Lassen,35,31185,6039,5953,247,6200,25
2021-09-13,Los Angeles,37,10098052,1375348,1371423,53804,1425227,25703
2021-09-13,Madera,39,155013,19954,19735,1546,21281,252
2021-09-13,Marin,41,260295,16609,16557,395,16952,242
2021-09-13,Mariposa,43,17540,852,825,28,853,5
2021-09-13,Mendocino,45,87422,6440,6323,296,6619,61
2021-09-13,Merced,47,269075,37659,37291,1302,38593,521
2021-09-13,Modoc,49,8938,454,451,159,610,5
2021-09-13,Mono,51,14174,1453,1435,13,1448,3
2021-09-13,Monterey,53,433212,46334,46188,2978,49166,558
2021-09-13,Napa,55,140530,12109,12039,78,12117,91
2021-09-13,Nevada,57,99092,8121,8021,271,8292,83
2021-09-13,Orange,59,3164182,292096,291128,13845,304973,5312
2021-09-13,Placer,61,380077,33006,32617,3079,35696,343
2021-09-13,Plumas,63,18699,1174,1142,29,1171,5
2021-09-13,Riverside,65,2383286,339559,337876,16409,354285,4731
2021-09-13,Sacramento,67,1510023,145313,144537,3701,148238,1956
2021-09-13,San Benito,69,59416,6904,6867,148,7015,64
2021-09-13,San Bernardino,71,2135413,335041,333613,10493,344106,5441
2021-09-13,San Diego,73,3302833,347467,345647,0,345647,3961
2021-09-13,San Francisco,75,870044,49096,48914,2449,51363,603
2021-09-13,San Joaquin,77,732212,91541,90966,4860,95826,1581
2021-09-13,San Luis Obispo,79,281455,26996,26805,1090,27895,300
2021-09-13,San Mateo,81,765935,50740,50525,1211,51736,564
2021-09-13,Santa Barbara,83,443738,41091,40661,1593,42254,494
2021-09-13,Santa Clara,85,1922200,138591,138152,1153,139305,1820
2021-09-13,Santa Cruz,87,273765,18996,18917,1055,19972,210
2021-09-13,Shasta,89,179085,17466,17033,2851,19884,243
2021-09-13,Sierra,91,2930,124,123,15,138,0
2021-09-13,Siskiyou,93,43540,2826,2745,1012,3757,35
2021-09-13,Solano,95,438530,42768,42501,1095,43596,306
2021-09-13,Sonoma,97,501317,38696,38513,484,38997,368
2021-09-13,Stanislaus,99,539301,71081,70477,7907,78384,1091
2021-09-13,Sutter,101,95872,12716,12624,223,12847,145
2021-09-13,Tehama,103,63373,6945,6803,1155,7958,79
2021-09-13,Trinity,105,12862,552,533,158,691,7
2021-09-13,Tulare,107,460477,59424,58768,12808,71576,887
2021-09-13,Tuolumne,109,53932,5999,5909,56,5965,89
2021-09-13,Ventura,111,848112,93073,92679,4196,96875,1107
2021-09-13,Yolo,113,214977,18111,17974,905,18879,239
2021-09-13,Yuba,115,75493,8958,8884,173,9057,61
2021-09-12,Alameda,1,1643700,112499,111961,2756,114717,1309
2021-09-12,Alpine,3,1148,99,98,0,98,0
2021-09-12,Amador,5,37829,4808,4752,47,4799,56
2021-09-12,Butte,7,227075,17591,17257,3219,20476,221
2021-09-12,Calaveras,9,45235,3283,3236,26,3262,65
2021-09-12,Colusa,11,21464,2357,2344,522,2866,16
2021-09-12,Contra Costa,13,1133247,92939,92498,1936,94434,908
2021-09-12,Del Norte,15,27424,3253,3200,16,3216,28
2021-09-12,El Dorado,17,186661,14288,14167,1488,15655,119
2021-09-12,Fresno,19,978130,123428,122407,10853,133260,1853
2021-09-12,Glenn,21,27897,3045,3016,864,3880,20
2021-09-12,Humboldt,23,135768,7751,7636,371,8007,52
2021-09-12,Imperial,25,180216,30855,30790,3134,33924,751
2021-09-12,Inyo,27,18085,1615,1596,26,1622,39
2021-09-12,Kern,29,883053,113648,112602,17516,130118,1424
2021-09-12,Kings,31,150075,28040,27764,1689,29453,274
2021-09-12,Lake,33,64148,5839,5781,74,5855,82
2021-09-12,Lassen,35,31185,6018,5943,236,6179,25
2021-09-12,Los Angeles,37,10098052,1373374,1365968,53721,1419689,25630
2021-09-12,Madera,39,155013,19871,19691,1536,21227,252
2021-09-12,Marin,41,260295,16595,16526,391,16917,242
2021-09-12,Mariposa,43,17540,848,811,28,839,5
2021-09-12,Mendocino,45,87422,6409,6283,286,6569,61
2021-09-12,Merced,47,269075,37488,37172,1297,38469,521
2021-09-12,Modoc,49,8938,454,451,158,609,5
2021-09-12,Mono,51,14174,1447,1431,13,1444,3
2021-09-12,Monterey,53,433212,46262,46167,2973,49140,558
2021-09-12,Napa,55,140530,12084,12011,78,12089,91
2021-09-12,Nevada,57,99092,8082,7987,270,8257,83
2021-09-12,Orange,59,3164182,291650,290718,13834,304552,5312
2021-09-12,Placer,61,380077,32856,32520,3074,35594,343
2021-09-12,Plumas,63,18699,1153,1138,27,1165,5
2021-09-12,Riverside,65,2383286,338945,337332,16391,353723,4731
2021-09-12,Sacramento,67,1510023,144720,144030,3595,147625,1959
2021-09-12,San Benito,69,59416,6886,6852,148,7000,64
2021-09-12,San Bernardino,71,2135413,334590,333049,10489,343538,5439
2021-09-12,San Diego,73,3302833,347022,345058,0,345058,3942
2021-09-12,San Francisco,75,870044,49001,48819,2424,51243,603
2021-09-12,San Joaquin,77,732212,91240,90730,4846,95576,1581
2021-09-12,San Luis Obispo,79,281455,26885,26729,1076,27805,299
2021-09-12,San Mateo,81,765935,50669,50432,1206,51638,564
2021-09-12,Santa Barbara,83,443738,40999,40600,1587,42187,494
2021-09-12,Santa Clara,85,1922200,138400,137899,1147,139046,1820
2021-09-12,Santa Cruz,87,273765,18973,18892,1054,19946,210
2021-09-12,Shasta,89,179085,17300,16957,2808,19765,243
2021-09-12,Sierra,91,2930,124,123,15,138,0
2021-09-12,Siskiyou,93,43540,2800,2730,992,3722,35
2021-09-12,Solano,95,438530,42670,42409,1091,43500,306
2021-09-12,Sonoma,97,501317,38617,38456,483,38939,368
2021-09-12,Stanislaus,99,539301,70851,70184,7887,78071,1091
2021-09-12,Sutter,101,95872,12684,12589,211,12800,145
2021-09-12,Tehama,103,63373,6884,6732,1146,7878,79
2021-09-12,Trinity,105,12862,550,529,154,683,7
2021-09-12,Tulare,107,460477,59141,58582,12747,71329,887
2021-09-12,Tuolumne,109,53932,5980,5888,54,5942,89
2021-09-12,Ventura,111,848112,92935,92496,4191,96687,1107
2021-09-12,Yolo,113,214977,18057,17943,901,18844,239
2021-09-12,Yuba,115,75493,8929,8842,173,9015,61
2021-09-11,Alameda,1,1643700,112423,111715,2754,114469,1309
2021-09-11,Alpine,3,1148,99,98,0,98,0
2021-09-11,Amador,5,37829,4802,4728,46,4774,56
2021-09-11,Butte,7,227075,17544,17218,3200,20418,221
2021-09-11,Calaveras,9,45235,3281,3208,25,3233,65
2021-09-11,Colusa,11,21464,2356,2338,522,2860,16
2021-09-11,Contra Costa,13,1133247,92848,92269,1932,94201,908
2021-09-11,Del Norte,15,27424,3246,3184,16,3200,28
2021-09-11,El Dorado,17,186661,14274,14117,1484,15601,119
2021-09-11,Fresno,19,978130,123297,122224,10834,133058,1853
2021-09-11,Glenn,21,27897,3042,3007,862,3869,20
2021-09-11,Humboldt,23,135768,7737,7615,371,7986,52
2021-09-11,Imperial,25,180216,30844,30760,3134,33894,751
2021-09-11,Inyo,27,18085,1614,1590,26,1616,39
2021-09-11,Kern,29,883053,113423,112205,17496,129701,1424
2021-09-11,Kings,31,150075,28007,27631,1686,29317,275
2021-09-11,Lake,33,64148,5833,5761,74,5835,82
2021-09-11,Lassen,35,31185,6013,5930,234,6164,25
2021-09-11,Los Angeles,37,10098052,1372755,1365831,53663,1419494,25630
2021-09-11,Madera,39,155013,19851,19648,1525,21173,252
2021-09-11,Marin,41,260295,16578,16496,388,16884,242
2021-09-11,Mariposa,43,17540,846,799,28,827,5
2021-09-11,Mendocino,45,87422,6393,6257,286,6543,61
2021-09-11,Merced,47,269075,37453,37042,1297,38339,521
2021-09-11,Modoc,49,8938,454,449,158,607,5
2021-09-11,Mono,51,14174,1446,1431,13,1444,3
2021-09-11,Monterey,53,433212,46248,46140,2973,49113,558
2021-09-11,Napa,55,140530,12072,11991,77,12068,91
2021-09-11,Nevada,57,99092,8077,7967,269,8236,83
2021-09-11,Orange,59,3164182,291439,290429,13808,304237,5306
2021-09-11,Placer,61,380077,32789,32414,3067,35481,344
2021-09-11,Plumas,63,18699,1152,1112,26,1138,5
2021-09-11,Riverside,65,2383286,338617,336585,16366,352951,4731
2021-09-11,Sacramento,67,1510023,144464,143557,3581,147138,1955
2021-09-11,San Benito,69,59416,6873,6844,148,6992,64
2021-09-11,San Bernardino,71,2135413,334416,332512,10473,342985,5430
2021-09-11,San Diego,73,3302833,346671,344355,0,344355,3942
2021-09-11,San Francisco,75,870044,48969,48660,2415,51075,603
2021-09-11,San Joaquin,77,732212,91143,90482,4842,95324,1581
2021-09-11,San Luis Obispo,79,281455,26853,26651,1076,27727,299
2021-09-11,San Mateo,81,765935,50626,50341,1198,51539,564
2021-09-11,Santa Barbara,83,443738,40945,40451,1586,42037,494
2021-09-11,Santa Clara,85,1922200,138318,137659,1145,138804,1820
2021-09-11,Santa Cruz,87,273765,18956,18865,1054,19919,210
2021-09-11,Shasta,89,179085,17266,16877,2794,19671,243
2021-09-11,Sierra,91,2930,124,123,15,138,0
2021-09-11,Siskiyou,93,43540,2794,2717,989,3706,35
2021-09-11,Solano,95,438530,42639,42344,1087,43431,306
2021-09-11,Sonoma,97,501317,38585,38399,481,38880,368
2021-09-11,Stanislaus,99,539301,70765,69974,7869,77843,1091
2021-09-11,Sutter,101,95872,12665,12538,209,12747,145
2021-09-11,Tehama,103,63373,6867,6703,1142,7845,79
2021-09-11,Trinity,105,12862,545,526,154,680,7
2021-09-11,Tulare,107,460477,59077,58321,12713,71034,889
2021-09-11,Tuolumne,109,53932,5971,5879,54,5933,89
2021-09-11,Ventura,111,848112,92860,92328,4185,96513,1107
2021-09-11,Yolo,113,214977,18044,17906,898,18804,239
2021-09-11,Yuba,115,75493,8909,8813,173,8986,61
2021-09-10,Alameda,1,1643700,112296,111386,2753,114139,1306
2021-09-10,Alpine,3,1148,98,97,0,97,0
2021-09-10,Amador,5,37829,4796,4706,46,4752,56
2021-09-10,Butte,7,227075,17479,17051,3188,20239,222
2021-09-10,Calaveras,9,45235,3275,3183,25,3208,65
2021-09-10,Colusa,11,21464,2351,2327,522,2849,16
2021-09-10,Contra Costa,13,1133247,92757,92024,1929,93953,908
2021-09-10,Del Norte,15,27424,3235,3128,16,3144,28
2021-09-10,El Dorado,17,186661,14249,14051,1479,15530,119
2021-09-10,Fresno,19,978130,122995,121659,10817,132476,1846
2021-09-10,Glenn,21,27897,3038,2977,860,3837,20
2021-09-10,Humboldt,23,135768,7715,7543,370,7913,52
2021-09-10,Imperial,25,180216,30837,30716,3132,33848,751
2021-09-10,Inyo,27,18085,1613,1590,26,1616,39
2021-09-10,Kern,29,883053,113194,111832,17472,129304,1419
2021-09-10,Kings,31,150075,27951,27473,1682,29155,274
2021-09-10,Lake,33,64148,5820,5713,74,5787,79
2021-09-10,Lassen,35,31185,6004,5914,233,6147,25
2021-09-10,Los Angeles,37,10098052,1371849,1365709,53605,1419314,25630
2021-09-10,Madera,39,155013,19822,19520,1522,21042,252
2021-09-10,Marin,41,260295,16566,16458,387,16845,242
2021-09-10,Mariposa,43,17540,844,795,28,823,5
2021-09-10,Mendocino,45,87422,6365,6184,286,6470,61
2021-09-10,Merced,47,269075,37413,36884,1295,38179,521
2021-09-10,Modoc,49,8938,454,448,158,606,5
2021-09-10,Mono,51,14174,1445,1422,13,1435,3
2021-09-10,Monterey,53,433212,46226,46084,2954,49038,557
2021-09-10,Napa,55,140530,12058,11948,77,12025,90
2021-09-10,Nevada,57,99092,8062,7932,268,8200,83
2021-09-10,Orange,59,3164182,291237,290022,13787,303809,5302
2021-09-10,Placer,61,380077,32700,32264,3056,35320,343
2021-09-10,Plumas,63,18699,1151,1111,26,1137,5
2021-09-10,Riverside,65,2383286,338210,335988,16360,352348,4720
2021-09-10,Sacramento,67,1510023,144123,143244,3575,146819,1950
2021-09-10,San Benito,69,59416,6869,6824,148,6972,64
2021-09-10,San Bernardino,71,2135413,334093,331894,10458,342352,5422
2021-09-10,San Diego,73,3302833,346235,343173,0,343173,3941
2021-09-10,San Francisco,75,870044,48915,48518,2409,50927,602
2021-09-10,San Joaquin,77,732212,91011,90208,4836,95044,1573
2021-09-10,San Luis Obispo,79,281455,26834,26526,1074,27600,299
2021-09-10,San Mateo,81,765935,50583,50251,1195,51446,564
2021-09-10,Santa Barbara,83,443738,40909,40321,1581,41902,492
2021-09-10,Santa Clara,85,1922200,138175,137337,1142,138479,1817
2021-09-10,Santa Cruz,87,273765,18942,18785,1053,19838,210
2021-09-10,Shasta,89,179085,17217,16667,2782,19449,242
2021-09-10,Sierra,91,2930,124,117,15,132,0
2021-09-10,Siskiyou,93,43540,2787,2702,987,3689,35
2021-09-10,Solano,95,438530,42583,42230,1081,43311,305
2021-09-10,Sonoma,97,501317,38550,38271,480,38751,368
2021-09-10,Stanislaus,99,539301,70635,69617,7854,77471,1091
2021-09-10,Sutter,101,95872,12639,12468,209,12677,145
2021-09-10,Tehama,103,63373,6838,6652,1132,7784,77
2021-09-10,Trinity,105,12862,542,524,153,677,7
2021-09-10,Tulare,107,460477,58985,57930,12676,70606,883
2021-09-10,Tuolumne,109,53932,5953,5842,54,5896,89
2021-09-10,Ventura,111,848112,92771,92145,4181,96326,1104
2021-09-10,Yolo,113,214977,18023,17825,896,18721,239
2021-09-10,Yuba,115,75493,8893,8760,172,8932,62
2021-09-09,Alameda,1,1643700,112131,111014,2742,113756,1306
2021-09-09,Alpine,3,1148,98,94,0,94,0
2021-09-09,Amador,5,37829,4781,4698,45,4743,56
2021-09-09,Butte,7,227075,17354,16874,3166,20040,221
2021-09-09,Calaveras,9,45235,3241,3165,25,3190,65
2021-09-09,Colusa,11,21464,2346,2321,520,2841,16
2021-09-09,Contra Costa,13,1133247,92563,91687,1924,93611,904
2021-09-09,Del Norte,15,27424,3213,3102,15,3117,28
2021-09-09,El Dorado,17,186661,14198,13970,1471,15441,119
2021-09-09,Fresno,19,978130,122533,121040,10787,131827,1838
2021-09-09,Glenn,21,27897,3023,2947,852,3799,20
2021-09-09,Humboldt,23,135768,7673,7471,365,7836,52
2021-09-09,Imperial,25,180216,30804,30661,3129,33790,751
2021-09-09,Inyo,27,18085,1608,1586,26,1612,39
2021-09-09,Kern,29,883053,112883,111390,17402,128792,1414
2021-09-09,Kings,31,150075,27871,27282,1668,28950,273
2021-09-09,Lake,33,64148,5792,5638,74,5712,79
2021-09-09,Lassen,35,31185,5961,5860,224,6084,25
2021-09-09,Los Angeles,37,10098052,1370293,1363735,53537,1417272,25583
2021-09-09,Madera,39,155013,19763,19401,1511,20912,252
2021-09-09,Marin,41,260295,16545,16416,386,16802,242
2021-09-09,Mariposa,43,17540,830,779,27,806,5
2021-09-09,Mendocino,45,87422,6344,6089,273,6362,61
2021-09-09,Merced,47,269075,37257,36634,1285,37919,516
2021-09-09,Modoc,49,8938,454,448,158,606,5
2021-09-09,Mono,51,14174,1440,1420,13,1433,3
2021-09-09,Monterey,53,433212,46189,45991,2932,48923,556
2021-09-09,Napa,55,140530,12033,11878,77,11955,90
2021-09-09,Nevada,57,99092,8033,7855,268,8123,82
2021-09-09,Orange,59,3164182,290906,289109,13767,302876,5299
2021-09-09,Placer,61,380077,32606,32048,3042,35090,342
2021-09-09,Plumas,63,18699,1140,1098,25,1123,5
2021-09-09,Riverside,65,2383286,337655,334774,16345,351119,4701
2021-09-09,Sacramento,67,1510023,143577,142728,3523,146251,1929
2021-09-09,San Benito,69,59416,6860,6820,147,6967,64
2021-09-09,San Bernardino,71,2135413,333632,331040,10450,341490,5417
2021-09-09,San Diego,73,3302833,345613,342149,0,342149,3929
2021-09-09,San Francisco,75,870044,48827,48404,2398,50802,597
2021-09-09,San Joaquin,77,732212,90757,89874,4806,94680,1570
2021-09-09,San Luis Obispo,79,281455,26756,26472,1071,27543,296
2021-09-09,San Mateo,81,765935,50496,50143,1184,51327,561
2021-09-09,Santa Barbara,83,443738,40826,40180,1576,41756,490
2021-09-09,Santa Clara,85,1922200,137990,137017,1132,138149,1816
2021-09-09,Santa Cruz,87,273765,18902,18728,1053,19781,210
2021-09-09,Shasta,89,179085,17086,16401,2750,19151,238
2021-09-09,Sierra,91,2930,124,115,15,130,0
2021-09-09,Siskiyou,93,43540,2773,2683,975,3658,35
2021-09-09,Solano,95,438530,42486,42081,1078,43159,303
2021-09-09,Sonoma,97,501317,38504,38171,479,38650,360
2021-09-09,Stanislaus,99,539301,70393,69178,7827,77005,1074
2021-09-09,Sutter,101,95872,12587,12396,208,12604,144
2021-09-09,Tehama,103,63373,6786,6554,1125,7679,75
2021-09-09,Trinity,105,12862,537,523,152,675,6
2021-09-09,Tulare,107,460477,58786,57564,12624,70188,879
2021-09-09,Tuolumne,109,53932,5932,5802,52,5854,89
2021-09-09,Ventura,111,848112,92625,91610,4170,95780,1098
2021-09-09,Yolo,113,214977,17977,17724,895,18619,239
2021-09-09,Yuba,115,75493,8845,8707,172,8879,55
2021-09-08,Alameda,1,1643700,111915,110781,2738,113519,1305
2021-09-08,Alpine,3,1148,98,94,0,94,0
2021-09-08,Amador,5,37829,4771,4693,44,4737,56
2021-09-08,Butte,7,227075,17224,16775,3145,19920,220
2021-09-08,Calaveras,9,45235,3221,3157,25,3182,63
2021-09-08,Colusa,11,21464,2344,2308,519,2827,16
2021-09-08,Contra Costa,13,1133247,92304,91471,1915,93386,900
2021-09-08,Del Norte,15,27424,3194,3085,15,3100,25
2021-09-08,El Dorado,17,186661,14122,13928,1451,15379,119
2021-09-08,Fresno,19,978130,122046,120644,10733,131377,1831
2021-09-08,Glenn,21,27897,2999,2942,841,3783,20
2021-09-08,Humboldt,23,135768,7635,7438,357,7795,52
2021-09-08,Imperial,25,180216,30779,30609,3116,33725,751
2021-09-08,Inyo,27,18085,1599,1580,26,1606,39
2021-09-08,Kern,29,883053,112560,110933,17313,128246,1409
2021-09-08,Kings,31,150075,27765,27235,1658,28893,267
2021-09-08,Lake,33,64148,5761,5618,74,5692,79
2021-09-08,Lassen,35,31185,5950,5848,208,6056,25
2021-09-08,Los Angeles,37,10098052,1368555,1362029,53449,1415478,25533
2021-09-08,Madera,39,155013,19716,19352,1495,20847,252
2021-09-08,Marin,41,260295,16522,16386,384,16770,242
2021-09-08,Mariposa,43,17540,820,777,24,801,5
2021-09-08,Mendocino,45,87422,6309,6069,264,6333,61
2021-09-08,Merced,47,269075,37091,36500,1281,37781,516
2021-09-08,Modoc,49,8938,454,448,158,606,5
2021-09-08,Mono,51,14174,1438,1418,13,1431,3
2021-09-08,Monterey,53,433212,46156,45959,2911,48870,554
2021-09-08,Napa,55,140530,12003,11842,76,11918,90
2021-09-08,Nevada,57,99092,8006,7843,268,8111,82
2021-09-08,Orange,59,3164182,290571,288511,13755,302266,5290
2021-09-08,Placer,61,380077,32492,31852,3023,34875,337
2021-09-08,Plumas,63,18699,1133,1072,24,1096,5
2021-09-08,Riverside,65,2383286,336952,334037,16321,350358,4683
2021-09-08,Sacramento,67,1510023,143000,142448,3463,145911,1921
2021-09-08,San Benito,69,59416,6844,6800,146,6946,64
2021-09-08,San Bernardino,71,2135413,333108,330279,10433,340712,5411
2021-09-08,San Diego,73,3302833,344768,341437,0,341437,3926
2021-09-08,San Francisco,75,870044,48699,48263,2393,50656,589
2021-09-08,San Joaquin,77,732212,90515,89631,4765,94396,1561
2021-09-08,San Luis Obispo,79,281455,26666,26303,1068,27371,294
2021-09-08,San Mateo,81,765935,50407,50051,1178,51229,561
2021-09-08,Santa Barbara,83,443738,40733,40000,1570,41570,490
2021-09-08,Santa Clara,85,1922200,137783,136836,1121,137957,1810
2021-09-08,Santa Cruz,87,273765,18868,18699,1053,19752,210
2021-09-08,Shasta,89,179085,16942,16227,2705,18932,234
2021-09-08,Sierra,91,2930,124,113,15,128,0
2021-09-08,Siskiyou,93,43540,2744,2643,962,3605,35
2021-09-08,Solano,95,438530,42417,41971,1072,43043,302
2021-09-08,Sonoma,97,501317,38435,38075,476,38551,360
2021-09-08,Stanislaus,99,539301,70171,68945,7799,76744,1074
2021-09-08,Sutter,101,95872,12528,12349,206,12555,144
2021-09-08,Tehama,103,63373,6715,6520,1107,7627,75
2021-09-08,Trinity,105,12862,534,520,149,669,6
2021-09-08,Tulare,107,460477,58501,57425,12581,70006,876
2021-09-08,Tuolumne,109,53932,5908,5783,52,5835,89
2021-09-08,Ventura,111,848112,92461,91345,4152,95497,1096
2021-09-08,Yolo,113,214977,17896,17680,889,18569,239
2021-09-08,Yuba,115,75493,8796,8675,172,8847,55
2021-09-07,Alameda,1,1643700,111644,110550,2731,113281,1301
2021-09-07,Alpine,3,1148,97,94,0,94,0
2021-09-07,Amador,5,37829,4749,4679,44,4723,53
2021-09-07,Butte,7,227075,17078,16723,3106,19829,220
2021-09-07,Calaveras,9,45235,3180,3140,22,3162,63
2021-09-07,Colusa,11,21464,2333,2306,519,2825,16
2021-09-07,Contra Costa,13,1133247,92069,91167,1910,93077,891
2021-09-07,Del Norte,15,27424,3185,3081,15,3096,24
2021-09-07,El Dorado,17,186661,14066,13892,1431,15323,119
2021-09-07,Fresno,19,978130,121517,120268,10684,130952,1828
2021-09-07,Glenn,21,27897,2983,2937,832,3769,20
2021-09-07,Humboldt,23,135768,7577,7397,339,7736,52
2021-09-07,Imperial,25,180216,30744,30584,3107,33691,751
2021-09-07,Inyo,27,18085,1594,1579,25,1604,39
2021-09-07,Kern,29,883053,112176,110674,17185,127859,1408
2021-09-07,Kings,31,150075,27653,27169,1641,28810,267
2021-09-07,Lake,33,64148,5725,5597,73,5670,78
2021-09-07,Lassen,35,31185,5939,5842,204,6046,21
2021-09-07,Los Angeles,37,10098052,1366624,1360407,53369,1413776,25486
2021-09-07,Madera,39,155013,19640,19316,1490,20806,249
2021-09-07,Marin,41,260295,16489,16363,384,16747,242
2021-09-07,Mariposa,43,17540,806,771,24,795,5
2021-09-07,Mendocino,45,87422,6271,6036,251,6287,61
2021-09-07,Merced,47,269075,36908,36400,1275,37675,513
2021-09-07,Modoc,49,8938,452,449,158,607,5
2021-09-07,Mono,51,14174,1431,1416,13,1429,3
2021-09-07,Monterey,53,433212,46096,45911,2879,48790,543
2021-09-07,Napa,55,140530,11966,11814,76,11890,90
2021-09-07,Nevada,57,99092,7982,7829,268,8097,82
2021-09-07,Orange,59,3164182,290189,288225,13728,301953,5274
2021-09-07,Placer,61,380077,32362,31710,3002,34712,337
2021-09-07,Plumas,63,18699,1114,1071,24,1095,5
2021-09-07,Riverside,65,2383286,336218,333390,16299,349689,4666
2021-09-07,Sacramento,67,1510023,142367,142364,3411,145775,1905
2021-09-07,San Benito,69,59416,6829,6786,146,6932,64
2021-09-07,San Bernardino,71,2135413,332430,329962,10407,340369,5407
2021-09-07,San Diego,73,3302833,343854,340709,0,340709,3922
2021-09-07,San Francisco,75,870044,48574,48175,2388,50563,589
2021-09-07,San Joaquin,77,732212,90204,89468,4746,94214,1548
2021-09-07,San Luis Obispo,79,281455,26547,26253,1059,27312,287
2021-09-07,San Mateo,81,765935,50317,49913,1172,51085,561
2021-09-07,Santa Barbara,83,443738,40622,39957,1565,41522,489
2021-09-07,Santa Clara,85,1922200,137526,136631,1112,137743,1807
2021-09-07,Santa Cruz,87,273765,18821,18669,1051,19720,210
2021-09-07,Shasta,89,179085,16798,16096,2660,18756,226
2021-09-07,Sierra,91,2930,124,111,15,126,0
2021-09-07,Siskiyou,93,43540,2719,2607,940,3547,34
2021-09-07,Solano,95,438530,42320,41862,1070,42932,300
2021-09-07,Sonoma,97,501317,38368,38013,472,38485,358
2021-09-07,Stanislaus,99,539301,69895,68831,7771,76602,1074
2021-09-07,Sutter,101,95872,12456,12310,199,12509,138
2021-09-07,Tehama,103,63373,6656,6482,1085,7567,74
2021-09-07,Trinity,105,12862,532,517,149,666,6
2021-09-07,Tulare,107,460477,58176,57228,12516,69744,874
2021-09-07,Tuolumne,109,53932,5880,5759,51,5810,88
2021-09-07,Ventura,111,848112,92245,91246,4146,95392,1093
2021-09-07,Yolo,113,214977,17823,17653,885,18538,235
2021-09-07,Yuba,115,75493,8754,8642,168,8810,55
2021-09-06,Alameda,1,1643700,111368,110357,2717,113074,1301
2021-09-06,Alpine,3,1148,95,94,0,94,0
2021-09-06,Amador,5,37829,4734,4648,44,4692,53
2021-09-06,Butte,7,227075,16906,16588,3064,19652,218
2021-09-06,Calaveras,9,45235,3162,3122,22,3144,63
2021-09-06,Colusa,11,21464,2329,2306,515,2821,16
2021-09-06,Contra Costa,13,1133247,91804,90971,1898,92869,891
2021-09-06,Del Norte,15,27424,3147,3037,15,3052,24
2021-09-06,El Dorado,17,186661,14012,13848,1408,15256,119
2021-09-06,Fresno,19,978130,120958,119738,10628,130366,1828
2021-09-06,Glenn,21,27897,2957,2912,815,3727,20
2021-09-06,Humboldt,23,135768,7511,7320,321,7641,52
2021-09-06,Imperial,25,180216,30698,30576,3102,33678,751
2021-09-06,Inyo,27,18085,1587,1578,10,1588,39
2021-09-06,Kern,29,883053,111725,110347,17020,127367,1408
2021-09-06,Kings,31,150075,27522,27094,1626,28720,264
2021-09-06,Lake,33,64148,5676,5548,72,5620,78
2021-09-06,Lassen,35,31185,5917,5822,197,6019,21
2021-09-06,Los Angeles,37,10098052,1364541,1359348,53273,1412621,25477
2021-09-06,Madera,39,155013,19557,19191,1472,20663,249
2021-09-06,Marin,41,260295,16449,16356,383,16739,242
2021-09-06,Mariposa,43,17540,795,764,24,788,5
2021-09-06,Mendocino,45,87422,6208,5984,235,6219,61
2021-09-06,Merced,47,269075,36696,36300,1270,37570,513
2021-09-06,Modoc,49,8938,449,449,158,607,5
2021-09-06,Mono,51,14174,1428,1416,13,1429,3
2021-09-06,Monterey,53,433212,46029,45833,2835,48668,541
2021-09-06,Napa,55,140530,11926,11792,75,11867,90
2021-09-06,Nevada,57,99092,7939,7748,266,8014,82
2021-09-06,Orange,59,3164182,289742,287948,13692,301640,5274
2021-09-06,Placer,61,380077,32205,31595,2967,34562,337
2021-09-06,Plumas,63,18699,1085,1068,22,1090,5
2021-09-06,Riverside,65,2383286,335465,333052,16273,349325,4666
2021-09-06,Sacramento,67,1510023,141612,141730,3340,145070,1905
2021-09-06,San Benito,69,59416,6806,6777,143,6920,64
2021-09-06,San Bernardino,71,2135413,331603,329693,10382,340075,5398
2021-09-06,San Diego,73,3302833,342929,340222,0,340222,3922
2021-09-06,San Francisco,75,870044,48444,48120,2381,50501,589
2021-09-06,San Joaquin,77,732212,89887,89293,4724,94017,1548
2021-09-06,San Luis Obispo,79,281455,26403,26183,1053,27236,286
2021-09-06,San Mateo,81,765935,50213,49859,1151,51010,561
2021-09-06,Santa Barbara,83,443738,40494,39876,1555,41431,489
2021-09-06,Santa Clara,85,1922200,137263,136458,1105,137563,1807
2021-09-06,Santa Cruz,87,273765,18772,18615,1047,19662,210
2021-09-06,Shasta,89,179085,16627,15985,2609,18594,226
2021-09-06,Sierra,91,2930,124,109,15,124,0
2021-09-06,Siskiyou,93,43540,2682,2595,909,3504,34
2021-09-06,Solano,95,438530,42194,41774,1063,42837,300
2021-09-06,Sonoma,97,501317,38263,37929,470,38399,358
2021-09-06,Stanislaus,99,539301,69535,68596,7736,76332,1074
2021-09-06,Sutter,101,95872,12396,12238,191,12429,138
2021-09-06,Tehama,103,63373,6581,6413,1056,7469,74
2021-09-06,Trinity,105,12862,528,515,148,663,6
2021-09-06,Tulare,107,460477,57852,57068,12439,69507,874
2021-09-06,Tuolumne,109,53932,5849,5697,51,5748,88
2021-09-06,Ventura,111,848112,92061,91132,4137,95269,1093
2021-09-06,Yolo,113,214977,17751,17576,882,18458,235
2021-09-06,Yuba,115,75493,8708,8584,166,8750,55
2021-09-05,Alameda,1,1643700,111202,110173,2713,112886,1301
2021-09-05,Alpine,3,1148,95,94,0,94,0
2021-09-05,Amador,5,37829,4724,4642,44,4686,53
2021-09-05,Butte,7,227075,16839,16504,3033,19537,218
2021-09-05,Calaveras,9,45235,3156,3106,22,3128,63
2021-09-05,Colusa,11,21464,2323,2305,515,2820,16
2021-09-05,Contra Costa,13,1133247,91639,90862,1893,92755,891
2021-09-05,Del Norte,15,27424,3127,3023,15,3038,24
2021-09-05,El Dorado,17,186661,13990,13827,1397,15224,119
2021-09-05,Fresno,19,978130,120724,119384,10602,129986,1828
2021-09-05,Glenn,21,27897,2954,2899,811,3710,20
2021-09-05,Humboldt,23,135768,7482,7312,319,7631,52
2021-09-05,Imperial,25,180216,30677,30548,3099,33647,751
2021-09-05,Inyo,27,18085,1584,1572,10,1582,39
2021-09-05,Kern,29,883053,111486,110073,16864,126937,1408
2021-09-05,Kings,31,150075,27456,26989,1623,28612,264
2021-09-05,Lake,33,64148,5662,5525,72,5597,78
2021-09-05,Lassen,35,31185,5902,5820,195,6015,21
2021-09-05,Los Angeles,37,10098052,1363387,1357748,53221,1410969,25465
2021-09-05,Madera,39,155013,19526,19155,1466,20621,249
2021-09-05,Marin,41,260295,16431,16342,382,16724,242
2021-09-05,Mariposa,43,17540,793,761,24,785,5
2021-09-05,Mendocino,45,87422,6181,5965,235,6200,61
2021-09-05,Merced,47,269075,36653,36243,1269,37512,513
2021-09-05,Modoc,49,8938,449,447,158,605,5
2021-09-05,Mono,51,14174,1428,1416,13,1429,3
2021-09-05,Monterey,53,433212,46008,45795,2827,48622,540
2021-09-05,Napa,55,140530,11906,11770,75,11845,90
2021-09-05,Nevada,57,99092,7923,7722,265,7987,82
2021-09-05,Orange,59,3164182,289502,287614,13678,301292,5274
2021-09-05,Placer,61,380077,32083,31487,2959,34446,337
2021-09-05,Plumas,63,18699,1081,1067,22,1089,5
2021-09-05,Riverside,65,2383286,335064,332604,16260,348864,4654
2021-09-05,Sacramento,67,1510023,141172,141276,3321,144597,1905
2021-09-05,San Benito,69,59416,6805,6764,142,6906,64
2021-09-05,San Bernardino,71,2135413,331268,329062,10367,339429,5392
2021-09-05,San Diego,73,3302833,342415,339427,0,339427,3914
2021-09-05,San Francisco,75,870044,48372,48035,2377,50412,589
2021-09-05,San Joaquin,77,732212,89741,89121,4711,93832,1548
2021-09-05,San Luis Obispo,79,281455,26366,26098,1052,27150,285
2021-09-05,San Mateo,81,765935,50166,49809,1148,50957,561
2021-09-05,Santa Barbara,83,443738,40429,39762,1554,41316,489
2021-09-05,Santa Clara,85,1922200,137079,136146,1104,137250,1807
2021-09-05,Santa Cruz,87,273765,18758,18588,1045,19633,210
2021-09-05,Shasta,89,179085,16566,15960,2587,18547,226
2021-09-05,Sierra,91,2930,123,109,15,124,0
2021-09-05,Siskiyou,93,43540,2671,2585,899,3484,34
2021-09-05,Solano,95,438530,42118,41687,1061,42748,300
2021-09-05,Sonoma,97,501317,38194,37881,470,38351,358
2021-09-05,Stanislaus,99,539301,69395,68434,7709,76143,1074
2021-09-05,Sutter,101,95872,12366,12179,185,12364,138
2021-09-05,Tehama,103,63373,6565,6400,1052,7452,74
2021-09-05,Trinity,105,12862,524,505,147,652,6
2021-09-05,Tulare,107,460477,57702,56915,12398,69313,874
2021-09-05,Tuolumne,109,53932,5840,5688,51,5739,88
2021-09-05,Ventura,111,848112,91955,91004,4129,95133,1093
2021-09-05,Yolo,113,214977,17722,17557,879,18436,235
2021-09-05,Yuba,115,75493,8683,8521,163,8684,55
2021-09-04,Alameda,1,1643700,111081,109944,2706,112650,1301
2021-09-04,Alpine,3,1148,95,94,0,94,0
2021-09-04,Amador,5,37829,4707,4637,44,4681,53
2021-09-04,Butte,7,227075,16802,16403,3013,19416,218
2021-09-04,Calaveras,9,45235,3145,3087,21,3108,63
2021-09-04,Colusa,11,21464,2321,2301,515,2816,16
2021-09-04,Contra Costa,13,1133247,91533,90623,1890,92513,891
2021-09-04,Del Norte,15,27424,3116,2984,15,2999,24
2021-09-04,El Dorado,17,186661,13968,13782,1391,15173,119
2021-09-04,Fresno,19,978130,120571,119033,10584,129617,1828
2021-09-04,Glenn,21,27897,2953,2878,806,3684,20
2021-09-04,Humboldt,23,135768,7454,7298,313,7611,52
2021-09-04,Imperial,25,180216,30657,30526,3099,33625,751
2021-09-04,Inyo,27,18085,1582,1571,10,1581,39
2021-09-04,Kern,29,883053,111272,109751,16747,126498,1408
2021-09-04,Kings,31,150075,27383,26896,1619,28515,263
2021-09-04,Lake,33,64148,5644,5507,72,5579,78
2021-09-04,Lassen,35,31185,5890,5814,193,6007,21
2021-09-04,Los Angeles,37,10098052,1362568,1355634,53164,1408798,25454
2021-09-04,Madera,39,155013,19498,19112,1457,20569,249
2021-09-04,Marin,41,260295,16417,16319,381,16700,242
2021-09-04,Mariposa,43,17540,791,759,24,783,5
2021-09-04,Mendocino,45,87422,6146,5933,235,6168,61
2021-09-04,Merced,47,269075,36624,36083,1269,37352,513
2021-09-04,Modoc,49,8938,449,447,158,605,5
2021-09-04,Mono,51,14174,1428,1417,13,1430,3
2021-09-04,Monterey,53,433212,45992,45756,2817,48573,540
2021-09-04,Napa,55,140530,11886,11760,74,11834,90
2021-09-04,Nevada,57,99092,7908,7691,264,7955,82
2021-09-04,Orange,59,3164182,289261,287244,13660,300904,5274
2021-09-04,Placer,61,380077,31979,31374,2942,34316,337
2021-09-04,Plumas,63,18699,1078,1067,22,1089,5
2021-09-04,Riverside,65,2383286,334620,331958,16247,348205,4654
2021-09-04,Sacramento,67,1510023,140871,140735,3316,144051,1896
2021-09-04,San Benito,69,59416,6796,6758,142,6900,64
2021-09-04,San Bernardino,71,2135413,330983,328425,10353,338778,5393
2021-09-04,San Diego,73,3302833,342015,338748,0,338748,3914
2021-09-04,San Francisco,75,870044,48303,47937,2365,50302,589
2021-09-04,San Joaquin,77,732212,89634,88846,4705,93551,1548
2021-09-04,San Luis Obispo,79,281455,26343,26020,1052,27072,285
2021-09-04,San Mateo,81,765935,50122,49721,1141,50862,560
2021-09-04,Santa Barbara,83,443738,40372,39667,1552,41219,489
2021-09-04,Santa Clara,85,1922200,136902,135845,1101,136946,1806
2021-09-04,Santa Cruz,87,273765,18740,18579,1042,19621,210
2021-09-04,Shasta,89,179085,16508,15924,2565,18489,226
2021-09-04,Sierra,91,2930,121,108,15,123,0
2021-09-04,Siskiyou,93,43540,2651,2563,889,3452,34
2021-09-04,Solano,95,438530,42054,41614,1059,42673,300
2021-09-04,Sonoma,97,501317,38163,37809,470,38279,358
2021-09-04,Stanislaus,99,539301,69242,68210,7695,75905,1074
2021-09-04,Sutter,101,95872,12324,12137,185,12322,138
2021-09-04,Tehama,103,63373,6552,6367,1040,7407,74
2021-09-04,Trinity,105,12862,522,497,147,644,6
2021-09-04,Tulare,107,460477,57605,56719,12364,69083,874
2021-09-04,Tuolumne,109,53932,5823,5667,51,5718,88
2021-09-04,Ventura,111,848112,91841,90904,4126,95030,1090
2021-09-04,Yolo,113,214977,17689,17522,875,18397,235
2021-09-04,Yuba,115,75493,8655,8475,162,8637,55
2021-09-03,Alameda,1,1643700,110949,109636,2704,112340,1301
2021-09-03,Alpine,3,1148,95,94,0,94,0
2021-09-03,Amador,5,37829,4687,4614,44,4658,53
2021-09-03,Butte,7,227075,16726,16259,2990,19249,215
2021-09-03,Calaveras,9,45235,3135,3069,21,3090,63
2021-09-03,Colusa,11,21464,2316,2295,514,2809,16
2021-09-03,Contra Costa,13,1133247,91388,90299,1888,92187,886
2021-09-03,Del Norte,15,27424,3088,2943,14,2957,24
2021-09-03,El Dorado,17,186661,13937,13710,1388,15098,119
2021-09-03,Fresno,19,978130,120258,118508,10574,129082,1822
2021-09-03,Glenn,21,27897,2941,2867,799,3666,20
2021-09-03,Humboldt,23,135768,7431,7194,308,7502,52
2021-09-03,Imperial,25,180216,30639,30475,3093,33568,751
2021-09-03,Inyo,27,18085,1577,1567,10,1577,39
2021-09-03,Kern,29,883053,111078,109296,16625,125921,1407
2021-09-03,Kings,31,150075,27305,26753,1613,28366,263
2021-09-03,Lake,33,64148,5628,5479,71,5550,78
2021-09-03,Lassen,35,31185,5875,5789,192,5981,21
2021-09-03,Los Angeles,37,10098052,1361365,1351185,53100,1404285,25384
2021-09-03,Madera,39,155013,19421,19021,1449,20470,247
2021-09-03,Marin,41,260295,16395,16293,379,16672,242
2021-09-03,Mariposa,43,17540,784,753,24,777,5
2021-09-03,Mendocino,45,87422,6111,5891,234,6125,61
2021-09-03,Merced,47,269075,36578,35941,1262,37203,512
2021-09-03,Modoc,49,8938,449,445,158,603,5
2021-09-03,Mono,51,14174,1428,1410,13,1423,3
2021-09-03,Monterey,53,433212,45964,45707,2803,48510,540
2021-09-03,Napa,55,140530,11866,11733,74,11807,89
2021-09-03,Nevada,57,99092,7877,7632,264,7896,82
2021-09-03,Orange,59,3164182,288963,286818,13639,300457,5253
2021-09-03,Placer,61,380077,31873,31238,2925,34163,335
2021-09-03,Plumas,63,18699,1074,1057,22,1079,5
2021-09-03,Riverside,65,2383286,334114,331011,16231,347242,4653
2021-09-03,Sacramento,67,1510023,140490,139982,3303,143285,1886
2021-09-03,San Benito,69,59416,6790,6746,142,6888,64
2021-09-03,San Bernardino,71,2135413,330599,327599,10347,337946,5381
2021-09-03,San Diego,73,3302833,341425,337627,0,337627,3911
2021-09-03,San Francisco,75,870044,48236,47822,2357,50179,589
2021-09-03,San Joaquin,77,732212,89495,88366,4701,93067,1540
2021-09-03,San Luis Obispo,79,281455,26277,25917,1051,26968,283
2021-09-03,San Mateo,81,765935,50045,49617,1124,50741,560
2021-09-03,Santa Barbara,83,443738,40304,39507,1550,41057,489
2021-09-03,Santa Clara,85,1922200,136703,135522,1099,136621,1801
2021-09-03,Santa Cruz,87,273765,18718,18532,1042,19574,210
2021-09-03,Shasta,89,179085,16438,15778,2546,18324,226
2021-09-03,Sierra,91,2930,119,105,15,120,0
2021-09-03,Siskiyou,93,43540,2639,2529,879,3408,34
2021-09-03,Solano,95,438530,41984,41457,1056,42513,300
2021-09-03,Sonoma,97,501317,38110,37699,470,38169,358
2021-09-03,Stanislaus,99,539301,69072,67887,7676,75563,1074
2021-09-03,Sutter,101,95872,12290,12073,185,12258,139
2021-09-03,Tehama,103,63373,6524,6334,1034,7368,72
2021-09-03,Trinity,105,12862,521,490,142,632,6
2021-09-03,Tulare,107,460477,57484,56401,12312,68713,872
2021-09-03,Tuolumne,109,53932,5786,5630,51,5681,88
2021-09-03,Ventura,111,848112,91706,90742,4123,94865,1088
2021-09-03,Yolo,113,214977,17666,17446,870,18316,235
2021-09-03,Yuba,115,75493,8629,8412,161,8573,55
2021-09-02,Alameda,1,1643700,110716,109377,2700,112077,1301
2021-09-02,Alpine,3,1148,94,92,0,92,0
2021-09-02,Amador,5,37829,4672,4606,44,4650,53
2021-09-02,Butte,7,227075,16617,16154,2971,19125,215
2021-09-02,Calaveras,9,45235,3124,3042,20,3062,62
2021-09-02,Colusa,11,21464,2313,2290,512,2802,16
2021-09-02,Contra Costa,13,1133247,91216,90038,1883,91921,886
2021-09-02,Del Norte,15,27424,3060,2891,14,2905,24
2021-09-02,El Dorado,17,186661,13884,13641,1361,15002,119
2021-09-02,Fresno,19,978130,119784,117974,10546,128520,1804
2021-09-02,Glenn,21,27897,2920,2855,795,3650,20
2021-09-02,Humboldt,23,135768,7387,7141,298,7439,52
2021-09-02,Imperial,25,180216,30599,30449,3090,33539,751
2021-09-02,Inyo,27,18085,1573,1564,9,1573,39
2021-09-02,Kern,29,883053,110688,108930,16485,125415,1404
2021-09-02,Kings,31,150075,27215,26638,1603,28241,263
2021-09-02,Lake,33,64148,5603,5432,71,5503,78
2021-09-02,Lassen,35,31185,5863,5747,188,5935,21
2021-09-02,Los Angeles,37,10098052,1359683,1351105,53014,1404119,25382
2021-09-02,Madera,39,155013,19342,18937,1435,20372,247
2021-09-02,Marin,41,260295,16383,16244,377,16621,242
2021-09-02,Mariposa,43,17540,779,745,21,766,5
2021-09-02,Mendocino,45,87422,6072,5848,230,6078,61
2021-09-02,Merced,47,269075,36419,35820,1253,37073,508
2021-09-02,Modoc,49,8938,449,437,158,595,5
2021-09-02,Mono,51,14174,1428,1409,13,1422,3
2021-09-02,Monterey,53,433212,45914,45648,2776,48424,539
2021-09-02,Napa,55,140530,11838,11684,74,11758,88
2021-09-02,Nevada,57,99092,7826,7575,262,7837,82
2021-09-02,Orange,59,3164182,288536,286326,13616,299942,5240
2021-09-02,Placer,61,380077,31741,31067,2904,33971,330
2021-09-02,Plumas,63,18699,1066,1045,19,1064,5
2021-09-02,Riverside,65,2383286,333418,330190,16210,346400,4644
2021-09-02,Sacramento,67,1510023,139916,139274,3272,142546,1882
2021-09-02,San Benito,69,59416,6785,6734,141,6875,64
2021-09-02,San Bernardino,71,2135413,330012,326940,10278,337218,5369
2021-09-02,San Diego,73,3302833,340544,336382,0,336382,3909
2021-09-02,San Francisco,75,870044,48131,47674,2351,50025,587
2021-09-02,San Joaquin,77,732212,89238,88056,4670,92726,1540
2021-09-02,San Luis Obispo,79,281455,26193,25851,1045,26896,283
2021-09-02,San Mateo,81,765935,49964,49490,1113,50603,558
2021-09-02,Santa Barbara,83,443738,40215,39386,1534,40920,486
2021-09-02,Santa Clara,85,1922200,136411,135216,1089,136305,1799
2021-09-02,Santa Cruz,87,273765,18688,18473,1040,19513,210
2021-09-02,Shasta,89,179085,16311,15670,2514,18184,224
2021-09-02,Sierra,91,2930,119,105,15,120,0
2021-09-02,Siskiyou,93,43540,2622,2513,851,3364,34
2021-09-02,Solano,95,438530,41886,41293,1053,42346,294
2021-09-02,Sonoma,97,501317,38039,37558,470,38028,352
2021-09-02,Stanislaus,99,539301,68828,67576,7655,75231,1074
2021-09-02,Sutter,101,95872,12221,11995,180,12175,138
2021-09-02,Tehama,103,63373,6466,6265,1017,7282,72
2021-09-02,Trinity,105,12862,517,484,140,624,6
2021-09-02,Tulare,107,460477,57273,56105,12260,68365,872
2021-09-02,Tuolumne,109,53932,5733,5578,51,5629,88
2021-09-02,Ventura,111,848112,91528,90610,4117,94727,1084
2021-09-02,Yolo,113,214977,17597,17357,859,18216,235
2021-09-02,Yuba,115,75493,8573,8363,161,8524,55
2021-09-01,Alameda,1,1643700,110453,109075,2695,111770,1299
2021-09-01,Alpine,3,1148,94,92,0,92,0
2021-09-01,Amador,5,37829,4657,4599,44,4643,53
2021-09-01,Butte,7,227075,16516,16046,2943,18989,215
2021-09-01,Calaveras,9,45235,3109,3023,20,3043,59
2021-09-01,Colusa,11,21464,2309,2281,512,2793,16
2021-09-01,Contra Costa,13,1133247,90996,89834,1872,91706,877
2021-09-01,Del Norte,15,27424,3027,2860,14,2874,24
2021-09-01,El Dorado,17,186661,13832,13577,1334,14911,119
2021-09-01,Fresno,19,978130,119269,117492,10487,127979,1800
2021-09-01,Glenn,21,27897,2892,2846,781,3627,20
2021-09-01,Humboldt,23,135768,7340,7090,290,7380,52
2021-09-01,Imperial,25,180216,30565,30393,3086,33479,750
2021-09-01,Inyo,27,18085,1570,1561,7,1568,39
2021-09-01,Kern,29,883053,110298,108449,16336,124785,1400
2021-09-01,Kings,31,150075,27099,26443,1592,28035,263
2021-09-01,Lake,33,64148,5566,5396,69,5465,77
2021-09-01,Lassen,35,31185,5841,5731,185,5916,21
2021-09-01,Los Angeles,37,10098052,1357627,1348589,52907,1401496,25341
2021-09-01,Madera,39,155013,19271,18852,1423,20275,247
2021-09-01,Marin,41,260295,16363,16224,372,16596,240
2021-09-01,Mariposa,43,17540,771,735,20,755,5
2021-09-01,Mendocino,45,87422,6027,5821,225,6046,59
2021-09-01,Merced,47,269075,36269,35686,1248,36934,500
2021-09-01,Modoc,49,8938,444,436,156,592,5
2021-09-01,Mono,51,14174,1428,1400,13,1413,3
2021-09-01,Monterey,53,433212,45847,45590,2753,48343,539
2021-09-01,Napa,55,140530,11806,11653,74,11727,88
2021-09-01,Nevada,57,99092,7775,7508,261,7769,82
2021-09-01,Orange,59,3164182,288093,285840,13586,299426,5233
2021-09-01,Placer,61,380077,31582,30902,2896,33798,330
2021-09-01,Plumas,63,18699,1059,1033,19,1052,5
2021-09-01,Riverside,65,2383286,332624,329388,16177,345565,4634
2021-09-01,Sacramento,67,1510023,139321,138499,3232,141731,1875
2021-09-01,San Benito,69,59416,6768,6716,141,6857,64
2021-09-01,San Bernardino,71,2135413,329385,326250,10255,336505,5364
2021-09-01,San Diego,73,3302833,339610,335302,0,335302,3908
2021-09-01,San Francisco,75,870044,48031,47538,2342,49880,584
2021-09-01,San Joaquin,77,732212,88924,87640,4652,92292,1540
2021-09-01,San Luis Obispo,79,281455,26100,25691,1040,26731,283
2021-09-01,San Mateo,81,765935,49862,49394,1100,50494,558
2021-09-01,Santa Barbara,83,443738,40096,39263,1516,40779,483
2021-09-01,Santa Clara,85,1922200,136152,134855,1084,135939,1796
2021-09-01,Santa Cruz,87,273765,18641,18453,1038,19491,210
2021-09-01,Shasta,89,179085,16167,15552,2469,18021,221
2021-09-01,Sierra,91,2930,118,98,15,113,0
2021-09-01,Siskiyou,93,43540,2598,2482,829,3311,34
2021-09-01,Solano,95,438530,41748,41194,1048,42242,293
2021-09-01,Sonoma,97,501317,37946,37454,469,37923,352
2021-09-01,Stanislaus,99,539301,68538,67287,7634,74921,1075
2021-09-01,Sutter,101,95872,12158,11945,175,12120,136
2021-09-01,Tehama,103,63373,6433,6228,1003,7231,72
2021-09-01,Trinity,105,12862,516,482,137,619,5
2021-09-01,Tulare,107,460477,56995,55768,12224,67992,870
2021-09-01,Tuolumne,109,53932,5697,5553,51,5604,88
2021-09-01,Ventura,111,848112,91309,90471,4101,94572,1089
2021-09-01,Yolo,113,214977,17544,17264,850,18114,235
2021-09-01,Yuba,115,75493,8510,8308,161,8469,55
2021-08-31,Alameda,1,1643700,110148,108837,2685,111522,1297
2021-08-31,Alpine,3,1148,92,92,0,92,0
2021-08-31,Amador,5,37829,4638,4555,44,4599,53
2021-08-31,Butte,7,227075,16394,15896,2906,18802,216
2021-08-31,Calaveras,9,45235,3071,3008,20,3028,59
2021-08-31,Colusa,11,21464,2307,2275,511,2786,16
2021-08-31,Contra Costa,13,1133247,90710,89546,1861,91407,871
2021-08-31,Del Norte,15,27424,2989,2830,14,2844,19
2021-08-31,El Dorado,17,186661,13767,13539,1317,14856,119
2021-08-31,Fresno,19,978130,118739,117155,10423,127578,1801
2021-08-31,Glenn,21,27897,2880,2829,766,3595,20
2021-08-31,Humboldt,23,135768,7266,7030,277,7307,52
2021-08-31,Imperial,25,180216,30533,30348,3079,33427,750
2021-08-31,Inyo,27,18085,1566,1550,7,1557,39
2021-08-31,Kern,29,883053,109829,108151,16159,124310,1393
2021-08-31,Kings,31,150075,26961,26405,1576,27981,260
2021-08-31,Lake,33,64148,5528,5359,66,5425,74
2021-08-31,Lassen,35,31185,5817,5702,182,5884,21
2021-08-31,Los Angeles,37,10098052,1355254,1346686,52824,1399510,25303
2021-08-31,Madera,39,155013,19183,18811,1408,20219,247
2021-08-31,Marin,41,260295,16335,16215,368,16583,240
2021-08-31,Mariposa,43,17540,763,732,20,752,5
2021-08-31,Mendocino,45,87422,5995,5777,222,5999,59
2021-08-31,Merced,47,269075,36098,35512,1242,36754,498
2021-08-31,Modoc,49,8938,443,436,156,592,5
2021-08-31,Mono,51,14174,1412,1398,13,1411,3
2021-08-31,Monterey,53,433212,45784,45550,2725,48275,539
2021-08-31,Napa,55,140530,11759,11618,74,11692,88
2021-08-31,Nevada,57,99092,7712,7460,261,7721,82
2021-08-31,Orange,59,3164182,287519,285310,13557,298867,5229
2021-08-31,Placer,61,380077,31403,30745,2865,33610,325
2021-08-31,Plumas,63,18699,1054,1018,19,1037,5
2021-08-31,Riverside,65,2383286,331682,328556,16147,344703,4627
2021-08-31,Sacramento,67,1510023,138672,137879,3203,141082,1863
2021-08-31,San Benito,69,59416,6757,6694,139,6833,64
2021-08-31,San Bernardino,71,2135413,328680,325446,10240,335686,5350
2021-08-31,San Diego,73,3302833,338458,334377,0,334377,3888
2021-08-31,San Francisco,75,870044,47899,47440,2319,49759,581
2021-08-31,San Joaquin,77,732212,88492,87365,4630,91995,1540
2021-08-31,San Luis Obispo,79,281455,25978,25518,1036,26554,282
2021-08-31,San Mateo,81,765935,49756,49299,1094,50393,556
2021-08-31,Santa Barbara,83,443738,39947,39091,1508,40599,481
2021-08-31,Santa Clara,85,1922200,135813,134637,1081,135718,1793
2021-08-31,Santa Cruz,87,273765,18600,18419,1035,19454,210
2021-08-31,Shasta,89,179085,16017,15368,2442,17810,220
2021-08-31,Sierra,91,2930,115,95,15,110,0
2021-08-31,Siskiyou,93,43540,2583,2435,814,3249,33
2021-08-31,Solano,95,438530,41618,41067,1041,42108,289
2021-08-31,Sonoma,97,501317,37857,37379,468,37847,352
2021-08-31,Stanislaus,99,539301,68181,67004,7599,74603,1075
2021-08-31,Sutter,101,95872,12093,11901,172,12073,136
2021-08-31,Tehama,103,63373,6387,6169,973,7142,72
2021-08-31,Trinity,105,12862,511,480,136,616,3
2021-08-31,Tulare,107,460477,56668,55567,12160,67727,870
2021-08-31,Tuolumne,109,53932,5663,5516,51,5567,88
2021-08-31,Ventura,111,848112,91100,90292,4090,94382,1081
2021-08-31,Yolo,113,214977,17467,17205,845,18050,234
2021-08-31,Yuba,115,75493,8457,8253,161,8414,54
2021-08-30,Alameda,1,1643700,109822,107734,2673,110407,1296
2021-08-30,Alpine,3,1148,92,92,0,92,0
2021-08-30,Amador,5,37829,4627,4507,44,4551,53
2021-08-30,Butte,7,227075,16251,15719,2879,18598,214
2021-08-30,Calaveras,9,45235,3052,2975,20,2995,59
2021-08-30,Colusa,11,21464,2299,2271,507,2778,16
2021-08-30,Contra Costa,13,1133247,90452,87679,1849,89528,872
2021-08-30,Del Norte,15,27424,2947,2796,13,2809,11
2021-08-30,El Dorado,17,186661,13700,13217,1300,14517,119
2021-08-30,Fresno,19,978130,118159,115867,10360,126227,1790
2021-08-30,Glenn,21,27897,2867,2804,761,3565,20
2021-08-30,Humboldt,23,135768,7211,6930,270,7200,52
2021-08-30,Imperial,25,180216,30499,30311,3075,33386,750
2021-08-30,Inyo,27,18085,1563,1544,7,1551,39
2021-08-30,Kern,29,883053,109366,107615,15995,123610,1389
2021-08-30,Kings,31,150075,26836,26236,1562,27798,259
2021-08-30,Lake,33,64148,5498,5323,65,5388,74
2021-08-30,Lassen,35,31185,5796,5667,176,5843,21
2021-08-30,Los Angeles,37,10098052,1352837,1344949,52730,1397679,25269
2021-08-30,Madera,39,155013,19103,18622,1390,20012,247
2021-08-30,Marin,41,260295,16303,16160,368,16528,240
2021-08-30,Mariposa,43,17540,757,715,18,733,5
2021-08-30,Mendocino,45,87422,5963,5721,218,5939,55
2021-08-30,Merced,47,269075,35947,35335,1239,36574,497
2021-08-30,Modoc,49,8938,441,436,155,591,5
2021-08-30,Mono,51,14174,1412,1390,13,1403,3
2021-08-30,Monterey,53,433212,45734,45463,2706,48169,539
2021-08-30,Napa,55,140530,11710,11579,72,11651,87
2021-08-30,Nevada,57,99092,7654,7356,259,7615,82
2021-08-30,Orange,59,3164182,286961,284750,13534,298284,5223
2021-08-30,Placer,61,380077,31242,29825,2847,32672,319
2021-08-30,Plumas,63,18699,1037,998,19,1017,5
2021-08-30,Riverside,65,2383286,330787,327593,16117,343710,4623
2021-08-30,Sacramento,67,1510023,138025,134571,3162,137733,1847
2021-08-30,San Benito,69,59416,6747,6663,139,6802,64
2021-08-30,San Bernardino,71,2135413,328021,324870,10213,335083,5348
2021-08-30,San Diego,73,3302833,337267,333011,0,333011,3885
2021-08-30,San Francisco,75,870044,47763,46966,2299,49265,581
2021-08-30,San Joaquin,77,732212,88174,86203,4624,90827,1528
2021-08-30,San Luis Obispo,79,281455,25859,25422,1030,26452,280
2021-08-30,San Mateo,81,765935,49640,48839,1077,49916,554
2021-08-30,Santa Barbara,83,443738,39799,38998,1502,40500,481
2021-08-30,Santa Clara,85,1922200,135492,133281,1066,134347,1789
2021-08-30,Santa Cruz,87,273765,18545,18326,1031,19357,210
2021-08-30,Shasta,89,179085,15894,15238,2400,17638,217
2021-08-30,Sierra,91,2930,113,91,15,106,0
2021-08-30,Siskiyou,93,43540,2570,2411,804,3215,33
2021-08-30,Solano,95,438530,41480,39986,1035,41021,290
2021-08-30,Sonoma,97,501317,37758,36764,467,37231,352
2021-08-30,Stanislaus,99,539301,67839,66173,7570,73743,1074
2021-08-30,Sutter,101,95872,12021,11791,165,11956,136
2021-08-30,Tehama,103,63373,6303,6085,942,7027,71
2021-08-30,Trinity,105,12862,501,468,133,601,3
2021-08-30,Tulare,107,460477,56362,55140,12080,67220,870
2021-08-30,Tuolumne,109,53932,5616,5492,51,5543,74
2021-08-30,Ventura,111,848112,90877,90149,4081,94230,1082
2021-08-30,Yolo,113,214977,17406,17071,842,17913,231
2021-08-30,Yuba,115,75493,8386,8129,160,8289,54
2021-08-29,Alameda,1,1643700,109481,107494,2656,110150,1296
2021-08-29,Alpine,3,1148,92,92,0,92,0
2021-08-29,Amador,5,37829,4614,4501,43,4544,53
2021-08-29,Butte,7,227075,16093,15602,2838,18440,214
2021-08-29,Calaveras,9,45235,3015,2970,20,2990,59
2021-08-29,Colusa,11,21464,2289,2260,501,2761,16
2021-08-29,Contra Costa,13,1133247,90158,87439,1846,89285,872
2021-08-29,Del Norte,15,27424,2903,2752,13,2765,11
2021-08-29,El Dorado,17,186661,13647,13166,1289,14455,119
2021-08-29,Fresno,19,978130,117565,115502,10313,125815,1790
2021-08-29,Glenn,21,27897,2848,2778,754,3532,20
2021-08-29,Humboldt,23,135768,7167,6922,256,7178,52
2021-08-29,Imperial,25,180216,30441,30293,3064,33357,750
2021-08-29,Inyo,27,18085,1553,1543,6,1549,39
2021-08-29,Kern,29,883053,108928,107324,15828,123152,1389
2021-08-29,Kings,31,150075,26682,26143,1548,27691,259
2021-08-29,Lake,33,64148,5462,5293,63,5356,74
2021-08-29,Lassen,35,31185,5773,5666,172,5838,21
2021-08-29,Los Angeles,37,10098052,1350136,1342541,52612,1395153,25263
2021-08-29,Madera,39,155013,19019,18594,1372,19966,247
2021-08-29,Marin,41,260295,16273,16134,365,16499,240
2021-08-29,Mariposa,43,17540,751,709,17,726,5
2021-08-29,Mendocino,45,87422,5907,5689,204,5893,55
2021-08-29,Merced,47,269075,35712,35250,1229,36479,497
2021-08-29,Modoc,49,8938,438,436,155,591,5
2021-08-29,Mono,51,14174,1406,1387,13,1400,3
2021-08-29,Monterey,53,433212,45653,45424,2667,48091,539
2021-08-29,Napa,55,140530,11678,11552,72,11624,87
2021-08-29,Nevada,57,99092,7597,7294,258,7552,82
2021-08-29,Orange,59,3164182,286369,284432,13513,297945,5223
2021-08-29,Placer,61,380077,31072,29674,2820,32494,319
2021-08-29,Plumas,63,18699,1030,996,19,1015,5
2021-08-29,Riverside,65,2383286,329938,326987,16097,343084,4623
2021-08-29,Sacramento,67,1510023,137287,133981,3114,137095,1843
2021-08-29,San Benito,69,59416,6720,6646,139,6785,64
2021-08-29,San Bernardino,71,2135413,327252,324266,10184,334450,5347
2021-08-29,San Diego,73,3302833,336278,332014,0,332014,3880
2021-08-29,San Francisco,75,870044,47636,46885,2283,49168,581
2021-08-29,San Joaquin,77,732212,87746,85922,4618,90540,1528
2021-08-29,San Luis Obispo,79,281455,25661,25288,1025,26313,280
2021-08-29,San Mateo,81,765935,49535,48737,1066,49803,554
2021-08-29,Santa Barbara,83,443738,39635,38900,1497,40397,481
2021-08-29,Santa Clara,85,1922200,135145,132979,1056,134035,1789
2021-08-29,Santa Cruz,87,273765,18498,18285,1029,19314,210
2021-08-29,Shasta,89,179085,15740,15198,2373,17571,217
2021-08-29,Sierra,91,2930,111,91,15,106,0
2021-08-29,Siskiyou,93,43540,2525,2407,782,3189,33
2021-08-29,Solano,95,438530,41331,39887,1030,40917,290
2021-08-29,Sonoma,97,501317,37622,36650,464,37114,352
2021-08-29,Stanislaus,99,539301,67494,65956,7540,73496,1074
2021-08-29,Sutter,101,95872,11964,11719,159,11878,136
2021-08-29,Tehama,103,63373,6222,6040,916,6956,71
2021-08-29,Trinity,105,12862,500,468,129,597,3
2021-08-29,Tulare,107,460477,56028,54974,11995,66969,870
2021-08-29,Tuolumne,109,53932,5591,5478,50,5528,74
2021-08-29,Ventura,111,848112,90635,90114,4074,94188,1082
2021-08-29,Yolo,113,214977,17314,17015,832,17847,231
2021-08-29,Yuba,115,75493,8322,8042,160,8202,54
2021-08-28,Alameda,1,1643700,109330,107007,2647,109654,1296
2021-08-28,Alpine,3,1148,92,92,0,92,0
2021-08-28,Amador,5,37829,4596,4484,43,4527,53
2021-08-28,Butte,7,227075,16039,15487,2809,18296,214
2021-08-28,Calaveras,9,45235,3007,2926,20,2946,59
2021-08-28,Colusa,11,21464,2285,2252,499,2751,16
2021-08-28,Contra Costa,13,1133247,89947,86938,1843,88781,872
2021-08-28,Del Norte,15,27424,2877,2734,12,2746,11
2021-08-28,El Dorado,17,186661,13608,13089,1283,14372,119
2021-08-28,Fresno,19,978130,117363,115079,10295,125374,1792
2021-08-28,Glenn,21,27897,2843,2773,752,3525,20
2021-08-28,Humboldt,23,135768,7133,6887,251,7138,52
2021-08-28,Imperial,25,180216,30415,30260,3060,33320,750
2021-08-28,Inyo,27,18085,1552,1539,6,1545,39
2021-08-28,Kern,29,883053,108698,107012,15691,122703,1389
2021-08-28,Kings,31,150075,26616,26059,1545,27604,257
2021-08-28,Lake,33,64148,5442,5267,60,5327,74
2021-08-28,Lassen,35,31185,5760,5665,171,5836,21
2021-08-28,Los Angeles,37,10098052,1348981,1337097,52544,1389641,25234
2021-08-28,Madera,39,155013,18973,18553,1359,19912,247
2021-08-28,Marin,41,260295,16258,16106,365,16471,240
2021-08-28,Mariposa,43,17540,749,704,17,721,5
2021-08-28,Mendocino,45,87422,5883,5658,204,5862,55
2021-08-28,Merced,47,269075,35668,35108,1226,36334,497
2021-08-28,Modoc,49,8938,438,436,154,590,5
2021-08-28,Mono,51,14174,1403,1385,13,1398,3
2021-08-28,Monterey,53,433212,45618,45394,2657,48051,539
2021-08-28,Napa,55,140530,11656,11512,71,11583,88
2021-08-28,Nevada,57,99092,7574,7238,257,7495,82
2021-08-28,Orange,59,3164182,286029,283953,13494,297447,5222
2021-08-28,Placer,61,380077,30965,29428,2809,32237,319
2021-08-28,Plumas,63,18699,1025,991,19,1010,5
2021-08-28,Riverside,65,2383286,329356,326222,16087,342309,4623
2021-08-28,Sacramento,67,1510023,136902,132985,3097,136082,1844
2021-08-28,San Benito,69,59416,6713,6636,139,6775,64
2021-08-28,San Bernardino,71,2135413,326833,323672,10174,333846,5348
2021-08-28,San Diego,73,3302833,335707,331330,0,331330,3880
2021-08-28,San Francisco,75,870044,47564,46654,2275,48929,581
2021-08-28,San Joaquin,77,732212,87588,85481,4615,90096,1527
2021-08-28,San Luis Obispo,79,281455,25598,25138,1020,26158,280
2021-08-28,San Mateo,81,765935,49463,48575,1057,49632,554
2021-08-28,Santa Barbara,83,443738,39564,38780,1496,40276,481
2021-08-28,Santa Clara,85,1922200,134938,132488,1054,133542,1789
2021-08-28,Santa Cruz,87,273765,18481,18240,1026,19266,210
2021-08-28,Shasta,89,179085,15646,15147,2356,17503,217
2021-08-28,Sierra,91,2930,107,91,15,106,0
2021-08-28,Siskiyou,93,43540,2517,2402,771,3173,33
2021-08-28,Solano,95,438530,41285,39610,1028,40638,290
2021-08-28,Sonoma,97,501317,37549,36466,462,36928,352
2021-08-28,Stanislaus,99,539301,67333,65670,7523,73193,1074
2021-08-28,Sutter,101,95872,11945,11669,159,11828,136
2021-08-28,Tehama,103,63373,6201,6004,905,6909,71
2021-08-28,Trinity,105,12862,496,463,128,591,3
2021-08-28,Tulare,107,460477,55902,54746,11949,66695,870
2021-08-28,Tuolumne,109,53932,5575,5469,50,5519,74
2021-08-28,Ventura,111,848112,90529,89934,4073,94007,1081
2021-08-28,Yolo,113,214977,17281,16907,824,17731,231
2021-08-28,Yuba,115,75493,8289,7985,160,8145,55
2021-08-27,Alameda,1,1643700,109134,106622,2644,109266,1296
2021-08-27,Alpine,3,1148,92,92,0,92,0
2021-08-27,Amador,5,37829,4581,4458,42,4500,53
2021-08-27,Butte,7,227075,15964,15277,2789,18066,214
2021-08-27,Calaveras,9,45235,2994,2903,20,2923,59
2021-08-27,Colusa,11,21464,2280,2240,498,2738,16
2021-08-27,Contra Costa,13,1133247,89748,86386,1841,88227,872
2021-08-27,Del Norte,15,27424,2845,2695,12,2707,11
2021-08-27,El Dorado,17,186661,13569,12968,1279,14247,119
2021-08-27,Fresno,19,978130,116938,114481,10283,124764,1774
2021-08-27,Glenn,21,27897,2829,2754,744,3498,20
2021-08-27,Humboldt,23,135768,7100,6782,247,7029,52
2021-08-27,Imperial,25,180216,30395,30201,3058,33259,750
2021-08-27,Inyo,27,18085,1551,1529,6,1535,39
2021-08-27,Kern,29,883053,108410,106570,15590,122160,1385
2021-08-27,Kings,31,150075,26547,25957,1543,27500,257
2021-08-27,Lake,33,64148,5419,5228,58,5286,74
2021-08-27,Lassen,35,31185,5745,5646,166,5812,21
2021-08-27,Los Angeles,37,10098052,1347512,1337006,52482,1389488,25230
2021-08-27,Madera,39,155013,18920,18476,1346,19822,247
2021-08-27,Marin,41,260295,16242,16055,363,16418,240
2021-08-27,Mariposa,43,17540,743,690,17,707,5
2021-08-27,Mendocino,45,87422,5852,5602,203,5805,55
2021-08-27,Merced,47,269075,35618,34906,1224,36130,495
2021-08-27,Modoc,49,8938,438,434,154,588,5
2021-08-27,Mono,51,14174,1394,1385,13,1398,3
2021-08-27,Monterey,53,433212,45579,45337,2640,47977,539
2021-08-27,Napa,55,140530,11622,11460,71,11531,87
2021-08-27,Nevada,57,99092,7533,7169,255,7424,82
2021-08-27,Orange,59,3164182,285679,283407,13468,296875,5206
2021-08-27,Placer,61,380077,30829,29157,2791,31948,320
2021-08-27,Plumas,63,18699,1020,984,19,1003,5
2021-08-27,Riverside,65,2383286,328842,325379,16073,341452,4622
2021-08-27,Sacramento,67,1510023,136473,131921,3085,135006,1838
2021-08-27,San Benito,69,59416,6707,6622,138,6760,64
2021-08-27,San Bernardino,71,2135413,326321,322893,10156,333049,5342
2021-08-27,San Diego,73,3302833,334932,330162,0,330162,3877
2021-08-27,San Francisco,75,870044,47490,46456,2254,48710,581
2021-08-27,San Joaquin,77,732212,87408,84949,4605,89554,1524
2021-08-27,San Luis Obispo,79,281455,25552,24952,1017,25969,280
2021-08-27,San Mateo,81,765935,49384,48424,1050,49474,553
2021-08-27,Santa Barbara,83,443738,39466,38675,1493,40168,480
2021-08-27,Santa Clara,85,1922200,134708,132011,1052,133063,1783
2021-08-27,Santa Cruz,87,273765,18443,18163,1021,19184,210
2021-08-27,Shasta,89,179085,15577,14996,2339,17335,217
2021-08-27,Sierra,91,2930,106,91,15,106,0
2021-08-27,Siskiyou,93,43540,2502,2358,757,3115,33
2021-08-27,Solano,95,438530,41194,39347,1023,40370,287
2021-08-27,Sonoma,97,501317,37477,36326,461,36787,342
2021-08-27,Stanislaus,99,539301,67127,65167,7493,72660,1061
2021-08-27,Sutter,101,95872,11899,11590,157,11747,135
2021-08-27,Tehama,103,63373,6175,5964,895,6859,71
2021-08-27,Trinity,105,12862,496,458,127,585,3
2021-08-27,Tulare,107,460477,55771,54443,11901,66344,870
2021-08-27,Tuolumne,109,53932,5544,5438,50,5488,74
2021-08-27,Ventura,111,848112,90420,89774,4068,93842,1076
2021-08-27,Yolo,113,214977,17243,16805,819,17624,231
2021-08-27,Yuba,115,75493,8232,7926,160,8086,54
2021-08-26,Alameda,1,1643700,108854,106146,2635,108781,1296
2021-08-26,Alpine,3,1148,92,92,0,92,0
2021-08-26,Amador,5,37829,4566,4442,42,4484,53
2021-08-26,Butte,7,227075,15828,15159,2755,17914,214
2021-08-26,Calaveras,9,45235,2985,2873,20,2893,59
2021-08-26,Colusa,11,21464,2274,2234,495,2729,16
2021-08-26,Contra Costa,13,1133247,89388,85808,1833,87641,866
2021-08-26,Del Norte,15,27424,2810,2625,11,2636,8
2021-08-26,El Dorado,17,186661,13505,12863,1263,14126,118
2021-08-26,Fresno,19,978130,116450,113854,10247,124101,1770
2021-08-26,Glenn,21,27897,2809,2740,731,3471,20
2021-08-26,Humboldt,23,135768,7044,6695,237,6932,53
2021-08-26,Imperial,25,180216,30351,30121,3052,33173,748
2021-08-26,Inyo,27,18085,1541,1521,5,1526,39
2021-08-26,Kern,29,883053,107988,106051,15445,121496,1380
2021-08-26,Kings,31,150075,26426,25838,1535,27373,260
2021-08-26,Lake,33,64148,5375,5196,57,5253,74
2021-08-26,Lassen,35,31185,5734,5626,165,5791,21
2021-08-26,Los Angeles,37,10098052,1345308,1334372,52383,1386755,25199
2021-08-26,Madera,39,155013,18853,18393,1334,19727,247
2021-08-26,Marin,41,260295,16214,15983,360,16343,240
2021-08-26,Mariposa,43,17540,733,677,17,694,5
2021-08-26,Mendocino,45,87422,5817,5533,198,5731,55
2021-08-26,Merced,47,269075,35450,34755,1211,35966,495
2021-08-26,Modoc,49,8938,438,433,154,587,5
2021-08-26,Mono,51,14174,1392,1385,13,1398,3
2021-08-26,Monterey,53,433212,45525,45265,2613,47878,539
2021-08-26,Napa,55,140530,11597,11394,70,11464,87
2021-08-26,Nevada,57,99092,7474,7086,254,7340,80
2021-08-26,Orange,59,3164182,285206,282814,13455,296269,5200
2021-08-26,Placer,61,380077,30660,28898,2770,31668,319
2021-08-26,Plumas,63,18699,1014,971,18,989,5
2021-08-26,Riverside,65,2383286,328057,324486,16054,340540,4615
2021-08-26,Sacramento,67,1510023,135938,130977,3046,134023,1827
2021-08-26,San Benito,69,59416,6698,6604,138,6742,64
2021-08-26,San Bernardino,71,2135413,325684,322100,10134,332234,5339
2021-08-26,San Diego,73,3302833,333910,328276,0,328276,3869
2021-08-26,San Francisco,75,870044,47366,46288,2244,48532,581
2021-08-26,San Joaquin,77,732212,87033,84429,4600,89029,1513
2021-08-26,San Luis Obispo,79,281455,25404,24831,1011,25842,278
2021-08-26,San Mateo,81,765935,49254,48263,1040,49303,553
2021-08-26,Santa Barbara,83,443738,39377,38566,1491,40057,479
2021-08-26,Santa Clara,85,1922200,134385,131443,1046,132489,1782
2021-08-26,Santa Cruz,87,273765,18384,18072,1019,19091,210
2021-08-26,Shasta,89,179085,15458,14891,2309,17200,217
2021-08-26,Sierra,91,2930,105,90,15,105,0
2021-08-26,Siskiyou,93,43540,2482,2342,742,3084,33
2021-08-26,Solano,95,438530,41054,39027,1015,40042,286
2021-08-26,Sonoma,97,501317,37387,36102,461,36563,337
2021-08-26,Stanislaus,99,539301,66808,64785,7467,72252,1061
2021-08-26,Sutter,101,95872,11839,11499,154,11653,135
2021-08-26,Tehama,103,63373,6114,5913,880,6793,68
2021-08-26,Trinity,105,12862,491,450,125,575,3
2021-08-26,Tulare,107,460477,55516,54157,11848,66005,870
2021-08-26,Tuolumne,109,53932,5524,5387,50,5437,74
2021-08-26,Ventura,111,848112,90255,89595,4059,93654,1080
2021-08-26,Yolo,113,214977,17178,16727,808,17535,231
2021-08-26,Yuba,115,75493,8161,7834,158,7992,54
2021-08-25,Alameda,1,1643700,108536,105636,2627,108263,1296
2021-08-25,Alpine,3,1148,92,92,0,92,0
2021-08-25,Amador,5,37829,4553,4415,42,4457,53
2021-08-25,Butte,7,227075,15724,15039,2713,17752,214
2021-08-25,Calaveras,9,45235,2967,2851,20,2871,59
2021-08-25,Colusa,11,21464,2268,2227,486,2713,16
2021-08-25,Contra Costa,13,1133247,89003,85322,1827,87149,863
2021-08-25,Del Norte,15,27424,2765,2573,11,2584,8
2021-08-25,El Dorado,17,186661,13445,12787,1247,14034,118
2021-08-25,Fresno,19,978130,115917,113384,10204,123588,1761
2021-08-25,Glenn,21,27897,2788,2728,717,3445,20
2021-08-25,Humboldt,23,135768,6979,6653,227,6880,52
2021-08-25,Imperial,25,180216,30316,30085,3050,33135,748
2021-08-25,Inyo,27,18085,1537,1518,5,1523,39
2021-08-25,Kern,29,883053,107568,105687,15292,120979,1379
2021-08-25,Kings,31,150075,26323,25676,1528,27204,258
2021-08-25,Lake,33,64148,5345,5163,55,5218,74
2021-08-25,Lassen,35,31185,5720,5583,164,5747,21
2021-08-25,Los Angeles,37,10098052,1342741,1331400,52295,1383695,25170
2021-08-25,Madera,39,155013,18789,18311,1316,19627,247
2021-08-25,Marin,41,260295,16191,15938,355,16293,240
2021-08-25,Mariposa,43,17540,727,676,17,693,5
2021-08-25,Mendocino,45,87422,5784,5486,193,5679,53
2021-08-25,Merced,47,269075,35303,34600,1206,35806,492
2021-08-25,Modoc,49,8938,438,433,154,587,5
2021-08-25,Mono,51,14174,1388,1382,13,1395,3
2021-08-25,Monterey,53,433212,45463,45196,2588,47784,539
2021-08-25,Napa,55,140530,11563,11348,69,11417,87
2021-08-25,Nevada,57,99092,7408,7000,253,7253,77
2021-08-25,Orange,59,3164182,284707,282061,13427,295488,5193
2021-08-25,Placer,61,380077,30493,28740,2746,31486,319
2021-08-25,Plumas,63,18699,996,962,18,980,5
2021-08-25,Riverside,65,2383286,327224,323548,16036,339584,4610
2021-08-25,Sacramento,67,1510023,135233,130046,3006,133052,1827
2021-08-25,San Benito,69,59416,6677,6587,137,6724,64
2021-08-25,San Bernardino,71,2135413,325013,321228,10115,331343,5337
2021-08-25,San Diego,73,3302833,332647,327166,0,327166,3859
2021-08-25,San Francisco,75,870044,47220,46107,2233,48340,578
2021-08-25,San Joaquin,77,732212,86656,84002,4594,88596,1510
2021-08-25,San Luis Obispo,79,281455,25208,24607,1008,25615,276
2021-08-25,San Mateo,81,765935,49130,48153,1021,49174,553
2021-08-25,Santa Barbara,83,443738,39243,38450,1491,39941,479
2021-08-25,Santa Clara,85,1922200,134018,130995,1043,132038,1783
2021-08-25,Santa Cruz,87,273765,18323,17987,1015,19002,210
2021-08-25,Shasta,89,179085,15338,14752,2277,17029,217
2021-08-25,Sierra,91,2930,102,90,15,105,0
2021-08-25,Siskiyou,93,43540,2437,2322,723,3045,33
2021-08-25,Solano,95,438530,40890,38848,1005,39853,286
2021-08-25,Sonoma,97,501317,37264,35986,458,36444,336
2021-08-25,Stanislaus,99,539301,66520,64441,7434,71875,1061
2021-08-25,Sutter,101,95872,11771,11451,150,11601,134
2021-08-25,Tehama,103,63373,6057,5861,863,6724,68
2021-08-25,Trinity,105,12862,485,450,124,574,3
2021-08-25,Tulare,107,460477,55233,53877,11779,65656,866
2021-08-25,Tuolumne,109,53932,5498,5354,50,5404,74
2021-08-25,Ventura,111,848112,90080,89379,4046,93425,1068
2021-08-25,Yolo,113,214977,17114,16667,798,17465,231
2021-08-25,Yuba,115,75493,8095,7771,158,7929,54
2021-08-24,Alameda,1,1643700,108191,105319,2617,107936,1296
2021-08-24,Alpine,3,1148,92,92,0,92,0
2021-08-24,Amador,5,37829,4534,4380,42,4422,50
2021-08-24,Butte,7,227075,15575,14964,2680,17644,214
2021-08-24,Calaveras,9,45235,2927,2811,20,2831,59
2021-08-24,Colusa,11,21464,2260,2221,482,2703,16
2021-08-24,Contra Costa,13,1133247,88640,84963,1821,86784,857
2021-08-24,Del Norte,15,27424,2738,2543,11,2554,8
2021-08-24,El Dorado,17,186661,13369,12732,1231,13963,118
2021-08-24,Fresno,19,978130,115322,113024,10160,123184,1761
2021-08-24,Glenn,21,27897,2776,2717,705,3422,20
2021-08-24,Humboldt,23,135768,6917,6585,214,6799,52
2021-08-24,Imperial,25,180216,30255,30045,3045,33090,748
2021-08-24,Inyo,27,18085,1532,1512,5,1517,39
2021-08-24,Kern,29,883053,107116,105399,15126,120525,1375
2021-08-24,Kings,31,150075,26204,25629,1512,27141,258
2021-08-24,Lake,33,64148,5314,5135,55,5190,72
2021-08-24,Lassen,35,31185,5705,5576,162,5738,21
2021-08-24,Los Angeles,37,10098052,1339918,1328777,52194,1380971,25135
2021-08-24,Madera,39,155013,18715,18251,1299,19550,247
2021-08-24,Marin,41,260295,16155,15900,353,16253,240
2021-08-24,Mariposa,43,17540,720,670,17,687,5
2021-08-24,Mendocino,45,87422,5738,5416,186,5602,52
2021-08-24,Merced,47,269075,35130,34490,1197,35687,491
2021-08-24,Modoc,49,8938,438,432,154,586,5
2021-08-24,Mono,51,14174,1386,1382,13,1395,3
2021-08-24,Monterey,53,433212,45412,45126,2556,47682,539
2021-08-24,Napa,55,140530,11531,11299,67,11366,85
2021-08-24,Nevada,57,99092,7341,6981,249,7230,77
2021-08-24,Orange,59,3164182,284134,281461,13409,294870,5187
2021-08-24,Placer,61,380077,30294,28618,2705,31323,318
2021-08-24,Plumas,63,18699,985,953,18,971,5
2021-08-24,Riverside,65,2383286,326354,322620,16007,338627,4605
2021-08-24,Sacramento,67,1510023,134566,129542,2952,132494,1812
2021-08-24,San Benito,69,59416,6664,6576,137,6713,64
2021-08-24,San Bernardino,71,2135413,324273,320300,10083,330383,5328
2021-08-24,San Diego,73,3302833,331196,325823,0,325823,3851
2021-08-24,San Francisco,75,870044,47054,46010,2213,48223,574
2021-08-24,San Joaquin,77,732212,86222,83684,4572,88256,1508
2021-08-24,San Luis Obispo,79,281455,25034,24443,997,25440,274
2021-08-24,San Mateo,81,765935,48989,48050,1009,49059,553
2021-08-24,Santa Barbara,83,443738,39121,38307,1490,39797,478
2021-08-24,Santa Clara,85,1922200,133592,130763,1038,131801,1779
2021-08-24,Santa Cruz,87,273765,18253,17928,1006,18934,209
2021-08-24,Shasta,89,179085,15235,14664,2247,16911,217
2021-08-24,Sierra,91,2930,100,90,15,105,0
2021-08-24,Siskiyou,93,43540,2417,2294,708,3002,33
2021-08-24,Solano,95,438530,40684,38724,994,39718,283
2021-08-24,Sonoma,97,501317,37138,35849,456,36305,336
2021-08-24,Stanislaus,99,539301,66163,64195,7396,71591,1058
2021-08-24,Sutter,101,95872,11703,11384,147,11531,134
2021-08-24,Tehama,103,63373,6014,5826,848,6674,67
2021-08-24,Trinity,105,12862,475,446,116,562,3
2021-08-24,Tulare,107,460477,54884,53702,11690,65392,856
2021-08-24,Tuolumne,109,53932,5469,5287,50,5337,74
2021-08-24,Ventura,111,848112,89909,89167,4035,93202,1068
2021-08-24,Yolo,113,214977,17041,16492,785,17277,231
2021-08-24,Yuba,115,75493,8013,7723,156,7879,54
2021-08-23,Alameda,1,1643700,107794,104922,2605,107527,1294
2021-08-23,Alpine,3,1148,92,91,0,91,0
2021-08-23,Amador,5,37829,4520,4369,42,4411,50
2021-08-23,Butte,7,227075,15432,14847,2646,17493,211
2021-08-23,Calaveras,9,45235,2894,2803,20,2823,59
2021-08-23,Colusa,11,21464,2256,2206,479,2685,16
2021-08-23,Contra Costa,13,1133247,88264,84651,1815,86466,857
2021-08-23,Del Norte,15,27424,2691,2499,11,2510,8
2021-08-23,El Dorado,17,186661,13267,12684,1209,13893,118
2021-08-23,Fresno,19,978130,114789,112445,10121,122566,1759
2021-08-23,Glenn,21,27897,2759,2696,698,3394,20
2021-08-23,Humboldt,23,135768,6845,6498,197,6695,52
2021-08-23,Imperial,25,180216,30206,30011,3045,33056,748
2021-08-23,Inyo,27,18085,1525,1509,5,1514,39
2021-08-23,Kern,29,883053,106668,104995,14970,119965,1375
2021-08-23,Kings,31,150075,26077,25465,1505,26970,257
2021-08-23,Lake,33,64148,5276,5099,55,5154,69
2021-08-23,Lassen,35,31185,5693,5562,162,5724,21
2021-08-23,Los Angeles,37,10098052,1337014,1326412,52066,1378478,25096
2021-08-23,Madera,39,155013,18631,18155,1286,19441,246
2021-08-23,Marin,41,260295,16107,15856,349,16205,240
2021-08-23,Mariposa,43,17540,710,645,17,662,5
2021-08-23,Mendocino,45,87422,5673,5374,179,5553,51
2021-08-23,Merced,47,269075,34930,34322,1191,35513,488
2021-08-23,Modoc,49,8938,435,431,153,584,6
2021-08-23,Mono,51,14174,1384,1384,13,1397,3
2021-08-23,Monterey,53,433212,45334,45047,2522,47569,538
2021-08-23,Napa,55,140530,11492,11257,67,11324,85
2021-08-23,Nevada,57,99092,7264,6930,247,7177,77
2021-08-23,Orange,59,3164182,283525,280891,13384,294275,5181
2021-08-23,Placer,61,380077,30102,28540,2666,31206,314
2021-08-23,Plumas,63,18699,975,934,18,952,5
2021-08-23,Riverside,65,2383286,325447,321650,15981,337631,4598
2021-08-23,Sacramento,67,1510023,133798,128969,2879,131848,1807
2021-08-23,San Benito,69,59416,6645,6562,135,6697,64
2021-08-23,San Bernardino,71,2135413,323479,319577,10043,329620,5324
2021-08-23,San Diego,73,3302833,329773,324536,0,324536,3848
2021-08-23,San Francisco,75,870044,46909,45945,2197,48142,573
2021-08-23,San Joaquin,77,732212,85799,83466,4554,88020,1499
2021-08-23,San Luis Obispo,79,281455,24853,24317,995,25312,274
2021-08-23,San Mateo,81,765935,48863,47935,996,48931,553
2021-08-23,Santa Barbara,83,443738,38959,38181,1488,39669,478
2021-08-23,Santa Clara,85,1922200,133193,130489,1028,131517,1778
2021-08-23,Santa Cruz,87,273765,18198,17871,1003,18874,209
2021-08-23,Shasta,89,179085,15114,14537,2208,16745,216
2021-08-23,Sierra,91,2930,100,90,15,105,0
2021-08-23,Siskiyou,93,43540,2395,2274,687,2961,33
2021-08-23,Solano,95,438530,40541,38612,986,39598,283
2021-08-23,Sonoma,97,501317,37020,35769,454,36223,336
2021-08-23,Stanislaus,99,539301,65812,63922,7356,71278,1058
2021-08-23,Sutter,101,95872,11615,11314,139,11453,133
2021-08-23,Tehama,103,63373,5959,5805,829,6634,67
2021-08-23,Trinity,105,12862,473,435,112,547,3
2021-08-23,Tulare,107,460477,54579,53370,11618,64988,856
2021-08-23,Tuolumne,109,53932,5427,5240,50,5290,73
2021-08-23,Ventura,111,848112,89703,88960,4023,92983,1063
2021-08-23,Yolo,113,214977,16956,16445,769,17214,226
2021-08-23,Yuba,115,75493,7942,7653,155,7808,54
2021-08-22,Alameda,1,1643700,107355,104539,2564,107103,1294
2021-08-22,Alpine,3,1148,92,91,0,91,0
2021-08-22,Amador,5,37829,4491,4349,42,4391,50
2021-08-22,Butte,7,227075,15296,14791,2608,17399,211
2021-08-22,Calaveras,9,45235,2857,2771,20,2791,59
2021-08-22,Colusa,11,21464,2248,2201,473,2674,16
2021-08-22,Contra Costa,13,1133247,87727,84371,1800,86171,857
2021-08-22,Del Norte,15,27424,2636,2455,11,2466,8
2021-08-22,El Dorado,17,186661,13161,12629,1189,13818,118
2021-08-22,Fresno,19,978130,114217,112057,10065,122122,1759
2021-08-22,Glenn,21,27897,2741,2678,689,3367,20
2021-08-22,Humboldt,23,135768,6767,6483,179,6662,52
2021-08-22,Imperial,25,180216,30148,29993,3044,33037,748
2021-08-22,Inyo,27,18085,1519,1505,5,1510,39
2021-08-22,Kern,29,883053,106147,104691,14814,119505,1375
2021-08-22,Kings,31,150075,25927,25391,1487,26878,257
2021-08-22,Lake,33,64148,5233,5069,52,5121,69
2021-08-22,Lassen,35,31185,5660,5556,157,5713,21
2021-08-22,Los Angeles,37,10098052,1333714,1324151,51933,1376084,25089
2021-08-22,Madera,39,155013,18514,18120,1275,19395,246
2021-08-22,Marin,41,260295,16055,15822,342,16164,240
2021-08-22,Mariposa,43,17540,700,638,15,653,5
2021-08-22,Mendocino,45,87422,5616,5336,179,5515,51
2021-08-22,Merced,47,269075,34711,34234,1181,35415,488
2021-08-22,Modoc,49,8938,434,431,153,584,6
2021-08-22,Mono,51,14174,1383,1378,13,1391,3
2021-08-22,Monterey,53,433212,45247,45017,2496,47513,538
2021-08-22,Napa,55,140530,11448,11231,67,11298,85
2021-08-22,Nevada,57,99092,7192,6864,245,7109,77
2021-08-22,Orange,59,3164182,282865,280390,13348,293738,5181
2021-08-22,Placer,61,380077,29894,28395,2628,31023,314
2021-08-22,Plumas,63,18699,953,923,17,940,5
2021-08-22,Riverside,65,2383286,324432,320836,15938,336774,4594
2021-08-22,Sacramento,67,1510023,133022,128231,2835,131066,1802
2021-08-22,San Benito,69,59416,6629,6550,135,6685,64
2021-08-22,San Bernardino,71,2135413,322522,318839,10007,328846,5324
2021-08-22,San Diego,73,3302833,328457,323591,0,323591,3848
2021-08-22,San Francisco,75,870044,46751,45831,2179,48010,573
2021-08-22,San Joaquin,77,732212,85347,83121,4543,87664,1498
2021-08-22,San Luis Obispo,79,281455,24651,24250,988,25238,274
2021-08-22,San Mateo,81,765935,48728,47821,957,48778,553
2021-08-22,Santa Barbara,83,443738,38801,38099,1480,39579,478
2021-08-22,Santa Clara,85,1922200,132776,130189,1021,131210,1778
2021-08-22,Santa Cruz,87,273765,18137,17823,998,18821,209
2021-08-22,Shasta,89,179085,14977,14478,2172,16650,216
2021-08-22,Sierra,91,2930,100,87,15,102,0
2021-08-22,Siskiyou,93,43540,2366,2261,669,2930,33
2021-08-22,Solano,95,438530,40348,38489,972,39461,283
2021-08-22,Sonoma,97,501317,36867,35676,452,36128,336
2021-08-22,Stanislaus,99,539301,65450,63683,7280,70963,1058
2021-08-22,Sutter,101,95872,11533,11251,135,11386,133
2021-08-22,Tehama,103,63373,5908,5791,810,6601,67
2021-08-22,Trinity,105,12862,467,433,110,543,3
2021-08-22,Tulare,107,460477,54262,53220,11533,64753,856
2021-08-22,Tuolumne,109,53932,5385,5214,50,5264,73
2021-08-22,Ventura,111,848112,89499,88791,4006,92797,1063
2021-08-22,Yolo,113,214977,16855,16374,759,17133,226
2021-08-22,Yuba,115,75493,7869,7626,154,7780,54
2021-08-21,Alameda,1,1643700,107165,104281,2556,106837,1294
2021-08-21,Alpine,3,1148,92,91,0,91,0
2021-08-21,Amador,5,37829,4481,4338,40,4378,50
2021-08-21,Butte,7,227075,15231,14714,2587,17301,211
2021-08-21,Calaveras,9,45235,2844,2744,20,2764,59
2021-08-21,Colusa,11,21464,2243,2192,468,2660,16
2021-08-21,Contra Costa,13,1133247,87471,84136,1794,85930,857
2021-08-21,Del Norte,15,27424,2614,2409,11,2420,8
2021-08-21,El Dorado,17,186661,13117,12590,1185,13775,118
2021-08-21,Fresno,19,978130,114035,111765,10059,121824,1759
2021-08-21,Glenn,21,27897,2733,2654,681,3335,20
2021-08-21,Humboldt,23,135768,6731,6446,171,6617,52
2021-08-21,Imperial,25,180216,30105,29976,3041,33017,748
2021-08-21,Inyo,27,18085,1516,1500,5,1505,39
2021-08-21,Kern,29,883053,105892,104443,14688,119131,1375
2021-08-21,Kings,31,150075,25853,25313,1482,26795,257
2021-08-21,Lake,33,64148,5213,5055,50,5105,69
2021-08-21,Lassen,35,31185,5647,5553,157,5710,21
2021-08-21,Los Angeles,37,10098052,1332461,1321308,51841,1373149,25080
2021-08-21,Madera,39,155013,18477,18067,1268,19335,246
2021-08-21,Marin,41,260295,16021,15775,340,16115,240
2021-08-21,Mariposa,43,17540,690,634,15,649,5
2021-08-21,Mendocino,45,87422,5572,5307,178,5485,51
2021-08-21,Merced,47,269075,34631,34148,1176,35324,488
2021-08-21,Modoc,49,8938,434,430,153,583,6
2021-08-21,Mono,51,14174,1383,1378,13,1391,3
2021-08-21,Monterey,53,433212,45209,44969,2481,47450,538
2021-08-21,Napa,55,140530,11412,11211,67,11278,85
2021-08-21,Nevada,57,99092,7148,6810,244,7054,77
2021-08-21,Orange,59,3164182,282439,279855,13315,293170,5181
2021-08-21,Placer,61,380077,29762,28289,2603,30892,314
2021-08-21,Plumas,63,18699,951,916,16,932,5
2021-08-21,Riverside,65,2383286,323857,320086,15926,336012,4594
2021-08-21,Sacramento,67,1510023,132532,127751,2823,130574,1809
2021-08-21,San Benito,69,59416,6619,6542,134,6676,64
2021-08-21,San Bernardino,71,2135413,322079,318293,9988,328281,5324
2021-08-21,San Diego,73,3302833,327802,322620,0,322620,3848
2021-08-21,San Francisco,75,870044,46658,45637,2163,47800,573
2021-08-21,San Joaquin,77,732212,85135,82825,4538,87363,1498
2021-08-21,San Luis Obispo,79,281455,24600,24169,988,25157,273
2021-08-21,San Mateo,81,765935,48638,47685,951,48636,553
2021-08-21,Santa Barbara,83,443738,38720,37951,1476,39427,478
2021-08-21,Santa Clara,85,1922200,132510,129911,1016,130927,1778
2021-08-21,Santa Cruz,87,273765,18100,17763,993,18756,209
2021-08-21,Shasta,89,179085,14900,14417,2158,16575,217
2021-08-21,Sierra,91,2930,95,85,15,100,0
2021-08-21,Siskiyou,93,43540,2353,2246,657,2903,33
2021-08-21,Solano,95,438530,40241,38423,962,39385,281
2021-08-21,Sonoma,97,501317,36781,35582,452,36034,336
2021-08-21,Stanislaus,99,539301,65258,63512,7261,70773,1058
2021-08-21,Sutter,101,95872,11489,11204,133,11337,133
2021-08-21,Tehama,103,63373,5888,5757,803,6560,67
2021-08-21,Trinity,105,12862,462,431,108,539,3
2021-08-21,Tulare,107,460477,54118,53045,11489,64534,857
2021-08-21,Tuolumne,109,53932,5354,5193,50,5243,73
2021-08-21,Ventura,111,848112,89357,88558,3992,92550,1063
2021-08-21,Yolo,113,214977,16807,16322,753,17075,226
2021-08-21,Yuba,115,75493,7823,7580,153,7733,54
2021-08-20,Alameda,1,1643700,106918,103812,2546,106358,1294
2021-08-20,Alpine,3,1148,92,91,0,91,0
2021-08-20,Amador,5,37829,4455,4323,40,4363,50
2021-08-20,Butte,7,227075,15159,14617,2565,17182,211
2021-08-20,Calaveras,9,45235,2829,2717,20,2737,59
2021-08-20,Colusa,11,21464,2238,2178,466,2644,16
2021-08-20,Contra Costa,13,1133247,87195,83721,1787,85508,857
2021-08-20,Del Norte,15,27424,2582,2316,11,2327,8
2021-08-20,El Dorado,17,186661,13080,12495,1177,13672,118
2021-08-20,Fresno,19,978130,113684,111315,10041,121356,1759
2021-08-20,Glenn,21,27897,2724,2642,678,3320,20
2021-08-20,Humboldt,23,135768,6681,6349,166,6515,52
2021-08-20,Imperial,25,180216,30081,29934,3041,32975,747
2021-08-20,Inyo,27,18085,1510,1495,5,1500,39
2021-08-20,Kern,29,883053,105609,104048,14556,118604,1373
2021-08-20,Kings,31,150075,25790,25241,1479,26720,256
2021-08-20,Lake,33,64148,5198,5024,49,5073,69
2021-08-20,Lassen,35,31185,5627,5539,157,5696,21
2021-08-20,Los Angeles,37,10098052,1330626,1317541,51741,1369282,25049
2021-08-20,Madera,39,155013,18429,18018,1252,19270,246
2021-08-20,Marin,41,260295,16003,15727,337,16064,240
2021-08-20,Mariposa,43,17540,684,630,15,645,5
2021-08-20,Mendocino,45,87422,5526,5241,176,5417,51
2021-08-20,Merced,47,269075,34575,34035,1171,35206,486
2021-08-20,Modoc,49,8938,434,429,153,582,6
2021-08-20,Mono,51,14174,1382,1368,13,1381,3
2021-08-20,Monterey,53,433212,45179,44890,2467,47357,538
2021-08-20,Napa,55,140530,11380,11152,67,11219,83
2021-08-20,Nevada,57,99092,7106,6753,236,6989,77
2021-08-20,Orange,59,3164182,282009,279193,13294,292487,5179
2021-08-20,Placer,61,380077,29669,28156,2577,30733,313
2021-08-20,Plumas,63,18699,945,908,16,924,5
2021-08-20,Riverside,65,2383286,323170,319072,15900,334972,4594
2021-08-20,Sacramento,67,1510023,132061,127226,2805,130031,1797
2021-08-20,San Benito,69,59416,6604,6508,134,6642,64
2021-08-20,San Bernardino,71,2135413,321471,317372,9956,327328,5322
2021-08-20,San Diego,73,3302833,326902,321102,0,321102,3846
2021-08-20,San Francisco,75,870044,46570,45432,2142,47574,573
2021-08-20,San Joaquin,77,732212,84911,82419,4527,86946,1496
2021-08-20,San Luis Obispo,79,281455,24525,23986,984,24970,273
2021-08-20,San Mateo,81,765935,48529,47561,941,48502,551
2021-08-20,Santa Barbara,83,443738,38635,37794,1470,39264,477
2021-08-20,Santa Clara,85,1922200,132229,129510,1012,130522,1774
2021-08-20,Santa Cruz,87,273765,18062,17701,989,18690,209
2021-08-20,Shasta,89,179085,14818,14277,2140,16417,215
2021-08-20,Sierra,91,2930,94,83,15,98,0
2021-08-20,Siskiyou,93,43540,2337,2226,652,2878,33
2021-08-20,Solano,95,438530,40102,38214,951,39165,277
2021-08-20,Sonoma,97,501317,36713,35416,451,35867,336
2021-08-20,Stanislaus,99,539301,65056,63219,7245,70464,1047
2021-08-20,Sutter,101,95872,11432,11136,132,11268,133
2021-08-20,Tehama,103,63373,5874,5730,791,6521,66
2021-08-20,Trinity,105,12862,462,422,107,529,3
2021-08-20,Tulare,107,460477,53985,52855,11445,64300,856
2021-08-20,Tuolumne,109,53932,5330,5153,49,5202,73
2021-08-20,Ventura,111,848112,89196,88285,3989,92274,1061
2021-08-20,Yolo,113,214977,16753,16236,747,16983,225
2021-08-20,Yuba,115,75493,7783,7523,153,7676,54
2021-08-19,Alameda,1,1643700,106466,103276,2522,105798,1294
2021-08-19,Alpine,3,1148,92,91,0,91,0
2021-08-19,Amador,5,37829,4448,4317,40,4357,50
2021-08-19,Butte,7,227075,15029,14518,2537,17055,211
2021-08-19,Calaveras,9,45235,2810,2673,20,2693,59
2021-08-19,Colusa,11,21464,2229,2167,462,2629,16
2021-08-19,Contra Costa,13,1133247,86757,83296,1773,85069,852
2021-08-19,Del Norte,15,27424,2534,2257,11,2268,8
2021-08-19,El Dorado,17,186661,12998,12410,1156,13566,118
2021-08-19,Fresno,19,978130,113263,110947,10004,120951,1759
2021-08-19,Glenn,21,27897,2701,2629,671,3300,20
2021-08-19,Humboldt,23,135768,6620,6246,160,6406,52
2021-08-19,Imperial,25,180216,30036,29865,3039,32904,747
2021-08-19,Inyo,27,18085,1503,1494,5,1499,39
2021-08-19,Kern,29,883053,105216,103731,14411,118142,1371
2021-08-19,Kings,31,150075,25660,25128,1466,26594,256
2021-08-19,Lake,33,64148,5168,4991,46,5037,69
2021-08-19,Lassen,35,31185,5610,5520,156,5676,21
2021-08-19,Los Angeles,37,10098052,1327681,1314453,51595,1366048,25020
2021-08-19,Madera,39,155013,18365,17947,1241,19188,246
2021-08-19,Marin,41,260295,15970,15672,333,16005,240
2021-08-19,Mariposa,43,17540,670,618,15,633,5
2021-08-19,Mendocino,45,87422,5493,5167,174,5341,51
2021-08-19,Merced,47,269075,34440,33851,1157,35008,486
2021-08-19,Modoc,49,8938,434,427,153,580,6
2021-08-19,Mono,51,14174,1378,1349,13,1362,3
2021-08-19,Monterey,53,433212,45117,44821,2447,47268,538
2021-08-19,Napa,55,140530,11326,11104,67,11171,83
2021-08-19,Nevada,57,99092,7039,6695,235,6930,77
2021-08-19,Orange,59,3164182,281394,278562,13248,291810,5172
2021-08-19,Placer,61,380077,29492,27953,2559,30512,313
2021-08-19,Plumas,63,18699,937,896,16,912,5
2021-08-19,Riverside,65,2383286,322154,318056,15875,333931,4589
2021-08-19,Sacramento,67,1510023,131374,126720,2768,129488,1801
2021-08-19,San Benito,69,59416,6586,6493,132,6625,64
2021-08-19,San Bernardino,71,2135413,320664,316398,9928,326326,5318
2021-08-19,San Diego,73,3302833,325665,319582,0,319582,3839
2021-08-19,San Francisco,75,870044,46412,45220,2125,47345,571
2021-08-19,San Joaquin,77,732212,84473,82047,4491,86538,1491
2021-08-19,San Luis Obispo,79,281455,24389,23878,977,24855,271
2021-08-19,San Mateo,81,765935,48405,47431,933,48364,551
2021-08-19,Santa Barbara,83,443738,38507,37693,1466,39159,477
2021-08-19,Santa Clara,85,1922200,131837,129133,1005,130138,1774
2021-08-19,Santa Cruz,87,273765,18002,17644,982,18626,209
2021-08-19,Shasta,89,179085,14697,14200,2116,16316,214
2021-08-19,Sierra,91,2930,90,83,15,98,0
2021-08-19,Siskiyou,93,43540,2323,2218,640,2858,33
2021-08-19,Solano,95,438530,39951,38025,940,38965,273
2021-08-19,Sonoma,97,501317,36625,35233,450,35683,336
2021-08-19,Stanislaus,99,539301,64701,62928,7197,70125,1047
2021-08-19,Sutter,101,95872,11350,11057,130,11187,133
2021-08-19,Tehama,103,63373,5843,5683,759,6442,66
2021-08-19,Trinity,105,12862,458,414,105,519,3
2021-08-19,Tulare,107,460477,53752,52685,11380,64065,856
2021-08-19,Tuolumne,109,53932,5295,5112,48,5160,64
2021-08-19,Ventura,111,848112,88999,88073,3974,92047,1060
2021-08-19,Yolo,113,214977,16669,16153,738,16891,225
2021-08-19,Yuba,115,75493,7733,7458,152,7610,51
2021-08-18,Alameda,1,1643700,106064,102696,2490,105186,1294
2021-08-18,Alpine,3,1148,91,91,0,91,0
2021-08-18,Amador,5,37829,4431,4279,39,4318,50
2021-08-18,Butte,7,227075,14919,14426,2512,16938,208
2021-08-18,Calaveras,9,45235,2771,2643,19,2662,59
2021-08-18,Colusa,11,21464,2221,2160,458,2618,16
2021-08-18,Contra Costa,13,1133247,86263,82767,1767,84534,851
2021-08-18,Del Norte,15,27424,2477,2219,11,2230,8
2021-08-18,El Dorado,17,186661,12913,12306,1141,13447,118
2021-08-18,Fresno,19,978130,112814,110523,9960,120483,1759
2021-08-18,Glenn,21,27897,2667,2623,662,3285,20
2021-08-18,Humboldt,23,135768,6550,6195,154,6349,52
2021-08-18,Imperial,25,180216,30003,29821,3036,32857,746
2021-08-18,Inyo,27,18085,1500,1494,5,1499,39
2021-08-18,Kern,29,883053,104870,103440,14314,117754,1370
2021-08-18,Kings,31,150075,25553,24984,1459,26443,256
2021-08-18,Lake,33,64148,5127,4957,45,5002,69
2021-08-18,Lassen,35,31185,5591,5506,155,5661,21
2021-08-18,Los Angeles,37,10098052,1324594,1311477,51463,1362940,24984
2021-08-18,Madera,39,155013,18310,17871,1234,19105,246
2021-08-18,Marin,41,260295,15932,15610,330,15940,240
2021-08-18,Mariposa,43,17540,658,615,15,630,5
2021-08-18,Mendocino,45,87422,5444,5129,171,5300,51
2021-08-18,Merced,47,269075,34273,33708,1151,34859,484
2021-08-18,Modoc,49,8938,434,427,152,579,6
2021-08-18,Mono,51,14174,1375,1344,13,1357,3
2021-08-18,Monterey,53,433212,45047,44735,2417,47152,532
2021-08-18,Napa,55,140530,11287,11060,66,11126,83
2021-08-18,Nevada,57,99092,6972,6633,235,6868,76
2021-08-18,Orange,59,3164182,280763,277795,13202,290997,5168
2021-08-18,Placer,61,380077,29274,27741,2529,30270,312
2021-08-18,Plumas,63,18699,928,874,16,890,5
2021-08-18,Riverside,65,2383286,321171,317107,15847,332954,4585
2021-08-18,Sacramento,67,1510023,130616,125599,2737,128336,1781
2021-08-18,San Benito,69,59416,6576,6481,131,6612,64
2021-08-18,San Bernardino,71,2135413,319862,315477,9909,325386,5304
2021-08-18,San Diego,73,3302833,324324,318152,0,318152,3834
2021-08-18,San Francisco,75,870044,46217,44957,2109,47066,568
2021-08-18,San Joaquin,77,732212,84033,81601,4469,86070,1491
2021-08-18,San Luis Obispo,79,281455,24242,23726,966,24692,270
2021-08-18,San Mateo,81,765935,48249,47255,922,48177,551
2021-08-18,Santa Barbara,83,443738,38385,37599,1458,39057,475
2021-08-18,Santa Clara,85,1922200,131474,128563,1001,129564,1773
2021-08-18,Santa Cruz,87,273765,17948,17566,977,18543,209
2021-08-18,Shasta,89,179085,14598,14087,2098,16185,213
2021-08-18,Sierra,91,2930,89,83,15,98,0
2021-08-18,Siskiyou,93,43540,2294,2204,628,2832,33
2021-08-18,Solano,95,438530,39747,37812,928,38740,271
2021-08-18,Sonoma,97,501317,36484,35063,449,35512,333
2021-08-18,Stanislaus,99,539301,64353,62613,7170,69783,1047
2021-08-18,Sutter,101,95872,11278,11004,125,11129,130
2021-08-18,Tehama,103,63373,5806,5653,748,6401,66
2021-08-18,Trinity,105,12862,451,409,103,512,3
2021-08-18,Tulare,107,460477,53513,52486,11310,63796,856
2021-08-18,Tuolumne,109,53932,5259,5081,48,5129,64
2021-08-18,Ventura,111,848112,88769,87835,3963,91798,1055
2021-08-18,Yolo,113,214977,16589,16047,718,16765,225
2021-08-18,Yuba,115,75493,7668,7391,152,7543,51
2021-08-17,Alameda,1,1643700,105658,102379,2477,104856,1290
2021-08-17,Alpine,3,1148,91,91,0,91,0
2021-08-17,Amador,5,37829,4402,4266,39,4305,50
2021-08-17,Butte,7,227075,14815,14357,2477,16834,206
2021-08-17,Calaveras,9,45235,2730,2624,19,2643,59
2021-08-17,Colusa,11,21464,2212,2156,454,2610,16
2021-08-17,Contra Costa,13,1133247,85818,82482,1757,84239,848
2021-08-17,Del Norte,15,27424,2423,2188,11,2199,8
2021-08-17,El Dorado,17,186661,12827,12242,1126,13368,118
2021-08-17,Fresno,19,978130,112335,110263,9910,120173,1755
2021-08-17,Glenn,21,27897,2654,2608,644,3252,20
2021-08-17,Humboldt,23,135768,6469,6155,151,6306,52
2021-08-17,Imperial,25,180216,29953,29768,3032,32800,746
2021-08-17,Inyo,27,18085,1497,1492,5,1497,39
2021-08-17,Kern,29,883053,104479,103048,14184,117232,1367
2021-08-17,Kings,31,150075,25446,24930,1448,26378,254
2021-08-17,Lake,33,64148,5085,4930,39,4969,68
2021-08-17,Lassen,35,31185,5574,5499,153,5652,21
2021-08-17,Los Angeles,37,10098052,1321071,1307999,51328,1359327,24952
2021-08-17,Madera,39,155013,18235,17838,1214,19052,246
2021-08-17,Marin,41,260295,15877,15570,330,15900,240
2021-08-17,Mariposa,43,17540,650,609,14,623,5
2021-08-17,Mendocino,45,87422,5389,5097,171,5268,51
2021-08-17,Merced,47,269075,34128,33508,1140,34648,482
2021-08-17,Modoc,49,8938,431,424,150,574,6
2021-08-17,Mono,51,14174,1369,1341,13,1354,3
2021-08-17,Monterey,53,433212,44970,44672,2401,47073,528
2021-08-17,Napa,55,140530,11246,11007,65,11072,83
2021-08-17,Nevada,57,99092,6898,6605,233,6838,75
2021-08-17,Orange,59,3164182,280138,277121,13171,290292,5164
2021-08-17,Placer,61,380077,29062,27634,2499,30133,312
2021-08-17,Plumas,63,18699,918,860,16,876,5
2021-08-17,Riverside,65,2383286,320170,316051,15815,331866,4582
2021-08-17,Sacramento,67,1510023,129838,125151,2695,127846,1774
2021-08-17,San Benito,69,59416,6557,6470,131,6601,64
2021-08-17,San Bernardino,71,2135413,318937,314402,9866,324268,5302
2021-08-17,San Diego,73,3302833,322713,317058,0,317058,3824
2021-08-17,San Francisco,75,870044,46022,44820,2098,46918,567
2021-08-17,San Joaquin,77,732212,83566,81300,4450,85750,1489
2021-08-17,San Luis Obispo,79,281455,24089,23556,963,24519,268
2021-08-17,San Mateo,81,765935,48100,47127,904,48031,551
2021-08-17,Santa Barbara,83,443738,38244,37478,1452,38930,475
2021-08-17,Santa Clara,85,1922200,131072,128354,998,129352,1773
2021-08-17,Santa Cruz,87,273765,17863,17528,975,18503,209
2021-08-17,Shasta,89,179085,14473,14012,2079,16091,214
2021-08-17,Sierra,91,2930,88,82,15,97,0
2021-08-17,Siskiyou,93,43540,2279,2183,614,2797,33
2021-08-17,Solano,95,438530,39534,37662,918,38580,269
2021-08-17,Sonoma,97,501317,36335,34943,447,35390,333
2021-08-17,Stanislaus,99,539301,64006,62385,7118,69503,1047
2021-08-17,Sutter,101,95872,11206,10973,124,11097,130
2021-08-17,Tehama,103,63373,5758,5612,728,6340,66
2021-08-17,Trinity,105,12862,446,406,100,506,3
2021-08-17,Tulare,107,460477,53245,52362,11243,63605,856
2021-08-17,Tuolumne,109,53932,5217,5042,47,5089,64
2021-08-17,Ventura,111,848112,88528,87601,3942,91543,1053
2021-08-17,Yolo,113,214977,16499,15975,703,16678,225
2021-08-17,Yuba,115,75493,7599,7355,152,7507,51
2021-08-16,Alameda,1,1643700,105158,102052,2464,104516,1287
2021-08-16,Alpine,3,1148,91,91,0,91,0
2021-08-16,Amador,5,37829,4392,4235,39,4274,50
2021-08-16,Butte,7,227075,14697,14283,2444,16727,206
2021-08-16,Calaveras,9,45235,2672,2609,19,2628,57
2021-08-16,Colusa,11,21464,2201,2147,450,2597,16
2021-08-16,Contra Costa,13,1133247,85295,82070,1747,83817,848
2021-08-16,Del Norte,15,27424,2351,2125,11,2136,8
2021-08-16,El Dorado,17,186661,12728,12139,1112,13251,118
2021-08-16,Fresno,19,978130,111845,109623,9868,119491,1753
2021-08-16,Glenn,21,27897,2639,2593,641,3234,20
2021-08-16,Humboldt,23,135768,6396,6064,128,6192,52
2021-08-16,Imperial,25,180216,29916,29737,3017,32754,746
2021-08-16,Inyo,27,18085,1494,1490,5,1495,39
2021-08-16,Kern,29,883053,104110,102690,14061,116751,1367
2021-08-16,Kings,31,150075,25346,24817,1438,26255,254
2021-08-16,Lake,33,64148,5059,4898,38,4936,68
2021-08-16,Lassen,35,31185,5557,5481,145,5626,21
2021-08-16,Los Angeles,37,10098052,1317720,1305330,51172,1356502,24923
2021-08-16,Madera,39,155013,18160,17756,1196,18952,246
2021-08-16,Marin,41,260295,15816,15497,329,15826,239
2021-08-16,Mariposa,43,17540,633,597,14,611,5
2021-08-16,Mendocino,45,87422,5331,5037,169,5206,49
2021-08-16,Merced,47,269075,33919,33364,1137,34501,481
2021-08-16,Modoc,49,8938,429,421,149,570,5
2021-08-16,Mono,51,14174,1360,1339,13,1352,3
2021-08-16,Monterey,53,433212,44909,44595,2372,46967,527
2021-08-16,Napa,55,140530,11218,10946,65,11011,83
2021-08-16,Nevada,57,99092,6845,6535,232,6767,74
2021-08-16,Orange,59,3164182,279360,275985,13129,289114,5161
2021-08-16,Placer,61,380077,28884,27384,2464,29848,306
2021-08-16,Plumas,63,18699,908,851,16,867,5
2021-08-16,Riverside,65,2383286,319083,314774,15781,330555,4582
2021-08-16,Sacramento,67,1510023,129069,124554,2654,127208,1762
2021-08-16,San Benito,69,59416,6532,6452,131,6583,64
2021-08-16,San Bernardino,71,2135413,317988,313617,9839,323456,5301
2021-08-16,San Diego,73,3302833,321113,315348,0,315348,3824
2021-08-16,San Francisco,75,870044,45827,44681,2080,46761,567
2021-08-16,San Joaquin,77,732212,83076,81087,4432,85519,1488
2021-08-16,San Luis Obispo,79,281455,23941,23452,953,24405,265
2021-08-16,San Mateo,81,765935,47944,47024,881,47905,548
2021-08-16,Santa Barbara,83,443738,38097,37358,1447,38805,475
2021-08-16,Santa Clara,85,1922200,130615,127978,993,128971,1773
2021-08-16,Santa Cruz,87,273765,17802,17491,968,18459,209
2021-08-16,Shasta,89,179085,14389,13862,2060,15922,211
2021-08-16,Sierra,91,2930,85,82,15,97,0
2021-08-16,Siskiyou,93,43540,2262,2169,594,2763,33
2021-08-16,Solano,95,438530,39281,37436,903,38339,263
2021-08-16,Sonoma,97,501317,36171,34844,445,35289,333
2021-08-16,Stanislaus,99,539301,63662,62033,7079,69112,1039
2021-08-16,Sutter,101,95872,11137,10902,123,11025,130
2021-08-16,Tehama,103,63373,5688,5565,722,6287,66
2021-08-16,Trinity,105,12862,440,400,99,499,3
2021-08-16,Tulare,107,460477,53004,52162,11168,63330,856
2021-08-16,Tuolumne,109,53932,5178,4984,46,5030,64
2021-08-16,Ventura,111,848112,88278,86954,3924,90878,1052
2021-08-16,Yolo,113,214977,16405,15922,696,16618,225
2021-08-16,Yuba,115,75493,7516,7314,151,7465,51
2021-08-15,Alameda,1,1643700,104679,101660,2448,104108,1287
2021-08-15,Alpine,3,1148,91,91,0,91,0
2021-08-15,Amador,5,37829,4365,4231,39,4270,49
2021-08-15,Butte,7,227075,14573,14263,2420,16683,206
2021-08-15,Calaveras,9,45235,2635,2599,19,2618,57
2021-08-15,Colusa,11,21464,2190,2140,440,2580,16
2021-08-15,Contra Costa,13,1133247,84837,81781,1729,83510,848
2021-08-15,Del Norte,15,27424,2282,2060,11,2071,8
2021-08-15,El Dorado,17,186661,12596,12057,1095,13152,118
2021-08-15,Fresno,19,978130,111361,109382,9810,119192,1753
2021-08-15,Glenn,21,27897,2618,2592,641,3233,20
2021-08-15,Humboldt,23,135768,6324,6024,121,6145,52
2021-08-15,Imperial,25,180216,29851,29711,3010,32721,746
2021-08-15,Inyo,27,18085,1493,1489,5,1494,39
2021-08-15,Kern,29,883053,103673,102524,13945,116469,1367
2021-08-15,Kings,31,150075,25199,24736,1428,26164,254
2021-08-15,Lake,33,64148,5000,4886,37,4923,68
2021-08-15,Lassen,35,31185,5541,5482,143,5625,21
2021-08-15,Los Angeles,37,10098052,1314220,1302882,50997,1353879,24918
2021-08-15,Madera,39,155013,18072,17714,1184,18898,246
2021-08-15,Marin,41,260295,15759,15461,327,15788,239
2021-08-15,Mariposa,43,17540,626,591,14,605,5
2021-08-15,Mendocino,45,87422,5274,5022,163,5185,49
2021-08-15,Merced,47,269075,33659,33305,1128,34433,481
2021-08-15,Modoc,49,8938,427,421,149,570,5
2021-08-15,Mono,51,14174,1352,1334,13,1347,3
2021-08-15,Monterey,53,433212,44797,44567,2340,46907,527
2021-08-15,Napa,55,140530,11166,10919,65,10984,83
2021-08-15,Nevada,57,99092,6760,6486,232,6718,74
2021-08-15,Orange,59,3164182,278598,275447,13093,288540,5161
2021-08-15,Placer,61,380077,28665,27220,2416,29636,306
2021-08-15,Plumas,63,18699,897,850,16,866,5
2021-08-15,Riverside,65,2383286,317961,314133,15753,329886,4582
2021-08-15,Sacramento,67,1510023,128290,123924,2620,126544,1761
2021-08-15,San Benito,69,59416,6515,6446,130,6576,64
2021-08-15,San Bernardino,71,2135413,316917,313120,9808,322928,5301
2021-08-15,San Diego,73,3302833,319637,314247,0,314247,3824
2021-08-15,San Francisco,75,870044,45605,44531,2057,46588,567
2021-08-15,San Joaquin,77,732212,82607,80832,4403,85235,1488
2021-08-15,San Luis Obispo,79,281455,23748,23404,943,24347,265
2021-08-15,San Mateo,81,765935,47786,46897,863,47760,548
2021-08-15,Santa Barbara,83,443738,37939,37276,1439,38715,475
2021-08-15,Santa Clara,85,1922200,130211,127715,987,128702,1773
2021-08-15,Santa Cruz,87,273765,17733,17440,960,18400,209
2021-08-15,Shasta,89,179085,14285,13835,2034,15869,211
2021-08-15,Sierra,91,2930,84,82,14,96,0
2021-08-15,Siskiyou,93,43540,2241,2169,580,2749,33
2021-08-15,Solano,95,438530,39056,37320,893,38213,263
2021-08-15,Sonoma,97,501317,35980,34706,437,35143,333
2021-08-15,Stanislaus,99,539301,63281,61795,7029,68824,1039
2021-08-15,Sutter,101,95872,11047,10863,123,10986,130
2021-08-15,Tehama,103,63373,5640,5550,717,6267,66
2021-08-15,Trinity,105,12862,437,400,97,497,3
2021-08-15,Tulare,107,460477,52746,52046,11108,63154,856
2021-08-15,Tuolumne,109,53932,5140,4934,45,4979,64
2021-08-15,Ventura,111,848112,87971,86797,3910,90707,1052
2021-08-15,Yolo,113,214977,16313,15873,684,16557,225
2021-08-15,Yuba,115,75493,7439,7265,150,7415,51
2021-08-14,Alameda,1,1643700,104472,101305,2444,103749,1287
2021-08-14,Alpine,3,1148,91,91,0,91,0
2021-08-14,Amador,5,37829,4347,4206,39,4245,49
2021-08-14,Butte,7,227075,14537,14192,2404,16596,206
2021-08-14,Calaveras,9,45235,2630,2579,19,2598,57
2021-08-14,Colusa,11,21464,2180,2134,436,2570,16
2021-08-14,Contra Costa,13,1133247,84588,81458,1721,83179,848
2021-08-14,Del Norte,15,27424,2255,2015,11,2026,8
2021-08-14,El Dorado,17,186661,12560,12019,1086,13105,118
2021-08-14,Fresno,19,978130,111207,109056,9792,118848,1753
2021-08-14,Glenn,21,27897,2611,2583,640,3223,20
2021-08-14,Humboldt,23,135768,6271,5998,117,6115,52
2021-08-14,Imperial,25,180216,29824,29671,3010,32681,746
2021-08-14,Inyo,27,18085,1491,1487,5,1492,39
2021-08-14,Kern,29,883053,103484,102306,13848,116154,1367
2021-08-14,Kings,31,150075,25105,24647,1419,26066,254
2021-08-14,Lake,33,64148,4983,4850,36,4886,68
2021-08-14,Lassen,35,31185,5534,5475,142,5617,21
2021-08-14,Los Angeles,37,10098052,1312478,1299346,50853,1350199,24911
2021-08-14,Madera,39,155013,18025,17691,1180,18871,246
2021-08-14,Marin,41,260295,15725,15441,326,15767,239
2021-08-14,Mariposa,43,17540,622,584,14,598,5
2021-08-14,Mendocino,45,87422,5236,4977,160,5137,49
2021-08-14,Merced,47,269075,33612,33234,1123,34357,481
2021-08-14,Modoc,49,8938,427,421,149,570,5
2021-08-14,Mono,51,14174,1350,1332,13,1345,3
2021-08-14,Monterey,53,433212,44758,44514,2332,46846,527
2021-08-14,Napa,55,140530,11136,10878,64,10942,83
2021-08-14,Nevada,57,99092,6724,6419,231,6650,74
2021-08-14,Orange,59,3164182,278168,274732,13072,287804,5161
2021-08-14,Placer,61,380077,28521,27115,2391,29506,306
2021-08-14,Plumas,63,18699,888,849,16,865,5
2021-08-14,Riverside,65,2383286,317253,313264,15735,328999,4582
2021-08-14,Sacramento,67,1510023,127811,123438,2603,126041,1758
2021-08-14,San Benito,69,59416,6502,6428,130,6558,64
2021-08-14,San Bernardino,71,2135413,316374,312142,9787,321929,5301
2021-08-14,San Diego,73,3302833,318967,313589,0,313589,3824
2021-08-14,San Francisco,75,870044,45479,44353,2036,46389,567
2021-08-14,San Joaquin,77,732212,82393,80585,4391,84976,1488
2021-08-14,San Luis Obispo,79,281455,23689,23328,940,24268,265
2021-08-14,San Mateo,81,765935,47679,46792,852,47644,548
2021-08-14,Santa Barbara,83,443738,37846,37118,1435,38553,475
2021-08-14,Santa Clara,85,1922200,129932,127432,984,128416,1772
2021-08-14,Santa Cruz,87,273765,17694,17384,959,18343,209
2021-08-14,Shasta,89,179085,14210,13813,2012,15825,211
2021-08-14,Sierra,91,2930,84,81,14,95,0
2021-08-14,Siskiyou,93,43540,2231,2160,570,2730,33
2021-08-14,Solano,95,438530,38967,37237,881,38118,263
2021-08-14,Sonoma,97,501317,35857,34606,435,35041,333
2021-08-14,Stanislaus,99,539301,63092,61564,6996,68560,1039
2021-08-14,Sutter,101,95872,11002,10808,122,10930,130
2021-08-14,Tehama,103,63373,5625,5530,714,6244,66
2021-08-14,Trinity,105,12862,432,399,97,496,3
2021-08-14,Tulare,107,460477,52612,51951,11060,63011,856
2021-08-14,Tuolumne,109,53932,5105,4924,45,4969,64
2021-08-14,Ventura,111,848112,87816,86569,3890,90459,1052
2021-08-14,Yolo,113,214977,16268,15815,675,16490,225
2021-08-14,Yuba,115,75493,7390,7223,150,7373,51
2021-08-13,Alameda,1,1643700,104174,100930,2434,103364,1284
2021-08-13,Alpine,3,1148,91,91,0,91,0
2021-08-13,Amador,5,37829,4319,4169,39,4208,49
2021-08-13,Butte,7,227075,14465,14100,2387,16487,206
2021-08-13,Calaveras,9,45235,2621,2564,19,2583,57
2021-08-13,Colusa,11,21464,2173,2123,431,2554,16
2021-08-13,Contra Costa,13,1133247,84275,81046,1713,82759,848
2021-08-13,Del Norte,15,27424,2214,1973,11,1984,8
2021-08-13,El Dorado,17,186661,12521,11951,1073,13024,118
2021-08-13,Fresno,19,978130,110925,108638,9775,118413,1753
2021-08-13,Glenn,21,27897,2602,2574,639,3213,20
2021-08-13,Humboldt,23,135768,6226,5882,113,5995,52
2021-08-13,Imperial,25,180216,29796,29654,3009,32663,745
2021-08-13,Inyo,27,18085,1490,1484,5,1489,39
2021-08-13,Kern,29,883053,103276,102029,13739,115768,1364
2021-08-13,Kings,31,150075,25022,24531,1411,25942,253
2021-08-13,Lake,33,64148,4960,4811,35,4846,68
2021-08-13,Lassen,35,31185,5527,5455,141,5596,21
2021-08-13,Los Angeles,37,10098052,1310181,1295406,50718,1346124,24891
2021-08-13,Madera,39,155013,17976,17614,1173,18787,246
2021-08-13,Marin,41,260295,15695,15380,326,15706,239
2021-08-13,Mariposa,43,17540,616,577,14,591,5
2021-08-13,Mendocino,45,87422,5190,4924,158,5082,49
2021-08-13,Merced,47,269075,33569,33111,1120,34231,480
2021-08-13,Modoc,49,8938,426,421,148,569,5
2021-08-13,Mono,51,14174,1347,1331,13,1344,3
2021-08-13,Monterey,53,433212,44705,44450,2324,46774,527
2021-08-13,Napa,55,140530,11100,10830,64,10894,83
2021-08-13,Nevada,57,99092,6685,6356,230,6586,74
2021-08-13,Orange,59,3164182,277674,274004,13025,287029,5159
2021-08-13,Placer,61,380077,28422,26987,2363,29350,306
2021-08-13,Plumas,63,18699,876,842,16,858,5
2021-08-13,Riverside,65,2383286,316515,312408,15711,328119,4581
2021-08-13,Sacramento,67,1510023,127350,122868,2576,125444,1758
2021-08-13,San Benito,69,59416,6496,6422,128,6550,64
2021-08-13,San Bernardino,71,2135413,315714,311378,9771,321149,5301
2021-08-13,San Diego,73,3302833,317924,312293,0,312293,3821
2021-08-13,San Francisco,75,870044,45345,44196,2011,46207,567
2021-08-13,San Joaquin,77,732212,82180,80232,4381,84613,1481
2021-08-13,San Luis Obispo,79,281455,23631,23226,937,24163,265
2021-08-13,San Mateo,81,765935,47565,46660,843,47503,548
2021-08-13,Santa Barbara,83,443738,37762,37023,1431,38454,474
2021-08-13,Santa Clara,85,1922200,129649,126958,979,127937,1769
2021-08-13,Santa Cruz,87,273765,17655,17332,952,18284,209
2021-08-13,Shasta,89,179085,14146,13698,1998,15696,211
2021-08-13,Sierra,91,2930,83,81,14,95,0
2021-08-13,Siskiyou,93,43540,2222,2147,566,2713,33
2021-08-13,Solano,95,438530,38839,37104,871,37975,264
2021-08-13,Sonoma,97,501317,35752,34464,435,34899,333
2021-08-13,Stanislaus,99,539301,62910,61294,6962,68256,1039
2021-08-13,Sutter,101,95872,10958,10751,121,10872,130
2021-08-13,Tehama,103,63373,5603,5496,712,6208,66
2021-08-13,Trinity,105,12862,429,392,97,489,3
2021-08-13,Tulare,107,460477,52509,51770,10985,62755,856
2021-08-13,Tuolumne,109,53932,5072,4899,45,4944,64
2021-08-13,Ventura,111,848112,87652,86368,3876,90244,1052
2021-08-13,Yolo,113,214977,16215,15761,666,16427,225
2021-08-13,Yuba,115,75493,7352,7184,150,7334,51
2021-08-12,Alameda,1,1643700,103658,100472,2423,102895,1284
2021-08-12,Alpine,3,1148,91,91,0,91,0
2021-08-12,Amador,5,37829,4289,4161,39,4200,49
2021-08-12,Butte,7,227075,14387,14006,2368,16374,206
2021-08-12,Calaveras,9,45235,2601,2531,19,2550,57
2021-08-12,Colusa,11,21464,2168,2111,430,2541,17
2021-08-12,Contra Costa,13,1133247,83794,80738,1704,82442,846
2021-08-12,Del Norte,15,27424,2141,1923,11,1934,8
2021-08-12,El Dorado,17,186661,12408,11880,1065,12945,118
2021-08-12,Fresno,19,978130,110474,108193,9730,117923,1753
2021-08-12,Glenn,21,27897,2590,2559,633,3192,20
2021-08-12,Humboldt,23,135768,6156,5845,109,5954,52
2021-08-12,Imperial,25,180216,29738,29585,3003,32588,745
2021-08-12,Inyo,27,18085,1488,1483,5,1488,39
2021-08-12,Kern,29,883053,102994,101698,13657,115355,1364
2021-08-12,Kings,31,150075,24924,24423,1401,25824,252
2021-08-12,Lake,33,64148,4935,4774,34,4808,68
2021-08-12,Lassen,35,31185,5507,5428,140,5568,21
2021-08-12,Los Angeles,37,10098052,1307020,1291875,50579,1342454,24874
2021-08-12,Madera,39,155013,17913,17564,1165,18729,246
2021-08-12,Marin,41,260295,15646,15277,322,15599,239
2021-08-12,Mariposa,43,17540,607,568,13,581,5
2021-08-12,Mendocino,45,87422,5160,4873,152,5025,49
2021-08-12,Merced,47,269075,33460,32960,1117,34077,480
2021-08-12,Modoc,49,8938,425,423,148,571,5
2021-08-12,Mono,51,14174,1343,1325,13,1338,3
2021-08-12,Monterey,53,433212,44641,44383,2298,46681,527
2021-08-12,Napa,55,140530,11052,10780,63,10843,83
2021-08-12,Nevada,57,99092,6623,6283,230,6513,74
2021-08-12,Orange,59,3164182,277021,273167,12973,286140,5158
2021-08-12,Placer,61,380077,28218,26856,2339,29195,306
2021-08-12,Plumas,63,18699,868,829,16,845,5
2021-08-12,Riverside,65,2383286,315523,311304,15678,326982,4575
2021-08-12,Sacramento,67,1510023,126591,122222,2545,124767,1758
2021-08-12,San Benito,69,59416,6480,6398,125,6523,64
2021-08-12,San Bernardino,71,2135413,314848,310420,9742,320162,5297
2021-08-12,San Diego,73,3302833,316555,310596,0,310596,3821
2021-08-12,San Francisco,75,870044,45143,43774,1994,45768,564
2021-08-12,San Joaquin,77,732212,81789,79945,4357,84302,1479
2021-08-12,San Luis Obispo,79,281455,23536,23101,922,24023,264
2021-08-12,San Mateo,81,765935,47423,46435,826,47261,548
2021-08-12,Santa Barbara,83,443738,37635,36881,1420,38301,473
2021-08-12,Santa Clara,85,1922200,129205,126614,974,127588,1769
2021-08-12,Santa Cruz,87,273765,17592,17261,950,18211,209
2021-08-12,Shasta,89,179085,14061,13621,1972,15593,211
2021-08-12,Sierra,91,2930,83,81,14,95,0
2021-08-12,Siskiyou,93,43540,2215,2134,556,2690,33
2021-08-12,Solano,95,438530,38614,36980,863,37843,262
2021-08-12,Sonoma,97,501317,35603,34299,432,34731,333
2021-08-12,Stanislaus,99,539301,62633,61026,6919,67945,1039
2021-08-12,Sutter,101,95872,10897,10695,119,10814,130
2021-08-12,Tehama,103,63373,5579,5462,703,6165,66
2021-08-12,Trinity,105,12862,425,386,96,482,3
2021-08-12,Tulare,107,460477,52364,51632,10935,62567,856
2021-08-12,Tuolumne,109,53932,5025,4845,43,4888,64
2021-08-12,Ventura,111,848112,87416,86106,3852,89958,1052
2021-08-12,Yolo,113,214977,16145,15686,653,16339,224
2021-08-12,Yuba,115,75493,7303,7128,149,7277,51
2021-08-11,Alameda,1,1643700,103119,100040,2417,102457,1281
2021-08-11,Alpine,3,1148,91,91,0,91,0
2021-08-11,Amador,5,37829,4266,4127,38,4165,49
2021-08-11,Butte,7,227075,14276,13905,2342,16247,206
2021-08-11,Calaveras,9,45235,2578,2505,19,2524,57
2021-08-11,Colusa,11,21464,2158,2101,428,2529,16
2021-08-11,Contra Costa,13,1133247,83298,80275,1690,81965,843
2021-08-11,Del Norte,15,27424,2083,1893,11,1904,8
2021-08-11,El Dorado,17,186661,12294,11799,1053,12852,119
2021-08-11,Fresno,19,978130,109983,107773,9697,117470,1751
2021-08-11,Glenn,21,27897,2581,2547,630,3177,20
2021-08-11,Humboldt,23,135768,6109,5765,108,5873,52
2021-08-11,Imperial,25,180216,29695,29565,2999,32564,745
2021-08-11,Inyo,27,18085,1488,1483,5,1488,39
2021-08-11,Kern,29,883053,102686,101448,13545,114993,1363
2021-08-11,Kings,31,150075,24812,24304,1391,25695,250
2021-08-11,Lake,33,64148,4898,4713,33,4746,68
2021-08-11,Lassen,35,31185,5498,5408,138,5546,21
2021-08-11,Los Angeles,37,10098052,1303725,1288238,50387,1338625,24851
2021-08-11,Madera,39,155013,17864,17511,1155,18666,245
2021-08-11,Marin,41,260295,15597,15235,322,15557,239
2021-08-11,Mariposa,43,17540,597,554,12,566,5
2021-08-11,Mendocino,45,87422,5091,4796,144,4940,49
2021-08-11,Merced,47,269075,33320,32802,1112,33914,479
2021-08-11,Modoc,49,8938,425,421,148,569,5
2021-08-11,Mono,51,14174,1339,1320,13,1333,3
2021-08-11,Monterey,53,433212,44551,44314,2271,46585,527
2021-08-11,Napa,55,140530,11010,10732,63,10795,83
2021-08-11,Nevada,57,99092,6569,6172,227,6399,74
2021-08-11,Orange,59,3164182,276208,272212,12942,285154,5155
2021-08-11,Placer,61,380077,28005,26687,2314,29001,305
2021-08-11,Plumas,63,18699,861,824,16,840,5
2021-08-11,Riverside,65,2383286,314539,310265,15647,325912,4570
2021-08-11,Sacramento,67,1510023,125789,121603,2503,124106,1757
2021-08-11,San Benito,69,59416,6467,6381,125,6506,64
2021-08-11,San Bernardino,71,2135413,313959,309498,9720,319218,5296
2021-08-11,San Diego,73,3302833,315082,309406,0,309406,3818
2021-08-11,San Francisco,75,870044,44923,43555,1984,45539,564
2021-08-11,San Joaquin,77,732212,81389,79641,4333,83974,1478
2021-08-11,San Luis Obispo,79,281455,23433,22920,916,23836,264
2021-08-11,San Mateo,81,765935,47268,46300,812,47112,548
2021-08-11,Santa Barbara,83,443738,37490,36699,1410,38109,472
2021-08-11,Santa Clara,85,1922200,128725,126301,965,127266,1769
2021-08-11,Santa Cruz,87,273765,17526,17191,948,18139,209
2021-08-11,Shasta,89,179085,13990,13546,1955,15501,211
2021-08-11,Sierra,91,2930,82,81,14,95,0
2021-08-11,Siskiyou,93,43540,2201,2124,549,2673,33
2021-08-11,Solano,95,438530,38389,36862,850,37712,262
2021-08-11,Sonoma,97,501317,35428,34188,427,34615,333
2021-08-11,Stanislaus,99,539301,62290,60767,6888,67655,1037
2021-08-11,Sutter,101,95872,10826,10628,119,10747,130
2021-08-11,Tehama,103,63373,5551,5410,688,6098,66
2021-08-11,Trinity,105,12862,423,385,96,481,3
2021-08-11,Tulare,107,460477,52200,51464,10886,62350,854
2021-08-11,Tuolumne,109,53932,4993,4794,43,4837,64
2021-08-11,Ventura,111,848112,87162,85863,3830,89693,1051
2021-08-11,Yolo,113,214977,16073,15593,642,16235,218
2021-08-11,Yuba,115,75493,7245,7063,148,7211,53
2021-08-10,Alameda,1,1643700,102638,99771,2409,102180,1281
2021-08-10,Alpine,3,1148,91,91,0,91,0
2021-08-10,Amador,5,37829,4251,4093,38,4131,49
2021-08-10,Butte,7,227075,14189,13853,2320,16173,205
2021-08-10,Calaveras,9,45235,2558,2491,17,2508,57
2021-08-10,Colusa,11,21464,2145,2088,419,2507,16
2021-08-10,Contra Costa,13,1133247,82761,80018,1680,81698,840
2021-08-10,Del Norte,15,27424,2039,1870,11,1881,8
2021-08-10,El Dorado,17,186661,12196,11734,1042,12776,117
2021-08-10,Fresno,19,978130,109517,107616,9665,117281,1747
2021-08-10,Glenn,21,27897,2570,2538,629,3167,20
2021-08-10,Humboldt,23,135768,6054,5718,105,5823,52
2021-08-10,Imperial,25,180216,29659,29522,2993,32515,745
2021-08-10,Inyo,27,18085,1488,1482,5,1487,39
2021-08-10,Kern,29,883053,102363,101254,13442,114696,1359
2021-08-10,Kings,31,150075,24683,24252,1375,25627,251
2021-08-10,Lake,33,64148,4858,4700,32,4732,67
2021-08-10,Lassen,35,31185,5480,5401,138,5539,21
2021-08-10,Los Angeles,37,10098052,1300009,1285140,50215,1335355,24821
2021-08-10,Madera,39,155013,17792,17481,1148,18629,245
2021-08-10,Marin,41,260295,15550,15194,322,15516,239
2021-08-10,Mariposa,43,17540,584,550,12,562,5
2021-08-10,Mendocino,45,87422,5046,4775,140,4915,49
2021-08-10,Merced,47,269075,33185,32721,1107,33828,477
2021-08-10,Modoc,49,8938,424,421,148,569,5
2021-08-10,Mono,51,14174,1334,1320,13,1333,3
2021-08-10,Monterey,53,433212,44501,44259,2245,46504,527
2021-08-10,Napa,55,140530,10954,10703,62,10765,83
2021-08-10,Nevada,57,99092,6503,6151,226,6377,73
2021-08-10,Orange,59,3164182,275367,271688,12904,284592,5155
2021-08-10,Placer,61,380077,27782,26561,2271,28832,305
2021-08-10,Plumas,63,18699,852,816,16,832,5
2021-08-10,Riverside,65,2383286,313436,309529,15630,325159,4564
2021-08-10,Sacramento,67,1510023,124939,121159,2473,123632,1755
2021-08-10,San Benito,69,59416,6453,6371,125,6496,64
2021-08-10,San Bernardino,71,2135413,313046,308672,9702,318374,5295
2021-08-10,San Diego,73,3302833,313429,308288,0,308288,3815
2021-08-10,San Francisco,75,870044,44682,43389,1955,45344,564
2021-08-10,San Joaquin,77,732212,81001,79391,4319,83710,1478
2021-08-10,San Luis Obispo,79,281455,23309,22776,913,23689,264
2021-08-10,San Mateo,81,765935,47102,46184,793,46977,548
2021-08-10,Santa Barbara,83,443738,37333,36574,1403,37977,472
2021-08-10,Santa Clara,85,1922200,128262,126019,956,126975,1770
2021-08-10,Santa Cruz,87,273765,17444,17142,946,18088,209
2021-08-10,Shasta,89,179085,13916,13461,1930,15391,211
2021-08-10,Sierra,91,2930,82,76,14,90,0
2021-08-10,Siskiyou,93,43540,2193,2088,541,2629,33
2021-08-10,Solano,95,438530,38159,36767,841,37608,262
2021-08-10,Sonoma,97,501317,35283,34054,424,34478,333
2021-08-10,Stanislaus,99,539301,61943,60605,6858,67463,1037
2021-08-10,Sutter,101,95872,10762,10569,119,10688,130
2021-08-10,Tehama,103,63373,5524,5392,684,6076,66
2021-08-10,Trinity,105,12862,423,384,96,480,3
2021-08-10,Tulare,107,460477,52038,51390,10834,62224,854
2021-08-10,Tuolumne,109,53932,4965,4780,42,4822,64
2021-08-10,Ventura,111,848112,86876,85714,3809,89523,1051
2021-08-10,Yolo,113,214977,15987,15568,632,16200,218
2021-08-10,Yuba,115,75493,7196,7028,148,7176,50
2021-08-09,Alameda,1,1643700,102091,99496,2405,101901,1276
2021-08-09,Alpine,3,1148,91,91,0,91,0
2021-08-09,Amador,5,37829,4226,4078,38,4116,48
2021-08-09,Butte,7,227075,14093,13813,2288,16101,205
2021-08-09,Calaveras,9,45235,2529,2472,17,2489,57
2021-08-09,Colusa,11,21464,2135,2075,411,2486,16
2021-08-09,Contra Costa,13,1133247,82219,79740,1669,81409,840
2021-08-09,Del Norte,15,27424,1971,1848,11,1859,8
2021-08-09,El Dorado,17,186661,12089,11672,1028,12700,117
2021-08-09,Fresno,19,978130,109028,107310,9641,116951,1747
2021-08-09,Glenn,21,27897,2554,2532,627,3159,20
2021-08-09,Humboldt,23,135768,5965,5632,103,5735,52
2021-08-09,Imperial,25,180216,29615,29512,2989,32501,745
2021-08-09,Inyo,27,18085,1488,1481,5,1486,39
2021-08-09,Kern,29,883053,102054,101069,13354,114423,1359
2021-08-09,Kings,31,150075,24577,24155,1358,25513,250
2021-08-09,Lake,33,64148,4823,4670,30,4700,66
2021-08-09,Lassen,35,31185,5458,5393,137,5530,21
2021-08-09,Los Angeles,37,10098052,1296032,1282891,50016,1332907,24798
2021-08-09,Madera,39,155013,17735,17429,1131,18560,245
2021-08-09,Marin,41,260295,15497,15154,321,15475,239
2021-08-09,Mariposa,43,17540,570,545,12,557,5
2021-08-09,Mendocino,45,87422,4995,4732,132,4864,49
2021-08-09,Merced,47,269075,33027,32666,1103,33769,477
2021-08-09,Modoc,49,8938,424,419,148,567,5
2021-08-09,Mono,51,14174,1331,1337,13,1350,3
2021-08-09,Monterey,53,433212,44437,44190,2220,46410,527
2021-08-09,Napa,55,140530,10908,10679,62,10741,83
2021-08-09,Nevada,57,99092,6432,6088,225,6313,73
2021-08-09,Orange,59,3164182,274371,271036,12877,283913,5153
2021-08-09,Placer,61,380077,27562,26457,2237,28694,305
2021-08-09,Plumas,63,18699,836,803,16,819,5
2021-08-09,Riverside,65,2383286,312374,308678,15610,324288,4562
2021-08-09,Sacramento,67,1510023,124117,120812,2450,123262,1748
2021-08-09,San Benito,69,59416,6433,6359,123,6482,63
2021-08-09,San Bernardino,71,2135413,312069,308038,9682,317720,5295
2021-08-09,San Diego,73,3302833,311763,306855,0,306855,3811
2021-08-09,San Francisco,75,870044,44443,43261,1935,45196,564
2021-08-09,San Joaquin,77,732212,80618,79198,4303,83501,1469
2021-08-09,San Luis Obispo,79,281455,23172,22695,904,23599,264
2021-08-09,San Mateo,81,765935,46942,46040,777,46817,548
2021-08-09,Santa Barbara,83,443738,37145,36474,1396,37870,470
2021-08-09,Santa Clara,85,1922200,127758,125791,948,126739,2187
2021-08-09,Santa Cruz,87,273765,17383,17082,945,18027,209
2021-08-09,Shasta,89,179085,13804,13397,1919,15316,210
2021-08-09,Sierra,91,2930,81,75,14,89,0
2021-08-09,Siskiyou,93,43540,2182,2047,523,2570,32
2021-08-09,Solano,95,438530,37897,36653,839,37492,262
2021-08-09,Sonoma,97,501317,35104,33933,422,34355,333
2021-08-09,Stanislaus,99,539301,61664,60410,6815,67225,1037
2021-08-09,Sutter,101,95872,10714,10525,116,10641,129
2021-08-09,Tehama,103,63373,5484,5373,682,6055,66
2021-08-09,Trinity,105,12862,422,378,95,473,3
2021-08-09,Tulare,107,460477,51881,51274,10766,62040,854
2021-08-09,Tuolumne,109,53932,4923,4745,42,4787,64
2021-08-09,Ventura,111,848112,86603,85514,3798,89312,1047
2021-08-09,Yolo,113,214977,15909,15521,613,16134,218
2021-08-09,Yuba,115,75493,7140,6994,148,7142,50
2021-08-08,Alameda,1,1643700,101539,99135,2398,101533,1276
2021-08-08,Alpine,3,1148,91,91,0,91,0
2021-08-08,Amador,5,37829,4193,4057,37,4094,48
2021-08-08,Butte,7,227075,14003,13791,2269,16060,205
2021-08-08,Calaveras,9,45235,2497,2462,17,2479,57
2021-08-08,Colusa,11,21464,2118,2070,404,2474,16
2021-08-08,Contra Costa,13,1133247,81696,79454,1662,81116,840
2021-08-08,Del Norte,15,27424,1925,1810,11,1821,8
2021-08-08,El Dorado,17,186661,11974,11631,1017,12648,117
2021-08-08,Fresno,19,978130,108593,107078,9620,116698,1747
2021-08-08,Glenn,21,27897,2545,2527,624,3151,20
2021-08-08,Humboldt,23,135768,5875,5571,103,5674,52
2021-08-08,Imperial,25,180216,29592,29485,2978,32463,745
2021-08-08,Inyo,27,18085,1488,1481,5,1486,39
2021-08-08,Kern,29,883053,101737,100909,13239,114148,1359
2021-08-08,Kings,31,150075,24464,24095,1349,25444,250
2021-08-08,Lake,33,64148,4774,4636,29,4665,66
2021-08-08,Lassen,35,31185,5443,5391,136,5527,21
2021-08-08,Los Angeles,37,10098052,1291812,1279982,49827,1329809,24793
2021-08-08,Madera,39,155013,17660,17398,1116,18514,245
2021-08-08,Marin,41,260295,15448,15124,319,15443,239
2021-08-08,Mariposa,43,17540,566,538,12,550,5
2021-08-08,Mendocino,45,87422,4933,4702,118,4820,49
2021-08-08,Merced,47,269075,32876,32634,1097,33731,477
2021-08-08,Modoc,49,8938,423,419,147,566,5
2021-08-08,Mono,51,14174,1327,1336,13,1349,3
2021-08-08,Monterey,53,433212,44376,44171,2199,46370,527
2021-08-08,Napa,55,140530,10873,10668,62,10730,83
2021-08-08,Nevada,57,99092,6346,6009,223,6232,73
2021-08-08,Orange,59,3164182,273493,270532,12841,283373,5153
2021-08-08,Placer,61,380077,27356,26332,2194,28526,305
2021-08-08,Plumas,63,18699,828,803,16,819,5
2021-08-08,Riverside,65,2383286,311294,308042,15590,323632,4562
2021-08-08,Sacramento,67,1510023,123300,120109,2437,122546,1744
2021-08-08,San Benito,69,59416,6416,6350,122,6472,63
2021-08-08,San Bernardino,71,2135413,310929,307378,9654,317032,5295
2021-08-08,San Diego,73,3302833,310416,305983,0,305983,3811
2021-08-08,San Francisco,75,870044,44189,43098,1909,45007,564
2021-08-08,San Joaquin,77,732212,80171,79002,4288,83290,1469
2021-08-08,San Luis Obispo,79,281455,22997,22668,896,23564,263
2021-08-08,San Mateo,81,765935,46777,45927,762,46689,548
2021-08-08,Santa Barbara,83,443738,36969,36417,1389,37806,470
2021-08-08,Santa Clara,85,1922200,127310,125553,944,126497,2187
2021-08-08,Santa Cruz,87,273765,17311,17035,938,17973,209
2021-08-08,Shasta,89,179085,13719,13381,1909,15290,210
2021-08-08,Sierra,91,2930,81,74,14,88,0
2021-08-08,Siskiyou,93,43540,2166,2041,518,2559,32
2021-08-08,Solano,95,438530,37671,36551,836,37387,262
2021-08-08,Sonoma,97,501317,34858,33805,421,34226,333
2021-08-08,Stanislaus,99,539301,61323,60269,6784,67053,1037
2021-08-08,Sutter,101,95872,10654,10481,115,10596,129
2021-08-08,Tehama,103,63373,5446,5359,679,6038,66
2021-08-08,Trinity,105,12862,417,378,95,473,3
2021-08-08,Tulare,107,460477,51700,51220,10706,61926,854
2021-08-08,Tuolumne,109,53932,4884,4731,42,4773,64
2021-08-08,Ventura,111,848112,86310,85382,3788,89170,1047
2021-08-08,Yolo,113,214977,15817,15477,607,16084,218
2021-08-08,Yuba,115,75493,7101,6967,148,7115,50
2021-08-07,Alameda,1,1643700,101294,98812,2393,101205,1276
2021-08-07,Alpine,3,1148,91,91,0,91,0
2021-08-07,Amador,5,37829,4176,4041,37,4078,48
2021-08-07,Butte,7,227075,13955,13714,2257,15971,205
2021-08-07,Calaveras,9,45235,2487,2446,17,2463,57
2021-08-07,Colusa,11,21464,2113,2067,395,2462,16
2021-08-07,Contra Costa,13,1133247,81401,79168,1658,80826,840
2021-08-07,Del Norte,15,27424,1893,1791,11,1802,8
2021-08-07,El Dorado,17,186661,11924,11575,1008,12583,117
2021-08-07,Fresno,19,978130,108394,106861,9607,116468,1747
2021-08-07,Glenn,21,27897,2541,2515,624,3139,20
2021-08-07,Humboldt,23,135768,5824,5510,100,5610,52
2021-08-07,Imperial,25,180216,29574,29470,2978,32448,745
2021-08-07,Inyo,27,18085,1486,1476,5,1481,39
2021-08-07,Kern,29,883053,101582,100693,13183,113876,1359
2021-08-07,Kings,31,150075,24403,24048,1343,25391,250
2021-08-07,Lake,33,64148,4753,4613,29,4642,66
2021-08-07,Lassen,35,31185,5439,5386,136,5522,21
2021-08-07,Los Angeles,37,10098052,1289834,1276853,49669,1326522,24786
2021-08-07,Madera,39,155013,17629,17366,1110,18476,245
2021-08-07,Marin,41,260295,15415,15085,317,15402,239
2021-08-07,Mariposa,43,17540,563,530,12,542,5
2021-08-07,Mendocino,45,87422,4896,4690,116,4806,49
2021-08-07,Merced,47,269075,32824,32569,1095,33664,477
2021-08-07,Modoc,49,8938,423,419,147,566,5
2021-08-07,Mono,51,14174,1325,1329,13,1342,3
2021-08-07,Monterey,53,433212,44328,44124,2190,46314,527
2021-08-07,Napa,55,140530,10852,10658,61,10719,83
2021-08-07,Nevada,57,99092,6297,5967,220,6187,73
2021-08-07,Orange,59,3164182,272925,269900,12821,282721,5153
2021-08-07,Placer,61,380077,27176,26244,2185,28429,305
2021-08-07,Plumas,63,18699,824,801,16,817,5
2021-08-07,Riverside,65,2383286,310629,307326,15582,322908,4562
2021-08-07,Sacramento,67,1510023,122810,119636,2431,122067,1744
2021-08-07,San Benito,69,59416,6406,6332,122,6454,63
2021-08-07,San Bernardino,71,2135413,310343,306663,9637,316300,5295
2021-08-07,San Diego,73,3302833,309670,304974,0,304974,3811
2021-08-07,San Francisco,75,870044,44028,42926,1882,44808,564
2021-08-07,San Joaquin,77,732212,80009,78769,4274,83043,1469
2021-08-07,San Luis Obispo,79,281455,22931,22579,895,23474,263
2021-08-07,San Mateo,81,765935,46662,45804,751,46555,548
2021-08-07,Santa Barbara,83,443738,36872,36303,1383,37686,470
2021-08-07,Santa Clara,85,1922200,127040,125196,938,126134,2188
2021-08-07,Santa Cruz,87,273765,17269,16994,936,17930,209
2021-08-07,Shasta,89,179085,13664,13361,1901,15262,210
2021-08-07,Sierra,91,2930,81,74,14,88,0
2021-08-07,Siskiyou,93,43540,2154,2039,516,2555,32
2021-08-07,Solano,95,438530,37555,36458,828,37286,262
2021-08-07,Sonoma,97,501317,34735,33716,421,34137,333
2021-08-07,Stanislaus,99,539301,61137,60093,6760,66853,1037
2021-08-07,Sutter,101,95872,10617,10447,115,10562,129
2021-08-07,Tehama,103,63373,5436,5343,674,6017,66
2021-08-07,Trinity,105,12862,413,377,94,471,3
2021-08-07,Tulare,107,460477,51617,51133,10666,61799,854
2021-08-07,Tuolumne,109,53932,4854,4721,42,4763,64
2021-08-07,Ventura,111,848112,86133,85232,3772,89004,1047
2021-08-07,Yolo,113,214977,15776,15423,599,16022,218
2021-08-07,Yuba,115,75493,7077,6937,146,7083,50
2021-08-06,Alameda,1,1643700,100963,98487,2386,100873,1275
2021-08-06,Alpine,3,1148,91,91,0,91,0
2021-08-06,Amador,5,37829,4155,4002,37,4039,48
2021-08-06,Butte,7,227075,13910,13626,2246,15872,205
2021-08-06,Calaveras,9,45235,2477,2419,17,2436,57
2021-08-06,Colusa,11,21464,2107,2045,389,2434,16
2021-08-06,Contra Costa,13,1133247,81109,78796,1652,80448,840
2021-08-06,Del Norte,15,27424,1868,1755,11,1766,8
2021-08-06,El Dorado,17,186661,11875,11498,996,12494,117
2021-08-06,Fresno,19,978130,108132,106542,9593,116135,1747
2021-08-06,Glenn,21,27897,2531,2504,624,3128,20
2021-08-06,Humboldt,23,135768,5773,5421,97,5518,52
2021-08-06,Imperial,25,180216,29563,29404,2974,32378,745
2021-08-06,Inyo,27,18085,1483,1471,5,1476,39
2021-08-06,Kern,29,883053,101405,100427,13098,113525,1359
2021-08-06,Kings,31,150075,24346,23974,1339,25313,250
2021-08-06,Lake,33,64148,4732,4557,29,4586,66
2021-08-06,Lassen,35,31185,5419,5368,134,5502,21
2021-08-06,Los Angeles,37,10098052,1287364,1273081,49518,1322599,24772
2021-08-06,Madera,39,155013,17592,17324,1103,18427,245
2021-08-06,Marin,41,260295,15383,15051,317,15368,239
2021-08-06,Mariposa,43,17540,554,511,12,523,5
2021-08-06,Mendocino,45,87422,4854,4649,115,4764,49
2021-08-06,Merced,47,269075,32775,32456,1092,33548,477
2021-08-06,Modoc,49,8938,423,419,147,566,5
2021-08-06,Mono,51,14174,1323,1328,13,1341,3
2021-08-06,Monterey,53,433212,44270,44058,2167,46225,527
2021-08-06,Napa,55,140530,10825,10620,61,10681,83
2021-08-06,Nevada,57,99092,6241,5874,220,6094,73
2021-08-06,Orange,59,3164182,272374,269077,12803,281880,5151
2021-08-06,Placer,61,380077,27046,26086,2162,28248,305
2021-08-06,Plumas,63,18699,815,795,16,811,5
2021-08-06,Riverside,65,2383286,309923,306304,15572,321876,4562
2021-08-06,Sacramento,67,1510023,122339,119169,2411,121580,1740
2021-08-06,San Benito,69,59416,6390,6315,122,6437,63
2021-08-06,San Bernardino,71,2135413,309644,305806,9631,315437,5286
2021-08-06,San Diego,73,3302833,308655,303691,0,303691,3810
2021-08-06,San Francisco,75,870044,43878,42659,1859,44518,565
2021-08-06,San Joaquin,77,732212,79863,78405,4263,82668,1469
2021-08-06,San Luis Obispo,79,281455,22863,22472,890,23362,263
2021-08-06,San Mateo,81,765935,46533,45665,736,46401,548
2021-08-06,Santa Barbara,83,443738,36783,36208,1378,37586,470
2021-08-06,Santa Clara,85,1922200,126754,124767,934,125701,2185
2021-08-06,Santa Cruz,87,273765,17227,16924,932,17856,207
2021-08-06,Shasta,89,179085,13599,13284,1895,15179,210
2021-08-06,Sierra,91,2930,81,73,14,87,0
2021-08-06,Siskiyou,93,43540,2144,2030,512,2542,32
2021-08-06,Solano,95,438530,37446,36351,819,37170,262
2021-08-06,Sonoma,97,501317,34648,33594,420,34014,333
2021-08-06,Stanislaus,99,539301,60985,59854,6742,66596,1037
2021-08-06,Sutter,101,95872,10575,10391,115,10506,128
2021-08-06,Tehama,103,63373,5415,5325,673,5998,66
2021-08-06,Trinity,105,12862,412,371,93,464,3
2021-08-06,Tulare,107,460477,51518,51018,10618,61636,854
2021-08-06,Tuolumne,109,53932,4827,4674,42,4716,64
2021-08-06,Ventura,111,848112,85962,85046,3760,88806,1047
2021-08-06,Yolo,113,214977,15723,15299,594,15893,218
2021-08-06,Yuba,115,75493,7054,6904,146,7050,50
2021-08-05,Alameda,1,1643700,100459,98052,2382,100434,1275
2021-08-05,Alpine,3,1148,91,91,0,91,0
2021-08-05,Amador,5,37829,4135,3992,37,4029,48
2021-08-05,Butte,7,227075,13858,13564,2225,15789,206
2021-08-05,Calaveras,9,45235,2459,2397,17,2414,57
2021-08-05,Colusa,11,21464,2095,2036,385,2421,16
2021-08-05,Contra Costa,13,1133247,80682,78514,1644,80158,840
2021-08-05,Del Norte,15,27424,1841,1731,11,1742,8
2021-08-05,El Dorado,17,186661,11790,11408,985,12393,117
2021-08-05,Fresno,19,978130,107762,106219,9566,115785,1747
2021-08-05,Glenn,21,27897,2527,2494,621,3115,20
2021-08-05,Humboldt,23,135768,5699,5328,96,5424,52
2021-08-05,Imperial,25,180216,29532,29383,2970,32353,745
2021-08-05,Inyo,27,18085,1479,1468,5,1473,38
2021-08-05,Kern,29,883053,101185,100091,13014,113105,1358
2021-08-05,Kings,31,150075,24259,23906,1334,25240,249
2021-08-05,Lake,33,64148,4693,4490,27,4517,66
2021-08-05,Lassen,35,31185,5411,5344,134,5478,21
2021-08-05,Los Angeles,37,10098052,1284169,1269445,49388,1318833,24756
2021-08-05,Madera,39,155013,17552,17301,1096,18397,245
2021-08-05,Marin,41,260295,15340,15005,313,15318,239
2021-08-05,Mariposa,43,17540,543,504,11,515,5
2021-08-05,Mendocino,45,87422,4812,4597,105,4702,49
2021-08-05,Merced,47,269075,32714,32381,1088,33469,477
2021-08-05,Modoc,49,8938,422,418,147,565,5
2021-08-05,Mono,51,14174,1313,1309,13,1322,3
2021-08-05,Monterey,53,433212,44218,43992,2147,46139,527
2021-08-05,Napa,55,140530,10789,10591,59,10650,83
2021-08-05,Nevada,57,99092,6159,5778,217,5995,73
2021-08-05,Orange,59,3164182,271633,268329,12783,281112,5149
2021-08-05,Placer,61,380077,26854,25965,2133,28098,305
2021-08-05,Plumas,63,18699,809,787,15,802,5
2021-08-05,Riverside,65,2383286,309017,305415,15550,320965,4562
2021-08-05,Sacramento,67,1510023,121629,118590,2401,120991,1739
2021-08-05,San Benito,69,59416,6372,6305,122,6427,63
2021-08-05,San Bernardino,71,2135413,308816,304956,9610,314566,5284
2021-08-05,San Diego,73,3302833,307393,302220,0,302220,3806
2021-08-05,San Francisco,75,870044,43670,42301,1846,44147,564
2021-08-05,San Joaquin,77,732212,79505,78151,4255,82406,1468
2021-08-05,San Luis Obispo,79,281455,22752,22362,885,23247,263
2021-08-05,San Mateo,81,765935,46373,45554,723,46277,548
2021-08-05,Santa Barbara,83,443738,36678,36112,1375,37487,470
2021-08-05,Santa Clara,85,1922200,126427,124490,934,125424,2185
2021-08-05,Santa Cruz,87,273765,17184,16867,929,17796,207
2021-08-05,Shasta,89,179085,13542,13217,1886,15103,210
2021-08-05,Sierra,91,2930,76,73,14,87,0
2021-08-05,Siskiyou,93,43540,2124,2024,501,2525,32
2021-08-05,Solano,95,438530,37272,36250,812,37062,262
2021-08-05,Sonoma,97,501317,34512,33455,419,33874,330
2021-08-05,Stanislaus,99,539301,60739,59692,6715,66407,1037
2021-08-05,Sutter,101,95872,10520,10349,115,10464,127
2021-08-05,Tehama,103,63373,5397,5305,669,5974,66
2021-08-05,Trinity,105,12862,406,367,93,460,3
2021-08-05,Tulare,107,460477,51404,50889,10560,61449,854
2021-08-05,Tuolumne,109,53932,4797,4619,42,4661,64
2021-08-05,Ventura,111,848112,85708,84837,3747,88584,1047
2021-08-05,Yolo,113,214977,15663,15250,589,15839,218
2021-08-05,Yuba,115,75493,7011,6872,144,7016,50
2021-08-04,Alameda,1,1643700,99985,97477,2370,99847,1274
2021-08-04,Alpine,3,1148,91,91,0,91,0
2021-08-04,Amador,5,37829,4105,3962,37,3999,48
2021-08-04,Butte,7,227075,13794,13509,2207,15716,205
2021-08-04,Calaveras,9,45235,2436,2374,17,2391,57
2021-08-04,Colusa,11,21464,2084,2025,379,2404,16
2021-08-04,Contra Costa,13,1133247,80177,77966,1638,79604,840
2021-08-04,Del Norte,15,27424,1817,1701,11,1712,8
2021-08-04,El Dorado,17,186661,11712,11319,974,12293,117
2021-08-04,Fresno,19,978130,107398,105899,9545,115444,1747
2021-08-04,Glenn,21,27897,2516,2487,621,3108,20
2021-08-04,Humboldt,23,135768,5623,5271,95,5366,52
2021-08-04,Imperial,25,180216,29484,29375,2968,32343,745
2021-08-04,Inyo,27,18085,1478,1465,5,1470,38
2021-08-04,Kern,29,883053,100935,99868,12929,112797,1358
2021-08-04,Kings,31,150075,24190,23840,1327,25167,250
2021-08-04,Lake,33,64148,4662,4423,21,4444,65
2021-08-04,Lassen,35,31185,5402,5340,134,5474,21
2021-08-04,Los Angeles,37,10098052,1280710,1265788,49224,1315012,24737
2021-08-04,Madera,39,155013,17517,17251,1089,18340,245
2021-08-04,Marin,41,260295,15293,14950,312,15262,239
2021-08-04,Mariposa,43,17540,528,497,11,508,5
2021-08-04,Mendocino,45,87422,4788,4560,101,4661,49
2021-08-04,Merced,47,269075,32581,32274,1085,33359,476
2021-08-04,Modoc,49,8938,422,416,147,563,5
2021-08-04,Mono,51,14174,1310,1307,13,1320,3
2021-08-04,Monterey,53,433212,44159,43926,2130,46056,526
2021-08-04,Napa,55,140530,10753,10544,59,10603,82
2021-08-04,Nevada,57,99092,6093,5702,216,5918,73
2021-08-04,Orange,59,3164182,270793,267199,12761,279960,5146
2021-08-04,Placer,61,380077,26644,25688,2113,27801,305
2021-08-04,Plumas,63,18699,802,784,15,799,5
2021-08-04,Riverside,65,2383286,308097,304272,15532,319804,4562
2021-08-04,Sacramento,67,1510023,120892,117882,2375,120257,1736
2021-08-04,San Benito,69,59416,6357,6300,122,6422,63
2021-08-04,San Bernardino,71,2135413,307970,304164,9592,313756,5285
2021-08-04,San Diego,73,3302833,305889,301100,0,301100,3805
2021-08-04,San Francisco,75,870044,43422,41913,1830,43743,562
2021-08-04,San Joaquin,77,732212,79153,77846,4244,82090,1466
2021-08-04,San Luis Obispo,79,281455,22645,22245,879,23124,262
2021-08-04,San Mateo,81,765935,46204,45392,715,46107,548
2021-08-04,Santa Barbara,83,443738,36551,36013,1366,37379,470
2021-08-04,Santa Clara,85,1922200,126043,124127,927,125054,2183
2021-08-04,Santa Cruz,87,273765,17122,16820,922,17742,208
2021-08-04,Shasta,89,179085,13491,13134,1875,15009,211
2021-08-04,Sierra,91,2930,76,73,14,87,0
2021-08-04,Siskiyou,93,43540,2104,2010,496,2506,32
2021-08-04,Solano,95,438530,37100,36025,803,36828,262
2021-08-04,Sonoma,97,501317,34343,33311,417,33728,330
2021-08-04,Stanislaus,99,539301,60500,59396,6686,66082,1037
2021-08-04,Sutter,101,95872,10483,10294,115,10409,127
2021-08-04,Tehama,103,63373,5372,5281,665,5946,66
2021-08-04,Trinity,105,12862,404,362,90,452,3
2021-08-04,Tulare,107,460477,51296,50797,10514,61311,855
2021-08-04,Tuolumne,109,53932,4772,4584,42,4626,64
2021-08-04,Ventura,111,848112,85448,84406,3724,88130,1047
2021-08-04,Yolo,113,214977,15589,15189,578,15767,215
2021-08-04,Yuba,115,75493,6971,6827,143,6970,50
2021-08-03,Alameda,1,1643700,99529,97275,2365,99640,1270
2021-08-03,Alpine,3,1148,91,91,0,91,0
2021-08-03,Amador,5,37829,4070,3953,37,3990,48
2021-08-03,Butte,7,227075,13732,13468,2191,15659,205
2021-08-03,Calaveras,9,45235,2412,2356,17,2373,57
2021-08-03,Colusa,11,21464,2071,2023,373,2396,16
2021-08-03,Contra Costa,13,1133247,79695,77739,1632,79371,836
2021-08-03,Del Norte,15,27424,1786,1691,10,1701,8
2021-08-03,El Dorado,17,186661,11622,11255,965,12220,117
2021-08-03,Fresno,19,978130,107035,105732,9526,115258,1746
2021-08-03,Glenn,21,27897,2509,2481,618,3099,20
2021-08-03,Humboldt,23,135768,5556,5199,90,5289,52
2021-08-03,Imperial,25,180216,29461,29333,2961,32294,745
2021-08-03,Inyo,27,18085,1475,1459,5,1464,38
2021-08-03,Kern,29,883053,100675,99708,12850,112558,1358
2021-08-03,Kings,31,150075,24102,23780,1320,25100,249
2021-08-03,Lake,33,64148,4605,4408,17,4425,66
2021-08-03,Lassen,35,31185,5392,5341,134,5475,21
2021-08-03,Los Angeles,37,10098052,1276999,1262678,49047,1311725,24721
2021-08-03,Madera,39,155013,17479,17220,1075,18295,245
2021-08-03,Marin,41,260295,15244,14906,309,15215,243
2021-08-03,Mariposa,43,17540,517,495,11,506,5
2021-08-03,Mendocino,45,87422,4738,4546,99,4645,49
2021-08-03,Merced,47,269075,32506,32197,1083,33280,476
2021-08-03,Modoc,49,8938,422,416,147,563,5
2021-08-03,Mono,51,14174,1304,1303,13,1316,3
2021-08-03,Monterey,53,433212,44097,43872,2114,45986,525
2021-08-03,Napa,55,140530,10710,10527,58,10585,82
2021-08-03,Nevada,57,99092,6013,5685,215,5900,73
2021-08-03,Orange,59,3164182,270070,266649,12734,279383,5146
2021-08-03,Placer,61,380077,26447,25624,2089,27713,305
2021-08-03,Plumas,63,18699,796,779,15,794,5
2021-08-03,Riverside,65,2383286,307173,303499,15506,319005,4562
2021-08-03,Sacramento,67,1510023,120177,117591,2354,119945,1732
2021-08-03,San Benito,69,59416,6342,6284,121,6405,63
2021-08-03,San Bernardino,71,2135413,307060,303386,9572,312958,5265
2021-08-03,San Diego,73,3302833,304458,300189,0,300189,3803
2021-08-03,San Francisco,75,870044,43143,41758,1805,43563,562
2021-08-03,San Joaquin,77,732212,78807,77615,4225,81840,1461
2021-08-03,San Luis Obispo,79,281455,22510,22166,873,23039,264
2021-08-03,San Mateo,81,765935,46024,45255,695,45950,548
2021-08-03,Santa Barbara,83,443738,36432,35912,1360,37272,469
2021-08-03,Santa Clara,85,1922200,125624,123914,921,124835,2183
2021-08-03,Santa Cruz,87,273765,17056,16778,919,17697,207
2021-08-03,Shasta,89,179085,13417,13091,1865,14956,211
2021-08-03,Sierra,91,2930,76,72,14,86,0
2021-08-03,Siskiyou,93,43540,2093,1998,491,2489,32
2021-08-03,Solano,95,438530,36891,35953,790,36743,261
2021-08-03,Sonoma,97,501317,34159,33243,416,33659,330
2021-08-03,Stanislaus,99,539301,60269,59282,6667,65949,1037
2021-08-03,Sutter,101,95872,10443,10263,115,10378,127
2021-08-03,Tehama,103,63373,5347,5269,660,5929,66
2021-08-03,Trinity,105,12862,400,361,87,448,3
2021-08-03,Tulare,107,460477,51200,50729,10466,61195,854
2021-08-03,Tuolumne,109,53932,4737,4563,42,4605,64
2021-08-03,Ventura,111,848112,85214,84270,3701,87971,1046
2021-08-03,Yolo,113,214977,15502,15149,565,15714,215
2021-08-03,Yuba,115,75493,6935,6781,143,6924,50
2021-08-02,Alameda,1,1643700,98985,96954,2361,99315,1270
2021-08-02,Alpine,3,1148,91,91,0,91,0
2021-08-02,Amador,5,37829,4050,3927,37,3964,48
2021-08-02,Butte,7,227075,13657,13442,2172,15614,205
2021-08-02,Calaveras,9,45235,2382,2347,17,2364,57
2021-08-02,Colusa,11,21464,2059,2019,370,2389,16
2021-08-02,Contra Costa,13,1133247,79188,77516,1617,79133,836
2021-08-02,Del Norte,15,27424,1758,1653,10,1663,8
2021-08-02,El Dorado,17,186661,11517,11226,951,12177,116
2021-08-02,Fresno,19,978130,106693,105471,9496,114967,1744
2021-08-02,Glenn,21,27897,2497,2477,615,3092,20
2021-08-02,Humboldt,23,135768,5472,5161,88,5249,52
2021-08-02,Imperial,25,180216,29427,29302,2958,32260,743
2021-08-02,Inyo,27,18085,1469,1455,5,1460,38
2021-08-02,Kern,29,883053,100419,99556,12755,112311,1357
2021-08-02,Kings,31,150075,24033,23722,1313,25035,249
2021-08-02,Lake,33,64148,4563,4375,17,4392,66
2021-08-02,Lassen,35,31185,5370,5338,132,5470,21
2021-08-02,Los Angeles,37,10098052,1273306,1260807,48836,1309643,24705
2021-08-02,Madera,39,155013,17438,17158,1062,18220,245
2021-08-02,Marin,41,260295,15201,14859,307,15166,239
2021-08-02,Mariposa,43,17540,508,490,11,501,5
2021-08-02,Mendocino,45,87422,4698,4512,96,4608,49
2021-08-02,Merced,47,269075,32409,32163,1079,33242,474
2021-08-02,Modoc,49,8938,422,415,147,562,5
2021-08-02,Mono,51,14174,1300,1296,13,1309,3
2021-08-02,Monterey,53,433212,44039,43842,2104,45946,525
2021-08-02,Napa,55,140530,10667,10490,55,10545,82
2021-08-02,Nevada,57,99092,5942,5611,214,5825,73
2021-08-02,Orange,59,3164182,269180,266050,12696,278746,5146
2021-08-02,Placer,61,380077,26300,25516,2053,27569,306
2021-08-02,Plumas,63,18699,789,762,15,777,5
2021-08-02,Riverside,65,2383286,306233,302756,15490,318246,4562
2021-08-02,Sacramento,67,1510023,119471,117183,2337,119520,1728
2021-08-02,San Benito,69,59416,6323,6276,120,6396,63
2021-08-02,San Bernardino,71,2135413,306187,303000,9541,312541,5253
2021-08-02,San Diego,73,3302833,302981,299021,0,299021,3798
2021-08-02,San Francisco,75,870044,42854,41553,1776,43329,562
2021-08-02,San Joaquin,77,732212,78469,77447,4194,81641,1461
2021-08-02,San Luis Obispo,79,281455,22418,22093,868,22961,261
2021-08-02,San Mateo,81,765935,45855,45154,672,45826,548
2021-08-02,Santa Barbara,83,443738,36294,35851,1354,37205,469
2021-08-02,Santa Clara,85,1922200,125153,123655,913,124568,2183
2021-08-02,Santa Cruz,87,273765,16999,16746,915,17661,207
2021-08-02,Shasta,89,179085,13353,13049,1851,14900,212
2021-08-02,Sierra,91,2930,76,71,14,85,0
2021-08-02,Siskiyou,93,43540,2082,1992,477,2469,31
2021-08-02,Solano,95,438530,36648,35852,781,36633,260
2021-08-02,Sonoma,97,501317,33931,33132,411,33543,330
2021-08-02,Stanislaus,99,539301,60036,59160,6652,65812,1037
2021-08-02,Sutter,101,95872,10397,10220,115,10335,127
2021-08-02,Tehama,103,63373,5323,5260,656,5916,66
2021-08-02,Trinity,105,12862,395,359,86,445,3
2021-08-02,Tulare,107,460477,51098,50640,10392,61032,854
2021-08-02,Tuolumne,109,53932,4671,4524,42,4566,64
2021-08-02,Ventura,111,848112,85031,84143,3678,87821,1044
2021-08-02,Yolo,113,214977,15404,15072,546,15618,215
2021-08-02,Yuba,115,75493,6893,6743,143,6886,50
2021-08-01,Alameda,1,1643700,98457,96775,2356,99131,1270
2021-08-01,Alpine,3,1148,91,91,0,91,0
2021-08-01,Amador,5,37829,4013,3923,36,3959,48
2021-08-01,Butte,7,227075,13578,13406,2155,15561,205
2021-08-01,Calaveras,9,45235,2357,2341,17,2358,57
2021-08-01,Colusa,11,21464,2049,2014,368,2382,16
2021-08-01,Contra Costa,13,1133247,78752,77360,1609,78969,836
2021-08-01,Del Norte,15,27424,1728,1642,10,1652,8
2021-08-01,El Dorado,17,186661,11416,11189,941,12130,116
2021-08-01,Fresno,19,978130,106369,105339,9472,114811,1744
2021-08-01,Glenn,21,27897,2494,2476,613,3089,20
2021-08-01,Humboldt,23,135768,5396,5118,84,5202,52
2021-08-01,Imperial,25,180216,29392,29297,2954,32251,743
2021-08-01,Inyo,27,18085,1467,1454,5,1459,38
2021-08-01,Kern,29,883053,100144,99396,12679,112075,1357
2021-08-01,Kings,31,150075,23945,23700,1307,25007,249
2021-08-01,Lake,33,64148,4484,4356,17,4373,66
2021-08-01,Lassen,35,31185,5358,5336,130,5466,21
2021-08-01,Los Angeles,37,10098052,1269643,1258461,48606,1307067,24700
2021-08-01,Madera,39,155013,17382,17146,1057,18203,245
2021-08-01,Marin,41,260295,15129,14844,306,15150,239
2021-08-01,Mariposa,43,17540,501,482,11,493,5
2021-08-01,Mendocino,45,87422,4652,4476,92,4568,49
2021-08-01,Merced,47,269075,32323,32144,1075,33219,474
2021-08-01,Modoc,49,8938,421,413,147,560,5
2021-08-01,Mono,51,14174,1297,1294,13,1307,3
2021-08-01,Monterey,53,433212,43993,43808,2091,45899,525
2021-08-01,Napa,55,140530,10621,10473,53,10526,82
2021-08-01,Nevada,57,99092,5860,5561,213,5774,73
2021-08-01,Orange,59,3164182,268397,265467,12652,278119,5146
2021-08-01,Placer,61,380077,26087,25464,2023,27487,306
2021-08-01,Plumas,63,18699,782,761,15,776,5
2021-08-01,Riverside,65,2383286,305305,302256,15471,317727,4562
2021-08-01,Sacramento,67,1510023,118753,116923,2321,119244,1727
2021-08-01,San Benito,69,59416,6306,6271,120,6391,63
2021-08-01,San Bernardino,71,2135413,305260,302542,9530,312072,5248
2021-08-01,San Diego,73,3302833,301803,298002,0,298002,3798
2021-08-01,San Francisco,75,870044,42520,41432,1762,43194,562
2021-08-01,San Joaquin,77,732212,78101,77338,4167,81505,1461
2021-08-01,San Luis Obispo,79,281455,22315,22083,863,22946,261
2021-08-01,San Mateo,81,765935,45698,45036,656,45692,548
2021-08-01,Santa Barbara,83,443738,36174,35809,1350,37159,469
2021-08-01,Santa Clara,85,1922200,124745,123511,905,124416,2183
2021-08-01,Santa Cruz,87,273765,16923,16709,905,17614,207
2021-08-01,Shasta,89,179085,13283,13036,1842,14878,212
2021-08-01,Sierra,91,2930,74,71,14,85,0
2021-08-01,Siskiyou,93,43540,2076,1989,471,2460,31
2021-08-01,Solano,95,438530,36431,35800,774,36574,260
2021-08-01,Sonoma,97,501317,33739,33076,408,33484,330
2021-08-01,Stanislaus,99,539301,59796,59078,6632,65710,1037
2021-08-01,Sutter,101,95872,10342,10198,112,10310,127
2021-08-01,Tehama,103,63373,5308,5252,651,5903,66
2021-08-01,Trinity,105,12862,392,359,85,444,3
2021-08-01,Tulare,107,460477,50943,50600,10328,60928,854
2021-08-01,Tuolumne,109,53932,4633,4489,42,4531,64
2021-08-01,Ventura,111,848112,84808,84040,3662,87702,1044
2021-08-01,Yolo,113,214977,15333,15042,539,15581,215
2021-08-01,Yuba,115,75493,6855,6721,143,6864,50
2021-07-31,Alameda,1,1643700,98149,95279,2350,97629,1265
2021-07-31,Alpine,3,1148,91,89,0,89,0
2021-07-31,Amador,5,37829,3993,3877,36,3913,48
2021-07-31,Butte,7,227075,13546,13235,2134,15369,205
2021-07-31,Calaveras,9,45235,2350,2294,17,2311,57
2021-07-31,Colusa,11,21464,2043,2006,366,2372,16
2021-07-31,Contra Costa,13,1133247,78472,75866,1607,77473,832
2021-07-31,Del Norte,15,27424,1705,1576,10,1586,8
2021-07-31,El Dorado,17,186661,11363,11017,935,11952,116
2021-07-31,Fresno,19,978130,106213,104639,9467,114106,1744
2021-07-31,Glenn,21,27897,2489,2465,610,3075,20
2021-07-31,Humboldt,23,135768,5341,4978,83,5061,52
2021-07-31,Imperial,25,180216,29376,29164,2951,32115,743
2021-07-31,Inyo,27,18085,1464,1442,5,1447,38
2021-07-31,Kern,29,883053,99981,98903,12618,111521,1357
2021-07-31,Kings,31,150075,23893,23548,1302,24850,248
2021-07-31,Lake,33,64148,4460,4238,16,4254,66
2021-07-31,Lassen,35,31185,5352,5320,130,5450,21
2021-07-31,Los Angeles,37,10098052,1267468,1248545,48454,1296999,24691
2021-07-31,Madera,39,155013,17349,17058,1052,18110,245
2021-07-31,Marin,41,260295,15085,14701,305,15006,239
2021-07-31,Mariposa,43,17540,492,470,11,481,5
2021-07-31,Mendocino,45,87422,4626,4400,89,4489,49
2021-07-31,Merced,47,269075,32279,31959,1069,33028,474
2021-07-31,Modoc,49,8938,421,413,147,560,5
2021-07-31,Mono,51,14174,1296,1287,13,1300,3
2021-07-31,Monterey,53,433212,43956,43720,2082,45802,525
2021-07-31,Napa,55,140530,10602,10401,52,10453,82
2021-07-31,Nevada,57,99092,5821,5373,212,5585,72
2021-07-31,Orange,59,3164182,267836,263446,12633,276079,5144
2021-07-31,Placer,61,380077,25953,25104,2016,27120,306
2021-07-31,Plumas,63,18699,779,743,15,758,5
2021-07-31,Riverside,65,2383286,304691,300315,15462,315777,4554
2021-07-31,Sacramento,67,1510023,118354,115259,2317,117576,1720
2021-07-31,San Benito,69,59416,6295,6251,120,6371,63
2021-07-31,San Bernardino,71,2135413,304696,300726,9527,310253,5240
2021-07-31,San Diego,73,3302833,301131,295054,0,295054,3798
2021-07-31,San Francisco,75,870044,42304,40412,1736,42148,562
2021-07-31,San Joaquin,77,732212,77935,76575,4155,80730,1443
2021-07-31,San Luis Obispo,79,281455,22260,21922,861,22783,260
2021-07-31,San Mateo,81,765935,45558,44622,644,45266,548
2021-07-31,Santa Barbara,83,443738,36095,35531,1348,36879,467
2021-07-31,Santa Clara,85,1922200,124488,122614,903,123517,2099
2021-07-31,Santa Cruz,87,273765,16884,16576,904,17480,207
2021-07-31,Shasta,89,179085,13249,12918,1834,14752,212
2021-07-31,Sierra,91,2930,74,68,14,82,0
2021-07-31,Siskiyou,93,43540,2067,1976,465,2441,31
2021-07-31,Solano,95,438530,36335,35340,768,36108,263
2021-07-31,Sonoma,97,501317,33613,32601,408,33009,329
2021-07-31,Stanislaus,99,539301,59638,58586,6611,65197,1035
2021-07-31,Sutter,101,95872,10306,10068,111,10179,127
2021-07-31,Tehama,103,63373,5293,5216,648,5864,66
2021-07-31,Trinity,105,12862,391,354,84,438,3
2021-07-31,Tulare,107,460477,50861,50409,10270,60679,854
2021-07-31,Tuolumne,109,53932,4594,4362,42,4404,64
2021-07-31,Ventura,111,848112,84652,83509,3645,87154,1044
2021-07-31,Yolo,113,214977,15286,14863,529,15392,215
2021-07-31,Yuba,115,75493,6832,6615,142,6757,50
2021-07-30,Alameda,1,1643700,97818,95279,2345,97624,1265
2021-07-30,Alpine,3,1148,91,89,0,89,0
2021-07-30,Amador,5,37829,3970,3877,36,3913,48
2021-07-30,Butte,7,227075,13492,13235,2121,15356,205
2021-07-30,Calaveras,9,45235,2345,2294,17,2311,57
2021-07-30,Colusa,11,21464,2039,2006,364,2370,16
2021-07-30,Contra Costa,13,1133247,78231,75866,1603,77469,832
2021-07-30,Del Norte,15,27424,1687,1576,10,1586,8
2021-07-30,El Dorado,17,186661,11331,11017,928,11945,116
2021-07-30,Fresno,19,978130,106019,104639,9462,114101,1744
2021-07-30,Glenn,21,27897,2487,2465,610,3075,20
2021-07-30,Humboldt,23,135768,5277,4978,80,5058,52
2021-07-30,Imperial,25,180216,29362,29164,2948,32112,743
2021-07-30,Inyo,27,18085,1463,1442,5,1447,38
2021-07-30,Kern,29,883053,99857,98903,12569,111472,1357
2021-07-30,Kings,31,150075,23852,23548,1298,24846,248
2021-07-30,Lake,33,64148,4432,4238,16,4254,66
2021-07-30,Lassen,35,31185,5348,5320,130,5450,21
2021-07-30,Los Angeles,37,10098052,1265158,1248545,48297,1296842,24691
2021-07-30,Madera,39,155013,17309,17058,1048,18106,245
2021-07-30,Marin,41,260295,15051,14701,305,15006,239
2021-07-30,Mariposa,43,17540,489,470,11,481,5
2021-07-30,Mendocino,45,87422,4597,4400,88,4488,49
2021-07-30,Merced,47,269075,32241,31959,1064,33023,474
2021-07-30,Modoc,49,8938,419,413,147,560,5
2021-07-30,Mono,51,14174,1290,1287,13,1300,3
2021-07-30,Monterey,53,433212,43924,43720,2072,45792,525
2021-07-30,Napa,55,140530,10580,10401,51,10452,82
2021-07-30,Nevada,57,99092,5763,5373,212,5585,72
2021-07-30,Orange,59,3164182,267219,263446,12606,276052,5144
2021-07-30,Placer,61,380077,25865,25104,1998,27102,306
2021-07-30,Plumas,63,18699,774,743,15,758,5
2021-07-30,Riverside,65,2383286,304055,300315,15453,315768,4554
2021-07-30,Sacramento,67,1510023,117915,115259,2312,117571,1720
2021-07-30,San Benito,69,59416,6288,6251,120,6371,63
2021-07-30,San Bernardino,71,2135413,304187,300726,9522,310248,5240
2021-07-30,San Diego,73,3302833,300367,295054,0,295054,3798
2021-07-30,San Francisco,75,870044,42091,40412,1720,42132,562
2021-07-30,San Joaquin,77,732212,77782,76575,4152,80727,1443
2021-07-30,San Luis Obispo,79,281455,22224,21922,857,22779,260
2021-07-30,San Mateo,81,765935,45439,44622,627,45249,548
2021-07-30,Santa Barbara,83,443738,36026,35531,1343,36874,467
2021-07-30,Santa Clara,85,1922200,124265,122614,900,123514,2099
2021-07-30,Santa Cruz,87,273765,16858,16576,902,17478,207
2021-07-30,Shasta,89,179085,13202,12918,1834,14752,212
2021-07-30,Sierra,91,2930,73,68,14,82,0
2021-07-30,Siskiyou,93,43540,2058,1976,464,2440,31
2021-07-30,Solano,95,438530,36245,35340,752,36092,263
2021-07-30,Sonoma,97,501317,33519,32601,408,33009,329
2021-07-30,Stanislaus,99,539301,59493,58586,6591,65177,1035
2021-07-30,Sutter,101,95872,10270,10068,111,10179,127
2021-07-30,Tehama,103,63373,5282,5216,648,5864,66
2021-07-30,Trinity,105,12862,391,354,84,438,3
2021-07-30,Tulare,107,460477,50818,50409,10232,60641,854
2021-07-30,Tuolumne,109,53932,4576,4362,42,4404,64
2021-07-30,Ventura,111,848112,84492,83509,3627,87136,1044
2021-07-30,Yolo,113,214977,15225,14863,525,15388,215
2021-07-30,Yuba,115,75493,6796,6615,141,6756,50
2021-07-29,Alameda,1,1643700,97395,95279,2340,97619,1265
2021-07-29,Alpine,3,1148,91,89,0,89,0
2021-07-29,Amador,5,37829,3951,3877,36,3913,48
2021-07-29,Butte,7,227075,13445,13235,2113,15348,205
2021-07-29,Calaveras,9,45235,2325,2294,17,2311,57
2021-07-29,Colusa,11,21464,2032,2006,364,2370,16
2021-07-29,Contra Costa,13,1133247,77793,75866,1599,77465,832
2021-07-29,Del Norte,15,27424,1663,1576,10,1586,8
2021-07-29,El Dorado,17,186661,11265,11017,916,11933,116
2021-07-29,Fresno,19,978130,105757,104639,9443,114082,1744
2021-07-29,Glenn,21,27897,2481,2465,610,3075,20
2021-07-29,Humboldt,23,135768,5217,4978,78,5056,52
2021-07-29,Imperial,25,180216,29315,29164,2946,32110,743
2021-07-29,Inyo,27,18085,1459,1442,5,1447,38
2021-07-29,Kern,29,883053,99650,98903,12491,111394,1357
2021-07-29,Kings,31,150075,23809,23548,1292,24840,248
2021-07-29,Lake,33,64148,4397,4238,16,4254,66
2021-07-29,Lassen,35,31185,5340,5320,127,5447,21
2021-07-29,Los Angeles,37,10098052,1262095,1248545,48104,1296649,24691
2021-07-29,Madera,39,155013,17264,17058,1043,18101,245
2021-07-29,Marin,41,260295,15007,14701,305,15006,239
2021-07-29,Mariposa,43,17540,485,470,11,481,5
2021-07-29,Mendocino,45,87422,4574,4400,86,4486,49
2021-07-29,Merced,47,269075,32187,31959,1064,33023,474
2021-07-29,Modoc,49,8938,419,413,147,560,5
2021-07-29,Mono,51,14174,1287,1287,13,1300,3
2021-07-29,Monterey,53,433212,43875,43720,2062,45782,525
2021-07-29,Napa,55,140530,10548,10401,49,10450,82
2021-07-29,Nevada,57,99092,5709,5373,212,5585,72
2021-07-29,Orange,59,3164182,266527,263446,12575,276021,5144
2021-07-29,Placer,61,380077,25744,25104,1982,27086,306
2021-07-29,Plumas,63,18699,766,743,15,758,5
2021-07-29,Riverside,65,2383286,303349,300315,15432,315747,4554
2021-07-29,Sacramento,67,1510023,117366,115259,2300,117559,1720
2021-07-29,San Benito,69,59416,6277,6251,120,6371,63
2021-07-29,San Bernardino,71,2135413,303558,300726,9512,310238,5240
2021-07-29,San Diego,73,3302833,299314,295054,0,295054,3798
2021-07-29,San Francisco,75,870044,41846,40412,1696,42108,562
2021-07-29,San Joaquin,77,732212,77526,76575,4146,80721,1443
2021-07-29,San Luis Obispo,79,281455,22169,21922,855,22777,260
2021-07-29,San Mateo,81,765935,45314,44622,617,45239,548
2021-07-29,Santa Barbara,83,443738,35941,35531,1341,36872,467
2021-07-29,Santa Clara,85,1922200,123969,122614,897,123511,2099
2021-07-29,Santa Cruz,87,273765,16805,16576,900,17476,207
2021-07-29,Shasta,89,179085,13150,12918,1825,14743,212
2021-07-29,Sierra,91,2930,73,68,14,82,0
2021-07-29,Siskiyou,93,43540,2053,1976,462,2438,31
2021-07-29,Solano,95,438530,36091,35340,742,36082,263
2021-07-29,Sonoma,97,501317,33345,32601,406,33007,329
2021-07-29,Stanislaus,99,539301,59319,58586,6573,65159,1035
2021-07-29,Sutter,101,95872,10224,10068,110,10178,127
2021-07-29,Tehama,103,63373,5270,5216,642,5858,66
2021-07-29,Trinity,105,12862,389,354,83,437,3
2021-07-29,Tulare,107,460477,50733,50409,10190,60599,854
2021-07-29,Tuolumne,109,53932,4539,4362,41,4403,64
2021-07-29,Ventura,111,848112,84326,83509,3620,87129,1044
2021-07-29,Yolo,113,214977,15158,14863,512,15375,215
2021-07-29,Yuba,115,75493,6748,6615,140,6755,50
2021-07-28,Alameda,1,1643700,96923,94965,2332,97297,1262
2021-07-28,Alpine,3,1148,91,89,0,89,0
2021-07-28,Amador,5,37829,3937,3870,36,3906,48
2021-07-28,Butte,7,227075,13389,13184,2100,15284,205
2021-07-28,Calaveras,9,45235,2311,2289,17,2306,57
2021-07-28,Colusa,11,21464,2028,2001,363,2364,16
2021-07-28,Contra Costa,13,1133247,77309,75487,1591,77078,832
2021-07-28,Del Norte,15,27424,1632,1545,10,1555,8
2021-07-28,El Dorado,17,186661,11216,10967,906,11873,116
2021-07-28,Fresno,19,978130,105510,104458,9425,113883,1744
2021-07-28,Glenn,21,27897,2477,2464,607,3071,20
2021-07-28,Humboldt,23,135768,5164,4946,77,5023,52
2021-07-28,Imperial,25,180216,29268,29096,2946,32042,743
2021-07-28,Inyo,27,18085,1453,1439,4,1443,38
2021-07-28,Kern,29,883053,99496,98781,12441,111222,1352
2021-07-28,Kings,31,150075,23744,23503,1282,24785,248
2021-07-28,Lake,33,64148,4350,4191,14,4205,65
2021-07-28,Lassen,35,31185,5332,5318,127,5445,21
2021-07-28,Los Angeles,37,10098052,1258948,1245485,47930,1293415,24673
2021-07-28,Madera,39,155013,17223,17024,1037,18061,245
2021-07-28,Marin,41,260295,14953,14652,305,14957,239
2021-07-28,Mariposa,43,17540,478,469,11,480,5
2021-07-28,Mendocino,45,87422,4546,4377,86,4463,49
2021-07-28,Merced,47,269075,32124,31886,1060,32946,474
2021-07-28,Modoc,49,8938,417,413,147,560,5
2021-07-28,Mono,51,14174,1287,1286,13,1299,3
2021-07-28,Monterey,53,433212,43827,43668,2052,45720,524
2021-07-28,Napa,55,140530,10508,10376,47,10423,82
2021-07-28,Nevada,57,99092,5655,5320,212,5532,72
2021-07-28,Orange,59,3164182,265762,262735,12552,275287,5143
2021-07-28,Placer,61,380077,25600,24978,1967,26945,306
2021-07-28,Plumas,63,18699,761,754,15,769,5
2021-07-28,Riverside,65,2383286,302584,299611,15411,315022,4554
2021-07-28,Sacramento,67,1510023,116723,114665,2279,116944,1714
2021-07-28,San Benito,69,59416,6266,6236,120,6356,63
2021-07-28,San Bernardino,71,2135413,302928,300121,9500,309621,5236
2021-07-28,San Diego,73,3302833,298045,294176,0,294176,3798
2021-07-28,San Francisco,75,870044,41511,40144,1669,41813,561
2021-07-28,San Joaquin,77,732212,77278,76312,4114,80426,1443
2021-07-28,San Luis Obispo,79,281455,22109,21865,854,22719,260
2021-07-28,San Mateo,81,765935,45168,44477,607,45084,547
2021-07-28,Santa Barbara,83,443738,35866,35431,1336,36767,467
2021-07-28,Santa Clara,85,1922200,123709,122345,895,123240,2099
2021-07-28,Santa Cruz,87,273765,16766,16551,899,17450,207
2021-07-28,Shasta,89,179085,13105,12882,1814,14696,212
2021-07-28,Sierra,91,2930,69,67,14,81,0
2021-07-28,Siskiyou,93,43540,2044,1971,459,2430,31
2021-07-28,Solano,95,438530,35923,35204,734,35938,262
2021-07-28,Sonoma,97,501317,33201,32434,403,32837,328
2021-07-28,Stanislaus,99,539301,59122,58427,6559,64986,1035
2021-07-28,Sutter,101,95872,10192,10033,109,10142,126
2021-07-28,Tehama,103,63373,5258,5209,639,5848,66
2021-07-28,Trinity,105,12862,388,352,83,435,3
2021-07-28,Tulare,107,460477,50646,50363,10141,60504,854
2021-07-28,Tuolumne,109,53932,4501,4313,41,4354,64
2021-07-28,Ventura,111,848112,84136,83360,3604,86964,1043
2021-07-28,Yolo,113,214977,15089,14801,505,15306,215
2021-07-28,Yuba,115,75493,6715,6591,140,6731,51
2021-07-27,Alameda,1,1643700,96512,94682,2322,97004,1256
2021-07-27,Alpine,3,1148,91,89,0,89,0
2021-07-27,Amador,5,37829,3921,3861,36,3897,48
2021-07-27,Butte,7,227075,13343,13127,2089,15216,205
2021-07-27,Calaveras,9,45235,2300,2280,17,2297,57
2021-07-27,Colusa,11,21464,2020,1999,362,2361,16
2021-07-27,Contra Costa,13,1133247,76820,75227,1587,76814,830
2021-07-27,Del Norte,15,27424,1612,1538,10,1548,8
2021-07-27,El Dorado,17,186661,11156,10941,896,11837,116
2021-07-27,Fresno,19,978130,105218,104288,9405,113693,1746
2021-07-27,Glenn,21,27897,2472,2460,605,3065,20
2021-07-27,Humboldt,23,135768,5110,4925,76,5001,52
2021-07-27,Imperial,25,180216,29223,29048,2945,31993,743
2021-07-27,Inyo,27,18085,1451,1430,4,1434,38
2021-07-27,Kern,29,883053,99330,98724,12383,111107,1352
2021-07-27,Kings,31,150075,23689,23463,1271,24734,248
2021-07-27,Lake,33,64148,4312,4157,14,4171,65
2021-07-27,Lassen,35,31185,5326,5315,127,5442,21
2021-07-27,Los Angeles,37,10098052,1255532,1243336,47751,1291087,24658
2021-07-27,Madera,39,155013,17172,16998,1032,18030,245
2021-07-27,Marin,41,260295,14907,14631,302,14933,239
2021-07-27,Mariposa,43,17540,475,468,11,479,5
2021-07-27,Mendocino,45,87422,4522,4371,86,4457,49
2021-07-27,Merced,47,269075,32059,31825,1056,32881,473
2021-07-27,Modoc,49,8938,416,413,147,560,5
2021-07-27,Mono,51,14174,1283,1288,13,1301,3
2021-07-27,Monterey,53,433212,43787,43646,2044,45690,523
2021-07-27,Napa,55,140530,10478,10354,47,10401,82
2021-07-27,Nevada,57,99092,5578,5305,210,5515,72
2021-07-27,Orange,59,3164182,265039,262193,12528,274721,5143
2021-07-27,Placer,61,380077,25440,24916,1941,26857,306
2021-07-27,Plumas,63,18699,758,752,15,767,5
2021-07-27,Riverside,65,2383286,301851,299160,15394,314554,4554
2021-07-27,Sacramento,67,1510023,116126,114413,2270,116683,1710
2021-07-27,San Benito,69,59416,6257,6229,120,6349,63
2021-07-27,San Bernardino,71,2135413,302225,299593,9477,309070,5236
2021-07-27,San Diego,73,3302833,296957,293408,0,293408,3798
2021-07-27,San Francisco,75,870044,41153,39939,1649,41588,561
2021-07-27,San Joaquin,77,732212,77019,76166,4094,80260,1442
2021-07-27,San Luis Obispo,79,281455,22055,21803,844,22647,260
2021-07-27,San Mateo,81,765935,45016,44378,602,44980,547
2021-07-27,Santa Barbara,83,443738,35767,35355,1334,36689,467
2021-07-27,Santa Clara,85,1922200,123416,122154,893,123047,2099
2021-07-27,Santa Cruz,87,273765,16721,16523,898,17421,207
2021-07-27,Shasta,89,179085,13057,12846,1801,14647,212
2021-07-27,Sierra,91,2930,69,65,14,79,0
2021-07-27,Siskiyou,93,43540,2039,1964,456,2420,31
2021-07-27,Solano,95,438530,35796,35093,724,35817,261
2021-07-27,Sonoma,97,501317,33056,32367,401,32768,328
2021-07-27,Stanislaus,99,539301,58951,58333,6544,64877,1033
2021-07-27,Sutter,101,95872,10151,9998,109,10107,115
2021-07-27,Tehama,103,63373,5237,5192,637,5829,66
2021-07-27,Trinity,105,12862,387,351,83,434,3
2021-07-27,Tulare,107,460477,50580,50324,10109,60433,854
2021-07-27,Tuolumne,109,53932,4449,4282,41,4323,64
2021-07-27,Ventura,111,848112,83927,83189,3591,86780,1043
2021-07-27,Yolo,113,214977,15016,14759,499,15258,215
2021-07-27,Yuba,115,75493,6693,6564,138,6702,51
2021-07-26,Alameda,1,1643700,96058,94436,2315,96751,1259
2021-07-26,Alpine,3,1148,91,89,0,89,0
2021-07-26,Amador,5,37829,3911,3854,36,3890,48
2021-07-26,Butte,7,227075,13290,13082,2076,15158,203
2021-07-26,Calaveras,9,45235,2295,2276,17,2293,57
2021-07-26,Colusa,11,21464,2013,1996,360,2356,16
2021-07-26,Contra Costa,13,1133247,76320,74854,1580,76434,830
2021-07-26,Del Norte,15,27424,1592,1530,10,1540,8
2021-07-26,El Dorado,17,186661,11094,10899,893,11792,116
2021-07-26,Fresno,19,978130,105017,104143,9390,113533,1742
2021-07-26,Glenn,21,27897,2471,2461,603,3064,20
2021-07-26,Humboldt,23,135768,5071,4906,74,4980,52
2021-07-26,Imperial,25,180216,29183,29034,2945,31979,743
2021-07-26,Inyo,27,18085,1446,1429,4,1433,38
2021-07-26,Kern,29,883053,99166,98633,12317,110950,1351
2021-07-26,Kings,31,150075,23640,23426,1267,24693,247
2021-07-26,Lake,33,64148,4291,4133,14,4147,65
2021-07-26,Lassen,35,31185,5321,5314,127,5441,21
2021-07-26,Los Angeles,37,10098052,1252226,1241527,47582,1289109,24647
2021-07-26,Madera,39,155013,17145,16971,1024,17995,245
2021-07-26,Marin,41,260295,14850,14579,301,14880,239
2021-07-26,Mariposa,43,17540,474,467,11,478,5
2021-07-26,Mendocino,45,87422,4502,4354,86,4440,49
2021-07-26,Merced,47,269075,31975,31774,1054,32828,473
2021-07-26,Modoc,49,8938,416,413,147,560,5
2021-07-26,Mono,51,14174,1282,1286,13,1299,3
2021-07-26,Monterey,53,433212,43744,43595,2030,45625,521
2021-07-26,Napa,55,140530,10455,10332,47,10379,82
2021-07-26,Nevada,57,99092,5491,5280,210,5490,72
2021-07-26,Orange,59,3164182,264414,261803,12507,274310,5142
2021-07-26,Placer,61,380077,25307,24842,1920,26762,304
2021-07-26,Plumas,63,18699,754,750,15,765,5
2021-07-26,Riverside,65,2383286,301160,298626,15379,314005,4553
2021-07-26,Sacramento,67,1510023,115541,113986,2252,116238,1705
2021-07-26,San Benito,69,59416,6251,6222,120,6342,63
2021-07-26,San Bernardino,71,2135413,301614,299238,9464,308702,5237
2021-07-26,San Diego,73,3302833,295851,292688,0,292688,3793
2021-07-26,San Francisco,75,870044,40800,39800,1619,41419,561
2021-07-26,San Joaquin,77,732212,76785,76033,4090,80123,1440
2021-07-26,San Luis Obispo,79,281455,22006,21752,841,22593,260
2021-07-26,San Mateo,81,765935,44867,44297,591,44888,547
2021-07-26,Santa Barbara,83,443738,35695,35311,1322,36633,467
2021-07-26,Santa Clara,85,1922200,123105,121978,884,122862,2099
2021-07-26,Santa Cruz,87,273765,16682,16493,894,17387,207
2021-07-26,Shasta,89,179085,13008,12819,1788,14607,211
2021-07-26,Sierra,91,2930,68,65,14,79,0
2021-07-26,Siskiyou,93,43540,2036,1962,454,2416,31
2021-07-26,Solano,95,438530,35647,34990,716,35706,259
2021-07-26,Sonoma,97,501317,32922,32283,399,32682,328
2021-07-26,Stanislaus,99,539301,58806,58219,6529,64748,1033
2021-07-26,Sutter,101,95872,10111,9963,106,10069,115
2021-07-26,Tehama,103,63373,5227,5183,633,5816,66
2021-07-26,Trinity,105,12862,387,351,82,433,3
2021-07-26,Tulare,107,460477,50516,50265,10075,60340,854
2021-07-26,Tuolumne,109,53932,4417,4271,41,4312,64
2021-07-26,Ventura,111,848112,83756,83072,3575,86647,1041
2021-07-26,Yolo,113,214977,14957,14727,486,15213,215
2021-07-26,Yuba,115,75493,6659,6538,137,6675,51
2021-07-25,Alameda,1,1643700,95568,94146,2309,96455,1259
2021-07-25,Alpine,3,1148,89,89,0,89,0
2021-07-25,Amador,5,37829,3896,3848,36,3884,48
2021-07-25,Butte,7,227075,13251,13074,2066,15140,203
2021-07-25,Calaveras,9,45235,2284,2275,17,2292,57
2021-07-25,Colusa,11,21464,2004,1996,356,2352,16
2021-07-25,Contra Costa,13,1133247,75835,74634,1566,76200,830
2021-07-25,Del Norte,15,27424,1572,1526,10,1536,8
2021-07-25,El Dorado,17,186661,11037,10878,890,11768,116
2021-07-25,Fresno,19,978130,104776,104019,9378,113397,1742
2021-07-25,Glenn,21,27897,2463,2461,601,3062,20
2021-07-25,Humboldt,23,135768,5012,4892,72,4964,52
2021-07-25,Imperial,25,180216,29147,29037,2945,31982,743
2021-07-25,Inyo,27,18085,1441,1427,4,1431,38
2021-07-25,Kern,29,883053,98995,98503,12244,110747,1351
2021-07-25,Kings,31,150075,23587,23396,1263,24659,247
2021-07-25,Lake,33,64148,4237,4109,13,4122,65
2021-07-25,Lassen,35,31185,5317,5314,127,5441,21
2021-07-25,Los Angeles,37,10098052,1248839,1239596,47403,1286999,24643
2021-07-25,Madera,39,155013,17111,16947,1017,17964,245
2021-07-25,Marin,41,260295,14799,14558,298,14856,239
2021-07-25,Mariposa,43,17540,471,465,11,476,5
2021-07-25,Mendocino,45,87422,4472,4335,84,4419,49
2021-07-25,Merced,47,269075,31902,31760,1053,32813,473
2021-07-25,Modoc,49,8938,416,413,147,560,5
2021-07-25,Mono,51,14174,1280,1286,13,1299,3
2021-07-25,Monterey,53,433212,43705,43590,2022,45612,521
2021-07-25,Napa,55,140530,10418,10316,46,10362,82
2021-07-25,Nevada,57,99092,5426,5256,207,5463,72
2021-07-25,Orange,59,3164182,263723,261351,12483,273834,5142
2021-07-25,Placer,61,380077,25191,24755,1899,26654,304
2021-07-25,Plumas,63,18699,752,750,15,765,5
2021-07-25,Riverside,65,2383286,300393,298181,15364,313545,4553
2021-07-25,Sacramento,67,1510023,115001,113611,2234,115845,1704
2021-07-25,San Benito,69,59416,6244,6217,120,6337,63
2021-07-25,San Bernardino,71,2135413,300962,298982,9458,308440,5237
2021-07-25,San Diego,73,3302833,294782,290626,0,290626,3793
2021-07-25,San Francisco,75,870044,40462,39663,1592,41255,561
2021-07-25,San Joaquin,77,732212,76532,75926,4071,79997,1440
2021-07-25,San Luis Obispo,79,281455,21935,21741,838,22579,260
2021-07-25,San Mateo,81,765935,44708,44189,585,44774,547
2021-07-25,Santa Barbara,83,443738,35618,35261,1319,36580,467
2021-07-25,Santa Clara,85,1922200,122776,121800,878,122678,2099
2021-07-25,Santa Cruz,87,273765,16635,16474,893,17367,207
2021-07-25,Shasta,89,179085,12961,12815,1783,14598,211
2021-07-25,Sierra,91,2930,68,65,14,79,0
2021-07-25,Siskiyou,93,43540,2028,1963,451,2414,31
2021-07-25,Solano,95,438530,35462,34863,713,35576,259
2021-07-25,Sonoma,97,501317,32795,32202,396,32598,328
2021-07-25,Stanislaus,99,539301,58639,58154,6524,64678,1033
2021-07-25,Sutter,101,95872,10057,9937,104,10041,115
2021-07-25,Tehama,103,63373,5211,5181,632,5813,66
2021-07-25,Trinity,105,12862,385,351,80,431,3
2021-07-25,Tulare,107,460477,50441,50221,10034,60255,854
2021-07-25,Tuolumne,109,53932,4365,4267,41,4308,64
2021-07-25,Ventura,111,848112,83544,82986,3553,86539,1041
2021-07-25,Yolo,113,214977,14898,14693,471,15164,215
2021-07-25,Yuba,115,75493,6627,6519,137,6656,51
2021-07-24,Alameda,1,1643700,95298,93170,2304,95474,1259
2021-07-24,Alpine,3,1148,89,89,0,89,0
2021-07-24,Amador,5,37829,3887,3816,36,3852,48
2021-07-24,Butte,7,227075,13221,12982,2064,15046,203
2021-07-24,Calaveras,9,45235,2280,2267,17,2284,57
2021-07-24,Colusa,11,21464,2003,1992,354,2346,16
2021-07-24,Contra Costa,13,1133247,75610,73682,1563,75245,830
2021-07-24,Del Norte,15,27424,1561,1497,10,1507,8
2021-07-24,El Dorado,17,186661,11004,10773,886,11659,116
2021-07-24,Fresno,19,978130,104659,103637,9369,113006,1736
2021-07-24,Glenn,21,27897,2462,2457,601,3058,20
2021-07-24,Humboldt,23,135768,4979,4780,71,4851,52
2021-07-24,Imperial,25,180216,29127,28996,2945,31941,742
2021-07-24,Inyo,27,18085,1438,1424,4,1428,38
2021-07-24,Kern,29,883053,98917,98261,12221,110482,1350
2021-07-24,Kings,31,150075,23556,23304,1260,24564,246
2021-07-24,Lake,33,64148,4214,3963,13,3976,64
2021-07-24,Lassen,35,31185,5316,5311,127,5438,21
2021-07-24,Los Angeles,37,10098052,1247086,1232164,47281,1279445,24623
2021-07-24,Madera,39,155013,17087,16885,1015,17900,245
2021-07-24,Marin,41,260295,14761,14454,298,14752,238
2021-07-24,Mariposa,43,17540,471,453,11,464,5
2021-07-24,Mendocino,45,87422,4447,4293,84,4377,49
2021-07-24,Merced,47,269075,31880,31661,1052,32713,473
2021-07-24,Modoc,49,8938,416,413,147,560,5
2021-07-24,Mono,51,14174,1278,1284,13,1297,3
2021-07-24,Monterey,53,433212,43680,43525,2015,45540,521
2021-07-24,Napa,55,140530,10402,10230,46,10276,81
2021-07-24,Nevada,57,99092,5393,5183,207,5390,72
2021-07-24,Orange,59,3164182,263261,259973,12470,272443,5141
2021-07-24,Placer,61,380077,25108,24530,1894,26424,303
2021-07-24,Plumas,63,18699,751,737,15,752,4
2021-07-24,Riverside,65,2383286,299925,296912,15354,312266,4552
2021-07-24,Sacramento,67,1510023,114691,112438,2230,114668,1698
2021-07-24,San Benito,69,59416,6240,6200,119,6319,63
2021-07-24,San Bernardino,71,2135413,300570,297899,9449,307348,5236
2021-07-24,San Diego,73,3302833,294318,289368,0,289368,3788
2021-07-24,San Francisco,75,870044,40300,38954,1575,40529,561
2021-07-24,San Joaquin,77,732212,76405,75461,4060,79521,1436
2021-07-24,San Luis Obispo,79,281455,21904,21616,836,22452,260
2021-07-24,San Mateo,81,765935,44592,43880,579,44459,542
2021-07-24,Santa Barbara,83,443738,35561,35071,1314,36385,465
2021-07-24,Santa Clara,85,1922200,122564,121092,877,121969,2099
2021-07-24,Santa Cruz,87,273765,16613,16416,893,17309,207
2021-07-24,Shasta,89,179085,12933,12759,1780,14539,211
2021-07-24,Sierra,91,2930,67,64,14,78,0
2021-07-24,Siskiyou,93,43540,2028,1951,451,2402,31
2021-07-24,Solano,95,438530,35370,34499,704,35203,259
2021-07-24,Sonoma,97,501317,32671,31928,394,32322,327
2021-07-24,Stanislaus,99,539301,58547,57879,6511,64390,1030
2021-07-24,Sutter,101,95872,10030,9890,104,9994,115
2021-07-24,Tehama,103,63373,5204,5166,630,5796,65
2021-07-24,Trinity,105,12862,385,345,80,425,3
2021-07-24,Tulare,107,460477,50398,50104,10016,60120,854
2021-07-24,Tuolumne,109,53932,4339,4216,41,4257,64
2021-07-24,Ventura,111,848112,83424,82687,3536,86223,1041
2021-07-24,Yolo,113,214977,14863,14557,468,15025,214
2021-07-24,Yuba,115,75493,6608,6449,137,6586,51
2021-07-23,Alameda,1,1643700,95048,93170,2299,95469,1259
2021-07-23,Alpine,3,1148,89,89,0,89,0
2021-07-23,Amador,5,37829,3880,3816,36,3852,48
2021-07-23,Butte,7,227075,13192,12982,2056,15038,203
2021-07-23,Calaveras,9,45235,2278,2267,17,2284,57
2021-07-23,Colusa,11,21464,2002,1992,354,2346,16
2021-07-23,Contra Costa,13,1133247,75352,73682,1553,75235,830
2021-07-23,Del Norte,15,27424,1553,1497,10,1507,8
2021-07-23,El Dorado,17,186661,10976,10773,882,11655,116
2021-07-23,Fresno,19,978130,104529,103637,9361,112998,1736
2021-07-23,Glenn,21,27897,2461,2457,598,3055,20
2021-07-23,Humboldt,23,135768,4959,4780,69,4849,52
2021-07-23,Imperial,25,180216,29115,28996,2945,31941,742
2021-07-23,Inyo,27,18085,1435,1424,4,1428,38
2021-07-23,Kern,29,883053,98834,98261,12195,110456,1350
2021-07-23,Kings,31,150075,23525,23304,1257,24561,246
2021-07-23,Lake,33,64148,4184,3963,13,3976,64
2021-07-23,Lassen,35,31185,5314,5311,127,5438,21
2021-07-23,Los Angeles,37,10098052,1245166,1232164,47192,1279356,24623
2021-07-23,Madera,39,155013,17058,16885,1011,17896,245
2021-07-23,Marin,41,260295,14724,14454,296,14750,238
2021-07-23,Mariposa,43,17540,468,453,11,464,5
2021-07-23,Mendocino,45,87422,4434,4293,84,4377,49
2021-07-23,Merced,47,269075,31854,31661,1052,32713,473
2021-07-23,Modoc,49,8938,416,413,147,560,5
2021-07-23,Mono,51,14174,1277,1284,13,1297,3
2021-07-23,Monterey,53,433212,43655,43525,2015,45540,521
2021-07-23,Napa,55,140530,10381,10230,46,10276,81
2021-07-23,Nevada,57,99092,5348,5183,207,5390,72
2021-07-23,Orange,59,3164182,262813,259973,12448,272421,5141
2021-07-23,Placer,61,380077,25026,24530,1878,26408,303
2021-07-23,Plumas,63,18699,749,737,15,752,4
2021-07-23,Riverside,65,2383286,299461,296912,15342,312254,4552
2021-07-23,Sacramento,67,1510023,114342,112438,2228,114666,1698
2021-07-23,San Benito,69,59416,6234,6200,119,6319,63
2021-07-23,San Bernardino,71,2135413,300193,297899,9440,307339,5236
2021-07-23,San Diego,73,3302833,293722,289368,0,289368,3788
2021-07-23,San Francisco,75,870044,40121,38954,1560,40514,561
2021-07-23,San Joaquin,77,732212,76305,75461,4045,79506,1436
2021-07-23,San Luis Obispo,79,281455,21867,21616,835,22451,260
2021-07-23,San Mateo,81,765935,44488,43880,574,44454,542
2021-07-23,Santa Barbara,83,443738,35497,35071,1313,36384,465
2021-07-23,Santa Clara,85,1922200,122346,121092,873,121965,2099
2021-07-23,Santa Cruz,87,273765,16589,16416,892,17308,207
2021-07-23,Shasta,89,179085,12906,12759,1777,14536,211
2021-07-23,Sierra,91,2930,67,64,14,78,0
2021-07-23,Siskiyou,93,43540,2026,1951,451,2402,31
2021-07-23,Solano,95,438530,35277,34499,700,35199,259
2021-07-23,Sonoma,97,501317,32578,31928,393,32321,327
2021-07-23,Stanislaus,99,539301,58466,57879,6501,64380,1030
2021-07-23,Sutter,101,95872,10001,9890,104,9994,115
2021-07-23,Tehama,103,63373,5195,5166,630,5796,65
2021-07-23,Trinity,105,12862,384,345,79,424,3
2021-07-23,Tulare,107,460477,50353,50104,9990,60094,854
2021-07-23,Tuolumne,109,53932,4317,4216,41,4257,64
2021-07-23,Ventura,111,848112,83266,82687,3518,86205,1041
2021-07-23,Yolo,113,214977,14824,14557,462,15019,214
2021-07-23,Yuba,115,75493,6582,6449,137,6586,51
2021-07-22,Alameda,1,1643700,94689,93170,2294,95464,1259
2021-07-22,Alpine,3,1148,89,89,0,89,0
2021-07-22,Amador,5,37829,3871,3816,36,3852,48
2021-07-22,Butte,7,227075,13158,12982,2047,15029,203
2021-07-22,Calaveras,9,45235,2275,2267,17,2284,57
2021-07-22,Colusa,11,21464,2000,1992,352,2344,16
2021-07-22,Contra Costa,13,1133247,75016,73682,1549,75231,830
2021-07-22,Del Norte,15,27424,1537,1497,10,1507,8
2021-07-22,El Dorado,17,186661,10942,10773,874,11647,116
2021-07-22,Fresno,19,978130,104399,103637,9353,112990,1736
2021-07-22,Glenn,21,27897,2458,2457,597,3054,20
2021-07-22,Humboldt,23,135768,4928,4780,66,4846,52
2021-07-22,Imperial,25,180216,29085,28996,2945,31941,742
2021-07-22,Inyo,27,18085,1433,1424,4,1428,38
2021-07-22,Kern,29,883053,98726,98261,12150,110411,1350
2021-07-22,Kings,31,150075,23485,23304,1255,24559,246
2021-07-22,Lake,33,64148,4133,3963,13,3976,64
2021-07-22,Lassen,35,31185,5311,5311,127,5438,21
2021-07-22,Los Angeles,37,10098052,1242778,1232164,47030,1279194,24623
2021-07-22,Madera,39,155013,17024,16885,1009,17894,245
2021-07-22,Marin,41,260295,14683,14454,295,14749,238
2021-07-22,Mariposa,43,17540,461,453,11,464,5
2021-07-22,Mendocino,45,87422,4421,4293,83,4376,49
2021-07-22,Merced,47,269075,31812,31661,1050,32711,473
2021-07-22,Modoc,49,8938,416,413,147,560,5
2021-07-22,Mono,51,14174,1276,1284,13,1297,3
2021-07-22,Monterey,53,433212,43626,43525,2009,45534,521
2021-07-22,Napa,55,140530,10363,10230,46,10276,81
2021-07-22,Nevada,57,99092,5322,5183,206,5389,72
2021-07-22,Orange,59,3164182,262267,259973,12440,272413,5141
2021-07-22,Placer,61,380077,24932,24530,1867,26397,303
2021-07-22,Plumas,63,18699,748,737,15,752,4
2021-07-22,Riverside,65,2383286,298952,296912,15321,312233,4552
2021-07-22,Sacramento,67,1510023,113917,112438,2219,114657,1698
2021-07-22,San Benito,69,59416,6226,6200,119,6319,63
2021-07-22,San Bernardino,71,2135413,299802,297899,9424,307323,5236
2021-07-22,San Diego,73,3302833,293008,289368,0,289368,3788
2021-07-22,San Francisco,75,870044,39910,38954,1547,40501,561
2021-07-22,San Joaquin,77,732212,76164,75461,4031,79492,1436
2021-07-22,San Luis Obispo,79,281455,21832,21616,830,22446,260
2021-07-22,San Mateo,81,765935,44374,43880,569,44449,542
2021-07-22,Santa Barbara,83,443738,35436,35071,1311,36382,465
2021-07-22,Santa Clara,85,1922200,122103,121092,870,121962,2099
2021-07-22,Santa Cruz,87,273765,16552,16416,892,17308,207
2021-07-22,Shasta,89,179085,12882,12759,1773,14532,211
2021-07-22,Sierra,91,2930,65,64,14,78,0
2021-07-22,Siskiyou,93,43540,2023,1951,451,2402,31
2021-07-22,Solano,95,438530,35130,34499,693,35192,259
2021-07-22,Sonoma,97,501317,32469,31928,391,32319,327
2021-07-22,Stanislaus,99,539301,58339,57879,6489,64368,1030
2021-07-22,Sutter,101,95872,9980,9890,104,9994,115
2021-07-22,Tehama,103,63373,5189,5166,630,5796,65
2021-07-22,Trinity,105,12862,383,345,79,424,3
2021-07-22,Tulare,107,460477,50310,50104,9962,60066,854
2021-07-22,Tuolumne,109,53932,4306,4216,41,4257,64
2021-07-22,Ventura,111,848112,83135,82687,3505,86192,1041
2021-07-22,Yolo,113,214977,14787,14557,462,15019,214
2021-07-22,Yuba,115,75493,6551,6449,137,6586,51
2021-07-21,Alameda,1,1643700,94356,92840,2288,95128,1256
2021-07-21,Alpine,3,1148,89,89,0,89,0
2021-07-21,Amador,5,37829,3858,3813,36,3849,48
2021-07-21,Butte,7,227075,13117,12939,2042,14981,203
2021-07-21,Calaveras,9,45235,2274,2257,17,2274,57
2021-07-21,Colusa,11,21464,1996,1988,351,2339,16
2021-07-21,Contra Costa,13,1133247,74749,73320,1540,74860,827
2021-07-21,Del Norte,15,27424,1527,1492,10,1502,8
2021-07-21,El Dorado,17,186661,10907,10742,870,11612,116
2021-07-21,Fresno,19,978130,104254,103504,9343,112847,1736
2021-07-21,Glenn,21,27897,2456,2455,596,3051,20
2021-07-21,Humboldt,23,135768,4898,4763,64,4827,52
2021-07-21,Imperial,25,180216,29073,28964,2943,31907,742
2021-07-21,Inyo,27,18085,1433,1423,4,1427,38
2021-07-21,Kern,29,883053,98612,98152,12107,110259,1350
2021-07-21,Kings,31,150075,23457,23270,1251,24521,246
2021-07-21,Lake,33,64148,4068,3896,13,3909,64
2021-07-21,Lassen,35,31185,5308,5310,127,5437,21
2021-07-21,Los Angeles,37,10098052,1240305,1229598,46906,1276504,24609
2021-07-21,Madera,39,155013,17005,16858,1006,17864,245
2021-07-21,Marin,41,260295,14634,14427,295,14722,238
2021-07-21,Mariposa,43,17540,457,449,11,460,5
2021-07-21,Mendocino,45,87422,4402,4274,83,4357,49
2021-07-21,Merced,47,269075,31773,31607,1045,32652,473
2021-07-21,Modoc,49,8938,416,413,147,560,5
2021-07-21,Mono,51,14174,1273,1282,13,1295,3
2021-07-21,Monterey,53,433212,43596,43502,2005,45507,515
2021-07-21,Napa,55,140530,10338,10209,46,10255,81
2021-07-21,Nevada,57,99092,5287,5152,206,5358,72
2021-07-21,Orange,59,3164182,261723,259615,12411,272026,5139
2021-07-21,Placer,61,380077,24823,24441,1856,26297,303
2021-07-21,Plumas,63,18699,748,736,15,751,4
2021-07-21,Riverside,65,2383286,298441,296419,15304,311723,4552
2021-07-21,Sacramento,67,1510023,113507,112043,2208,114251,1696
2021-07-21,San Benito,69,59416,6216,6196,119,6315,63
2021-07-21,San Bernardino,71,2135413,299350,297519,9416,306935,5230
2021-07-21,San Diego,73,3302833,292162,288682,0,288682,3787
2021-07-21,San Francisco,75,870044,39685,38699,1542,40241,559
2021-07-21,San Joaquin,77,732212,75975,75288,4019,79307,1434
2021-07-21,San Luis Obispo,79,281455,21796,21579,827,22406,260
2021-07-21,San Mateo,81,765935,44282,43755,565,44320,542
2021-07-21,Santa Barbara,83,443738,35379,34998,1293,36291,465
2021-07-21,Santa Clara,85,1922200,121894,120838,867,121705,2099
2021-07-21,Santa Cruz,87,273765,16518,16407,892,17299,207
2021-07-21,Shasta,89,179085,12850,12751,1769,14520,211
2021-07-21,Sierra,91,2930,65,64,14,78,0
2021-07-21,Siskiyou,93,43540,2021,1943,449,2392,31
2021-07-21,Solano,95,438530,34975,34374,688,35062,258
2021-07-21,Sonoma,97,501317,32353,31789,391,32180,327
2021-07-21,Stanislaus,99,539301,58237,57774,6480,64254,1028
2021-07-21,Sutter,101,95872,9956,9862,104,9966,113
2021-07-21,Tehama,103,63373,5185,5161,630,5791,65
2021-07-21,Trinity,105,12862,382,345,78,423,3
2021-07-21,Tulare,107,460477,50251,50066,9935,60001,854
2021-07-21,Tuolumne,109,53932,4269,4156,41,4197,64
2021-07-21,Ventura,111,848112,83015,82573,3493,86066,1041
2021-07-21,Yolo,113,214977,14746,14525,461,14986,213
2021-07-21,Yuba,115,75493,6524,6425,137,6562,52
2021-07-20,Alameda,1,1643700,93978,92625,2275,94900,1256
2021-07-20,Alpine,3,1148,89,89,0,89,0
2021-07-20,Amador,5,37829,3847,3807,36,3843,48
2021-07-20,Butte,7,227075,13080,12916,2036,14952,203
2021-07-20,Calaveras,9,45235,2271,2249,17,2266,57
2021-07-20,Colusa,11,21464,1996,1985,351,2336,16
2021-07-20,Contra Costa,13,1133247,74464,73143,1521,74664,825
2021-07-20,Del Norte,15,27424,1518,1490,10,1500,8
2021-07-20,El Dorado,17,186661,10866,10727,865,11592,116
2021-07-20,Fresno,19,978130,104116,103438,9332,112770,1736
2021-07-20,Glenn,21,27897,2456,2453,596,3049,20
2021-07-20,Humboldt,23,135768,4854,4735,62,4797,52
2021-07-20,Imperial,25,180216,29053,28933,2943,31876,742
2021-07-20,Inyo,27,18085,1429,1420,4,1424,36
2021-07-20,Kern,29,883053,98505,98082,12078,110160,1350
2021-07-20,Kings,31,150075,23416,23254,1247,24501,246
2021-07-20,Lake,33,64148,4044,3871,13,3884,64
2021-07-20,Lassen,35,31185,5308,5306,127,5433,21
2021-07-20,Los Angeles,37,10098052,1237541,1227404,46746,1274150,24603
2021-07-20,Madera,39,155013,16984,16856,1002,17858,245
2021-07-20,Marin,41,260295,14600,14396,292,14688,234
2021-07-20,Mariposa,43,17540,456,448,11,459,5
2021-07-20,Mendocino,45,87422,4385,4259,83,4342,49
2021-07-20,Merced,47,269075,31736,31578,1037,32615,473
2021-07-20,Modoc,49,8938,416,413,147,560,5
2021-07-20,Mono,51,14174,1269,1281,13,1294,3
2021-07-20,Monterey,53,433212,43565,43481,2002,45483,515
2021-07-20,Napa,55,140530,10315,10191,46,10237,81
2021-07-20,Nevada,57,99092,5268,5148,205,5353,72
2021-07-20,Orange,59,3164182,261187,259303,12384,271687,5139
2021-07-20,Placer,61,380077,24736,24408,1830,26238,303
2021-07-20,Plumas,63,18699,745,736,15,751,4
2021-07-20,Riverside,65,2383286,297908,296118,15291,311409,4543
2021-07-20,Sacramento,67,1510023,113069,111796,2178,113974,1695
2021-07-20,San Benito,69,59416,6209,6196,119,6315,63
2021-07-20,San Bernardino,71,2135413,298928,297222,9390,306612,5231
2021-07-20,San Diego,73,3302833,291246,288209,0,288209,3786
2021-07-20,San Francisco,75,870044,39429,38536,1531,40067,558
2021-07-20,San Joaquin,77,732212,75803,75198,4006,79204,1433
2021-07-20,San Luis Obispo,79,281455,21751,21556,826,22382,259
2021-07-20,San Mateo,81,765935,44168,43670,563,44233,542
2021-07-20,Santa Barbara,83,443738,35309,34935,1286,36221,462
2021-07-20,Santa Clara,85,1922200,121638,120704,865,121569,2098
2021-07-20,Santa Cruz,87,273765,16489,16399,892,17291,207
2021-07-20,Shasta,89,179085,12824,12734,1764,14498,211
2021-07-20,Sierra,91,2930,65,64,14,78,0
2021-07-20,Siskiyou,93,43540,2017,1931,448,2379,31
2021-07-20,Solano,95,438530,34849,34337,681,35018,258
2021-07-20,Sonoma,97,501317,32235,31763,390,32153,326
2021-07-20,Stanislaus,99,539301,58121,57706,6474,64180,1028
2021-07-20,Sutter,101,95872,9930,9854,101,9955,114
2021-07-20,Tehama,103,63373,5183,5153,630,5783,65
2021-07-20,Trinity,105,12862,380,344,77,421,3
2021-07-20,Tulare,107,460477,50210,50047,9917,59964,854
2021-07-20,Tuolumne,109,53932,4250,4156,41,4197,64
2021-07-20,Ventura,111,848112,82864,82504,3476,85980,1041
2021-07-20,Yolo,113,214977,14683,14495,458,14953,213
2021-07-20,Yuba,115,75493,6499,6393,135,6528,52
2021-07-19,Alameda,1,1643700,93602,92357,2259,94616,1256
2021-07-19,Alpine,3,1148,89,89,0,89,0
2021-07-19,Amador,5,37829,3843,3802,36,3838,48
2021-07-19,Butte,7,227075,13035,12901,2030,14931,202
2021-07-19,Calaveras,9,45235,2270,2245,17,2262,57
2021-07-19,Colusa,11,21464,1994,1981,350,2331,16
2021-07-19,Contra Costa,13,1133247,74156,72935,1500,74435,825
2021-07-19,Del Norte,15,27424,1506,1484,10,1494,8
2021-07-19,El Dorado,17,186661,10836,10703,857,11560,114
2021-07-19,Fresno,19,978130,103991,103350,9316,112666,1731
2021-07-19,Glenn,21,27897,2456,2452,595,3047,20
2021-07-19,Humboldt,23,135768,4824,4719,60,4779,52
2021-07-19,Imperial,25,180216,29027,28888,2943,31831,742
2021-07-19,Inyo,27,18085,1428,1417,4,1421,36
2021-07-19,Kern,29,883053,98394,97999,12042,110041,1349
2021-07-19,Kings,31,150075,23383,23221,1241,24462,246
2021-07-19,Lake,33,64148,4008,3848,13,3861,64
2021-07-19,Lassen,35,31185,5307,5305,127,5432,21
2021-07-19,Los Angeles,37,10098052,1234965,1225946,46557,1272503,24600
2021-07-19,Madera,39,155013,16962,16846,999,17845,244
2021-07-19,Marin,41,260295,14565,14369,289,14658,234
2021-07-19,Mariposa,43,17540,450,447,11,458,5
2021-07-19,Mendocino,45,87422,4367,4251,83,4334,49
2021-07-19,Merced,47,269075,31672,31565,1030,32595,472
2021-07-19,Modoc,49,8938,416,413,147,560,5
2021-07-19,Mono,51,14174,1267,1280,13,1293,3
2021-07-19,Monterey,53,433212,43541,43436,2001,45437,515
2021-07-19,Napa,55,140530,10290,10180,44,10224,81
2021-07-19,Nevada,57,99092,5240,5133,204,5337,72
2021-07-19,Orange,59,3164182,260684,258927,12351,271278,5138
2021-07-19,Placer,61,380077,24637,24359,1808,26167,303
2021-07-19,Plumas,63,18699,745,730,15,745,4
2021-07-19,Riverside,65,2383286,297417,295736,15253,310989,4543
2021-07-19,Sacramento,67,1510023,112711,111470,2152,113622,1696
2021-07-19,San Benito,69,59416,6206,6193,119,6312,63
2021-07-19,San Bernardino,71,2135413,298560,296929,9370,306299,5235
2021-07-19,San Diego,73,3302833,290359,287695,0,287695,3786
2021-07-19,San Francisco,75,870044,39161,38463,1517,39980,560
2021-07-19,San Joaquin,77,732212,75637,75086,4000,79086,1431
2021-07-19,San Luis Obispo,79,281455,21706,21531,822,22353,259
2021-07-19,San Mateo,81,765935,44021,43563,555,44118,542
2021-07-19,Santa Barbara,83,443738,35237,34904,1283,36187,461
2021-07-19,Santa Clara,85,1922200,121382,120554,864,121418,2098
2021-07-19,Santa Cruz,87,273765,16473,16387,892,17279,207
2021-07-19,Shasta,89,179085,12806,12723,1762,14485,209
2021-07-19,Sierra,91,2930,64,64,14,78,0
2021-07-19,Siskiyou,93,43540,2012,1927,446,2373,31
2021-07-19,Solano,95,438530,34680,34262,670,34932,261
2021-07-19,Sonoma,97,501317,32112,31713,389,32102,325
2021-07-19,Stanislaus,99,539301,58020,57644,6463,64107,1027
2021-07-19,Sutter,101,95872,9914,9834,101,9935,114
2021-07-19,Tehama,103,63373,5176,5152,628,5780,65
2021-07-19,Trinity,105,12862,380,344,76,420,3
2021-07-19,Tulare,107,460477,50165,49994,9899,59893,855
2021-07-19,Tuolumne,109,53932,4240,4151,41,4192,64
2021-07-19,Ventura,111,848112,82768,82409,3454,85863,1041
2021-07-19,Yolo,113,214977,14652,14439,456,14895,213
2021-07-19,Yuba,115,75493,6475,6370,135,6505,52
2021-07-18,Alameda,1,1643700,93253,92162,2244,94406,1256
2021-07-18,Alpine,3,1148,89,89,0,89,0
2021-07-18,Amador,5,37829,3832,3799,36,3835,48
2021-07-18,Butte,7,227075,12994,12888,2024,14912,202
2021-07-18,Calaveras,9,45235,2269,2243,17,2260,57
2021-07-18,Colusa,11,21464,1994,1981,349,2330,16
2021-07-18,Contra Costa,13,1133247,73841,72849,1482,74331,825
2021-07-18,Del Norte,15,27424,1497,1482,10,1492,8
2021-07-18,El Dorado,17,186661,10798,10687,849,11536,114
2021-07-18,Fresno,19,978130,103839,103298,9297,112595,1731
2021-07-18,Glenn,21,27897,2455,2452,594,3046,20
2021-07-18,Humboldt,23,135768,4788,4714,60,4774,52
2021-07-18,Imperial,25,180216,28991,28877,2942,31819,742
2021-07-18,Inyo,27,18085,1424,1417,4,1421,36
2021-07-18,Kern,29,883053,98268,97963,12000,109963,1349
2021-07-18,Kings,31,150075,23362,23203,1237,24440,246
2021-07-18,Lake,33,64148,3972,3825,13,3838,64
2021-07-18,Lassen,35,31185,5307,5305,127,5432,21
2021-07-18,Los Angeles,37,10098052,1232306,1224691,46373,1271064,24598
2021-07-18,Madera,39,155013,16937,16838,996,17834,244
2021-07-18,Marin,41,260295,14529,14358,287,14645,234
2021-07-18,Mariposa,43,17540,449,447,11,458,5
2021-07-18,Mendocino,45,87422,4346,4246,83,4329,49
2021-07-18,Merced,47,269075,31641,31537,1028,32565,471
2021-07-18,Modoc,49,8938,416,413,147,560,5
2021-07-18,Mono,51,14174,1266,1280,13,1293,3
2021-07-18,Monterey,53,433212,43523,43422,1992,45414,515
2021-07-18,Napa,55,140530,10273,10174,41,10215,81
2021-07-18,Nevada,57,99092,5214,5124,204,5328,72
2021-07-18,Orange,59,3164182,260203,258724,12321,271045,5138
2021-07-18,Placer,61,380077,24573,24313,1781,26094,303
2021-07-18,Plumas,63,18699,745,730,15,745,4
2021-07-18,Riverside,65,2383286,296928,295522,15212,310734,4543
2021-07-18,Sacramento,67,1510023,112285,111255,2122,113377,1696
2021-07-18,San Benito,69,59416,6198,6191,119,6310,63
2021-07-18,San Bernardino,71,2135413,298078,296739,9354,306093,5233
2021-07-18,San Diego,73,3302833,289544,286287,0,286287,3786
2021-07-18,San Francisco,75,870044,38931,38367,1505,39872,560
2021-07-18,San Joaquin,77,732212,75464,74997,3987,78984,1431
2021-07-18,San Luis Obispo,79,281455,21670,21527,819,22346,259
2021-07-18,San Mateo,81,765935,43909,43506,549,44055,542
2021-07-18,Santa Barbara,83,443738,35173,34880,1281,36161,461
2021-07-18,Santa Clara,85,1922200,121169,120438,856,121294,2098
2021-07-18,Santa Cruz,87,273765,16441,16372,891,17263,207
2021-07-18,Shasta,89,179085,12781,12714,1758,14472,209
2021-07-18,Sierra,91,2930,64,64,14,78,0
2021-07-18,Siskiyou,93,43540,2006,1927,441,2368,31
2021-07-18,Solano,95,438530,34561,34215,666,34881,261
2021-07-18,Sonoma,97,501317,32008,31675,388,32063,325
2021-07-18,Stanislaus,99,539301,57909,57600,6439,64039,1028
2021-07-18,Sutter,101,95872,9882,9826,100,9926,114
2021-07-18,Tehama,103,63373,5173,5150,627,5777,65
2021-07-18,Trinity,105,12862,380,344,76,420,3
2021-07-18,Tulare,107,460477,50113,49985,9876,59861,855
2021-07-18,Tuolumne,109,53932,4222,4149,41,4190,64
2021-07-18,Ventura,111,848112,82660,82361,3428,85789,1041
2021-07-18,Yolo,113,214977,14596,14425,450,14875,213
2021-07-18,Yuba,115,75493,6434,6357,135,6492,52
2021-07-17,Alameda,1,1643700,93039,91346,2231,93577,1255
2021-07-17,Alpine,3,1148,89,89,0,89,0
2021-07-17,Amador,5,37829,3823,3785,36,3821,48
2021-07-17,Butte,7,227075,12981,12824,2020,14844,202
2021-07-17,Calaveras,9,45235,2263,2237,17,2254,57
2021-07-17,Colusa,11,21464,1991,1976,349,2325,16
2021-07-17,Contra Costa,13,1133247,73661,72254,1468,73722,824
2021-07-17,Del Norte,15,27424,1489,1475,10,1485,8
2021-07-17,El Dorado,17,186661,10772,10622,844,11466,114
2021-07-17,Fresno,19,978130,103767,103055,9284,112339,1730
2021-07-17,Glenn,21,27897,2454,2451,594,3045,20
2021-07-17,Humboldt,23,135768,4775,4654,59,4713,52
2021-07-17,Imperial,25,180216,28976,28840,2942,31782,742
2021-07-17,Inyo,27,18085,1424,1416,4,1420,36
2021-07-17,Kern,29,883053,98212,97796,11964,109760,1348
2021-07-17,Kings,31,150075,23341,23163,1236,24399,246
2021-07-17,Lake,33,64148,3947,3760,13,3773,64
2021-07-17,Lassen,35,31185,5307,5302,127,5429,21
2021-07-17,Los Angeles,37,10098052,1230802,1219733,46223,1265956,24582
2021-07-17,Madera,39,155013,16929,16804,996,17800,240
2021-07-17,Marin,41,260295,14511,14297,285,14582,234
2021-07-17,Mariposa,43,17540,449,445,11,456,5
2021-07-17,Mendocino,45,87422,4334,4209,83,4292,49
2021-07-17,Merced,47,269075,31620,31451,1024,32475,471
2021-07-17,Modoc,49,8938,416,412,147,559,5
2021-07-17,Mono,51,14174,1264,1277,13,1290,3
2021-07-17,Monterey,53,433212,43501,43367,1986,45353,515
2021-07-17,Napa,55,140530,10257,10129,41,10170,81
2021-07-17,Nevada,57,99092,5199,5066,204,5270,72
2021-07-17,Orange,59,3164182,259900,257805,12280,270085,5136
2021-07-17,Placer,61,380077,24506,24169,1767,25936,303
2021-07-17,Plumas,63,18699,741,721,15,736,4
2021-07-17,Riverside,65,2383286,296621,294751,15180,309931,4542
2021-07-17,Sacramento,67,1510023,112051,110432,2101,112533,1694
2021-07-17,San Benito,69,59416,6192,6181,119,6300,63
2021-07-17,San Bernardino,71,2135413,297852,296048,9335,305383,5218
2021-07-17,San Diego,73,3302833,289138,285698,0,285698,3786
2021-07-17,San Francisco,75,870044,38811,37978,1501,39479,560
2021-07-17,San Joaquin,77,732212,75378,74695,3979,78674,1430
2021-07-17,San Luis Obispo,79,281455,21644,21462,818,22280,258
2021-07-17,San Mateo,81,765935,43839,43324,547,43871,542
2021-07-17,Santa Barbara,83,443738,35133,34769,1279,36048,461
2021-07-17,Santa Clara,85,1922200,120997,119980,853,120833,2097
2021-07-17,Santa Cruz,87,273765,16434,16337,891,17228,207
2021-07-17,Shasta,89,179085,12766,12683,1753,14436,210
2021-07-17,Sierra,91,2930,64,62,14,76,0
2021-07-17,Siskiyou,93,43540,2001,1922,438,2360,29
2021-07-17,Solano,95,438530,34497,34015,658,34673,263
2021-07-17,Sonoma,97,501317,31941,31536,387,31923,322
2021-07-17,Stanislaus,99,539301,57831,57400,6425,63825,1028
2021-07-17,Sutter,101,95872,9872,9778,100,9878,114
2021-07-17,Tehama,103,63373,5170,5145,627,5772,64
2021-07-17,Trinity,105,12862,379,341,76,417,3
2021-07-17,Tulare,107,460477,50092,49937,9864,59801,854
2021-07-17,Tuolumne,109,53932,4212,4131,41,4172,64
2021-07-17,Ventura,111,848112,82592,82125,3416,85541,1041
2021-07-17,Yolo,113,214977,14567,14356,442,14798,213
2021-07-17,Yuba,115,75493,6423,6309,135,6444,52
2021-07-16,Alameda,1,1643700,92805,91346,2219,93565,1255
2021-07-16,Alpine,3,1148,89,89,0,89,0
2021-07-16,Amador,5,37829,3820,3785,36,3821,48
2021-07-16,Butte,7,227075,12956,12824,2017,14841,202
2021-07-16,Calaveras,9,45235,2263,2237,17,2254,57
2021-07-16,Colusa,11,21464,1989,1976,348,2324,16
2021-07-16,Contra Costa,13,1133247,73472,72254,1463,73717,824
2021-07-16,Del Norte,15,27424,1487,1475,10,1485,8
2021-07-16,El Dorado,17,186661,10753,10622,843,11465,114
2021-07-16,Fresno,19,978130,103715,103055,9265,112320,1730
2021-07-16,Glenn,21,27897,2454,2451,594,3045,20
2021-07-16,Humboldt,23,135768,4753,4654,59,4713,52
2021-07-16,Imperial,25,180216,28964,28840,2942,31782,742
2021-07-16,Inyo,27,18085,1422,1416,4,1420,36
2021-07-16,Kern,29,883053,98150,97796,11923,109719,1348
2021-07-16,Kings,31,150075,23318,23163,1233,24396,246
2021-07-16,Lake,33,64148,3921,3760,13,3773,64
2021-07-16,Lassen,35,31185,5306,5302,127,5429,21
2021-07-16,Los Angeles,37,10098052,1229324,1219733,46074,1265807,24582
2021-07-16,Madera,39,155013,16911,16804,996,17800,240
2021-07-16,Marin,41,260295,14487,14297,282,14579,234
2021-07-16,Mariposa,43,17540,449,445,11,456,5
2021-07-16,Mendocino,45,87422,4325,4209,82,4291,49
2021-07-16,Merced,47,269075,31598,31451,1022,32473,471
2021-07-16,Modoc,49,8938,416,412,147,559,5
2021-07-16,Mono,51,14174,1263,1277,13,1290,3
2021-07-16,Monterey,53,433212,43479,43367,1985,45352,515
2021-07-16,Napa,55,140530,10233,10129,40,10169,81
2021-07-16,Nevada,57,99092,5189,5066,204,5270,72
2021-07-16,Orange,59,3164182,259635,257805,12240,270045,5136
2021-07-16,Placer,61,380077,24454,24169,1761,25930,303
2021-07-16,Plumas,63,18699,740,721,15,736,4
2021-07-16,Riverside,65,2383286,296345,294751,15154,309905,4542
2021-07-16,Sacramento,67,1510023,111836,110432,2089,112521,1694
2021-07-16,San Benito,69,59416,6190,6181,119,6300,63
2021-07-16,San Bernardino,71,2135413,297580,296048,9318,305366,5218
2021-07-16,San Diego,73,3302833,288691,285698,0,285698,3786
2021-07-16,San Francisco,75,870044,38694,37978,1496,39474,560
2021-07-16,San Joaquin,77,732212,75285,74695,3976,78671,1430
2021-07-16,San Luis Obispo,79,281455,21627,21462,818,22280,258
2021-07-16,San Mateo,81,765935,43786,43324,545,43869,542
2021-07-16,Santa Barbara,83,443738,35095,34769,1279,36048,461
2021-07-16,Santa Clara,85,1922200,120849,119980,845,120825,2097
2021-07-16,Santa Cruz,87,273765,16421,16337,891,17228,207
2021-07-16,Shasta,89,179085,12756,12683,1752,14435,210
2021-07-16,Sierra,91,2930,64,62,14,76,0
2021-07-16,Siskiyou,93,43540,1999,1922,436,2358,29
2021-07-16,Solano,95,438530,34432,34015,650,34665,263
2021-07-16,Sonoma,97,501317,31889,31536,385,31921,322
2021-07-16,Stanislaus,99,539301,57783,57400,6413,63813,1028
2021-07-16,Sutter,101,95872,9860,9778,100,9878,114
2021-07-16,Tehama,103,63373,5168,5145,627,5772,64
2021-07-16,Trinity,105,12862,379,341,75,416,3
2021-07-16,Tulare,107,460477,50068,49937,9854,59791,854
2021-07-16,Tuolumne,109,53932,4206,4131,41,4172,64
2021-07-16,Ventura,111,848112,82529,82125,3409,85534,1041
2021-07-16,Yolo,113,214977,14541,14356,438,14794,213
2021-07-16,Yuba,115,75493,6402,6309,135,6444,52
2021-07-15,Alameda,1,1643700,92504,91346,2209,93555,1255
2021-07-15,Alpine,3,1148,89,89,0,89,0
2021-07-15,Amador,5,37829,3817,3785,36,3821,48
2021-07-15,Butte,7,227075,12930,12824,2014,14838,202
2021-07-15,Calaveras,9,45235,2261,2237,17,2254,57
2021-07-15,Colusa,11,21464,1988,1976,347,2323,16
2021-07-15,Contra Costa,13,1133247,73258,72254,1455,73709,824
2021-07-15,Del Norte,15,27424,1484,1475,10,1485,8
2021-07-15,El Dorado,17,186661,10726,10622,841,11463,114
2021-07-15,Fresno,19,978130,103619,103055,9244,112299,1730
2021-07-15,Glenn,21,27897,2454,2451,594,3045,20
2021-07-15,Humboldt,23,135768,4735,4654,58,4712,52
2021-07-15,Imperial,25,180216,28941,28840,2942,31782,742
2021-07-15,Inyo,27,18085,1422,1416,4,1420,36
2021-07-15,Kern,29,883053,98080,97796,11896,109692,1348
2021-07-15,Kings,31,150075,23281,23163,1230,24393,246
2021-07-15,Lake,33,64148,3882,3760,13,3773,64
2021-07-15,Lassen,35,31185,5305,5302,127,5429,21
2021-07-15,Los Angeles,37,10098052,1227362,1219733,45908,1265641,24582
2021-07-15,Madera,39,155013,16889,16804,992,17796,240
2021-07-15,Marin,41,260295,14463,14297,282,14579,234
2021-07-15,Mariposa,43,17540,449,445,11,456,5
2021-07-15,Mendocino,45,87422,4317,4209,81,4290,49
2021-07-15,Merced,47,269075,31568,31451,1022,32473,471
2021-07-15,Modoc,49,8938,416,412,147,559,5
2021-07-15,Mono,51,14174,1263,1277,13,1290,3
2021-07-15,Monterey,53,433212,43450,43367,1982,45349,515
2021-07-15,Napa,55,140530,10208,10129,39,10168,81
2021-07-15,Nevada,57,99092,5171,5066,203,5269,72
2021-07-15,Orange,59,3164182,259285,257805,12220,270025,5136
2021-07-15,Placer,61,380077,24395,24169,1744,25913,303
2021-07-15,Plumas,63,18699,739,721,15,736,4
2021-07-15,Riverside,65,2383286,296028,294751,15138,309889,4542
2021-07-15,Sacramento,67,1510023,111537,110432,2071,112503,1694
2021-07-15,San Benito,69,59416,6188,6181,119,6300,63
2021-07-15,San Bernardino,71,2135413,297274,296048,9304,305352,5218
2021-07-15,San Diego,73,3302833,288060,285698,0,285698,3786
2021-07-15,San Francisco,75,870044,38544,37978,1487,39465,560
2021-07-15,San Joaquin,77,732212,75171,74695,3971,78666,1430
2021-07-15,San Luis Obispo,79,281455,21594,21462,818,22280,258
2021-07-15,San Mateo,81,765935,43685,43324,541,43865,542
2021-07-15,Santa Barbara,83,443738,35042,34769,1278,36047,461
2021-07-15,Santa Clara,85,1922200,120728,119980,842,120822,2097
2021-07-15,Santa Cruz,87,273765,16408,16337,891,17228,207
2021-07-15,Shasta,89,179085,12748,12683,1747,14430,210
2021-07-15,Sierra,91,2930,64,62,14,76,0
2021-07-15,Siskiyou,93,43540,1998,1922,436,2358,29
2021-07-15,Solano,95,438530,34358,34015,644,34659,263
2021-07-15,Sonoma,97,501317,31828,31536,385,31921,322
2021-07-15,Stanislaus,99,539301,57715,57400,6399,63799,1028
2021-07-15,Sutter,101,95872,9840,9778,100,9878,114
2021-07-15,Tehama,103,63373,5162,5145,626,5771,64
2021-07-15,Trinity,105,12862,379,341,75,416,3
2021-07-15,Tulare,107,460477,50047,49937,9837,59774,854
2021-07-15,Tuolumne,109,53932,4194,4131,41,4172,64
2021-07-15,Ventura,111,848112,82451,82125,3404,85529,1041
2021-07-15,Yolo,113,214977,14515,14356,437,14793,213
2021-07-15,Yuba,115,75493,6387,6309,135,6444,52
2021-07-14,Alameda,1,1643700,92252,91092,2190,93282,1255
2021-07-14,Alpine,3,1148,89,89,0,89,0
2021-07-14,Amador,5,37829,3809,3784,36,3820,48
2021-07-14,Butte,7,227075,12903,12813,2007,14820,202
2021-07-14,Calaveras,9,45235,2253,2234,17,2251,57
2021-07-14,Colusa,11,21464,1985,1974,347,2321,16
2021-07-14,Contra Costa,13,1133247,73033,72091,1442,73533,823
2021-07-14,Del Norte,15,27424,1483,1472,10,1482,8
2021-07-14,El Dorado,17,186661,10700,10598,838,11436,114
2021-07-14,Fresno,19,978130,103541,102966,9232,112198,1728
2021-07-14,Glenn,21,27897,2454,2449,594,3043,20
2021-07-14,Humboldt,23,135768,4712,4644,56,4700,52
2021-07-14,Imperial,25,180216,28911,28822,2942,31764,742
2021-07-14,Inyo,27,18085,1421,1415,4,1419,36
2021-07-14,Kern,29,883053,98017,97736,11870,109606,1346
2021-07-14,Kings,31,150075,23268,23142,1230,24372,246
2021-07-14,Lake,33,64148,3849,3739,13,3752,63
2021-07-14,Lassen,35,31185,5304,5298,127,5425,21
2021-07-14,Los Angeles,37,10098052,1225363,1218265,45759,1264024,24578
2021-07-14,Madera,39,155013,16877,16786,990,17776,240
2021-07-14,Marin,41,260295,14429,14269,280,14549,233
2021-07-14,Mariposa,43,17540,447,445,11,456,5
2021-07-14,Mendocino,45,87422,4304,4193,81,4274,49
2021-07-14,Merced,47,269075,31531,31412,1019,32431,471
2021-07-14,Modoc,49,8938,416,412,147,559,4
2021-07-14,Mono,51,14174,1263,1278,13,1291,3
2021-07-14,Monterey,53,433212,43427,43347,1979,45326,504
2021-07-14,Napa,55,140530,10186,10121,39,10160,81
2021-07-14,Nevada,57,99092,5152,5058,203,5261,72
2021-07-14,Orange,59,3164182,258973,257558,12191,269749,5137
2021-07-14,Placer,61,380077,24344,24125,1732,25857,303
2021-07-14,Plumas,63,18699,732,719,15,734,4
2021-07-14,Riverside,65,2383286,295702,294511,15121,309632,4542
2021-07-14,Sacramento,67,1510023,111210,110193,2049,112242,1688
2021-07-14,San Benito,69,59416,6185,6177,119,6296,63
2021-07-14,San Bernardino,71,2135413,296976,295820,9289,305109,5193
2021-07-14,San Diego,73,3302833,287495,285269,0,285269,3786
2021-07-14,San Francisco,75,870044,38404,37836,1480,39316,559
2021-07-14,San Joaquin,77,732212,75080,74599,3962,78561,1416
2021-07-14,San Luis Obispo,79,281455,21572,21444,816,22260,258
2021-07-14,San Mateo,81,765935,43589,43249,537,43786,542
2021-07-14,Santa Barbara,83,443738,35002,34719,1276,35995,461
2021-07-14,Santa Clara,85,1922200,120578,119844,839,120683,2098
2021-07-14,Santa Cruz,87,273765,16394,16326,891,17217,207
2021-07-14,Shasta,89,179085,12728,12669,1744,14413,209
2021-07-14,Sierra,91,2930,64,62,14,76,0
2021-07-14,Siskiyou,93,43540,1991,1922,433,2355,29
2021-07-14,Solano,95,438530,34286,33948,644,34592,268
2021-07-14,Sonoma,97,501317,31777,31470,384,31854,322
2021-07-14,Stanislaus,99,539301,57640,57340,6386,63726,1028
2021-07-14,Sutter,101,95872,9817,9766,100,9866,114
2021-07-14,Tehama,103,63373,5160,5142,626,5768,64
2021-07-14,Trinity,105,12862,379,341,75,416,3
2021-07-14,Tulare,107,460477,50031,49908,9822,59730,853
2021-07-14,Tuolumne,109,53932,4191,4128,40,4168,64
2021-07-14,Ventura,111,848112,82358,82041,3392,85433,1040
2021-07-14,Yolo,113,214977,14482,14332,434,14766,213
2021-07-14,Yuba,115,75493,6369,6294,135,6429,52
2021-07-13,Alameda,1,1643700,91986,90874,2179,93053,1255
2021-07-13,Alpine,3,1148,89,89,0,89,0
2021-07-13,Amador,5,37829,3801,3783,36,3819,48
2021-07-13,Butte,7,227075,12890,12802,2005,14807,202
2021-07-13,Calaveras,9,45235,2249,2230,17,2247,57
2021-07-13,Colusa,11,21464,1983,1972,343,2315,16
2021-07-13,Contra Costa,13,1133247,72809,71963,1433,73396,823
2021-07-13,Del Norte,15,27424,1481,1471,10,1481,8
2021-07-13,El Dorado,17,186661,10682,10581,835,11416,114
2021-07-13,Fresno,19,978130,103465,102909,9223,112132,1727
2021-07-13,Glenn,21,27897,2452,2448,594,3042,20
2021-07-13,Humboldt,23,135768,4697,4634,56,4690,51
2021-07-13,Imperial,25,180216,28900,28792,2942,31734,741
2021-07-13,Inyo,27,18085,1420,1415,4,1419,36
2021-07-13,Kern,29,883053,97931,97698,11830,109528,1346
2021-07-13,Kings,31,150075,23250,23132,1230,24362,246
2021-07-13,Lake,33,64148,3822,3719,13,3732,63
2021-07-13,Lassen,35,31185,5302,5292,127,5419,21
2021-07-13,Los Angeles,37,10098052,1223527,1217184,45585,1262769,24569
2021-07-13,Madera,39,155013,16868,16773,986,17759,240
2021-07-13,Marin,41,260295,14400,14254,279,14533,233
2021-07-13,Mariposa,43,17540,446,443,11,454,5
2021-07-13,Mendocino,45,87422,4297,4185,81,4266,49
2021-07-13,Merced,47,269075,31510,31379,1016,32395,471
2021-07-13,Modoc,49,8938,416,411,147,558,4
2021-07-13,Mono,51,14174,1262,1277,13,1290,3
2021-07-13,Monterey,53,433212,43409,43333,1975,45308,504
2021-07-13,Napa,55,140530,10165,10118,39,10157,81
2021-07-13,Nevada,57,99092,5127,5053,203,5256,72
2021-07-13,Orange,59,3164182,258648,257339,12162,269501,5136
2021-07-13,Placer,61,380077,24297,24091,1719,25810,303
2021-07-13,Plumas,63,18699,731,716,15,731,4
2021-07-13,Riverside,65,2383286,295382,294302,15094,309396,4541
2021-07-13,Sacramento,67,1510023,110908,109990,2028,112018,1687
2021-07-13,San Benito,69,59416,6183,6173,119,6292,63
2021-07-13,San Bernardino,71,2135413,296695,295596,9267,304863,5183
2021-07-13,San Diego,73,3302833,286953,284997,0,284997,3785
2021-07-13,San Francisco,75,870044,38260,37725,1473,39198,559
2021-07-13,San Joaquin,77,732212,74963,74500,3958,78458,1417
2021-07-13,San Luis Obispo,79,281455,21546,21423,813,22236,258
2021-07-13,San Mateo,81,765935,43521,43180,536,43716,542
2021-07-13,Santa Barbara,83,443738,34953,34679,1273,35952,461
2021-07-13,Santa Clara,85,1922200,120423,119727,835,120562,2098
2021-07-13,Santa Cruz,87,273765,16385,16315,889,17204,207
2021-07-13,Shasta,89,179085,12715,12659,1737,14396,209
2021-07-13,Sierra,91,2930,64,62,14,76,0
2021-07-13,Siskiyou,93,43540,1990,1916,431,2347,29
2021-07-13,Solano,95,438530,34224,33918,638,34556,268
2021-07-13,Sonoma,97,501317,31718,31431,384,31815,322
2021-07-13,Stanislaus,99,539301,57572,57282,6372,63654,1028
2021-07-13,Sutter,101,95872,9799,9752,99,9851,114
2021-07-13,Tehama,103,63373,5153,5144,626,5770,64
2021-07-13,Trinity,105,12862,379,341,74,415,3
2021-07-13,Tulare,107,460477,50007,49891,9806,59697,853
2021-07-13,Tuolumne,109,53932,4183,4122,39,4161,64
2021-07-13,Ventura,111,848112,82277,81982,3366,85348,1040
2021-07-13,Yolo,113,214977,14454,14320,427,14747,213
2021-07-13,Yuba,115,75493,6353,6279,135,6414,52
2021-07-12,Alameda,1,1643700,91736,90720,2170,92890,1254
2021-07-12,Alpine,3,1148,89,89,0,89,0
2021-07-12,Amador,5,37829,3794,3781,36,3817,47
2021-07-12,Butte,7,227075,12870,12796,2003,14799,202
2021-07-12,Calaveras,9,45235,2246,2228,17,2245,57
2021-07-12,Colusa,11,21464,1979,1971,342,2313,16
2021-07-12,Contra Costa,13,1133247,72607,71833,1428,73261,823
2021-07-12,Del Norte,15,27424,1478,1469,10,1479,8
2021-07-12,El Dorado,17,186661,10653,10569,833,11402,114
2021-07-12,Fresno,19,978130,103372,102853,9211,112064,1728
2021-07-12,Glenn,21,27897,2452,2446,594,3040,20
2021-07-12,Humboldt,23,135768,4681,4621,56,4677,51
2021-07-12,Imperial,25,180216,28870,28789,2942,31731,741
2021-07-12,Inyo,27,18085,1420,1415,4,1419,36
2021-07-12,Kern,29,883053,97862,97660,11805,109465,1346
2021-07-12,Kings,31,150075,23230,23124,1228,24352,246
2021-07-12,Lake,33,64148,3802,3706,13,3719,63
2021-07-12,Lassen,35,31185,5301,5292,127,5419,21
2021-07-12,Los Angeles,37,10098052,1221755,1216230,45440,1261670,24559
2021-07-12,Madera,39,155013,16858,16772,986,17758,240
2021-07-12,Marin,41,260295,14375,14238,278,14516,233
2021-07-12,Mariposa,43,17540,446,442,11,453,5
2021-07-12,Mendocino,45,87422,4285,4175,81,4256,49
2021-07-12,Merced,47,269075,31479,31374,1015,32389,471
2021-07-12,Modoc,49,8938,415,411,147,558,4
2021-07-12,Mono,51,14174,1260,1275,13,1288,3
2021-07-12,Monterey,53,433212,43388,43315,1971,45286,504
2021-07-12,Napa,55,140530,10147,10104,38,10142,81
2021-07-12,Nevada,57,99092,5104,5046,203,5249,72
2021-07-12,Orange,59,3164182,258300,257171,12137,269308,5136
2021-07-12,Placer,61,380077,24248,24052,1713,25765,302
2021-07-12,Plumas,63,18699,731,716,15,731,4
2021-07-12,Riverside,65,2383286,295074,294108,15064,309172,4541
2021-07-12,Sacramento,67,1510023,110692,109849,2006,111855,1685
2021-07-12,San Benito,69,59416,6180,6166,119,6285,63
2021-07-12,San Bernardino,71,2135413,296433,295447,9253,304700,5171
2021-07-12,San Diego,73,3302833,286489,284648,0,284648,3785
2021-07-12,San Francisco,75,870044,38113,37656,1469,39125,559
2021-07-12,San Joaquin,77,732212,74869,74424,3948,78372,1415
2021-07-12,San Luis Obispo,79,281455,21527,21408,812,22220,258
2021-07-12,San Mateo,81,765935,43428,43138,529,43667,542
2021-07-12,Santa Barbara,83,443738,34911,34664,1271,35935,461
2021-07-12,Santa Clara,85,1922200,120259,119634,832,120466,2098
2021-07-12,Santa Cruz,87,273765,16360,16310,888,17198,207
2021-07-12,Shasta,89,179085,12707,12648,1734,14382,208
2021-07-12,Sierra,91,2930,64,62,14,76,0
2021-07-12,Siskiyou,93,43540,1985,1916,426,2342,29
2021-07-12,Solano,95,438530,34138,33859,629,34488,268
2021-07-12,Sonoma,97,501317,31670,31377,383,31760,322
2021-07-12,Stanislaus,99,539301,57499,57243,6365,63608,1028
2021-07-12,Sutter,101,95872,9782,9736,98,9834,114
2021-07-12,Tehama,103,63373,5148,5138,625,5763,63
2021-07-12,Trinity,105,12862,375,340,72,412,3
2021-07-12,Tulare,107,460477,49980,49882,9792,59674,853
2021-07-12,Tuolumne,109,53932,4179,4116,39,4155,64
2021-07-12,Ventura,111,848112,82179,81919,3344,85263,1040
2021-07-12,Yolo,113,214977,14425,14303,423,14726,213
2021-07-12,Yuba,115,75493,6338,6266,135,6401,52
2021-07-11,Alameda,1,1643700,91413,90597,2155,92752,1254
2021-07-11,Alpine,3,1148,89,89,0,89,0
2021-07-11,Amador,5,37829,3792,3779,36,3815,47
2021-07-11,Butte,7,227075,12850,12794,1996,14790,202
2021-07-11,Calaveras,9,45235,2238,2226,16,2242,57
2021-07-11,Colusa,11,21464,1979,1971,341,2312,16
2021-07-11,Contra Costa,13,1133247,72398,71744,1421,73165,823
2021-07-11,Del Norte,15,27424,1474,1467,9,1476,8
2021-07-11,El Dorado,17,186661,10624,10554,831,11385,114
2021-07-11,Fresno,19,978130,103277,102813,9192,112005,1728
2021-07-11,Glenn,21,27897,2451,2446,594,3040,20
2021-07-11,Humboldt,23,135768,4668,4611,55,4666,51
2021-07-11,Imperial,25,180216,28852,28787,2942,31729,741
2021-07-11,Inyo,27,18085,1418,1415,4,1419,36
2021-07-11,Kern,29,883053,97789,97637,11789,109426,1346
2021-07-11,Kings,31,150075,23199,23116,1225,24341,246
2021-07-11,Lake,33,64148,3772,3699,13,3712,63
2021-07-11,Lassen,35,31185,5298,5291,127,5418,21
2021-07-11,Los Angeles,37,10098052,1220018,1215182,45275,1260457,24558
2021-07-11,Madera,39,155013,16840,16766,985,17751,240
2021-07-11,Marin,41,260295,14350,14231,278,14509,233
2021-07-11,Mariposa,43,17540,445,442,11,453,5
2021-07-11,Mendocino,45,87422,4265,4167,81,4248,49
2021-07-11,Merced,47,269075,31455,31366,1010,32376,471
2021-07-11,Modoc,49,8938,415,411,147,558,4
2021-07-11,Mono,51,14174,1260,1275,13,1288,3
2021-07-11,Monterey,53,433212,43370,43307,1966,45273,504
2021-07-11,Napa,55,140530,10143,10100,38,10138,81
2021-07-11,Nevada,57,99092,5093,5035,202,5237,72
2021-07-11,Orange,59,3164182,257994,257009,12110,269119,5136
2021-07-11,Placer,61,380077,24192,24017,1701,25718,302
2021-07-11,Plumas,63,18699,731,716,15,731,4
2021-07-11,Riverside,65,2383286,294810,293969,15046,309015,4541
2021-07-11,Sacramento,67,1510023,110420,109696,1995,111691,1685
2021-07-11,San Benito,69,59416,6175,6163,119,6282,63
2021-07-11,San Bernardino,71,2135413,296131,295342,9229,304571,5167
2021-07-11,San Diego,73,3302833,286075,283819,0,283819,3784
2021-07-11,San Francisco,75,870044,37986,37596,1463,39059,559
2021-07-11,San Joaquin,77,732212,74754,74376,3931,78307,1415
2021-07-11,San Luis Obispo,79,281455,21493,21403,811,22214,258
2021-07-11,San Mateo,81,765935,43348,43107,522,43629,542
2021-07-11,Santa Barbara,83,443738,34865,34646,1271,35917,461
2021-07-11,Santa Clara,85,1922200,120105,119549,831,120380,2098
2021-07-11,Santa Cruz,87,273765,16344,16303,888,17191,207
2021-07-11,Shasta,89,179085,12690,12647,1732,14379,208
2021-07-11,Sierra,91,2930,64,62,14,76,0
2021-07-11,Siskiyou,93,43540,1981,1915,424,2339,29
2021-07-11,Solano,95,438530,34060,33837,625,34462,268
2021-07-11,Sonoma,97,501317,31587,31352,383,31735,322
2021-07-11,Stanislaus,99,539301,57426,57230,6353,63583,1028
2021-07-11,Sutter,101,95872,9768,9728,98,9826,114
2021-07-11,Tehama,103,63373,5145,5138,625,5763,63
2021-07-11,Trinity,105,12862,374,340,72,412,3
2021-07-11,Tulare,107,460477,49956,49877,9772,59649,853
2021-07-11,Tuolumne,109,53932,4173,4116,39,4155,64
2021-07-11,Ventura,111,848112,82106,81875,3324,85199,1040
2021-07-11,Yolo,113,214977,14401,14285,415,14700,213
2021-07-11,Yuba,115,75493,6328,6260,135,6395,52
2021-07-10,Alameda,1,1643700,91268,90090,2151,92241,1252
2021-07-10,Alpine,3,1148,89,89,0,89,0
2021-07-10,Amador,5,37829,3786,3773,36,3809,47
2021-07-10,Butte,7,227075,12839,12764,1994,14758,202
2021-07-10,Calaveras,9,45235,2237,2214,16,2230,57
2021-07-10,Colusa,11,21464,1977,1969,341,2310,16
2021-07-10,Contra Costa,13,1133247,72299,71376,1420,72796,821
2021-07-10,Del Norte,15,27424,1472,1451,9,1460,8
2021-07-10,El Dorado,17,186661,10608,10508,827,11335,114
2021-07-10,Fresno,19,978130,103244,102675,9185,111860,1730
2021-07-10,Glenn,21,27897,2448,2440,593,3033,20
2021-07-10,Humboldt,23,135768,4659,4574,55,4629,51
2021-07-10,Imperial,25,180216,28839,28729,2942,31671,741
2021-07-10,Inyo,27,18085,1417,1415,4,1419,36
2021-07-10,Kern,29,883053,97750,97538,11771,109309,1346
2021-07-10,Kings,31,150075,23192,23090,1224,24314,246
2021-07-10,Lake,33,64148,3755,3667,13,3680,63
2021-07-10,Lassen,35,31185,5298,5290,127,5417,21
2021-07-10,Los Angeles,37,10098052,1219003,1212043,45170,1257213,24542
2021-07-10,Madera,39,155013,16834,16744,982,17726,241
2021-07-10,Marin,41,260295,14336,14194,278,14472,233
2021-07-10,Mariposa,43,17540,445,442,11,453,5
2021-07-10,Mendocino,45,87422,4258,4153,80,4233,49
2021-07-10,Merced,47,269075,31442,31328,1010,32338,470
2021-07-10,Modoc,49,8938,415,410,147,557,4
2021-07-10,Mono,51,14174,1260,1275,13,1288,3
2021-07-10,Monterey,53,433212,43356,43251,1964,45215,499
2021-07-10,Napa,55,140530,10131,10077,38,10115,81
2021-07-10,Nevada,57,99092,5084,5000,202,5202,72
2021-07-10,Orange,59,3164182,257824,256438,12095,268533,5135
2021-07-10,Placer,61,380077,24161,23916,1691,25607,302
2021-07-10,Plumas,63,18699,730,717,15,732,4
2021-07-10,Riverside,65,2383286,294624,293474,15032,308506,4541
2021-07-10,Sacramento,67,1510023,110268,109091,1990,111081,1682
2021-07-10,San Benito,69,59416,6170,6141,119,6260,63
2021-07-10,San Bernardino,71,2135413,295944,294932,9217,304149,5117
2021-07-10,San Diego,73,3302833,285786,283577,0,283577,3783
2021-07-10,San Francisco,75,870044,37903,37338,1458,38796,559
2021-07-10,San Joaquin,77,732212,74697,74150,3925,78075,1412
2021-07-10,San Luis Obispo,79,281455,21482,21375,810,22185,258
2021-07-10,San Mateo,81,765935,43298,42948,520,43468,542
2021-07-10,Santa Barbara,83,443738,34839,34595,1271,35866,460
2021-07-10,Santa Clara,85,1922200,120003,119330,828,120158,2094
2021-07-10,Santa Cruz,87,273765,16337,16286,888,17174,207
2021-07-10,Shasta,89,179085,12678,12623,1727,14350,206
2021-07-10,Sierra,91,2930,64,61,14,75,0
2021-07-10,Siskiyou,93,43540,1979,1909,421,2330,29
2021-07-10,Solano,95,438530,34020,33678,619,34297,268
2021-07-10,Sonoma,97,501317,31535,31231,383,31614,317
2021-07-10,Stanislaus,99,539301,57385,57104,6343,63447,1026
2021-07-10,Sutter,101,95872,9755,9692,98,9790,114
2021-07-10,Tehama,103,63373,5142,5131,625,5756,63
2021-07-10,Trinity,105,12862,374,341,72,413,3
2021-07-10,Tulare,107,460477,49946,49850,9766,59616,853
2021-07-10,Tuolumne,109,53932,4171,4114,39,4153,64
2021-07-10,Ventura,111,848112,82063,81713,3306,85019,1039
2021-07-10,Yolo,113,214977,14380,14250,412,14662,213
2021-07-10,Yuba,115,75493,6318,6238,135,6373,52
2021-07-09,Alameda,1,1643700,91117,90090,2145,92235,1252
2021-07-09,Alpine,3,1148,89,89,0,89,0
2021-07-09,Amador,5,37829,3785,3773,36,3809,47
2021-07-09,Butte,7,227075,12828,12764,1992,14756,202
2021-07-09,Calaveras,9,45235,2235,2214,16,2230,57
2021-07-09,Colusa,11,21464,1976,1969,341,2310,16
2021-07-09,Contra Costa,13,1133247,72174,71376,1419,72795,821
2021-07-09,Del Norte,15,27424,1468,1451,9,1460,8
2021-07-09,El Dorado,17,186661,10593,10508,826,11334,114
2021-07-09,Fresno,19,978130,103188,102675,9178,111853,1730
2021-07-09,Glenn,21,27897,2447,2440,591,3031,20
2021-07-09,Humboldt,23,135768,4640,4574,55,4629,51
2021-07-09,Imperial,25,180216,28830,28729,2941,31670,741
2021-07-09,Inyo,27,18085,1416,1415,4,1419,36
2021-07-09,Kern,29,883053,97712,97538,11759,109297,1346
2021-07-09,Kings,31,150075,23182,23090,1223,24313,246
2021-07-09,Lake,33,64148,3741,3667,13,3680,63
2021-07-09,Lassen,35,31185,5296,5290,126,5416,21
2021-07-09,Los Angeles,37,10098052,1218004,1212043,45093,1257136,24542
2021-07-09,Madera,39,155013,16825,16744,981,17725,241
2021-07-09,Marin,41,260295,14316,14194,276,14470,233
2021-07-09,Mariposa,43,17540,445,442,11,453,5
2021-07-09,Mendocino,45,87422,4251,4153,80,4233,49
2021-07-09,Merced,47,269075,31427,31328,1010,32338,470
2021-07-09,Modoc,49,8938,415,410,147,557,4
2021-07-09,Mono,51,14174,1260,1275,13,1288,3
2021-07-09,Monterey,53,433212,43347,43251,1964,45215,499
2021-07-09,Napa,55,140530,10124,10077,38,10115,81
2021-07-09,Nevada,57,99092,5075,5000,202,5202,72
2021-07-09,Orange,59,3164182,257624,256438,12080,268518,5135
2021-07-09,Placer,61,380077,24139,23916,1685,25601,302
2021-07-09,Plumas,63,18699,728,717,15,732,4
2021-07-09,Riverside,65,2383286,294437,293474,15018,308492,4541
2021-07-09,Sacramento,67,1510023,110117,109091,1982,111073,1682
2021-07-09,San Benito,69,59416,6168,6141,119,6260,63
2021-07-09,San Bernardino,71,2135413,295793,294932,9210,304142,5117
2021-07-09,San Diego,73,3302833,285500,283577,0,283577,3783
2021-07-09,San Francisco,75,870044,37825,37338,1451,38789,559
2021-07-09,San Joaquin,77,732212,74625,74150,3917,78067,1412
2021-07-09,San Luis Obispo,79,281455,21470,21375,810,22185,258
2021-07-09,San Mateo,81,765935,43254,42948,515,43463,542
2021-07-09,Santa Barbara,83,443738,34819,34595,1270,35865,460
2021-07-09,Santa Clara,85,1922200,119892,119330,828,120158,2094
2021-07-09,Santa Cruz,87,273765,16334,16286,888,17174,207
2021-07-09,Shasta,89,179085,12672,12623,1722,14345,206
2021-07-09,Sierra,91,2930,64,61,14,75,0
2021-07-09,Siskiyou,93,43540,1977,1909,420,2329,29
2021-07-09,Solano,95,438530,33985,33678,615,34293,268
2021-07-09,Sonoma,97,501317,31499,31231,383,31614,317
2021-07-09,Stanislaus,99,539301,57343,57104,6341,63445,1026
2021-07-09,Sutter,101,95872,9746,9692,98,9790,114
2021-07-09,Tehama,103,63373,5140,5131,625,5756,63
2021-07-09,Trinity,105,12862,373,341,69,410,3
2021-07-09,Tulare,107,460477,49933,49850,9760,59610,853
2021-07-09,Tuolumne,109,53932,4168,4114,39,4153,64
2021-07-09,Ventura,111,848112,82008,81713,3297,85010,1039
2021-07-09,Yolo,113,214977,14365,14250,408,14658,213
2021-07-09,Yuba,115,75493,6305,6238,135,6373,52
2021-07-08,Alameda,1,1643700,90911,90090,2140,92230,1252
2021-07-08,Alpine,3,1148,89,89,0,89,0
2021-07-08,Amador,5,37829,3783,3773,36,3809,47
2021-07-08,Butte,7,227075,12815,12764,1990,14754,202
2021-07-08,Calaveras,9,45235,2229,2214,15,2229,57
2021-07-08,Colusa,11,21464,1976,1969,341,2310,16
2021-07-08,Contra Costa,13,1133247,72046,71376,1414,72790,821
2021-07-08,Del Norte,15,27424,1466,1451,9,1460,8
2021-07-08,El Dorado,17,186661,10576,10508,821,11329,114
2021-07-08,Fresno,19,978130,103128,102675,9167,111842,1730
2021-07-08,Glenn,21,27897,2447,2440,591,3031,20
2021-07-08,Humboldt,23,135768,4625,4574,54,4628,51
2021-07-08,Imperial,25,180216,28817,28729,2940,31669,741
2021-07-08,Inyo,27,18085,1416,1415,4,1419,36
2021-07-08,Kern,29,883053,97668,97538,11741,109279,1346
2021-07-08,Kings,31,150075,23173,23090,1223,24313,246
2021-07-08,Lake,33,64148,3727,3667,13,3680,63
2021-07-08,Lassen,35,31185,5293,5290,126,5416,21
2021-07-08,Los Angeles,37,10098052,1216801,1212043,44995,1257038,24542
2021-07-08,Madera,39,155013,16810,16744,981,17725,241
2021-07-08,Marin,41,260295,14301,14194,276,14470,233
2021-07-08,Mariposa,43,17540,444,442,11,453,5
2021-07-08,Mendocino,45,87422,4247,4153,80,4233,49
2021-07-08,Merced,47,269075,31413,31328,1008,32336,470
2021-07-08,Modoc,49,8938,415,410,147,557,4
2021-07-08,Mono,51,14174,1260,1275,13,1288,3
2021-07-08,Monterey,53,433212,43327,43251,1958,45209,499
2021-07-08,Napa,55,140530,10120,10077,38,10115,81
2021-07-08,Nevada,57,99092,5069,5000,202,5202,72
2021-07-08,Orange,59,3164182,257433,256438,12059,268497,5135
2021-07-08,Placer,61,380077,24101,23916,1677,25593,302
2021-07-08,Plumas,63,18699,727,717,15,732,4
2021-07-08,Riverside,65,2383286,294237,293474,15002,308476,4541
2021-07-08,Sacramento,67,1510023,109898,109091,1975,111066,1682
2021-07-08,San Benito,69,59416,6165,6141,119,6260,63
2021-07-08,San Bernardino,71,2135413,295618,294932,9201,304133,5117
2021-07-08,San Diego,73,3302833,285172,283577,0,283577,3783
2021-07-08,San Francisco,75,870044,37747,37338,1446,38784,559
2021-07-08,San Joaquin,77,732212,74537,74150,3906,78056,1412
2021-07-08,San Luis Obispo,79,281455,21458,21375,807,22182,258
2021-07-08,San Mateo,81,765935,43203,42948,514,43462,542
2021-07-08,Santa Barbara,83,443738,34792,34595,1268,35863,460
2021-07-08,Santa Clara,85,1922200,119799,119330,827,120157,2094
2021-07-08,Santa Cruz,87,273765,16328,16286,888,17174,207
2021-07-08,Shasta,89,179085,12666,12623,1718,14341,206
2021-07-08,Sierra,91,2930,64,61,14,75,0
2021-07-08,Siskiyou,93,43540,1972,1909,417,2326,29
2021-07-08,Solano,95,438530,33933,33678,607,34285,268
2021-07-08,Sonoma,97,501317,31468,31231,382,31613,317
2021-07-08,Stanislaus,99,539301,57309,57104,6336,63440,1026
2021-07-08,Sutter,101,95872,9731,9692,96,9788,114
2021-07-08,Tehama,103,63373,5137,5131,624,5755,63
2021-07-08,Trinity,105,12862,373,341,69,410,3
2021-07-08,Tulare,107,460477,49916,49850,9751,59601,853
2021-07-08,Tuolumne,109,53932,4166,4114,39,4153,64
2021-07-08,Ventura,111,848112,81944,81713,3280,84993,1039
2021-07-08,Yolo,113,214977,14347,14250,406,14656,213
2021-07-08,Yuba,115,75493,6297,6238,135,6373,52
2021-07-07,Alameda,1,1643700,90728,89995,2133,92128,1253
2021-07-07,Alpine,3,1148,89,89,0,89,0
2021-07-07,Amador,5,37829,3778,3770,36,3806,47
2021-07-07,Butte,7,227075,12802,12750,1985,14735,202
2021-07-07,Calaveras,9,45235,2225,2212,15,2227,57
2021-07-07,Colusa,11,21464,1972,1969,341,2310,16
2021-07-07,Contra Costa,13,1133247,71902,71308,1412,72720,821
2021-07-07,Del Norte,15,27424,1461,1446,9,1455,8
2021-07-07,El Dorado,17,186661,10556,10494,819,11313,114
2021-07-07,Fresno,19,978130,103078,102639,9160,111799,1729
2021-07-07,Glenn,21,27897,2447,2441,591,3032,20
2021-07-07,Humboldt,23,135768,4611,4566,54,4620,51
2021-07-07,Imperial,25,180216,28808,28701,2940,31641,740
2021-07-07,Inyo,27,18085,1415,1415,4,1419,36
2021-07-07,Kern,29,883053,97626,97507,11726,109233,1348
2021-07-07,Kings,31,150075,23160,23085,1220,24305,245
2021-07-07,Lake,33,64148,3708,3660,13,3673,63
2021-07-07,Lassen,35,31185,5293,5286,126,5412,21
2021-07-07,Los Angeles,37,10098052,1215635,1211316,44884,1256200,24531
2021-07-07,Madera,39,155013,16800,16733,979,17712,241
2021-07-07,Marin,41,260295,14281,14183,275,14458,233
2021-07-07,Mariposa,43,17540,442,442,11,453,5
2021-07-07,Mendocino,45,87422,4238,4145,80,4225,49
2021-07-07,Merced,47,269075,31398,31317,1008,32325,470
2021-07-07,Modoc,49,8938,415,410,147,557,4
2021-07-07,Mono,51,14174,1259,1274,13,1287,3
2021-07-07,Monterey,53,433212,43303,43233,1956,45189,494
2021-07-07,Napa,55,140530,10109,10078,38,10116,81
2021-07-07,Nevada,57,99092,5062,4996,202,5198,72
2021-07-07,Orange,59,3164182,257209,256301,12037,268338,5132
2021-07-07,Placer,61,380077,24063,23901,1667,25568,302
2021-07-07,Plumas,63,18699,727,710,15,725,4
2021-07-07,Riverside,65,2383286,294023,293331,14991,308322,4538
2021-07-07,Sacramento,67,1510023,109709,108954,1967,110921,1682
2021-07-07,San Benito,69,59416,6160,6137,119,6256,63
2021-07-07,San Bernardino,71,2135413,295446,294787,9194,303981,5087
2021-07-07,San Diego,73,3302833,284854,283377,0,283377,3782
2021-07-07,San Francisco,75,870044,37655,37284,1443,38727,558
2021-07-07,San Joaquin,77,732212,74461,74095,3890,77985,1410
2021-07-07,San Luis Obispo,79,281455,21449,21360,805,22165,258
2021-07-07,San Mateo,81,765935,43149,42908,511,43419,542
2021-07-07,Santa Barbara,83,443738,34766,34582,1267,35849,460
2021-07-07,Santa Clara,85,1922200,119701,119250,826,120076,2094
2021-07-07,Santa Cruz,87,273765,16319,16279,887,17166,207
2021-07-07,Shasta,89,179085,12658,12613,1715,14328,206
2021-07-07,Sierra,91,2930,64,60,14,74,0
2021-07-07,Siskiyou,93,43540,1966,1908,413,2321,29
2021-07-07,Solano,95,438530,33885,33659,600,34259,268
2021-07-07,Sonoma,97,501317,31421,31172,382,31554,316
2021-07-07,Stanislaus,99,539301,57264,57102,6331,63433,1028
2021-07-07,Sutter,101,95872,9721,9683,96,9779,114
2021-07-07,Tehama,103,63373,5136,5129,624,5753,63
2021-07-07,Trinity,105,12862,373,341,69,410,3
2021-07-07,Tulare,107,460477,49912,49835,9742,59577,853
2021-07-07,Tuolumne,109,53932,4162,4115,38,4153,64
2021-07-07,Ventura,111,848112,81901,81608,3265,84873,1036
2021-07-07,Yolo,113,214977,14337,14236,403,14639,213
2021-07-07,Yuba,115,75493,6281,6233,135,6368,51
2021-07-06,Alameda,1,1643700,90533,89918,2124,92042,1253
2021-07-06,Alpine,3,1148,89,89,0,89,0
2021-07-06,Amador,5,37829,3777,3768,35,3803,47
2021-07-06,Butte,7,227075,12789,12744,1982,14726,201
2021-07-06,Calaveras,9,45235,2225,2211,15,2226,55
2021-07-06,Colusa,11,21464,1971,1967,338,2305,16
2021-07-06,Contra Costa,13,1133247,71774,71262,1410,72672,820
2021-07-06,Del Norte,15,27424,1457,1445,9,1454,8
2021-07-06,El Dorado,17,186661,10539,10484,818,11302,113
2021-07-06,Fresno,19,978130,103027,102616,9150,111766,1727
2021-07-06,Glenn,21,27897,2446,2438,591,3029,20
2021-07-06,Humboldt,23,135768,4597,4565,53,4618,49
2021-07-06,Imperial,25,180216,28794,28693,2938,31631,739
2021-07-06,Inyo,27,18085,1415,1412,4,1416,36
2021-07-06,Kern,29,883053,97585,97491,11715,109206,1346
2021-07-06,Kings,31,150075,23152,23077,1219,24296,245
2021-07-06,Lake,33,64148,3698,3659,13,3672,63
2021-07-06,Lassen,35,31185,5292,5288,125,5413,21
2021-07-06,Los Angeles,37,10098052,1214428,1210965,44784,1255749,24525
2021-07-06,Madera,39,155013,16790,16730,979,17709,241
2021-07-06,Marin,41,260295,14267,14181,275,14456,233
2021-07-06,Mariposa,43,17540,442,442,11,453,5
2021-07-06,Mendocino,45,87422,4231,4143,80,4223,49
2021-07-06,Merced,47,269075,31381,31317,1007,32324,470
2021-07-06,Modoc,49,8938,415,411,147,558,4
2021-07-06,Mono,51,14174,1257,1274,13,1287,3
2021-07-06,Monterey,53,433212,43281,43224,1955,45179,494
2021-07-06,Napa,55,140530,10098,10081,38,10119,81
2021-07-06,Nevada,57,99092,5053,4988,202,5190,72
2021-07-06,Orange,59,3164182,256970,256227,12019,268246,5129
2021-07-06,Placer,61,380077,24022,23876,1661,25537,302
2021-07-06,Plumas,63,18699,726,708,15,723,4
2021-07-06,Riverside,65,2383286,293817,293227,14972,308199,4539
2021-07-06,Sacramento,67,1510023,109502,108850,1959,110809,1679
2021-07-06,San Benito,69,59416,6156,6137,119,6256,63
2021-07-06,San Bernardino,71,2135413,295271,294712,9181,303893,5056
2021-07-06,San Diego,73,3302833,284499,283278,0,283278,3782
2021-07-06,San Francisco,75,870044,37539,37251,1440,38691,558
2021-07-06,San Joaquin,77,732212,74392,74019,3878,77897,1410
2021-07-06,San Luis Obispo,79,281455,21432,21354,804,22158,257
2021-07-06,San Mateo,81,765935,43074,42895,511,43406,541
2021-07-06,Santa Barbara,83,443738,34747,34572,1265,35837,460
2021-07-06,Santa Clara,85,1922200,119583,119194,823,120017,2095
2021-07-06,Santa Cruz,87,273765,16314,16274,886,17160,207
2021-07-06,Shasta,89,179085,12648,12606,1713,14319,205
2021-07-06,Sierra,91,2930,63,60,14,74,0
2021-07-06,Siskiyou,93,43540,1963,1905,409,2314,29
2021-07-06,Solano,95,438530,33835,33619,597,34216,268
2021-07-06,Sonoma,97,501317,31357,31130,381,31511,316
2021-07-06,Stanislaus,99,539301,57202,57120,6319,63439,1029
2021-07-06,Sutter,101,95872,9712,9674,95,9769,114
2021-07-06,Tehama,103,63373,5133,5126,623,5749,63
2021-07-06,Trinity,105,12862,373,341,69,410,3
2021-07-06,Tulare,107,460477,49897,49826,9731,59557,853
2021-07-06,Tuolumne,109,53932,4160,4113,38,4151,64
2021-07-06,Ventura,111,848112,81860,81534,3239,84773,1033
2021-07-06,Yolo,113,214977,14316,14227,398,14625,213
2021-07-06,Yuba,115,75493,6270,6231,135,6366,51
2021-07-05,Alameda,1,1643700,90358,89892,2118,92010,1253
2021-07-05,Alpine,3,1148,89,89,0,89,0
2021-07-05,Amador,5,37829,3775,3768,35,3803,47
2021-07-05,Butte,7,227075,12781,12740,1972,14712,201
2021-07-05,Calaveras,9,45235,2223,2211,15,2226,55
2021-07-05,Colusa,11,21464,1969,1966,337,2303,16
2021-07-05,Contra Costa,13,1133247,71648,71235,1410,72645,820
2021-07-05,Del Norte,15,27424,1453,1446,9,1455,8
2021-07-05,El Dorado,17,186661,10514,10481,818,11299,113
2021-07-05,Fresno,19,978130,102970,102592,9132,111724,1727
2021-07-05,Glenn,21,27897,2443,2438,590,3028,20
2021-07-05,Humboldt,23,135768,4583,4563,53,4616,49
2021-07-05,Imperial,25,180216,28775,28689,2938,31627,739
2021-07-05,Inyo,27,18085,1415,1412,4,1416,36
2021-07-05,Kern,29,883053,97537,97479,11694,109173,1346
2021-07-05,Kings,31,150075,23144,23065,1216,24281,245
2021-07-05,Lake,33,64148,3680,3645,13,3658,63
2021-07-05,Lassen,35,31185,5289,5288,124,5412,21
2021-07-05,Los Angeles,37,10098052,1213249,1210653,44676,1255329,24522
2021-07-05,Madera,39,155013,16780,16722,978,17700,241
2021-07-05,Marin,41,260295,14245,14178,275,14453,233
2021-07-05,Mariposa,43,17540,442,441,11,452,5
2021-07-05,Mendocino,45,87422,4226,4139,80,4219,49
2021-07-05,Merced,47,269075,31361,31312,1007,32319,470
2021-07-05,Modoc,49,8938,415,410,147,557,4
2021-07-05,Mono,51,14174,1257,1273,13,1286,3
2021-07-05,Monterey,53,433212,43261,43218,1950,45168,494
2021-07-05,Napa,55,140530,10092,10074,38,10112,81
2021-07-05,Nevada,57,99092,5035,4980,201,5181,72
2021-07-05,Orange,59,3164182,256773,256173,12000,268173,5129
2021-07-05,Placer,61,380077,23976,23867,1653,25520,302
2021-07-05,Plumas,63,18699,725,708,15,723,4
2021-07-05,Riverside,65,2383286,293623,293193,14959,308152,4539
2021-07-05,Sacramento,67,1510023,109321,108758,1951,110709,1679
2021-07-05,San Benito,69,59416,6149,6137,119,6256,63
2021-07-05,San Bernardino,71,2135413,295111,294647,9174,303821,5037
2021-07-05,San Diego,73,3302833,284138,282834,0,282834,3782
2021-07-05,San Francisco,75,870044,37452,37237,1435,38672,558
2021-07-05,San Joaquin,77,732212,74322,73999,3872,77871,1410
2021-07-05,San Luis Obispo,79,281455,21419,21351,803,22154,257
2021-07-05,San Mateo,81,765935,43022,42876,508,43384,541
2021-07-05,Santa Barbara,83,443738,34727,34569,1265,35834,460
2021-07-05,Santa Clara,85,1922200,119479,119184,821,120005,2095
2021-07-05,Santa Cruz,87,273765,16304,16273,885,17158,208
2021-07-05,Shasta,89,179085,12639,12603,1711,14314,205
2021-07-05,Sierra,91,2930,63,60,14,74,0
2021-07-05,Siskiyou,93,43540,1962,1904,407,2311,29
2021-07-05,Solano,95,438530,33766,33612,591,34203,268
2021-07-05,Sonoma,97,501317,31304,31116,380,31496,316
2021-07-05,Stanislaus,99,539301,57166,57109,6309,63418,1029
2021-07-05,Sutter,101,95872,9700,9667,95,9762,114
2021-07-05,Tehama,103,63373,5132,5125,623,5748,63
2021-07-05,Trinity,105,12862,372,341,68,409,3
2021-07-05,Tulare,107,460477,49879,49818,9728,59546,853
2021-07-05,Tuolumne,109,53932,4156,4112,38,4150,64
2021-07-05,Ventura,111,848112,81811,81519,3218,84737,1033
2021-07-05,Yolo,113,214977,14298,14225,389,14614,213
2021-07-05,Yuba,115,75493,6262,6223,135,6358,51
2021-07-04,Alameda,1,1643700,90191,89683,2113,91796,1253
2021-07-04,Alpine,3,1148,89,89,0,89,0
2021-07-04,Amador,5,37829,3774,3758,35,3793,46
2021-07-04,Butte,7,227075,12771,12684,1972,14656,201
2021-07-04,Calaveras,9,45235,2223,2200,15,2215,55
2021-07-04,Colusa,11,21464,1969,1969,337,2306,15
2021-07-04,Contra Costa,13,1133247,71543,70941,1405,72346,818
2021-07-04,Del Norte,15,27424,1450,1439,9,1448,8
2021-07-04,El Dorado,17,186661,10505,10433,817,11250,113
2021-07-04,Fresno,19,978130,102926,102512,9113,111625,1727
2021-07-04,Glenn,21,27897,2441,2442,589,3031,20
2021-07-04,Humboldt,23,135768,4575,4530,53,4583,49
2021-07-04,Imperial,25,180216,28769,28661,2938,31599,739
2021-07-04,Inyo,27,18085,1415,1412,4,1416,35
2021-07-04,Kern,29,883053,97519,97421,11684,109105,1347
2021-07-04,Kings,31,150075,23137,23051,1216,24267,245
2021-07-04,Lake,33,64148,3670,3623,13,3636,62
2021-07-04,Lassen,35,31185,5288,5277,124,5401,20
2021-07-04,Los Angeles,37,10098052,1212408,1208705,44580,1253285,24506
2021-07-04,Madera,39,155013,16768,16696,976,17672,240
2021-07-04,Marin,41,260295,14231,14143,275,14418,233
2021-07-04,Mariposa,43,17540,442,441,11,452,5
2021-07-04,Mendocino,45,87422,4216,4122,80,4202,49
2021-07-04,Merced,47,269075,31350,31297,1007,32304,469
2021-07-04,Modoc,49,8938,415,410,147,557,4
2021-07-04,Mono,51,14174,1257,1275,13,1288,3
2021-07-04,Monterey,53,433212,43245,43212,1949,45161,492
2021-07-04,Napa,55,140530,10084,10045,37,10082,81
2021-07-04,Nevada,57,99092,5026,4966,201,5167,72
2021-07-04,Orange,59,3164182,256601,255823,11979,267802,5126
2021-07-04,Placer,61,380077,23939,23764,1646,25410,299
2021-07-04,Plumas,63,18699,725,707,15,722,4
2021-07-04,Riverside,65,2383286,293464,293260,14951,308211,4536
2021-07-04,Sacramento,67,1510023,109157,108257,1946,110203,1676
2021-07-04,San Benito,69,59416,6142,6108,119,6227,63
2021-07-04,San Bernardino,71,2135413,294952,294294,9167,303461,5003
2021-07-04,San Diego,73,3302833,283913,282692,0,282692,3780
2021-07-04,San Francisco,75,870044,37398,37107,1428,38535,558
2021-07-04,San Joaquin,77,732212,74255,73841,3864,77705,1409
2021-07-04,San Luis Obispo,79,281455,21413,21330,802,22132,256
2021-07-04,San Mateo,81,765935,42989,42691,508,43199,541
2021-07-04,Santa Barbara,83,443738,34705,34526,1264,35790,456
2021-07-04,Santa Clara,85,1922200,119389,118966,820,119786,2090
2021-07-04,Santa Cruz,87,273765,16293,16254,885,17139,208
2021-07-04,Shasta,89,179085,12635,12582,1710,14292,204
2021-07-04,Sierra,91,2930,62,60,14,74,0
2021-07-04,Siskiyou,93,43540,1958,1899,406,2305,29
2021-07-04,Solano,95,438530,33725,33486,589,34075,268
2021-07-04,Sonoma,97,501317,31274,31000,379,31379,316
2021-07-04,Stanislaus,99,539301,57143,57018,6303,63321,1018
2021-07-04,Sutter,101,95872,9689,9644,95,9739,114
2021-07-04,Tehama,103,63373,5128,5124,623,5747,63
2021-07-04,Trinity,105,12862,371,341,68,409,3
2021-07-04,Tulare,107,460477,49869,49789,9725,59514,853
2021-07-04,Tuolumne,109,53932,4148,4113,38,4151,64
2021-07-04,Ventura,111,848112,81754,81425,3207,84632,1033
2021-07-04,Yolo,113,214977,14279,14188,386,14574,213
2021-07-04,Yuba,115,75493,6254,6197,135,6332,51
2021-07-03,Alameda,1,1643700,90110,89683,2106,91789,1253
2021-07-03,Alpine,3,1148,89,89,0,89,0
2021-07-03,Amador,5,37829,3774,3758,35,3793,46
2021-07-03,Butte,7,227075,12767,12684,1971,14655,201
2021-07-03,Calaveras,9,45235,2222,2200,15,2215,55
2021-07-03,Colusa,11,21464,1969,1969,336,2305,15
2021-07-03,Contra Costa,13,1133247,71484,70941,1402,72343,818
2021-07-03,Del Norte,15,27424,1447,1439,9,1448,8
2021-07-03,El Dorado,17,186661,10498,10433,815,11248,113
2021-07-03,Fresno,19,978130,102901,102512,9104,111616,1727
2021-07-03,Glenn,21,27897,2441,2442,589,3031,20
2021-07-03,Humboldt,23,135768,4570,4530,53,4583,49
2021-07-03,Imperial,25,180216,28759,28661,2938,31599,739
2021-07-03,Inyo,27,18085,1415,1412,4,1416,35
2021-07-03,Kern,29,883053,97499,97421,11676,109097,1347
2021-07-03,Kings,31,150075,23137,23051,1215,24266,245
2021-07-03,Lake,33,64148,3660,3623,13,3636,62
2021-07-03,Lassen,35,31185,5287,5277,124,5401,20
2021-07-03,Los Angeles,37,10098052,1211983,1208705,44550,1253255,24506
2021-07-03,Madera,39,155013,16760,16696,973,17669,240
2021-07-03,Marin,41,260295,14227,14143,275,14418,233
2021-07-03,Mariposa,43,17540,442,441,11,452,5
2021-07-03,Mendocino,45,87422,4215,4122,80,4202,49
2021-07-03,Merced,47,269075,31337,31297,1006,32303,469
2021-07-03,Modoc,49,8938,414,410,147,557,4
2021-07-03,Mono,51,14174,1256,1275,13,1288,3
2021-07-03,Monterey,53,433212,43233,43212,1946,45158,492
2021-07-03,Napa,55,140530,10079,10045,37,10082,81
2021-07-03,Nevada,57,99092,5012,4966,201,5167,72
2021-07-03,Orange,59,3164182,256517,255823,11972,267795,5126
2021-07-03,Placer,61,380077,23920,23764,1643,25407,299
2021-07-03,Plumas,63,18699,725,707,15,722,4
2021-07-03,Riverside,65,2383286,293373,293260,14946,308206,4536
2021-07-03,Sacramento,67,1510023,109082,108257,1943,110200,1676
2021-07-03,San Benito,69,59416,6135,6108,119,6227,63
2021-07-03,San Bernardino,71,2135413,294865,294294,9164,303458,5003
2021-07-03,San Diego,73,3302833,283781,282692,0,282692,3780
2021-07-03,San Francisco,75,870044,37357,37107,1425,38532,558
2021-07-03,San Joaquin,77,732212,74220,73841,3858,77699,1409
2021-07-03,San Luis Obispo,79,281455,21401,21330,802,22132,256
2021-07-03,San Mateo,81,765935,42964,42691,507,43198,541
2021-07-03,Santa Barbara,83,443738,34696,34526,1263,35789,456
2021-07-03,Santa Clara,85,1922200,119343,118966,820,119786,2090
2021-07-03,Santa Cruz,87,273765,16286,16254,885,17139,208
2021-07-03,Shasta,89,179085,12631,12582,1708,14290,204
2021-07-03,Sierra,91,2930,62,60,14,74,0
2021-07-03,Siskiyou,93,43540,1957,1899,405,2304,29
2021-07-03,Solano,95,438530,33683,33486,589,34075,268
2021-07-03,Sonoma,97,501317,31240,31000,379,31379,316
2021-07-03,Stanislaus,99,539301,57129,57018,6295,63313,1018
2021-07-03,Sutter,101,95872,9679,9644,95,9739,114
2021-07-03,Tehama,103,63373,5126,5124,623,5747,63
2021-07-03,Trinity,105,12862,371,341,68,409,3
2021-07-03,Tulare,107,460477,49863,49789,9719,59508,853
2021-07-03,Tuolumne,109,53932,4147,4113,38,4151,64
2021-07-03,Ventura,111,848112,81724,81425,3199,84624,1033
2021-07-03,Yolo,113,214977,14269,14188,383,14571,213
2021-07-03,Yuba,115,75493,6248,6197,135,6332,51
2021-07-02,Alameda,1,1643700,90028,89683,2105,91788,1253
2021-07-02,Alpine,3,1148,89,89,0,89,0
2021-07-02,Amador,5,37829,3772,3758,35,3793,46
2021-07-02,Butte,7,227075,12760,12684,1971,14655,201
2021-07-02,Calaveras,9,45235,2221,2200,15,2215,55
2021-07-02,Colusa,11,21464,1968,1969,335,2304,15
2021-07-02,Contra Costa,13,1133247,71414,70941,1398,72339,818
2021-07-02,Del Norte,15,27424,1447,1439,9,1448,8
2021-07-02,El Dorado,17,186661,10490,10433,815,11248,113
2021-07-02,Fresno,19,978130,102871,102512,9098,111610,1727
2021-07-02,Glenn,21,27897,2440,2442,588,3030,20
2021-07-02,Humboldt,23,135768,4567,4530,52,4582,49
2021-07-02,Imperial,25,180216,28753,28661,2937,31598,739
2021-07-02,Inyo,27,18085,1415,1412,4,1416,35
2021-07-02,Kern,29,883053,97481,97421,11667,109088,1347
2021-07-02,Kings,31,150075,23127,23051,1215,24266,245
2021-07-02,Lake,33,64148,3654,3623,13,3636,62
2021-07-02,Lassen,35,31185,5287,5277,124,5401,20
2021-07-02,Los Angeles,37,10098052,1211511,1208705,44511,1253216,24506
2021-07-02,Madera,39,155013,16751,16696,972,17668,240
2021-07-02,Marin,41,260295,14222,14143,275,14418,233
2021-07-02,Mariposa,43,17540,442,441,11,452,5
2021-07-02,Mendocino,45,87422,4211,4122,79,4201,49
2021-07-02,Merced,47,269075,31328,31297,1006,32303,469
2021-07-02,Modoc,49,8938,414,410,147,557,4
2021-07-02,Mono,51,14174,1255,1275,13,1288,3
2021-07-02,Monterey,53,433212,43225,43212,1945,45157,492
2021-07-02,Napa,55,140530,10074,10045,37,10082,81
2021-07-02,Nevada,57,99092,5003,4966,201,5167,72
2021-07-02,Orange,59,3164182,256405,255823,11964,267787,5126
2021-07-02,Placer,61,380077,23903,23764,1636,25400,299
2021-07-02,Plumas,63,18699,725,707,15,722,4
2021-07-02,Riverside,65,2383286,293276,293260,14941,308201,4536
2021-07-02,Sacramento,67,1510023,109001,108257,1942,110199,1676
2021-07-02,San Benito,69,59416,6132,6108,119,6227,63
2021-07-02,San Bernardino,71,2135413,294772,294294,9162,303456,5003
2021-07-02,San Diego,73,3302833,283636,282692,0,282692,3780
2021-07-02,San Francisco,75,870044,37310,37107,1423,38530,558
2021-07-02,San Joaquin,77,732212,74188,73841,3852,77693,1409
2021-07-02,San Luis Obispo,79,281455,21395,21330,801,22131,256
2021-07-02,San Mateo,81,765935,42928,42691,507,43198,541
2021-07-02,Santa Barbara,83,443738,34686,34526,1263,35789,456
2021-07-02,Santa Clara,85,1922200,119265,118966,820,119786,2090
2021-07-02,Santa Cruz,87,273765,16282,16254,885,17139,208
2021-07-02,Shasta,89,179085,12627,12582,1708,14290,204
2021-07-02,Sierra,91,2930,61,60,14,74,0
2021-07-02,Siskiyou,93,43540,1954,1899,404,2303,29
2021-07-02,Solano,95,438530,33658,33486,589,34075,268
2021-07-02,Sonoma,97,501317,31217,31000,379,31379,316
2021-07-02,Stanislaus,99,539301,57107,57018,6294,63312,1018
2021-07-02,Sutter,101,95872,9674,9644,95,9739,114
2021-07-02,Tehama,103,63373,5124,5124,621,5745,63
2021-07-02,Trinity,105,12862,371,341,68,409,3
2021-07-02,Tulare,107,460477,49853,49789,9711,59500,853
2021-07-02,Tuolumne,109,53932,4144,4113,38,4151,64
2021-07-02,Ventura,111,848112,81682,81425,3191,84616,1033
2021-07-02,Yolo,113,214977,14254,14188,381,14569,213
2021-07-02,Yuba,115,75493,6240,6197,135,6332,51
2021-07-01,Alameda,1,1643700,89923,89683,2103,91786,1253
2021-07-01,Alpine,3,1148,89,89,0,89,0
2021-07-01,Amador,5,37829,3771,3758,35,3793,46
2021-07-01,Butte,7,227075,12748,12684,1969,14653,201
2021-07-01,Calaveras,9,45235,2219,2200,15,2215,55
2021-07-01,Colusa,11,21464,1968,1969,333,2302,15
2021-07-01,Contra Costa,13,1133247,71343,70941,1397,72338,818
2021-07-01,Del Norte,15,27424,1446,1439,9,1448,8
2021-07-01,El Dorado,17,186661,10478,10433,815,11248,113
2021-07-01,Fresno,19,978130,102832,102512,9093,111605,1727
2021-07-01,Glenn,21,27897,2440,2442,588,3030,20
2021-07-01,Humboldt,23,135768,4565,4530,52,4582,49
2021-07-01,Imperial,25,180216,28736,28661,2937,31598,739
2021-07-01,Inyo,27,18085,1415,1412,4,1416,35
2021-07-01,Kern,29,883053,97455,97421,11656,109077,1347
2021-07-01,Kings,31,150075,23113,23051,1215,24266,245
2021-07-01,Lake,33,64148,3651,3623,13,3636,62
2021-07-01,Lassen,35,31185,5285,5277,124,5401,20
2021-07-01,Los Angeles,37,10098052,1210915,1208705,44455,1253160,24506
2021-07-01,Madera,39,155013,16742,16696,971,17667,240
2021-07-01,Marin,41,260295,14218,14143,275,14418,233
2021-07-01,Mariposa,43,17540,442,441,11,452,5
2021-07-01,Mendocino,45,87422,4207,4122,78,4200,49
2021-07-01,Merced,47,269075,31322,31297,1006,32303,469
2021-07-01,Modoc,49,8938,414,410,147,557,4
2021-07-01,Mono,51,14174,1254,1275,13,1288,3
2021-07-01,Monterey,53,433212,43217,43212,1941,45153,492
2021-07-01,Napa,55,140530,10068,10045,37,10082,81
2021-07-01,Nevada,57,99092,4998,4966,201,5167,72
2021-07-01,Orange,59,3164182,256287,255823,11945,267768,5126
2021-07-01,Placer,61,380077,23885,23764,1633,25397,299
2021-07-01,Plumas,63,18699,722,707,13,720,4
2021-07-01,Riverside,65,2383286,293168,293260,14933,308193,4536
2021-07-01,Sacramento,67,1510023,108880,108257,1935,110192,1676
2021-07-01,San Benito,69,59416,6128,6108,119,6227,63
2021-07-01,San Bernardino,71,2135413,294650,294294,9156,303450,5003
2021-07-01,San Diego,73,3302833,283459,282692,0,282692,3780
2021-07-01,San Francisco,75,870044,37274,37107,1421,38528,558
2021-07-01,San Joaquin,77,732212,74137,73841,3848,77689,1409
2021-07-01,San Luis Obispo,79,281455,21380,21330,800,22130,256
2021-07-01,San Mateo,81,765935,42898,42691,506,43197,541
2021-07-01,Santa Barbara,83,443738,34675,34526,1263,35789,456
2021-07-01,Santa Clara,85,1922200,119216,118966,820,119786,2090
2021-07-01,Santa Cruz,87,273765,16278,16254,884,17138,208
2021-07-01,Shasta,89,179085,12619,12582,1707,14289,204
2021-07-01,Sierra,91,2930,61,60,14,74,0
2021-07-01,Siskiyou,93,43540,1954,1899,404,2303,29
2021-07-01,Solano,95,438530,33617,33486,588,34074,268
2021-07-01,Sonoma,97,501317,31172,31000,379,31379,316
2021-07-01,Stanislaus,99,539301,57084,57018,6290,63308,1018
2021-07-01,Sutter,101,95872,9665,9644,95,9739,114
2021-07-01,Tehama,103,63373,5124,5124,620,5744,63
2021-07-01,Trinity,105,12862,371,341,68,409,3
2021-07-01,Tulare,107,460477,49844,49789,9704,59493,853
2021-07-01,Tuolumne,109,53932,4137,4113,38,4151,64
2021-07-01,Ventura,111,848112,81651,81425,3180,84605,1033
2021-07-01,Yolo,113,214977,14239,14188,379,14567,213
2021-07-01,Yuba,115,75493,6233,6197,135,6332,51
2021-06-30,Alameda,1,1643700,89835,89597,2097,91694,1256
2021-06-30,Alpine,3,1148,89,89,0,89,0
2021-06-30,Amador,5,37829,3769,3756,35,3791,46
2021-06-30,Butte,7,227075,12741,12676,1960,14636,201
2021-06-30,Calaveras,9,45235,2215,2198,15,2213,55
2021-06-30,Colusa,11,21464,1966,1967,330,2297,15
2021-06-30,Contra Costa,13,1133247,71279,70869,1394,72263,818
2021-06-30,Del Norte,15,27424,1441,1435,9,1444,8
2021-06-30,El Dorado,17,186661,10459,10420,815,11235,113
2021-06-30,Fresno,19,978130,102796,102490,9090,111580,1727
2021-06-30,Glenn,21,27897,2438,2440,588,3028,20
2021-06-30,Humboldt,23,135768,4549,4522,50,4572,49
2021-06-30,Imperial,25,180216,28728,28651,2937,31588,739
2021-06-30,Inyo,27,18085,1415,1409,4,1413,35
2021-06-30,Kern,29,883053,97417,97267,11644,108911,1348
2021-06-30,Kings,31,150075,23108,23038,1214,24252,245
2021-06-30,Lake,33,64148,3638,3601,13,3614,56
2021-06-30,Lassen,35,31185,5280,5269,124,5393,20
2021-06-30,Los Angeles,37,10098052,1210248,1208246,44410,1252656,24499
2021-06-30,Madera,39,155013,16735,16688,969,17657,240
2021-06-30,Marin,41,260295,14210,14133,273,14406,232
2021-06-30,Mariposa,43,17540,441,441,11,452,5
2021-06-30,Mendocino,45,87422,4197,4115,78,4193,49
2021-06-30,Merced,47,269075,31312,31286,1006,32292,469
2021-06-30,Modoc,49,8938,414,410,147,557,4
2021-06-30,Mono,51,14174,1254,1275,13,1288,3
2021-06-30,Monterey,53,433212,43212,43209,1939,45148,492
2021-06-30,Napa,55,140530,10060,10039,37,10076,81
2021-06-30,Nevada,57,99092,4987,4958,201,5159,72
2021-06-30,Orange,59,3164182,256159,255764,11935,267699,5125
2021-06-30,Placer,61,380077,23860,23721,1629,25350,299
2021-06-30,Plumas,63,18699,722,705,13,718,4
2021-06-30,Riverside,65,2383286,293056,293280,14921,308201,4535
2021-06-30,Sacramento,67,1510023,108742,108137,1930,110067,1676
2021-06-30,San Benito,69,59416,6124,6105,119,6224,63
2021-06-30,San Bernardino,71,2135413,294500,294211,9151,303362,4975
2021-06-30,San Diego,73,3302833,283323,282583,0,282583,3780
2021-06-30,San Francisco,75,870044,37225,37065,1416,38481,558
2021-06-30,San Joaquin,77,732212,74077,73777,3846,77623,1409
2021-06-30,San Luis Obispo,79,281455,21367,21326,799,22125,256
2021-06-30,San Mateo,81,765935,42861,42599,505,43104,537
2021-06-30,Santa Barbara,83,443738,34659,34521,1263,35784,456
2021-06-30,Santa Clara,85,1922200,119169,118930,817,119747,2090
2021-06-30,Santa Cruz,87,273765,16273,16250,884,17134,208
2021-06-30,Shasta,89,179085,12613,12564,1707,14271,204
2021-06-30,Sierra,91,2930,61,60,14,74,0
2021-06-30,Siskiyou,93,43540,1952,1900,401,2301,29
2021-06-30,Solano,95,438530,33579,33453,586,34039,268
2021-06-30,Sonoma,97,501317,31142,30947,379,31326,316
2021-06-30,Stanislaus,99,539301,57062,56997,6289,63286,1018
2021-06-30,Sutter,101,95872,9655,9638,95,9733,114
2021-06-30,Tehama,103,63373,5122,5124,620,5744,63
2021-06-30,Trinity,105,12862,371,341,68,409,3
2021-06-30,Tulare,107,460477,49833,49764,9693,59457,853
2021-06-30,Tuolumne,109,53932,4134,4112,38,4150,64
2021-06-30,Ventura,111,848112,81608,81392,3175,84567,1032
2021-06-30,Yolo,113,214977,14233,14178,376,14554,213
2021-06-30,Yuba,115,75493,6225,6191,135,6326,51
2021-06-29,Alameda,1,1643700,89731,89519,2096,91615,1257
2021-06-29,Alpine,3,1148,89,89,0,89,0
2021-06-29,Amador,5,37829,3765,3754,35,3789,46
2021-06-29,Butte,7,227075,12733,12669,1960,14629,201
2021-06-29,Calaveras,9,45235,2210,2198,15,2213,55
2021-06-29,Colusa,11,21464,1964,1967,330,2297,15
2021-06-29,Contra Costa,13,1133247,71205,70775,1394,72169,817
2021-06-29,Del Norte,15,27424,1440,1435,9,1444,8
2021-06-29,El Dorado,17,186661,10446,10403,811,11214,113
2021-06-29,Fresno,19,978130,102762,102464,9087,111551,1725
2021-06-29,Glenn,21,27897,2437,2439,588,3027,20
2021-06-29,Humboldt,23,135768,4545,4514,49,4563,49
2021-06-29,Imperial,25,180216,28719,28645,2936,31581,737
2021-06-29,Inyo,27,18085,1415,1408,4,1412,35
2021-06-29,Kern,29,883053,97396,97173,11637,108810,1347
2021-06-29,Kings,31,150075,23099,23035,1213,24248,245
2021-06-29,Lake,33,64148,3632,3594,13,3607,56
2021-06-29,Lassen,35,31185,5273,5268,124,5392,20
2021-06-29,Los Angeles,37,10098052,1209646,1207895,44374,1252269,24498
2021-06-29,Madera,39,155013,16731,16680,968,17648,240
2021-06-29,Marin,41,260295,14198,14127,273,14400,232
2021-06-29,Mariposa,43,17540,441,441,11,452,5
2021-06-29,Mendocino,45,87422,4194,4107,77,4184,49
2021-06-29,Merced,47,269075,31300,31277,1006,32283,469
2021-06-29,Modoc,49,8938,413,408,147,555,3
2021-06-29,Mono,51,14174,1254,1275,13,1288,3
2021-06-29,Monterey,53,433212,43202,43196,1937,45133,471
2021-06-29,Napa,55,140530,10054,10033,37,10070,81
2021-06-29,Nevada,57,99092,4980,4952,201,5153,72
2021-06-29,Orange,59,3164182,256062,255686,11920,267606,5124
2021-06-29,Placer,61,380077,23841,23693,1627,25320,299
2021-06-29,Plumas,63,18699,722,704,13,717,4
2021-06-29,Riverside,65,2383286,292957,292962,14914,307876,4524
2021-06-29,Sacramento,67,1510023,108589,108067,1927,109994,1677
2021-06-29,San Benito,69,59416,6113,6099,119,6218,63
2021-06-29,San Bernardino,71,2135413,294391,294118,9149,303267,4940
2021-06-29,San Diego,73,3302833,283169,282499,0,282499,3780
2021-06-29,San Francisco,75,870044,37187,37041,1413,38454,558
2021-06-29,San Joaquin,77,732212,74029,73724,3843,77567,1409
2021-06-29,San Luis Obispo,79,281455,21358,21324,797,22121,256
2021-06-29,San Mateo,81,765935,42830,42540,503,43043,540
2021-06-29,Santa Barbara,83,443738,34649,34507,1262,35769,455
2021-06-29,Santa Clara,85,1922200,119114,118893,816,119709,2090
2021-06-29,Santa Cruz,87,273765,16268,16249,884,17133,208
2021-06-29,Shasta,89,179085,12601,12564,1706,14270,204
2021-06-29,Sierra,91,2930,61,59,14,73,0
2021-06-29,Siskiyou,93,43540,1949,1897,397,2294,29
2021-06-29,Solano,95,438530,33546,33440,584,34024,268
2021-06-29,Sonoma,97,501317,31100,30950,377,31327,316
2021-06-29,Stanislaus,99,539301,57034,56980,6282,63262,1018
2021-06-29,Sutter,101,95872,9644,9634,95,9729,114
2021-06-29,Tehama,103,63373,5122,5124,620,5744,63
2021-06-29,Trinity,105,12862,371,341,68,409,3
2021-06-29,Tulare,107,460477,49820,49751,9688,59439,852
2021-06-29,Tuolumne,109,53932,4132,4111,38,4149,64
2021-06-29,Ventura,111,848112,81572,81363,3169,84532,1032
2021-06-29,Yolo,113,214977,14221,14171,375,14546,213
2021-06-29,Yuba,115,75493,6215,6188,135,6323,51
2021-06-28,Alameda,1,1643700,89638,89638,2094,91732,1259
2021-06-28,Alpine,3,1148,89,89,0,89,0
2021-06-28,Amador,5,37829,3764,3753,35,3788,46
2021-06-28,Butte,7,227075,12724,12697,1958,14655,198
2021-06-28,Calaveras,9,45235,2207,2203,15,2218,55
2021-06-28,Colusa,11,21464,1963,1974,329,2303,15
2021-06-28,Contra Costa,13,1133247,71131,70807,1392,72199,816
2021-06-28,Del Norte,15,27424,1440,1436,9,1445,8
2021-06-28,El Dorado,17,186661,10436,10422,807,11229,115
2021-06-28,Fresno,19,978130,102731,103121,9085,112206,1727
2021-06-28,Glenn,21,27897,2437,2439,588,3027,20
2021-06-28,Humboldt,23,135768,4538,4520,48,4568,49
2021-06-28,Imperial,25,180216,28711,28981,2935,31916,741
2021-06-28,Inyo,27,18085,1412,1407,4,1411,35
2021-06-28,Kern,29,883053,97377,97252,11632,108884,1348
2021-06-28,Kings,31,150075,23093,23134,1213,24347,246
2021-06-28,Lake,33,64148,3623,3591,13,3604,56
2021-06-28,Lassen,35,31185,5271,5268,124,5392,20
2021-06-28,Los Angeles,37,10098052,1209131,1207714,44336,1252050,24496
2021-06-28,Madera,39,155013,16721,16683,967,17650,240
2021-06-28,Marin,41,260295,14183,14186,273,14459,232
2021-06-28,Mariposa,43,17540,441,440,11,451,5
2021-06-28,Mendocino,45,87422,4186,4102,76,4178,49
2021-06-28,Merced,47,269075,31288,31277,1006,32283,469
2021-06-28,Modoc,49,8938,413,411,146,557,3
2021-06-28,Mono,51,14174,1254,1276,13,1289,3
2021-06-28,Monterey,53,433212,43198,43202,1936,45138,462
2021-06-28,Napa,55,140530,10045,10050,36,10086,81
2021-06-28,Nevada,57,99092,4976,4951,201,5152,72
2021-06-28,Orange,59,3164182,255975,255755,11907,267662,5123
2021-06-28,Placer,61,380077,23820,23756,1622,25378,299
2021-06-28,Plumas,63,18699,720,704,13,717,4
2021-06-28,Riverside,65,2383286,292831,292647,14901,307548,4507
2021-06-28,Sacramento,67,1510023,108456,108342,1923,110265,1675
2021-06-28,San Benito,69,59416,6111,6101,119,6220,63
2021-06-28,San Bernardino,71,2135413,294289,294151,9144,303295,4928
2021-06-28,San Diego,73,3302833,283007,282417,0,282417,3780
2021-06-28,San Francisco,75,870044,37151,37372,1411,38783,559
2021-06-28,San Joaquin,77,732212,73980,73973,3838,77811,1411
2021-06-28,San Luis Obispo,79,281455,21354,21340,796,22136,256
2021-06-28,San Mateo,81,765935,42797,42927,502,43429,540
2021-06-28,Santa Barbara,83,443738,34641,34534,1260,35794,455
2021-06-28,Santa Clara,85,1922200,119050,120377,815,121192,2103
2021-06-28,Santa Cruz,87,273765,16263,16245,884,17129,208
2021-06-28,Shasta,89,179085,12597,12642,1704,14346,203
2021-06-28,Sierra,91,2930,61,58,14,72,0
2021-06-28,Siskiyou,93,43540,1948,1896,397,2293,29
2021-06-28,Solano,95,438530,33510,33524,582,34106,267
2021-06-28,Sonoma,97,501317,31063,31137,376,31513,315
2021-06-28,Stanislaus,99,539301,57015,57047,6278,63325,1018
2021-06-28,Sutter,101,95872,9640,9682,95,9777,114
2021-06-28,Tehama,103,63373,5120,5122,620,5742,63
2021-06-28,Trinity,105,12862,371,341,68,409,3
2021-06-28,Tulare,107,460477,49811,49751,9683,59434,850
2021-06-28,Tuolumne,109,53932,4125,4121,38,4159,64
2021-06-28,Ventura,111,848112,81515,81393,3164,84557,1032
2021-06-28,Yolo,113,214977,14212,14199,372,14571,213
2021-06-28,Yuba,115,75493,6210,6207,135,6342,51
2021-06-27,Alameda,1,1643700,89553,89611,2090,91701,1259
2021-06-27,Alpine,3,1148,89,89,0,89,0
2021-06-27,Amador,5,37829,3763,3752,35,3787,46
2021-06-27,Butte,7,227075,12715,12696,1957,14653,198
2021-06-27,Calaveras,9,45235,2206,2203,15,2218,55
2021-06-27,Colusa,11,21464,1963,1974,329,2303,15
2021-06-27,Contra Costa,13,1133247,71044,70762,1388,72150,816
2021-06-27,Del Norte,15,27424,1437,1436,9,1445,8
2021-06-27,El Dorado,17,186661,10424,10418,804,11222,115
2021-06-27,Fresno,19,978130,102702,103110,9083,112193,1727
2021-06-27,Glenn,21,27897,2436,2439,587,3026,20
2021-06-27,Humboldt,23,135768,4526,4513,45,4558,49
2021-06-27,Imperial,25,180216,28697,28987,2935,31922,741
2021-06-27,Inyo,27,18085,1412,1407,4,1411,35
2021-06-27,Kern,29,883053,97352,97249,11625,108874,1348
2021-06-27,Kings,31,150075,23083,23132,1213,24345,246
2021-06-27,Lake,33,64148,3616,3581,13,3594,56
2021-06-27,Lassen,35,31185,5270,5265,124,5389,20
2021-06-27,Los Angeles,37,10098052,1208588,1207461,44296,1251757,24493
2021-06-27,Madera,39,155013,16713,16680,967,17647,240
2021-06-27,Marin,41,260295,14174,14182,273,14455,232
2021-06-27,Mariposa,43,17540,441,440,11,451,5
2021-06-27,Mendocino,45,87422,4179,4100,76,4176,49
2021-06-27,Merced,47,269075,31276,31266,1006,32272,469
2021-06-27,Modoc,49,8938,413,411,146,557,3
2021-06-27,Mono,51,14174,1254,1279,13,1292,3
2021-06-27,Monterey,53,433212,43185,43199,1936,45135,462
2021-06-27,Napa,55,140530,10039,10046,36,10082,81
2021-06-27,Nevada,57,99092,4970,4946,201,5147,72
2021-06-27,Orange,59,3164182,255863,255710,11896,267606,5123
2021-06-27,Placer,61,380077,23787,23731,1619,25350,299
2021-06-27,Plumas,63,18699,720,704,13,717,4
2021-06-27,Riverside,65,2383286,292729,292641,14895,307536,4507
2021-06-27,Sacramento,67,1510023,108323,108279,1919,110198,1675
2021-06-27,San Benito,69,59416,6105,6101,119,6220,63
2021-06-27,San Bernardino,71,2135413,294175,294115,9143,303258,4927
2021-06-27,San Diego,73,3302833,282869,282359,0,282359,3780
2021-06-27,San Francisco,75,870044,37114,37360,1410,38770,559
2021-06-27,San Joaquin,77,732212,73944,73960,3836,77796,1411
2021-06-27,San Luis Obispo,79,281455,21347,21340,795,22135,256
2021-06-27,San Mateo,81,765935,42769,42925,499,43424,539
2021-06-27,Santa Barbara,83,443738,34626,34533,1257,35790,455
2021-06-27,Santa Clara,85,1922200,118998,120352,813,121165,2103
2021-06-27,Santa Cruz,87,273765,16254,16241,884,17125,208
2021-06-27,Shasta,89,179085,12591,12640,1703,14343,203
2021-06-27,Sierra,91,2930,61,58,14,72,0
2021-06-27,Siskiyou,93,43540,1946,1896,396,2292,29
2021-06-27,Solano,95,438530,33482,33516,582,34098,267
2021-06-27,Sonoma,97,501317,31025,31129,376,31505,315
2021-06-27,Stanislaus,99,539301,56968,57021,6275,63296,1018
2021-06-27,Sutter,101,95872,9634,9678,95,9773,114
2021-06-27,Tehama,103,63373,5116,5122,620,5742,63
2021-06-27,Trinity,105,12862,371,341,67,408,3
2021-06-27,Tulare,107,460477,49799,49749,9676,59425,850
2021-06-27,Tuolumne,109,53932,4123,4121,38,4159,64
2021-06-27,Ventura,111,848112,81481,81361,3155,84516,1032
2021-06-27,Yolo,113,214977,14196,14194,369,14563,213
2021-06-27,Yuba,115,75493,6204,6205,135,6340,51
2021-06-26,Alameda,1,1643700,89496,89560,2089,91649,1259
2021-06-26,Alpine,3,1148,89,89,0,89,0
2021-06-26,Amador,5,37829,3763,3748,35,3783,46
2021-06-26,Butte,7,227075,12711,12693,1954,14647,198
2021-06-26,Calaveras,9,45235,2204,2202,15,2217,55
2021-06-26,Colusa,11,21464,1963,1973,329,2302,15
2021-06-26,Contra Costa,13,1133247,71001,70712,1387,72099,816
2021-06-26,Del Norte,15,27424,1436,1432,9,1441,8
2021-06-26,El Dorado,17,186661,10416,10414,803,11217,115
2021-06-26,Fresno,19,978130,102682,103091,9081,112172,1727
2021-06-26,Glenn,21,27897,2434,2441,587,3028,20
2021-06-26,Humboldt,23,135768,4523,4509,45,4554,49
2021-06-26,Imperial,25,180216,28693,28970,2935,31905,741
2021-06-26,Inyo,27,18085,1412,1407,4,1411,35
2021-06-26,Kern,29,883053,97326,97239,11616,108855,1348
2021-06-26,Kings,31,150075,23079,23128,1212,24340,246
2021-06-26,Lake,33,64148,3606,3576,13,3589,56
2021-06-26,Lassen,35,31185,5267,5263,124,5387,20
2021-06-26,Los Angeles,37,10098052,1208286,1207198,44260,1251458,24490
2021-06-26,Madera,39,155013,16706,16679,966,17645,240
2021-06-26,Marin,41,260295,14165,14180,273,14453,232
2021-06-26,Mariposa,43,17540,441,440,11,451,5
2021-06-26,Mendocino,45,87422,4177,4096,76,4172,49
2021-06-26,Merced,47,269075,31270,31259,1005,32264,469
2021-06-26,Modoc,49,8938,413,411,146,557,3
2021-06-26,Mono,51,14174,1254,1279,13,1292,3
2021-06-26,Monterey,53,433212,43182,43192,1936,45128,462
2021-06-26,Napa,55,140530,10033,10043,36,10079,81
2021-06-26,Nevada,57,99092,4965,4939,201,5140,72
2021-06-26,Orange,59,3164182,255787,255640,11889,267529,5123
2021-06-26,Placer,61,380077,23773,23702,1617,25319,299
2021-06-26,Plumas,63,18699,720,704,13,717,4
2021-06-26,Riverside,65,2383286,292672,292480,14889,307369,4505
2021-06-26,Sacramento,67,1510023,108254,108179,1917,110096,1675
2021-06-26,San Benito,69,59416,6101,6100,119,6219,63
2021-06-26,San Bernardino,71,2135413,294083,294034,9138,303172,4928
2021-06-26,San Diego,73,3302833,282784,282263,0,282263,3780
2021-06-26,San Francisco,75,870044,37082,37348,1409,38757,559
2021-06-26,San Joaquin,77,732212,73916,73928,3835,77763,1411
2021-06-26,San Luis Obispo,79,281455,21346,21330,794,22124,256
2021-06-26,San Mateo,81,765935,42748,42898,499,43397,539
2021-06-26,Santa Barbara,83,443738,34617,34525,1257,35782,455
2021-06-26,Santa Clara,85,1922200,118965,120321,813,121134,2103
2021-06-26,Santa Cruz,87,273765,16251,16239,884,17123,208
2021-06-26,Shasta,89,179085,12587,12635,1699,14334,203
2021-06-26,Sierra,91,2930,61,58,14,72,0
2021-06-26,Siskiyou,93,43540,1945,1896,395,2291,29
2021-06-26,Solano,95,438530,33464,33489,580,34069,267
2021-06-26,Sonoma,97,501317,30997,31088,376,31464,315
2021-06-26,Stanislaus,99,539301,56947,57006,6273,63279,1018
2021-06-26,Sutter,101,95872,9633,9669,95,9764,114
2021-06-26,Tehama,103,63373,5116,5119,620,5739,63
2021-06-26,Trinity,105,12862,371,341,67,408,3
2021-06-26,Tulare,107,460477,49793,49745,9676,59421,850
2021-06-26,Tuolumne,109,53932,4123,4121,38,4159,64
2021-06-26,Ventura,111,848112,81457,81352,3154,84506,1032
2021-06-26,Yolo,113,214977,14187,14184,369,14553,213
2021-06-26,Yuba,115,75493,6201,6200,135,6335,51
2021-06-25,Alameda,1,1643700,89430,89453,2086,91539,1271
2021-06-25,Alpine,3,1148,89,89,0,89,0
2021-06-25,Amador,5,37829,3762,3746,35,3781,46
2021-06-25,Butte,7,227075,12706,12682,1951,14633,198
2021-06-25,Calaveras,9,45235,2203,2201,15,2216,55
2021-06-25,Colusa,11,21464,1963,1972,329,2301,15
2021-06-25,Contra Costa,13,1133247,70965,70659,1387,72046,815
2021-06-25,Del Norte,15,27424,1436,1426,9,1435,8
2021-06-25,El Dorado,17,186661,10408,10406,800,11206,115
2021-06-25,Fresno,19,978130,102665,103073,9077,112150,1727
2021-06-25,Glenn,21,27897,2434,2441,587,3028,20
2021-06-25,Humboldt,23,135768,4517,4503,43,4546,49
2021-06-25,Imperial,25,180216,28690,28968,2935,31903,740
2021-06-25,Inyo,27,18085,1411,1406,4,1410,35
2021-06-25,Kern,29,883053,97307,97182,11612,108794,1347
2021-06-25,Kings,31,150075,23073,23118,1212,24330,246
2021-06-25,Lake,33,64148,3600,3571,13,3584,56
2021-06-25,Lassen,35,31185,5266,5259,124,5383,20
2021-06-25,Los Angeles,37,10098052,1208012,1206909,44241,1251150,24483
2021-06-25,Madera,39,155013,16703,16670,966,17636,240
2021-06-25,Marin,41,260295,14162,14179,273,14452,232
2021-06-25,Mariposa,43,17540,441,440,11,451,5
2021-06-25,Mendocino,45,87422,4174,4089,76,4165,49
2021-06-25,Merced,47,269075,31262,31256,1005,32261,467
2021-06-25,Modoc,49,8938,413,411,146,557,3
2021-06-25,Mono,51,14174,1254,1279,13,1292,3
2021-06-25,Monterey,53,433212,43177,43184,1935,45119,462
2021-06-25,Napa,55,140530,10028,10037,36,10073,81
2021-06-25,Nevada,57,99092,4962,4932,201,5133,72
2021-06-25,Orange,59,3164182,255720,255574,11886,267460,5119
2021-06-25,Placer,61,380077,23754,23672,1616,25288,299
2021-06-25,Plumas,63,18699,720,702,12,714,4
2021-06-25,Riverside,65,2383286,292606,291663,14883,306546,4490
2021-06-25,Sacramento,67,1510023,108180,108034,1914,109948,1673
2021-06-25,San Benito,69,59416,6097,6098,119,6217,63
2021-06-25,San Bernardino,71,2135413,294028,293941,9136,303077,4911
2021-06-25,San Diego,73,3302833,282724,282157,0,282157,3779
2021-06-25,San Francisco,75,870044,37059,37338,1408,38746,559
2021-06-25,San Joaquin,77,732212,73883,73860,3833,77693,1410
2021-06-25,San Luis Obispo,79,281455,21343,21325,793,22118,256
2021-06-25,San Mateo,81,765935,42730,42849,499,43348,537
2021-06-25,Santa Barbara,83,443738,34609,34518,1256,35774,454
2021-06-25,Santa Clara,85,1922200,118945,120272,813,121085,2103
2021-06-25,Santa Cruz,87,273765,16248,16230,882,17112,208
2021-06-25,Shasta,89,179085,12577,12633,1698,14331,202
2021-06-25,Sierra,91,2930,61,58,14,72,0
2021-06-25,Siskiyou,93,43540,1944,1894,395,2289,29
2021-06-25,Solano,95,438530,33444,33449,580,34029,267
2021-06-25,Sonoma,97,501317,30974,31043,376,31419,314
2021-06-25,Stanislaus,99,539301,56928,56973,6266,63239,1018
2021-06-25,Sutter,101,95872,9626,9664,95,9759,114
2021-06-25,Tehama,103,63373,5115,5119,620,5739,63
2021-06-25,Trinity,105,12862,371,338,67,405,3
2021-06-25,Tulare,107,460477,49787,49731,9672,59403,850
2021-06-25,Tuolumne,109,53932,4122,4121,38,4159,64
2021-06-25,Ventura,111,848112,81428,81342,3148,84490,1032
2021-06-25,Yolo,113,214977,14181,14172,369,14541,213
2021-06-25,Yuba,115,75493,6197,6195,135,6330,51
2021-06-24,Alameda,1,1643700,89356,89358,2082,91440,1268
2021-06-24,Alpine,3,1148,89,89,0,89,0
2021-06-24,Amador,5,37829,3758,3745,35,3780,46
2021-06-24,Butte,7,227075,12700,12673,1949,14622,198
2021-06-24,Calaveras,9,45235,2199,2202,15,2217,55
2021-06-24,Colusa,11,21464,1962,1972,329,2301,15
2021-06-24,Contra Costa,13,1133247,70906,70590,1387,71977,813
2021-06-24,Del Norte,15,27424,1435,1421,9,1430,8
2021-06-24,El Dorado,17,186661,10401,10402,800,11202,115
2021-06-24,Fresno,19,978130,102646,103061,9074,112135,1727
2021-06-24,Glenn,21,27897,2433,2439,587,3026,20
2021-06-24,Humboldt,23,135768,4512,4493,43,4536,49
2021-06-24,Imperial,25,180216,28687,28981,2935,31916,740
2021-06-24,Inyo,27,18085,1410,1406,4,1410,35
2021-06-24,Kern,29,883053,97288,97129,11599,108728,1346
2021-06-24,Kings,31,150075,23069,23114,1210,24324,246
2021-06-24,Lake,33,64148,3594,3571,13,3584,56
2021-06-24,Lassen,35,31185,5265,5258,124,5382,20
2021-06-24,Los Angeles,37,10098052,1207690,1206590,44217,1250807,24480
2021-06-24,Madera,39,155013,16692,16662,966,17628,240
2021-06-24,Marin,41,260295,14158,14180,273,14453,232
2021-06-24,Mariposa,43,17540,441,440,11,451,5
2021-06-24,Mendocino,45,87422,4166,4085,76,4161,49
2021-06-24,Merced,47,269075,31251,31248,1005,32253,466
2021-06-24,Modoc,49,8938,413,411,146,557,3
2021-06-24,Mono,51,14174,1254,1276,13,1289,3
2021-06-24,Monterey,53,433212,43170,43180,1935,45115,451
2021-06-24,Napa,55,140530,10026,10036,36,10072,80
2021-06-24,Nevada,57,99092,4960,4927,201,5128,72
2021-06-24,Orange,59,3164182,255656,255520,11878,267398,5117
2021-06-24,Placer,61,380077,23729,23659,1614,25273,299
2021-06-24,Plumas,63,18699,719,702,12,714,4
2021-06-24,Riverside,65,2383286,292526,291067,14872,305939,4473
2021-06-24,Sacramento,67,1510023,108092,107965,1912,109877,1672
2021-06-24,San Benito,69,59416,6094,6098,119,6217,63
2021-06-24,San Bernardino,71,2135413,293958,293895,9131,303026,4898
2021-06-24,San Diego,73,3302833,282619,282053,0,282053,3778
2021-06-24,San Francisco,75,870044,37037,37320,1406,38726,559
2021-06-24,San Joaquin,77,732212,73835,73814,3833,77647,1408
2021-06-24,San Luis Obispo,79,281455,21337,21326,793,22119,256
2021-06-24,San Mateo,81,765935,42704,42814,498,43312,542
2021-06-24,Santa Barbara,83,443738,34603,34512,1255,35767,454
2021-06-24,Santa Clara,85,1922200,118915,120274,812,121086,2103
2021-06-24,Santa Cruz,87,273765,16247,16227,882,17109,208
2021-06-24,Shasta,89,179085,12572,12629,1694,14323,202
2021-06-24,Sierra,91,2930,61,58,14,72,0
2021-06-24,Siskiyou,93,43540,1944,1892,395,2287,28
2021-06-24,Solano,95,438530,33422,33432,578,34010,267
2021-06-24,Sonoma,97,501317,30945,31020,376,31396,314
2021-06-24,Stanislaus,99,539301,56897,56946,6265,63211,1018
2021-06-24,Sutter,101,95872,9619,9660,95,9755,113
2021-06-24,Tehama,103,63373,5112,5115,620,5735,63
2021-06-24,Trinity,105,12862,370,338,67,405,3
2021-06-24,Tulare,107,460477,49777,49730,9669,59399,850
2021-06-24,Tuolumne,109,53932,4120,4120,38,4158,64
2021-06-24,Ventura,111,848112,81400,81332,3147,84479,1032
2021-06-24,Yolo,113,214977,14173,14169,365,14534,213
2021-06-24,Yuba,115,75493,6192,6195,135,6330,51
2021-06-23,Alameda,1,1643700,89284,89338,2081,91419,1266
2021-06-23,Alpine,3,1148,89,88,0,88,0
2021-06-23,Amador,5,37829,3756,3743,35,3778,46
2021-06-23,Butte,7,227075,12693,12666,1949,14615,198
2021-06-23,Calaveras,9,45235,2198,2199,15,2214,55
2021-06-23,Colusa,11,21464,1961,1972,329,2301,15
2021-06-23,Contra Costa,13,1133247,70841,70526,1386,71912,813
2021-06-23,Del Norte,15,27424,1431,1418,9,1427,8
2021-06-23,El Dorado,17,186661,10392,10395,797,11192,115
2021-06-23,Fresno,19,978130,102616,103020,9072,112092,1724
2021-06-23,Glenn,21,27897,2433,2437,586,3023,20
2021-06-23,Humboldt,23,135768,4503,4490,43,4533,48
2021-06-23,Imperial,25,180216,28680,28908,2935,31843,740
2021-06-23,Inyo,27,18085,1410,1406,4,1410,35
2021-06-23,Kern,29,883053,97261,97078,11586,108664,1345
2021-06-23,Kings,31,150075,23062,23105,1208,24313,245
2021-06-23,Lake,33,64148,3585,3566,13,3579,53
2021-06-23,Lassen,35,31185,5262,5257,124,5381,20
2021-06-23,Los Angeles,37,10098052,1207353,1206358,44206,1250564,24472
2021-06-23,Madera,39,155013,16687,16660,966,17626,240
2021-06-23,Marin,41,260295,14152,14177,273,14450,230
2021-06-23,Mariposa,43,17540,441,439,11,450,5
2021-06-23,Mendocino,45,87422,4162,4078,76,4154,49
2021-06-23,Merced,47,269075,31242,31260,1005,32265,465
2021-06-23,Modoc,49,8938,411,407,146,553,3
2021-06-23,Mono,51,14174,1254,1279,13,1292,3
2021-06-23,Monterey,53,433212,43161,43166,1935,45101,439
2021-06-23,Napa,55,140530,10017,10032,36,10068,80
2021-06-23,Nevada,57,99092,4957,4924,201,5125,72
2021-06-23,Orange,59,3164182,255591,255479,11870,267349,5116
2021-06-23,Placer,61,380077,23701,23630,1607,25237,299
2021-06-23,Plumas,63,18699,718,701,12,713,4
2021-06-23,Riverside,65,2383286,292443,290343,14870,305213,4462
2021-06-23,Sacramento,67,1510023,107998,107868,1907,109775,1671
2021-06-23,San Benito,69,59416,6090,6097,119,6216,63
2021-06-23,San Bernardino,71,2135413,293881,293816,9127,302943,4886
2021-06-23,San Diego,73,3302833,282519,281937,0,281937,3777
2021-06-23,San Francisco,75,870044,37013,37304,1405,38709,559
2021-06-23,San Joaquin,77,732212,73796,73764,3831,77595,1405
2021-06-23,San Luis Obispo,79,281455,21333,21323,792,22115,257
2021-06-23,San Mateo,81,765935,42688,42756,497,43253,542
2021-06-23,Santa Barbara,83,443738,34593,34505,1255,35760,454
2021-06-23,Santa Clara,85,1922200,118886,120233,812,121045,2098
2021-06-23,Santa Cruz,87,273765,16243,16215,882,17097,209
2021-06-23,Shasta,89,179085,12565,12604,1692,14296,202
2021-06-23,Sierra,91,2930,61,57,14,71,0
2021-06-23,Siskiyou,93,43540,1942,1892,395,2287,28
2021-06-23,Solano,95,438530,33378,33408,578,33986,267
2021-06-23,Sonoma,97,501317,30905,30959,374,31333,314
2021-06-23,Stanislaus,99,539301,56864,56926,6264,63190,1017
2021-06-23,Sutter,101,95872,9613,9653,95,9748,113
2021-06-23,Tehama,103,63373,5112,5119,619,5738,63
2021-06-23,Trinity,105,12862,370,338,67,405,3
2021-06-23,Tulare,107,460477,49771,49711,9664,59375,850
2021-06-23,Tuolumne,109,53932,4117,4120,38,4158,64
2021-06-23,Ventura,111,848112,81377,81312,3144,84456,1032
2021-06-23,Yolo,113,214977,14163,14161,365,14526,212
2021-06-23,Yuba,115,75493,6189,6190,135,6325,51
2021-06-22,Alameda,1,1643700,89215,89308,2081,91389,1263
2021-06-22,Alpine,3,1148,89,88,0,88,0
2021-06-22,Amador,5,37829,3753,3743,35,3778,46
2021-06-22,Butte,7,227075,12689,12662,1947,14609,198
2021-06-22,Calaveras,9,45235,2197,2198,15,2213,55
2021-06-22,Colusa,11,21464,1960,1971,329,2300,15
2021-06-22,Contra Costa,13,1133247,70785,70480,1385,71865,813
2021-06-22,Del Norte,15,27424,1428,1417,9,1426,8
2021-06-22,El Dorado,17,186661,10387,10380,796,11176,113
2021-06-22,Fresno,19,978130,102598,102996,9068,112064,1724
2021-06-22,Glenn,21,27897,2432,2435,584,3019,19
2021-06-22,Humboldt,23,135768,4493,4483,43,4526,42
2021-06-22,Imperial,25,180216,28675,28880,2935,31815,740
2021-06-22,Inyo,27,18085,1410,1405,4,1409,35
2021-06-22,Kern,29,883053,97247,97013,11582,108595,1342
2021-06-22,Kings,31,150075,23054,23098,1207,24305,245
2021-06-22,Lake,33,64148,3583,3564,13,3577,45
2021-06-22,Lassen,35,31185,5257,5254,124,5378,20
2021-06-22,Los Angeles,37,10098052,1207042,1206146,44194,1250340,24461
2021-06-22,Madera,39,155013,16682,16652,966,17618,240
2021-06-22,Marin,41,260295,14150,14174,273,14447,230
2021-06-22,Mariposa,43,17540,441,439,11,450,5
2021-06-22,Mendocino,45,87422,4156,4072,76,4148,49
2021-06-22,Merced,47,269075,31231,31267,1005,32272,464
2021-06-22,Modoc,49,8938,410,405,145,550,3
2021-06-22,Mono,51,14174,1254,1277,13,1290,3
2021-06-22,Monterey,53,433212,43158,43162,1934,45096,427
2021-06-22,Napa,55,140530,10012,10029,36,10065,80
2021-06-22,Nevada,57,99092,4951,4923,201,5124,72
2021-06-22,Orange,59,3164182,255526,255452,11860,267312,5114
2021-06-22,Placer,61,380077,23680,23603,1607,25210,299
2021-06-22,Plumas,63,18699,718,697,12,709,4
2021-06-22,Riverside,65,2383286,292382,289839,14866,304705,4456
2021-06-22,Sacramento,67,1510023,107897,107801,1902,109703,1670
2021-06-22,San Benito,69,59416,6089,6098,119,6217,63
2021-06-22,San Bernardino,71,2135413,293804,293770,9121,302891,4873
2021-06-22,San Diego,73,3302833,282415,281867,0,281867,3771
2021-06-22,San Francisco,75,870044,36999,37287,1405,38692,556
2021-06-22,San Joaquin,77,732212,73766,73723,3830,77553,1405
2021-06-22,San Luis Obispo,79,281455,21330,21321,791,22112,257
2021-06-22,San Mateo,81,765935,42675,42725,491,43216,542
2021-06-22,Santa Barbara,83,443738,34582,34500,1254,35754,454
2021-06-22,Santa Clara,85,1922200,118854,120194,812,121006,2095
2021-06-22,Santa Cruz,87,273765,16238,16218,882,17100,209
2021-06-22,Shasta,89,179085,12555,12616,1688,14304,202
2021-06-22,Sierra,91,2930,60,57,14,71,0
2021-06-22,Siskiyou,93,43540,1942,1892,395,2287,28
2021-06-22,Solano,95,438530,33360,33397,577,33974,267
2021-06-22,Sonoma,97,501317,30865,30933,374,31307,314
2021-06-22,Stanislaus,99,539301,56844,56915,6262,63177,1017
2021-06-22,Sutter,101,95872,9606,9649,95,9744,113
2021-06-22,Tehama,103,63373,5110,5118,618,5736,63
2021-06-22,Trinity,105,12862,368,337,67,404,3
2021-06-22,Tulare,107,460477,49763,49706,9659,59365,850
2021-06-22,Tuolumne,109,53932,4115,4119,38,4157,64
2021-06-22,Ventura,111,848112,81363,81300,3143,84443,1032
2021-06-22,Yolo,113,214977,14158,14157,363,14520,212
2021-06-22,Yuba,115,75493,6185,6181,135,6316,51
2021-06-21,Alameda,1,1643700,89154,89281,2080,91361,1262
2021-06-21,Alpine,3,1148,89,88,0,88,0
2021-06-21,Amador,5,37829,3747,3742,35,3777,46
2021-06-21,Butte,7,227075,12683,12668,1945,14613,195
2021-06-21,Calaveras,9,45235,2196,2194,15,2209,55
2021-06-21,Colusa,11,21464,1959,1970,328,2298,15
2021-06-21,Contra Costa,13,1133247,70715,70439,1383,71822,813
2021-06-21,Del Norte,15,27424,1424,1416,9,1425,8
2021-06-21,El Dorado,17,186661,10381,10375,795,11170,113
2021-06-21,Fresno,19,978130,102579,102971,9065,112036,1724
2021-06-21,Glenn,21,27897,2431,2433,584,3017,19
2021-06-21,Humboldt,23,135768,4484,4478,42,4520,42
2021-06-21,Imperial,25,180216,28671,28855,2935,31790,740
2021-06-21,Inyo,27,18085,1409,1405,4,1409,35
2021-06-21,Kern,29,883053,97218,96995,11573,108568,1342
2021-06-21,Kings,31,150075,23047,23091,1204,24295,245
2021-06-21,Lake,33,64148,3577,3563,13,3576,45
2021-06-21,Lassen,35,31185,5255,5233,124,5357,19
2021-06-21,Los Angeles,37,10098052,1206755,1205994,44169,1250163,24459
2021-06-21,Madera,39,155013,16673,16647,965,17612,240
2021-06-21,Marin,41,260295,14146,14173,273,14446,230
2021-06-21,Mariposa,43,17540,441,439,11,450,5
2021-06-21,Mendocino,45,87422,4153,4085,76,4161,49
2021-06-21,Merced,47,269075,31221,31264,1004,32268,465
2021-06-21,Modoc,49,8938,410,405,145,550,3
2021-06-21,Mono,51,14174,1254,1277,13,1290,3
2021-06-21,Monterey,53,433212,43155,43157,1934,45091,427
2021-06-21,Napa,55,140530,10008,10028,36,10064,80
2021-06-21,Nevada,57,99092,4947,4921,201,5122,72
2021-06-21,Orange,59,3164182,255459,255400,11852,267252,5113
2021-06-21,Placer,61,380077,23655,23577,1607,25184,298
2021-06-21,Plumas,63,18699,716,697,12,709,4
2021-06-21,Riverside,65,2383286,292308,289797,14861,304658,4456
2021-06-21,Sacramento,67,1510023,107786,107757,1901,109658,1669
2021-06-21,San Benito,69,59416,6085,6098,119,6217,63
2021-06-21,San Bernardino,71,2135413,293716,293736,9116,302852,4850
2021-06-21,San Diego,73,3302833,282309,281811,0,281811,3771
2021-06-21,San Francisco,75,870044,36983,37275,1404,38679,556
2021-06-21,San Joaquin,77,732212,73725,73687,3829,77516,1405
2021-06-21,San Luis Obispo,79,281455,21321,21316,791,22107,257
2021-06-21,San Mateo,81,765935,42657,42685,490,43175,542
2021-06-21,Santa Barbara,83,443738,34577,34492,1254,35746,455
2021-06-21,Santa Clara,85,1922200,118822,120192,811,121003,2093
2021-06-21,Santa Cruz,87,273765,16236,16212,882,17094,208
2021-06-21,Shasta,89,179085,12542,12617,1685,14302,201
2021-06-21,Sierra,91,2930,60,57,14,71,0
2021-06-21,Siskiyou,93,43540,1942,1892,395,2287,27
2021-06-21,Solano,95,438530,33337,33383,575,33958,266
2021-06-21,Sonoma,97,501317,30844,30912,374,31286,314
2021-06-21,Stanislaus,99,539301,56814,56891,6257,63148,1017
2021-06-21,Sutter,101,95872,9605,9649,95,9744,113
2021-06-21,Tehama,103,63373,5110,5115,617,5732,63
2021-06-21,Trinity,105,12862,368,337,67,404,3
2021-06-21,Tulare,107,460477,49755,49689,9652,59341,849
2021-06-21,Tuolumne,109,53932,4111,4119,38,4157,63
2021-06-21,Ventura,111,848112,81335,81291,3139,84430,1031
2021-06-21,Yolo,113,214977,14152,14165,363,14528,212
2021-06-21,Yuba,115,75493,6184,6172,135,6307,51
2021-06-20,Alameda,1,1643700,89091,89255,2080,91335,1263
2021-06-20,Alpine,3,1148,89,88,0,88,0
2021-06-20,Amador,5,37829,3744,3740,35,3775,46
2021-06-20,Butte,7,227075,12676,12668,1944,14612,194
2021-06-20,Calaveras,9,45235,2194,2193,15,2208,55
2021-06-20,Colusa,11,21464,1959,1970,328,2298,15
2021-06-20,Contra Costa,13,1133247,70658,70401,1381,71782,813
2021-06-20,Del Norte,15,27424,1420,1416,9,1425,8
2021-06-20,El Dorado,17,186661,10367,10372,793,11165,113
2021-06-20,Fresno,19,978130,102539,102947,9061,112008,1724
2021-06-20,Glenn,21,27897,2431,2434,584,3018,19
2021-06-20,Humboldt,23,135768,4478,4472,42,4514,42
2021-06-20,Imperial,25,180216,28662,28855,2935,31790,740
2021-06-20,Inyo,27,18085,1408,1405,4,1409,35
2021-06-20,Kern,29,883053,97197,96985,11562,108547,1342
2021-06-20,Kings,31,150075,23042,23088,1202,24290,245
2021-06-20,Lake,33,64148,3575,3563,13,3576,45
2021-06-20,Lassen,35,31185,5252,5230,124,5354,19
2021-06-20,Los Angeles,37,10098052,1206462,1205874,44159,1250033,24456
2021-06-20,Madera,39,155013,16665,16638,964,17602,240
2021-06-20,Marin,41,260295,14143,14166,273,14439,230
2021-06-20,Mariposa,43,17540,439,439,11,450,5
2021-06-20,Mendocino,45,87422,4146,4080,76,4156,49
2021-06-20,Merced,47,269075,31209,31265,1004,32269,465
2021-06-20,Modoc,49,8938,410,405,145,550,3
2021-06-20,Mono,51,14174,1254,1275,13,1288,3
2021-06-20,Monterey,53,433212,43146,43156,1933,45089,427
2021-06-20,Napa,55,140530,10001,10026,35,10061,80
2021-06-20,Nevada,57,99092,4940,4919,201,5120,72
2021-06-20,Orange,59,3164182,255397,255377,11841,267218,5113
2021-06-20,Placer,61,380077,23622,23562,1603,25165,298
2021-06-20,Plumas,63,18699,715,697,12,709,4
2021-06-20,Riverside,65,2383286,292233,289770,14851,304621,4456
2021-06-20,Sacramento,67,1510023,107678,107700,1898,109598,1669
2021-06-20,San Benito,69,59416,6085,6098,119,6217,63
2021-06-20,San Bernardino,71,2135413,293618,293713,9113,302826,4845
2021-06-20,San Diego,73,3302833,282203,281750,0,281750,3771
2021-06-20,San Francisco,75,870044,36962,37269,1404,38673,556
2021-06-20,San Joaquin,77,732212,73682,73676,3821,77497,1405
2021-06-20,San Luis Obispo,79,281455,21319,21313,791,22104,257
2021-06-20,San Mateo,81,765935,42629,42681,490,43171,542
2021-06-20,Santa Barbara,83,443738,34568,34487,1254,35741,455
2021-06-20,Santa Clara,85,1922200,118787,120163,811,120974,2093
2021-06-20,Santa Cruz,87,273765,16229,16210,882,17092,208
2021-06-20,Shasta,89,179085,12537,12617,1683,14300,201
2021-06-20,Sierra,91,2930,60,57,14,71,0
2021-06-20,Siskiyou,93,43540,1941,1891,395,2286,27
2021-06-20,Solano,95,438530,33315,33361,573,33934,266
2021-06-20,Sonoma,97,501317,30798,30884,370,31254,314
2021-06-20,Stanislaus,99,539301,56779,56868,6256,63124,1017
2021-06-20,Sutter,101,95872,9602,9645,95,9740,113
2021-06-20,Tehama,103,63373,5106,5115,617,5732,63
2021-06-20,Trinity,105,12862,368,337,67,404,3
2021-06-20,Tulare,107,460477,49746,49685,9650,59335,849
2021-06-20,Tuolumne,109,53932,4108,4117,38,4155,63
2021-06-20,Ventura,111,848112,81319,81282,3137,84419,1031
2021-06-20,Yolo,113,214977,14145,14160,363,14523,212
2021-06-20,Yuba,115,75493,6177,6167,135,6302,51
2021-06-19,Alameda,1,1643700,89058,89202,2080,91282,1263
2021-06-19,Alpine,3,1148,89,88,0,88,0
2021-06-19,Amador,5,37829,3742,3739,35,3774,46
2021-06-19,Butte,7,227075,12672,12659,1944,14603,194
2021-06-19,Calaveras,9,45235,2194,2192,15,2207,55
2021-06-19,Colusa,11,21464,1959,1969,328,2297,15
2021-06-19,Contra Costa,13,1133247,70624,70334,1380,71714,813
2021-06-19,Del Norte,15,27424,1419,1416,9,1425,8
2021-06-19,El Dorado,17,186661,10366,10363,792,11155,113
2021-06-19,Fresno,19,978130,102526,102922,9058,111980,1724
2021-06-19,Glenn,21,27897,2430,2434,583,3017,19
2021-06-19,Humboldt,23,135768,4467,4463,42,4505,42
2021-06-19,Imperial,25,180216,28661,28813,2935,31748,740
2021-06-19,Inyo,27,18085,1408,1405,4,1409,35
2021-06-19,Kern,29,883053,97181,96966,11558,108524,1342
2021-06-19,Kings,31,150075,23039,23086,1202,24288,245
2021-06-19,Lake,33,64148,3571,3563,13,3576,45
2021-06-19,Lassen,35,31185,5251,5225,124,5349,19
2021-06-19,Los Angeles,37,10098052,1206265,1205602,44144,1249746,24454
2021-06-19,Madera,39,155013,16663,16632,964,17596,240
2021-06-19,Marin,41,260295,14135,14152,273,14425,230
2021-06-19,Mariposa,43,17540,439,439,11,450,5
2021-06-19,Mendocino,45,87422,4140,4077,76,4153,49
2021-06-19,Merced,47,269075,31207,31256,1004,32260,465
2021-06-19,Modoc,49,8938,409,402,145,547,3
2021-06-19,Mono,51,14174,1254,1275,13,1288,3
2021-06-19,Monterey,53,433212,43140,43153,1933,45086,427
2021-06-19,Napa,55,140530,9997,10025,35,10060,80
2021-06-19,Nevada,57,99092,4935,4910,201,5111,72
2021-06-19,Orange,59,3164182,255352,255329,11837,267166,5112
2021-06-19,Placer,61,380077,23605,23537,1600,25137,298
2021-06-19,Plumas,63,18699,714,697,12,709,4
2021-06-19,Riverside,65,2383286,292192,289720,14851,304571,4456
2021-06-19,Sacramento,67,1510023,107635,107631,1895,109526,1669
2021-06-19,San Benito,69,59416,6084,6098,119,6217,63
2021-06-19,San Bernardino,71,2135413,293575,293673,9110,302783,4844
2021-06-19,San Diego,73,3302833,282143,281682,0,281682,3771
2021-06-19,San Francisco,75,870044,36950,37256,1403,38659,556
2021-06-19,San Joaquin,77,732212,73666,73652,3817,77469,1405
2021-06-19,San Luis Obispo,79,281455,21317,21308,791,22099,257
2021-06-19,San Mateo,81,765935,42615,42646,488,43134,542
2021-06-19,Santa Barbara,83,443738,34566,34472,1254,35726,455
2021-06-19,Santa Clara,85,1922200,118764,120110,810,120920,2093
2021-06-19,Santa Cruz,87,273765,16225,16206,882,17088,208
2021-06-19,Shasta,89,179085,12535,12615,1682,14297,201
2021-06-19,Sierra,91,2930,60,57,14,71,0
2021-06-19,Siskiyou,93,43540,1941,1891,394,2285,27
2021-06-19,Solano,95,438530,33305,33341,572,33913,266
2021-06-19,Sonoma,97,501317,30757,30841,369,31210,314
2021-06-19,Stanislaus,99,539301,56760,56847,6253,63100,1017
2021-06-19,Sutter,101,95872,9599,9645,95,9740,113
2021-06-19,Tehama,103,63373,5105,5115,617,5732,63
2021-06-19,Trinity,105,12862,368,337,67,404,3
2021-06-19,Tulare,107,460477,49739,49681,9645,59326,849
2021-06-19,Tuolumne,109,53932,4108,4117,38,4155,63
2021-06-19,Ventura,111,848112,81306,81270,3136,84406,1031
2021-06-19,Yolo,113,214977,14141,14156,362,14518,212
2021-06-19,Yuba,115,75493,6176,6157,135,6292,51
2021-06-18,Alameda,1,1643700,89020,89123,2080,91203,1263
2021-06-18,Alpine,3,1148,89,88,0,88,0
2021-06-18,Amador,5,37829,3742,3739,35,3774,46
2021-06-18,Butte,7,227075,12669,12653,1941,14594,194
2021-06-18,Calaveras,9,45235,2194,2191,15,2206,55
2021-06-18,Colusa,11,21464,1958,1969,328,2297,15
2021-06-18,Contra Costa,13,1133247,70583,70271,1378,71649,813
2021-06-18,Del Norte,15,27424,1419,1415,9,1424,8
2021-06-18,El Dorado,17,186661,10364,10348,790,11138,113
2021-06-18,Fresno,19,978130,102510,102894,9056,111950,1722
2021-06-18,Glenn,21,27897,2429,2430,583,3013,19
2021-06-18,Humboldt,23,135768,4459,4450,42,4492,42
2021-06-18,Imperial,25,180216,28659,28809,2935,31744,740
2021-06-18,Inyo,27,18085,1408,1405,4,1409,35
2021-06-18,Kern,29,883053,97170,96948,11552,108500,1341
2021-06-18,Kings,31,150075,23034,23082,1202,24284,245
2021-06-18,Lake,33,64148,3567,3563,13,3576,45
2021-06-18,Lassen,35,31185,5250,5224,124,5348,19
2021-06-18,Los Angeles,37,10098052,1206109,1205472,44126,1249598,24451
2021-06-18,Madera,39,155013,16657,16625,964,17589,241
2021-06-18,Marin,41,260295,14132,14147,273,14420,230
2021-06-18,Mariposa,43,17540,439,439,11,450,5
2021-06-18,Mendocino,45,87422,4135,4068,76,4144,49
2021-06-18,Merced,47,269075,31205,31262,1004,32266,464
2021-06-18,Modoc,49,8938,409,402,145,547,3
2021-06-18,Mono,51,14174,1253,1275,12,1287,3
2021-06-18,Monterey,53,433212,43137,43148,1933,45081,427
2021-06-18,Napa,55,140530,9993,10021,35,10056,80
2021-06-18,Nevada,57,99092,4927,4903,201,5104,72
2021-06-18,Orange,59,3164182,255316,255274,11834,267108,5108
2021-06-18,Placer,61,380077,23596,23500,1597,25097,298
2021-06-18,Plumas,63,18699,714,697,12,709,4
2021-06-18,Riverside,65,2383286,292143,289676,14850,304526,4457
2021-06-18,Sacramento,67,1510023,107587,107570,1895,109465,1669
2021-06-18,San Benito,69,59416,6083,6097,119,6216,63
2021-06-18,San Bernardino,71,2135413,293533,293629,9105,302734,4826
2021-06-18,San Diego,73,3302833,282067,281608,0,281608,3771
2021-06-18,San Francisco,75,870044,36941,37246,1403,38649,556
2021-06-18,San Joaquin,77,732212,73648,73623,3815,77438,1403
2021-06-18,San Luis Obispo,79,281455,21313,21301,790,22091,257
2021-06-18,San Mateo,81,765935,42604,42630,487,43117,542
2021-06-18,Santa Barbara,83,443738,34556,34469,1254,35723,455
2021-06-18,Santa Clara,85,1922200,118743,120081,809,120890,2093
2021-06-18,Santa Cruz,87,273765,16221,16202,882,17084,208
2021-06-18,Shasta,89,179085,12531,12607,1680,14287,201
2021-06-18,Sierra,91,2930,59,57,14,71,0
2021-06-18,Siskiyou,93,43540,1941,1890,394,2284,27
2021-06-18,Solano,95,438530,33291,33323,572,33895,266
2021-06-18,Sonoma,97,501317,30740,30816,367,31183,313
2021-06-18,Stanislaus,99,539301,56745,56803,6251,63054,1012
2021-06-18,Sutter,101,95872,9596,9643,95,9738,113
2021-06-18,Tehama,103,63373,5103,5114,617,5731,63
2021-06-18,Trinity,105,12862,368,337,66,403,3
2021-06-18,Tulare,107,460477,49737,49664,9638,59302,849
2021-06-18,Tuolumne,109,53932,4106,4116,38,4154,63
2021-06-18,Ventura,111,848112,81296,81256,3132,84388,1031
2021-06-18,Yolo,113,214977,14138,14148,360,14508,212
2021-06-18,Yuba,115,75493,6170,6150,135,6285,51
2021-06-17,Alameda,1,1643700,88973,89087,2080,91167,1262
2021-06-17,Alpine,3,1148,89,88,0,88,0
2021-06-17,Amador,5,37829,3740,3731,35,3766,46
2021-06-17,Butte,7,227075,12659,12644,1940,14584,194
2021-06-17,Calaveras,9,45235,2193,2189,15,2204,55
2021-06-17,Colusa,11,21464,1957,1969,328,2297,15
2021-06-17,Contra Costa,13,1133247,70544,70190,1375,71565,810
2021-06-17,Del Norte,15,27424,1417,1413,9,1422,8
2021-06-17,El Dorado,17,186661,10354,10341,790,11131,113
2021-06-17,Fresno,19,978130,102484,102867,9052,111919,1722
2021-06-17,Glenn,21,27897,2429,2430,583,3013,19
2021-06-17,Humboldt,23,135768,4450,4438,42,4480,42
2021-06-17,Imperial,25,180216,28651,28801,2935,31736,741
2021-06-17,Inyo,27,18085,1408,1405,4,1409,35
2021-06-17,Kern,29,883053,97155,96840,11545,108385,1340
2021-06-17,Kings,31,150075,23030,23078,1201,24279,245
2021-06-17,Lake,33,64148,3564,3563,9,3572,45
2021-06-17,Lassen,35,31185,5246,5223,124,5347,19
2021-06-17,Los Angeles,37,10098052,1205900,1205301,44096,1249397,24444
2021-06-17,Madera,39,155013,16652,16618,964,17582,241
2021-06-17,Marin,41,260295,14132,14141,273,14414,229
2021-06-17,Mariposa,43,17540,439,439,11,450,5
2021-06-17,Mendocino,45,87422,4128,4054,76,4130,49
2021-06-17,Merced,47,269075,31200,31262,1004,32266,464
2021-06-17,Modoc,49,8938,408,401,145,546,3
2021-06-17,Mono,51,14174,1252,1275,12,1287,3
2021-06-17,Monterey,53,433212,43130,43140,1933,45073,416
2021-06-17,Napa,55,140530,9993,10014,35,10049,80
2021-06-17,Nevada,57,99092,4923,4898,201,5099,72
2021-06-17,Orange,59,3164182,255274,255240,11822,267062,5109
2021-06-17,Placer,61,380077,23580,23461,1595,25056,298
2021-06-17,Plumas,63,18699,713,697,12,709,4
2021-06-17,Riverside,65,2383286,292090,289627,14847,304474,4458
2021-06-17,Sacramento,67,1510023,107523,107492,1893,109385,1666
2021-06-17,San Benito,69,59416,6083,6097,119,6216,63
2021-06-17,San Bernardino,71,2135413,293496,293560,9105,302665,4811
2021-06-17,San Diego,73,3302833,281990,281531,0,281531,3771
2021-06-17,San Francisco,75,870044,36930,37243,1402,38645,556
2021-06-17,San Joaquin,77,732212,73625,73560,3810,77370,1403
2021-06-17,San Luis Obispo,79,281455,21311,21297,790,22087,257
2021-06-17,San Mateo,81,765935,42597,42615,487,43102,542
2021-06-17,Santa Barbara,83,443738,34550,34466,1254,35720,453
2021-06-17,Santa Clara,85,1922200,118718,120032,808,120840,2093
2021-06-17,Santa Cruz,87,273765,16217,16197,882,17079,208
2021-06-17,Shasta,89,179085,12523,12597,1680,14277,201
2021-06-17,Sierra,91,2930,59,56,14,70,0
2021-06-17,Siskiyou,93,43540,1940,1889,394,2283,27
2021-06-17,Solano,95,438530,33271,33296,570,33866,266
2021-06-17,Sonoma,97,501317,30709,30793,367,31160,323
2021-06-17,Stanislaus,99,539301,56714,56752,6245,62997,1012
2021-06-17,Sutter,101,95872,9593,9629,95,9724,113
2021-06-17,Tehama,103,63373,5102,5112,615,5727,63
2021-06-17,Trinity,105,12862,367,337,66,403,3
2021-06-17,Tulare,107,460477,49732,49649,9630,59279,849
2021-06-17,Tuolumne,109,53932,4105,4116,38,4154,63
2021-06-17,Ventura,111,848112,81287,81248,3129,84377,1030
2021-06-17,Yolo,113,214977,14130,14141,360,14501,212
2021-06-17,Yuba,115,75493,6161,6140,135,6275,51
2021-06-16,Alameda,1,1643700,88922,89045,2076,91121,1265
2021-06-16,Alpine,3,1148,89,88,0,88,0
2021-06-16,Amador,5,37829,3739,3730,35,3765,46
2021-06-16,Butte,7,227075,12657,12635,1938,14573,194
2021-06-16,Calaveras,9,45235,2191,2188,15,2203,55
2021-06-16,Colusa,11,21464,1957,1967,328,2295,15
2021-06-16,Contra Costa,13,1133247,70492,70136,1374,71510,810
2021-06-16,Del Norte,15,27424,1414,1413,9,1422,8
2021-06-16,El Dorado,17,186661,10348,10334,789,11123,113
2021-06-16,Fresno,19,978130,102454,102842,9048,111890,1722
2021-06-16,Glenn,21,27897,2429,2430,583,3013,19
2021-06-16,Humboldt,23,135768,4441,4427,41,4468,42
2021-06-16,Imperial,25,180216,28648,28796,2935,31731,741
2021-06-16,Inyo,27,18085,1407,1405,4,1409,35
2021-06-16,Kern,29,883053,97134,96789,11536,108325,1339
2021-06-16,Kings,31,150075,23029,23072,1200,24272,245
2021-06-16,Lake,33,64148,3564,3562,9,3571,45
2021-06-16,Lassen,35,31185,5243,5216,124,5340,19
2021-06-16,Los Angeles,37,10098052,1205677,1205102,44084,1249186,24439
2021-06-16,Madera,39,155013,16648,16603,964,17567,240
2021-06-16,Marin,41,260295,14130,14137,273,14410,229
2021-06-16,Mariposa,43,17540,439,437,11,448,5
2021-06-16,Mendocino,45,87422,4120,4041,76,4117,49
2021-06-16,Merced,47,269075,31192,31250,1004,32254,463
2021-06-16,Modoc,49,8938,407,383,144,527,3
2021-06-16,Mono,51,14174,1252,1275,12,1287,3
2021-06-16,Monterey,53,433212,43127,43122,1933,45055,416
2021-06-16,Napa,55,140530,9989,10011,35,10046,80
2021-06-16,Nevada,57,99092,4918,4894,201,5095,72
2021-06-16,Orange,59,3164182,255225,255188,11815,267003,5109
2021-06-16,Placer,61,380077,23570,23425,1591,25016,298
2021-06-16,Plumas,63,18699,713,697,12,709,4
2021-06-16,Riverside,65,2383286,292029,289539,14845,304384,4457
2021-06-16,Sacramento,67,1510023,107452,107422,1889,109311,1665
2021-06-16,San Benito,69,59416,6083,6090,119,6209,63
2021-06-16,San Bernardino,71,2135413,293447,293499,9103,302602,4797
2021-06-16,San Diego,73,3302833,281912,281423,0,281423,3770
2021-06-16,San Francisco,75,870044,36917,37222,1400,38622,555
2021-06-16,San Joaquin,77,732212,73588,73530,3806,77336,1399
2021-06-16,San Luis Obispo,79,281455,21306,21294,790,22084,257
2021-06-16,San Mateo,81,765935,42581,42601,487,43088,542
2021-06-16,Santa Barbara,83,443738,34544,34459,1254,35713,460
2021-06-16,Santa Clara,85,1922200,118686,119982,808,120790,2087
2021-06-16,Santa Cruz,87,273765,16214,16187,882,17069,208
2021-06-16,Shasta,89,179085,12518,12592,1679,14271,200
2021-06-16,Sierra,91,2930,59,56,14,70,0
2021-06-16,Siskiyou,93,43540,1939,1886,394,2280,26
2021-06-16,Solano,95,438530,33243,33276,570,33846,266
2021-06-16,Sonoma,97,501317,30672,30741,367,31108,323
2021-06-16,Stanislaus,99,539301,56683,56738,6243,62981,984
2021-06-16,Sutter,101,95872,9589,9620,95,9715,113
2021-06-16,Tehama,103,63373,5100,5106,615,5721,63
2021-06-16,Trinity,105,12862,366,332,66,398,3
2021-06-16,Tulare,107,460477,49727,49578,9626,59204,849
2021-06-16,Tuolumne,109,53932,4105,4110,38,4148,63
2021-06-16,Ventura,111,848112,81273,81229,3127,84356,1029
2021-06-16,Yolo,113,214977,14121,14135,359,14494,212
2021-06-16,Yuba,115,75493,6151,6134,135,6269,51
2021-06-15,Alameda,1,1643700,88879,89008,2076,91084,1262
2021-06-15,Alpine,3,1148,89,88,0,88,0
2021-06-15,Amador,5,37829,3736,3723,35,3758,46
2021-06-15,Butte,7,227075,12649,12620,1937,14557,194
2021-06-15,Calaveras,9,45235,2190,2188,15,2203,55
2021-06-15,Colusa,11,21464,1957,1967,326,2293,15
2021-06-15,Contra Costa,13,1133247,70430,70101,1374,71475,810
2021-06-15,Del Norte,15,27424,1413,1411,9,1420,8
2021-06-15,El Dorado,17,186661,10339,10330,789,11119,113
2021-06-15,Fresno,19,978130,102424,102828,9047,111875,1722
2021-06-15,Glenn,21,27897,2428,2426,583,3009,19
2021-06-15,Humboldt,23,135768,4432,4414,40,4454,42
2021-06-15,Imperial,25,180216,28642,28789,2935,31724,741
2021-06-15,Inyo,27,18085,1407,1405,4,1409,35
2021-06-15,Kern,29,883053,97106,96782,11527,108309,1338
2021-06-15,Kings,31,150075,23023,23070,1199,24269,245
2021-06-15,Lake,33,64148,3563,3559,9,3568,45
2021-06-15,Lassen,35,31185,5242,5211,124,5335,19
2021-06-15,Los Angeles,37,10098052,1205450,1204926,44075,1249001,24435
2021-06-15,Madera,39,155013,16641,16600,963,17563,240
2021-06-15,Marin,41,260295,14122,14135,273,14408,229
2021-06-15,Mariposa,43,17540,439,437,11,448,5
2021-06-15,Mendocino,45,87422,4113,4034,76,4110,49
2021-06-15,Merced,47,269075,31186,31244,1004,32248,461
2021-06-15,Modoc,49,8938,406,383,144,527,3
2021-06-15,Mono,51,14174,1252,1275,12,1287,3
2021-06-15,Monterey,53,433212,43121,43118,1933,45051,416
2021-06-15,Napa,55,140530,9987,10010,35,10045,80
2021-06-15,Nevada,57,99092,4915,4888,201,5089,72
2021-06-15,Orange,59,3164182,255188,255127,11806,266933,5105
2021-06-15,Placer,61,380077,23548,23396,1590,24986,298
2021-06-15,Plumas,63,18699,712,697,12,709,4
2021-06-15,Riverside,65,2383286,291972,289508,14841,304349,4455
2021-06-15,Sacramento,67,1510023,107378,107370,1882,109252,1662
2021-06-15,San Benito,69,59416,6082,6089,119,6208,63
2021-06-15,San Bernardino,71,2135413,293394,293463,9099,302562,4790
2021-06-15,San Diego,73,3302833,281828,281375,0,281375,3770
2021-06-15,San Francisco,75,870044,36908,37210,1399,38609,555
2021-06-15,San Joaquin,77,732212,73549,73494,3802,77296,1399
2021-06-15,San Luis Obispo,79,281455,21301,21293,789,22082,257
2021-06-15,San Mateo,81,765935,42568,42593,487,43080,543
2021-06-15,Santa Barbara,83,443738,34539,34451,1254,35705,460
2021-06-15,Santa Clara,85,1922200,118648,119963,808,120771,2086
2021-06-15,Santa Cruz,87,273765,16207,16180,882,17062,208
2021-06-15,Shasta,89,179085,12512,12583,1679,14262,201
2021-06-15,Sierra,91,2930,58,55,14,69,0
2021-06-15,Siskiyou,93,43540,1938,1887,394,2281,26
2021-06-15,Solano,95,438530,33224,33264,570,33834,266
2021-06-15,Sonoma,97,501317,30633,30707,366,31073,323
2021-06-15,Stanislaus,99,539301,56654,56724,6240,62964,979
2021-06-15,Sutter,101,95872,9580,9616,95,9711,113
2021-06-15,Tehama,103,63373,5098,5102,615,5717,63
2021-06-15,Trinity,105,12862,365,332,66,398,3
2021-06-15,Tulare,107,460477,49721,49561,9622,59183,848
2021-06-15,Tuolumne,109,53932,4105,4111,38,4149,63
2021-06-15,Ventura,111,848112,81262,81215,3124,84339,1029
2021-06-15,Yolo,113,214977,14117,14127,357,14484,212
2021-06-15,Yuba,115,75493,6140,6130,135,6265,51
2021-06-14,Alameda,1,1643700,88828,88966,2075,91041,1264
2021-06-14,Alpine,3,1148,89,88,0,88,0
2021-06-14,Amador,5,37829,3735,3722,35,3757,46
2021-06-14,Butte,7,227075,12638,12613,1933,14546,194
2021-06-14,Calaveras,9,45235,2188,2190,15,2205,55
2021-06-14,Colusa,11,21464,1956,1966,326,2292,15
2021-06-14,Contra Costa,13,1133247,70377,70069,1372,71441,810
2021-06-14,Del Norte,15,27424,1413,1411,9,1420,8
2021-06-14,El Dorado,17,186661,10330,10327,788,11115,113
2021-06-14,Fresno,19,978130,102402,102812,9046,111858,1719
2021-06-14,Glenn,21,27897,2428,2426,583,3009,19
2021-06-14,Humboldt,23,135768,4424,4407,39,4446,42
2021-06-14,Imperial,25,180216,28630,28836,2935,31771,741
2021-06-14,Inyo,27,18085,1406,1405,4,1409,35
2021-06-14,Kern,29,883053,97088,96760,11516,108276,1337
2021-06-14,Kings,31,150075,23021,23071,1197,24268,245
2021-06-14,Lake,33,64148,3562,3557,9,3566,45
2021-06-14,Lassen,35,31185,5239,5209,123,5332,19
2021-06-14,Los Angeles,37,10098052,1205219,1204748,44065,1248813,24434
2021-06-14,Madera,39,155013,16636,16597,962,17559,240
2021-06-14,Marin,41,260295,14120,14133,273,14406,229
2021-06-14,Mariposa,43,17540,438,437,11,448,5
2021-06-14,Mendocino,45,87422,4107,4028,76,4104,49
2021-06-14,Merced,47,269075,31177,31241,1003,32244,461
2021-06-14,Modoc,49,8938,397,382,142,524,3
2021-06-14,Mono,51,14174,1252,1275,12,1287,3
2021-06-14,Monterey,53,433212,43118,43110,1933,45043,415
2021-06-14,Napa,55,140530,9983,10000,35,10035,80
2021-06-14,Nevada,57,99092,4908,4885,201,5086,72
2021-06-14,Orange,59,3164182,255152,255069,11801,266870,5103
2021-06-14,Placer,61,380077,23523,23379,1589,24968,298
2021-06-14,Plumas,63,18699,712,696,12,708,4
2021-06-14,Riverside,65,2383286,291922,289476,14839,304315,4453
2021-06-14,Sacramento,67,1510023,107326,107334,1876,109210,1661
2021-06-14,San Benito,69,59416,6082,6087,119,6206,63
2021-06-14,San Bernardino,71,2135413,293340,293446,9095,302541,4790
2021-06-14,San Diego,73,3302833,281723,281314,0,281314,3770
2021-06-14,San Francisco,75,870044,36895,37206,1399,38605,555
2021-06-14,San Joaquin,77,732212,73520,73453,3802,77255,1398
2021-06-14,San Luis Obispo,79,281455,21299,21302,789,22091,256
2021-06-14,San Mateo,81,765935,42554,42619,486,43105,543
2021-06-14,Santa Barbara,83,443738,34536,34449,1254,35703,460
2021-06-14,Santa Clara,85,1922200,118617,119957,807,120764,2085
2021-06-14,Santa Cruz,87,273765,16205,16175,882,17057,208
2021-06-14,Shasta,89,179085,12502,12561,1676,14237,201
2021-06-14,Sierra,91,2930,57,55,14,69,0
2021-06-14,Siskiyou,93,43540,1938,1886,394,2280,26
2021-06-14,Solano,95,438530,33206,33243,569,33812,266
2021-06-14,Sonoma,97,501317,30601,30679,365,31044,323
2021-06-14,Stanislaus,99,539301,56617,56689,6239,62928,975
2021-06-14,Sutter,101,95872,9577,9607,95,9702,112
2021-06-14,Tehama,103,63373,5096,5102,615,5717,63
2021-06-14,Trinity,105,12862,365,332,66,398,3
2021-06-14,Tulare,107,460477,49717,49538,9618,59156,848
2021-06-14,Tuolumne,109,53932,4102,4108,38,4146,63
2021-06-14,Ventura,111,848112,81252,81209,3124,84333,1028
2021-06-14,Yolo,113,214977,14109,14123,357,14480,212
2021-06-14,Yuba,115,75493,6133,6127,135,6262,50
2021-06-13,Alameda,1,1643700,88772,88947,2073,91020,1264
2021-06-13,Alpine,3,1148,88,88,0,88,0
2021-06-13,Amador,5,37829,3731,3721,35,3756,46
2021-06-13,Butte,7,227075,12627,12586,1930,14516,194
2021-06-13,Calaveras,9,45235,2188,2189,15,2204,55
2021-06-13,Colusa,11,21464,1956,1965,325,2290,15
2021-06-13,Contra Costa,13,1133247,70323,70040,1370,71410,810
2021-06-13,Del Norte,15,27424,1411,1412,9,1421,8
2021-06-13,El Dorado,17,186661,10321,10324,788,11112,113
2021-06-13,Fresno,19,978130,102372,102795,9041,111836,1719
2021-06-13,Glenn,21,27897,2427,2425,581,3006,19
2021-06-13,Humboldt,23,135768,4411,4401,39,4440,42
2021-06-13,Imperial,25,180216,28621,28800,2934,31734,741
2021-06-13,Inyo,27,18085,1406,1405,4,1409,35
2021-06-13,Kern,29,883053,97066,96743,11503,108246,1337
2021-06-13,Kings,31,150075,23016,23069,1196,24265,245
2021-06-13,Lake,33,64148,3562,3556,9,3565,45
2021-06-13,Lassen,35,31185,5234,5209,123,5332,19
2021-06-13,Los Angeles,37,10098052,1204960,1204614,44052,1248666,24433
2021-06-13,Madera,39,155013,16622,16590,962,17552,240
2021-06-13,Marin,41,260295,14114,14126,273,14399,229
2021-06-13,Mariposa,43,17540,438,434,11,445,5
2021-06-13,Mendocino,45,87422,4100,4026,76,4102,49
2021-06-13,Merced,47,269075,31170,31240,1003,32243,461
2021-06-13,Modoc,49,8938,395,382,140,522,3
2021-06-13,Mono,51,14174,1252,1275,12,1287,3
2021-06-13,Monterey,53,433212,43110,43108,1933,45041,415
2021-06-13,Napa,55,140530,9977,9995,35,10030,80
2021-06-13,Nevada,57,99092,4903,4883,201,5084,72
2021-06-13,Orange,59,3164182,255099,255043,11799,266842,5103
2021-06-13,Placer,61,380077,23496,23365,1587,24952,295
2021-06-13,Plumas,63,18699,711,696,12,708,4
2021-06-13,Riverside,65,2383286,291855,289447,14836,304283,4453
2021-06-13,Sacramento,67,1510023,107253,107289,1873,109162,1658
2021-06-13,San Benito,69,59416,6082,6086,119,6205,63
2021-06-13,San Bernardino,71,2135413,293287,293416,9089,302505,4788
2021-06-13,San Diego,73,3302833,281647,281268,0,281268,3770
2021-06-13,San Francisco,75,870044,36884,37197,1399,38596,555
2021-06-13,San Joaquin,77,732212,73489,73438,3800,77238,1398
2021-06-13,San Luis Obispo,79,281455,21293,21298,788,22086,256
2021-06-13,San Mateo,81,765935,42540,42611,486,43097,542
2021-06-13,Santa Barbara,83,443738,34525,34449,1253,35702,460
2021-06-13,Santa Clara,85,1922200,118593,119946,807,120753,2085
2021-06-13,Santa Cruz,87,273765,16198,16172,882,17054,208
2021-06-13,Shasta,89,179085,12493,12560,1675,14235,201
2021-06-13,Sierra,91,2930,57,55,14,69,0
2021-06-13,Siskiyou,93,43540,1937,1885,394,2279,26
2021-06-13,Solano,95,438530,33184,33234,569,33803,266
2021-06-13,Sonoma,97,501317,30566,30663,363,31026,323
2021-06-13,Stanislaus,99,539301,56590,56671,6238,62909,975
2021-06-13,Sutter,101,95872,9570,9603,95,9698,112
2021-06-13,Tehama,103,63373,5094,5100,615,5715,63
2021-06-13,Trinity,105,12862,364,332,66,398,3
2021-06-13,Tulare,107,460477,49708,49537,9613,59150,848
2021-06-13,Tuolumne,109,53932,4100,4107,37,4144,63
2021-06-13,Ventura,111,848112,81238,81201,3124,84325,1028
2021-06-13,Yolo,113,214977,14102,14120,355,14475,212
2021-06-13,Yuba,115,75493,6126,6125,135,6260,50
2021-06-12,Alameda,1,1643700,88743,88901,2073,90974,1271
2021-06-12,Alpine,3,1148,88,88,0,88,0
2021-06-12,Amador,5,37829,3730,3721,35,3756,46
2021-06-12,Butte,7,227075,12623,12576,1930,14506,194
2021-06-12,Calaveras,9,45235,2188,2189,15,2204,55
2021-06-12,Colusa,11,21464,1956,1965,325,2290,15
2021-06-12,Contra Costa,13,1133247,70292,69989,1367,71356,810
2021-06-12,Del Norte,15,27424,1411,1412,9,1421,8
2021-06-12,El Dorado,17,186661,10316,10320,786,11106,113
2021-06-12,Fresno,19,978130,102362,102783,9040,111823,1720
2021-06-12,Glenn,21,27897,2425,2425,581,3006,19
2021-06-12,Humboldt,23,135768,4403,4396,39,4435,42
2021-06-12,Imperial,25,180216,28618,28799,2934,31733,741
2021-06-12,Inyo,27,18085,1406,1405,4,1409,35
2021-06-12,Kern,29,883053,97051,96731,11499,108230,1337
2021-06-12,Kings,31,150075,23014,23067,1196,24263,245
2021-06-12,Lake,33,64148,3561,3552,9,3561,45
2021-06-12,Lassen,35,31185,5234,5208,123,5331,19
2021-06-12,Los Angeles,37,10098052,1204824,1204439,44043,1248482,24434
2021-06-12,Madera,39,155013,16618,16586,962,17548,240
2021-06-12,Marin,41,260295,14111,14121,273,14394,229
2021-06-12,Mariposa,43,17540,438,434,11,445,5
2021-06-12,Mendocino,45,87422,4097,4024,76,4100,49
2021-06-12,Merced,47,269075,31167,31236,1003,32239,461
2021-06-12,Modoc,49,8938,394,382,140,522,3
2021-06-12,Mono,51,14174,1252,1275,12,1287,3
2021-06-12,Monterey,53,433212,43105,43103,1933,45036,415
2021-06-12,Napa,55,140530,9973,9986,35,10021,80
2021-06-12,Nevada,57,99092,4897,4878,201,5079,72
2021-06-12,Orange,59,3164182,255070,255004,11797,266801,5103
2021-06-12,Placer,61,380077,23478,23345,1587,24932,295
2021-06-12,Plumas,63,18699,711,696,12,708,4
2021-06-12,Riverside,65,2383286,291813,289413,14833,304246,4453
2021-06-12,Sacramento,67,1510023,107193,107199,1870,109069,1658
2021-06-12,San Benito,69,59416,6080,6083,119,6202,63
2021-06-12,San Bernardino,71,2135413,293254,293375,9087,302462,4788
2021-06-12,San Diego,73,3302833,281590,281203,0,281203,3770
2021-06-12,San Francisco,75,870044,36874,37189,1399,38588,555
2021-06-12,San Joaquin,77,732212,73470,73413,3799,77212,1398
2021-06-12,San Luis Obispo,79,281455,21290,21293,788,22081,256
2021-06-12,San Mateo,81,765935,42534,42604,486,43090,542
2021-06-12,Santa Barbara,83,443738,34521,34450,1253,35703,460
2021-06-12,Santa Clara,85,1922200,118553,119894,807,120701,2085
2021-06-12,Santa Cruz,87,273765,16190,16170,882,17052,208
2021-06-12,Shasta,89,179085,12490,12556,1674,14230,201
2021-06-12,Sierra,91,2930,57,55,14,69,0
2021-06-12,Siskiyou,93,43540,1936,1884,394,2278,25
2021-06-12,Solano,95,438530,33175,33219,569,33788,266
2021-06-12,Sonoma,97,501317,30538,30647,362,31009,323
2021-06-12,Stanislaus,99,539301,56573,56649,6237,62886,974
2021-06-12,Sutter,101,95872,9566,9603,95,9698,112
2021-06-12,Tehama,103,63373,5094,5099,614,5713,63
2021-06-12,Trinity,105,12862,364,332,66,398,3
2021-06-12,Tulare,107,460477,49703,49533,9606,59139,848
2021-06-12,Tuolumne,109,53932,4099,4105,37,4142,63
2021-06-12,Ventura,111,848112,81226,81197,3124,84321,1028
2021-06-12,Yolo,113,214977,14099,14118,353,14471,212
2021-06-12,Yuba,115,75493,6121,6120,135,6255,50
2021-06-11,Alameda,1,1643700,88714,88844,2073,90917,1278
2021-06-11,Alpine,3,1148,88,88,0,88,0
2021-06-11,Amador,5,37829,3730,3710,35,3745,46
2021-06-11,Butte,7,227075,12619,12576,1928,14504,194
2021-06-11,Calaveras,9,45235,2188,2188,15,2203,55
2021-06-11,Colusa,11,21464,1955,1964,325,2289,15
2021-06-11,Contra Costa,13,1133247,70259,69940,1365,71305,808
2021-06-11,Del Norte,15,27424,1411,1409,9,1418,8
2021-06-11,El Dorado,17,186661,10313,10316,786,11102,113
2021-06-11,Fresno,19,978130,102344,102770,9039,111809,1720
2021-06-11,Glenn,21,27897,2425,2425,581,3006,19
2021-06-11,Humboldt,23,135768,4399,4389,39,4428,42
2021-06-11,Imperial,25,180216,28613,28793,2934,31727,741
2021-06-11,Inyo,27,18085,1406,1405,4,1409,35
2021-06-11,Kern,29,883053,97039,96718,11495,108213,1340
2021-06-11,Kings,31,150075,23010,23069,1195,24264,245
2021-06-11,Lake,33,64148,3560,3550,9,3559,45
2021-06-11,Lassen,35,31185,5233,5204,123,5327,18
2021-06-11,Los Angeles,37,10098052,1204679,1204259,44029,1248288,24434
2021-06-11,Madera,39,155013,16615,16582,962,17544,240
2021-06-11,Marin,41,260295,14108,14116,273,14389,229
2021-06-11,Mariposa,43,17540,438,434,11,445,5
2021-06-11,Mendocino,45,87422,4094,4022,76,4098,49
2021-06-11,Merced,47,269075,31162,31231,1003,32234,461
2021-06-11,Modoc,49,8938,394,382,139,521,3
2021-06-11,Mono,51,14174,1252,1274,12,1286,3
2021-06-11,Monterey,53,433212,43101,43097,1933,45030,415
2021-06-11,Napa,55,140530,9970,9977,35,10012,80
2021-06-11,Nevada,57,99092,4895,4873,201,5074,72
2021-06-11,Orange,59,3164182,255045,254975,11793,266768,5101
2021-06-11,Placer,61,380077,23473,23330,1587,24917,294
2021-06-11,Plumas,63,18699,711,696,12,708,4
2021-06-11,Riverside,65,2383286,291775,289376,14830,304206,4451
2021-06-11,Sacramento,67,1510023,107133,107119,1869,108988,1659
2021-06-11,San Benito,69,59416,6079,6082,119,6201,63
2021-06-11,San Bernardino,71,2135413,293217,293335,9083,302418,4788
2021-06-11,San Diego,73,3302833,281550,281144,0,281144,3768
2021-06-11,San Francisco,75,870044,36869,37177,1399,38576,555
2021-06-11,San Joaquin,77,732212,73453,73347,3796,77143,1397
2021-06-11,San Luis Obispo,79,281455,21289,21288,788,22076,256
2021-06-11,San Mateo,81,765935,42520,42585,486,43071,542
2021-06-11,Santa Barbara,83,443738,34518,34438,1253,35691,460
2021-06-11,Santa Clara,85,1922200,118534,119860,807,120667,2083
2021-06-11,Santa Cruz,87,273765,16182,16164,882,17046,208
2021-06-11,Shasta,89,179085,12482,12550,1672,14222,201
2021-06-11,Sierra,91,2930,57,55,14,69,0
2021-06-11,Siskiyou,93,43540,1935,1882,394,2276,25
2021-06-11,Solano,95,438530,33155,33179,568,33747,266
2021-06-11,Sonoma,97,501317,30520,30624,362,30986,323
2021-06-11,Stanislaus,99,539301,56547,56617,6233,62850,974
2021-06-11,Sutter,101,95872,9563,9600,94,9694,112
2021-06-11,Tehama,103,63373,5093,5099,614,5713,63
2021-06-11,Trinity,105,12862,364,331,66,397,3
2021-06-11,Tulare,107,460477,49697,49516,9605,59121,848
2021-06-11,Tuolumne,109,53932,4096,4104,37,4141,63
2021-06-11,Ventura,111,848112,81216,81189,3124,84313,1026
2021-06-11,Yolo,113,214977,14092,14111,349,14460,212
2021-06-11,Yuba,115,75493,6117,6113,135,6248,50
2021-06-10,Alameda,1,1643700,88670,88806,2072,90878,1275
2021-06-10,Alpine,3,1148,88,88,0,88,0
2021-06-10,Amador,5,37829,3726,3709,35,3744,46
2021-06-10,Butte,7,227075,12602,12565,1928,14493,194
2021-06-10,Calaveras,9,45235,2188,2188,15,2203,55
2021-06-10,Colusa,11,21464,1953,1964,325,2289,15
2021-06-10,Contra Costa,13,1133247,70205,69876,1365,71241,807
2021-06-10,Del Norte,15,27424,1411,1405,9,1414,8
2021-06-10,El Dorado,17,186661,10306,10314,782,11096,113
2021-06-10,Fresno,19,978130,102319,102724,9038,111762,1717
2021-06-10,Glenn,21,27897,2425,2425,581,3006,19
2021-06-10,Humboldt,23,135768,4391,4384,39,4423,42
2021-06-10,Imperial,25,180216,28607,28779,2934,31713,739
2021-06-10,Inyo,27,18085,1406,1405,4,1409,35
2021-06-10,Kern,29,883053,97025,96706,11490,108196,1336
2021-06-10,Kings,31,150075,23009,23067,1195,24262,245
2021-06-10,Lake,33,64148,3555,3550,9,3559,45
2021-06-10,Lassen,35,31185,5231,5201,123,5324,18
2021-06-10,Los Angeles,37,10098052,1204519,1204110,44012,1248122,24440
2021-06-10,Madera,39,155013,16608,16581,962,17543,240
2021-06-10,Marin,41,260295,14105,14118,273,14391,229
2021-06-10,Mariposa,43,17540,436,434,11,445,5
2021-06-10,Mendocino,45,87422,4089,4016,76,4092,48
2021-06-10,Merced,47,269075,31154,31231,1000,32231,461
2021-06-10,Modoc,49,8938,393,381,139,520,3
2021-06-10,Mono,51,14174,1251,1274,12,1286,3
2021-06-10,Monterey,53,433212,43095,43090,1933,45023,415
2021-06-10,Napa,55,140530,9969,9974,35,10009,80
2021-06-10,Nevada,57,99092,4890,4866,201,5067,72
2021-06-10,Orange,59,3164182,255017,254950,11786,266736,5097
2021-06-10,Placer,61,380077,23459,23296,1587,24883,293
2021-06-10,Plumas,63,18699,711,696,12,708,4
2021-06-10,Riverside,65,2383286,291734,289335,14824,304159,4450
2021-06-10,Sacramento,67,1510023,107071,107049,1869,108918,1658
2021-06-10,San Benito,69,59416,6079,6079,119,6198,63
2021-06-10,San Bernardino,71,2135413,293176,293281,9080,302361,4782
2021-06-10,San Diego,73,3302833,281492,281052,0,281052,3766
2021-06-10,San Francisco,75,870044,36859,37159,1397,38556,552
2021-06-10,San Joaquin,77,732212,73421,73276,3795,77071,1393
2021-06-10,San Luis Obispo,79,281455,21286,21280,788,22068,256
2021-06-10,San Mateo,81,765935,42514,42562,486,43048,666
2021-06-10,Santa Barbara,83,443738,34514,34434,1253,35687,460
2021-06-10,Santa Clara,85,1922200,118499,119832,806,120638,2075
2021-06-10,Santa Cruz,87,273765,16181,16159,882,17041,208
2021-06-10,Shasta,89,179085,12472,12536,1671,14207,201
2021-06-10,Sierra,91,2930,56,55,14,69,0
2021-06-10,Siskiyou,93,43540,1935,1881,394,2275,25
2021-06-10,Solano,95,438530,33138,33150,567,33717,265
2021-06-10,Sonoma,97,501317,30484,30571,360,30931,323
2021-06-10,Stanislaus,99,539301,56526,56588,6229,62817,974
2021-06-10,Sutter,101,95872,9556,9594,94,9688,112
2021-06-10,Tehama,103,63373,5093,5096,614,5710,63
2021-06-10,Trinity,105,12862,364,331,66,397,3
2021-06-10,Tulare,107,460477,49689,49503,9605,59108,848
2021-06-10,Tuolumne,109,53932,4096,4100,37,4137,63
2021-06-10,Ventura,111,848112,81205,81172,3123,84295,1026
2021-06-10,Yolo,113,214977,14089,14107,349,14456,212
2021-06-10,Yuba,115,75493,6113,6112,135,6247,50
2021-06-09,Alameda,1,1643700,88624,88762,2070,90832,1271
2021-06-09,Alpine,3,1148,88,88,0,88,0
2021-06-09,Amador,5,37829,3722,3706,35,3741,46
2021-06-09,Butte,7,227075,12596,12555,1926,14481,194
2021-06-09,Calaveras,9,45235,2186,2184,15,2199,55
2021-06-09,Colusa,11,21464,1953,1962,324,2286,15
2021-06-09,Contra Costa,13,1133247,70168,69829,1364,71193,803
2021-06-09,Del Norte,15,27424,1408,1403,9,1412,8
2021-06-09,El Dorado,17,186661,10303,10312,781,11093,113
2021-06-09,Fresno,19,978130,102300,102690,9033,111723,1717
2021-06-09,Glenn,21,27897,2424,2424,581,3005,19
2021-06-09,Humboldt,23,135768,4386,4379,38,4417,42
2021-06-09,Imperial,25,180216,28604,28754,2934,31688,739
2021-06-09,Inyo,27,18085,1406,1405,4,1409,35
2021-06-09,Kern,29,883053,97012,96697,11480,108177,1328
2021-06-09,Kings,31,150075,23007,23061,1195,24256,245
2021-06-09,Lake,33,64148,3552,3541,9,3550,45
2021-06-09,Lassen,35,31185,5230,5200,123,5323,18
2021-06-09,Los Angeles,37,10098052,1204335,1203955,44001,1247956,24432
2021-06-09,Madera,39,155013,16603,16580,962,17542,240
2021-06-09,Marin,41,260295,14100,14114,273,14387,229
2021-06-09,Mariposa,43,17540,436,434,11,445,5
2021-06-09,Mendocino,45,87422,4083,4008,76,4084,47
2021-06-09,Merced,47,269075,31150,31225,1000,32225,461
2021-06-09,Modoc,49,8938,391,377,138,515,3
2021-06-09,Mono,51,14174,1251,1274,12,1286,3
2021-06-09,Monterey,53,433212,43088,43082,1933,45015,415
2021-06-09,Napa,55,140530,9963,9971,35,10006,80
2021-06-09,Nevada,57,99092,4880,4863,200,5063,72
2021-06-09,Orange,59,3164182,254973,254893,11782,266675,5080
2021-06-09,Placer,61,380077,23441,23237,1587,24824,293
2021-06-09,Plumas,63,18699,710,697,12,709,4
2021-06-09,Riverside,65,2383286,291690,289299,14822,304121,4450
2021-06-09,Sacramento,67,1510023,107008,106971,1866,108837,1657
2021-06-09,San Benito,69,59416,6075,6078,119,6197,63
2021-06-09,San Bernardino,71,2135413,293134,293222,9080,302302,4782
2021-06-09,San Diego,73,3302833,281427,280941,0,280941,3765
2021-06-09,San Francisco,75,870044,36846,37143,1396,38539,552
2021-06-09,San Joaquin,77,732212,73396,73232,3794,77026,1392
2021-06-09,San Luis Obispo,79,281455,21285,21259,788,22047,256
2021-06-09,San Mateo,81,765935,42498,42502,485,42987,666
2021-06-09,Santa Barbara,83,443738,34503,34422,1253,35675,460
2021-06-09,Santa Clara,85,1922200,118461,119793,805,120598,2068
2021-06-09,Santa Cruz,87,273765,16178,16155,882,17037,208
2021-06-09,Shasta,89,179085,12462,12521,1669,14190,201
2021-06-09,Sierra,91,2930,55,55,14,69,0
2021-06-09,Siskiyou,93,43540,1934,1871,394,2265,25
2021-06-09,Solano,95,438530,33122,33137,566,33703,264
2021-06-09,Sonoma,97,501317,30462,30540,360,30900,323
2021-06-09,Stanislaus,99,539301,56506,56560,6226,62786,974
2021-06-09,Sutter,101,95872,9547,9586,93,9679,111
2021-06-09,Tehama,103,63373,5092,5093,614,5707,63
2021-06-09,Trinity,105,12862,363,331,66,397,3
2021-06-09,Tulare,107,460477,49685,49496,9603,59099,847
2021-06-09,Tuolumne,109,53932,4093,4100,37,4137,63
2021-06-09,Ventura,111,848112,81195,81154,3122,84276,1026
2021-06-09,Yolo,113,214977,14087,14102,348,14450,212
2021-06-09,Yuba,115,75493,6109,6109,135,6244,50
2021-06-08,Alameda,1,1643700,88575,88731,2070,90801,1267
2021-06-08,Alpine,3,1148,88,88,0,88,0
2021-06-08,Amador,5,37829,3721,3704,35,3739,46
2021-06-08,Butte,7,227075,12590,12540,1923,14463,194
2021-06-08,Calaveras,9,45235,2185,2181,15,2196,55
2021-06-08,Colusa,11,21464,1953,1961,324,2285,15
2021-06-08,Contra Costa,13,1133247,70119,69762,1363,71125,803
2021-06-08,Del Norte,15,27424,1406,1402,9,1411,8
2021-06-08,El Dorado,17,186661,10298,10306,779,11085,113
2021-06-08,Fresno,19,978130,102275,102680,9031,111711,1717
2021-06-08,Glenn,21,27897,2423,2423,581,3004,19
2021-06-08,Humboldt,23,135768,4381,4363,38,4401,42
2021-06-08,Imperial,25,180216,28595,28752,2934,31686,738
2021-06-08,Inyo,27,18085,1406,1405,4,1409,35
2021-06-08,Kern,29,883053,96992,96671,11473,108144,1325
2021-06-08,Kings,31,150075,23006,23036,1195,24231,245
2021-06-08,Lake,33,64148,3551,3540,9,3549,45
2021-06-08,Lassen,35,31185,5230,5200,123,5323,18
2021-06-08,Los Angeles,37,10098052,1204141,1203794,43989,1247783,24426
2021-06-08,Madera,39,155013,16597,16579,961,17540,240
2021-06-08,Marin,41,260295,14098,14111,272,14383,229
2021-06-08,Mariposa,43,17540,436,434,11,445,5
2021-06-08,Mendocino,45,87422,4076,4002,76,4078,47
2021-06-08,Merced,47,269075,31142,31225,1000,32225,461
2021-06-08,Modoc,49,8938,386,377,137,514,3
2021-06-08,Mono,51,14174,1251,1274,12,1286,3
2021-06-08,Monterey,53,433212,43082,43078,1932,45010,415
2021-06-08,Napa,55,140530,9959,9962,35,9997,80
2021-06-08,Nevada,57,99092,4875,4861,200,5061,72
2021-06-08,Orange,59,3164182,254933,254852,11775,266627,5078
2021-06-08,Placer,61,380077,23423,23209,1583,24792,293
2021-06-08,Plumas,63,18699,710,692,12,704,4
2021-06-08,Riverside,65,2383286,291656,289268,14813,304081,4452
2021-06-08,Sacramento,67,1510023,106947,106901,1864,108765,1654
2021-06-08,San Benito,69,59416,6073,6076,119,6195,63
2021-06-08,San Bernardino,71,2135413,293085,293186,9076,302262,4778
2021-06-08,San Diego,73,3302833,281365,280879,0,280879,3764
2021-06-08,San Francisco,75,870044,36831,37134,1395,38529,552
2021-06-08,San Joaquin,77,732212,73352,73186,3789,76975,1390
2021-06-08,San Luis Obispo,79,281455,21279,21251,787,22038,255
2021-06-08,San Mateo,81,765935,42485,42488,485,42973,663
2021-06-08,Santa Barbara,83,443738,34499,34418,1253,35671,459
2021-06-08,Santa Clara,85,1922200,118442,119770,804,120574,2068
2021-06-08,Santa Cruz,87,273765,16175,16160,882,17042,208
2021-06-08,Shasta,89,179085,12447,12498,1669,14167,201
2021-06-08,Sierra,91,2930,55,55,14,69,0
2021-06-08,Siskiyou,93,43540,1932,1870,392,2262,21
2021-06-08,Solano,95,438530,33101,33130,566,33696,259
2021-06-08,Sonoma,97,501317,30435,30523,358,30881,323
2021-06-08,Stanislaus,99,539301,56479,56548,6224,62772,973
2021-06-08,Sutter,101,95872,9544,9581,93,9674,111
2021-06-08,Tehama,103,63373,5089,5093,614,5707,63
2021-06-08,Trinity,105,12862,363,330,65,395,3
2021-06-08,Tulare,107,460477,49674,49485,9597,59082,847
2021-06-08,Tuolumne,109,53932,4090,4099,37,4136,63
2021-06-08,Ventura,111,848112,81179,81142,3121,84263,1026
2021-06-08,Yolo,113,214977,14082,14099,347,14446,212
2021-06-08,Yuba,115,75493,6107,6103,135,6238,50
2021-06-07,Alameda,1,1643700,88517,88688,2070,90758,1267
2021-06-07,Alpine,3,1148,88,88,0,88,0
2021-06-07,Amador,5,37829,3711,3697,35,3732,46
2021-06-07,Butte,7,227075,12583,12533,1922,14455,194
2021-06-07,Calaveras,9,45235,2184,2181,15,2196,55
2021-06-07,Colusa,11,21464,1952,1960,324,2284,15
2021-06-07,Contra Costa,13,1133247,70063,69718,1362,71080,817
2021-06-07,Del Norte,15,27424,1406,1401,9,1410,8
2021-06-07,El Dorado,17,186661,10293,10305,779,11084,113
2021-06-07,Fresno,19,978130,102247,102659,9024,111683,1717
2021-06-07,Glenn,21,27897,2423,2423,581,3004,19
2021-06-07,Humboldt,23,135768,4373,4354,38,4392,42
2021-06-07,Imperial,25,180216,28593,28754,2934,31688,738
2021-06-07,Inyo,27,18085,1406,1404,4,1408,35
2021-06-07,Kern,29,883053,96976,96645,11466,108111,1324
2021-06-07,Kings,31,150075,23002,23023,1195,24218,244
2021-06-07,Lake,33,64148,3549,3540,9,3549,45
2021-06-07,Lassen,35,31185,5225,5198,123,5321,18
2021-06-07,Los Angeles,37,10098052,1203921,1203664,43974,1247638,24413
2021-06-07,Madera,39,155013,16590,16572,961,17533,240
2021-06-07,Marin,41,260295,14094,14108,271,14379,229
2021-06-07,Mariposa,43,17540,436,434,11,445,5
2021-06-07,Mendocino,45,87422,4070,3998,76,4074,47
2021-06-07,Merced,47,269075,31130,31212,999,32211,459
2021-06-07,Modoc,49,8938,385,375,134,509,3
2021-06-07,Mono,51,14174,1251,1275,12,1287,3
2021-06-07,Monterey,53,433212,43075,43077,1932,45009,415
2021-06-07,Napa,55,140530,9950,9962,35,9997,80
2021-06-07,Nevada,57,99092,4873,4860,200,5060,72
2021-06-07,Orange,59,3164182,254893,254808,11768,266576,5073
2021-06-07,Placer,61,380077,23405,23176,1581,24757,293
2021-06-07,Plumas,63,18699,710,692,12,704,4
2021-06-07,Riverside,65,2383286,291614,289232,14810,304042,4451
2021-06-07,Sacramento,67,1510023,106868,106841,1860,108701,1655
2021-06-07,San Benito,69,59416,6072,6074,119,6193,63
2021-06-07,San Bernardino,71,2135413,293047,293129,9075,302204,4775
2021-06-07,San Diego,73,3302833,281283,280808,0,280808,3764
2021-06-07,San Francisco,75,870044,36815,37122,1395,38517,552
2021-06-07,San Joaquin,77,732212,73307,73130,3782,76912,1388
2021-06-07,San Luis Obispo,79,281455,21266,21252,787,22039,255
2021-06-07,San Mateo,81,765935,42468,42479,485,42964,664
2021-06-07,Santa Barbara,83,443738,34493,34407,1253,35660,459
2021-06-07,Santa Clara,85,1922200,118415,119743,804,120547,2066
2021-06-07,Santa Cruz,87,273765,16173,16159,882,17041,208
2021-06-07,Shasta,89,179085,12433,12483,1664,14147,200
2021-06-07,Sierra,91,2930,55,55,14,69,0
2021-06-07,Siskiyou,93,43540,1932,1869,392,2261,21
2021-06-07,Solano,95,438530,33079,33124,565,33689,258
2021-06-07,Sonoma,97,501317,30399,30504,357,30861,323
2021-06-07,Stanislaus,99,539301,56446,56521,6221,62742,972
2021-06-07,Sutter,101,95872,9540,9571,93,9664,111
2021-06-07,Tehama,103,63373,5085,5092,614,5706,63
2021-06-07,Trinity,105,12862,363,329,65,394,3
2021-06-07,Tulare,107,460477,49668,49471,9597,59068,847
2021-06-07,Tuolumne,109,53932,4089,4098,37,4135,63
2021-06-07,Ventura,111,848112,81162,81137,3120,84257,1025
2021-06-07,Yolo,113,214977,14077,14097,346,14443,211
2021-06-07,Yuba,115,75493,6105,6099,132,6231,49
2021-06-06,Alameda,1,1643700,88476,88636,2069,90705,1267
2021-06-06,Alpine,3,1148,88,88,0,88,0
2021-06-06,Amador,5,37829,3708,3696,35,3731,46
2021-06-06,Butte,7,227075,12572,12527,1921,14448,194
2021-06-06,Calaveras,9,45235,2183,2181,15,2196,55
2021-06-06,Colusa,11,21464,1950,1959,324,2283,15
2021-06-06,Contra Costa,13,1133247,69998,69659,1360,71019,817
2021-06-06,Del Norte,15,27424,1401,1401,8,1409,8
2021-06-06,El Dorado,17,186661,10286,10294,779,11073,113
2021-06-06,Fresno,19,978130,102214,102642,9021,111663,1717
2021-06-06,Glenn,21,27897,2422,2423,581,3004,19
2021-06-06,Humboldt,23,135768,4362,4353,38,4391,42
2021-06-06,Imperial,25,180216,28587,28762,2934,31696,738
2021-06-06,Inyo,27,18085,1405,1404,4,1408,35
2021-06-06,Kern,29,883053,96958,96623,11459,108082,1324
2021-06-06,Kings,31,150075,22996,23021,1195,24216,244
2021-06-06,Lake,33,64148,3549,3535,9,3544,45
2021-06-06,Lassen,35,31185,5223,5191,123,5314,18
2021-06-06,Los Angeles,37,10098052,1203725,1203539,43962,1247501,24410
2021-06-06,Madera,39,155013,16584,16567,961,17528,240
2021-06-06,Marin,41,260295,14088,14106,270,14376,229
2021-06-06,Mariposa,43,17540,435,435,11,446,5
2021-06-06,Mendocino,45,87422,4066,3993,76,4069,47
2021-06-06,Merced,47,269075,31122,31215,999,32214,459
2021-06-06,Modoc,49,8938,385,375,133,508,3
2021-06-06,Mono,51,14174,1251,1275,12,1287,3
2021-06-06,Monterey,53,433212,43070,43078,1932,45010,415
2021-06-06,Napa,55,140530,9944,9963,35,9998,80
2021-06-06,Nevada,57,99092,4866,4854,199,5053,72
2021-06-06,Orange,59,3164182,254860,254782,11763,266545,5073
2021-06-06,Placer,61,380077,23380,23156,1577,24733,293
2021-06-06,Plumas,63,18699,710,692,12,704,4
2021-06-06,Riverside,65,2383286,291580,289201,14805,304006,4451
2021-06-06,Sacramento,67,1510023,106782,106749,1859,108608,1655
2021-06-06,San Benito,69,59416,6066,6074,119,6193,63
2021-06-06,San Bernardino,71,2135413,292999,293117,9066,302183,4773
2021-06-06,San Diego,73,3302833,281203,280743,0,280743,3764
2021-06-06,San Francisco,75,870044,36803,37118,1394,38512,552
2021-06-06,San Joaquin,77,732212,73275,73105,3778,76883,1388
2021-06-06,San Luis Obispo,79,281455,21263,21246,787,22033,255
2021-06-06,San Mateo,81,765935,42450,42457,485,42942,664
2021-06-06,Santa Barbara,83,443738,34488,34403,1252,35655,459
2021-06-06,Santa Clara,85,1922200,118393,119711,804,120515,2066
2021-06-06,Santa Cruz,87,273765,16172,16158,882,17040,208
2021-06-06,Shasta,89,179085,12418,12478,1660,14138,200
2021-06-06,Sierra,91,2930,55,55,14,69,0
2021-06-06,Siskiyou,93,43540,1929,1869,392,2261,21
2021-06-06,Solano,95,438530,33052,33093,565,33658,258
2021-06-06,Sonoma,97,501317,30368,30478,356,30834,323
2021-06-06,Stanislaus,99,539301,56403,56486,6218,62704,972
2021-06-06,Sutter,101,95872,9533,9567,93,9660,111
2021-06-06,Tehama,103,63373,5081,5092,613,5705,63
2021-06-06,Trinity,105,12862,363,328,65,393,3
2021-06-06,Tulare,107,460477,49661,49466,9591,59057,847
2021-06-06,Tuolumne,109,53932,4087,4097,37,4134,63
2021-06-06,Ventura,111,848112,81151,81130,3117,84247,1025
2021-06-06,Yolo,113,214977,14069,14089,345,14434,210
2021-06-06,Yuba,115,75493,6097,6096,132,6228,49
2021-06-05,Alameda,1,1643700,88444,88612,2068,90680,1268
2021-06-05,Alpine,3,1148,88,88,0,88,0
2021-06-05,Amador,5,37829,3708,3694,35,3729,46
2021-06-05,Butte,7,227075,12566,12514,1920,14434,194
2021-06-05,Calaveras,9,45235,2183,2181,15,2196,55
2021-06-05,Colusa,11,21464,1950,1959,324,2283,15
2021-06-05,Contra Costa,13,1133247,69969,69601,1360,70961,817
2021-06-05,Del Norte,15,27424,1401,1400,8,1408,8
2021-06-05,El Dorado,17,186661,10284,10288,778,11066,113
2021-06-05,Fresno,19,978130,102205,102626,9021,111647,1717
2021-06-05,Glenn,21,27897,2421,2423,581,3004,19
2021-06-05,Humboldt,23,135768,4357,4346,38,4384,42
2021-06-05,Imperial,25,180216,28584,28764,2934,31698,738
2021-06-05,Inyo,27,18085,1405,1405,4,1409,35
2021-06-05,Kern,29,883053,96946,96597,11454,108051,1324
2021-06-05,Kings,31,150075,22993,23017,1195,24212,244
2021-06-05,Lake,33,64148,3546,3534,9,3543,45
2021-06-05,Lassen,35,31185,5222,5191,123,5314,18
2021-06-05,Los Angeles,37,10098052,1203599,1203338,43952,1247290,24411
2021-06-05,Madera,39,155013,16580,16563,961,17524,240
2021-06-05,Marin,41,260295,14086,14101,270,14371,229
2021-06-05,Mariposa,43,17540,435,435,11,446,5
2021-06-05,Mendocino,45,87422,4063,3989,76,4065,47
2021-06-05,Merced,47,269075,31120,31212,999,32211,459
2021-06-05,Modoc,49,8938,385,375,132,507,3
2021-06-05,Mono,51,14174,1251,1274,12,1286,3
2021-06-05,Monterey,53,433212,43066,43071,1931,45002,415
2021-06-05,Napa,55,140530,9939,9960,35,9995,80
2021-06-05,Nevada,57,99092,4864,4849,199,5048,72
2021-06-05,Orange,59,3164182,254836,254752,11760,266512,5069
2021-06-05,Placer,61,380077,23365,23133,1576,24709,293
2021-06-05,Plumas,63,18699,710,692,12,704,4
2021-06-05,Riverside,65,2383286,291545,289157,14801,303958,4451
2021-06-05,Sacramento,67,1510023,106731,106688,1856,108544,1655
2021-06-05,San Benito,69,59416,6064,6074,119,6193,63
2021-06-05,San Bernardino,71,2135413,292964,293081,9064,302145,4772
2021-06-05,San Diego,73,3302833,281162,280676,0,280676,3764
2021-06-05,San Francisco,75,870044,36794,37111,1394,38505,552
2021-06-05,San Joaquin,77,732212,73259,73078,3771,76849,1388
2021-06-05,San Luis Obispo,79,281455,21260,21236,787,22023,255
2021-06-05,San Mateo,81,765935,42441,42433,485,42918,664
2021-06-05,Santa Barbara,83,443738,34485,34399,1251,35650,459
2021-06-05,Santa Clara,85,1922200,118371,119676,802,120478,2066
2021-06-05,Santa Cruz,87,273765,16172,16154,882,17036,208
2021-06-05,Shasta,89,179085,12409,12472,1659,14131,200
2021-06-05,Sierra,91,2930,55,55,14,69,0
2021-06-05,Siskiyou,93,43540,1929,1867,392,2259,21
2021-06-05,Solano,95,438530,33037,33074,565,33639,257
2021-06-05,Sonoma,97,501317,30341,30450,354,30804,323
2021-06-05,Stanislaus,99,539301,56382,56463,6216,62679,973
2021-06-05,Sutter,101,95872,9530,9559,93,9652,111
2021-06-05,Tehama,103,63373,5080,5092,612,5704,63
2021-06-05,Trinity,105,12862,363,328,65,393,3
2021-06-05,Tulare,107,460477,49656,49463,9590,59053,847
2021-06-05,Tuolumne,109,53932,4085,4098,37,4135,63
2021-06-05,Ventura,111,848112,81142,81119,3115,84234,1025
2021-06-05,Yolo,113,214977,14067,14088,345,14433,210
2021-06-05,Yuba,115,75493,6096,6087,132,6219,49
2021-06-04,Alameda,1,1643700,88417,88585,2066,90651,1263
2021-06-04,Alpine,3,1148,88,88,0,88,0
2021-06-04,Amador,5,37829,3708,3690,35,3725,46
2021-06-04,Butte,7,227075,12555,12494,1917,14411,193
2021-06-04,Calaveras,9,45235,2183,2179,15,2194,55
2021-06-04,Colusa,11,21464,1950,1959,324,2283,15
2021-06-04,Contra Costa,13,1133247,69934,69540,1357,70897,816
2021-06-04,Del Norte,15,27424,1401,1398,8,1406,8
2021-06-04,El Dorado,17,186661,10280,10284,776,11060,112
2021-06-04,Fresno,19,978130,102189,102601,9021,111622,1712
2021-06-04,Glenn,21,27897,2421,2423,580,3003,19
2021-06-04,Humboldt,23,135768,4352,4327,38,4365,42
2021-06-04,Imperial,25,180216,28580,28753,2934,31687,738
2021-06-04,Inyo,27,18085,1405,1404,4,1408,35
2021-06-04,Kern,29,883053,96928,96573,11452,108025,1327
2021-06-04,Kings,31,150075,22993,23002,1195,24197,244
2021-06-04,Lake,33,64148,3544,3528,9,3537,45
2021-06-04,Lassen,35,31185,5222,5180,123,5303,18
2021-06-04,Los Angeles,37,10098052,1203479,1203106,43942,1247048,24400
2021-06-04,Madera,39,155013,16578,16557,961,17518,240
2021-06-04,Marin,41,260295,14085,14099,269,14368,229
2021-06-04,Mariposa,43,17540,435,435,11,446,5
2021-06-04,Mendocino,45,87422,4054,3983,76,4059,47
2021-06-04,Merced,47,269075,31115,31204,998,32202,459
2021-06-04,Modoc,49,8938,383,375,132,507,3
2021-06-04,Mono,51,14174,1251,1275,12,1287,3
2021-06-04,Monterey,53,433212,43062,43068,1931,44999,415
2021-06-04,Napa,55,140530,9935,9958,35,9993,80
2021-06-04,Nevada,57,99092,4860,4844,199,5043,72
2021-06-04,Orange,59,3164182,254800,254730,11757,266487,5059
2021-06-04,Placer,61,380077,23350,23110,1575,24685,293
2021-06-04,Plumas,63,18699,710,691,12,703,4
2021-06-04,Riverside,65,2383286,291519,289098,14797,303895,4452
2021-06-04,Sacramento,67,1510023,106679,106616,1854,108470,1654
2021-06-04,San Benito,69,59416,6062,6073,119,6192,63
2021-06-04,San Bernardino,71,2135413,292940,293056,9062,302118,4768
2021-06-04,San Diego,73,3302833,281120,280556,0,280556,3763
2021-06-04,San Francisco,75,870044,36789,37079,1393,38472,551
2021-06-04,San Joaquin,77,732212,73240,73039,3769,76808,1388
2021-06-04,San Luis Obispo,79,281455,21257,21234,786,22020,255
2021-06-04,San Mateo,81,765935,42429,42413,485,42898,478
2021-06-04,Santa Barbara,83,443738,34479,34402,1250,35652,459
2021-06-04,Santa Clara,85,1922200,118342,119619,802,120421,2065
2021-06-04,Santa Cruz,87,273765,16170,16150,882,17032,207
2021-06-04,Shasta,89,179085,12403,12458,1654,14112,200
2021-06-04,Sierra,91,2930,55,55,14,69,0
2021-06-04,Siskiyou,93,43540,1928,1865,392,2257,21
2021-06-04,Solano,95,438530,33026,33058,565,33623,256
2021-06-04,Sonoma,97,501317,30320,30411,354,30765,323
2021-06-04,Stanislaus,99,539301,56359,56442,6213,62655,973
2021-06-04,Sutter,101,95872,9525,9554,93,9647,111
2021-06-04,Tehama,103,63373,5075,5090,612,5702,63
2021-06-04,Trinity,105,12862,363,328,65,393,3
2021-06-04,Tulare,107,460477,49647,49452,9588,59040,847
2021-06-04,Tuolumne,109,53932,4084,4095,37,4132,63
2021-06-04,Ventura,111,848112,81135,81104,3113,84217,1023
2021-06-04,Yolo,113,214977,14065,14083,345,14428,210
2021-06-04,Yuba,115,75493,6093,6084,132,6216,49
2021-06-03,Alameda,1,1643700,88379,88555,2063,90618,1257
2021-06-03,Alpine,3,1148,88,88,0,88,0
2021-06-03,Amador,5,37829,3700,3688,35,3723,46
2021-06-03,Butte,7,227075,12551,12478,1916,14394,193
2021-06-03,Calaveras,9,45235,2183,2179,15,2194,55
2021-06-03,Colusa,11,21464,1950,1957,324,2281,15
2021-06-03,Contra Costa,13,1133247,69879,69500,1352,70852,816
2021-06-03,Del Norte,15,27424,1399,1397,8,1405,8
2021-06-03,El Dorado,17,186661,10274,10284,773,11057,112
2021-06-03,Fresno,19,978130,102173,102566,9021,111587,1709
2021-06-03,Glenn,21,27897,2421,2421,580,3001,19
2021-06-03,Humboldt,23,135768,4344,4314,38,4352,42
2021-06-03,Imperial,25,180216,28568,28737,2934,31671,738
2021-06-03,Inyo,27,18085,1405,1404,4,1408,35
2021-06-03,Kern,29,883053,96901,96507,11438,107945,1326
2021-06-03,Kings,31,150075,22989,22982,1195,24177,244
2021-06-03,Lake,33,64148,3542,3526,9,3535,45
2021-06-03,Lassen,35,31185,5213,5177,123,5300,12
2021-06-03,Los Angeles,37,10098052,1203305,1202923,43934,1246857,24386
2021-06-03,Madera,39,155013,16572,16554,961,17515,240
2021-06-03,Marin,41,260295,14080,14095,269,14364,230
2021-06-03,Mariposa,43,17540,435,435,11,446,5
2021-06-03,Mendocino,45,87422,4047,3978,76,4054,47
2021-06-03,Merced,47,269075,31111,31199,998,32197,459
2021-06-03,Modoc,49,8938,382,376,131,507,3
2021-06-03,Mono,51,14174,1251,1275,12,1287,3
2021-06-03,Monterey,53,433212,43059,43063,1931,44994,415
2021-06-03,Napa,55,140530,9928,9957,35,9992,81
2021-06-03,Nevada,57,99092,4856,4837,199,5036,72
2021-06-03,Orange,59,3164182,254772,254676,11747,266423,5056
2021-06-03,Placer,61,380077,23341,23100,1574,24674,293
2021-06-03,Plumas,63,18699,710,691,12,703,4
2021-06-03,Riverside,65,2383286,291465,289035,14793,303828,4447
2021-06-03,Sacramento,67,1510023,106600,106526,1852,108378,1654
2021-06-03,San Benito,69,59416,6062,6073,119,6192,63
2021-06-03,San Bernardino,71,2135413,292908,293021,9061,302082,4762
2021-06-03,San Diego,73,3302833,281057,280430,0,280430,3761
2021-06-03,San Francisco,75,870044,36783,37072,1393,38465,551
2021-06-03,San Joaquin,77,732212,73212,72989,3765,76754,1388
2021-06-03,San Luis Obispo,79,281455,21252,21224,786,22010,255
2021-06-03,San Mateo,81,765935,42416,42396,485,42881,467
2021-06-03,Santa Barbara,83,443738,34476,34391,1250,35641,459
2021-06-03,Santa Clara,85,1922200,118320,119592,800,120392,2058
2021-06-03,Santa Cruz,87,273765,16168,16144,882,17026,207
2021-06-03,Shasta,89,179085,12388,12441,1652,14093,199
2021-06-03,Sierra,91,2930,55,55,14,69,0
2021-06-03,Siskiyou,93,43540,1928,1862,391,2253,21
2021-06-03,Solano,95,438530,33013,33019,565,33584,256
2021-06-03,Sonoma,97,501317,30298,30383,353,30736,322
2021-06-03,Stanislaus,99,539301,56329,56401,6206,62607,973
2021-06-03,Sutter,101,95872,9516,9539,93,9632,111
2021-06-03,Tehama,103,63373,5075,5087,612,5699,63
2021-06-03,Trinity,105,12862,363,328,65,393,3
2021-06-03,Tulare,107,460477,49644,49442,9584,59026,848
2021-06-03,Tuolumne,109,53932,4082,4095,37,4132,63
2021-06-03,Ventura,111,848112,81123,81078,3111,84189,1023
2021-06-03,Yolo,113,214977,14061,14078,342,14420,210
2021-06-03,Yuba,115,75493,6086,6077,132,6209,49
2021-06-02,Alameda,1,1643700,88334,88525,2061,90586,1254
2021-06-02,Alpine,3,1148,88,88,0,88,0
2021-06-02,Amador,5,37829,3698,3687,35,3722,46
2021-06-02,Butte,7,227075,12531,12432,1914,14346,193
2021-06-02,Calaveras,9,45235,2181,2174,14,2188,55
2021-06-02,Colusa,11,21464,1949,1957,324,2281,15
2021-06-02,Contra Costa,13,1133247,69828,69455,1350,70805,814
2021-06-02,Del Norte,15,27424,1397,1395,8,1403,8
2021-06-02,El Dorado,17,186661,10270,10275,773,11048,110
2021-06-02,Fresno,19,978130,102150,102547,9018,111565,1707
2021-06-02,Glenn,21,27897,2421,2421,580,3001,19
2021-06-02,Humboldt,23,135768,4329,4302,38,4340,42
2021-06-02,Imperial,25,180216,28563,28737,2932,31669,738
2021-06-02,Inyo,27,18085,1404,1403,4,1407,35
2021-06-02,Kern,29,883053,96875,96481,11429,107910,1326
2021-06-02,Kings,31,150075,22987,22981,1195,24176,244
2021-06-02,Lake,33,64148,3537,3522,9,3531,45
2021-06-02,Lassen,35,31185,5212,5177,123,5300,6
2021-06-02,Los Angeles,37,10098052,1203103,1202760,43925,1246685,24375
2021-06-02,Madera,39,155013,16564,16550,961,17511,240
2021-06-02,Marin,41,260295,14078,14091,269,14360,229
2021-06-02,Mariposa,43,17540,435,434,11,445,5
2021-06-02,Mendocino,45,87422,4041,3970,76,4046,47
2021-06-02,Merced,47,269075,31098,31195,997,32192,458
2021-06-02,Modoc,49,8938,381,375,130,505,3
2021-06-02,Mono,51,14174,1251,1275,12,1287,3
2021-06-02,Monterey,53,433212,43057,43056,1931,44987,380
2021-06-02,Napa,55,140530,9927,9953,35,9988,82
2021-06-02,Nevada,57,99092,4853,4833,199,5032,72
2021-06-02,Orange,59,3164182,254727,254637,11743,266380,5055
2021-06-02,Placer,61,380077,23320,23058,1572,24630,293
2021-06-02,Plumas,63,18699,710,690,12,702,4
2021-06-02,Riverside,65,2383286,291410,289012,14783,303795,4445
2021-06-02,Sacramento,67,1510023,106536,106435,1845,108280,1649
2021-06-02,San Benito,69,59416,6061,6073,119,6192,63
2021-06-02,San Bernardino,71,2135413,292862,293004,9056,302060,4760
2021-06-02,San Diego,73,3302833,280977,280347,0,280347,3760
2021-06-02,San Francisco,75,870044,36763,37050,1392,38442,550
2021-06-02,San Joaquin,77,732212,73181,72893,3762,76655,1387
2021-06-02,San Luis Obispo,79,281455,21245,21214,785,21999,255
2021-06-02,San Mateo,81,765935,42406,42383,484,42867,464
2021-06-02,Santa Barbara,83,443738,34469,34381,1250,35631,456
2021-06-02,Santa Clara,85,1922200,118292,119553,799,120352,2058
2021-06-02,Santa Cruz,87,273765,16165,16144,882,17026,207
2021-06-02,Shasta,89,179085,12371,12426,1649,14075,199
2021-06-02,Sierra,91,2930,55,55,14,69,0
2021-06-02,Siskiyou,93,43540,1928,1861,389,2250,21
2021-06-02,Solano,95,438530,33001,33007,564,33571,256
2021-06-02,Sonoma,97,501317,30279,30359,348,30707,322
2021-06-02,Stanislaus,99,539301,56300,56377,6201,62578,973
2021-06-02,Sutter,101,95872,9513,9533,93,9626,111
2021-06-02,Tehama,103,63373,5072,5081,612,5693,63
2021-06-02,Trinity,105,12862,361,328,65,393,3
2021-06-02,Tulare,107,460477,49636,49434,9580,59014,846
2021-06-02,Tuolumne,109,53932,4082,4095,37,4132,63
2021-06-02,Ventura,111,848112,81098,81033,3111,84144,1020
2021-06-02,Yolo,113,214977,14058,14074,341,14415,210
2021-06-02,Yuba,115,75493,6080,6072,132,6204,48
2021-06-01,Alameda,1,1643700,88301,88472,2059,90531,1253
2021-06-01,Alpine,3,1148,88,88,0,88,0
2021-06-01,Amador,5,37829,3696,3687,35,3722,46
2021-06-01,Butte,7,227075,12517,12427,1913,14340,193
2021-06-01,Calaveras,9,45235,2179,2173,14,2187,55
2021-06-01,Colusa,11,21464,1948,1955,323,2278,15
2021-06-01,Contra Costa,13,1133247,69771,69404,1350,70754,813
2021-06-01,Del Norte,15,27424,1396,1394,8,1402,8
2021-06-01,El Dorado,17,186661,10264,10271,773,11044,110
2021-06-01,Fresno,19,978130,102127,102534,9015,111549,1706
2021-06-01,Glenn,21,27897,2421,2422,580,3002,18
2021-06-01,Humboldt,23,135768,4319,4299,38,4337,42
2021-06-01,Imperial,25,180216,28559,28722,2931,31653,736
2021-06-01,Inyo,27,18085,1404,1403,4,1407,35
2021-06-01,Kern,29,883053,96848,96477,11421,107898,1319
2021-06-01,Kings,31,150075,22983,22977,1195,24172,244
2021-06-01,Lake,33,64148,3536,3523,9,3532,45
2021-06-01,Lassen,35,31185,5205,5172,123,5295,6
2021-06-01,Los Angeles,37,10098052,1202870,1202673,43912,1246585,24367
2021-06-01,Madera,39,155013,16555,16549,960,17509,240
2021-06-01,Marin,41,260295,14076,14081,269,14350,229
2021-06-01,Mariposa,43,17540,435,431,11,442,5
2021-06-01,Mendocino,45,87422,4034,3966,76,4042,47
2021-06-01,Merced,47,269075,31089,31195,997,32192,456
2021-06-01,Modoc,49,8938,380,375,130,505,3
2021-06-01,Mono,51,14174,1251,1275,12,1287,3
2021-06-01,Monterey,53,433212,43051,43051,1931,44982,379
2021-06-01,Napa,55,140530,9925,9949,35,9984,82
2021-06-01,Nevada,57,99092,4848,4825,199,5024,72
2021-06-01,Orange,59,3164182,254692,254603,11736,266339,5051
2021-06-01,Placer,61,380077,23290,23021,1570,24591,293
2021-06-01,Plumas,63,18699,709,690,12,702,4
2021-06-01,Riverside,65,2383286,291359,288996,14777,303773,4442
2021-06-01,Sacramento,67,1510023,106464,106330,1843,108173,1644
2021-06-01,San Benito,69,59416,6060,6073,118,6191,63
2021-06-01,San Bernardino,71,2135413,292839,292990,9055,302045,4758
2021-06-01,San Diego,73,3302833,280874,280305,0,280305,3756
2021-06-01,San Francisco,75,870044,36747,37031,1392,38423,550
2021-06-01,San Joaquin,77,732212,73149,72858,3760,76618,1383
2021-06-01,San Luis Obispo,79,281455,21240,21217,785,22002,256
2021-06-01,San Mateo,81,765935,42390,42383,483,42866,462
2021-06-01,Santa Barbara,83,443738,34466,34374,1250,35624,456
2021-06-01,Santa Clara,85,1922200,118264,119528,799,120327,2057
2021-06-01,Santa Cruz,87,273765,16161,16143,881,17024,207
2021-06-01,Shasta,89,179085,12362,12409,1644,14053,199
2021-06-01,Sierra,91,2930,55,55,14,69,0
2021-06-01,Siskiyou,93,43540,1922,1860,388,2248,21
2021-06-01,Solano,95,438530,32976,32974,563,33537,256
2021-06-01,Sonoma,97,501317,30240,30324,347,30671,322
2021-06-01,Stanislaus,99,539301,56276,56348,6199,62547,973
2021-06-01,Sutter,101,95872,9506,9528,93,9621,111
2021-06-01,Tehama,103,63373,5070,5079,612,5691,63
2021-06-01,Trinity,105,12862,360,328,64,392,3
2021-06-01,Tulare,107,460477,49628,49419,9576,58995,845
2021-06-01,Tuolumne,109,53932,4082,4094,37,4131,63
2021-06-01,Ventura,111,848112,81082,81018,3110,84128,1021
2021-06-01,Yolo,113,214977,14054,14067,340,14407,210
2021-06-01,Yuba,115,75493,6076,6067,132,6199,48
2021-05-31,Alameda,1,1643700,88263,88458,2055,90513,1253
2021-05-31,Alpine,3,1148,88,88,0,88,0
2021-05-31,Amador,5,37829,3690,3687,35,3722,46
2021-05-31,Butte,7,227075,12504,12429,1913,14342,193
2021-05-31,Calaveras,9,45235,2178,2171,14,2185,55
2021-05-31,Colusa,11,21464,1948,1956,322,2278,15
2021-05-31,Contra Costa,13,1133247,69734,69390,1348,70738,813
2021-05-31,Del Norte,15,27424,1393,1394,8,1402,8
2021-05-31,El Dorado,17,186661,10258,10271,771,11042,110
2021-05-31,Fresno,19,978130,102091,102507,9014,111521,1706
2021-05-31,Glenn,21,27897,2420,2422,579,3001,18
2021-05-31,Humboldt,23,135768,4307,4295,38,4333,42
2021-05-31,Imperial,25,180216,28553,28732,2928,31660,736
2021-05-31,Inyo,27,18085,1403,1403,4,1407,35
2021-05-31,Kern,29,883053,96812,96457,11412,107869,1319
2021-05-31,Kings,31,150075,22979,22977,1195,24172,244
2021-05-31,Lake,33,64148,3531,3523,9,3532,45
2021-05-31,Lassen,35,31185,5203,5172,122,5294,6
2021-05-31,Los Angeles,37,10098052,1202630,1202567,43904,1246471,24364
2021-05-31,Madera,39,155013,16554,16543,959,17502,240
2021-05-31,Marin,41,260295,14074,14080,268,14348,229
2021-05-31,Mariposa,43,17540,435,430,11,441,5
2021-05-31,Mendocino,45,87422,4025,3961,76,4037,47
2021-05-31,Merced,47,269075,31084,31194,997,32191,456
2021-05-31,Modoc,49,8938,379,374,130,504,3
2021-05-31,Mono,51,14174,1251,1275,12,1287,3
2021-05-31,Monterey,53,433212,43047,43051,1931,44982,379
2021-05-31,Napa,55,140530,9918,9948,35,9983,82
2021-05-31,Nevada,57,99092,4838,4823,198,5021,72
2021-05-31,Orange,59,3164182,254665,254572,11729,266301,5051
2021-05-31,Placer,61,380077,23263,23019,1565,24584,293
2021-05-31,Plumas,63,18699,708,690,12,702,4
2021-05-31,Riverside,65,2383286,291302,288970,14765,303735,4442
2021-05-31,Sacramento,67,1510023,106367,106278,1838,108116,1644
2021-05-31,San Benito,69,59416,6060,6072,118,6190,63
2021-05-31,San Bernardino,71,2135413,292792,292973,9054,302027,4758
2021-05-31,San Diego,73,3302833,280770,280254,0,280254,3756
2021-05-31,San Francisco,75,870044,36732,37022,1391,38413,550
2021-05-31,San Joaquin,77,732212,73102,72856,3753,76609,1383
2021-05-31,San Luis Obispo,79,281455,21232,21215,785,22000,256
2021-05-31,San Mateo,81,765935,42374,42389,483,42872,442
2021-05-31,Santa Barbara,83,443738,34453,34369,1248,35617,456
2021-05-31,Santa Clara,85,1922200,118220,119515,799,120314,2057
2021-05-31,Santa Cruz,87,273765,16158,16139,881,17020,207
2021-05-31,Shasta,89,179085,12346,12408,1641,14049,199
2021-05-31,Sierra,91,2930,55,55,14,69,0
2021-05-31,Siskiyou,93,43540,1921,1856,387,2243,21
2021-05-31,Solano,95,438530,32925,32973,563,33536,256
2021-05-31,Sonoma,97,501317,30197,30314,347,30661,322
2021-05-31,Stanislaus,99,539301,56225,56335,6196,62531,973
2021-05-31,Sutter,101,95872,9487,9523,93,9616,111
2021-05-31,Tehama,103,63373,5068,5076,611,5687,63
2021-05-31,Trinity,105,12862,360,328,64,392,3
2021-05-31,Tulare,107,460477,49617,49404,9571,58975,845
2021-05-31,Tuolumne,109,53932,4080,4095,37,4132,63
2021-05-31,Ventura,111,848112,81067,81017,3107,84124,1021
2021-05-31,Yolo,113,214977,14050,14064,340,14404,210
2021-05-31,Yuba,115,75493,6070,6063,129,6192,48
2021-05-30,Alameda,1,1643700,88238,88429,2055,90484,1253
2021-05-30,Alpine,3,1148,88,88,0,88,0
2021-05-30,Amador,5,37829,3686,3685,35,3720,46
2021-05-30,Butte,7,227075,12494,12427,1911,14338,190
2021-05-30,Calaveras,9,45235,2174,2166,14,2180,55
2021-05-30,Colusa,11,21464,1948,1954,322,2276,15
2021-05-30,Contra Costa,13,1133247,69700,69381,1346,70727,813
2021-05-30,Del Norte,15,27424,1392,1393,8,1401,8
2021-05-30,El Dorado,17,186661,10255,10271,771,11042,110
2021-05-30,Fresno,19,978130,102074,102499,9010,111509,1706
2021-05-30,Glenn,21,27897,2420,2422,578,3000,18
2021-05-30,Humboldt,23,135768,4298,4291,38,4329,42
2021-05-30,Imperial,25,180216,28548,28732,2927,31659,736
2021-05-30,Inyo,27,18085,1403,1403,4,1407,35
2021-05-30,Kern,29,883053,96796,96443,11409,107852,1319
2021-05-30,Kings,31,150075,22978,22974,1194,24168,244
2021-05-30,Lake,33,64148,3531,3517,9,3526,45
2021-05-30,Lassen,35,31185,5201,5171,122,5293,6
2021-05-30,Los Angeles,37,10098052,1202527,1202425,43897,1246322,24360
2021-05-30,Madera,39,155013,16550,16538,959,17497,240
2021-05-30,Marin,41,260295,14070,14083,267,14350,229
2021-05-30,Mariposa,43,17540,435,430,11,441,5
2021-05-30,Mendocino,45,87422,4018,3955,76,4031,47
2021-05-30,Merced,47,269075,31080,31189,996,32185,456
2021-05-30,Modoc,49,8938,379,374,130,504,3
2021-05-30,Mono,51,14174,1251,1275,12,1287,3
2021-05-30,Monterey,53,433212,43044,43049,1931,44980,379
2021-05-30,Napa,55,140530,9917,9948,35,9983,82
2021-05-30,Nevada,57,99092,4832,4818,198,5016,72
2021-05-30,Orange,59,3164182,254641,254559,11728,266287,5051
2021-05-30,Placer,61,380077,23257,23016,1565,24581,293
2021-05-30,Plumas,63,18699,706,690,12,702,4
2021-05-30,Riverside,65,2383286,291281,288961,14763,303724,4442
2021-05-30,Sacramento,67,1510023,106322,106252,1836,108088,1644
2021-05-30,San Benito,69,59416,6060,6072,118,6190,63
2021-05-30,San Bernardino,71,2135413,292767,292981,9053,302034,4758
2021-05-30,San Diego,73,3302833,280714,280209,0,280209,3756
2021-05-30,San Francisco,75,870044,36715,37016,1390,38406,550
2021-05-30,San Joaquin,77,732212,73085,72853,3752,76605,1383
2021-05-30,San Luis Obispo,79,281455,21224,21211,784,21995,256
2021-05-30,San Mateo,81,765935,42366,42386,483,42869,439
2021-05-30,Santa Barbara,83,443738,34449,34369,1247,35616,456
2021-05-30,Santa Clara,85,1922200,118198,119510,795,120305,2057
2021-05-30,Santa Cruz,87,273765,16156,16140,881,17021,207
2021-05-30,Shasta,89,179085,12344,12408,1638,14046,199
2021-05-30,Sierra,91,2930,55,55,14,69,0
2021-05-30,Siskiyou,93,43540,1921,1856,387,2243,21
2021-05-30,Solano,95,438530,32914,32952,562,33514,256
2021-05-30,Sonoma,97,501317,30181,30310,345,30655,322
2021-05-30,Stanislaus,99,539301,56206,56323,6195,62518,973
2021-05-30,Sutter,101,95872,9486,9519,92,9611,111
2021-05-30,Tehama,103,63373,5068,5073,611,5684,63
2021-05-30,Trinity,105,12862,360,328,64,392,3
2021-05-30,Tulare,107,460477,49610,49397,9563,58960,845
2021-05-30,Tuolumne,109,53932,4080,4094,37,4131,63
2021-05-30,Ventura,111,848112,81064,81012,3105,84117,1021
2021-05-30,Yolo,113,214977,14045,14059,339,14398,210
2021-05-30,Yuba,115,75493,6063,6063,128,6191,48
2021-05-29,Alameda,1,1643700,88215,88433,2053,90486,1253
2021-05-29,Alpine,3,1148,88,88,0,88,0
2021-05-29,Amador,5,37829,3685,3683,35,3718,46
2021-05-29,Butte,7,227075,12488,12425,1911,14336,190
2021-05-29,Calaveras,9,45235,2173,2166,14,2180,55
2021-05-29,Colusa,11,21464,1945,1954,322,2276,15
2021-05-29,Contra Costa,13,1133247,69667,69351,1346,70697,813
2021-05-29,Del Norte,15,27424,1392,1391,8,1399,8
2021-05-29,El Dorado,17,186661,10254,10269,769,11038,110
2021-05-29,Fresno,19,978130,102062,102470,9007,111477,1706
2021-05-29,Glenn,21,27897,2420,2422,577,2999,18
2021-05-29,Humboldt,23,135768,4292,4283,38,4321,42
2021-05-29,Imperial,25,180216,28545,28729,2926,31655,736
2021-05-29,Inyo,27,18085,1403,1404,4,1408,35
2021-05-29,Kern,29,883053,96786,96424,11395,107819,1319
2021-05-29,Kings,31,150075,22977,22970,1193,24163,244
2021-05-29,Lake,33,64148,3531,3515,9,3524,45
2021-05-29,Lassen,35,31185,5201,5171,122,5293,6
2021-05-29,Los Angeles,37,10098052,1202403,1202264,43894,1246158,24359
2021-05-29,Madera,39,155013,16548,16535,959,17494,240
2021-05-29,Marin,41,260295,14066,14071,266,14337,229
2021-05-29,Mariposa,43,17540,434,428,11,439,5
2021-05-29,Mendocino,45,87422,4012,3952,76,4028,47
2021-05-29,Merced,47,269075,31069,31187,996,32183,456
2021-05-29,Modoc,49,8938,379,374,130,504,3
2021-05-29,Mono,51,14174,1251,1275,12,1287,3
2021-05-29,Monterey,53,433212,43042,43042,1931,44973,379
2021-05-29,Napa,55,140530,9914,9948,35,9983,82
2021-05-29,Nevada,57,99092,4831,4816,198,5014,72
2021-05-29,Orange,59,3164182,254619,254537,11718,266255,5049
2021-05-29,Placer,61,380077,23243,23009,1564,24573,293
2021-05-29,Plumas,63,18699,706,689,12,701,4
2021-05-29,Riverside,65,2383286,291261,288908,14762,303670,4442
2021-05-29,Sacramento,67,1510023,106293,106218,1834,108052,1643
2021-05-29,San Benito,69,59416,6059,6072,118,6190,63
2021-05-29,San Bernardino,71,2135413,292735,292961,9052,302013,4757
2021-05-29,San Diego,73,3302833,280655,280151,0,280151,3756
2021-05-29,San Francisco,75,870044,36706,37008,1390,38398,550
2021-05-29,San Joaquin,77,732212,73069,72827,3750,76577,1383
2021-05-29,San Luis Obispo,79,281455,21222,21201,784,21985,256
2021-05-29,San Mateo,81,765935,42358,42375,482,42857,439
2021-05-29,Santa Barbara,83,443738,34445,34367,1247,35614,456
2021-05-29,Santa Clara,85,1922200,118174,119498,794,120292,2056
2021-05-29,Santa Cruz,87,273765,16155,16137,881,17018,207
2021-05-29,Shasta,89,179085,12336,12401,1637,14038,199
2021-05-29,Sierra,91,2930,55,55,14,69,0
2021-05-29,Siskiyou,93,43540,1916,1856,387,2243,21
2021-05-29,Solano,95,438530,32905,32917,562,33479,256
2021-05-29,Sonoma,97,501317,30158,30298,344,30642,322
2021-05-29,Stanislaus,99,539301,56186,56305,6193,62498,974
2021-05-29,Sutter,101,95872,9482,9516,92,9608,111
2021-05-29,Tehama,103,63373,5067,5070,611,5681,63
2021-05-29,Trinity,105,12862,360,328,64,392,3
2021-05-29,Tulare,107,460477,49600,49392,9559,58951,845
2021-05-29,Tuolumne,109,53932,4080,4093,37,4130,63
2021-05-29,Ventura,111,848112,81056,81008,3105,84113,1021
2021-05-29,Yolo,113,214977,14044,14055,339,14394,210
2021-05-29,Yuba,115,75493,6063,6059,128,6187,48
2021-05-28,Alameda,1,1643700,88191,88391,2049,90440,1261
2021-05-28,Alpine,3,1148,88,88,0,88,0
2021-05-28,Amador,5,37829,3685,3680,35,3715,46
2021-05-28,Butte,7,227075,12485,12407,1910,14317,190
2021-05-28,Calaveras,9,45235,2172,2165,14,2179,55
2021-05-28,Colusa,11,21464,1945,1954,320,2274,15
2021-05-28,Contra Costa,13,1133247,69631,69290,1345,70635,813
2021-05-28,Del Norte,15,27424,1391,1390,8,1398,8
2021-05-28,El Dorado,17,186661,10251,10265,769,11034,110
2021-05-28,Fresno,19,978130,102048,102437,9007,111444,1705
2021-05-28,Glenn,21,27897,2420,2419,577,2996,18
2021-05-28,Humboldt,23,135768,4286,4265,38,4303,42
2021-05-28,Imperial,25,180216,28542,28722,2926,31648,736
2021-05-28,Inyo,27,18085,1403,1404,4,1408,35
2021-05-28,Kern,29,883053,96769,96396,11387,107783,1320
2021-05-28,Kings,31,150075,22975,22962,1193,24155,244
2021-05-28,Lake,33,64148,3529,3515,9,3524,45
2021-05-28,Lassen,35,31185,5201,5169,122,5291,6
2021-05-28,Los Angeles,37,10098052,1202296,1202103,43882,1245985,24357
2021-05-28,Madera,39,155013,16546,16530,959,17489,240
2021-05-28,Marin,41,260295,14065,14063,265,14328,229
2021-05-28,Mariposa,43,17540,434,428,11,439,5
2021-05-28,Mendocino,45,87422,4007,3947,76,4023,47
2021-05-28,Merced,47,269075,31066,31176,996,32172,455
2021-05-28,Modoc,49,8938,379,374,130,504,3
2021-05-28,Mono,51,14174,1251,1274,12,1286,3
2021-05-28,Monterey,53,433212,43041,43036,1931,44967,379
2021-05-28,Napa,55,140530,9914,9941,35,9976,82
2021-05-28,Nevada,57,99092,4829,4813,198,5011,71
2021-05-28,Orange,59,3164182,254601,254494,11716,266210,5047
2021-05-28,Placer,61,380077,23233,22987,1562,24549,293
2021-05-28,Plumas,63,18699,704,688,12,700,4
2021-05-28,Riverside,65,2383286,291239,288872,14760,303632,4442
2021-05-28,Sacramento,67,1510023,106235,106131,1833,107964,1642
2021-05-28,San Benito,69,59416,6059,6074,118,6192,63
2021-05-28,San Bernardino,71,2135413,292711,292905,9052,301957,4757
2021-05-28,San Diego,73,3302833,280592,280043,0,280043,3756
2021-05-28,San Francisco,75,870044,36700,36987,1390,38377,546
2021-05-28,San Joaquin,77,732212,73039,72793,3748,76541,1383
2021-05-28,San Luis Obispo,79,281455,21218,21190,782,21972,256
2021-05-28,San Mateo,81,765935,42351,42364,482,42846,439
2021-05-28,Santa Barbara,83,443738,34444,34371,1246,35617,455
2021-05-28,Santa Clara,85,1922200,118150,119462,794,120256,2056
2021-05-28,Santa Cruz,87,273765,16154,16129,881,17010,207
2021-05-28,Shasta,89,179085,12327,12383,1635,14018,198
2021-05-28,Sierra,91,2930,55,54,14,68,0
2021-05-28,Siskiyou,93,43540,1914,1850,387,2237,19
2021-05-28,Solano,95,438530,32890,32892,562,33454,256
2021-05-28,Sonoma,97,501317,30139,30270,344,30614,321
2021-05-28,Stanislaus,99,539301,56163,56278,6190,62468,974
2021-05-28,Sutter,101,95872,9478,9511,92,9603,111
2021-05-28,Tehama,103,63373,5061,5064,611,5675,63
2021-05-28,Trinity,105,12862,360,328,64,392,3
2021-05-28,Tulare,107,460477,49594,49375,9549,58924,846
2021-05-28,Tuolumne,109,53932,4080,4090,37,4127,63
2021-05-28,Ventura,111,848112,81045,80985,3104,84089,1021
2021-05-28,Yolo,113,214977,14040,14050,338,14388,210
2021-05-28,Yuba,115,75493,6061,6050,127,6177,48
2021-05-27,Alameda,1,1643700,88155,88342,2048,90390,1274
2021-05-27,Alpine,3,1148,88,88,0,88,0
2021-05-27,Amador,5,37829,3683,3680,35,3715,46
2021-05-27,Butte,7,227075,12480,12401,1909,14310,190
2021-05-27,Calaveras,9,45235,2171,2163,14,2177,55
2021-05-27,Colusa,11,21464,1942,1952,320,2272,15
2021-05-27,Contra Costa,13,1133247,69590,69245,1343,70588,813
2021-05-27,Del Norte,15,27424,1391,1388,8,1396,8
2021-05-27,El Dorado,17,186661,10250,10248,769,11017,112
2021-05-27,Fresno,19,978130,102032,102413,9004,111417,1704
2021-05-27,Glenn,21,27897,2420,2415,577,2992,18
2021-05-27,Humboldt,23,135768,4278,4260,38,4298,42
2021-05-27,Imperial,25,180216,28531,28728,2926,31654,736
2021-05-27,Inyo,27,18085,1403,1404,4,1408,35
2021-05-27,Kern,29,883053,96753,96364,11379,107743,1322
2021-05-27,Kings,31,150075,22972,22953,1193,24146,245
2021-05-27,Lake,33,64148,3524,3509,9,3518,45
2021-05-27,Lassen,35,31185,5200,5170,121,5291,6
2021-05-27,Los Angeles,37,10098052,1202136,1201927,43865,1245792,24348
2021-05-27,Madera,39,155013,16537,16527,959,17486,240
2021-05-27,Marin,41,260295,14061,14061,265,14326,229
2021-05-27,Mariposa,43,17540,432,427,11,438,5
2021-05-27,Mendocino,45,87422,4001,3945,76,4021,47
2021-05-27,Merced,47,269075,31054,31161,996,32157,455
2021-05-27,Modoc,49,8938,378,374,130,504,3
2021-05-27,Mono,51,14174,1251,1276,12,1288,3
2021-05-27,Monterey,53,433212,43035,43032,1931,44963,379
2021-05-27,Napa,55,140530,9913,9934,35,9969,82
2021-05-27,Nevada,57,99092,4825,4807,196,5003,71
2021-05-27,Orange,59,3164182,254565,254438,11711,266149,5059
2021-05-27,Placer,61,380077,23224,22966,1562,24528,293
2021-05-27,Plumas,63,18699,704,687,12,699,4
2021-05-27,Riverside,65,2383286,291204,288835,14755,303590,4443
2021-05-27,Sacramento,67,1510023,106161,106015,1831,107846,1642
2021-05-27,San Benito,69,59416,6058,6074,118,6192,63
2021-05-27,San Bernardino,71,2135413,292672,292755,9050,301805,4756
2021-05-27,San Diego,73,3302833,280518,279960,0,279960,3756
2021-05-27,San Francisco,75,870044,36695,36980,1386,38366,546
2021-05-27,San Joaquin,77,732212,73007,72714,3744,76458,1388
2021-05-27,San Luis Obispo,79,281455,21215,21171,782,21953,256
2021-05-27,San Mateo,81,765935,42342,42345,482,42827,436
2021-05-27,Santa Barbara,83,443738,34440,34355,1246,35601,456
2021-05-27,Santa Clara,85,1922200,118131,119452,794,120246,2053
2021-05-27,Santa Cruz,87,273765,16151,16134,881,17015,207
2021-05-27,Shasta,89,179085,12316,12380,1635,14015,202
2021-05-27,Sierra,91,2930,55,54,14,68,0
2021-05-27,Siskiyou,93,43540,1911,1846,387,2233,18
2021-05-27,Solano,95,438530,32849,32855,561,33416,257
2021-05-27,Sonoma,97,501317,30112,30253,340,30593,321
2021-05-27,Stanislaus,99,539301,56135,56207,6189,62396,974
2021-05-27,Sutter,101,95872,9474,9501,92,9593,111
2021-05-27,Tehama,103,63373,5058,5064,610,5674,63
2021-05-27,Trinity,105,12862,360,328,64,392,3
2021-05-27,Tulare,107,460477,49580,49366,9540,58906,840
2021-05-27,Tuolumne,109,53932,4079,4090,37,4127,66
2021-05-27,Ventura,111,848112,81032,80965,3101,84066,1023
2021-05-27,Yolo,113,214977,14037,14036,337,14373,213
2021-05-27,Yuba,115,75493,6056,6040,126,6166,48
2021-05-26,Alameda,1,1643700,88126,88297,2048,90345,1266
2021-05-26,Alpine,3,1148,88,88,0,88,0
2021-05-26,Amador,5,37829,3683,3679,35,3714,46
2021-05-26,Butte,7,227075,12471,12332,1908,14240,190
2021-05-26,Calaveras,9,45235,2169,2154,14,2168,55
2021-05-26,Colusa,11,21464,1941,1952,320,2272,15
2021-05-26,Contra Costa,13,1133247,69553,69210,1343,70553,812
2021-05-26,Del Norte,15,27424,1391,1386,7,1393,8
2021-05-26,El Dorado,17,186661,10246,10242,768,11010,112
2021-05-26,Fresno,19,978130,102000,102374,8999,111373,1702
2021-05-26,Glenn,21,27897,2419,2415,577,2992,18
2021-05-26,Humboldt,23,135768,4273,4246,38,4284,42
2021-05-26,Imperial,25,180216,28526,28712,2924,31636,734
2021-05-26,Inyo,27,18085,1403,1403,4,1407,36
2021-05-26,Kern,29,883053,96729,96343,11371,107714,1320
2021-05-26,Kings,31,150075,22968,22950,1192,24142,245
2021-05-26,Lake,33,64148,3523,3508,9,3517,45
2021-05-26,Lassen,35,31185,5199,5164,121,5285,6
2021-05-26,Los Angeles,37,10098052,1201972,1198100,43847,1241947,24221
2021-05-26,Madera,39,155013,16535,16520,959,17479,240
2021-05-26,Marin,41,260295,14058,14061,264,14325,227
2021-05-26,Mariposa,43,17540,432,427,11,438,5
2021-05-26,Mendocino,45,87422,3995,3938,76,4014,47
2021-05-26,Merced,47,269075,31045,31139,996,32135,455
2021-05-26,Modoc,49,8938,378,371,129,500,3
2021-05-26,Mono,51,14174,1251,1274,12,1286,3
2021-05-26,Monterey,53,433212,43029,43018,1930,44948,379
2021-05-26,Napa,55,140530,9906,9932,33,9965,82
2021-05-26,Nevada,57,99092,4820,4803,196,4999,70
2021-05-26,Orange,59,3164182,254530,254368,11707,266075,5058
2021-05-26,Placer,61,380077,23200,22940,1562,24502,293
2021-05-26,Plumas,63,18699,703,685,12,697,4
2021-05-26,Riverside,65,2383286,291158,288782,14748,303530,4443
2021-05-26,Sacramento,67,1510023,106075,105919,1827,107746,1637
2021-05-26,San Benito,69,59416,6058,6074,118,6192,63
2021-05-26,San Bernardino,71,2135413,292633,292662,9049,301711,4755
2021-05-26,San Diego,73,3302833,280444,279859,0,279859,3755
2021-05-26,San Francisco,75,870044,36683,36954,1386,38340,546
2021-05-26,San Joaquin,77,732212,72966,72681,3741,76422,1388
2021-05-26,San Luis Obispo,79,281455,21210,21163,782,21945,256
2021-05-26,San Mateo,81,765935,42333,42331,481,42812,436
2021-05-26,Santa Barbara,83,443738,34431,34348,1246,35594,459
2021-05-26,Santa Clara,85,1922200,118104,119421,793,120214,2031
2021-05-26,Santa Cruz,87,273765,16150,16139,881,17020,207
2021-05-26,Shasta,89,179085,12302,12357,1632,13989,202
2021-05-26,Sierra,91,2930,55,54,14,68,0
2021-05-26,Siskiyou,93,43540,1909,1847,385,2232,18
2021-05-26,Solano,95,438530,32813,32831,561,33392,257
2021-05-26,Sonoma,97,501317,30086,30230,340,30570,321
2021-05-26,Stanislaus,99,539301,56113,56193,6186,62379,974
2021-05-26,Sutter,101,95872,9469,9495,92,9587,112
2021-05-26,Tehama,103,63373,5057,5054,607,5661,63
2021-05-26,Trinity,105,12862,360,328,64,392,3
2021-05-26,Tulare,107,460477,49573,49352,9536,58888,839
2021-05-26,Tuolumne,109,53932,4075,4088,36,4124,66
2021-05-26,Ventura,111,848112,81009,80944,3099,84043,1023
2021-05-26,Yolo,113,214977,14034,14025,337,14362,213
2021-05-26,Yuba,115,75493,6051,6036,126,6162,49
2021-05-25,Alameda,1,1643700,88097,88237,2048,90285,1263
2021-05-25,Alpine,3,1148,88,88,0,88,0
2021-05-25,Amador,5,37829,3678,3676,35,3711,46
2021-05-25,Butte,7,227075,12460,12295,1907,14202,189
2021-05-25,Calaveras,9,45235,2167,2148,14,2162,55
2021-05-25,Colusa,11,21464,1940,1949,320,2269,15
2021-05-25,Contra Costa,13,1133247,69501,69167,1338,70505,809
2021-05-25,Del Norte,15,27424,1391,1385,7,1392,8
2021-05-25,El Dorado,17,186661,10239,10240,767,11007,112
2021-05-25,Fresno,19,978130,101978,102329,8999,111328,1701
2021-05-25,Glenn,21,27897,2418,2414,576,2990,17
2021-05-25,Humboldt,23,135768,4266,4231,36,4267,42
2021-05-25,Imperial,25,180216,28519,28586,2924,31510,735
2021-05-25,Inyo,27,18085,1403,1402,4,1406,36
2021-05-25,Kern,29,883053,96698,96319,11357,107676,1319
2021-05-25,Kings,31,150075,22962,22944,1191,24135,245
2021-05-25,Lake,33,64148,3522,3508,9,3517,44
2021-05-25,Lassen,35,31185,5195,5164,121,5285,6
2021-05-25,Los Angeles,37,10098052,1201797,1197940,43828,1241768,24212
2021-05-25,Madera,39,155013,16530,16519,958,17477,240
2021-05-25,Marin,41,260295,14052,14053,264,14317,227
2021-05-25,Mariposa,43,17540,431,427,11,438,5
2021-05-25,Mendocino,45,87422,3990,3928,76,4004,47
2021-05-25,Merced,47,269075,31024,31132,996,32128,455
2021-05-25,Modoc,49,8938,377,367,129,496,3
2021-05-25,Mono,51,14174,1251,1274,12,1286,3
2021-05-25,Monterey,53,433212,43025,43012,1929,44941,379
2021-05-25,Napa,55,140530,9904,9926,33,9959,82
2021-05-25,Nevada,57,99092,4814,4795,196,4991,70
2021-05-25,Orange,59,3164182,254501,254321,11706,266027,5057
2021-05-25,Placer,61,380077,23189,22920,1560,24480,292
2021-05-25,Plumas,63,18699,703,684,12,696,4
2021-05-25,Riverside,65,2383286,291119,288725,14745,303470,4443
2021-05-25,Sacramento,67,1510023,105995,105828,1823,107651,1633
2021-05-25,San Benito,69,59416,6058,6073,118,6191,63
2021-05-25,San Bernardino,71,2135413,292581,292485,9048,301533,4755
2021-05-25,San Diego,73,3302833,280365,279786,0,279786,3753
2021-05-25,San Francisco,75,870044,36660,36939,1386,38325,546
2021-05-25,San Joaquin,77,732212,72926,72628,3737,76365,1387
2021-05-25,San Luis Obispo,79,281455,21207,21153,782,21935,256
2021-05-25,San Mateo,81,765935,42323,42268,481,42749,435
2021-05-25,Santa Barbara,83,443738,34428,34337,1246,35583,459
2021-05-25,Santa Clara,85,1922200,118079,119393,792,120185,2032
2021-05-25,Santa Cruz,87,273765,16145,16141,881,17022,207
2021-05-25,Shasta,89,179085,12292,12328,1629,13957,202
2021-05-25,Sierra,91,2930,54,54,14,68,0
2021-05-25,Siskiyou,93,43540,1908,1845,384,2229,18
2021-05-25,Solano,95,438530,32795,32817,560,33377,256
2021-05-25,Sonoma,97,501317,30057,30207,339,30546,321
2021-05-25,Stanislaus,99,539301,56076,56168,6184,62352,974
2021-05-25,Sutter,101,95872,9465,9495,92,9587,112
2021-05-25,Tehama,103,63373,5055,5048,606,5654,63
2021-05-25,Trinity,105,12862,360,328,63,391,3
2021-05-25,Tulare,107,460477,49563,49326,9528,58854,838
2021-05-25,Tuolumne,109,53932,4075,4084,36,4120,66
2021-05-25,Ventura,111,848112,80991,80905,3099,84004,1022
2021-05-25,Yolo,113,214977,14027,14018,335,14353,213
2021-05-25,Yuba,115,75493,6044,6028,126,6154,49
2021-05-24,Alameda,1,1643700,88035,88182,2047,90229,1263
2021-05-24,Alpine,3,1148,88,88,0,88,0
2021-05-24,Amador,5,37829,3676,3675,35,3710,46
2021-05-24,Butte,7,227075,12447,12279,1904,14183,189
2021-05-24,Calaveras,9,45235,2166,2146,14,2160,54
2021-05-24,Colusa,11,21464,1940,1949,320,2269,15
2021-05-24,Contra Costa,13,1133247,69462,69107,1334,70441,809
2021-05-24,Del Norte,15,27424,1390,1384,7,1391,8
2021-05-24,El Dorado,17,186661,10229,10227,766,10993,112
2021-05-24,Fresno,19,978130,101938,102289,8997,111286,1698
2021-05-24,Glenn,21,27897,2418,2413,576,2989,17
2021-05-24,Humboldt,23,135768,4259,4225,36,4261,42
2021-05-24,Imperial,25,180216,28517,28575,2924,31499,735
2021-05-24,Inyo,27,18085,1403,1402,4,1406,36
2021-05-24,Kern,29,883053,96671,96296,11352,107648,1319
2021-05-24,Kings,31,150075,22958,22940,1191,24131,246
2021-05-24,Lake,33,64148,3520,3506,9,3515,43
2021-05-24,Lassen,35,31185,5191,5163,121,5284,6
2021-05-24,Los Angeles,37,10098052,1201625,1197782,43813,1241595,24201
2021-05-24,Madera,39,155013,16527,16513,957,17470,239
2021-05-24,Marin,41,260295,14050,14051,264,14315,227
2021-05-24,Mariposa,43,17540,430,427,11,438,5
2021-05-24,Mendocino,45,87422,3988,3919,76,3995,47
2021-05-24,Merced,47,269075,31014,31128,995,32123,455
2021-05-24,Modoc,49,8938,377,366,128,494,3
2021-05-24,Mono,51,14174,1251,1270,12,1282,3
2021-05-24,Monterey,53,433212,43020,43005,1928,44933,379
2021-05-24,Napa,55,140530,9904,9924,33,9957,82
2021-05-24,Nevada,57,99092,4811,4790,196,4986,70
2021-05-24,Orange,59,3164182,254467,254287,11696,265983,5056
2021-05-24,Placer,61,380077,23169,22895,1559,24454,292
2021-05-24,Plumas,63,18699,702,683,12,695,4
2021-05-24,Riverside,65,2383286,291066,288669,14734,303403,4442
2021-05-24,Sacramento,67,1510023,105880,105716,1822,107538,1632
2021-05-24,San Benito,69,59416,6058,6072,118,6190,63
2021-05-24,San Bernardino,71,2135413,292543,292343,9047,301390,4747
2021-05-24,San Diego,73,3302833,280256,279715,0,279715,3749
2021-05-24,San Francisco,75,870044,36641,36934,1385,38319,547
2021-05-24,San Joaquin,77,732212,72894,72586,3736,76322,1371
2021-05-24,San Luis Obispo,79,281455,21189,21146,781,21927,256
2021-05-24,San Mateo,81,765935,42314,42249,481,42730,433
2021-05-24,Santa Barbara,83,443738,34423,34322,1246,35568,459
2021-05-24,Santa Clara,85,1922200,118047,119358,792,120150,2030
2021-05-24,Santa Cruz,87,273765,16140,16135,881,17016,207
2021-05-24,Shasta,89,179085,12276,12315,1626,13941,201
2021-05-24,Sierra,91,2930,54,54,14,68,0
2021-05-24,Siskiyou,93,43540,1905,1840,384,2224,17
2021-05-24,Solano,95,438530,32771,32792,559,33351,254
2021-05-24,Sonoma,97,501317,30042,30187,339,30526,321
2021-05-24,Stanislaus,99,539301,56042,56128,6180,62308,974
2021-05-24,Sutter,101,95872,9459,9486,92,9578,113
2021-05-24,Tehama,103,63373,5052,5043,604,5647,63
2021-05-24,Trinity,105,12862,360,328,63,391,3
2021-05-24,Tulare,107,460477,49556,49318,9524,58842,838
2021-05-24,Tuolumne,109,53932,4075,4083,36,4119,65
2021-05-24,Ventura,111,848112,80978,80876,3097,83973,1022
2021-05-24,Yolo,113,214977,14010,14012,332,14344,213
2021-05-24,Yuba,115,75493,6035,6022,126,6148,49
2021-05-23,Alameda,1,1643700,87963,88157,2044,90201,1263
2021-05-23,Alpine,3,1148,88,88,0,88,0
2021-05-23,Amador,5,37829,3675,3673,35,3708,46
2021-05-23,Butte,7,227075,12433,12271,1903,14174,189
2021-05-23,Calaveras,9,45235,2156,2144,14,2158,54
2021-05-23,Colusa,11,21464,1940,1949,318,2267,15
2021-05-23,Contra Costa,13,1133247,69416,69075,1332,70407,809
2021-05-23,Del Norte,15,27424,1386,1383,7,1390,8
2021-05-23,El Dorado,17,186661,10223,10222,766,10988,112
2021-05-23,Fresno,19,978130,101894,102270,8992,111262,1698
2021-05-23,Glenn,21,27897,2416,2413,576,2989,17
2021-05-23,Humboldt,23,135768,4241,4216,36,4252,42
2021-05-23,Imperial,25,180216,28511,28569,2923,31492,735
2021-05-23,Inyo,27,18085,1403,1402,4,1406,36
2021-05-23,Kern,29,883053,96649,96282,11343,107625,1319
2021-05-23,Kings,31,150075,22945,22939,1189,24128,246
2021-05-23,Lake,33,64148,3517,3504,9,3513,43
2021-05-23,Lassen,35,31185,5187,5163,120,5283,6
2021-05-23,Los Angeles,37,10098052,1201444,1197633,43799,1241432,24197
2021-05-23,Madera,39,155013,16522,16504,956,17460,239
2021-05-23,Marin,41,260295,14041,14048,264,14312,227
2021-05-23,Mariposa,43,17540,430,427,11,438,5
2021-05-23,Mendocino,45,87422,3982,3913,75,3988,47
2021-05-23,Merced,47,269075,31004,31118,995,32113,455
2021-05-23,Modoc,49,8938,373,366,128,494,3
2021-05-23,Mono,51,14174,1250,1270,12,1282,3
2021-05-23,Monterey,53,433212,43010,43003,1928,44931,379
2021-05-23,Napa,55,140530,9900,9923,33,9956,82
2021-05-23,Nevada,57,99092,4801,4790,196,4986,70
2021-05-23,Orange,59,3164182,254429,254277,11689,265966,5050
2021-05-23,Placer,61,380077,23150,22888,1559,24447,292
2021-05-23,Plumas,63,18699,701,683,12,695,4
2021-05-23,Riverside,65,2383286,290999,288641,14730,303371,4442
2021-05-23,Sacramento,67,1510023,105763,105663,1820,107483,1632
2021-05-23,San Benito,69,59416,6057,6072,118,6190,63
2021-05-23,San Bernardino,71,2135413,292491,292327,9045,301372,4747
2021-05-23,San Diego,73,3302833,280166,279690,0,279690,3751
2021-05-23,San Francisco,75,870044,36630,36927,1384,38311,547
2021-05-23,San Joaquin,77,732212,72845,72571,3734,76305,1371
2021-05-23,San Luis Obispo,79,281455,21179,21141,780,21921,256
2021-05-23,San Mateo,81,765935,42297,42248,481,42729,433
2021-05-23,Santa Barbara,83,443738,34416,34319,1246,35565,459
2021-05-23,Santa Clara,85,1922200,118023,119333,792,120125,2030
2021-05-23,Santa Cruz,87,273765,16137,16130,881,17011,207
2021-05-23,Shasta,89,179085,12259,12313,1623,13936,201
2021-05-23,Sierra,91,2930,54,54,14,68,0
2021-05-23,Siskiyou,93,43540,1900,1826,377,2203,17
2021-05-23,Solano,95,438530,32753,32780,558,33338,254
2021-05-23,Sonoma,97,501317,30012,30168,338,30506,321
2021-05-23,Stanislaus,99,539301,55991,56104,6177,62281,974
2021-05-23,Sutter,101,95872,9450,9479,92,9571,113
2021-05-23,Tehama,103,63373,5045,5041,602,5643,63
2021-05-23,Trinity,105,12862,360,328,63,391,3
2021-05-23,Tulare,107,460477,49541,49310,9520,58830,838
2021-05-23,Tuolumne,109,53932,4072,4081,36,4117,65
2021-05-23,Ventura,111,848112,80948,80872,3096,83968,1022
2021-05-23,Yolo,113,214977,13998,14004,329,14333,213
2021-05-23,Yuba,115,75493,6030,6017,126,6143,49
2021-05-22,Alameda,1,1643700,87938,88101,2043,90144,1263
2021-05-22,Alpine,3,1148,88,88,0,88,0
2021-05-22,Amador,5,37829,3674,3672,35,3707,46
2021-05-22,Butte,7,227075,12421,12265,1902,14167,189
2021-05-22,Calaveras,9,45235,2154,2141,14,2155,54
2021-05-22,Colusa,11,21464,1936,1949,317,2266,15
2021-05-22,Contra Costa,13,1133247,69383,69004,1331,70335,809
2021-05-22,Del Norte,15,27424,1385,1381,7,1388,8
2021-05-22,El Dorado,17,186661,10218,10215,766,10981,112
2021-05-22,Fresno,19,978130,101880,102238,8990,111228,1698
2021-05-22,Glenn,21,27897,2416,2412,576,2988,17
2021-05-22,Humboldt,23,135768,4232,4194,35,4229,42
2021-05-22,Imperial,25,180216,28502,28574,2923,31497,735
2021-05-22,Inyo,27,18085,1403,1402,4,1406,36
2021-05-22,Kern,29,883053,96637,96260,11336,107596,1319
2021-05-22,Kings,31,150075,22945,22936,1189,24125,246
2021-05-22,Lake,33,64148,3514,3502,9,3511,43
2021-05-22,Lassen,35,31185,5187,5163,120,5283,6
2021-05-22,Los Angeles,37,10098052,1201338,1197454,43790,1241244,24192
2021-05-22,Madera,39,155013,16519,16503,956,17459,239
2021-05-22,Marin,41,260295,14038,14043,264,14307,227
2021-05-22,Mariposa,43,17540,430,427,11,438,5
2021-05-22,Mendocino,45,87422,3976,3908,75,3983,47
2021-05-22,Merced,47,269075,30994,31099,995,32094,455
2021-05-22,Modoc,49,8938,373,366,128,494,3
2021-05-22,Mono,51,14174,1248,1270,12,1282,3
2021-05-22,Monterey,53,433212,43004,42998,1928,44926,379
2021-05-22,Napa,55,140530,9898,9918,33,9951,82
2021-05-22,Nevada,57,99092,4794,4787,195,4982,70
2021-05-22,Orange,59,3164182,254408,254238,11683,265921,5048
2021-05-22,Placer,61,380077,23136,22865,1558,24423,292
2021-05-22,Plumas,63,18699,700,683,12,695,4
2021-05-22,Riverside,65,2383286,290969,288580,14729,303309,4442
2021-05-22,Sacramento,67,1510023,105690,105551,1817,107368,1632
2021-05-22,San Benito,69,59416,6057,6071,118,6189,63
2021-05-22,San Bernardino,71,2135413,292467,292292,9045,301337,4747
2021-05-22,San Diego,73,3302833,280107,279614,0,279614,3751
2021-05-22,San Francisco,75,870044,36620,36906,1382,38288,547
2021-05-22,San Joaquin,77,732212,72823,72528,3731,76259,1371
2021-05-22,San Luis Obispo,79,281455,21171,21134,779,21913,256
2021-05-22,San Mateo,81,765935,42287,42218,481,42699,433
2021-05-22,Santa Barbara,83,443738,34412,34313,1245,35558,459
2021-05-22,Santa Clara,85,1922200,118000,119292,792,120084,2030
2021-05-22,Santa Cruz,87,273765,16137,16125,881,17006,207
2021-05-22,Shasta,89,179085,12253,12307,1620,13927,201
2021-05-22,Sierra,91,2930,54,54,14,68,0
2021-05-22,Siskiyou,93,43540,1899,1824,376,2200,17
2021-05-22,Solano,95,438530,32740,32753,558,33311,254
2021-05-22,Sonoma,97,501317,29998,30154,338,30492,321
2021-05-22,Stanislaus,99,539301,55966,56069,6175,62244,974
2021-05-22,Sutter,101,95872,9445,9476,92,9568,113
2021-05-22,Tehama,103,63373,5044,5036,602,5638,63
2021-05-22,Trinity,105,12862,360,328,63,391,3
2021-05-22,Tulare,107,460477,49535,49299,9515,58814,838
2021-05-22,Tuolumne,109,53932,4072,4078,36,4114,65
2021-05-22,Ventura,111,848112,80944,80859,3096,83955,1022
2021-05-22,Yolo,113,214977,13996,13997,329,14326,213
2021-05-22,Yuba,115,75493,6027,6010,126,6136,49
2021-05-21,Alameda,1,1643700,87911,88041,2042,90083,1263
2021-05-21,Alpine,3,1148,88,88,0,88,0
2021-05-21,Amador,5,37829,3671,3672,35,3707,46
2021-05-21,Butte,7,227075,12415,12236,1900,14136,188
2021-05-21,Calaveras,9,45235,2152,2138,14,2152,54
2021-05-21,Colusa,11,21464,1936,1947,317,2264,15
2021-05-21,Contra Costa,13,1133247,69340,68965,1330,70295,810
2021-05-21,Del Norte,15,27424,1384,1376,7,1383,8
2021-05-21,El Dorado,17,186661,10214,10204,766,10970,112
2021-05-21,Fresno,19,978130,101852,102189,8988,111177,1698
2021-05-21,Glenn,21,27897,2416,2408,576,2984,17
2021-05-21,Humboldt,23,135768,4225,4175,35,4210,42
2021-05-21,Imperial,25,180216,28495,28572,2922,31494,732
2021-05-21,Inyo,27,18085,1403,1402,4,1406,36
2021-05-21,Kern,29,883053,96623,96233,11329,107562,1318
2021-05-21,Kings,31,150075,22945,22927,1189,24116,246
2021-05-21,Lake,33,64148,3512,3500,9,3509,43
2021-05-21,Lassen,35,31185,5186,5161,120,5281,6
2021-05-21,Los Angeles,37,10098052,1201229,1197263,43781,1241044,24180
2021-05-21,Madera,39,155013,16518,16500,955,17455,238
2021-05-21,Marin,41,260295,14033,14042,264,14306,227
2021-05-21,Mariposa,43,17540,429,427,11,438,5
2021-05-21,Mendocino,45,87422,3970,3897,75,3972,47
2021-05-21,Merced,47,269075,30986,31076,995,32071,455
2021-05-21,Modoc,49,8938,373,365,128,493,3
2021-05-21,Mono,51,14174,1248,1269,12,1281,3
2021-05-21,Monterey,53,433212,43002,42995,1928,44923,379
2021-05-21,Napa,55,140530,9894,9913,33,9946,82
2021-05-21,Nevada,57,99092,4793,4779,195,4974,70
2021-05-21,Orange,59,3164182,254389,254171,11680,265851,5042
2021-05-21,Placer,61,380077,23128,22853,1558,24411,292
2021-05-21,Plumas,63,18699,700,683,11,694,4
2021-05-21,Riverside,65,2383286,290942,288499,14722,303221,4442
2021-05-21,Sacramento,67,1510023,105623,105476,1814,107290,1632
2021-05-21,San Benito,69,59416,6057,6068,118,6186,63
2021-05-21,San Bernardino,71,2135413,292438,292205,9042,301247,4744
2021-05-21,San Diego,73,3302833,280036,279554,0,279554,3748
2021-05-21,San Francisco,75,870044,36614,36879,1382,38261,546
2021-05-21,San Joaquin,77,732212,72804,72467,3729,76196,1371
2021-05-21,San Luis Obispo,79,281455,21165,21128,776,21904,256
2021-05-21,San Mateo,81,765935,42274,42163,480,42643,432
2021-05-21,Santa Barbara,83,443738,34407,34302,1245,35547,459
2021-05-21,Santa Clara,85,1922200,117973,119247,792,120039,2029
2021-05-21,Santa Cruz,87,273765,16133,16120,881,17001,207
2021-05-21,Shasta,89,179085,12236,12289,1618,13907,201
2021-05-21,Sierra,91,2930,54,54,14,68,0
2021-05-21,Siskiyou,93,43540,1898,1815,376,2191,16
2021-05-21,Solano,95,438530,32725,32742,558,33300,254
2021-05-21,Sonoma,97,501317,29984,30126,338,30464,321
2021-05-21,Stanislaus,99,539301,55934,56036,6173,62209,975
2021-05-21,Sutter,101,95872,9443,9470,92,9562,113
2021-05-21,Tehama,103,63373,5038,5030,602,5632,63
2021-05-21,Trinity,105,12862,360,329,62,391,3
2021-05-21,Tulare,107,460477,49530,49271,9513,58784,838
2021-05-21,Tuolumne,109,53932,4070,4079,36,4115,65
2021-05-21,Ventura,111,848112,80936,80821,3093,83914,1021
2021-05-21,Yolo,113,214977,13989,13983,329,14312,213
2021-05-21,Yuba,115,75493,6021,6006,126,6132,49
2021-05-20,Alameda,1,1643700,87864,87975,2041,90016,1264
2021-05-20,Alpine,3,1148,88,88,0,88,0
2021-05-20,Amador,5,37829,3670,3671,35,3706,46
2021-05-20,Butte,7,227075,12408,12220,1897,14117,188
2021-05-20,Calaveras,9,45235,2148,2138,14,2152,54
2021-05-20,Colusa,11,21464,1935,1946,315,2261,15
2021-05-20,Contra Costa,13,1133247,69295,68913,1328,70241,809
2021-05-20,Del Norte,15,27424,1384,1373,7,1380,8
2021-05-20,El Dorado,17,186661,10205,10188,766,10954,112
2021-05-20,Fresno,19,978130,101832,102135,8986,111121,1696
2021-05-20,Glenn,21,27897,2413,2406,576,2982,17
2021-05-20,Humboldt,23,135768,4208,4162,35,4197,42
2021-05-20,Imperial,25,180216,28490,28551,2922,31473,732
2021-05-20,Inyo,27,18085,1403,1402,4,1406,36
2021-05-20,Kern,29,883053,96602,96204,11322,107526,1317
2021-05-20,Kings,31,150075,22943,22922,1189,24111,246
2021-05-20,Lake,33,64148,3509,3500,9,3509,43
2021-05-20,Lassen,35,31185,5184,5160,119,5279,6
2021-05-20,Los Angeles,37,10098052,1201075,1197073,43770,1240843,24168
2021-05-20,Madera,39,155013,16512,16499,953,17452,238
2021-05-20,Marin,41,260295,14029,14036,263,14299,227
2021-05-20,Mariposa,43,17540,429,426,11,437,5
2021-05-20,Mendocino,45,87422,3963,3897,75,3972,47
2021-05-20,Merced,47,269075,30973,31046,994,32040,454
2021-05-20,Modoc,49,8938,373,365,128,493,3
2021-05-20,Mono,51,14174,1247,1269,12,1281,3
2021-05-20,Monterey,53,433212,42996,42984,1927,44911,379
2021-05-20,Napa,55,140530,9891,9913,33,9946,82
2021-05-20,Nevada,57,99092,4792,4775,195,4970,70
2021-05-20,Orange,59,3164182,254348,254127,11677,265804,5038
2021-05-20,Placer,61,380077,23116,22823,1556,24379,292
2021-05-20,Plumas,63,18699,698,682,11,693,4
2021-05-20,Riverside,65,2383286,290897,288453,14717,303170,4442
2021-05-20,Sacramento,67,1510023,105528,105414,1810,107224,1629
2021-05-20,San Benito,69,59416,6056,6067,118,6185,63
2021-05-20,San Bernardino,71,2135413,292391,292153,9041,301194,4728
2021-05-20,San Diego,73,3302833,279948,279490,0,279490,3749
2021-05-20,San Francisco,75,870044,36605,36860,1382,38242,546
2021-05-20,San Joaquin,77,732212,72766,72388,3728,76116,1371
2021-05-20,San Luis Obispo,79,281455,21153,21095,774,21869,256
2021-05-20,San Mateo,81,765935,42260,42152,478,42630,432
2021-05-20,Santa Barbara,83,443738,34403,34293,1245,35538,459
2021-05-20,Santa Clara,85,1922200,117952,119222,792,120014,2029
2021-05-20,Santa Cruz,87,273765,16128,16119,881,17000,207
2021-05-20,Shasta,89,179085,12224,12266,1614,13880,200
2021-05-20,Sierra,91,2930,54,54,14,68,0
2021-05-20,Siskiyou,93,43540,1891,1811,375,2186,16
2021-05-20,Solano,95,438530,32710,32725,558,33283,253
2021-05-20,Sonoma,97,501317,29967,30107,337,30444,321
2021-05-20,Stanislaus,99,539301,55902,55979,6171,62150,970
2021-05-20,Sutter,101,95872,9439,9467,92,9559,113
2021-05-20,Tehama,103,63373,5036,5029,602,5631,63
2021-05-20,Trinity,105,12862,360,329,61,390,3
2021-05-20,Tulare,107,460477,49519,49217,9510,58727,837
2021-05-20,Tuolumne,109,53932,4069,4077,36,4113,65
2021-05-20,Ventura,111,848112,80925,80800,3093,83893,1019
2021-05-20,Yolo,113,214977,13984,13973,329,14302,211
2021-05-20,Yuba,115,75493,6012,6002,126,6128,49
2021-05-19,Alameda,1,1643700,87823,87889,2039,89928,1260
2021-05-19,Alpine,3,1148,88,88,0,88,0
2021-05-19,Amador,5,37829,3670,3669,35,3704,46
2021-05-19,Butte,7,227075,12398,12198,1897,14095,188
2021-05-19,Calaveras,9,45235,2144,2132,14,2146,54
2021-05-19,Colusa,11,21464,1935,1945,313,2258,15
2021-05-19,Contra Costa,13,1133247,69248,68836,1328,70164,808
2021-05-19,Del Norte,15,27424,1382,1371,7,1378,8
2021-05-19,El Dorado,17,186661,10200,10179,765,10944,112
2021-05-19,Fresno,19,978130,101803,102085,8982,111067,1693
2021-05-19,Glenn,21,27897,2413,2404,576,2980,17
2021-05-19,Humboldt,23,135768,4198,4143,35,4178,42
2021-05-19,Imperial,25,180216,28481,28550,2922,31472,732
2021-05-19,Inyo,27,18085,1403,1402,4,1406,36
2021-05-19,Kern,29,883053,96575,96173,11314,107487,1316
2021-05-19,Kings,31,150075,22937,22919,1189,24108,246
2021-05-19,Lake,33,64148,3509,3497,9,3506,43
2021-05-19,Lassen,35,31185,5183,5157,119,5276,6
2021-05-19,Los Angeles,37,10098052,1200883,1196856,43755,1240611,24143
2021-05-19,Madera,39,155013,16509,16496,953,17449,238
2021-05-19,Marin,41,260295,14025,14033,261,14294,227
2021-05-19,Mariposa,43,17540,429,425,11,436,5
2021-05-19,Mendocino,45,87422,3959,3886,75,3961,47
2021-05-19,Merced,47,269075,30957,31044,994,32038,452
2021-05-19,Modoc,49,8938,373,364,126,490,3
2021-05-19,Mono,51,14174,1247,1266,12,1278,3
2021-05-19,Monterey,53,433212,42991,42973,1926,44899,379
2021-05-19,Napa,55,140530,9888,9906,33,9939,82
2021-05-19,Nevada,57,99092,4790,4769,195,4964,70
2021-05-19,Orange,59,3164182,254313,254087,11667,265754,5035
2021-05-19,Placer,61,380077,23098,22784,1550,24334,291
2021-05-19,Plumas,63,18699,698,682,11,693,4
2021-05-19,Riverside,65,2383286,290852,288398,14715,303113,4442
2021-05-19,Sacramento,67,1510023,105451,105225,1809,107034,1629
2021-05-19,San Benito,69,59416,6055,6064,118,6182,63
2021-05-19,San Bernardino,71,2135413,292345,292078,9038,301116,4725
2021-05-19,San Diego,73,3302833,279864,279345,0,279345,3746
2021-05-19,San Francisco,75,870044,36592,36835,1381,38216,546
2021-05-19,San Joaquin,77,732212,72723,72338,3723,76061,1369
2021-05-19,San Luis Obispo,79,281455,21145,21085,773,21858,256
2021-05-19,San Mateo,81,765935,42253,42126,478,42604,429
2021-05-19,Santa Barbara,83,443738,34395,34292,1245,35537,459
2021-05-19,Santa Clara,85,1922200,117913,119176,791,119967,2015
2021-05-19,Santa Cruz,87,273765,16124,16121,880,17001,207
2021-05-19,Shasta,89,179085,12206,12233,1610,13843,200
2021-05-19,Sierra,91,2930,54,54,14,68,0
2021-05-19,Siskiyou,93,43540,1888,1803,374,2177,16
2021-05-19,Solano,95,438530,32683,32678,556,33234,253
2021-05-19,Sonoma,97,501317,29954,30080,337,30417,321
2021-05-19,Stanislaus,99,539301,55880,55912,6166,62078,967
2021-05-19,Sutter,101,95872,9432,9459,91,9550,113
2021-05-19,Tehama,103,63373,5028,5026,599,5625,63
2021-05-19,Trinity,105,12862,360,329,61,390,3
2021-05-19,Tulare,107,460477,49507,49163,9505,58668,837
2021-05-19,Tuolumne,109,53932,4069,4074,36,4110,64
2021-05-19,Ventura,111,848112,80909,80747,3092,83839,1019
2021-05-19,Yolo,113,214977,13979,13961,328,14289,211
2021-05-19,Yuba,115,75493,6008,5993,126,6119,49
2021-05-18,Alameda,1,1643700,87750,87816,2039,89855,1254
2021-05-18,Alpine,3,1148,88,88,0,88,0
2021-05-18,Amador,5,37829,3670,3669,35,3704,46
2021-05-18,Butte,7,227075,12386,12164,1894,14058,191
2021-05-18,Calaveras,9,45235,2140,2131,14,2145,54
2021-05-18,Colusa,11,21464,1935,1943,313,2256,14
2021-05-18,Contra Costa,13,1133247,69191,68750,1327,70077,808
2021-05-18,Del Norte,15,27424,1379,1371,7,1378,8
2021-05-18,El Dorado,17,186661,10189,10169,764,10933,112
2021-05-18,Fresno,19,978130,101767,102056,8979,111035,1690
2021-05-18,Glenn,21,27897,2407,2403,575,2978,17
2021-05-18,Humboldt,23,135768,4180,4132,35,4167,42
2021-05-18,Imperial,25,180216,28475,28538,2920,31458,730
2021-05-18,Inyo,27,18085,1403,1401,4,1405,36
2021-05-18,Kern,29,883053,96541,96128,11300,107428,1315
2021-05-18,Kings,31,150075,22931,22916,1189,24105,247
2021-05-18,Lake,33,64148,3507,3495,9,3504,43
2021-05-18,Lassen,35,31185,5182,5157,118,5275,6
2021-05-18,Los Angeles,37,10098052,1200707,1196668,43742,1240410,24133
2021-05-18,Madera,39,155013,16500,16491,953,17444,238
2021-05-18,Marin,41,260295,14022,14026,261,14287,227
2021-05-18,Mariposa,43,17540,429,424,11,435,5
2021-05-18,Mendocino,45,87422,3948,3877,75,3952,47
2021-05-18,Merced,47,269075,30939,31036,994,32030,452
2021-05-18,Modoc,49,8938,372,364,126,490,3
2021-05-18,Mono,51,14174,1246,1265,12,1277,3
2021-05-18,Monterey,53,433212,42985,43001,1926,44927,379
2021-05-18,Napa,55,140530,9888,9905,33,9938,82
2021-05-18,Nevada,57,99092,4783,4762,195,4957,70
2021-05-18,Orange,59,3164182,254272,254041,11657,265698,5031
2021-05-18,Placer,61,380077,23066,22726,1546,24272,291
2021-05-18,Plumas,63,18699,698,682,11,693,4
2021-05-18,Riverside,65,2383286,290800,288354,14708,303062,4438
2021-05-18,Sacramento,67,1510023,105353,105083,1807,106890,1629
2021-05-18,San Benito,69,59416,6054,6065,118,6183,63
2021-05-18,San Bernardino,71,2135413,292296,292014,9033,301047,4722
2021-05-18,San Diego,73,3302833,279756,279254,0,279254,3742
2021-05-18,San Francisco,75,870044,36572,36818,1381,38199,546
2021-05-18,San Joaquin,77,732212,72677,72282,3719,76001,1368
2021-05-18,San Luis Obispo,79,281455,21135,21080,771,21851,256
2021-05-18,San Mateo,81,765935,42242,42099,477,42576,428
2021-05-18,Santa Barbara,83,443738,34386,34278,1245,35523,459
2021-05-18,Santa Clara,85,1922200,117886,119171,791,119962,2014
2021-05-18,Santa Cruz,87,273765,16116,16137,880,17017,207
2021-05-18,Shasta,89,179085,12188,12197,1604,13801,200
2021-05-18,Sierra,91,2930,54,54,14,68,0
2021-05-18,Siskiyou,93,43540,1887,1799,374,2173,16
2021-05-18,Solano,95,438530,32658,32644,556,33200,253
2021-05-18,Sonoma,97,501317,29932,30054,336,30390,321
2021-05-18,Stanislaus,99,539301,55842,55860,6166,62026,959
2021-05-18,Sutter,101,95872,9424,9453,91,9544,113
2021-05-18,Tehama,103,63373,5024,5020,596,5616,63
2021-05-18,Trinity,105,12862,360,329,60,389,3
2021-05-18,Tulare,107,460477,49499,49142,9500,58642,836
2021-05-18,Tuolumne,109,53932,4067,4073,36,4109,64
2021-05-18,Ventura,111,848112,80894,80726,3089,83815,1017
2021-05-18,Yolo,113,214977,13972,13951,327,14278,211
2021-05-18,Yuba,115,75493,6004,5989,125,6114,49
2021-05-17,Alameda,1,1643700,87698,87766,2036,89802,1253
2021-05-17,Alpine,3,1148,88,88,0,88,0
2021-05-17,Amador,5,37829,3667,3668,35,3703,46
2021-05-17,Butte,7,227075,12378,12144,1894,14038,192
2021-05-17,Calaveras,9,45235,2140,2131,14,2145,53
2021-05-17,Colusa,11,21464,1935,1943,313,2256,14
2021-05-17,Contra Costa,13,1133247,69136,68720,1326,70046,805
2021-05-17,Del Norte,15,27424,1374,1369,7,1376,8
2021-05-17,El Dorado,17,186661,10172,10163,764,10927,112
2021-05-17,Fresno,19,978130,101724,102013,8972,110985,1690
2021-05-17,Glenn,21,27897,2407,2401,575,2976,17
2021-05-17,Humboldt,23,135768,4169,4112,35,4147,42
2021-05-17,Imperial,25,180216,28470,28533,2918,31451,729
2021-05-17,Inyo,27,18085,1403,1401,4,1405,36
2021-05-17,Kern,29,883053,96512,96095,11283,107378,1315
2021-05-17,Kings,31,150075,22928,22918,1189,24107,246
2021-05-17,Lake,33,64148,3502,3489,9,3498,43
2021-05-17,Lassen,35,31185,5179,5156,117,5273,6
2021-05-17,Los Angeles,37,10098052,1200535,1196556,43736,1240292,24123
2021-05-17,Madera,39,155013,16496,16486,953,17439,238
2021-05-17,Marin,41,260295,14016,14021,261,14282,227
2021-05-17,Mariposa,43,17540,428,423,11,434,5
2021-05-17,Mendocino,45,87422,3939,3868,75,3943,46
2021-05-17,Merced,47,269075,30923,31031,994,32025,450
2021-05-17,Modoc,49,8938,371,362,126,488,3
2021-05-17,Mono,51,14174,1242,1265,12,1277,3
2021-05-17,Monterey,53,433212,42978,42995,1926,44921,379
2021-05-17,Napa,55,140530,9887,9894,33,9927,82
2021-05-17,Nevada,57,99092,4779,4761,194,4955,70
2021-05-17,Orange,59,3164182,254227,253993,11650,265643,5031
2021-05-17,Placer,61,380077,23041,22706,1539,24245,289
2021-05-17,Plumas,63,18699,698,682,11,693,4
2021-05-17,Riverside,65,2383286,290735,288304,14704,303008,4433
2021-05-17,Sacramento,67,1510023,105247,105035,1805,106840,1629
2021-05-17,San Benito,69,59416,6051,6067,118,6185,63
2021-05-17,San Bernardino,71,2135413,292247,291989,9026,301015,4724
2021-05-17,San Diego,73,3302833,279624,279146,0,279146,3742
2021-05-17,San Francisco,75,870044,36560,36816,1379,38195,546
2021-05-17,San Joaquin,77,732212,72639,72234,3716,75950,1359
2021-05-17,San Luis Obispo,79,281455,21126,21079,769,21848,256
2021-05-17,San Mateo,81,765935,42214,42083,477,42560,428
2021-05-17,Santa Barbara,83,443738,34379,34275,1245,35520,459
2021-05-17,Santa Clara,85,1922200,117849,119116,789,119905,2015
2021-05-17,Santa Cruz,87,273765,16113,16151,880,17031,206
2021-05-17,Shasta,89,179085,12166,12163,1603,13766,200
2021-05-17,Sierra,91,2930,54,54,14,68,0
2021-05-17,Siskiyou,93,43540,1878,1795,371,2166,15
2021-05-17,Solano,95,438530,32640,32627,556,33183,253
2021-05-17,Sonoma,97,501317,29910,30043,335,30378,321
2021-05-17,Stanislaus,99,539301,55791,55839,6159,61998,951
2021-05-17,Sutter,101,95872,9417,9447,91,9538,113
2021-05-17,Tehama,103,63373,5021,5016,595,5611,63
2021-05-17,Trinity,105,12862,360,328,60,388,3
2021-05-17,Tulare,107,460477,49477,49107,9493,58600,836
2021-05-17,Tuolumne,109,53932,4067,4071,36,4107,64
2021-05-17,Ventura,111,848112,80874,80699,3089,83788,1017
2021-05-17,Yolo,113,214977,13966,13941,327,14268,211
2021-05-17,Yuba,115,75493,5996,5987,125,6112,49
2021-05-16,Alameda,1,1643700,87635,87743,2036,89779,1253
2021-05-16,Alpine,3,1148,88,88,0,88,0
2021-05-16,Amador,5,37829,3666,3667,35,3702,46
2021-05-16,Butte,7,227075,12364,12140,1894,14034,192
2021-05-16,Calaveras,9,45235,2138,2129,14,2143,53
2021-05-16,Colusa,11,21464,1933,1943,313,2256,14
2021-05-16,Contra Costa,13,1133247,69068,68694,1323,70017,805
2021-05-16,Del Norte,15,27424,1371,1365,7,1372,8
2021-05-16,El Dorado,17,186661,10156,10159,763,10922,112
2021-05-16,Fresno,19,978130,101680,101987,8967,110954,1690
2021-05-16,Glenn,21,27897,2407,2401,574,2975,17
2021-05-16,Humboldt,23,135768,4155,4104,35,4139,42
2021-05-16,Imperial,25,180216,28459,28516,2917,31433,729
2021-05-16,Inyo,27,18085,1403,1401,4,1405,36
2021-05-16,Kern,29,883053,96479,96083,11262,107345,1315
2021-05-16,Kings,31,150075,22924,22918,1186,24104,246
2021-05-16,Lake,33,64148,3499,3489,9,3498,43
2021-05-16,Lassen,35,31185,5178,5156,117,5273,6
2021-05-16,Los Angeles,37,10098052,1200317,1196397,43719,1240116,24120
2021-05-16,Madera,39,155013,16492,16483,950,17433,238
2021-05-16,Marin,41,260295,14013,14015,261,14276,227
2021-05-16,Mariposa,43,17540,428,423,11,434,5
2021-05-16,Mendocino,45,87422,3929,3863,75,3938,46
2021-05-16,Merced,47,269075,30900,31023,994,32017,450
2021-05-16,Modoc,49,8938,371,362,126,488,3
2021-05-16,Mono,51,14174,1242,1265,12,1277,3
2021-05-16,Monterey,53,433212,42973,42991,1926,44917,379
2021-05-16,Napa,55,140530,9884,9891,33,9924,82
2021-05-16,Nevada,57,99092,4775,4755,194,4949,70
2021-05-16,Orange,59,3164182,254195,253962,11647,265609,5031
2021-05-16,Placer,61,380077,23009,22696,1533,24229,289
2021-05-16,Plumas,63,18699,697,682,11,693,4
2021-05-16,Riverside,65,2383286,290664,288259,14694,302953,4433
2021-05-16,Sacramento,67,1510023,105132,105013,1803,106816,1628
2021-05-16,San Benito,69,59416,6050,6067,117,6184,63
2021-05-16,San Bernardino,71,2135413,292169,291940,9024,300964,4724
2021-05-16,San Diego,73,3302833,279506,279099,0,279099,3742
2021-05-16,San Francisco,75,870044,36539,36808,1378,38186,546
2021-05-16,San Joaquin,77,732212,72591,72218,3711,75929,1359
2021-05-16,San Luis Obispo,79,281455,21119,21072,768,21840,256
2021-05-16,San Mateo,81,765935,42202,42063,476,42539,428
2021-05-16,Santa Barbara,83,443738,34372,34270,1245,35515,459
2021-05-16,Santa Clara,85,1922200,117820,119098,788,119886,2015
2021-05-16,Santa Cruz,87,273765,16111,16143,880,17023,206
2021-05-16,Shasta,89,179085,12150,12156,1599,13755,200
2021-05-16,Sierra,91,2930,54,54,14,68,0
2021-05-16,Siskiyou,93,43540,1874,1790,370,2160,15
2021-05-16,Solano,95,438530,32606,32619,554,33173,253
2021-05-16,Sonoma,97,501317,29891,30033,335,30368,321
2021-05-16,Stanislaus,99,539301,55736,55814,6147,61961,951
2021-05-16,Sutter,101,95872,9410,9445,91,9536,113
2021-05-16,Tehama,103,63373,5017,5013,594,5607,63
2021-05-16,Trinity,105,12862,360,328,60,388,3
2021-05-16,Tulare,107,460477,49461,49091,9489,58580,837
2021-05-16,Tuolumne,109,53932,4063,4070,36,4106,64
2021-05-16,Ventura,111,848112,80843,80689,3089,83778,1017
2021-05-16,Yolo,113,214977,13951,13938,327,14265,211
2021-05-16,Yuba,115,75493,5993,5987,125,6112,49
2021-05-15,Alameda,1,1643700,87609,87677,2035,89712,1252
2021-05-15,Alpine,3,1148,88,88,0,88,0
2021-05-15,Amador,5,37829,3666,3666,35,3701,46
2021-05-15,Butte,7,227075,12357,12095,1893,13988,192
2021-05-15,Calaveras,9,45235,2137,2126,14,2140,53
2021-05-15,Colusa,11,21464,1933,1941,311,2252,14
2021-05-15,Contra Costa,13,1133247,69022,68658,1323,69981,805
2021-05-15,Del Norte,15,27424,1366,1359,7,1366,8
2021-05-15,El Dorado,17,186661,10144,10156,762,10918,112
2021-05-15,Fresno,19,978130,101644,101957,8964,110921,1690
2021-05-15,Glenn,21,27897,2407,2400,574,2974,17
2021-05-15,Humboldt,23,135768,4145,4080,35,4115,42
2021-05-15,Imperial,25,180216,28456,28504,2916,31420,729
2021-05-15,Inyo,27,18085,1403,1402,4,1406,36
2021-05-15,Kern,29,883053,96466,96061,11246,107307,1315
2021-05-15,Kings,31,150075,22923,22913,1186,24099,246
2021-05-15,Lake,33,64148,3498,3485,9,3494,43
2021-05-15,Lassen,35,31185,5174,5156,116,5272,6
2021-05-15,Los Angeles,37,10098052,1200196,1196255,43705,1239960,24115
2021-05-15,Madera,39,155013,16489,16482,950,17432,238
2021-05-15,Marin,41,260295,14009,14012,261,14273,227
2021-05-15,Mariposa,43,17540,428,423,11,434,5
2021-05-15,Mendocino,45,87422,3926,3861,75,3936,46
2021-05-15,Merced,47,269075,30879,31012,994,32006,450
2021-05-15,Modoc,49,8938,371,362,126,488,3
2021-05-15,Mono,51,14174,1242,1265,12,1277,3
2021-05-15,Monterey,53,433212,42969,42982,1926,44908,379
2021-05-15,Napa,55,140530,9881,9887,33,9920,82
2021-05-15,Nevada,57,99092,4774,4755,194,4949,70
2021-05-15,Orange,59,3164182,254168,253919,11640,265559,5030
2021-05-15,Placer,61,380077,22988,22688,1533,24221,289
2021-05-15,Plumas,63,18699,697,681,11,692,4
2021-05-15,Riverside,65,2383286,290622,288203,14689,302892,4433
2021-05-15,Sacramento,67,1510023,105059,104929,1800,106729,1628
2021-05-15,San Benito,69,59416,6050,6066,117,6183,63
2021-05-15,San Bernardino,71,2135413,292129,291892,9022,300914,4724
2021-05-15,San Diego,73,3302833,279435,278991,0,278991,3737
2021-05-15,San Francisco,75,870044,36523,36795,1376,38171,546
2021-05-15,San Joaquin,77,732212,72565,72197,3709,75906,1359
2021-05-15,San Luis Obispo,79,281455,21116,21061,767,21828,256
2021-05-15,San Mateo,81,765935,42186,42059,476,42535,428
2021-05-15,Santa Barbara,83,443738,34365,34259,1245,35504,459
2021-05-15,Santa Clara,85,1922200,117800,119060,788,119848,2016
2021-05-15,Santa Cruz,87,273765,16107,16137,880,17017,206
2021-05-15,Shasta,89,179085,12138,12152,1596,13748,200
2021-05-15,Sierra,91,2930,54,54,14,68,0
2021-05-15,Siskiyou,93,43540,1868,1788,368,2156,15
2021-05-15,Solano,95,438530,32596,32604,553,33157,253
2021-05-15,Sonoma,97,501317,29872,30020,335,30355,321
2021-05-15,Stanislaus,99,539301,55704,55795,6140,61935,952
2021-05-15,Sutter,101,95872,9408,9436,91,9527,113
2021-05-15,Tehama,103,63373,5013,5012,592,5604,63
2021-05-15,Trinity,105,12862,360,328,60,388,3
2021-05-15,Tulare,107,460477,49452,49080,9484,58564,837
2021-05-15,Tuolumne,109,53932,4061,4064,36,4100,63
2021-05-15,Ventura,111,848112,80832,80662,3089,83751,1017
2021-05-15,Yolo,113,214977,13944,13932,326,14258,211
2021-05-15,Yuba,115,75493,5990,5979,125,6104,49
2021-05-14,Alameda,1,1643700,87574,87621,2033,89654,1249
2021-05-14,Alpine,3,1148,88,88,0,88,0
2021-05-14,Amador,5,37829,3666,3665,35,3700,46
2021-05-14,Butte,7,227075,12348,12076,1890,13966,192
2021-05-14,Calaveras,9,45235,2133,2121,14,2135,53
2021-05-14,Colusa,11,21464,1932,1940,310,2250,14
2021-05-14,Contra Costa,13,1133247,68980,68589,1321,69910,806
2021-05-14,Del Norte,15,27424,1366,1355,7,1362,8
2021-05-14,El Dorado,17,186661,10137,10143,761,10904,113
2021-05-14,Fresno,19,978130,101615,101917,8958,110875,1688
2021-05-14,Glenn,21,27897,2406,2398,574,2972,17
2021-05-14,Humboldt,23,135768,4137,4050,35,4085,37
2021-05-14,Imperial,25,180216,28449,28485,2915,31400,728
2021-05-14,Inyo,27,18085,1403,1400,4,1404,36
2021-05-14,Kern,29,883053,96436,96033,11237,107270,1311
2021-05-14,Kings,31,150075,22922,22910,1186,24096,246
2021-05-14,Lake,33,64148,3494,3483,9,3492,43
2021-05-14,Lassen,35,31185,5174,5154,116,5270,6
2021-05-14,Los Angeles,37,10098052,1200064,1196038,43700,1239738,24101
2021-05-14,Madera,39,155013,16486,16474,950,17424,238
2021-05-14,Marin,41,260295,14005,14010,261,14271,227
2021-05-14,Mariposa,43,17540,428,422,11,433,5
2021-05-14,Mendocino,45,87422,3924,3855,75,3930,46
2021-05-14,Merced,47,269075,30869,31010,994,32004,450
2021-05-14,Modoc,49,8938,371,362,126,488,3
2021-05-14,Mono,51,14174,1241,1265,12,1277,3
2021-05-14,Monterey,53,433212,42964,42973,1926,44899,380
2021-05-14,Napa,55,140530,9878,9883,33,9916,82
2021-05-14,Nevada,57,99092,4769,4745,194,4939,70
2021-05-14,Orange,59,3164182,254135,253855,11633,265488,5028
2021-05-14,Placer,61,380077,22969,22660,1527,24187,287
2021-05-14,Plumas,63,18699,696,680,11,691,4
2021-05-14,Riverside,65,2383286,290571,288140,14686,302826,4433
2021-05-14,Sacramento,67,1510023,104971,104828,1799,106627,1627
2021-05-14,San Benito,69,59416,6050,6064,117,6181,63
2021-05-14,San Bernardino,71,2135413,292080,291834,9022,300856,4721
2021-05-14,San Diego,73,3302833,279363,278853,0,278853,3732
2021-05-14,San Francisco,75,870044,36514,36771,1372,38143,545
2021-05-14,San Joaquin,77,732212,72532,72160,3702,75862,1359
2021-05-14,San Luis Obispo,79,281455,21113,21051,766,21817,256
2021-05-14,San Mateo,81,765935,42175,42041,476,42517,428
2021-05-14,Santa Barbara,83,443738,34355,34243,1245,35488,456
2021-05-14,Santa Clara,85,1922200,117771,119006,788,119794,2014
2021-05-14,Santa Cruz,87,273765,16102,16130,880,17010,207
2021-05-14,Shasta,89,179085,12132,12130,1591,13721,200
2021-05-14,Sierra,91,2930,54,54,14,68,0
2021-05-14,Siskiyou,93,43540,1861,1779,367,2146,14
2021-05-14,Solano,95,438530,32576,32585,552,33137,252
2021-05-14,Sonoma,97,501317,29853,30007,335,30342,321
2021-05-14,Stanislaus,99,539301,55668,55752,6134,61886,950
2021-05-14,Sutter,101,95872,9399,9433,89,9522,113
2021-05-14,Tehama,103,63373,5006,5005,592,5597,63
2021-05-14,Trinity,105,12862,360,328,60,388,3
2021-05-14,Tulare,107,460477,49437,49060,9477,58537,836
2021-05-14,Tuolumne,109,53932,4061,4060,36,4096,63
2021-05-14,Ventura,111,848112,80818,80628,3089,83717,1014
2021-05-14,Yolo,113,214977,13939,13922,322,14244,210
2021-05-14,Yuba,115,75493,5986,5970,125,6095,47
2021-05-13,Alameda,1,1643700,87529,87557,2032,89589,1250
2021-05-13,Alpine,3,1148,88,88,0,88,0
2021-05-13,Amador,5,37829,3666,3662,35,3697,46
2021-05-13,Butte,7,227075,12335,12051,1889,13940,196
2021-05-13,Calaveras,9,45235,2133,2120,14,2134,53
2021-05-13,Colusa,11,21464,1931,1939,306,2245,14
2021-05-13,Contra Costa,13,1133247,68932,68522,1320,69842,806
2021-05-13,Del Norte,15,27424,1364,1354,7,1361,8
2021-05-13,El Dorado,17,186661,10135,10133,761,10894,112
2021-05-13,Fresno,19,978130,101586,101862,8957,110819,1687
2021-05-13,Glenn,21,27897,2405,2395,574,2969,17
2021-05-13,Humboldt,23,135768,4119,4027,35,4062,37
2021-05-13,Imperial,25,180216,28434,28468,2913,31381,729
2021-05-13,Inyo,27,18085,1403,1400,4,1404,36
2021-05-13,Kern,29,883053,96413,95996,11218,107214,1311
2021-05-13,Kings,31,150075,22921,22904,1186,24090,246
2021-05-13,Lake,33,64148,3492,3479,9,3488,43
2021-05-13,Lassen,35,31185,5174,5152,115,5267,6
2021-05-13,Los Angeles,37,10098052,1199875,1195504,43686,1239190,24083
2021-05-13,Madera,39,155013,16479,16467,950,17417,238
2021-05-13,Marin,41,260295,14000,14004,259,14263,227
2021-05-13,Mariposa,43,17540,428,422,11,433,5
2021-05-13,Mendocino,45,87422,3920,3846,75,3921,46
2021-05-13,Merced,47,269075,30861,30989,994,31983,450
2021-05-13,Modoc,49,8938,371,362,126,488,3
2021-05-13,Mono,51,14174,1241,1265,12,1277,3
2021-05-13,Monterey,53,433212,42950,42966,1925,44891,380
2021-05-13,Napa,55,140530,9871,9877,33,9910,82
2021-05-13,Nevada,57,99092,4765,4743,193,4936,70
2021-05-13,Orange,59,3164182,254094,253778,11631,265409,5026
2021-05-13,Placer,61,380077,22944,22668,1520,24188,288
2021-05-13,Plumas,63,18699,696,680,11,691,4
2021-05-13,Riverside,65,2383286,290511,288067,14683,302750,4433
2021-05-13,Sacramento,67,1510023,104886,104711,1796,106507,1626
2021-05-13,San Benito,69,59416,6048,6062,117,6179,63
2021-05-13,San Bernardino,71,2135413,292017,291765,9022,300787,4722
2021-05-13,San Diego,73,3302833,279250,278592,0,278592,3729
2021-05-13,San Francisco,75,870044,36490,36741,1370,38111,544
2021-05-13,San Joaquin,77,732212,72491,72096,3698,75794,1357
2021-05-13,San Luis Obispo,79,281455,21098,21043,765,21808,255
2021-05-13,San Mateo,81,765935,42156,42059,476,42535,426
2021-05-13,Santa Barbara,83,443738,34343,34242,1245,35487,456
2021-05-13,Santa Clara,85,1922200,117745,118952,788,119740,2013
2021-05-13,Santa Cruz,87,273765,16096,16129,880,17009,208
2021-05-13,Shasta,89,179085,12112,12111,1587,13698,200
2021-05-13,Sierra,91,2930,54,54,14,68,0
2021-05-13,Siskiyou,93,43540,1854,1769,364,2133,14
2021-05-13,Solano,95,438530,32563,32548,550,33098,252
2021-05-13,Sonoma,97,501317,29828,29991,335,30326,321
2021-05-13,Stanislaus,99,539301,55631,55678,6128,61806,949
2021-05-13,Sutter,101,95872,9395,9431,87,9518,112
2021-05-13,Tehama,103,63373,5001,4997,592,5589,63
2021-05-13,Trinity,105,12862,360,327,59,386,3
2021-05-13,Tulare,107,460477,49412,49032,9468,58500,837
2021-05-13,Tuolumne,109,53932,4060,4059,36,4095,63
2021-05-13,Ventura,111,848112,80788,80615,3088,83703,1012
2021-05-13,Yolo,113,214977,13930,13914,320,14234,210
2021-05-13,Yuba,115,75493,5977,5962,125,6087,47
2021-05-12,Alameda,1,1643700,87495,87482,2030,89512,1261
2021-05-12,Alpine,3,1148,88,88,0,88,0
2021-05-12,Amador,5,37829,3666,3658,35,3693,46
2021-05-12,Butte,7,227075,12325,12026,1889,13915,199
2021-05-12,Calaveras,9,45235,2130,2119,14,2133,53
2021-05-12,Colusa,11,21464,1929,1939,305,2244,14
2021-05-12,Contra Costa,13,1133247,68873,68462,1314,69776,805
2021-05-12,Del Norte,15,27424,1362,1352,7,1359,8
2021-05-12,El Dorado,17,186661,10126,10123,761,10884,112
2021-05-12,Fresno,19,978130,101538,101838,8946,110784,1688
2021-05-12,Glenn,21,27897,2402,2391,574,2965,17
2021-05-12,Humboldt,23,135768,4091,3982,35,4017,37
2021-05-12,Imperial,25,180216,28416,28443,2910,31353,726
2021-05-12,Inyo,27,18085,1403,1400,4,1404,36
2021-05-12,Kern,29,883053,96378,95955,11210,107165,1310
2021-05-12,Kings,31,150075,22919,22896,1186,24082,246
2021-05-12,Lake,33,64148,3490,3476,9,3485,43
2021-05-12,Lassen,35,31185,5172,5151,115,5266,6
2021-05-12,Los Angeles,37,10098052,1199695,1195318,43669,1238987,24067
2021-05-12,Madera,39,155013,16475,16462,949,17411,238
2021-05-12,Marin,41,260295,13995,13997,259,14256,227
2021-05-12,Mariposa,43,17540,428,422,11,433,5
2021-05-12,Mendocino,45,87422,3910,3836,75,3911,46
2021-05-12,Merced,47,269075,30845,30941,994,31935,450
2021-05-12,Modoc,49,8938,370,362,126,488,3
2021-05-12,Mono,51,14174,1241,1265,12,1277,3
2021-05-12,Monterey,53,433212,42938,42950,1924,44874,380
2021-05-12,Napa,55,140530,9865,9870,33,9903,82
2021-05-12,Nevada,57,99092,4761,4738,193,4931,70
2021-05-12,Orange,59,3164182,254044,253587,11628,265215,5024
2021-05-12,Placer,61,380077,22926,22652,1513,24165,288
2021-05-12,Plumas,63,18699,696,681,11,692,4
2021-05-12,Riverside,65,2383286,290441,287830,14678,302508,4431
2021-05-12,Sacramento,67,1510023,104790,104592,1795,106387,1621
2021-05-12,San Benito,69,59416,6048,6062,117,6179,63
2021-05-12,San Bernardino,71,2135413,291973,291505,9017,300522,4715
2021-05-12,San Diego,73,3302833,279146,278402,0,278402,3729
2021-05-12,San Francisco,75,870044,36471,36720,1369,38089,544
2021-05-12,San Joaquin,77,732212,72437,72043,3694,75737,1356
2021-05-12,San Luis Obispo,79,281455,21088,21021,765,21786,255
2021-05-12,San Mateo,81,765935,42147,42038,474,42512,426
2021-05-12,Santa Barbara,83,443738,34336,34218,1245,35463,456
2021-05-12,Santa Clara,85,1922200,117702,118897,788,119685,2005
2021-05-12,Santa Cruz,87,273765,16090,16123,880,17003,207
2021-05-12,Shasta,89,179085,12092,12092,1585,13677,200
2021-05-12,Sierra,91,2930,54,54,14,68,0
2021-05-12,Siskiyou,93,43540,1850,1760,362,2122,13
2021-05-12,Solano,95,438530,32539,32519,550,33069,252
2021-05-12,Sonoma,97,501317,29816,29976,335,30311,320
2021-05-12,Stanislaus,99,539301,55592,55632,6119,61751,919
2021-05-12,Sutter,101,95872,9392,9427,87,9514,112
2021-05-12,Tehama,103,63373,4997,4989,592,5581,62
2021-05-12,Trinity,105,12862,360,327,59,386,3
2021-05-12,Tulare,107,460477,49396,49001,9460,58461,838
2021-05-12,Tuolumne,109,53932,4059,4056,36,4092,63
2021-05-12,Ventura,111,848112,80769,80577,3088,83665,1010
2021-05-12,Yolo,113,214977,13923,13910,319,14229,210
2021-05-12,Yuba,115,75493,5974,5956,125,6081,47
2021-05-11,Alameda,1,1643700,87431,87413,2026,89439,1290
2021-05-11,Alpine,3,1148,88,88,0,88,0
2021-05-11,Amador,5,37829,3664,3657,35,3692,46
2021-05-11,Butte,7,227075,12310,12008,1886,13894,199
2021-05-11,Calaveras,9,45235,2130,2118,14,2132,52
2021-05-11,Colusa,11,21464,1928,1939,305,2244,14
2021-05-11,Contra Costa,13,1133247,68813,68406,1313,69719,806
2021-05-11,Del Norte,15,27424,1360,1347,7,1354,8
2021-05-11,El Dorado,17,186661,10120,10108,760,10868,112
2021-05-11,Fresno,19,978130,101494,101792,8940,110732,1686
2021-05-11,Glenn,21,27897,2401,2387,573,2960,17
2021-05-11,Humboldt,23,135768,4070,3964,34,3998,37
2021-05-11,Imperial,25,180216,28408,28413,2906,31319,722
2021-05-11,Inyo,27,18085,1402,1402,4,1406,36
2021-05-11,Kern,29,883053,96352,95938,11196,107134,1310
2021-05-11,Kings,31,150075,22911,22887,1186,24073,246
2021-05-11,Lake,33,64148,3490,3473,9,3482,43
2021-05-11,Lassen,35,31185,5170,5148,115,5263,6
2021-05-11,Los Angeles,37,10098052,1199462,1195100,43656,1238756,24048
2021-05-11,Madera,39,155013,16472,16459,949,17408,238
2021-05-11,Marin,41,260295,13988,13987,259,14246,227
2021-05-11,Mariposa,43,17540,428,421,11,432,5
2021-05-11,Mendocino,45,87422,3902,3821,75,3896,46
2021-05-11,Merced,47,269075,30836,30893,994,31887,449
2021-05-11,Modoc,49,8938,370,362,125,487,3
2021-05-11,Mono,51,14174,1241,1265,12,1277,3
2021-05-11,Monterey,53,433212,42930,42934,1923,44857,380
2021-05-11,Napa,55,140530,9858,9870,33,9903,81
2021-05-11,Nevada,57,99092,4757,4737,193,4930,70
2021-05-11,Orange,59,3164182,253982,253545,11620,265165,5017
2021-05-11,Placer,61,380077,22905,22615,1509,24124,287
2021-05-11,Plumas,63,18699,694,679,11,690,4
2021-05-11,Riverside,65,2383286,290381,287757,14672,302429,4429
2021-05-11,Sacramento,67,1510023,104693,104496,1792,106288,1616
2021-05-11,San Benito,69,59416,6045,6058,117,6175,63
2021-05-11,San Bernardino,71,2135413,291911,291421,9015,300436,4707
2021-05-11,San Diego,73,3302833,279011,278308,0,278308,3725
2021-05-11,San Francisco,75,870044,36451,36707,1369,38076,543
2021-05-11,San Joaquin,77,732212,72390,71999,3690,75689,1356
2021-05-11,San Luis Obispo,79,281455,21081,21008,763,21771,255
2021-05-11,San Mateo,81,765935,42128,41985,473,42458,425
2021-05-11,Santa Barbara,83,443738,34327,34207,1245,35452,456
2021-05-11,Santa Clara,85,1922200,117656,118857,787,119644,2005
2021-05-11,Santa Cruz,87,273765,16086,16113,880,16993,206
2021-05-11,Shasta,89,179085,12069,12050,1579,13629,200
2021-05-11,Sierra,91,2930,54,54,14,68,0
2021-05-11,Siskiyou,93,43540,1841,1756,360,2116,13
2021-05-11,Solano,95,438530,32522,32499,548,33047,250
2021-05-11,Sonoma,97,501317,29800,29966,335,30301,318
2021-05-11,Stanislaus,99,539301,55544,55589,6115,61704,909
2021-05-11,Sutter,101,95872,9385,9417,87,9504,112
2021-05-11,Tehama,103,63373,4993,4985,591,5576,62
2021-05-11,Trinity,105,12862,360,327,58,385,3
2021-05-11,Tulare,107,460477,49370,48974,9445,58419,837
2021-05-11,Tuolumne,109,53932,4058,4056,36,4092,63
2021-05-11,Ventura,111,848112,80745,80544,3085,83629,1008
2021-05-11,Yolo,113,214977,13910,13902,316,14218,210
2021-05-11,Yuba,115,75493,5965,5950,125,6075,46
2021-05-10,Alameda,1,1643700,87359,87366,2025,89391,1284
2021-05-10,Alpine,3,1148,88,88,0,88,0
2021-05-10,Amador,5,37829,3663,3657,35,3692,46
2021-05-10,Butte,7,227075,12295,11993,1880,13873,199
2021-05-10,Calaveras,9,45235,2124,2118,14,2132,52
2021-05-10,Colusa,11,21464,1928,1939,305,2244,14
2021-05-10,Contra Costa,13,1133247,68750,68357,1313,69670,806
2021-05-10,Del Norte,15,27424,1357,1339,7,1346,8
2021-05-10,El Dorado,17,186661,10106,10093,760,10853,113
2021-05-10,Fresno,19,978130,101463,101755,8934,110689,1682
2021-05-10,Glenn,21,27897,2400,2384,571,2955,17
2021-05-10,Humboldt,23,135768,4040,3961,34,3995,36
2021-05-10,Imperial,25,180216,28394,28397,2902,31299,722
2021-05-10,Inyo,27,18085,1402,1401,4,1405,36
2021-05-10,Kern,29,883053,96310,95920,11182,107102,1310
2021-05-10,Kings,31,150075,22900,22884,1185,24069,246
2021-05-10,Lake,33,64148,3482,3471,9,3480,43
2021-05-10,Lassen,35,31185,5167,5148,114,5262,5
2021-05-10,Los Angeles,37,10098052,1199208,1194976,43638,1238614,24030
2021-05-10,Madera,39,155013,16462,16450,949,17399,238
2021-05-10,Marin,41,260295,13985,13981,259,14240,228
2021-05-10,Mariposa,43,17540,427,420,11,431,5
2021-05-10,Mendocino,45,87422,3896,3818,75,3893,46
2021-05-10,Merced,47,269075,30826,30880,994,31874,448
2021-05-10,Modoc,49,8938,370,361,125,486,3
2021-05-10,Mono,51,14174,1241,1265,12,1277,3
2021-05-10,Monterey,53,433212,42924,42927,1918,44845,380
2021-05-10,Napa,55,140530,9856,9860,33,9893,81
2021-05-10,Nevada,57,99092,4750,4735,193,4928,70
2021-05-10,Orange,59,3164182,253932,253484,11614,265098,5008
2021-05-10,Placer,61,380077,22884,22590,1506,24096,286
2021-05-10,Plumas,63,18699,693,679,11,690,4
2021-05-10,Riverside,65,2383286,290316,287689,14666,302355,4427
2021-05-10,Sacramento,67,1510023,104580,104378,1787,106165,1613
2021-05-10,San Benito,69,59416,6044,6058,117,6175,63
2021-05-10,San Bernardino,71,2135413,291858,291360,9014,300374,4707
2021-05-10,San Diego,73,3302833,278846,278183,0,278183,3725
2021-05-10,San Francisco,75,870044,36432,36683,1369,38052,543
2021-05-10,San Joaquin,77,732212,72353,71954,3675,75629,1356
2021-05-10,San Luis Obispo,79,281455,21063,20993,762,21755,256
2021-05-10,San Mateo,81,765935,42110,41926,473,42399,424
2021-05-10,Santa Barbara,83,443738,34320,34201,1245,35446,456
2021-05-10,Santa Clara,85,1922200,117598,118822,786,119608,2003
2021-05-10,Santa Cruz,87,273765,16080,16114,880,16994,206
2021-05-10,Shasta,89,179085,12055,12036,1575,13611,200
2021-05-10,Sierra,91,2930,54,54,14,68,0
2021-05-10,Siskiyou,93,43540,1831,1752,358,2110,13
2021-05-10,Solano,95,438530,32502,32466,546,33012,250
2021-05-10,Sonoma,97,501317,29786,29955,334,30289,318
2021-05-10,Stanislaus,99,539301,55469,55541,6109,61650,898
2021-05-10,Sutter,101,95872,9379,9412,87,9499,111
2021-05-10,Tehama,103,63373,4989,4980,591,5571,62
2021-05-10,Trinity,105,12862,360,327,56,383,3
2021-05-10,Tulare,107,460477,49346,48956,9439,58395,837
2021-05-10,Tuolumne,109,53932,4054,4054,36,4090,63
2021-05-10,Ventura,111,848112,80729,80501,3083,83584,1008
2021-05-10,Yolo,113,214977,13898,13898,314,14212,209
2021-05-10,Yuba,115,75493,5963,5942,125,6067,46
2021-05-09,Alameda,1,1643700,87287,87292,2022,89314,1284
2021-05-09,Alpine,3,1148,88,88,0,88,0
2021-05-09,Amador,5,37829,3661,3655,35,3690,46
2021-05-09,Butte,7,227075,12277,11985,1875,13860,199
2021-05-09,Calaveras,9,45235,2123,2116,14,2130,52
2021-05-09,Colusa,11,21464,1927,1940,305,2245,14
2021-05-09,Contra Costa,13,1133247,68686,68302,1311,69613,806
2021-05-09,Del Norte,15,27424,1350,1338,7,1345,8
2021-05-09,El Dorado,17,186661,10092,10089,757,10846,113
2021-05-09,Fresno,19,978130,101425,101729,8926,110655,1682
2021-05-09,Glenn,21,27897,2393,2382,568,2950,17
2021-05-09,Humboldt,23,135768,4020,3950,34,3984,36
2021-05-09,Imperial,25,180216,28371,28388,2895,31283,722
2021-05-09,Inyo,27,18085,1402,1401,3,1404,36
2021-05-09,Kern,29,883053,96282,95903,11171,107074,1310
2021-05-09,Kings,31,150075,22891,22878,1185,24063,246
2021-05-09,Lake,33,64148,3478,3471,9,3480,43
2021-05-09,Lassen,35,31185,5165,5147,114,5261,5
2021-05-09,Los Angeles,37,10098052,1198952,1194820,43623,1238443,24026
2021-05-09,Madera,39,155013,16453,16444,943,17387,238
2021-05-09,Marin,41,260295,13974,13979,258,14237,228
2021-05-09,Mariposa,43,17540,424,420,11,431,5
2021-05-09,Mendocino,45,87422,3886,3814,75,3889,46
2021-05-09,Merced,47,269075,30803,30883,994,31877,448
2021-05-09,Modoc,49,8938,370,360,125,485,3
2021-05-09,Mono,51,14174,1241,1264,12,1276,3
2021-05-09,Monterey,53,433212,42907,42918,1918,44836,380
2021-05-09,Napa,55,140530,9845,9857,33,9890,81
2021-05-09,Nevada,57,99092,4743,4727,193,4920,70
2021-05-09,Orange,59,3164182,253880,253451,11606,265057,5008
2021-05-09,Placer,61,380077,22858,22566,1503,24069,286
2021-05-09,Plumas,63,18699,692,679,11,690,4
2021-05-09,Riverside,65,2383286,290237,287644,14660,302304,4427
2021-05-09,Sacramento,67,1510023,104436,104309,1780,106089,1612
2021-05-09,San Benito,69,59416,6042,6056,117,6173,63
2021-05-09,San Bernardino,71,2135413,291775,291337,9008,300345,4707
2021-05-09,San Diego,73,3302833,278679,277950,0,277950,3725
2021-05-09,San Francisco,75,870044,36406,36669,1367,38036,543
2021-05-09,San Joaquin,77,732212,72309,71927,3674,75601,1356
2021-05-09,San Luis Obispo,79,281455,21053,20999,762,21761,256
2021-05-09,San Mateo,81,765935,42081,41903,473,42376,424
2021-05-09,Santa Barbara,83,443738,34307,34196,1244,35440,456
2021-05-09,Santa Clara,85,1922200,117544,118798,785,119583,2003
2021-05-09,Santa Cruz,87,273765,16074,16094,880,16974,206
2021-05-09,Shasta,89,179085,12025,12034,1570,13604,200
2021-05-09,Sierra,91,2930,54,54,14,68,0
2021-05-09,Siskiyou,93,43540,1825,1741,355,2096,13
2021-05-09,Solano,95,438530,32462,32434,543,32977,250
2021-05-09,Sonoma,97,501317,29771,29953,333,30286,318
2021-05-09,Stanislaus,99,539301,55402,55511,6105,61616,898
2021-05-09,Sutter,101,95872,9373,9413,87,9500,111
2021-05-09,Tehama,103,63373,4984,4979,591,5570,62
2021-05-09,Trinity,105,12862,360,327,56,383,3
2021-05-09,Tulare,107,460477,49319,48948,9434,58382,837
2021-05-09,Tuolumne,109,53932,4053,4053,36,4089,63
2021-05-09,Ventura,111,848112,80714,80487,3082,83569,1008
2021-05-09,Yolo,113,214977,13887,13897,313,14210,209
2021-05-09,Yuba,115,75493,5957,5934,125,6059,46
2021-05-08,Alameda,1,1643700,87245,87213,2018,89231,1284
2021-05-08,Alpine,3,1148,88,88,0,88,0
2021-05-08,Amador,5,37829,3659,3652,35,3687,46
2021-05-08,Butte,7,227075,12265,11962,1874,13836,199
2021-05-08,Calaveras,9,45235,2122,2114,14,2128,52
2021-05-08,Colusa,11,21464,1927,1939,305,2244,14
2021-05-08,Contra Costa,13,1133247,68653,68223,1309,69532,803
2021-05-08,Del Norte,15,27424,1347,1335,7,1342,8
2021-05-08,El Dorado,17,186661,10078,10079,757,10836,113
2021-05-08,Fresno,19,978130,101390,101676,8921,110597,1682
2021-05-08,Glenn,21,27897,2391,2382,566,2948,17
2021-05-08,Humboldt,23,135768,4004,3939,34,3973,36
2021-05-08,Imperial,25,180216,28363,28373,2895,31268,721
2021-05-08,Inyo,27,18085,1402,1402,3,1405,36
2021-05-08,Kern,29,883053,96259,95880,11158,107038,1310
2021-05-08,Kings,31,150075,22888,22872,1184,24056,246
2021-05-08,Lake,33,64148,3477,3470,9,3479,43
2021-05-08,Lassen,35,31185,5164,5145,114,5259,5
2021-05-08,Los Angeles,37,10098052,1198804,1194584,43607,1238191,24022
2021-05-08,Madera,39,155013,16449,16442,943,17385,238
2021-05-08,Marin,41,260295,13971,13974,257,14231,228
2021-05-08,Mariposa,43,17540,424,420,11,431,5
2021-05-08,Mendocino,45,87422,3881,3810,74,3884,46
2021-05-08,Merced,47,269075,30794,30876,994,31870,448
2021-05-08,Modoc,49,8938,370,360,124,484,3
2021-05-08,Mono,51,14174,1241,1262,12,1274,3
2021-05-08,Monterey,53,433212,42902,42914,1917,44831,380
2021-05-08,Napa,55,140530,9838,9853,33,9886,81
2021-05-08,Nevada,57,99092,4740,4716,193,4909,70
2021-05-08,Orange,59,3164182,253844,253412,11603,265015,5006
2021-05-08,Placer,61,380077,22840,22547,1501,24048,286
2021-05-08,Plumas,63,18699,691,679,11,690,4
2021-05-08,Riverside,65,2383286,290196,287574,14658,302232,4427
2021-05-08,Sacramento,67,1510023,104352,104208,1776,105984,1610
2021-05-08,San Benito,69,59416,6041,6048,117,6165,63
2021-05-08,San Bernardino,71,2135413,291731,291296,9008,300304,4707
2021-05-08,San Diego,73,3302833,278595,277760,0,277760,3725
2021-05-08,San Francisco,75,870044,36383,36642,1367,38009,543
2021-05-08,San Joaquin,77,732212,72280,71869,3665,75534,1356
2021-05-08,San Luis Obispo,79,281455,21042,20992,762,21754,256
2021-05-08,San Mateo,81,765935,42070,41871,473,42344,424
2021-05-08,Santa Barbara,83,443738,34294,34185,1244,35429,456
2021-05-08,Santa Clara,85,1922200,117513,118751,785,119536,2003
2021-05-08,Santa Cruz,87,273765,16071,16089,880,16969,206
2021-05-08,Shasta,89,179085,12015,12030,1566,13596,200
2021-05-08,Sierra,91,2930,54,54,14,68,0
2021-05-08,Siskiyou,93,43540,1824,1741,351,2092,13
2021-05-08,Solano,95,438530,32437,32395,541,32936,249
2021-05-08,Sonoma,97,501317,29759,29942,333,30275,318
2021-05-08,Stanislaus,99,539301,55369,55467,6101,61568,898
2021-05-08,Sutter,101,95872,9370,9413,87,9500,111
2021-05-08,Tehama,103,63373,4982,4977,591,5568,62
2021-05-08,Trinity,105,12862,360,327,56,383,3
2021-05-08,Tulare,107,460477,49305,48929,9424,58353,837
2021-05-08,Tuolumne,109,53932,4052,4050,36,4086,63
2021-05-08,Ventura,111,848112,80703,80481,3079,83560,1008
2021-05-08,Yolo,113,214977,13884,13894,312,14206,209
2021-05-08,Yuba,115,75493,5949,5928,125,6053,46
2021-05-07,Alameda,1,1643700,87194,87128,2018,89146,1280
2021-05-07,Alpine,3,1148,88,88,0,88,0
2021-05-07,Amador,5,37829,3656,3651,35,3686,46
2021-05-07,Butte,7,227075,12247,11943,1869,13812,199
2021-05-07,Calaveras,9,45235,2120,2114,14,2128,52
2021-05-07,Colusa,11,21464,1927,1937,305,2242,14
2021-05-07,Contra Costa,13,1133247,68607,68156,1307,69463,804
2021-05-07,Del Norte,15,27424,1342,1329,7,1336,8
2021-05-07,El Dorado,17,186661,10065,10065,755,10820,112
2021-05-07,Fresno,19,978130,101358,101625,8920,110545,1684
2021-05-07,Glenn,21,27897,2388,2381,565,2946,17
2021-05-07,Humboldt,23,135768,3989,3919,34,3953,36
2021-05-07,Imperial,25,180216,28355,28352,2894,31246,721
2021-05-07,Inyo,27,18085,1402,1402,3,1405,36
2021-05-07,Kern,29,883053,96246,95839,11146,106985,1308
2021-05-07,Kings,31,150075,22887,22857,1183,24040,246
2021-05-07,Lake,33,64148,3475,3467,9,3476,43
2021-05-07,Lassen,35,31185,5163,5144,113,5257,5
2021-05-07,Los Angeles,37,10098052,1198634,1194294,43597,1237891,24008
2021-05-07,Madera,39,155013,16444,16439,943,17382,238
2021-05-07,Marin,41,260295,13967,13968,257,14225,228
2021-05-07,Mariposa,43,17540,423,419,11,430,5
2021-05-07,Mendocino,45,87422,3875,3805,74,3879,46
2021-05-07,Merced,47,269075,30790,30862,994,31856,446
2021-05-07,Modoc,49,8938,370,360,124,484,3
2021-05-07,Mono,51,14174,1240,1261,12,1273,3
2021-05-07,Monterey,53,433212,42896,42909,1915,44824,380
2021-05-07,Napa,55,140530,9837,9849,33,9882,81
2021-05-07,Nevada,57,99092,4736,4704,193,4897,70
2021-05-07,Orange,59,3164182,253807,253338,11593,264931,5000
2021-05-07,Placer,61,380077,22820,22524,1498,24022,286
2021-05-07,Plumas,63,18699,691,678,11,689,4
2021-05-07,Riverside,65,2383286,290139,287479,14657,302136,4426
2021-05-07,Sacramento,67,1510023,104279,104068,1771,105839,1609
2021-05-07,San Benito,69,59416,6040,6048,117,6165,63
2021-05-07,San Bernardino,71,2135413,291691,291185,9003,300188,4697
2021-05-07,San Diego,73,3302833,278511,277534,0,277534,3718
2021-05-07,San Francisco,75,870044,36370,36616,1366,37982,543
2021-05-07,San Joaquin,77,732212,72240,71804,3663,75467,1351
2021-05-07,San Luis Obispo,79,281455,21035,20979,762,21741,256
2021-05-07,San Mateo,81,765935,42054,41844,473,42317,424
2021-05-07,Santa Barbara,83,443738,34284,34166,1244,35410,453
2021-05-07,Santa Clara,85,1922200,117480,118691,784,119475,2002
2021-05-07,Santa Cruz,87,273765,16068,16074,880,16954,206
2021-05-07,Shasta,89,179085,11993,12005,1564,13569,200
2021-05-07,Sierra,91,2930,54,54,14,68,0
2021-05-07,Siskiyou,93,43540,1821,1723,351,2074,13
2021-05-07,Solano,95,438530,32410,32352,539,32891,249
2021-05-07,Sonoma,97,501317,29742,29925,331,30256,318
2021-05-07,Stanislaus,99,539301,55328,55407,6095,61502,896
2021-05-07,Sutter,101,95872,9370,9407,86,9493,111
2021-05-07,Tehama,103,63373,4975,4974,591,5565,57
2021-05-07,Trinity,105,12862,360,327,56,383,3
2021-05-07,Tulare,107,460477,49288,48913,9419,58332,837
2021-05-07,Tuolumne,109,53932,4050,4048,36,4084,63
2021-05-07,Ventura,111,848112,80679,80444,3079,83523,1008
2021-05-07,Yolo,113,214977,13879,13875,311,14186,209
2021-05-07,Yuba,115,75493,5939,5910,125,6035,46
2021-05-06,Alameda,1,1643700,87116,87028,2014,89042,1278
2021-05-06,Alpine,3,1148,88,88,0,88,0
2021-05-06,Amador,5,37829,3654,3650,35,3685,46
2021-05-06,Butte,7,227075,12227,11929,1864,13793,198
2021-05-06,Calaveras,9,45235,2119,2111,14,2125,52
2021-05-06,Colusa,11,21464,1927,1935,305,2240,14
2021-05-06,Contra Costa,13,1133247,68552,68076,1304,69380,802
2021-05-06,Del Norte,15,27424,1334,1324,7,1331,6
2021-05-06,El Dorado,17,186661,10058,10048,755,10803,112
2021-05-06,Fresno,19,978130,101317,101536,8914,110450,1680
2021-05-06,Glenn,21,27897,2387,2380,564,2944,17
2021-05-06,Humboldt,23,135768,3965,3898,33,3931,36
2021-05-06,Imperial,25,180216,28344,28311,2893,31204,720
2021-05-06,Inyo,27,18085,1402,1401,3,1404,36
2021-05-06,Kern,29,883053,96221,95801,11129,106930,1307
2021-05-06,Kings,31,150075,22880,22848,1182,24030,246
2021-05-06,Lake,33,64148,3474,3465,9,3474,43
2021-05-06,Lassen,35,31185,5162,5143,113,5256,1
2021-05-06,Los Angeles,37,10098052,1198394,1193954,43580,1237534,23991
2021-05-06,Madera,39,155013,16436,16430,943,17373,238
2021-05-06,Marin,41,260295,13963,13956,257,14213,228
2021-05-06,Mariposa,43,17540,422,419,11,430,5
2021-05-06,Mendocino,45,87422,3864,3802,74,3876,46
2021-05-06,Merced,47,269075,30776,30863,993,31856,444
2021-05-06,Modoc,49,8938,370,360,124,484,3
2021-05-06,Mono,51,14174,1238,1261,12,1273,3
2021-05-06,Monterey,53,433212,42880,42899,1915,44814,379
2021-05-06,Napa,55,140530,9831,9843,33,9876,81
2021-05-06,Nevada,57,99092,4735,4687,193,4880,70
2021-05-06,Orange,59,3164182,253742,253286,11586,264872,4991
2021-05-06,Placer,61,380077,22799,22493,1498,23991,286
2021-05-06,Plumas,63,18699,691,678,11,689,4
2021-05-06,Riverside,65,2383286,290066,287399,14652,302051,4422
2021-05-06,Sacramento,67,1510023,104162,103956,1768,105724,1609
2021-05-06,San Benito,69,59416,6039,6045,117,6162,63
2021-05-06,San Bernardino,71,2135413,291620,291085,9002,300087,4683
2021-05-06,San Diego,73,3302833,278387,277324,0,277324,3716
2021-05-06,San Francisco,75,870044,36355,36599,1366,37965,543
2021-05-06,San Joaquin,77,732212,72184,71729,3660,75389,1350
2021-05-06,San Luis Obispo,79,281455,21023,20965,760,21725,256
2021-05-06,San Mateo,81,765935,42036,41802,472,42274,424
2021-05-06,Santa Barbara,83,443738,34271,34152,1244,35396,453
2021-05-06,Santa Clara,85,1922200,117439,118591,784,119375,2001
2021-05-06,Santa Cruz,87,273765,16061,16050,880,16930,206
2021-05-06,Shasta,89,179085,11971,11983,1558,13541,199
2021-05-06,Sierra,91,2930,54,54,14,68,0
2021-05-06,Siskiyou,93,43540,1812,1711,349,2060,12
2021-05-06,Solano,95,438530,32384,32320,531,32851,249
2021-05-06,Sonoma,97,501317,29734,29911,331,30242,318
2021-05-06,Stanislaus,99,539301,55272,55323,6092,61415,834
2021-05-06,Sutter,101,95872,9364,9396,86,9482,111
2021-05-06,Tehama,103,63373,4970,4970,591,5561,53
2021-05-06,Trinity,105,12862,360,327,56,383,3
2021-05-06,Tulare,107,460477,49265,48890,9404,58294,836
2021-05-06,Tuolumne,109,53932,4046,4047,36,4083,63
2021-05-06,Ventura,111,848112,80648,80411,3076,83487,1005
2021-05-06,Yolo,113,214977,13871,13871,307,14178,209
2021-05-06,Yuba,115,75493,5927,5901,125,6026,46
2021-05-05,Alameda,1,1643700,87055,86950,2012,88962,1278
2021-05-05,Alpine,3,1148,88,88,0,88,0
2021-05-05,Amador,5,37829,3651,3650,35,3685,46
2021-05-05,Butte,7,227075,12209,11907,1861,13768,198
2021-05-05,Calaveras,9,45235,2115,2103,14,2117,52
2021-05-05,Colusa,11,21464,1926,1933,305,2238,14
2021-05-05,Contra Costa,13,1133247,68487,67997,1299,69296,803
2021-05-05,Del Norte,15,27424,1331,1317,7,1324,6
2021-05-05,El Dorado,17,186661,10047,10020,754,10774,111
2021-05-05,Fresno,19,978130,101268,101491,8905,110396,1680
2021-05-05,Glenn,21,27897,2384,2380,563,2943,17
2021-05-05,Humboldt,23,135768,3946,3886,32,3918,36
2021-05-05,Imperial,25,180216,28303,28295,2886,31181,720
2021-05-05,Inyo,27,18085,1401,1401,3,1404,36
2021-05-05,Kern,29,883053,96180,95753,11124,106877,1304
2021-05-05,Kings,31,150075,22874,22840,1181,24021,246
2021-05-05,Lake,33,64148,3471,3458,9,3467,43
2021-05-05,Lassen,35,31185,5162,5143,112,5255,1
2021-05-05,Los Angeles,37,10098052,1198130,1193608,43567,1237175,23977
2021-05-05,Madera,39,155013,16434,16423,943,17366,235
2021-05-05,Marin,41,260295,13955,13950,256,14206,228
2021-05-05,Mariposa,43,17540,422,418,11,429,5
2021-05-05,Mendocino,45,87422,3860,3799,74,3873,46
2021-05-05,Merced,47,269075,30756,30844,993,31837,444
2021-05-05,Modoc,49,8938,369,361,123,484,3
2021-05-05,Mono,51,14174,1238,1260,12,1272,3
2021-05-05,Monterey,53,433212,42867,42870,1912,44782,379
2021-05-05,Napa,55,140530,9825,9833,33,9866,81
2021-05-05,Nevada,57,99092,4732,4666,193,4859,70
2021-05-05,Orange,59,3164182,253687,253237,11581,264818,4978
2021-05-05,Placer,61,380077,22767,22362,1494,23856,287
2021-05-05,Plumas,63,18699,691,677,11,688,4
2021-05-05,Riverside,65,2383286,289977,287353,14642,301995,4414
2021-05-05,Sacramento,67,1510023,104072,103476,1763,105239,1607
2021-05-05,San Benito,69,59416,6030,6046,117,6163,63
2021-05-05,San Bernardino,71,2135413,291546,291008,8998,300006,4677
2021-05-05,San Diego,73,3302833,278250,277098,0,277098,3716
2021-05-05,San Francisco,75,870044,36340,36577,1365,37942,543
2021-05-05,San Joaquin,77,732212,72132,71638,3657,75295,1345
2021-05-05,San Luis Obispo,79,281455,21015,20958,760,21718,256
2021-05-05,San Mateo,81,765935,42005,41755,471,42226,415
2021-05-05,Santa Barbara,83,443738,34257,34139,1243,35382,453
2021-05-05,Santa Clara,85,1922200,117409,118482,780,119262,1992
2021-05-05,Santa Cruz,87,273765,16055,16013,880,16893,207
2021-05-05,Shasta,89,179085,11955,11939,1554,13493,200
2021-05-05,Sierra,91,2930,54,54,14,68,0
2021-05-05,Siskiyou,93,43540,1795,1706,341,2047,11
2021-05-05,Solano,95,438530,32349,32250,529,32779,249
2021-05-05,Sonoma,97,501317,29721,29879,331,30210,318
2021-05-05,Stanislaus,99,539301,55214,55231,6089,61320,807
2021-05-05,Sutter,101,95872,9358,9387,86,9473,111
2021-05-05,Tehama,103,63373,4967,4968,591,5559,53
2021-05-05,Trinity,105,12862,360,326,56,382,3
2021-05-05,Tulare,107,460477,49244,48875,9394,58269,835
2021-05-05,Tuolumne,109,53932,4043,4040,36,4076,63
2021-05-05,Ventura,111,848112,80619,80372,3072,83444,1005
2021-05-05,Yolo,113,214977,13867,13846,305,14151,209
2021-05-05,Yuba,115,75493,5917,5895,124,6019,44
2021-05-04,Alameda,1,1643700,86963,86894,2012,88906,1277
2021-05-04,Alpine,3,1148,88,88,0,88,0
2021-05-04,Amador,5,37829,3651,3650,35,3685,46
2021-05-04,Butte,7,227075,12185,11883,1859,13742,198
2021-05-04,Calaveras,9,45235,2110,2100,14,2114,52
2021-05-04,Colusa,11,21464,1925,1933,305,2238,14
2021-05-04,Contra Costa,13,1133247,68408,67931,1295,69226,799
2021-05-04,Del Norte,15,27424,1331,1314,7,1321,6
2021-05-04,El Dorado,17,186661,10036,10009,750,10759,110
2021-05-04,Fresno,19,978130,101214,101451,8898,110349,1677
2021-05-04,Glenn,21,27897,2381,2379,560,2939,17
2021-05-04,Humboldt,23,135768,3920,3877,32,3909,36
2021-05-04,Imperial,25,180216,28283,28276,2882,31158,720
2021-05-04,Inyo,27,18085,1401,1399,3,1402,36
2021-05-04,Kern,29,883053,96147,95720,11105,106825,1301
2021-05-04,Kings,31,150075,22859,22822,1178,24000,246
2021-05-04,Lake,33,64148,3470,3454,9,3463,43
2021-05-04,Lassen,35,31185,5161,5142,112,5254,1
2021-05-04,Los Angeles,37,10098052,1197842,1193453,43555,1237008,23957
2021-05-04,Madera,39,155013,16433,16418,943,17361,235
2021-05-04,Marin,41,260295,13948,13935,256,14191,228
2021-05-04,Mariposa,43,17540,422,418,11,429,5
2021-05-04,Mendocino,45,87422,3855,3794,74,3868,46
2021-05-04,Merced,47,269075,30739,30829,993,31822,444
2021-05-04,Modoc,49,8938,368,360,122,482,3
2021-05-04,Mono,51,14174,1238,1260,12,1272,3
2021-05-04,Monterey,53,433212,42855,42845,1911,44756,380
2021-05-04,Napa,55,140530,9816,9824,33,9857,81
2021-05-04,Nevada,57,99092,4725,4656,193,4849,70
2021-05-04,Orange,59,3164182,253620,253177,11571,264748,4977
2021-05-04,Placer,61,380077,22738,22326,1491,23817,287
2021-05-04,Plumas,63,18699,690,675,11,686,4
2021-05-04,Riverside,65,2383286,289893,287285,14635,301920,4411
2021-05-04,Sacramento,67,1510023,103943,103383,1759,105142,1604
2021-05-04,San Benito,69,59416,6029,6039,117,6156,63
2021-05-04,San Bernardino,71,2135413,291464,290934,8991,299925,4668
2021-05-04,San Diego,73,3302833,278084,276879,0,276879,3713
2021-05-04,San Francisco,75,870044,36322,36550,1365,37915,541
2021-05-04,San Joaquin,77,732212,72071,71582,3653,75235,1342
2021-05-04,San Luis Obispo,79,281455,21010,20923,758,21681,255
2021-05-04,San Mateo,81,765935,41980,41708,471,42179,415
2021-05-04,Santa Barbara,83,443738,34241,34131,1243,35374,453
2021-05-04,Santa Clara,85,1922200,117346,118431,779,119210,1988
2021-05-04,Santa Cruz,87,273765,16049,16005,880,16885,207
2021-05-04,Shasta,89,179085,11935,11923,1548,13471,198
2021-05-04,Sierra,91,2930,54,54,14,68,0
2021-05-04,Siskiyou,93,43540,1788,1694,339,2033,11
2021-05-04,Solano,95,438530,32308,32220,527,32747,249
2021-05-04,Sonoma,97,501317,29703,29867,330,30197,318
2021-05-04,Stanislaus,99,539301,55159,55165,6086,61251,807
2021-05-04,Sutter,101,95872,9353,9375,86,9461,111
2021-05-04,Tehama,103,63373,4965,4959,590,5549,53
2021-05-04,Trinity,105,12862,360,326,56,382,3
2021-05-04,Tulare,107,460477,49218,48857,9384,58241,835
2021-05-04,Tuolumne,109,53932,4041,4041,36,4077,61
2021-05-04,Ventura,111,848112,80590,80351,3070,83421,1005
2021-05-04,Yolo,113,214977,13854,13820,303,14123,208
2021-05-04,Yuba,115,75493,5911,5891,124,6015,44
2021-05-03,Alameda,1,1643700,86886,86845,2006,88851,1272
2021-05-03,Alpine,3,1148,88,88,0,88,0
2021-05-03,Amador,5,37829,3651,3651,35,3686,46
2021-05-03,Butte,7,227075,12175,11864,1856,13720,198
2021-05-03,Calaveras,9,45235,2109,2099,14,2113,50
2021-05-03,Colusa,11,21464,1924,1931,303,2234,14
2021-05-03,Contra Costa,13,1133247,68349,67895,1291,69186,799
2021-05-03,Del Norte,15,27424,1326,1306,6,1312,6
2021-05-03,El Dorado,17,186661,10018,9984,745,10729,110
2021-05-03,Fresno,19,978130,101161,101405,8888,110293,1678
2021-05-03,Glenn,21,27897,2381,2375,559,2934,17
2021-05-03,Humboldt,23,135768,3905,3865,32,3897,36
2021-05-03,Imperial,25,180216,28261,28280,2879,31159,720
2021-05-03,Inyo,27,18085,1400,1398,3,1401,36
2021-05-03,Kern,29,883053,96113,95693,11092,106785,1299
2021-05-03,Kings,31,150075,22850,22821,1178,23999,246
2021-05-03,Lake,33,64148,3468,3446,9,3455,43
2021-05-03,Lassen,35,31185,5160,5142,112,5254,1
2021-05-03,Los Angeles,37,10098052,1197579,1193261,43527,1236788,23942
2021-05-03,Madera,39,155013,16429,16414,942,17356,235
2021-05-03,Marin,41,260295,13942,13927,256,14183,228
2021-05-03,Mariposa,43,17540,422,418,11,429,5
2021-05-03,Mendocino,45,87422,3848,3792,74,3866,46
2021-05-03,Merced,47,269075,30728,30814,991,31805,444
2021-05-03,Modoc,49,8938,368,360,122,482,3
2021-05-03,Mono,51,14174,1238,1259,12,1271,3
2021-05-03,Monterey,53,433212,42845,42837,1909,44746,380
2021-05-03,Napa,55,140530,9811,9815,33,9848,81
2021-05-03,Nevada,57,99092,4717,4650,193,4843,70
2021-05-03,Orange,59,3164182,253562,253107,11562,264669,4968
2021-05-03,Placer,61,380077,22707,22289,1485,23774,287
2021-05-03,Plumas,63,18699,689,675,11,686,4
2021-05-03,Riverside,65,2383286,289821,287233,14634,301867,4412
2021-05-03,Sacramento,67,1510023,103790,103303,1751,105054,1602
2021-05-03,San Benito,69,59416,6028,6038,117,6155,63
2021-05-03,San Bernardino,71,2135413,291396,290886,8988,299874,4659
2021-05-03,San Diego,73,3302833,277921,276693,0,276693,3712
2021-05-03,San Francisco,75,870044,36297,36538,1364,37902,541
2021-05-03,San Joaquin,77,732212,72020,71504,3650,75154,1325
2021-05-03,San Luis Obispo,79,281455,20994,20915,755,21670,254
2021-05-03,San Mateo,81,765935,41957,41689,470,42159,413
2021-05-03,Santa Barbara,83,443738,34229,34119,1243,35362,453
2021-05-03,Santa Clara,85,1922200,117292,118373,778,119151,1988
2021-05-03,Santa Cruz,87,273765,16046,16000,880,16880,207
2021-05-03,Shasta,89,179085,11912,11890,1543,13433,197
2021-05-03,Sierra,91,2930,54,54,14,68,0
2021-05-03,Siskiyou,93,43540,1782,1683,333,2016,11
2021-05-03,Solano,95,438530,32267,32201,526,32727,249
2021-05-03,Sonoma,97,501317,29691,29855,327,30182,318
2021-05-03,Stanislaus,99,539301,55095,55116,6075,61191,774
2021-05-03,Sutter,101,95872,9341,9370,86,9456,111
2021-05-03,Tehama,103,63373,4956,4952,590,5542,53
2021-05-03,Trinity,105,12862,360,326,56,382,3
2021-05-03,Tulare,107,460477,49201,48844,9374,58218,835
2021-05-03,Tuolumne,109,53932,4040,4038,36,4074,61
2021-05-03,Ventura,111,848112,80568,80291,3070,83361,1005
2021-05-03,Yolo,113,214977,13841,13809,301,14110,208
2021-05-03,Yuba,115,75493,5906,5880,124,6004,44
2021-05-02,Alameda,1,1643700,86800,86784,2005,88789,1272
2021-05-02,Alpine,3,1148,88,88,0,88,0
2021-05-02,Amador,5,37829,3651,3650,35,3685,46
2021-05-02,Butte,7,227075,12151,11859,1853,13712,198
2021-05-02,Calaveras,9,45235,2105,2098,14,2112,50
2021-05-02,Colusa,11,21464,1923,1931,302,2233,14
2021-05-02,Contra Costa,13,1133247,68263,67843,1288,69131,800
2021-05-02,Del Norte,15,27424,1319,1305,6,1311,6
2021-05-02,El Dorado,17,186661,10003,9962,744,10706,110
2021-05-02,Fresno,19,978130,101090,101372,8879,110251,1678
2021-05-02,Glenn,21,27897,2380,2374,557,2931,17
2021-05-02,Humboldt,23,135768,3893,3858,31,3889,36
2021-05-02,Imperial,25,180216,28227,28275,2870,31145,721
2021-05-02,Inyo,27,18085,1398,1398,3,1401,36
2021-05-02,Kern,29,883053,96055,95668,11085,106753,1299
2021-05-02,Kings,31,150075,22832,22816,1177,23993,246
2021-05-02,Lake,33,64148,3466,3443,9,3452,43
2021-05-02,Lassen,35,31185,5159,5142,111,5253,1
2021-05-02,Los Angeles,37,10098052,1197233,1193056,43503,1236559,23943
2021-05-02,Madera,39,155013,16423,16410,942,17352,235
2021-05-02,Marin,41,260295,13932,13917,256,14173,228
2021-05-02,Mariposa,43,17540,422,419,11,430,5
2021-05-02,Mendocino,45,87422,3843,3787,74,3861,46
2021-05-02,Merced,47,269075,30706,30793,989,31782,444
2021-05-02,Modoc,49,8938,368,360,122,482,3
2021-05-02,Mono,51,14174,1237,1259,12,1271,3
2021-05-02,Monterey,53,433212,42832,42837,1907,44744,380
2021-05-02,Napa,55,140530,9807,9805,33,9838,81
2021-05-02,Nevada,57,99092,4701,4635,193,4828,70
2021-05-02,Orange,59,3164182,253491,253025,11549,264574,4968
2021-05-02,Placer,61,380077,22678,22264,1482,23746,287
2021-05-02,Plumas,63,18699,689,675,11,686,4
2021-05-02,Riverside,65,2383286,289722,287197,14624,301821,4412
2021-05-02,Sacramento,67,1510023,103655,103153,1744,104897,1602
2021-05-02,San Benito,69,59416,6023,6037,117,6154,63
2021-05-02,San Bernardino,71,2135413,291297,290859,8986,299845,4655
2021-05-02,San Diego,73,3302833,277725,276521,0,276521,3712
2021-05-02,San Francisco,75,870044,36271,36522,1364,37886,541
2021-05-02,San Joaquin,77,732212,71956,71447,3643,75090,1325
2021-05-02,San Luis Obispo,79,281455,20974,20910,754,21664,254
2021-05-02,San Mateo,81,765935,41941,41656,469,42125,412
2021-05-02,Santa Barbara,83,443738,34215,34106,1243,35349,453
2021-05-02,Santa Clara,85,1922200,117219,118321,778,119099,1988
2021-05-02,Santa Cruz,87,273765,16041,15995,879,16874,207
2021-05-02,Shasta,89,179085,11896,11885,1535,13420,197
2021-05-02,Sierra,91,2930,54,54,14,68,0
2021-05-02,Siskiyou,93,43540,1771,1661,332,1993,11
2021-05-02,Solano,95,438530,32228,32151,522,32673,249
2021-05-02,Sonoma,97,501317,29668,29842,327,30169,318
2021-05-02,Stanislaus,99,539301,55022,55057,6068,61125,774
2021-05-02,Sutter,101,95872,9334,9363,86,9449,111
2021-05-02,Tehama,103,63373,4951,4950,588,5538,53
2021-05-02,Trinity,105,12862,360,326,56,382,3
2021-05-02,Tulare,107,460477,49183,48834,9366,58200,835
2021-05-02,Tuolumne,109,53932,4037,4038,36,4074,61
2021-05-02,Ventura,111,848112,80531,80284,3069,83353,1005
2021-05-02,Yolo,113,214977,13829,13799,300,14099,208
2021-05-02,Yuba,115,75493,5896,5879,124,6003,44
2021-05-01,Alameda,1,1643700,86757,86704,2002,88706,1270
2021-05-01,Alpine,3,1148,88,88,0,88,0
2021-05-01,Amador,5,37829,3651,3650,35,3685,46
2021-05-01,Butte,7,227075,12137,11845,1848,13693,198
2021-05-01,Calaveras,9,45235,2103,2096,14,2110,50
2021-05-01,Colusa,11,21464,1922,1931,302,2233,14
2021-05-01,Contra Costa,13,1133247,68211,67779,1285,69064,800
2021-05-01,Del Norte,15,27424,1318,1292,6,1298,6
2021-05-01,El Dorado,17,186661,9989,9944,742,10686,110
2021-05-01,Fresno,19,978130,101045,101326,8873,110199,1678
2021-05-01,Glenn,21,27897,2377,2369,556,2925,17
2021-05-01,Humboldt,23,135768,3878,3845,31,3876,36
2021-05-01,Imperial,25,180216,28220,28262,2870,31132,721
2021-05-01,Inyo,27,18085,1398,1397,3,1400,36
2021-05-01,Kern,29,883053,96028,95645,11073,106718,1299
2021-05-01,Kings,31,150075,22830,22797,1175,23972,246
2021-05-01,Lake,33,64148,3464,3441,9,3450,43
2021-05-01,Lassen,35,31185,5157,5142,111,5253,1
2021-05-01,Los Angeles,37,10098052,1197066,1192781,43488,1236269,23946
2021-05-01,Madera,39,155013,16419,16408,942,17350,235
2021-05-01,Marin,41,260295,13925,13902,256,14158,228
2021-05-01,Mariposa,43,17540,422,418,11,429,5
2021-05-01,Mendocino,45,87422,3841,3782,74,3856,46
2021-05-01,Merced,47,269075,30688,30771,989,31760,444
2021-05-01,Modoc,49,8938,368,361,122,483,3
2021-05-01,Mono,51,14174,1237,1258,12,1270,3
2021-05-01,Monterey,53,433212,42826,42828,1907,44735,379
2021-05-01,Napa,55,140530,9804,9800,33,9833,81
2021-05-01,Nevada,57,99092,4696,4625,193,4818,70
2021-05-01,Orange,59,3164182,253452,252969,11538,264507,4964
2021-05-01,Placer,61,380077,22652,22240,1480,23720,287
2021-05-01,Plumas,63,18699,688,675,11,686,4
2021-05-01,Riverside,65,2383286,289683,287129,14622,301751,4412
2021-05-01,Sacramento,67,1510023,103576,103043,1743,104786,1602
2021-05-01,San Benito,69,59416,6020,6030,117,6147,63
2021-05-01,San Bernardino,71,2135413,291254,290802,8985,299787,4652
2021-05-01,San Diego,73,3302833,277601,276367,0,276367,3706
2021-05-01,San Francisco,75,870044,36256,36496,1364,37860,541
2021-05-01,San Joaquin,77,732212,71908,71389,3641,75030,1325
2021-05-01,San Luis Obispo,79,281455,20969,20896,754,21650,254
2021-05-01,San Mateo,81,765935,41912,41617,468,42085,411
2021-05-01,Santa Barbara,83,443738,34210,34085,1242,35327,453
2021-05-01,Santa Clara,85,1922200,117168,118265,776,119041,1988
2021-05-01,Santa Cruz,87,273765,16038,15984,879,16863,207
2021-05-01,Shasta,89,179085,11876,11878,1527,13405,197
2021-05-01,Sierra,91,2930,54,53,14,67,0
2021-05-01,Siskiyou,93,43540,1763,1653,331,1984,11
2021-05-01,Solano,95,438530,32198,32124,514,32638,249
2021-05-01,Sonoma,97,501317,29666,29835,327,30162,318
2021-05-01,Stanislaus,99,539301,54987,55005,6062,61067,774
2021-05-01,Sutter,101,95872,9331,9358,86,9444,110
2021-05-01,Tehama,103,63373,4950,4950,587,5537,53
2021-05-01,Trinity,105,12862,360,326,55,381,3
2021-05-01,Tulare,107,460477,49176,48818,9360,58178,835
2021-05-01,Tuolumne,109,53932,4031,4035,36,4071,61
2021-05-01,Ventura,111,848112,80513,80268,3069,83337,1005
2021-05-01,Yolo,113,214977,13822,13784,298,14082,208
2021-05-01,Yuba,115,75493,5894,5875,124,5999,44
2021-04-30,Alameda,1,1643700,86695,86602,1999,88601,1268
2021-04-30,Alpine,3,1148,88,88,0,88,0
2021-04-30,Amador,5,37829,3649,3650,35,3685,46
2021-04-30,Butte,7,227075,12118,11812,1844,13656,197
2021-04-30,Calaveras,9,45235,2102,2087,14,2101,50
2021-04-30,Colusa,11,21464,1922,1931,301,2232,14
2021-04-30,Contra Costa,13,1133247,68163,67684,1282,68966,800
2021-04-30,Del Norte,15,27424,1306,1276,6,1282,6
2021-04-30,El Dorado,17,186661,9975,9906,742,10648,110
2021-04-30,Fresno,19,978130,100999,101263,8869,110132,1670
2021-04-30,Glenn,21,27897,2376,2369,556,2925,17
2021-04-30,Humboldt,23,135768,3865,3834,31,3865,36
2021-04-30,Imperial,25,180216,28211,28244,2867,31111,721
2021-04-30,Inyo,27,18085,1398,1397,3,1400,36
2021-04-30,Kern,29,883053,96012,95605,11068,106673,1298
2021-04-30,Kings,31,150075,22827,22793,1174,23967,246
2021-04-30,Lake,33,64148,3460,3440,9,3449,43
2021-04-30,Lassen,35,31185,5156,5140,111,5251,1
2021-04-30,Los Angeles,37,10098052,1196859,1192393,43474,1235867,23919
2021-04-30,Madera,39,155013,16413,16395,942,17337,235
2021-04-30,Marin,41,260295,13917,13895,254,14149,228
2021-04-30,Mariposa,43,17540,422,417,11,428,5
2021-04-30,Mendocino,45,87422,3837,3777,74,3851,46
2021-04-30,Merced,47,269075,30675,30740,988,31728,444
2021-04-30,Modoc,49,8938,367,360,122,482,3
2021-04-30,Mono,51,14174,1237,1258,12,1270,3
2021-04-30,Monterey,53,433212,42812,42810,1906,44716,379
2021-04-30,Napa,55,140530,9800,9792,33,9825,81
2021-04-30,Nevada,57,99092,4688,4608,193,4801,70
2021-04-30,Orange,59,3164182,253397,252883,11532,264415,4956
2021-04-30,Placer,61,380077,22633,22190,1476,23666,287
2021-04-30,Plumas,63,18699,688,677,11,688,4
2021-04-30,Riverside,65,2383286,289630,287030,14615,301645,4412
2021-04-30,Sacramento,67,1510023,103475,102864,1739,104603,1596
2021-04-30,San Benito,69,59416,6016,6024,116,6140,63
2021-04-30,San Bernardino,71,2135413,291199,290704,8984,299688,4640
2021-04-30,San Diego,73,3302833,277507,276157,0,276157,3702
2021-04-30,San Francisco,75,870044,36245,36453,1363,37816,538
2021-04-30,San Joaquin,77,732212,71857,71311,3638,74949,1306
2021-04-30,San Luis Obispo,79,281455,20963,20884,754,21638,255
2021-04-30,San Mateo,81,765935,41897,41583,467,42050,380
2021-04-30,Santa Barbara,83,443738,34197,34061,1242,35303,451
2021-04-30,Santa Clara,85,1922200,117110,118170,772,118942,1988
2021-04-30,Santa Cruz,87,273765,16033,15975,879,16854,207
2021-04-30,Shasta,89,179085,11855,11848,1524,13372,197
2021-04-30,Sierra,91,2930,54,53,14,67,0
2021-04-30,Siskiyou,93,43540,1752,1628,328,1956,11
2021-04-30,Solano,95,438530,32166,32050,511,32561,249
2021-04-30,Sonoma,97,501317,29656,29816,325,30141,318
2021-04-30,Stanislaus,99,539301,54936,54938,6059,60997,774
2021-04-30,Sutter,101,95872,9329,9353,86,9439,110
2021-04-30,Tehama,103,63373,4948,4944,587,5531,53
2021-04-30,Trinity,105,12862,360,326,55,381,3
2021-04-30,Tulare,107,460477,49167,48797,9343,58140,836
2021-04-30,Tuolumne,109,53932,4030,4033,36,4069,61
2021-04-30,Ventura,111,848112,80474,80232,3064,83296,1004
2021-04-30,Yolo,113,214977,13809,13756,298,14054,208
2021-04-30,Yuba,115,75493,5886,5870,124,5994,44
2021-04-29,Alameda,1,1643700,86630,86490,1997,88487,1263
2021-04-29,Alpine,3,1148,88,88,0,88,0
2021-04-29,Amador,5,37829,3649,3649,35,3684,46
2021-04-29,Butte,7,227075,12103,11787,1842,13629,196
2021-04-29,Calaveras,9,45235,2099,2082,14,2096,50
2021-04-29,Colusa,11,21464,1922,1929,301,2230,14
2021-04-29,Contra Costa,13,1133247,68108,67606,1279,68885,795
2021-04-29,Del Norte,15,27424,1302,1271,6,1277,6
2021-04-29,El Dorado,17,186661,9956,9884,739,10623,107
2021-04-29,Fresno,19,978130,100945,101189,8858,110047,1667
2021-04-29,Glenn,21,27897,2373,2369,556,2925,17
2021-04-29,Humboldt,23,135768,3851,3815,31,3846,36
2021-04-29,Imperial,25,180216,28198,28235,2866,31101,720
2021-04-29,Inyo,27,18085,1398,1396,3,1399,36
2021-04-29,Kern,29,883053,95979,95547,11064,106611,1295
2021-04-29,Kings,31,150075,22817,22777,1169,23946,245
2021-04-29,Lake,33,64148,3452,3438,9,3447,43
2021-04-29,Lassen,35,31185,5156,5140,111,5251,1
2021-04-29,Los Angeles,37,10098052,1196585,1192068,43453,1235521,23899
2021-04-29,Madera,39,155013,16408,16383,941,17324,235
2021-04-29,Marin,41,260295,13913,13884,246,14130,228
2021-04-29,Mariposa,43,17540,421,416,11,427,5
2021-04-29,Mendocino,45,87422,3831,3774,74,3848,46
2021-04-29,Merced,47,269075,30655,30706,988,31694,444
2021-04-29,Modoc,49,8938,367,360,122,482,3
2021-04-29,Mono,51,14174,1235,1259,12,1271,3
2021-04-29,Monterey,53,433212,42796,42797,1905,44702,379
2021-04-29,Napa,55,140530,9786,9789,33,9822,81
2021-04-29,Nevada,57,99092,4677,4590,193,4783,70
2021-04-29,Orange,59,3164182,253331,252823,11517,264340,4934
2021-04-29,Placer,61,380077,22608,22161,1474,23635,286
2021-04-29,Plumas,63,18699,687,676,11,687,4
2021-04-29,Riverside,65,2383286,289564,286947,14612,301559,4409
2021-04-29,Sacramento,67,1510023,103343,102686,1730,104416,1593
2021-04-29,San Benito,69,59416,6015,6023,116,6139,63
2021-04-29,San Bernardino,71,2135413,291125,290606,8979,299585,4609
2021-04-29,San Diego,73,3302833,277358,275961,0,275961,3700
2021-04-29,San Francisco,75,870044,36219,36412,1363,37775,537
2021-04-29,San Joaquin,77,732212,71792,71225,3633,74858,1301
2021-04-29,San Luis Obispo,79,281455,20952,20876,754,21630,255
2021-04-29,San Mateo,81,765935,41868,41538,466,42004,358
2021-04-29,Santa Barbara,83,443738,34181,34039,1240,35279,448
2021-04-29,Santa Clara,85,1922200,117055,118082,770,118852,1984
2021-04-29,Santa Cruz,87,273765,16027,15961,879,16840,205
2021-04-29,Shasta,89,179085,11825,11836,1515,13351,193
2021-04-29,Sierra,91,2930,54,53,14,67,0
2021-04-29,Siskiyou,93,43540,1743,1615,325,1940,11
2021-04-29,Solano,95,438530,32126,32002,506,32508,248
2021-04-29,Sonoma,97,501317,29641,29785,322,30107,318
2021-04-29,Stanislaus,99,539301,54869,54836,6054,60890,774
2021-04-29,Sutter,101,95872,9322,9346,86,9432,110
2021-04-29,Tehama,103,63373,4940,4939,587,5526,53
2021-04-29,Trinity,105,12862,360,326,55,381,3
2021-04-29,Tulare,107,460477,49152,48785,9329,58114,832
2021-04-29,Tuolumne,109,53932,4029,4030,36,4066,58
2021-04-29,Ventura,111,848112,80440,80188,3062,83250,1002
2021-04-29,Yolo,113,214977,13789,13745,297,14042,205
2021-04-29,Yuba,115,75493,5876,5865,124,5989,44
2021-04-28,Alameda,1,1643700,86559,86390,1992,88382,1260
2021-04-28,Alpine,3,1148,88,88,0,88,0
2021-04-28,Amador,5,37829,3649,3646,35,3681,46
2021-04-28,Butte,7,227075,12083,11762,1837,13599,196
2021-04-28,Calaveras,9,45235,2095,2078,13,2091,50
2021-04-28,Colusa,11,21464,1919,1927,300,2227,14
2021-04-28,Contra Costa,13,1133247,68048,67539,1278,68817,795
2021-04-28,Del Norte,15,27424,1294,1267,6,1273,6
2021-04-28,El Dorado,17,186661,9932,9873,739,10612,107
2021-04-28,Fresno,19,978130,100899,101161,8847,110008,1666
2021-04-28,Glenn,21,27897,2370,2368,556,2924,17
2021-04-28,Humboldt,23,135768,3834,3796,31,3827,36
2021-04-28,Imperial,25,180216,28184,28177,2865,31042,720
2021-04-28,Inyo,27,18085,1398,1396,2,1398,36
2021-04-28,Kern,29,883053,95949,95494,11056,106550,1295
2021-04-28,Kings,31,150075,22806,22767,1166,23933,245
2021-04-28,Lake,33,64148,3449,3433,9,3442,43
2021-04-28,Lassen,35,31185,5156,5138,111,5249,1
2021-04-28,Los Angeles,37,10098052,1196291,1191729,43426,1235155,23858
2021-04-28,Madera,39,155013,16404,16372,941,17313,235
2021-04-28,Marin,41,260295,13902,13866,246,14112,227
2021-04-28,Mariposa,43,17540,418,415,11,426,5
2021-04-28,Mendocino,45,87422,3825,3770,72,3842,46
2021-04-28,Merced,47,269075,30636,30649,988,31637,443
2021-04-28,Modoc,49,8938,367,360,122,482,3
2021-04-28,Mono,51,14174,1235,1258,12,1270,3
2021-04-28,Monterey,53,433212,42791,42776,1905,44681,379
2021-04-28,Napa,55,140530,9775,9777,33,9810,81
2021-04-28,Nevada,57,99092,4658,4570,193,4763,70
2021-04-28,Orange,59,3164182,253254,252747,11502,264249,4931
2021-04-28,Placer,61,380077,22581,22115,1473,23588,285
2021-04-28,Plumas,63,18699,687,676,11,687,4
2021-04-28,Riverside,65,2383286,289508,286868,14607,301475,4407
2021-04-28,Sacramento,67,1510023,103220,102613,1726,104339,1591
2021-04-28,San Benito,69,59416,6013,6021,116,6137,63
2021-04-28,San Bernardino,71,2135413,291053,290548,8968,299516,4582
2021-04-28,San Diego,73,3302833,277203,275821,0,275821,3698
2021-04-28,San Francisco,75,870044,36190,36382,1362,37744,534
2021-04-28,San Joaquin,77,732212,71712,71171,3625,74796,1301
2021-04-28,San Luis Obispo,79,281455,20944,20851,754,21605,255
2021-04-28,San Mateo,81,765935,41843,41498,464,41962,358
2021-04-28,Santa Barbara,83,443738,34167,34003,1240,35243,448
2021-04-28,Santa Clara,85,1922200,116986,117997,767,118764,1969
2021-04-28,Santa Cruz,87,273765,16023,15943,878,16821,205
2021-04-28,Shasta,89,179085,11810,11815,1507,13322,192
2021-04-28,Sierra,91,2930,54,51,14,65,0
2021-04-28,Siskiyou,93,43540,1730,1603,323,1926,11
2021-04-28,Solano,95,438530,32094,31982,502,32484,248
2021-04-28,Sonoma,97,501317,29627,29773,318,30091,318
2021-04-28,Stanislaus,99,539301,54815,54745,6050,60795,774
2021-04-28,Sutter,101,95872,9317,9343,86,9429,110
2021-04-28,Tehama,103,63373,4934,4930,586,5516,53
2021-04-28,Trinity,105,12862,360,326,55,381,3
2021-04-28,Tulare,107,460477,49135,48754,9313,58067,832
2021-04-28,Tuolumne,109,53932,4026,4029,36,4065,58
2021-04-28,Ventura,111,848112,80405,80172,3060,83232,1000
2021-04-28,Yolo,113,214977,13774,13721,296,14017,205
2021-04-28,Yuba,115,75493,5870,5857,124,5981,44
2021-04-27,Alameda,1,1643700,86462,86301,1987,88288,1260
2021-04-27,Alpine,3,1148,88,88,0,88,0
2021-04-27,Amador,5,37829,3649,3645,35,3680,46
2021-04-27,Butte,7,227075,12058,11738,1831,13569,196
2021-04-27,Calaveras,9,45235,2092,2076,13,2089,50
2021-04-27,Colusa,11,21464,1918,1926,300,2226,14
2021-04-27,Contra Costa,13,1133247,67979,67470,1274,68744,791
2021-04-27,Del Norte,15,27424,1282,1266,6,1272,6
2021-04-27,El Dorado,17,186661,9903,9866,736,10602,106
2021-04-27,Fresno,19,978130,100836,101138,8835,109973,1663
2021-04-27,Glenn,21,27897,2370,2368,556,2924,17
2021-04-27,Humboldt,23,135768,3823,3780,31,3811,35
2021-04-27,Imperial,25,180216,28168,28149,2859,31008,720
2021-04-27,Inyo,27,18085,1398,1396,2,1398,36
2021-04-27,Kern,29,883053,95895,95466,11043,106509,1295
2021-04-27,Kings,31,150075,22792,22759,1163,23922,244
2021-04-27,Lake,33,64148,3448,3431,9,3440,43
2021-04-27,Lassen,35,31185,5156,5137,111,5248,1
2021-04-27,Los Angeles,37,10098052,1195973,1191504,43395,1234899,23825
2021-04-27,Madera,39,155013,16397,16365,941,17306,235
2021-04-27,Marin,41,260295,13881,13855,245,14100,227
2021-04-27,Mariposa,43,17540,417,413,11,424,5
2021-04-27,Mendocino,45,87422,3821,3765,72,3837,46
2021-04-27,Merced,47,269075,30596,30620,988,31608,443
2021-04-27,Modoc,49,8938,366,360,122,482,3
2021-04-27,Mono,51,14174,1235,1257,12,1269,3
2021-04-27,Monterey,53,433212,42773,42752,1902,44654,379
2021-04-27,Napa,55,140530,9768,9774,33,9807,81
2021-04-27,Nevada,57,99092,4643,4557,193,4750,70
2021-04-27,Orange,59,3164182,253186,252667,11496,264163,4925
2021-04-27,Placer,61,380077,22550,22050,1470,23520,285
2021-04-27,Plumas,63,18699,686,675,11,686,4
2021-04-27,Riverside,65,2383286,289435,286820,14602,301422,4405
2021-04-27,Sacramento,67,1510023,103093,102595,1716,104311,1589
2021-04-27,San Benito,69,59416,6008,6016,116,6132,63
2021-04-27,San Bernardino,71,2135413,290982,290461,8963,299424,4575
2021-04-27,San Diego,73,3302833,277047,275685,0,275685,3692
2021-04-27,San Francisco,75,870044,36162,36358,1361,37719,533
2021-04-27,San Joaquin,77,732212,71659,71104,3620,74724,1301
2021-04-27,San Luis Obispo,79,281455,20937,20841,754,21595,255
2021-04-27,San Mateo,81,765935,41810,41474,463,41937,358
2021-04-27,Santa Barbara,83,443738,34143,33973,1239,35212,448
2021-04-27,Santa Clara,85,1922200,116936,117945,766,118711,1969
2021-04-27,Santa Cruz,87,273765,16016,15905,877,16782,205
2021-04-27,Shasta,89,179085,11783,11802,1500,13302,192
2021-04-27,Sierra,91,2930,54,51,14,65,0
2021-04-27,Siskiyou,93,43540,1715,1597,322,1919,11
2021-04-27,Solano,95,438530,32046,31964,501,32465,248
2021-04-27,Sonoma,97,501317,29608,29761,317,30078,318
2021-04-27,Stanislaus,99,539301,54745,54695,6042,60737,752
2021-04-27,Sutter,101,95872,9312,9342,86,9428,110
2021-04-27,Tehama,103,63373,4931,4922,582,5504,53
2021-04-27,Trinity,105,12862,360,326,55,381,3
2021-04-27,Tulare,107,460477,49119,48744,9303,58047,832
2021-04-27,Tuolumne,109,53932,4023,4028,36,4064,58
2021-04-27,Ventura,111,848112,80376,80152,3058,83210,1000
2021-04-27,Yolo,113,214977,13761,13697,294,13991,205
2021-04-27,Yuba,115,75493,5870,5853,124,5977,44
2021-04-26,Alameda,1,1643700,86371,86230,1983,88213,1256
2021-04-26,Alpine,3,1148,88,88,0,88,0
2021-04-26,Amador,5,37829,3648,3645,35,3680,46
2021-04-26,Butte,7,227075,12034,11720,1827,13547,196
2021-04-26,Calaveras,9,45235,2083,2074,13,2087,50
2021-04-26,Colusa,11,21464,1918,1925,299,2224,14
2021-04-26,Contra Costa,13,1133247,67911,67392,1270,68662,789
2021-04-26,Del Norte,15,27424,1273,1263,6,1269,6
2021-04-26,El Dorado,17,186661,9882,9849,735,10584,106
2021-04-26,Fresno,19,978130,100781,101099,8822,109921,1662
2021-04-26,Glenn,21,27897,2368,2367,556,2923,17
2021-04-26,Humboldt,23,135768,3813,3764,30,3794,35
2021-04-26,Imperial,25,180216,28155,28148,2856,31004,720
2021-04-26,Inyo,27,18085,1397,1396,2,1398,36
2021-04-26,Kern,29,883053,95870,95429,11036,106465,1295
2021-04-26,Kings,31,150075,22789,22756,1160,23916,244
2021-04-26,Lake,33,64148,3443,3428,9,3437,43
2021-04-26,Lassen,35,31185,5156,5138,111,5249,1
2021-04-26,Los Angeles,37,10098052,1195651,1191253,43374,1234627,23802
2021-04-26,Madera,39,155013,16385,16353,940,17293,231
2021-04-26,Marin,41,260295,13866,13849,245,14094,227
2021-04-26,Mariposa,43,17540,416,410,11,421,5
2021-04-26,Mendocino,45,87422,3819,3757,72,3829,46
2021-04-26,Merced,47,269075,30579,30611,985,31596,443
2021-04-26,Modoc,49,8938,366,360,122,482,3
2021-04-26,Mono,51,14174,1235,1258,12,1270,3
2021-04-26,Monterey,53,433212,42757,42740,1901,44641,379
2021-04-26,Napa,55,140530,9756,9769,33,9802,79
2021-04-26,Nevada,57,99092,4622,4548,193,4741,70
2021-04-26,Orange,59,3164182,253101,252592,11485,264077,4919
2021-04-26,Placer,61,380077,22521,22032,1465,23497,285
2021-04-26,Plumas,63,18699,686,670,11,681,4
2021-04-26,Riverside,65,2383286,289374,286724,14593,301317,4401
2021-04-26,Sacramento,67,1510023,102921,102459,1702,104161,1587
2021-04-26,San Benito,69,59416,6006,6013,116,6129,63
2021-04-26,San Bernardino,71,2135413,290932,290394,8961,299355,4572
2021-04-26,San Diego,73,3302833,276873,275541,0,275541,3692
2021-04-26,San Francisco,75,870044,36135,36330,1359,37689,532
2021-04-26,San Joaquin,77,732212,71593,71050,3612,74662,1301
2021-04-26,San Luis Obispo,79,281455,20929,20830,753,21583,255
2021-04-26,San Mateo,81,765935,41780,41457,463,41920,357
2021-04-26,Santa Barbara,83,443738,34112,33948,1239,35187,448
2021-04-26,Santa Clara,85,1922200,116837,117874,762,118636,1968
2021-04-26,Santa Cruz,87,273765,16007,15877,877,16754,205
2021-04-26,Shasta,89,179085,11766,11787,1494,13281,192
2021-04-26,Sierra,91,2930,53,51,14,65,0
2021-04-26,Siskiyou,93,43540,1705,1592,318,1910,11
2021-04-26,Solano,95,438530,32001,31913,499,32412,247
2021-04-26,Sonoma,97,501317,29585,29755,315,30070,318
2021-04-26,Stanislaus,99,539301,54655,54638,6036,60674,744
2021-04-26,Sutter,101,95872,9307,9328,86,9414,110
2021-04-26,Tehama,103,63373,4926,4920,579,5499,53
2021-04-26,Trinity,105,12862,360,326,55,381,3
2021-04-26,Tulare,107,460477,49099,48735,9294,58029,831
2021-04-26,Tuolumne,109,53932,4022,4024,36,4060,58
2021-04-26,Ventura,111,848112,80351,80137,3055,83192,999
2021-04-26,Yolo,113,214977,13741,13684,291,13975,205
2021-04-26,Yuba,115,75493,5868,5851,124,5975,44
2021-04-25,Alameda,1,1643700,86264,86162,1976,88138,1256
2021-04-25,Alpine,3,1148,88,87,0,87,0
2021-04-25,Amador,5,37829,3647,3643,35,3678,46
2021-04-25,Butte,7,227075,12005,11709,1820,13529,196
2021-04-25,Calaveras,9,45235,2077,2072,12,2084,50
2021-04-25,Colusa,11,21464,1917,1924,299,2223,14
2021-04-25,Contra Costa,13,1133247,67819,67316,1269,68585,789
2021-04-25,Del Norte,15,27424,1267,1259,6,1265,6
2021-04-25,El Dorado,17,186661,9866,9837,733,10570,106
2021-04-25,Fresno,19,978130,100723,101061,8810,109871,1662
2021-04-25,Glenn,21,27897,2368,2366,556,2922,17
2021-04-25,Humboldt,23,135768,3800,3751,30,3781,35
2021-04-25,Imperial,25,180216,28130,28136,2852,30988,720
2021-04-25,Inyo,27,18085,1397,1396,2,1398,36
2021-04-25,Kern,29,883053,95809,95398,11022,106420,1295
2021-04-25,Kings,31,150075,22775,22755,1158,23913,244
2021-04-25,Lake,33,64148,3441,3427,9,3436,43
2021-04-25,Lassen,35,31185,5154,5138,111,5249,1
2021-04-25,Los Angeles,37,10098052,1195320,1190970,43352,1234322,23799
2021-04-25,Madera,39,155013,16373,16346,940,17286,231
2021-04-25,Marin,41,260295,13857,13852,245,14097,227
2021-04-25,Mariposa,43,17540,416,410,11,421,5
2021-04-25,Mendocino,45,87422,3812,3757,72,3829,46
2021-04-25,Merced,47,269075,30544,30586,985,31571,443
2021-04-25,Modoc,49,8938,366,360,122,482,3
2021-04-25,Mono,51,14174,1235,1257,12,1269,3
2021-04-25,Monterey,53,433212,42744,42737,1899,44636,379
2021-04-25,Napa,55,140530,9751,9762,33,9795,79
2021-04-25,Nevada,57,99092,4610,4536,193,4729,70
2021-04-25,Orange,59,3164182,253023,252531,11478,264009,4919
2021-04-25,Placer,61,380077,22474,22011,1457,23468,285
2021-04-25,Plumas,63,18699,685,670,11,681,4
2021-04-25,Riverside,65,2383286,289281,286651,14587,301238,4401
2021-04-25,Sacramento,67,1510023,102752,102319,1692,104011,1587
2021-04-25,San Benito,69,59416,6004,6014,115,6129,63
2021-04-25,San Bernardino,71,2135413,290853,290357,8953,299310,4571
2021-04-25,San Diego,73,3302833,276660,275412,0,275412,3692
2021-04-25,San Francisco,75,870044,36105,36310,1359,37669,532
2021-04-25,San Joaquin,77,732212,71498,70987,3601,74588,1301
2021-04-25,San Luis Obispo,79,281455,20910,20820,751,21571,255
2021-04-25,San Mateo,81,765935,41746,41465,462,41927,356
2021-04-25,Santa Barbara,83,443738,34086,33931,1239,35170,448
2021-04-25,Santa Clara,85,1922200,116758,117778,760,118538,1968
2021-04-25,Santa Cruz,87,273765,16001,15868,875,16743,205
2021-04-25,Shasta,89,179085,11743,11784,1489,13273,192
2021-04-25,Sierra,91,2930,53,51,14,65,0
2021-04-25,Siskiyou,93,43540,1694,1580,316,1896,11
2021-04-25,Solano,95,438530,31954,31864,491,32355,247
2021-04-25,Sonoma,97,501317,29567,29756,315,30071,318
2021-04-25,Stanislaus,99,539301,54560,54543,6027,60570,744
2021-04-25,Sutter,101,95872,9301,9326,86,9412,110
2021-04-25,Tehama,103,63373,4922,4916,577,5493,53
2021-04-25,Trinity,105,12862,360,326,55,381,3
2021-04-25,Tulare,107,460477,49084,48728,9280,58008,831
2021-04-25,Tuolumne,109,53932,4020,4022,36,4058,58
2021-04-25,Ventura,111,848112,80327,80110,3055,83165,999
2021-04-25,Yolo,113,214977,13719,13667,289,13956,205
2021-04-25,Yuba,115,75493,5865,5849,123,5972,44
2021-04-24,Alameda,1,1643700,86209,86016,1974,87990,1257
2021-04-24,Alpine,3,1148,88,86,0,86,0
2021-04-24,Amador,5,37829,3646,3640,35,3675,46
2021-04-24,Butte,7,227075,11989,11678,1818,13496,196
2021-04-24,Calaveras,9,45235,2074,2067,12,2079,50
2021-04-24,Colusa,11,21464,1916,1921,299,2220,14
2021-04-24,Contra Costa,13,1133247,67750,67222,1267,68489,789
2021-04-24,Del Norte,15,27424,1262,1255,6,1261,6
2021-04-24,El Dorado,17,186661,9855,9814,732,10546,106
2021-04-24,Fresno,19,978130,100692,100991,8804,109795,1662
2021-04-24,Glenn,21,27897,2368,2363,556,2919,17
2021-04-24,Humboldt,23,135768,3786,3722,30,3752,35
2021-04-24,Imperial,25,180216,28123,28124,2851,30975,720
2021-04-24,Inyo,27,18085,1396,1396,2,1398,36
2021-04-24,Kern,29,883053,95791,95365,11011,106376,1295
2021-04-24,Kings,31,150075,22772,22749,1158,23907,244
2021-04-24,Lake,33,64148,3440,3426,9,3435,43
2021-04-24,Lassen,35,31185,5153,5137,111,5248,1
2021-04-24,Los Angeles,37,10098052,1195098,1190603,43332,1233935,23802
2021-04-24,Madera,39,155013,16370,16338,940,17278,231
2021-04-24,Marin,41,260295,13849,13847,245,14092,227
2021-04-24,Mariposa,43,17540,416,409,11,420,5
2021-04-24,Mendocino,45,87422,3810,3754,71,3825,46
2021-04-24,Merced,47,269075,30524,30559,985,31544,443
2021-04-24,Modoc,49,8938,366,360,122,482,3
2021-04-24,Mono,51,14174,1235,1256,12,1268,3
2021-04-24,Monterey,53,433212,42732,42727,1898,44625,379
2021-04-24,Napa,55,140530,9745,9756,33,9789,79
2021-04-24,Nevada,57,99092,4603,4522,193,4715,70
2021-04-24,Orange,59,3164182,252979,252441,11473,263914,4910
2021-04-24,Placer,61,380077,22462,21983,1456,23439,285
2021-04-24,Plumas,63,18699,684,670,11,681,4
2021-04-24,Riverside,65,2383286,289213,286552,14583,301135,4400
2021-04-24,Sacramento,67,1510023,102668,102179,1685,103864,1587
2021-04-24,San Benito,69,59416,6002,6007,115,6122,63
2021-04-24,San Bernardino,71,2135413,290804,290264,8951,299215,4568
2021-04-24,San Diego,73,3302833,276556,275252,0,275252,3688
2021-04-24,San Francisco,75,870044,36076,36285,1355,37640,532
2021-04-24,San Joaquin,77,732212,71455,70911,3597,74508,1301
2021-04-24,San Luis Obispo,79,281455,20900,20797,750,21547,255
2021-04-24,San Mateo,81,765935,41733,41424,460,41884,355
2021-04-24,Santa Barbara,83,443738,34071,33911,1238,35149,448
2021-04-24,Santa Clara,85,1922200,116703,117674,758,118432,1968
2021-04-24,Santa Cruz,87,273765,15993,15840,875,16715,205
2021-04-24,Shasta,89,179085,11725,11770,1486,13256,192
2021-04-24,Sierra,91,2930,53,51,14,65,0
2021-04-24,Siskiyou,93,43540,1684,1574,315,1889,11
2021-04-24,Solano,95,438530,31931,31821,489,32310,247
2021-04-24,Sonoma,97,501317,29565,29739,315,30054,318
2021-04-24,Stanislaus,99,539301,54511,54455,6024,60479,744
2021-04-24,Sutter,101,95872,9298,9316,86,9402,110
2021-04-24,Tehama,103,63373,4917,4907,577,5484,53
2021-04-24,Trinity,105,12862,360,326,55,381,3
2021-04-24,Tulare,107,460477,49073,48705,9270,57975,830
2021-04-24,Tuolumne,109,53932,4016,4020,36,4056,58
2021-04-24,Ventura,111,848112,80314,80097,3053,83150,999
2021-04-24,Yolo,113,214977,13708,13653,289,13942,205
2021-04-24,Yuba,115,75493,5863,5837,123,5960,44
2021-04-23,Alameda,1,1643700,86138,85935,1972,87907,1256
2021-04-23,Alpine,3,1148,87,86,0,86,0
2021-04-23,Amador,5,37829,3645,3637,35,3672,46
2021-04-23,Butte,7,227075,11968,11672,1813,13485,196
2021-04-23,Calaveras,9,45235,2072,2064,12,2076,50
2021-04-23,Colusa,11,21464,1915,1921,299,2220,14
2021-04-23,Contra Costa,13,1133247,67696,67164,1263,68427,785
2021-04-23,Del Norte,15,27424,1261,1254,6,1260,6
2021-04-23,El Dorado,17,186661,9838,9788,729,10517,106
2021-04-23,Fresno,19,978130,100652,100928,8797,109725,1662
2021-04-23,Glenn,21,27897,2368,2361,555,2916,17
2021-04-23,Humboldt,23,135768,3775,3698,30,3728,35
2021-04-23,Imperial,25,180216,28108,28108,2850,30958,720
2021-04-23,Inyo,27,18085,1396,1395,2,1397,36
2021-04-23,Kern,29,883053,95766,95330,11006,106336,1295
2021-04-23,Kings,31,150075,22769,22735,1158,23893,244
2021-04-23,Lake,33,64148,3438,3425,9,3434,43
2021-04-23,Lassen,35,31185,5153,5141,111,5252,1
2021-04-23,Los Angeles,37,10098052,1194835,1190264,43306,1233570,23785
2021-04-23,Madera,39,155013,16361,16328,940,17268,231
2021-04-23,Marin,41,260295,13844,13838,245,14083,227
2021-04-23,Mariposa,43,17540,415,405,11,416,5
2021-04-23,Mendocino,45,87422,3808,3745,70,3815,46
2021-04-23,Merced,47,269075,30506,30530,985,31515,443
2021-04-23,Modoc,49,8938,366,360,122,482,3
2021-04-23,Mono,51,14174,1233,1256,12,1268,3
2021-04-23,Monterey,53,433212,42726,42722,1898,44620,377
2021-04-23,Napa,55,140530,9739,9752,33,9785,79
2021-04-23,Nevada,57,99092,4594,4510,193,4703,70
2021-04-23,Orange,59,3164182,252936,252399,11467,263866,4904
2021-04-23,Placer,61,380077,22439,21959,1455,23414,282
2021-04-23,Plumas,63,18699,683,670,11,681,4
2021-04-23,Riverside,65,2383286,289156,286456,14578,301034,4399
2021-04-23,Sacramento,67,1510023,102581,102041,1682,103723,1586
2021-04-23,San Benito,69,59416,6000,6005,115,6120,63
2021-04-23,San Bernardino,71,2135413,290754,290189,8949,299138,4568
2021-04-23,San Diego,73,3302833,276417,275097,0,275097,3684
2021-04-23,San Francisco,75,870044,36059,36252,1354,37606,532
2021-04-23,San Joaquin,77,732212,71399,70840,3594,74434,1295
2021-04-23,San Luis Obispo,79,281455,20891,20781,749,21530,255
2021-04-23,San Mateo,81,765935,41707,41386,460,41846,355
2021-04-23,Santa Barbara,83,443738,34061,33895,1236,35131,447
2021-04-23,Santa Clara,85,1922200,116642,117593,757,118350,1965
2021-04-23,Santa Cruz,87,273765,15986,15802,875,16677,205
2021-04-23,Shasta,89,179085,11718,11759,1485,13244,192
2021-04-23,Sierra,91,2930,53,51,14,65,0
2021-04-23,Siskiyou,93,43540,1672,1567,313,1880,11
2021-04-23,Solano,95,438530,31899,31784,485,32269,247
2021-04-23,Sonoma,97,501317,29552,29727,315,30042,318
2021-04-23,Stanislaus,99,539301,54448,54391,6016,60407,744
2021-04-23,Sutter,101,95872,9296,9312,86,9398,110
2021-04-23,Tehama,103,63373,4914,4906,577,5483,53
2021-04-23,Trinity,105,12862,360,326,55,381,3
2021-04-23,Tulare,107,460477,49056,48694,9262,57956,829
2021-04-23,Tuolumne,109,53932,4015,4020,36,4056,58
2021-04-23,Ventura,111,848112,80295,80095,3053,83148,996
2021-04-23,Yolo,113,214977,13697,13647,288,13935,205
2021-04-23,Yuba,115,75493,5860,5828,123,5951,44
2021-04-22,Alameda,1,1643700,86046,85829,1971,87800,1253
2021-04-22,Alpine,3,1148,87,86,0,86,0
2021-04-22,Amador,5,37829,3644,3633,35,3668,46
2021-04-22,Butte,7,227075,11954,11656,1810,13466,196
2021-04-22,Calaveras,9,45235,2070,2059,12,2071,50
2021-04-22,Colusa,11,21464,1913,1920,297,2217,14
2021-04-22,Contra Costa,13,1133247,67625,67029,1257,68286,782
2021-04-22,Del Norte,15,27424,1256,1252,6,1258,6
2021-04-22,El Dorado,17,186661,9827,9773,726,10499,106
2021-04-22,Fresno,19,978130,100608,100864,8787,109651,1657
2021-04-22,Glenn,21,27897,2367,2361,555,2916,17
2021-04-22,Humboldt,23,135768,3766,3680,30,3710,35
2021-04-22,Imperial,25,180216,28086,28096,2847,30943,720
2021-04-22,Inyo,27,18085,1395,1394,2,1396,36
2021-04-22,Kern,29,883053,95725,95292,10991,106283,1299
2021-04-22,Kings,31,150075,22759,22725,1158,23883,243
2021-04-22,Lake,33,64148,3436,3423,9,3432,43
2021-04-22,Lassen,35,31185,5153,5155,111,5266,1
2021-04-22,Los Angeles,37,10098052,1194518,1189878,43283,1233161,23762
2021-04-22,Madera,39,155013,16342,16316,940,17256,231
2021-04-22,Marin,41,260295,13836,13832,245,14077,227
2021-04-22,Mariposa,43,17540,414,403,11,414,5
2021-04-22,Mendocino,45,87422,3802,3729,70,3799,46
2021-04-22,Merced,47,269075,30472,30490,984,31474,443
2021-04-22,Modoc,49,8938,366,360,122,482,3
2021-04-22,Mono,51,14174,1233,1254,12,1266,3
2021-04-22,Monterey,53,433212,42719,42708,1896,44604,377
2021-04-22,Napa,55,140530,9729,9734,33,9767,79
2021-04-22,Nevada,57,99092,4585,4504,191,4695,70
2021-04-22,Orange,59,3164182,252865,252307,11455,263762,4898
2021-04-22,Placer,61,380077,22409,21916,1451,23367,282
2021-04-22,Plumas,63,18699,682,670,11,681,4
2021-04-22,Riverside,65,2383286,289061,286362,14569,300931,4398
2021-04-22,Sacramento,67,1510023,102432,101870,1672,103542,1585
2021-04-22,San Benito,69,59416,5996,5998,115,6113,63
2021-04-22,San Bernardino,71,2135413,290681,290125,8941,299066,4571
2021-04-22,San Diego,73,3302833,276251,275913,0,275913,3684
2021-04-22,San Francisco,75,870044,36037,36218,1351,37569,532
2021-04-22,San Joaquin,77,732212,71340,70751,3588,74339,1295
2021-04-22,San Luis Obispo,79,281455,20877,20761,749,21510,255
2021-04-22,San Mateo,81,765935,41678,41345,458,41803,355
2021-04-22,Santa Barbara,83,443738,34038,33870,1235,35105,446
2021-04-22,Santa Clara,85,1922200,116553,117457,753,118210,1954
2021-04-22,Santa Cruz,87,273765,15983,15737,874,16611,205
2021-04-22,Shasta,89,179085,11703,11738,1482,13220,192
2021-04-22,Sierra,91,2930,53,51,14,65,0
2021-04-22,Siskiyou,93,43540,1668,1564,312,1876,11
2021-04-22,Solano,95,438530,31853,31731,482,32213,247
2021-04-22,Sonoma,97,501317,29538,29705,311,30016,318
2021-04-22,Stanislaus,99,539301,54375,54313,6010,60323,744
2021-04-22,Sutter,101,95872,9292,9302,86,9388,110
2021-04-22,Tehama,103,63373,4908,4896,573,5469,53
2021-04-22,Trinity,105,12862,360,326,55,381,3
2021-04-22,Tulare,107,460477,49037,48669,9252,57921,828
2021-04-22,Tuolumne,109,53932,4011,4020,36,4056,58
2021-04-22,Ventura,111,848112,80270,80073,3051,83124,996
2021-04-22,Yolo,113,214977,13676,13616,288,13904,205
2021-04-22,Yuba,115,75493,5849,5825,123,5948,44
2021-04-21,Alameda,1,1643700,85964,85762,1969,87731,1249
2021-04-21,Alpine,3,1148,87,86,0,86,0
2021-04-21,Amador,5,37829,3641,3632,35,3667,46
2021-04-21,Butte,7,227075,11934,11643,1808,13451,196
2021-04-21,Calaveras,9,45235,2059,2057,12,2069,50
2021-04-21,Colusa,11,21464,1911,1920,296,2216,14
2021-04-21,Contra Costa,13,1133247,67559,66981,1256,68237,782
2021-04-21,Del Norte,15,27424,1252,1252,6,1258,6
2021-04-21,El Dorado,17,186661,9810,9760,724,10484,106
2021-04-21,Fresno,19,978130,100553,100838,8781,109619,1654
2021-04-21,Glenn,21,27897,2366,2361,555,2916,17
2021-04-21,Humboldt,23,135768,3746,3642,30,3672,35
2021-04-21,Imperial,25,180216,28073,28052,2846,30898,719
2021-04-21,Inyo,27,18085,1395,1392,2,1394,36
2021-04-21,Kern,29,883053,95681,95257,10981,106238,1297
2021-04-21,Kings,31,150075,22752,22713,1157,23870,243
2021-04-21,Lake,33,64148,3433,3421,9,3430,43
2021-04-21,Lassen,35,31185,5152,5156,111,5267,1
2021-04-21,Los Angeles,37,10098052,1194182,1189530,43259,1232789,23729
2021-04-21,Madera,39,155013,16337,16309,940,17249,231
2021-04-21,Marin,41,260295,13821,13822,245,14067,227
2021-04-21,Mariposa,43,17540,413,402,11,413,5
2021-04-21,Mendocino,45,87422,3800,3729,70,3799,46
2021-04-21,Merced,47,269075,30451,30471,983,31454,442
2021-04-21,Modoc,49,8938,366,360,122,482,3
2021-04-21,Mono,51,14174,1233,1254,12,1266,3
2021-04-21,Monterey,53,433212,42704,42699,1894,44593,377
2021-04-21,Napa,55,140530,9723,9727,33,9760,79
2021-04-21,Nevada,57,99092,4571,4499,191,4690,70
2021-04-21,Orange,59,3164182,252790,252243,11442,263685,4889
2021-04-21,Placer,61,380077,22380,21896,1446,23342,282
2021-04-21,Plumas,63,18699,682,670,11,681,4
2021-04-21,Riverside,65,2383286,288966,286299,14562,300861,4388
2021-04-21,Sacramento,67,1510023,102306,101803,1666,103469,1579
2021-04-21,San Benito,69,59416,5993,5998,115,6113,63
2021-04-21,San Bernardino,71,2135413,290605,290049,8939,298988,4572
2021-04-21,San Diego,73,3302833,276043,275632,0,275632,3681
2021-04-21,San Francisco,75,870044,36017,36194,1350,37544,529
2021-04-21,San Joaquin,77,732212,71286,70687,3577,74264,1295
2021-04-21,San Luis Obispo,79,281455,20862,20724,748,21472,255
2021-04-21,San Mateo,81,765935,41647,41318,457,41775,355
2021-04-21,Santa Barbara,83,443738,34019,33830,1234,35064,445
2021-04-21,Santa Clara,85,1922200,116477,117318,747,118065,1946
2021-04-21,Santa Cruz,87,273765,15974,15698,874,16572,204
2021-04-21,Shasta,89,179085,11684,11722,1480,13202,192
2021-04-21,Sierra,91,2930,53,51,14,65,0
2021-04-21,Siskiyou,93,43540,1661,1557,312,1869,11
2021-04-21,Solano,95,438530,31814,31712,481,32193,244
2021-04-21,Sonoma,97,501317,29526,29697,309,30006,318
2021-04-21,Stanislaus,99,539301,54314,54290,6004,60294,742
2021-04-21,Sutter,101,95872,9284,9297,86,9383,110
2021-04-21,Tehama,103,63373,4901,4893,572,5465,53
2021-04-21,Trinity,105,12862,360,326,55,381,3
2021-04-21,Tulare,107,460477,49022,48653,9239,57892,828
2021-04-21,Tuolumne,109,53932,4008,4019,36,4055,58
2021-04-21,Ventura,111,848112,80238,80039,3048,83087,996
2021-04-21,Yolo,113,214977,13656,13606,287,13893,200
2021-04-21,Yuba,115,75493,5842,5822,122,5944,44
2021-04-20,Alameda,1,1643700,85869,85652,1967,87619,1248
2021-04-20,Alpine,3,1148,86,85,0,85,0
2021-04-20,Amador,5,37829,3640,3631,35,3666,46
2021-04-20,Butte,7,227075,11916,11619,1806,13425,196
2021-04-20,Calaveras,9,45235,2057,2053,12,2065,50
2021-04-20,Colusa,11,21464,1911,1915,295,2210,14
2021-04-20,Contra Costa,13,1133247,67476,66889,1253,68142,782
2021-04-20,Del Norte,15,27424,1251,1250,6,1256,6
2021-04-20,El Dorado,17,186661,9782,9743,722,10465,106
2021-04-20,Fresno,19,978130,100496,100768,8771,109539,1650
2021-04-20,Glenn,21,27897,2364,2359,554,2913,17
2021-04-20,Humboldt,23,135768,3725,3612,30,3642,35
2021-04-20,Imperial,25,180216,28054,28024,2843,30867,719
2021-04-20,Inyo,27,18085,1395,1393,2,1395,36
2021-04-20,Kern,29,883053,95647,95223,10964,106187,1295
2021-04-20,Kings,31,150075,22746,22693,1154,23847,243
2021-04-20,Lake,33,64148,3431,3418,9,3427,43
2021-04-20,Lassen,35,31185,5152,5155,111,5266,1
2021-04-20,Los Angeles,37,10098052,1193841,1189256,43229,1232485,23694
2021-04-20,Madera,39,155013,16331,16301,940,17241,231
2021-04-20,Marin,41,260295,13807,13807,245,14052,227
2021-04-20,Mariposa,43,17540,412,402,11,413,5
2021-04-20,Mendocino,45,87422,3799,3726,70,3796,46
2021-04-20,Merced,47,269075,30423,30439,983,31422,441
2021-04-20,Modoc,49,8938,366,359,122,481,3
2021-04-20,Mono,51,14174,1232,1254,12,1266,3
2021-04-20,Monterey,53,433212,42693,42663,1891,44554,363
2021-04-20,Napa,55,140530,9719,9711,33,9744,79
2021-04-20,Nevada,57,99092,4554,4485,190,4675,70
2021-04-20,Orange,59,3164182,252700,252134,11431,263565,4887
2021-04-20,Placer,61,380077,22346,21846,1442,23288,282
2021-04-20,Plumas,63,18699,681,670,11,681,4
2021-04-20,Riverside,65,2383286,288873,286194,14556,300750,4388
2021-04-20,Sacramento,67,1510023,102168,101629,1658,103287,1574
2021-04-20,San Benito,69,59416,5990,5988,115,6103,63
2021-04-20,San Bernardino,71,2135413,290525,289905,8936,298841,4569
2021-04-20,San Diego,73,3302833,275813,275369,0,275369,3674
2021-04-20,San Francisco,75,870044,35998,36117,1349,37466,529
2021-04-20,San Joaquin,77,732212,71213,70590,3568,74158,1289
2021-04-20,San Luis Obispo,79,281455,20839,20691,740,21431,254
2021-04-20,San Mateo,81,765935,41616,41251,457,41708,355
2021-04-20,Santa Barbara,83,443738,34001,33803,1234,35037,445
2021-04-20,Santa Clara,85,1922200,116380,117228,742,117970,1944
2021-04-20,Santa Cruz,87,273765,15962,15647,874,16521,204
2021-04-20,Shasta,89,179085,11668,11677,1477,13154,189
2021-04-20,Sierra,91,2930,53,51,14,65,0
2021-04-20,Siskiyou,93,43540,1653,1551,311,1862,10
2021-04-20,Solano,95,438530,31759,31673,477,32150,243
2021-04-20,Sonoma,97,501317,29516,29676,307,29983,311
2021-04-20,Stanislaus,99,539301,54249,54236,5991,60227,735
2021-04-20,Sutter,101,95872,9280,9279,86,9365,109
2021-04-20,Tehama,103,63373,4896,4887,571,5458,52
2021-04-20,Trinity,105,12862,360,326,55,381,3
2021-04-20,Tulare,107,460477,49002,48650,9228,57878,831
2021-04-20,Tuolumne,109,53932,4008,4014,36,4050,58
2021-04-20,Ventura,111,848112,80210,80018,3046,83064,995
2021-04-20,Yolo,113,214977,13638,13581,285,13866,200
2021-04-20,Yuba,115,75493,5832,5814,122,5936,44
2021-04-19,Alameda,1,1643700,85747,85583,1964,87547,1247
2021-04-19,Alpine,3,1148,86,85,0,85,0
2021-04-19,Amador,5,37829,3639,3629,35,3664,46
2021-04-19,Butte,7,227075,11897,11601,1801,13402,196
2021-04-19,Calaveras,9,45235,2054,2050,12,2062,50
2021-04-19,Colusa,11,21464,1911,1913,294,2207,14
2021-04-19,Contra Costa,13,1133247,67399,66833,1250,68083,782
2021-04-19,Del Norte,15,27424,1249,1247,6,1253,6
2021-04-19,El Dorado,17,186661,9765,9726,717,10443,106
2021-04-19,Fresno,19,978130,100428,100702,8759,109461,1646
2021-04-19,Glenn,21,27897,2364,2358,553,2911,17
2021-04-19,Humboldt,23,135768,3704,3602,28,3630,35
2021-04-19,Imperial,25,180216,28034,27995,2843,30838,719
2021-04-19,Inyo,27,18085,1395,1392,2,1394,36
2021-04-19,Kern,29,883053,95619,95162,10949,106111,1290
2021-04-19,Kings,31,150075,22730,22688,1154,23842,243
2021-04-19,Lake,33,64148,3430,3416,9,3425,43
2021-04-19,Lassen,35,31185,5151,5156,111,5267,1
2021-04-19,Los Angeles,37,10098052,1193466,1188945,43202,1232147,23666
2021-04-19,Madera,39,155013,16320,16289,939,17228,231
2021-04-19,Marin,41,260295,13796,13804,244,14048,226
2021-04-19,Mariposa,43,17540,411,401,11,412,5
2021-04-19,Mendocino,45,87422,3797,3722,70,3792,46
2021-04-19,Merced,47,269075,30394,30422,982,31404,441
2021-04-19,Modoc,49,8938,366,359,122,481,3
2021-04-19,Mono,51,14174,1231,1254,12,1266,3
2021-04-19,Monterey,53,433212,42680,42642,1886,44528,356
2021-04-19,Napa,55,140530,9711,9680,33,9713,79
2021-04-19,Nevada,57,99092,4538,4477,190,4667,70
2021-04-19,Orange,59,3164182,252583,252013,11417,263430,4883
2021-04-19,Placer,61,380077,22323,21814,1438,23252,282
2021-04-19,Plumas,63,18699,681,665,11,676,4
2021-04-19,Riverside,65,2383286,288782,286087,14546,300633,4371
2021-04-19,Sacramento,67,1510023,102035,101482,1646,103128,1572
2021-04-19,San Benito,69,59416,5982,5989,115,6104,63
2021-04-19,San Bernardino,71,2135413,290441,289738,8930,298668,4561
2021-04-19,San Diego,73,3302833,275565,275113,0,275113,3674
2021-04-19,San Francisco,75,870044,35963,36094,1346,37440,529
2021-04-19,San Joaquin,77,732212,71134,70514,3560,74074,1289
2021-04-19,San Luis Obispo,79,281455,20813,20669,734,21403,254
2021-04-19,San Mateo,81,765935,41584,41226,456,41682,355
2021-04-19,Santa Barbara,83,443738,33987,33786,1234,35020,446
2021-04-19,Santa Clara,85,1922200,116270,117099,738,117837,1944
2021-04-19,Santa Cruz,87,273765,15950,15600,874,16474,204
2021-04-19,Shasta,89,179085,11653,11662,1469,13131,189
2021-04-19,Sierra,91,2930,53,51,14,65,0
2021-04-19,Siskiyou,93,43540,1643,1544,311,1855,10
2021-04-19,Solano,95,438530,31721,31643,472,32115,239
2021-04-19,Sonoma,97,501317,29497,29667,307,29974,311
2021-04-19,Stanislaus,99,539301,54173,54179,5987,60166,728
2021-04-19,Sutter,101,95872,9269,9269,86,9355,109
2021-04-19,Tehama,103,63373,4891,4878,571,5449,52
2021-04-19,Trinity,105,12862,360,326,55,381,3
2021-04-19,Tulare,107,460477,48986,48630,9215,57845,831
2021-04-19,Tuolumne,109,53932,4007,4010,36,4046,58
2021-04-19,Ventura,111,848112,80184,80000,3044,83044,996
2021-04-19,Yolo,113,214977,13626,13572,282,13854,200
2021-04-19,Yuba,115,75493,5825,5804,121,5925,44
2021-04-18,Alameda,1,1643700,85633,85481,1957,87438,1247
2021-04-18,Alpine,3,1148,86,85,0,85,0
2021-04-18,Amador,5,37829,3636,3627,35,3662,46
2021-04-18,Butte,7,227075,11879,11591,1796,13387,196
2021-04-18,Calaveras,9,45235,2050,2047,12,2059,50
2021-04-18,Colusa,11,21464,1907,1912,293,2205,14
2021-04-18,Contra Costa,13,1133247,67295,66750,1245,67995,782
2021-04-18,Del Norte,15,27424,1249,1240,6,1246,6
2021-04-18,El Dorado,17,186661,9742,9710,715,10425,106
2021-04-18,Fresno,19,978130,100371,100621,8753,109374,1646
2021-04-18,Glenn,21,27897,2359,2358,553,2911,17
2021-04-18,Humboldt,23,135768,3676,3590,28,3618,35
2021-04-18,Imperial,25,180216,28019,27991,2838,30829,719
2021-04-18,Inyo,27,18085,1394,1392,2,1394,36
2021-04-18,Kern,29,883053,95587,95129,10932,106061,1290
2021-04-18,Kings,31,150075,22721,22685,1154,23839,243
2021-04-18,Lake,33,64148,3429,3413,9,3422,43
2021-04-18,Lassen,35,31185,5148,5156,111,5267,1
2021-04-18,Los Angeles,37,10098052,1193015,1188620,43176,1231796,23648
2021-04-18,Madera,39,155013,16309,16277,938,17215,231
2021-04-18,Marin,41,260295,13789,13801,243,14044,226
2021-04-18,Mariposa,43,17540,410,400,10,410,5
2021-04-18,Mendocino,45,87422,3794,3722,70,3792,46
2021-04-18,Merced,47,269075,30358,30405,980,31385,441
2021-04-18,Modoc,49,8938,366,359,122,481,3
2021-04-18,Mono,51,14174,1231,1254,12,1266,3
2021-04-18,Monterey,53,433212,42668,42638,1885,44523,356
2021-04-18,Napa,55,140530,9695,9674,33,9707,79
2021-04-18,Nevada,57,99092,4523,4464,190,4654,70
2021-04-18,Orange,59,3164182,252469,251940,11409,263349,4883
2021-04-18,Placer,61,380077,22280,21783,1431,23214,282
2021-04-18,Plumas,63,18699,680,665,11,676,4
2021-04-18,Riverside,65,2383286,288693,286043,14541,300584,4371
2021-04-18,Sacramento,67,1510023,101859,101354,1640,102994,1572
2021-04-18,San Benito,69,59416,5980,5989,115,6104,63
2021-04-18,San Bernardino,71,2135413,290350,289691,8921,298612,4556
2021-04-18,San Diego,73,3302833,275286,274961,0,274961,3674
2021-04-18,San Francisco,75,870044,35928,36073,1342,37415,525
2021-04-18,San Joaquin,77,732212,71053,70466,3551,74017,1289
2021-04-18,San Luis Obispo,79,281455,20792,20656,727,21383,254
2021-04-18,San Mateo,81,765935,41555,41201,455,41656,352
2021-04-18,Santa Barbara,83,443738,33953,33769,1233,35002,446
2021-04-18,Santa Clara,85,1922200,116145,116996,723,117719,1944
2021-04-18,Santa Cruz,87,273765,15940,15580,873,16453,204
2021-04-18,Shasta,89,179085,11632,11658,1466,13124,189
2021-04-18,Sierra,91,2930,53,51,14,65,0
2021-04-18,Siskiyou,93,43540,1632,1538,309,1847,10
2021-04-18,Solano,95,438530,31671,31606,471,32077,239
2021-04-18,Sonoma,97,501317,29481,29660,305,29965,311
2021-04-18,Stanislaus,99,539301,54092,54132,5978,60110,728
2021-04-18,Sutter,101,95872,9255,9261,86,9347,109
2021-04-18,Tehama,103,63373,4882,4877,570,5447,52
2021-04-18,Trinity,105,12862,360,326,55,381,3
2021-04-18,Tulare,107,460477,48974,48618,9209,57827,829
2021-04-18,Tuolumne,109,53932,4006,4008,35,4043,58
2021-04-18,Ventura,111,848112,80154,79984,3040,83024,996
2021-04-18,Yolo,113,214977,13614,13562,280,13842,200
2021-04-18,Yuba,115,75493,5818,5804,121,5925,44
2021-04-17,Alameda,1,1643700,85560,85367,1953,87320,1247
2021-04-17,Alpine,3,1148,86,85,0,85,0
2021-04-17,Amador,5,37829,3634,3625,35,3660,46
2021-04-17,Butte,7,227075,11859,11573,1792,13365,196
2021-04-17,Calaveras,9,45235,2047,2045,12,2057,50
2021-04-17,Colusa,11,21464,1907,1912,293,2205,14
2021-04-17,Contra Costa,13,1133247,67247,66657,1237,67894,782
2021-04-17,Del Norte,15,27424,1249,1238,6,1244,6
2021-04-17,El Dorado,17,186661,9727,9692,712,10404,106
2021-04-17,Fresno,19,978130,100339,100562,8746,109308,1646
2021-04-17,Glenn,21,27897,2359,2357,553,2910,17
2021-04-17,Humboldt,23,135768,3653,3579,28,3607,35
2021-04-17,Imperial,25,180216,28008,27987,2837,30824,719
2021-04-17,Inyo,27,18085,1391,1392,2,1394,36
2021-04-17,Kern,29,883053,95569,95102,10929,106031,1290
2021-04-17,Kings,31,150075,22716,22678,1153,23831,243
2021-04-17,Lake,33,64148,3428,3409,9,3418,43
2021-04-17,Lassen,35,31185,5148,5154,111,5265,1
2021-04-17,Los Angeles,37,10098052,1192761,1188262,43144,1231406,23653
2021-04-17,Madera,39,155013,16305,16260,937,17197,231
2021-04-17,Marin,41,260295,13785,13797,242,14039,226
2021-04-17,Mariposa,43,17540,409,398,10,408,5
2021-04-17,Mendocino,45,87422,3791,3721,70,3791,46
2021-04-17,Merced,47,269075,30343,30392,978,31370,441
2021-04-17,Modoc,49,8938,366,357,122,479,3
2021-04-17,Mono,51,14174,1231,1253,12,1265,3
2021-04-17,Monterey,53,433212,42659,42630,1883,44513,356
2021-04-17,Napa,55,140530,9691,9666,33,9699,79
2021-04-17,Nevada,57,99092,4515,4457,190,4647,70
2021-04-17,Orange,59,3164182,252400,251873,11397,263270,4878
2021-04-17,Placer,61,380077,22258,21736,1426,23162,282
2021-04-17,Plumas,63,18699,679,666,11,677,4
2021-04-17,Riverside,65,2383286,288624,285963,14533,300496,4371
2021-04-17,Sacramento,67,1510023,101749,101172,1628,102800,1572
2021-04-17,San Benito,69,59416,5974,5986,115,6101,63
2021-04-17,San Bernardino,71,2135413,290297,289624,8918,298542,4555
2021-04-17,San Diego,73,3302833,275139,274812,0,274812,3674
2021-04-17,San Francisco,75,870044,35907,36032,1339,37371,523
2021-04-17,San Joaquin,77,732212,71013,70372,3540,73912,1288
2021-04-17,San Luis Obispo,79,281455,20782,20642,722,21364,254
2021-04-17,San Mateo,81,765935,41532,41157,455,41612,352
2021-04-17,Santa Barbara,83,443738,33922,33738,1231,34969,446
2021-04-17,Santa Clara,85,1922200,116054,116887,720,117607,1944
2021-04-17,Santa Cruz,87,273765,15934,15571,873,16444,204
2021-04-17,Shasta,89,179085,11617,11647,1465,13112,189
2021-04-17,Sierra,91,2930,53,51,14,65,0
2021-04-17,Siskiyou,93,43540,1627,1539,308,1847,10
2021-04-17,Solano,95,438530,31640,31541,468,32009,239
2021-04-17,Sonoma,97,501317,29474,29637,305,29942,311
2021-04-17,Stanislaus,99,539301,54055,54058,5973,60031,728
2021-04-17,Sutter,101,95872,9249,9252,86,9338,109
2021-04-17,Tehama,103,63373,4876,4875,569,5444,52
2021-04-17,Trinity,105,12862,360,326,55,381,3
2021-04-17,Tulare,107,460477,48962,48603,9205,57808,829
2021-04-17,Tuolumne,109,53932,4004,4005,35,4040,58
2021-04-17,Ventura,111,848112,80134,79964,3040,83004,996
2021-04-17,Yolo,113,214977,13604,13580,280,13860,200
2021-04-17,Yuba,115,75493,5813,5802,120,5922,44
2021-04-16,Alameda,1,1643700,85481,85243,1951,87194,1245
2021-04-16,Alpine,3,1148,86,85,0,85,0
2021-04-16,Amador,5,37829,3629,3621,35,3656,46
2021-04-16,Butte,7,227075,11847,11549,1790,13339,196
2021-04-16,Calaveras,9,45235,2045,2042,12,2054,50
2021-04-16,Colusa,11,21464,1905,1911,293,2204,14
2021-04-16,Contra Costa,13,1133247,67193,66569,1234,67803,782
2021-04-16,Del Norte,15,27424,1248,1237,6,1243,6
2021-04-16,El Dorado,17,186661,9707,9665,708,10373,106
2021-04-16,Fresno,19,978130,100290,100500,8739,109239,1643
2021-04-16,Glenn,21,27897,2359,2355,553,2908,17
2021-04-16,Humboldt,23,135768,3632,3570,27,3597,35
2021-04-16,Imperial,25,180216,27998,27962,2836,30798,719
2021-04-16,Inyo,27,18085,1391,1392,2,1394,36
2021-04-16,Kern,29,883053,95540,95066,10926,105992,1288
2021-04-16,Kings,31,150075,22713,22667,1151,23818,243
2021-04-16,Lake,33,64148,3422,3406,9,3415,43
2021-04-16,Lassen,35,31185,5147,5155,111,5266,1
2021-04-16,Los Angeles,37,10098052,1192463,1187818,43105,1230923,23627
2021-04-16,Madera,39,155013,16300,16250,935,17185,231
2021-04-16,Marin,41,260295,13782,13788,242,14030,226
2021-04-16,Mariposa,43,17540,408,396,9,405,5
2021-04-16,Mendocino,45,87422,3789,3719,70,3789,46
2021-04-16,Merced,47,269075,30328,30355,978,31333,438
2021-04-16,Modoc,49,8938,366,355,122,477,3
2021-04-16,Mono,51,14174,1231,1253,12,1265,3
2021-04-16,Monterey,53,433212,42648,42620,1881,44501,351
2021-04-16,Napa,55,140530,9683,9653,33,9686,79
2021-04-16,Nevada,57,99092,4506,4443,190,4633,70
2021-04-16,Orange,59,3164182,252337,251770,11388,263158,4873
2021-04-16,Placer,61,380077,22230,21680,1420,23100,282
2021-04-16,Plumas,63,18699,678,665,11,676,4
2021-04-16,Riverside,65,2383286,288548,285818,14531,300349,4369
2021-04-16,Sacramento,67,1510023,101650,100993,1623,102616,1572
2021-04-16,San Benito,69,59416,5972,5982,115,6097,63
2021-04-16,San Bernardino,71,2135413,290249,289424,8916,298340,4550
2021-04-16,San Diego,73,3302833,274985,274567,0,274567,3662
2021-04-16,San Francisco,75,870044,35882,35993,1335,37328,517
2021-04-16,San Joaquin,77,732212,70947,70280,3531,73811,1288
2021-04-16,San Luis Obispo,79,281455,20770,20623,721,21344,253
2021-04-16,San Mateo,81,765935,41502,41107,454,41561,352
2021-04-16,Santa Barbara,83,443738,33904,33703,1231,34934,446
2021-04-16,Santa Clara,85,1922200,115954,116693,717,117410,1941
2021-04-16,Santa Cruz,87,273765,15932,15539,873,16412,204
2021-04-16,Shasta,89,179085,11605,11623,1463,13086,189
2021-04-16,Sierra,91,2930,53,51,14,65,0
2021-04-16,Siskiyou,93,43540,1623,1530,306,1836,10
2021-04-16,Solano,95,438530,31601,31470,465,31935,239
2021-04-16,Sonoma,97,501317,29463,29617,305,29922,311
2021-04-16,Stanislaus,99,539301,54007,53983,5971,59954,728
2021-04-16,Sutter,101,95872,9243,9247,86,9333,109
2021-04-16,Tehama,103,63373,4875,4866,569,5435,52
2021-04-16,Trinity,105,12862,360,326,55,381,3
2021-04-16,Tulare,107,460477,48951,48583,9202,57785,830
2021-04-16,Tuolumne,109,53932,4001,4005,35,4040,58
2021-04-16,Ventura,111,848112,80109,79942,3035,82977,994
2021-04-16,Yolo,113,214977,13591,13559,278,13837,198
2021-04-16,Yuba,115,75493,5810,5795,119,5914,44
2021-04-15,Alameda,1,1643700,85374,85089,1949,87038,1246
2021-04-15,Alpine,3,1148,86,85,0,85,0
2021-04-15,Amador,5,37829,3628,3616,35,3651,46
2021-04-15,Butte,7,227075,11832,11529,1786,13315,196
2021-04-15,Calaveras,9,45235,2044,2039,12,2051,50
2021-04-15,Colusa,11,21464,1903,1909,292,2201,14
2021-04-15,Contra Costa,13,1133247,67119,66480,1230,67710,781
2021-04-15,Del Norte,15,27424,1241,1235,6,1241,6
2021-04-15,El Dorado,17,186661,9693,9639,706,10345,106
2021-04-15,Fresno,19,978130,100231,100431,8732,109163,1642
2021-04-15,Glenn,21,27897,2359,2354,553,2907,17
2021-04-15,Humboldt,23,135768,3611,3561,27,3588,35
2021-04-15,Imperial,25,180216,27970,27920,2833,30753,718
2021-04-15,Inyo,27,18085,1391,1393,2,1395,36
2021-04-15,Kern,29,883053,95510,94989,10911,105900,1289
2021-04-15,Kings,31,150075,22699,22648,1151,23799,242
2021-04-15,Lake,33,64148,3421,3399,9,3408,43
2021-04-15,Lassen,35,31185,5146,5152,111,5263,1
2021-04-15,Los Angeles,37,10098052,1192070,1187274,43065,1230339,23598
2021-04-15,Madera,39,155013,16285,16234,935,17169,231
2021-04-15,Marin,41,260295,13778,13783,241,14024,226
2021-04-15,Mariposa,43,17540,406,395,9,404,5
2021-04-15,Mendocino,45,87422,3788,3714,70,3784,46
2021-04-15,Merced,47,269075,30302,30325,977,31302,437
2021-04-15,Modoc,49,8938,366,355,122,477,3
2021-04-15,Mono,51,14174,1230,1253,12,1265,3
2021-04-15,Monterey,53,433212,42638,42604,1879,44483,347
2021-04-15,Napa,55,140530,9675,9645,33,9678,79
2021-04-15,Nevada,57,99092,4494,4434,189,4623,70
2021-04-15,Orange,59,3164182,252242,251679,11375,263054,4857
2021-04-15,Placer,61,380077,22201,21614,1413,23027,281
2021-04-15,Plumas,63,18699,676,665,11,676,4
2021-04-15,Riverside,65,2383286,288448,285698,14524,300222,4363
2021-04-15,Sacramento,67,1510023,101522,100782,1609,102391,1570
2021-04-15,San Benito,69,59416,5969,5969,114,6083,63
2021-04-15,San Bernardino,71,2135413,290160,289288,8908,298196,4544
2021-04-15,San Diego,73,3302833,274739,274250,0,274250,3653
2021-04-15,San Francisco,75,870044,35864,35947,1332,37279,510
2021-04-15,San Joaquin,77,732212,70866,70189,3523,73712,1288
2021-04-15,San Luis Obispo,79,281455,20754,20591,718,21309,253
2021-04-15,San Mateo,81,765935,41463,41050,453,41503,352
2021-04-15,Santa Barbara,83,443738,33886,33672,1227,34899,446
2021-04-15,Santa Clara,85,1922200,115848,116602,713,117315,1927
2021-04-15,Santa Cruz,87,273765,15922,15509,873,16382,203
2021-04-15,Shasta,89,179085,11591,11597,1459,13056,191
2021-04-15,Sierra,91,2930,53,51,14,65,0
2021-04-15,Siskiyou,93,43540,1617,1524,306,1830,10
2021-04-15,Solano,95,438530,31563,31394,464,31858,239
2021-04-15,Sonoma,97,501317,29449,29587,305,29892,311
2021-04-15,Stanislaus,99,539301,53953,53918,5963,59881,728
2021-04-15,Sutter,101,95872,9236,9237,86,9323,109
2021-04-15,Tehama,103,63373,4873,4854,568,5422,52
2021-04-15,Trinity,105,12862,360,326,55,381,3
2021-04-15,Tulare,107,460477,48930,48556,9202,57758,829
2021-04-15,Tuolumne,109,53932,4001,4003,35,4038,57
2021-04-15,Ventura,111,848112,80090,79917,3033,82950,989
2021-04-15,Yolo,113,214977,13572,13547,276,13823,198
2021-04-15,Yuba,115,75493,5807,5788,119,5907,44
2021-04-14,Alameda,1,1643700,85275,85009,1948,86957,1247
2021-04-14,Alpine,3,1148,86,85,0,85,0
2021-04-14,Amador,5,37829,3627,3613,35,3648,46
2021-04-14,Butte,7,227075,11819,11513,1785,13298,196
2021-04-14,Calaveras,9,45235,2042,2037,12,2049,50
2021-04-14,Colusa,11,21464,1903,1905,292,2197,14
2021-04-14,Contra Costa,13,1133247,67033,66400,1224,67624,781
2021-04-14,Del Norte,15,27424,1241,1228,6,1234,6
2021-04-14,El Dorado,17,186661,9678,9625,701,10326,106
2021-04-14,Fresno,19,978130,100174,100376,8719,109095,1640
2021-04-14,Glenn,21,27897,2359,2353,553,2906,17
2021-04-14,Humboldt,23,135768,3589,3551,26,3577,35
2021-04-14,Imperial,25,180216,27949,27907,2830,30737,718
2021-04-14,Inyo,27,18085,1391,1392,2,1394,36
2021-04-14,Kern,29,883053,95486,94947,10904,105851,1287
2021-04-14,Kings,31,150075,22691,22641,1150,23791,243
2021-04-14,Lake,33,64148,3416,3396,9,3405,43
2021-04-14,Lassen,35,31185,5145,5151,111,5262,1
2021-04-14,Los Angeles,37,10098052,1191675,1186821,43015,1229836,23579
2021-04-14,Madera,39,155013,16276,16218,935,17153,231
2021-04-14,Marin,41,260295,13776,13768,240,14008,226
2021-04-14,Mariposa,43,17540,405,394,9,403,5
2021-04-14,Mendocino,45,87422,3783,3711,70,3781,46
2021-04-14,Merced,47,269075,30284,30296,977,31273,436
2021-04-14,Modoc,49,8938,366,355,122,477,3
2021-04-14,Mono,51,14174,1230,1252,12,1264,3
2021-04-14,Monterey,53,433212,42622,42595,1875,44470,347
2021-04-14,Napa,55,140530,9664,9643,33,9676,79
2021-04-14,Nevada,57,99092,4487,4421,189,4610,70
2021-04-14,Orange,59,3164182,252136,251568,11355,262923,4849
2021-04-14,Placer,61,380077,22168,21575,1412,22987,280
2021-04-14,Plumas,63,18699,676,665,11,676,4
2021-04-14,Riverside,65,2383286,288338,285583,14518,300101,4358
2021-04-14,Sacramento,67,1510023,101349,100645,1595,102240,1570
2021-04-14,San Benito,69,59416,5967,5960,114,6074,62
2021-04-14,San Bernardino,71,2135413,290089,289078,8905,297983,4523
2021-04-14,San Diego,73,3302833,274528,273969,0,273969,3648
2021-04-14,San Francisco,75,870044,35826,35898,1331,37229,510
2021-04-14,San Joaquin,77,732212,70796,70095,3517,73612,1288
2021-04-14,San Luis Obispo,79,281455,20730,20561,708,21269,253
2021-04-14,San Mateo,81,765935,41424,40982,450,41432,352
2021-04-14,Santa Barbara,83,443738,33857,33650,1227,34877,445
2021-04-14,Santa Clara,85,1922200,115731,116488,710,117198,1922
2021-04-14,Santa Cruz,87,273765,15912,15481,873,16354,203
2021-04-14,Shasta,89,179085,11565,11581,1457,13038,190
2021-04-14,Sierra,91,2930,53,51,14,65,0
2021-04-14,Siskiyou,93,43540,1609,1518,305,1823,10
2021-04-14,Solano,95,438530,31511,31357,456,31813,239
2021-04-14,Sonoma,97,501317,29441,29572,303,29875,311
2021-04-14,Stanislaus,99,539301,53882,53836,5954,59790,727
2021-04-14,Sutter,101,95872,9228,9230,86,9316,106
2021-04-14,Tehama,103,63373,4868,4853,566,5419,52
2021-04-14,Trinity,105,12862,360,326,55,381,3
2021-04-14,Tulare,107,460477,48904,48527,9199,57726,827
2021-04-14,Tuolumne,109,53932,4000,3997,35,4032,57
2021-04-14,Ventura,111,848112,80054,79891,3031,82922,986
2021-04-14,Yolo,113,214977,13556,13530,274,13804,198
2021-04-14,Yuba,115,75493,5805,5778,119,5897,44
2021-04-13,Alameda,1,1643700,85169,84921,1943,86864,1239
2021-04-13,Alpine,3,1148,86,85,0,85,0
2021-04-13,Amador,5,37829,3624,3609,35,3644,46
2021-04-13,Butte,7,227075,11801,11497,1782,13279,196
2021-04-13,Calaveras,9,45235,2039,2035,12,2047,50
2021-04-13,Colusa,11,21464,1901,1905,290,2195,14
2021-04-13,Contra Costa,13,1133247,66944,66304,1224,67528,778
2021-04-13,Del Norte,15,27424,1236,1221,6,1227,6
2021-04-13,El Dorado,17,186661,9652,9609,699,10308,106
2021-04-13,Fresno,19,978130,100094,100357,8714,109071,1636
2021-04-13,Glenn,21,27897,2358,2351,553,2904,17
2021-04-13,Humboldt,23,135768,3572,3540,26,3566,35
2021-04-13,Imperial,25,180216,27931,27887,2821,30708,718
2021-04-13,Inyo,27,18085,1391,1391,2,1393,36
2021-04-13,Kern,29,883053,95444,94908,10892,105800,1285
2021-04-13,Kings,31,150075,22675,22636,1149,23785,243
2021-04-13,Lake,33,64148,3413,3390,9,3399,43
2021-04-13,Lassen,35,31185,5144,5147,111,5258,1
2021-04-13,Los Angeles,37,10098052,1191225,1186482,42969,1229451,23526
2021-04-13,Madera,39,155013,16266,16207,933,17140,231
2021-04-13,Marin,41,260295,13768,13760,239,13999,224
2021-04-13,Mariposa,43,17540,404,394,6,400,5
2021-04-13,Mendocino,45,87422,3777,3702,70,3772,46
2021-04-13,Merced,47,269075,30253,30276,975,31251,435
2021-04-13,Modoc,49,8938,366,355,122,477,3
2021-04-13,Mono,51,14174,1230,1251,12,1263,3
2021-04-13,Monterey,53,433212,42611,42577,1875,44452,347
2021-04-13,Napa,55,140530,9654,9627,33,9660,79
2021-04-13,Nevada,57,99092,4475,4415,189,4604,69
2021-04-13,Orange,59,3164182,252040,251491,11337,262828,4836
2021-04-13,Placer,61,380077,22131,21534,1409,22943,280
2021-04-13,Plumas,63,18699,675,665,11,676,4
2021-04-13,Riverside,65,2383286,288221,285505,14511,300016,4348
2021-04-13,Sacramento,67,1510023,101174,100551,1589,102140,1569
2021-04-13,San Benito,69,59416,5964,5946,114,6060,62
2021-04-13,San Bernardino,71,2135413,289971,288929,8899,297828,4521
2021-04-13,San Diego,73,3302833,274274,273709,0,273709,3623
2021-04-13,San Francisco,75,870044,35790,35869,1327,37196,506
2021-04-13,San Joaquin,77,732212,70688,70034,3509,73543,1288
2021-04-13,San Luis Obispo,79,281455,20703,20536,698,21234,253
2021-04-13,San Mateo,81,765935,41379,40955,450,41405,353
2021-04-13,Santa Barbara,83,443738,33835,33613,1224,34837,444
2021-04-13,Santa Clara,85,1922200,115602,116363,708,117071,1923
2021-04-13,Santa Cruz,87,273765,15905,15449,873,16322,203
2021-04-13,Shasta,89,179085,11545,11536,1454,12990,189
2021-04-13,Sierra,91,2930,53,51,14,65,0
2021-04-13,Siskiyou,93,43540,1601,1511,301,1812,10
2021-04-13,Solano,95,438530,31464,31335,452,31787,239
2021-04-13,Sonoma,97,501317,29434,29544,302,29846,311
2021-04-13,Stanislaus,99,539301,53810,53797,5944,59741,722
2021-04-13,Sutter,101,95872,9224,9226,86,9312,106
2021-04-13,Tehama,103,63373,4861,4850,563,5413,52
2021-04-13,Trinity,105,12862,360,326,55,381,3
2021-04-13,Tulare,107,460477,48892,48511,9195,57706,825
2021-04-13,Tuolumne,109,53932,3998,3995,35,4030,57
2021-04-13,Ventura,111,848112,80022,79854,3029,82883,986
2021-04-13,Yolo,113,214977,13544,13516,273,13789,198
2021-04-13,Yuba,115,75493,5796,5776,119,5895,44
2021-04-12,Alameda,1,1643700,85066,84817,1942,86759,1238
2021-04-12,Alpine,3,1148,86,85,0,85,0
2021-04-12,Amador,5,37829,3623,3607,35,3642,46
2021-04-12,Butte,7,227075,11786,11488,1778,13266,193
2021-04-12,Calaveras,9,45235,2037,2033,12,2045,50
2021-04-12,Colusa,11,21464,1899,1904,288,2192,14
2021-04-12,Contra Costa,13,1133247,66864,66176,1224,67400,777
2021-04-12,Del Norte,15,27424,1233,1216,6,1222,6
2021-04-12,El Dorado,17,186661,9635,9588,697,10285,106
2021-04-12,Fresno,19,978130,100033,100277,8690,108967,1633
2021-04-12,Glenn,21,27897,2357,2349,553,2902,17
2021-04-12,Humboldt,23,135768,3558,3533,25,3558,35
2021-04-12,Imperial,25,180216,27902,27851,2815,30666,717
2021-04-12,Inyo,27,18085,1391,1390,2,1392,36
2021-04-12,Kern,29,883053,95412,94861,10880,105741,1283
2021-04-12,Kings,31,150075,22667,22621,1148,23769,241
2021-04-12,Lake,33,64148,3409,3380,9,3389,43
2021-04-12,Lassen,35,31185,5143,5147,111,5258,1
2021-04-12,Los Angeles,37,10098052,1190730,1186145,42927,1229072,23505
2021-04-12,Madera,39,155013,16255,16174,931,17105,231
2021-04-12,Marin,41,260295,13756,13751,236,13987,224
2021-04-12,Mariposa,43,17540,403,394,6,400,5
2021-04-12,Mendocino,45,87422,3776,3699,70,3769,46
2021-04-12,Merced,47,269075,30221,30261,973,31234,435
2021-04-12,Modoc,49,8938,364,352,122,474,3
2021-04-12,Mono,51,14174,1230,1251,12,1263,3
2021-04-12,Monterey,53,433212,42597,42555,1873,44428,346
2021-04-12,Napa,55,140530,9640,9603,33,9636,80
2021-04-12,Nevada,57,99092,4464,4408,189,4597,69
2021-04-12,Orange,59,3164182,251954,251350,11316,262666,4826
2021-04-12,Placer,61,380077,22083,21475,1403,22878,278
2021-04-12,Plumas,63,18699,673,666,11,677,4
2021-04-12,Riverside,65,2383286,288114,285361,14505,299866,4336
2021-04-12,Sacramento,67,1510023,101001,100394,1584,101978,1566
2021-04-12,San Benito,69,59416,5956,5942,113,6055,62
2021-04-12,San Bernardino,71,2135413,289860,288736,8887,297623,4493
2021-04-12,San Diego,73,3302833,274015,273431,0,273431,3621
2021-04-12,San Francisco,75,870044,35758,35841,1325,37166,506
2021-04-12,San Joaquin,77,732212,70617,69968,3500,73468,1288
2021-04-12,San Luis Obispo,79,281455,20659,20515,684,21199,253
2021-04-12,San Mateo,81,765935,41337,40920,446,41366,353
2021-04-12,Santa Barbara,83,443738,33804,33606,1224,34830,444
2021-04-12,Santa Clara,85,1922200,115474,116252,706,116958,1923
2021-04-12,Santa Cruz,87,273765,15886,15406,873,16279,203
2021-04-12,Shasta,89,179085,11528,11509,1450,12959,189
2021-04-12,Sierra,91,2930,53,51,14,65,0
2021-04-12,Siskiyou,93,43540,1590,1511,299,1810,7
2021-04-12,Solano,95,438530,31423,31305,449,31754,238
2021-04-12,Sonoma,97,501317,29406,29500,302,29802,310
2021-04-12,Stanislaus,99,539301,53745,53722,5937,59659,707
2021-04-12,Sutter,101,95872,9213,9221,86,9307,106
2021-04-12,Tehama,103,63373,4852,4834,559,5393,52
2021-04-12,Trinity,105,12862,360,324,55,379,3
2021-04-12,Tulare,107,460477,48873,48495,9185,57680,824
2021-04-12,Tuolumne,109,53932,3994,3993,35,4028,57
2021-04-12,Ventura,111,848112,79989,79818,3027,82845,985
2021-04-12,Yolo,113,214977,13530,13510,272,13782,198
2021-04-12,Yuba,115,75493,5790,5773,119,5892,43
2021-04-11,Alameda,1,1643700,84929,84756,1937,86693,1238
2021-04-11,Alpine,3,1148,86,85,0,85,0
2021-04-11,Amador,5,37829,3621,3605,35,3640,46
2021-04-11,Butte,7,227075,11751,11487,1775,13262,193
2021-04-11,Calaveras,9,45235,2032,2036,12,2048,50
2021-04-11,Colusa,11,21464,1898,1904,287,2191,14
2021-04-11,Contra Costa,13,1133247,66755,66107,1221,67328,777
2021-04-11,Del Norte,15,27424,1227,1214,6,1220,6
2021-04-11,El Dorado,17,186661,9621,9575,694,10269,106
2021-04-11,Fresno,19,978130,99967,100230,8678,108908,1633
2021-04-11,Glenn,21,27897,2353,2348,552,2900,17
2021-04-11,Humboldt,23,135768,3549,3523,25,3548,35
2021-04-11,Imperial,25,180216,27878,27841,2813,30654,717
2021-04-11,Inyo,27,18085,1391,1390,2,1392,36
2021-04-11,Kern,29,883053,95355,94830,10871,105701,1283
2021-04-11,Kings,31,150075,22658,22618,1145,23763,241
2021-04-11,Lake,33,64148,3405,3377,9,3386,43
2021-04-11,Lassen,35,31185,5139,5147,111,5258,1
2021-04-11,Los Angeles,37,10098052,1190222,1185757,42883,1228640,23503
2021-04-11,Madera,39,155013,16237,16166,929,17095,231
2021-04-11,Marin,41,260295,13750,13741,234,13975,226
2021-04-11,Mariposa,43,17540,403,394,6,400,5
2021-04-11,Mendocino,45,87422,3774,3696,70,3766,46
2021-04-11,Merced,47,269075,30183,30249,972,31221,435
2021-04-11,Modoc,49,8938,363,352,120,472,3
2021-04-11,Mono,51,14174,1229,1250,12,1262,3
2021-04-11,Monterey,53,433212,42590,42547,1866,44413,346
2021-04-11,Napa,55,140530,9629,9592,33,9625,80
2021-04-11,Nevada,57,99092,4450,4394,189,4583,69
2021-04-11,Orange,59,3164182,251829,251233,11303,262536,4826
2021-04-11,Placer,61,380077,22026,21458,1398,22856,278
2021-04-11,Plumas,63,18699,673,666,11,677,4
2021-04-11,Riverside,65,2383286,287987,285269,14494,299763,4336
2021-04-11,Sacramento,67,1510023,100832,100296,1571,101867,1566
2021-04-11,San Benito,69,59416,5948,5941,112,6053,62
2021-04-11,San Bernardino,71,2135413,289745,288686,8880,297566,4492
2021-04-11,San Diego,73,3302833,273718,273287,0,273287,3621
2021-04-11,San Francisco,75,870044,35722,35815,1322,37137,498
2021-04-11,San Joaquin,77,732212,70529,69939,3489,73428,1288
2021-04-11,San Luis Obispo,79,281455,20633,20501,681,21182,253
2021-04-11,San Mateo,81,765935,41279,40901,445,41346,353
2021-04-11,Santa Barbara,83,443738,33770,33591,1223,34814,444
2021-04-11,Santa Clara,85,1922200,115340,116161,703,116864,1923
2021-04-11,Santa Cruz,87,273765,15874,15382,873,16255,203
2021-04-11,Shasta,89,179085,11484,11504,1449,12953,189
2021-04-11,Sierra,91,2930,53,51,14,65,0
2021-04-11,Siskiyou,93,43540,1584,1509,295,1804,7
2021-04-11,Solano,95,438530,31371,31268,445,31713,238
2021-04-11,Sonoma,97,501317,29380,29496,298,29794,310
2021-04-11,Stanislaus,99,539301,53663,53683,5927,59610,707
2021-04-11,Sutter,101,95872,9204,9222,86,9308,106
2021-04-11,Tehama,103,63373,4849,4832,557,5389,52
2021-04-11,Trinity,105,12862,360,324,55,379,3
2021-04-11,Tulare,107,460477,48859,48479,9178,57657,824
2021-04-11,Tuolumne,109,53932,3992,3993,35,4028,57
2021-04-11,Ventura,111,848112,79943,79800,3020,82820,985
2021-04-11,Yolo,113,214977,13509,13496,270,13766,198
2021-04-11,Yuba,115,75493,5780,5768,119,5887,43
2021-04-10,Alameda,1,1643700,84864,84626,1937,86563,1238
2021-04-10,Alpine,3,1148,86,85,0,85,0
2021-04-10,Amador,5,37829,3619,3603,35,3638,46
2021-04-10,Butte,7,227075,11740,11482,1774,13256,193
2021-04-10,Calaveras,9,45235,2032,2032,12,2044,50
2021-04-10,Colusa,11,21464,1898,1902,287,2189,14
2021-04-10,Contra Costa,13,1133247,66694,66001,1218,67219,778
2021-04-10,Del Norte,15,27424,1224,1212,6,1218,6
2021-04-10,El Dorado,17,186661,9609,9549,691,10240,106
2021-04-10,Fresno,19,978130,99934,100135,8671,108806,1633
2021-04-10,Glenn,21,27897,2353,2343,552,2895,17
2021-04-10,Humboldt,23,135768,3539,3508,25,3533,35
2021-04-10,Imperial,25,180216,27864,27816,2813,30629,717
2021-04-10,Inyo,27,18085,1391,1387,2,1389,36
2021-04-10,Kern,29,883053,95341,94802,10865,105667,1284
2021-04-10,Kings,31,150075,22654,22614,1143,23757,241
2021-04-10,Lake,33,64148,3400,3368,9,3377,43
2021-04-10,Lassen,35,31185,5139,5146,110,5256,1
2021-04-10,Los Angeles,37,10098052,1189953,1185246,42863,1228109,23493
2021-04-10,Madera,39,155013,16229,16143,928,17071,231
2021-04-10,Marin,41,260295,13745,13731,234,13965,226
2021-04-10,Mariposa,43,17540,400,393,6,399,5
2021-04-10,Mendocino,45,87422,3772,3696,70,3766,46
2021-04-10,Merced,47,269075,30162,30225,972,31197,435
2021-04-10,Modoc,49,8938,363,352,120,472,3
2021-04-10,Mono,51,14174,1229,1249,12,1261,3
2021-04-10,Monterey,53,433212,42579,42527,1865,44392,346
2021-04-10,Napa,55,140530,9622,9569,33,9602,79
2021-04-10,Nevada,57,99092,4443,4379,189,4568,69
2021-04-10,Orange,59,3164182,251736,251139,11295,262434,4818
2021-04-10,Placer,61,380077,21995,21402,1392,22794,278
2021-04-10,Plumas,63,18699,673,666,11,677,4
2021-04-10,Riverside,65,2383286,287909,285082,14486,299568,4336
2021-04-10,Sacramento,67,1510023,100730,100048,1569,101617,1566
2021-04-10,San Benito,69,59416,5937,5932,111,6043,62
2021-04-10,San Bernardino,71,2135413,289684,288590,8873,297463,4489
2021-04-10,San Diego,73,3302833,273502,273058,0,273058,3613
2021-04-10,San Francisco,75,870044,35692,35774,1318,37092,498
2021-04-10,San Joaquin,77,732212,70494,69852,3479,73331,1288
2021-04-10,San Luis Obispo,79,281455,20618,20461,679,21140,253
2021-04-10,San Mateo,81,765935,41246,40878,445,41323,350
2021-04-10,Santa Barbara,83,443738,33742,33541,1221,34762,444
2021-04-10,Santa Clara,85,1922200,115244,116015,702,116717,1923
2021-04-10,Santa Cruz,87,273765,15868,15360,873,16233,203
2021-04-10,Shasta,89,179085,11476,11492,1445,12937,189
2021-04-10,Sierra,91,2930,53,51,14,65,0
2021-04-10,Siskiyou,93,43540,1581,1512,295,1807,7
2021-04-10,Solano,95,438530,31337,31218,441,31659,238
2021-04-10,Sonoma,97,501317,29365,29469,297,29766,310
2021-04-10,Stanislaus,99,539301,53629,53596,5920,59516,707
2021-04-10,Sutter,101,95872,9202,9214,86,9300,106
2021-04-10,Tehama,103,63373,4847,4820,555,5375,52
2021-04-10,Trinity,105,12862,360,324,55,379,3
2021-04-10,Tulare,107,460477,48850,48470,9172,57642,824
2021-04-10,Tuolumne,109,53932,3989,3991,35,4026,57
2021-04-10,Ventura,111,848112,79915,79758,3018,82776,985
2021-04-10,Yolo,113,214977,13500,13494,269,13763,198
2021-04-10,Yuba,115,75493,5777,5757,118,5875,43
2021-04-09,Alameda,1,1643700,84791,84404,1929,86333,1237
2021-04-09,Alpine,3,1148,86,85,0,85,0
2021-04-09,Amador,5,37829,3618,3600,35,3635,46
2021-04-09,Butte,7,227075,11730,11454,1773,13227,193
2021-04-09,Calaveras,9,45235,2031,2028,12,2040,50
2021-04-09,Colusa,11,21464,1898,1898,287,2185,14
2021-04-09,Contra Costa,13,1133247,66601,65857,1212,67069,777
2021-04-09,Del Norte,15,27424,1223,1207,6,1213,6
2021-04-09,El Dorado,17,186661,9587,9528,686,10214,106
2021-04-09,Fresno,19,978130,99900,100027,8666,108693,1630
2021-04-09,Glenn,21,27897,2353,2337,552,2889,17
2021-04-09,Humboldt,23,135768,3529,3496,25,3521,35
2021-04-09,Imperial,25,180216,27849,27764,2811,30575,717
2021-04-09,Inyo,27,18085,1390,1386,2,1388,36
2021-04-09,Kern,29,883053,95303,94675,10863,105538,1282
2021-04-09,Kings,31,150075,22645,22595,1140,23735,242
2021-04-09,Lake,33,64148,3396,3362,9,3371,43
2021-04-09,Lassen,35,31185,5139,5140,110,5250,1
2021-04-09,Los Angeles,37,10098052,1189590,1184501,42831,1227332,23458
2021-04-09,Madera,39,155013,16226,16118,928,17046,231
2021-04-09,Marin,41,260295,13738,13721,234,13955,226
2021-04-09,Mariposa,43,17540,400,393,6,399,5
2021-04-09,Mendocino,45,87422,3770,3693,70,3763,46
2021-04-09,Merced,47,269075,30133,30179,971,31150,435
2021-04-09,Modoc,49,8938,362,352,120,472,3
2021-04-09,Mono,51,14174,1229,1247,12,1259,3
2021-04-09,Monterey,53,433212,42570,42481,1861,44342,344
2021-04-09,Napa,55,140530,9603,9574,33,9607,80
2021-04-09,Nevada,57,99092,4435,4373,189,4562,69
2021-04-09,Orange,59,3164182,251663,250852,11290,262142,4813
2021-04-09,Placer,61,380077,21964,21327,1384,22711,278
2021-04-09,Plumas,63,18699,672,666,11,677,4
2021-04-09,Riverside,65,2383286,287827,284562,14479,299041,4325
2021-04-09,Sacramento,67,1510023,100575,99722,1561,101283,1564
2021-04-09,San Benito,69,59416,5932,5925,110,6035,62
2021-04-09,San Bernardino,71,2135413,289613,288000,8870,296870,4467
2021-04-09,San Diego,73,3302833,273304,272697,0,272697,3600
2021-04-09,San Francisco,75,870044,35650,35716,1313,37029,497
2021-04-09,San Joaquin,77,732212,70431,69675,3467,73142,1281
2021-04-09,San Luis Obispo,79,281455,20605,20427,678,21105,252
2021-04-09,San Mateo,81,765935,41210,40800,444,41244,350
2021-04-09,Santa Barbara,83,443738,33719,33424,1218,34642,444
2021-04-09,Santa Clara,85,1922200,115160,115749,700,116449,1923
2021-04-09,Santa Cruz,87,273765,15863,15331,873,16204,203
2021-04-09,Shasta,89,179085,11466,11478,1442,12920,188
2021-04-09,Sierra,91,2930,53,51,14,65,0
2021-04-09,Siskiyou,93,43540,1578,1510,294,1804,7
2021-04-09,Solano,95,438530,31304,31166,436,31602,238
2021-04-09,Sonoma,97,501317,29351,29433,297,29730,310
2021-04-09,Stanislaus,99,539301,53574,53504,5911,59415,705
2021-04-09,Sutter,101,95872,9195,9201,86,9287,106
2021-04-09,Tehama,103,63373,4841,4806,555,5361,52
2021-04-09,Trinity,105,12862,359,324,55,379,3
2021-04-09,Tulare,107,460477,48846,48430,9166,57596,824
2021-04-09,Tuolumne,109,53932,3988,3986,35,4021,57
2021-04-09,Ventura,111,848112,79887,79698,3018,82716,987
2021-04-09,Yolo,113,214977,13489,13478,267,13745,198
2021-04-09,Yuba,115,75493,5770,5754,118,5872,43
2021-04-08,Alameda,1,1643700,84690,84213,1925,86138,1232
2021-04-08,Alpine,3,1148,86,85,0,85,0
2021-04-08,Amador,5,37829,3614,3595,35,3630,46
2021-04-08,Butte,7,227075,11719,11414,1772,13186,193
2021-04-08,Calaveras,9,45235,2029,2027,12,2039,50
2021-04-08,Colusa,11,21464,1897,1897,287,2184,14
2021-04-08,Contra Costa,13,1133247,66491,65706,1209,66915,775
2021-04-08,Del Norte,15,27424,1217,1201,6,1207,6
2021-04-08,El Dorado,17,186661,9571,9513,680,10193,106
2021-04-08,Fresno,19,978130,99837,99935,8659,108594,1627
2021-04-08,Glenn,21,27897,2351,2337,552,2889,17
2021-04-08,Humboldt,23,135768,3519,3486,25,3511,35
2021-04-08,Imperial,25,180216,27822,27744,2808,30552,713
2021-04-08,Inyo,27,18085,1389,1386,2,1388,36
2021-04-08,Kern,29,883053,95260,94493,10849,105342,1281
2021-04-08,Kings,31,150075,22639,22589,1137,23726,243
2021-04-08,Lake,33,64148,3390,3360,9,3369,43
2021-04-08,Lassen,35,31185,5138,5136,110,5246,1
2021-04-08,Los Angeles,37,10098052,1189093,1184443,42792,1227235,23416
2021-04-08,Madera,39,155013,16214,16103,928,17031,231
2021-04-08,Marin,41,260295,13731,13704,234,13938,226
2021-04-08,Mariposa,43,17540,399,393,6,399,5
2021-04-08,Mendocino,45,87422,3768,3690,70,3760,45
2021-04-08,Merced,47,269075,30111,30163,971,31134,430
2021-04-08,Modoc,49,8938,362,352,120,472,3
2021-04-08,Mono,51,14174,1227,1247,12,1259,3
2021-04-08,Monterey,53,433212,42549,42437,1856,44293,342
2021-04-08,Napa,55,140530,9586,9569,33,9602,80
2021-04-08,Nevada,57,99092,4424,4367,189,4556,69
2021-04-08,Orange,59,3164182,251556,250529,11274,261803,4797
2021-04-08,Placer,61,380077,21924,21258,1375,22633,277
2021-04-08,Plumas,63,18699,672,665,11,676,4
2021-04-08,Riverside,65,2383286,287716,283853,14474,298327,4296
2021-04-08,Sacramento,67,1510023,100432,99319,1549,100868,1561
2021-04-08,San Benito,69,59416,5929,5914,108,6022,62
2021-04-08,San Bernardino,71,2135413,289514,287190,8867,296057,4445
2021-04-08,San Diego,73,3302833,273075,272495,0,272495,3592
2021-04-08,San Francisco,75,870044,35627,35657,1312,36969,494
2021-04-08,San Joaquin,77,732212,70361,69479,3461,72940,1279
2021-04-08,San Luis Obispo,79,281455,20586,20402,675,21077,252
2021-04-08,San Mateo,81,765935,41171,40749,444,41193,350
2021-04-08,Santa Barbara,83,443738,33695,33309,1217,34526,444
2021-04-08,Santa Clara,85,1922200,115054,115487,699,116186,1905
2021-04-08,Santa Cruz,87,273765,15857,15296,873,16169,203
2021-04-08,Shasta,89,179085,11456,11466,1438,12904,186
2021-04-08,Sierra,91,2930,53,51,14,65,0
2021-04-08,Siskiyou,93,43540,1575,1511,294,1805,7
2021-04-08,Solano,95,438530,31255,31120,436,31556,238
2021-04-08,Sonoma,97,501317,29332,29410,296,29706,310
2021-04-08,Stanislaus,99,539301,53496,53401,5901,59302,706
2021-04-08,Sutter,101,95872,9191,9195,86,9281,106
2021-04-08,Tehama,103,63373,4837,4802,555,5357,52
2021-04-08,Trinity,105,12862,359,324,55,379,3
2021-04-08,Tulare,107,460477,48833,48409,9155,57564,821
2021-04-08,Tuolumne,109,53932,3988,3986,35,4021,57
2021-04-08,Ventura,111,848112,79850,79626,3014,82640,986
2021-04-08,Yolo,113,214977,13480,13468,266,13734,198
2021-04-08,Yuba,115,75493,5766,5743,118,5861,43
2021-04-07,Alameda,1,1643700,84606,84130,1921,86051,1224
2021-04-07,Alpine,3,1148,86,85,0,85,0
2021-04-07,Amador,5,37829,3611,3590,35,3625,46
2021-04-07,Butte,7,227075,11715,11405,1769,13174,193
2021-04-07,Calaveras,9,45235,2025,2022,12,2034,50
2021-04-07,Colusa,11,21464,1893,1894,286,2180,14
2021-04-07,Contra Costa,13,1133247,66405,65619,1208,66827,775
2021-04-07,Del Norte,15,27424,1215,1198,6,1204,6
2021-04-07,El Dorado,17,186661,9550,9500,675,10175,106
2021-04-07,Fresno,19,978130,99773,99865,8649,108514,1627
2021-04-07,Glenn,21,27897,2348,2337,551,2888,17
2021-04-07,Humboldt,23,135768,3507,3484,25,3509,35
2021-04-07,Imperial,25,180216,27798,27704,2802,30506,713
2021-04-07,Inyo,27,18085,1388,1386,2,1388,36
2021-04-07,Kern,29,883053,95226,94456,10834,105290,1275
2021-04-07,Kings,31,150075,22637,22589,1137,23726,243
2021-04-07,Lake,33,64148,3388,3358,9,3367,43
2021-04-07,Lassen,35,31185,5138,5137,110,5247,1
2021-04-07,Los Angeles,37,10098052,1188661,1183862,42767,1226629,23372
2021-04-07,Madera,39,155013,16195,16090,927,17017,231
2021-04-07,Marin,41,260295,13720,13688,232,13920,225
2021-04-07,Mariposa,43,17540,398,391,6,397,5
2021-04-07,Mendocino,45,87422,3767,3691,70,3761,45
2021-04-07,Merced,47,269075,30088,30132,966,31098,430
2021-04-07,Modoc,49,8938,362,351,120,471,3
2021-04-07,Mono,51,14174,1227,1246,12,1258,3
2021-04-07,Monterey,53,433212,42531,42427,1855,44282,341
2021-04-07,Napa,55,140530,9572,9556,33,9589,80
2021-04-07,Nevada,57,99092,4418,4364,189,4553,69
2021-04-07,Orange,59,3164182,251434,250378,11250,261628,4778
2021-04-07,Placer,61,380077,21878,21227,1367,22594,276
2021-04-07,Plumas,63,18699,672,665,11,676,4
2021-04-07,Riverside,65,2383286,287607,283749,14464,298213,4285
2021-04-07,Sacramento,67,1510023,100266,99202,1543,100745,1544
2021-04-07,San Benito,69,59416,5924,5912,107,6019,62
2021-04-07,San Bernardino,71,2135413,289397,286978,8862,295840,4433
2021-04-07,San Diego,73,3302833,272850,272195,0,272195,3588
2021-04-07,San Francisco,75,870044,35587,35618,1308,36926,493
2021-04-07,San Joaquin,77,732212,70293,69375,3456,72831,1278
2021-04-07,San Luis Obispo,79,281455,20560,20373,672,21045,252
2021-04-07,San Mateo,81,765935,41128,40693,444,41137,350
2021-04-07,Santa Barbara,83,443738,33670,33289,1214,34503,444
2021-04-07,Santa Clara,85,1922200,114924,115311,697,116008,1900
2021-04-07,Santa Cruz,87,273765,15847,15275,872,16147,203
2021-04-07,Shasta,89,179085,11444,11456,1433,12889,184
2021-04-07,Sierra,91,2930,53,51,14,65,0
2021-04-07,Siskiyou,93,43540,1569,1512,293,1805,7
2021-04-07,Solano,95,438530,31205,31097,435,31532,238
2021-04-07,Sonoma,97,501317,29313,29394,295,29689,310
2021-04-07,Stanislaus,99,539301,53428,53344,5891,59235,686
2021-04-07,Sutter,101,95872,9188,9188,86,9274,106
2021-04-07,Tehama,103,63373,4830,4802,552,5354,52
2021-04-07,Trinity,105,12862,359,322,55,377,3
2021-04-07,Tulare,107,460477,48820,48386,9143,57529,820
2021-04-07,Tuolumne,109,53932,3987,3982,35,4017,57
2021-04-07,Ventura,111,848112,79816,79595,3012,82607,986
2021-04-07,Yolo,113,214977,13464,13450,264,13714,198
2021-04-07,Yuba,115,75493,5762,5737,118,5855,43
2021-04-06,Alameda,1,1643700,84494,84091,1916,86007,1223
2021-04-06,Alpine,3,1148,86,85,0,85,0
2021-04-06,Amador,5,37829,3610,3587,35,3622,45
2021-04-06,Butte,7,227075,11700,11396,1768,13164,193
2021-04-06,Calaveras,9,45235,2022,2021,12,2033,50
2021-04-06,Colusa,11,21464,1891,1894,284,2178,14
2021-04-06,Contra Costa,13,1133247,66328,65575,1207,66782,774
2021-04-06,Del Norte,15,27424,1210,1197,6,1203,6
2021-04-06,El Dorado,17,186661,9520,9489,673,10162,106
2021-04-06,Fresno,19,978130,99709,99814,8643,108457,1626
2021-04-06,Glenn,21,27897,2347,2335,551,2886,17
2021-04-06,Humboldt,23,135768,3498,3477,25,3502,35
2021-04-06,Imperial,25,180216,27765,27661,2792,30453,713
2021-04-06,Inyo,27,18085,1388,1379,2,1381,36
2021-04-06,Kern,29,883053,95183,94422,10828,105250,1259
2021-04-06,Kings,31,150075,22631,22587,1137,23724,240
2021-04-06,Lake,33,64148,3385,3358,9,3367,43
2021-04-06,Lassen,35,31185,5136,5137,110,5247,1
2021-04-06,Los Angeles,37,10098052,1188157,1183499,42722,1226221,23323
2021-04-06,Madera,39,155013,16176,16085,922,17007,230
2021-04-06,Marin,41,260295,13711,13675,229,13904,224
2021-04-06,Mariposa,43,17540,398,390,6,396,5
2021-04-06,Mendocino,45,87422,3765,3686,70,3756,45
2021-04-06,Merced,47,269075,30059,30100,961,31061,430
2021-04-06,Modoc,49,8938,361,351,120,471,3
2021-04-06,Mono,51,14174,1227,1246,12,1258,3
2021-04-06,Monterey,53,433212,42522,42412,1854,44266,341
2021-04-06,Napa,55,140530,9553,9509,33,9542,78
2021-04-06,Nevada,57,99092,4408,4356,187,4543,69
2021-04-06,Orange,59,3164182,251326,250304,11235,261539,4771
2021-04-06,Placer,61,380077,21831,21184,1364,22548,276
2021-04-06,Plumas,63,18699,672,665,11,676,4
2021-04-06,Riverside,65,2383286,287430,283622,14453,298075,4264
2021-04-06,Sacramento,67,1510023,100057,99110,1534,100644,1537
2021-04-06,San Benito,69,59416,5915,5907,107,6014,62
2021-04-06,San Bernardino,71,2135413,289282,286792,8852,295644,4428
2021-04-06,San Diego,73,3302833,272588,271867,0,271867,3585
2021-04-06,San Francisco,75,870044,35544,35572,1308,36880,488
2021-04-06,San Joaquin,77,732212,70210,69316,3443,72759,1278
2021-04-06,San Luis Obispo,79,281455,20539,20350,668,21018,252
2021-04-06,San Mateo,81,765935,41080,40649,443,41092,350
2021-04-06,Santa Barbara,83,443738,33652,33257,1213,34470,443
2021-04-06,Santa Clara,85,1922200,114754,115184,695,115879,1900
2021-04-06,Santa Cruz,87,273765,15837,15252,872,16124,203
2021-04-06,Shasta,89,179085,11423,11443,1431,12874,184
2021-04-06,Sierra,91,2930,53,51,14,65,0
2021-04-06,Siskiyou,93,43540,1565,1510,290,1800,7
2021-04-06,Solano,95,438530,31158,31078,434,31512,237
2021-04-06,Sonoma,97,501317,29288,29386,293,29679,311
2021-04-06,Stanislaus,99,539301,53370,53304,5885,59189,686
2021-04-06,Sutter,101,95872,9178,9179,86,9265,106
2021-04-06,Tehama,103,63373,4821,4798,552,5350,52
2021-04-06,Trinity,105,12862,359,321,55,376,3
2021-04-06,Tulare,107,460477,48777,48372,9140,57512,819
2021-04-06,Tuolumne,109,53932,3987,3981,35,4016,57
2021-04-06,Ventura,111,848112,79779,79556,3010,82566,983
2021-04-06,Yolo,113,214977,13451,13443,263,13706,198
2021-04-06,Yuba,115,75493,5758,5733,117,5850,43
2021-04-05,Alameda,1,1643700,84377,84007,1911,85918,1219
2021-04-05,Alpine,3,1148,86,85,0,85,0
2021-04-05,Amador,5,37829,3607,3584,35,3619,45
2021-04-05,Butte,7,227075,11685,11384,1766,13150,193
2021-04-05,Calaveras,9,45235,2019,2019,12,2031,50
2021-04-05,Colusa,11,21464,1891,1894,283,2177,14
2021-04-05,Contra Costa,13,1133247,66261,65457,1205,66662,774
2021-04-05,Del Norte,15,27424,1208,1189,6,1195,6
2021-04-05,El Dorado,17,186661,9505,9463,673,10136,106
2021-04-05,Fresno,19,978130,99622,99755,8634,108389,1622
2021-04-05,Glenn,21,27897,2346,2335,551,2886,17
2021-04-05,Humboldt,23,135768,3489,3475,25,3500,35
2021-04-05,Imperial,25,180216,27734,27604,2786,30390,710
2021-04-05,Inyo,27,18085,1385,1377,2,1379,36
2021-04-05,Kern,29,883053,95129,94401,10802,105203,1249
2021-04-05,Kings,31,150075,22627,22580,1137,23717,239
2021-04-05,Lake,33,64148,3377,3359,9,3368,43
2021-04-05,Lassen,35,31185,5136,5138,109,5247,1
2021-04-05,Los Angeles,37,10098052,1187624,1183200,42670,1225870,23302
2021-04-05,Madera,39,155013,16162,16065,921,16986,230
2021-04-05,Marin,41,260295,13697,13666,225,13891,221
2021-04-05,Mariposa,43,17540,398,390,6,396,5
2021-04-05,Mendocino,45,87422,3763,3687,70,3757,45
2021-04-05,Merced,47,269075,30032,30068,960,31028,427
2021-04-05,Modoc,49,8938,359,346,120,466,3
2021-04-05,Mono,51,14174,1227,1246,12,1258,3
2021-04-05,Monterey,53,433212,42509,42396,1850,44246,341
2021-04-05,Napa,55,140530,9530,9492,33,9525,78
2021-04-05,Nevada,57,99092,4397,4346,187,4533,69
2021-04-05,Orange,59,3164182,251213,250177,11211,261388,4759
2021-04-05,Placer,61,380077,21785,21133,1356,22489,276
2021-04-05,Plumas,63,18699,672,666,11,677,4
2021-04-05,Riverside,65,2383286,287299,283549,14441,297990,4237
2021-04-05,Sacramento,67,1510023,99896,98908,1526,100434,1533
2021-04-05,San Benito,69,59416,5909,5904,107,6011,61
2021-04-05,San Bernardino,71,2135413,289170,286597,8849,295446,4425
2021-04-05,San Diego,73,3302833,272340,271655,0,271655,3583
2021-04-05,San Francisco,75,870044,35514,35538,1308,36846,488
2021-04-05,San Joaquin,77,732212,70123,69214,3433,72647,1268
2021-04-05,San Luis Obispo,79,281455,20502,20333,668,21001,252
2021-04-05,San Mateo,81,765935,41037,40609,442,41051,350
2021-04-05,Santa Barbara,83,443738,33620,33235,1213,34448,443
2021-04-05,Santa Clara,85,1922200,114589,115091,692,115783,1893
2021-04-05,Santa Cruz,87,273765,15830,15228,872,16100,201
2021-04-05,Shasta,89,179085,11404,11435,1426,12861,184
2021-04-05,Sierra,91,2930,53,50,14,64,0
2021-04-05,Siskiyou,93,43540,1562,1509,288,1797,7
2021-04-05,Solano,95,438530,31118,31026,432,31458,237
2021-04-05,Sonoma,97,501317,29257,29361,291,29652,311
2021-04-05,Stanislaus,99,539301,53290,53238,5882,59120,686
2021-04-05,Sutter,101,95872,9171,9169,86,9255,106
2021-04-05,Tehama,103,63373,4815,4794,552,5346,52
2021-04-05,Trinity,105,12862,358,321,55,376,3
2021-04-05,Tulare,107,460477,48765,48356,9133,57489,818
2021-04-05,Tuolumne,109,53932,3986,3980,35,4015,57
2021-04-05,Ventura,111,848112,79749,79549,3006,82555,983
2021-04-05,Yolo,113,214977,13437,13427,262,13689,198
2021-04-05,Yuba,115,75493,5753,5728,116,5844,43
2021-04-04,Alameda,1,1643700,84259,83951,1907,85858,1219
2021-04-04,Alpine,3,1148,86,85,0,85,0
2021-04-04,Amador,5,37829,3601,3582,35,3617,45
2021-04-04,Butte,7,227075,11670,11375,1765,13140,193
2021-04-04,Calaveras,9,45235,2015,2020,12,2032,50
2021-04-04,Colusa,11,21464,1890,1893,283,2176,14
2021-04-04,Contra Costa,13,1133247,66155,65408,1200,66608,774
2021-04-04,Del Norte,15,27424,1200,1186,6,1192,6
2021-04-04,El Dorado,17,186661,9486,9455,669,10124,106
2021-04-04,Fresno,19,978130,99548,99702,8621,108323,1622
2021-04-04,Glenn,21,27897,2343,2335,550,2885,17
2021-04-04,Humboldt,23,135768,3478,3472,25,3497,35
2021-04-04,Imperial,25,180216,27678,27588,2784,30372,710
2021-04-04,Inyo,27,18085,1381,1377,2,1379,36
2021-04-04,Kern,29,883053,95089,94388,10778,105166,1247
2021-04-04,Kings,31,150075,22625,22580,1136,23716,239
2021-04-04,Lake,33,64148,3371,3355,8,3363,43
2021-04-04,Lassen,35,31185,5135,5138,109,5247,1
2021-04-04,Los Angeles,37,10098052,1187083,1182872,42622,1225494,23301
2021-04-04,Madera,39,155013,16136,16052,917,16969,230
2021-04-04,Marin,41,260295,13684,13663,224,13887,221
2021-04-04,Mariposa,43,17540,398,390,6,396,5
2021-04-04,Mendocino,45,87422,3760,3684,70,3754,45
2021-04-04,Merced,47,269075,29989,30048,957,31005,427
2021-04-04,Modoc,49,8938,359,346,120,466,3
2021-04-04,Mono,51,14174,1226,1245,12,1257,3
2021-04-04,Monterey,53,433212,42492,42391,1849,44240,341
2021-04-04,Napa,55,140530,9518,9486,33,9519,78
2021-04-04,Nevada,57,99092,4385,4337,186,4523,69
2021-04-04,Orange,59,3164182,251077,250117,11196,261313,4759
2021-04-04,Placer,61,380077,21740,21104,1337,22441,276
2021-04-04,Plumas,63,18699,672,666,11,677,4
2021-04-04,Riverside,65,2383286,287174,283537,14437,297974,4237
2021-04-04,Sacramento,67,1510023,99696,98821,1518,100339,1531
2021-04-04,San Benito,69,59416,5899,5901,103,6004,61
2021-04-04,San Bernardino,71,2135413,289028,286561,8841,295402,4423
2021-04-04,San Diego,73,3302833,272029,271528,0,271528,3583
2021-04-04,San Francisco,75,870044,35460,35525,1305,36830,488
2021-04-04,San Joaquin,77,732212,70022,69147,3421,72568,1268
2021-04-04,San Luis Obispo,79,281455,20470,20328,660,20988,252
2021-04-04,San Mateo,81,765935,40995,40587,439,41026,350
2021-04-04,Santa Barbara,83,443738,33584,33213,1213,34426,443
2021-04-04,Santa Clara,85,1922200,114423,114976,685,115661,1893
2021-04-04,Santa Cruz,87,273765,15821,15219,872,16091,201
2021-04-04,Shasta,89,179085,11378,11433,1425,12858,184
2021-04-04,Sierra,91,2930,53,50,14,64,0
2021-04-04,Siskiyou,93,43540,1559,1509,284,1793,7
2021-04-04,Solano,95,438530,31071,31002,430,31432,237
2021-04-04,Sonoma,97,501317,29225,29340,289,29629,311
2021-04-04,Stanislaus,99,539301,53197,53181,5874,59055,686
2021-04-04,Sutter,101,95872,9164,9164,86,9250,106
2021-04-04,Tehama,103,63373,4804,4792,551,5343,52
2021-04-04,Trinity,105,12862,356,321,55,376,3
2021-04-04,Tulare,107,460477,48750,48343,9125,57468,818
2021-04-04,Tuolumne,109,53932,3978,3980,35,4015,57
2021-04-04,Ventura,111,848112,79706,79526,3005,82531,983
2021-04-04,Yolo,113,214977,13416,13425,261,13686,198
2021-04-04,Yuba,115,75493,5746,5722,116,5838,43
2021-04-03,Alameda,1,1643700,84191,83861,1905,85766,1218
2021-04-03,Alpine,3,1148,86,85,0,85,0
2021-04-03,Amador,5,37829,3598,3577,35,3612,45
2021-04-03,Butte,7,227075,11666,11359,1761,13120,193
2021-04-03,Calaveras,9,45235,2013,2019,12,2031,50
2021-04-03,Colusa,11,21464,1890,1891,283,2174,14
2021-04-03,Contra Costa,13,1133247,66083,65338,1200,66538,774
2021-04-03,Del Norte,15,27424,1195,1183,6,1189,6
2021-04-03,El Dorado,17,186661,9477,9448,668,10116,106
2021-04-03,Fresno,19,978130,99491,99602,8616,108218,1622
2021-04-03,Glenn,21,27897,2343,2334,549,2883,17
2021-04-03,Humboldt,23,135768,3476,3467,25,3492,35
2021-04-03,Imperial,25,180216,27663,27572,2780,30352,710
2021-04-03,Inyo,27,18085,1380,1376,2,1378,36
2021-04-03,Kern,29,883053,95066,94369,10760,105129,1243
2021-04-03,Kings,31,150075,22623,22580,1136,23716,239
2021-04-03,Lake,33,64148,3370,3350,8,3358,43
2021-04-03,Lassen,35,31185,5134,5136,109,5245,1
2021-04-03,Los Angeles,37,10098052,1186785,1182402,42603,1225005,23301
2021-04-03,Madera,39,155013,16127,16051,915,16966,230
2021-04-03,Marin,41,260295,13676,13658,223,13881,221
2021-04-03,Mariposa,43,17540,398,390,5,395,5
2021-04-03,Mendocino,45,87422,3759,3684,70,3754,45
2021-04-03,Merced,47,269075,29974,30031,957,30988,427
2021-04-03,Modoc,49,8938,359,346,120,466,3
2021-04-03,Mono,51,14174,1226,1245,12,1257,3
2021-04-03,Monterey,53,433212,42479,42376,1847,44223,341
2021-04-03,Napa,55,140530,9509,9473,33,9506,78
2021-04-03,Nevada,57,99092,4381,4323,186,4509,69
2021-04-03,Orange,59,3164182,250998,249982,11177,261159,4755
2021-04-03,Placer,61,380077,21709,21060,1333,22393,276
2021-04-03,Plumas,63,18699,672,666,11,677,4
2021-04-03,Riverside,65,2383286,287097,283423,14434,297857,4237
2021-04-03,Sacramento,67,1510023,99588,98660,1512,100172,1531
2021-04-03,San Benito,69,59416,5896,5893,102,5995,61
2021-04-03,San Bernardino,71,2135413,288964,286473,8835,295308,4422
2021-04-03,San Diego,73,3302833,271860,271335,0,271335,3571
2021-04-03,San Francisco,75,870044,35442,35488,1303,36791,489
2021-04-03,San Joaquin,77,732212,69981,69100,3405,72505,1268
2021-04-03,San Luis Obispo,79,281455,20451,20301,660,20961,252
2021-04-03,San Mateo,81,765935,40970,40560,439,40999,350
2021-04-03,Santa Barbara,83,443738,33558,33172,1212,34384,443
2021-04-03,Santa Clara,85,1922200,114315,114865,683,115548,1893
2021-04-03,Santa Cruz,87,273765,15814,15205,872,16077,201
2021-04-03,Shasta,89,179085,11370,11418,1425,12843,184
2021-04-03,Sierra,91,2930,53,50,14,64,0
2021-04-03,Siskiyou,93,43540,1558,1509,284,1793,7
2021-04-03,Solano,95,438530,31050,30970,427,31397,237
2021-04-03,Sonoma,97,501317,29209,29315,288,29603,311
2021-04-03,Stanislaus,99,539301,53162,53137,5868,59005,686
2021-04-03,Sutter,101,95872,9158,9158,86,9244,106
2021-04-03,Tehama,103,63373,4797,4788,551,5339,52
2021-04-03,Trinity,105,12862,356,321,55,376,3
2021-04-03,Tulare,107,460477,48740,48327,9121,57448,818
2021-04-03,Tuolumne,109,53932,3978,3980,35,4015,57
2021-04-03,Ventura,111,848112,79685,79489,3003,82492,983
2021-04-03,Yolo,113,214977,13410,13414,261,13675,198
2021-04-03,Yuba,115,75493,5740,5716,116,5832,43
2021-04-02,Alameda,1,1643700,84118,83776,1900,85676,1217
2021-04-02,Alpine,3,1148,86,85,0,85,0
2021-04-02,Amador,5,37829,3594,3573,34,3607,45
2021-04-02,Butte,7,227075,11657,11350,1761,13111,193
2021-04-02,Calaveras,9,45235,2013,2010,12,2022,50
2021-04-02,Colusa,11,21464,1890,1891,283,2174,14
2021-04-02,Contra Costa,13,1133247,66019,65299,1199,66498,774
2021-04-02,Del Norte,15,27424,1192,1174,6,1180,6
2021-04-02,El Dorado,17,186661,9464,9437,665,10102,106
2021-04-02,Fresno,19,978130,99437,99551,8605,108156,1620
2021-04-02,Glenn,21,27897,2343,2331,549,2880,17
2021-04-02,Humboldt,23,135768,3472,3465,25,3490,35
2021-04-02,Imperial,25,180216,27652,27553,2772,30325,710
2021-04-02,Inyo,27,18085,1380,1377,2,1379,36
2021-04-02,Kern,29,883053,95049,94348,10756,105104,1233
2021-04-02,Kings,31,150075,22623,22571,1133,23704,239
2021-04-02,Lake,33,64148,3368,3348,8,3356,43
2021-04-02,Lassen,35,31185,5134,5134,109,5243,1
2021-04-02,Los Angeles,37,10098052,1186476,1181682,42579,1224261,23264
2021-04-02,Madera,39,155013,16118,16036,914,16950,230
2021-04-02,Marin,41,260295,13668,13649,223,13872,221
2021-04-02,Mariposa,43,17540,396,390,5,395,5
2021-04-02,Mendocino,45,87422,3756,3682,70,3752,45
2021-04-02,Merced,47,269075,29950,29998,957,30955,426
2021-04-02,Modoc,49,8938,356,346,120,466,3
2021-04-02,Mono,51,14174,1226,1246,12,1258,3
2021-04-02,Monterey,53,433212,42469,42359,1844,44203,341
2021-04-02,Napa,55,140530,9494,9453,33,9486,78
2021-04-02,Nevada,57,99092,4377,4323,186,4509,69
2021-04-02,Orange,59,3164182,250902,249891,11163,261054,4748
2021-04-02,Placer,61,380077,21674,21035,1326,22361,275
2021-04-02,Plumas,63,18699,672,666,11,677,4
2021-04-02,Riverside,65,2383286,287013,283328,14426,297754,4213
2021-04-02,Sacramento,67,1510023,99481,98648,1505,100153,1527
2021-04-02,San Benito,69,59416,5894,5888,100,5988,61
2021-04-02,San Bernardino,71,2135413,288891,286308,8831,295139,4417
2021-04-02,San Diego,73,3302833,271673,271036,0,271036,3568
2021-04-02,San Francisco,75,870044,35408,35451,1300,36751,488
2021-04-02,San Joaquin,77,732212,69917,68996,3389,72385,1268
2021-04-02,San Luis Obispo,79,281455,20434,20271,659,20930,252
2021-04-02,San Mateo,81,765935,40928,40514,439,40953,350
2021-04-02,Santa Barbara,83,443738,33530,33145,1212,34357,443
2021-04-02,Santa Clara,85,1922200,114204,114777,681,115458,1882
2021-04-02,Santa Cruz,87,273765,15806,15216,872,16088,202
2021-04-02,Shasta,89,179085,11365,11377,1417,12794,181
2021-04-02,Sierra,91,2930,53,50,14,64,0
2021-04-02,Siskiyou,93,43540,1558,1508,283,1791,7
2021-04-02,Solano,95,438530,31022,30951,424,31375,237
2021-04-02,Sonoma,97,501317,29188,29288,287,29575,311
2021-04-02,Stanislaus,99,539301,53117,53073,5861,58934,687
2021-04-02,Sutter,101,95872,9150,9131,86,9217,106
2021-04-02,Tehama,103,63373,4790,4775,550,5325,52
2021-04-02,Trinity,105,12862,356,320,55,375,3
2021-04-02,Tulare,107,460477,48734,48306,9115,57421,818
2021-04-02,Tuolumne,109,53932,3975,3980,35,4015,57
2021-04-02,Ventura,111,848112,79657,79434,3001,82435,982
2021-04-02,Yolo,113,214977,13400,13381,261,13642,197
2021-04-02,Yuba,115,75493,5737,5709,116,5825,44
2021-04-01,Alameda,1,1643700,84036,83574,1896,85470,1216
2021-04-01,Alpine,3,1148,86,85,0,85,0
2021-04-01,Amador,5,37829,3590,3558,34,3592,45
2021-04-01,Butte,7,227075,11639,11328,1759,13087,193
2021-04-01,Calaveras,9,45235,2012,2006,12,2018,50
2021-04-01,Colusa,11,21464,1887,1890,283,2173,14
2021-04-01,Contra Costa,13,1133247,65959,65176,1197,66373,771
2021-04-01,Del Norte,15,27424,1187,1138,6,1144,6
2021-04-01,El Dorado,17,186661,9455,9393,661,10054,106
2021-04-01,Fresno,19,978130,99385,99317,8597,107914,1616
2021-04-01,Glenn,21,27897,2343,2322,548,2870,17
2021-04-01,Humboldt,23,135768,3468,3464,25,3489,35
2021-04-01,Imperial,25,180216,27622,27520,2766,30286,710
2021-04-01,Inyo,27,18085,1379,1374,2,1376,36
2021-04-01,Kern,29,883053,95018,94244,10742,104986,1233
2021-04-01,Kings,31,150075,22616,22560,1132,23692,239
2021-04-01,Lake,33,64148,3363,3337,8,3345,43
2021-04-01,Lassen,35,31185,5133,5132,109,5241,1
2021-04-01,Los Angeles,37,10098052,1185989,1181101,42552,1223653,23220
2021-04-01,Madera,39,155013,16102,16023,914,16937,230
2021-04-01,Marin,41,260295,13658,13635,223,13858,221
2021-04-01,Mariposa,43,17540,394,389,5,394,5
2021-04-01,Mendocino,45,87422,3756,3680,70,3750,45
2021-04-01,Merced,47,269075,29917,29820,957,30777,425
2021-04-01,Modoc,49,8938,355,346,120,466,3
2021-04-01,Mono,51,14174,1226,1245,12,1257,3
2021-04-01,Monterey,53,433212,42461,42324,1842,44166,339
2021-04-01,Napa,55,140530,9482,9410,33,9443,78
2021-04-01,Nevada,57,99092,4367,4288,185,4473,68
2021-04-01,Orange,59,3164182,250782,249617,11145,260762,4742
2021-04-01,Placer,61,380077,21638,20909,1313,22222,274
2021-04-01,Plumas,63,18699,672,664,11,675,4
2021-04-01,Riverside,65,2383286,286911,283128,14424,297552,4193
2021-04-01,Sacramento,67,1510023,99338,97952,1491,99443,1521
2021-04-01,San Benito,69,59416,5886,5878,99,5977,61
2021-04-01,San Bernardino,71,2135413,288774,286086,8823,294909,4404
2021-04-01,San Diego,73,3302833,271449,270540,0,270540,3555
2021-04-01,San Francisco,75,870044,35388,35386,1296,36682,488
2021-04-01,San Joaquin,77,732212,69834,68802,3381,72183,1262
2021-04-01,San Luis Obispo,79,281455,20406,20235,658,20893,252
2021-04-01,San Mateo,81,765935,40887,40454,439,40893,350
2021-04-01,Santa Barbara,83,443738,33485,33096,1207,34303,443
2021-04-01,Santa Clara,85,1922200,114091,114606,680,115286,1874
2021-04-01,Santa Cruz,87,273765,15791,15271,872,16143,202
2021-04-01,Shasta,89,179085,11350,11355,1411,12766,181
2021-04-01,Sierra,91,2930,53,50,14,64,0
2021-04-01,Siskiyou,93,43540,1556,1507,282,1789,7
2021-04-01,Solano,95,438530,30989,30850,421,31271,237
2021-04-01,Sonoma,97,501317,29156,29241,280,29521,311
2021-04-01,Stanislaus,99,539301,53054,52825,5855,58680,687
2021-04-01,Sutter,101,95872,9138,9105,86,9191,106
2021-04-01,Tehama,103,63373,4784,4764,547,5311,52
2021-04-01,Trinity,105,12862,356,319,55,374,3
2021-04-01,Tulare,107,460477,48711,48279,9105,57384,817
2021-04-01,Tuolumne,109,53932,3974,3978,35,4013,57
2021-04-01,Ventura,111,848112,79633,79369,3000,82369,977
2021-04-01,Yolo,113,214977,13387,13342,261,13603,197
2021-04-01,Yuba,115,75493,5732,5694,116,5810,44
2021-03-31,Alameda,1,1643700,83955,83475,1891,85366,1215
2021-03-31,Alpine,3,1148,86,85,0,85,0
2021-03-31,Amador,5,37829,3587,3556,34,3590,45
2021-03-31,Butte,7,227075,11629,11321,1756,13077,193
2021-03-31,Calaveras,9,45235,2008,2005,12,2017,50
2021-03-31,Colusa,11,21464,1887,1890,283,2173,14
2021-03-31,Contra Costa,13,1133247,65874,65109,1196,66305,769
2021-03-31,Del Norte,15,27424,1178,1129,6,1135,6
2021-03-31,El Dorado,17,186661,9438,9390,661,10051,106
2021-03-31,Fresno,19,978130,99295,99240,8581,107821,1616
2021-03-31,Glenn,21,27897,2338,2318,546,2864,17
2021-03-31,Humboldt,23,135768,3462,3460,25,3485,35
2021-03-31,Imperial,25,180216,27602,27506,2765,30271,710
2021-03-31,Inyo,27,18085,1376,1373,2,1375,35
2021-03-31,Kern,29,883053,94979,94205,10733,104938,1229
2021-03-31,Kings,31,150075,22613,22540,1132,23672,239
2021-03-31,Lake,33,64148,3359,3332,8,3340,43
2021-03-31,Lassen,35,31185,5129,5132,109,5241,1
2021-03-31,Los Angeles,37,10098052,1185530,1180538,42510,1223048,23171
2021-03-31,Madera,39,155013,16088,16015,912,16927,229
2021-03-31,Marin,41,260295,13648,13624,223,13847,221
2021-03-31,Mariposa,43,17540,394,389,5,394,5
2021-03-31,Mendocino,45,87422,3750,3675,70,3745,45
2021-03-31,Merced,47,269075,29888,29780,957,30737,423
2021-03-31,Modoc,49,8938,355,346,120,466,3
2021-03-31,Mono,51,14174,1226,1245,12,1257,3
2021-03-31,Monterey,53,433212,42444,42309,1840,44149,338
2021-03-31,Napa,55,140530,9464,9401,33,9434,78
2021-03-31,Nevada,57,99092,4361,4283,185,4468,68
2021-03-31,Orange,59,3164182,250671,249518,11130,260648,4731
2021-03-31,Placer,61,380077,21588,20885,1305,22190,271
2021-03-31,Plumas,63,18699,671,663,11,674,4
2021-03-31,Riverside,65,2383286,286812,283006,14413,297419,4171
2021-03-31,Sacramento,67,1510023,99161,97760,1483,99243,1519
2021-03-31,San Benito,69,59416,5876,5875,99,5974,61
2021-03-31,San Bernardino,71,2135413,288678,285916,8820,294736,4356
2021-03-31,San Diego,73,3302833,271218,270288,0,270288,3555
2021-03-31,San Francisco,75,870044,35344,35347,1294,36641,474
2021-03-31,San Joaquin,77,732212,69746,68685,3364,72049,1259
2021-03-31,San Luis Obispo,79,281455,20385,20215,657,20872,251
2021-03-31,San Mateo,81,765935,40857,40423,439,40862,350
2021-03-31,Santa Barbara,83,443738,33454,33052,1205,34257,443
2021-03-31,Santa Clara,85,1922200,113965,114499,680,115179,1874
2021-03-31,Santa Cruz,87,273765,15779,15295,871,16166,201
2021-03-31,Shasta,89,179085,11338,11327,1403,12730,179
2021-03-31,Sierra,91,2930,53,50,14,64,0
2021-03-31,Siskiyou,93,43540,1555,1505,282,1787,7
2021-03-31,Solano,95,438530,30943,30824,420,31244,235
2021-03-31,Sonoma,97,501317,29130,29216,280,29496,311
2021-03-31,Stanislaus,99,539301,52986,52782,5843,58625,687
2021-03-31,Sutter,101,95872,9127,9111,86,9197,106
2021-03-31,Tehama,103,63373,4779,4762,544,5306,52
2021-03-31,Trinity,105,12862,356,319,55,374,3
2021-03-31,Tulare,107,460477,48692,48261,9088,57349,816
2021-03-31,Tuolumne,109,53932,3974,3976,35,4011,57
2021-03-31,Ventura,111,848112,79601,79326,2996,82322,969
2021-03-31,Yolo,113,214977,13369,13359,260,13619,197
2021-03-31,Yuba,115,75493,5725,5686,116,5802,44
2021-03-30,Alameda,1,1643700,83855,83395,1888,85283,1211
2021-03-30,Alpine,3,1148,86,85,0,85,0
2021-03-30,Amador,5,37829,3584,3551,34,3585,45
2021-03-30,Butte,7,227075,11616,11296,1753,13049,193
2021-03-30,Calaveras,9,45235,2004,1997,12,2009,50
2021-03-30,Colusa,11,21464,1886,1890,282,2172,14
2021-03-30,Contra Costa,13,1133247,65786,65041,1194,66235,767
2021-03-30,Del Norte,15,27424,1170,1118,5,1123,6
2021-03-30,El Dorado,17,186661,9419,9381,658,10039,105
2021-03-30,Fresno,19,978130,99232,99156,8569,107725,1609
2021-03-30,Glenn,21,27897,2338,2310,544,2854,17
2021-03-30,Humboldt,23,135768,3459,3461,25,3486,35
2021-03-30,Imperial,25,180216,27573,27471,2763,30234,706
2021-03-30,Inyo,27,18085,1376,1374,2,1376,35
2021-03-30,Kern,29,883053,94939,94151,10724,104875,1221
2021-03-30,Kings,31,150075,22609,22530,1130,23660,238
2021-03-30,Lake,33,64148,3353,3330,8,3338,43
2021-03-30,Lassen,35,31185,5129,5132,109,5241,1
2021-03-30,Los Angeles,37,10098052,1185041,1180044,42486,1222530,23136
2021-03-30,Madera,39,155013,16078,16003,909,16912,229
2021-03-30,Marin,41,260295,13639,13611,215,13826,221
2021-03-30,Mariposa,43,17540,394,388,5,393,5
2021-03-30,Mendocino,45,87422,3748,3670,70,3740,45
2021-03-30,Merced,47,269075,29852,29731,957,30688,423
2021-03-30,Modoc,49,8938,354,346,120,466,3
2021-03-30,Mono,51,14174,1225,1245,12,1257,3
2021-03-30,Monterey,53,433212,42418,42308,1837,44145,338
2021-03-30,Napa,55,140530,9449,9391,33,9424,78
2021-03-30,Nevada,57,99092,4349,4266,184,4450,68
2021-03-30,Orange,59,3164182,250543,249412,11102,260514,4727
2021-03-30,Placer,61,380077,21548,20866,1298,22164,271
2021-03-30,Plumas,63,18699,671,661,11,672,4
2021-03-30,Riverside,65,2383286,286693,282930,14404,297334,4154
2021-03-30,Sacramento,67,1510023,99025,97718,1479,99197,1516
2021-03-30,San Benito,69,59416,5870,5870,99,5969,61
2021-03-30,San Bernardino,71,2135413,288568,285758,8811,294569,4343
2021-03-30,San Diego,73,3302833,270981,269998,0,269998,3555
2021-03-30,San Francisco,75,870044,35294,35325,1293,36618,474
2021-03-30,San Joaquin,77,732212,69659,68613,3353,71966,1232
2021-03-30,San Luis Obispo,79,281455,20365,20194,657,20851,251
2021-03-30,San Mateo,81,765935,40812,40377,439,40816,349
2021-03-30,Santa Barbara,83,443738,33429,33016,1205,34221,441
2021-03-30,Santa Clara,85,1922200,113842,114413,679,115092,1873
2021-03-30,Santa Cruz,87,273765,15773,15278,871,16149,201
2021-03-30,Shasta,89,179085,11330,11316,1402,12718,184
2021-03-30,Sierra,91,2930,53,50,14,64,0
2021-03-30,Siskiyou,93,43540,1554,1501,282,1783,7
2021-03-30,Solano,95,438530,30914,30802,419,31221,232
2021-03-30,Sonoma,97,501317,29098,29198,280,29478,311
2021-03-30,Stanislaus,99,539301,52908,52690,5835,58525,677
2021-03-30,Sutter,101,95872,9123,9107,85,9192,106
2021-03-30,Tehama,103,63373,4770,4748,543,5291,52
2021-03-30,Trinity,105,12862,356,316,55,371,3
2021-03-30,Tulare,107,460477,48679,48249,9078,57327,815
2021-03-30,Tuolumne,109,53932,3969,3972,35,4007,57
2021-03-30,Ventura,111,848112,79557,79282,2993,82275,958
2021-03-30,Yolo,113,214977,13356,13353,260,13613,195
2021-03-30,Yuba,115,75493,5714,5679,110,5789,42
2021-03-29,Alameda,1,1643700,83753,83338,1887,85225,1211
2021-03-29,Alpine,3,1148,86,85,0,85,0
2021-03-29,Amador,5,37829,3578,3549,34,3583,45
2021-03-29,Butte,7,227075,11607,11291,1750,13041,191
2021-03-29,Calaveras,9,45235,2000,1998,12,2010,50
2021-03-29,Colusa,11,21464,1886,1889,281,2170,14
2021-03-29,Contra Costa,13,1133247,65718,64971,1193,66164,767
2021-03-29,Del Norte,15,27424,1165,1116,4,1120,6
2021-03-29,El Dorado,17,186661,9399,9374,652,10026,105
2021-03-29,Fresno,19,978130,99149,99085,8557,107642,1606
2021-03-29,Glenn,21,27897,2332,2310,544,2854,17
2021-03-29,Humboldt,23,135768,3454,3459,25,3484,34
2021-03-29,Imperial,25,180216,27553,27442,2759,30201,704
2021-03-29,Inyo,27,18085,1376,1372,2,1374,35
2021-03-29,Kern,29,883053,94894,94098,10703,104801,1220
2021-03-29,Kings,31,150075,22597,22522,1129,23651,238
2021-03-29,Lake,33,64148,3350,3325,8,3333,43
2021-03-29,Lassen,35,31185,5129,5131,109,5240,1
2021-03-29,Los Angeles,37,10098052,1184551,1179736,42444,1222180,23108
2021-03-29,Madera,39,155013,16058,15987,907,16894,210
2021-03-29,Marin,41,260295,13627,13600,211,13811,220
2021-03-29,Mariposa,43,17540,393,388,5,393,5
2021-03-29,Mendocino,45,87422,3745,3667,70,3737,45
2021-03-29,Merced,47,269075,29828,29699,957,30656,422
2021-03-29,Modoc,49,8938,353,344,120,464,3
2021-03-29,Mono,51,14174,1224,1243,12,1255,3
2021-03-29,Monterey,53,433212,42402,42305,1832,44137,337
2021-03-29,Napa,55,140530,9433,9379,33,9412,78
2021-03-29,Nevada,57,99092,4342,4258,184,4442,68
2021-03-29,Orange,59,3164182,250430,249295,11090,260385,4713
2021-03-29,Placer,61,380077,21513,20827,1291,22118,267
2021-03-29,Plumas,63,18699,670,660,11,671,4
2021-03-29,Riverside,65,2383286,286604,282867,14402,297269,4133
2021-03-29,Sacramento,67,1510023,98832,97577,1471,99048,1514
2021-03-29,San Benito,69,59416,5863,5865,99,5964,61
2021-03-29,San Bernardino,71,2135413,288467,285615,8807,294422,4335
2021-03-29,San Diego,73,3302833,270715,269771,0,269771,3547
2021-03-29,San Francisco,75,870044,35261,35291,1289,36580,474
2021-03-29,San Joaquin,77,732212,69573,68537,3339,71876,1211
2021-03-29,San Luis Obispo,79,281455,20330,20176,655,20831,250
2021-03-29,San Mateo,81,765935,40770,40357,438,40795,348
2021-03-29,Santa Barbara,83,443738,33395,32983,1204,34187,439
2021-03-29,Santa Clara,85,1922200,113736,114335,674,115009,1871
2021-03-29,Santa Cruz,87,273765,15762,15249,870,16119,201
2021-03-29,Shasta,89,179085,11312,11313,1400,12713,183
2021-03-29,Sierra,91,2930,53,50,14,64,0
2021-03-29,Siskiyou,93,43540,1553,1497,281,1778,6
2021-03-29,Solano,95,438530,30875,30762,417,31179,232
2021-03-29,Sonoma,97,501317,29074,29184,277,29461,310
2021-03-29,Stanislaus,99,539301,52824,52614,5827,58441,677
2021-03-29,Sutter,101,95872,9116,9105,85,9190,106
2021-03-29,Tehama,103,63373,4762,4742,542,5284,52
2021-03-29,Trinity,105,12862,356,314,55,369,3
2021-03-29,Tulare,107,460477,48652,48226,9067,57293,815
2021-03-29,Tuolumne,109,53932,3967,3969,35,4004,57
2021-03-29,Ventura,111,848112,79516,79252,2992,82244,956
2021-03-29,Yolo,113,214977,13338,13346,260,13606,195
2021-03-29,Yuba,115,75493,5707,5671,109,5780,42
2021-03-28,Alameda,1,1643700,83631,83239,1885,85124,1212
2021-03-28,Alpine,3,1148,86,85,0,85,0
2021-03-28,Amador,5,37829,3574,3541,34,3575,45
2021-03-28,Butte,7,227075,11594,11285,1748,13033,191
2021-03-28,Calaveras,9,45235,1997,1995,12,2007,50
2021-03-28,Colusa,11,21464,1885,1889,281,2170,14
2021-03-28,Contra Costa,13,1133247,65644,64878,1189,66067,767
2021-03-28,Del Norte,15,27424,1158,1107,2,1109,6
2021-03-28,El Dorado,17,186661,9384,9371,650,10021,105
2021-03-28,Fresno,19,978130,99067,99004,8545,107549,1606
2021-03-28,Glenn,21,27897,2329,2309,542,2851,17
2021-03-28,Humboldt,23,135768,3451,3452,24,3476,34
2021-03-28,Imperial,25,180216,27525,27426,2756,30182,704
2021-03-28,Inyo,27,18085,1375,1372,2,1374,35
2021-03-28,Kern,29,883053,94852,94084,10691,104775,1219
2021-03-28,Kings,31,150075,22593,22514,1125,23639,238
2021-03-28,Lake,33,64148,3345,3320,8,3328,43
2021-03-28,Lassen,35,31185,5129,5131,108,5239,1
2021-03-28,Los Angeles,37,10098052,1184001,1179316,42382,1221698,23101
2021-03-28,Madera,39,155013,16043,15973,906,16879,210
2021-03-28,Marin,41,260295,13614,13594,209,13803,221
2021-03-28,Mariposa,43,17540,393,388,5,393,5
2021-03-28,Mendocino,45,87422,3743,3666,70,3736,45
2021-03-28,Merced,47,269075,29771,29679,957,30636,422
2021-03-28,Modoc,49,8938,353,344,120,464,3
2021-03-28,Mono,51,14174,1223,1242,12,1254,3
2021-03-28,Monterey,53,433212,42379,42294,1828,44122,337
2021-03-28,Napa,55,140530,9419,9368,33,9401,78
2021-03-28,Nevada,57,99092,4328,4239,184,4423,68
2021-03-28,Orange,59,3164182,250277,249238,11079,260317,4713
2021-03-28,Placer,61,380077,21470,20796,1284,22080,267
2021-03-28,Plumas,63,18699,668,657,11,668,4
2021-03-28,Riverside,65,2383286,286501,282811,14394,297205,4132
2021-03-28,Sacramento,67,1510023,98658,97425,1465,98890,1514
2021-03-28,San Benito,69,59416,5858,5862,99,5961,61
2021-03-28,San Bernardino,71,2135413,288349,285570,8796,294366,4332
2021-03-28,San Diego,73,3302833,270442,269476,0,269476,3547
2021-03-28,San Francisco,75,870044,35214,35286,1285,36571,474
2021-03-28,San Joaquin,77,732212,69448,68459,3319,71778,1211
2021-03-28,San Luis Obispo,79,281455,20295,20172,652,20824,250
2021-03-28,San Mateo,81,765935,40725,40305,437,40742,348
2021-03-28,Santa Barbara,83,443738,33356,32953,1203,34156,439
2021-03-28,Santa Clara,85,1922200,113637,114232,670,114902,1871
2021-03-28,Santa Cruz,87,273765,15748,15238,869,16107,201
2021-03-28,Shasta,89,179085,11286,11308,1389,12697,183
2021-03-28,Sierra,91,2930,53,50,14,64,0
2021-03-28,Siskiyou,93,43540,1553,1497,280,1777,6
2021-03-28,Solano,95,438530,30838,30719,415,31134,232
2021-03-28,Sonoma,97,501317,29039,29161,274,29435,310
2021-03-28,Stanislaus,99,539301,52739,52567,5812,58379,678
2021-03-28,Sutter,101,95872,9107,9094,85,9179,106
2021-03-28,Tehama,103,63373,4753,4740,537,5277,52
2021-03-28,Trinity,105,12862,354,314,54,368,3
2021-03-28,Tulare,107,460477,48623,48218,9061,57279,815
2021-03-28,Tuolumne,109,53932,3965,3969,34,4003,57
2021-03-28,Ventura,111,848112,79464,79222,2987,82209,956
2021-03-28,Yolo,113,214977,13320,13325,259,13584,194
2021-03-28,Yuba,115,75493,5703,5662,109,5771,42
2021-03-27,Alameda,1,1643700,83559,83169,1881,85050,1211
2021-03-27,Alpine,3,1148,86,85,0,85,0
2021-03-27,Amador,5,37829,3569,3538,34,3572,45
2021-03-27,Butte,7,227075,11587,11278,1747,13025,191
2021-03-27,Calaveras,9,45235,1997,1992,12,2004,50
2021-03-27,Colusa,11,21464,1885,1889,281,2170,14
2021-03-27,Contra Costa,13,1133247,65575,64804,1186,65990,767
2021-03-27,Del Norte,15,27424,1148,1104,2,1106,6
2021-03-27,El Dorado,17,186661,9370,9367,650,10017,105
2021-03-27,Fresno,19,978130,99015,98901,8540,107441,1606
2021-03-27,Glenn,21,27897,2328,2308,542,2850,17
2021-03-27,Humboldt,23,135768,3446,3442,24,3466,34
2021-03-27,Imperial,25,180216,27513,27406,2753,30159,704
2021-03-27,Inyo,27,18085,1373,1372,2,1374,35
2021-03-27,Kern,29,883053,94834,94041,10677,104718,1217
2021-03-27,Kings,31,150075,22590,22502,1125,23627,238
2021-03-27,Lake,33,64148,3343,3317,8,3325,43
2021-03-27,Lassen,35,31185,5129,5129,108,5237,1
2021-03-27,Los Angeles,37,10098052,1183688,1178831,42353,1221184,23103
2021-03-27,Madera,39,155013,16036,15968,904,16872,210
2021-03-27,Marin,41,260295,13609,13579,209,13788,222
2021-03-27,Mariposa,43,17540,393,386,5,391,5
2021-03-27,Mendocino,45,87422,3742,3666,70,3736,45
2021-03-27,Merced,47,269075,29738,29647,955,30602,422
2021-03-27,Modoc,49,8938,353,344,120,464,3
2021-03-27,Mono,51,14174,1221,1241,12,1253,3
2021-03-27,Monterey,53,433212,42369,42271,1828,44099,337
2021-03-27,Napa,55,140530,9407,9360,33,9393,78
2021-03-27,Nevada,57,99092,4318,4231,184,4415,68
2021-03-27,Orange,59,3164182,250184,249160,11063,260223,4698
2021-03-27,Placer,61,380077,21450,20717,1277,21994,267
2021-03-27,Plumas,63,18699,667,655,11,666,4
2021-03-27,Riverside,65,2383286,286439,282707,14386,297093,4132
2021-03-27,Sacramento,67,1510023,98568,97247,1463,98710,1513
2021-03-27,San Benito,69,59416,5856,5862,97,5959,61
2021-03-27,San Bernardino,71,2135413,288287,285480,8794,294274,4325
2021-03-27,San Diego,73,3302833,270272,269271,0,269271,3540
2021-03-27,San Francisco,75,870044,35190,35244,1283,36527,474
2021-03-27,San Joaquin,77,732212,69388,68365,3310,71675,1211
2021-03-27,San Luis Obispo,79,281455,20284,20153,649,20802,250
2021-03-27,San Mateo,81,765935,40701,40264,437,40701,348
2021-03-27,Santa Barbara,83,443738,33333,32921,1203,34124,439
2021-03-27,Santa Clara,85,1922200,113540,114124,668,114792,1871
2021-03-27,Santa Cruz,87,273765,15742,15215,869,16084,201
2021-03-27,Shasta,89,179085,11275,11288,1387,12675,183
2021-03-27,Sierra,91,2930,53,50,14,64,0
2021-03-27,Siskiyou,93,43540,1553,1497,280,1777,6
2021-03-27,Solano,95,438530,30810,30669,414,31083,232
2021-03-27,Sonoma,97,501317,29024,29133,272,29405,310
2021-03-27,Stanislaus,99,539301,52676,52497,5803,58300,678
2021-03-27,Sutter,101,95872,9099,9093,85,9178,106
2021-03-27,Tehama,103,63373,4747,4738,535,5273,52
2021-03-27,Trinity,105,12862,354,313,54,367,3
2021-03-27,Tulare,107,460477,48607,48203,9053,57256,813
2021-03-27,Tuolumne,109,53932,3962,3968,34,4002,57
2021-03-27,Ventura,111,848112,79437,79184,2985,82169,956
2021-03-27,Yolo,113,214977,13315,13317,258,13575,194
2021-03-27,Yuba,115,75493,5701,5657,109,5766,42
2021-03-26,Alameda,1,1643700,83497,83043,1879,84922,1208
2021-03-26,Alpine,3,1148,86,85,0,85,0
2021-03-26,Amador,5,37829,3564,3532,34,3566,45
2021-03-26,Butte,7,227075,11577,11278,1747,13025,191
2021-03-26,Calaveras,9,45235,1996,1989,12,2001,50
2021-03-26,Colusa,11,21464,1885,1889,281,2170,14
2021-03-26,Contra Costa,13,1133247,65515,64699,1184,65883,761
2021-03-26,Del Norte,15,27424,1145,1101,2,1103,6
2021-03-26,El Dorado,17,186661,9365,9353,650,10003,105
2021-03-26,Fresno,19,978130,98954,98731,8528,107259,1601
2021-03-26,Glenn,21,27897,2328,2307,541,2848,17
2021-03-26,Humboldt,23,135768,3444,3431,24,3455,34
2021-03-26,Imperial,25,180216,27489,27374,2753,30127,701
2021-03-26,Inyo,27,18085,1372,1369,2,1371,35
2021-03-26,Kern,29,883053,94808,93949,10671,104620,1211
2021-03-26,Kings,31,150075,22582,22493,1123,23616,239
2021-03-26,Lake,33,64148,3342,3314,8,3322,43
2021-03-26,Lassen,35,31185,5128,5131,108,5239,1
2021-03-26,Los Angeles,37,10098052,1183353,1178213,42338,1220551,23080
2021-03-26,Madera,39,155013,16026,15952,904,16856,210
2021-03-26,Marin,41,260295,13603,13553,204,13757,221
2021-03-26,Mariposa,43,17540,393,386,5,391,5
2021-03-26,Mendocino,45,87422,3741,3664,70,3734,45
2021-03-26,Merced,47,269075,29715,29613,953,30566,419
2021-03-26,Modoc,49,8938,353,344,120,464,3
2021-03-26,Mono,51,14174,1220,1236,12,1248,3
2021-03-26,Monterey,53,433212,42356,42241,1824,44065,338
2021-03-26,Napa,55,140530,9397,9349,33,9382,78
2021-03-26,Nevada,57,99092,4298,4222,184,4406,83
2021-03-26,Orange,59,3164182,250121,248995,11049,260044,4671
2021-03-26,Placer,61,380077,21424,20679,1275,21954,259
2021-03-26,Plumas,63,18699,666,654,11,665,4
2021-03-26,Riverside,65,2383286,286361,282602,14380,296982,4109
2021-03-26,Sacramento,67,1510023,98468,97040,1458,98498,1509
2021-03-26,San Benito,69,59416,5853,5855,97,5952,61
2021-03-26,San Bernardino,71,2135413,288227,285313,8791,294104,4288
2021-03-26,San Diego,73,3302833,270094,269045,0,269045,3525
2021-03-26,San Francisco,75,870044,35165,35186,1283,36469,472
2021-03-26,San Joaquin,77,732212,69326,68249,3305,71554,1202
2021-03-26,San Luis Obispo,79,281455,20271,20118,649,20767,250
2021-03-26,San Mateo,81,765935,40666,40199,437,40636,348
2021-03-26,Santa Barbara,83,443738,33303,32895,1203,34098,439
2021-03-26,Santa Clara,85,1922200,113442,113959,667,114626,1868
2021-03-26,Santa Cruz,87,273765,15728,15199,868,16067,201
2021-03-26,Shasta,89,179085,11266,11276,1381,12657,182
2021-03-26,Sierra,91,2930,53,50,14,64,0
2021-03-26,Siskiyou,93,43540,1553,1493,279,1772,6
2021-03-26,Solano,95,438530,30785,30640,414,31054,205
2021-03-26,Sonoma,97,501317,29008,29101,269,29370,310
2021-03-26,Stanislaus,99,539301,52608,52420,5799,58219,678
2021-03-26,Sutter,101,95872,9097,9082,85,9167,104
2021-03-26,Tehama,103,63373,4746,4722,534,5256,51
2021-03-26,Trinity,105,12862,354,311,54,365,3
2021-03-26,Tulare,107,460477,48593,48179,9044,57223,813
2021-03-26,Tuolumne,109,53932,3961,3965,34,3999,57
2021-03-26,Ventura,111,848112,79404,79122,2983,82105,953
2021-03-26,Yolo,113,214977,13307,13299,256,13555,194
2021-03-26,Yuba,115,75493,5691,5653,109,5762,42
2021-03-25,Alameda,1,1643700,83397,82945,1877,84822,1206
2021-03-25,Alpine,3,1148,86,84,0,84,0
2021-03-25,Amador,5,37829,3562,3530,34,3564,45
2021-03-25,Butte,7,227075,11567,11270,1747,13017,188
2021-03-25,Calaveras,9,45235,1991,1982,12,1994,50
2021-03-25,Colusa,11,21464,1885,1888,281,2169,14
2021-03-25,Contra Costa,13,1133247,65448,64606,1180,65786,757
2021-03-25,Del Norte,15,27424,1139,1095,2,1097,6
2021-03-25,El Dorado,17,186661,9355,9331,650,9981,105
2021-03-25,Fresno,19,978130,98838,98602,8513,107115,1593
2021-03-25,Glenn,21,27897,2327,2302,540,2842,17
2021-03-25,Humboldt,23,135768,3439,3423,24,3447,34
2021-03-25,Imperial,25,180216,27473,27352,2752,30104,699
2021-03-25,Inyo,27,18085,1372,1369,2,1371,35
2021-03-25,Kern,29,883053,94776,93857,10666,104523,1206
2021-03-25,Kings,31,150075,22572,22472,1123,23595,237
2021-03-25,Lake,33,64148,3337,3312,8,3320,43
2021-03-25,Lassen,35,31185,5128,5129,108,5237,1
2021-03-25,Los Angeles,37,10098052,1182926,1177490,42300,1219790,23051
2021-03-25,Madera,39,155013,16007,15937,901,16838,210
2021-03-25,Marin,41,260295,13594,13538,201,13739,219
2021-03-25,Mariposa,43,17540,393,386,5,391,5
2021-03-25,Mendocino,45,87422,3740,3664,70,3734,45
2021-03-25,Merced,47,269075,29681,29576,944,30520,416
2021-03-25,Modoc,49,8938,353,343,120,463,3
2021-03-25,Mono,51,14174,1220,1235,12,1247,3
2021-03-25,Monterey,53,433212,42335,42220,1819,44039,336
2021-03-25,Napa,55,140530,9378,9321,33,9354,78
2021-03-25,Nevada,57,99092,4280,4202,182,4384,84
2021-03-25,Orange,59,3164182,250010,248871,11027,259898,4655
2021-03-25,Placer,61,380077,21385,20639,1268,21907,252
2021-03-25,Plumas,63,18699,666,654,11,665,4
2021-03-25,Riverside,65,2383286,286265,282492,14369,296861,4078
2021-03-25,Sacramento,67,1510023,98324,96823,1455,98278,1505
2021-03-25,San Benito,69,59416,5850,5850,97,5947,61
2021-03-25,San Bernardino,71,2135413,288143,285134,8786,293920,4222
2021-03-25,San Diego,73,3302833,269867,268623,0,268623,3520
2021-03-25,San Francisco,75,870044,35126,35154,1281,36435,468
2021-03-25,San Joaquin,77,732212,69230,68089,3256,71345,1196
2021-03-25,San Luis Obispo,79,281455,20254,20076,648,20724,250
2021-03-25,San Mateo,81,765935,40626,40147,437,40584,348
2021-03-25,Santa Barbara,83,443738,33276,32857,1202,34059,439
2021-03-25,Santa Clara,85,1922200,113340,113877,665,114542,1868
2021-03-25,Santa Cruz,87,273765,15707,15170,868,16038,201
2021-03-25,Shasta,89,179085,11249,11262,1379,12641,181
2021-03-25,Sierra,91,2930,53,50,14,64,0
2021-03-25,Siskiyou,93,43540,1551,1491,278,1769,6
2021-03-25,Solano,95,438530,30725,30583,412,30995,193
2021-03-25,Sonoma,97,501317,28974,29060,265,29325,310
2021-03-25,Stanislaus,99,539301,52542,52321,5792,58113,678
2021-03-25,Sutter,101,95872,9088,9069,85,9154,104
2021-03-25,Tehama,103,63373,4744,4719,533,5252,52
2021-03-25,Trinity,105,12862,354,310,54,364,3
2021-03-25,Tulare,107,460477,48568,48148,9031,57179,811
2021-03-25,Tuolumne,109,53932,3960,3962,34,3996,57
2021-03-25,Ventura,111,848112,79364,79045,2979,82024,952
2021-03-25,Yolo,113,214977,13300,13287,256,13543,194
2021-03-25,Yuba,115,75493,5685,5647,102,5749,42
2021-03-24,Alameda,1,1643700,83303,82871,1874,84745,1199
2021-03-24,Alpine,3,1148,86,84,0,84,0
2021-03-24,Amador,5,37829,3556,3529,34,3563,45
2021-03-24,Butte,7,227075,11557,11252,1743,12995,187
2021-03-24,Calaveras,9,45235,1987,1975,12,1987,50
2021-03-24,Colusa,11,21464,1885,1886,280,2166,14
2021-03-24,Contra Costa,13,1133247,65368,64539,1179,65718,755
2021-03-24,Del Norte,15,27424,1134,1087,2,1089,6
2021-03-24,El Dorado,17,186661,9349,9319,649,9968,105
2021-03-24,Fresno,19,978130,98749,98437,8498,106935,1585
2021-03-24,Glenn,21,27897,2326,2297,539,2836,17
2021-03-24,Humboldt,23,135768,3436,3414,24,3438,34
2021-03-24,Imperial,25,180216,27464,27325,2752,30077,699
2021-03-24,Inyo,27,18085,1372,1368,2,1370,35
2021-03-24,Kern,29,883053,94730,93800,10657,104457,1198
2021-03-24,Kings,31,150075,22558,22456,1121,23577,237
2021-03-24,Lake,33,64148,3333,3307,8,3315,43
2021-03-24,Lassen,35,31185,5126,5130,107,5237,1
2021-03-24,Los Angeles,37,10098052,1182455,1177015,42263,1219278,22993
2021-03-24,Madera,39,155013,15998,15918,900,16818,210
2021-03-24,Marin,41,260295,13581,13526,199,13725,219
2021-03-24,Mariposa,43,17540,393,384,5,389,5
2021-03-24,Mendocino,45,87422,3737,3660,70,3730,45
2021-03-24,Merced,47,269075,29640,29525,944,30469,415
2021-03-24,Modoc,49,8938,352,341,120,461,3
2021-03-24,Mono,51,14174,1219,1243,12,1255,3
2021-03-24,Monterey,53,433212,42313,42201,1816,44017,335
2021-03-24,Napa,55,140530,9358,9310,33,9343,78
2021-03-24,Nevada,57,99092,4266,4191,181,4372,85
2021-03-24,Orange,59,3164182,249894,248775,11008,259783,4638
2021-03-24,Placer,61,380077,21355,20606,1260,21866,250
2021-03-24,Plumas,63,18699,664,652,11,663,4
2021-03-24,Riverside,65,2383286,286182,282410,14367,296777,4058
2021-03-24,Sacramento,67,1510023,98150,96628,1443,98071,1500
2021-03-24,San Benito,69,59416,5849,5847,97,5944,61
2021-03-24,San Bernardino,71,2135413,288051,284983,8785,293768,4170
2021-03-24,San Diego,73,3302833,269652,268413,0,268413,3509
2021-03-24,San Francisco,75,870044,35098,35103,1278,36381,462
2021-03-24,San Joaquin,77,732212,69159,67978,3244,71222,1196
2021-03-24,San Luis Obispo,79,281455,20224,20021,647,20668,250
2021-03-24,San Mateo,81,765935,40577,40083,437,40520,348
2021-03-24,Santa Barbara,83,443738,33249,32810,1202,34012,438
2021-03-24,Santa Clara,85,1922200,113227,113757,661,114418,1851
2021-03-24,Santa Cruz,87,273765,15694,15138,866,16004,202
2021-03-24,Shasta,89,179085,11230,11243,1377,12620,181
2021-03-24,Sierra,91,2930,53,50,14,64,0
2021-03-24,Siskiyou,93,43540,1549,1490,278,1768,6
2021-03-24,Solano,95,438530,30688,30552,411,30963,178
2021-03-24,Sonoma,97,501317,28955,29034,260,29294,310
2021-03-24,Stanislaus,99,539301,52466,52259,5784,58043,677
2021-03-24,Sutter,101,95872,9072,9049,85,9134,104
2021-03-24,Tehama,103,63373,4738,4719,532,5251,49
2021-03-24,Trinity,105,12862,353,310,54,364,3
2021-03-24,Tulare,107,460477,48558,48109,9018,57127,808
2021-03-24,Tuolumne,109,53932,3959,3961,34,3995,57
2021-03-24,Ventura,111,848112,79312,78993,2972,81965,944
2021-03-24,Yolo,113,214977,13289,13269,256,13525,194
2021-03-24,Yuba,115,75493,5679,5634,99,5733,42
2021-03-23,Alameda,1,1643700,83201,82799,1870,84669,1190
2021-03-23,Alpine,3,1148,86,84,0,84,0
2021-03-23,Amador,5,37829,3550,3524,34,3558,45
2021-03-23,Butte,7,227075,11546,11227,1742,12969,187
2021-03-23,Calaveras,9,45235,1987,1971,12,1983,50
2021-03-23,Colusa,11,21464,1883,1885,279,2164,14
2021-03-23,Contra Costa,13,1133247,65269,64491,1178,65669,750
2021-03-23,Del Norte,15,27424,1129,1082,2,1084,6
2021-03-23,El Dorado,17,186661,9339,9318,647,9965,105
2021-03-23,Fresno,19,978130,98638,98362,8473,106835,1575
2021-03-23,Glenn,21,27897,2321,2293,537,2830,17
2021-03-23,Humboldt,23,135768,3427,3405,24,3429,34
2021-03-23,Imperial,25,180216,27456,27320,2752,30072,699
2021-03-23,Inyo,27,18085,1370,1364,2,1366,35
2021-03-23,Kern,29,883053,94624,93728,10650,104378,1191
2021-03-23,Kings,31,150075,22547,22439,1119,23558,237
2021-03-23,Lake,33,64148,3331,3294,8,3302,43
2021-03-23,Lassen,35,31185,5126,5130,107,5237,1
2021-03-23,Los Angeles,37,10098052,1181943,1176572,42223,1218795,22904
2021-03-23,Madera,39,155013,15982,15908,899,16807,210
2021-03-23,Marin,41,260295,13558,13514,197,13711,221
2021-03-23,Mariposa,43,17540,392,384,5,389,5
2021-03-23,Mendocino,45,87422,3735,3652,70,3722,45
2021-03-23,Merced,47,269075,29608,29485,944,30429,415
2021-03-23,Modoc,49,8938,351,342,120,462,3
2021-03-23,Mono,51,14174,1218,1263,12,1275,3
2021-03-23,Monterey,53,433212,42302,42180,1814,43994,335
2021-03-23,Napa,55,140530,9333,9299,33,9332,78
2021-03-23,Nevada,57,99092,4247,4179,180,4359,89
2021-03-23,Orange,59,3164182,249768,248661,10989,259650,4626
2021-03-23,Placer,61,380077,21320,20567,1256,21823,248
2021-03-23,Plumas,63,18699,664,652,11,663,4
2021-03-23,Riverside,65,2383286,286088,282317,14359,296676,4035
2021-03-23,Sacramento,67,1510023,97958,96521,1438,97959,1496
2021-03-23,San Benito,69,59416,5844,5845,96,5941,61
2021-03-23,San Bernardino,71,2135413,287967,284875,8777,293652,4134
2021-03-23,San Diego,73,3302833,269407,268156,0,268156,3498
2021-03-23,San Francisco,75,870044,35041,35071,1271,36342,462
2021-03-23,San Joaquin,77,732212,69063,67903,3226,71129,1182
2021-03-23,San Luis Obispo,79,281455,20184,20009,646,20655,250
2021-03-23,San Mateo,81,765935,40519,40032,436,40468,348
2021-03-23,Santa Barbara,83,443738,33211,32771,1201,33972,438
2021-03-23,Santa Clara,85,1922200,113110,113645,658,114303,1848
2021-03-23,Santa Cruz,87,273765,15679,15106,866,15972,201
2021-03-23,Shasta,89,179085,11217,11234,1376,12610,175
2021-03-23,Sierra,91,2930,53,50,14,64,0
2021-03-23,Siskiyou,93,43540,1544,1485,276,1761,6
2021-03-23,Solano,95,438530,30647,30524,410,30934,178
2021-03-23,Sonoma,97,501317,28920,29020,258,29278,310
2021-03-23,Stanislaus,99,539301,52366,52148,5776,57924,677
2021-03-23,Sutter,101,95872,9064,9039,85,9124,104
2021-03-23,Tehama,103,63373,4727,4707,531,5238,46
2021-03-23,Trinity,105,12862,353,310,54,364,3
2021-03-23,Tulare,107,460477,48531,48095,9002,57097,808
2021-03-23,Tuolumne,109,53932,3956,3957,34,3991,57
2021-03-23,Ventura,111,848112,79251,78930,2969,81899,932
2021-03-23,Yolo,113,214977,13278,13255,256,13511,194
2021-03-23,Yuba,115,75493,5674,5628,99,5727,42
2021-03-22,Alameda,1,1643700,83109,82748,1865,84613,1189
2021-03-22,Alpine,3,1148,85,83,0,83,0
2021-03-22,Amador,5,37829,3542,3522,34,3556,44
2021-03-22,Butte,7,227075,11537,11211,1740,12951,185
2021-03-22,Calaveras,9,45235,1985,1963,12,1975,49
2021-03-22,Colusa,11,21464,1882,1885,278,2163,13
2021-03-22,Contra Costa,13,1133247,65174,64432,1176,65608,740
2021-03-22,Del Norte,15,27424,1123,1082,2,1084,6
2021-03-22,El Dorado,17,186661,9323,9310,644,9954,105
2021-03-22,Fresno,19,978130,98542,98276,8459,106735,1556
2021-03-22,Glenn,21,27897,2313,2291,537,2828,17
2021-03-22,Humboldt,23,135768,3422,3403,24,3427,34
2021-03-22,Imperial,25,180216,27441,27302,2748,30050,699
2021-03-22,Inyo,27,18085,1367,1363,2,1365,35
2021-03-22,Kern,29,883053,94555,93675,10633,104308,1178
2021-03-22,Kings,31,150075,22534,22433,1114,23547,236
2021-03-22,Lake,33,64148,3330,3290,8,3298,43
2021-03-22,Lassen,35,31185,5124,5129,107,5236,1
2021-03-22,Los Angeles,37,10098052,1181439,1176205,42188,1218393,22843
2021-03-22,Madera,39,155013,15967,15904,899,16803,210
2021-03-22,Marin,41,260295,13549,13501,196,13697,221
2021-03-22,Mariposa,43,17540,391,381,5,386,5
2021-03-22,Mendocino,45,87422,3733,3653,70,3723,45
2021-03-22,Merced,47,269075,29565,29468,941,30409,413
2021-03-22,Modoc,49,8938,349,342,120,462,3
2021-03-22,Mono,51,14174,1213,1263,12,1275,3
2021-03-22,Monterey,53,433212,42285,42161,1812,43973,335
2021-03-22,Napa,55,140530,9322,9288,33,9321,77
2021-03-22,Nevada,57,99092,4237,4174,175,4349,89
2021-03-22,Orange,59,3164182,249618,248517,10954,259471,4599
2021-03-22,Placer,61,380077,21284,20543,1251,21794,242
2021-03-22,Plumas,63,18699,664,652,11,663,4
2021-03-22,Riverside,65,2383286,285996,282242,14347,296589,4009
2021-03-22,Sacramento,67,1510023,97781,96385,1428,97813,1493
2021-03-22,San Benito,69,59416,5841,5844,95,5939,61
2021-03-22,San Bernardino,71,2135413,287879,284771,8764,293535,4107
2021-03-22,San Diego,73,3302833,269196,267913,0,267913,3494
2021-03-22,San Francisco,75,870044,34999,35040,1267,36307,462
2021-03-22,San Joaquin,77,732212,68972,67815,3207,71022,1182
2021-03-22,San Luis Obispo,79,281455,20160,20000,645,20645,250
2021-03-22,San Mateo,81,765935,40469,40024,434,40458,348
2021-03-22,Santa Barbara,83,443738,33166,32756,1198,33954,437
2021-03-22,Santa Clara,85,1922200,112991,113575,658,114233,1845
2021-03-22,Santa Cruz,87,273765,15667,15077,865,15942,201
2021-03-22,Shasta,89,179085,11203,11218,1375,12593,150
2021-03-22,Sierra,91,2930,53,50,14,64,0
2021-03-22,Siskiyou,93,43540,1543,1487,275,1762,5
2021-03-22,Solano,95,438530,30608,30490,406,30896,171
2021-03-22,Sonoma,97,501317,28891,29010,254,29264,310
2021-03-22,Stanislaus,99,539301,52282,52083,5771,57854,677
2021-03-22,Sutter,101,95872,9051,9024,85,9109,104
2021-03-22,Tehama,103,63373,4719,4704,531,5235,45
2021-03-22,Trinity,105,12862,353,310,54,364,3
2021-03-22,Tulare,107,460477,48516,48074,8981,57055,807
2021-03-22,Tuolumne,109,53932,3953,3954,34,3988,57
2021-03-22,Ventura,111,848112,79203,78890,2966,81856,927
2021-03-22,Yolo,113,214977,13266,13243,255,13498,190
2021-03-22,Yuba,115,75493,5663,5627,97,5724,42
2021-03-21,Alameda,1,1643700,83020,82684,1862,84546,1187
2021-03-21,Alpine,3,1148,85,83,0,83,0
2021-03-21,Amador,5,37829,3538,3519,34,3553,44
2021-03-21,Butte,7,227075,11521,11208,1734,12942,185
2021-03-21,Calaveras,9,45235,1982,1962,12,1974,49
2021-03-21,Colusa,11,21464,1882,1885,278,2163,13
2021-03-21,Contra Costa,13,1133247,65092,64382,1172,65554,740
2021-03-21,Del Norte,15,27424,1108,1076,2,1078,6
2021-03-21,El Dorado,17,186661,9313,9302,639,9941,105
2021-03-21,Fresno,19,978130,98430,98211,8435,106646,1556
2021-03-21,Glenn,21,27897,2310,2288,536,2824,17
2021-03-21,Humboldt,23,135768,3417,3402,24,3426,34
2021-03-21,Imperial,25,180216,27424,27267,2739,30006,699
2021-03-21,Inyo,27,18085,1367,1363,2,1365,35
2021-03-21,Kern,29,883053,94491,93649,10622,104271,1170
2021-03-21,Kings,31,150075,22517,22422,1113,23535,236
2021-03-21,Lake,33,64148,3326,3286,8,3294,43
2021-03-21,Lassen,35,31185,5124,5129,107,5236,1
2021-03-21,Los Angeles,37,10098052,1180917,1175684,42136,1217820,22834
2021-03-21,Madera,39,155013,15948,15895,897,16792,210
2021-03-21,Marin,41,260295,13533,13495,195,13690,220
2021-03-21,Mariposa,43,17540,391,381,5,386,5
2021-03-21,Mendocino,45,87422,3730,3651,70,3721,45
2021-03-21,Merced,47,269075,29505,29446,935,30381,413
2021-03-21,Modoc,49,8938,349,341,120,461,3
2021-03-21,Mono,51,14174,1208,1263,12,1275,3
2021-03-21,Monterey,53,433212,42260,42153,1809,43962,335
2021-03-21,Napa,55,140530,9302,9282,33,9315,77
2021-03-21,Nevada,57,99092,4224,4169,175,4344,89
2021-03-21,Orange,59,3164182,249486,248442,10926,259368,4598
2021-03-21,Placer,61,380077,21248,20520,1243,21763,242
2021-03-21,Plumas,63,18699,664,653,11,664,4
2021-03-21,Riverside,65,2383286,285891,282187,14335,296522,4009
2021-03-21,Sacramento,67,1510023,97586,96269,1420,97689,1489
2021-03-21,San Benito,69,59416,5835,5842,95,5937,61
2021-03-21,San Bernardino,71,2135413,287783,284732,8757,293489,4094
2021-03-21,San Diego,73,3302833,268936,267724,0,267724,3494
2021-03-21,San Francisco,75,870044,34952,35012,1260,36272,460
2021-03-21,San Joaquin,77,732212,68850,67729,3189,70918,1182
2021-03-21,San Luis Obispo,79,281455,20128,19979,643,20622,250
2021-03-21,San Mateo,81,765935,40425,39988,433,40421,344
2021-03-21,Santa Barbara,83,443738,33127,32743,1196,33939,437
2021-03-21,Santa Clara,85,1922200,112862,113487,655,114142,1840
2021-03-21,Santa Cruz,87,273765,15660,15064,865,15929,199
2021-03-21,Shasta,89,179085,11183,11215,1374,12589,150
2021-03-21,Sierra,91,2930,53,50,14,64,0
2021-03-21,Siskiyou,93,43540,1543,1486,274,1760,5
2021-03-21,Solano,95,438530,30568,30474,403,30877,171
2021-03-21,Sonoma,97,501317,28863,28986,253,29239,310
2021-03-21,Stanislaus,99,539301,52192,52014,5770,57784,677
2021-03-21,Sutter,101,95872,9038,9021,85,9106,104
2021-03-21,Tehama,103,63373,4715,4701,531,5232,45
2021-03-21,Trinity,105,12862,351,310,54,364,3
2021-03-21,Tulare,107,460477,48500,48060,8969,57029,807
2021-03-21,Tuolumne,109,53932,3951,3953,34,3987,57
2021-03-21,Ventura,111,848112,79139,78863,2961,81824,927
2021-03-21,Yolo,113,214977,13245,13235,255,13490,190
2021-03-21,Yuba,115,75493,5653,5624,97,5721,42
2021-03-20,Alameda,1,1643700,82951,82614,1860,84474,1178
2021-03-20,Alpine,3,1148,85,83,0,83,0
2021-03-20,Amador,5,37829,3536,3518,34,3552,44
2021-03-20,Butte,7,227075,11515,11199,1732,12931,185
2021-03-20,Calaveras,9,45235,1978,1961,12,1973,49
2021-03-20,Colusa,11,21464,1882,1883,278,2161,12
2021-03-20,Contra Costa,13,1133247,65032,64313,1172,65485,713
2021-03-20,Del Norte,15,27424,1107,1075,2,1077,6
2021-03-20,El Dorado,17,186661,9307,9290,639,9929,105
2021-03-20,Fresno,19,978130,98370,98112,8428,106540,1532
2021-03-20,Glenn,21,27897,2309,2288,534,2822,17
2021-03-20,Humboldt,23,135768,3410,3399,24,3423,33
2021-03-20,Imperial,25,180216,27418,27239,2737,29976,695
2021-03-20,Inyo,27,18085,1367,1362,2,1364,35
2021-03-20,Kern,29,883053,94462,93606,10617,104223,1155
2021-03-20,Kings,31,150075,22510,22415,1112,23527,236
2021-03-20,Lake,33,64148,3322,3280,8,3288,43
2021-03-20,Lassen,35,31185,5124,5128,107,5235,1
2021-03-20,Los Angeles,37,10098052,1180622,1175290,42108,1217398,22810
2021-03-20,Madera,39,155013,15940,15891,896,16787,210
2021-03-20,Marin,41,260295,13521,13470,191,13661,220
2021-03-20,Mariposa,43,17540,390,381,5,386,5
2021-03-20,Mendocino,45,87422,3729,3639,70,3709,43
2021-03-20,Merced,47,269075,29474,29411,932,30343,412
2021-03-20,Modoc,49,8938,348,341,120,461,3
2021-03-20,Mono,51,14174,1208,1256,12,1268,3
2021-03-20,Monterey,53,433212,42251,42146,1808,43954,334
2021-03-20,Napa,55,140530,9294,9274,33,9307,77
2021-03-20,Nevada,57,99092,4213,4164,174,4338,89
2021-03-20,Orange,59,3164182,249404,248348,10913,259261,4522
2021-03-20,Placer,61,380077,21226,20505,1241,21746,242
2021-03-20,Plumas,63,18699,661,652,11,663,4
2021-03-20,Riverside,65,2383286,285818,282081,14331,296412,4000
2021-03-20,Sacramento,67,1510023,97476,96126,1416,97542,1488
2021-03-20,San Benito,69,59416,5831,5840,95,5935,61
2021-03-20,San Bernardino,71,2135413,287718,284690,8753,293443,3965
2021-03-20,San Diego,73,3302833,268765,267532,0,267532,3493
2021-03-20,San Francisco,75,870044,34929,34968,1253,36221,453
2021-03-20,San Joaquin,77,732212,68809,67662,3182,70844,1161
2021-03-20,San Luis Obispo,79,281455,20112,19951,637,20588,250
2021-03-20,San Mateo,81,765935,40391,39958,432,40390,344
2021-03-20,Santa Barbara,83,443738,33103,32723,1195,33918,434
2021-03-20,Santa Clara,85,1922200,112770,113384,654,114038,1799
2021-03-20,Santa Cruz,87,273765,15644,15053,865,15918,199
2021-03-20,Shasta,89,179085,11177,11211,1374,12585,147
2021-03-20,Sierra,91,2930,53,50,14,64,0
2021-03-20,Siskiyou,93,43540,1543,1483,274,1757,5
2021-03-20,Solano,95,438530,30538,30439,403,30842,170
2021-03-20,Sonoma,97,501317,28848,28962,252,29214,309
2021-03-20,Stanislaus,99,539301,52136,51925,5762,57687,673
2021-03-20,Sutter,101,95872,9030,9014,85,9099,103
2021-03-20,Tehama,103,63373,4710,4696,529,5225,33
2021-03-20,Trinity,105,12862,350,310,54,364,3
2021-03-20,Tulare,107,460477,48485,48030,8952,56982,804
2021-03-20,Tuolumne,109,53932,3948,3950,34,3984,57
2021-03-20,Ventura,111,848112,79102,78818,2959,81777,922
2021-03-20,Yolo,113,214977,13241,13226,255,13481,190
2021-03-20,Yuba,115,75493,5650,5621,96,5717,42
2021-03-19,Alameda,1,1643700,82878,82499,1858,84357,1187
2021-03-19,Alpine,3,1148,84,82,0,82,0
2021-03-19,Amador,5,37829,3533,3515,34,3549,44
2021-03-19,Butte,7,227075,11506,11191,1729,12920,185
2021-03-19,Calaveras,9,45235,1977,1957,12,1969,49
2021-03-19,Colusa,11,21464,1881,1883,278,2161,12
2021-03-19,Contra Costa,13,1133247,64973,64195,1169,65364,737
2021-03-19,Del Norte,15,27424,1101,1071,0,1071,6
2021-03-19,El Dorado,17,186661,9298,9274,639,9913,105
2021-03-19,Fresno,19,978130,98289,97969,8413,106382,1527
2021-03-19,Glenn,21,27897,2309,2282,534,2816,17
2021-03-19,Humboldt,23,135768,3401,3388,24,3412,33
2021-03-19,Imperial,25,180216,27407,27218,2732,29950,695
2021-03-19,Inyo,27,18085,1365,1356,2,1358,35
2021-03-19,Kern,29,883053,94429,93534,10604,104138,1152
2021-03-19,Kings,31,150075,22501,22369,1109,23478,235
2021-03-19,Lake,33,64148,3316,3262,8,3270,43
2021-03-19,Lassen,35,31185,5124,5126,107,5233,1
2021-03-19,Los Angeles,37,10098052,1180287,1174818,42092,1216910,22752
2021-03-19,Madera,39,155013,15933,15877,895,16772,210
2021-03-19,Marin,41,260295,13509,13441,191,13632,220
2021-03-19,Mariposa,43,17540,389,380,5,385,5
2021-03-19,Mendocino,45,87422,3728,3639,70,3709,45
2021-03-19,Merced,47,269075,29445,29376,931,30307,412
2021-03-19,Modoc,49,8938,348,341,120,461,3
2021-03-19,Mono,51,14174,1206,1244,12,1256,3
2021-03-19,Monterey,53,433212,42242,42125,1806,43931,335
2021-03-19,Napa,55,140530,9282,9256,33,9289,77
2021-03-19,Nevada,57,99092,4202,4156,174,4330,88
2021-03-19,Orange,59,3164182,249305,248146,10900,259046,4501
2021-03-19,Placer,61,380077,21208,20451,1239,21690,242
2021-03-19,Plumas,63,18699,661,650,11,661,4
2021-03-19,Riverside,65,2383286,285736,281937,14326,296263,3989
2021-03-19,Sacramento,67,1510023,97374,95934,1413,97347,1486
2021-03-19,San Benito,69,59416,5831,5845,95,5940,61
2021-03-19,San Bernardino,71,2135413,287652,284501,8751,293252,4017
2021-03-19,San Diego,73,3302833,268630,267173,0,267173,3491
2021-03-19,San Francisco,75,870044,34884,34936,1250,36186,461
2021-03-19,San Joaquin,77,732212,68739,67515,3168,70683,1180
2021-03-19,San Luis Obispo,79,281455,20092,19913,635,20548,249
2021-03-19,San Mateo,81,765935,40367,39893,432,40325,344
2021-03-19,Santa Barbara,83,443738,33074,32685,1194,33879,435
2021-03-19,Santa Clara,85,1922200,112696,113232,653,113885,1797
2021-03-19,Santa Cruz,87,273765,15637,15026,865,15891,199
2021-03-19,Shasta,89,179085,11170,11104,1372,12476,103
2021-03-19,Sierra,91,2930,52,49,14,63,0
2021-03-19,Siskiyou,93,43540,1543,1480,273,1753,5
2021-03-19,Solano,95,438530,30508,30395,401,30796,172
2021-03-19,Sonoma,97,501317,28827,28932,250,29182,292
2021-03-19,Stanislaus,99,539301,52078,51755,5759,57514,679
2021-03-19,Sutter,101,95872,9028,9005,85,9090,103
2021-03-19,Tehama,103,63373,4702,4685,529,5214,33
2021-03-19,Trinity,105,12862,350,310,54,364,3
2021-03-19,Tulare,107,460477,48462,47989,8929,56918,805
2021-03-19,Tuolumne,109,53932,3945,3946,34,3980,57
2021-03-19,Ventura,111,848112,79064,78753,2954,81707,920
2021-03-19,Yolo,113,214977,13233,13197,255,13452,189
2021-03-19,Yuba,115,75493,5647,5615,95,5710,42
2021-03-18,Alameda,1,1643700,82794,82419,1855,84274,1189
2021-03-18,Alpine,3,1148,84,82,0,82,0
2021-03-18,Amador,5,37829,3529,3513,34,3547,44
2021-03-18,Butte,7,227075,11495,11179,1727,12906,185
2021-03-18,Calaveras,9,45235,1975,1954,12,1966,49
2021-03-18,Colusa,11,21464,1881,1882,278,2160,12
2021-03-18,Contra Costa,13,1133247,64900,64103,1166,65269,739
2021-03-18,Del Norte,15,27424,1092,1059,0,1059,6
2021-03-18,El Dorado,17,186661,9285,9261,638,9899,105
2021-03-18,Fresno,19,978130,98194,97856,8398,106254,1527
2021-03-18,Glenn,21,27897,2305,2275,533,2808,17
2021-03-18,Humboldt,23,135768,3394,3381,24,3405,34
2021-03-18,Imperial,25,180216,27391,27190,2726,29916,695
2021-03-18,Inyo,27,18085,1362,1354,2,1356,35
2021-03-18,Kern,29,883053,94373,93458,10590,104048,1158
2021-03-18,Kings,31,150075,22495,22354,1108,23462,235
2021-03-18,Lake,33,64148,3313,3260,8,3268,43
2021-03-18,Lassen,35,31185,5123,5126,107,5233,1
2021-03-18,Los Angeles,37,10098052,1179859,1174205,42061,1216266,22689
2021-03-18,Madera,39,155013,15923,15860,893,16753,211
2021-03-18,Marin,41,260295,13491,13435,190,13625,219
2021-03-18,Mariposa,43,17540,387,380,5,385,5
2021-03-18,Mendocino,45,87422,3718,3630,70,3700,45
2021-03-18,Merced,47,269075,29410,29317,931,30248,410
2021-03-18,Modoc,49,8938,348,341,120,461,3
2021-03-18,Mono,51,14174,1202,1215,12,1227,3
2021-03-18,Monterey,53,433212,42228,42105,1806,43911,335
2021-03-18,Napa,55,140530,9273,9243,33,9276,77
2021-03-18,Nevada,57,99092,4195,4154,174,4328,74
2021-03-18,Orange,59,3164182,249202,248050,10887,258937,4514
2021-03-18,Placer,61,380077,21175,20421,1236,21657,243
2021-03-18,Plumas,63,18699,659,648,11,659,4
2021-03-18,Riverside,65,2383286,285657,281789,14319,296108,3957
2021-03-18,Sacramento,67,1510023,97223,95819,1409,97228,1481
2021-03-18,San Benito,69,59416,5829,5842,95,5937,61
2021-03-18,San Bernardino,71,2135413,287572,284294,8721,293015,4076
2021-03-18,San Diego,73,3302833,268478,266752,0,266752,3478
2021-03-18,San Francisco,75,870044,34846,34904,1249,36153,461
2021-03-18,San Joaquin,77,732212,68639,67301,3156,70457,1169
2021-03-18,San Luis Obispo,79,281455,20063,19894,634,20528,249
2021-03-18,San Mateo,81,765935,40326,39874,432,40306,344
2021-03-18,Santa Barbara,83,443738,33032,32640,1194,33834,434
2021-03-18,Santa Clara,85,1922200,112579,113119,649,113768,1808
2021-03-18,Santa Cruz,87,273765,15627,14998,865,15863,198
2021-03-18,Shasta,89,179085,11156,11059,1370,12429,100
2021-03-18,Sierra,91,2930,52,49,14,63,0
2021-03-18,Siskiyou,93,43540,1540,1480,272,1752,5
2021-03-18,Solano,95,438530,30466,30352,398,30750,172
2021-03-18,Sonoma,97,501317,28805,28915,248,29163,292
2021-03-18,Stanislaus,99,539301,52007,51615,5755,57370,682
2021-03-18,Sutter,101,95872,9016,8999,85,9084,103
2021-03-18,Tehama,103,63373,4696,4683,528,5211,35
2021-03-18,Trinity,105,12862,350,310,54,364,3
2021-03-18,Tulare,107,460477,48443,47964,8914,56878,805
2021-03-18,Tuolumne,109,53932,3945,3942,34,3976,57
2021-03-18,Ventura,111,848112,79008,78697,2954,81651,918
2021-03-18,Yolo,113,214977,13220,13183,255,13438,191
2021-03-18,Yuba,115,75493,5643,5612,95,5707,42
2021-03-17,Alameda,1,1643700,82719,82353,1850,84203,1185
2021-03-17,Alpine,3,1148,84,82,0,82,0
2021-03-17,Amador,5,37829,3527,3511,34,3545,44
2021-03-17,Butte,7,227075,11486,11170,1725,12895,185
2021-03-17,Calaveras,9,45235,1974,1946,12,1958,49
2021-03-17,Colusa,11,21464,1880,1882,278,2160,12
2021-03-17,Contra Costa,13,1133247,64830,64026,1165,65191,737
2021-03-17,Del Norte,15,27424,1088,1053,0,1053,6
2021-03-17,El Dorado,17,186661,9275,9252,638,9890,105
2021-03-17,Fresno,19,978130,98084,97727,8379,106106,1507
2021-03-17,Glenn,21,27897,2298,2269,532,2801,17
2021-03-17,Humboldt,23,135768,3386,3365,24,3389,33
2021-03-17,Imperial,25,180216,27374,27168,2724,29892,691
2021-03-17,Inyo,27,18085,1360,1351,2,1353,35
2021-03-17,Kern,29,883053,94317,93392,10577,103969,1149
2021-03-17,Kings,31,150075,22479,22336,1107,23443,233
2021-03-17,Lake,33,64148,3306,3251,8,3259,43
2021-03-17,Lassen,35,31185,5122,5125,107,5232,1
2021-03-17,Los Angeles,37,10098052,1179412,1173416,42027,1215443,22602
2021-03-17,Madera,39,155013,15916,15835,892,16727,214
2021-03-17,Marin,41,260295,13473,13428,189,13617,218
2021-03-17,Mariposa,43,17540,387,379,5,384,5
2021-03-17,Mendocino,45,87422,3714,3625,70,3695,44
2021-03-17,Merced,47,269075,29382,29250,927,30177,408
2021-03-17,Modoc,49,8938,348,341,120,461,3
2021-03-17,Mono,51,14174,1200,1212,12,1224,3
2021-03-17,Monterey,53,433212,42209,42061,1803,43864,334
2021-03-17,Napa,55,140530,9258,9219,33,9252,76
2021-03-17,Nevada,57,99092,4185,4145,174,4319,74
2021-03-17,Orange,59,3164182,249085,247943,10859,258802,4502
2021-03-17,Placer,61,380077,21148,20369,1234,21603,243
2021-03-17,Plumas,63,18699,658,645,11,656,4
2021-03-17,Riverside,65,2383286,285545,281649,14311,295960,3925
2021-03-17,Sacramento,67,1510023,97096,95650,1403,97053,1477
2021-03-17,San Benito,69,59416,5826,5841,95,5936,61
2021-03-17,San Bernardino,71,2135413,287456,284170,8716,292886,4049
2021-03-17,San Diego,73,3302833,268267,266313,0,266313,3470
2021-03-17,San Francisco,75,870044,34811,34873,1248,36121,457
2021-03-17,San Joaquin,77,732212,68557,67093,3140,70233,1164
2021-03-17,San Luis Obispo,79,281455,20040,19858,630,20488,249
2021-03-17,San Mateo,81,765935,40295,39838,431,40269,344
2021-03-17,Santa Barbara,83,443738,33012,32585,1193,33778,433
2021-03-17,Santa Clara,85,1922200,112486,112983,648,113631,1805
2021-03-17,Santa Cruz,87,273765,15619,14967,865,15832,199
2021-03-17,Shasta,89,179085,11151,11045,1367,12412,100
2021-03-17,Sierra,91,2930,52,49,14,63,0
2021-03-17,Siskiyou,93,43540,1539,1479,270,1749,5
2021-03-17,Solano,95,438530,30440,30320,396,30716,171
2021-03-17,Sonoma,97,501317,28781,28877,247,29124,292
2021-03-17,Stanislaus,99,539301,51934,51524,5748,57272,682
2021-03-17,Sutter,101,95872,9006,8982,85,9067,103
2021-03-17,Tehama,103,63373,4690,4670,528,5198,34
2021-03-17,Trinity,105,12862,350,308,54,362,3
2021-03-17,Tulare,107,460477,48423,47929,8904,56833,805
2021-03-17,Tuolumne,109,53932,3942,3938,34,3972,57
2021-03-17,Ventura,111,848112,78953,78648,2951,81599,916
2021-03-17,Yolo,113,214977,13205,13169,254,13423,190
2021-03-17,Yuba,115,75493,5640,5603,95,5698,42
2021-03-16,Alameda,1,1643700,82617,82259,1848,84107,1177
2021-03-16,Alpine,3,1148,84,82,0,82,0
2021-03-16,Amador,5,37829,3525,3510,34,3544,44
2021-03-16,Butte,7,227075,11474,11154,1724,12878,184
2021-03-16,Calaveras,9,45235,1969,1945,12,1957,49
2021-03-16,Colusa,11,21464,1879,1882,278,2160,12
2021-03-16,Contra Costa,13,1133247,64749,63951,1161,65112,736
2021-03-16,Del Norte,15,27424,1080,1048,0,1048,6
2021-03-16,El Dorado,17,186661,9258,9249,638,9887,105
2021-03-16,Fresno,19,978130,97951,97638,8355,105993,1498
2021-03-16,Glenn,21,27897,2290,2267,528,2795,17
2021-03-16,Humboldt,23,135768,3382,3351,24,3375,33
2021-03-16,Imperial,25,180216,27363,27143,2722,29865,689
2021-03-16,Inyo,27,18085,1359,1346,2,1348,35
2021-03-16,Kern,29,883053,94252,93340,10561,103901,1144
2021-03-16,Kings,31,150075,22445,22320,1106,23426,233
2021-03-16,Lake,33,64148,3298,3246,8,3254,43
2021-03-16,Lassen,35,31185,5121,5126,107,5233,1
2021-03-16,Los Angeles,37,10098052,1178888,1172676,41987,1214663,22527
2021-03-16,Madera,39,155013,15901,15822,890,16712,214
2021-03-16,Marin,41,260295,13455,13419,189,13608,218
2021-03-16,Mariposa,43,17540,384,379,5,384,5
2021-03-16,Mendocino,45,87422,3709,3623,70,3693,44
2021-03-16,Merced,47,269075,29329,29198,926,30124,407
2021-03-16,Modoc,49,8938,348,341,120,461,3
2021-03-16,Mono,51,14174,1199,1207,12,1219,3
2021-03-16,Monterey,53,433212,42190,42023,1803,43826,334
2021-03-16,Napa,55,140530,9248,9209,33,9242,75
2021-03-16,Nevada,57,99092,4176,4132,173,4305,67
2021-03-16,Orange,59,3164182,248950,247843,10839,258682,4479
2021-03-16,Placer,61,380077,21115,20339,1229,21568,240
2021-03-16,Plumas,63,18699,657,643,11,654,4
2021-03-16,Riverside,65,2383286,285442,281540,14299,295839,3893
2021-03-16,Sacramento,67,1510023,96961,95522,1400,96922,1466
2021-03-16,San Benito,69,59416,5821,5831,95,5926,61
2021-03-16,San Bernardino,71,2135413,287340,283980,8708,292688,4032
2021-03-16,San Diego,73,3302833,268036,265903,0,265903,3462
2021-03-16,San Francisco,75,870044,34782,34833,1243,36076,456
2021-03-16,San Joaquin,77,732212,68455,66856,3127,69983,1163
2021-03-16,San Luis Obispo,79,281455,20011,19832,628,20460,248
2021-03-16,San Mateo,81,765935,40261,39806,430,40236,344
2021-03-16,Santa Barbara,83,443738,32980,32556,1192,33748,433
2021-03-16,Santa Clara,85,1922200,112369,112845,645,113490,1797
2021-03-16,Santa Cruz,87,273765,15613,14926,865,15791,199
2021-03-16,Shasta,89,179085,11138,11035,1364,12399,100
2021-03-16,Sierra,91,2930,51,49,14,63,0
2021-03-16,Siskiyou,93,43540,1535,1477,270,1747,5
2021-03-16,Solano,95,438530,30406,30298,395,30693,171
2021-03-16,Sonoma,97,501317,28750,28850,245,29095,291
2021-03-16,Stanislaus,99,539301,51854,51410,5741,57151,683
2021-03-16,Sutter,101,95872,8998,8970,85,9055,102
2021-03-16,Tehama,103,63373,4686,4660,527,5187,34
2021-03-16,Trinity,105,12862,350,308,53,361,3
2021-03-16,Tulare,107,460477,48375,47895,8896,56791,803
2021-03-16,Tuolumne,109,53932,3939,3938,34,3972,57
2021-03-16,Ventura,111,848112,78886,78671,2944,81615,916
2021-03-16,Yolo,113,214977,13190,13162,254,13416,190
2021-03-16,Yuba,115,75493,5637,5596,94,5690,42
2021-03-15,Alameda,1,1643700,82530,82159,1848,84007,1167
2021-03-15,Alpine,3,1148,84,82,0,82,0
2021-03-15,Amador,5,37829,3524,3506,34,3540,44
2021-03-15,Butte,7,227075,11461,11141,1720,12861,185
2021-03-15,Calaveras,9,45235,1965,1941,12,1953,49
2021-03-15,Colusa,11,21464,1879,1883,278,2161,12
2021-03-15,Contra Costa,13,1133247,64689,63847,1160,65007,732
2021-03-15,Del Norte,15,27424,1077,1048,0,1048,6
2021-03-15,El Dorado,17,186661,9252,9235,637,9872,103
2021-03-15,Fresno,19,978130,97825,97520,8339,105859,1496
2021-03-15,Glenn,21,27897,2285,2261,525,2786,15
2021-03-15,Humboldt,23,135768,3376,3337,24,3361,32
2021-03-15,Imperial,25,180216,27342,27122,2720,29842,684
2021-03-15,Inyo,27,18085,1359,1346,2,1348,35
2021-03-15,Kern,29,883053,94192,93266,10554,103820,1141
2021-03-15,Kings,31,150075,22428,22294,1101,23395,233
2021-03-15,Lake,33,64148,3286,3237,8,3245,43
2021-03-15,Lassen,35,31185,5121,5125,107,5232,1
2021-03-15,Los Angeles,37,10098052,1178330,1172445,41946,1214391,22477
2021-03-15,Madera,39,155013,15890,15806,888,16694,214
2021-03-15,Marin,41,260295,13449,13408,188,13596,218
2021-03-15,Mariposa,43,17540,384,376,5,381,5
2021-03-15,Mendocino,45,87422,3705,3615,70,3685,44
2021-03-15,Merced,47,269075,29289,29169,925,30094,407
2021-03-15,Modoc,49,8938,348,340,120,460,3
2021-03-15,Mono,51,14174,1198,1206,12,1218,3
2021-03-15,Monterey,53,433212,42162,42011,1800,43811,333
2021-03-15,Napa,55,140530,9237,9196,33,9229,75
2021-03-15,Nevada,57,99092,4171,4123,172,4295,66
2021-03-15,Orange,59,3164182,248838,247697,10819,258516,4481
2021-03-15,Placer,61,380077,21092,20308,1229,21537,238
2021-03-15,Plumas,63,18699,657,642,11,653,4
2021-03-15,Riverside,65,2383286,285299,281367,14287,295654,3856
2021-03-15,Sacramento,67,1510023,96807,95414,1394,96808,1463
2021-03-15,San Benito,69,59416,5818,5831,95,5926,61
2021-03-15,San Bernardino,71,2135413,287243,283815,8700,292515,4004
2021-03-15,San Diego,73,3302833,267785,265646,0,265646,3452
2021-03-15,San Francisco,75,870044,34746,34820,1239,36059,456
2021-03-15,San Joaquin,77,732212,68351,66622,3114,69736,1140
2021-03-15,San Luis Obispo,79,281455,19981,19813,623,20436,247
2021-03-15,San Mateo,81,765935,40208,39765,430,40195,344
2021-03-15,Santa Barbara,83,443738,32958,32529,1189,33718,431
2021-03-15,Santa Clara,85,1922200,112268,112729,643,113372,1798
2021-03-15,Santa Cruz,87,273765,15607,14899,863,15762,200
2021-03-15,Shasta,89,179085,11122,11019,1359,12378,92
2021-03-15,Sierra,91,2930,51,49,14,63,0
2021-03-15,Siskiyou,93,43540,1535,1475,270,1745,5
2021-03-15,Solano,95,438530,30377,30258,394,30652,171
2021-03-15,Sonoma,97,501317,28732,28814,242,29056,285
2021-03-15,Stanislaus,99,539301,51777,51357,5734,57091,683
2021-03-15,Sutter,101,95872,8992,8962,85,9047,102
2021-03-15,Tehama,103,63373,4676,4650,526,5176,34
2021-03-15,Trinity,105,12862,350,308,53,361,3
2021-03-15,Tulare,107,460477,48345,47857,8881,56738,800
2021-03-15,Tuolumne,109,53932,3937,3937,33,3970,57
2021-03-15,Ventura,111,848112,78832,78626,2943,81569,910
2021-03-15,Yolo,113,214977,13171,13131,252,13383,190
2021-03-15,Yuba,115,75493,5632,5585,93,5678,42
2021-03-14,Alameda,1,1643700,82444,82116,1845,83961,1168
2021-03-14,Alpine,3,1148,84,82,0,82,0
2021-03-14,Amador,5,37829,3519,3504,34,3538,44
2021-03-14,Butte,7,227075,11448,11140,1716,12856,185
2021-03-14,Calaveras,9,45235,1961,1939,12,1951,49
2021-03-14,Colusa,11,21464,1879,1883,278,2161,12
2021-03-14,Contra Costa,13,1133247,64585,63808,1158,64966,731
2021-03-14,Del Norte,15,27424,1063,1048,0,1048,6
2021-03-14,El Dorado,17,186661,9242,9231,637,9868,103
2021-03-14,Fresno,19,978130,97718,97461,8320,105781,1496
2021-03-14,Glenn,21,27897,2280,2260,522,2782,15
2021-03-14,Humboldt,23,135768,3362,3335,24,3359,32
2021-03-14,Imperial,25,180216,27324,27122,2716,29838,685
2021-03-14,Inyo,27,18085,1355,1346,2,1348,35
2021-03-14,Kern,29,883053,94112,93252,10533,103785,1141
2021-03-14,Kings,31,150075,22410,22292,1098,23390,232
2021-03-14,Lake,33,64148,3281,3237,8,3245,43
2021-03-14,Lassen,35,31185,5119,5125,107,5232,1
2021-03-14,Los Angeles,37,10098052,1177762,1172100,41907,1214007,22476
2021-03-14,Madera,39,155013,15866,15804,888,16692,214
2021-03-14,Marin,41,260295,13433,13405,186,13591,218
2021-03-14,Mariposa,43,17540,382,376,5,381,5
2021-03-14,Mendocino,45,87422,3700,3613,70,3683,44
2021-03-14,Merced,47,269075,29221,29149,921,30070,407
2021-03-14,Modoc,49,8938,348,340,120,460,3
2021-03-14,Mono,51,14174,1192,1206,12,1218,3
2021-03-14,Monterey,53,433212,42140,42007,1796,43803,333
2021-03-14,Napa,55,140530,9219,9194,33,9227,75
2021-03-14,Nevada,57,99092,4165,4122,170,4292,66
2021-03-14,Orange,59,3164182,248703,247656,10797,258453,4460
2021-03-14,Placer,61,380077,21059,20288,1221,21509,238
2021-03-14,Plumas,63,18699,655,642,11,653,4
2021-03-14,Riverside,65,2383286,285148,281332,14277,295609,3845
2021-03-14,Sacramento,67,1510023,96631,95343,1389,96732,1462
2021-03-14,San Benito,69,59416,5809,5829,95,5924,61
2021-03-14,San Bernardino,71,2135413,287113,283791,8689,292480,3996
2021-03-14,San Diego,73,3302833,267550,265468,0,265468,3452
2021-03-14,San Francisco,75,870044,34708,34810,1235,36045,455
2021-03-14,San Joaquin,77,732212,68223,66563,3097,69660,1140
2021-03-14,San Luis Obispo,79,281455,19953,19806,621,20427,247
2021-03-14,San Mateo,81,765935,40169,39744,430,40174,342
2021-03-14,Santa Barbara,83,443738,32914,32514,1187,33701,431
2021-03-14,Santa Clara,85,1922200,112141,112648,642,113290,1796
2021-03-14,Santa Cruz,87,273765,15590,14887,861,15748,200
2021-03-14,Shasta,89,179085,11106,11019,1352,12371,92
2021-03-14,Sierra,91,2930,51,49,14,63,0
2021-03-14,Siskiyou,93,43540,1531,1473,269,1742,5
2021-03-14,Solano,95,438530,30345,30230,389,30619,171
2021-03-14,Sonoma,97,501317,28698,28798,238,29036,284
2021-03-14,Stanislaus,99,539301,51658,51306,5725,57031,690
2021-03-14,Sutter,101,95872,8976,8958,85,9043,102
2021-03-14,Tehama,103,63373,4664,4650,525,5175,34
2021-03-14,Trinity,105,12862,349,308,52,360,3
2021-03-14,Tulare,107,460477,48312,47845,8860,56705,800
2021-03-14,Tuolumne,109,53932,3935,3937,33,3970,57
2021-03-14,Ventura,111,848112,78779,78611,2937,81548,910
2021-03-14,Yolo,113,214977,13149,13128,248,13376,189
2021-03-14,Yuba,115,75493,5622,5583,93,5676,42
2021-03-13,Alameda,1,1643700,82384,82010,1845,83855,1168
2021-03-13,Alpine,3,1148,84,82,0,82,0
2021-03-13,Amador,5,37829,3516,3504,34,3538,44
2021-03-13,Butte,7,227075,11438,11131,1715,12846,185
2021-03-13,Calaveras,9,45235,1957,1939,12,1951,49
2021-03-13,Colusa,11,21464,1879,1882,278,2160,12
2021-03-13,Contra Costa,13,1133247,64525,63689,1158,64847,731
2021-03-13,Del Norte,15,27424,1059,1041,0,1041,6
2021-03-13,El Dorado,17,186661,9234,9221,637,9858,103
2021-03-13,Fresno,19,978130,97659,97324,8300,105624,1495
2021-03-13,Glenn,21,27897,2279,2260,521,2781,15
2021-03-13,Humboldt,23,135768,3355,3325,24,3349,32
2021-03-13,Imperial,25,180216,27319,27099,2711,29810,677
2021-03-13,Inyo,27,18085,1354,1344,2,1346,35
2021-03-13,Kern,29,883053,94073,93197,10526,103723,1140
2021-03-13,Kings,31,150075,22394,22265,1097,23362,232
2021-03-13,Lake,33,64148,3274,3234,7,3241,43
2021-03-13,Lassen,35,31185,5119,5125,107,5232,1
2021-03-13,Los Angeles,37,10098052,1177447,1171505,41863,1213368,22451
2021-03-13,Madera,39,155013,15854,15780,888,16668,214
2021-03-13,Marin,41,260295,13427,13391,184,13575,218
2021-03-13,Mariposa,43,17540,381,376,5,381,5
2021-03-13,Mendocino,45,87422,3696,3611,70,3681,44
2021-03-13,Merced,47,269075,29190,29106,921,30027,406
2021-03-13,Modoc,49,8938,348,340,119,459,3
2021-03-13,Mono,51,14174,1192,1207,12,1219,3
2021-03-13,Monterey,53,433212,42130,41989,1794,43783,332
2021-03-13,Napa,55,140530,9213,9190,33,9223,75
2021-03-13,Nevada,57,99092,4158,4111,169,4280,66
2021-03-13,Orange,59,3164182,248623,247514,10781,258295,4423
2021-03-13,Placer,61,380077,21039,20238,1218,21456,239
2021-03-13,Plumas,63,18699,653,642,11,653,4
2021-03-13,Riverside,65,2383286,285061,281191,14269,295460,3848
2021-03-13,Sacramento,67,1510023,96545,95192,1387,96579,1461
2021-03-13,San Benito,69,59416,5806,5823,95,5918,61
2021-03-13,San Bernardino,71,2135413,287063,283727,8683,292410,3972
2021-03-13,San Diego,73,3302833,267395,265270,0,265270,3444
2021-03-13,San Francisco,75,870044,34691,34784,1226,36010,455
2021-03-13,San Joaquin,77,732212,68167,66480,3074,69554,1141
2021-03-13,San Luis Obispo,79,281455,19935,19789,620,20409,247
2021-03-13,San Mateo,81,765935,40142,39689,429,40118,341
2021-03-13,Santa Barbara,83,443738,32889,32486,1186,33672,431
2021-03-13,Santa Clara,85,1922200,112056,112531,641,113172,1790
2021-03-13,Santa Cruz,87,273765,15583,14875,861,15736,199
2021-03-13,Shasta,89,179085,11098,11021,1349,12370,108
2021-03-13,Sierra,91,2930,50,49,14,63,0
2021-03-13,Siskiyou,93,43540,1530,1470,269,1739,5
2021-03-13,Solano,95,438530,30328,30198,389,30587,171
2021-03-13,Sonoma,97,501317,28678,28762,234,28996,285
2021-03-13,Stanislaus,99,539301,51608,51257,5720,56977,695
2021-03-13,Sutter,101,95872,8969,8948,85,9033,102
2021-03-13,Tehama,103,63373,4662,4647,525,5172,33
2021-03-13,Trinity,105,12862,349,306,52,358,3
2021-03-13,Tulare,107,460477,48287,47818,8851,56669,798
2021-03-13,Tuolumne,109,53932,3932,3937,33,3970,57
2021-03-13,Ventura,111,848112,78730,78693,2937,81630,906
2021-03-13,Yolo,113,214977,13141,13087,247,13334,189
2021-03-13,Yuba,115,75493,5621,5577,93,5670,42
2021-03-12,Alameda,1,1643700,82306,81898,1844,83742,1164
2021-03-12,Alpine,3,1148,84,82,0,82,0
2021-03-12,Amador,5,37829,3513,3503,34,3537,44
2021-03-12,Butte,7,227075,11428,11126,1713,12839,184
2021-03-12,Calaveras,9,45235,1955,1916,12,1928,49
2021-03-12,Colusa,11,21464,1879,1883,278,2161,12
2021-03-12,Contra Costa,13,1133247,64450,63583,1157,64740,728
2021-03-12,Del Norte,15,27424,1053,1033,0,1033,6
2021-03-12,El Dorado,17,186661,9225,9219,637,9856,103
2021-03-12,Fresno,19,978130,97565,97185,8288,105473,1489
2021-03-12,Glenn,21,27897,2278,2258,520,2778,15
2021-03-12,Humboldt,23,135768,3350,3315,24,3339,32
2021-03-12,Imperial,25,180216,27308,27071,2709,29780,677
2021-03-12,Inyo,27,18085,1352,1339,2,1341,35
2021-03-12,Kern,29,883053,94038,93142,10510,103652,1132
2021-03-12,Kings,31,150075,22375,22233,1097,23330,232
2021-03-12,Lake,33,64148,3268,3226,6,3232,43
2021-03-12,Lassen,35,31185,5119,5125,106,5231,1
2021-03-12,Los Angeles,37,10098052,1177052,1170860,41846,1212706,22409
2021-03-12,Madera,39,155013,15842,15761,885,16646,214
2021-03-12,Marin,41,260295,13420,13375,184,13559,218
2021-03-12,Mariposa,43,17540,379,376,5,381,5
2021-03-12,Mendocino,45,87422,3693,3605,70,3675,43
2021-03-12,Merced,47,269075,29159,29064,921,29985,403
2021-03-12,Modoc,49,8938,348,340,119,459,3
2021-03-12,Mono,51,14174,1191,1206,12,1218,3
2021-03-12,Monterey,53,433212,42116,41964,1789,43753,329
2021-03-12,Napa,55,140530,9204,9180,33,9213,75
2021-03-12,Nevada,57,99092,4147,4101,169,4270,66
2021-03-12,Orange,59,3164182,248532,247388,10770,258158,4401
2021-03-12,Placer,61,380077,21006,20210,1213,21423,239
2021-03-12,Plumas,63,18699,652,641,11,652,4
2021-03-12,Riverside,65,2383286,284963,281037,14261,295298,3854
2021-03-12,Sacramento,67,1510023,96422,95061,1380,96441,1460
2021-03-12,San Benito,69,59416,5803,5817,95,5912,61
2021-03-12,San Bernardino,71,2135413,287010,283558,8678,292236,3917
2021-03-12,San Diego,73,3302833,267232,264886,0,264886,3434
2021-03-12,San Francisco,75,870044,34670,34758,1223,35981,452
2021-03-12,San Joaquin,77,732212,68097,66482,3064,69546,1144
2021-03-12,San Luis Obispo,79,281455,19921,19769,618,20387,247
2021-03-12,San Mateo,81,765935,40106,39638,427,40065,341
2021-03-12,Santa Barbara,83,443738,32866,32457,1183,33640,429
2021-03-12,Santa Clara,85,1922200,111962,112396,640,113036,1766
2021-03-12,Santa Cruz,87,273765,15571,14846,859,15705,195
2021-03-12,Shasta,89,179085,11090,11143,1347,12490,153
2021-03-12,Sierra,91,2930,50,49,14,63,0
2021-03-12,Siskiyou,93,43540,1530,1468,268,1736,5
2021-03-12,Solano,95,438530,30309,30180,388,30568,171
2021-03-12,Sonoma,97,501317,28651,28714,234,28948,285
2021-03-12,Stanislaus,99,539301,51549,51146,5713,56859,701
2021-03-12,Sutter,101,95872,8963,8940,85,9025,101
2021-03-12,Tehama,103,63373,4658,4638,524,5162,33
2021-03-12,Trinity,105,12862,348,306,51,357,3
2021-03-12,Tulare,107,460477,48263,47772,8844,56616,798
2021-03-12,Tuolumne,109,53932,3931,3936,33,3969,57
2021-03-12,Ventura,111,848112,78688,78698,2933,81631,899
2021-03-12,Yolo,113,214977,13131,13061,240,13301,189
2021-03-12,Yuba,115,75493,5614,5563,92,5655,42
2021-03-11,Alameda,1,1643700,82214,81809,1839,83648,1164
2021-03-11,Alpine,3,1148,84,78,0,78,0
2021-03-11,Amador,5,37829,3512,3498,34,3532,42
2021-03-11,Butte,7,227075,11417,11110,1711,12821,185
2021-03-11,Calaveras,9,45235,1952,1915,12,1927,49
2021-03-11,Colusa,11,21464,1879,1883,278,2161,12
2021-03-11,Contra Costa,13,1133247,64377,63469,1155,64624,728
2021-03-11,Del Norte,15,27424,1048,1027,0,1027,6
2021-03-11,El Dorado,17,186661,9211,9211,637,9848,101
2021-03-11,Fresno,19,978130,97450,97026,8260,105286,1481
2021-03-11,Glenn,21,27897,2275,2255,520,2775,15
2021-03-11,Humboldt,23,135768,3333,3302,24,3326,32
2021-03-11,Imperial,25,180216,27301,27045,2705,29750,675
2021-03-11,Inyo,27,18085,1347,1335,2,1337,35
2021-03-11,Kern,29,883053,93983,93052,10471,103523,1121
2021-03-11,Kings,31,150075,22360,22183,1094,23277,230
2021-03-11,Lake,33,64148,3264,3214,6,3220,42
2021-03-11,Lassen,35,31185,5118,5124,106,5230,1
2021-03-11,Los Angeles,37,10098052,1176523,1170111,41812,1211923,22316
2021-03-11,Madera,39,155013,15831,15725,884,16609,214
2021-03-11,Marin,41,260295,13408,13356,183,13539,217
2021-03-11,Mariposa,43,17540,379,376,5,381,5
2021-03-11,Mendocino,45,87422,3686,3604,70,3674,42
2021-03-11,Merced,47,269075,29110,29001,920,29921,401
2021-03-11,Modoc,49,8938,348,340,119,459,3
2021-03-11,Mono,51,14174,1190,1206,12,1218,3
2021-03-11,Monterey,53,433212,42093,41936,1783,43719,329
2021-03-11,Napa,55,140530,9191,9173,33,9206,75
2021-03-11,Nevada,57,99092,4135,4085,167,4252,66
2021-03-11,Orange,59,3164182,248394,247217,10754,257971,4373
2021-03-11,Placer,61,380077,20962,20178,1209,21387,239
2021-03-11,Plumas,63,18699,651,640,11,651,4
2021-03-11,Riverside,65,2383286,284799,280881,14248,295129,3842
2021-03-11,Sacramento,67,1510023,96282,94912,1377,96289,1455
2021-03-11,San Benito,69,59416,5800,5816,95,5911,61
2021-03-11,San Bernardino,71,2135413,286915,283312,8672,291984,3869
2021-03-11,San Diego,73,3302833,267068,264524,0,264524,3422
2021-03-11,San Francisco,75,870044,34634,34722,1217,35939,452
2021-03-11,San Joaquin,77,732212,67986,66522,3055,69577,1157
2021-03-11,San Luis Obispo,79,281455,19896,19748,617,20365,247
2021-03-11,San Mateo,81,765935,40068,39590,426,40016,341
2021-03-11,Santa Barbara,83,443738,32840,32408,1180,33588,430
2021-03-11,Santa Clara,85,1922200,111832,112246,637,112883,1765
2021-03-11,Santa Cruz,87,273765,15559,14812,858,15670,193
2021-03-11,Shasta,89,179085,11080,11139,1342,12481,158
2021-03-11,Sierra,91,2930,50,48,14,62,0
2021-03-11,Siskiyou,93,43540,1527,1466,268,1734,5
2021-03-11,Solano,95,438530,30282,30138,387,30525,171
2021-03-11,Sonoma,97,501317,28621,28677,234,28911,285
2021-03-11,Stanislaus,99,539301,51465,51038,5705,56743,707
2021-03-11,Sutter,101,95872,8957,8933,85,9018,101
2021-03-11,Tehama,103,63373,4649,4632,523,5155,33
2021-03-11,Trinity,105,12862,347,304,50,354,3
2021-03-11,Tulare,107,460477,48227,47709,8832,56541,797
2021-03-11,Tuolumne,109,53932,3929,3934,33,3967,57
2021-03-11,Ventura,111,848112,78638,78697,2929,81626,889
2021-03-11,Yolo,113,214977,13113,13041,238,13279,190
2021-03-11,Yuba,115,75493,5610,5553,92,5645,42
2021-03-10,Alameda,1,1643700,82105,81701,1833,83534,1160
2021-03-10,Alpine,3,1148,83,78,0,78,0
2021-03-10,Amador,5,37829,3510,3496,34,3530,42
2021-03-10,Butte,7,227075,11407,11096,1711,12807,185
2021-03-10,Calaveras,9,45235,1948,1913,12,1925,48
2021-03-10,Colusa,11,21464,1879,1882,278,2160,12
2021-03-10,Contra Costa,13,1133247,64279,63372,1151,64523,725
2021-03-10,Del Norte,15,27424,1046,1020,0,1020,5
2021-03-10,El Dorado,17,186661,9199,9203,637,9840,100
2021-03-10,Fresno,19,978130,97345,96866,8243,105109,1471
2021-03-10,Glenn,21,27897,2272,2253,518,2771,15
2021-03-10,Humboldt,23,135768,3323,3296,23,3319,32
2021-03-10,Imperial,25,180216,27286,27051,2705,29756,675
2021-03-10,Inyo,27,18085,1347,1328,2,1330,35
2021-03-10,Kern,29,883053,93917,92965,10448,103413,1102
2021-03-10,Kings,31,150075,22341,22166,1092,23258,226
2021-03-10,Lake,33,64148,3254,3207,6,3213,42
2021-03-10,Lassen,35,31185,5118,5120,106,5226,1
2021-03-10,Los Angeles,37,10098052,1175980,1169079,41782,1210861,22199
2021-03-10,Madera,39,155013,15810,15705,881,16586,212
2021-03-10,Marin,41,260295,13398,13348,182,13530,216
2021-03-10,Mariposa,43,17540,379,376,5,381,5
2021-03-10,Mendocino,45,87422,3681,3602,70,3672,42
2021-03-10,Merced,47,269075,29073,28927,918,29845,401
2021-03-10,Modoc,49,8938,347,338,119,457,3
2021-03-10,Mono,51,14174,1187,1204,12,1216,3
2021-03-10,Monterey,53,433212,42071,41920,1779,43699,329
2021-03-10,Napa,55,140530,9182,9165,33,9198,75
2021-03-10,Nevada,57,99092,4131,4074,167,4241,66
2021-03-10,Orange,59,3164182,248250,247075,10734,257809,4342
2021-03-10,Placer,61,380077,20927,20144,1203,21347,239
2021-03-10,Plumas,63,18699,650,639,11,650,4
2021-03-10,Riverside,65,2383286,284662,280708,14234,294942,3822
2021-03-10,Sacramento,67,1510023,96152,94796,1371,96167,1452
2021-03-10,San Benito,69,59416,5791,5811,95,5906,61
2021-03-10,San Bernardino,71,2135413,286818,283140,8665,291805,3841
2021-03-10,San Diego,73,3302833,266847,264094,0,264094,3413
2021-03-10,San Francisco,75,870044,34600,34688,1208,35896,450
2021-03-10,San Joaquin,77,732212,67885,66483,3037,69520,1156
2021-03-10,San Luis Obispo,79,281455,19872,19710,613,20323,247
2021-03-10,San Mateo,81,765935,40043,39571,426,39997,338
2021-03-10,Santa Barbara,83,443738,32813,32356,1177,33533,429
2021-03-10,Santa Clara,85,1922200,111726,112103,633,112736,1759
2021-03-10,Santa Cruz,87,273765,15544,14790,857,15647,192
2021-03-10,Shasta,89,179085,11070,11125,1339,12464,155
2021-03-10,Sierra,91,2930,50,48,14,62,0
2021-03-10,Siskiyou,93,43540,1525,1458,268,1726,5
2021-03-10,Solano,95,438530,30252,30111,386,30497,170
2021-03-10,Sonoma,97,501317,28586,28638,233,28871,286
2021-03-10,Stanislaus,99,539301,51376,50968,5691,56659,706
2021-03-10,Sutter,101,95872,8946,8918,85,9003,101
2021-03-10,Tehama,103,63373,4639,4623,523,5146,33
2021-03-10,Trinity,105,12862,347,304,50,354,3
2021-03-10,Tulare,107,460477,48179,47659,8813,56472,793
2021-03-10,Tuolumne,109,53932,3928,3931,33,3964,57
2021-03-10,Ventura,111,848112,78561,78609,2927,81536,878
2021-03-10,Yolo,113,214977,13090,13021,237,13258,189
2021-03-10,Yuba,115,75493,5596,5545,91,5636,42
2021-03-09,Alameda,1,1643700,82019,81618,1833,83451,1151
2021-03-09,Alpine,3,1148,83,78,0,78,0
2021-03-09,Amador,5,37829,3508,3494,34,3528,42
2021-03-09,Butte,7,227075,11394,11092,1709,12801,185
2021-03-09,Calaveras,9,45235,1946,1913,12,1925,48
2021-03-09,Colusa,11,21464,1879,1880,278,2158,11
2021-03-09,Contra Costa,13,1133247,64186,63314,1149,64463,723
2021-03-09,Del Norte,15,27424,1038,1017,0,1017,5
2021-03-09,El Dorado,17,186661,9192,9198,637,9835,98
2021-03-09,Fresno,19,978130,97226,96744,8217,104961,1463
2021-03-09,Glenn,21,27897,2268,2251,516,2767,15
2021-03-09,Humboldt,23,135768,3312,3288,22,3310,32
2021-03-09,Imperial,25,180216,27277,27045,2701,29746,675
2021-03-09,Inyo,27,18085,1345,1324,2,1326,35
2021-03-09,Kern,29,883053,93838,92924,10430,103354,1088
2021-03-09,Kings,31,150075,22316,22143,1090,23233,226
2021-03-09,Lake,33,64148,3248,3202,6,3208,42
2021-03-09,Lassen,35,31185,5118,5120,106,5226,1
2021-03-09,Los Angeles,37,10098052,1175386,1167967,41746,1209713,22080
2021-03-09,Madera,39,155013,15799,15701,878,16579,211
2021-03-09,Marin,41,260295,13380,13335,180,13515,214
2021-03-09,Mariposa,43,17540,379,376,5,381,5
2021-03-09,Mendocino,45,87422,3677,3595,70,3665,42
2021-03-09,Merced,47,269075,29012,28876,917,29793,399
2021-03-09,Modoc,49,8938,347,338,118,456,3
2021-03-09,Mono,51,14174,1186,1203,12,1215,3
2021-03-09,Monterey,53,433212,42054,41894,1770,43664,329
2021-03-09,Napa,55,140530,9168,9155,33,9188,75
2021-03-09,Nevada,57,99092,4123,4062,167,4229,66
2021-03-09,Orange,59,3164182,248108,246989,10713,257702,4310
2021-03-09,Placer,61,380077,20884,20122,1199,21321,239
2021-03-09,Plumas,63,18699,647,639,11,650,4
2021-03-09,Riverside,65,2383286,284534,280562,14228,294790,3821
2021-03-09,Sacramento,67,1510023,95984,94720,1365,96085,1442
2021-03-09,San Benito,69,59416,5787,5800,95,5895,61
2021-03-09,San Bernardino,71,2135413,286700,282971,8658,291629,3823
2021-03-09,San Diego,73,3302833,266614,263745,0,263745,3405
2021-03-09,San Francisco,75,870044,34570,34654,1204,35858,450
2021-03-09,San Joaquin,77,732212,67757,66383,3027,69410,1150
2021-03-09,San Luis Obispo,79,281455,19854,19672,606,20278,245
2021-03-09,San Mateo,81,765935,39995,39535,424,39959,336
2021-03-09,Santa Barbara,83,443738,32772,32314,1175,33489,428
2021-03-09,Santa Clara,85,1922200,111615,111963,628,112591,1756
2021-03-09,Santa Cruz,87,273765,15524,14764,854,15618,188
2021-03-09,Shasta,89,179085,11064,11113,1333,12446,155
2021-03-09,Sierra,91,2930,50,48,14,62,0
2021-03-09,Siskiyou,93,43540,1521,1447,266,1713,5
2021-03-09,Solano,95,438530,30216,30090,384,30474,169
2021-03-09,Sonoma,97,501317,28536,28601,230,28831,284
2021-03-09,Stanislaus,99,539301,51282,50884,5682,56566,703
2021-03-09,Sutter,101,95872,8933,8914,85,8999,101
2021-03-09,Tehama,103,63373,4631,4620,522,5142,33
2021-03-09,Trinity,105,12862,347,304,50,354,3
2021-03-09,Tulare,107,460477,48153,47637,8790,56427,792
2021-03-09,Tuolumne,109,53932,3926,3929,33,3962,56
2021-03-09,Ventura,111,848112,78492,78526,2925,81451,863
2021-03-09,Yolo,113,214977,13079,13015,236,13251,189
2021-03-09,Yuba,115,75493,5589,5539,91,5630,42
2021-03-08,Alameda,1,1643700,81905,81543,1832,83375,1142
2021-03-08,Alpine,3,1148,83,78,0,78,0
2021-03-08,Amador,5,37829,3505,3490,34,3524,42
2021-03-08,Butte,7,227075,11379,11082,1708,12790,185
2021-03-08,Calaveras,9,45235,1945,1909,12,1921,48
2021-03-08,Colusa,11,21464,1879,1877,278,2155,11
2021-03-08,Contra Costa,13,1133247,64093,63240,1149,64389,719
2021-03-08,Del Norte,15,27424,1033,1012,0,1012,5
2021-03-08,El Dorado,17,186661,9189,9188,636,9824,97
2021-03-08,Fresno,19,978130,97131,96665,8193,104858,1442
2021-03-08,Glenn,21,27897,2267,2249,516,2765,15
2021-03-08,Humboldt,23,135768,3298,3278,22,3300,31
2021-03-08,Imperial,25,180216,27270,27033,2698,29731,663
2021-03-08,Inyo,27,18085,1343,1320,2,1322,35
2021-03-08,Kern,29,883053,93771,92857,10409,103266,1087
2021-03-08,Kings,31,150075,22296,22130,1087,23217,226
2021-03-08,Lake,33,64148,3236,3195,6,3201,42
2021-03-08,Lassen,35,31185,5118,5119,106,5225,1
2021-03-08,Los Angeles,37,10098052,1174775,1163409,41712,1205121,21868
2021-03-08,Madera,39,155013,15789,15691,876,16567,211
2021-03-08,Marin,41,260295,13360,13328,178,13506,214
2021-03-08,Mariposa,43,17540,379,376,5,381,5
2021-03-08,Mendocino,45,87422,3675,3590,69,3659,42
2021-03-08,Merced,47,269075,28951,28841,916,29757,398
2021-03-08,Modoc,49,8938,347,338,118,456,3
2021-03-08,Mono,51,14174,1185,1200,12,1212,3
2021-03-08,Monterey,53,433212,42033,41863,1769,43632,328
2021-03-08,Napa,55,140530,9165,9146,33,9179,75
2021-03-08,Nevada,57,99092,4115,4059,167,4226,66
2021-03-08,Orange,59,3164182,247937,246900,10681,257581,4243
2021-03-08,Placer,61,380077,20851,20102,1188,21290,239
2021-03-08,Plumas,63,18699,646,635,11,646,4
2021-03-08,Riverside,65,2383286,284396,280463,14219,294682,3783
2021-03-08,Sacramento,67,1510023,95812,94654,1360,96014,1438
2021-03-08,San Benito,69,59416,5784,5797,95,5892,61
2021-03-08,San Bernardino,71,2135413,286594,282894,8650,291544,3811
2021-03-08,San Diego,73,3302833,266373,263272,0,263272,3390
2021-03-08,San Francisco,75,870044,34543,34634,1200,35834,446
2021-03-08,San Joaquin,77,732212,67642,66307,3018,69325,1139
2021-03-08,San Luis Obispo,79,281455,19814,19656,602,20258,245
2021-03-08,San Mateo,81,765935,39948,39492,422,39914,335
2021-03-08,Santa Barbara,83,443738,32740,32293,1175,33468,427
2021-03-08,Santa Clara,85,1922200,111489,111882,626,112508,1756
2021-03-08,Santa Cruz,87,273765,15504,14729,854,15583,188
2021-03-08,Shasta,89,179085,11056,11088,1328,12416,155
2021-03-08,Sierra,91,2930,50,48,14,62,0
2021-03-08,Siskiyou,93,43540,1520,1440,266,1706,5
2021-03-08,Solano,95,438530,30176,30068,382,30450,169
2021-03-08,Sonoma,97,501317,28492,28571,229,28800,284
2021-03-08,Stanislaus,99,539301,51202,50825,5677,56502,690
2021-03-08,Sutter,101,95872,8930,8905,85,8990,100
2021-03-08,Tehama,103,63373,4628,4615,521,5136,33
2021-03-08,Trinity,105,12862,346,302,50,352,3
2021-03-08,Tulare,107,460477,48115,47587,8763,56350,791
2021-03-08,Tuolumne,109,53932,3925,3921,33,3954,56
2021-03-08,Ventura,111,848112,78421,78526,2917,81443,852
2021-03-08,Yolo,113,214977,13056,13000,235,13235,189
2021-03-08,Yuba,115,75493,5579,5530,91,5621,42
2021-03-07,Alameda,1,1643700,81786,81413,1831,83244,1145
2021-03-07,Alpine,3,1148,83,78,0,78,0
2021-03-07,Amador,5,37829,3502,3489,34,3523,42
2021-03-07,Butte,7,227075,11364,11075,1707,12782,185
2021-03-07,Calaveras,9,45235,1944,1906,12,1918,48
2021-03-07,Colusa,11,21464,1878,1876,278,2154,11
2021-03-07,Contra Costa,13,1133247,63996,63148,1146,64294,719
2021-03-07,Del Norte,15,27424,1028,1010,0,1010,5
2021-03-07,El Dorado,17,186661,9187,9184,635,9819,97
2021-03-07,Fresno,19,978130,96956,96549,8168,104717,1442
2021-03-07,Glenn,21,27897,2265,2244,516,2760,15
2021-03-07,Humboldt,23,135768,3288,3274,22,3296,31
2021-03-07,Imperial,25,180216,27261,27019,2696,29715,658
2021-03-07,Inyo,27,18085,1340,1320,2,1322,35
2021-03-07,Kern,29,883053,93685,92746,10377,103123,1086
2021-03-07,Kings,31,150075,22276,22103,1085,23188,224
2021-03-07,Lake,33,64148,3230,3192,6,3198,42
2021-03-07,Lassen,35,31185,5117,5119,106,5225,1
2021-03-07,Los Angeles,37,10098052,1174054,1162749,41672,1204421,21857
2021-03-07,Madera,39,155013,15770,15675,876,16551,211
2021-03-07,Marin,41,260295,13352,13313,176,13489,214
2021-03-07,Mariposa,43,17540,378,376,5,381,5
2021-03-07,Mendocino,45,87422,3672,3581,69,3650,42
2021-03-07,Merced,47,269075,28879,28829,912,29741,399
2021-03-07,Modoc,49,8938,347,338,118,456,3
2021-03-07,Mono,51,14174,1183,1199,12,1211,3
2021-03-07,Monterey,53,433212,42012,41858,1766,43624,328
2021-03-07,Napa,55,140530,9155,9137,33,9170,75
2021-03-07,Nevada,57,99092,4101,4052,166,4218,66
2021-03-07,Orange,59,3164182,247748,246771,10654,257425,4218
2021-03-07,Placer,61,380077,20813,20070,1184,21254,239
2021-03-07,Plumas,63,18699,645,635,11,646,4
2021-03-07,Riverside,65,2383286,284252,280379,14209,294588,3779
2021-03-07,Sacramento,67,1510023,95635,94513,1352,95865,1437
2021-03-07,San Benito,69,59416,5777,5795,95,5890,61
2021-03-07,San Bernardino,71,2135413,286429,282860,8644,291504,3810
2021-03-07,San Diego,73,3302833,266091,262965,0,262965,3390
2021-03-07,San Francisco,75,870044,34509,34594,1195,35789,445
2021-03-07,San Joaquin,77,732212,67508,66252,3004,69256,1139
2021-03-07,San Luis Obispo,79,281455,19776,19614,600,20214,245
2021-03-07,San Mateo,81,765935,39909,39436,419,39855,329
2021-03-07,Santa Barbara,83,443738,32693,32218,1174,33392,425
2021-03-07,Santa Clara,85,1922200,111342,111745,622,112367,1752
2021-03-07,Santa Cruz,87,273765,15482,14715,853,15568,189
2021-03-07,Shasta,89,179085,11043,11083,1320,12403,156
2021-03-07,Sierra,91,2930,49,48,14,62,0
2021-03-07,Siskiyou,93,43540,1517,1435,262,1697,5
2021-03-07,Solano,95,438530,30140,30027,382,30409,169
2021-03-07,Sonoma,97,501317,28441,28533,227,28760,284
2021-03-07,Stanislaus,99,539301,51070,50783,5659,56442,699
2021-03-07,Sutter,101,95872,8920,8900,85,8985,100
2021-03-07,Tehama,103,63373,4618,4614,518,5132,33
2021-03-07,Trinity,105,12862,346,302,50,352,3
2021-03-07,Tulare,107,460477,48058,47569,8730,56299,790
2021-03-07,Tuolumne,109,53932,3924,3922,33,3955,56
2021-03-07,Ventura,111,848112,78323,78487,2913,81400,851
2021-03-07,Yolo,113,214977,13037,12988,235,13223,189
2021-03-07,Yuba,115,75493,5575,5516,91,5607,42
2021-03-06,Alameda,1,1643700,81733,81310,1830,83140,1143
2021-03-06,Alpine,3,1148,83,78,0,78,0
2021-03-06,Amador,5,37829,3498,3487,34,3521,42
2021-03-06,Butte,7,227075,11360,11065,1706,12771,185
2021-03-06,Calaveras,9,45235,1940,1904,12,1916,48
2021-03-06,Colusa,11,21464,1876,1874,278,2152,11
2021-03-06,Contra Costa,13,1133247,63936,63040,1142,64182,719
2021-03-06,Del Norte,15,27424,1023,1000,0,1000,5
2021-03-06,El Dorado,17,186661,9183,9166,635,9801,97
2021-03-06,Fresno,19,978130,96865,96366,8153,104519,1440
2021-03-06,Glenn,21,27897,2265,2241,516,2757,15
2021-03-06,Humboldt,23,135768,3278,3260,22,3282,31
2021-03-06,Imperial,25,180216,27257,27009,2691,29700,658
2021-03-06,Inyo,27,18085,1337,1312,2,1314,35
2021-03-06,Kern,29,883053,93639,92684,10356,103040,1082
2021-03-06,Kings,31,150075,22259,22094,1085,23179,224
2021-03-06,Lake,33,64148,3228,3189,6,3195,42
2021-03-06,Lassen,35,31185,5117,5119,106,5225,1
2021-03-06,Los Angeles,37,10098052,1173622,1161745,41640,1203385,21843
2021-03-06,Madera,39,155013,15761,15646,874,16520,211
2021-03-06,Marin,41,260295,13343,13289,176,13465,213
2021-03-06,Mariposa,43,17540,378,376,5,381,5
2021-03-06,Mendocino,45,87422,3670,3579,69,3648,42
2021-03-06,Merced,47,269075,28837,28771,912,29683,399
2021-03-06,Modoc,49,8938,346,338,118,456,3
2021-03-06,Mono,51,14174,1182,1198,12,1210,3
2021-03-06,Monterey,53,433212,42007,41838,1763,43601,327
2021-03-06,Napa,55,140530,9147,9129,33,9162,75
2021-03-06,Nevada,57,99092,4095,4044,166,4210,66
2021-03-06,Orange,59,3164182,247657,246634,10640,257274,4165
2021-03-06,Placer,61,380077,20790,20030,1182,21212,239
2021-03-06,Plumas,63,18699,645,634,11,645,4
2021-03-06,Riverside,65,2383286,284161,280225,14200,294425,3781
2021-03-06,Sacramento,67,1510023,95547,94332,1343,95675,1436
2021-03-06,San Benito,69,59416,5772,5793,95,5888,61
2021-03-06,San Bernardino,71,2135413,286356,282737,8642,291379,3791
2021-03-06,San Diego,73,3302833,265904,262778,0,262778,3385
2021-03-06,San Francisco,75,870044,34479,34560,1190,35750,435
2021-03-06,San Joaquin,77,732212,67434,66162,2993,69155,1138
2021-03-06,San Luis Obispo,79,281455,19757,19592,597,20189,245
2021-03-06,San Mateo,81,765935,39886,39384,419,39803,329
2021-03-06,Santa Barbara,83,443738,32662,32176,1173,33349,424
2021-03-06,Santa Clara,85,1922200,111247,111570,620,112190,1749
2021-03-06,Santa Cruz,87,273765,15471,14701,853,15554,188
2021-03-06,Shasta,89,179085,11034,11076,1318,12394,158
2021-03-06,Sierra,91,2930,49,48,14,62,0
2021-03-06,Siskiyou,93,43540,1515,1432,262,1694,5
2021-03-06,Solano,95,438530,30111,30000,381,30381,169
2021-03-06,Sonoma,97,501317,28419,28484,225,28709,284
2021-03-06,Stanislaus,99,539301,51001,50691,5652,56343,711
2021-03-06,Sutter,101,95872,8914,8887,85,8972,100
2021-03-06,Tehama,103,63373,4618,4610,516,5126,33
2021-03-06,Trinity,105,12862,346,302,50,352,3
2021-03-06,Tulare,107,460477,48027,47515,8700,56215,789
2021-03-06,Tuolumne,109,53932,3922,3920,33,3953,56
2021-03-06,Ventura,111,848112,78269,78439,2911,81350,848
2021-03-06,Yolo,113,214977,13031,12951,235,13186,189
2021-03-06,Yuba,115,75493,5566,5504,91,5595,42
2021-03-05,Alameda,1,1643700,81647,81215,1828,83043,1141
2021-03-05,Alpine,3,1148,83,78,0,78,0
2021-03-05,Amador,5,37829,3497,3484,34,3518,42
2021-03-05,Butte,7,227075,11349,11050,1705,12755,185
2021-03-05,Calaveras,9,45235,1936,1902,12,1914,48
2021-03-05,Colusa,11,21464,1876,1874,278,2152,11
2021-03-05,Contra Costa,13,1133247,63856,62886,1139,64025,711
2021-03-05,Del Norte,15,27424,1019,995,0,995,5
2021-03-05,El Dorado,17,186661,9178,9150,634,9784,97
2021-03-05,Fresno,19,978130,96759,96184,8132,104316,1432
2021-03-05,Glenn,21,27897,2260,2241,516,2757,15
2021-03-05,Humboldt,23,135768,3271,3234,22,3256,31
2021-03-05,Imperial,25,180216,27247,26970,2682,29652,651
2021-03-05,Inyo,27,18085,1333,1309,2,1311,35
2021-03-05,Kern,29,883053,93601,92601,10342,102943,1076
2021-03-05,Kings,31,150075,22242,22063,1083,23146,224
2021-03-05,Lake,33,64148,3226,3185,6,3191,42
2021-03-05,Lassen,35,31185,5117,5117,104,5221,1
2021-03-05,Los Angeles,37,10098052,1173139,1160688,41605,1202293,21745
2021-03-05,Madera,39,155013,15751,15624,872,16496,211
2021-03-05,Marin,41,260295,13330,13275,175,13450,215
2021-03-05,Mariposa,43,17540,378,375,5,380,4
2021-03-05,Mendocino,45,87422,3667,3577,69,3646,42
2021-03-05,Merced,47,269075,28803,28734,911,29645,399
2021-03-05,Modoc,49,8938,346,337,118,455,3
2021-03-05,Mono,51,14174,1181,1197,12,1209,3
2021-03-05,Monterey,53,433212,41994,41802,1763,43565,325
2021-03-05,Napa,55,140530,9139,9109,33,9142,75
2021-03-05,Nevada,57,99092,4091,4033,166,4199,66
2021-03-05,Orange,59,3164182,247543,246489,10627,257116,4108
2021-03-05,Placer,61,380077,20764,19973,1178,21151,239
2021-03-05,Plumas,63,18699,645,635,11,646,4
2021-03-05,Riverside,65,2383286,284051,280075,14194,294269,3781
2021-03-05,Sacramento,67,1510023,95448,94182,1336,95518,1430
2021-03-05,San Benito,69,59416,5769,5790,95,5885,61
2021-03-05,San Bernardino,71,2135413,286264,282640,8638,291278,3774
2021-03-05,San Diego,73,3302833,265672,262357,0,262357,3371
2021-03-05,San Francisco,75,870044,34439,34526,1186,35712,430
2021-03-05,San Joaquin,77,732212,67356,66041,2982,69023,1133
2021-03-05,San Luis Obispo,79,281455,19735,19557,595,20152,244
2021-03-05,San Mateo,81,765935,39854,39305,419,39724,326
2021-03-05,Santa Barbara,83,443738,32627,32139,1168,33307,424
2021-03-05,Santa Clara,85,1922200,111151,111384,620,112004,1745
2021-03-05,Santa Cruz,87,273765,15460,14694,853,15547,188
2021-03-05,Shasta,89,179085,11022,11062,1312,12374,148
2021-03-05,Sierra,91,2930,49,48,14,62,0
2021-03-05,Siskiyou,93,43540,1511,1429,261,1690,5
2021-03-05,Solano,95,438530,30094,29951,379,30330,168
2021-03-05,Sonoma,97,501317,28392,28417,225,28642,279
2021-03-05,Stanislaus,99,539301,50950,50606,5642,56248,721
2021-03-05,Sutter,101,95872,8907,8876,85,8961,100
2021-03-05,Tehama,103,63373,4609,4606,516,5122,33
2021-03-05,Trinity,105,12862,346,302,50,352,3
2021-03-05,Tulare,107,460477,48000,47469,8679,56148,789
2021-03-05,Tuolumne,109,53932,3920,3917,33,3950,56
2021-03-05,Ventura,111,848112,78202,78368,2909,81277,839
2021-03-05,Yolo,113,214977,13019,12920,234,13154,188
2021-03-05,Yuba,115,75493,5554,5496,91,5587,42
2021-03-04,Alameda,1,1643700,81535,81115,1828,82943,1136
2021-03-04,Alpine,3,1148,83,78,0,78,0
2021-03-04,Amador,5,37829,3496,3480,34,3514,42
2021-03-04,Butte,7,227075,11342,11033,1704,12737,185
2021-03-04,Calaveras,9,45235,1935,1896,12,1908,48
2021-03-04,Colusa,11,21464,1874,1873,273,2146,11
2021-03-04,Contra Costa,13,1133247,63758,62789,1136,63925,708
2021-03-04,Del Norte,15,27424,1011,989,0,989,5
2021-03-04,El Dorado,17,186661,9163,9133,634,9767,97
2021-03-04,Fresno,19,978130,96597,96023,8114,104137,1422
2021-03-04,Glenn,21,27897,2256,2236,513,2749,15
2021-03-04,Humboldt,23,135768,3258,3212,22,3234,31
2021-03-04,Imperial,25,180216,27236,26946,2678,29624,646
2021-03-04,Inyo,27,18085,1330,1300,2,1302,35
2021-03-04,Kern,29,883053,93514,92525,10322,102847,1070
2021-03-04,Kings,31,150075,22217,22025,1080,23105,224
2021-03-04,Lake,33,64148,3218,3181,6,3187,42
2021-03-04,Lassen,35,31185,5117,5116,104,5220,1
2021-03-04,Los Angeles,37,10098052,1172530,1159405,41554,1200959,21610
2021-03-04,Madera,39,155013,15717,15596,868,16464,208
2021-03-04,Marin,41,260295,13313,13240,172,13412,215
2021-03-04,Mariposa,43,17540,378,376,5,381,4
2021-03-04,Mendocino,45,87422,3664,3569,69,3638,42
2021-03-04,Merced,47,269075,28753,28671,909,29580,396
2021-03-04,Modoc,49,8938,345,336,118,454,3
2021-03-04,Mono,51,14174,1181,1197,12,1209,3
2021-03-04,Monterey,53,433212,41974,41771,1760,43531,325
2021-03-04,Napa,55,140530,9131,9094,33,9127,74
2021-03-04,Nevada,57,99092,4081,4020,166,4186,66
2021-03-04,Orange,59,3164182,247391,246354,10608,256962,4096
2021-03-04,Placer,61,380077,20732,19900,1172,21072,239
2021-03-04,Plumas,63,18699,645,634,11,645,4
2021-03-04,Riverside,65,2383286,283926,279871,14181,294052,3766
2021-03-04,Sacramento,67,1510023,95315,93982,1333,95315,1426
2021-03-04,San Benito,69,59416,5769,5781,95,5876,61
2021-03-04,San Bernardino,71,2135413,286128,282407,8634,291041,3757
2021-03-04,San Diego,73,3302833,265413,261858,0,261858,3359
2021-03-04,San Francisco,75,870044,34405,34480,1183,35663,426
2021-03-04,San Joaquin,77,732212,67264,65931,2972,68903,1129
2021-03-04,San Luis Obispo,79,281455,19697,19520,593,20113,243
2021-03-04,San Mateo,81,765935,39810,39225,418,39643,322
2021-03-04,Santa Barbara,83,443738,32590,32090,1167,33257,423
2021-03-04,Santa Clara,85,1922200,111018,111194,617,111811,1723
2021-03-04,Santa Cruz,87,273765,15441,14669,853,15522,186
2021-03-04,Shasta,89,179085,11019,11050,1303,12353,150
2021-03-04,Sierra,91,2930,49,48,14,62,0
2021-03-04,Siskiyou,93,43540,1505,1427,261,1688,5
2021-03-04,Solano,95,438530,30067,29905,378,30283,168
2021-03-04,Sonoma,97,501317,28337,28379,224,28603,279
2021-03-04,Stanislaus,99,539301,50861,50521,5633,56154,731
2021-03-04,Sutter,101,95872,8895,8849,85,8934,100
2021-03-04,Tehama,103,63373,4603,4604,516,5120,33
2021-03-04,Trinity,105,12862,346,302,50,352,3
2021-03-04,Tulare,107,460477,47956,47398,8653,56051,784
2021-03-04,Tuolumne,109,53932,3914,3916,33,3949,56
2021-03-04,Ventura,111,848112,78115,78184,2907,81091,831
2021-03-04,Yolo,113,214977,12999,12895,234,13129,189
2021-03-04,Yuba,115,75493,5542,5483,91,5574,41
2021-03-03,Alameda,1,1643700,81413,80972,1826,82798,1127
2021-03-03,Alpine,3,1148,83,77,0,77,0
2021-03-03,Amador,5,37829,3494,3478,33,3511,42
2021-03-03,Butte,7,227075,11335,11014,1703,12717,184
2021-03-03,Calaveras,9,45235,1932,1893,12,1905,48
2021-03-03,Colusa,11,21464,1873,1873,273,2146,11
2021-03-03,Contra Costa,13,1133247,63660,62668,1133,63801,708
2021-03-03,Del Norte,15,27424,1008,988,0,988,5
2021-03-03,El Dorado,17,186661,9153,9121,634,9755,97
2021-03-03,Fresno,19,978130,96456,95893,8096,103989,1415
2021-03-03,Glenn,21,27897,2256,2233,513,2746,15
2021-03-03,Humboldt,23,135768,3246,3196,22,3218,30
2021-03-03,Imperial,25,180216,27218,26939,2673,29612,640
2021-03-03,Inyo,27,18085,1322,1294,2,1296,35
2021-03-03,Kern,29,883053,93441,92434,10304,102738,1063
2021-03-03,Kings,31,150075,22201,22009,1079,23088,223
2021-03-03,Lake,33,64148,3211,3175,6,3181,40
2021-03-03,Lassen,35,31185,5117,5115,103,5218,1
2021-03-03,Los Angeles,37,10098052,1171895,1157911,41511,1199422,21500
2021-03-03,Madera,39,155013,15698,15553,862,16415,203
2021-03-03,Marin,41,260295,13300,13216,172,13388,214
2021-03-03,Mariposa,43,17540,377,376,5,381,4
2021-03-03,Mendocino,45,87422,3656,3564,69,3633,42
2021-03-03,Merced,47,269075,28700,28625,909,29534,393
2021-03-03,Modoc,49,8938,345,333,117,450,3
2021-03-03,Mono,51,14174,1181,1191,12,1203,3
2021-03-03,Monterey,53,433212,41941,41731,1757,43488,325
2021-03-03,Napa,55,140530,9123,9090,33,9123,72
2021-03-03,Nevada,57,99092,4071,4009,166,4175,66
2021-03-03,Orange,59,3164182,247247,246120,10592,256712,4072
2021-03-03,Placer,61,380077,20706,19851,1169,21020,239
2021-03-03,Plumas,63,18699,644,631,11,642,4
2021-03-03,Riverside,65,2383286,283797,279626,14176,293802,3735
2021-03-03,Sacramento,67,1510023,95156,93819,1324,95143,1419
2021-03-03,San Benito,69,59416,5768,5774,95,5869,61
2021-03-03,San Bernardino,71,2135413,285989,282138,8627,290765,3664
2021-03-03,San Diego,73,3302833,265151,261350,0,261350,3342
2021-03-03,San Francisco,75,870044,34374,34443,1180,35623,426
2021-03-03,San Joaquin,77,732212,67153,65855,2965,68820,1115
2021-03-03,San Luis Obispo,79,281455,19672,19479,589,20068,241
2021-03-03,San Mateo,81,765935,39763,39189,417,39606,319
2021-03-03,Santa Barbara,83,443738,32553,32027,1167,33194,421
2021-03-03,Santa Clara,85,1922200,110862,110991,615,111606,1720
2021-03-03,Santa Cruz,87,273765,15430,14645,853,15498,185
2021-03-03,Shasta,89,179085,11009,11023,1296,12319,150
2021-03-03,Sierra,91,2930,49,48,14,62,0
2021-03-03,Siskiyou,93,43540,1503,1424,261,1685,5
2021-03-03,Solano,95,438530,30031,29866,377,30243,167
2021-03-03,Sonoma,97,501317,28297,28307,223,28530,279
2021-03-03,Stanislaus,99,539301,50784,50438,5625,56063,730
2021-03-03,Sutter,101,95872,8886,8840,85,8925,99
2021-03-03,Tehama,103,63373,4600,4601,516,5117,32
2021-03-03,Trinity,105,12862,346,302,50,352,3
2021-03-03,Tulare,107,460477,47906,47348,8622,55970,778
2021-03-03,Tuolumne,109,53932,3912,3914,32,3946,56
2021-03-03,Ventura,111,848112,78032,78057,2901,80958,822
2021-03-03,Yolo,113,214977,12986,12890,234,13124,189
2021-03-03,Yuba,115,75493,5529,5479,91,5570,41
2021-03-02,Alameda,1,1643700,81296,80904,1824,82728,1116
2021-03-02,Alpine,3,1148,83,77,0,77,0
2021-03-02,Amador,5,37829,3492,3474,33,3507,42
2021-03-02,Butte,7,227075,11325,11007,1701,12708,182
2021-03-02,Calaveras,9,45235,1926,1890,12,1902,48
2021-03-02,Colusa,11,21464,1873,1872,272,2144,11
2021-03-02,Contra Costa,13,1133247,63549,62557,1128,63685,694
2021-03-02,Del Norte,15,27424,1001,983,0,983,5
2021-03-02,El Dorado,17,186661,9145,9116,634,9750,98
2021-03-02,Fresno,19,978130,96312,95785,8068,103853,1410
2021-03-02,Glenn,21,27897,2250,2232,512,2744,15
2021-03-02,Humboldt,23,135768,3227,3184,22,3206,30
2021-03-02,Imperial,25,180216,27208,26926,2671,29597,637
2021-03-02,Inyo,27,18085,1318,1292,2,1294,35
2021-03-02,Kern,29,883053,93336,92313,10275,102588,1046
2021-03-02,Kings,31,150075,22149,21999,1077,23076,217
2021-03-02,Lake,33,64148,3205,3169,6,3175,40
2021-03-02,Lassen,35,31185,5112,5115,102,5217,1
2021-03-02,Los Angeles,37,10098052,1171256,1156826,41464,1198290,21395
2021-03-02,Madera,39,155013,15678,15523,860,16383,194
2021-03-02,Marin,41,260295,13277,13186,171,13357,214
2021-03-02,Mariposa,43,17540,377,376,5,381,4
2021-03-02,Mendocino,45,87422,3653,3562,68,3630,41
2021-03-02,Merced,47,269075,28643,28598,909,29507,389
2021-03-02,Modoc,49,8938,345,332,117,449,3
2021-03-02,Mono,51,14174,1180,1191,12,1203,3
2021-03-02,Monterey,53,433212,41914,41716,1755,43471,325
2021-03-02,Napa,55,140530,9111,9080,33,9113,71
2021-03-02,Nevada,57,99092,4062,3983,164,4147,66
2021-03-02,Orange,59,3164182,247101,246004,10576,256580,4037
2021-03-02,Placer,61,380077,20651,19828,1166,20994,239
2021-03-02,Plumas,63,18699,642,628,11,639,4
2021-03-02,Riverside,65,2383286,283631,279486,14168,293654,3721
2021-03-02,Sacramento,67,1510023,94989,93690,1323,95013,1411
2021-03-02,San Benito,69,59416,5761,5770,95,5865,60
2021-03-02,San Bernardino,71,2135413,285855,281919,8620,290539,3604
2021-03-02,San Diego,73,3302833,264908,260998,0,260998,3317
2021-03-02,San Francisco,75,870044,34333,34387,1176,35563,424
2021-03-02,San Joaquin,77,732212,67047,65769,2945,68714,1111
2021-03-02,San Luis Obispo,79,281455,19640,19452,588,20040,241
2021-03-02,San Mateo,81,765935,39712,39148,416,39564,317
2021-03-02,Santa Barbara,83,443738,32505,31964,1163,33127,416
2021-03-02,Santa Clara,85,1922200,110684,110832,614,111446,1706
2021-03-02,Santa Cruz,87,273765,15416,14611,851,15462,185
2021-03-02,Shasta,89,179085,10995,11012,1285,12297,149
2021-03-02,Sierra,91,2930,49,48,14,62,0
2021-03-02,Siskiyou,93,43540,1499,1412,259,1671,5
2021-03-02,Solano,95,438530,29998,29827,375,30202,167
2021-03-02,Sonoma,97,501317,28243,28261,223,28484,279
2021-03-02,Stanislaus,99,539301,50697,50359,5611,55970,724
2021-03-02,Sutter,101,95872,8877,8832,85,8917,99
2021-03-02,Tehama,103,63373,4598,4597,516,5113,32
2021-03-02,Trinity,105,12862,346,301,50,351,3
2021-03-02,Tulare,107,460477,47849,47326,8597,55923,783
2021-03-02,Tuolumne,109,53932,3908,3908,32,3940,53
2021-03-02,Ventura,111,848112,77941,77952,2897,80849,780
2021-03-02,Yolo,113,214977,12969,12867,234,13101,189
2021-03-02,Yuba,115,75493,5521,5475,91,5566,41
2021-03-01,Alameda,1,1643700,81170,80805,1822,82627,1105
2021-03-01,Alpine,3,1148,81,77,0,77,0
2021-03-01,Amador,5,37829,3489,3469,33,3502,42
2021-03-01,Butte,7,227075,11309,10981,1696,12677,180
2021-03-01,Calaveras,9,45235,1920,1885,12,1897,46
2021-03-01,Colusa,11,21464,1872,1871,272,2143,11
2021-03-01,Contra Costa,13,1133247,63442,62458,1127,63585,694
2021-03-01,Del Norte,15,27424,996,982,0,982,5
2021-03-01,El Dorado,17,186661,9121,9085,634,9719,98
2021-03-01,Fresno,19,978130,96175,95677,8044,103721,1405
2021-03-01,Glenn,21,27897,2245,2232,511,2743,15
2021-03-01,Humboldt,23,135768,3209,3179,22,3201,30
2021-03-01,Imperial,25,180216,27198,26913,2663,29576,636
2021-03-01,Inyo,27,18085,1315,1285,2,1287,35
2021-03-01,Kern,29,883053,93249,92219,10248,102467,1041
2021-03-01,Kings,31,150075,22132,21988,1071,23059,217
2021-03-01,Lake,33,64148,3200,3164,6,3170,40
2021-03-01,Lassen,35,31185,5110,5111,102,5213,1
2021-03-01,Los Angeles,37,10098052,1170610,1155984,41419,1197403,21293
2021-03-01,Madera,39,155013,15649,15505,849,16354,194
2021-03-01,Marin,41,260295,13251,13161,170,13331,214
2021-03-01,Mariposa,43,17540,377,375,5,380,4
2021-03-01,Mendocino,45,87422,3646,3561,68,3629,41
2021-03-01,Merced,47,269075,28598,28575,905,29480,385
2021-03-01,Modoc,49,8938,342,331,116,447,3
2021-03-01,Mono,51,14174,1179,1192,12,1204,3
2021-03-01,Monterey,53,433212,41889,41697,1753,43450,324
2021-03-01,Napa,55,140530,9102,9056,33,9089,70
2021-03-01,Nevada,57,99092,4043,3979,164,4143,66
2021-03-01,Orange,59,3164182,246909,245852,10562,256414,3976
2021-03-01,Placer,61,380077,20613,19803,1163,20966,239
2021-03-01,Plumas,63,18699,642,628,11,639,4
2021-03-01,Riverside,65,2383286,283416,279323,14160,293483,3680
2021-03-01,Sacramento,67,1510023,94844,93546,1321,94867,1401
2021-03-01,San Benito,69,59416,5756,5772,95,5867,57
2021-03-01,San Bernardino,71,2135413,285707,281685,8616,290301,3603
2021-03-01,San Diego,73,3302833,264593,260622,0,260622,3303
2021-03-01,San Francisco,75,870044,34289,34318,1168,35486,424
2021-03-01,San Joaquin,77,732212,66940,65699,2933,68632,1097
2021-03-01,San Luis Obispo,79,281455,19618,19429,586,20015,239
2021-03-01,San Mateo,81,765935,39662,39096,415,39511,314
2021-03-01,Santa Barbara,83,443738,32463,31909,1162,33071,413
2021-03-01,Santa Clara,85,1922200,110526,110684,611,111295,1704
2021-03-01,Santa Cruz,87,273765,15397,14575,850,15425,185
2021-03-01,Shasta,89,179085,10983,10990,1282,12272,149
2021-03-01,Sierra,91,2930,49,48,14,62,0
2021-03-01,Siskiyou,93,43540,1495,1408,257,1665,5
2021-03-01,Solano,95,438530,29955,29779,374,30153,166
2021-03-01,Sonoma,97,501317,28196,28222,221,28443,278
2021-03-01,Stanislaus,99,539301,50623,50293,5604,55897,722
2021-03-01,Sutter,101,95872,8865,8825,85,8910,99
2021-03-01,Tehama,103,63373,4594,4595,516,5111,32
2021-03-01,Trinity,105,12862,346,298,49,347,3
2021-03-01,Tulare,107,460477,47812,47275,8562,55837,781
2021-03-01,Tuolumne,109,53932,3905,3907,32,3939,53
2021-03-01,Ventura,111,848112,77859,77849,2896,80745,775
2021-03-01,Yolo,113,214977,12952,12854,232,13086,188
2021-03-01,Yuba,115,75493,5509,5466,91,5557,41
2021-02-28,Alameda,1,1643700,81047,80727,1820,82547,1105
2021-02-28,Alpine,3,1148,81,77,0,77,0
2021-02-28,Amador,5,37829,3484,3466,32,3498,42
2021-02-28,Butte,7,227075,11294,10970,1696,12666,180
2021-02-28,Calaveras,9,45235,1914,1881,12,1893,46
2021-02-28,Colusa,11,21464,1872,1871,271,2142,11
2021-02-28,Contra Costa,13,1133247,63315,62386,1122,63508,694
2021-02-28,Del Norte,15,27424,994,981,0,981,5
2021-02-28,El Dorado,17,186661,9110,9082,634,9716,98
2021-02-28,Fresno,19,978130,95997,95548,8009,103557,1405
2021-02-28,Glenn,21,27897,2243,2230,509,2739,15
2021-02-28,Humboldt,23,135768,3186,3179,22,3201,30
2021-02-28,Imperial,25,180216,27172,26909,2656,29565,636
2021-02-28,Inyo,27,18085,1310,1282,2,1284,35
2021-02-28,Kern,29,883053,93135,92169,10226,102395,1012
2021-02-28,Kings,31,150075,22111,21967,1070,23037,217
2021-02-28,Lake,33,64148,3195,3164,6,3170,40
2021-02-28,Lassen,35,31185,5109,5106,102,5208,1
2021-02-28,Los Angeles,37,10098052,1169835,1155141,41355,1196496,21261
2021-02-28,Madera,39,155013,15607,15496,846,16342,199
2021-02-28,Marin,41,260295,13228,13152,168,13320,214
2021-02-28,Mariposa,43,17540,377,374,5,379,4
2021-02-28,Mendocino,45,87422,3640,3558,68,3626,41
2021-02-28,Merced,47,269075,28536,28546,904,29450,384
2021-02-28,Modoc,49,8938,342,331,116,447,3
2021-02-28,Mono,51,14174,1176,1192,12,1204,3
2021-02-28,Monterey,53,433212,41857,41683,1752,43435,323
2021-02-28,Napa,55,140530,9083,9053,33,9086,70
2021-02-28,Nevada,57,99092,4030,3972,164,4136,66
2021-02-28,Orange,59,3164182,246709,245706,10554,256260,3970
2021-02-28,Placer,61,380077,20567,19775,1161,20936,239
2021-02-28,Plumas,63,18699,642,628,11,639,4
2021-02-28,Riverside,65,2383286,283197,279214,14149,293363,3661
2021-02-28,Sacramento,67,1510023,94660,93463,1316,94779,1398
2021-02-28,San Benito,69,59416,5745,5772,95,5867,57
2021-02-28,San Bernardino,71,2135413,285576,281620,8603,290223,3595
2021-02-28,San Diego,73,3302833,264297,260353,0,260353,3303
2021-02-28,San Francisco,75,870044,34248,34291,1161,35452,417
2021-02-28,San Joaquin,77,732212,66832,65662,2924,68586,1097
2021-02-28,San Luis Obispo,79,281455,19583,19422,583,20005,237
2021-02-28,San Mateo,81,765935,39608,39059,414,39473,314
2021-02-28,Santa Barbara,83,443738,32412,31877,1161,33038,413
2021-02-28,Santa Clara,85,1922200,110328,110556,608,111164,1704
2021-02-28,Santa Cruz,87,273765,15368,14571,847,15418,185
2021-02-28,Shasta,89,179085,10962,10990,1278,12268,149
2021-02-28,Sierra,91,2930,49,48,14,62,0
2021-02-28,Siskiyou,93,43540,1487,1408,256,1664,5
2021-02-28,Solano,95,438530,29899,29758,369,30127,166
2021-02-28,Sonoma,97,501317,28134,28193,220,28413,279
2021-02-28,Stanislaus,99,539301,50533,50228,5590,55818,728
2021-02-28,Sutter,101,95872,8850,8825,85,8910,99
2021-02-28,Tehama,103,63373,4587,4590,516,5106,32
2021-02-28,Trinity,105,12862,346,298,49,347,3
2021-02-28,Tulare,107,460477,47750,47258,8531,55789,780
2021-02-28,Tuolumne,109,53932,3900,3905,32,3937,53
2021-02-28,Ventura,111,848112,77748,77749,2893,80642,775
2021-02-28,Yolo,113,214977,12930,12851,232,13083,188
2021-02-28,Yuba,115,75493,5499,5461,91,5552,41
2021-02-27,Alameda,1,1643700,80973,80565,1818,82383,1108
2021-02-27,Alpine,3,1148,81,77,0,77,0
2021-02-27,Amador,5,37829,3482,3463,32,3495,42
2021-02-27,Butte,7,227075,11282,10962,1696,12658,180
2021-02-27,Calaveras,9,45235,1912,1875,12,1887,46
2021-02-27,Colusa,11,21464,1871,1869,271,2140,11
2021-02-27,Contra Costa,13,1133247,63244,62248,1119,63367,693
2021-02-27,Del Norte,15,27424,992,978,0,978,5
2021-02-27,El Dorado,17,186661,9106,9072,634,9706,98
2021-02-27,Fresno,19,978130,95924,95393,7995,103388,1400
2021-02-27,Glenn,21,27897,2243,2225,508,2733,15
2021-02-27,Humboldt,23,135768,3180,3167,22,3189,30
2021-02-27,Imperial,25,180216,27164,26903,2655,29558,633
2021-02-27,Inyo,27,18085,1307,1275,2,1277,35
2021-02-27,Kern,29,883053,93075,92053,10211,102264,996
2021-02-27,Kings,31,150075,22101,21955,1067,23022,216
2021-02-27,Lake,33,64148,3192,3156,6,3162,40
2021-02-27,Lassen,35,31185,5109,5106,102,5208,1
2021-02-27,Los Angeles,37,10098052,1169345,1154275,41325,1195600,21158
2021-02-27,Madera,39,155013,15590,15467,845,16312,199
2021-02-27,Marin,41,260295,13204,13134,168,13302,214
2021-02-27,Mariposa,43,17540,377,374,5,379,4
2021-02-27,Mendocino,45,87422,3637,3555,68,3623,41
2021-02-27,Merced,47,269075,28495,28501,895,29396,384
2021-02-27,Modoc,49,8938,342,331,115,446,3
2021-02-27,Mono,51,14174,1174,1191,12,1203,3
2021-02-27,Monterey,53,433212,41848,41665,1752,43417,322
2021-02-27,Napa,55,140530,9072,9038,33,9071,71
2021-02-27,Nevada,57,99092,4024,3960,164,4124,66
2021-02-27,Orange,59,3164182,246583,245542,10542,256084,3960
2021-02-27,Placer,61,380077,20531,19726,1158,20884,239
2021-02-27,Plumas,63,18699,642,628,11,639,4
2021-02-27,Riverside,65,2383286,283088,279048,14139,293187,3663
2021-02-27,Sacramento,67,1510023,94578,93281,1305,94586,1396
2021-02-27,San Benito,69,59416,5744,5767,94,5861,57
2021-02-27,San Bernardino,71,2135413,285505,281471,8596,290067,3527
2021-02-27,San Diego,73,3302833,264108,260091,0,260091,3284
2021-02-27,San Francisco,75,870044,34215,34260,1158,35418,413
2021-02-27,San Joaquin,77,732212,66786,65578,2922,68500,1100
2021-02-27,San Luis Obispo,79,281455,19562,19411,582,19993,237
2021-02-27,San Mateo,81,765935,39565,38998,413,39411,313
2021-02-27,Santa Barbara,83,443738,32378,31805,1160,32965,411
2021-02-27,Santa Clara,85,1922200,110181,110361,606,110967,1703
2021-02-27,Santa Cruz,87,273765,15359,14552,846,15398,185
2021-02-27,Shasta,89,179085,10956,10985,1274,12259,149
2021-02-27,Sierra,91,2930,49,48,14,62,0
2021-02-27,Siskiyou,93,43540,1485,1407,255,1662,5
2021-02-27,Solano,95,438530,29871,29718,368,30086,165
2021-02-27,Sonoma,97,501317,28090,28141,214,28355,281
2021-02-27,Stanislaus,99,539301,50479,50147,5580,55727,733
2021-02-27,Sutter,101,95872,8845,8820,85,8905,99
2021-02-27,Tehama,103,63373,4584,4584,516,5100,32
2021-02-27,Trinity,105,12862,346,298,49,347,3
2021-02-27,Tulare,107,460477,47714,47209,8504,55713,770
2021-02-27,Tuolumne,109,53932,3897,3899,32,3931,53
2021-02-27,Ventura,111,848112,77676,77623,2890,80513,771
2021-02-27,Yolo,113,214977,12918,12834,232,13066,188
2021-02-27,Yuba,115,75493,5496,5450,91,5541,39
2021-02-26,Alameda,1,1643700,80877,80387,1813,82200,1106
2021-02-26,Alpine,3,1148,81,77,0,77,0
2021-02-26,Amador,5,37829,3476,3457,32,3489,42
2021-02-26,Butte,7,227075,11272,10941,1695,12636,180
2021-02-26,Calaveras,9,45235,1911,1873,12,1885,46
2021-02-26,Colusa,11,21464,1871,1865,271,2136,11
2021-02-26,Contra Costa,13,1133247,63162,62114,1119,63233,685
2021-02-26,Del Norte,15,27424,988,968,0,968,5
2021-02-26,El Dorado,17,186661,9101,9038,632,9670,98
2021-02-26,Fresno,19,978130,95821,95202,7987,103189,1391
2021-02-26,Glenn,21,27897,2240,2220,508,2728,15
2021-02-26,Humboldt,23,135768,3174,3152,22,3174,30
2021-02-26,Imperial,25,180216,27156,26888,2653,29541,631
2021-02-26,Inyo,27,18085,1305,1271,2,1273,34
2021-02-26,Kern,29,883053,92996,91884,10195,102079,997
2021-02-26,Kings,31,150075,22085,21917,1064,22981,216
2021-02-26,Lake,33,64148,3187,3153,6,3159,40
2021-02-26,Lassen,35,31185,5109,5102,102,5204,1
2021-02-26,Los Angeles,37,10098052,1168777,1153131,41262,1194393,21070
2021-02-26,Madera,39,155013,15574,15436,843,16279,199
2021-02-26,Marin,41,260295,13190,13091,168,13259,214
2021-02-26,Mariposa,43,17540,377,375,5,380,4
2021-02-26,Mendocino,45,87422,3632,3549,68,3617,41
2021-02-26,Merced,47,269075,28463,28455,894,29349,382
2021-02-26,Modoc,49,8938,341,330,115,445,3
2021-02-26,Mono,51,14174,1172,1191,12,1203,3
2021-02-26,Monterey,53,433212,41822,41607,1752,43359,322
2021-02-26,Napa,55,140530,9066,9014,33,9047,70
2021-02-26,Nevada,57,99092,4013,3952,164,4116,66
2021-02-26,Orange,59,3164182,246445,245278,10532,255810,3918
2021-02-26,Placer,61,380077,20505,19712,1152,20864,239
2021-02-26,Plumas,63,18699,642,628,11,639,4
2021-02-26,Riverside,65,2383286,282944,278772,14133,292905,3653
2021-02-26,Sacramento,67,1510023,94455,93180,1302,94482,1390
2021-02-26,San Benito,69,59416,5743,5759,94,5853,57
2021-02-26,San Bernardino,71,2135413,285396,281132,8594,289726,3461
2021-02-26,San Diego,73,3302833,263881,259641,0,259641,3271
2021-02-26,San Francisco,75,870044,34185,34213,1153,35366,413
2021-02-26,San Joaquin,77,732212,66705,65492,2916,68408,1070
2021-02-26,San Luis Obispo,79,281455,19546,19359,580,19939,234
2021-02-26,San Mateo,81,765935,39519,38922,413,39335,313
2021-02-26,Santa Barbara,83,443738,32335,31724,1159,32883,410
2021-02-26,Santa Clara,85,1922200,110051,110168,604,110772,1700
2021-02-26,Santa Cruz,87,273765,15347,14528,845,15373,185
2021-02-26,Shasta,89,179085,10950,10972,1264,12236,149
2021-02-26,Sierra,91,2930,49,47,14,61,0
2021-02-26,Siskiyou,93,43540,1485,1401,255,1656,5
2021-02-26,Solano,95,438530,29837,29651,367,30018,165
2021-02-26,Sonoma,97,501317,28062,28063,213,28276,280
2021-02-26,Stanislaus,99,539301,50423,50054,5572,55626,737
2021-02-26,Sutter,101,95872,8836,8806,85,8891,99
2021-02-26,Tehama,103,63373,4582,4581,516,5097,32
2021-02-26,Trinity,105,12862,345,298,49,347,3
2021-02-26,Tulare,107,460477,47679,47135,8473,55608,770
2021-02-26,Tuolumne,109,53932,3896,3896,32,3928,53
2021-02-26,Ventura,111,848112,77576,77534,2888,80422,765
2021-02-26,Yolo,113,214977,12911,12816,232,13048,188
2021-02-26,Yuba,115,75493,5491,5438,91,5529,39
2021-02-25,Alameda,1,1643700,80755,80181,1812,81993,1093
2021-02-25,Alpine,3,1148,81,77,0,77,0
2021-02-25,Amador,5,37829,3473,3448,32,3480,41
2021-02-25,Butte,7,227075,11251,10922,1690,12612,178
2021-02-25,Calaveras,9,45235,1903,1868,12,1880,46
2021-02-25,Colusa,11,21464,1868,1863,270,2133,11
2021-02-25,Contra Costa,13,1133247,63060,61910,1119,63029,686
2021-02-25,Del Norte,15,27424,978,966,0,966,5
2021-02-25,El Dorado,17,186661,9085,9012,632,9644,98
2021-02-25,Fresno,19,978130,95678,95015,7965,102980,1377
2021-02-25,Glenn,21,27897,2237,2219,507,2726,15
2021-02-25,Humboldt,23,135768,3167,3129,21,3150,30
2021-02-25,Imperial,25,180216,27150,26855,2649,29504,628
2021-02-25,Inyo,27,18085,1299,1264,2,1266,33
2021-02-25,Kern,29,883053,92882,91735,10169,101904,992
2021-02-25,Kings,31,150075,22076,21900,1061,22961,216
2021-02-25,Lake,33,64148,3178,3141,6,3147,40
2021-02-25,Lassen,35,31185,5108,5097,100,5197,1
2021-02-25,Los Angeles,37,10098052,1168040,1151846,41202,1193048,20931
2021-02-25,Madera,39,155013,15539,15414,839,16253,194
2021-02-25,Marin,41,260295,13166,13067,168,13235,214
2021-02-25,Mariposa,43,17540,377,375,5,380,4
2021-02-25,Mendocino,45,87422,3627,3542,68,3610,41
2021-02-25,Merced,47,269075,28413,28383,893,29276,382
2021-02-25,Modoc,49,8938,341,329,115,444,3
2021-02-25,Mono,51,14174,1171,1190,12,1202,3
2021-02-25,Monterey,53,433212,41797,41564,1747,43311,321
2021-02-25,Napa,55,140530,9040,8998,33,9031,70
2021-02-25,Nevada,57,99092,3996,3940,163,4103,66
2021-02-25,Orange,59,3164182,246271,245000,10522,255522,3882
2021-02-25,Placer,61,380077,20464,19661,1150,20811,239
2021-02-25,Plumas,63,18699,642,626,11,637,4
2021-02-25,Riverside,65,2383286,282759,278544,14109,292653,3646
2021-02-25,Sacramento,67,1510023,94296,92961,1289,94250,1386
2021-02-25,San Benito,69,59416,5738,5752,94,5846,58
2021-02-25,San Bernardino,71,2135413,285248,280946,8585,289531,3409
2021-02-25,San Diego,73,3302833,263586,258979,0,258979,3260
2021-02-25,San Francisco,75,870044,34143,34138,1150,35288,408
2021-02-25,San Joaquin,77,732212,66622,65389,2904,68293,1047
2021-02-25,San Luis Obispo,79,281455,19525,19335,578,19913,234
2021-02-25,San Mateo,81,765935,39474,38872,413,39285,300
2021-02-25,Santa Barbara,83,443738,32259,31631,1158,32789,408
2021-02-25,Santa Clara,85,1922200,109887,109923,603,110526,1677
2021-02-25,Santa Cruz,87,273765,15329,14492,843,15335,185
2021-02-25,Shasta,89,179085,10938,10947,1259,12206,148
2021-02-25,Sierra,91,2930,49,47,14,61,0
2021-02-25,Siskiyou,93,43540,1481,1390,252,1642,4
2021-02-25,Solano,95,438530,29805,29616,367,29983,161
2021-02-25,Sonoma,97,501317,28008,28004,210,28214,278
2021-02-25,Stanislaus,99,539301,50334,49964,5561,55525,738
2021-02-25,Sutter,101,95872,8822,8789,84,8873,99
2021-02-25,Tehama,103,63373,4578,4578,514,5092,32
2021-02-25,Trinity,105,12862,345,297,49,346,3
2021-02-25,Tulare,107,460477,47631,47052,8445,55497,765
2021-02-25,Tuolumne,109,53932,3893,3894,32,3926,53
2021-02-25,Ventura,111,848112,77471,77395,2882,80277,751
2021-02-25,Yolo,113,214977,12894,12787,232,13019,188
2021-02-25,Yuba,115,75493,5483,5429,91,5520,39
2021-02-24,Alameda,1,1643700,80632,80070,1808,81878,1082
2021-02-24,Alpine,3,1148,80,77,0,77,0
2021-02-24,Amador,5,37829,3468,3444,32,3476,41
2021-02-24,Butte,7,227075,11239,10915,1686,12601,178
2021-02-24,Calaveras,9,45235,1900,1864,12,1876,31
2021-02-24,Colusa,11,21464,1866,1863,270,2133,11
2021-02-24,Contra Costa,13,1133247,62952,61776,1119,62895,663
2021-02-24,Del Norte,15,27424,977,960,0,960,5
2021-02-24,El Dorado,17,186661,9073,8993,632,9625,98
2021-02-24,Fresno,19,978130,95532,94794,7949,102743,1369
2021-02-24,Glenn,21,27897,2235,2210,507,2717,14
2021-02-24,Humboldt,23,135768,3155,3123,21,3144,29
2021-02-24,Imperial,25,180216,27135,26843,2645,29488,596
2021-02-24,Inyo,27,18085,1294,1253,2,1255,32
2021-02-24,Kern,29,883053,92750,91525,10153,101678,992
2021-02-24,Kings,31,150075,22053,21871,1057,22928,216
2021-02-24,Lake,33,64148,3171,3134,6,3140,40
2021-02-24,Lassen,35,31185,5104,5095,99,5194,1
2021-02-24,Los Angeles,37,10098052,1167286,1150322,41152,1191474,20817
2021-02-24,Madera,39,155013,15512,15390,839,16229,194
2021-02-24,Marin,41,260295,13143,13044,167,13211,214
2021-02-24,Mariposa,43,17540,377,374,5,379,4
2021-02-24,Mendocino,45,87422,3620,3540,68,3608,41
2021-02-24,Merced,47,269075,28374,28295,890,29185,383
2021-02-24,Modoc,49,8938,340,329,115,444,3
2021-02-24,Mono,51,14174,1169,1189,12,1201,3
2021-02-24,Monterey,53,433212,41771,41495,1745,43240,320
2021-02-24,Napa,55,140530,9023,8976,32,9008,70
2021-02-24,Nevada,57,99092,3986,3927,163,4090,66
2021-02-24,Orange,59,3164182,246054,244743,10508,255251,3835
2021-02-24,Placer,61,380077,20426,19648,1144,20792,239
2021-02-24,Plumas,63,18699,640,626,11,637,4
2021-02-24,Riverside,65,2383286,282537,278293,14099,292392,3603
2021-02-24,Sacramento,67,1510023,94143,92742,1283,94025,1375
2021-02-24,San Benito,69,59416,5737,5743,94,5837,57
2021-02-24,San Bernardino,71,2135413,285103,280583,8581,289164,3360
2021-02-24,San Diego,73,3302833,263293,258460,0,258460,3230
2021-02-24,San Francisco,75,870044,34098,34061,1146,35207,406
2021-02-24,San Joaquin,77,732212,66512,65274,2901,68175,1019
2021-02-24,San Luis Obispo,79,281455,19502,19309,576,19885,233
2021-02-24,San Mateo,81,765935,39437,38763,412,39175,300
2021-02-24,Santa Barbara,83,443738,32208,31563,1155,32718,405
2021-02-24,Santa Clara,85,1922200,109734,109671,602,110273,1674
2021-02-24,Santa Cruz,87,273765,15308,14458,843,15301,185
2021-02-24,Shasta,89,179085,10923,10922,1256,12178,148
2021-02-24,Sierra,91,2930,49,47,14,61,0
2021-02-24,Siskiyou,93,43540,1474,1385,248,1633,4
2021-02-24,Solano,95,438530,29766,29577,364,29941,158
2021-02-24,Sonoma,97,501317,27943,27954,206,28160,278
2021-02-24,Stanislaus,99,539301,50265,49851,5552,55403,732
2021-02-24,Sutter,101,95872,8812,8778,84,8862,99
2021-02-24,Tehama,103,63373,4574,4566,514,5080,31
2021-02-24,Trinity,105,12862,345,294,48,342,3
2021-02-24,Tulare,107,460477,47577,46976,8415,55391,759
2021-02-24,Tuolumne,109,53932,3890,3887,32,3919,53
2021-02-24,Ventura,111,848112,77365,77238,2880,80118,718
2021-02-24,Yolo,113,214977,12882,12760,227,12987,188
2021-02-24,Yuba,115,75493,5472,5425,89,5514,39
2021-02-23,Alameda,1,1643700,80494,79948,1804,81752,1070
2021-02-23,Alpine,3,1148,79,77,0,77,0
2021-02-23,Amador,5,37829,3466,3440,32,3472,41
2021-02-23,Butte,7,227075,11224,10887,1682,12569,176
2021-02-23,Calaveras,9,45235,1899,1863,12,1875,21
2021-02-23,Colusa,11,21464,1863,1862,270,2132,11
2021-02-23,Contra Costa,13,1133247,62819,61613,1117,62730,661
2021-02-23,Del Norte,15,27424,975,953,0,953,3
2021-02-23,El Dorado,17,186661,9060,8969,632,9601,96
2021-02-23,Fresno,19,978130,95371,94741,7935,102676,1356
2021-02-23,Glenn,21,27897,2233,2209,507,2716,14
2021-02-23,Humboldt,23,135768,3137,3108,21,3129,29
2021-02-23,Imperial,25,180216,27115,26816,2640,29456,591
2021-02-23,Inyo,27,18085,1290,1250,2,1252,32
2021-02-23,Kern,29,883053,92614,91390,10124,101514,982
2021-02-23,Kings,31,150075,22038,21839,1053,22892,216
2021-02-23,Lake,33,64148,3163,3121,6,3127,40
2021-02-23,Lassen,35,31185,5101,5092,99,5191,1
2021-02-23,Los Angeles,37,10098052,1166425,1148965,41095,1190060,19887
2021-02-23,Madera,39,155013,15498,15352,833,16185,193
2021-02-23,Marin,41,260295,13123,13015,166,13181,214
2021-02-23,Mariposa,43,17540,377,374,5,379,4
2021-02-23,Mendocino,45,87422,3618,3540,67,3607,41
2021-02-23,Merced,47,269075,28286,28209,889,29098,381
2021-02-23,Modoc,49,8938,339,328,114,442,3
2021-02-23,Mono,51,14174,1169,1189,12,1201,3
2021-02-23,Monterey,53,433212,41730,41439,1739,43178,317
2021-02-23,Napa,55,140530,9012,8967,32,8999,70
2021-02-23,Nevada,57,99092,3978,3912,163,4075,66
2021-02-23,Orange,59,3164182,245858,244566,10491,255057,3843
2021-02-23,Placer,61,380077,20400,19608,1140,20748,238
2021-02-23,Plumas,63,18699,639,626,11,637,4
2021-02-23,Riverside,65,2383286,282305,278075,14086,292161,3599
2021-02-23,Sacramento,67,1510023,93986,92632,1277,93909,1370
2021-02-23,San Benito,69,59416,5731,5731,93,5824,57
2021-02-23,San Bernardino,71,2135413,284909,280279,8574,288853,3283
2021-02-23,San Diego,73,3302833,262918,257802,0,257802,3218
2021-02-23,San Francisco,75,870044,34049,33994,1145,35139,405
2021-02-23,San Joaquin,77,732212,66414,65141,2893,68034,1004
2021-02-23,San Luis Obispo,79,281455,19473,19233,575,19808,230
2021-02-23,San Mateo,81,765935,39376,38662,412,39074,299
2021-02-23,Santa Barbara,83,443738,32155,31483,1153,32636,402
2021-02-23,Santa Clara,85,1922200,109538,109449,598,110047,1661
2021-02-23,Santa Cruz,87,273765,15281,14435,839,15274,178
2021-02-23,Shasta,89,179085,10911,10903,1252,12155,146
2021-02-23,Sierra,91,2930,49,47,14,61,0
2021-02-23,Siskiyou,93,43540,1469,1380,246,1626,4
2021-02-23,Solano,95,438530,29726,29545,361,29906,154
2021-02-23,Sonoma,97,501317,27900,27882,203,28085,278
2021-02-23,Stanislaus,99,539301,50189,49749,5534,55283,722
2021-02-23,Sutter,101,95872,8799,8766,84,8850,98
2021-02-23,Tehama,103,63373,4570,4556,513,5069,30
2021-02-23,Trinity,105,12862,345,292,47,339,3
2021-02-23,Tulare,107,460477,47498,46937,8379,55316,757
2021-02-23,Tuolumne,109,53932,3886,3864,32,3896,53
2021-02-23,Ventura,111,848112,77250,77093,2871,79964,689
2021-02-23,Yolo,113,214977,12853,12729,227,12956,188
2021-02-23,Yuba,115,75493,5459,5417,88,5505,38
2021-02-22,Alameda,1,1643700,80342,79796,1801,81597,1062
2021-02-22,Alpine,3,1148,79,77,0,77,0
2021-02-22,Amador,5,37829,3461,3438,32,3470,39
2021-02-22,Butte,7,227075,11212,10855,1676,12531,176
2021-02-22,Calaveras,9,45235,1896,1862,12,1874,21
2021-02-22,Colusa,11,21464,1863,1860,270,2130,11
2021-02-22,Contra Costa,13,1133247,62684,61478,1115,62593,661
2021-02-22,Del Norte,15,27424,974,948,0,948,3
2021-02-22,El Dorado,17,186661,9043,8940,632,9572,96
2021-02-22,Fresno,19,978130,95208,94584,7916,102500,1351
2021-02-22,Glenn,21,27897,2227,2207,505,2712,14
2021-02-22,Humboldt,23,135768,3125,3095,21,3116,29
2021-02-22,Imperial,25,180216,27091,26778,2632,29410,590
2021-02-22,Inyo,27,18085,1285,1248,2,1250,32
2021-02-22,Kern,29,883053,92500,91201,10101,101302,982
2021-02-22,Kings,31,150075,22017,21801,1050,22851,214
2021-02-22,Lake,33,64148,3157,3107,6,3113,40
2021-02-22,Lassen,35,31185,5101,5088,98,5186,1
2021-02-22,Los Angeles,37,10098052,1165556,1147541,41037,1188578,19730
2021-02-22,Madera,39,155013,15473,15325,829,16154,193
2021-02-22,Marin,41,260295,13099,12991,163,13154,213
2021-02-22,Mariposa,43,17540,376,374,5,379,4
2021-02-22,Mendocino,45,87422,3612,3535,67,3602,41
2021-02-22,Merced,47,269075,28218,28166,887,29053,379
2021-02-22,Modoc,49,8938,339,329,114,443,3
2021-02-22,Mono,51,14174,1165,1189,12,1201,3
2021-02-22,Monterey,53,433212,41679,41397,1732,43129,311
2021-02-22,Napa,55,140530,8985,8950,32,8982,69
2021-02-22,Nevada,57,99092,3969,3900,161,4061,66
2021-02-22,Orange,59,3164182,245621,244118,10473,254591,3843
2021-02-22,Placer,61,380077,20363,19587,1132,20719,238
2021-02-22,Plumas,63,18699,639,625,11,636,4
2021-02-22,Riverside,65,2383286,282046,277730,14077,291807,3567
2021-02-22,Sacramento,67,1510023,93820,92476,1267,93743,1359
2021-02-22,San Benito,69,59416,5729,5723,93,5816,57
2021-02-22,San Bernardino,71,2135413,284726,279984,8561,288545,3259
2021-02-22,San Diego,73,3302833,262509,257348,0,257348,3189
2021-02-22,San Francisco,75,870044,33990,33947,1139,35086,405
2021-02-22,San Joaquin,77,732212,66313,65060,2880,67940,1001
2021-02-22,San Luis Obispo,79,281455,19436,19198,573,19771,229
2021-02-22,San Mateo,81,765935,39319,38542,409,38951,282
2021-02-22,Santa Barbara,83,443738,32090,31421,1150,32571,399
2021-02-22,Santa Clara,85,1922200,109327,109213,586,109799,1655
2021-02-22,Santa Cruz,87,273765,15256,14417,838,15255,176
2021-02-22,Shasta,89,179085,10896,10872,1247,12119,145
2021-02-22,Sierra,91,2930,49,47,14,61,0
2021-02-22,Siskiyou,93,43540,1463,1373,245,1618,4
2021-02-22,Solano,95,438530,29687,29508,360,29868,150
2021-02-22,Sonoma,97,501317,27855,27845,202,28047,278
2021-02-22,Stanislaus,99,539301,50085,49630,5513,55143,722
2021-02-22,Sutter,101,95872,8791,8698,84,8782,98
2021-02-22,Tehama,103,63373,4561,4550,513,5063,30
2021-02-22,Trinity,105,12862,345,287,46,333,3
2021-02-22,Tulare,107,460477,47437,46879,8346,55225,751
2021-02-22,Tuolumne,109,53932,3882,3856,32,3888,53
2021-02-22,Ventura,111,848112,77123,76947,2865,79812,677
2021-02-22,Yolo,113,214977,12827,12689,226,12915,183
2021-02-22,Yuba,115,75493,5456,5404,87,5491,38
2021-02-21,Alameda,1,1643700,80144,79649,1796,81445,1061
2021-02-21,Alpine,3,1148,79,77,0,77,0
2021-02-21,Amador,5,37829,3453,3435,32,3467,39
2021-02-21,Butte,7,227075,11189,10855,1674,12529,176
2021-02-21,Calaveras,9,45235,1895,1860,12,1872,21
2021-02-21,Colusa,11,21464,1862,1860,266,2126,11
2021-02-21,Contra Costa,13,1133247,62520,61364,1112,62476,661
2021-02-21,Del Norte,15,27424,968,942,0,942,3
2021-02-21,El Dorado,17,186661,9025,8927,631,9558,96
2021-02-21,Fresno,19,978130,95062,94374,7897,102271,1349
2021-02-21,Glenn,21,27897,2225,2201,503,2704,14
2021-02-21,Humboldt,23,135768,3113,3096,21,3117,29
2021-02-21,Imperial,25,180216,27072,26779,2628,29407,590
2021-02-21,Inyo,27,18085,1279,1232,2,1234,32
2021-02-21,Kern,29,883053,92375,91141,10062,101203,980
2021-02-21,Kings,31,150075,21983,21784,1047,22831,213
2021-02-21,Lake,33,64148,3149,3100,6,3106,40
2021-02-21,Lassen,35,31185,5093,5077,98,5175,1
2021-02-21,Los Angeles,37,10098052,1164538,1146756,40982,1187738,19711
2021-02-21,Madera,39,155013,15442,15298,826,16124,192
2021-02-21,Marin,41,260295,13069,12968,163,13131,212
2021-02-21,Mariposa,43,17540,376,373,5,378,4
2021-02-21,Mendocino,45,87422,3607,3535,67,3602,41
2021-02-21,Merced,47,269075,28129,28106,875,28981,379
2021-02-21,Modoc,49,8938,336,329,114,443,3
2021-02-21,Mono,51,14174,1165,1189,12,1201,3
2021-02-21,Monterey,53,433212,41624,41373,1721,43094,309
2021-02-21,Napa,55,140530,8970,8929,32,8961,69
2021-02-21,Nevada,57,99092,3956,3895,161,4056,66
2021-02-21,Orange,59,3164182,245318,243985,10453,254438,3801
2021-02-21,Placer,61,380077,20326,19553,1128,20681,238
2021-02-21,Plumas,63,18699,639,625,11,636,4
2021-02-21,Riverside,65,2383286,281815,277555,14064,291619,3564
2021-02-21,Sacramento,67,1510023,93608,92288,1251,93539,1354
2021-02-21,San Benito,69,59416,5719,5716,90,5806,57
2021-02-21,San Bernardino,71,2135413,284479,279870,8547,288417,3247
2021-02-21,San Diego,73,3302833,262075,257027,0,257027,3190
2021-02-21,San Francisco,75,870044,33925,33891,1135,35026,405
2021-02-21,San Joaquin,77,732212,66164,64997,2867,67864,1001
2021-02-21,San Luis Obispo,79,281455,19404,19178,571,19749,229
2021-02-21,San Mateo,81,765935,39258,38448,405,38853,282
2021-02-21,Santa Barbara,83,443738,32028,31374,1147,32521,399
2021-02-21,Santa Clara,85,1922200,109102,108992,576,109568,1654
2021-02-21,Santa Cruz,87,273765,15232,14401,837,15238,176
2021-02-21,Shasta,89,179085,10881,10867,1242,12109,145
2021-02-21,Sierra,91,2930,49,47,14,61,0
2021-02-21,Siskiyou,93,43540,1457,1371,245,1616,4
2021-02-21,Solano,95,438530,29630,29471,359,29830,150
2021-02-21,Sonoma,97,501317,27789,27793,194,27987,278
2021-02-21,Stanislaus,99,539301,49960,49527,5496,55023,726
2021-02-21,Sutter,101,95872,8773,8687,83,8770,97
2021-02-21,Tehama,103,63373,4549,4547,513,5060,30
2021-02-21,Trinity,105,12862,343,286,46,332,3
2021-02-21,Tulare,107,460477,47370,46830,8309,55139,749
2021-02-21,Tuolumne,109,53932,3868,3828,32,3860,53
2021-02-21,Ventura,111,848112,76977,76862,2851,79713,677
2021-02-21,Yolo,113,214977,12796,12670,226,12896,183
2021-02-21,Yuba,115,75493,5448,5396,86,5482,38
2021-02-20,Alameda,1,1643700,80050,79496,1792,81288,1055
2021-02-20,Alpine,3,1148,79,77,0,77,0
2021-02-20,Amador,5,37829,3451,3432,32,3464,39
2021-02-20,Butte,7,227075,11181,10838,1672,12510,176
2021-02-20,Calaveras,9,45235,1894,1858,12,1870,21
2021-02-20,Colusa,11,21464,1861,1858,266,2124,11
2021-02-20,Contra Costa,13,1133247,62431,61205,1110,62315,663
2021-02-20,Del Norte,15,27424,964,937,0,937,3
2021-02-20,El Dorado,17,186661,9014,8911,631,9542,96
2021-02-20,Fresno,19,978130,94975,94234,7878,102112,1341
2021-02-20,Glenn,21,27897,2222,2199,502,2701,14
2021-02-20,Humboldt,23,135768,3105,3073,21,3094,29
2021-02-20,Imperial,25,180216,27064,26771,2628,29399,590
2021-02-20,Inyo,27,18085,1275,1226,2,1228,32
2021-02-20,Kern,29,883053,92304,91025,10028,101053,968
2021-02-20,Kings,31,150075,21965,21773,1046,22819,212
2021-02-20,Lake,33,64148,3142,3089,6,3095,40
2021-02-20,Lassen,35,31185,5091,5067,98,5165,1
2021-02-20,Los Angeles,37,10098052,1163976,1145594,40938,1186532,19630
2021-02-20,Madera,39,155013,15422,15274,825,16099,191
2021-02-20,Marin,41,260295,13048,12945,161,13106,211
2021-02-20,Mariposa,43,17540,376,372,5,377,4
2021-02-20,Mendocino,45,87422,3605,3533,67,3600,40
2021-02-20,Merced,47,269075,28084,28066,873,28939,379
2021-02-20,Modoc,49,8938,336,328,114,442,3
2021-02-20,Mono,51,14174,1164,1187,12,1199,3
2021-02-20,Monterey,53,433212,41604,41313,1719,43032,309
2021-02-20,Napa,55,140530,8961,8910,32,8942,69
2021-02-20,Nevada,57,99092,3946,3887,160,4047,66
2021-02-20,Orange,59,3164182,245155,243761,10437,254198,3755
2021-02-20,Placer,61,380077,20285,19509,1124,20633,236
2021-02-20,Plumas,63,18699,639,626,11,637,4
2021-02-20,Riverside,65,2383286,281664,277267,14052,291319,3559
2021-02-20,Sacramento,67,1510023,93483,92057,1249,93306,1352
2021-02-20,San Benito,69,59416,5707,5709,90,5799,57
2021-02-20,San Bernardino,71,2135413,284383,279608,8542,288150,3203
2021-02-20,San Diego,73,3302833,261833,256510,0,256510,3188
2021-02-20,San Francisco,75,870044,33883,33820,1126,34946,399
2021-02-20,San Joaquin,77,732212,66092,64916,2862,67778,1001
2021-02-20,San Luis Obispo,79,281455,19381,19138,569,19707,229
2021-02-20,San Mateo,81,765935,39216,38371,404,38775,282
2021-02-20,Santa Barbara,83,443738,31994,31289,1145,32434,396
2021-02-20,Santa Clara,85,1922200,108926,108728,573,109301,1649
2021-02-20,Santa Cruz,87,273765,15221,14378,835,15213,176
2021-02-20,Shasta,89,179085,10867,10850,1237,12087,146
2021-02-20,Sierra,91,2930,49,47,14,61,0
2021-02-20,Siskiyou,93,43540,1454,1366,245,1611,4
2021-02-20,Solano,95,438530,29615,29440,357,29797,150
2021-02-20,Sonoma,97,501317,27760,27703,191,27894,278
2021-02-20,Stanislaus,99,539301,49905,49445,5483,54928,733
2021-02-20,Sutter,101,95872,8767,8681,83,8764,97
2021-02-20,Tehama,103,63373,4548,4545,513,5058,30
2021-02-20,Trinity,105,12862,342,285,45,330,3
2021-02-20,Tulare,107,460477,47336,46769,8285,55054,739
2021-02-20,Tuolumne,109,53932,3863,3823,32,3855,53
2021-02-20,Ventura,111,848112,76881,76757,2848,79605,671
2021-02-20,Yolo,113,214977,12782,12639,225,12864,183
2021-02-20,Yuba,115,75493,5445,5386,86,5472,38
2021-02-19,Alameda,1,1643700,79943,79318,1788,81106,1047
2021-02-19,Alpine,3,1148,79,77,0,77,0
2021-02-19,Amador,5,37829,3447,3427,32,3459,39
2021-02-19,Butte,7,227075,11171,10823,1667,12490,176
2021-02-19,Calaveras,9,45235,1893,1856,12,1868,21
2021-02-19,Colusa,11,21464,1861,1858,266,2124,11
2021-02-19,Contra Costa,13,1133247,62324,61017,1108,62125,651
2021-02-19,Del Norte,15,27424,959,932,0,932,2
2021-02-19,El Dorado,17,186661,9005,8882,630,9512,96
2021-02-19,Fresno,19,978130,94845,93973,7859,101832,1330
2021-02-19,Glenn,21,27897,2217,2199,501,2700,14
2021-02-19,Humboldt,23,135768,3092,3037,21,3058,29
2021-02-19,Imperial,25,180216,27059,26751,2625,29376,589
2021-02-19,Inyo,27,18085,1270,1212,2,1214,32
2021-02-19,Kern,29,883053,92235,90807,9986,100793,963
2021-02-19,Kings,31,150075,21951,21724,1043,22767,211
2021-02-19,Lake,33,64148,3136,3078,6,3084,40
2021-02-19,Lassen,35,31185,5090,5057,98,5155,1
2021-02-19,Los Angeles,37,10098052,1163231,1143828,40894,1184722,19498
2021-02-19,Madera,39,155013,15405,15222,823,16045,188
2021-02-19,Marin,41,260295,13024,12919,159,13078,210
2021-02-19,Mariposa,43,17540,376,371,5,376,4
2021-02-19,Mendocino,45,87422,3603,3526,67,3593,39
2021-02-19,Merced,47,269075,28053,27985,869,28854,376
2021-02-19,Modoc,49,8938,336,328,114,442,3
2021-02-19,Mono,51,14174,1164,1186,12,1198,3
2021-02-19,Monterey,53,433212,41575,41209,1715,42924,309
2021-02-19,Napa,55,140530,8950,8899,32,8931,69
2021-02-19,Nevada,57,99092,3940,3863,160,4023,66
2021-02-19,Orange,59,3164182,244976,243397,10422,253819,3715
2021-02-19,Placer,61,380077,20264,19457,1124,20581,236
2021-02-19,Plumas,63,18699,637,624,11,635,4
2021-02-19,Riverside,65,2383286,281493,276941,14035,290976,3541
2021-02-19,Sacramento,67,1510023,93362,91815,1244,93059,1351
2021-02-19,San Benito,69,59416,5702,5699,90,5789,57
2021-02-19,San Bernardino,71,2135413,284263,279209,8536,287745,3117
2021-02-19,San Diego,73,3302833,261543,255799,0,255799,3169
2021-02-19,San Francisco,75,870044,33835,33746,1120,34866,387
2021-02-19,San Joaquin,77,732212,66021,64774,2853,67627,988
2021-02-19,San Luis Obispo,79,281455,19351,19061,567,19628,230
2021-02-19,San Mateo,81,765935,39158,38256,402,38658,282
2021-02-19,Santa Barbara,83,443738,31930,31204,1144,32348,392
2021-02-19,Santa Clara,85,1922200,108713,108400,571,108971,1634
2021-02-19,Santa Cruz,87,273765,15206,14354,835,15189,176
2021-02-19,Shasta,89,179085,10855,10833,1234,12067,140
2021-02-19,Sierra,91,2930,49,47,14,61,0
2021-02-19,Siskiyou,93,43540,1450,1363,243,1606,4
2021-02-19,Solano,95,438530,29584,29383,356,29739,150
2021-02-19,Sonoma,97,501317,27713,27595,189,27784,280
2021-02-19,Stanislaus,99,539301,49844,49282,5467,54749,739
2021-02-19,Sutter,101,95872,8757,8665,83,8748,96
2021-02-19,Tehama,103,63373,4546,4535,513,5048,30
2021-02-19,Trinity,105,12862,341,282,42,324,3
2021-02-19,Tulare,107,460477,47292,46662,8257,54919,736
2021-02-19,Tuolumne,109,53932,3857,3817,31,3848,52
2021-02-19,Ventura,111,848112,76801,76582,2845,79427,667
2021-02-19,Yolo,113,214977,12766,12606,225,12831,183
2021-02-19,Yuba,115,75493,5435,5376,86,5462,38
2021-02-18,Alameda,1,1643700,79796,79111,1781,80892,1012
2021-02-18,Alpine,3,1148,79,77,0,77,0
2021-02-18,Amador,5,37829,3443,3417,31,3448,38
2021-02-18,Butte,7,227075,11152,10791,1664,12455,175
2021-02-18,Calaveras,9,45235,1888,1873,12,1885,21
2021-02-18,Colusa,11,21464,1859,1856,264,2120,11
2021-02-18,Contra Costa,13,1133247,62213,60868,1107,61975,640
2021-02-18,Del Norte,15,27424,954,929,0,929,2
2021-02-18,El Dorado,17,186661,8991,8850,629,9479,94
2021-02-18,Fresno,19,978130,94676,93734,7831,101565,1323
2021-02-18,Glenn,21,27897,2211,2195,501,2696,14
2021-02-18,Humboldt,23,135768,3080,3023,21,3044,29
2021-02-18,Imperial,25,180216,27033,26731,2620,29351,591
2021-02-18,Inyo,27,18085,1266,1213,1,1214,32
2021-02-18,Kern,29,883053,92078,90655,9956,100611,961
2021-02-18,Kings,31,150075,21930,21648,1041,22689,211
2021-02-18,Lake,33,64148,3128,3066,6,3072,40
2021-02-18,Lassen,35,31185,5081,5052,98,5150,1
2021-02-18,Los Angeles,37,10098052,1162279,1141930,40824,1182754,19358
2021-02-18,Madera,39,155013,15384,15175,818,15993,188
2021-02-18,Marin,41,260295,13010,12895,159,13054,209
2021-02-18,Mariposa,43,17540,375,369,5,374,4
2021-02-18,Mendocino,45,87422,3600,3519,66,3585,39
2021-02-18,Merced,47,269075,28003,27870,863,28733,372
2021-02-18,Modoc,49,8938,334,327,113,440,3
2021-02-18,Mono,51,14174,1164,1182,12,1194,3
2021-02-18,Monterey,53,433212,41512,41091,1706,42797,307
2021-02-18,Napa,55,140530,8933,8877,32,8909,68
2021-02-18,Nevada,57,99092,3931,3836,159,3995,66
2021-02-18,Orange,59,3164182,244756,243098,10403,253501,3673
2021-02-18,Placer,61,380077,20238,19429,1123,20552,232
2021-02-18,Plumas,63,18699,637,624,11,635,4
2021-02-18,Riverside,65,2383286,281214,276595,14014,290609,3510
2021-02-18,Sacramento,67,1510023,93199,91476,1238,92714,1334
2021-02-18,San Benito,69,59416,5699,5697,89,5786,58
2021-02-18,San Bernardino,71,2135413,284052,278887,8522,287409,3066
2021-02-18,San Diego,73,3302833,261190,254987,0,254987,3135
2021-02-18,San Francisco,75,870044,33777,33650,1117,34767,386
2021-02-18,San Joaquin,77,732212,65936,64634,2842,67476,982
2021-02-18,San Luis Obispo,79,281455,19309,18987,564,19551,230
2021-02-18,San Mateo,81,765935,39096,38185,398,38583,282
2021-02-18,Santa Barbara,83,443738,31851,31054,1136,32190,387
2021-02-18,Santa Clara,85,1922200,108488,108210,567,108777,1605
2021-02-18,Santa Cruz,87,273765,15180,14314,835,15149,176
2021-02-18,Shasta,89,179085,10835,10811,1231,12042,139
2021-02-18,Sierra,91,2930,48,47,14,61,0
2021-02-18,Siskiyou,93,43540,1445,1359,242,1601,4
2021-02-18,Solano,95,438530,29557,29349,355,29704,150
2021-02-18,Sonoma,97,501317,27645,27512,188,27700,281
2021-02-18,Stanislaus,99,539301,49747,49150,5452,54602,738
2021-02-18,Sutter,101,95872,8749,8654,83,8737,96
2021-02-18,Tehama,103,63373,4543,4528,512,5040,30
2021-02-18,Trinity,105,12862,340,282,42,324,3
2021-02-18,Tulare,107,460477,47233,46591,8215,54806,728
2021-02-18,Tuolumne,109,53932,3820,3811,31,3842,52
2021-02-18,Ventura,111,848112,76670,76442,2835,79277,659
2021-02-18,Yolo,113,214977,12739,12549,222,12771,183
2021-02-18,Yuba,115,75493,5418,5358,86,5444,38
2021-02-17,Alameda,1,1643700,79634,78895,1779,80674,1002
2021-02-17,Alpine,3,1148,79,77,0,77,0
2021-02-17,Amador,5,37829,3439,3415,31,3446,38
2021-02-17,Butte,7,227075,11134,10770,1661,12431,174
2021-02-17,Calaveras,9,45235,1888,1876,12,1888,21
2021-02-17,Colusa,11,21464,1856,1854,264,2118,10
2021-02-17,Contra Costa,13,1133247,62074,60723,1104,61827,635
2021-02-17,Del Norte,15,27424,948,920,0,920,2
2021-02-17,El Dorado,17,186661,8980,8847,629,9476,94
2021-02-17,Fresno,19,978130,94544,93555,7805,101360,1307
2021-02-17,Glenn,21,27897,2211,2189,500,2689,14
2021-02-17,Humboldt,23,135768,3065,3006,21,3027,29
2021-02-17,Imperial,25,180216,27018,26726,2618,29344,580
2021-02-17,Inyo,27,18085,1258,1197,1,1198,32
2021-02-17,Kern,29,883053,91959,90454,9909,100363,962
2021-02-17,Kings,31,150075,21893,21617,1037,22654,211
2021-02-17,Lake,33,64148,3117,3057,2,3059,38
2021-02-17,Lassen,35,31185,5076,5052,97,5149,1
2021-02-17,Los Angeles,37,10098052,1161237,1139786,40757,1180543,19213
2021-02-17,Madera,39,155013,15358,15135,809,15944,177
2021-02-17,Marin,41,260295,12984,12881,159,13040,207
2021-02-17,Mariposa,43,17540,375,368,4,372,4
2021-02-17,Mendocino,45,87422,3598,3494,65,3559,39
2021-02-17,Merced,47,269075,27949,27824,854,28678,372
2021-02-17,Modoc,49,8938,334,327,113,440,3
2021-02-17,Mono,51,14174,1164,1180,12,1192,3
2021-02-17,Monterey,53,433212,41458,41014,1694,42708,304
2021-02-17,Napa,55,140530,8919,8865,32,8897,68
2021-02-17,Nevada,57,99092,3912,3822,156,3978,52
2021-02-17,Orange,59,3164182,244489,242716,10370,253086,3626
2021-02-17,Placer,61,380077,20205,19405,1118,20523,230
2021-02-17,Plumas,63,18699,636,623,11,634,4
2021-02-17,Riverside,65,2383286,280939,276289,13991,290280,3491
2021-02-17,Sacramento,67,1510023,93044,91309,1231,92540,1326
2021-02-17,San Benito,69,59416,5693,5661,89,5750,57
2021-02-17,San Bernardino,71,2135413,283847,278461,8502,286963,3020
2021-02-17,San Diego,73,3302833,260814,254177,0,254177,3099
2021-02-17,San Francisco,75,870044,33700,33558,1112,34670,379
2021-02-17,San Joaquin,77,732212,65835,64556,2835,67391,979
2021-02-17,San Luis Obispo,79,281455,19264,18964,564,19528,230
2021-02-17,San Mateo,81,765935,39029,38124,396,38520,282
2021-02-17,Santa Barbara,83,443738,31784,30927,1135,32062,384
2021-02-17,Santa Clara,85,1922200,108256,107949,565,108514,1592
2021-02-17,Santa Cruz,87,273765,15147,14268,832,15100,174
2021-02-17,Shasta,89,179085,10815,10770,1230,12000,139
2021-02-17,Sierra,91,2930,48,47,14,61,0
2021-02-17,Siskiyou,93,43540,1439,1352,239,1591,4
2021-02-17,Solano,95,438530,29502,29288,355,29643,149
2021-02-17,Sonoma,97,501317,27572,27408,183,27591,281
2021-02-17,Stanislaus,99,539301,49638,49050,5435,54485,730
2021-02-17,Sutter,101,95872,8739,8681,83,8764,95
2021-02-17,Tehama,103,63373,4539,4511,511,5022,30
2021-02-17,Trinity,105,12862,340,277,40,317,3
2021-02-17,Tulare,107,460477,47172,46495,8184,54679,726
2021-02-17,Tuolumne,109,53932,3811,3806,31,3837,49
2021-02-17,Ventura,111,848112,76545,76234,2828,79062,646
2021-02-17,Yolo,113,214977,12722,12506,220,12726,182
2021-02-17,Yuba,115,75493,5409,5345,86,5431,38
2021-02-16,Alameda,1,1643700,79459,78756,1775,80531,997
2021-02-16,Alpine,3,1148,79,76,0,76,0
2021-02-16,Amador,5,37829,3432,3413,31,3444,39
2021-02-16,Butte,7,227075,11108,10748,1658,12406,164
2021-02-16,Calaveras,9,45235,1886,1872,12,1884,21
2021-02-16,Colusa,11,21464,1853,1852,262,2114,10
2021-02-16,Contra Costa,13,1133247,61927,60564,1099,61663,631
2021-02-16,Del Norte,15,27424,940,913,0,913,2
2021-02-16,El Dorado,17,186661,8971,8836,628,9464,94
2021-02-16,Fresno,19,978130,94372,93363,7774,101137,1293
2021-02-16,Glenn,21,27897,2202,2189,495,2684,14
2021-02-16,Humboldt,23,135768,3042,2994,21,3015,29
2021-02-16,Imperial,25,180216,27005,26711,2614,29325,580
2021-02-16,Inyo,27,18085,1250,1191,1,1192,32
2021-02-16,Kern,29,883053,91828,90267,9876,100143,959
2021-02-16,Kings,31,150075,21847,21583,1033,22616,206
2021-02-16,Lake,33,64148,3108,3041,2,3043,38
2021-02-16,Lassen,35,31185,5064,5047,97,5144,1
2021-02-16,Los Angeles,37,10098052,1159994,1138262,40693,1178955,19044
2021-02-16,Madera,39,155013,15319,15120,805,15925,172
2021-02-16,Marin,41,260295,12960,12832,159,12991,205
2021-02-16,Mariposa,43,17540,375,367,4,371,4
2021-02-16,Mendocino,45,87422,3594,3489,65,3554,39
2021-02-16,Merced,47,269075,27877,27724,847,28571,368
2021-02-16,Modoc,49,8938,334,326,113,439,3
2021-02-16,Mono,51,14174,1164,1180,12,1192,3
2021-02-16,Monterey,53,433212,41384,40962,1685,42647,303
2021-02-16,Napa,55,140530,8906,8854,32,8886,66
2021-02-16,Nevada,57,99092,3899,3774,155,3929,47
2021-02-16,Orange,59,3164182,244167,242382,10355,252737,3612
2021-02-16,Placer,61,380077,20173,19367,1115,20482,230
2021-02-16,Plumas,63,18699,636,619,11,630,4
2021-02-16,Riverside,65,2383286,280638,275954,13968,289922,3471
2021-02-16,Sacramento,67,1510023,92789,91246,1224,92470,1305
2021-02-16,San Benito,69,59416,5685,5659,88,5747,56
2021-02-16,San Bernardino,71,2135413,283628,277947,8491,286438,2978
2021-02-16,San Diego,73,3302833,260351,253638,0,253638,3042
2021-02-16,San Francisco,75,870044,33630,33491,1107,34598,373
2021-02-16,San Joaquin,77,732212,65715,64448,2831,67279,979
2021-02-16,San Luis Obispo,79,281455,19219,18925,561,19486,229
2021-02-16,San Mateo,81,765935,38970,38041,394,38435,277
2021-02-16,Santa Barbara,83,443738,31711,30865,1131,31996,378
2021-02-16,Santa Clara,85,1922200,108003,107754,562,108316,1591
2021-02-16,Santa Cruz,87,273765,15128,14256,830,15086,174
2021-02-16,Shasta,89,179085,10799,10736,1228,11964,139
2021-02-16,Sierra,91,2930,48,47,14,61,0
2021-02-16,Siskiyou,93,43540,1435,1351,239,1590,4
2021-02-16,Solano,95,438530,29462,29246,354,29600,148
2021-02-16,Sonoma,97,501317,27509,27380,177,27557,279
2021-02-16,Stanislaus,99,539301,49520,48927,5418,54345,716
2021-02-16,Sutter,101,95872,8716,8671,83,8754,95
2021-02-16,Tehama,103,63373,4530,4501,510,5011,30
2021-02-16,Trinity,105,12862,336,275,40,315,3
2021-02-16,Tulare,107,460477,47108,46444,8138,54582,716
2021-02-16,Tuolumne,109,53932,3809,3796,31,3827,49
2021-02-16,Ventura,111,848112,76401,76043,2824,78867,631
2021-02-16,Yolo,113,214977,12691,12457,220,12677,175
2021-02-16,Yuba,115,75493,5402,5332,85,5417,38
2021-02-15,Alameda,1,1643700,79258,78647,1764,80411,996
2021-02-15,Alpine,3,1148,79,76,0,76,0
2021-02-15,Amador,5,37829,3428,3409,31,3440,39
2021-02-15,Butte,7,227075,11090,10723,1654,12377,155
2021-02-15,Calaveras,9,45235,1883,1871,12,1883,21
2021-02-15,Colusa,11,21464,1853,1849,258,2107,10
2021-02-15,Contra Costa,13,1133247,61752,60444,1092,61536,631
2021-02-15,Del Norte,15,27424,936,913,0,913,2
2021-02-15,El Dorado,17,186661,8955,8816,628,9444,94
2021-02-15,Fresno,19,978130,94173,93231,7736,100967,1288
2021-02-15,Glenn,21,27897,2199,2185,492,2677,14
2021-02-15,Humboldt,23,135768,3034,2997,21,3018,29
2021-02-15,Imperial,25,180216,26987,26700,2609,29309,580
2021-02-15,Inyo,27,18085,1231,1184,1,1185,32
2021-02-15,Kern,29,883053,91685,90181,9843,100024,959
2021-02-15,Kings,31,150075,21802,21574,1029,22603,205
2021-02-15,Lake,33,64148,3094,3030,1,3031,38
2021-02-15,Lassen,35,31185,5062,5047,96,5143,1
2021-02-15,Los Angeles,37,10098052,1158604,1137164,40630,1177794,18925
2021-02-15,Madera,39,155013,15288,15108,804,15912,106
2021-02-15,Marin,41,260295,12940,12810,156,12966,203
2021-02-15,Mariposa,43,17540,373,367,4,371,4
2021-02-15,Mendocino,45,87422,3582,3481,65,3546,39
2021-02-15,Merced,47,269075,27802,27656,840,28496,368
2021-02-15,Modoc,49,8938,334,326,113,439,3
2021-02-15,Mono,51,14174,1161,1178,12,1190,3
2021-02-15,Monterey,53,433212,41322,40911,1671,42582,302
2021-02-15,Napa,55,140530,8892,8837,32,8869,57
2021-02-15,Nevada,57,99092,3882,3767,154,3921,47
2021-02-15,Orange,59,3164182,243848,242176,10328,252504,3586
2021-02-15,Placer,61,380077,20146,19361,1114,20475,230
2021-02-15,Plumas,63,18699,636,620,11,631,4
2021-02-15,Riverside,65,2383286,280292,275771,13953,289724,3468
2021-02-15,Sacramento,67,1510023,92462,91091,1219,92310,1304
2021-02-15,San Benito,69,59416,5676,5649,88,5737,56
2021-02-15,San Bernardino,71,2135413,283367,277869,8483,286352,2945
2021-02-15,San Diego,73,3302833,259839,252940,0,252940,3037
2021-02-15,San Francisco,75,870044,33557,33454,1099,34553,373
2021-02-15,San Joaquin,77,732212,65550,64382,2824,67206,979
2021-02-15,San Luis Obispo,79,281455,19166,18891,559,19450,227
2021-02-15,San Mateo,81,765935,38890,37969,391,38360,277
2021-02-15,Santa Barbara,83,443738,31611,30810,1128,31938,378
2021-02-15,Santa Clara,85,1922200,107769,107630,560,108190,1588
2021-02-15,Santa Cruz,87,273765,15096,14239,827,15066,175
2021-02-15,Shasta,89,179085,10779,10730,1223,11953,139
2021-02-15,Sierra,91,2930,48,47,14,61,0
2021-02-15,Siskiyou,93,43540,1427,1345,238,1583,4
2021-02-15,Solano,95,438530,29407,29225,354,29579,148
2021-02-15,Sonoma,97,501317,27422,27359,173,27532,276
2021-02-15,Stanislaus,99,539301,49396,48808,5404,54212,716
2021-02-15,Sutter,101,95872,8701,8652,83,8735,95
2021-02-15,Tehama,103,63373,4519,4492,508,5000,30
2021-02-15,Trinity,105,12862,335,274,40,314,3
2021-02-15,Tulare,107,460477,47036,46344,8097,54441,715
2021-02-15,Tuolumne,109,53932,3799,3794,31,3825,49
2021-02-15,Ventura,111,848112,76245,75889,2821,78710,629
2021-02-15,Yolo,113,214977,12656,12412,213,12625,175
2021-02-15,Yuba,115,75493,5385,5320,84,5404,38
2021-02-14,Alameda,1,1643700,79101,78442,1763,80205,995
2021-02-14,Alpine,3,1148,79,76,0,76,0
2021-02-14,Amador,5,37829,3423,3398,31,3429,39
2021-02-14,Butte,7,227075,11066,10717,1649,12366,155
2021-02-14,Calaveras,9,45235,1880,1866,12,1878,21
2021-02-14,Colusa,11,21464,1849,1845,255,2100,10
2021-02-14,Contra Costa,13,1133247,61604,60272,1089,61361,631
2021-02-14,Del Norte,15,27424,932,911,0,911,2
2021-02-14,El Dorado,17,186661,8927,8790,626,9416,94
2021-02-14,Fresno,19,978130,94009,93065,7711,100776,1287
2021-02-14,Glenn,21,27897,2197,2184,492,2676,14
2021-02-14,Humboldt,23,135768,3021,2992,21,3013,29
2021-02-14,Imperial,25,180216,26979,26696,2608,29304,580
2021-02-14,Inyo,27,18085,1225,1177,1,1178,32
2021-02-14,Kern,29,883053,91528,90038,9788,99826,959
2021-02-14,Kings,31,150075,21777,21538,1026,22564,205
2021-02-14,Lake,33,64148,3085,3030,1,3031,38
2021-02-14,Lassen,35,31185,5058,5037,96,5133,1
2021-02-14,Los Angeles,37,10098052,1157267,1135450,40542,1175992,18898
2021-02-14,Madera,39,155013,15256,15089,800,15889,106
2021-02-14,Marin,41,260295,12916,12784,156,12940,201
2021-02-14,Mariposa,43,17540,373,365,4,369,4
2021-02-14,Mendocino,45,87422,3577,3475,65,3540,39
2021-02-14,Merced,47,269075,27725,27601,834,28435,368
2021-02-14,Modoc,49,8938,334,326,113,439,3
2021-02-14,Mono,51,14174,1160,1180,12,1192,3
2021-02-14,Monterey,53,433212,41273,40842,1667,42509,302
2021-02-14,Napa,55,140530,8872,8826,32,8858,57
2021-02-14,Nevada,57,99092,3866,3761,154,3915,47
2021-02-14,Orange,59,3164182,243539,241859,10307,252166,3564
2021-02-14,Placer,61,380077,20108,19313,1109,20422,230
2021-02-14,Plumas,63,18699,635,620,11,631,4
2021-02-14,Riverside,65,2383286,279978,275518,13932,289450,3471
2021-02-14,Sacramento,67,1510023,92255,90856,1215,92071,1304
2021-02-14,San Benito,69,59416,5668,5641,87,5728,56
2021-02-14,San Bernardino,71,2135413,283050,277664,8464,286128,2929
2021-02-14,San Diego,73,3302833,259347,252247,0,252247,3037
2021-02-14,San Francisco,75,870044,33485,33374,1089,34463,372
2021-02-14,San Joaquin,77,732212,65451,64243,2810,67053,979
2021-02-14,San Luis Obispo,79,281455,19128,18868,556,19424,225
2021-02-14,San Mateo,81,765935,38808,37859,391,38250,277
2021-02-14,Santa Barbara,83,443738,31519,30744,1124,31868,377
2021-02-14,Santa Clara,85,1922200,107569,107412,556,107968,1582
2021-02-14,Santa Cruz,87,273765,15068,14225,822,15047,175
2021-02-14,Shasta,89,179085,10749,10720,1217,11937,139
2021-02-14,Sierra,91,2930,48,47,14,61,0
2021-02-14,Siskiyou,93,43540,1423,1340,238,1578,4
2021-02-14,Solano,95,438530,29369,29150,350,29500,148
2021-02-14,Sonoma,97,501317,27345,27266,171,27437,276
2021-02-14,Stanislaus,99,539301,49290,48672,5388,54060,716
2021-02-14,Sutter,101,95872,8678,8642,83,8725,95
2021-02-14,Tehama,103,63373,4511,4490,506,4996,30
2021-02-14,Trinity,105,12862,335,272,40,312,3
2021-02-14,Tulare,107,460477,46961,46263,8042,54305,715
2021-02-14,Tuolumne,109,53932,3798,3764,31,3795,49
2021-02-14,Ventura,111,848112,76071,75742,2810,78552,629
2021-02-14,Yolo,113,214977,12626,12399,212,12611,175
2021-02-14,Yuba,115,75493,5375,5314,84,5398,38
2021-02-13,Alameda,1,1643700,78982,78246,1760,80006,995
2021-02-13,Alpine,3,1148,79,76,0,76,0
2021-02-13,Amador,5,37829,3420,3387,31,3418,38
2021-02-13,Butte,7,227075,11050,10699,1648,12347,155
2021-02-13,Calaveras,9,45235,1876,1863,12,1875,21
2021-02-13,Colusa,11,21464,1849,1837,255,2092,10
2021-02-13,Contra Costa,13,1133247,61484,60100,1089,61189,629
2021-02-13,Del Norte,15,27424,930,908,0,908,2
2021-02-13,El Dorado,17,186661,8916,8758,625,9383,93
2021-02-13,Fresno,19,978130,93902,92807,7687,100494,1287
2021-02-13,Glenn,21,27897,2196,2182,492,2674,14
2021-02-13,Humboldt,23,135768,3008,2974,20,2994,29
2021-02-13,Imperial,25,180216,26972,26680,2606,29286,580
2021-02-13,Inyo,27,18085,1221,1168,1,1169,32
2021-02-13,Kern,29,883053,91440,89915,9762,99677,957
2021-02-13,Kings,31,150075,21762,21513,1024,22537,205
2021-02-13,Lake,33,64148,3079,3025,1,3026,37
2021-02-13,Lassen,35,31185,5055,5028,96,5124,1
2021-02-13,Los Angeles,37,10098052,1156409,1133752,40492,1174244,18822
2021-02-13,Madera,39,155013,15247,15053,795,15848,106
2021-02-13,Marin,41,260295,12895,12757,156,12913,201
2021-02-13,Mariposa,43,17540,373,365,4,369,4
2021-02-13,Mendocino,45,87422,3567,3466,65,3531,38
2021-02-13,Merced,47,269075,27681,27541,831,28372,368
2021-02-13,Modoc,49,8938,334,325,113,438,3
2021-02-13,Mono,51,14174,1160,1176,12,1188,3
2021-02-13,Monterey,53,433212,41242,40731,1665,42396,301
2021-02-13,Napa,55,140530,8863,8809,32,8841,57
2021-02-13,Nevada,57,99092,3857,3742,153,3895,47
2021-02-13,Orange,59,3164182,243336,241545,10286,251831,3520
2021-02-13,Placer,61,380077,20087,19214,1109,20323,230
2021-02-13,Plumas,63,18699,635,616,11,627,4
2021-02-13,Riverside,65,2383286,279750,275276,13922,289198,3462
2021-02-13,Sacramento,67,1510023,92086,90401,1212,91613,1302
2021-02-13,San Benito,69,59416,5654,5633,87,5720,56
2021-02-13,San Bernardino,71,2135413,282901,277405,8452,285857,2899
2021-02-13,San Diego,73,3302833,259017,251679,0,251679,3009
2021-02-13,San Francisco,75,870044,33436,33291,1078,34369,364
2021-02-13,San Joaquin,77,732212,65383,64105,2800,66905,977
2021-02-13,San Luis Obispo,79,281455,19100,18803,550,19353,225
2021-02-13,San Mateo,81,765935,38755,37745,391,38136,277
2021-02-13,Santa Barbara,83,443738,31468,30594,1122,31716,374
2021-02-13,Santa Clara,85,1922200,107385,107125,552,107677,1570
2021-02-13,Santa Cruz,87,273765,15041,14198,821,15019,173
2021-02-13,Shasta,89,179085,10737,10713,1212,11925,139
2021-02-13,Sierra,91,2930,48,47,14,61,0
2021-02-13,Siskiyou,93,43540,1420,1336,238,1574,4
2021-02-13,Solano,95,438530,29333,29084,350,29434,148
2021-02-13,Sonoma,97,501317,27299,27157,169,27326,276
2021-02-13,Stanislaus,99,539301,49221,48568,5382,53950,697
2021-02-13,Sutter,101,95872,8666,8626,83,8709,94
2021-02-13,Tehama,103,63373,4502,4484,505,4989,30
2021-02-13,Trinity,105,12862,334,272,39,311,3
2021-02-13,Tulare,107,460477,46917,46162,8005,54167,709
2021-02-13,Tuolumne,109,53932,3797,3752,31,3783,49
2021-02-13,Ventura,111,848112,75934,75481,2804,78285,618
2021-02-13,Yolo,113,214977,12614,12374,211,12585,175
2021-02-13,Yuba,115,75493,5367,5289,84,5373,38
2021-02-12,Alameda,1,1643700,78848,77958,1754,79712,974
2021-02-12,Alpine,3,1148,79,76,0,76,0
2021-02-12,Amador,5,37829,3416,3381,31,3412,38
2021-02-12,Butte,7,227075,11035,10655,1641,12296,155
2021-02-12,Calaveras,9,45235,1873,1860,12,1872,21
2021-02-12,Colusa,11,21464,1849,1836,255,2091,10
2021-02-12,Contra Costa,13,1133247,61334,59878,1085,60963,620
2021-02-12,Del Norte,15,27424,920,901,0,901,2
2021-02-12,El Dorado,17,186661,8900,8725,622,9347,92
2021-02-12,Fresno,19,978130,93755,92520,7666,100186,1273
2021-02-12,Glenn,21,27897,2193,2175,492,2667,14
2021-02-12,Humboldt,23,135768,2999,2961,20,2981,29
2021-02-12,Imperial,25,180216,26964,26646,2604,29250,585
2021-02-12,Inyo,27,18085,1215,1156,1,1157,32
2021-02-12,Kern,29,883053,91331,89532,9725,99257,949
2021-02-12,Kings,31,150075,21731,21462,1018,22480,202
2021-02-12,Lake,33,64148,3075,3012,1,3013,36
2021-02-12,Lassen,35,31185,5053,5015,96,5111,1
2021-02-12,Los Angeles,37,10098052,1155206,1131185,40421,1171606,18637
2021-02-12,Madera,39,155013,15220,15022,792,15814,106
2021-02-12,Marin,41,260295,12869,12720,156,12876,200
2021-02-12,Mariposa,43,17540,372,365,4,369,4
2021-02-12,Mendocino,45,87422,3565,3447,65,3512,38
2021-02-12,Merced,47,269075,27630,27453,828,28281,367
2021-02-12,Modoc,49,8938,334,324,113,437,3
2021-02-12,Mono,51,14174,1159,1172,12,1184,3
2021-02-12,Monterey,53,433212,41195,40633,1656,42289,297
2021-02-12,Napa,55,140530,8851,8785,32,8817,55
2021-02-12,Nevada,57,99092,3852,3728,153,3881,47
2021-02-12,Orange,59,3164182,243099,241075,10270,251345,3505
2021-02-12,Placer,61,380077,20047,19174,1104,20278,230
2021-02-12,Plumas,63,18699,634,614,11,625,4
2021-02-12,Riverside,65,2383286,279476,274792,13904,288696,3438
2021-02-12,Sacramento,67,1510023,91882,90252,1211,91463,1295
2021-02-12,San Benito,69,59416,5638,5622,86,5708,56
2021-02-12,San Bernardino,71,2135413,282710,276890,8440,285330,2827
2021-02-12,San Diego,73,3302833,258635,250788,0,250788,2979
2021-02-12,San Francisco,75,870044,33376,33179,1074,34253,359
2021-02-12,San Joaquin,77,732212,65289,63966,2792,66758,975
2021-02-12,San Luis Obispo,79,281455,19059,18687,549,19236,224
2021-02-12,San Mateo,81,765935,38683,37560,391,37951,254
2021-02-12,Santa Barbara,83,443738,31397,30454,1117,31571,372
2021-02-12,Santa Clara,85,1922200,107216,106759,548,107307,1543
2021-02-12,Santa Cruz,87,273765,15021,14147,821,14968,170
2021-02-12,Shasta,89,179085,10719,10693,1202,11895,142
2021-02-12,Sierra,91,2930,47,45,14,59,0
2021-02-12,Siskiyou,93,43540,1416,1324,235,1559,4
2021-02-12,Solano,95,438530,29301,28996,347,29343,147
2021-02-12,Sonoma,97,501317,27243,27064,165,27229,275
2021-02-12,Stanislaus,99,539301,49138,48418,5357,53775,697
2021-02-12,Sutter,101,95872,8652,8609,83,8692,93
2021-02-12,Tehama,103,63373,4494,4470,504,4974,27
2021-02-12,Trinity,105,12862,334,269,39,308,3
2021-02-12,Tulare,107,460477,46839,46016,7978,53994,710
2021-02-12,Tuolumne,109,53932,3795,3736,30,3766,49
2021-02-12,Ventura,111,848112,75767,75210,2796,78006,605
2021-02-12,Yolo,113,214977,12594,12340,211,12551,175
2021-02-12,Yuba,115,75493,5359,5274,84,5358,38
2021-02-11,Alameda,1,1643700,78621,77564,1749,79313,960
2021-02-11,Alpine,3,1148,78,76,0,76,0
2021-02-11,Amador,5,37829,3412,3368,31,3399,35
2021-02-11,Butte,7,227075,11011,10624,1639,12263,155
2021-02-11,Calaveras,9,45235,1871,1856,12,1868,21
2021-02-11,Colusa,11,21464,1844,1823,253,2076,10
2021-02-11,Contra Costa,13,1133247,61167,59633,1081,60714,605
2021-02-11,Del Norte,15,27424,915,894,0,894,2
2021-02-11,El Dorado,17,186661,8879,8698,622,9320,92
2021-02-11,Fresno,19,978130,93603,92168,7639,99807,1255
2021-02-11,Glenn,21,27897,2191,2166,490,2656,14
2021-02-11,Humboldt,23,135768,2987,2954,19,2973,29
2021-02-11,Imperial,25,180216,26940,26545,2602,29147,578
2021-02-11,Inyo,27,18085,1206,1144,1,1145,32
2021-02-11,Kern,29,883053,91144,89224,9678,98902,941
2021-02-11,Kings,31,150075,21701,21373,1015,22388,202
2021-02-11,Lake,33,64148,3065,3002,1,3003,36
2021-02-11,Lassen,35,31185,5042,5004,93,5097,1
2021-02-11,Los Angeles,37,10098052,1153577,1128437,40349,1168786,18500
2021-02-11,Madera,39,155013,15199,14984,790,15774,106
2021-02-11,Marin,41,260295,12832,12682,156,12838,200
2021-02-11,Mariposa,43,17540,372,361,4,365,4
2021-02-11,Mendocino,45,87422,3558,3420,65,3485,38
2021-02-11,Merced,47,269075,27565,27325,824,28149,363
2021-02-11,Modoc,49,8938,333,317,113,430,3
2021-02-11,Mono,51,14174,1155,1173,12,1185,3
2021-02-11,Monterey,53,433212,41087,40469,1649,42118,295
2021-02-11,Napa,55,140530,8830,8777,32,8809,55
2021-02-11,Nevada,57,99092,3836,3720,153,3873,47
2021-02-11,Orange,59,3164182,242733,240590,10246,250836,3476
2021-02-11,Placer,61,380077,20007,19118,1103,20221,224
2021-02-11,Plumas,63,18699,633,592,11,603,4
2021-02-11,Riverside,65,2383286,279112,274313,13889,288202,3394
2021-02-11,Sacramento,67,1510023,91636,89988,1205,91193,1286
2021-02-11,San Benito,69,59416,5629,5609,86,5695,56
2021-02-11,San Bernardino,71,2135413,282391,276349,8426,284775,2774
2021-02-11,San Diego,73,3302833,258084,249971,0,249971,2955
2021-02-11,San Francisco,75,870044,33293,33076,1062,34138,356
2021-02-11,San Joaquin,77,732212,65119,63719,2781,66500,971
2021-02-11,San Luis Obispo,79,281455,18994,18615,545,19160,219
2021-02-11,San Mateo,81,765935,38590,37439,388,37827,253
2021-02-11,Santa Barbara,83,443738,31304,30375,1112,31487,370
2021-02-11,Santa Clara,85,1922200,106960,106392,542,106934,1507
2021-02-11,Santa Cruz,87,273765,14999,14088,815,14903,165
2021-02-11,Shasta,89,179085,10695,10672,1198,11870,140
2021-02-11,Sierra,91,2930,47,45,14,59,0
2021-02-11,Siskiyou,93,43540,1401,1320,235,1555,4
2021-02-11,Solano,95,438530,29249,28885,347,29232,138
2021-02-11,Sonoma,97,501317,27160,26971,162,27133,272
2021-02-11,Stanislaus,99,539301,48994,48205,5346,53551,697
2021-02-11,Sutter,101,95872,8638,8590,82,8672,93
2021-02-11,Tehama,103,63373,4488,4463,504,4967,26
2021-02-11,Trinity,105,12862,334,269,39,308,3
2021-02-11,Tulare,107,460477,46747,45897,7933,53830,706
2021-02-11,Tuolumne,109,53932,3758,3716,30,3746,48
2021-02-11,Ventura,111,848112,75566,74959,2787,77746,590
2021-02-11,Yolo,113,214977,12571,12303,209,12512,173
2021-02-11,Yuba,115,75493,5345,5261,82,5343,38
2021-02-10,Alameda,1,1643700,78417,77344,1747,79091,944
2021-02-10,Alpine,3,1148,78,76,0,76,0
2021-02-10,Amador,5,37829,3400,3348,31,3379,35
2021-02-10,Butte,7,227075,10985,10594,1638,12232,155
2021-02-10,Calaveras,9,45235,1869,1850,12,1862,21
2021-02-10,Colusa,11,21464,1837,1815,251,2066,10
2021-02-10,Contra Costa,13,1133247,60995,59488,1079,60567,590
2021-02-10,Del Norte,15,27424,909,888,0,888,2
2021-02-10,El Dorado,17,186661,8849,8682,618,9300,87
2021-02-10,Fresno,19,978130,93431,91876,7613,99489,1247
2021-02-10,Glenn,21,27897,2189,2160,488,2648,14
2021-02-10,Humboldt,23,135768,2979,2924,19,2943,29
2021-02-10,Imperial,25,180216,26900,26522,2600,29122,578
2021-02-10,Inyo,27,18085,1194,1138,1,1139,30
2021-02-10,Kern,29,883053,90941,88933,9621,98554,926
2021-02-10,Kings,31,150075,21659,21294,1011,22305,197
2021-02-10,Lake,33,64148,3052,2975,1,2976,36
2021-02-10,Lassen,35,31185,5038,4993,93,5086,1
2021-02-10,Los Angeles,37,10098052,1151839,1125437,40215,1165652,18338
2021-02-10,Madera,39,155013,15161,14925,788,15713,105
2021-02-10,Marin,41,260295,12795,12651,156,12807,199
2021-02-10,Mariposa,43,17540,370,360,4,364,4
2021-02-10,Mendocino,45,87422,3543,3395,65,3460,38
2021-02-10,Merced,47,269075,27482,27246,813,28059,359
2021-02-10,Modoc,49,8938,332,315,111,426,3
2021-02-10,Mono,51,14174,1151,1170,12,1182,3
2021-02-10,Monterey,53,433212,41008,40366,1635,42001,288
2021-02-10,Napa,55,140530,8811,8769,32,8801,55
2021-02-10,Nevada,57,99092,3821,3693,151,3844,47
2021-02-10,Orange,59,3164182,242316,239974,10213,250187,3439
2021-02-10,Placer,61,380077,19967,19062,1098,20160,220
2021-02-10,Plumas,63,18699,630,589,11,600,2
2021-02-10,Riverside,65,2383286,278700,273721,13879,287600,3374
2021-02-10,Sacramento,67,1510023,91388,89653,1200,90853,1275
2021-02-10,San Benito,69,59416,5615,5591,86,5677,55
2021-02-10,San Bernardino,71,2135413,282032,275616,8408,284024,2696
2021-02-10,San Diego,73,3302833,257503,248858,0,248858,2904
2021-02-10,San Francisco,75,870044,33211,32955,1059,34014,351
2021-02-10,San Joaquin,77,732212,64978,63484,2767,66251,954
2021-02-10,San Luis Obispo,79,281455,18915,18549,543,19092,216
2021-02-10,San Mateo,81,765935,38499,37323,388,37711,245
2021-02-10,Santa Barbara,83,443738,31215,30216,1107,31323,359
2021-02-10,Santa Clara,85,1922200,106722,106048,539,106587,1489
2021-02-10,Santa Cruz,87,273765,14964,14007,812,14819,165
2021-02-10,Shasta,89,179085,10671,10645,1195,11840,142
2021-02-10,Sierra,91,2930,47,45,14,59,0
2021-02-10,Siskiyou,93,43540,1396,1314,234,1548,4
2021-02-10,Solano,95,438530,29174,28835,345,29180,137
2021-02-10,Sonoma,97,501317,27069,26881,160,27041,271
2021-02-10,Stanislaus,99,539301,48880,48016,5328,53344,696
2021-02-10,Sutter,101,95872,8621,8571,82,8653,93
2021-02-10,Tehama,103,63373,4480,4445,504,4949,23
2021-02-10,Trinity,105,12862,332,268,39,307,3
2021-02-10,Tulare,107,460477,46632,45782,7893,53675,696
2021-02-10,Tuolumne,109,53932,3750,3691,30,3721,48
2021-02-10,Ventura,111,848112,75340,74651,2769,77420,580
2021-02-10,Yolo,113,214977,12545,12276,208,12484,174
2021-02-10,Yuba,115,75493,5327,5241,82,5323,38
2021-02-09,Alameda,1,1643700,78151,77018,1744,78762,936
2021-02-09,Alpine,3,1148,78,76,0,76,0
2021-02-09,Amador,5,37829,3392,3347,31,3378,35
2021-02-09,Butte,7,227075,10958,10563,1636,12199,153
2021-02-09,Calaveras,9,45235,1862,1847,12,1859,21
2021-02-09,Colusa,11,21464,1828,1812,246,2058,10
2021-02-09,Contra Costa,13,1133247,60807,59307,1073,60380,583
2021-02-09,Del Norte,15,27424,903,886,0,886,2
2021-02-09,El Dorado,17,186661,8824,8663,617,9280,87
2021-02-09,Fresno,19,978130,93196,91730,7579,99309,1211
2021-02-09,Glenn,21,27897,2185,2156,487,2643,14
2021-02-09,Humboldt,23,135768,2971,2904,19,2923,29
2021-02-09,Imperial,25,180216,26872,26509,2597,29106,568
2021-02-09,Inyo,27,18085,1186,1137,1,1138,30
2021-02-09,Kern,29,883053,90694,88684,9573,98257,920
2021-02-09,Kings,31,150075,21618,21275,1009,22284,196
2021-02-09,Lake,33,64148,3040,2955,1,2956,36
2021-02-09,Lassen,35,31185,5031,4983,93,5076,1
2021-02-09,Los Angeles,37,10098052,1149878,1122745,40124,1162869,18198
2021-02-09,Madera,39,155013,15141,14912,785,15697,105
2021-02-09,Marin,41,260295,12763,12623,155,12778,197
2021-02-09,Mariposa,43,17540,368,355,4,359,4
2021-02-09,Mendocino,45,87422,3525,3369,65,3434,38
2021-02-09,Merced,47,269075,27384,27166,808,27974,354
2021-02-09,Modoc,49,8938,331,316,111,427,3
2021-02-09,Mono,51,14174,1150,1167,12,1179,3
2021-02-09,Monterey,53,433212,40899,40279,1624,41903,285
2021-02-09,Napa,55,140530,8798,8749,32,8781,55
2021-02-09,Nevada,57,99092,3805,3687,151,3838,44
2021-02-09,Orange,59,3164182,241899,239169,10180,249349,3406
2021-02-09,Placer,61,380077,19904,19008,1090,20098,220
2021-02-09,Plumas,63,18699,630,584,11,595,2
2021-02-09,Riverside,65,2383286,278214,273465,13864,287329,3334
2021-02-09,Sacramento,67,1510023,91078,89378,1197,90575,1265
2021-02-09,San Benito,69,59416,5603,5566,85,5651,54
2021-02-09,San Bernardino,71,2135413,281659,274998,8394,283392,2613
2021-02-09,San Diego,73,3302833,256847,248048,0,248048,2853
2021-02-09,San Francisco,75,870044,33132,32782,1049,33831,349
2021-02-09,San Joaquin,77,732212,64804,63341,2762,66103,937
2021-02-09,San Luis Obispo,79,281455,18856,18489,542,19031,216
2021-02-09,San Mateo,81,765935,38369,37227,387,37614,235
2021-02-09,Santa Barbara,83,443738,31105,30118,1100,31218,351
2021-02-09,Santa Clara,85,1922200,106415,105762,536,106298,1463
2021-02-09,Santa Cruz,87,273765,14914,13958,807,14765,162
2021-02-09,Shasta,89,179085,10645,10595,1193,11788,139
2021-02-09,Sierra,91,2930,47,44,14,58,0
2021-02-09,Siskiyou,93,43540,1389,1306,231,1537,4
2021-02-09,Solano,95,438530,29098,28769,341,29110,131
2021-02-09,Sonoma,97,501317,26977,26826,158,26984,267
2021-02-09,Stanislaus,99,539301,48719,47906,5311,53217,679
2021-02-09,Sutter,101,95872,8604,8541,82,8623,92
2021-02-09,Tehama,103,63373,4473,4416,502,4918,22
2021-02-09,Trinity,105,12862,332,266,39,305,3
2021-02-09,Tulare,107,460477,46502,45704,7834,53538,686
2021-02-09,Tuolumne,109,53932,3730,3673,30,3703,48
2021-02-09,Ventura,111,848112,75091,74333,2761,77094,567
2021-02-09,Yolo,113,214977,12502,12220,207,12427,174
2021-02-09,Yuba,115,75493,5318,5235,82,5317,35
2021-02-08,Alameda,1,1643700,77884,76735,1739,78474,924
2021-02-08,Alpine,3,1148,78,73,0,73,0
2021-02-08,Amador,5,37829,3385,3344,30,3374,33
2021-02-08,Butte,7,227075,10935,10524,1633,12157,152
2021-02-08,Calaveras,9,45235,1857,1840,12,1852,21
2021-02-08,Colusa,11,21464,1820,1802,242,2044,10
2021-02-08,Contra Costa,13,1133247,60599,59039,1071,60110,567
2021-02-08,Del Norte,15,27424,900,885,0,885,2
2021-02-08,El Dorado,17,186661,8793,8627,615,9242,86
2021-02-08,Fresno,19,978130,92984,91430,7552,98982,1207
2021-02-08,Glenn,21,27897,2178,2148,485,2633,14
2021-02-08,Humboldt,23,135768,2963,2902,19,2921,29
2021-02-08,Imperial,25,180216,26853,26526,2595,29121,567
2021-02-08,Inyo,27,18085,1173,1126,1,1127,30
2021-02-08,Kern,29,883053,90479,88380,9514,97894,920
2021-02-08,Kings,31,150075,21556,21232,1006,22238,195
2021-02-08,Lake,33,64148,3021,2949,1,2950,36
2021-02-08,Lassen,35,31185,5018,4976,93,5069,1
2021-02-08,Los Angeles,37,10098052,1147792,1120179,40001,1160180,17977
2021-02-08,Madera,39,155013,15105,14887,778,15665,93
2021-02-08,Marin,41,260295,12734,12591,155,12746,194
2021-02-08,Mariposa,43,17540,368,355,4,359,4
2021-02-08,Mendocino,45,87422,3511,3355,65,3420,38
2021-02-08,Merced,47,269075,27298,27082,803,27885,346
2021-02-08,Modoc,49,8938,329,318,111,429,3
2021-02-08,Mono,51,14174,1150,1165,12,1177,3
2021-02-08,Monterey,53,433212,40776,40186,1605,41791,283
2021-02-08,Napa,55,140530,8783,8719,32,8751,55
2021-02-08,Nevada,57,99092,3793,3671,151,3822,44
2021-02-08,Orange,59,3164182,241432,238715,10155,248870,3361
2021-02-08,Placer,61,380077,19861,18944,1083,20027,211
2021-02-08,Plumas,63,18699,629,584,11,595,2
2021-02-08,Riverside,65,2383286,277655,272904,13840,286744,3301
2021-02-08,Sacramento,67,1510023,90789,89267,1194,90461,1247
2021-02-08,San Benito,69,59416,5598,5553,84,5637,52
2021-02-08,San Bernardino,71,2135413,281258,274661,8388,283049,2587
2021-02-08,San Diego,73,3302833,256105,247259,0,247259,2821
2021-02-08,San Francisco,75,870044,33037,32679,1041,33720,348
2021-02-08,San Joaquin,77,732212,64643,63148,2752,65900,929
2021-02-08,San Luis Obispo,79,281455,18799,18421,537,18958,214
2021-02-08,San Mateo,81,765935,38264,37084,387,37471,232
2021-02-08,Santa Barbara,83,443738,30992,29978,1093,31071,340
2021-02-08,Santa Clara,85,1922200,106090,105413,528,105941,1456
2021-02-08,Santa Cruz,87,273765,14875,13921,800,14721,161
2021-02-08,Shasta,89,179085,10619,10574,1187,11761,137
2021-02-08,Sierra,91,2930,47,44,14,58,0
2021-02-08,Siskiyou,93,43540,1386,1303,231,1534,4
2021-02-08,Solano,95,438530,29035,28644,339,28983,130
2021-02-08,Sonoma,97,501317,26889,26760,157,26917,259
2021-02-08,Stanislaus,99,539301,48567,47704,5282,52986,679
2021-02-08,Sutter,101,95872,8585,8526,82,8608,92
2021-02-08,Tehama,103,63373,4458,4403,500,4903,22
2021-02-08,Trinity,105,12862,330,266,39,305,3
2021-02-08,Tulare,107,460477,46396,45617,7793,53410,673
2021-02-08,Tuolumne,109,53932,3722,3647,30,3677,48
2021-02-08,Ventura,111,848112,74834,74068,2755,76823,565
2021-02-08,Yolo,113,214977,12470,12169,206,12375,162
2021-02-08,Yuba,115,75493,5302,5215,82,5297,35
2021-02-07,Alameda,1,1643700,77582,76500,1730,78230,924
2021-02-07,Alpine,3,1148,75,72,0,72,0
2021-02-07,Amador,5,37829,3364,3343,30,3373,33
2021-02-07,Butte,7,227075,10902,10513,1623,12136,152
2021-02-07,Calaveras,9,45235,1849,1837,12,1849,21
2021-02-07,Colusa,11,21464,1809,1795,240,2035,10
2021-02-07,Contra Costa,13,1133247,60363,58836,1065,59901,566
2021-02-07,Del Norte,15,27424,896,881,0,881,2
2021-02-07,El Dorado,17,186661,8764,8596,613,9209,86
2021-02-07,Fresno,19,978130,92759,91184,7512,98696,1207
2021-02-07,Glenn,21,27897,2174,2141,481,2622,14
2021-02-07,Humboldt,23,135768,2943,2895,19,2914,28
2021-02-07,Imperial,25,180216,26827,26518,2588,29106,567
2021-02-07,Inyo,27,18085,1162,1124,1,1125,27
2021-02-07,Kern,29,883053,90236,88146,9457,97603,920
2021-02-07,Kings,31,150075,21496,21180,1003,22183,192
2021-02-07,Lake,33,64148,3005,2940,1,2941,36
2021-02-07,Lassen,35,31185,5007,4973,93,5066,1
2021-02-07,Los Angeles,37,10098052,1145050,1117551,39868,1157419,17889
2021-02-07,Madera,39,155013,15071,14850,774,15624,93
2021-02-07,Marin,41,260295,12700,12571,153,12724,194
2021-02-07,Mariposa,43,17540,367,355,4,359,4
2021-02-07,Mendocino,45,87422,3494,3348,65,3413,38
2021-02-07,Merced,47,269075,27187,26977,791,27768,346
2021-02-07,Modoc,49,8938,329,317,107,424,3
2021-02-07,Mono,51,14174,1147,1165,12,1177,3
2021-02-07,Monterey,53,433212,40640,40113,1584,41697,283
2021-02-07,Napa,55,140530,8760,8701,32,8733,55
2021-02-07,Nevada,57,99092,3782,3643,151,3794,44
2021-02-07,Orange,59,3164182,240836,238155,10123,248278,3336
2021-02-07,Placer,61,380077,19814,18903,1070,19973,211
2021-02-07,Plumas,63,18699,629,584,11,595,2
2021-02-07,Riverside,65,2383286,277143,272301,13818,286119,3267
2021-02-07,Sacramento,67,1510023,90455,88919,1185,90104,1246
2021-02-07,San Benito,69,59416,5579,5548,83,5631,52
2021-02-07,San Bernardino,71,2135413,280675,274316,8365,282681,2587
2021-02-07,San Diego,73,3302833,255319,246561,0,246561,2821
2021-02-07,San Francisco,75,870044,32917,32609,1029,33638,348
2021-02-07,San Joaquin,77,732212,64372,63051,2736,65787,929
2021-02-07,San Luis Obispo,79,281455,18727,18349,530,18879,214
2021-02-07,San Mateo,81,765935,38130,36984,385,37369,232
2021-02-07,Santa Barbara,83,443738,30856,29815,1082,30897,340
2021-02-07,Santa Clara,85,1922200,105750,105118,518,105636,1450
2021-02-07,Santa Cruz,87,273765,14822,13887,796,14683,161
2021-02-07,Shasta,89,179085,10599,10570,1179,11749,137
2021-02-07,Sierra,91,2930,47,43,14,57,0
2021-02-07,Siskiyou,93,43540,1379,1295,229,1524,4
2021-02-07,Solano,95,438530,28925,28567,338,28905,130
2021-02-07,Sonoma,97,501317,26784,26684,153,26837,257
2021-02-07,Stanislaus,99,539301,48377,47551,5250,52801,679
2021-02-07,Sutter,101,95872,8558,8515,82,8597,92
2021-02-07,Tehama,103,63373,4444,4396,498,4894,22
2021-02-07,Trinity,105,12862,327,264,37,301,3
2021-02-07,Tulare,107,460477,46275,45520,7713,53233,671
2021-02-07,Tuolumne,109,53932,3698,3619,29,3648,48
2021-02-07,Ventura,111,848112,74526,73759,2742,76501,561
2021-02-07,Yolo,113,214977,12425,12135,206,12341,162
2021-02-07,Yuba,115,75493,5287,5198,80,5278,35
2021-02-06,Alameda,1,1643700,77423,76170,1719,77889,922
2021-02-06,Alpine,3,1148,75,72,0,72,0
2021-02-06,Amador,5,37829,3358,3306,30,3336,33
2021-02-06,Butte,7,227075,10885,10480,1619,12099,150
2021-02-06,Calaveras,9,45235,1847,1832,12,1844,21
2021-02-06,Colusa,11,21464,1807,1791,239,2030,10
2021-02-06,Contra Costa,13,1133247,60217,58567,1059,59626,566
2021-02-06,Del Norte,15,27424,892,879,0,879,2
2021-02-06,El Dorado,17,186661,8757,8575,609,9184,86
2021-02-06,Fresno,19,978130,92649,90944,7490,98434,1207
2021-02-06,Glenn,21,27897,2173,2136,479,2615,14
2021-02-06,Humboldt,23,135768,2932,2880,19,2899,28
2021-02-06,Imperial,25,180216,26817,26514,2587,29101,567
2021-02-06,Inyo,27,18085,1159,1113,1,1114,27
2021-02-06,Kern,29,883053,90086,87919,9410,97329,912
2021-02-06,Kings,31,150075,21466,21156,1003,22159,190
2021-02-06,Lake,33,64148,3000,2920,1,2921,34
2021-02-06,Lassen,35,31185,5003,4964,92,5056,1
2021-02-06,Los Angeles,37,10098052,1143699,1114718,39767,1154485,17793
2021-02-06,Madera,39,155013,15050,14807,772,15579,93
2021-02-06,Marin,41,260295,12681,12531,152,12683,194
2021-02-06,Mariposa,43,17540,366,355,3,358,4
2021-02-06,Mendocino,45,87422,3476,3316,64,3380,38
2021-02-06,Merced,47,269075,27103,26881,783,27664,346
2021-02-06,Modoc,49,8938,329,313,107,420,3
2021-02-06,Mono,51,14174,1146,1159,12,1171,3
2021-02-06,Monterey,53,433212,40584,39995,1576,41571,282
2021-02-06,Napa,55,140530,8747,8639,32,8671,55
2021-02-06,Nevada,57,99092,3770,3624,151,3775,43
2021-02-06,Orange,59,3164182,240478,237391,10087,247478,3293
2021-02-06,Placer,61,380077,19777,18836,1067,19903,211
2021-02-06,Plumas,63,18699,629,584,11,595,2
2021-02-06,Riverside,65,2383286,276784,271741,13799,285540,3243
2021-02-06,Sacramento,67,1510023,90237,88532,1176,89708,1237
2021-02-06,San Benito,69,59416,5561,5516,83,5599,52
2021-02-06,San Bernardino,71,2135413,280372,273718,8342,282060,2564
2021-02-06,San Diego,73,3302833,254823,245331,0,245331,2812
2021-02-06,San Francisco,75,870044,32846,32437,1018,33455,346
2021-02-06,San Joaquin,77,732212,64295,62840,2723,65563,906
2021-02-06,San Luis Obispo,79,281455,18685,18284,526,18810,214
2021-02-06,San Mateo,81,765935,38062,36824,382,37206,232
2021-02-06,Santa Barbara,83,443738,30782,29645,1080,30725,337
2021-02-06,Santa Clara,85,1922200,105529,104639,513,105152,1439
2021-02-06,Santa Cruz,87,273765,14791,13845,792,14637,161
2021-02-06,Shasta,89,179085,10588,10561,1177,11738,137
2021-02-06,Sierra,91,2930,47,43,14,57,0
2021-02-06,Siskiyou,93,43540,1376,1289,228,1517,4
2021-02-06,Solano,95,438530,28889,28446,337,28783,129
2021-02-06,Sonoma,97,501317,26748,26564,151,26715,257
2021-02-06,Stanislaus,99,539301,48279,47325,5234,52559,679
2021-02-06,Sutter,101,95872,8550,8485,82,8567,92
2021-02-06,Tehama,103,63373,4437,4380,496,4876,22
2021-02-06,Trinity,105,12862,327,263,37,300,3
2021-02-06,Tulare,107,460477,46210,45349,7663,53012,664
2021-02-06,Tuolumne,109,53932,3691,3612,29,3641,48
2021-02-06,Ventura,111,848112,74346,73431,2736,76167,552
2021-02-06,Yolo,113,214977,12402,12061,206,12267,161
2021-02-06,Yuba,115,75493,5279,5177,79,5256,35
2021-02-05,Alameda,1,1643700,77196,75716,1716,77432,916
2021-02-05,Alpine,3,1148,75,72,0,72,0
2021-02-05,Amador,5,37829,3353,3299,29,3328,33
2021-02-05,Butte,7,227075,10867,10421,1613,12034,150
2021-02-05,Calaveras,9,45235,1842,1818,12,1830,21
2021-02-05,Colusa,11,21464,1803,1785,239,2024,10
2021-02-05,Contra Costa,13,1133247,60056,58195,1057,59252,560
2021-02-05,Del Norte,15,27424,891,874,0,874,2
2021-02-05,El Dorado,17,186661,8737,8527,607,9134,86
2021-02-05,Fresno,19,978130,92446,90513,7469,97982,1194
2021-02-05,Glenn,21,27897,2167,2122,474,2596,14
2021-02-05,Humboldt,23,135768,2922,2857,19,2876,28
2021-02-05,Imperial,25,180216,26798,26474,2587,29061,557
2021-02-05,Inyo,27,18085,1155,1104,1,1105,27
2021-02-05,Kern,29,883053,89919,87470,9342,96812,906
2021-02-05,Kings,31,150075,21429,21021,999,22020,190
2021-02-05,Lake,33,64148,2988,2906,1,2907,33
2021-02-05,Lassen,35,31185,4999,4936,92,5028,1
2021-02-05,Los Angeles,37,10098052,1141609,1110384,39625,1150009,17608
2021-02-05,Madera,39,155013,15016,14752,767,15519,95
2021-02-05,Marin,41,260295,12646,12479,152,12631,193
2021-02-05,Mariposa,43,17540,366,352,3,355,4
2021-02-05,Mendocino,45,87422,3462,3272,64,3336,38
2021-02-05,Merced,47,269075,27044,26760,782,27542,345
2021-02-05,Modoc,49,8938,329,312,107,419,3
2021-02-05,Mono,51,14174,1145,1157,12,1169,3
2021-02-05,Monterey,53,433212,40520,39840,1565,41405,281
2021-02-05,Napa,55,140530,8733,8598,32,8630,55
2021-02-05,Nevada,57,99092,3767,3607,151,3758,43
2021-02-05,Orange,59,3164182,240057,236335,10058,246393,3260
2021-02-05,Placer,61,380077,19742,18756,1065,19821,211
2021-02-05,Plumas,63,18699,627,578,11,589,2
2021-02-05,Riverside,65,2383286,276378,270666,13780,284446,3235
2021-02-05,Sacramento,67,1510023,90058,87992,1169,89161,1231
2021-02-05,San Benito,69,59416,5550,5502,83,5585,51
2021-02-05,San Bernardino,71,2135413,280036,272938,8324,281262,2495
2021-02-05,San Diego,73,3302833,254247,244066,0,244066,2777
2021-02-05,San Francisco,75,870044,32757,32229,1006,33235,337
2021-02-05,San Joaquin,77,732212,64147,62565,2715,65280,902
2021-02-05,San Luis Obispo,79,281455,18624,18152,522,18674,213
2021-02-05,San Mateo,81,765935,37978,36582,381,36963,227
2021-02-05,Santa Barbara,83,443738,30689,29455,1065,30520,334
2021-02-05,Santa Clara,85,1922200,105279,104112,511,104623,1421
2021-02-05,Santa Cruz,87,273765,14770,13776,790,14566,161
2021-02-05,Shasta,89,179085,10572,10507,1170,11677,136
2021-02-05,Sierra,91,2930,47,42,14,56,0
2021-02-05,Siskiyou,93,43540,1369,1276,226,1502,4
2021-02-05,Solano,95,438530,28839,28283,337,28620,127
2021-02-05,Sonoma,97,501317,26680,26423,148,26571,252
2021-02-05,Stanislaus,99,539301,48137,47024,5216,52240,678
2021-02-05,Sutter,101,95872,8530,8443,82,8525,92
2021-02-05,Tehama,103,63373,4429,4355,496,4851,22
2021-02-05,Trinity,105,12862,326,260,37,297,3
2021-02-05,Tulare,107,460477,46134,45138,7612,52750,663
2021-02-05,Tuolumne,109,53932,3665,3595,29,3624,45
2021-02-05,Ventura,111,848112,74102,72953,2725,75678,546
2021-02-05,Yolo,113,214977,12383,12025,201,12226,162
2021-02-05,Yuba,115,75493,5262,5145,79,5224,35
2021-02-04,Alameda,1,1643700,76911,75422,1710,77132,899
2021-02-04,Alpine,3,1148,74,72,0,72,0
2021-02-04,Amador,5,37829,3350,3288,29,3317,33
2021-02-04,Butte,7,227075,10835,10386,1603,11989,147
2021-02-04,Calaveras,9,45235,1842,1808,12,1820,21
2021-02-04,Colusa,11,21464,1799,1777,237,2014,10
2021-02-04,Contra Costa,13,1133247,59866,57991,1053,59044,550
2021-02-04,Del Norte,15,27424,885,870,0,870,2
2021-02-04,El Dorado,17,186661,8711,8490,604,9094,86
2021-02-04,Fresno,19,978130,92233,90126,7441,97567,1114
2021-02-04,Glenn,21,27897,2163,2102,474,2576,14
2021-02-04,Humboldt,23,135768,2912,2827,19,2846,28
2021-02-04,Imperial,25,180216,26752,26411,2584,28995,556
2021-02-04,Inyo,27,18085,1143,1084,1,1085,27
2021-02-04,Kern,29,883053,89648,87156,9263,96419,898
2021-02-04,Kings,31,150075,21379,20918,991,21909,187
2021-02-04,Lake,33,64148,2976,2882,1,2883,34
2021-02-04,Lassen,35,31185,4996,4927,92,5019,1
2021-02-04,Los Angeles,37,10098052,1138823,1106323,39493,1145816,17396
2021-02-04,Madera,39,155013,14987,14706,763,15469,95
2021-02-04,Marin,41,260295,12611,12431,152,12583,192
2021-02-04,Mariposa,43,17540,366,348,3,351,4
2021-02-04,Mendocino,45,87422,3444,3240,62,3302,38
2021-02-04,Merced,47,269075,26951,26629,779,27408,345
2021-02-04,Modoc,49,8938,329,309,107,416,3
2021-02-04,Mono,51,14174,1143,1153,12,1165,3
2021-02-04,Monterey,53,433212,40412,39619,1547,41166,279
2021-02-04,Napa,55,140530,8704,8573,32,8605,55
2021-02-04,Nevada,57,99092,3747,3590,150,3740,37
2021-02-04,Orange,59,3164182,239415,235677,10017,245694,3238
2021-02-04,Placer,61,380077,19682,18711,1056,19767,210
2021-02-04,Plumas,63,18699,624,562,11,573,2
2021-02-04,Riverside,65,2383286,275639,269851,13740,283591,3230
2021-02-04,Sacramento,67,1510023,89755,87658,1157,88815,1222
2021-02-04,San Benito,69,59416,5536,5488,82,5570,51
2021-02-04,San Bernardino,71,2135413,279490,272223,8304,280527,2409
2021-02-04,San Diego,73,3302833,253459,242613,0,242613,2738
2021-02-04,San Francisco,75,870044,32644,32116,996,33112,326
2021-02-04,San Joaquin,77,732212,63921,62374,2707,65081,883
2021-02-04,San Luis Obispo,79,281455,18558,18058,519,18577,211
2021-02-04,San Mateo,81,765935,37856,36437,378,36815,226
2021-02-04,Santa Barbara,83,443738,30557,29344,1046,30390,322
2021-02-04,Santa Clara,85,1922200,104931,103781,508,104289,1404
2021-02-04,Santa Cruz,87,273765,14737,13713,782,14495,156
2021-02-04,Shasta,89,179085,10545,10466,1165,11631,131
2021-02-04,Sierra,91,2930,47,42,14,56,0
2021-02-04,Siskiyou,93,43540,1360,1273,226,1499,4
2021-02-04,Solano,95,438530,28736,28192,336,28528,120
2021-02-04,Sonoma,97,501317,26598,26276,144,26420,249
2021-02-04,Stanislaus,99,539301,47977,46822,5194,52016,678
2021-02-04,Sutter,101,95872,8510,8401,82,8483,92
2021-02-04,Tehama,103,63373,4413,4327,496,4823,21
2021-02-04,Trinity,105,12862,325,260,36,296,3
2021-02-04,Tulare,107,460477,46010,44983,7544,52527,656
2021-02-04,Tuolumne,109,53932,3625,3585,29,3614,45
2021-02-04,Ventura,111,848112,73770,72595,2712,75307,537
2021-02-04,Yolo,113,214977,12349,11982,200,12182,161
2021-02-04,Yuba,115,75493,5236,5135,79,5214,34
2021-02-03,Alameda,1,1643700,76576,74968,1706,76674,880
2021-02-03,Alpine,3,1148,74,72,0,72,0
2021-02-03,Amador,5,37829,3346,3281,29,3310,33
2021-02-03,Butte,7,227075,10799,10355,1596,11951,144
2021-02-03,Calaveras,9,45235,1832,1799,11,1810,21
2021-02-03,Colusa,11,21464,1794,1773,236,2009,10
2021-02-03,Contra Costa,13,1133247,59627,57762,1041,58803,537
2021-02-03,Del Norte,15,27424,880,869,0,869,2
2021-02-03,El Dorado,17,186661,8691,8428,603,9031,86
2021-02-03,Fresno,19,978130,92016,89748,7401,97149,1015
2021-02-03,Glenn,21,27897,2154,2098,472,2570,14
2021-02-03,Humboldt,23,135768,2902,2800,19,2819,27
2021-02-03,Imperial,25,180216,26718,26363,2578,28941,547
2021-02-03,Inyo,27,18085,1133,1071,1,1072,27
2021-02-03,Kern,29,883053,89407,86771,9222,95993,877
2021-02-03,Kings,31,150075,21320,20831,987,21818,172
2021-02-03,Lake,33,64148,2960,2869,1,2870,33
2021-02-03,Lassen,35,31185,4985,4910,92,5002,1
2021-02-03,Los Angeles,37,10098052,1135760,1101890,39360,1141250,17163
2021-02-03,Madera,39,155013,14949,14605,761,15366,94
2021-02-03,Marin,41,260295,12577,12406,152,12558,190
2021-02-03,Mariposa,43,17540,365,347,3,350,4
2021-02-03,Mendocino,45,87422,3418,3236,61,3297,38
2021-02-03,Merced,47,269075,26836,26520,774,27294,343
2021-02-03,Modoc,49,8938,328,308,107,415,3
2021-02-03,Mono,51,14174,1136,1146,12,1158,3
2021-02-03,Monterey,53,433212,40285,39500,1529,41029,279
2021-02-03,Napa,55,140530,8669,8534,32,8566,54
2021-02-03,Nevada,57,99092,3733,3572,150,3722,35
2021-02-03,Orange,59,3164182,238670,234738,9985,244723,3189
2021-02-03,Placer,61,380077,19626,18646,1054,19700,210
2021-02-03,Plumas,63,18699,624,559,11,570,2
2021-02-03,Riverside,65,2383286,274914,269019,13708,282727,3195
2021-02-03,Sacramento,67,1510023,89432,87415,1152,88567,1212
2021-02-03,San Benito,69,59416,5518,5463,79,5542,51
2021-02-03,San Bernardino,71,2135413,279009,271477,8279,279756,2308
2021-02-03,San Diego,73,3302833,252558,241015,0,241015,2683
2021-02-03,San Francisco,75,870044,32515,31983,991,32974,325
2021-02-03,San Joaquin,77,732212,63696,61976,2696,64672,880
2021-02-03,San Luis Obispo,79,281455,18481,17922,516,18438,206
2021-02-03,San Mateo,81,765935,37717,36227,374,36601,225
2021-02-03,Santa Barbara,83,443738,30411,29121,1036,30157,315
2021-02-03,Santa Clara,85,1922200,104616,103278,504,103782,1364
2021-02-03,Santa Cruz,87,273765,14683,13611,774,14385,154
2021-02-03,Shasta,89,179085,10502,10422,1160,11582,130
2021-02-03,Sierra,91,2930,47,42,14,56,0
2021-02-03,Siskiyou,93,43540,1349,1268,225,1493,4
2021-02-03,Solano,95,438530,28614,28057,336,28393,119
2021-02-03,Sonoma,97,501317,26515,26155,143,26298,248
2021-02-03,Stanislaus,99,539301,47803,46598,5174,51772,662
2021-02-03,Sutter,101,95872,8485,8379,82,8461,90
2021-02-03,Tehama,103,63373,4391,4309,493,4802,21
2021-02-03,Trinity,105,12862,325,260,35,295,3
2021-02-03,Tulare,107,460477,45843,44838,7483,52321,640
2021-02-03,Tuolumne,109,53932,3614,3568,29,3597,45
2021-02-03,Ventura,111,848112,73435,72124,2700,74824,526
2021-02-03,Yolo,113,214977,12325,11933,199,12132,161
2021-02-03,Yuba,115,75493,5218,5124,79,5203,34
2021-02-02,Alameda,1,1643700,76229,74642,1691,76333,869
2021-02-02,Alpine,3,1148,74,72,0,72,0
2021-02-02,Amador,5,37829,3315,3275,29,3304,33
2021-02-02,Butte,7,227075,10772,10307,1588,11895,141
2021-02-02,Calaveras,9,45235,1824,1786,11,1797,21
2021-02-02,Colusa,11,21464,1786,1769,231,2000,9
2021-02-02,Contra Costa,13,1133247,59347,57551,1036,58587,536
2021-02-02,Del Norte,15,27424,874,868,0,868,2
2021-02-02,El Dorado,17,186661,8651,8405,603,9008,84
2021-02-02,Fresno,19,978130,91714,89542,7366,96908,1009
2021-02-02,Glenn,21,27897,2143,2090,468,2558,14
2021-02-02,Humboldt,23,135768,2891,2784,19,2803,25
2021-02-02,Imperial,25,180216,26667,26317,2573,28890,535
2021-02-02,Inyo,27,18085,1130,1074,1,1075,27
2021-02-02,Kern,29,883053,89106,86485,9145,95630,867
2021-02-02,Kings,31,150075,21243,20785,978,21763,172
2021-02-02,Lake,33,64148,2940,2857,1,2858,33
2021-02-02,Lassen,35,31185,4978,4908,92,5000,1
2021-02-02,Los Angeles,37,10098052,1132395,1097573,39189,1136762,16913
2021-02-02,Madera,39,155013,14899,14595,756,15351,94
2021-02-02,Marin,41,260295,12548,12367,152,12519,189
2021-02-02,Mariposa,43,17540,362,345,3,348,4
2021-02-02,Mendocino,45,87422,3385,3210,61,3271,38
2021-02-02,Merced,47,269075,26740,26427,766,27193,340
2021-02-02,Modoc,49,8938,323,306,107,413,3
2021-02-02,Mono,51,14174,1134,1147,12,1159,3
2021-02-02,Monterey,53,433212,40149,39371,1515,40886,278
2021-02-02,Napa,55,140530,8640,8505,32,8537,53
2021-02-02,Nevada,57,99092,3718,3548,150,3698,20
2021-02-02,Orange,59,3164182,237872,233783,9949,243732,3152
2021-02-02,Placer,61,380077,19567,18615,1050,19665,205
2021-02-02,Plumas,63,18699,624,560,11,571,2
2021-02-02,Riverside,65,2383286,274081,267901,13674,281575,3169
2021-02-02,Sacramento,67,1510023,89140,87107,1141,88248,1202
2021-02-02,San Benito,69,59416,5505,5444,78,5522,50
2021-02-02,San Bernardino,71,2135413,278337,270486,8247,278733,2244
2021-02-02,San Diego,73,3302833,251521,240047,0,240047,2629
2021-02-02,San Francisco,75,870044,32359,31788,980,32768,324
2021-02-02,San Joaquin,77,732212,63478,61708,2681,64389,878
2021-02-02,San Luis Obispo,79,281455,18387,17811,514,18325,201
2021-02-02,San Mateo,81,765935,37550,36004,368,36372,225
2021-02-02,Santa Barbara,83,443738,30242,28951,1029,29980,304
2021-02-02,Santa Clara,85,1922200,104153,102872,499,103371,1349
2021-02-02,Santa Cruz,87,273765,14624,13572,770,14342,150
2021-02-02,Shasta,89,179085,10477,10371,1148,11519,128
2021-02-02,Sierra,91,2930,47,42,14,56,0
2021-02-02,Siskiyou,93,43540,1342,1252,222,1474,4
2021-02-02,Solano,95,438530,28518,27963,332,28295,118
2021-02-02,Sonoma,97,501317,26398,26054,143,26197,247
2021-02-02,Stanislaus,99,539301,47584,46306,5141,51447,641
2021-02-02,Sutter,101,95872,8462,8340,82,8422,89
2021-02-02,Tehama,103,63373,4378,4289,491,4780,21
2021-02-02,Trinity,105,12862,325,260,35,295,3
2021-02-02,Tulare,107,460477,45689,44720,7415,52135,625
2021-02-02,Tuolumne,109,53932,3602,3548,29,3577,39
2021-02-02,Ventura,111,848112,73017,71557,2690,74247,514
2021-02-02,Yolo,113,214977,12278,11886,192,12078,158
2021-02-02,Yuba,115,75493,5200,5111,79,5190,34
2021-02-01,Alameda,1,1643700,75873,74374,1685,76059,858
2021-02-01,Alpine,3,1148,74,72,0,72,0
2021-02-01,Amador,5,37829,3304,3234,29,3263,32
2021-02-01,Butte,7,227075,10730,10263,1584,11847,141
2021-02-01,Calaveras,9,45235,1805,1785,11,1796,21
2021-02-01,Colusa,11,21464,1781,1763,222,1985,9
2021-02-01,Contra Costa,13,1133247,59102,57324,1035,58359,531
2021-02-01,Del Norte,15,27424,871,865,0,865,2
2021-02-01,El Dorado,17,186661,8612,8337,603,8940,83
2021-02-01,Fresno,19,978130,91385,89272,7328,96600,994
2021-02-01,Glenn,21,27897,2128,2086,460,2546,14
2021-02-01,Humboldt,23,135768,2869,2773,18,2791,25
2021-02-01,Imperial,25,180216,26624,26224,2571,28795,530
2021-02-01,Inyo,27,18085,1120,1072,1,1073,27
2021-02-01,Kern,29,883053,88712,86170,9074,95244,862
2021-02-01,Kings,31,150075,21154,20746,969,21715,172
2021-02-01,Lake,33,64148,2924,2843,1,2844,33
2021-02-01,Lassen,35,31185,4958,4907,92,4999,1
2021-02-01,Los Angeles,37,10098052,1128588,1094341,39011,1133352,16695
2021-02-01,Madera,39,155013,14864,14572,753,15325,94
2021-02-01,Marin,41,260295,12510,12341,151,12492,188
2021-02-01,Mariposa,43,17540,360,344,3,347,4
2021-02-01,Mendocino,45,87422,3352,3192,61,3253,37
2021-02-01,Merced,47,269075,26614,26282,758,27040,337
2021-02-01,Modoc,49,8938,317,303,103,406,1
2021-02-01,Mono,51,14174,1131,1145,12,1157,3
2021-02-01,Monterey,53,433212,39969,39196,1493,40689,278
2021-02-01,Napa,55,140530,8608,8449,32,8481,52
2021-02-01,Nevada,57,99092,3701,3535,149,3684,20
2021-02-01,Orange,59,3164182,236963,233155,9903,243058,3100
2021-02-01,Placer,61,380077,19500,18574,1043,19617,204
2021-02-01,Plumas,63,18699,622,554,11,565,2
2021-02-01,Riverside,65,2383286,273174,267025,13635,280660,3092
2021-02-01,Sacramento,67,1510023,88743,86856,1129,87985,1193
2021-02-01,San Benito,69,59416,5487,5432,78,5510,48
2021-02-01,San Bernardino,71,2135413,277647,270012,8204,278216,2172
2021-02-01,San Diego,73,3302833,250299,239121,0,239121,2619
2021-02-01,San Francisco,75,870044,32227,31703,967,32670,324
2021-02-01,San Joaquin,77,732212,63274,61542,2670,64212,877
2021-02-01,San Luis Obispo,79,281455,18269,17690,506,18196,199
2021-02-01,San Mateo,81,765935,37402,35843,368,36211,220
2021-02-01,Santa Barbara,83,443738,30072,28837,1021,29858,297
2021-02-01,Santa Clara,85,1922200,103738,102462,497,102959,1343
2021-02-01,Santa Cruz,87,273765,14570,13524,768,14292,149
2021-02-01,Shasta,89,179085,10452,10329,1142,11471,112
2021-02-01,Sierra,91,2930,47,42,14,56,0
2021-02-01,Siskiyou,93,43540,1335,1238,219,1457,4
2021-02-01,Solano,95,438530,28413,27844,331,28175,117
2021-02-01,Sonoma,97,501317,26309,26011,142,26153,243
2021-02-01,Stanislaus,99,539301,47326,46112,5113,51225,642
2021-02-01,Sutter,101,95872,8422,8313,82,8395,89
2021-02-01,Tehama,103,63373,4354,4263,491,4754,21
2021-02-01,Trinity,105,12862,323,260,35,295,3
2021-02-01,Tulare,107,460477,45545,44569,7333,51902,618
2021-02-01,Tuolumne,109,53932,3594,3534,29,3563,39
2021-02-01,Ventura,111,848112,72610,71104,2674,73778,502
2021-02-01,Yolo,113,214977,12234,11824,184,12008,151
2021-02-01,Yuba,115,75493,5187,5084,78,5162,33
2021-01-31,Alameda,1,1643700,75444,73979,1677,75656,857
2021-01-31,Alpine,3,1148,74,72,0,72,0
2021-01-31,Amador,5,37829,3294,3212,27,3239,32
2021-01-31,Butte,7,227075,10688,10215,1573,11788,140
2021-01-31,Calaveras,9,45235,1784,1778,11,1789,21
2021-01-31,Colusa,11,21464,1774,1754,217,1971,9
2021-01-31,Contra Costa,13,1133247,58771,57079,1035,58114,531
2021-01-31,Del Norte,15,27424,869,865,0,865,2
2021-01-31,El Dorado,17,186661,8576,8317,600,8917,83
2021-01-31,Fresno,19,978130,91070,88852,7276,96128,994
2021-01-31,Glenn,21,27897,2117,2083,459,2542,14
2021-01-31,Humboldt,23,135768,2853,2767,18,2785,25
2021-01-31,Imperial,25,180216,26553,26206,2561,28767,530
2021-01-31,Inyo,27,18085,1107,1072,1,1073,27
2021-01-31,Kern,29,883053,88218,85872,8985,94857,861
2021-01-31,Kings,31,150075,21072,20709,956,21665,172
2021-01-31,Lake,33,64148,2903,2826,1,2827,33
2021-01-31,Lassen,35,31185,4942,4900,92,4992,1
2021-01-31,Los Angeles,37,10098052,1123988,1090304,38797,1129101,16609
2021-01-31,Madera,39,155013,14810,14496,745,15241,94
2021-01-31,Marin,41,260295,12463,12297,147,12444,185
2021-01-31,Mariposa,43,17540,358,344,3,347,4
2021-01-31,Mendocino,45,87422,3329,3181,60,3241,37
2021-01-31,Merced,47,269075,26471,26222,753,26975,337
2021-01-31,Modoc,49,8938,314,304,101,405,1
2021-01-31,Mono,51,14174,1128,1146,12,1158,3
2021-01-31,Monterey,53,433212,39790,39035,1465,40500,278
2021-01-31,Napa,55,140530,8566,8404,32,8436,52
2021-01-31,Nevada,57,99092,3679,3518,147,3665,20
2021-01-31,Orange,59,3164182,235954,232347,9862,242209,3053
2021-01-31,Placer,61,380077,19426,18506,1031,19537,204
2021-01-31,Plumas,63,18699,621,554,11,565,2
2021-01-31,Riverside,65,2383286,272205,266145,13587,279732,3074
2021-01-31,Sacramento,67,1510023,88302,86560,1113,87673,1186
2021-01-31,San Benito,69,59416,5465,5425,76,5501,48
2021-01-31,San Bernardino,71,2135413,276608,269533,8171,277704,2156
2021-01-31,San Diego,73,3302833,248985,238039,0,238039,2619
2021-01-31,San Francisco,75,870044,32040,31563,955,32518,323
2021-01-31,San Joaquin,77,732212,62870,61379,2660,64039,877
2021-01-31,San Luis Obispo,79,281455,18136,17615,501,18116,199
2021-01-31,San Mateo,81,765935,37211,35659,365,36024,219
2021-01-31,Santa Barbara,83,443738,29833,28570,1012,29582,297
2021-01-31,Santa Clara,85,1922200,103189,101986,488,102474,1330
2021-01-31,Santa Cruz,87,273765,14476,13469,754,14223,149
2021-01-31,Shasta,89,179085,10407,10313,1133,11446,112
2021-01-31,Sierra,91,2930,46,43,14,57,0
2021-01-31,Siskiyou,93,43540,1325,1238,219,1457,4
2021-01-31,Solano,95,438530,28283,27678,331,28009,118
2021-01-31,Sonoma,97,501317,26208,25925,141,26066,243
2021-01-31,Stanislaus,99,539301,47043,45971,5072,51043,642
2021-01-31,Sutter,101,95872,8377,8289,82,8371,89
2021-01-31,Tehama,103,63373,4334,4256,490,4746,21
2021-01-31,Trinity,105,12862,321,260,35,295,3
2021-01-31,Tulare,107,460477,45378,44440,7251,51691,618
2021-01-31,Tuolumne,109,53932,3555,3519,29,3548,39
2021-01-31,Ventura,111,848112,72017,70635,2661,73296,502
2021-01-31,Yolo,113,214977,12173,11771,178,11949,151
2021-01-31,Yuba,115,75493,5167,5071,77,5148,33
2021-01-30,Alameda,1,1643700,75241,73622,1672,75294,850
2021-01-30,Alpine,3,1148,74,72,0,72,0
2021-01-30,Amador,5,37829,3290,3181,27,3208,32
2021-01-30,Butte,7,227075,10653,10177,1564,11741,139
2021-01-30,Calaveras,9,45235,1772,1763,11,1774,21
2021-01-30,Colusa,11,21464,1772,1748,217,1965,9
2021-01-30,Contra Costa,13,1133247,58586,56763,1031,57794,531
2021-01-30,Del Norte,15,27424,868,865,0,865,2
2021-01-30,El Dorado,17,186661,8556,8299,599,8898,83
2021-01-30,Fresno,19,978130,90893,88476,7256,95732,964
2021-01-30,Glenn,21,27897,2114,2074,457,2531,14
2021-01-30,Humboldt,23,135768,2842,2742,18,2760,24
2021-01-30,Imperial,25,180216,26532,26160,2560,28720,530
2021-01-30,Inyo,27,18085,1103,1068,1,1069,27
2021-01-30,Kern,29,883053,88017,85572,8919,94491,848
2021-01-30,Kings,31,150075,21002,20605,950,21555,169
2021-01-30,Lake,33,64148,2897,2809,1,2810,33
2021-01-30,Lassen,35,31185,4939,4890,92,4982,1
2021-01-30,Los Angeles,37,10098052,1121626,1084763,38650,1123413,16484
2021-01-30,Madera,39,155013,14768,14443,740,15183,94
2021-01-30,Marin,41,260295,12435,12225,146,12371,185
2021-01-30,Mariposa,43,17540,356,344,3,347,4
2021-01-30,Mendocino,45,87422,3315,3153,59,3212,36
2021-01-30,Merced,47,269075,26396,26078,752,26830,335
2021-01-30,Modoc,49,8938,314,303,101,404,1
2021-01-30,Mono,51,14174,1128,1143,12,1155,3
2021-01-30,Monterey,53,433212,39729,38847,1462,40309,277
2021-01-30,Napa,55,140530,8550,8342,32,8374,52
2021-01-30,Nevada,57,99092,3660,3499,147,3646,20
2021-01-30,Orange,59,3164182,235410,231358,9823,241181,3013
2021-01-30,Placer,61,380077,19375,18430,1025,19455,205
2021-01-30,Plumas,63,18699,619,554,11,565,2
2021-01-30,Riverside,65,2383286,271615,265137,13554,278691,3061
2021-01-30,Sacramento,67,1510023,88108,86388,1107,87495,1184
2021-01-30,San Benito,69,59416,5447,5401,75,5476,48
2021-01-30,San Bernardino,71,2135413,276195,268660,8152,276812,2122
2021-01-30,San Diego,73,3302833,248227,236765,0,236765,2603
2021-01-30,San Francisco,75,870044,31940,31427,951,32378,316
2021-01-30,San Joaquin,77,732212,62736,61120,2650,63770,864
2021-01-30,San Luis Obispo,79,281455,18058,17522,498,18020,198
2021-01-30,San Mateo,81,765935,37073,35451,364,35815,219
2021-01-30,Santa Barbara,83,443738,29692,28342,1008,29350,296
2021-01-30,Santa Clara,85,1922200,102838,101471,485,101956,1307
2021-01-30,Santa Cruz,87,273765,14436,13383,753,14136,149
2021-01-30,Shasta,89,179085,10389,10283,1129,11412,112
2021-01-30,Sierra,91,2930,46,43,14,57,0
2021-01-30,Siskiyou,93,43540,1323,1236,217,1453,4
2021-01-30,Solano,95,438530,28200,27511,329,27840,118
2021-01-30,Sonoma,97,501317,26158,25810,138,25948,243
2021-01-30,Stanislaus,99,539301,46914,45697,5048,50745,642
2021-01-30,Sutter,101,95872,8361,8226,82,8308,87
2021-01-30,Tehama,103,63373,4320,4229,489,4718,21
2021-01-30,Trinity,105,12862,321,259,35,294,3
2021-01-30,Tulare,107,460477,45244,44203,7213,51416,615
2021-01-30,Tuolumne,109,53932,3551,3508,29,3537,36
2021-01-30,Ventura,111,848112,71706,69931,2644,72575,493
2021-01-30,Yolo,113,214977,12160,11698,176,11874,151
2021-01-30,Yuba,115,75493,5157,5042,76,5118,33
2021-01-29,Alameda,1,1643700,74962,73210,1665,74875,841
2021-01-29,Alpine,3,1148,74,72,0,72,0
2021-01-29,Amador,5,37829,3278,3134,26,3160,32
2021-01-29,Butte,7,227075,10622,10122,1554,11676,138
2021-01-29,Calaveras,9,45235,1768,1757,11,1768,21
2021-01-29,Colusa,11,21464,1768,1734,216,1950,8
2021-01-29,Contra Costa,13,1133247,58412,56318,1029,57347,529
2021-01-29,Del Norte,15,27424,867,865,0,865,2
2021-01-29,El Dorado,17,186661,8539,8231,598,8829,83
2021-01-29,Fresno,19,978130,90682,87936,7217,95153,962
2021-01-29,Glenn,21,27897,2109,2061,456,2517,14
2021-01-29,Humboldt,23,135768,2829,2707,18,2725,24
2021-01-29,Imperial,25,180216,26517,26045,2557,28602,521
2021-01-29,Inyo,27,18085,1091,1048,1,1049,27
2021-01-29,Kern,29,883053,87792,85044,8866,93910,836
2021-01-29,Kings,31,150075,20963,20466,945,21411,169
2021-01-29,Lake,33,64148,2888,2792,1,2793,32
2021-01-29,Lassen,35,31185,4936,4874,92,4966,1
2021-01-29,Los Angeles,37,10098052,1118161,1078329,38493,1116822,16190
2021-01-29,Madera,39,155013,14717,14377,740,15117,94
2021-01-29,Marin,41,260295,12391,12145,145,12290,185
2021-01-29,Mariposa,43,17540,355,342,3,345,4
2021-01-29,Mendocino,45,87422,3306,3131,58,3189,36
2021-01-29,Merced,47,269075,26321,25865,748,26613,334
2021-01-29,Modoc,49,8938,313,297,101,398,1
2021-01-29,Mono,51,14174,1126,1139,12,1151,3
2021-01-29,Monterey,53,433212,39608,38539,1453,39992,277
2021-01-29,Napa,55,140530,8518,8276,32,8308,52
2021-01-29,Nevada,57,99092,3651,3487,146,3633,20
2021-01-29,Orange,59,3164182,234719,229917,9784,239701,2967
2021-01-29,Placer,61,380077,19319,18367,1021,19388,203
2021-01-29,Plumas,63,18699,618,548,11,559,2
2021-01-29,Riverside,65,2383286,270824,263504,13519,277023,3008
2021-01-29,Sacramento,67,1510023,87854,86320,1103,87423,1169
2021-01-29,San Benito,69,59416,5439,5386,75,5461,48
2021-01-29,San Bernardino,71,2135413,275680,267490,8110,275600,2095
2021-01-29,San Diego,73,3302833,247286,234637,0,234637,2571
2021-01-29,San Francisco,75,870044,31800,31294,942,32236,307
2021-01-29,San Joaquin,77,732212,62588,60899,2635,63534,858
2021-01-29,San Luis Obispo,79,281455,17997,17440,493,17933,193
2021-01-29,San Mateo,81,765935,36940,35223,361,35584,218
2021-01-29,Santa Barbara,83,443738,29562,28105,1002,29107,291
2021-01-29,Santa Clara,85,1922200,102471,101010,483,101493,1273
2021-01-29,Santa Cruz,87,273765,14382,13311,750,14061,148
2021-01-29,Shasta,89,179085,10372,10220,1125,11345,112
2021-01-29,Sierra,91,2930,46,43,14,57,0
2021-01-29,Siskiyou,93,43540,1322,1227,217,1444,4
2021-01-29,Solano,95,438530,28114,27352,326,27678,116
2021-01-29,Sonoma,97,501317,26095,25710,137,25847,243
2021-01-29,Stanislaus,99,539301,46765,45466,5028,50494,642
2021-01-29,Sutter,101,95872,8342,8181,82,8263,87
2021-01-29,Tehama,103,63373,4307,4191,487,4678,20
2021-01-29,Trinity,105,12862,321,260,35,295,3
2021-01-29,Tulare,107,460477,45139,43925,7171,51096,606
2021-01-29,Tuolumne,109,53932,3541,3483,29,3512,36
2021-01-29,Ventura,111,848112,71282,69511,2630,72141,484
2021-01-29,Yolo,113,214977,12124,11612,175,11787,151
2021-01-29,Yuba,115,75493,5141,5018,76,5094,32
2021-01-28,Alameda,1,1643700,74526,72758,1657,74415,833
2021-01-28,Alpine,3,1148,74,72,0,72,0
2021-01-28,Amador,5,37829,3241,3124,26,3150,31
2021-01-28,Butte,7,227075,10581,10037,1543,11580,138
2021-01-28,Calaveras,9,45235,1759,1747,10,1757,21
2021-01-28,Colusa,11,21464,1761,1731,212,1943,8
2021-01-28,Contra Costa,13,1133247,58168,55999,1019,57018,525
2021-01-28,Del Norte,15,27424,866,862,0,862,2
2021-01-28,El Dorado,17,186661,8526,8198,593,8791,79
2021-01-28,Fresno,19,978130,90396,87401,7167,94568,949
2021-01-28,Glenn,21,27897,2104,2043,447,2490,14
2021-01-28,Humboldt,23,135768,2812,2686,18,2704,24
2021-01-28,Imperial,25,180216,26473,25984,2550,28534,517
2021-01-28,Inyo,27,18085,1086,1039,1,1040,27
2021-01-28,Kern,29,883053,87465,84708,8779,93487,817
2021-01-28,Kings,31,150075,20904,20328,940,21268,167
2021-01-28,Lake,33,64148,2873,2772,1,2773,32
2021-01-28,Lassen,35,31185,4930,4865,92,4957,1
2021-01-28,Los Angeles,37,10098052,1114278,1072412,38290,1110702,15967
2021-01-28,Madera,39,155013,14661,14301,736,15037,94
2021-01-28,Marin,41,260295,12338,12079,144,12223,183
2021-01-28,Mariposa,43,17540,355,334,3,337,4
2021-01-28,Mendocino,45,87422,3289,3110,58,3168,36
2021-01-28,Merced,47,269075,26197,25620,739,26359,328
2021-01-28,Modoc,49,8938,312,297,101,398,0
2021-01-28,Mono,51,14174,1124,1131,12,1143,3
2021-01-28,Monterey,53,433212,39405,38312,1435,39747,274
2021-01-28,Napa,55,140530,8470,8233,32,8265,50
2021-01-28,Nevada,57,99092,3636,3452,145,3597,19
2021-01-28,Orange,59,3164182,233737,228636,9752,238388,2860
2021-01-28,Placer,61,380077,19250,18246,1018,19264,198
2021-01-28,Plumas,63,18699,617,547,11,558,2
2021-01-28,Riverside,65,2383286,270061,262342,13469,275811,2981
2021-01-28,Sacramento,67,1510023,87488,85698,1092,86790,1149
2021-01-28,San Benito,69,59416,5421,5344,74,5418,47
2021-01-28,San Bernardino,71,2135413,274986,266456,8088,274544,2057
2021-01-28,San Diego,73,3302833,246137,232967,0,232967,2534
2021-01-28,San Francisco,75,870044,31662,31193,926,32119,290
2021-01-28,San Joaquin,77,732212,62323,60627,2619,63246,854
2021-01-28,San Luis Obispo,79,281455,17898,17279,491,17770,189
2021-01-28,San Mateo,81,765935,36771,34931,345,35276,218
2021-01-28,Santa Barbara,83,443738,29343,27674,989,28663,284
2021-01-28,Santa Clara,85,1922200,102006,100470,480,100950,1219
2021-01-28,Santa Cruz,87,273765,14293,13188,744,13932,145
2021-01-28,Shasta,89,179085,10338,10176,1117,11293,110
2021-01-28,Sierra,91,2930,46,43,14,57,0
2021-01-28,Siskiyou,93,43540,1315,1218,215,1433,4
2021-01-28,Solano,95,438530,27953,27163,325,27488,114
2021-01-28,Sonoma,97,501317,26002,25564,137,25701,236
2021-01-28,Stanislaus,99,539301,46547,45162,5003,50165,640
2021-01-28,Sutter,101,95872,8294,8136,82,8218,85
2021-01-28,Tehama,103,63373,4288,4163,484,4647,20
2021-01-28,Trinity,105,12862,319,260,35,295,3
2021-01-28,Tulare,107,460477,44983,43742,7090,50832,595
2021-01-28,Tuolumne,109,53932,3527,3472,29,3501,32
2021-01-28,Ventura,111,848112,70773,68896,2611,71507,475
2021-01-28,Yolo,113,214977,12082,11500,170,11670,151
2021-01-28,Yuba,115,75493,5125,4994,75,5069,32
2021-01-27,Alameda,1,1643700,74094,72188,1648,73836,815
2021-01-27,Alpine,3,1148,74,72,0,72,0
2021-01-27,Amador,5,37829,3225,3116,26,3142,31
2021-01-27,Butte,7,227075,10542,9988,1531,11519,138
2021-01-27,Calaveras,9,45235,1751,1737,10,1747,21
2021-01-27,Colusa,11,21464,1755,1724,210,1934,8
2021-01-27,Contra Costa,13,1133247,57869,55578,1016,56594,507
2021-01-27,Del Norte,15,27424,865,859,0,859,2
2021-01-27,El Dorado,17,186661,8501,8141,592,8733,76
2021-01-27,Fresno,19,978130,90102,86886,7125,94011,938
2021-01-27,Glenn,21,27897,2101,2042,445,2487,14
2021-01-27,Humboldt,23,135768,2790,2630,18,2648,24
2021-01-27,Imperial,25,180216,26419,25861,2537,28398,504
2021-01-27,Inyo,27,18085,1082,1023,1,1024,27
2021-01-27,Kern,29,883053,87153,84244,8709,92953,809
2021-01-27,Kings,31,150075,20798,20211,932,21143,167
2021-01-27,Lake,33,64148,2853,2750,1,2751,32
2021-01-27,Lassen,35,31185,4924,4851,92,4943,1
2021-01-27,Los Angeles,37,10098052,1109520,1066569,38073,1104642,15757
2021-01-27,Madera,39,155013,14621,14194,731,14925,86
2021-01-27,Marin,41,260295,12301,12028,143,12171,180
2021-01-27,Mariposa,43,17540,355,333,3,336,4
2021-01-27,Mendocino,45,87422,3269,3095,58,3153,36
2021-01-27,Merced,47,269075,26038,25439,728,26167,315
2021-01-27,Modoc,49,8938,312,297,98,395,0
2021-01-27,Mono,51,14174,1122,1131,12,1143,3
2021-01-27,Monterey,53,433212,39203,38139,1416,39555,268
2021-01-27,Napa,55,140530,8399,8187,32,8219,46
2021-01-27,Nevada,57,99092,3615,3431,145,3576,18
2021-01-27,Orange,59,3164182,232618,227110,9697,236807,2832
2021-01-27,Placer,61,380077,19179,18106,1007,19113,198
2021-01-27,Plumas,63,18699,617,544,11,555,2
2021-01-27,Riverside,65,2383286,268890,260796,13416,274212,2931
2021-01-27,Sacramento,67,1510023,87121,85428,1081,86509,1142
2021-01-27,San Benito,69,59416,5406,5284,74,5358,47
2021-01-27,San Bernardino,71,2135413,274137,265153,8059,273212,2019
2021-01-27,San Diego,73,3302833,244808,231478,0,231478,2465
2021-01-27,San Francisco,75,870044,31520,31082,919,32001,287
2021-01-27,San Joaquin,77,732212,62054,60131,2595,62726,853
2021-01-27,San Luis Obispo,79,281455,17791,17119,487,17606,188
2021-01-27,San Mateo,81,765935,36616,34619,341,34960,216
2021-01-27,Santa Barbara,83,443738,29169,27435,983,28418,282
2021-01-27,Santa Clara,85,1922200,101603,99732,476,100208,1184
2021-01-27,Santa Cruz,87,273765,14223,13111,741,13852,143
2021-01-27,Shasta,89,179085,10304,10106,1111,11217,105
2021-01-27,Sierra,91,2930,46,44,14,58,0
2021-01-27,Siskiyou,93,43540,1309,1214,212,1426,4
2021-01-27,Solano,95,438530,27777,26982,318,27300,112
2021-01-27,Sonoma,97,501317,25904,25361,137,25498,237
2021-01-27,Stanislaus,99,539301,46363,44874,4975,49849,624
2021-01-27,Sutter,101,95872,8251,8093,82,8175,83
2021-01-27,Tehama,103,63373,4263,4133,480,4613,20
2021-01-27,Trinity,105,12862,319,260,35,295,3
2021-01-27,Tulare,107,460477,44798,43462,7015,50477,583
2021-01-27,Tuolumne,109,53932,3517,3464,29,3493,32
2021-01-27,Ventura,111,848112,70300,68291,2586,70877,468
2021-01-27,Yolo,113,214977,12035,11427,166,11593,151
2021-01-27,Yuba,115,75493,5109,4968,75,5043,32
2021-01-26,Alameda,1,1643700,73714,71851,1630,73481,789
2021-01-26,Alpine,3,1148,74,72,0,72,0
2021-01-26,Amador,5,37829,3214,3113,26,3139,31
2021-01-26,Butte,7,227075,10500,9943,1525,11468,136
2021-01-26,Calaveras,9,45235,1740,1723,10,1733,21
2021-01-26,Colusa,11,21464,1748,1719,207,1926,8
2021-01-26,Contra Costa,13,1133247,57589,55337,1008,56345,491
2021-01-26,Del Norte,15,27424,864,856,0,856,2
2021-01-26,El Dorado,17,186661,8476,8115,589,8704,71
2021-01-26,Fresno,19,978130,89748,86673,7080,93753,923
2021-01-26,Glenn,21,27897,2091,2034,441,2475,13
2021-01-26,Humboldt,23,135768,2768,2612,17,2629,24
2021-01-26,Imperial,25,180216,26349,25812,2522,28334,498
2021-01-26,Inyo,27,18085,1075,1018,1,1019,27
2021-01-26,Kern,29,883053,86728,83868,8630,92498,790
2021-01-26,Kings,31,150075,20740,20156,927,21083,159
2021-01-26,Lake,33,64148,2844,2748,1,2749,32
2021-01-26,Lassen,35,31185,4918,4844,92,4936,1
2021-01-26,Los Angeles,37,10098052,1104273,1060492,37855,1098347,15458
2021-01-26,Madera,39,155013,14564,14130,725,14855,86
2021-01-26,Marin,41,260295,12255,11993,141,12134,179
2021-01-26,Mariposa,43,17540,353,332,3,335,3
2021-01-26,Mendocino,45,87422,3243,3076,57,3133,36
2021-01-26,Merced,47,269075,25898,25359,721,26080,309
2021-01-26,Modoc,49,8938,305,291,97,388,0
2021-01-26,Mono,51,14174,1121,1120,12,1132,3
2021-01-26,Monterey,53,433212,39005,37963,1395,39358,255
2021-01-26,Napa,55,140530,8342,8145,32,8177,43
2021-01-26,Nevada,57,99092,3608,3410,144,3554,18
2021-01-26,Orange,59,3164182,231488,225987,9653,235640,2760
2021-01-26,Placer,61,380077,19105,18016,1005,19021,193
2021-01-26,Plumas,63,18699,615,536,11,547,2
2021-01-26,Riverside,65,2383286,267558,259399,13354,272753,2898
2021-01-26,Sacramento,67,1510023,86767,85062,1074,86136,1127
2021-01-26,San Benito,69,59416,5392,5251,73,5324,45
2021-01-26,San Bernardino,71,2135413,273148,263736,8014,271750,1970
2021-01-26,San Diego,73,3302833,243317,230063,0,230063,2421
2021-01-26,San Francisco,75,870044,31390,30874,898,31772,286
2021-01-26,San Joaquin,77,732212,61800,59889,2578,62467,847
2021-01-26,San Luis Obispo,79,281455,17710,17016,484,17500,186
2021-01-26,San Mateo,81,765935,36424,34441,330,34771,213
2021-01-26,Santa Barbara,83,443738,28998,27321,971,28292,273
2021-01-26,Santa Clara,85,1922200,101127,99215,471,99686,1171
2021-01-26,Santa Cruz,87,273765,14158,13045,735,13780,134
2021-01-26,Shasta,89,179085,10269,10036,1103,11139,103
2021-01-26,Sierra,91,2930,46,43,14,57,0
2021-01-26,Siskiyou,93,43540,1295,1208,210,1418,4
2021-01-26,Solano,95,438530,27621,26858,312,27170,110
2021-01-26,Sonoma,97,501317,25783,25273,135,25408,236
2021-01-26,Stanislaus,99,539301,46180,44703,4932,49635,599
2021-01-26,Sutter,101,95872,8209,8067,82,8149,83
2021-01-26,Tehama,103,63373,4232,4115,480,4595,20
2021-01-26,Trinity,105,12862,319,260,35,295,3
2021-01-26,Tulare,107,460477,44597,43394,6943,50337,579
2021-01-26,Tuolumne,109,53932,3507,3451,29,3480,30
2021-01-26,Ventura,111,848112,69770,67526,2559,70085,448
2021-01-26,Yolo,113,214977,11990,11361,163,11524,148
2021-01-26,Yuba,115,75493,5084,4944,73,5017,31
2021-01-25,Alameda,1,1643700,73273,71255,1620,72875,780
2021-01-25,Alpine,3,1148,74,72,0,72,0
2021-01-25,Amador,5,37829,3174,3074,26,3100,30
2021-01-25,Butte,7,227075,10435,9865,1517,11382,133
2021-01-25,Calaveras,9,45235,1723,1713,10,1723,21
2021-01-25,Colusa,11,21464,1736,1709,203,1912,8
2021-01-25,Contra Costa,13,1133247,57227,54989,1001,55990,488
2021-01-25,Del Norte,15,27424,863,855,0,855,2
2021-01-25,El Dorado,17,186661,8452,8060,589,8649,66
2021-01-25,Fresno,19,978130,89380,86336,7047,93383,913
2021-01-25,Glenn,21,27897,2080,2028,441,2469,13
2021-01-25,Humboldt,23,135768,2734,2587,17,2604,24
2021-01-25,Imperial,25,180216,26299,25745,2513,28258,491
2021-01-25,Inyo,27,18085,1069,1015,1,1016,27
2021-01-25,Kern,29,883053,86339,83401,8537,91938,787
2021-01-25,Kings,31,150075,20620,20067,923,20990,159
2021-01-25,Lake,33,64148,2825,2729,1,2730,32
2021-01-25,Lassen,35,31185,4893,4835,92,4927,1
2021-01-25,Los Angeles,37,10098052,1098352,1055181,37620,1092801,15163
2021-01-25,Madera,39,155013,14510,14068,721,14789,86
2021-01-25,Marin,41,260295,12202,11923,137,12060,177
2021-01-25,Mariposa,43,17540,350,331,3,334,3
2021-01-25,Mendocino,45,87422,3232,3054,57,3111,35
2021-01-25,Merced,47,269075,25759,25181,712,25893,305
2021-01-25,Modoc,49,8938,304,288,93,381,0
2021-01-25,Mono,51,14174,1118,1114,11,1125,3
2021-01-25,Monterey,53,433212,38748,37726,1374,39100,255
2021-01-25,Napa,55,140530,8309,8057,31,8088,43
2021-01-25,Nevada,57,99092,3594,3365,144,3509,18
2021-01-25,Orange,59,3164182,230285,225105,9612,234717,2696
2021-01-25,Placer,61,380077,19012,17936,990,18926,193
2021-01-25,Plumas,63,18699,612,533,11,544,2
2021-01-25,Riverside,65,2383286,265879,258082,13299,271381,2789
2021-01-25,Sacramento,67,1510023,86315,84653,1065,85718,1118
2021-01-25,San Benito,69,59416,5355,5238,72,5310,43
2021-01-25,San Bernardino,71,2135413,272196,263174,7976,271150,1947
2021-01-25,San Diego,73,3302833,241707,228630,0,228630,2375
2021-01-25,San Francisco,75,870044,31242,30734,875,31609,288
2021-01-25,San Joaquin,77,732212,61507,59291,2548,61839,838
2021-01-25,San Luis Obispo,79,281455,17575,16868,479,17347,179
2021-01-25,San Mateo,81,765935,36192,34187,323,34510,213
2021-01-25,Santa Barbara,83,443738,28768,27065,960,28025,269
2021-01-25,Santa Clara,85,1922200,100557,98647,463,99110,1143
2021-01-25,Santa Cruz,87,273765,14072,12973,729,13702,133
2021-01-25,Shasta,89,179085,10228,9991,1092,11083,103
2021-01-25,Sierra,91,2930,46,42,14,56,0
2021-01-25,Siskiyou,93,43540,1287,1205,207,1412,4
2021-01-25,Solano,95,438530,27452,26648,311,26959,109
2021-01-25,Sonoma,97,501317,25673,25160,133,25293,233
2021-01-25,Stanislaus,99,539301,45937,44293,4889,49182,599
2021-01-25,Sutter,101,95872,8166,8023,82,8105,83
2021-01-25,Tehama,103,63373,4204,4082,476,4558,20
2021-01-25,Trinity,105,12862,319,262,35,297,3
2021-01-25,Tulare,107,460477,44383,43124,6836,49960,578
2021-01-25,Tuolumne,109,53932,3498,3422,29,3451,29
2021-01-25,Ventura,111,848112,69127,66910,2541,69451,439
2021-01-25,Yolo,113,214977,11904,11276,161,11437,140
2021-01-25,Yuba,115,75493,5060,4900,71,4971,31
2021-01-24,Alameda,1,1643700,72765,70823,1608,72431,780
2021-01-24,Alpine,3,1148,74,72,0,72,0
2021-01-24,Amador,5,37829,3141,3054,26,3080,30
2021-01-24,Butte,7,227075,10351,9820,1498,11318,133
2021-01-24,Calaveras,9,45235,1707,1704,10,1714,21
2021-01-24,Colusa,11,21464,1725,1689,197,1886,8
2021-01-24,Contra Costa,13,1133247,56838,54694,988,55682,488
2021-01-24,Del Norte,15,27424,858,855,0,855,2
2021-01-24,El Dorado,17,186661,8418,8003,585,8588,66
2021-01-24,Fresno,19,978130,88943,85808,7008,92816,911
2021-01-24,Glenn,21,27897,2073,2026,439,2465,13
2021-01-24,Humboldt,23,135768,2695,2562,17,2579,24
2021-01-24,Imperial,25,180216,26205,25707,2483,28190,488
2021-01-24,Inyo,27,18085,1053,1007,1,1008,27
2021-01-24,Kern,29,883053,85901,83125,8424,91549,785
2021-01-24,Kings,31,150075,20494,19988,905,20893,159
2021-01-24,Lake,33,64148,2807,2724,0,2724,32
2021-01-24,Lassen,35,31185,4882,4828,89,4917,1
2021-01-24,Los Angeles,37,10098052,1092000,1048757,37299,1086056,15119
2021-01-24,Madera,39,155013,14418,14000,715,14715,86
2021-01-24,Marin,41,260295,12136,11872,135,12007,177
2021-01-24,Mariposa,43,17540,346,322,3,325,3
2021-01-24,Mendocino,45,87422,3211,3037,56,3093,33
2021-01-24,Merced,47,269075,25546,25047,704,25751,305
2021-01-24,Modoc,49,8938,304,285,93,378,0
2021-01-24,Mono,51,14174,1111,1113,11,1124,3
2021-01-24,Monterey,53,433212,38476,37527,1341,38868,254
2021-01-24,Napa,55,140530,8267,8005,31,8036,43
2021-01-24,Nevada,57,99092,3552,3349,142,3491,18
2021-01-24,Orange,59,3164182,228856,223853,9546,233399,2632
2021-01-24,Placer,61,380077,18901,17839,970,18809,193
2021-01-24,Plumas,63,18699,609,532,11,543,2
2021-01-24,Riverside,65,2383286,264282,256767,13218,269985,2761
2021-01-24,Sacramento,67,1510023,85742,84110,1058,85168,1112
2021-01-24,San Benito,69,59416,5313,5223,69,5292,43
2021-01-24,San Bernardino,71,2135413,270876,262370,7919,270289,1935
2021-01-24,San Diego,73,3302833,240017,227193,0,227193,2375
2021-01-24,San Francisco,75,870044,31053,30559,852,31411,275
2021-01-24,San Joaquin,77,732212,61083,59021,2531,61552,838
2021-01-24,San Luis Obispo,79,281455,17454,16758,476,17234,179
2021-01-24,San Mateo,81,765935,35949,33956,318,34274,213
2021-01-24,Santa Barbara,83,443738,28454,26735,950,27685,269
2021-01-24,Santa Clara,85,1922200,99905,98103,459,98562,1109
2021-01-24,Santa Cruz,87,273765,13987,12905,720,13625,133
2021-01-24,Shasta,89,179085,10158,9978,1083,11061,103
2021-01-24,Sierra,91,2930,45,42,14,56,0
2021-01-24,Siskiyou,93,43540,1280,1195,207,1402,4
2021-01-24,Solano,95,438530,27264,26515,307,26822,109
2021-01-24,Sonoma,97,501317,25483,25045,132,25177,233
2021-01-24,Stanislaus,99,539301,45627,44031,4830,48861,599
2021-01-24,Sutter,101,95872,8098,7980,81,8061,83
2021-01-24,Tehama,103,63373,4164,4062,468,4530,20
2021-01-24,Trinity,105,12862,319,262,35,297,3
2021-01-24,Tulare,107,460477,44171,43006,6737,49743,577
2021-01-24,Tuolumne,109,53932,3488,3416,29,3445,29
2021-01-24,Ventura,111,848112,68413,66347,2516,68863,439
2021-01-24,Yolo,113,214977,11819,11210,157,11367,140
2021-01-24,Yuba,115,75493,5020,4875,70,4945,31
2021-01-23,Alameda,1,1643700,72523,70080,1599,71679,780
2021-01-23,Alpine,3,1148,74,72,0,72,0
2021-01-23,Amador,5,37829,3138,3049,26,3075,30
2021-01-23,Butte,7,227075,10321,9757,1493,11250,133
2021-01-23,Calaveras,9,45235,1701,1695,10,1705,21
2021-01-23,Colusa,11,21464,1721,1672,196,1868,8
2021-01-23,Contra Costa,13,1133247,56627,54162,980,55142,487
2021-01-23,Del Norte,15,27424,857,855,0,855,2
2021-01-23,El Dorado,17,186661,8402,7984,583,8567,66
2021-01-23,Fresno,19,978130,88760,85274,6977,92251,910
2021-01-23,Glenn,21,27897,2070,2015,435,2450,13
2021-01-23,Humboldt,23,135768,2676,2493,16,2509,23
2021-01-23,Imperial,25,180216,26174,25581,2474,28055,487
2021-01-23,Inyo,27,18085,1044,987,1,988,27
2021-01-23,Kern,29,883053,85660,82602,8348,90950,783
2021-01-23,Kings,31,150075,20450,19904,903,20807,159
2021-01-23,Lake,33,64148,2799,2673,0,2673,32
2021-01-23,Lassen,35,31185,4881,4816,86,4902,1
2021-01-23,Los Angeles,37,10098052,1088806,1040961,37130,1078091,15034
2021-01-23,Madera,39,155013,14382,13858,713,14571,86
2021-01-23,Marin,41,260295,12080,11796,133,11929,177
2021-01-23,Mariposa,43,17540,346,323,3,326,3
2021-01-23,Mendocino,45,87422,3197,2991,56,3047,32
2021-01-23,Merced,47,269075,25454,24787,690,25477,303
2021-01-23,Modoc,49,8938,304,285,93,378,0
2021-01-23,Mono,51,14174,1109,1111,11,1122,3
2021-01-23,Monterey,53,433212,38394,37165,1336,38501,253
2021-01-23,Napa,55,140530,8242,7893,31,7924,43
2021-01-23,Nevada,57,99092,3541,3332,141,3473,18
2021-01-23,Orange,59,3164182,228089,221722,9503,231225,2618
2021-01-23,Placer,61,380077,18852,17617,965,18582,193
2021-01-23,Plumas,63,18699,608,528,11,539,2
2021-01-23,Riverside,65,2383286,263410,253636,13162,266798,2733
2021-01-23,Sacramento,67,1510023,85515,83408,1055,84463,1108
2021-01-23,San Benito,69,59416,5289,5166,68,5234,43
2021-01-23,San Bernardino,71,2135413,270330,260381,7885,268266,1922
2021-01-23,San Diego,73,3302833,238959,225556,0,225556,2344
2021-01-23,San Francisco,75,870044,30948,30308,822,31130,268
2021-01-23,San Joaquin,77,732212,60961,58164,2519,60683,836
2021-01-23,San Luis Obispo,79,281455,17391,16652,473,17125,176
2021-01-23,San Mateo,81,765935,35773,33696,307,34003,213
2021-01-23,Santa Barbara,83,443738,28273,26234,941,27175,264
2021-01-23,Santa Clara,85,1922200,99550,97189,458,97647,1086
2021-01-23,Santa Cruz,87,273765,13929,12771,717,13488,127
2021-01-23,Shasta,89,179085,10128,9951,1082,11033,103
2021-01-23,Sierra,91,2930,45,41,14,55,0
2021-01-23,Siskiyou,93,43540,1270,1190,206,1396,4
2021-01-23,Solano,95,438530,27170,26261,305,26566,107
2021-01-23,Sonoma,97,501317,25407,24790,132,24922,232
2021-01-23,Stanislaus,99,539301,45466,43723,4800,48523,599
2021-01-23,Sutter,101,95872,8080,7943,80,8023,80
2021-01-23,Tehama,103,63373,4145,4006,467,4473,20
2021-01-23,Trinity,105,12862,319,262,35,297,3
2021-01-23,Tulare,107,460477,44024,42661,6671,49332,575
2021-01-23,Tuolumne,109,53932,3481,3407,29,3436,29
2021-01-23,Ventura,111,848112,67967,65581,2491,68072,438
2021-01-23,Yolo,113,214977,11776,11087,153,11240,141
2021-01-23,Yuba,115,75493,5009,4831,68,4899,30
2021-01-22,Alameda,1,1643700,72198,69693,1593,71286,751
2021-01-22,Alpine,3,1148,74,71,0,71,0
2021-01-22,Amador,5,37829,3133,3042,26,3068,30
2021-01-22,Butte,7,227075,10273,9711,1479,11190,133
2021-01-22,Calaveras,9,45235,1692,1672,10,1682,21
2021-01-22,Colusa,11,21464,1719,1668,196,1864,7
2021-01-22,Contra Costa,13,1133247,56387,53887,974,54861,485
2021-01-22,Del Norte,15,27424,856,852,0,852,2
2021-01-22,El Dorado,17,186661,8369,7877,580,8457,64
2021-01-22,Fresno,19,978130,88425,84744,6946,91690,892
2021-01-22,Glenn,21,27897,2066,1985,430,2415,13
2021-01-22,Humboldt,23,135768,2652,2452,16,2468,23
2021-01-22,Imperial,25,180216,26139,25562,2459,28021,474
2021-01-22,Inyo,27,18085,1033,961,1,962,26
2021-01-22,Kern,29,883053,85364,82101,8273,90374,771
2021-01-22,Kings,31,150075,20374,19760,899,20659,159
2021-01-22,Lake,33,64148,2787,2681,0,2681,32
2021-01-22,Lassen,35,31185,4873,4765,85,4850,1
2021-01-22,Los Angeles,37,10098052,1084374,1031177,36929,1068106,14777
2021-01-22,Madera,39,155013,14321,13781,712,14493,86
2021-01-22,Marin,41,260295,12043,11769,131,11900,177
2021-01-22,Mariposa,43,17540,346,323,3,326,3
2021-01-22,Mendocino,45,87422,3172,2994,55,3049,32
2021-01-22,Merced,47,269075,25331,24616,682,25298,290
2021-01-22,Modoc,49,8938,304,285,93,378,0
2021-01-22,Mono,51,14174,1109,1108,11,1119,3
2021-01-22,Monterey,53,433212,38240,36909,1330,38239,253
2021-01-22,Napa,55,140530,8196,7828,31,7859,40
2021-01-22,Nevada,57,99092,3516,3296,140,3436,18
2021-01-22,Orange,59,3164182,227142,220384,9454,229838,2542
2021-01-22,Placer,61,380077,18798,17636,950,18586,193
2021-01-22,Plumas,63,18699,606,522,11,533,2
2021-01-22,Riverside,65,2383286,262287,252440,13093,265533,2710
2021-01-22,Sacramento,67,1510023,85185,82861,1047,83908,1094
2021-01-22,San Benito,69,59416,5264,5143,68,5211,43
2021-01-22,San Bernardino,71,2135413,269506,259121,7850,266971,1849
2021-01-22,San Diego,73,3302833,237720,222576,0,222576,2301
2021-01-22,San Francisco,75,870044,30837,30027,801,30828,266
2021-01-22,San Joaquin,77,732212,60779,58485,2506,60991,812
2021-01-22,San Luis Obispo,79,281455,17302,16336,470,16806,172
2021-01-22,San Mateo,81,765935,35550,33401,304,33705,211
2021-01-22,Santa Barbara,83,443738,28073,25989,930,26919,256
2021-01-22,Santa Clara,85,1922200,99109,96435,455,96890,1062
2021-01-22,Santa Cruz,87,273765,13872,12687,712,13399,123
2021-01-22,Shasta,89,179085,10109,9866,1080,10946,103
2021-01-22,Sierra,91,2930,45,40,14,54,0
2021-01-22,Siskiyou,93,43540,1266,1182,204,1386,4
2021-01-22,Solano,95,438530,27081,26048,303,26351,107
2021-01-22,Sonoma,97,501317,25328,24659,132,24791,232
2021-01-22,Stanislaus,99,539301,45312,43489,4762,48251,599
2021-01-22,Sutter,101,95872,8054,7878,80,7958,80
2021-01-22,Tehama,103,63373,4126,3993,466,4459,19
2021-01-22,Trinity,105,12862,318,263,35,298,3
2021-01-22,Tulare,107,460477,43847,42307,6598,48905,573
2021-01-22,Tuolumne,109,53932,3452,3379,29,3408,29
2021-01-22,Ventura,111,848112,67460,64404,2474,66878,426
2021-01-22,Yolo,113,214977,11743,11014,145,11159,141
2021-01-22,Yuba,115,75493,4985,4789,66,4855,29
2021-01-21,Alameda,1,1643700,71755,69314,1576,70890,739
2021-01-21,Alpine,3,1148,74,71,0,71,0
2021-01-21,Amador,5,37829,3111,3038,26,3064,29
2021-01-21,Butte,7,227075,10202,9643,1472,11115,130
2021-01-21,Calaveras,9,45235,1685,1647,10,1657,21
2021-01-21,Colusa,11,21464,1712,1662,193,1855,7
2021-01-21,Contra Costa,13,1133247,55972,53595,960,54555,478
2021-01-21,Del Norte,15,27424,854,850,0,850,2
2021-01-21,El Dorado,17,186661,8320,7823,577,8400,58
2021-01-21,Fresno,19,978130,88022,84137,6905,91042,889
2021-01-21,Glenn,21,27897,2057,1964,426,2390,13
2021-01-21,Humboldt,23,135768,2629,2423,16,2439,23
2021-01-21,Imperial,25,180216,26048,25509,2441,27950,463
2021-01-21,Inyo,27,18085,1024,946,1,947,26
2021-01-21,Kern,29,883053,84954,81328,8152,89480,769
2021-01-21,Kings,31,150075,20304,19633,880,20513,158
2021-01-21,Lake,33,64148,2771,2669,0,2669,32
2021-01-21,Lassen,35,31185,4867,4763,85,4848,1
2021-01-21,Los Angeles,37,10098052,1077743,1023055,36590,1059645,14537
2021-01-21,Madera,39,155013,14254,13664,704,14368,86
2021-01-21,Marin,41,260295,11986,11732,129,11861,173
2021-01-21,Mariposa,43,17540,342,322,3,325,3
2021-01-21,Mendocino,45,87422,3149,2967,53,3020,32
2021-01-21,Merced,47,269075,25177,24426,676,25102,245
2021-01-21,Modoc,49,8938,301,284,92,376,0
2021-01-21,Mono,51,14174,1104,1104,11,1115,3
2021-01-21,Monterey,53,433212,37960,36149,1319,37468,253
2021-01-21,Napa,55,140530,8132,7774,31,7805,40
2021-01-21,Nevada,57,99092,3487,3274,139,3413,18
2021-01-21,Orange,59,3164182,225766,218867,9396,228263,2540
2021-01-21,Placer,61,380077,18714,17553,946,18499,190
2021-01-21,Plumas,63,18699,602,518,11,529,2
2021-01-21,Riverside,65,2383286,260574,251007,13010,264017,2676
2021-01-21,Sacramento,67,1510023,84706,82303,1027,83330,1084
2021-01-21,San Benito,69,59416,5231,5100,62,5162,43
2021-01-21,San Bernardino,71,2135413,268160,257754,7782,265536,1832
2021-01-21,San Diego,73,3302833,235947,219729,0,219729,2222
2021-01-21,San Francisco,75,870044,30660,29801,767,30568,266
2021-01-21,San Joaquin,77,732212,60471,58270,2485,60755,806
2021-01-21,San Luis Obispo,79,281455,17216,16153,462,16615,169
2021-01-21,San Mateo,81,765935,35306,33156,290,33446,210
2021-01-21,Santa Barbara,83,443738,27790,25654,916,26570,253
2021-01-21,Santa Clara,85,1922200,98488,96028,447,96475,1062
2021-01-21,Santa Cruz,87,273765,13788,12548,702,13250,119
2021-01-21,Shasta,89,179085,10067,9795,1062,10857,98
2021-01-21,Sierra,91,2930,45,40,14,54,0
2021-01-21,Siskiyou,93,43540,1263,1178,200,1378,4
2021-01-21,Solano,95,438530,26900,25885,299,26184,106
2021-01-21,Sonoma,97,501317,25186,24440,130,24570,230
2021-01-21,Stanislaus,99,539301,45010,43223,4716,47939,599
2021-01-21,Sutter,101,95872,8020,7822,80,7902,80
2021-01-21,Tehama,103,63373,4090,3938,466,4404,19
2021-01-21,Trinity,105,12862,318,261,35,296,3
2021-01-21,Tulare,107,460477,43642,42082,6516,48598,569
2021-01-21,Tuolumne,109,53932,3442,3365,29,3394,29
2021-01-21,Ventura,111,848112,66770,63995,2452,66447,420
2021-01-21,Yolo,113,214977,11651,10940,137,11077,141
2021-01-21,Yuba,115,75493,4953,4757,65,4822,29
2021-01-20,Alameda,1,1643700,71237,68785,1561,70346,702
2021-01-20,Alpine,3,1148,74,71,0,71,0
2021-01-20,Amador,5,37829,3080,3036,26,3062,29
2021-01-20,Butte,7,227075,10145,9582,1461,11043,130
2021-01-20,Calaveras,9,45235,1663,1637,9,1646,21
2021-01-20,Colusa,11,21464,1696,1630,188,1818,7
2021-01-20,Contra Costa,13,1133247,55518,53108,954,54062,461
2021-01-20,Del Norte,15,27424,853,848,0,848,2
2021-01-20,El Dorado,17,186661,8274,7785,573,8358,53
2021-01-20,Fresno,19,978130,87601,83591,6852,90443,872
2021-01-20,Glenn,21,27897,2039,1955,423,2378,13
2021-01-20,Humboldt,23,135768,2587,2390,16,2406,22
2021-01-20,Imperial,25,180216,25980,25380,2403,27783,461
2021-01-20,Inyo,27,18085,1014,901,1,902,26
2021-01-20,Kern,29,883053,84504,80701,8045,88746,754
2021-01-20,Kings,31,150075,20215,19522,871,20393,146
2021-01-20,Lake,33,64148,2748,2646,0,2646,31
2021-01-20,Lassen,35,31185,4859,4758,83,4841,1
2021-01-20,Los Angeles,37,10098052,1070274,1015608,36295,1051903,14299
2021-01-20,Madera,39,155013,14189,13585,699,14284,86
2021-01-20,Marin,41,260295,11933,11684,127,11811,171
2021-01-20,Mariposa,43,17540,340,322,3,325,3
2021-01-20,Mendocino,45,87422,3134,2957,53,3010,32
2021-01-20,Merced,47,269075,25003,24220,655,24875,243
2021-01-20,Modoc,49,8938,300,282,92,374,0
2021-01-20,Mono,51,14174,1097,1105,10,1115,3
2021-01-20,Monterey,53,433212,37644,35960,1296,37256,249
2021-01-20,Napa,55,140530,8063,7731,30,7761,40
2021-01-20,Nevada,57,99092,3455,3238,139,3377,18
2021-01-20,Orange,59,3164182,224227,216893,9330,226223,2500
2021-01-20,Placer,61,380077,18611,17455,927,18382,186
2021-01-20,Plumas,63,18699,600,512,11,523,2
2021-01-20,Riverside,65,2383286,258567,248686,12922,261608,2615
2021-01-20,Sacramento,67,1510023,84141,81687,1016,82703,1072
2021-01-20,San Benito,69,59416,5201,5036,61,5097,35
2021-01-20,San Bernardino,71,2135413,266800,255921,7729,263650,1801
2021-01-20,San Diego,73,3302833,234094,218553,0,218553,2174
2021-01-20,San Francisco,75,870044,30464,29665,746,30411,262
2021-01-20,San Joaquin,77,732212,60068,58025,2476,60501,783
2021-01-20,San Luis Obispo,79,281455,17034,15936,453,16389,164
2021-01-20,San Mateo,81,765935,35082,32929,289,33218,210
2021-01-20,Santa Barbara,83,443738,27477,25312,903,26215,248
2021-01-20,Santa Clara,85,1922200,97808,94995,446,95441,1040
2021-01-20,Santa Cruz,87,273765,13682,12460,688,13148,107
2021-01-20,Shasta,89,179085,10015,9697,1051,10748,98
2021-01-20,Sierra,91,2930,45,40,14,54,0
2021-01-20,Siskiyou,93,43540,1257,1163,199,1362,4
2021-01-20,Solano,95,438530,26706,25659,295,25954,106
2021-01-20,Sonoma,97,501317,25039,24262,128,24390,223
2021-01-20,Stanislaus,99,539301,44720,42955,4669,47624,585
2021-01-20,Sutter,101,95872,7969,7772,78,7850,80
2021-01-20,Tehama,103,63373,4065,3892,465,4357,19
2021-01-20,Trinity,105,12862,318,260,35,295,3
2021-01-20,Tulare,107,460477,43392,41799,6416,48215,559
2021-01-20,Tuolumne,109,53932,3428,3355,28,3383,29
2021-01-20,Ventura,111,848112,65815,63413,2423,65836,395
2021-01-20,Yolo,113,214977,11579,10852,134,10986,141
2021-01-20,Yuba,115,75493,4926,4729,65,4794,29
2021-01-19,Alameda,1,1643700,70570,68434,1551,69985,680
2021-01-19,Alpine,3,1148,74,71,0,71,0
2021-01-19,Amador,5,37829,3071,3024,26,3050,28
2021-01-19,Butte,7,227075,10080,9528,1447,10975,129
2021-01-19,Calaveras,9,45235,1648,1621,8,1629,21
2021-01-19,Colusa,11,21464,1674,1617,180,1797,7
2021-01-19,Contra Costa,13,1133247,55021,52730,941,53671,448
2021-01-19,Del Norte,15,27424,852,843,0,843,2
2021-01-19,El Dorado,17,186661,8213,7743,565,8308,47
2021-01-19,Fresno,19,978130,87086,83200,6800,90000,857
2021-01-19,Glenn,21,27897,2028,1948,417,2365,13
2021-01-19,Humboldt,23,135768,2563,2359,13,2372,22
2021-01-19,Imperial,25,180216,25901,25333,2385,27718,452
2021-01-19,Inyo,27,18085,1007,891,1,892,26
2021-01-19,Kern,29,883053,83918,80272,7938,88210,742
2021-01-19,Kings,31,150075,20076,19375,859,20234,143
2021-01-19,Lake,33,64148,2734,2625,0,2625,31
2021-01-19,Lassen,35,31185,4852,4753,83,4836,1
2021-01-19,Los Angeles,37,10098052,1061631,1010375,36008,1046383,14014
2021-01-19,Madera,39,155013,14072,13528,692,14220,86
2021-01-19,Marin,41,260295,11875,11654,123,11777,169
2021-01-19,Mariposa,43,17540,340,322,3,325,3
2021-01-19,Mendocino,45,87422,3117,2930,53,2983,32
2021-01-19,Merced,47,269075,24789,24108,649,24757,242
2021-01-19,Modoc,49,8938,299,281,92,373,0
2021-01-19,Mono,51,14174,1096,1106,10,1116,3
2021-01-19,Monterey,53,433212,37318,35840,1272,37112,248
2021-01-19,Napa,55,140530,8004,7672,30,7702,38
2021-01-19,Nevada,57,99092,3437,3216,137,3353,18
2021-01-19,Orange,59,3164182,222476,215244,9262,224506,2468
2021-01-19,Placer,61,380077,18511,17348,917,18265,182
2021-01-19,Plumas,63,18699,593,509,11,520,2
2021-01-19,Riverside,65,2383286,256509,246248,12843,259091,2585
2021-01-19,Sacramento,67,1510023,83609,81183,995,82178,1053
2021-01-19,San Benito,69,59416,5155,4988,60,5048,35
2021-01-19,San Bernardino,71,2135413,265037,253651,7669,261320,1777
2021-01-19,San Diego,73,3302833,231675,216833,0,216833,2109
2021-01-19,San Francisco,75,870044,30248,29502,713,30215,261
2021-01-19,San Joaquin,77,732212,59686,57655,2461,60116,782
2021-01-19,San Luis Obispo,79,281455,16771,15855,450,16305,161
2021-01-19,San Mateo,81,765935,34797,32730,277,33007,208
2021-01-19,Santa Barbara,83,443738,27097,24991,884,25875,236
2021-01-19,Santa Clara,85,1922200,97023,94483,444,94927,1010
2021-01-19,Santa Cruz,87,273765,13567,12410,678,13088,106
2021-01-19,Shasta,89,179085,9979,9614,1041,10655,93
2021-01-19,Sierra,91,2930,45,40,12,52,0
2021-01-19,Siskiyou,93,43540,1249,1149,198,1347,4
2021-01-19,Solano,95,438530,26459,25520,295,25815,106
2021-01-19,Sonoma,97,501317,24861,24133,126,24259,223
2021-01-19,Stanislaus,99,539301,44370,42723,4611,47334,561
2021-01-19,Sutter,101,95872,7918,7709,72,7781,80
2021-01-19,Tehama,103,63373,4031,3876,463,4339,19
2021-01-19,Trinity,105,12862,317,260,35,295,3
2021-01-19,Tulare,107,460477,43120,41559,6313,47872,549
2021-01-19,Tuolumne,109,53932,3401,3328,28,3356,29
2021-01-19,Ventura,111,848112,65137,62656,2396,65052,383
2021-01-19,Yolo,113,214977,11499,10789,134,10923,134
2021-01-19,Yuba,115,75493,4892,4695,64,4759,29
2021-01-18,Alameda,1,1643700,69889,67938,1533,69471,680
2021-01-18,Alpine,3,1148,74,71,0,71,0
2021-01-18,Amador,5,37829,3057,3016,26,3042,28
2021-01-18,Butte,7,227075,9993,9474,1434,10908,129
2021-01-18,Calaveras,9,45235,1630,1617,7,1624,21
2021-01-18,Colusa,11,21464,1657,1608,175,1783,7
2021-01-18,Contra Costa,13,1133247,54501,52323,933,53256,448
2021-01-18,Del Norte,15,27424,851,840,0,840,2
2021-01-18,El Dorado,17,186661,8144,7707,563,8270,47
2021-01-18,Fresno,19,978130,86477,82485,6730,89215,857
2021-01-18,Glenn,21,27897,2011,1935,413,2348,13
2021-01-18,Humboldt,23,135768,2525,2343,13,2356,22
2021-01-18,Imperial,25,180216,25834,25317,2357,27674,452
2021-01-18,Inyo,27,18085,995,872,1,873,26
2021-01-18,Kern,29,883053,83280,79930,7845,87775,740
2021-01-18,Kings,31,150075,19908,19267,846,20113,141
2021-01-18,Lake,33,64148,2717,2591,0,2591,30
2021-01-18,Lassen,35,31185,4816,4749,82,4831,1
2021-01-18,Los Angeles,37,10098052,1052152,1002614,35707,1038321,13828
2021-01-18,Madera,39,155013,13958,13443,684,14127,85
2021-01-18,Marin,41,260295,11825,11607,121,11728,165
2021-01-18,Mariposa,43,17540,337,320,2,322,3
2021-01-18,Mendocino,45,87422,3094,2919,53,2972,31
2021-01-18,Merced,47,269075,24544,23927,632,24559,242
2021-01-18,Modoc,49,8938,296,281,89,370,0
2021-01-18,Mono,51,14174,1093,1101,10,1111,3
2021-01-18,Monterey,53,433212,36845,35549,1254,36803,247
2021-01-18,Napa,55,140530,7930,7601,30,7631,38
2021-01-18,Nevada,57,99092,3399,3199,136,3335,17
2021-01-18,Orange,59,3164182,220549,213866,9201,223067,2405
2021-01-18,Placer,61,380077,18394,17263,907,18170,182
2021-01-18,Plumas,63,18699,589,506,11,517,2
2021-01-18,Riverside,65,2383286,254233,244151,12751,256902,2568
2021-01-18,Sacramento,67,1510023,82932,80546,979,81525,1046
2021-01-18,San Benito,69,59416,5104,4963,58,5021,35
2021-01-18,San Bernardino,71,2135413,263245,252808,7611,260419,1775
2021-01-18,San Diego,73,3302833,229033,214335,0,214335,2103
2021-01-18,San Francisco,75,870044,30041,29321,689,30010,259
2021-01-18,San Joaquin,77,732212,59163,57405,2438,59843,782
2021-01-18,San Luis Obispo,79,281455,16584,15742,440,16182,158
2021-01-18,San Mateo,81,765935,34487,32515,258,32773,208
2021-01-18,Santa Barbara,83,443738,26724,24638,870,25508,235
2021-01-18,Santa Clara,85,1922200,96123,93688,440,94128,992
2021-01-18,Santa Cruz,87,273765,13435,12298,665,12963,106
2021-01-18,Shasta,89,179085,9941,9600,1029,10629,92
2021-01-18,Sierra,91,2930,44,40,12,52,0
2021-01-18,Siskiyou,93,43540,1237,1144,196,1340,4
2021-01-18,Solano,95,438530,26174,25344,290,25634,105
2021-01-18,Sonoma,97,501317,24586,24068,125,24193,223
2021-01-18,Stanislaus,99,539301,44013,42413,4561,46974,562
2021-01-18,Sutter,101,95872,7861,7680,69,7749,78
2021-01-18,Tehama,103,63373,3984,3854,456,4310,19
2021-01-18,Trinity,105,12862,317,260,35,295,3
2021-01-18,Tulare,107,460477,42835,41196,6194,47390,549
2021-01-18,Tuolumne,109,53932,3378,3318,27,3345,28
2021-01-18,Ventura,111,848112,64709,61859,2373,64232,379
2021-01-18,Yolo,113,214977,11366,10620,131,10751,134
2021-01-18,Yuba,115,75493,4864,4671,62,4733,29
2021-01-17,Alameda,1,1643700,69314,67375,1513,68888,676
2021-01-17,Alpine,3,1148,74,71,0,71,0
2021-01-17,Amador,5,37829,3050,3001,26,3027,28
2021-01-17,Butte,7,227075,9921,9411,1412,10823,129
2021-01-17,Calaveras,9,45235,1618,1608,7,1615,21
2021-01-17,Colusa,11,21464,1644,1588,169,1757,7
2021-01-17,Contra Costa,13,1133247,54008,51932,926,52858,447
2021-01-17,Del Norte,15,27424,851,838,0,838,2
2021-01-17,El Dorado,17,186661,8088,7659,550,8209,47
2021-01-17,Fresno,19,978130,85922,82039,6653,88692,857
2021-01-17,Glenn,21,27897,1999,1924,408,2332,9
2021-01-17,Humboldt,23,135768,2487,2322,11,2333,22
2021-01-17,Imperial,25,180216,25763,25253,2312,27565,451
2021-01-17,Inyo,27,18085,989,864,1,865,26
2021-01-17,Kern,29,883053,82732,79489,7759,87248,738
2021-01-17,Kings,31,150075,19772,19201,832,20033,131
2021-01-17,Lake,33,64148,2699,2572,0,2572,30
2021-01-17,Lassen,35,31185,4808,4740,81,4821,1
2021-01-17,Los Angeles,37,10098052,1045552,993028,35278,1028306,13741
2021-01-17,Madera,39,155013,13866,13328,678,14006,85
2021-01-17,Marin,41,260295,11773,11552,119,11671,164
2021-01-17,Mariposa,43,17540,337,319,2,321,3
2021-01-17,Mendocino,45,87422,3066,2912,52,2964,31
2021-01-17,Merced,47,269075,24329,23800,618,24418,242
2021-01-17,Modoc,49,8938,295,279,89,368,0
2021-01-17,Mono,51,14174,1087,1091,9,1100,3
2021-01-17,Monterey,53,433212,36613,35340,1229,36569,244
2021-01-17,Napa,55,140530,7874,7521,30,7551,38
2021-01-17,Nevada,57,99092,3374,3176,134,3310,17
2021-01-17,Orange,59,3164182,218534,212389,9121,221510,2359
2021-01-17,Placer,61,380077,18274,17194,891,18085,181
2021-01-17,Plumas,63,18699,588,505,10,515,2
2021-01-17,Riverside,65,2383286,252146,242206,12626,254832,2534
2021-01-17,Sacramento,67,1510023,82338,80154,965,81119,1045
2021-01-17,San Benito,69,59416,5066,4941,58,4999,35
2021-01-17,San Bernardino,71,2135413,261114,251487,7521,259008,1775
2021-01-17,San Diego,73,3302833,226840,211785,0,211785,2103
2021-01-17,San Francisco,75,870044,29852,29139,649,29788,255
2021-01-17,San Joaquin,77,732212,58797,57094,2422,59516,780
2021-01-17,San Luis Obispo,79,281455,16462,15658,431,16089,157
2021-01-17,San Mateo,81,765935,34235,32186,233,32419,208
2021-01-17,Santa Barbara,83,443738,26277,24401,854,25255,235
2021-01-17,Santa Clara,85,1922200,95364,92752,438,93190,976
2021-01-17,Santa Cruz,87,273765,13323,12196,662,12858,106
2021-01-17,Shasta,89,179085,9883,9588,1021,10609,92
2021-01-17,Sierra,91,2930,44,38,11,49,0
2021-01-17,Siskiyou,93,43540,1230,1136,193,1329,4
2021-01-17,Solano,95,438530,25943,25216,288,25504,105
2021-01-17,Sonoma,97,501317,24412,23871,125,23996,223
2021-01-17,Stanislaus,99,539301,43696,42221,4509,46730,562
2021-01-17,Sutter,101,95872,7798,7604,67,7671,77
2021-01-17,Tehama,103,63373,3955,3837,451,4288,18
2021-01-17,Trinity,105,12862,317,261,35,296,3
2021-01-17,Tulare,107,460477,42550,41016,6065,47081,549
2021-01-17,Tuolumne,109,53932,3361,3287,27,3314,27
2021-01-17,Ventura,111,848112,63867,61257,2325,63582,376
2021-01-17,Yolo,113,214977,11264,10519,130,10649,134
2021-01-17,Yuba,115,75493,4813,4640,60,4700,28
2021-01-16,Alameda,1,1643700,69007,66583,1499,68082,673
2021-01-16,Alpine,3,1148,74,71,0,71,0
2021-01-16,Amador,5,37829,3047,2986,26,3012,28
2021-01-16,Butte,7,227075,9891,9359,1392,10751,129
2021-01-16,Calaveras,9,45235,1607,1596,7,1603,21
2021-01-16,Colusa,11,21464,1632,1578,169,1747,7
2021-01-16,Contra Costa,13,1133247,53751,51363,917,52280,443
2021-01-16,Del Norte,15,27424,847,833,0,833,2
2021-01-16,El Dorado,17,186661,8066,7575,549,8124,47
2021-01-16,Fresno,19,978130,85651,81294,6599,87893,846
2021-01-16,Glenn,21,27897,1995,1894,404,2298,9
2021-01-16,Humboldt,23,135768,2466,2294,9,2303,22
2021-01-16,Imperial,25,180216,25730,25140,2304,27444,451
2021-01-16,Inyo,27,18085,985,845,1,846,25
2021-01-16,Kern,29,883053,82369,78865,7703,86568,733
2021-01-16,Kings,31,150075,19716,19072,829,19901,131
2021-01-16,Lake,33,64148,2690,2504,0,2504,30
2021-01-16,Lassen,35,31185,4798,4719,81,4800,1
2021-01-16,Los Angeles,37,10098052,1041487,982684,35028,1017712,13654
2021-01-16,Madera,39,155013,13802,13193,674,13867,85
2021-01-16,Marin,41,260295,11729,11482,119,11601,164
2021-01-16,Mariposa,43,17540,336,317,2,319,3
2021-01-16,Mendocino,45,87422,3052,2890,50,2940,31
2021-01-16,Merced,47,269075,24240,23478,606,24084,242
2021-01-16,Modoc,49,8938,295,278,89,367,0
2021-01-16,Mono,51,14174,1086,1079,9,1088,3
2021-01-16,Monterey,53,433212,36516,34972,1211,36183,243
2021-01-16,Napa,55,140530,7835,7356,30,7386,39
2021-01-16,Nevada,57,99092,3341,3144,134,3278,17
2021-01-16,Orange,59,3164182,217500,210111,9062,219173,2312
2021-01-16,Placer,61,380077,18215,16995,889,17884,177
2021-01-16,Plumas,63,18699,586,502,10,512,2
2021-01-16,Riverside,65,2383286,250796,239412,12504,251916,2506
2021-01-16,Sacramento,67,1510023,81966,79122,947,80069,1033
2021-01-16,San Benito,69,59416,5030,4875,58,4933,35
2021-01-16,San Bernardino,71,2135413,260351,249401,7455,256856,1755
2021-01-16,San Diego,73,3302833,225544,209895,0,209895,2065
2021-01-16,San Francisco,75,870044,29725,28853,617,29470,244
2021-01-16,San Joaquin,77,732212,58556,56642,2389,59031,776
2021-01-16,San Luis Obispo,79,281455,16362,15466,429,15895,152
2021-01-16,San Mateo,81,765935,34067,31805,227,32032,208
2021-01-16,Santa Barbara,83,443738,26083,24088,846,24934,229
2021-01-16,Santa Clara,85,1922200,94903,91584,431,92015,954
2021-01-16,Santa Cruz,87,273765,13264,12026,660,12686,106
2021-01-16,Shasta,89,179085,9850,9547,1017,10564,92
2021-01-16,Sierra,91,2930,43,38,11,49,0
2021-01-16,Siskiyou,93,43540,1226,1124,193,1317,4
2021-01-16,Solano,95,438530,25838,24732,281,25013,103
2021-01-16,Sonoma,97,501317,24328,23607,124,23731,223
2021-01-16,Stanislaus,99,539301,43507,41809,4459,46268,562
2021-01-16,Sutter,101,95872,7766,7560,67,7627,76
2021-01-16,Tehama,103,63373,3942,3783,451,4234,18
2021-01-16,Trinity,105,12862,317,261,35,296,3
2021-01-16,Tulare,107,460477,42364,40655,5989,46644,542
2021-01-16,Tuolumne,109,53932,3354,3269,27,3296,27
2021-01-16,Ventura,111,848112,63314,60368,2295,62663,369
2021-01-16,Yolo,113,214977,11214,10406,129,10535,134
2021-01-16,Yuba,115,75493,4782,4602,60,4662,27
2021-01-15,Alameda,1,1643700,68584,65416,1488,66904,672
2021-01-15,Alpine,3,1148,74,71,0,71,0
2021-01-15,Amador,5,37829,3040,2953,26,2979,28
2021-01-15,Butte,7,227075,9853,9233,1374,10607,129
2021-01-15,Calaveras,9,45235,1600,1538,7,1545,21
2021-01-15,Colusa,11,21464,1621,1541,165,1706,7
2021-01-15,Contra Costa,13,1133247,53426,50408,910,51318,428
2021-01-15,Del Norte,15,27424,843,828,0,828,2
2021-01-15,El Dorado,17,186661,8018,7439,540,7979,47
2021-01-15,Fresno,19,978130,85113,79950,6565,86515,832
2021-01-15,Glenn,21,27897,1990,1824,402,2226,9
2021-01-15,Humboldt,23,135768,2439,2218,8,2226,22
2021-01-15,Imperial,25,180216,25696,24944,2298,27242,446
2021-01-15,Inyo,27,18085,967,814,1,815,25
2021-01-15,Kern,29,883053,81960,77873,7638,85511,719
2021-01-15,Kings,31,150075,19609,18661,821,19482,131
2021-01-15,Lake,33,64148,2662,2434,0,2434,28
2021-01-15,Lassen,35,31185,4787,4693,79,4772,1
2021-01-15,Los Angeles,37,10098052,1034468,968979,34725,1003704,13404
2021-01-15,Madera,39,155013,13713,12883,671,13554,85
2021-01-15,Marin,41,260295,11679,11310,119,11429,160
2021-01-15,Mariposa,43,17540,334,307,2,309,3
2021-01-15,Mendocino,45,87422,3041,2835,50,2885,31
2021-01-15,Merced,47,269075,24127,23060,602,23662,239
2021-01-15,Modoc,49,8938,295,278,87,365,0
2021-01-15,Mono,51,14174,1083,1057,9,1066,3
2021-01-15,Monterey,53,433212,36307,34460,1151,35611,243
2021-01-15,Napa,55,140530,7773,7231,30,7261,38
2021-01-15,Nevada,57,99092,3328,3099,130,3229,17
2021-01-15,Orange,59,3164182,216138,207129,9010,216139,2254
2021-01-15,Placer,61,380077,18114,16712,879,17591,173
2021-01-15,Plumas,63,18699,583,499,10,509,2
2021-01-15,Riverside,65,2383286,248965,235235,12425,247660,2458
2021-01-15,Sacramento,67,1510023,81548,80279,939,81218,1023
2021-01-15,San Benito,69,59416,4986,4766,56,4822,35
2021-01-15,San Bernardino,71,2135413,259202,246182,7397,253579,1726
2021-01-15,San Diego,73,3302833,223796,206868,0,206868,2037
2021-01-15,San Francisco,75,870044,29555,28574,595,29169,242
2021-01-15,San Joaquin,77,732212,58326,55885,2374,58259,748
2021-01-15,San Luis Obispo,79,281455,16229,15129,423,15552,148
2021-01-15,San Mateo,81,765935,33823,31291,223,31514,208
2021-01-15,Santa Barbara,83,443738,25808,23487,834,24321,226
2021-01-15,Santa Clara,85,1922200,94254,90103,426,90529,942
2021-01-15,Santa Cruz,87,273765,13155,11776,645,12421,105
2021-01-15,Shasta,89,179085,9811,9459,1009,10468,91
2021-01-15,Sierra,91,2930,42,36,10,46,0
2021-01-15,Siskiyou,93,43540,1222,1119,192,1311,4
2021-01-15,Solano,95,438530,25689,24222,278,24500,103
2021-01-15,Sonoma,97,501317,24198,23204,123,23327,222
2021-01-15,Stanislaus,99,539301,43264,41178,4421,45599,562
2021-01-15,Sutter,101,95872,7719,7484,66,7550,75
2021-01-15,Tehama,103,63373,3921,3714,450,4164,17
2021-01-15,Trinity,105,12862,317,262,35,297,3
2021-01-15,Tulare,107,460477,42114,39951,5905,45856,535
2021-01-15,Tuolumne,109,53932,3338,3231,27,3258,27
2021-01-15,Ventura,111,848112,62570,59061,2261,61322,353
2021-01-15,Yolo,113,214977,11156,10240,128,10368,134
2021-01-15,Yuba,115,75493,4761,4549,60,4609,27
2021-01-14,Alameda,1,1643700,67945,64364,1473,65837,686
2021-01-14,Alpine,3,1148,74,71,0,71,0
2021-01-14,Amador,5,37829,3034,2940,26,2966,28
2021-01-14,Butte,7,227075,9769,9127,1352,10479,129
2021-01-14,Calaveras,9,45235,1583,1513,7,1520,21
2021-01-14,Colusa,11,21464,1606,1535,162,1697,7
2021-01-14,Contra Costa,13,1133247,52872,49545,893,50438,415
2021-01-14,Del Norte,15,27424,837,821,0,821,2
2021-01-14,El Dorado,17,186661,7945,7321,531,7852,45
2021-01-14,Fresno,19,978130,84481,79033,6491,85524,814
2021-01-14,Glenn,21,27897,1977,1798,397,2195,9
2021-01-14,Humboldt,23,135768,2396,2169,8,2177,22
2021-01-14,Imperial,25,180216,25589,24882,2259,27141,447
2021-01-14,Inyo,27,18085,960,790,1,791,25
2021-01-14,Kern,29,883053,81297,77070,7534,84604,705
2021-01-14,Kings,31,150075,19480,18405,815,19220,108
2021-01-14,Lake,33,64148,2619,2378,0,2378,27
2021-01-14,Lassen,35,31185,4777,4673,77,4750,1
2021-01-14,Los Angeles,37,10098052,1024439,954652,34325,988977,13147
2021-01-14,Madera,39,155013,13597,12742,659,13401,85
2021-01-14,Marin,41,260295,11604,11155,118,11273,159
2021-01-14,Mariposa,43,17540,331,302,2,304,3
2021-01-14,Mendocino,45,87422,3027,2801,48,2849,31
2021-01-14,Merced,47,269075,23899,22780,592,23372,239
2021-01-14,Modoc,49,8938,295,273,87,360,0
2021-01-14,Mono,51,14174,1075,1020,9,1029,3
2021-01-14,Monterey,53,433212,35900,34105,1133,35238,242
2021-01-14,Napa,55,140530,7688,7117,30,7147,38
2021-01-14,Nevada,57,99092,3301,3075,128,3203,17
2021-01-14,Orange,59,3164182,214213,204442,8917,213359,2162
2021-01-14,Placer,61,380077,17953,16488,871,17359,169
2021-01-14,Plumas,63,18699,575,496,10,506,2
2021-01-14,Riverside,65,2383286,246348,231684,12321,244005,2357
2021-01-14,Sacramento,67,1510023,80911,79137,914,80051,1007
2021-01-14,San Benito,69,59416,4948,4678,55,4733,35
2021-01-14,San Bernardino,71,2135413,257246,243379,7321,250700,1750
2021-01-14,San Diego,73,3302833,221406,204173,0,204173,2005
2021-01-14,San Francisco,75,870044,29312,28200,542,28742,238
2021-01-14,San Joaquin,77,732212,57814,55058,2359,57417,739
2021-01-14,San Luis Obispo,79,281455,16070,14851,413,15264,146
2021-01-14,San Mateo,81,765935,33458,30694,214,30908,208
2021-01-14,Santa Barbara,83,443738,25400,23126,807,23933,219
2021-01-14,Santa Clara,85,1922200,93362,88505,419,88924,910
2021-01-14,Santa Cruz,87,273765,13008,11583,629,12212,109
2021-01-14,Shasta,89,179085,9763,9334,992,10326,90
2021-01-14,Sierra,91,2930,42,35,9,44,0
2021-01-14,Siskiyou,93,43540,1211,1108,188,1296,3
2021-01-14,Solano,95,438530,25428,23782,274,24056,103
2021-01-14,Sonoma,97,501317,23946,22910,123,23033,202
2021-01-14,Stanislaus,99,539301,42945,40597,4379,44976,574
2021-01-14,Sutter,101,95872,7660,7416,63,7479,74
2021-01-14,Tehama,103,63373,3891,3664,446,4110,17
2021-01-14,Trinity,105,12862,317,261,34,295,3
2021-01-14,Tulare,107,460477,41734,39565,5792,45357,533
2021-01-14,Tuolumne,109,53932,3317,3215,27,3242,28
2021-01-14,Ventura,111,848112,61699,57941,2223,60164,347
2021-01-14,Yolo,113,214977,11045,10097,122,10219,135
2021-01-14,Yuba,115,75493,4729,4496,60,4556,27
2021-01-13,Alameda,1,1643700,67197,63568,1454,65022,690
2021-01-13,Alpine,3,1148,74,71,0,71,0
2021-01-13,Amador,5,37829,3020,2914,26,2940,26
2021-01-13,Butte,7,227075,9690,9013,1337,10350,126
2021-01-13,Calaveras,9,45235,1562,1493,7,1500,21
2021-01-13,Colusa,11,21464,1594,1524,157,1681,7
2021-01-13,Contra Costa,13,1133247,52297,48877,880,49757,403
2021-01-13,Del Norte,15,27424,833,820,0,820,2
2021-01-13,El Dorado,17,186661,7852,7247,523,7770,43
2021-01-13,Fresno,19,978130,83774,78278,6438,84716,804
2021-01-13,Glenn,21,27897,1963,1792,389,2181,9
2021-01-13,Humboldt,23,135768,2364,2114,8,2122,22
2021-01-13,Imperial,25,180216,25461,24717,2226,26943,463
2021-01-13,Inyo,27,18085,948,785,1,786,25
2021-01-13,Kern,29,883053,80633,76049,7443,83492,704
2021-01-13,Kings,31,150075,19315,18121,789,18910,108
2021-01-13,Lake,33,64148,2575,2305,0,2305,27
2021-01-13,Lassen,35,31185,4770,4663,76,4739,1
2021-01-13,Los Angeles,37,10098052,1013803,937985,33893,971878,12873
2021-01-13,Madera,39,155013,13473,12570,653,13223,85
2021-01-13,Marin,41,260295,11547,11039,118,11157,161
2021-01-13,Mariposa,43,17540,329,304,2,306,3
2021-01-13,Mendocino,45,87422,3007,2790,48,2838,31
2021-01-13,Merced,47,269075,23660,22497,580,23077,241
2021-01-13,Modoc,49,8938,294,274,84,358,0
2021-01-13,Mono,51,14174,1071,1017,9,1026,3
2021-01-13,Monterey,53,433212,35484,33748,1108,34856,241
2021-01-13,Napa,55,140530,7574,7028,30,7058,36
2021-01-13,Nevada,57,99092,3278,3037,124,3161,17
2021-01-13,Orange,59,3164182,212136,201158,8848,210006,2172
2021-01-13,Placer,61,380077,17827,16272,857,17129,172
2021-01-13,Plumas,63,18699,573,490,10,500,2
2021-01-13,Riverside,65,2383286,243253,228192,12196,240388,2278
2021-01-13,Sacramento,67,1510023,80258,78268,907,79175,996
2021-01-13,San Benito,69,59416,4894,4583,54,4637,35
2021-01-13,San Bernardino,71,2135413,254880,240191,7245,247436,1759
2021-01-13,San Diego,73,3302833,218793,201578,0,201578,1952
2021-01-13,San Francisco,75,870044,29073,27863,518,28381,238
2021-01-13,San Joaquin,77,732212,57189,54373,2327,56700,738
2021-01-13,San Luis Obispo,79,281455,15917,14625,402,15027,140
2021-01-13,San Mateo,81,765935,33115,30195,212,30407,207
2021-01-13,Santa Barbara,83,443738,24971,22714,781,23495,216
2021-01-13,Santa Clara,85,1922200,92387,87187,416,87603,911
2021-01-13,Santa Cruz,87,273765,12836,11423,615,12038,110
2021-01-13,Shasta,89,179085,9700,9180,977,10157,93
2021-01-13,Sierra,91,2930,42,33,9,42,0
2021-01-13,Siskiyou,93,43540,1205,1102,184,1286,3
2021-01-13,Solano,95,438530,25149,23503,273,23776,105
2021-01-13,Sonoma,97,501317,23695,22610,122,22732,206
2021-01-13,Stanislaus,99,539301,42548,40167,4323,44490,574
2021-01-13,Sutter,101,95872,7614,7350,62,7412,73
2021-01-13,Tehama,103,63373,3842,3589,441,4030,17
2021-01-13,Trinity,105,12862,317,260,34,294,3
2021-01-13,Tulare,107,460477,41331,39129,5682,44811,522
2021-01-13,Tuolumne,109,53932,3303,3196,27,3223,28
2021-01-13,Ventura,111,848112,60690,56453,2184,58637,338
2021-01-13,Yolo,113,214977,10943,9933,118,10051,135
2021-01-13,Yuba,115,75493,4687,4448,57,4505,27
2021-01-12,Alameda,1,1643700,66391,62642,1434,64076,677
2021-01-12,Alpine,3,1148,74,71,0,71,0
2021-01-12,Amador,5,37829,3003,2897,26,2923,26
2021-01-12,Butte,7,227075,9607,8883,1316,10199,124
2021-01-12,Calaveras,9,45235,1525,1475,7,1482,21
2021-01-12,Colusa,11,21464,1582,1510,153,1663,7
2021-01-12,Contra Costa,13,1133247,51652,48242,864,49106,399
2021-01-12,Del Norte,15,27424,829,816,0,816,2
2021-01-12,El Dorado,17,186661,7769,7156,512,7668,41
2021-01-12,Fresno,19,978130,82911,77651,6367,84018,796
2021-01-12,Glenn,21,27897,1935,1781,383,2164,9
2021-01-12,Humboldt,23,135768,2310,2077,7,2084,22
2021-01-12,Imperial,25,180216,25374,24566,2183,26749,457
2021-01-12,Inyo,27,18085,931,773,1,774,25
2021-01-12,Kern,29,883053,79933,75320,7340,82660,689
2021-01-12,Kings,31,150075,19108,18072,775,18847,108
2021-01-12,Lake,33,64148,2527,2260,0,2260,27
2021-01-12,Lassen,35,31185,4748,4659,74,4733,1
2021-01-12,Los Angeles,37,10098052,1002191,926295,33467,959762,12610
2021-01-12,Madera,39,155013,13332,12485,645,13130,85
2021-01-12,Marin,41,260295,11438,10960,118,11078,157
2021-01-12,Mariposa,43,17540,327,302,2,304,3
2021-01-12,Mendocino,45,87422,2987,2762,44,2806,31
2021-01-12,Merced,47,269075,23410,22172,557,22729,239
2021-01-12,Modoc,49,8938,292,274,84,358,0
2021-01-12,Mono,51,14174,1062,1008,9,1017,3
2021-01-12,Monterey,53,433212,34985,33381,1086,34467,240
2021-01-12,Napa,55,140530,7491,6936,30,6966,36
2021-01-12,Nevada,57,99092,3250,3014,122,3136,17
2021-01-12,Orange,59,3164182,209824,198260,8761,207021,2142
2021-01-12,Placer,61,380077,17646,16087,851,16938,163
2021-01-12,Plumas,63,18699,567,483,10,493,2
2021-01-12,Riverside,65,2383286,240140,225580,12051,237631,2266
2021-01-12,Sacramento,67,1510023,79513,77201,898,78099,985
2021-01-12,San Benito,69,59416,4827,4515,54,4569,35
2021-01-12,San Bernardino,71,2135413,252313,237008,7170,244178,1739
2021-01-12,San Diego,73,3302833,215883,198317,0,198317,1898
2021-01-12,San Francisco,75,870044,28797,27531,482,28013,238
2021-01-12,San Joaquin,77,732212,56539,53630,2296,55926,725
2021-01-12,San Luis Obispo,79,281455,15671,14367,394,14761,132
2021-01-12,San Mateo,81,765935,32727,29747,200,29947,206
2021-01-12,Santa Barbara,83,443738,24563,22182,751,22933,209
2021-01-12,Santa Clara,85,1922200,91327,86075,407,86482,904
2021-01-12,Santa Cruz,87,273765,12621,11267,598,11865,110
2021-01-12,Shasta,89,179085,9627,9086,964,10050,84
2021-01-12,Sierra,91,2930,40,33,8,41,0
2021-01-12,Siskiyou,93,43540,1195,1091,178,1269,3
2021-01-12,Solano,95,438530,24845,23160,268,23428,102
2021-01-12,Sonoma,97,501317,23391,22403,122,22525,205
2021-01-12,Stanislaus,99,539301,42097,39615,4287,43902,571
2021-01-12,Sutter,101,95872,7551,7276,61,7337,73
2021-01-12,Tehama,103,63373,3807,3567,437,4004,17
2021-01-12,Trinity,105,12862,317,258,34,292,3
2021-01-12,Tulare,107,460477,40882,38797,5560,44357,509
2021-01-12,Tuolumne,109,53932,3269,3178,27,3205,28
2021-01-12,Ventura,111,848112,59719,55342,2151,57493,324
2021-01-12,Yolo,113,214977,10805,9857,107,9964,133
2021-01-12,Yuba,115,75493,4647,4389,57,4446,27
2021-01-11,Alameda,1,1643700,65542,61949,1416,63365,652
2021-01-11,Alpine,3,1148,74,70,0,70,0
2021-01-11,Amador,5,37829,2989,2867,26,2893,24
2021-01-11,Butte,7,227075,9495,8757,1298,10055,119
2021-01-11,Calaveras,9,45235,1507,1460,7,1467,21
2021-01-11,Colusa,11,21464,1564,1494,149,1643,7
2021-01-11,Contra Costa,13,1133247,50979,47728,854,48582,398
2021-01-11,Del Norte,15,27424,825,810,0,810,2
2021-01-11,El Dorado,17,186661,7677,6987,502,7489,36
2021-01-11,Fresno,19,978130,82035,76581,6287,82868,775
2021-01-11,Glenn,21,27897,1906,1763,374,2137,9
2021-01-11,Humboldt,23,135768,2270,2069,7,2076,22
2021-01-11,Imperial,25,180216,25261,24418,2146,26564,453
2021-01-11,Inyo,27,18085,913,763,1,764,25
2021-01-11,Kern,29,883053,79082,74489,7236,81725,682
2021-01-11,Kings,31,150075,18844,17909,767,18676,108
2021-01-11,Lake,33,64148,2477,2205,0,2205,26
2021-01-11,Lassen,35,31185,4725,4647,73,4720,1
2021-01-11,Los Angeles,37,10098052,989041,914434,32974,947408,12304
2021-01-11,Madera,39,155013,13199,12366,634,13000,85
2021-01-11,Marin,41,260295,11342,10814,115,10929,156
2021-01-11,Mariposa,43,17540,320,296,2,298,3
2021-01-11,Mendocino,45,87422,2960,2728,44,2772,31
2021-01-11,Merced,47,269075,23086,21884,543,22427,238
2021-01-11,Modoc,49,8938,291,271,83,354,0
2021-01-11,Mono,51,14174,1056,1006,9,1015,3
2021-01-11,Monterey,53,433212,34450,32858,1023,33881,239
2021-01-11,Napa,55,140530,7389,6822,30,6852,36
2021-01-11,Nevada,57,99092,3223,2980,122,3102,17
2021-01-11,Orange,59,3164182,207265,196340,8660,205000,2113
2021-01-11,Placer,61,380077,17467,15919,838,16757,163
2021-01-11,Plumas,63,18699,563,477,10,487,2
2021-01-11,Riverside,65,2383286,236647,222907,11894,234801,2222
2021-01-11,Sacramento,67,1510023,78595,76009,881,76890,974
2021-01-11,San Benito,69,59416,4750,4482,47,4529,34
2021-01-11,San Bernardino,71,2135413,249490,235543,7068,242611,1739
2021-01-11,San Diego,73,3302833,212620,194793,0,194793,1857
2021-01-11,San Francisco,75,870044,28527,27264,458,27722,238
2021-01-11,San Joaquin,77,732212,55926,53002,2266,55268,725
2021-01-11,San Luis Obispo,79,281455,15301,14213,386,14599,126
2021-01-11,San Mateo,81,765935,32280,29355,187,29542,206
2021-01-11,Santa Barbara,83,443738,24126,21740,734,22474,200
2021-01-11,Santa Clara,85,1922200,90129,84851,398,85249,877
2021-01-11,Santa Cruz,87,273765,12444,11093,571,11664,106
2021-01-11,Shasta,89,179085,9529,8977,950,9927,81
2021-01-11,Sierra,91,2930,39,33,8,41,0
2021-01-11,Siskiyou,93,43540,1187,1087,175,1262,3
2021-01-11,Solano,95,438530,24525,22893,263,23156,101
2021-01-11,Sonoma,97,501317,23145,22191,122,22313,205
2021-01-11,Stanislaus,99,539301,41608,39149,4233,43382,571
2021-01-11,Sutter,101,95872,7493,7204,60,7264,71
2021-01-11,Tehama,103,63373,3743,3524,414,3938,17
2021-01-11,Trinity,105,12862,317,256,34,290,2
2021-01-11,Tulare,107,460477,40486,38380,5467,43847,497
2021-01-11,Tuolumne,109,53932,3258,3165,27,3192,27
2021-01-11,Ventura,111,848112,58585,54202,2125,56327,320
2021-01-11,Yolo,113,214977,10590,9699,105,9804,129
2021-01-11,Yuba,115,75493,4609,4349,50,4399,27
2021-01-10,Alameda,1,1643700,64565,61111,1387,62498,650
2021-01-10,Alpine,3,1148,74,70,0,70,0
2021-01-10,Amador,5,37829,2965,2861,26,2887,24
2021-01-10,Butte,7,227075,9379,8665,1271,9936,119
2021-01-10,Calaveras,9,45235,1481,1449,7,1456,21
2021-01-10,Colusa,11,21464,1540,1478,147,1625,7
2021-01-10,Contra Costa,13,1133247,50193,47109,836,47945,398
2021-01-10,Del Norte,15,27424,822,809,0,809,2
2021-01-10,El Dorado,17,186661,7590,6904,484,7388,36
2021-01-10,Fresno,19,978130,81225,75621,6165,81786,775
2021-01-10,Glenn,21,27897,1882,1746,366,2112,9
2021-01-10,Humboldt,23,135768,2209,2049,7,2056,22
2021-01-10,Imperial,25,180216,25101,24233,2089,26322,453
2021-01-10,Inyo,27,18085,885,748,1,749,25
2021-01-10,Kern,29,883053,78259,73712,7100,80812,679
2021-01-10,Kings,31,150075,18625,17812,759,18571,108
2021-01-10,Lake,33,64148,2425,2174,0,2174,26
2021-01-10,Lassen,35,31185,4703,4642,72,4714,1
2021-01-10,Los Angeles,37,10098052,974507,901783,32314,934097,12170
2021-01-10,Madera,39,155013,13012,12179,619,12798,85
2021-01-10,Marin,41,260295,11223,10737,113,10850,155
2021-01-10,Mariposa,43,17540,320,291,2,293,3
2021-01-10,Mendocino,45,87422,2929,2706,41,2747,31
2021-01-10,Merced,47,269075,22811,21691,533,22224,238
2021-01-10,Modoc,49,8938,291,271,81,352,0
2021-01-10,Mono,51,14174,1039,965,9,974,3
2021-01-10,Monterey,53,433212,34010,32571,991,33562,237
2021-01-10,Napa,55,140530,7287,6687,28,6715,36
2021-01-10,Nevada,57,99092,3204,2959,118,3077,17
2021-01-10,Orange,59,3164182,204522,193766,8536,202302,2104
2021-01-10,Placer,61,380077,17291,15779,816,16595,163
2021-01-10,Plumas,63,18699,553,477,10,487,2
2021-01-10,Riverside,65,2383286,233312,219486,11701,231187,2216
2021-01-10,Sacramento,67,1510023,77641,75394,851,76245,965
2021-01-10,San Benito,69,59416,4656,4434,46,4480,34
2021-01-10,San Bernardino,71,2135413,245885,232171,6964,239135,1736
2021-01-10,San Diego,73,3302833,208966,191886,0,191886,1857
2021-01-10,San Francisco,75,870044,28146,27054,422,27476,238
2021-01-10,San Joaquin,77,732212,55066,52535,2232,54767,725
2021-01-10,San Luis Obispo,79,281455,14973,13968,372,14340,122
2021-01-10,San Mateo,81,765935,31792,28972,172,29144,206
2021-01-10,Santa Barbara,83,443738,23583,21290,709,21999,200
2021-01-10,Santa Clara,85,1922200,88953,83779,387,84166,858
2021-01-10,Santa Cruz,87,273765,12233,10951,547,11498,106
2021-01-10,Shasta,89,179085,9419,8936,933,9869,81
2021-01-10,Sierra,91,2930,38,32,8,40,0
2021-01-10,Siskiyou,93,43540,1181,1075,172,1247,3
2021-01-10,Solano,95,438530,24124,22621,260,22881,101
2021-01-10,Sonoma,97,501317,22874,21925,122,22047,204
2021-01-10,Stanislaus,99,539301,41049,38809,4150,42959,571
2021-01-10,Sutter,101,95872,7432,7133,57,7190,71
2021-01-10,Tehama,103,63373,3671,3504,401,3905,17
2021-01-10,Trinity,105,12862,317,253,33,286,2
2021-01-10,Tulare,107,460477,40075,38012,5330,43342,497
2021-01-10,Tuolumne,109,53932,3224,3143,26,3169,27
2021-01-10,Ventura,111,848112,57317,53095,2079,55174,319
2021-01-10,Yolo,113,214977,10442,9610,104,9714,129
2021-01-10,Yuba,115,75493,4557,4300,47,4347,27
2021-01-09,Alameda,1,1643700,64058,60125,1369,61494,649
2021-01-09,Alpine,3,1148,74,70,0,70,0
2021-01-09,Amador,5,37829,2958,2809,26,2835,24
2021-01-09,Butte,7,227075,9298,8552,1247,9799,118
2021-01-09,Calaveras,9,45235,1471,1425,7,1432,21
2021-01-09,Colusa,11,21464,1534,1468,146,1614,7
2021-01-09,Contra Costa,13,1133247,49847,46406,822,47228,393
2021-01-09,Del Norte,15,27424,820,802,0,802,2
2021-01-09,El Dorado,17,186661,7558,6800,481,7281,36
2021-01-09,Fresno,19,978130,80817,74816,6123,80939,773
2021-01-09,Glenn,21,27897,1867,1707,361,2068,9
2021-01-09,Humboldt,23,135768,2191,2026,7,2033,22
2021-01-09,Imperial,25,180216,25034,24028,2074,26102,448
2021-01-09,Inyo,27,18085,875,734,1,735,25
2021-01-09,Kern,29,883053,77802,73015,7019,80034,677
2021-01-09,Kings,31,150075,18529,17679,755,18434,108
2021-01-09,Lake,33,64148,2392,2144,0,2144,26
2021-01-09,Lassen,35,31185,4691,4613,71,4684,1
2021-01-09,Los Angeles,37,10098052,968981,887949,31853,919802,12011
2021-01-09,Madera,39,155013,12927,12063,614,12677,85
2021-01-09,Marin,41,260295,11159,10634,112,10746,154
2021-01-09,Mariposa,43,17540,317,287,2,289,3
2021-01-09,Mendocino,45,87422,2911,2664,41,2705,31
2021-01-09,Merced,47,269075,22670,21357,523,21880,237
2021-01-09,Modoc,49,8938,291,271,80,351,0
2021-01-09,Mono,51,14174,1034,964,9,973,3
2021-01-09,Monterey,53,433212,33867,31948,982,32930,235
2021-01-09,Napa,55,140530,7217,6594,25,6619,36
2021-01-09,Nevada,57,99092,3182,2932,115,3047,17
2021-01-09,Orange,59,3164182,203029,191004,8444,199448,2034
2021-01-09,Placer,61,380077,17190,15609,814,16423,162
2021-01-09,Plumas,63,18699,551,477,10,487,2
2021-01-09,Riverside,65,2383286,231609,216076,11553,227629,2201
2021-01-09,Sacramento,67,1510023,77117,74482,846,75328,953
2021-01-09,San Benito,69,59416,4608,4335,46,4381,34
2021-01-09,San Bernardino,71,2135413,244710,228857,6894,235751,1714
2021-01-09,San Diego,73,3302833,207275,188598,0,188598,1824
2021-01-09,San Francisco,75,870044,27971,26708,377,27085,235
2021-01-09,San Joaquin,77,732212,54721,51927,2211,54138,724
2021-01-09,San Luis Obispo,79,281455,14850,13647,361,14008,121
2021-01-09,San Mateo,81,765935,31492,28512,165,28677,205
2021-01-09,Santa Barbara,83,443738,23375,20971,700,21671,197
2021-01-09,Santa Clara,85,1922200,88112,82269,375,82644,808
2021-01-09,Santa Cruz,87,273765,12136,10717,542,11259,107
2021-01-09,Shasta,89,179085,9386,8893,929,9822,81
2021-01-09,Sierra,91,2930,36,32,8,40,0
2021-01-09,Siskiyou,93,43540,1178,1062,168,1230,3
2021-01-09,Solano,95,438530,23969,22226,259,22485,101
2021-01-09,Sonoma,97,501317,22764,21393,122,21515,202
2021-01-09,Stanislaus,99,539301,40757,38403,4108,42511,567
2021-01-09,Sutter,101,95872,7396,7072,56,7128,69
2021-01-09,Tehama,103,63373,3642,3451,389,3840,15
2021-01-09,Trinity,105,12862,317,252,33,285,2
2021-01-09,Tulare,107,460477,39833,37684,5256,42940,496
2021-01-09,Tuolumne,109,53932,3216,3117,25,3142,26
2021-01-09,Ventura,111,848112,56491,51988,2052,54040,306
2021-01-09,Yolo,113,214977,10372,9524,101,9625,129
2021-01-09,Yuba,115,75493,4529,4265,47,4312,27
2021-01-08,Alameda,1,1643700,63491,59172,1358,60530,646
2021-01-08,Alpine,3,1148,74,70,0,70,0
2021-01-08,Amador,5,37829,2951,2792,26,2818,24
2021-01-08,Butte,7,227075,9239,8430,1231,9661,115
2021-01-08,Calaveras,9,45235,1458,1385,7,1392,21
2021-01-08,Colusa,11,21464,1521,1448,145,1593,7
2021-01-08,Contra Costa,13,1133247,49322,45667,818,46485,381
2021-01-08,Del Norte,15,27424,818,795,0,795,2
2021-01-08,El Dorado,17,186661,7488,6690,469,7159,36
2021-01-08,Fresno,19,978130,80004,73689,6058,79747,771
2021-01-08,Glenn,21,27897,1851,1680,357,2037,9
2021-01-08,Humboldt,23,135768,2167,1988,7,1995,22
2021-01-08,Imperial,25,180216,24966,23751,2059,25810,446
2021-01-08,Inyo,27,18085,861,682,1,683,24
2021-01-08,Kern,29,883053,77242,71978,6946,78924,674
2021-01-08,Kings,31,150075,18401,17441,750,18191,108
2021-01-08,Lake,33,64148,2365,2098,0,2098,26
2021-01-08,Lassen,35,31185,4683,4598,69,4667,1
2021-01-08,Los Angeles,37,10098052,958224,871188,31398,902586,11796
2021-01-08,Madera,39,155013,12775,11846,605,12451,85
2021-01-08,Marin,41,260295,11064,10531,111,10642,153
2021-01-08,Mariposa,43,17540,316,273,2,275,3
2021-01-08,Mendocino,45,87422,2892,2634,38,2672,31
2021-01-08,Merced,47,269075,22475,20862,518,21380,236
2021-01-08,Modoc,49,8938,291,266,80,346,0
2021-01-08,Mono,51,14174,1024,951,9,960,3
2021-01-08,Monterey,53,433212,33602,31543,969,32512,224
2021-01-08,Napa,55,140530,7147,6544,25,6569,32
2021-01-08,Nevada,57,99092,3160,2888,115,3003,17
2021-01-08,Orange,59,3164182,201044,186608,8357,194965,1991
2021-01-08,Placer,61,380077,17063,15401,807,16208,161
2021-01-08,Plumas,63,18699,545,465,10,475,2
2021-01-08,Riverside,65,2383286,229251,212122,11415,223537,2184
2021-01-08,Sacramento,67,1510023,76541,73245,840,74085,939
2021-01-08,San Benito,69,59416,4572,4225,45,4270,33
2021-01-08,San Bernardino,71,2135413,242823,224267,6821,231088,1703
2021-01-08,San Diego,73,3302833,204741,185060,0,185060,1771
2021-01-08,San Francisco,75,870044,27724,26378,352,26730,207
2021-01-08,San Joaquin,77,732212,54383,50990,2180,53170,710
2021-01-08,San Luis Obispo,79,281455,14717,13286,347,13633,119
2021-01-08,San Mateo,81,765935,31143,28072,162,28234,204
2021-01-08,Santa Barbara,83,443738,23097,20461,691,21152,189
2021-01-08,Santa Clara,85,1922200,87087,80561,372,80933,789
2021-01-08,Santa Cruz,87,273765,11998,10486,531,11017,106
2021-01-08,Shasta,89,179085,9336,8772,914,9686,81
2021-01-08,Sierra,91,2930,36,31,8,39,0
2021-01-08,Siskiyou,93,43540,1175,1027,167,1194,3
2021-01-08,Solano,95,438530,23801,21832,259,22091,100
2021-01-08,Sonoma,97,501317,22626,21178,122,21300,201
2021-01-08,Stanislaus,99,539301,40456,37858,4071,41929,566
2021-01-08,Sutter,101,95872,7346,6982,56,7038,68
2021-01-08,Tehama,103,63373,3619,3406,384,3790,15
2021-01-08,Trinity,105,12862,317,247,33,280,2
2021-01-08,Tulare,107,460477,39569,36946,5139,42085,491
2021-01-08,Tuolumne,109,53932,3207,3099,25,3124,19
2021-01-08,Ventura,111,848112,55628,50553,2027,52580,294
2021-01-08,Yolo,113,214977,10284,9391,97,9488,129
2021-01-08,Yuba,115,75493,4487,4195,46,4241,26
2021-01-07,Alameda,1,1643700,62520,57921,1330,59251,632
2021-01-07,Alpine,3,1148,72,70,0,70,0
2021-01-07,Amador,5,37829,2938,2740,25,2765,24
2021-01-07,Butte,7,227075,9143,8278,1202,9480,112
2021-01-07,Calaveras,9,45235,1441,1342,6,1348,21
2021-01-07,Colusa,11,21464,1509,1420,138,1558,7
2021-01-07,Contra Costa,13,1133247,48545,44756,801,45557,376
2021-01-07,Del Norte,15,27424,816,791,0,791,2
2021-01-07,El Dorado,17,186661,7389,6545,455,7000,36
2021-01-07,Fresno,19,978130,79053,72557,5954,78511,765
2021-01-07,Glenn,21,27897,1835,1639,348,1987,9
2021-01-07,Humboldt,23,135768,2140,1954,7,1961,22
2021-01-07,Imperial,25,180216,24772,23608,2006,25614,431
2021-01-07,Inyo,27,18085,848,656,1,657,20
2021-01-07,Kern,29,883053,76390,70953,6793,77746,660
2021-01-07,Kings,31,150075,18273,17238,741,17979,108
2021-01-07,Lake,33,64148,2310,2054,0,2054,26
2021-01-07,Lassen,35,31185,4678,4581,67,4648,1
2021-01-07,Los Angeles,37,10098052,943367,853187,30834,884021,11480
2021-01-07,Madera,39,155013,12619,11644,593,12237,76
2021-01-07,Marin,41,260295,10972,10364,109,10473,153
2021-01-07,Mariposa,43,17540,314,264,2,266,3
2021-01-07,Mendocino,45,87422,2837,2585,34,2619,30
2021-01-07,Merced,47,269075,22154,20510,503,21013,234
2021-01-07,Modoc,49,8938,291,265,80,345,0
2021-01-07,Mono,51,14174,1013,905,9,914,3
2021-01-07,Monterey,53,433212,33074,30903,946,31849,222
2021-01-07,Napa,55,140530,7037,6408,25,6433,32
2021-01-07,Nevada,57,99092,3126,2847,110,2957,17
2021-01-07,Orange,59,3164182,198198,181922,8253,190175,1974
2021-01-07,Placer,61,380077,16880,15155,777,15932,144
2021-01-07,Plumas,63,18699,543,454,10,464,2
2021-01-07,Riverside,65,2383286,225917,208177,11225,219402,2156
2021-01-07,Sacramento,67,1510023,75636,72342,819,73161,919
2021-01-07,San Benito,69,59416,4510,4112,41,4153,33
2021-01-07,San Bernardino,71,2135413,239292,219691,6736,226427,1666
2021-01-07,San Diego,73,3302833,201437,180510,0,180510,1738
2021-01-07,San Francisco,75,870044,27390,25885,335,26220,202
2021-01-07,San Joaquin,77,732212,53700,50156,2147,52303,689
2021-01-07,San Luis Obispo,79,281455,14479,12810,333,13143,118
2021-01-07,San Mateo,81,765935,30634,27494,158,27652,201
2021-01-07,Santa Barbara,83,443738,22679,19931,677,20608,187
2021-01-07,Santa Clara,85,1922200,85867,78808,368,79176,775
2021-01-07,Santa Cruz,87,273765,11789,10228,524,10752,104
2021-01-07,Shasta,89,179085,9249,8612,906,9518,81
2021-01-07,Sierra,91,2930,36,31,8,39,0
2021-01-07,Siskiyou,93,43540,1170,1010,165,1175,3
2021-01-07,Solano,95,438530,23406,21384,255,21639,100
2021-01-07,Sonoma,97,501317,22362,20857,121,20978,200
2021-01-07,Stanislaus,99,539301,40031,37296,4019,41315,553
2021-01-07,Sutter,101,95872,7287,6890,55,6945,65
2021-01-07,Tehama,103,63373,3595,3330,377,3707,15
2021-01-07,Trinity,105,12862,317,247,33,280,2
2021-01-07,Tulare,107,460477,39164,36397,4995,41392,482
2021-01-07,Tuolumne,109,53932,3187,3068,24,3092,14
2021-01-07,Ventura,111,848112,54467,49083,1998,51081,288
2021-01-07,Yolo,113,214977,10148,9207,95,9302,128
2021-01-07,Yuba,115,75493,4445,4128,46,4174,25
2021-01-06,Alameda,1,1643700,61636,57081,1300,58381,616
2021-01-06,Alpine,3,1148,72,70,0,70,0
2021-01-06,Amador,5,37829,2917,2717,24,2741,24
2021-01-06,Butte,7,227075,9032,8147,1183,9330,110
2021-01-06,Calaveras,9,45235,1416,1321,6,1327,21
2021-01-06,Colusa,11,21464,1489,1385,132,1517,7
2021-01-06,Contra Costa,13,1133247,47743,44054,783,44837,358
2021-01-06,Del Norte,15,27424,810,780,0,780,2
2021-01-06,El Dorado,17,186661,7278,6397,442,6839,35
2021-01-06,Fresno,19,978130,78211,71404,5851,77255,752
2021-01-06,Glenn,21,27897,1811,1622,342,1964,9
2021-01-06,Humboldt,23,135768,2114,1912,7,1919,22
2021-01-06,Imperial,25,180216,24520,23400,1964,25364,431
2021-01-06,Inyo,27,18085,832,630,1,631,20
2021-01-06,Kern,29,883053,75451,69893,6655,76548,646
2021-01-06,Kings,31,150075,18079,17019,718,17737,108
2021-01-06,Lake,33,64148,2273,2033,0,2033,26
2021-01-06,Lassen,35,31185,4666,4560,63,4623,1
2021-01-06,Los Angeles,37,10098052,927480,835052,30108,865160,11285
2021-01-06,Madera,39,155013,12485,11407,587,11994,67
2021-01-06,Marin,41,260295,10845,10282,108,10390,153
2021-01-06,Mariposa,43,17540,311,259,2,261,3
2021-01-06,Mendocino,45,87422,2807,2561,34,2595,30
2021-01-06,Merced,47,269075,21811,20258,487,20745,232
2021-01-06,Modoc,49,8938,291,263,80,343,0
2021-01-06,Mono,51,14174,982,905,9,914,3
2021-01-06,Monterey,53,433212,32485,30387,909,31296,222
2021-01-06,Napa,55,140530,6907,6342,25,6367,32
2021-01-06,Nevada,57,99092,3106,2805,110,2915,15
2021-01-06,Orange,59,3164182,194723,177686,8108,185794,1935
2021-01-06,Placer,61,380077,16694,14940,758,15698,134
2021-01-06,Plumas,63,18699,535,445,10,455,2
2021-01-06,Riverside,65,2383286,221910,203714,11006,214720,2121
2021-01-06,Sacramento,67,1510023,74617,71572,802,72374,909
2021-01-06,San Benito,69,59416,4434,4031,40,4071,32
2021-01-06,San Bernardino,71,2135413,235588,215286,6621,221907,1634
2021-01-06,San Diego,73,3302833,197942,176660,0,176660,1691
2021-01-06,San Francisco,75,870044,27018,25424,325,25749,199
2021-01-06,San Joaquin,77,732212,52938,49286,2104,51390,673
2021-01-06,San Luis Obispo,79,281455,14082,12305,326,12631,115
2021-01-06,San Mateo,81,765935,30211,27050,155,27205,200
2021-01-06,Santa Barbara,83,443738,22199,19453,665,20118,177
2021-01-06,Santa Clara,85,1922200,84465,77485,361,77846,746
2021-01-06,Santa Cruz,87,273765,11571,9954,504,10458,97
2021-01-06,Shasta,89,179085,9178,8482,899,9381,78
2021-01-06,Sierra,91,2930,35,31,8,39,0
2021-01-06,Siskiyou,93,43540,1158,998,161,1159,3
2021-01-06,Solano,95,438530,23018,21102,252,21354,99
2021-01-06,Sonoma,97,501317,22050,20558,121,20679,196
2021-01-06,Stanislaus,99,539301,39436,36751,3956,40707,553
2021-01-06,Sutter,101,95872,7205,6839,54,6893,59
2021-01-06,Tehama,103,63373,3568,3306,371,3677,15
2021-01-06,Trinity,105,12862,317,246,33,279,2
2021-01-06,Tulare,107,460477,38602,35882,4884,40766,465
2021-01-06,Tuolumne,109,53932,3167,3008,24,3032,14
2021-01-06,Ventura,111,848112,53225,47428,1973,49401,280
2021-01-06,Yolo,113,214977,9987,9083,92,9175,127
2021-01-06,Yuba,115,75493,4398,4097,46,4143,25
2021-01-05,Alameda,1,1643700,60488,56432,1263,57695,602
2021-01-05,Alpine,3,1148,72,70,0,70,0
2021-01-05,Amador,5,37829,2877,2695,24,2719,24
2021-01-05,Butte,7,227075,8893,8008,1156,9164,107
2021-01-05,Calaveras,9,45235,1367,1292,6,1298,21
2021-01-05,Colusa,11,21464,1464,1376,126,1502,7
2021-01-05,Contra Costa,13,1133247,46863,43442,772,44214,353
2021-01-05,Del Norte,15,27424,803,770,0,770,2
2021-01-05,El Dorado,17,186661,7160,6270,421,6691,32
2021-01-05,Fresno,19,978130,76982,70971,5755,76726,741
2021-01-05,Glenn,21,27897,1786,1608,330,1938,9
2021-01-05,Humboldt,23,135768,2077,1884,7,1891,22
2021-01-05,Imperial,25,180216,24357,23165,1915,25080,421
2021-01-05,Inyo,27,18085,818,627,1,628,20
2021-01-05,Kern,29,883053,74380,68257,6509,74766,624
2021-01-05,Kings,31,150075,17881,16860,694,17554,108
2021-01-05,Lake,33,64148,2225,2015,0,2015,25
2021-01-05,Lassen,35,31185,4652,4554,59,4613,1
2021-01-05,Los Angeles,37,10098052,908817,823783,29417,853200,11028
2021-01-05,Madera,39,155013,12309,11359,574,11933,67
2021-01-05,Marin,41,260295,10695,10214,106,10320,151
2021-01-05,Mariposa,43,17540,305,257,2,259,3
2021-01-05,Mendocino,45,87422,2772,2501,34,2535,30
2021-01-05,Merced,47,269075,21461,20051,474,20525,230
2021-01-05,Modoc,49,8938,291,254,80,334,0
2021-01-05,Mono,51,14174,976,896,9,905,3
2021-01-05,Monterey,53,433212,31913,30045,871,30916,213
2021-01-05,Napa,55,140530,6820,6264,25,6289,29
2021-01-05,Nevada,57,99092,3078,2781,109,2890,15
2021-01-05,Orange,59,3164182,191046,174869,7908,182777,1918
2021-01-05,Placer,61,380077,16463,14723,734,15457,133
2021-01-05,Plumas,63,18699,528,428,10,438,2
2021-01-05,Riverside,65,2383286,217802,200439,10802,211241,2069
2021-01-05,Sacramento,67,1510023,73688,70677,774,71451,888
2021-01-05,San Benito,69,59416,4331,3961,38,3999,28
2021-01-05,San Bernardino,71,2135413,231663,212522,6503,219025,1615
2021-01-05,San Diego,73,3302833,193806,172845,0,172845,1654
2021-01-05,San Francisco,75,870044,26650,24989,306,25295,196
2021-01-05,San Joaquin,77,732212,52068,48969,2061,51030,663
2021-01-05,San Luis Obispo,79,281455,13684,12027,316,12343,106
2021-01-05,San Mateo,81,765935,29721,26486,153,26639,198
2021-01-05,Santa Barbara,83,443738,21766,19063,654,19717,172
2021-01-05,Santa Clara,85,1922200,82932,76355,347,76702,729
2021-01-05,Santa Cruz,87,273765,11300,9753,478,10231,93
2021-01-05,Shasta,89,179085,9073,8345,878,9223,73
2021-01-05,Sierra,91,2930,35,31,8,39,0
2021-01-05,Siskiyou,93,43540,1146,985,159,1144,3
2021-01-05,Solano,95,438530,22612,20860,247,21107,97
2021-01-05,Sonoma,97,501317,21684,20247,120,20367,194
2021-01-05,Stanislaus,99,539301,38893,36363,3908,40271,553
2021-01-05,Sutter,101,95872,7106,6769,53,6822,59
2021-01-05,Tehama,103,63373,3511,3255,366,3621,9
2021-01-05,Trinity,105,12862,317,246,33,279,2
2021-01-05,Tulare,107,460477,37985,35585,4742,40327,455
2021-01-05,Tuolumne,109,53932,3143,2996,19,3015,13
2021-01-05,Ventura,111,848112,51979,46456,1950,48406,264
2021-01-05,Yolo,113,214977,9814,8980,91,9071,127
2021-01-05,Yuba,115,75493,4340,4053,45,4098,21
2021-01-04,Alameda,1,1643700,59265,55899,1229,57128,583
2021-01-04,Alpine,3,1148,72,68,0,68,0
2021-01-04,Amador,5,37829,2837,2596,24,2620,24
2021-01-04,Butte,7,227075,8734,7893,1132,9025,105
2021-01-04,Calaveras,9,45235,1327,1276,5,1281,21
2021-01-04,Colusa,11,21464,1439,1368,112,1480,7
2021-01-04,Contra Costa,13,1133247,46009,43019,746,43765,353
2021-01-04,Del Norte,15,27424,794,770,0,770,2
2021-01-04,El Dorado,17,186661,7027,6152,405,6557,27
2021-01-04,Fresno,19,978130,75724,69871,5653,75524,726
2021-01-04,Glenn,21,27897,1755,1590,322,1912,9
2021-01-04,Humboldt,23,135768,2041,1845,7,1852,22
2021-01-04,Imperial,25,180216,24206,23035,1861,24896,420
2021-01-04,Inyo,27,18085,791,623,1,624,20
2021-01-04,Kern,29,883053,73305,67418,6303,73721,623
2021-01-04,Kings,31,150075,17610,16801,667,17468,108
2021-01-04,Lake,33,64148,2183,1984,0,1984,25
2021-01-04,Lassen,35,31185,4630,4550,58,4608,1
2021-01-04,Los Angeles,37,10098052,888804,813022,28499,841521,10790
2021-01-04,Madera,39,155013,12088,11204,552,11756,67
2021-01-04,Marin,41,260295,10561,10115,103,10218,151
2021-01-04,Mariposa,43,17540,299,253,2,255,3
2021-01-04,Mendocino,45,87422,2732,2460,30,2490,28
2021-01-04,Merced,47,269075,21047,19804,455,20259,230
2021-01-04,Modoc,49,8938,275,250,78,328,0
2021-01-04,Mono,51,14174,966,895,9,904,3
2021-01-04,Monterey,53,433212,31260,29659,848,30507,212
2021-01-04,Napa,55,140530,6679,6187,25,6212,29
2021-01-04,Nevada,57,99092,3041,2765,104,2869,15
2021-01-04,Orange,59,3164182,187149,172458,7776,180234,1918
2021-01-04,Placer,61,380077,16188,14622,720,15342,133
2021-01-04,Plumas,63,18699,518,419,10,429,1
2021-01-04,Riverside,65,2383286,213329,196809,10587,207396,2066
2021-01-04,Sacramento,67,1510023,72628,70164,764,70928,870
2021-01-04,San Benito,69,59416,4218,3914,38,3952,28
2021-01-04,San Bernardino,71,2135413,227454,210868,6338,217206,1615
2021-01-04,San Diego,73,3302833,189238,171031,0,171031,1598
2021-01-04,San Francisco,75,870044,26265,24753,299,25052,191
2021-01-04,San Joaquin,77,732212,51169,48644,2019,50663,661
2021-01-04,San Luis Obispo,79,281455,13198,11945,308,12253,96
2021-01-04,San Mateo,81,765935,29163,26150,148,26298,198
2021-01-04,Santa Barbara,83,443738,21251,18735,621,19356,165
2021-01-04,Santa Clara,85,1922200,81179,75297,340,75637,727
2021-01-04,Santa Cruz,87,273765,11013,9680,461,10141,85
2021-01-04,Shasta,89,179085,8967,8224,862,9086,72
2021-01-04,Sierra,91,2930,34,30,8,38,0
2021-01-04,Siskiyou,93,43540,1130,980,154,1134,3
2021-01-04,Solano,95,438530,22107,20588,240,20828,97
2021-01-04,Sonoma,97,501317,21346,20210,119,20329,194
2021-01-04,Stanislaus,99,539301,38333,36141,3849,39990,553
2021-01-04,Sutter,101,95872,7008,6712,52,6764,56
2021-01-04,Tehama,103,63373,3438,3190,360,3550,9
2021-01-04,Trinity,105,12862,314,245,33,278,2
2021-01-04,Tulare,107,460477,37426,35060,4634,39694,455
2021-01-04,Tuolumne,109,53932,3118,2987,19,3006,13
2021-01-04,Ventura,111,848112,50477,45014,1931,46945,255
2021-01-04,Yolo,113,214977,9619,8834,85,8919,121
2021-01-04,Yuba,115,75493,4281,4023,45,4068,21
2021-01-03,Alameda,1,1643700,58046,55082,1198,56280,580
2021-01-03,Alpine,3,1148,70,68,0,68,0
2021-01-03,Amador,5,37829,2773,2565,24,2589,24
2021-01-03,Butte,7,227075,8544,7837,1077,8914,105
2021-01-03,Calaveras,9,45235,1292,1249,3,1252,21
2021-01-03,Colusa,11,21464,1410,1337,106,1443,7
2021-01-03,Contra Costa,13,1133247,45117,42432,721,43153,352
2021-01-03,Del Norte,15,27424,782,768,0,768,2
2021-01-03,El Dorado,17,186661,6899,6034,388,6422,27
2021-01-03,Fresno,19,978130,74579,69326,5528,74854,719
2021-01-03,Glenn,21,27897,1730,1581,311,1892,9
2021-01-03,Humboldt,23,135768,2004,1833,7,1840,21
2021-01-03,Imperial,25,180216,23954,22951,1775,24726,419
2021-01-03,Inyo,27,18085,774,615,1,616,20
2021-01-03,Kern,29,883053,72056,66895,6119,73014,609
2021-01-03,Kings,31,150075,17343,16593,633,17226,108
2021-01-03,Lake,33,64148,2130,1976,0,1976,24
2021-01-03,Lassen,35,31185,4597,4531,57,4588,1
2021-01-03,Los Angeles,37,10098052,866905,792168,27392,819560,10633
2021-01-03,Madera,39,155013,11863,11152,528,11680,67
2021-01-03,Marin,41,260295,10411,10034,98,10132,150
2021-01-03,Mariposa,43,17540,292,248,2,250,3
2021-01-03,Mendocino,45,87422,2692,2445,29,2474,24
2021-01-03,Merced,47,269075,20577,19600,428,20028,230
2021-01-03,Modoc,49,8938,271,245,77,322,0
2021-01-03,Mono,51,14174,941,893,9,902,3
2021-01-03,Monterey,53,433212,30671,29357,811,30168,191
2021-01-03,Napa,55,140530,6578,6094,25,6119,29
2021-01-03,Nevada,57,99092,2982,2742,101,2843,15
2021-01-03,Orange,59,3164182,182993,169881,7580,177461,1919
2021-01-03,Placer,61,380077,15941,14319,695,15014,133
2021-01-03,Plumas,63,18699,505,416,10,426,1
2021-01-03,Riverside,65,2383286,208555,195048,10309,205357,2005
2021-01-03,Sacramento,67,1510023,71426,68558,743,69301,859
2021-01-03,San Benito,69,59416,4119,3882,37,3919,28
2021-01-03,San Bernardino,71,2135413,222168,208294,6158,214452,1592
2021-01-03,San Diego,73,3302833,183983,168018,0,168018,1592
2021-01-03,San Francisco,75,870044,25766,24588,281,24869,193
2021-01-03,San Joaquin,77,732212,50068,47899,1956,49855,661
2021-01-03,San Luis Obispo,79,281455,12729,11636,298,11934,95
2021-01-03,San Mateo,81,765935,28575,25770,142,25912,196
2021-01-03,Santa Barbara,83,443738,20534,18267,604,18871,164
2021-01-03,Santa Clara,85,1922200,79627,74534,334,74868,720
2021-01-03,Santa Cruz,87,273765,10713,9528,442,9970,84
2021-01-03,Shasta,89,179085,8841,8192,820,9012,72
2021-01-03,Sierra,91,2930,34,30,8,38,0
2021-01-03,Siskiyou,93,43540,1098,976,144,1120,3
2021-01-03,Solano,95,438530,21574,20105,235,20340,97
2021-01-03,Sonoma,97,501317,20964,19982,115,20097,193
2021-01-03,Stanislaus,99,539301,37646,35762,3765,39527,553
2021-01-03,Sutter,101,95872,6910,6664,51,6715,53
2021-01-03,Tehama,103,63373,3378,3176,351,3527,9
2021-01-03,Trinity,105,12862,311,243,32,275,2
2021-01-03,Tulare,107,460477,36875,34747,4488,39235,455
2021-01-03,Tuolumne,109,53932,3056,2978,16,2994,13
2021-01-03,Ventura,111,848112,48654,43748,1913,45661,254
2021-01-03,Yolo,113,214977,9457,8674,81,8755,121
2021-01-03,Yuba,115,75493,4227,3966,44,4010,20
2021-01-02,Alameda,1,1643700,57456,54518,1168,55686,581
2021-01-02,Alpine,3,1148,70,68,0,68,0
2021-01-02,Amador,5,37829,2754,2540,24,2564,24
2021-01-02,Butte,7,227075,8437,7750,1056,8806,105
2021-01-02,Calaveras,9,45235,1273,1230,3,1233,21
2021-01-02,Colusa,11,21464,1400,1332,105,1437,7
2021-01-02,Contra Costa,13,1133247,44594,41993,709,42702,352
2021-01-02,Del Norte,15,27424,780,764,0,764,2
2021-01-02,El Dorado,17,186661,6844,5959,384,6343,27
2021-01-02,Fresno,19,978130,74048,68740,5413,74153,717
2021-01-02,Glenn,21,27897,1715,1546,310,1856,9
2021-01-02,Humboldt,23,135768,1980,1815,7,1822,21
2021-01-02,Imperial,25,180216,23876,22867,1735,24602,420
2021-01-02,Inyo,27,18085,761,609,1,610,20
2021-01-02,Kern,29,883053,71342,66457,6009,72466,610
2021-01-02,Kings,31,150075,17251,16515,629,17144,108
2021-01-02,Lake,33,64148,2094,1925,0,1925,24
2021-01-02,Lassen,35,31185,4586,4457,56,4513,1
2021-01-02,Los Angeles,37,10098052,858636,791892,26653,818545,10633
2021-01-02,Madera,39,155013,11754,11039,516,11555,67
2021-01-02,Marin,41,260295,10366,9924,95,10019,151
2021-01-02,Mariposa,43,17540,285,243,2,245,3
2021-01-02,Mendocino,45,87422,2650,2428,28,2456,24
2021-01-02,Merced,47,269075,20436,19395,411,19806,230
2021-01-02,Modoc,49,8938,270,245,77,322,0
2021-01-02,Mono,51,14174,931,884,9,893,3
2021-01-02,Monterey,53,433212,30464,28991,800,29791,191
2021-01-02,Napa,55,140530,6519,5994,25,6019,29
2021-01-02,Nevada,57,99092,2955,2706,97,2803,15
2021-01-02,Orange,59,3164182,180831,168457,7421,175878,1918
2021-01-02,Placer,61,380077,15768,14182,685,14867,133
2021-01-02,Plumas,63,18699,502,413,10,423,1
2021-01-02,Riverside,65,2383286,206002,192069,10062,202131,2008
2021-01-02,Sacramento,67,1510023,70784,67810,728,68538,858
2021-01-02,San Benito,69,59416,4039,3829,37,3866,28
2021-01-02,San Bernardino,71,2135413,220556,206939,6024,212963,1597
2021-01-02,San Diego,73,3302833,181391,164498,0,164498,1592
2021-01-02,San Francisco,75,870044,25506,24414,274,24688,194
2021-01-02,San Joaquin,77,732212,49706,47310,1924,49234,662
2021-01-02,San Luis Obispo,79,281455,12595,11467,293,11760,95
2021-01-02,San Mateo,81,765935,28238,25483,134,25617,196
2021-01-02,Santa Barbara,83,443738,20250,18135,600,18735,164
2021-01-02,Santa Clara,85,1922200,78459,73662,327,73989,720
2021-01-02,Santa Cruz,87,273765,10562,9340,433,9773,85
2021-01-02,Shasta,89,179085,8775,8154,808,8962,72
2021-01-02,Sierra,91,2930,34,28,8,36,0
2021-01-02,Siskiyou,93,43540,1087,949,142,1091,3
2021-01-02,Solano,95,438530,21378,19805,225,20030,97
2021-01-02,Sonoma,97,501317,20808,19761,115,19876,194
2021-01-02,Stanislaus,99,539301,37334,35431,3696,39127,553
2021-01-02,Sutter,101,95872,6855,6621,51,6672,53
2021-01-02,Tehama,103,63373,3353,3146,347,3493,9
2021-01-02,Trinity,105,12862,308,243,32,275,2
2021-01-02,Tulare,107,460477,36559,34479,4418,38897,455
2021-01-02,Tuolumne,109,53932,3042,2942,14,2956,13
2021-01-02,Ventura,111,848112,47504,43397,1878,45275,254
2021-01-02,Yolo,113,214977,9365,8571,79,8650,122
2021-01-02,Yuba,115,75493,4189,3930,43,3973,21
2021-01-01,Alameda,1,1643700,56823,53518,1151,54669,579
2021-01-01,Alpine,3,1148,70,68,0,68,0
2021-01-01,Amador,5,37829,2728,2513,22,2535,24
2021-01-01,Butte,7,227075,8336,7589,1031,8620,105
2021-01-01,Calaveras,9,45235,1258,1186,3,1189,21
2021-01-01,Colusa,11,21464,1391,1314,103,1417,7
2021-01-01,Contra Costa,13,1133247,44119,41412,687,42099,351
2021-01-01,Del Norte,15,27424,774,758,0,758,2
2021-01-01,El Dorado,17,186661,6755,5832,373,6205,27
2021-01-01,Fresno,19,978130,72983,67484,5324,72808,717
2021-01-01,Glenn,21,27897,1699,1520,307,1827,9
2021-01-01,Humboldt,23,135768,1942,1783,7,1790,21
2021-01-01,Imperial,25,180216,23791,22715,1683,24398,418
2021-01-01,Inyo,27,18085,737,606,1,607,20
2021-01-01,Kern,29,883053,70521,65571,5896,71467,609
2021-01-01,Kings,31,150075,17068,16358,623,16981,108
2021-01-01,Lake,33,64148,2064,1888,0,1888,24
2021-01-01,Lassen,35,31185,4580,4377,56,4433,1
2021-01-01,Los Angeles,37,10098052,844510,775578,25923,801501,10515
2021-01-01,Madera,39,155013,11594,10752,507,11259,66
2021-01-01,Marin,41,260295,10259,9821,95,9916,148
2021-01-01,Mariposa,43,17540,277,236,2,238,3
2021-01-01,Mendocino,45,87422,2596,2400,28,2428,24
2021-01-01,Merced,47,269075,20253,19118,395,19513,229
2021-01-01,Modoc,49,8938,270,241,77,318,0
2021-01-01,Mono,51,14174,913,884,9,893,3
2021-01-01,Monterey,53,433212,30234,28465,792,29257,191
2021-01-01,Napa,55,140530,6433,5899,25,5924,28
2021-01-01,Nevada,57,99092,2931,2663,97,2760,15
2021-01-01,Orange,59,3164182,178060,165440,7270,172710,1893
2021-01-01,Placer,61,380077,15603,13987,667,14654,133
2021-01-01,Plumas,63,18699,497,412,10,422,1
2021-01-01,Riverside,65,2383286,202778,188674,9779,198453,1990
2021-01-01,Sacramento,67,1510023,70184,66956,710,67666,848
2021-01-01,San Benito,69,59416,4003,3773,37,3810,28
2021-01-01,San Bernardino,71,2135413,217738,203651,5885,209536,1590
2021-01-01,San Diego,73,3302833,178330,160071,0,160071,1592
2021-01-01,San Francisco,75,870044,25231,24145,262,24407,187
2021-01-01,San Joaquin,77,732212,49425,46640,1876,48516,657
2021-01-01,San Luis Obispo,79,281455,12373,11160,285,11445,94
2021-01-01,San Mateo,81,765935,27788,25041,130,25171,194
2021-01-01,Santa Barbara,83,443738,19931,17759,590,18349,164
2021-01-01,Santa Clara,85,1922200,77191,71904,322,72226,680
2021-01-01,Santa Cruz,87,273765,10385,9146,421,9567,84
2021-01-01,Shasta,89,179085,8694,8102,790,8892,72
2021-01-01,Sierra,91,2930,34,26,8,34,0
2021-01-01,Siskiyou,93,43540,1073,944,137,1081,3
2021-01-01,Solano,95,438530,21166,19393,223,19616,97
2021-01-01,Sonoma,97,501317,20625,19513,115,19628,189
2021-01-01,Stanislaus,99,539301,37058,34978,3628,38606,553
2021-01-01,Sutter,101,95872,6799,6553,50,6603,52
2021-01-01,Tehama,103,63373,3297,3079,338,3417,9
2021-01-01,Trinity,105,12862,308,243,32,275,2
2021-01-01,Tulare,107,460477,36154,33994,4316,38310,454
2021-01-01,Tuolumne,109,53932,3026,2909,14,2923,13
2021-01-01,Ventura,111,848112,46013,42026,1850,43876,253
2021-01-01,Yolo,113,214977,9252,8461,77,8538,120
2021-01-01,Yuba,115,75493,4130,3845,42,3887,19
2020-12-31,Alameda,1,1643700,56321,52475,1119,53594,579
2020-12-31,Alpine,3,1148,70,66,0,66,0
2020-12-31,Amador,5,37829,2714,2493,22,2515,24
2020-12-31,Butte,7,227075,8263,7405,1012,8417,105
2020-12-31,Calaveras,9,45235,1247,1161,3,1164,21
2020-12-31,Colusa,11,21464,1383,1301,100,1401,7
2020-12-31,Contra Costa,13,1133247,43747,40512,673,41185,336
2020-12-31,Del Norte,15,27424,773,748,0,748,2
2020-12-31,El Dorado,17,186661,6703,5662,364,6026,26
2020-12-31,Fresno,19,978130,72566,66442,5260,71702,711
2020-12-31,Glenn,21,27897,1679,1484,302,1786,9
2020-12-31,Humboldt,23,135768,1925,1713,7,1720,21
2020-12-31,Imperial,25,180216,23728,22494,1667,24161,417
2020-12-31,Inyo,27,18085,729,591,1,592,20
2020-12-31,Kern,29,883053,70056,64904,5801,70705,609
2020-12-31,Kings,31,150075,16993,16077,615,16692,108
2020-12-31,Lake,33,64148,2052,1848,0,1848,23
2020-12-31,Lassen,35,31185,4574,4340,55,4395,1
2020-12-31,Los Angeles,37,10098052,839239,755844,25427,781271,10320
2020-12-31,Madera,39,155013,11527,10609,496,11105,64
2020-12-31,Marin,41,260295,10218,9731,94,9825,148
2020-12-31,Mariposa,43,17540,275,217,2,219,3
2020-12-31,Mendocino,45,87422,2581,2367,24,2391,24
2020-12-31,Merced,47,269075,20166,18808,385,19193,226
2020-12-31,Modoc,49,8938,270,238,77,315,0
2020-12-31,Mono,51,14174,906,868,9,877,3
2020-12-31,Monterey,53,433212,30046,27720,780,28500,188
2020-12-31,Napa,55,140530,6370,5801,25,5826,28
2020-12-31,Nevada,57,99092,2908,2619,95,2714,15
2020-12-31,Orange,59,3164182,176221,161586,7137,168723,1866
2020-12-31,Placer,61,380077,15453,13708,664,14372,126
2020-12-31,Plumas,63,18699,492,401,9,410,1
2020-12-31,Riverside,65,2383286,201281,184193,9613,193806,1958
2020-12-31,Sacramento,67,1510023,69667,65817,698,66515,830
2020-12-31,San Benito,69,59416,3981,3673,37,3710,28
2020-12-31,San Bernardino,71,2135413,216185,199115,5812,204927,1586
2020-12-31,San Diego,73,3302833,176568,155593,0,155593,1534
2020-12-31,San Francisco,75,870044,25006,23740,254,23994,183
2020-12-31,San Joaquin,77,732212,49122,45764,1835,47599,646
2020-12-31,San Luis Obispo,79,281455,12263,10846,285,11131,89
2020-12-31,San Mateo,81,765935,27464,24570,125,24695,192
2020-12-31,Santa Barbara,83,443738,19689,17434,583,18017,161
2020-12-31,Santa Clara,85,1922200,76428,70032,317,70349,665
2020-12-31,Santa Cruz,87,273765,10267,8909,408,9317,84
2020-12-31,Shasta,89,179085,8629,7996,780,8776,69
2020-12-31,Sierra,91,2930,34,26,8,34,0
2020-12-31,Siskiyou,93,43540,1057,940,134,1074,3
2020-12-31,Solano,95,438530,20939,18942,222,19164,97
2020-12-31,Sonoma,97,501317,20511,19129,114,19243,188
2020-12-31,Stanislaus,99,539301,36764,34398,3572,37970,552
2020-12-31,Sutter,101,95872,6769,6432,49,6481,51
2020-12-31,Tehama,103,63373,3268,3036,337,3373,9
2020-12-31,Trinity,105,12862,307,241,32,273,2
2020-12-31,Tulare,107,460477,35995,33412,4262,37674,446
2020-12-31,Tuolumne,109,53932,3018,2902,14,2916,12
2020-12-31,Ventura,111,848112,45507,40854,1832,42686,251
2020-12-31,Yolo,113,214977,9169,8295,76,8371,117
2020-12-31,Yuba,115,75493,4091,3799,41,3840,18
2020-12-30,Alameda,1,1643700,55560,50158,1068,51226,573
2020-12-30,Alpine,3,1148,70,66,0,66,0
2020-12-30,Amador,5,37829,2694,2418,21,2439,24
2020-12-30,Butte,7,227075,8103,7140,995,8135,103
2020-12-30,Calaveras,9,45235,1222,1135,3,1138,21
2020-12-30,Colusa,11,21464,1367,1289,94,1383,7
2020-12-30,Contra Costa,13,1133247,43165,39601,661,40262,337
2020-12-30,Del Norte,15,27424,768,726,0,726,2
2020-12-30,El Dorado,17,186661,6604,5595,352,5947,27
2020-12-30,Fresno,19,978130,71726,65566,5095,70661,711
2020-12-30,Glenn,21,27897,1650,1471,289,1760,9
2020-12-30,Humboldt,23,135768,1892,1654,7,1661,22
2020-12-30,Imperial,25,180216,23562,22098,1589,23687,412
2020-12-30,Inyo,27,18085,722,572,1,573,20
2020-12-30,Kern,29,883053,69335,63292,5650,68942,604
2020-12-30,Kings,31,150075,16874,15862,607,16469,108
2020-12-30,Lake,33,64148,2029,1731,0,1731,23
2020-12-30,Lassen,35,31185,4565,4300,55,4355,1
2020-12-30,Los Angeles,37,10098052,828408,741907,24698,766605,10046
2020-12-30,Madera,39,155013,11417,10249,485,10734,65
2020-12-30,Marin,41,260295,10130,9569,87,9656,148
2020-12-30,Mariposa,43,17540,271,214,2,216,3
2020-12-30,Mendocino,45,87422,2563,2291,22,2313,24
2020-12-30,Merced,47,269075,19873,18519,375,18894,225
2020-12-30,Modoc,49,8938,267,234,77,311,0
2020-12-30,Mono,51,14174,903,868,9,877,3
2020-12-30,Monterey,53,433212,29439,26977,757,27734,186
2020-12-30,Napa,55,140530,6265,5754,25,5779,28
2020-12-30,Nevada,57,99092,2873,2595,93,2688,15
2020-12-30,Orange,59,3164182,173565,153951,6941,160892,1863
2020-12-30,Placer,61,380077,15201,13540,652,14192,127
2020-12-30,Plumas,63,18699,487,397,9,406,1
2020-12-30,Riverside,65,2383286,198341,176402,9422,185824,1919
2020-12-30,Sacramento,67,1510023,68796,64119,680,64799,847
2020-12-30,San Benito,69,59416,3900,3464,33,3497,29
2020-12-30,San Bernardino,71,2135413,213611,192648,5723,198371,1591
2020-12-30,San Diego,73,3302833,172937,152510,0,152510,1472
2020-12-30,San Francisco,75,870044,24715,23099,248,23347,182
2020-12-30,San Joaquin,77,732212,48435,44465,1792,46257,634
2020-12-30,San Luis Obispo,79,281455,11996,10542,277,10819,89
2020-12-30,San Mateo,81,765935,27033,24150,121,24271,190
2020-12-30,Santa Barbara,83,443738,19298,16895,559,17454,161
2020-12-30,Santa Clara,85,1922200,75163,67218,313,67531,661
2020-12-30,Santa Cruz,87,273765,10074,8787,398,9185,86
2020-12-30,Shasta,89,179085,8517,7818,766,8584,69
2020-12-30,Sierra,91,2930,34,25,8,33,0
2020-12-30,Siskiyou,93,43540,1050,913,124,1037,3
2020-12-30,Solano,95,438530,20543,18300,219,18519,96
2020-12-30,Sonoma,97,501317,20252,18947,114,19061,191
2020-12-30,Stanislaus,99,539301,36285,33730,3497,37227,526
2020-12-30,Sutter,101,95872,6708,6328,48,6376,51
2020-12-30,Tehama,103,63373,3224,2969,333,3302,9
2020-12-30,Trinity,105,12862,306,231,32,263,2
2020-12-30,Tulare,107,460477,35442,32413,4195,36608,430
2020-12-30,Tuolumne,109,53932,3005,2772,12,2784,12
2020-12-30,Ventura,111,848112,44219,39039,1807,40846,251
2020-12-30,Yolo,113,214977,9063,8067,73,8140,117
2020-12-30,Yuba,115,75493,4023,3612,41,3653,18
2020-12-29,Alameda,1,1643700,54505,50946,1031,51977,552
2020-12-29,Alpine,3,1148,70,65,0,65,0
2020-12-29,Amador,5,37829,2642,2388,20,2408,23
2020-12-29,Butte,7,227075,7932,7178,971,8149,98
2020-12-29,Calaveras,9,45235,1176,1111,2,1113,21
2020-12-29,Colusa,11,21464,1346,1272,89,1361,7
2020-12-29,Contra Costa,13,1133247,42363,39225,630,39855,325
2020-12-29,Del Norte,15,27424,761,724,0,724,2
2020-12-29,El Dorado,17,186661,6476,5551,337,5888,22
2020-12-29,Fresno,19,978130,70357,65149,4933,70082,688
2020-12-29,Glenn,21,27897,1616,1454,282,1736,9
2020-12-29,Humboldt,23,135768,1844,1616,7,1623,19
2020-12-29,Imperial,25,180216,23353,22105,1498,23603,407
2020-12-29,Inyo,27,18085,705,571,1,572,19
2020-12-29,Kern,29,883053,68180,63096,5472,68568,589
2020-12-29,Kings,31,150075,16706,15777,595,16372,108
2020-12-29,Lake,33,64148,1997,1805,0,1805,22
2020-12-29,Lassen,35,31185,4550,4288,55,4343,1
2020-12-29,Los Angeles,37,10098052,808286,731907,23794,755701,9786
2020-12-29,Madera,39,155013,11103,10251,469,10720,64
2020-12-29,Marin,41,260295,9979,9595,84,9679,146
2020-12-29,Mariposa,43,17540,263,212,2,214,3
2020-12-29,Mendocino,45,87422,2520,2249,21,2270,24
2020-12-29,Merced,47,269075,19523,18464,360,18824,221
2020-12-29,Modoc,49,8938,264,232,77,309,0
2020-12-29,Mono,51,14174,894,868,9,877,3
2020-12-29,Monterey,53,433212,28804,26894,729,27623,185
2020-12-29,Napa,55,140530,6145,5663,25,5688,28
2020-12-29,Nevada,57,99092,2825,2550,92,2642,15
2020-12-29,Orange,59,3164182,169739,154411,6766,161177,1839
2020-12-29,Placer,61,380077,14963,13392,629,14021,126
2020-12-29,Plumas,63,18699,478,395,9,404,1
2020-12-29,Riverside,65,2383286,193743,177624,9156,186780,1904
2020-12-29,Sacramento,67,1510023,67760,65078,665,65743,820
2020-12-29,San Benito,69,59416,3781,3474,32,3506,25
2020-12-29,San Bernardino,71,2135413,208788,190476,5582,196058,1557
2020-12-29,San Diego,73,3302833,168716,150062,0,150062,1435
2020-12-29,San Francisco,75,870044,24379,22996,239,23235,178
2020-12-29,San Joaquin,77,732212,47521,44699,1735,46434,622
2020-12-29,San Luis Obispo,79,281455,11701,10387,269,10656,80
2020-12-29,San Mateo,81,765935,26495,23773,112,23885,189
2020-12-29,Santa Barbara,83,443738,18835,16797,533,17330,155
2020-12-29,Santa Clara,85,1922200,73620,67581,310,67891,621
2020-12-29,Santa Cruz,87,273765,9804,8492,389,8881,84
2020-12-29,Shasta,89,179085,8412,7782,751,8533,65
2020-12-29,Sierra,91,2930,31,24,7,31,0
2020-12-29,Siskiyou,93,43540,1035,926,122,1048,3
2020-12-29,Solano,95,438530,20161,18412,214,18626,96
2020-12-29,Sonoma,97,501317,19917,18790,112,18902,187
2020-12-29,Stanislaus,99,539301,35787,33775,3433,37208,508
2020-12-29,Sutter,101,95872,6640,6302,48,6350,50
2020-12-29,Tehama,103,63373,3157,2962,318,3280,9
2020-12-29,Trinity,105,12862,306,241,32,273,2
2020-12-29,Tulare,107,460477,34784,32545,4063,36608,419
2020-12-29,Tuolumne,109,53932,2963,2797,12,2809,12
2020-12-29,Ventura,111,848112,42968,38669,1779,40448,235
2020-12-29,Yolo,113,214977,8933,8124,71,8195,111
2020-12-29,Yuba,115,75493,3943,3723,41,3764,18
2020-12-28,Alameda,1,1643700,53473,50405,1008,51413,551
2020-12-28,Alpine,3,1148,69,65,0,65,0
2020-12-28,Amador,5,37829,2572,2255,20,2275,23
2020-12-28,Butte,7,227075,7766,7053,941,7994,86
2020-12-28,Calaveras,9,45235,1154,1102,2,1104,21
2020-12-28,Colusa,11,21464,1322,1255,74,1329,7
2020-12-28,Contra Costa,13,1133247,41432,38872,603,39475,324
2020-12-28,Del Norte,15,27424,751,718,0,718,2
2020-12-28,El Dorado,17,186661,6320,5441,324,5765,18
2020-12-28,Fresno,19,978130,69091,64274,4776,69050,679
2020-12-28,Glenn,21,27897,1582,1435,270,1705,9
2020-12-28,Humboldt,23,135768,1809,1579,7,1586,19
2020-12-28,Imperial,25,180216,23091,22003,1421,23424,405
2020-12-28,Inyo,27,18085,698,569,1,570,19
2020-12-28,Kern,29,883053,67122,62392,5263,67655,579
2020-12-28,Kings,31,150075,16490,15733,577,16310,108
2020-12-28,Lake,33,64148,1955,1785,0,1785,22
2020-12-28,Lassen,35,31185,4443,4284,54,4338,1
2020-12-28,Los Angeles,37,10098052,786024,720699,22942,743641,9544
2020-12-28,Madera,39,155013,10929,10123,446,10569,64
2020-12-28,Marin,41,260295,9870,9546,77,9623,145
2020-12-28,Mariposa,43,17540,239,211,2,213,3
2020-12-28,Mendocino,45,87422,2485,2214,21,2235,23
2020-12-28,Merced,47,269075,19202,18245,342,18587,213
2020-12-28,Modoc,49,8938,259,220,76,296,0
2020-12-28,Mono,51,14174,890,848,9,857,3
2020-12-28,Monterey,53,433212,27972,26529,716,27245,182
2020-12-28,Napa,55,140530,6036,5576,25,5601,26
2020-12-28,Nevada,57,99092,2778,2532,87,2619,15
2020-12-28,Orange,59,3164182,165621,152089,6586,158675,1839
2020-12-28,Placer,61,380077,14622,13234,601,13835,126
2020-12-28,Plumas,63,18699,474,391,9,400,0
2020-12-28,Riverside,65,2383286,188912,174029,8847,182876,1855
2020-12-28,Sacramento,67,1510023,66533,64322,640,64962,813
2020-12-28,San Benito,69,59416,3710,3429,31,3460,24
2020-12-28,San Bernardino,71,2135413,203699,188919,5459,194378,1552
2020-12-28,San Diego,73,3302833,163978,147528,0,147528,1404
2020-12-28,San Francisco,75,870044,24019,22726,233,22959,178
2020-12-28,San Joaquin,77,732212,46586,44172,1704,45876,618
2020-12-28,San Luis Obispo,79,281455,11351,10260,264,10524,76
2020-12-28,San Mateo,81,765935,26026,23467,109,23576,189
2020-12-28,Santa Barbara,83,443738,18378,16579,519,17098,155
2020-12-28,Santa Clara,85,1922200,72130,66418,303,66721,619
2020-12-28,Santa Cruz,87,273765,9538,8310,379,8689,81
2020-12-28,Shasta,89,179085,8293,7688,738,8426,65
2020-12-28,Sierra,91,2930,29,24,7,31,0
2020-12-28,Siskiyou,93,43540,1020,915,116,1031,3
2020-12-28,Solano,95,438530,19586,18171,208,18379,96
2020-12-28,Sonoma,97,501317,19573,18667,110,18777,185
2020-12-28,Stanislaus,99,539301,35242,33473,3367,36840,507
2020-12-28,Sutter,101,95872,6557,6253,48,6301,49
2020-12-28,Tehama,103,63373,3104,2934,309,3243,9
2020-12-28,Trinity,105,12862,304,240,32,272,2
2020-12-28,Tulare,107,460477,34102,32010,3951,35961,404
2020-12-28,Tuolumne,109,53932,2947,2777,12,2789,12
2020-12-28,Ventura,111,848112,41302,37151,1729,38880,230
2020-12-28,Yolo,113,214977,8778,8031,70,8101,111
2020-12-28,Yuba,115,75493,3881,3679,40,3719,18
2020-12-27,Alameda,1,1643700,52239,49764,979,50743,551
2020-12-27,Alpine,3,1148,67,65,0,65,0
2020-12-27,Amador,5,37829,2451,2218,20,2238,23
2020-12-27,Butte,7,227075,7612,7016,904,7920,86
2020-12-27,Calaveras,9,45235,1109,1097,2,1099,21
2020-12-27,Colusa,11,21464,1297,1253,71,1324,7
2020-12-27,Contra Costa,13,1133247,40513,38428,573,39001,324
2020-12-27,Del Norte,15,27424,728,712,0,712,2
2020-12-27,El Dorado,17,186661,6107,5388,298,5686,18
2020-12-27,Fresno,19,978130,67851,63811,4560,68371,679
2020-12-27,Glenn,21,27897,1556,1434,255,1689,9
2020-12-27,Humboldt,23,135768,1766,1575,7,1582,17
2020-12-27,Imperial,25,180216,22805,21934,1302,23236,405
2020-12-27,Inyo,27,18085,676,565,1,566,18
2020-12-27,Kern,29,883053,65851,61914,5090,67004,568
2020-12-27,Kings,31,150075,16255,15593,541,16134,108
2020-12-27,Lake,33,64148,1901,1769,0,1769,22
2020-12-27,Lassen,35,31185,4366,4230,47,4277,1
2020-12-27,Los Angeles,37,10098052,764639,707260,21995,729255,9476
2020-12-27,Madera,39,155013,10671,10005,436,10441,64
2020-12-27,Marin,41,260295,9747,9477,71,9548,144
2020-12-27,Mariposa,43,17540,232,208,2,210,3
2020-12-27,Mendocino,45,87422,2437,2209,21,2230,23
2020-12-27,Merced,47,269075,18834,18075,326,18401,213
2020-12-27,Modoc,49,8938,250,221,72,293,0
2020-12-27,Mono,51,14174,871,849,9,858,3
2020-12-27,Monterey,53,433212,27431,26322,699,27021,181
2020-12-27,Napa,55,140530,5901,5496,25,5521,26
2020-12-27,Nevada,57,99092,2742,2519,87,2606,15
2020-12-27,Orange,59,3164182,161228,149276,6393,155669,1839
2020-12-27,Placer,61,380077,14333,13017,568,13585,126
2020-12-27,Plumas,63,18699,468,390,9,399,0
2020-12-27,Riverside,65,2383286,184101,171995,8530,180525,1836
2020-12-27,Sacramento,67,1510023,65333,63416,614,64030,811
2020-12-27,San Benito,69,59416,3624,3394,31,3425,24
2020-12-27,San Bernardino,71,2135413,198646,186776,5311,192087,1551
2020-12-27,San Diego,73,3302833,159573,145777,0,145777,1402
2020-12-27,San Francisco,75,870044,23670,22514,224,22738,178
2020-12-27,San Joaquin,77,732212,45549,43529,1651,45180,618
2020-12-27,San Luis Obispo,79,281455,10944,10154,259,10413,76
2020-12-27,San Mateo,81,765935,25461,23136,105,23241,187
2020-12-27,Santa Barbara,83,443738,17860,16364,490,16854,155
2020-12-27,Santa Clara,85,1922200,70509,65288,297,65585,619
2020-12-27,Santa Cruz,87,273765,9271,8234,370,8604,81
2020-12-27,Shasta,89,179085,8169,7671,714,8385,65
2020-12-27,Sierra,91,2930,29,24,6,30,0
2020-12-27,Siskiyou,93,43540,1009,914,111,1025,3
2020-12-27,Solano,95,438530,19094,17840,202,18042,96
2020-12-27,Sonoma,97,501317,19287,18487,109,18596,185
2020-12-27,Stanislaus,99,539301,34642,33076,3271,36347,506
2020-12-27,Sutter,101,95872,6475,6218,46,6264,48
2020-12-27,Tehama,103,63373,3033,2922,291,3213,9
2020-12-27,Trinity,105,12862,300,240,30,270,2
2020-12-27,Tulare,107,460477,33511,31864,3831,35695,400
2020-12-27,Tuolumne,109,53932,2840,2750,10,2760,12
2020-12-27,Ventura,111,848112,40242,36661,1674,38335,230
2020-12-27,Yolo,113,214977,8587,7919,63,7982,111
2020-12-27,Yuba,115,75493,3819,3665,38,3703,18
2020-12-26,Alameda,1,1643700,51632,49084,966,50050,551
2020-12-26,Alpine,3,1148,67,65,0,65,0
2020-12-26,Amador,5,37829,2437,2189,20,2209,23
2020-12-26,Butte,7,227075,7518,6968,882,7850,86
2020-12-26,Calaveras,9,45235,1103,1084,2,1086,21
2020-12-26,Colusa,11,21464,1287,1240,71,1311,7
2020-12-26,Contra Costa,13,1133247,40053,38008,559,38567,324
2020-12-26,Del Norte,15,27424,722,709,0,709,2
2020-12-26,El Dorado,17,186661,6052,5279,293,5572,18
2020-12-26,Fresno,19,978130,67384,63080,4495,67575,679
2020-12-26,Glenn,21,27897,1535,1413,249,1662,9
2020-12-26,Humboldt,23,135768,1728,1545,7,1552,17
2020-12-26,Imperial,25,180216,22716,21734,1249,22983,405
2020-12-26,Inyo,27,18085,663,554,1,555,18
2020-12-26,Kern,29,883053,65189,61174,4930,66104,564
2020-12-26,Kings,31,150075,16137,15517,536,16053,108
2020-12-26,Lake,33,64148,1858,1710,0,1710,22
2020-12-26,Lassen,35,31185,4345,3981,47,4028,1
2020-12-26,Los Angeles,37,10098052,756136,694149,21455,715604,9424
2020-12-26,Madera,39,155013,10597,9908,422,10330,64
2020-12-26,Marin,41,260295,9712,9413,70,9483,143
2020-12-26,Mariposa,43,17540,231,206,2,208,3
2020-12-26,Mendocino,45,87422,2391,2194,21,2215,23
2020-12-26,Merced,47,269075,18677,17890,321,18211,213
2020-12-26,Modoc,49,8938,247,222,72,294,0
2020-12-26,Mono,51,14174,865,850,9,859,3
2020-12-26,Monterey,53,433212,27298,26010,690,26700,182
2020-12-26,Napa,55,140530,5843,5427,25,5452,26
2020-12-26,Nevada,57,99092,2714,2480,87,2567,15
2020-12-26,Orange,59,3164182,159053,147304,6294,153598,1838
2020-12-26,Placer,61,380077,14168,12816,552,13368,122
2020-12-26,Plumas,63,18699,465,381,9,390,0
2020-12-26,Riverside,65,2383286,181673,169360,8365,177725,1834
2020-12-26,Sacramento,67,1510023,64711,62435,604,63039,807
2020-12-26,San Benito,69,59416,3551,3330,31,3361,24
2020-12-26,San Bernardino,71,2135413,197003,185111,5223,190334,1551
2020-12-26,San Diego,73,3302833,157052,142644,0,142644,1402
2020-12-26,San Francisco,75,870044,23437,22319,223,22542,177
2020-12-26,San Joaquin,77,732212,45163,42887,1602,44489,618
2020-12-26,San Luis Obispo,79,281455,10858,9945,253,10198,76
2020-12-26,San Mateo,81,765935,25123,22908,99,23007,187
2020-12-26,Santa Barbara,83,443738,17623,16159,484,16643,155
2020-12-26,Santa Clara,85,1922200,69448,64185,294,64479,618
2020-12-26,Santa Cruz,87,273765,9147,8113,360,8473,81
2020-12-26,Shasta,89,179085,8110,7641,701,8342,65
2020-12-26,Sierra,91,2930,29,24,6,30,0
2020-12-26,Siskiyou,93,43540,1003,909,106,1015,2
2020-12-26,Solano,95,438530,18854,17528,202,17730,96
2020-12-26,Sonoma,97,501317,19088,18261,107,18368,184
2020-12-26,Stanislaus,99,539301,34352,32678,3220,35898,505
2020-12-26,Sutter,101,95872,6416,6121,46,6167,48
2020-12-26,Tehama,103,63373,3006,2884,285,3169,9
2020-12-26,Trinity,105,12862,300,237,29,266,2
2020-12-26,Tulare,107,460477,33214,31665,3777,35442,398
2020-12-26,Tuolumne,109,53932,2829,2703,10,2713,12
2020-12-26,Ventura,111,848112,39280,36064,1639,37703,230
2020-12-26,Yolo,113,214977,8484,7785,61,7846,111
2020-12-26,Yuba,115,75493,3792,3599,38,3637,18
2020-12-25,Alameda,1,1643700,51073,48365,951,49316,542
2020-12-25,Alpine,3,1148,67,64,0,64,0
2020-12-25,Amador,5,37829,2394,2172,20,2192,23
2020-12-25,Butte,7,227075,7421,6873,861,7734,85
2020-12-25,Calaveras,9,45235,1100,1062,2,1064,21
2020-12-25,Colusa,11,21464,1275,1219,70,1289,7
2020-12-25,Contra Costa,13,1133247,39581,37480,533,38013,324
2020-12-25,Del Norte,15,27424,719,692,0,692,2
2020-12-25,El Dorado,17,186661,5988,5170,278,5448,16
2020-12-25,Fresno,19,978130,66526,62251,4407,66658,679
2020-12-25,Glenn,21,27897,1520,1390,241,1631,9
2020-12-25,Humboldt,23,135768,1690,1532,7,1539,16
2020-12-25,Imperial,25,180216,22626,21646,1237,22883,405
2020-12-25,Inyo,27,18085,654,546,1,547,18
2020-12-25,Kern,29,883053,64467,60417,4778,65195,562
2020-12-25,Kings,31,150075,16027,15460,531,15991,108
2020-12-25,Lake,33,64148,1838,1669,0,1669,20
2020-12-25,Lassen,35,31185,4330,3926,47,3973,1
2020-12-25,Los Angeles,37,10098052,742528,665600,20744,686344,9292
2020-12-25,Madera,39,155013,10427,9770,414,10184,64
2020-12-25,Marin,41,260295,9664,9375,67,9442,143
2020-12-25,Mariposa,43,17540,225,203,2,205,3
2020-12-25,Mendocino,45,87422,2349,2176,21,2197,23
2020-12-25,Merced,47,269075,18517,17726,314,18040,213
2020-12-25,Modoc,49,8938,246,221,72,293,0
2020-12-25,Mono,51,14174,863,843,9,852,3
2020-12-25,Monterey,53,433212,27027,25788,681,26469,182
2020-12-25,Napa,55,140530,5763,5351,25,5376,26
2020-12-25,Nevada,57,99092,2688,2458,85,2543,15
2020-12-25,Orange,59,3164182,156394,144542,6092,150634,1814
2020-12-25,Placer,61,380077,13986,12660,529,13189,122
2020-12-25,Plumas,63,18699,458,381,9,390,0
2020-12-25,Riverside,65,2383286,178429,166690,8036,174726,1825
2020-12-25,Sacramento,67,1510023,64017,61630,577,62207,796
2020-12-25,San Benito,69,59416,3513,3281,29,3310,24
2020-12-25,San Bernardino,71,2135413,194366,181812,5102,186914,1546
2020-12-25,San Diego,73,3302833,154572,139958,0,139958,1402
2020-12-25,San Francisco,75,870044,23161,22130,218,22348,175
2020-12-25,San Joaquin,77,732212,44859,42089,1543,43632,614
2020-12-25,San Luis Obispo,79,281455,10675,9749,246,9995,76
2020-12-25,San Mateo,81,765935,24800,22568,96,22664,187
2020-12-25,Santa Barbara,83,443738,17400,15936,475,16411,155
2020-12-25,Santa Clara,85,1922200,68332,63173,285,63458,612
2020-12-25,Santa Cruz,87,273765,9007,8018,336,8354,81
2020-12-25,Shasta,89,179085,8037,7612,678,8290,65
2020-12-25,Sierra,91,2930,29,24,5,29,0
2020-12-25,Siskiyou,93,43540,997,905,103,1008,2
2020-12-25,Solano,95,438530,18683,17280,200,17480,96
2020-12-25,Sonoma,97,501317,18912,18035,105,18140,184
2020-12-25,Stanislaus,99,539301,34062,32290,3171,35461,498
2020-12-25,Sutter,101,95872,6357,6051,45,6096,47
2020-12-25,Tehama,103,63373,2961,2839,271,3110,9
2020-12-25,Trinity,105,12862,297,236,29,265,2
2020-12-25,Tulare,107,460477,32835,31323,3709,35032,398
2020-12-25,Tuolumne,109,53932,2810,2674,10,2684,12
2020-12-25,Ventura,111,848112,38127,35514,1588,37102,230
2020-12-25,Yolo,113,214977,8385,7700,59,7759,111
2020-12-25,Yuba,115,75493,3757,3549,37,3586,17
2020-12-24,Alameda,1,1643700,50745,47527,930,48457,541
2020-12-24,Alpine,3,1148,67,64,0,64,0
2020-12-24,Amador,5,37829,2382,2145,20,2165,23
2020-12-24,Butte,7,227075,7383,6716,846,7562,84
2020-12-24,Calaveras,9,45235,1096,1032,2,1034,21
2020-12-24,Colusa,11,21464,1270,1188,69,1257,7
2020-12-24,Contra Costa,13,1133247,39336,36623,521,37144,311
2020-12-24,Del Norte,15,27424,719,678,0,678,2
2020-12-24,El Dorado,17,186661,5962,5042,270,5312,16
2020-12-24,Fresno,19,978130,66303,61435,4393,65828,663
2020-12-24,Glenn,21,27897,1509,1363,233,1596,9
2020-12-24,Humboldt,23,135768,1667,1516,7,1523,16
2020-12-24,Imperial,25,180216,22577,21545,1228,22773,402
2020-12-24,Inyo,27,18085,652,532,1,533,17
2020-12-24,Kern,29,883053,64181,59601,4765,64366,556
2020-12-24,Kings,31,150075,15987,15211,530,15741,108
2020-12-24,Lake,33,64148,1824,1629,0,1629,20
2020-12-24,Lassen,35,31185,4317,3894,47,3941,1
2020-12-24,Los Angeles,37,10098052,738385,664840,20473,685313,9288
2020-12-24,Madera,39,155013,10389,9547,407,9954,63
2020-12-24,Marin,41,260295,9631,9287,67,9354,143
2020-12-24,Mariposa,43,17540,221,197,2,199,3
2020-12-24,Mendocino,45,87422,2339,2150,21,2171,23
2020-12-24,Merced,47,269075,18447,17485,310,17795,212
2020-12-24,Modoc,49,8938,246,220,71,291,0
2020-12-24,Mono,51,14174,861,817,9,826,3
2020-12-24,Monterey,53,433212,26923,25131,674,25805,180
2020-12-24,Napa,55,140530,5709,5265,25,5290,26
2020-12-24,Nevada,57,99092,2664,2429,85,2514,15
2020-12-24,Orange,59,3164182,154938,141205,6042,147247,1775
2020-12-24,Placer,61,380077,13908,12457,522,12979,121
2020-12-24,Plumas,63,18699,455,376,9,385,0
2020-12-24,Riverside,65,2383286,177525,162435,7997,170432,1816
2020-12-24,Sacramento,67,1510023,63742,60596,575,61171,788
2020-12-24,San Benito,69,59416,3483,3183,29,3212,24
2020-12-24,San Bernardino,71,2135413,193360,176866,5067,181933,1533
2020-12-24,San Diego,73,3302833,153490,136952,0,136952,1382
2020-12-24,San Francisco,75,870044,22997,21830,215,22045,175
2020-12-24,San Joaquin,77,732212,44698,41324,1524,42848,611
2020-12-24,San Luis Obispo,79,281455,10606,9504,244,9748,77
2020-12-24,San Mateo,81,765935,24602,22093,96,22189,186
2020-12-24,Santa Barbara,83,443738,17296,15644,467,16111,153
2020-12-24,Santa Clara,85,1922200,67730,61742,278,62020,591
2020-12-24,Santa Cruz,87,273765,8937,7856,323,8179,82
2020-12-24,Shasta,89,179085,7997,7540,660,8200,65
2020-12-24,Sierra,91,2930,27,23,2,25,0
2020-12-24,Siskiyou,93,43540,993,900,96,996,2
2020-12-24,Solano,95,438530,18542,16872,195,17067,96
2020-12-24,Sonoma,97,501317,18814,17710,105,17815,183
2020-12-24,Stanislaus,99,539301,33868,31848,3146,34994,498
2020-12-24,Sutter,101,95872,6316,5960,44,6004,47
2020-12-24,Tehama,103,63373,2945,2779,271,3050,9
2020-12-24,Trinity,105,12862,296,235,29,264,2
2020-12-24,Tulare,107,460477,32721,30827,3682,34509,390
2020-12-24,Tuolumne,109,53932,2802,2653,10,2663,12
2020-12-24,Ventura,111,848112,37849,34400,1581,35981,224
2020-12-24,Yolo,113,214977,8346,7566,59,7625,113
2020-12-24,Yuba,115,75493,3732,3483,37,3520,16
2020-12-23,Alameda,1,1643700,50180,46753,902,47655,537
2020-12-23,Alpine,3,1148,67,64,0,64,0
2020-12-23,Amador,5,37829,2314,2108,19,2127,23
2020-12-23,Butte,7,227075,7297,6588,818,7406,84
2020-12-23,Calaveras,9,45235,1089,1002,1,1003,21
2020-12-23,Colusa,11,21464,1259,1167,69,1236,7
2020-12-23,Contra Costa,13,1133247,38938,36190,507,36697,311
2020-12-23,Del Norte,15,27424,712,670,0,670,2
2020-12-23,El Dorado,17,186661,5888,4967,261,5228,14
2020-12-23,Fresno,19,978130,65697,60488,4325,64813,654
2020-12-23,Glenn,21,27897,1495,1349,229,1578,9
2020-12-23,Humboldt,23,135768,1642,1458,7,1465,16
2020-12-23,Imperial,25,180216,22483,21323,1198,22521,399
2020-12-23,Inyo,27,18085,640,517,1,518,17
2020-12-23,Kern,29,883053,63669,58656,4666,63322,549
2020-12-23,Kings,31,150075,15909,14923,527,15450,105
2020-12-23,Lake,33,64148,1808,1595,0,1595,20
2020-12-23,Lassen,35,31185,4307,3865,44,3909,1
2020-12-23,Los Angeles,37,10098052,729395,651958,19900,671858,9146
2020-12-23,Madera,39,155013,10233,9371,392,9763,63
2020-12-23,Marin,41,260295,9573,9199,64,9263,142
2020-12-23,Mariposa,43,17540,219,194,2,196,3
2020-12-23,Mendocino,45,87422,2327,2121,21,2142,23
2020-12-23,Merced,47,269075,18291,17250,303,17553,203
2020-12-23,Modoc,49,8938,242,197,70,267,0
2020-12-23,Mono,51,14174,859,814,9,823,3
2020-12-23,Monterey,53,433212,26625,24856,668,25524,176
2020-12-23,Napa,55,140530,5641,5172,25,5197,25
2020-12-23,Nevada,57,99092,2619,2406,84,2490,15
2020-12-23,Orange,59,3164182,152500,138050,5868,143918,1771
2020-12-23,Placer,61,380077,13702,12213,514,12727,111
2020-12-23,Plumas,63,18699,448,369,9,378,0
2020-12-23,Riverside,65,2383286,175301,158110,7829,165939,1790
2020-12-23,Sacramento,67,1510023,63097,59661,560,60221,779
2020-12-23,San Benito,69,59416,3428,3073,27,3100,24
2020-12-23,San Bernardino,71,2135413,191331,172888,4998,177886,1509
2020-12-23,San Diego,73,3302833,151069,134695,0,134695,1350
2020-12-23,San Francisco,75,870044,22774,21498,212,21710,174
2020-12-23,San Joaquin,77,732212,44175,35664,1482,37146,602
2020-12-23,San Luis Obispo,79,281455,10465,9267,238,9505,74
2020-12-23,San Mateo,81,765935,24298,21780,94,21874,186
2020-12-23,Santa Barbara,83,443738,17089,15399,437,15836,152
2020-12-23,Santa Clara,85,1922200,66823,60455,273,60728,579
2020-12-23,Santa Cruz,87,273765,8777,7637,305,7942,75
2020-12-23,Shasta,89,179085,7924,7487,653,8140,66
2020-12-23,Sierra,91,2930,27,23,0,23,0
2020-12-23,Siskiyou,93,43540,973,891,93,984,2
2020-12-23,Solano,95,438530,18335,16626,190,16816,95
2020-12-23,Sonoma,97,501317,18610,17397,105,17502,182
2020-12-23,Stanislaus,99,539301,33527,31492,3089,34581,499
2020-12-23,Sutter,101,95872,6251,5871,44,5915,46
2020-12-23,Tehama,103,63373,2924,2737,267,3004,9
2020-12-23,Trinity,105,12862,296,234,29,263,2
2020-12-23,Tulare,107,460477,32427,30315,3640,33955,385
2020-12-23,Tuolumne,109,53932,2762,2540,10,2550,12
2020-12-23,Ventura,111,848112,37460,33377,1547,34924,216
2020-12-23,Yolo,113,214977,8266,7508,57,7565,112
2020-12-23,Yuba,115,75493,3681,3438,36,3474,14
2020-12-22,Alameda,1,1643700,49295,45751,869,46620,534
2020-12-22,Alpine,3,1148,67,64,0,64,0
2020-12-22,Amador,5,37829,2303,1839,19,1858,23
2020-12-22,Butte,7,227075,7170,6467,801,7268,85
2020-12-22,Calaveras,9,45235,1062,988,0,988,21
2020-12-22,Colusa,11,21464,1236,1150,65,1215,7
2020-12-22,Contra Costa,13,1133247,38315,35681,494,36175,301
2020-12-22,Del Norte,15,27424,706,666,0,666,2
2020-12-22,El Dorado,17,186661,5767,4885,247,5132,12
2020-12-22,Fresno,19,978130,64670,59640,4212,63852,640
2020-12-22,Glenn,21,27897,1472,1337,218,1555,9
2020-12-22,Humboldt,23,135768,1608,1440,7,1447,16
2020-12-22,Imperial,25,180216,22296,21128,1154,22282,398
2020-12-22,Inyo,27,18085,619,506,1,507,17
2020-12-22,Kern,29,883053,62728,57816,4518,62334,547
2020-12-22,Kings,31,150075,15770,14855,520,15375,102
2020-12-22,Lake,33,64148,1784,1569,0,1569,20
2020-12-22,Lassen,35,31185,4165,3848,42,3890,1
2020-12-22,Los Angeles,37,10098052,712206,635931,19168,655099,9013
2020-12-22,Madera,39,155013,10115,9187,376,9563,63
2020-12-22,Marin,41,260295,9510,9115,63,9178,142
2020-12-22,Mariposa,43,17540,216,194,2,196,3
2020-12-22,Mendocino,45,87422,2294,2092,21,2113,23
2020-12-22,Merced,47,269075,18046,17012,299,17311,201
2020-12-22,Modoc,49,8938,234,182,69,251,0
2020-12-22,Mono,51,14174,849,786,9,795,3
2020-12-22,Monterey,53,433212,25962,24152,648,24800,176
2020-12-22,Napa,55,140530,5554,5059,25,5084,23
2020-12-22,Nevada,57,99092,2592,2367,83,2450,14
2020-12-22,Orange,59,3164182,149141,134850,5694,140544,1774
2020-12-22,Placer,61,380077,13472,11943,493,12436,105
2020-12-22,Plumas,63,18699,442,360,9,369,0
2020-12-22,Riverside,65,2383286,171534,155059,7546,162605,1777
2020-12-22,Sacramento,67,1510023,62172,57966,540,58506,772
2020-12-22,San Benito,69,59416,3351,2998,27,3025,24
2020-12-22,San Bernardino,71,2135413,186762,169266,4845,174111,1500
2020-12-22,San Diego,73,3302833,147716,132097,0,132097,1311
2020-12-22,San Francisco,75,870044,22505,21232,208,21440,174
2020-12-22,San Joaquin,77,732212,43422,39423,1434,40857,592
2020-12-22,San Luis Obispo,79,281455,10122,9174,233,9407,69
2020-12-22,San Mateo,81,765935,23970,21382,78,21460,186
2020-12-22,Santa Barbara,83,443738,16828,15189,427,15616,150
2020-12-22,Santa Clara,85,1922200,65658,59192,266,59458,569
2020-12-22,Santa Cruz,87,273765,8599,7471,278,7749,72
2020-12-22,Shasta,89,179085,7845,7371,636,8007,64
2020-12-22,Sierra,91,2930,27,23,0,23,0
2020-12-22,Siskiyou,93,43540,968,880,90,970,2
2020-12-22,Solano,95,438530,17931,16229,187,16416,95
2020-12-22,Sonoma,97,501317,18292,17216,105,17321,180
2020-12-22,Stanislaus,99,539301,33151,30914,3014,33928,499
2020-12-22,Sutter,101,95872,6190,5791,43,5834,46
2020-12-22,Tehama,103,63373,2877,2688,259,2947,9
2020-12-22,Trinity,105,12862,296,231,29,260,2
2020-12-22,Tulare,107,460477,31966,30025,3568,33593,377
2020-12-22,Tuolumne,109,53932,2707,2526,10,2536,12
2020-12-22,Ventura,111,848112,36701,32488,1498,33986,213
2020-12-22,Yolo,113,214977,8153,7388,56,7444,113
2020-12-22,Yuba,115,75493,3631,3379,36,3415,14
2020-12-21,Alameda,1,1643700,48397,44756,840,45596,518
2020-12-21,Alpine,3,1148,66,64,0,64,0
2020-12-21,Amador,5,37829,2226,1815,19,1834,23
2020-12-21,Butte,7,227075,7015,6335,777,7112,81
2020-12-21,Calaveras,9,45235,1032,963,0,963,21
2020-12-21,Colusa,11,21464,1209,1135,60,1195,7
2020-12-21,Contra Costa,13,1133247,37568,35207,457,35664,300
2020-12-21,Del Norte,15,27424,695,660,0,660,2
2020-12-21,El Dorado,17,186661,5621,4805,233,5038,10
2020-12-21,Fresno,19,978130,63524,58568,4060,62628,634
2020-12-21,Glenn,21,27897,1440,1323,210,1533,9
2020-12-21,Humboldt,23,135768,1584,1419,7,1426,16
2020-12-21,Imperial,25,180216,22025,20994,1110,22104,395
2020-12-21,Inyo,27,18085,598,482,1,483,17
2020-12-21,Kern,29,883053,61838,56836,4377,61213,541
2020-12-21,Kings,31,150075,15520,14760,504,15264,100
2020-12-21,Lake,33,64148,1730,1538,0,1538,20
2020-12-21,Lassen,35,31185,4005,3798,40,3838,1
2020-12-21,Los Angeles,37,10098052,693208,624129,18447,642576,8918
2020-12-21,Madera,39,155013,9923,9069,356,9425,63
2020-12-21,Marin,41,260295,9441,9035,63,9098,142
2020-12-21,Mariposa,43,17540,211,186,2,188,3
2020-12-21,Mendocino,45,87422,2264,2066,20,2086,23
2020-12-21,Merced,47,269075,17798,16710,282,16992,198
2020-12-21,Modoc,49,8938,220,181,68,249,0
2020-12-21,Mono,51,14174,837,781,9,790,3
2020-12-21,Monterey,53,433212,25430,23673,634,24307,174
2020-12-21,Napa,55,140530,5466,4952,25,4977,23
2020-12-21,Nevada,57,99092,2559,2337,83,2420,13
2020-12-21,Orange,59,3164182,145737,130444,5536,135980,1772
2020-12-21,Placer,61,380077,13247,11715,473,12188,105
2020-12-21,Plumas,63,18699,438,353,9,362,0
2020-12-21,Riverside,65,2383286,167341,151713,7202,158915,1743
2020-12-21,Sacramento,67,1510023,61156,57064,523,57587,759
2020-12-21,San Benito,69,59416,3282,2921,27,2948,22
2020-12-21,San Bernardino,71,2135413,181997,165086,4669,169755,1476
2020-12-21,San Diego,73,3302833,144270,129716,0,129716,1284
2020-12-21,San Francisco,75,870044,22223,21086,204,21290,174
2020-12-21,San Joaquin,77,732212,42627,38811,1381,40192,586
2020-12-21,San Luis Obispo,79,281455,9934,9006,228,9234,64
2020-12-21,San Mateo,81,765935,23565,21035,74,21109,185
2020-12-21,Santa Barbara,83,443738,16557,14988,422,15410,149
2020-12-21,Santa Clara,85,1922200,64466,57699,254,57953,570
2020-12-21,Santa Cruz,87,273765,8386,7315,264,7579,69
2020-12-21,Shasta,89,179085,7780,7299,626,7925,64
2020-12-21,Sierra,91,2930,24,23,0,23,0
2020-12-21,Siskiyou,93,43540,960,878,89,967,2
2020-12-21,Solano,95,438530,17461,15878,182,16060,95
2020-12-21,Sonoma,97,501317,18017,17075,101,17176,176
2020-12-21,Stanislaus,99,539301,32696,30437,2939,33376,499
2020-12-21,Sutter,101,95872,6095,5708,43,5751,46
2020-12-21,Tehama,103,63373,2811,2656,251,2907,9
2020-12-21,Trinity,105,12862,294,226,29,255,2
2020-12-21,Tulare,107,460477,31479,29482,3473,32955,373
2020-12-21,Tuolumne,109,53932,2682,2423,8,2431,12
2020-12-21,Ventura,111,848112,35620,31759,1461,33220,212
2020-12-21,Yolo,113,214977,8008,7266,52,7318,109
2020-12-21,Yuba,115,75493,3572,3329,36,3365,14
2020-12-20,Alameda,1,1643700,47512,44004,818,44822,516
2020-12-20,Alpine,3,1148,66,64,0,64,0
2020-12-20,Amador,5,37829,2168,1771,18,1789,23
2020-12-20,Butte,7,227075,6868,6228,739,6967,81
2020-12-20,Calaveras,9,45235,1008,926,0,926,21
2020-12-20,Colusa,11,21464,1182,1121,52,1173,7
2020-12-20,Contra Costa,13,1133247,36982,34798,438,35236,301
2020-12-20,Del Norte,15,27424,673,652,0,652,2
2020-12-20,El Dorado,17,186661,5493,4697,224,4921,10
2020-12-20,Fresno,19,978130,62542,57616,3917,61533,634
2020-12-20,Glenn,21,27897,1431,1295,203,1498,9
2020-12-20,Humboldt,23,135768,1547,1386,6,1392,15
2020-12-20,Imperial,25,180216,21783,20882,1003,21885,395
2020-12-20,Inyo,27,18085,584,476,1,477,17
2020-12-20,Kern,29,883053,60743,55983,4217,60200,540
2020-12-20,Kings,31,150075,15302,14629,484,15113,100
2020-12-20,Lake,33,64148,1684,1463,0,1463,20
2020-12-20,Lassen,35,31185,3950,3669,38,3707,1
2020-12-20,Los Angeles,37,10098052,675215,612975,17669,630644,8862
2020-12-20,Madera,39,155013,9713,8871,347,9218,63
2020-12-20,Marin,41,260295,9344,8948,59,9007,142
2020-12-20,Mariposa,43,17540,210,179,2,181,3
2020-12-20,Mendocino,45,87422,2239,2033,20,2053,23
2020-12-20,Merced,47,269075,17482,16435,275,16710,198
2020-12-20,Modoc,49,8938,220,181,66,247,0
2020-12-20,Mono,51,14174,816,774,9,783,3
2020-12-20,Monterey,53,433212,24956,23250,590,23840,173
2020-12-20,Napa,55,140530,5344,4865,23,4888,23
2020-12-20,Nevada,57,99092,2513,2289,77,2366,13
2020-12-20,Orange,59,3164182,142264,128780,5381,134161,1763
2020-12-20,Placer,61,380077,13015,11496,454,11950,105
2020-12-20,Plumas,63,18699,430,347,9,356,0
2020-12-20,Riverside,65,2383286,163164,148714,6901,155615,1742
2020-12-20,Sacramento,67,1510023,60163,56017,504,56521,755
2020-12-20,San Benito,69,59416,3210,2885,26,2911,21
2020-12-20,San Bernardino,71,2135413,177039,162810,4506,167316,1458
2020-12-20,San Diego,73,3302833,140557,126465,0,126465,1280
2020-12-20,San Francisco,75,870044,21908,20937,200,21137,174
2020-12-20,San Joaquin,77,732212,41791,38268,1316,39584,587
2020-12-20,San Luis Obispo,79,281455,9641,8881,221,9102,63
2020-12-20,San Mateo,81,765935,23130,20764,70,20834,185
2020-12-20,Santa Barbara,83,443738,16243,14817,401,15218,148
2020-12-20,Santa Clara,85,1922200,63064,56860,248,57108,566
2020-12-20,Santa Cruz,87,273765,8181,7178,251,7429,69
2020-12-20,Shasta,89,179085,7665,7256,612,7868,64
2020-12-20,Sierra,91,2930,24,22,0,22,0
2020-12-20,Siskiyou,93,43540,950,870,88,958,2
2020-12-20,Solano,95,438530,17083,15533,171,15704,95
2020-12-20,Sonoma,97,501317,17742,16802,100,16902,175
2020-12-20,Stanislaus,99,539301,32175,29995,2835,32830,498
2020-12-20,Sutter,101,95872,6008,5601,43,5644,43
2020-12-20,Tehama,103,63373,2764,2602,231,2833,9
2020-12-20,Trinity,105,12862,289,221,28,249,2
2020-12-20,Tulare,107,460477,30965,29078,3373,32451,373
2020-12-20,Tuolumne,109,53932,2570,2152,7,2159,12
2020-12-20,Ventura,111,848112,34918,31335,1426,32761,210
2020-12-20,Yolo,113,214977,7854,7121,49,7170,109
2020-12-20,Yuba,115,75493,3524,3254,34,3288,12
2020-12-19,Alameda,1,1643700,47072,43109,811,43920,516
2020-12-19,Alpine,3,1148,66,64,0,64,0
2020-12-19,Amador,5,37829,2144,1754,18,1772,23
2020-12-19,Butte,7,227075,6768,6118,715,6833,81
2020-12-19,Calaveras,9,45235,990,900,0,900,21
2020-12-19,Colusa,11,21464,1174,1096,50,1146,7
2020-12-19,Contra Costa,13,1133247,36672,34321,422,34743,301
2020-12-19,Del Norte,15,27424,671,641,0,641,2
2020-12-19,El Dorado,17,186661,5427,4588,215,4803,10
2020-12-19,Fresno,19,978130,62221,55428,3847,59275,634
2020-12-19,Glenn,21,27897,1396,1286,202,1488,9
2020-12-19,Humboldt,23,135768,1530,1357,6,1363,15
2020-12-19,Imperial,25,180216,21696,20711,952,21663,395
2020-12-19,Inyo,27,18085,577,475,1,476,17
2020-12-19,Kern,29,883053,60263,55118,4105,59223,540
2020-12-19,Kings,31,150075,15223,14474,482,14956,100
2020-12-19,Lake,33,64148,1650,1438,0,1438,20
2020-12-19,Lassen,35,31185,3922,3595,38,3633,1
2020-12-19,Los Angeles,37,10098052,668179,599888,17111,616999,8804
2020-12-19,Madera,39,155013,9622,8717,335,9052,63
2020-12-19,Marin,41,260295,9305,8864,59,8923,142
2020-12-19,Mariposa,43,17540,208,177,2,179,3
2020-12-19,Mendocino,45,87422,2214,2008,20,2028,23
2020-12-19,Merced,47,269075,17344,16230,266,16496,198
2020-12-19,Modoc,49,8938,217,181,66,247,0
2020-12-19,Mono,51,14174,812,766,9,775,3
2020-12-19,Monterey,53,433212,24845,22799,584,23383,172
2020-12-19,Napa,55,140530,5282,4772,23,4795,23
2020-12-19,Nevada,57,99092,2491,2260,77,2337,13
2020-12-19,Orange,59,3164182,140368,125574,5223,130797,1733
2020-12-19,Placer,61,380077,12862,11246,448,11694,105
2020-12-19,Plumas,63,18699,427,343,9,352,0
2020-12-19,Riverside,65,2383286,161202,146703,6658,153361,1737
2020-12-19,Sacramento,67,1510023,59632,55169,489,55658,746
2020-12-19,San Benito,69,59416,3164,2820,25,2845,21
2020-12-19,San Bernardino,71,2135413,175499,159883,4393,164276,1433
2020-12-19,San Diego,73,3302833,138791,122972,0,122972,1280
2020-12-19,San Francisco,75,870044,21758,20643,199,20842,174
2020-12-19,San Joaquin,77,732212,41392,37340,1260,38600,586
2020-12-19,San Luis Obispo,79,281455,9571,8788,218,9006,63
2020-12-19,San Mateo,81,765935,22920,20393,63,20456,182
2020-12-19,Santa Barbara,83,443738,16088,14667,393,15060,148
2020-12-19,Santa Clara,85,1922200,62257,55540,243,55783,558
2020-12-19,Santa Cruz,87,273765,8079,7054,245,7299,68
2020-12-19,Shasta,89,179085,7612,7221,600,7821,63
2020-12-19,Sierra,91,2930,24,23,0,23,0
2020-12-19,Siskiyou,93,43540,947,853,87,940,2
2020-12-19,Solano,95,438530,16917,15204,167,15371,95
2020-12-19,Sonoma,97,501317,17635,16553,100,16653,175
2020-12-19,Stanislaus,99,539301,31857,29555,2761,32316,498
2020-12-19,Sutter,101,95872,5950,5506,43,5549,41
2020-12-19,Tehama,103,63373,2713,2574,228,2802,9
2020-12-19,Trinity,105,12862,289,219,28,247,2
2020-12-19,Tulare,107,460477,30748,28734,3304,32038,375
2020-12-19,Tuolumne,109,53932,2557,2107,7,2114,12
2020-12-19,Ventura,111,848112,34638,30843,1396,32239,209
2020-12-19,Yolo,113,214977,7785,7025,48,7073,109
2020-12-19,Yuba,115,75493,3492,3168,34,3202,11
2020-12-18,Alameda,1,1643700,46536,42196,794,42990,515
2020-12-18,Alpine,3,1148,66,64,0,64,0
2020-12-18,Amador,5,37829,2127,1727,16,1743,20
2020-12-18,Butte,7,227075,6685,5891,688,6579,81
2020-12-18,Calaveras,9,45235,981,870,0,870,21
2020-12-18,Colusa,11,21464,1165,1068,50,1118,7
2020-12-18,Contra Costa,13,1133247,36391,33610,408,34018,300
2020-12-18,Del Norte,15,27424,666,627,0,627,2
2020-12-18,El Dorado,17,186661,5366,4494,204,4698,10
2020-12-18,Fresno,19,978130,61394,52643,3783,56426,613
2020-12-18,Glenn,21,27897,1380,1264,196,1460,9
2020-12-18,Humboldt,23,135768,1515,1331,6,1337,15
2020-12-18,Imperial,25,180216,21618,20430,905,21335,393
2020-12-18,Inyo,27,18085,557,454,1,455,17
2020-12-18,Kern,29,883053,59607,54220,4019,58239,533
2020-12-18,Kings,31,150075,15098,14284,476,14760,98
2020-12-18,Lake,33,64148,1640,1397,0,1397,20
2020-12-18,Lassen,35,31185,3914,3486,38,3524,1
2020-12-18,Los Angeles,37,10098052,656109,586413,16588,603001,8744
2020-12-18,Madera,39,155013,9520,8609,330,8939,63
2020-12-18,Marin,41,260295,9222,8799,59,8858,142
2020-12-18,Mariposa,43,17540,205,176,2,178,3
2020-12-18,Mendocino,45,87422,2196,1977,20,1997,24
2020-12-18,Merced,47,269075,17263,15956,263,16219,195
2020-12-18,Modoc,49,8938,217,179,66,245,0
2020-12-18,Mono,51,14174,806,731,9,740,3
2020-12-18,Monterey,53,433212,24553,22336,578,22914,165
2020-12-18,Napa,55,140530,5234,4688,23,4711,23
2020-12-18,Nevada,57,99092,2474,2220,76,2296,13
2020-12-18,Orange,59,3164182,137939,121681,5063,126744,1725
2020-12-18,Placer,61,380077,12698,10995,439,11434,104
2020-12-18,Plumas,63,18699,421,336,9,345,0
2020-12-18,Riverside,65,2383286,158385,142375,6383,148758,1733
2020-12-18,Sacramento,67,1510023,59004,53980,471,54451,736
2020-12-18,San Benito,69,59416,3116,2744,25,2769,21
2020-12-18,San Bernardino,71,2135413,173212,154272,4258,158530,1430
2020-12-18,San Diego,73,3302833,136617,120463,0,120463,1253
2020-12-18,San Francisco,75,870044,21591,20315,193,20508,173
2020-12-18,San Joaquin,77,732212,41036,36484,1224,37708,559
2020-12-18,San Luis Obispo,79,281455,9472,8598,213,8811,62
2020-12-18,San Mateo,81,765935,22605,19971,59,20030,182
2020-12-18,Santa Barbara,83,443738,15948,14361,380,14741,148
2020-12-18,Santa Clara,85,1922200,61390,53992,230,54222,539
2020-12-18,Santa Cruz,87,273765,7964,6838,237,7075,68
2020-12-18,Shasta,89,179085,7576,7114,588,7702,62
2020-12-18,Sierra,91,2930,24,23,0,23,0
2020-12-18,Siskiyou,93,43540,945,840,87,927,2
2020-12-18,Solano,95,438530,16765,14667,163,14830,95
2020-12-18,Sonoma,97,501317,17515,16261,100,16361,173
2020-12-18,Stanislaus,99,539301,31588,28967,2722,31689,490
2020-12-18,Sutter,101,95872,5866,5399,43,5442,39
2020-12-18,Tehama,103,63373,2696,2523,219,2742,9
2020-12-18,Trinity,105,12862,288,215,28,243,2
2020-12-18,Tulare,107,460477,30482,28322,3218,31540,370
2020-12-18,Tuolumne,109,53932,2546,2067,7,2074,12
2020-12-18,Ventura,111,848112,34137,29907,1352,31259,209
2020-12-18,Yolo,113,214977,7717,6901,47,6948,109
2020-12-18,Yuba,115,75493,3434,3097,34,3131,11
2020-12-17,Alameda,1,1643700,45736,41548,761,42309,508
2020-12-17,Alpine,3,1148,66,64,0,64,0
2020-12-17,Amador,5,37829,2079,1703,14,1717,19
2020-12-17,Butte,7,227075,6561,5746,668,6414,78
2020-12-17,Calaveras,9,45235,958,848,0,848,21
2020-12-17,Colusa,11,21464,1154,1053,48,1101,7
2020-12-17,Contra Costa,13,1133247,35870,33006,373,33379,293
2020-12-17,Del Norte,15,27424,661,583,0,583,1
2020-12-17,El Dorado,17,186661,5223,4327,191,4518,9
2020-12-17,Fresno,19,978130,60537,49918,3653,53571,597
2020-12-17,Glenn,21,27897,1356,1244,189,1433,9
2020-12-17,Humboldt,23,135768,1482,1322,6,1328,14
2020-12-17,Imperial,25,180216,21460,20208,827,21035,391
2020-12-17,Inyo,27,18085,539,450,1,451,16
2020-12-17,Kern,29,883053,58659,53683,3878,57561,526
2020-12-17,Kings,31,150075,14999,14057,460,14517,98
2020-12-17,Lake,33,64148,1615,1374,0,1374,20
2020-12-17,Lassen,35,31185,3878,3417,38,3455,1
2020-12-17,Los Angeles,37,10098052,640549,571093,15999,587092,8657
2020-12-17,Madera,39,155013,9404,8465,325,8790,62
2020-12-17,Marin,41,260295,9165,8721,56,8777,142
2020-12-17,Mariposa,43,17540,201,172,2,174,3
2020-12-17,Mendocino,45,87422,2162,1942,20,1962,23
2020-12-17,Merced,47,269075,16999,15648,255,15903,192
2020-12-17,Modoc,49,8938,214,179,66,245,0
2020-12-17,Mono,51,14174,797,718,9,727,3
2020-12-17,Monterey,53,433212,24034,21951,563,22514,163
2020-12-17,Napa,55,140530,5122,4612,23,4635,23
2020-12-17,Nevada,57,99092,2433,2173,73,2246,13
2020-12-17,Orange,59,3164182,134565,118367,4927,123294,1725
2020-12-17,Placer,61,380077,12430,10756,425,11181,99
2020-12-17,Plumas,63,18699,412,324,9,333,0
2020-12-17,Riverside,65,2383286,154545,139325,6159,145484,1696
2020-12-17,Sacramento,67,1510023,58102,53189,448,53637,721
2020-12-17,San Benito,69,59416,3047,2645,24,2669,20
2020-12-17,San Bernardino,71,2135413,169295,149838,4133,153971,1425
2020-12-17,San Diego,73,3302833,133823,116852,0,116852,1239
2020-12-17,San Francisco,75,870044,21302,19939,188,20127,170
2020-12-17,San Joaquin,77,732212,40308,35894,1187,37081,554
2020-12-17,San Luis Obispo,79,281455,9352,8365,211,8576,59
2020-12-17,San Mateo,81,765935,22233,19647,59,19706,181
2020-12-17,Santa Barbara,83,443738,15715,14207,373,14580,147
2020-12-17,Santa Clara,85,1922200,60222,52559,223,52782,527
2020-12-17,Santa Cruz,87,273765,7809,6687,222,6909,64
2020-12-17,Shasta,89,179085,7500,7000,569,7569,62
2020-12-17,Sierra,91,2930,23,23,0,23,0
2020-12-17,Siskiyou,93,43540,938,827,86,913,2
2020-12-17,Solano,95,438530,16458,14361,161,14522,96
2020-12-17,Sonoma,97,501317,17243,15993,99,16092,171
2020-12-17,Stanislaus,99,539301,31165,28582,2661,31243,489
2020-12-17,Sutter,101,95872,5767,5309,42,5351,39
2020-12-17,Tehama,103,63373,2648,2480,213,2693,9
2020-12-17,Trinity,105,12862,284,213,28,241,2
2020-12-17,Tulare,107,460477,30090,27852,3136,30988,358
2020-12-17,Tuolumne,109,53932,2235,1992,7,1999,11
2020-12-17,Ventura,111,848112,33530,29404,1314,30718,208
2020-12-17,Yolo,113,214977,7590,6800,46,6846,105
2020-12-17,Yuba,115,75493,3375,3035,32,3067,12
2020-12-16,Alameda,1,1643700,44881,40751,733,41484,497
2020-12-16,Alpine,3,1148,66,64,0,64,0
2020-12-16,Amador,5,37829,2032,1693,13,1706,19
2020-12-16,Butte,7,227075,6370,5659,638,6297,76
2020-12-16,Calaveras,9,45235,923,821,0,821,21
2020-12-16,Colusa,11,21464,1141,1038,43,1081,7
2020-12-16,Contra Costa,13,1133247,35316,32429,350,32779,293
2020-12-16,Del Norte,15,27424,659,575,0,575,1
2020-12-16,El Dorado,17,186661,5102,4237,180,4417,9
2020-12-16,Fresno,19,978130,59584,49173,3549,52722,584
2020-12-16,Glenn,21,27897,1338,1236,178,1414,9
2020-12-16,Humboldt,23,135768,1450,1308,5,1313,12
2020-12-16,Imperial,25,180216,21280,19980,756,20736,388
2020-12-16,Inyo,27,18085,526,444,1,445,16
2020-12-16,Kern,29,883053,57789,52896,3741,56637,522
2020-12-16,Kings,31,150075,14820,13734,442,14176,99
2020-12-16,Lake,33,64148,1575,1363,0,1363,20
2020-12-16,Lassen,35,31185,3845,3396,37,3433,1
2020-12-16,Los Angeles,37,10098052,624089,557907,15292,573199,8561
2020-12-16,Madera,39,155013,9279,8278,317,8595,62
2020-12-16,Marin,41,260295,9095,8641,56,8697,142
2020-12-16,Mariposa,43,17540,198,175,2,177,3
2020-12-16,Mendocino,45,87422,2126,1929,20,1949,23
2020-12-16,Merced,47,269075,16712,15443,251,15694,190
2020-12-16,Modoc,49,8938,211,178,66,244,0
2020-12-16,Mono,51,14174,780,702,9,711,3
2020-12-16,Monterey,53,433212,23477,21107,552,21659,163
2020-12-16,Napa,55,140530,5024,4544,23,4567,23
2020-12-16,Nevada,57,99092,2397,2149,71,2220,13
2020-12-16,Orange,59,3164182,131104,115260,4747,120007,1712
2020-12-16,Placer,61,380077,12199,10554,403,10957,96
2020-12-16,Plumas,63,18699,403,319,9,328,0
2020-12-16,Riverside,65,2383286,150435,135751,5901,141652,1664
2020-12-16,Sacramento,67,1510023,57131,52166,421,52587,715
2020-12-16,San Benito,69,59416,2957,2582,24,2606,20
2020-12-16,San Bernardino,71,2135413,164693,143565,3994,147559,1403
2020-12-16,San Diego,73,3302833,130723,114248,0,114248,1217
2020-12-16,San Francisco,75,870044,21044,19624,187,19811,170
2020-12-16,San Joaquin,77,732212,39484,35010,1145,36155,547
2020-12-16,San Luis Obispo,79,281455,9157,8252,202,8454,58
2020-12-16,San Mateo,81,765935,21907,19292,55,19347,179
2020-12-16,Santa Barbara,83,443738,15473,13966,360,14326,144
2020-12-16,Santa Clara,85,1922200,58983,51502,220,51722,523
2020-12-16,Santa Cruz,87,273765,7624,6536,210,6746,63
2020-12-16,Shasta,89,179085,7428,6914,547,7461,62
2020-12-16,Sierra,91,2930,23,23,0,23,0
2020-12-16,Siskiyou,93,43540,930,818,86,904,2
2020-12-16,Solano,95,438530,15993,14157,156,14313,96
2020-12-16,Sonoma,97,501317,16987,15768,99,15867,170
2020-12-16,Stanislaus,99,539301,30662,28279,2587,30866,489
2020-12-16,Sutter,101,95872,5687,5223,42,5265,39
2020-12-16,Tehama,103,63373,2617,2441,187,2628,9
2020-12-16,Trinity,105,12862,279,212,28,240,2
2020-12-16,Tulare,107,460477,29678,27500,3029,30529,352
2020-12-16,Tuolumne,109,53932,2189,1941,7,1948,11
2020-12-16,Ventura,111,848112,32758,28566,1269,29835,203
2020-12-16,Yolo,113,214977,7461,6649,45,6694,103
2020-12-16,Yuba,115,75493,3289,2980,31,3011,11
2020-12-15,Alameda,1,1643700,44028,40026,709,40735,492
2020-12-15,Alpine,3,1148,66,64,0,64,0
2020-12-15,Amador,5,37829,1919,1669,11,1680,19
2020-12-15,Butte,7,227075,6234,5565,606,6171,75
2020-12-15,Calaveras,9,45235,891,799,0,799,21
2020-12-15,Colusa,11,21464,1128,1026,41,1067,7
2020-12-15,Contra Costa,13,1133247,34663,31423,334,31757,281
2020-12-15,Del Norte,15,27424,648,564,0,564,1
2020-12-15,El Dorado,17,186661,4997,4113,164,4277,9
2020-12-15,Fresno,19,978130,58218,47316,3410,50726,574
2020-12-15,Glenn,21,27897,1325,1207,161,1368,9
2020-12-15,Humboldt,23,135768,1430,1276,5,1281,12
2020-12-15,Imperial,25,180216,21063,19756,673,20429,380
2020-12-15,Inyo,27,18085,513,394,1,395,16
2020-12-15,Kern,29,883053,56777,52002,3636,55638,511
2020-12-15,Kings,31,150075,14656,13652,423,14075,97
2020-12-15,Lake,33,64148,1550,1341,0,1341,21
2020-12-15,Lassen,35,31185,3673,3378,36,3414,1
2020-12-15,Los Angeles,37,10098052,607794,536258,14617,550875,8429
2020-12-15,Madera,39,155013,9123,8118,308,8426,60
2020-12-15,Marin,41,260295,8988,8528,54,8582,141
2020-12-15,Mariposa,43,17540,194,171,2,173,3
2020-12-15,Mendocino,45,87422,2099,1883,20,1903,24
2020-12-15,Merced,47,269075,16409,15120,247,15367,190
2020-12-15,Modoc,49,8938,209,179,66,245,0
2020-12-15,Mono,51,14174,764,702,9,711,3
2020-12-15,Monterey,53,433212,22878,19905,489,20394,161
2020-12-15,Napa,55,140530,4920,4440,23,4463,23
2020-12-15,Nevada,57,99092,2364,2117,69,2186,11
2020-12-15,Orange,59,3164182,127448,112893,4591,117484,1689
2020-12-15,Placer,61,380077,11970,10301,381,10682,95
2020-12-15,Plumas,63,18699,398,313,9,322,0
2020-12-15,Riverside,65,2383286,146399,131822,5614,137436,1624
2020-12-15,Sacramento,67,1510023,56116,51076,408,51484,703
2020-12-15,San Benito,69,59416,2877,2520,23,2543,19
2020-12-15,San Bernardino,71,2135413,160252,137548,3829,141377,1351
2020-12-15,San Diego,73,3302833,127163,111441,0,111441,1194
2020-12-15,San Francisco,75,870044,20735,19283,184,19467,171
2020-12-15,San Joaquin,77,732212,38560,33849,1108,34957,537
2020-12-15,San Luis Obispo,79,281455,9048,8074,199,8273,55
2020-12-15,San Mateo,81,765935,21498,18907,53,18960,178
2020-12-15,Santa Barbara,83,443738,15255,13782,351,14133,144
2020-12-15,Santa Clara,85,1922200,57549,50311,216,50527,505
2020-12-15,Santa Cruz,87,273765,7442,6361,194,6555,59
2020-12-15,Shasta,89,179085,7371,6794,521,7315,54
2020-12-15,Sierra,91,2930,23,23,0,23,0
2020-12-15,Siskiyou,93,43540,921,812,85,897,2
2020-12-15,Solano,95,438530,15646,13796,156,13952,95
2020-12-15,Sonoma,97,501317,16765,15406,99,15505,167
2020-12-15,Stanislaus,99,539301,30155,27823,2499,30322,485
2020-12-15,Sutter,101,95872,5590,5080,41,5121,36
2020-12-15,Tehama,103,63373,2580,2392,182,2574,9
2020-12-15,Trinity,105,12862,274,213,26,239,1
2020-12-15,Tulare,107,460477,29182,27026,2938,29964,342
2020-12-15,Tuolumne,109,53932,2158,1874,7,1881,8
2020-12-15,Ventura,111,848112,32137,27936,1221,29157,201
2020-12-15,Yolo,113,214977,7339,6531,43,6574,104
2020-12-15,Yuba,115,75493,3195,2891,30,2921,11
2020-12-14,Alameda,1,1643700,43136,39252,689,39941,487
2020-12-14,Alpine,3,1148,66,63,0,63,0
2020-12-14,Amador,5,37829,1847,1609,11,1620,19
2020-12-14,Butte,7,227075,6066,5202,588,5790,75
2020-12-14,Calaveras,9,45235,853,718,0,718,21
2020-12-14,Colusa,11,21464,1104,949,40,989,7
2020-12-14,Contra Costa,13,1133247,33965,30594,319,30913,281
2020-12-14,Del Norte,15,27424,642,560,0,560,1
2020-12-14,El Dorado,17,186661,4842,4018,147,4165,9
2020-12-14,Fresno,19,978130,57200,44726,3223,47949,560
2020-12-14,Glenn,21,27897,1299,1186,153,1339,9
2020-12-14,Humboldt,23,135768,1417,1256,5,1261,9
2020-12-14,Imperial,25,180216,20825,19608,591,20199,379
2020-12-14,Inyo,27,18085,499,382,1,383,16
2020-12-14,Kern,29,883053,55746,50538,3509,54047,510
2020-12-14,Kings,31,150075,14473,13491,394,13885,97
2020-12-14,Lake,33,64148,1499,1301,0,1301,21
2020-12-14,Lassen,35,31185,3574,2905,33,2938,1
2020-12-14,Los Angeles,37,10098052,590229,524668,13952,538620,8340
2020-12-14,Madera,39,155013,8850,8011,299,8310,60
2020-12-14,Marin,41,260295,8903,8475,52,8527,141
2020-12-14,Mariposa,43,17540,193,171,2,173,3
2020-12-14,Mendocino,45,87422,2078,1845,20,1865,24
2020-12-14,Merced,47,269075,16008,14572,233,14805,189
2020-12-14,Modoc,49,8938,204,180,64,244,0
2020-12-14,Mono,51,14174,756,685,9,694,3
2020-12-14,Monterey,53,433212,22360,19154,482,19636,155
2020-12-14,Napa,55,140530,4827,4289,23,4312,22
2020-12-14,Nevada,57,99092,2325,2070,66,2136,11
2020-12-14,Orange,59,3164182,123581,108602,4451,113053,1688
2020-12-14,Placer,61,380077,11677,9551,370,9921,95
2020-12-14,Plumas,63,18699,386,309,9,318,0
2020-12-14,Riverside,65,2383286,142288,123715,5344,129059,1588
2020-12-14,Sacramento,67,1510023,55008,50304,382,50686,691
2020-12-14,San Benito,69,59416,2810,2467,22,2489,19
2020-12-14,San Bernardino,71,2135413,155830,129151,3691,132842,1347
2020-12-14,San Diego,73,3302833,123432,109578,0,109578,1162
2020-12-14,San Francisco,75,870044,20361,18904,182,19086,171
2020-12-14,San Joaquin,77,732212,37720,32522,1059,33581,534
2020-12-14,San Luis Obispo,79,281455,8802,7791,193,7984,52
2020-12-14,San Mateo,81,765935,20998,18361,51,18412,178
2020-12-14,Santa Barbara,83,443738,14986,13587,344,13931,144
2020-12-14,Santa Clara,85,1922200,55990,49180,204,49384,502
2020-12-14,Santa Cruz,87,273765,7256,6049,178,6227,54
2020-12-14,Shasta,89,179085,7282,6665,503,7168,54
2020-12-14,Sierra,91,2930,23,21,0,21,0
2020-12-14,Siskiyou,93,43540,898,764,79,843,2
2020-12-14,Solano,95,438530,15282,13352,154,13506,93
2020-12-14,Sonoma,97,501317,16459,14807,98,14905,167
2020-12-14,Stanislaus,99,539301,29625,27311,2448,29759,485
2020-12-14,Sutter,101,95872,5482,5001,34,5035,35
2020-12-14,Tehama,103,63373,2533,2344,179,2523,9
2020-12-14,Trinity,105,12862,271,205,24,229,1
2020-12-14,Tulare,107,460477,28710,25735,2839,28574,341
2020-12-14,Tuolumne,109,53932,2101,1647,7,1654,8
2020-12-14,Ventura,111,848112,31217,27436,1158,28594,202
2020-12-14,Yolo,113,214977,7179,6389,42,6431,95
2020-12-14,Yuba,115,75493,3133,2851,30,2881,11
2020-12-13,Alameda,1,1643700,41946,38064,662,38726,486
2020-12-13,Alpine,3,1148,66,63,0,63,0
2020-12-13,Amador,5,37829,1791,1457,10,1467,19
2020-12-13,Butte,7,227075,5917,5103,543,5646,75
2020-12-13,Calaveras,9,45235,817,710,0,710,21
2020-12-13,Colusa,11,21464,1088,945,36,981,7
2020-12-13,Contra Costa,13,1133247,33238,29667,311,29978,281
2020-12-13,Del Norte,15,27424,589,542,0,542,1
2020-12-13,El Dorado,17,186661,4744,3770,135,3905,9
2020-12-13,Fresno,19,978130,56098,44114,3055,47169,559
2020-12-13,Glenn,21,27897,1286,1171,142,1313,9
2020-12-13,Humboldt,23,135768,1394,1238,4,1242,9
2020-12-13,Imperial,25,180216,20542,19472,451,19923,379
2020-12-13,Inyo,27,18085,478,380,1,381,16
2020-12-13,Kern,29,883053,54727,49051,3347,52398,510
2020-12-13,Kings,31,150075,14196,13357,373,13730,97
2020-12-13,Lake,33,64148,1456,1271,0,1271,21
2020-12-13,Lassen,35,31185,3467,2867,28,2895,1
2020-12-13,Los Angeles,37,10098052,572715,517472,13202,530674,8294
2020-12-13,Madera,39,155013,8666,7909,284,8193,60
2020-12-13,Marin,41,260295,8781,8409,52,8461,141
2020-12-13,Mariposa,43,17540,189,167,2,169,3
2020-12-13,Mendocino,45,87422,2044,1793,20,1813,24
2020-12-13,Merced,47,269075,15657,14384,230,14614,189
2020-12-13,Modoc,49,8938,192,179,58,237,0
2020-12-13,Mono,51,14174,740,675,9,684,3
2020-12-13,Monterey,53,433212,21938,18913,466,19379,153
2020-12-13,Napa,55,140530,4721,4194,23,4217,22
2020-12-13,Nevada,57,99092,2274,2030,64,2094,11
2020-12-13,Orange,59,3164182,119686,104768,4263,109031,1688
2020-12-13,Placer,61,380077,11365,9405,352,9757,95
2020-12-13,Plumas,63,18699,380,291,9,300,0
2020-12-13,Riverside,65,2383286,138183,119691,5065,124756,1581
2020-12-13,Sacramento,67,1510023,53746,49480,351,49831,682
2020-12-13,San Benito,69,59416,2738,2408,21,2429,19
2020-12-13,San Bernardino,71,2135413,150951,126718,3522,130240,1333
2020-12-13,San Diego,73,3302833,119837,107372,0,107372,1162
2020-12-13,San Francisco,75,870044,20019,18686,172,18858,167
2020-12-13,San Joaquin,77,732212,36920,32170,1016,33186,534
2020-12-13,San Luis Obispo,79,281455,8610,7625,185,7810,52
2020-12-13,San Mateo,81,765935,20507,18090,45,18135,177
2020-12-13,Santa Barbara,83,443738,14722,13249,327,13576,144
2020-12-13,Santa Clara,85,1922200,54563,47920,195,48115,499
2020-12-13,Santa Cruz,87,273765,7008,5986,167,6153,54
2020-12-13,Shasta,89,179085,7208,6647,477,7124,54
2020-12-13,Sierra,91,2930,23,21,0,21,0
2020-12-13,Siskiyou,93,43540,886,762,74,836,2
2020-12-13,Solano,95,438530,14843,13276,151,13427,93
2020-12-13,Sonoma,97,501317,16144,14495,97,14592,167
2020-12-13,Stanislaus,99,539301,29065,26569,2380,28949,485
2020-12-13,Sutter,101,95872,5355,4798,29,4827,34
2020-12-13,Tehama,103,63373,2489,2325,162,2487,9
2020-12-13,Trinity,105,12862,267,204,23,227,1
2020-12-13,Tulare,107,460477,28218,25496,2744,28240,340
2020-12-13,Tuolumne,109,53932,2038,1611,7,1618,8
2020-12-13,Ventura,111,848112,30218,26588,1092,27680,202
2020-12-13,Yolo,113,214977,6999,6265,35,6300,95
2020-12-13,Yuba,115,75493,3068,2754,27,2781,11
2020-12-12,Alameda,1,1643700,41510,37027,641,37668,486
2020-12-12,Alpine,3,1148,66,63,0,63,0
2020-12-12,Amador,5,37829,1763,1236,9,1245,19
2020-12-12,Butte,7,227075,5845,4972,529,5501,73
2020-12-12,Calaveras,9,45235,807,708,0,708,21
2020-12-12,Colusa,11,21464,1068,945,34,979,7
2020-12-12,Contra Costa,13,1133247,32895,29506,301,29807,281
2020-12-12,Del Norte,15,27424,581,529,0,529,1
2020-12-12,El Dorado,17,186661,4669,3706,117,3823,9
2020-12-12,Fresno,19,978130,55748,43756,2994,46750,559
2020-12-12,Glenn,21,27897,1278,1143,138,1281,8
2020-12-12,Humboldt,23,135768,1375,1208,4,1212,9
2020-12-12,Imperial,25,180216,20461,18947,389,19336,379
2020-12-12,Inyo,27,18085,474,380,1,381,16
2020-12-12,Kern,29,883053,54212,48194,3255,51449,507
2020-12-12,Kings,31,150075,14109,13205,368,13573,96
2020-12-12,Lake,33,64148,1439,1232,0,1232,21
2020-12-12,Lassen,35,31185,3445,2866,24,2890,1
2020-12-12,Los Angeles,37,10098052,565970,504317,12663,516980,8269
2020-12-12,Madera,39,155013,8543,7765,281,8046,59
2020-12-12,Marin,41,260295,8725,8363,51,8414,141
2020-12-12,Mariposa,43,17540,188,164,2,166,3
2020-12-12,Mendocino,45,87422,2008,1771,20,1791,24
2020-12-12,Merced,47,269075,15567,14181,226,14407,188
2020-12-12,Modoc,49,8938,191,169,55,224,0
2020-12-12,Mono,51,14174,733,640,9,649,3
2020-12-12,Monterey,53,433212,21827,18596,437,19033,151
2020-12-12,Napa,55,140530,4677,4113,23,4136,22
2020-12-12,Nevada,57,99092,2256,1981,62,2043,10
2020-12-12,Orange,59,3164182,117838,100468,4104,104572,1674
2020-12-12,Placer,61,380077,11207,9390,346,9736,95
2020-12-12,Plumas,63,18699,374,291,9,300,0
2020-12-12,Riverside,65,2383286,136137,118335,4847,123182,1579
2020-12-12,Sacramento,67,1510023,53164,48319,336,48655,673
2020-12-12,San Benito,69,59416,2682,2355,20,2375,19
2020-12-12,San Bernardino,71,2135413,149335,125741,3410,129151,1321
2020-12-12,San Diego,73,3302833,118217,104958,0,104958,1151
2020-12-12,San Francisco,75,870044,19830,18413,168,18581,167
2020-12-12,San Joaquin,77,732212,36595,32200,983,33183,534
2020-12-12,San Luis Obispo,79,281455,8515,7462,176,7638,50
2020-12-12,San Mateo,81,765935,20287,17574,44,17618,177
2020-12-12,Santa Barbara,83,443738,14570,13174,319,13493,144
2020-12-12,Santa Clara,85,1922200,53609,45892,192,46084,498
2020-12-12,Santa Cruz,87,273765,6909,5905,157,6062,54
2020-12-12,Shasta,89,179085,7173,6551,459,7010,54
2020-12-12,Sierra,91,2930,23,21,0,21,0
2020-12-12,Siskiyou,93,43540,884,762,71,833,2
2020-12-12,Solano,95,438530,14646,12748,144,12892,93
2020-12-12,Sonoma,97,501317,16025,14466,97,14563,166
2020-12-12,Stanislaus,99,539301,28764,26246,2323,28569,483
2020-12-12,Sutter,101,95872,5293,4717,29,4746,32
2020-12-12,Tehama,103,63373,2473,2252,156,2408,9
2020-12-12,Trinity,105,12862,265,204,21,225,1
2020-12-12,Tulare,107,460477,27956,25333,2685,28018,341
2020-12-12,Tuolumne,109,53932,1995,1536,7,1543,8
2020-12-12,Ventura,111,848112,29774,25955,1059,27014,202
2020-12-12,Yolo,113,214977,6917,6116,33,6149,95
2020-12-12,Yuba,115,75493,3041,2692,26,2718,10
2020-12-11,Alameda,1,1643700,40942,36281,629,36910,482
2020-12-11,Alpine,3,1148,66,63,0,63,0
2020-12-11,Amador,5,37829,1748,1213,8,1221,19
2020-12-11,Butte,7,227075,5774,4941,508,5449,73
2020-12-11,Calaveras,9,45235,791,697,0,697,21
2020-12-11,Colusa,11,21464,1058,923,32,955,7
2020-12-11,Contra Costa,13,1133247,32466,29036,297,29333,282
2020-12-11,Del Norte,15,27424,575,505,0,505,1
2020-12-11,El Dorado,17,186661,4588,3669,102,3771,9
2020-12-11,Fresno,19,978130,54739,43071,2927,45998,550
2020-12-11,Glenn,21,27897,1262,1135,133,1268,8
2020-12-11,Humboldt,23,135768,1358,1190,4,1194,9
2020-12-11,Imperial,25,180216,20373,18599,341,18940,377
2020-12-11,Inyo,27,18085,462,372,1,373,16
2020-12-11,Kern,29,883053,53540,47664,3188,50852,502
2020-12-11,Kings,31,150075,13967,13118,362,13480,94
2020-12-11,Lake,33,64148,1427,1205,0,1205,21
2020-12-11,Lassen,35,31185,3434,2790,22,2812,1
2020-12-11,Los Angeles,37,10098052,554215,493592,12232,505824,8198
2020-12-11,Madera,39,155013,8453,7648,271,7919,59
2020-12-11,Marin,41,260295,8630,8317,50,8367,141
2020-12-11,Mariposa,43,17540,187,164,2,166,3
2020-12-11,Mendocino,45,87422,1985,1769,20,1789,24
2020-12-11,Merced,47,269075,15448,14038,218,14256,186
2020-12-11,Modoc,49,8938,191,168,54,222,0
2020-12-11,Mono,51,14174,724,631,9,640,3
2020-12-11,Monterey,53,433212,21526,18421,432,18853,150
2020-12-11,Napa,55,140530,4621,4054,23,4077,22
2020-12-11,Nevada,57,99092,2239,1959,59,2018,10
2020-12-11,Orange,59,3164182,115538,98357,4001,102358,1656
2020-12-11,Placer,61,380077,11051,8904,330,9234,93
2020-12-11,Plumas,63,18699,366,286,9,295,0
2020-12-11,Riverside,65,2383286,133087,115329,4615,119944,1573
2020-12-11,Sacramento,67,1510023,52499,47468,327,47795,669
2020-12-11,San Benito,69,59416,2631,2319,20,2339,19
2020-12-11,San Bernardino,71,2135413,146658,123092,3284,126376,1313
2020-12-11,San Diego,73,3302833,116260,102468,0,102468,1137
2020-12-11,San Francisco,75,870044,19600,18246,167,18413,165
2020-12-11,San Joaquin,77,732212,36252,32044,954,32998,534
2020-12-11,San Luis Obispo,79,281455,8355,7415,173,7588,49
2020-12-11,San Mateo,81,765935,20015,17240,33,17273,177
2020-12-11,Santa Barbara,83,443738,14428,12997,311,13308,144
2020-12-11,Santa Clara,85,1922200,52602,45101,182,45283,494
2020-12-11,Santa Cruz,87,273765,6797,5764,146,5910,50
2020-12-11,Shasta,89,179085,7128,6459,452,6911,54
2020-12-11,Sierra,91,2930,23,19,0,19,0
2020-12-11,Siskiyou,93,43540,877,753,68,821,2
2020-12-11,Solano,95,438530,14460,12554,140,12694,92
2020-12-11,Sonoma,97,501317,15860,14298,94,14392,166
2020-12-11,Stanislaus,99,539301,28498,25928,2277,28205,464
2020-12-11,Sutter,101,95872,5229,4600,28,4628,30
2020-12-11,Tehama,103,63373,2444,2232,152,2384,9
2020-12-11,Trinity,105,12862,263,204,20,224,1
2020-12-11,Tulare,107,460477,27601,24953,2635,27588,338
2020-12-11,Tuolumne,109,53932,1980,1510,7,1517,8
2020-12-11,Ventura,111,848112,29168,24999,1036,26035,202
2020-12-11,Yolo,113,214977,6812,6006,31,6037,95
2020-12-11,Yuba,115,75493,2980,2649,25,2674,10
2020-12-10,Alameda,1,1643700,40174,35686,607,36293,477
2020-12-10,Alpine,3,1148,66,63,0,63,0
2020-12-10,Amador,5,37829,1691,1191,8,1199,18
2020-12-10,Butte,7,227075,5658,4863,481,5344,72
2020-12-10,Calaveras,9,45235,772,684,0,684,21
2020-12-10,Colusa,11,21464,1035,909,27,936,7
2020-12-10,Contra Costa,13,1133247,31784,28413,291,28704,276
2020-12-10,Del Norte,15,27424,566,501,0,501,1
2020-12-10,El Dorado,17,186661,4470,3557,97,3654,9
2020-12-10,Fresno,19,978130,53761,42461,2780,45241,540
2020-12-10,Glenn,21,27897,1242,1126,124,1250,8
2020-12-10,Humboldt,23,135768,1338,1140,4,1144,9
2020-12-10,Imperial,25,180216,20160,18333,259,18592,370
2020-12-10,Inyo,27,18085,441,365,1,366,15
2020-12-10,Kern,29,883053,52561,47176,3018,50194,499
2020-12-10,Kings,31,150075,13816,12993,356,13349,92
2020-12-10,Lake,33,64148,1386,1167,0,1167,21
2020-12-10,Lassen,35,31185,3412,2764,18,2782,0
2020-12-10,Los Angeles,37,10098052,540303,480354,11676,492030,8149
2020-12-10,Madera,39,155013,8348,7445,256,7701,59
2020-12-10,Marin,41,260295,8584,8245,49,8294,140
2020-12-10,Mariposa,43,17540,186,160,2,162,3
2020-12-10,Mendocino,45,87422,1959,1748,17,1765,24
2020-12-10,Merced,47,269075,15202,13756,215,13971,186
2020-12-10,Modoc,49,8938,186,165,52,217,0
2020-12-10,Mono,51,14174,718,601,9,610,3
2020-12-10,Monterey,53,433212,21049,18266,422,18688,145
2020-12-10,Napa,55,140530,4535,3974,22,3996,22
2020-12-10,Nevada,57,99092,2202,1919,59,1978,10
2020-12-10,Orange,59,3164182,112453,95297,3828,99125,1651
2020-12-10,Placer,61,380077,10800,8906,311,9217,90
2020-12-10,Plumas,63,18699,355,281,9,290,0
2020-12-10,Riverside,65,2383286,129416,112794,4336,117130,1552
2020-12-10,Sacramento,67,1510023,51607,46471,306,46777,664
2020-12-10,San Benito,69,59416,2572,2268,19,2287,19
2020-12-10,San Bernardino,71,2135413,142452,120186,3095,123281,1306
2020-12-10,San Diego,73,3302833,113736,99601,0,99601,1114
2020-12-10,San Francisco,75,870044,19286,17945,159,18104,164
2020-12-10,San Joaquin,77,732212,35620,31228,923,32151,534
2020-12-10,San Luis Obispo,79,281455,8191,7245,162,7407,49
2020-12-10,San Mateo,81,765935,19573,16701,23,16724,177
2020-12-10,Santa Barbara,83,443738,14252,12788,301,13089,143
2020-12-10,Santa Clara,85,1922200,51466,43939,166,44105,491
2020-12-10,Santa Cruz,87,273765,6624,5645,132,5777,48
2020-12-10,Shasta,89,179085,7059,6312,426,6738,53
2020-12-10,Sierra,91,2930,23,18,0,18,0
2020-12-10,Siskiyou,93,43540,867,712,67,779,2
2020-12-10,Solano,95,438530,14093,12017,134,12151,90
2020-12-10,Sonoma,97,501317,15605,14282,93,14375,167
2020-12-10,Stanislaus,99,539301,28030,25582,2207,27789,464
2020-12-10,Sutter,101,95872,5098,4528,26,4554,27
2020-12-10,Tehama,103,63373,2396,2190,141,2331,9
2020-12-10,Trinity,105,12862,260,202,19,221,1
2020-12-10,Tulare,107,460477,27155,24506,2570,27076,337
2020-12-10,Tuolumne,109,53932,1721,1451,7,1458,8
2020-12-10,Ventura,111,848112,28316,24075,992,25067,202
2020-12-10,Yolo,113,214977,6691,5896,30,5926,95
2020-12-10,Yuba,115,75493,2916,2604,24,2628,10
2020-12-09,Alameda,1,1643700,39329,35047,585,35632,470
2020-12-09,Alpine,3,1148,66,58,0,58,0
2020-12-09,Amador,5,37829,1648,1121,8,1129,19
2020-12-09,Butte,7,227075,5517,4733,458,5191,70
2020-12-09,Calaveras,9,45235,744,670,0,670,21
2020-12-09,Colusa,11,21464,1020,896,26,922,7
2020-12-09,Contra Costa,13,1133247,31080,28308,280,28588,273
2020-12-09,Del Norte,15,27424,552,481,0,481,2
2020-12-09,El Dorado,17,186661,4334,3449,89,3538,8
2020-12-09,Fresno,19,978130,52765,41954,2621,44575,533
2020-12-09,Glenn,21,27897,1228,1107,118,1225,8
2020-12-09,Humboldt,23,135768,1306,1086,4,1090,10
2020-12-09,Imperial,25,180216,19901,17757,220,17977,368
2020-12-09,Inyo,27,18085,427,356,1,357,15
2020-12-09,Kern,29,883053,51408,46379,2870,49249,494
2020-12-09,Kings,31,150075,13671,12716,347,13063,92
2020-12-09,Lake,33,64148,1359,1158,0,1158,20
2020-12-09,Lassen,35,31185,3343,2331,16,2347,0
2020-12-09,Los Angeles,37,10098052,526881,467971,11102,479073,8075
2020-12-09,Madera,39,155013,8236,7216,251,7467,59
2020-12-09,Marin,41,260295,8525,8182,48,8230,138
2020-12-09,Mariposa,43,17540,184,154,2,156,3
2020-12-09,Mendocino,45,87422,1933,1703,16,1719,24
2020-12-09,Merced,47,269075,14963,13588,207,13795,183
2020-12-09,Modoc,49,8938,181,146,43,189,0
2020-12-09,Mono,51,14174,702,601,9,610,3
2020-12-09,Monterey,53,433212,20654,17891,413,18304,143
2020-12-09,Napa,55,140530,4450,3858,21,3879,21
2020-12-09,Nevada,57,99092,2149,1864,59,1923,10
2020-12-09,Orange,59,3164182,109363,93763,3657,97420,1629
2020-12-09,Placer,61,380077,10532,8588,297,8885,85
2020-12-09,Plumas,63,18699,347,271,9,280,0
2020-12-09,Riverside,65,2383286,125732,110376,4124,114500,1543
2020-12-09,Sacramento,67,1510023,50546,45284,279,45563,659
2020-12-09,San Benito,69,59416,2493,2217,16,2233,19
2020-12-09,San Bernardino,71,2135413,138190,114516,2888,117404,1305
2020-12-09,San Diego,73,3302833,110760,97551,0,97551,1103
2020-12-09,San Francisco,75,870044,18985,17628,158,17786,163
2020-12-09,San Joaquin,77,732212,34798,30539,897,31436,531
2020-12-09,San Luis Obispo,79,281455,7973,7105,154,7259,47
2020-12-09,San Mateo,81,765935,19123,16422,22,16444,175
2020-12-09,Santa Barbara,83,443738,14051,12630,292,12922,142
2020-12-09,Santa Clara,85,1922200,50324,42912,150,43062,489
2020-12-09,Santa Cruz,87,273765,6466,5527,115,5642,47
2020-12-09,Shasta,89,179085,6994,6105,412,6517,52
2020-12-09,Sierra,91,2930,23,18,0,18,0
2020-12-09,Siskiyou,93,43540,856,713,66,779,2
2020-12-09,Solano,95,438530,13747,11862,125,11987,90
2020-12-09,Sonoma,97,501317,15349,13994,90,14084,164
2020-12-09,Stanislaus,99,539301,27533,25157,2145,27302,463
2020-12-09,Sutter,101,95872,4989,4418,22,4440,24
2020-12-09,Tehama,103,63373,2361,2102,138,2240,9
2020-12-09,Trinity,105,12862,252,199,18,217,0
2020-12-09,Tulare,107,460477,26559,24124,2489,26613,334
2020-12-09,Tuolumne,109,53932,1680,1319,7,1326,8
2020-12-09,Ventura,111,848112,27457,23830,948,24778,201
2020-12-09,Yolo,113,214977,6565,5760,28,5788,95
2020-12-09,Yuba,115,75493,2848,2513,23,2536,10
2020-12-08,Alameda,1,1643700,38433,34373,568,34941,469
2020-12-08,Alpine,3,1148,65,53,0,53,0
2020-12-08,Amador,5,37829,1360,1043,8,1051,17
2020-12-08,Butte,7,227075,5361,4651,414,5065,70
2020-12-08,Calaveras,9,45235,720,657,0,657,21
2020-12-08,Colusa,11,21464,1003,875,25,900,6
2020-12-08,Contra Costa,13,1133247,30378,27926,264,28190,270
2020-12-08,Del Norte,15,27424,537,465,0,465,2
2020-12-08,El Dorado,17,186661,4210,3296,77,3373,8
2020-12-08,Fresno,19,978130,51510,41574,2450,44024,529
2020-12-08,Glenn,21,27897,1208,1094,110,1204,8
2020-12-08,Humboldt,23,135768,1280,1059,4,1063,10
2020-12-08,Imperial,25,180216,19382,17568,211,17779,363
2020-12-08,Inyo,27,18085,404,333,1,334,15
2020-12-08,Kern,29,883053,50117,45116,2711,47827,487
2020-12-08,Kings,31,150075,13519,12623,336,12959,90
2020-12-08,Lake,33,64148,1319,1127,0,1127,20
2020-12-08,Lassen,35,31185,3187,2165,16,2181,0
2020-12-08,Los Angeles,37,10098052,514235,459738,10602,470340,8004
2020-12-08,Madera,39,155013,8104,7082,238,7320,59
2020-12-08,Marin,41,260295,8443,8099,47,8146,137
2020-12-08,Mariposa,43,17540,180,150,2,152,2
2020-12-08,Mendocino,45,87422,1891,1666,16,1682,23
2020-12-08,Merced,47,269075,14656,13380,206,13586,181
2020-12-08,Modoc,49,8938,173,138,40,178,0
2020-12-08,Mono,51,14174,684,597,9,606,3
2020-12-08,Monterey,53,433212,20086,17752,406,18158,134
2020-12-08,Napa,55,140530,4362,3778,20,3798,22
2020-12-08,Nevada,57,99092,2095,1809,56,1865,11
2020-12-08,Orange,59,3164182,106167,91406,3486,94892,1629
2020-12-08,Placer,61,380077,10263,8224,291,8515,82
2020-12-08,Plumas,63,18699,337,258,9,267,0
2020-12-08,Riverside,65,2383286,122399,107620,3936,111556,1514
2020-12-08,Sacramento,67,1510023,49478,44635,261,44896,649
2020-12-08,San Benito,69,59416,2437,2180,16,2196,18
2020-12-08,San Bernardino,71,2135413,133849,110676,2759,113435,1301
2020-12-08,San Diego,73,3302833,107390,95447,0,95447,1088
2020-12-08,San Francisco,75,870044,18677,17384,154,17538,162
2020-12-08,San Joaquin,77,732212,33906,30225,863,31088,530
2020-12-08,San Luis Obispo,79,281455,7844,6903,143,7046,45
2020-12-08,San Mateo,81,765935,18725,16305,22,16327,175
2020-12-08,Santa Barbara,83,443738,13867,12516,282,12798,141
2020-12-08,Santa Clara,85,1922200,49022,41309,139,41448,484
2020-12-08,Santa Cruz,87,273765,6289,5374,111,5485,45
2020-12-08,Shasta,89,179085,6885,5946,404,6350,50
2020-12-08,Sierra,91,2930,22,18,0,18,0
2020-12-08,Siskiyou,93,43540,842,704,64,768,2
2020-12-08,Solano,95,438530,13344,11669,123,11792,89
2020-12-08,Sonoma,97,501317,15088,13601,89,13690,164
2020-12-08,Stanislaus,99,539301,27049,24793,2080,26873,461
2020-12-08,Sutter,101,95872,4892,4342,21,4363,24
2020-12-08,Tehama,103,63373,2278,2057,128,2185,9
2020-12-08,Trinity,105,12862,247,198,17,215,0
2020-12-08,Tulare,107,460477,25963,23607,2423,26030,330
2020-12-08,Tuolumne,109,53932,1651,1264,7,1271,7
2020-12-08,Ventura,111,848112,26795,23665,904,24569,195
2020-12-08,Yolo,113,214977,6432,5560,28,5588,90
2020-12-08,Yuba,115,75493,2772,2477,23,2500,10
2020-12-07,Alameda,1,1643700,37568,33887,532,34419,466
2020-12-07,Alpine,3,1148,64,53,0,53,0
2020-12-07,Amador,5,37829,1285,993,7,1000,17
2020-12-07,Butte,7,227075,5225,4604,392,4996,67
2020-12-07,Calaveras,9,45235,688,606,0,606,21
2020-12-07,Colusa,11,21464,978,825,23,848,6
2020-12-07,Contra Costa,13,1133247,29765,27307,251,27558,270
2020-12-07,Del Norte,15,27424,525,424,0,424,2
2020-12-07,El Dorado,17,186661,4030,3275,70,3345,8
2020-12-07,Fresno,19,978130,50045,41098,2322,43420,526
2020-12-07,Glenn,21,27897,1189,1085,104,1189,8
2020-12-07,Humboldt,23,135768,1245,1023,4,1027,9
2020-12-07,Imperial,25,180216,18962,17234,199,17433,364
2020-12-07,Inyo,27,18085,389,333,1,334,15
2020-12-07,Kern,29,883053,49098,44409,2566,46975,486
2020-12-07,Kings,31,150075,13379,12412,323,12735,90
2020-12-07,Lake,33,64148,1290,1090,0,1090,20
2020-12-07,Lassen,35,31185,3090,2167,16,2183,0
2020-12-07,Los Angeles,37,10098052,500614,451052,10136,461188,7937
2020-12-07,Madera,39,155013,7840,6935,232,7167,59
2020-12-07,Marin,41,260295,8386,8049,46,8095,136
2020-12-07,Mariposa,43,17540,177,146,2,148,2
2020-12-07,Mendocino,45,87422,1856,1638,14,1652,23
2020-12-07,Merced,47,269075,14298,13250,196,13446,179
2020-12-07,Modoc,49,8938,166,128,37,165,0
2020-12-07,Mono,51,14174,674,590,9,599,3
2020-12-07,Monterey,53,433212,19605,17746,394,18140,132
2020-12-07,Napa,55,140530,4271,3684,20,3704,21
2020-12-07,Nevada,57,99092,2046,1777,55,1832,11
2020-12-07,Orange,59,3164182,102917,89793,3368,93161,1628
2020-12-07,Placer,61,380077,9938,7911,277,8188,82
2020-12-07,Plumas,63,18699,326,256,5,261,0
2020-12-07,Riverside,65,2383286,119217,102363,3743,106106,1491
2020-12-07,Sacramento,67,1510023,48386,43419,243,43662,638
2020-12-07,San Benito,69,59416,2386,2165,16,2181,18
2020-12-07,San Bernardino,71,2135413,129912,108161,2631,110792,1295
2020-12-07,San Diego,73,3302833,104602,94171,0,94171,1062
2020-12-07,San Francisco,75,870044,18387,17220,146,17366,161
2020-12-07,San Joaquin,77,732212,33031,28188,836,29024,530
2020-12-07,San Luis Obispo,79,281455,7662,6782,136,6918,45
2020-12-07,San Mateo,81,765935,18286,16029,21,16050,175
2020-12-07,Santa Barbara,83,443738,13626,12362,271,12633,141
2020-12-07,Santa Clara,85,1922200,47640,40621,129,40750,484
2020-12-07,Santa Cruz,87,273765,6125,5152,104,5256,41
2020-12-07,Shasta,89,179085,6762,5742,389,6131,50
2020-12-07,Sierra,91,2930,20,18,0,18,0
2020-12-07,Siskiyou,93,43540,816,652,63,715,2
2020-12-07,Solano,95,438530,13005,11354,119,11473,89
2020-12-07,Sonoma,97,501317,14801,13376,89,13465,164
2020-12-07,Stanislaus,99,539301,26496,24479,2026,26505,454
2020-12-07,Sutter,101,95872,4758,4106,21,4127,24
2020-12-07,Tehama,103,63373,2226,2030,122,2152,9
2020-12-07,Trinity,105,12862,244,194,17,211,0
2020-12-07,Tulare,107,460477,25441,22760,2361,25121,328
2020-12-07,Tuolumne,109,53932,1567,1256,6,1262,7
2020-12-07,Ventura,111,848112,26211,23354,867,24221,191
2020-12-07,Yolo,113,214977,6270,5537,27,5564,90
2020-12-07,Yuba,115,75493,2703,2428,21,2449,10
2020-12-06,Alameda,1,1643700,36602,33477,509,33986,465
2020-12-06,Alpine,3,1148,60,53,0,53,0
2020-12-06,Amador,5,37829,1223,952,6,958,17
2020-12-06,Butte,7,227075,5075,4527,356,4883,67
2020-12-06,Calaveras,9,45235,669,606,0,606,21
2020-12-06,Colusa,11,21464,961,824,20,844,6
2020-12-06,Contra Costa,13,1133247,29159,26566,243,26809,270
2020-12-06,Del Norte,15,27424,488,414,0,414,2
2020-12-06,El Dorado,17,186661,3892,3086,65,3151,8
2020-12-06,Fresno,19,978130,49096,40869,2201,43070,526
2020-12-06,Glenn,21,27897,1179,1067,100,1167,8
2020-12-06,Humboldt,23,135768,1220,1004,4,1008,9
2020-12-06,Imperial,25,180216,18649,16922,189,17111,364
2020-12-06,Inyo,27,18085,376,333,1,334,15
2020-12-06,Kern,29,883053,48115,43899,2387,46286,486
2020-12-06,Kings,31,150075,13110,12056,305,12361,90
2020-12-06,Lake,33,64148,1251,1075,0,1075,20
2020-12-06,Lassen,35,31185,2986,2168,14,2182,0
2020-12-06,Los Angeles,37,10098052,487084,443230,9663,452893,7910
2020-12-06,Madera,39,155013,7669,6826,224,7050,59
2020-12-06,Marin,41,260295,8307,8013,44,8057,136
2020-12-06,Mariposa,43,17540,176,144,2,146,2
2020-12-06,Mendocino,45,87422,1815,1614,14,1628,23
2020-12-06,Merced,47,269075,13963,12928,187,13115,179
2020-12-06,Modoc,49,8938,153,125,29,154,0
2020-12-06,Mono,51,14174,651,586,8,594,3
2020-12-06,Monterey,53,433212,18987,17426,384,17810,130
2020-12-06,Napa,55,140530,4159,3644,20,3664,21
2020-12-06,Nevada,57,99092,1988,1710,52,1762,10
2020-12-06,Orange,59,3164182,99866,87737,3233,90970,1627
2020-12-06,Placer,61,380077,9664,7837,255,8092,82
2020-12-06,Plumas,63,18699,313,254,4,258,0
2020-12-06,Riverside,65,2383286,116143,100088,3507,103595,1482
2020-12-06,Sacramento,67,1510023,47144,42808,228,43036,638
2020-12-06,San Benito,69,59416,2348,2135,16,2151,18
2020-12-06,San Bernardino,71,2135413,125782,106927,2468,109395,1286
2020-12-06,San Diego,73,3302833,101572,92173,0,92173,1062
2020-12-06,San Francisco,75,870044,18066,17107,138,17245,161
2020-12-06,San Joaquin,77,732212,32201,28188,808,28996,530
2020-12-06,San Luis Obispo,79,281455,7495,6723,133,6856,45
2020-12-06,San Mateo,81,765935,17783,15855,18,15873,175
2020-12-06,Santa Barbara,83,443738,13396,12252,263,12515,141
2020-12-06,Santa Clara,85,1922200,46268,39112,123,39235,482
2020-12-06,Santa Cruz,87,273765,5953,5069,98,5167,40
2020-12-06,Shasta,89,179085,6621,5743,367,6110,49
2020-12-06,Sierra,91,2930,20,17,0,17,0
2020-12-06,Siskiyou,93,43540,798,652,61,713,2
2020-12-06,Solano,95,438530,12717,11354,109,11463,88
2020-12-06,Sonoma,97,501317,14511,13238,88,13326,164
2020-12-06,Stanislaus,99,539301,25945,24036,1960,25996,454
2020-12-06,Sutter,101,95872,4644,4009,20,4029,21
2020-12-06,Tehama,103,63373,2170,1982,111,2093,9
2020-12-06,Trinity,105,12862,239,181,16,197,0
2020-12-06,Tulare,107,460477,24925,22756,2289,25045,327
2020-12-06,Tuolumne,109,53932,1470,1210,6,1216,7
2020-12-06,Ventura,111,848112,25668,23035,840,23875,191
2020-12-06,Yolo,113,214977,6110,5465,22,5487,90
2020-12-06,Yuba,115,75493,2659,2340,20,2360,10
2020-12-05,Alameda,1,1643700,36243,32781,498,33279,465
2020-12-05,Alpine,3,1148,59,53,0,53,0
2020-12-05,Amador,5,37829,1199,847,6,853,17
2020-12-05,Butte,7,227075,5006,4455,337,4792,66
2020-12-05,Calaveras,9,45235,658,606,0,606,21
2020-12-05,Colusa,11,21464,944,825,17,842,6
2020-12-05,Contra Costa,13,1133247,28866,26217,236,26453,270
2020-12-05,Del Norte,15,27424,482,408,0,408,2
2020-12-05,El Dorado,17,186661,3828,3061,60,3121,8
2020-12-05,Fresno,19,978130,48776,40568,2145,42713,525
2020-12-05,Glenn,21,27897,1166,1056,94,1150,8
2020-12-05,Humboldt,23,135768,1187,979,4,983,9
2020-12-05,Imperial,25,180216,18487,16544,187,16731,362
2020-12-05,Inyo,27,18085,371,332,1,333,15
2020-12-05,Kern,29,883053,47656,43332,2296,45628,484
2020-12-05,Kings,31,150075,13031,11898,302,12200,90
2020-12-05,Lake,33,64148,1226,1069,0,1069,20
2020-12-05,Lassen,35,31185,2795,2168,12,2180,0
2020-12-05,Los Angeles,37,10098052,481313,433120,9320,442440,7888
2020-12-05,Madera,39,155013,7581,6619,217,6836,59
2020-12-05,Marin,41,260295,8281,7961,44,8005,136
2020-12-05,Mariposa,43,17540,171,143,2,145,2
2020-12-05,Mendocino,45,87422,1776,1585,14,1599,23
2020-12-05,Merced,47,269075,13857,12747,176,12923,180
2020-12-05,Modoc,49,8938,153,118,28,146,0
2020-12-05,Mono,51,14174,647,554,8,562,3
2020-12-05,Monterey,53,433212,18841,17077,380,17457,127
2020-12-05,Napa,55,140530,4089,3565,20,3585,21
2020-12-05,Nevada,57,99092,1974,1642,50,1692,10
2020-12-05,Orange,59,3164182,98426,85735,3137,88872,1612
2020-12-05,Placer,61,380077,9546,7811,246,8057,78
2020-12-05,Plumas,63,18699,306,246,1,247,0
2020-12-05,Riverside,65,2383286,114546,98612,3318,101930,1477
2020-12-05,Sacramento,67,1510023,46480,41878,213,42091,625
2020-12-05,San Benito,69,59416,2307,2073,16,2089,18
2020-12-05,San Bernardino,71,2135413,124264,105382,2330,107712,1283
2020-12-05,San Diego,73,3302833,100224,90470,0,90470,1055
2020-12-05,San Francisco,75,870044,17882,16786,134,16920,161
2020-12-05,San Joaquin,77,732212,31942,28105,773,28878,523
2020-12-05,San Luis Obispo,79,281455,7428,6623,130,6753,44
2020-12-05,San Mateo,81,765935,17526,15512,18,15530,175
2020-12-05,Santa Barbara,83,443738,13297,12107,257,12364,141
2020-12-05,Santa Clara,85,1922200,45533,38339,118,38457,474
2020-12-05,Santa Cruz,87,273765,5880,4997,95,5092,40
2020-12-05,Shasta,89,179085,6560,5653,356,6009,49
2020-12-05,Sierra,91,2930,20,17,0,17,0
2020-12-05,Siskiyou,93,43540,790,649,60,709,2
2020-12-05,Solano,95,438530,12548,11351,107,11458,87
2020-12-05,Sonoma,97,501317,14415,13137,88,13225,164
2020-12-05,Stanislaus,99,539301,25640,23662,1924,25586,454
2020-12-05,Sutter,101,95872,4577,3937,20,3957,20
2020-12-05,Tehama,103,63373,2156,1926,109,2035,9
2020-12-05,Trinity,105,12862,238,177,16,193,0
2020-12-05,Tulare,107,460477,24716,22660,2227,24887,324
2020-12-05,Tuolumne,109,53932,1415,1180,6,1186,7
2020-12-05,Ventura,111,848112,25301,22710,824,23534,191
2020-12-05,Yolo,113,214977,6033,5351,21,5372,90
2020-12-05,Yuba,115,75493,2623,2275,20,2295,10
2020-12-04,Alameda,1,1643700,35695,31871,485,32356,465
2020-12-04,Alpine,3,1148,59,53,0,53,0
2020-12-04,Amador,5,37829,1185,766,3,769,16
2020-12-04,Butte,7,227075,4935,4336,315,4651,65
2020-12-04,Calaveras,9,45235,654,585,0,585,21
2020-12-04,Colusa,11,21464,930,790,16,806,6
2020-12-04,Contra Costa,13,1133247,28526,25705,224,25929,264
2020-12-04,Del Norte,15,27424,471,401,0,401,2
2020-12-04,El Dorado,17,186661,3741,2933,57,2990,7
2020-12-04,Fresno,19,978130,48069,40108,2076,42184,522
2020-12-04,Glenn,21,27897,1160,1017,86,1103,8
2020-12-04,Humboldt,23,135768,1169,960,4,964,9
2020-12-04,Imperial,25,180216,18244,16484,187,16671,362
2020-12-04,Inyo,27,18085,363,324,1,325,15
2020-12-04,Kern,29,883053,47110,42497,2190,44687,485
2020-12-04,Kings,31,150075,12938,11767,296,12063,88
2020-12-04,Lake,33,64148,1198,1018,0,1018,20
2020-12-04,Lassen,35,31185,2788,2167,10,2177,0
2020-12-04,Los Angeles,37,10098052,472726,424164,9010,433174,7845
2020-12-04,Madera,39,155013,7492,6479,214,6693,58
2020-12-04,Marin,41,260295,8231,7896,42,7938,136
2020-12-04,Mariposa,43,17540,171,136,2,138,2
2020-12-04,Mendocino,45,87422,1757,1563,13,1576,23
2020-12-04,Merced,47,269075,13742,12474,168,12642,177
2020-12-04,Modoc,49,8938,153,115,28,143,0
2020-12-04,Mono,51,14174,642,549,8,557,3
2020-12-04,Monterey,53,433212,18636,16737,371,17108,127
2020-12-04,Napa,55,140530,4036,3432,20,3452,19
2020-12-04,Nevada,57,99092,1949,1560,47,1607,10
2020-12-04,Orange,59,3164182,96524,83738,3068,86806,1597
2020-12-04,Placer,61,380077,9420,7461,232,7693,76
2020-12-04,Plumas,63,18699,299,232,0,232,0
2020-12-04,Riverside,65,2383286,112358,95255,3155,98410,1475
2020-12-04,Sacramento,67,1510023,45719,41061,196,41257,618
2020-12-04,San Benito,69,59416,2279,2006,16,2022,17
2020-12-04,San Bernardino,71,2135413,122000,102418,2219,104637,1290
2020-12-04,San Diego,73,3302833,98742,88183,0,88183,1047
2020-12-04,San Francisco,75,870044,17693,16499,133,16632,161
2020-12-04,San Joaquin,77,732212,31506,27806,735,28541,522
2020-12-04,San Luis Obispo,79,281455,7343,6473,127,6600,42
2020-12-04,San Mateo,81,765935,17238,15112,17,15129,173
2020-12-04,Santa Barbara,83,443738,13191,11947,249,12196,141
2020-12-04,Santa Clara,85,1922200,44615,37465,112,37577,468
2020-12-04,Santa Cruz,87,273765,5795,4985,93,5078,32
2020-12-04,Shasta,89,179085,6472,5439,345,5784,49
2020-12-04,Sierra,91,2930,19,17,0,17,0
2020-12-04,Siskiyou,93,43540,783,639,57,696,2
2020-12-04,Solano,95,438530,12402,11037,104,11141,87
2020-12-04,Sonoma,97,501317,14267,12962,87,13049,164
2020-12-04,Stanislaus,99,539301,25375,23206,1878,25084,448
2020-12-04,Sutter,101,95872,4505,3791,15,3806,20
2020-12-04,Tehama,103,63373,2117,1876,103,1979,9
2020-12-04,Trinity,105,12862,236,172,16,188,0
2020-12-04,Tulare,107,460477,24436,22273,2152,24425,322
2020-12-04,Tuolumne,109,53932,1384,1134,6,1140,7
2020-12-04,Ventura,111,848112,24926,22024,806,22830,189
2020-12-04,Yolo,113,214977,5959,5294,20,5314,87
2020-12-04,Yuba,115,75493,2580,2225,19,2244,10
2020-12-03,Alameda,1,1643700,34939,31184,466,31650,465
2020-12-03,Alpine,3,1148,58,53,0,53,0
2020-12-03,Amador,5,37829,1134,653,3,656,16
2020-12-03,Butte,7,227075,4841,4305,294,4599,65
2020-12-03,Calaveras,9,45235,635,572,0,572,21
2020-12-03,Colusa,11,21464,917,774,16,790,6
2020-12-03,Contra Costa,13,1133247,28028,25464,216,25680,265
2020-12-03,Del Norte,15,27424,467,388,0,388,2
2020-12-03,El Dorado,17,186661,3615,2740,55,2795,6
2020-12-03,Fresno,19,978130,47323,39680,2001,41681,516
2020-12-03,Glenn,21,27897,1143,997,77,1074,8
2020-12-03,Humboldt,23,135768,1139,923,4,927,9
2020-12-03,Imperial,25,180216,18039,16436,176,16612,359
2020-12-03,Inyo,27,18085,360,321,1,322,15
2020-12-03,Kern,29,883053,46271,42062,2083,44145,483
2020-12-03,Kings,31,150075,12839,11658,283,11941,87
2020-12-03,Lake,33,64148,1184,991,0,991,20
2020-12-03,Lassen,35,31185,2748,2128,9,2137,0
2020-12-03,Los Angeles,37,10098052,462649,415805,8629,424434,7787
2020-12-03,Madera,39,155013,7371,6398,210,6608,58
2020-12-03,Marin,41,260295,8172,7861,38,7899,136
2020-12-03,Mariposa,43,17540,167,132,2,134,2
2020-12-03,Mendocino,45,87422,1741,1547,9,1556,23
2020-12-03,Merced,47,269075,13496,12310,160,12470,177
2020-12-03,Modoc,49,8938,151,114,28,142,0
2020-12-03,Mono,51,14174,621,527,8,535,3
2020-12-03,Monterey,53,433212,18174,16218,360,16578,125
2020-12-03,Napa,55,140530,3923,3360,20,3380,19
2020-12-03,Nevada,57,99092,1872,1472,46,1518,10
2020-12-03,Orange,59,3164182,94022,82187,2995,85182,1591
2020-12-03,Placer,61,380077,9214,7270,216,7486,73
2020-12-03,Plumas,63,18699,285,223,0,223,0
2020-12-03,Riverside,65,2383286,109614,92489,2981,95470,1461
2020-12-03,Sacramento,67,1510023,44671,40280,183,40463,614
2020-12-03,San Benito,69,59416,2235,1967,16,1983,16
2020-12-03,San Bernardino,71,2135413,118681,100787,2130,102917,1283
2020-12-03,San Diego,73,3302833,96934,86144,0,86144,1040
2020-12-03,San Francisco,75,870044,17471,16236,132,16368,161
2020-12-03,San Joaquin,77,732212,30786,27239,686,27925,522
2020-12-03,San Luis Obispo,79,281455,7175,6388,126,6514,42
2020-12-03,San Mateo,81,765935,16887,14909,16,14925,173
2020-12-03,Santa Barbara,83,443738,13063,11829,243,12072,141
2020-12-03,Santa Clara,85,1922200,43420,36621,106,36727,465
2020-12-03,Santa Cruz,87,273765,5653,4850,89,4939,28
2020-12-03,Shasta,89,179085,6363,5330,338,5668,48
2020-12-03,Sierra,91,2930,19,17,0,17,0
2020-12-03,Siskiyou,93,43540,768,629,54,683,2
2020-12-03,Solano,95,438530,12191,10857,101,10958,87
2020-12-03,Sonoma,97,501317,14023,12772,86,12858,164
2020-12-03,Stanislaus,99,539301,24970,22821,1825,24646,447
2020-12-03,Sutter,101,95872,4422,3727,14,3741,20
2020-12-03,Tehama,103,63373,2066,1832,94,1926,9
2020-12-03,Trinity,105,12862,234,166,16,182,0
2020-12-03,Tulare,107,460477,24041,21993,2056,24049,321
2020-12-03,Tuolumne,109,53932,1343,1105,6,1111,7
2020-12-03,Ventura,111,848112,24223,21555,791,22346,187
2020-12-03,Yolo,113,214977,5821,5069,20,5089,87
2020-12-03,Yuba,115,75493,2511,2182,17,2199,10
2020-12-02,Alameda,1,1643700,34318,30697,454,31151,463
2020-12-02,Alpine,3,1148,57,52,0,52,0
2020-12-02,Amador,5,37829,1062,585,3,588,16
2020-12-02,Butte,7,227075,4719,4243,284,4527,65
2020-12-02,Calaveras,9,45235,618,553,0,553,21
2020-12-02,Colusa,11,21464,901,756,15,771,6
2020-12-02,Contra Costa,13,1133247,27571,25147,203,25350,264
2020-12-02,Del Norte,15,27424,453,384,0,384,2
2020-12-02,El Dorado,17,186661,3515,2638,49,2687,5
2020-12-02,Fresno,19,978130,46577,39324,1891,41215,507
2020-12-02,Glenn,21,27897,1126,995,69,1064,7
2020-12-02,Humboldt,23,135768,1113,899,4,903,9
2020-12-02,Imperial,25,180216,17615,16360,167,16527,356
2020-12-02,Inyo,27,18085,353,314,1,315,15
2020-12-02,Kern,29,883053,45381,41660,1978,43638,479
2020-12-02,Kings,31,150075,12486,11531,269,11800,86
2020-12-02,Lake,33,64148,1155,971,0,971,20
2020-12-02,Lassen,35,31185,2689,2115,9,2124,0
2020-12-02,Los Angeles,37,10098052,452634,408289,8270,416559,7739
2020-12-02,Madera,39,155013,7248,6370,202,6572,57
2020-12-02,Marin,41,260295,8126,7819,36,7855,136
2020-12-02,Mariposa,43,17540,164,131,2,133,2
2020-12-02,Mendocino,45,87422,1708,1524,9,1533,23
2020-12-02,Merced,47,269075,13254,12168,153,12321,173
2020-12-02,Modoc,49,8938,148,113,28,141,0
2020-12-02,Mono,51,14174,612,520,8,528,3
2020-12-02,Monterey,53,433212,17699,16064,321,16385,121
2020-12-02,Napa,55,140530,3820,3298,19,3317,19
2020-12-02,Nevada,57,99092,1810,1430,45,1475,9
2020-12-02,Orange,59,3164182,91841,81046,2914,83960,1569
2020-12-02,Placer,61,380077,8982,6941,201,7142,73
2020-12-02,Plumas,63,18699,272,218,0,218,0
2020-12-02,Riverside,65,2383286,106904,90089,2792,92881,1451
2020-12-02,Sacramento,67,1510023,43641,39334,172,39506,597
2020-12-02,San Benito,69,59416,2171,1921,16,1937,16
2020-12-02,San Bernardino,71,2135413,115124,98567,2012,100579,1240
2020-12-02,San Diego,73,3302833,95020,84640,0,84640,1035
2020-12-02,San Francisco,75,870044,17233,16058,130,16188,157
2020-12-02,San Joaquin,77,732212,30166,26740,662,27402,519
2020-12-02,San Luis Obispo,79,281455,7077,6324,123,6447,42
2020-12-02,San Mateo,81,765935,16525,14757,15,14772,170
2020-12-02,Santa Barbara,83,443738,12912,11705,230,11935,140
2020-12-02,Santa Clara,85,1922200,42303,35878,105,35983,458
2020-12-02,Santa Cruz,87,273765,5521,4766,86,4852,27
2020-12-02,Shasta,89,179085,6239,5188,321,5509,47
2020-12-02,Sierra,91,2930,19,17,0,17,0
2020-12-02,Siskiyou,93,43540,752,624,52,676,1
2020-12-02,Solano,95,438530,11946,10701,96,10797,87
2020-12-02,Sonoma,97,501317,13784,12635,85,12720,163
2020-12-02,Stanislaus,99,539301,24475,22615,1765,24380,448
2020-12-02,Sutter,101,95872,4269,3604,14,3618,18
2020-12-02,Tehama,103,63373,2023,1800,78,1878,9
2020-12-02,Trinity,105,12862,227,165,16,181,0
2020-12-02,Tulare,107,460477,23665,21789,1969,23758,321
2020-12-02,Tuolumne,109,53932,1303,1076,6,1082,7
2020-12-02,Ventura,111,848112,23815,21208,772,21980,186
2020-12-02,Yolo,113,214977,5710,5053,19,5072,87
2020-12-02,Yuba,115,75493,2434,2119,16,2135,10
2020-12-01,Alameda,1,1643700,33633,30252,442,30694,460
2020-12-01,Alpine,3,1148,57,41,0,41,0
2020-12-01,Amador,5,37829,915,575,2,577,16
2020-12-01,Butte,7,227075,4615,4177,268,4445,65
2020-12-01,Calaveras,9,45235,600,544,0,544,21
2020-12-01,Colusa,11,21464,884,747,15,762,6
2020-12-01,Contra Costa,13,1133247,26997,24788,195,24983,264
2020-12-01,Del Norte,15,27424,425,357,0,357,2
2020-12-01,El Dorado,17,186661,3370,2542,44,2586,4
2020-12-01,Fresno,19,978130,45680,39004,1807,40811,505
2020-12-01,Glenn,21,27897,1105,989,65,1054,7
2020-12-01,Humboldt,23,135768,1082,886,4,890,9
2020-12-01,Imperial,25,180216,17302,16278,164,16442,356
2020-12-01,Inyo,27,18085,346,304,1,305,15
2020-12-01,Kern,29,883053,44581,41345,1842,43187,478
2020-12-01,Kings,31,150075,12173,11415,253,11668,86
2020-12-01,Lake,33,64148,1137,969,0,969,19
2020-12-01,Lassen,35,31185,2523,2047,8,2055,0
2020-12-01,Los Angeles,37,10098052,442292,403266,7928,411194,7704
2020-12-01,Madera,39,155013,7132,6270,193,6463,57
2020-12-01,Marin,41,260295,8056,7787,35,7822,136
2020-12-01,Mariposa,43,17540,159,128,2,130,2
2020-12-01,Mendocino,45,87422,1674,1497,9,1506,23
2020-12-01,Merced,47,269075,13011,12032,144,12176,172
2020-12-01,Modoc,49,8938,143,113,24,137,0
2020-12-01,Mono,51,14174,602,520,8,528,3
2020-12-01,Monterey,53,433212,17193,15835,311,16146,121
2020-12-01,Napa,55,140530,3736,3124,18,3142,19
2020-12-01,Nevada,57,99092,1748,1411,44,1455,9
2020-12-01,Orange,59,3164182,89754,79468,2823,82291,1567
2020-12-01,Placer,61,380077,8655,6794,194,6988,72
2020-12-01,Plumas,63,18699,260,201,0,201,0
2020-12-01,Riverside,65,2383286,104110,88530,2624,91154,1448
2020-12-01,Sacramento,67,1510023,42594,38966,167,39133,589
2020-12-01,San Benito,69,59416,2116,1888,16,1904,15
2020-12-01,San Bernardino,71,2135413,111660,95854,1881,97735,1220
2020-12-01,San Diego,73,3302833,92763,83423,0,83423,1019
2020-12-01,San Francisco,75,870044,16952,15797,126,15923,157
2020-12-01,San Joaquin,77,732212,29364,26432,640,27072,514
2020-12-01,San Luis Obispo,79,281455,6937,6264,118,6382,40
2020-12-01,San Mateo,81,765935,16200,14495,15,14510,170
2020-12-01,Santa Barbara,83,443738,12772,11611,220,11831,140
2020-12-01,Santa Clara,85,1922200,41049,35397,100,35497,452
2020-12-01,Santa Cruz,87,273765,5365,4638,78,4716,27
2020-12-01,Shasta,89,179085,6111,5077,299,5376,47
2020-12-01,Sierra,91,2930,19,17,0,17,0
2020-12-01,Siskiyou,93,43540,738,608,48,656,1
2020-12-01,Solano,95,438530,11688,10604,90,10694,87
2020-12-01,Sonoma,97,501317,13579,12491,82,12573,163
2020-12-01,Stanislaus,99,539301,24020,22351,1707,24058,447
2020-12-01,Sutter,101,95872,4128,3538,14,3552,17
2020-12-01,Tehama,103,63373,1964,1773,69,1842,9
2020-12-01,Trinity,105,12862,218,165,15,180,0
2020-12-01,Tulare,107,460477,23213,21645,1894,23539,319
2020-12-01,Tuolumne,109,53932,1267,1052,3,1055,7
2020-12-01,Ventura,111,848112,23202,20604,750,21354,186
2020-12-01,Yolo,113,214977,5573,4928,19,4947,86
2020-12-01,Yuba,115,75493,2368,2088,15,2103,10
2020-11-30,Alameda,1,1643700,32819,29972,424,30396,457
2020-11-30,Alpine,3,1148,55,41,0,41,0
2020-11-30,Amador,5,37829,874,559,2,561,16
2020-11-30,Butte,7,227075,4498,4148,251,4399,65
2020-11-30,Calaveras,9,45235,578,478,0,478,21
2020-11-30,Colusa,11,21464,857,737,11,748,6
2020-11-30,Contra Costa,13,1133247,26421,24365,191,24556,264
2020-11-30,Del Norte,15,27424,402,339,0,339,2
2020-11-30,El Dorado,17,186661,3196,2488,39,2527,4
2020-11-30,Fresno,19,978130,44575,38712,1686,40398,500
2020-11-30,Glenn,21,27897,1082,954,60,1014,5
2020-11-30,Humboldt,23,135768,1035,870,4,874,9
2020-11-30,Imperial,25,180216,17049,16212,140,16352,356
2020-11-30,Inyo,27,18085,341,304,1,305,15
2020-11-30,Kern,29,883053,43827,40941,1698,42639,473
2020-11-30,Kings,31,150075,12027,11346,236,11582,85
2020-11-30,Lake,33,64148,1106,939,0,939,18
2020-11-30,Lassen,35,31185,2430,1793,8,1801,0
2020-11-30,Los Angeles,37,10098052,431640,396202,7580,403782,7658
2020-11-30,Madera,39,155013,6964,6210,179,6389,57
2020-11-30,Marin,41,260295,8014,7764,34,7798,136
2020-11-30,Mariposa,43,17540,152,123,2,125,2
2020-11-30,Mendocino,45,87422,1647,1482,9,1491,23
2020-11-30,Merced,47,269075,12737,11913,133,12046,172
2020-11-30,Modoc,49,8938,133,113,24,137,0
2020-11-30,Mono,51,14174,580,519,8,527,3
2020-11-30,Monterey,53,433212,16764,15837,303,16140,119
2020-11-30,Napa,55,140530,3637,3091,17,3108,18
2020-11-30,Nevada,57,99092,1661,1347,41,1388,9
2020-11-30,Orange,59,3164182,87658,78711,2725,81436,1568
2020-11-30,Placer,61,380077,8359,6575,181,6756,72
2020-11-30,Plumas,63,18699,249,192,0,192,0
2020-11-30,Riverside,65,2383286,101124,87722,2469,90191,1446
2020-11-30,Sacramento,67,1510023,41517,37834,159,37993,586
2020-11-30,San Benito,69,59416,2067,1875,15,1890,15
2020-11-30,San Bernardino,71,2135413,107932,92704,1762,94466,1220
2020-11-30,San Diego,73,3302833,90403,82045,0,82045,997
2020-11-30,San Francisco,75,870044,16654,15638,123,15761,157
2020-11-30,San Joaquin,77,732212,28660,25742,613,26355,509
2020-11-30,San Luis Obispo,79,281455,6802,6224,116,6340,36
2020-11-30,San Mateo,81,765935,15839,14276,15,14291,170
2020-11-30,Santa Barbara,83,443738,12594,11572,213,11785,140
2020-11-30,Santa Clara,85,1922200,39842,35019,99,35118,451
2020-11-30,Santa Cruz,87,273765,5226,4558,74,4632,26
2020-11-30,Shasta,89,179085,5970,4933,265,5198,44
2020-11-30,Sierra,91,2930,19,16,0,16,0
2020-11-30,Siskiyou,93,43540,729,605,44,649,1
2020-11-30,Solano,95,438530,11427,10392,85,10477,87
2020-11-30,Sonoma,97,501317,13333,12232,78,12310,163
2020-11-30,Stanislaus,99,539301,23564,22110,1661,23771,446
2020-11-30,Sutter,101,95872,3974,3430,13,3443,16
2020-11-30,Tehama,103,63373,1916,1724,63,1787,9
2020-11-30,Trinity,105,12862,212,162,15,177,0
2020-11-30,Tulare,107,460477,22829,20833,1797,22630,319
2020-11-30,Tuolumne,109,53932,1222,1027,3,1030,7
2020-11-30,Ventura,111,848112,22443,20308,734,21042,180
2020-11-30,Yolo,113,214977,5461,4894,19,4913,81
2020-11-30,Yuba,115,75493,2308,2028,13,2041,10
2020-11-29,Alameda,1,1643700,32035,29918,402,30320,457
2020-11-29,Alpine,3,1148,52,41,0,41,0
2020-11-29,Amador,5,37829,723,548,2,550,16
2020-11-29,Butte,7,227075,4399,4008,229,4237,65
2020-11-29,Calaveras,9,45235,546,478,0,478,21
2020-11-29,Colusa,11,21464,828,723,7,730,6
2020-11-29,Contra Costa,13,1133247,25918,24165,185,24350,264
2020-11-29,Del Norte,15,27424,396,339,0,339,2
2020-11-29,El Dorado,17,186661,3067,2447,38,2485,4
2020-11-29,Fresno,19,978130,43630,38568,1609,40177,500
2020-11-29,Glenn,21,27897,1059,951,58,1009,4
2020-11-29,Humboldt,23,135768,1006,856,4,860,9
2020-11-29,Imperial,25,180216,16822,16138,111,16249,356
2020-11-29,Inyo,27,18085,326,289,1,290,15
2020-11-29,Kern,29,883053,43070,40596,1547,42143,473
2020-11-29,Kings,31,150075,11879,11247,216,11463,85
2020-11-29,Lake,33,64148,1082,927,0,927,18
2020-11-29,Lassen,35,31185,2327,1793,8,1801,0
2020-11-29,Los Angeles,37,10098052,421262,391162,7261,398423,7642
2020-11-29,Madera,39,155013,6821,6184,173,6357,57
2020-11-29,Marin,41,260295,7948,7739,32,7771,135
2020-11-29,Mariposa,43,17540,148,123,2,125,2
2020-11-29,Mendocino,45,87422,1612,1473,9,1482,23
2020-11-29,Merced,47,269075,12500,11773,124,11897,172
2020-11-29,Modoc,49,8938,129,105,22,127,0
2020-11-29,Mono,51,14174,558,515,8,523,3
2020-11-29,Monterey,53,433212,16453,15621,296,15917,119
2020-11-29,Napa,55,140530,3532,3090,16,3106,18
2020-11-29,Nevada,57,99092,1580,1311,39,1350,9
2020-11-29,Orange,59,3164182,85637,78057,2676,80733,1567
2020-11-29,Placer,61,380077,8071,6535,167,6702,72
2020-11-29,Plumas,63,18699,244,191,0,191,0
2020-11-29,Riverside,65,2383286,98744,87383,2313,89696,1442
2020-11-29,Sacramento,67,1510023,40443,37415,151,37566,585
2020-11-29,San Benito,69,59416,2023,1860,15,1875,15
2020-11-29,San Bernardino,71,2135413,104592,92052,1657,93709,1223
2020-11-29,San Diego,73,3302833,87992,81086,0,81086,997
2020-11-29,San Francisco,75,870044,16374,15571,116,15687,153
2020-11-29,San Joaquin,77,732212,27918,25740,607,26347,509
2020-11-29,San Luis Obispo,79,281455,6680,6145,116,6261,36
2020-11-29,San Mateo,81,765935,15506,14177,15,14192,169
2020-11-29,Santa Barbara,83,443738,12440,11520,209,11729,140
2020-11-29,Santa Clara,85,1922200,38637,34234,93,34327,451
2020-11-29,Santa Cruz,87,273765,5067,4490,72,4562,26
2020-11-29,Shasta,89,179085,5799,4935,233,5168,43
2020-11-29,Sierra,91,2930,19,16,0,16,0
2020-11-29,Siskiyou,93,43540,706,590,42,632,1
2020-11-29,Solano,95,438530,11195,10393,81,10474,87
2020-11-29,Sonoma,97,501317,13081,12052,74,12126,163
2020-11-29,Stanislaus,99,539301,23073,21701,1621,23322,446
2020-11-29,Sutter,101,95872,3857,3297,13,3310,16
2020-11-29,Tehama,103,63373,1865,1710,47,1757,9
2020-11-29,Trinity,105,12862,209,159,15,174,0
2020-11-29,Tulare,107,460477,22471,20793,1712,22505,319
2020-11-29,Tuolumne,109,53932,1186,988,3,991,7
2020-11-29,Ventura,111,848112,21759,19952,721,20673,179
2020-11-29,Yolo,113,214977,5323,4830,18,4848,80
2020-11-29,Yuba,115,75493,2252,1959,13,1972,10
2020-11-28,Alameda,1,1643700,31726,29368,397,29765,456
2020-11-28,Alpine,3,1148,52,41,0,41,0
2020-11-28,Amador,5,37829,646,536,2,538,16
2020-11-28,Butte,7,227075,4341,3894,225,4119,65
2020-11-28,Calaveras,9,45235,542,478,0,478,21
2020-11-28,Colusa,11,21464,819,711,5,716,6
2020-11-28,Contra Costa,13,1133247,25584,23798,181,23979,264
2020-11-28,Del Norte,15,27424,386,328,0,328,2
2020-11-28,El Dorado,17,186661,2999,2415,32,2447,4
2020-11-28,Fresno,19,978130,43286,38288,1568,39856,500
2020-11-28,Glenn,21,27897,1048,925,54,979,4
2020-11-28,Humboldt,23,135768,972,844,4,848,9
2020-11-28,Imperial,25,180216,16758,16019,109,16128,356
2020-11-28,Inyo,27,18085,318,289,1,290,15
2020-11-28,Kern,29,883053,42709,40255,1458,41713,473
2020-11-28,Kings,31,150075,11815,11070,207,11277,85
2020-11-28,Lake,33,64148,1067,920,0,920,18
2020-11-28,Lassen,35,31185,2261,1714,8,1722,0
2020-11-28,Los Angeles,37,10098052,416351,386194,7099,393293,7625
2020-11-28,Madera,39,155013,6719,6119,166,6285,57
2020-11-28,Marin,41,260295,7919,7696,28,7724,135
2020-11-28,Mariposa,43,17540,145,120,2,122,2
2020-11-28,Mendocino,45,87422,1581,1458,9,1467,22
2020-11-28,Merced,47,269075,12403,11688,117,11805,172
2020-11-28,Modoc,49,8938,126,103,22,125,0
2020-11-28,Mono,51,14174,552,505,8,513,3
2020-11-28,Monterey,53,433212,16287,15328,292,15620,118
2020-11-28,Napa,55,140530,3481,3033,15,3048,18
2020-11-28,Nevada,57,99092,1552,1272,37,1309,9
2020-11-28,Orange,59,3164182,84544,76882,2628,79510,1568
2020-11-28,Placer,61,380077,7917,6497,164,6661,70
2020-11-28,Plumas,63,18699,237,188,0,188,0
2020-11-28,Riverside,65,2383286,97343,86854,2207,89061,1440
2020-11-28,Sacramento,67,1510023,39862,36905,147,37052,580
2020-11-28,San Benito,69,59416,1978,1835,15,1850,15
2020-11-28,San Bernardino,71,2135413,103198,91183,1553,92736,1224
2020-11-28,San Diego,73,3302833,86739,80020,0,80020,997
2020-11-28,San Francisco,75,870044,16197,15450,108,15558,153
2020-11-28,San Joaquin,77,732212,27723,25742,592,26334,509
2020-11-28,San Luis Obispo,79,281455,6610,6106,112,6218,36
2020-11-28,San Mateo,81,765935,15316,14040,15,14055,169
2020-11-28,Santa Barbara,83,443738,12338,11481,204,11685,140
2020-11-28,Santa Clara,85,1922200,37891,33701,91,33792,449
2020-11-28,Santa Cruz,87,273765,4990,4426,72,4498,26
2020-11-28,Shasta,89,179085,5721,4882,226,5108,43
2020-11-28,Sierra,91,2930,19,16,0,16,0
2020-11-28,Siskiyou,93,43540,696,558,39,597,1
2020-11-28,Solano,95,438530,11076,10252,79,10331,87
2020-11-28,Sonoma,97,501317,12978,12008,64,12072,162
2020-11-28,Stanislaus,99,539301,22839,21574,1583,23157,446
2020-11-28,Sutter,101,95872,3773,3244,13,3257,15
2020-11-28,Tehama,103,63373,1849,1678,43,1721,9
2020-11-28,Trinity,105,12862,207,157,13,170,0
2020-11-28,Tulare,107,460477,22282,20701,1664,22365,319
2020-11-28,Tuolumne,109,53932,1164,976,3,979,7
2020-11-28,Ventura,111,848112,21461,19510,711,20221,179
2020-11-28,Yolo,113,214977,5249,4739,16,4755,80
2020-11-28,Yuba,115,75493,2198,1912,13,1925,10
2020-11-27,Alameda,1,1643700,31288,29064,386,29450,450
2020-11-27,Alpine,3,1148,52,41,0,41,0
2020-11-27,Amador,5,37829,599,498,1,499,16
2020-11-27,Butte,7,227075,4300,3894,219,4113,65
2020-11-27,Calaveras,9,45235,534,478,0,478,21
2020-11-27,Colusa,11,21464,802,694,3,697,6
2020-11-27,Contra Costa,13,1133247,25325,23463,175,23638,264
2020-11-27,Del Norte,15,27424,380,307,0,307,2
2020-11-27,El Dorado,17,186661,2927,2238,29,2267,4
2020-11-27,Fresno,19,978130,42880,37994,1508,39502,500
2020-11-27,Glenn,21,27897,1035,891,49,940,4
2020-11-27,Humboldt,23,135768,953,795,3,798,9
2020-11-27,Imperial,25,180216,16691,15960,99,16059,356
2020-11-27,Inyo,27,18085,312,289,1,290,15
2020-11-27,Kern,29,883053,42291,39707,1382,41089,473
2020-11-27,Kings,31,150075,11729,10667,189,10856,85
2020-11-27,Lake,33,64148,1031,909,0,909,18
2020-11-27,Lassen,35,31185,2249,1714,8,1722,0
2020-11-27,Los Angeles,37,10098052,409852,382740,6931,389671,7606
2020-11-27,Madera,39,155013,6647,6050,160,6210,57
2020-11-27,Marin,41,260295,7876,7660,28,7688,135
2020-11-27,Mariposa,43,17540,143,118,2,120,2
2020-11-27,Mendocino,45,87422,1566,1387,8,1395,22
2020-11-27,Merced,47,269075,12297,11550,110,11660,172
2020-11-27,Modoc,49,8938,125,100,22,122,0
2020-11-27,Mono,51,14174,548,498,8,506,3
2020-11-27,Monterey,53,433212,16120,14753,292,15045,113
2020-11-27,Napa,55,140530,3441,2988,15,3003,18
2020-11-27,Nevada,57,99092,1522,1184,35,1219,9
2020-11-27,Orange,59,3164182,83264,75151,2588,77739,1568
2020-11-27,Placer,61,380077,7757,6283,154,6437,68
2020-11-27,Plumas,63,18699,234,188,0,188,0
2020-11-27,Riverside,65,2383286,95745,85769,2044,87813,1440
2020-11-27,Sacramento,67,1510023,39242,36579,143,36722,579
2020-11-27,San Benito,69,59416,1944,1805,14,1819,15
2020-11-27,San Bernardino,71,2135413,101695,90254,1468,91722,1224
2020-11-27,San Diego,73,3302833,85546,78161,0,78161,996
2020-11-27,San Francisco,75,870044,16042,15377,106,15483,153
2020-11-27,San Joaquin,77,732212,27504,25741,571,26312,509
2020-11-27,San Luis Obispo,79,281455,6527,6039,109,6148,36
2020-11-27,San Mateo,81,765935,15113,13872,14,13886,169
2020-11-27,Santa Barbara,83,443738,12245,11340,201,11541,140
2020-11-27,Santa Clara,85,1922200,37214,32935,84,33019,449
2020-11-27,Santa Cruz,87,273765,4919,4358,70,4428,26
2020-11-27,Shasta,89,179085,5644,4710,213,4923,43
2020-11-27,Sierra,91,2930,18,16,0,16,0
2020-11-27,Siskiyou,93,43540,681,554,36,590,1
2020-11-27,Solano,95,438530,10957,10044,76,10120,87
2020-11-27,Sonoma,97,501317,12846,11924,62,11986,162
2020-11-27,Stanislaus,99,539301,22613,21185,1552,22737,446
2020-11-27,Sutter,101,95872,3707,3101,12,3113,15
2020-11-27,Tehama,103,63373,1821,1649,39,1688,9
2020-11-27,Trinity,105,12862,203,151,13,164,0
2020-11-27,Tulare,107,460477,22096,20634,1605,22239,319
2020-11-27,Tuolumne,109,53932,1133,881,3,884,7
2020-11-27,Ventura,111,848112,21139,19379,689,20068,179
2020-11-27,Yolo,113,214977,5200,4737,16,4753,79
2020-11-27,Yuba,115,75493,2169,1864,12,1876,10
2020-11-26,Alameda,1,1643700,30876,28797,367,29164,447
2020-11-26,Alpine,3,1148,52,41,0,41,0
2020-11-26,Amador,5,37829,591,488,1,489,16
2020-11-26,Butte,7,227075,4237,3894,213,4107,65
2020-11-26,Calaveras,9,45235,506,478,0,478,21
2020-11-26,Colusa,11,21464,788,694,3,697,6
2020-11-26,Contra Costa,13,1133247,24991,23468,169,23637,264
2020-11-26,Del Norte,15,27424,369,307,0,307,2
2020-11-26,El Dorado,17,186661,2846,2217,27,2244,4
2020-11-26,Fresno,19,978130,42480,37724,1461,39185,500
2020-11-26,Glenn,21,27897,1020,892,46,938,4
2020-11-26,Humboldt,23,135768,930,795,2,797,9
2020-11-26,Imperial,25,180216,16583,15722,94,15816,355
2020-11-26,Inyo,27,18085,311,289,1,290,15
2020-11-26,Kern,29,883053,41854,39123,1310,40433,471
2020-11-26,Kings,31,150075,11674,10475,176,10651,85
2020-11-26,Lake,33,64148,1018,890,0,890,18
2020-11-26,Lassen,35,31185,2234,1714,8,1722,0
2020-11-26,Los Angeles,37,10098052,404719,378340,6681,385021,7581
2020-11-26,Madera,39,155013,6573,6003,154,6157,57
2020-11-26,Marin,41,260295,7839,7610,28,7638,135
2020-11-26,Mariposa,43,17540,138,116,2,118,2
2020-11-26,Mendocino,45,87422,1552,1387,6,1393,22
2020-11-26,Merced,47,269075,12150,11440,108,11548,172
2020-11-26,Modoc,49,8938,123,100,22,122,0
2020-11-26,Mono,51,14174,540,485,8,493,2
2020-11-26,Monterey,53,433212,15884,14750,284,15034,113
2020-11-26,Napa,55,140530,3376,2988,15,3003,18
2020-11-26,Nevada,57,99092,1476,1184,35,1219,9
2020-11-26,Orange,59,3164182,81906,74264,2521,76785,1563
2020-11-26,Placer,61,380077,7597,6278,145,6423,68
2020-11-26,Plumas,63,18699,226,188,0,188,0
2020-11-26,Riverside,65,2383286,94157,85774,1910,87684,1440
2020-11-26,Sacramento,67,1510023,38598,35854,135,35989,580
2020-11-26,San Benito,69,59416,1917,1769,14,1783,15
2020-11-26,San Bernardino,71,2135413,100055,89727,1372,91099,1223
2020-11-26,San Diego,73,3302833,83937,76359,0,76359,996
2020-11-26,San Francisco,75,870044,15905,15156,103,15259,153
2020-11-26,San Joaquin,77,732212,27251,25738,556,26294,509
2020-11-26,San Luis Obispo,79,281455,6434,5964,106,6070,36
2020-11-26,San Mateo,81,765935,14926,13715,12,13727,169
2020-11-26,Santa Barbara,83,443738,12164,11277,200,11477,139
2020-11-26,Santa Clara,85,1922200,36574,32411,75,32486,446
2020-11-26,Santa Cruz,87,273765,4789,4269,64,4333,26
2020-11-26,Shasta,89,179085,5563,4712,201,4913,43
2020-11-26,Sierra,91,2930,18,15,0,15,0
2020-11-26,Siskiyou,93,43540,671,526,35,561,1
2020-11-26,Solano,95,438530,10814,9941,74,10015,87
2020-11-26,Sonoma,97,501317,12698,11922,60,11982,162
2020-11-26,Stanislaus,99,539301,22385,21186,1508,22694,445
2020-11-26,Sutter,101,95872,3613,3101,11,3112,15
2020-11-26,Tehama,103,63373,1780,1612,35,1647,9
2020-11-26,Trinity,105,12862,200,139,13,152,0
2020-11-26,Tulare,107,460477,21862,20649,1536,22185,319
2020-11-26,Tuolumne,109,53932,1105,871,3,874,7
2020-11-26,Ventura,111,848112,20643,19058,674,19732,179
2020-11-26,Yolo,113,214977,5112,4566,16,4582,76
2020-11-26,Yuba,115,75493,2111,1865,10,1875,10
2020-11-25,Alameda,1,1643700,30660,28378,359,28737,447
2020-11-25,Alpine,3,1148,52,41,0,41,0
2020-11-25,Amador,5,37829,581,484,1,485,16
2020-11-25,Butte,7,227075,4207,3848,210,4058,64
2020-11-25,Calaveras,9,45235,503,475,0,475,21
2020-11-25,Colusa,11,21464,771,693,3,696,6
2020-11-25,Contra Costa,13,1133247,24836,23307,168,23475,263
2020-11-25,Del Norte,15,27424,368,304,0,304,2
2020-11-25,El Dorado,17,186661,2810,2154,27,2181,4
2020-11-25,Fresno,19,978130,42248,37349,1439,38788,494
2020-11-25,Glenn,21,27897,1003,891,44,935,4
2020-11-25,Humboldt,23,135768,922,777,2,779,9
2020-11-25,Imperial,25,180216,16513,15640,92,15732,355
2020-11-25,Inyo,27,18085,309,289,1,290,15
2020-11-25,Kern,29,883053,41700,38878,1291,40169,467
2020-11-25,Kings,31,150075,11639,10417,172,10589,85
2020-11-25,Lake,33,64148,1001,878,0,878,18
2020-11-25,Lassen,35,31185,2192,1701,8,1709,0
2020-11-25,Los Angeles,37,10098052,401701,373919,6569,380488,7545
2020-11-25,Madera,39,155013,6551,5989,151,6140,57
2020-11-25,Marin,41,260295,7812,7601,27,7628,135
2020-11-25,Mariposa,43,17540,137,114,2,116,2
2020-11-25,Mendocino,45,87422,1533,1373,6,1379,22
2020-11-25,Merced,47,269075,12092,11346,108,11454,172
2020-11-25,Modoc,49,8938,123,96,22,118,0
2020-11-25,Mono,51,14174,535,487,8,495,2
2020-11-25,Monterey,53,433212,15767,14695,282,14977,113
2020-11-25,Napa,55,140530,3343,2945,15,2960,17
2020-11-25,Nevada,57,99092,1458,1170,33,1203,9
2020-11-25,Orange,59,3164182,81162,73014,2501,75515,1551
2020-11-25,Placer,61,380077,7523,6221,144,6365,68
2020-11-25,Plumas,63,18699,221,183,0,183,0
2020-11-25,Riverside,65,2383286,93620,85077,1888,86965,1438
2020-11-25,Sacramento,67,1510023,38258,35687,132,35819,574
2020-11-25,San Benito,69,59416,1895,1764,14,1778,15
2020-11-25,San Bernardino,71,2135413,99218,88469,1342,89811,1225
2020-11-25,San Diego,73,3302833,83284,75307,0,75307,988
2020-11-25,San Francisco,75,870044,15800,15053,101,15154,153
2020-11-25,San Joaquin,77,732212,27126,25556,544,26100,515
2020-11-25,San Luis Obispo,79,281455,6391,5913,105,6018,34
2020-11-25,San Mateo,81,765935,14811,13614,12,13626,170
2020-11-25,Santa Barbara,83,443738,12114,11183,200,11383,138
2020-11-25,Santa Clara,85,1922200,36127,32032,74,32106,442
2020-11-25,Santa Cruz,87,273765,4738,4202,62,4264,25
2020-11-25,Shasta,89,179085,5517,4588,194,4782,43
2020-11-25,Sierra,91,2930,18,15,0,15,0
2020-11-25,Siskiyou,93,43540,664,499,35,534,1
2020-11-25,Solano,95,438530,10709,9832,73,9905,87
2020-11-25,Sonoma,97,501317,12635,11775,59,11834,162
2020-11-25,Stanislaus,99,539301,22256,21022,1479,22501,445
2020-11-25,Sutter,101,95872,3569,3064,11,3075,14
2020-11-25,Tehama,103,63373,1768,1587,31,1618,9
2020-11-25,Trinity,105,12862,198,135,13,148,0
2020-11-25,Tulare,107,460477,21772,20528,1504,22032,318
2020-11-25,Tuolumne,109,53932,1088,842,3,845,7
2020-11-25,Ventura,111,848112,20550,18914,668,19582,179
2020-11-25,Yolo,113,214977,5076,4527,16,4543,76
2020-11-25,Yuba,115,75493,2085,1840,10,1850,10
2020-11-24,Alameda,1,1643700,30182,28030,348,28378,444
2020-11-24,Alpine,3,1148,52,41,0,41,0
2020-11-24,Amador,5,37829,556,470,1,471,16
2020-11-24,Butte,7,227075,4121,3798,202,4000,63
2020-11-24,Calaveras,9,45235,496,466,0,466,21
2020-11-24,Colusa,11,21464,753,682,3,685,6
2020-11-24,Contra Costa,13,1133247,24482,23072,162,23234,259
2020-11-24,Del Norte,15,27424,358,298,0,298,2
2020-11-24,El Dorado,17,186661,2705,2005,26,2031,4
2020-11-24,Fresno,19,978130,41847,37021,1360,38381,493
2020-11-24,Glenn,21,27897,985,883,40,923,4
2020-11-24,Humboldt,23,135768,903,774,2,776,9
2020-11-24,Imperial,25,180216,16411,15600,85,15685,355
2020-11-24,Inyo,27,18085,308,282,1,283,15
2020-11-24,Kern,29,883053,41230,38551,1212,39763,465
2020-11-24,Kings,31,150075,11372,10338,159,10497,85
2020-11-24,Lake,33,64148,986,872,0,872,18
2020-11-24,Lassen,35,31185,2170,1657,8,1665,0
2020-11-24,Los Angeles,37,10098052,395397,370008,6328,376336,7501
2020-11-24,Madera,39,155013,6468,5881,144,6025,57
2020-11-24,Marin,41,260295,7765,7591,27,7618,135
2020-11-24,Mariposa,43,17540,127,114,1,115,2
2020-11-24,Mendocino,45,87422,1511,1346,5,1351,22
2020-11-24,Merced,47,269075,11903,11268,103,11371,171
2020-11-24,Modoc,49,8938,119,91,22,113,0
2020-11-24,Mono,51,14174,531,483,8,491,2
2020-11-24,Monterey,53,433212,15509,14354,270,14624,113
2020-11-24,Napa,55,140530,3277,2904,15,2919,17
2020-11-24,Nevada,57,99092,1395,1156,30,1186,9
2020-11-24,Orange,59,3164182,79726,71975,2416,74391,1547
2020-11-24,Placer,61,380077,7343,6147,137,6284,67
2020-11-24,Plumas,63,18699,218,180,0,180,0
2020-11-24,Riverside,65,2383286,91870,83685,1754,85439,1420
2020-11-24,Sacramento,67,1510023,37578,35097,125,35222,568
2020-11-24,San Benito,69,59416,1864,1740,13,1753,15
2020-11-24,San Bernardino,71,2135413,96890,86645,1235,87880,1226
2020-11-24,San Diego,73,3302833,81878,74363,0,74363,984
2020-11-24,San Francisco,75,870044,15605,14874,98,14972,153
2020-11-24,San Joaquin,77,732212,26812,25318,513,25831,517
2020-11-24,San Luis Obispo,79,281455,6328,5805,104,5909,34
2020-11-24,San Mateo,81,765935,14602,13558,11,13569,170
2020-11-24,Santa Barbara,83,443738,12008,11154,198,11352,138
2020-11-24,Santa Clara,85,1922200,35341,31564,70,31634,438
2020-11-24,Santa Cruz,87,273765,4626,4132,61,4193,25
2020-11-24,Shasta,89,179085,5417,4410,175,4585,43
2020-11-24,Sierra,91,2930,18,15,0,15,0
2020-11-24,Siskiyou,93,43540,646,473,32,505,1
2020-11-24,Solano,95,438530,10538,9716,72,9788,86
2020-11-24,Sonoma,97,501317,12455,11644,56,11700,162
2020-11-24,Stanislaus,99,539301,22016,20830,1435,22265,438
2020-11-24,Sutter,101,95872,3464,2974,11,2985,14
2020-11-24,Tehama,103,63373,1718,1565,26,1591,9
2020-11-24,Trinity,105,12862,192,129,13,142,0
2020-11-24,Tulare,107,460477,21526,20319,1438,21757,315
2020-11-24,Tuolumne,109,53932,1060,832,3,835,7
2020-11-24,Ventura,111,848112,20169,18637,656,19293,179
2020-11-24,Yolo,113,214977,4992,4420,16,4436,76
2020-11-24,Yuba,115,75493,2034,1804,8,1812,10
2020-11-23,Alameda,1,1643700,29768,27718,335,28053,444
2020-11-23,Alpine,3,1148,50,41,0,41,0
2020-11-23,Amador,5,37829,515,457,1,458,16
2020-11-23,Butte,7,227075,4057,3765,196,3961,61
2020-11-23,Calaveras,9,45235,478,434,0,434,21
2020-11-23,Colusa,11,21464,739,662,3,665,6
2020-11-23,Contra Costa,13,1133247,24211,22674,156,22830,260
2020-11-23,Del Norte,15,27424,336,296,0,296,2
2020-11-23,El Dorado,17,186661,2584,2005,25,2030,4
2020-11-23,Fresno,19,978130,41401,36688,1298,37986,488
2020-11-23,Glenn,21,27897,959,853,40,893,4
2020-11-23,Humboldt,23,135768,890,746,2,748,9
2020-11-23,Imperial,25,180216,16241,15104,79,15183,355
2020-11-23,Inyo,27,18085,301,279,1,280,15
2020-11-23,Kern,29,883053,40719,38245,1147,39392,463
2020-11-23,Kings,31,150075,10953,10204,151,10355,85
2020-11-23,Lake,33,64148,962,840,0,840,18
2020-11-23,Lassen,35,31185,2090,1271,7,1278,0
2020-11-23,Los Angeles,37,10098052,389312,366374,6069,372443,7447
2020-11-23,Madera,39,155013,6343,5787,139,5926,56
2020-11-23,Marin,41,260295,7723,7543,27,7570,135
2020-11-23,Mariposa,43,17540,126,97,1,98,2
2020-11-23,Mendocino,45,87422,1481,1330,5,1335,22
2020-11-23,Merced,47,269075,11716,11148,100,11248,169
2020-11-23,Modoc,49,8938,105,91,21,112,0
2020-11-23,Mono,51,14174,518,480,8,488,2
2020-11-23,Monterey,53,433212,15231,14265,263,14528,112
2020-11-23,Napa,55,140530,3211,2811,14,2825,17
2020-11-23,Nevada,57,99092,1306,1087,30,1117,9
2020-11-23,Orange,59,3164182,78332,71074,2368,73442,1546
2020-11-23,Placer,61,380077,7138,5999,136,6135,66
2020-11-23,Plumas,63,18699,214,172,0,172,0
2020-11-23,Riverside,65,2383286,90092,82175,1692,83867,1415
2020-11-23,Sacramento,67,1510023,37019,34141,116,34257,556
2020-11-23,San Benito,69,59416,1835,1729,12,1741,15
2020-11-23,San Bernardino,71,2135413,94784,84387,1171,85558,1224
2020-11-23,San Diego,73,3302833,80416,72817,0,72817,968
2020-11-23,San Francisco,75,870044,15447,14646,96,14742,153
2020-11-23,San Joaquin,77,732212,26463,24622,509,25131,517
2020-11-23,San Luis Obispo,79,281455,6245,5772,102,5874,34
2020-11-23,San Mateo,81,765935,14410,13364,11,13375,170
2020-11-23,Santa Barbara,83,443738,11900,10944,194,11138,137
2020-11-23,Santa Clara,85,1922200,34692,31064,66,31130,435
2020-11-23,Santa Cruz,87,273765,4517,4003,56,4059,25
2020-11-23,Shasta,89,179085,5300,4100,162,4262,43
2020-11-23,Sierra,91,2930,17,15,0,15,0
2020-11-23,Siskiyou,93,43540,619,460,31,491,0
2020-11-23,Solano,95,438530,10381,9394,69,9463,86
2020-11-23,Sonoma,97,501317,12282,11507,52,11559,160
2020-11-23,Stanislaus,99,539301,21724,20487,1402,21889,436
2020-11-23,Sutter,101,95872,3326,2840,10,2850,14
2020-11-23,Tehama,103,63373,1670,1526,23,1549,9
2020-11-23,Trinity,105,12862,186,120,11,131,0
2020-11-23,Tulare,107,460477,21240,19818,1364,21182,315
2020-11-23,Tuolumne,109,53932,1020,774,3,777,7
2020-11-23,Ventura,111,848112,19795,18480,644,19124,179
2020-11-23,Yolo,113,214977,4912,4265,15,4280,75
2020-11-23,Yuba,115,75493,1967,1702,8,1710,10
2020-11-22,Alameda,1,1643700,29335,27472,323,27795,444
2020-11-22,Alpine,3,1148,47,41,0,41,0
2020-11-22,Amador,5,37829,503,450,1,451,16
2020-11-22,Butte,7,227075,4008,3712,186,3898,61
2020-11-22,Calaveras,9,45235,466,434,0,434,21
2020-11-22,Colusa,11,21464,721,642,2,644,6
2020-11-22,Contra Costa,13,1133247,23906,22407,151,22558,260
2020-11-22,Del Norte,15,27424,312,271,0,271,2
2020-11-22,El Dorado,17,186661,2473,1917,22,1939,4
2020-11-22,Fresno,19,978130,40921,36315,1239,37554,488
2020-11-22,Glenn,21,27897,939,832,34,866,4
2020-11-22,Humboldt,23,135768,874,729,2,731,9
2020-11-22,Imperial,25,180216,16037,15109,33,15142,355
2020-11-22,Inyo,27,18085,294,279,1,280,15
2020-11-22,Kern,29,883053,40143,37904,1110,39014,463
2020-11-22,Kings,31,150075,10852,10035,142,10177,85
2020-11-22,Lake,33,64148,940,834,0,834,18
2020-11-22,Lassen,35,31185,1925,1211,6,1217,0
2020-11-22,Los Angeles,37,10098052,383041,360341,5807,366148,7438
2020-11-22,Madera,39,155013,6263,5745,128,5873,56
2020-11-22,Marin,41,260295,7688,7506,26,7532,135
2020-11-22,Mariposa,43,17540,125,95,1,96,2
2020-11-22,Mendocino,45,87422,1457,1285,3,1288,22
2020-11-22,Merced,47,269075,11567,10939,100,11039,169
2020-11-22,Modoc,49,8938,104,87,19,106,0
2020-11-22,Mono,51,14174,498,481,8,489,2
2020-11-22,Monterey,53,433212,14990,13887,257,14144,111
2020-11-22,Napa,55,140530,3131,2778,14,2792,17
2020-11-22,Nevada,57,99092,1248,1052,30,1082,9
2020-11-22,Orange,59,3164182,76920,69913,2328,72241,1546
2020-11-22,Placer,61,380077,6923,5880,125,6005,66
2020-11-22,Plumas,63,18699,201,172,0,172,0
2020-11-22,Riverside,65,2383286,88505,81565,1629,83194,1409
2020-11-22,Sacramento,67,1510023,36288,33421,103,33524,555
2020-11-22,San Benito,69,59416,1806,1704,12,1716,15
2020-11-22,San Bernardino,71,2135413,92445,83505,1096,84601,1224
2020-11-22,San Diego,73,3302833,78681,71649,0,71649,968
2020-11-22,San Francisco,75,870044,15276,14515,95,14610,153
2020-11-22,San Joaquin,77,732212,26167,24619,496,25115,517
2020-11-22,San Luis Obispo,79,281455,6143,5664,101,5765,34
2020-11-22,San Mateo,81,765935,14206,13228,11,13239,170
2020-11-22,Santa Barbara,83,443738,11765,10946,188,11134,137
2020-11-22,Santa Clara,85,1922200,34015,30633,64,30697,434
2020-11-22,Santa Cruz,87,273765,4435,3896,49,3945,25
2020-11-22,Shasta,89,179085,5143,4100,143,4243,43
2020-11-22,Sierra,91,2930,17,13,0,13,0
2020-11-22,Siskiyou,93,43540,587,411,31,442,0
2020-11-22,Solano,95,438530,10211,9363,65,9428,86
2020-11-22,Sonoma,97,501317,12124,11415,50,11465,159
2020-11-22,Stanislaus,99,539301,21400,20223,1368,21591,436
2020-11-22,Sutter,101,95872,3208,2677,10,2687,13
2020-11-22,Tehama,103,63373,1636,1457,18,1475,9
2020-11-22,Trinity,105,12862,182,114,11,125,0
2020-11-22,Tulare,107,460477,20992,19818,1291,21109,314
2020-11-22,Tuolumne,109,53932,994,689,3,692,7
2020-11-22,Ventura,111,848112,19434,18105,632,18737,179
2020-11-22,Yolo,113,214977,4812,4206,15,4221,75
2020-11-22,Yuba,115,75493,1914,1672,8,1680,10
2020-11-21,Alameda,1,1643700,29152,27424,321,27745,444
2020-11-21,Alpine,3,1148,47,41,0,41,0
2020-11-21,Amador,5,37829,489,450,1,451,16
2020-11-21,Butte,7,227075,3960,3664,183,3847,61
2020-11-21,Calaveras,9,45235,460,434,0,434,21
2020-11-21,Colusa,11,21464,712,642,2,644,6
2020-11-21,Contra Costa,13,1133247,23752,22338,149,22487,260
2020-11-21,Del Norte,15,27424,307,271,0,271,2
2020-11-21,El Dorado,17,186661,2424,1900,21,1921,4
2020-11-21,Fresno,19,978130,40666,35973,1206,37179,482
2020-11-21,Glenn,21,27897,934,829,32,861,4
2020-11-21,Humboldt,23,135768,864,728,2,730,9
2020-11-21,Imperial,25,180216,15959,15053,33,15086,355
2020-11-21,Inyo,27,18085,292,283,1,284,15
2020-11-21,Kern,29,883053,39893,37403,1072,38475,463
2020-11-21,Kings,31,150075,10804,10019,138,10157,85
2020-11-21,Lake,33,64148,927,832,0,832,18
2020-11-21,Lassen,35,31185,1857,1211,6,1217,0
2020-11-21,Los Angeles,37,10098052,379875,357754,5652,363406,7428
2020-11-21,Madera,39,155013,6226,5706,128,5834,56
2020-11-21,Marin,41,260295,7665,7488,25,7513,134
2020-11-21,Mariposa,43,17540,125,92,1,93,2
2020-11-21,Mendocino,45,87422,1426,1282,3,1285,22
2020-11-21,Merced,47,269075,11506,10849,99,10948,169
2020-11-21,Modoc,49,8938,100,87,18,105,0
2020-11-21,Mono,51,14174,493,469,8,477,2
2020-11-21,Monterey,53,433212,14892,13886,251,14137,110
2020-11-21,Napa,55,140530,3097,2757,14,2771,17
2020-11-21,Nevada,57,99092,1236,1018,29,1047,9
2020-11-21,Orange,59,3164182,76116,69021,2297,71318,1543
2020-11-21,Placer,61,380077,6811,5778,122,5900,65
2020-11-21,Plumas,63,18699,196,172,0,172,0
2020-11-21,Riverside,65,2383286,87733,80676,1580,82256,1407
2020-11-21,Sacramento,67,1510023,35896,33133,95,33228,548
2020-11-21,San Benito,69,59416,1787,1691,12,1703,15
2020-11-21,San Bernardino,71,2135413,91574,83206,1015,84221,1222
2020-11-21,San Diego,73,3302833,77902,70711,0,70711,966
2020-11-21,San Francisco,75,870044,15173,14445,94,14539,153
2020-11-21,San Joaquin,77,732212,26035,24620,480,25100,517
2020-11-21,San Luis Obispo,79,281455,6091,5618,98,5716,34
2020-11-21,San Mateo,81,765935,14104,13138,11,13149,170
2020-11-21,Santa Barbara,83,443738,11714,10922,185,11107,137
2020-11-21,Santa Clara,85,1922200,33634,30377,61,30438,433
2020-11-21,Santa Cruz,87,273765,4379,3898,48,3946,25
2020-11-21,Shasta,89,179085,5070,4095,140,4235,42
2020-11-21,Sierra,91,2930,17,13,0,13,0
2020-11-21,Siskiyou,93,43540,571,403,31,434,0
2020-11-21,Solano,95,438530,10122,9290,61,9351,86
2020-11-21,Sonoma,97,501317,12049,11394,48,11442,158
2020-11-21,Stanislaus,99,539301,21257,20111,1343,21454,435
2020-11-21,Sutter,101,95872,3148,2615,9,2624,13
2020-11-21,Tehama,103,63373,1616,1435,17,1452,9
2020-11-21,Trinity,105,12862,179,110,10,120,0
2020-11-21,Tulare,107,460477,20867,19752,1257,21009,313
2020-11-21,Tuolumne,109,53932,975,690,3,693,7
2020-11-21,Ventura,111,848112,19271,18040,622,18662,177
2020-11-21,Yolo,113,214977,4736,4147,14,4161,75
2020-11-21,Yuba,115,75493,1882,1643,8,1651,10
2020-11-20,Alameda,1,1643700,28942,27221,313,27534,444
2020-11-20,Alpine,3,1148,47,20,0,20,0
2020-11-20,Amador,5,37829,485,446,1,447,16
2020-11-20,Butte,7,227075,3928,3618,179,3797,60
2020-11-20,Calaveras,9,45235,448,424,0,424,21
2020-11-20,Colusa,11,21464,704,631,1,632,6
2020-11-20,Contra Costa,13,1133247,23566,22116,144,22260,260
2020-11-20,Del Norte,15,27424,303,264,0,264,2
2020-11-20,El Dorado,17,186661,2329,1868,19,1887,4
2020-11-20,Fresno,19,978130,40375,35635,1173,36808,480
2020-11-20,Glenn,21,27897,922,826,30,856,4
2020-11-20,Humboldt,23,135768,855,714,1,715,9
2020-11-20,Imperial,25,180216,15897,14864,29,14893,353
2020-11-20,Inyo,27,18085,290,262,1,263,15
2020-11-20,Kern,29,883053,39601,37143,1046,38189,462
2020-11-20,Kings,31,150075,10757,9903,136,10039,85
2020-11-20,Lake,33,64148,918,820,0,820,18
2020-11-20,Lassen,35,31185,1772,1212,5,1217,0
2020-11-20,Los Angeles,37,10098052,375999,353554,5485,359039,7398
2020-11-20,Madera,39,155013,6134,5635,126,5761,54
2020-11-20,Marin,41,260295,7641,7467,24,7491,134
2020-11-20,Mariposa,43,17540,117,89,1,90,2
2020-11-20,Mendocino,45,87422,1406,1269,3,1272,22
2020-11-20,Merced,47,269075,11420,10729,99,10828,167
2020-11-20,Modoc,49,8938,100,83,18,101,0
2020-11-20,Mono,51,14174,492,469,8,477,2
2020-11-20,Monterey,53,433212,14767,13738,242,13980,110
2020-11-20,Napa,55,140530,3067,2718,14,2732,17
2020-11-20,Nevada,57,99092,1218,990,28,1018,9
2020-11-20,Orange,59,3164182,75288,68212,2256,70468,1532
2020-11-20,Placer,61,380077,6681,5687,106,5793,66
2020-11-20,Plumas,63,18699,193,163,0,163,0
2020-11-20,Riverside,65,2383286,86727,79613,1512,81125,1405
2020-11-20,Sacramento,67,1510023,35516,32832,85,32917,549
2020-11-20,San Benito,69,59416,1775,1668,12,1680,15
2020-11-20,San Bernardino,71,2135413,90209,81203,931,82134,1220
2020-11-20,San Diego,73,3302833,76904,69233,0,69233,960
2020-11-20,San Francisco,75,870044,15069,14327,93,14420,153
2020-11-20,San Joaquin,77,732212,25883,24460,466,24926,515
2020-11-20,San Luis Obispo,79,281455,6037,5524,95,5619,34
2020-11-20,San Mateo,81,765935,13971,12980,10,12990,169
2020-11-20,Santa Barbara,83,443738,11657,10825,179,11004,136
2020-11-20,Santa Clara,85,1922200,33213,30002,55,30057,431
2020-11-20,Santa Cruz,87,273765,4313,3815,48,3863,25
2020-11-20,Shasta,89,179085,4996,3861,135,3996,42
2020-11-20,Sierra,91,2930,17,12,0,12,0
2020-11-20,Siskiyou,93,43540,558,387,29,416,0
2020-11-20,Solano,95,438530,10031,9216,58,9274,85
2020-11-20,Sonoma,97,501317,11965,11316,47,11363,158
2020-11-20,Stanislaus,99,539301,21104,19889,1315,21204,433
2020-11-20,Sutter,101,95872,3099,2580,9,2589,13
2020-11-20,Tehama,103,63373,1602,1410,13,1423,9
2020-11-20,Trinity,105,12862,178,102,10,112,0
2020-11-20,Tulare,107,460477,20736,19568,1216,20784,311
2020-11-20,Tuolumne,109,53932,936,662,3,665,7
2020-11-20,Ventura,111,848112,19104,17741,594,18335,175
2020-11-20,Yolo,113,214977,4658,4081,13,4094,74
2020-11-20,Yuba,115,75493,1854,1611,8,1619,10
2020-11-19,Alameda,1,1643700,28599,26971,304,27275,441
2020-11-19,Alpine,3,1148,44,20,0,20,0
2020-11-19,Amador,5,37829,481,436,1,437,16
2020-11-19,Butte,7,227075,3879,3576,172,3748,60
2020-11-19,Calaveras,9,45235,439,417,0,417,21
2020-11-19,Colusa,11,21464,686,621,1,622,6
2020-11-19,Contra Costa,13,1133247,23296,21886,141,22027,259
2020-11-19,Del Norte,15,27424,295,251,0,251,2
2020-11-19,El Dorado,17,186661,2255,1825,18,1843,4
2020-11-19,Fresno,19,978130,39931,35278,1113,36391,478
2020-11-19,Glenn,21,27897,900,806,29,835,4
2020-11-19,Humboldt,23,135768,835,693,1,694,9
2020-11-19,Imperial,25,180216,15687,14507,29,14536,349
2020-11-19,Inyo,27,18085,288,262,1,263,15
2020-11-19,Kern,29,883053,39182,36779,1002,37781,459
2020-11-19,Kings,31,150075,10610,9763,128,9891,85
2020-11-19,Lake,33,64148,904,809,0,809,18
2020-11-19,Lassen,35,31185,1655,1201,3,1204,0
2020-11-19,Los Angeles,37,10098052,370932,349493,5307,354800,7365
2020-11-19,Madera,39,155013,6062,5540,119,5659,54
2020-11-19,Marin,41,260295,7610,7451,24,7475,134
2020-11-19,Mariposa,43,17540,110,88,0,88,2
2020-11-19,Mendocino,45,87422,1385,1237,3,1240,23
2020-11-19,Merced,47,269075,11279,10634,93,10727,167
2020-11-19,Modoc,49,8938,97,82,18,100,0
2020-11-19,Mono,51,14174,486,468,8,476,2
2020-11-19,Monterey,53,433212,14552,13369,231,13600,108
2020-11-19,Napa,55,140530,3013,2641,14,2655,17
2020-11-19,Nevada,57,99092,1177,945,27,972,9
2020-11-19,Orange,59,3164182,74022,66998,2209,69207,1530
2020-11-19,Placer,61,380077,6491,5612,105,5717,65
2020-11-19,Plumas,63,18699,188,158,0,158,0
2020-11-19,Riverside,65,2383286,85257,78535,1440,79975,1402
2020-11-19,Sacramento,67,1510023,34999,32367,83,32450,546
2020-11-19,San Benito,69,59416,1752,1643,12,1655,15
2020-11-19,San Bernardino,71,2135413,88318,79244,847,80091,1215
2020-11-19,San Diego,73,3302833,75656,68142,0,68142,952
2020-11-19,San Francisco,75,870044,14913,14178,87,14265,153
2020-11-19,San Joaquin,77,732212,25564,24270,454,24724,516
2020-11-19,San Luis Obispo,79,281455,5961,5410,92,5502,34
2020-11-19,San Mateo,81,765935,13833,12714,10,12724,169
2020-11-19,Santa Barbara,83,443738,11577,10741,175,10916,136
2020-11-19,Santa Clara,85,1922200,32655,29630,54,29684,424
2020-11-19,Santa Cruz,87,273765,4222,3679,46,3725,25
2020-11-19,Shasta,89,179085,4859,3685,124,3809,42
2020-11-19,Sierra,91,2930,17,11,0,11,0
2020-11-19,Siskiyou,93,43540,533,360,28,388,0
2020-11-19,Solano,95,438530,9894,9093,54,9147,84
2020-11-19,Sonoma,97,501317,11795,11205,45,11250,156
2020-11-19,Stanislaus,99,539301,20862,19736,1273,21009,433
2020-11-19,Sutter,101,95872,3002,2509,9,2518,13
2020-11-19,Tehama,103,63373,1569,1373,10,1383,9
2020-11-19,Trinity,105,12862,172,97,10,107,0
2020-11-19,Tulare,107,460477,20514,19384,1149,20533,304
2020-11-19,Tuolumne,109,53932,904,602,3,605,7
2020-11-19,Ventura,111,848112,18751,17300,581,17881,174
2020-11-19,Yolo,113,214977,4563,3973,13,3986,72
2020-11-19,Yuba,115,75493,1814,1568,8,1576,10
2020-11-18,Alameda,1,1643700,28337,26610,299,26909,440
2020-11-18,Alpine,3,1148,43,16,0,16,0
2020-11-18,Amador,5,37829,476,430,1,431,16
2020-11-18,Butte,7,227075,3826,3537,159,3696,59
2020-11-18,Calaveras,9,45235,433,409,0,409,21
2020-11-18,Colusa,11,21464,673,611,1,612,6
2020-11-18,Contra Costa,13,1133247,23029,21685,137,21822,258
2020-11-18,Del Norte,15,27424,281,240,0,240,2
2020-11-18,El Dorado,17,186661,2168,1799,17,1816,4
2020-11-18,Fresno,19,978130,39494,34997,1059,36056,474
2020-11-18,Glenn,21,27897,884,803,27,830,4
2020-11-18,Humboldt,23,135768,821,690,1,691,9
2020-11-18,Imperial,25,180216,15464,14428,28,14456,348
2020-11-18,Inyo,27,18085,286,262,1,263,15
2020-11-18,Kern,29,883053,38796,36537,949,37486,456
2020-11-18,Kings,31,150075,10462,9696,125,9821,85
2020-11-18,Lake,33,64148,891,802,0,802,18
2020-11-18,Lassen,35,31185,1555,1124,3,1127,0
2020-11-18,Los Angeles,37,10098052,366217,344675,5114,349789,7338
2020-11-18,Madera,39,155013,5975,5519,107,5626,54
2020-11-18,Marin,41,260295,7586,7435,24,7459,134
2020-11-18,Mariposa,43,17540,107,88,0,88,2
2020-11-18,Mendocino,45,87422,1365,1237,3,1240,23
2020-11-18,Merced,47,269075,11164,10536,91,10627,166
2020-11-18,Modoc,49,8938,94,77,18,95,0
2020-11-18,Mono,51,14174,481,468,8,476,2
2020-11-18,Monterey,53,433212,14360,13340,216,13556,108
2020-11-18,Napa,55,140530,2966,2607,14,2621,17
2020-11-18,Nevada,57,99092,1138,933,25,958,9
2020-11-18,Orange,59,3164182,72930,66381,2186,68567,1521
2020-11-18,Placer,61,380077,6314,5543,100,5643,64
2020-11-18,Plumas,63,18699,183,143,0,143,0
2020-11-18,Riverside,65,2383286,83836,77739,1338,79077,1387
2020-11-18,Sacramento,67,1510023,34375,31816,75,31891,541
2020-11-18,San Benito,69,59416,1727,1632,11,1643,15
2020-11-18,San Bernardino,71,2135413,86565,77400,764,78164,1206
2020-11-18,San Diego,73,3302833,74366,67243,0,67243,945
2020-11-18,San Francisco,75,870044,14769,14057,85,14142,153
2020-11-18,San Joaquin,77,732212,25298,24146,439,24585,517
2020-11-18,San Luis Obispo,79,281455,5886,5322,91,5413,34
2020-11-18,San Mateo,81,765935,13681,12631,9,12640,169
2020-11-18,Santa Barbara,83,443738,11498,10684,168,10852,136
2020-11-18,Santa Clara,85,1922200,32190,29285,49,29334,421
2020-11-18,Santa Cruz,87,273765,4130,3618,44,3662,25
2020-11-18,Shasta,89,179085,4723,3547,120,3667,42
2020-11-18,Sierra,91,2930,17,11,0,11,0
2020-11-18,Siskiyou,93,43540,501,351,27,378,0
2020-11-18,Solano,95,438530,9762,8994,52,9046,84
2020-11-18,Sonoma,97,501317,11688,11129,42,11171,155
2020-11-18,Stanislaus,99,539301,20620,19609,1248,20857,431
2020-11-18,Sutter,101,95872,2886,2442,9,2451,13
2020-11-18,Tehama,103,63373,1530,1338,10,1348,8
2020-11-18,Trinity,105,12862,162,95,10,105,0
2020-11-18,Tulare,107,460477,20308,19286,1094,20380,306
2020-11-18,Tuolumne,109,53932,868,590,3,593,7
2020-11-18,Ventura,111,848112,18426,17169,567,17736,173
2020-11-18,Yolo,113,214977,4489,3929,13,3942,71
2020-11-18,Yuba,115,75493,1761,1540,8,1548,10
2020-11-17,Alameda,1,1643700,28014,26425,289,26714,439
2020-11-17,Alpine,3,1148,41,12,0,12,0
2020-11-17,Amador,5,37829,465,423,1,424,16
2020-11-17,Butte,7,227075,3784,3500,149,3649,59
2020-11-17,Calaveras,9,45235,418,405,0,405,21
2020-11-17,Colusa,11,21464,662,606,0,606,6
2020-11-17,Contra Costa,13,1133247,22756,21557,132,21689,256
2020-11-17,Del Norte,15,27424,276,233,0,233,2
2020-11-17,El Dorado,17,186661,2109,1758,17,1775,4
2020-11-17,Fresno,19,978130,38900,34765,999,35764,472
2020-11-17,Glenn,21,27897,873,795,26,821,4
2020-11-17,Humboldt,23,135768,799,685,1,686,9
2020-11-17,Imperial,25,180216,15229,14204,27,14231,346
2020-11-17,Inyo,27,18085,285,263,1,264,15
2020-11-17,Kern,29,883053,38346,36164,895,37059,455
2020-11-17,Kings,31,150075,10389,9653,118,9771,85
2020-11-17,Lake,33,64148,871,792,0,792,18
2020-11-17,Lassen,35,31185,1476,1124,3,1127,0
2020-11-17,Los Angeles,37,10098052,361279,340933,4945,345878,7302
2020-11-17,Madera,39,155013,5886,5485,100,5585,54
2020-11-17,Marin,41,260295,7554,7404,23,7427,134
2020-11-17,Mariposa,43,17540,104,87,0,87,2
2020-11-17,Mendocino,45,87422,1344,1216,3,1219,23
2020-11-17,Merced,47,269075,11020,10457,85,10542,162
2020-11-17,Modoc,49,8938,88,71,17,88,0
2020-11-17,Mono,51,14174,478,459,8,467,2
2020-11-17,Monterey,53,433212,14132,13220,206,13426,108
2020-11-17,Napa,55,140530,2912,2568,14,2582,17
2020-11-17,Nevada,57,99092,1097,918,24,942,9
2020-11-17,Orange,59,3164182,71782,65757,2155,67912,1519
2020-11-17,Placer,61,380077,6157,5435,94,5529,63
2020-11-17,Plumas,63,18699,175,142,0,142,0
2020-11-17,Riverside,65,2383286,82460,77079,1245,78324,1379
2020-11-17,Sacramento,67,1510023,33782,31341,71,31412,538
2020-11-17,San Benito,69,59416,1712,1611,4,1615,15
2020-11-17,San Bernardino,71,2135413,84753,76134,672,76806,1188
2020-11-17,San Diego,73,3302833,73114,66321,0,66321,933
2020-11-17,San Francisco,75,870044,14603,13952,84,14036,153
2020-11-17,San Joaquin,77,732212,25025,23997,420,24417,516
2020-11-17,San Luis Obispo,79,281455,5791,5235,91,5326,34
2020-11-17,San Mateo,81,765935,13519,12491,8,12499,169
2020-11-17,Santa Barbara,83,443738,11411,10597,162,10759,136
2020-11-17,Santa Clara,85,1922200,31641,29013,48,29061,419
2020-11-17,Santa Cruz,87,273765,4046,3548,41,3589,25
2020-11-17,Shasta,89,179085,4563,3457,107,3564,40
2020-11-17,Sierra,91,2930,15,11,0,11,0
2020-11-17,Siskiyou,93,43540,453,333,26,359,0
2020-11-17,Solano,95,438530,9617,8905,51,8956,84
2020-11-17,Sonoma,97,501317,11554,11084,40,11124,155
2020-11-17,Stanislaus,99,539301,20397,19466,1219,20685,425
2020-11-17,Sutter,101,95872,2803,2370,8,2378,12
2020-11-17,Tehama,103,63373,1480,1290,10,1300,7
2020-11-17,Trinity,105,12862,150,83,10,93,0
2020-11-17,Tulare,107,460477,20091,19176,1029,20205,305
2020-11-17,Tuolumne,109,53932,830,568,3,571,7
2020-11-17,Ventura,111,848112,18153,16797,548,17345,173
2020-11-17,Yolo,113,214977,4312,3887,12,3899,70
2020-11-17,Yuba,115,75493,1713,1519,8,1527,10
2020-11-16,Alameda,1,1643700,27667,26063,284,26347,436
2020-11-16,Alpine,3,1148,38,12,0,12,0
2020-11-16,Amador,5,37829,457,414,1,415,16
2020-11-16,Butte,7,227075,3745,3490,140,3630,58
2020-11-16,Calaveras,9,45235,411,402,0,402,21
2020-11-16,Colusa,11,21464,653,601,0,601,6
2020-11-16,Contra Costa,13,1133247,22489,21386,127,21513,256
2020-11-16,Del Norte,15,27424,269,225,0,225,2
2020-11-16,El Dorado,17,186661,2048,1694,15,1709,4
2020-11-16,Fresno,19,978130,38416,34593,941,35534,471
2020-11-16,Glenn,21,27897,861,786,25,811,4
2020-11-16,Humboldt,23,135768,781,660,1,661,9
2020-11-16,Imperial,25,180216,14982,14111,27,14138,346
2020-11-16,Inyo,27,18085,282,263,1,264,15
2020-11-16,Kern,29,883053,37955,36049,851,36900,455
2020-11-16,Kings,31,150075,10123,9569,114,9683,85
2020-11-16,Lake,33,64148,859,784,0,784,18
2020-11-16,Lassen,35,31185,1295,1124,3,1127,0
2020-11-16,Los Angeles,37,10098052,356552,338778,4755,343533,7277
2020-11-16,Madera,39,155013,5800,5433,93,5526,54
2020-11-16,Marin,41,260295,7525,7359,23,7382,134
2020-11-16,Mariposa,43,17540,101,86,0,86,2
2020-11-16,Mendocino,45,87422,1319,1209,3,1212,23
2020-11-16,Merced,47,269075,10883,10399,82,10481,162
2020-11-16,Modoc,49,8938,86,71,17,88,0
2020-11-16,Mono,51,14174,476,453,8,461,2
2020-11-16,Monterey,53,433212,13889,13089,193,13282,107
2020-11-16,Napa,55,140530,2836,2536,14,2550,17
2020-11-16,Nevada,57,99092,1054,889,22,911,9
2020-11-16,Orange,59,3164182,70687,65396,2140,67536,1519
2020-11-16,Placer,61,380077,6038,5387,86,5473,63
2020-11-16,Plumas,63,18699,168,127,0,127,0
2020-11-16,Riverside,65,2383286,81093,76449,1177,77626,1379
2020-11-16,Sacramento,67,1510023,33142,30954,64,31018,534
2020-11-16,San Benito,69,59416,1694,1603,3,1606,15
2020-11-16,San Bernardino,71,2135413,82928,74401,600,75001,1186
2020-11-16,San Diego,73,3302833,71806,65603,0,65603,926
2020-11-16,San Francisco,75,870044,14445,13847,81,13928,153
2020-11-16,San Joaquin,77,732212,24738,23515,410,23925,513
2020-11-16,San Luis Obispo,79,281455,5687,5161,86,5247,34
2020-11-16,San Mateo,81,765935,13360,12398,8,12406,169
2020-11-16,Santa Barbara,83,443738,11347,10565,158,10723,135
2020-11-16,Santa Clara,85,1922200,31074,28673,46,28719,419
2020-11-16,Santa Cruz,87,273765,3973,3520,41,3561,25
2020-11-16,Shasta,89,179085,4413,3284,102,3386,37
2020-11-16,Sierra,91,2930,15,11,0,11,0
2020-11-16,Siskiyou,93,43540,426,294,26,320,0
2020-11-16,Solano,95,438530,9419,8827,51,8878,84
2020-11-16,Sonoma,97,501317,11463,10961,39,11000,155
2020-11-16,Stanislaus,99,539301,20161,19333,1191,20524,425
2020-11-16,Sutter,101,95872,2696,2322,8,2330,12
2020-11-16,Tehama,103,63373,1435,1261,6,1267,7
2020-11-16,Trinity,105,12862,142,67,10,77,0
2020-11-16,Tulare,107,460477,19917,18891,972,19863,305
2020-11-16,Tuolumne,109,53932,794,543,3,546,7
2020-11-16,Ventura,111,848112,17816,16691,540,17231,172
2020-11-16,Yolo,113,214977,4215,3858,12,3870,70
2020-11-16,Yuba,115,75493,1677,1500,7,1507,10
2020-11-15,Alameda,1,1643700,27349,25879,278,26157,436
2020-11-15,Alpine,3,1148,36,12,0,12,0
2020-11-15,Amador,5,37829,445,409,1,410,16
2020-11-15,Butte,7,227075,3692,3452,130,3582,58
2020-11-15,Calaveras,9,45235,398,386,0,386,21
2020-11-15,Colusa,11,21464,644,601,0,601,6
2020-11-15,Contra Costa,13,1133247,22190,21179,126,21305,256
2020-11-15,Del Norte,15,27424,253,224,0,224,2
2020-11-15,El Dorado,17,186661,1986,1683,14,1697,4
2020-11-15,Fresno,19,978130,37908,34297,901,35198,471
2020-11-15,Glenn,21,27897,849,783,24,807,4
2020-11-15,Humboldt,23,135768,753,653,1,654,9
2020-11-15,Imperial,25,180216,14745,13940,27,13967,346
2020-11-15,Inyo,27,18085,272,263,1,264,15
2020-11-15,Kern,29,883053,37552,35911,814,36725,455
2020-11-15,Kings,31,150075,9930,9533,110,9643,85
2020-11-15,Lake,33,64148,850,777,0,777,17
2020-11-15,Lassen,35,31185,1248,1124,3,1127,0
2020-11-15,Los Angeles,37,10098052,351521,336035,4573,340608,7271
2020-11-15,Madera,39,155013,5703,5391,87,5478,54
2020-11-15,Marin,41,260295,7499,7347,23,7370,133
2020-11-15,Mariposa,43,17540,98,86,0,86,2
2020-11-15,Mendocino,45,87422,1300,1197,3,1200,22
2020-11-15,Merced,47,269075,10750,10350,82,10432,162
2020-11-15,Modoc,49,8938,85,68,17,85,0
2020-11-15,Mono,51,14174,474,453,8,461,2
2020-11-15,Monterey,53,433212,13692,12999,180,13179,107
2020-11-15,Napa,55,140530,2777,2509,12,2521,17
2020-11-15,Nevada,57,99092,999,859,22,881,9
2020-11-15,Orange,59,3164182,69653,65008,2121,67129,1519
2020-11-15,Placer,61,380077,5884,5330,78,5408,63
2020-11-15,Plumas,63,18699,162,127,0,127,0
2020-11-15,Riverside,65,2383286,79775,75531,1116,76647,1374
2020-11-15,Sacramento,67,1510023,32518,30601,60,30661,534
2020-11-15,San Benito,69,59416,1669,1589,2,1591,15
2020-11-15,San Bernardino,71,2135413,80786,73769,516,74285,1185
2020-11-15,San Diego,73,3302833,70307,64770,0,64770,926
2020-11-15,San Francisco,75,870044,14267,13757,80,13837,153
2020-11-15,San Joaquin,77,732212,24529,23516,394,23910,513
2020-11-15,San Luis Obispo,79,281455,5564,5120,83,5203,34
2020-11-15,San Mateo,81,765935,13183,12348,8,12356,169
2020-11-15,Santa Barbara,83,443738,11252,10516,156,10672,135
2020-11-15,Santa Clara,85,1922200,30620,28289,45,28334,418
2020-11-15,Santa Cruz,87,273765,3835,3439,40,3479,25
2020-11-15,Shasta,89,179085,4239,3290,93,3383,37
2020-11-15,Sierra,91,2930,15,11,0,11,0
2020-11-15,Siskiyou,93,43540,407,294,26,320,0
2020-11-15,Solano,95,438530,9258,8713,48,8761,84
2020-11-15,Sonoma,97,501317,11343,10833,38,10871,154
2020-11-15,Stanislaus,99,539301,19891,19228,1164,20392,425
2020-11-15,Sutter,101,95872,2607,2230,8,2238,12
2020-11-15,Tehama,103,63373,1384,1222,5,1227,7
2020-11-15,Trinity,105,12862,134,67,9,76,0
2020-11-15,Tulare,107,460477,19702,18891,917,19808,305
2020-11-15,Tuolumne,109,53932,753,486,3,489,7
2020-11-15,Ventura,111,848112,17543,16564,532,17096,172
2020-11-15,Yolo,113,214977,4112,3819,11,3830,67
2020-11-15,Yuba,115,75493,1636,1470,6,1476,10
2020-11-14,Alameda,1,1643700,27083,25714,275,25989,435
2020-11-14,Alpine,3,1148,36,12,0,12,0
2020-11-14,Amador,5,37829,436,404,0,404,16
2020-11-14,Butte,7,227075,3656,3434,116,3550,58
2020-11-14,Calaveras,9,45235,397,386,0,386,21
2020-11-14,Colusa,11,21464,632,601,0,601,6
2020-11-14,Contra Costa,13,1133247,22051,20975,119,21094,256
2020-11-14,Del Norte,15,27424,247,219,0,219,2
2020-11-14,El Dorado,17,186661,1942,1648,14,1662,4
2020-11-14,Fresno,19,978130,37658,33969,866,34835,471
2020-11-14,Glenn,21,27897,840,772,21,793,3
2020-11-14,Humboldt,23,135768,738,643,1,644,9
2020-11-14,Imperial,25,180216,14652,13932,26,13958,346
2020-11-14,Inyo,27,18085,271,263,1,264,15
2020-11-14,Kern,29,883053,37342,35626,795,36421,454
2020-11-14,Kings,31,150075,9895,9490,107,9597,85
2020-11-14,Lake,33,64148,841,773,0,773,17
2020-11-14,Lassen,35,31185,1234,833,3,836,0
2020-11-14,Los Angeles,37,10098052,348822,333021,4458,337479,7269
2020-11-14,Madera,39,155013,5673,5371,85,5456,54
2020-11-14,Marin,41,260295,7483,7325,23,7348,133
2020-11-14,Mariposa,43,17540,97,86,0,86,2
2020-11-14,Mendocino,45,87422,1284,1181,3,1184,22
2020-11-14,Merced,47,269075,10694,10286,80,10366,161
2020-11-14,Modoc,49,8938,84,64,16,80,0
2020-11-14,Mono,51,14174,474,453,8,461,2
2020-11-14,Monterey,53,433212,13596,12854,170,13024,105
2020-11-14,Napa,55,140530,2743,2473,12,2485,17
2020-11-14,Nevada,57,99092,983,835,22,857,9
2020-11-14,Orange,59,3164182,69036,64340,2108,66448,1517
2020-11-14,Placer,61,380077,5808,5215,72,5287,63
2020-11-14,Plumas,63,18699,157,128,0,128,0
2020-11-14,Riverside,65,2383286,79037,74910,1075,75985,1373
2020-11-14,Sacramento,67,1510023,32192,30298,59,30357,532
2020-11-14,San Benito,69,59416,1654,1573,2,1575,15
2020-11-14,San Bernardino,71,2135413,79854,72868,483,73351,1184
2020-11-14,San Diego,73,3302833,69542,63715,0,63715,926
2020-11-14,San Francisco,75,870044,14180,13661,79,13740,153
2020-11-14,San Joaquin,77,732212,24438,23516,386,23902,511
2020-11-14,San Luis Obispo,79,281455,5501,5073,77,5150,34
2020-11-14,San Mateo,81,765935,13075,12293,8,12301,169
2020-11-14,Santa Barbara,83,443738,11198,10482,154,10636,135
2020-11-14,Santa Clara,85,1922200,30335,27962,43,28005,416
2020-11-14,Santa Cruz,87,273765,3780,3402,40,3442,25
2020-11-14,Shasta,89,179085,4154,3195,91,3286,37
2020-11-14,Sierra,91,2930,15,11,0,11,0
2020-11-14,Siskiyou,93,43540,394,292,26,318,0
2020-11-14,Solano,95,438530,9178,8655,47,8702,84
2020-11-14,Sonoma,97,501317,11290,10769,38,10807,154
2020-11-14,Stanislaus,99,539301,19749,19068,1142,20210,424
2020-11-14,Sutter,101,95872,2563,2182,8,2190,12
2020-11-14,Tehama,103,63373,1363,1206,4,1210,7
2020-11-14,Trinity,105,12862,129,67,9,76,0
2020-11-14,Tulare,107,460477,19608,18853,888,19741,305
2020-11-14,Tuolumne,109,53932,725,448,3,451,7
2020-11-14,Ventura,111,848112,17398,16297,520,16817,172
2020-11-14,Yolo,113,214977,4070,3765,9,3774,65
2020-11-14,Yuba,115,75493,1607,1453,6,1459,10
2020-11-13,Alameda,1,1643700,26867,25515,270,25785,434
2020-11-13,Alpine,3,1148,36,12,0,12,0
2020-11-13,Amador,5,37829,433,397,0,397,16
2020-11-13,Butte,7,227075,3632,3402,107,3509,58
2020-11-13,Calaveras,9,45235,393,378,0,378,21
2020-11-13,Colusa,11,21464,624,598,0,598,6
2020-11-13,Contra Costa,13,1133247,21879,20799,119,20918,256
2020-11-13,Del Norte,15,27424,245,208,0,208,2
2020-11-13,El Dorado,17,186661,1897,1611,13,1624,4
2020-11-13,Fresno,19,978130,37411,33693,852,34545,470
2020-11-13,Glenn,21,27897,826,755,17,772,3
2020-11-13,Humboldt,23,135768,723,638,1,639,9
2020-11-13,Imperial,25,180216,14582,13790,25,13815,341
2020-11-13,Inyo,27,18085,270,262,1,263,15
2020-11-13,Kern,29,883053,37141,35431,778,36209,453
2020-11-13,Kings,31,150075,9836,9428,106,9534,85
2020-11-13,Lake,33,64148,835,770,0,770,17
2020-11-13,Lassen,35,31185,1225,832,3,835,0
2020-11-13,Los Angeles,37,10098052,345702,329364,4344,333708,7248
2020-11-13,Madera,39,155013,5633,5340,84,5424,54
2020-11-13,Marin,41,260295,7470,7307,22,7329,133
2020-11-13,Mariposa,43,17540,95,86,0,86,2
2020-11-13,Mendocino,45,87422,1272,1173,3,1176,22
2020-11-13,Merced,47,269075,10639,10185,77,10262,159
2020-11-13,Modoc,49,8938,84,63,14,77,0
2020-11-13,Mono,51,14174,474,448,7,455,2
2020-11-13,Monterey,53,433212,13401,12681,158,12839,104
2020-11-13,Napa,55,140530,2704,2440,12,2452,17
2020-11-13,Nevada,57,99092,964,798,22,820,9
2020-11-13,Orange,59,3164182,68435,63804,2089,65893,1514
2020-11-13,Placer,61,380077,5704,5122,66,5188,63
2020-11-13,Plumas,63,18699,151,125,0,125,0
2020-11-13,Riverside,65,2383286,78299,74138,1047,75185,1372
2020-11-13,Sacramento,67,1510023,31875,29787,54,29841,524
2020-11-13,San Benito,69,59416,1642,1553,1,1554,15
2020-11-13,San Bernardino,71,2135413,78807,71895,461,72356,1184
2020-11-13,San Diego,73,3302833,68695,62978,0,62978,921
2020-11-13,San Francisco,75,870044,14087,13516,77,13593,146
2020-11-13,San Joaquin,77,732212,24343,23314,379,23693,510
2020-11-13,San Luis Obispo,79,281455,5435,4960,73,5033,34
2020-11-13,San Mateo,81,765935,12982,12182,8,12190,169
2020-11-13,Santa Barbara,83,443738,11146,10405,152,10557,134
2020-11-13,Santa Clara,85,1922200,30010,27609,41,27650,415
2020-11-13,Santa Cruz,87,273765,3707,3343,40,3383,25
2020-11-13,Shasta,89,179085,4069,2983,87,3070,37
2020-11-13,Sierra,91,2930,15,11,0,11,0
2020-11-13,Siskiyou,93,43540,389,280,25,305,0
2020-11-13,Solano,95,438530,9087,8525,47,8572,84
2020-11-13,Sonoma,97,501317,11230,10685,36,10721,151
2020-11-13,Stanislaus,99,539301,19626,18936,1112,20048,422
2020-11-13,Sutter,101,95872,2517,2121,7,2128,12
2020-11-13,Tehama,103,63373,1335,1167,4,1171,7
2020-11-13,Trinity,105,12862,127,64,9,73,0
2020-11-13,Tulare,107,460477,19486,18714,845,19559,305
2020-11-13,Tuolumne,109,53932,692,427,3,430,7
2020-11-13,Ventura,111,848112,17254,16172,504,16676,171
2020-11-13,Yolo,113,214977,4019,3716,9,3725,65
2020-11-13,Yuba,115,75493,1580,1435,6,1441,10
2020-11-12,Alameda,1,1643700,26600,25345,270,25615,432
2020-11-12,Alpine,3,1148,35,12,0,12,0
2020-11-12,Amador,5,37829,432,392,0,392,16
2020-11-12,Butte,7,227075,3583,3347,104,3451,58
2020-11-12,Calaveras,9,45235,388,373,0,373,21
2020-11-12,Colusa,11,21464,619,591,0,591,6
2020-11-12,Contra Costa,13,1133247,21671,20619,117,20736,255
2020-11-12,Del Norte,15,27424,238,203,0,203,2
2020-11-12,El Dorado,17,186661,1851,1573,9,1582,4
2020-11-12,Fresno,19,978130,37067,33459,809,34268,468
2020-11-12,Glenn,21,27897,807,727,17,744,3
2020-11-12,Humboldt,23,135768,710,625,1,626,9
2020-11-12,Imperial,25,180216,14417,13619,25,13644,341
2020-11-12,Inyo,27,18085,269,255,1,256,15
2020-11-12,Kern,29,883053,36877,35207,761,35968,451
2020-11-12,Kings,31,150075,9771,9335,103,9438,85
2020-11-12,Lake,33,64148,826,764,0,764,17
2020-11-12,Lassen,35,31185,1156,832,2,834,0
2020-11-12,Los Angeles,37,10098052,341962,327001,4241,331242,7223
2020-11-12,Madera,39,155013,5599,5273,79,5352,54
2020-11-12,Marin,41,260295,7441,7268,22,7290,133
2020-11-12,Mariposa,43,17540,93,84,0,84,2
2020-11-12,Mendocino,45,87422,1253,1142,3,1145,22
2020-11-12,Merced,47,269075,10525,10107,74,10181,158
2020-11-12,Modoc,49,8938,84,63,14,77,0
2020-11-12,Mono,51,14174,473,442,7,449,2
2020-11-12,Monterey,53,433212,13281,12489,143,12632,100
2020-11-12,Napa,55,140530,2642,2398,12,2410,16
2020-11-12,Nevada,57,99092,941,780,21,801,9
2020-11-12,Orange,59,3164182,67692,63232,2068,65300,1514
2020-11-12,Placer,61,380077,5595,5044,56,5100,62
2020-11-12,Plumas,63,18699,147,121,0,121,0
2020-11-12,Riverside,65,2383286,77374,73381,1001,74382,1362
2020-11-12,Sacramento,67,1510023,31386,29459,47,29506,520
2020-11-12,San Benito,69,59416,1622,1525,1,1526,15
2020-11-12,San Bernardino,71,2135413,77441,70758,422,71180,1183
2020-11-12,San Diego,73,3302833,67716,62336,0,62336,918
2020-11-12,San Francisco,75,870044,13988,13289,76,13365,146
2020-11-12,San Joaquin,77,732212,24150,23002,357,23359,509
2020-11-12,San Luis Obispo,79,281455,5371,4898,72,4970,33
2020-11-12,San Mateo,81,765935,12859,12086,7,12093,169
2020-11-12,Santa Barbara,83,443738,11084,10325,146,10471,134
2020-11-12,Santa Clara,85,1922200,29635,27261,40,27301,414
2020-11-12,Santa Cruz,87,273765,3624,3317,38,3355,25
2020-11-12,Shasta,89,179085,3931,2825,76,2901,37
2020-11-12,Sierra,91,2930,15,11,0,11,0
2020-11-12,Siskiyou,93,43540,372,275,20,295,0
2020-11-12,Solano,95,438530,8987,8417,46,8463,85
2020-11-12,Sonoma,97,501317,11128,10602,35,10637,151
2020-11-12,Stanislaus,99,539301,19462,18787,1080,19867,422
2020-11-12,Sutter,101,95872,2433,2075,7,2082,12
2020-11-12,Tehama,103,63373,1308,1117,4,1121,7
2020-11-12,Trinity,105,12862,120,62,9,71,0
2020-11-12,Tulare,107,460477,19374,18545,808,19353,305
2020-11-12,Tuolumne,109,53932,653,353,3,356,7
2020-11-12,Ventura,111,848112,17005,16013,497,16510,158
2020-11-12,Yolo,113,214977,3975,3646,9,3655,63
2020-11-12,Yuba,115,75493,1545,1410,6,1416,10
2020-11-11,Alameda,1,1643700,26358,25140,268,25408,429
2020-11-11,Alpine,3,1148,30,12,0,12,0
2020-11-11,Amador,5,37829,425,389,0,389,16
2020-11-11,Butte,7,227075,3558,3348,90,3438,58
2020-11-11,Calaveras,9,45235,378,373,0,373,21
2020-11-11,Colusa,11,21464,613,591,0,591,6
2020-11-11,Contra Costa,13,1133247,21452,20452,115,20567,255
2020-11-11,Del Norte,15,27424,231,203,0,203,2
2020-11-11,El Dorado,17,186661,1805,1564,8,1572,4
2020-11-11,Fresno,19,978130,36748,33287,775,34062,468
2020-11-11,Glenn,21,27897,791,722,16,738,3
2020-11-11,Humboldt,23,135768,696,623,1,624,9
2020-11-11,Imperial,25,180216,14246,13623,23,13646,340
2020-11-11,Inyo,27,18085,267,255,1,256,15
2020-11-11,Kern,29,883053,36604,35014,743,35757,449
2020-11-11,Kings,31,150075,9665,9263,100,9363,85
2020-11-11,Lake,33,64148,816,763,0,763,17
2020-11-11,Lassen,35,31185,1131,831,2,833,0
2020-11-11,Los Angeles,37,10098052,338609,324567,4147,328714,7220
2020-11-11,Madera,39,155013,5565,5248,76,5324,54
2020-11-11,Marin,41,260295,7418,7268,22,7290,133
2020-11-11,Mariposa,43,17540,93,84,0,84,2
2020-11-11,Mendocino,45,87422,1241,1142,3,1145,22
2020-11-11,Merced,47,269075,10454,10074,72,10146,157
2020-11-11,Modoc,49,8938,80,62,13,75,0
2020-11-11,Mono,51,14174,471,443,7,450,2
2020-11-11,Monterey,53,433212,13139,12417,139,12556,100
2020-11-11,Napa,55,140530,2593,2365,9,2374,15
2020-11-11,Nevada,57,99092,899,741,21,762,9
2020-11-11,Orange,59,3164182,67055,62929,2045,64974,1506
2020-11-11,Placer,61,380077,5512,4981,48,5029,60
2020-11-11,Plumas,63,18699,145,111,0,111,0
2020-11-11,Riverside,65,2383286,76473,72953,954,73907,1361
2020-11-11,Sacramento,67,1510023,30932,28968,45,29013,520
2020-11-11,San Benito,69,59416,1608,1512,1,1513,15
2020-11-11,San Bernardino,71,2135413,76158,70374,393,70767,1182
2020-11-11,San Diego,73,3302833,66781,61746,0,61746,918
2020-11-11,San Francisco,75,870044,13880,13287,74,13361,146
2020-11-11,San Joaquin,77,732212,23991,23001,351,23352,509
2020-11-11,San Luis Obispo,79,281455,5296,4832,69,4901,33
2020-11-11,San Mateo,81,765935,12743,12008,7,12015,169
2020-11-11,Santa Barbara,83,443738,11019,10278,146,10424,134
2020-11-11,Santa Clara,85,1922200,29281,27075,38,27113,413
2020-11-11,Santa Cruz,87,273765,3556,3247,38,3285,25
2020-11-11,Shasta,89,179085,3808,2766,66,2832,36
2020-11-11,Sierra,91,2930,13,11,0,11,0
2020-11-11,Siskiyou,93,43540,341,261,17,278,0
2020-11-11,Solano,95,438530,8870,8353,43,8396,85
2020-11-11,Sonoma,97,501317,11054,10498,35,10533,150
2020-11-11,Stanislaus,99,539301,19324,18671,1048,19719,422
2020-11-11,Sutter,101,95872,2386,2049,6,2055,12
2020-11-11,Tehama,103,63373,1266,1105,3,1108,7
2020-11-11,Trinity,105,12862,111,62,9,71,0
2020-11-11,Tulare,107,460477,19246,18500,776,19276,305
2020-11-11,Tuolumne,109,53932,597,354,3,357,7
2020-11-11,Ventura,111,848112,16790,15801,483,16284,158
2020-11-11,Yolo,113,214977,3924,3606,9,3615,63
2020-11-11,Yuba,115,75493,1530,1400,6,1406,10
2020-11-10,Alameda,1,1643700,26128,25008,265,25273,424
2020-11-10,Alpine,3,1148,30,9,0,9,0
2020-11-10,Amador,5,37829,419,384,0,384,16
2020-11-10,Butte,7,227075,3522,3327,86,3413,58
2020-11-10,Calaveras,9,45235,373,367,0,367,21
2020-11-10,Colusa,11,21464,606,590,0,590,6
2020-11-10,Contra Costa,13,1133247,21246,20326,112,20438,255
2020-11-10,Del Norte,15,27424,225,196,0,196,2
2020-11-10,El Dorado,17,186661,1744,1551,8,1559,4
2020-11-10,Fresno,19,978130,36481,33024,737,33761,465
2020-11-10,Glenn,21,27897,783,719,12,731,3
2020-11-10,Humboldt,23,135768,679,610,1,611,9
2020-11-10,Imperial,25,180216,14116,13570,23,13593,338
2020-11-10,Inyo,27,18085,266,252,1,253,14
2020-11-10,Kern,29,883053,36327,34858,724,35582,448
2020-11-10,Kings,31,150075,9618,9236,93,9329,85
2020-11-10,Lake,33,64148,806,762,0,762,16
2020-11-10,Lassen,35,31185,1117,830,2,832,0
2020-11-10,Los Angeles,37,10098052,335364,322569,4027,326596,7205
2020-11-10,Madera,39,155013,5523,5229,70,5299,54
2020-11-10,Marin,41,260295,7399,7259,22,7281,133
2020-11-10,Mariposa,43,17540,91,84,0,84,2
2020-11-10,Mendocino,45,87422,1233,1137,3,1140,22
2020-11-10,Merced,47,269075,10393,9992,66,10058,157
2020-11-10,Modoc,49,8938,78,61,13,74,0
2020-11-10,Mono,51,14174,469,443,7,450,2
2020-11-10,Monterey,53,433212,13001,12335,131,12466,100
2020-11-10,Napa,55,140530,2555,2341,7,2348,15
2020-11-10,Nevada,57,99092,883,734,21,755,9
2020-11-10,Orange,59,3164182,66504,62597,2034,64631,1504
2020-11-10,Placer,61,380077,5432,4902,47,4949,60
2020-11-10,Plumas,63,18699,141,108,0,108,0
2020-11-10,Riverside,65,2383286,75832,72316,928,73244,1359
2020-11-10,Sacramento,67,1510023,30522,28677,42,28719,519
2020-11-10,San Benito,69,59416,1593,1508,1,1509,15
2020-11-10,San Bernardino,71,2135413,74990,69666,358,70024,1182
2020-11-10,San Diego,73,3302833,65892,61085,0,61085,915
2020-11-10,San Francisco,75,870044,13763,13210,74,13284,146
2020-11-10,San Joaquin,77,732212,23827,22865,344,23209,508
2020-11-10,San Luis Obispo,79,281455,5234,4780,65,4845,33
2020-11-10,San Mateo,81,765935,12643,11939,7,11946,169
2020-11-10,Santa Barbara,83,443738,10952,10252,142,10394,134
2020-11-10,Santa Clara,85,1922200,28940,26917,36,26953,409
2020-11-10,Santa Cruz,87,273765,3492,3221,38,3259,25
2020-11-10,Shasta,89,179085,3667,2686,58,2744,36
2020-11-10,Sierra,91,2930,12,10,0,10,0
2020-11-10,Siskiyou,93,43540,325,263,16,279,0
2020-11-10,Solano,95,438530,8772,8299,43,8342,85
2020-11-10,Sonoma,97,501317,10968,10414,35,10449,150
2020-11-10,Stanislaus,99,539301,19191,18592,1024,19616,420
2020-11-10,Sutter,101,95872,2291,2035,5,2040,12
2020-11-10,Tehama,103,63373,1240,1099,2,1101,7
2020-11-10,Trinity,105,12862,102,62,8,70,0
2020-11-10,Tulare,107,460477,19132,18430,752,19182,305
2020-11-10,Tuolumne,109,53932,550,353,2,355,7
2020-11-10,Ventura,111,848112,16607,15625,481,16106,158
2020-11-10,Yolo,113,214977,3862,3573,9,3582,63
2020-11-10,Yuba,115,75493,1507,1392,6,1398,10
2020-11-09,Alameda,1,1643700,25879,24899,261,25160,424
2020-11-09,Alpine,3,1148,28,6,0,6,0
2020-11-09,Amador,5,37829,410,380,0,380,16
2020-11-09,Butte,7,227075,3477,3301,77,3378,57
2020-11-09,Calaveras,9,45235,369,360,0,360,21
2020-11-09,Colusa,11,21464,600,583,0,583,6
2020-11-09,Contra Costa,13,1133247,21073,20193,110,20303,255
2020-11-09,Del Norte,15,27424,219,195,0,195,2
2020-11-09,El Dorado,17,186661,1703,1515,8,1523,4
2020-11-09,Fresno,19,978130,36173,32755,692,33447,465
2020-11-09,Glenn,21,27897,777,714,9,723,3
2020-11-09,Humboldt,23,135768,666,607,1,608,9
2020-11-09,Imperial,25,180216,13999,13508,22,13530,338
2020-11-09,Inyo,27,18085,266,252,1,253,14
2020-11-09,Kern,29,883053,36099,34764,685,35449,448
2020-11-09,Kings,31,150075,9548,9141,91,9232,84
2020-11-09,Lake,33,64148,797,755,0,755,16
2020-11-09,Lassen,35,31185,1022,799,2,801,0
2020-11-09,Los Angeles,37,10098052,332273,320370,3946,324316,7180
2020-11-09,Madera,39,155013,5477,5209,67,5276,54
2020-11-09,Marin,41,260295,7373,7237,21,7258,131
2020-11-09,Mariposa,43,17540,91,84,0,84,2
2020-11-09,Mendocino,45,87422,1221,1132,3,1135,22
2020-11-09,Merced,47,269075,10290,9922,63,9985,157
2020-11-09,Modoc,49,8938,74,54,12,66,0
2020-11-09,Mono,51,14174,466,352,7,359,2
2020-11-09,Monterey,53,433212,12855,12148,123,12271,98
2020-11-09,Napa,55,140530,2512,2309,7,2316,15
2020-11-09,Nevada,57,99092,846,729,20,749,9
2020-11-09,Orange,59,3164182,65862,62335,2022,64357,1501
2020-11-09,Placer,61,380077,5348,4843,36,4879,60
2020-11-09,Plumas,63,18699,134,102,0,102,0
2020-11-09,Riverside,65,2383286,75051,72059,894,72953,1346
2020-11-09,Sacramento,67,1510023,30051,28200,42,28242,516
2020-11-09,San Benito,69,59416,1584,1506,1,1507,15
2020-11-09,San Bernardino,71,2135413,73938,69015,317,69332,1182
2020-11-09,San Diego,73,3302833,65037,60572,0,60572,908
2020-11-09,San Francisco,75,870044,13644,12984,71,13055,146
2020-11-09,San Joaquin,77,732212,23662,22512,339,22851,505
2020-11-09,San Luis Obispo,79,281455,5151,4746,62,4808,32
2020-11-09,San Mateo,81,765935,12536,11857,7,11864,169
2020-11-09,Santa Barbara,83,443738,10895,10214,136,10350,134
2020-11-09,Santa Clara,85,1922200,28545,26693,36,26729,409
2020-11-09,Santa Cruz,87,273765,3434,3194,38,3232,25
2020-11-09,Shasta,89,179085,3511,2581,49,2630,36
2020-11-09,Sierra,91,2930,10,10,0,10,0
2020-11-09,Siskiyou,93,43540,314,257,14,271,0
2020-11-09,Solano,95,438530,8656,8254,42,8296,85
2020-11-09,Sonoma,97,501317,10860,10310,35,10345,150
2020-11-09,Stanislaus,99,539301,19041,18482,1005,19487,418
2020-11-09,Sutter,101,95872,2223,2010,4,2014,12
2020-11-09,Tehama,103,63373,1204,1071,1,1072,7
2020-11-09,Trinity,105,12862,98,46,8,54,0
2020-11-09,Tulare,107,460477,19012,18272,720,18992,304
2020-11-09,Tuolumne,109,53932,496,346,2,348,7
2020-11-09,Ventura,111,848112,16405,15568,478,16046,156
2020-11-09,Yolo,113,214977,3801,3522,9,3531,62
2020-11-09,Yuba,115,75493,1474,1380,6,1386,10
2020-11-08,Alameda,1,1643700,25651,24731,261,24992,424
2020-11-08,Alpine,3,1148,25,6,0,6,0
2020-11-08,Amador,5,37829,403,376,0,376,16
2020-11-08,Butte,7,227075,3439,3285,71,3356,57
2020-11-08,Calaveras,9,45235,367,360,0,360,21
2020-11-08,Colusa,11,21464,597,583,0,583,6
2020-11-08,Contra Costa,13,1133247,20903,20031,108,20139,254
2020-11-08,Del Norte,15,27424,210,195,0,195,2
2020-11-08,El Dorado,17,186661,1665,1502,8,1510,4
2020-11-08,Fresno,19,978130,35840,32619,654,33273,465
2020-11-08,Glenn,21,27897,771,707,8,715,3
2020-11-08,Humboldt,23,135768,650,605,1,606,9
2020-11-08,Imperial,25,180216,13883,13428,22,13450,338
2020-11-08,Inyo,27,18085,262,252,1,253,14
2020-11-08,Kern,29,883053,35881,34644,667,35311,448
2020-11-08,Kings,31,150075,9415,9026,88,9114,84
2020-11-08,Lake,33,64148,789,754,0,754,16
2020-11-08,Lassen,35,31185,874,799,2,801,0
2020-11-08,Los Angeles,37,10098052,329152,318960,3872,322832,7176
2020-11-08,Madera,39,155013,5409,5196,64,5260,54
2020-11-08,Marin,41,260295,7353,7227,21,7248,131
2020-11-08,Mariposa,43,17540,91,83,0,83,2
2020-11-08,Mendocino,45,87422,1212,1129,3,1132,22
2020-11-08,Merced,47,269075,10215,9885,61,9946,157
2020-11-08,Modoc,49,8938,70,54,12,66,0
2020-11-08,Mono,51,14174,460,352,7,359,2
2020-11-08,Monterey,53,433212,12711,12122,111,12233,98
2020-11-08,Napa,55,140530,2472,2274,7,2281,15
2020-11-08,Nevada,57,99092,830,715,20,735,9
2020-11-08,Orange,59,3164182,65278,62034,2008,64042,1501
2020-11-08,Placer,61,380077,5247,4800,31,4831,60
2020-11-08,Plumas,63,18699,129,102,0,102,0
2020-11-08,Riverside,65,2383286,74400,71442,850,72292,1345
2020-11-08,Sacramento,67,1510023,29491,28059,38,28097,515
2020-11-08,San Benito,69,59416,1569,1496,1,1497,15
2020-11-08,San Bernardino,71,2135413,72698,68412,278,68690,1182
2020-11-08,San Diego,73,3302833,64192,60199,0,60199,908
2020-11-08,San Francisco,75,870044,13513,12985,66,13051,146
2020-11-08,San Joaquin,77,732212,23470,22514,334,22848,505
2020-11-08,San Luis Obispo,79,281455,5085,4698,57,4755,32
2020-11-08,San Mateo,81,765935,12417,11783,7,11790,169
2020-11-08,Santa Barbara,83,443738,10825,10180,134,10314,134
2020-11-08,Santa Clara,85,1922200,28171,26442,35,26477,410
2020-11-08,Santa Cruz,87,273765,3377,3134,38,3172,25
2020-11-08,Shasta,89,179085,3375,2582,43,2625,36
2020-11-08,Sierra,91,2930,10,7,0,7,0
2020-11-08,Siskiyou,93,43540,302,246,13,259,0
2020-11-08,Solano,95,438530,8535,8132,41,8173,85
2020-11-08,Sonoma,97,501317,10753,10229,35,10264,149
2020-11-08,Stanislaus,99,539301,18869,18413,982,19395,418
2020-11-08,Sutter,101,95872,2166,1980,4,1984,12
2020-11-08,Tehama,103,63373,1180,1054,1,1055,7
2020-11-08,Trinity,105,12862,95,46,8,54,0
2020-11-08,Tulare,107,460477,18872,18272,687,18959,304
2020-11-08,Tuolumne,109,53932,469,341,2,343,7
2020-11-08,Ventura,111,848112,16211,15504,470,15974,156
2020-11-08,Yolo,113,214977,3738,3492,9,3501,61
2020-11-08,Yuba,115,75493,1453,1369,6,1375,10
2020-11-07,Alameda,1,1643700,25542,24578,259,24837,424
2020-11-07,Alpine,3,1148,25,6,0,6,0
2020-11-07,Amador,5,37829,400,375,0,375,16
2020-11-07,Butte,7,227075,3427,3277,66,3343,57
2020-11-07,Calaveras,9,45235,365,360,0,360,21
2020-11-07,Colusa,11,21464,597,583,0,583,6
2020-11-07,Contra Costa,13,1133247,20801,19943,107,20050,254
2020-11-07,Del Norte,15,27424,206,194,0,194,2
2020-11-07,El Dorado,17,186661,1640,1495,7,1502,4
2020-11-07,Fresno,19,978130,35687,32497,632,33129,465
2020-11-07,Glenn,21,27897,763,707,8,715,3
2020-11-07,Humboldt,23,135768,639,590,1,591,9
2020-11-07,Imperial,25,180216,13825,13388,21,13409,338
2020-11-07,Inyo,27,18085,260,252,1,253,14
2020-11-07,Kern,29,883053,35727,34513,656,35169,448
2020-11-07,Kings,31,150075,9382,9005,82,9087,84
2020-11-07,Lake,33,64148,785,751,0,751,16
2020-11-07,Lassen,35,31185,858,799,2,801,0
2020-11-07,Los Angeles,37,10098052,327651,316756,3796,320552,7174
2020-11-07,Madera,39,155013,5387,5177,62,5239,54
2020-11-07,Marin,41,260295,7342,7215,21,7236,131
2020-11-07,Mariposa,43,17540,91,81,0,81,2
2020-11-07,Mendocino,45,87422,1202,1118,3,1121,22
2020-11-07,Merced,47,269075,10183,9855,57,9912,157
2020-11-07,Modoc,49,8938,70,51,12,63,0
2020-11-07,Mono,51,14174,457,352,7,359,2
2020-11-07,Monterey,53,433212,12642,12030,107,12137,98
2020-11-07,Napa,55,140530,2442,2260,6,2266,15
2020-11-07,Nevada,57,99092,814,710,20,730,9
2020-11-07,Orange,59,3164182,64992,62038,2001,64039,1505
2020-11-07,Placer,61,380077,5185,4745,31,4776,60
2020-11-07,Plumas,63,18699,127,94,0,94,0
2020-11-07,Riverside,65,2383286,74007,71153,820,71973,1345
2020-11-07,Sacramento,67,1510023,29240,27773,38,27811,515
2020-11-07,San Benito,69,59416,1557,1489,1,1490,15
2020-11-07,San Bernardino,71,2135413,72183,67935,267,68202,1182
2020-11-07,San Diego,73,3302833,63680,59682,0,59682,909
2020-11-07,San Francisco,75,870044,13454,12980,65,13045,146
2020-11-07,San Joaquin,77,732212,23362,22517,327,22844,505
2020-11-07,San Luis Obispo,79,281455,5036,4668,54,4722,32
2020-11-07,San Mateo,81,765935,12354,11711,7,11718,169
2020-11-07,Santa Barbara,83,443738,10783,10157,132,10289,134
2020-11-07,Santa Clara,85,1922200,27966,26244,34,26278,410
2020-11-07,Santa Cruz,87,273765,3339,3130,38,3168,25
2020-11-07,Shasta,89,179085,3306,2547,41,2588,36
2020-11-07,Sierra,91,2930,10,7,0,7,0
2020-11-07,Siskiyou,93,43540,298,241,13,254,0
2020-11-07,Solano,95,438530,8483,8066,41,8107,85
2020-11-07,Sonoma,97,501317,10707,10200,35,10235,149
2020-11-07,Stanislaus,99,539301,18761,18386,964,19350,418
2020-11-07,Sutter,101,95872,2126,1973,4,1977,12
2020-11-07,Tehama,103,63373,1156,1043,1,1044,7
2020-11-07,Trinity,105,12862,95,42,7,49,0
2020-11-07,Tulare,107,460477,18817,18229,669,18898,304
2020-11-07,Tuolumne,109,53932,458,327,2,329,7
2020-11-07,Ventura,111,848112,16151,15364,465,15829,156
2020-11-07,Yolo,113,214977,3707,3486,9,3495,61
2020-11-07,Yuba,115,75493,1438,1349,6,1355,10
2020-11-06,Alameda,1,1643700,25410,24389,257,24646,420
2020-11-06,Alpine,3,1148,25,6,0,6,0
2020-11-06,Amador,5,37829,398,369,0,369,16
2020-11-06,Butte,7,227075,3402,3254,58,3312,57
2020-11-06,Calaveras,9,45235,364,359,0,359,21
2020-11-06,Colusa,11,21464,595,580,0,580,6
2020-11-06,Contra Costa,13,1133247,20652,19744,107,19851,252
2020-11-06,Del Norte,15,27424,203,194,0,194,2
2020-11-06,El Dorado,17,186661,1614,1475,7,1482,4
2020-11-06,Fresno,19,978130,35499,32278,615,32893,460
2020-11-06,Glenn,21,27897,757,707,7,714,3
2020-11-06,Humboldt,23,135768,636,587,1,588,9
2020-11-06,Imperial,25,180216,13772,13230,21,13251,338
2020-11-06,Inyo,27,18085,258,246,1,247,14
2020-11-06,Kern,29,883053,35564,34360,637,34997,443
2020-11-06,Kings,31,150075,9359,8883,79,8962,83
2020-11-06,Lake,33,64148,784,741,0,741,16
2020-11-06,Lassen,35,31185,850,794,2,796,0
2020-11-06,Los Angeles,37,10098052,325683,314356,3740,318096,7160
2020-11-06,Madera,39,155013,5371,5136,61,5197,54
2020-11-06,Marin,41,260295,7321,7184,21,7205,131
2020-11-06,Mariposa,43,17540,90,79,0,79,2
2020-11-06,Mendocino,45,87422,1197,1113,3,1116,22
2020-11-06,Merced,47,269075,10144,9778,53,9831,157
2020-11-06,Modoc,49,8938,70,48,12,60,0
2020-11-06,Mono,51,14174,452,308,7,315,1
2020-11-06,Monterey,53,433212,12525,11914,106,12020,96
2020-11-06,Napa,55,140530,2417,2189,6,2195,15
2020-11-06,Nevada,57,99092,801,692,19,711,9
2020-11-06,Orange,59,3164182,64690,61049,1992,63041,1494
2020-11-06,Placer,61,380077,5111,4680,31,4711,60
2020-11-06,Plumas,63,18699,122,90,0,90,0
2020-11-06,Riverside,65,2383286,73560,70409,776,71185,1341
2020-11-06,Sacramento,67,1510023,28950,27489,36,27525,514
2020-11-06,San Benito,69,59416,1548,1479,1,1480,15
2020-11-06,San Bernardino,71,2135413,71589,66740,246,66986,1179
2020-11-06,San Diego,73,3302833,63157,59143,0,59143,907
2020-11-06,San Francisco,75,870044,13385,12825,63,12888,146
2020-11-06,San Joaquin,77,732212,23276,22424,317,22741,502
2020-11-06,San Luis Obispo,79,281455,4972,4531,48,4579,32
2020-11-06,San Mateo,81,765935,12280,11587,7,11594,168
2020-11-06,Santa Barbara,83,443738,10747,10118,127,10245,133
2020-11-06,Santa Clara,85,1922200,27723,25831,34,25865,402
2020-11-06,Santa Cruz,87,273765,3302,3063,38,3101,25
2020-11-06,Shasta,89,179085,3234,2475,39,2514,35
2020-11-06,Sierra,91,2930,9,7,0,7,0
2020-11-06,Siskiyou,93,43540,285,237,12,249,0
2020-11-06,Solano,95,438530,8418,7959,41,8000,85
2020-11-06,Sonoma,97,501317,10657,10142,35,10177,149
2020-11-06,Stanislaus,99,539301,18673,18250,955,19205,417
2020-11-06,Sutter,101,95872,2099,1937,2,1939,12
2020-11-06,Tehama,103,63373,1135,1024,1,1025,6
2020-11-06,Trinity,105,12862,92,41,7,48,0
2020-11-06,Tulare,107,460477,18755,18136,642,18778,300
2020-11-06,Tuolumne,109,53932,437,316,2,318,5
2020-11-06,Ventura,111,848112,16065,15222,462,15684,154
2020-11-06,Yolo,113,214977,3678,3420,9,3429,62
2020-11-06,Yuba,115,75493,1425,1335,6,1341,10
2020-11-05,Alameda,1,1643700,25232,24270,257,24527,420
2020-11-05,Alpine,3,1148,25,6,0,6,0
2020-11-05,Amador,5,37829,395,363,0,363,16
2020-11-05,Butte,7,227075,3379,3239,52,3291,57
2020-11-05,Calaveras,9,45235,357,333,0,333,19
2020-11-05,Colusa,11,21464,591,574,0,574,6
2020-11-05,Contra Costa,13,1133247,20470,19656,105,19761,252
2020-11-05,Del Norte,15,27424,201,192,0,192,2
2020-11-05,El Dorado,17,186661,1590,1466,7,1473,4
2020-11-05,Fresno,19,978130,35264,32056,592,32648,460
2020-11-05,Glenn,21,27897,737,702,7,709,3
2020-11-05,Humboldt,23,135768,625,581,1,582,9
2020-11-05,Imperial,25,180216,13680,13178,20,13198,337
2020-11-05,Inyo,27,18085,258,247,1,248,14
2020-11-05,Kern,29,883053,35364,34232,623,34855,443
2020-11-05,Kings,31,150075,9204,8846,76,8922,83
2020-11-05,Lake,33,64148,780,739,0,739,16
2020-11-05,Lassen,35,31185,819,782,2,784,0
2020-11-05,Los Angeles,37,10098052,323331,312381,3684,316065,7146
2020-11-05,Madera,39,155013,5334,5129,58,5187,54
2020-11-05,Marin,41,260295,7299,7171,21,7192,131
2020-11-05,Mariposa,43,17540,89,79,0,79,2
2020-11-05,Mendocino,45,87422,1185,1112,3,1115,22
2020-11-05,Merced,47,269075,10085,9753,48,9801,155
2020-11-05,Modoc,49,8938,69,47,11,58,0
2020-11-05,Mono,51,14174,450,307,7,314,1
2020-11-05,Monterey,53,433212,12417,11784,102,11886,96
2020-11-05,Napa,55,140530,2390,2158,6,2164,15
2020-11-05,Nevada,57,99092,779,687,18,705,9
2020-11-05,Orange,59,3164182,64245,60740,1982,62722,1484
2020-11-05,Placer,61,380077,5044,4627,26,4653,60
2020-11-05,Plumas,63,18699,114,90,0,90,0
2020-11-05,Riverside,65,2383286,72850,70094,716,70810,1338
2020-11-05,Sacramento,67,1510023,28567,27232,35,27267,512
2020-11-05,San Benito,69,59416,1533,1477,1,1478,15
2020-11-05,San Bernardino,71,2135413,70761,66407,231,66638,1174
2020-11-05,San Diego,73,3302833,62531,58659,0,58659,904
2020-11-05,San Francisco,75,870044,13273,12726,62,12788,146
2020-11-05,San Joaquin,77,732212,23113,22318,312,22630,502
2020-11-05,San Luis Obispo,79,281455,4904,4459,46,4505,32
2020-11-05,San Mateo,81,765935,12186,11535,7,11542,168
2020-11-05,Santa Barbara,83,443738,10703,10080,122,10202,133
2020-11-05,Santa Clara,85,1922200,27455,25651,34,25685,402
2020-11-05,Santa Cruz,87,273765,3264,3023,38,3061,25
2020-11-05,Shasta,89,179085,3144,2401,38,2439,34
2020-11-05,Sierra,91,2930,9,6,0,6,0
2020-11-05,Siskiyou,93,43540,274,228,12,240,0
2020-11-05,Solano,95,438530,8335,7842,41,7883,85
2020-11-05,Sonoma,97,501317,10545,10064,34,10098,145
2020-11-05,Stanislaus,99,539301,18560,18194,942,19136,417
2020-11-05,Sutter,101,95872,2067,1925,2,1927,12
2020-11-05,Tehama,103,63373,1113,1015,1,1016,6
2020-11-05,Trinity,105,12862,78,41,7,48,0
2020-11-05,Tulare,107,460477,18671,18049,609,18658,301
2020-11-05,Tuolumne,109,53932,408,312,2,314,5
2020-11-05,Ventura,111,848112,15899,15113,451,15564,155
2020-11-05,Yolo,113,214977,3628,3391,9,3400,61
2020-11-05,Yuba,115,75493,1407,1322,6,1328,10
2020-11-04,Alameda,1,1643700,25054,24172,255,24427,418
2020-11-04,Alpine,3,1148,21,5,0,5,0
2020-11-04,Amador,5,37829,392,362,0,362,16
2020-11-04,Butte,7,227075,3353,3218,49,3267,57
2020-11-04,Calaveras,9,45235,354,290,0,290,19
2020-11-04,Colusa,11,21464,589,571,0,571,6
2020-11-04,Contra Costa,13,1133247,20305,19472,101,19573,251
2020-11-04,Del Norte,15,27424,197,188,0,188,2
2020-11-04,El Dorado,17,186661,1575,1448,4,1452,4
2020-11-04,Fresno,19,978130,35034,31952,563,32515,457
2020-11-04,Glenn,21,27897,733,701,6,707,3
2020-11-04,Humboldt,23,135768,617,571,1,572,9
2020-11-04,Imperial,25,180216,13582,13087,20,13107,335
2020-11-04,Inyo,27,18085,257,247,1,248,14
2020-11-04,Kern,29,883053,35211,34027,611,34638,439
2020-11-04,Kings,31,150075,9170,8817,74,8891,83
2020-11-04,Lake,33,64148,773,735,0,735,16
2020-11-04,Lassen,35,31185,814,781,2,783,0
2020-11-04,Los Angeles,37,10098052,321031,310456,3595,314051,7124
2020-11-04,Madera,39,155013,5314,5083,54,5137,54
2020-11-04,Marin,41,260295,7288,7157,21,7178,131
2020-11-04,Mariposa,43,17540,89,79,0,79,2
2020-11-04,Mendocino,45,87422,1167,1089,3,1092,22
2020-11-04,Merced,47,269075,10035,9717,46,9763,153
2020-11-04,Modoc,49,8938,59,47,11,58,0
2020-11-04,Mono,51,14174,447,237,6,243,1
2020-11-04,Monterey,53,433212,12213,11743,95,11838,96
2020-11-04,Napa,55,140530,2336,2133,6,2139,15
2020-11-04,Nevada,57,99092,760,675,18,693,9
2020-11-04,Orange,59,3164182,63813,60463,1958,62421,1483
2020-11-04,Placer,61,380077,4966,4526,23,4549,60
2020-11-04,Plumas,63,18699,112,88,0,88,0
2020-11-04,Riverside,65,2383286,72235,69562,655,70217,1335
2020-11-04,Sacramento,67,1510023,28220,27005,34,27039,510
2020-11-04,San Benito,69,59416,1518,1464,1,1465,15
2020-11-04,San Bernardino,71,2135413,69966,65891,206,66097,1169
2020-11-04,San Diego,73,3302833,61886,58126,0,58126,904
2020-11-04,San Francisco,75,870044,13190,12649,59,12708,146
2020-11-04,San Joaquin,77,732212,22976,22197,299,22496,500
2020-11-04,San Luis Obispo,79,281455,4837,4389,44,4433,32
2020-11-04,San Mateo,81,765935,12091,11456,7,11463,168
2020-11-04,Santa Barbara,83,443738,10665,10026,121,10147,132
2020-11-04,Santa Clara,85,1922200,27194,25487,34,25521,393
2020-11-04,Santa Cruz,87,273765,3227,2997,38,3035,25
2020-11-04,Shasta,89,179085,3013,2321,33,2354,34
2020-11-04,Sierra,91,2930,9,6,0,6,0
2020-11-04,Siskiyou,93,43540,265,222,12,234,0
2020-11-04,Solano,95,438530,8236,7733,41,7774,85
2020-11-04,Sonoma,97,501317,10451,9965,34,9999,142
2020-11-04,Stanislaus,99,539301,18444,18114,926,19040,416
2020-11-04,Sutter,101,95872,2033,1916,2,1918,12
2020-11-04,Tehama,103,63373,1089,997,1,998,6
2020-11-04,Trinity,105,12862,76,37,7,44,0
2020-11-04,Tulare,107,460477,18563,17952,581,18533,298
2020-11-04,Tuolumne,109,53932,386,310,2,312,5
2020-11-04,Ventura,111,848112,15759,14936,447,15383,155
2020-11-04,Yolo,113,214977,3587,3361,9,3370,62
2020-11-04,Yuba,115,75493,1386,1312,6,1318,10
2020-11-03,Alameda,1,1643700,24870,24055,253,24308,418
2020-11-03,Alpine,3,1148,20,4,0,4,0
2020-11-03,Amador,5,37829,387,361,0,361,16
2020-11-03,Butte,7,227075,3330,3211,43,3254,57
2020-11-03,Calaveras,9,45235,350,287,0,287,19
2020-11-03,Colusa,11,21464,584,572,0,572,6
2020-11-03,Contra Costa,13,1133247,20150,19416,101,19517,250
2020-11-03,Del Norte,15,27424,196,187,0,187,2
2020-11-03,El Dorado,17,186661,1553,1445,3,1448,4
2020-11-03,Fresno,19,978130,34769,31856,537,32393,457
2020-11-03,Glenn,21,27897,727,698,6,704,3
2020-11-03,Humboldt,23,135768,611,570,1,571,8
2020-11-03,Imperial,25,180216,13493,13044,19,13063,335
2020-11-03,Inyo,27,18085,256,244,1,245,14
2020-11-03,Kern,29,883053,35021,33957,599,34556,439
2020-11-03,Kings,31,150075,9007,8783,69,8852,83
2020-11-03,Lake,33,64148,763,732,0,732,16
2020-11-03,Lassen,35,31185,805,782,2,784,0
2020-11-03,Los Angeles,37,10098052,318581,308812,3520,312332,7104
2020-11-03,Madera,39,155013,5278,5058,53,5111,54
2020-11-03,Marin,41,260295,7268,7147,20,7167,131
2020-11-03,Mariposa,43,17540,88,79,0,79,2
2020-11-03,Mendocino,45,87422,1152,1084,3,1087,22
2020-11-03,Merced,47,269075,9983,9713,45,9758,153
2020-11-03,Modoc,49,8938,57,47,9,56,0
2020-11-03,Mono,51,14174,443,210,6,216,1
2020-11-03,Monterey,53,433212,12145,11703,88,11791,94
2020-11-03,Napa,55,140530,2300,2130,6,2136,15
2020-11-03,Nevada,57,99092,740,670,17,687,9
2020-11-03,Orange,59,3164182,63386,60283,1947,62230,1477
2020-11-03,Placer,61,380077,4892,4514,23,4537,60
2020-11-03,Plumas,63,18699,109,86,0,86,0
2020-11-03,Riverside,65,2383286,71620,69300,627,69927,1325
2020-11-03,Sacramento,67,1510023,27838,26841,33,26874,510
2020-11-03,San Benito,69,59416,1508,1463,1,1464,15
2020-11-03,San Bernardino,71,2135413,69157,65320,202,65522,1159
2020-11-03,San Diego,73,3302833,61210,57722,0,57722,901
2020-11-03,San Francisco,75,870044,13067,12585,58,12643,146
2020-11-03,San Joaquin,77,732212,22842,22109,293,22402,500
2020-11-03,San Luis Obispo,79,281455,4753,4371,42,4413,32
2020-11-03,San Mateo,81,765935,11997,11406,7,11413,162
2020-11-03,Santa Barbara,83,443738,10611,10008,115,10123,132
2020-11-03,Santa Clara,85,1922200,26919,25386,33,25419,393
2020-11-03,Santa Cruz,87,273765,3177,2980,37,3017,25
2020-11-03,Shasta,89,179085,2918,2288,27,2315,33
2020-11-03,Sierra,91,2930,7,6,0,6,0
2020-11-03,Siskiyou,93,43540,261,219,11,230,0
2020-11-03,Solano,95,438530,8153,7691,41,7732,85
2020-11-03,Sonoma,97,501317,10349,9906,34,9940,142
2020-11-03,Stanislaus,99,539301,18326,18080,913,18993,416
2020-11-03,Sutter,101,95872,2000,1914,2,1916,12
2020-11-03,Tehama,103,63373,1068,988,1,989,6
2020-11-03,Trinity,105,12862,70,36,6,42,0
2020-11-03,Tulare,107,460477,18460,17890,553,18443,297
2020-11-03,Tuolumne,109,53932,363,302,2,304,5
2020-11-03,Ventura,111,848112,15632,14816,440,15256,155
2020-11-03,Yolo,113,214977,3536,3343,9,3352,61
2020-11-03,Yuba,115,75493,1373,1295,6,1301,10
2020-11-02,Alameda,1,1643700,24674,23991,250,24241,419
2020-11-02,Alpine,3,1148,17,4,0,4,0
2020-11-02,Amador,5,37829,379,357,0,357,16
2020-11-02,Butte,7,227075,3310,3198,40,3238,57
2020-11-02,Calaveras,9,45235,350,282,0,282,18
2020-11-02,Colusa,11,21464,579,571,0,571,6
2020-11-02,Contra Costa,13,1133247,19996,19339,100,19439,250
2020-11-02,Del Norte,15,27424,193,175,0,175,2
2020-11-02,El Dorado,17,186661,1529,1405,3,1408,4
2020-11-02,Fresno,19,978130,34503,31738,520,32258,451
2020-11-02,Glenn,21,27897,721,692,5,697,3
2020-11-02,Humboldt,23,135768,602,569,1,570,8
2020-11-02,Imperial,25,180216,13413,13004,18,13022,334
2020-11-02,Inyo,27,18085,253,243,1,244,14
2020-11-02,Kern,29,883053,34865,33834,589,34423,437
2020-11-02,Kings,31,150075,8977,8654,66,8720,82
2020-11-02,Lake,33,64148,757,728,0,728,17
2020-11-02,Lassen,35,31185,797,782,2,784,0
2020-11-02,Los Angeles,37,10098052,316238,307620,3439,311059,7079
2020-11-02,Madera,39,155013,5248,5033,52,5085,54
2020-11-02,Marin,41,260295,7250,7132,19,7151,125
2020-11-02,Mariposa,43,17540,88,79,0,79,2
2020-11-02,Mendocino,45,87422,1138,1076,3,1079,21
2020-11-02,Merced,47,269075,9921,9664,39,9703,152
2020-11-02,Modoc,49,8938,54,45,5,50,0
2020-11-02,Mono,51,14174,441,211,6,217,1
2020-11-02,Monterey,53,433212,12038,11602,85,11687,93
2020-11-02,Napa,55,140530,2258,2081,6,2087,15
2020-11-02,Nevada,57,99092,724,656,17,673,9
2020-11-02,Orange,59,3164182,62983,59996,1929,61925,1474
2020-11-02,Placer,61,380077,4823,4461,21,4482,60
2020-11-02,Plumas,63,18699,101,86,0,86,0
2020-11-02,Riverside,65,2383286,70989,68833,586,69419,1321
2020-11-02,Sacramento,67,1510023,27498,26676,31,26707,508
2020-11-02,San Benito,69,59416,1496,1459,1,1460,15
2020-11-02,San Bernardino,71,2135413,68300,64629,195,64824,1157
2020-11-02,San Diego,73,3302833,60487,57429,0,57429,891
2020-11-02,San Francisco,75,870044,12970,12436,57,12493,145
2020-11-02,San Joaquin,77,732212,22703,21919,284,22203,500
2020-11-02,San Luis Obispo,79,281455,4652,4303,39,4342,31
2020-11-02,San Mateo,81,765935,11888,11328,7,11335,161
2020-11-02,Santa Barbara,83,443738,10570,9985,110,10095,130
2020-11-02,Santa Clara,85,1922200,26630,25222,33,25255,387
2020-11-02,Santa Cruz,87,273765,3135,2943,37,2980,25
2020-11-02,Shasta,89,179085,2813,2174,23,2197,33
2020-11-02,Sierra,91,2930,7,6,0,6,0
2020-11-02,Siskiyou,93,43540,251,216,11,227,0
2020-11-02,Solano,95,438530,8035,7665,41,7706,84
2020-11-02,Sonoma,97,501317,10265,9796,33,9829,140
2020-11-02,Stanislaus,99,539301,18230,18005,904,18909,412
2020-11-02,Sutter,101,95872,1976,1895,2,1897,12
2020-11-02,Tehama,103,63373,1045,971,1,972,6
2020-11-02,Trinity,105,12862,66,30,6,36,0
2020-11-02,Tulare,107,460477,18370,17774,531,18305,299
2020-11-02,Tuolumne,109,53932,343,302,2,304,5
2020-11-02,Ventura,111,848112,15497,14767,420,15187,156
2020-11-02,Yolo,113,214977,3487,3318,9,3327,61
2020-11-02,Yuba,115,75493,1360,1280,6,1286,10
2020-11-01,Alameda,1,1643700,24513,23892,248,24140,419
2020-11-01,Alpine,3,1148,11,4,0,4,0
2020-11-01,Amador,5,37829,376,352,0,352,16
2020-11-01,Butte,7,227075,3287,3185,38,3223,57
2020-11-01,Calaveras,9,45235,349,282,0,282,18
2020-11-01,Colusa,11,21464,577,567,0,567,6
2020-11-01,Contra Costa,13,1133247,19822,19246,99,19345,250
2020-11-01,Del Norte,15,27424,189,175,0,175,2
2020-11-01,El Dorado,17,186661,1513,1394,3,1397,4
2020-11-01,Fresno,19,978130,34249,31613,503,32116,451
2020-11-01,Glenn,21,27897,712,688,3,691,3
2020-11-01,Humboldt,23,135768,594,568,1,569,8
2020-11-01,Imperial,25,180216,13322,12969,16,12985,334
2020-11-01,Inyo,27,18085,251,241,1,242,14
2020-11-01,Kern,29,883053,34685,33760,476,34236,437
2020-11-01,Kings,31,150075,8939,8641,65,8706,82
2020-11-01,Lake,33,64148,751,727,0,727,17
2020-11-01,Lassen,35,31185,797,782,2,784,0
2020-11-01,Los Angeles,37,10098052,313678,306217,3340,309557,7077
2020-11-01,Madera,39,155013,5201,5019,50,5069,54
2020-11-01,Marin,41,260295,7233,7124,19,7143,125
2020-11-01,Mariposa,43,17540,84,79,0,79,2
2020-11-01,Mendocino,45,87422,1125,1074,3,1077,21
2020-11-01,Merced,47,269075,9860,9626,39,9665,152
2020-11-01,Modoc,49,8938,53,45,5,50,0
2020-11-01,Mono,51,14174,411,211,5,216,1
2020-11-01,Monterey,53,433212,11930,11587,82,11669,93
2020-11-01,Napa,55,140530,2224,2067,6,2073,15
2020-11-01,Nevada,57,99092,708,646,16,662,9
2020-11-01,Orange,59,3164182,62581,59733,1901,61634,1475
2020-11-01,Placer,61,380077,4759,4422,20,4442,58
2020-11-01,Plumas,63,18699,96,86,0,86,0
2020-11-01,Riverside,65,2383286,70361,68493,550,69043,1319
2020-11-01,Sacramento,67,1510023,27180,26442,31,26473,508
2020-11-01,San Benito,69,59416,1481,1451,1,1452,15
2020-11-01,San Bernardino,71,2135413,67459,64339,175,64514,1157
2020-11-01,San Diego,73,3302833,59800,57122,0,57122,891
2020-11-01,San Francisco,75,870044,12848,12436,52,12488,145
2020-11-01,San Joaquin,77,732212,22576,21919,277,22196,500
2020-11-01,San Luis Obispo,79,281455,4572,4303,38,4341,31
2020-11-01,San Mateo,81,765935,11808,11280,7,11287,160
2020-11-01,Santa Barbara,83,443738,10519,9969,94,10063,130
2020-11-01,Santa Clara,85,1922200,26353,25090,33,25123,386
2020-11-01,Santa Cruz,87,273765,3082,2921,37,2958,25
2020-11-01,Shasta,89,179085,2677,2172,22,2194,33
2020-11-01,Sierra,91,2930,7,6,0,6,0
2020-11-01,Siskiyou,93,43540,246,205,11,216,0
2020-11-01,Solano,95,438530,7945,7591,41,7632,84
2020-11-01,Sonoma,97,501317,10173,9688,33,9721,140
2020-11-01,Stanislaus,99,539301,18129,17961,884,18845,412
2020-11-01,Sutter,101,95872,1950,1888,1,1889,12
2020-11-01,Tehama,103,63373,1028,965,1,966,5
2020-11-01,Trinity,105,12862,64,30,6,36,0
2020-11-01,Tulare,107,460477,18258,17774,500,18274,299
2020-11-01,Tuolumne,109,53932,321,295,2,297,5
2020-11-01,Ventura,111,848112,15351,14686,385,15071,156
2020-11-01,Yolo,113,214977,3438,3303,9,3312,60
2020-11-01,Yuba,115,75493,1343,1273,6,1279,10
2020-10-31,Alameda,1,1643700,24398,23780,244,24024,416
2020-10-31,Alpine,3,1148,11,4,0,4,0
2020-10-31,Amador,5,37829,372,347,0,347,16
2020-10-31,Butte,7,227075,3274,3172,36,3208,57
2020-10-31,Calaveras,9,45235,349,280,0,280,18
2020-10-31,Colusa,11,21464,575,555,0,555,6
2020-10-31,Contra Costa,13,1133247,19716,19161,99,19260,249
2020-10-31,Del Norte,15,27424,188,175,0,175,2
2020-10-31,El Dorado,17,186661,1504,1390,3,1393,4
2020-10-31,Fresno,19,978130,34113,31558,499,32057,451
2020-10-31,Glenn,21,27897,710,678,3,681,3
2020-10-31,Humboldt,23,135768,591,561,1,562,8
2020-10-31,Imperial,25,180216,13280,12912,16,12928,334
2020-10-31,Inyo,27,18085,250,241,1,242,14
2020-10-31,Kern,29,883053,34583,33666,466,34132,437
2020-10-31,Kings,31,150075,8918,8612,63,8675,82
2020-10-31,Lake,33,64148,747,724,0,724,16
2020-10-31,Lassen,35,31185,792,782,2,784,0
2020-10-31,Los Angeles,37,10098052,312310,304704,3295,307999,7073
2020-10-31,Madera,39,155013,5184,5013,47,5060,54
2020-10-31,Marin,41,260295,7217,7112,19,7131,125
2020-10-31,Mariposa,43,17540,84,79,0,79,2
2020-10-31,Mendocino,45,87422,1117,1066,3,1069,21
2020-10-31,Merced,47,269075,9827,9597,38,9635,151
2020-10-31,Modoc,49,8938,52,34,4,38,0
2020-10-31,Mono,51,14174,262,194,4,198,1
2020-10-31,Monterey,53,433212,11862,11539,78,11617,93
2020-10-31,Napa,55,140530,2205,2040,6,2046,15
2020-10-31,Nevada,57,99092,690,644,16,660,9
2020-10-31,Orange,59,3164182,62322,59488,1883,61371,1473
2020-10-31,Placer,61,380077,4710,4374,19,4393,58
2020-10-31,Plumas,63,18699,95,85,0,85,0
2020-10-31,Riverside,65,2383286,70005,68178,527,68705,1319
2020-10-31,Sacramento,67,1510023,26980,26316,29,26345,507
2020-10-31,San Benito,69,59416,1474,1448,1,1449,15
2020-10-31,San Bernardino,71,2135413,67034,64016,165,64181,1157
2020-10-31,San Diego,73,3302833,59347,56769,0,56769,891
2020-10-31,San Francisco,75,870044,12775,12438,51,12489,145
2020-10-31,San Joaquin,77,732212,22501,21918,267,22185,500
2020-10-31,San Luis Obispo,79,281455,4503,4285,35,4320,31
2020-10-31,San Mateo,81,765935,11756,11253,7,11260,160
2020-10-31,Santa Barbara,83,443738,10491,9957,86,10043,130
2020-10-31,Santa Clara,85,1922200,26185,24957,33,24990,379
2020-10-31,Santa Cruz,87,273765,3047,2895,36,2931,25
2020-10-31,Shasta,89,179085,2627,2122,21,2143,33
2020-10-31,Sierra,91,2930,7,6,0,6,0
2020-10-31,Siskiyou,93,43540,244,200,11,211,0
2020-10-31,Solano,95,438530,7881,7545,41,7586,84
2020-10-31,Sonoma,97,501317,10120,9648,33,9681,140
2020-10-31,Stanislaus,99,539301,18067,17920,867,18787,412
2020-10-31,Sutter,101,95872,1941,1876,1,1877,12
2020-10-31,Tehama,103,63373,1018,953,1,954,5
2020-10-31,Trinity,105,12862,61,30,6,36,0
2020-10-31,Tulare,107,460477,18209,17758,492,18250,299
2020-10-31,Tuolumne,109,53932,315,290,2,292,5
2020-10-31,Ventura,111,848112,15268,14635,366,15001,155
2020-10-31,Yolo,113,214977,3403,3290,9,3299,60
2020-10-31,Yuba,115,75493,1327,1260,5,1265,10
2020-10-30,Alameda,1,1643700,24319,23676,241,23917,401
2020-10-30,Alpine,3,1148,11,4,0,4,0
2020-10-30,Amador,5,37829,372,344,0,344,16
2020-10-30,Butte,7,227075,3269,3160,36,3196,57
2020-10-30,Calaveras,9,45235,348,279,0,279,18
2020-10-30,Colusa,11,21464,573,554,0,554,6
2020-10-30,Contra Costa,13,1133247,19644,19074,99,19173,249
2020-10-30,Del Norte,15,27424,187,175,0,175,2
2020-10-30,El Dorado,17,186661,1491,1386,3,1389,4
2020-10-30,Fresno,19,978130,33993,31409,491,31900,446
2020-10-30,Glenn,21,27897,704,674,2,676,3
2020-10-30,Humboldt,23,135768,590,561,1,562,7
2020-10-30,Imperial,25,180216,13239,12853,16,12869,334
2020-10-30,Inyo,27,18085,249,241,1,242,14
2020-10-30,Kern,29,883053,34490,33583,465,34048,437
2020-10-30,Kings,31,150075,8908,8564,61,8625,82
2020-10-30,Lake,33,64148,747,720,0,720,16
2020-10-30,Lassen,35,31185,786,777,2,779,0
2020-10-30,Los Angeles,37,10098052,310877,303425,3256,306681,7060
2020-10-30,Madera,39,155013,5172,4991,45,5036,54
2020-10-30,Marin,41,260295,7197,7097,19,7116,125
2020-10-30,Mariposa,43,17540,84,78,0,78,2
2020-10-30,Mendocino,45,87422,1115,1062,3,1065,21
2020-10-30,Merced,47,269075,9795,9539,38,9577,150
2020-10-30,Modoc,49,8938,51,34,3,37,0
2020-10-30,Mono,51,14174,261,193,4,197,1
2020-10-30,Monterey,53,433212,11800,11491,72,11563,92
2020-10-30,Napa,55,140530,2187,2028,6,2034,15
2020-10-30,Nevada,57,99092,684,634,16,650,9
2020-10-30,Orange,59,3164182,62081,59334,1870,61204,1469
2020-10-30,Placer,61,380077,4663,4335,19,4354,58
2020-10-30,Plumas,63,18699,92,80,0,80,0
2020-10-30,Riverside,65,2383286,69664,67752,507,68259,1317
2020-10-30,Sacramento,67,1510023,26833,26147,29,26176,505
2020-10-30,San Benito,69,59416,1468,1440,1,1441,15
2020-10-30,San Bernardino,71,2135413,66618,63512,164,63676,1156
2020-10-30,San Diego,73,3302833,58942,56387,0,56387,888
2020-10-30,San Francisco,75,870044,12721,12384,51,12435,145
2020-10-30,San Joaquin,77,732212,22435,21849,260,22109,500
2020-10-30,San Luis Obispo,79,281455,4460,4256,35,4291,31
2020-10-30,San Mateo,81,765935,11697,11207,7,11214,159
2020-10-30,Santa Barbara,83,443738,10468,9937,86,10023,128
2020-10-30,Santa Clara,85,1922200,26036,24811,33,24844,378
2020-10-30,Santa Cruz,87,273765,3029,2874,36,2910,25
2020-10-30,Shasta,89,179085,2583,2048,20,2068,32
2020-10-30,Sierra,91,2930,7,6,0,6,0
2020-10-30,Siskiyou,93,43540,244,192,11,203,0
2020-10-30,Solano,95,438530,7820,7497,41,7538,84
2020-10-30,Sonoma,97,501317,10046,9602,32,9634,140
2020-10-30,Stanislaus,99,539301,18021,17861,850,18711,410
2020-10-30,Sutter,101,95872,1928,1860,1,1861,12
2020-10-30,Tehama,103,63373,1014,932,1,933,5
2020-10-30,Trinity,105,12862,61,29,6,35,0
2020-10-30,Tulare,107,460477,18166,17682,474,18156,299
2020-10-30,Tuolumne,109,53932,308,286,2,288,4
2020-10-30,Ventura,111,848112,15197,14578,351,14929,154
2020-10-30,Yolo,113,214977,3386,3263,9,3272,60
2020-10-30,Yuba,115,75493,1319,1256,5,1261,10
2020-10-29,Alameda,1,1643700,24156,23530,240,23770,401
2020-10-29,Alpine,3,1148,8,4,0,4,0
2020-10-29,Amador,5,37829,368,338,0,338,16
2020-10-29,Butte,7,227075,3251,3143,35,3178,57
2020-10-29,Calaveras,9,45235,346,278,0,278,13
2020-10-29,Colusa,11,21464,569,552,0,552,6
2020-10-29,Contra Costa,13,1133247,19545,18933,98,19031,249
2020-10-29,Del Norte,15,27424,185,174,0,174,2
2020-10-29,El Dorado,17,186661,1469,1370,3,1373,4
2020-10-29,Fresno,19,978130,33838,31321,483,31804,445
2020-10-29,Glenn,21,27897,702,673,2,675,3
2020-10-29,Humboldt,23,135768,585,559,1,560,7
2020-10-29,Imperial,25,180216,13195,12769,16,12785,334
2020-10-29,Inyo,27,18085,247,238,1,239,14
2020-10-29,Kern,29,883053,34389,33460,460,33920,437
2020-10-29,Kings,31,150075,8754,8502,60,8562,82
2020-10-29,Lake,33,64148,744,702,0,702,16
2020-10-29,Lassen,35,31185,785,772,2,774,0
2020-10-29,Los Angeles,37,10098052,309257,302246,3203,305449,7046
2020-10-29,Madera,39,155013,5143,4970,43,5013,53
2020-10-29,Marin,41,260295,7184,7083,19,7102,125
2020-10-29,Mariposa,43,17540,82,78,0,78,2
2020-10-29,Mendocino,45,87422,1109,1058,3,1061,21
2020-10-29,Merced,47,269075,9742,9496,38,9534,150
2020-10-29,Modoc,49,8938,49,31,3,34,0
2020-10-29,Mono,51,14174,254,176,4,180,1
2020-10-29,Monterey,53,433212,11719,11425,70,11495,92
2020-10-29,Napa,55,140530,2163,2009,6,2015,15
2020-10-29,Nevada,57,99092,678,632,16,648,9
2020-10-29,Orange,59,3164182,61813,59046,1850,60896,1464
2020-10-29,Placer,61,380077,4618,4270,17,4287,58
2020-10-29,Plumas,63,18699,90,69,0,69,0
2020-10-29,Riverside,65,2383286,69289,67268,478,67746,1304
2020-10-29,Sacramento,67,1510023,26621,25978,28,26006,507
2020-10-29,San Benito,69,59416,1463,1431,1,1432,15
2020-10-29,San Bernardino,71,2135413,66050,62968,154,63122,1150
2020-10-29,San Diego,73,3302833,58478,55916,0,55916,885
2020-10-29,San Francisco,75,870044,12642,12312,51,12363,145
2020-10-29,San Joaquin,77,732212,22352,21736,247,21983,498
2020-10-29,San Luis Obispo,79,281455,4431,4223,33,4256,31
2020-10-29,San Mateo,81,765935,11651,11145,7,11152,157
2020-10-29,Santa Barbara,83,443738,10435,9902,84,9986,128
2020-10-29,Santa Clara,85,1922200,25884,24614,33,24647,377
2020-10-29,Santa Cruz,87,273765,3005,2850,36,2886,24
2020-10-29,Shasta,89,179085,2520,2008,20,2028,32
2020-10-29,Sierra,91,2930,6,6,0,6,0
2020-10-29,Siskiyou,93,43540,228,185,11,196,0
2020-10-29,Solano,95,438530,7757,7453,41,7494,78
2020-10-29,Sonoma,97,501317,9982,9533,32,9565,140
2020-10-29,Stanislaus,99,539301,17968,17790,828,18618,410
2020-10-29,Sutter,101,95872,1920,1852,1,1853,12
2020-10-29,Tehama,103,63373,996,925,1,926,5
2020-10-29,Trinity,105,12862,56,28,6,34,0
2020-10-29,Tulare,107,460477,18090,17627,454,18081,299
2020-10-29,Tuolumne,109,53932,303,279,2,281,4
2020-10-29,Ventura,111,848112,15107,14486,346,14832,154
2020-10-29,Yolo,113,214977,3357,3246,9,3255,60
2020-10-29,Yuba,115,75493,1308,1248,5,1253,10
2020-10-28,Alameda,1,1643700,24056,23468,239,23707,400
2020-10-28,Alpine,3,1148,7,4,0,4,0
2020-10-28,Amador,5,37829,365,337,0,337,16
2020-10-28,Butte,7,227075,3235,3134,32,3166,56
2020-10-28,Calaveras,9,45235,345,278,0,278,13
2020-10-28,Colusa,11,21464,566,551,0,551,6
2020-10-28,Contra Costa,13,1133247,19458,18828,97,18925,246
2020-10-28,Del Norte,15,27424,182,173,0,173,2
2020-10-28,El Dorado,17,186661,1457,1363,3,1366,4
2020-10-28,Fresno,19,978130,33719,31195,478,31673,444
2020-10-28,Glenn,21,27897,698,673,2,675,3
2020-10-28,Humboldt,23,135768,581,559,1,560,7
2020-10-28,Imperial,25,180216,13146,12730,16,12746,333
2020-10-28,Inyo,27,18085,247,238,1,239,14
2020-10-28,Kern,29,883053,34287,33424,441,33865,436
2020-10-28,Kings,31,150075,8732,8486,59,8545,82
2020-10-28,Lake,33,64148,741,700,0,700,15
2020-10-28,Lassen,35,31185,781,771,2,773,0
2020-10-28,Los Angeles,37,10098052,307798,300726,3161,303887,7031
2020-10-28,Madera,39,155013,5127,4954,42,4996,53
2020-10-28,Marin,41,260295,7173,7079,19,7098,126
2020-10-28,Mariposa,43,17540,82,78,0,78,2
2020-10-28,Mendocino,45,87422,1108,1037,3,1040,20
2020-10-28,Merced,47,269075,9716,9480,37,9517,150
2020-10-28,Modoc,49,8938,48,31,2,33,0
2020-10-28,Mono,51,14174,236,176,4,180,1
2020-10-28,Monterey,53,433212,11661,11330,68,11398,89
2020-10-28,Napa,55,140530,2137,1998,5,2003,15
2020-10-28,Nevada,57,99092,670,629,16,645,9
2020-10-28,Orange,59,3164182,61551,58801,1833,60634,1459
2020-10-28,Placer,61,380077,4562,4236,17,4253,57
2020-10-28,Plumas,63,18699,89,67,0,67,0
2020-10-28,Riverside,65,2383286,68891,67003,454,67457,1302
2020-10-28,Sacramento,67,1510023,26424,25838,27,25865,506
2020-10-28,San Benito,69,59416,1455,1429,1,1430,15
2020-10-28,San Bernardino,71,2135413,65591,62778,149,62927,1154
2020-10-28,San Diego,73,3302833,58094,55556,0,55556,881
2020-10-28,San Francisco,75,870044,12584,12261,50,12311,145
2020-10-28,San Joaquin,77,732212,22269,21707,235,21942,498
2020-10-28,San Luis Obispo,79,281455,4390,4197,30,4227,31
2020-10-28,San Mateo,81,765935,11587,11101,7,11108,157
2020-10-28,Santa Barbara,83,443738,10412,9872,82,9954,127
2020-10-28,Santa Clara,85,1922200,25740,24503,33,24536,375
2020-10-28,Santa Cruz,87,273765,2974,2836,36,2872,24
2020-10-28,Shasta,89,179085,2440,1996,19,2015,31
2020-10-28,Sierra,91,2930,6,6,0,6,0
2020-10-28,Siskiyou,93,43540,225,182,10,192,0
2020-10-28,Solano,95,438530,7698,7362,41,7403,77
2020-10-28,Sonoma,97,501317,9891,9457,27,9484,140
2020-10-28,Stanislaus,99,539301,17903,17765,819,18584,409
2020-10-28,Sutter,101,95872,1911,1840,1,1841,12
2020-10-28,Tehama,103,63373,985,921,1,922,5
2020-10-28,Trinity,105,12862,52,28,6,34,0
2020-10-28,Tulare,107,460477,18034,17569,436,18005,297
2020-10-28,Tuolumne,109,53932,300,277,2,279,4
2020-10-28,Ventura,111,848112,15034,14409,337,14746,153
2020-10-28,Yolo,113,214977,3333,3230,9,3239,60
2020-10-28,Yuba,115,75493,1296,1245,5,1250,10
2020-10-27,Alameda,1,1643700,23945,23365,236,23601,400
2020-10-27,Alpine,3,1148,7,3,0,3,0
2020-10-27,Amador,5,37829,362,335,0,335,16
2020-10-27,Butte,7,227075,3219,3107,29,3136,56
2020-10-27,Calaveras,9,45235,343,277,0,277,13
2020-10-27,Colusa,11,21464,561,549,0,549,6
2020-10-27,Contra Costa,13,1133247,19353,18766,97,18863,246
2020-10-27,Del Norte,15,27424,179,173,0,173,2
2020-10-27,El Dorado,17,186661,1444,1351,3,1354,4
2020-10-27,Fresno,19,978130,33603,31096,473,31569,442
2020-10-27,Glenn,21,27897,696,667,1,668,3
2020-10-27,Humboldt,23,135768,578,559,1,560,7
2020-10-27,Imperial,25,180216,13097,12680,16,12696,333
2020-10-27,Inyo,27,18085,247,231,1,232,14
2020-10-27,Kern,29,883053,34170,33328,437,33765,436
2020-10-27,Kings,31,150075,8701,8411,59,8470,83
2020-10-27,Lake,33,64148,738,700,0,700,15
2020-10-27,Lassen,35,31185,779,764,2,766,0
2020-10-27,Los Angeles,37,10098052,306420,299438,3130,302568,7008
2020-10-27,Madera,39,155013,5097,4942,41,4983,53
2020-10-27,Marin,41,260295,7157,7070,19,7089,126
2020-10-27,Mariposa,43,17540,81,78,0,78,2
2020-10-27,Mendocino,45,87422,1101,1033,2,1035,20
2020-10-27,Merced,47,269075,9676,9449,37,9486,150
2020-10-27,Modoc,49,8938,46,31,2,33,0
2020-10-27,Mono,51,14174,222,169,4,173,1
2020-10-27,Monterey,53,433212,11605,11261,66,11327,88
2020-10-27,Napa,55,140530,2121,1979,5,1984,15
2020-10-27,Nevada,57,99092,664,622,16,638,8
2020-10-27,Orange,59,3164182,61281,58550,1816,60366,1448
2020-10-27,Placer,61,380077,4514,4197,15,4212,57
2020-10-27,Plumas,63,18699,86,63,0,63,0
2020-10-27,Riverside,65,2383286,68538,66699,409,67108,1299
2020-10-27,Sacramento,67,1510023,26238,25701,26,25727,501
2020-10-27,San Benito,69,59416,1450,1428,1,1429,15
2020-10-27,San Bernardino,71,2135413,65131,62357,138,62495,1154
2020-10-27,San Diego,73,3302833,57621,55226,0,55226,877
2020-10-27,San Francisco,75,870044,12510,12218,49,12267,140
2020-10-27,San Joaquin,77,732212,22178,21637,226,21863,496
2020-10-27,San Luis Obispo,79,281455,4363,4148,26,4174,31
2020-10-27,San Mateo,81,765935,11538,11074,7,11081,156
2020-10-27,Santa Barbara,83,443738,10383,9874,81,9955,125
2020-10-27,Santa Clara,85,1922200,25598,24368,33,24401,367
2020-10-27,Santa Cruz,87,273765,2944,2815,35,2850,24
2020-10-27,Shasta,89,179085,2353,1962,19,1981,29
2020-10-27,Sierra,91,2930,6,6,0,6,0
2020-10-27,Siskiyou,93,43540,216,181,10,191,0
2020-10-27,Solano,95,438530,7629,7298,41,7339,77
2020-10-27,Sonoma,97,501317,9824,9389,27,9416,140
2020-10-27,Stanislaus,99,539301,17836,17720,811,18531,408
2020-10-27,Sutter,101,95872,1898,1832,1,1833,12
2020-10-27,Tehama,103,63373,971,913,1,914,5
2020-10-27,Trinity,105,12862,49,28,6,34,0
2020-10-27,Tulare,107,460477,17971,17520,413,17933,296
2020-10-27,Tuolumne,109,53932,296,275,2,277,4
2020-10-27,Ventura,111,848112,14951,14347,330,14677,153
2020-10-27,Yolo,113,214977,3319,3216,9,3225,58
2020-10-27,Yuba,115,75493,1283,1235,5,1240,10
2020-10-26,Alameda,1,1643700,23833,23284,236,23520,398
2020-10-26,Alpine,3,1148,5,3,0,3,0
2020-10-26,Amador,5,37829,358,331,0,331,16
2020-10-26,Butte,7,227075,3207,3095,27,3122,56
2020-10-26,Calaveras,9,45235,339,274,0,274,13
2020-10-26,Colusa,11,21464,559,548,0,548,6
2020-10-26,Contra Costa,13,1133247,19257,18718,96,18814,245
2020-10-26,Del Norte,15,27424,179,171,0,171,2
2020-10-26,El Dorado,17,186661,1430,1336,3,1339,4
2020-10-26,Fresno,19,978130,33491,30969,466,31435,441
2020-10-26,Glenn,21,27897,689,660,1,661,3
2020-10-26,Humboldt,23,135768,570,554,1,555,7
2020-10-26,Imperial,25,180216,13043,12654,12,12666,333
2020-10-26,Inyo,27,18085,247,226,1,227,14
2020-10-26,Kern,29,883053,34086,33233,432,33665,432
2020-10-26,Kings,31,150075,8679,8264,57,8321,82
2020-10-26,Lake,33,64148,736,697,0,697,15
2020-10-26,Lassen,35,31185,776,764,2,766,0
2020-10-26,Los Angeles,37,10098052,304994,297961,3087,301048,6979
2020-10-26,Madera,39,155013,5077,4922,40,4962,53
2020-10-26,Marin,41,260295,7151,7064,18,7082,104
2020-10-26,Mariposa,43,17540,81,77,0,77,2
2020-10-26,Mendocino,45,87422,1093,1026,2,1028,20
2020-10-26,Merced,47,269075,9629,9375,36,9411,150
2020-10-26,Modoc,49,8938,44,28,0,28,0
2020-10-26,Mono,51,14174,216,167,4,171,1
2020-10-26,Monterey,53,433212,11555,11207,62,11269,87
2020-10-26,Napa,55,140530,2089,1966,5,1971,14
2020-10-26,Nevada,57,99092,657,618,16,634,8
2020-10-26,Orange,59,3164182,61078,58377,1796,60173,1442
2020-10-26,Placer,61,380077,4471,4161,14,4175,57
2020-10-26,Plumas,63,18699,84,63,0,63,0
2020-10-26,Riverside,65,2383286,68084,66475,385,66860,1294
2020-10-26,Sacramento,67,1510023,26055,25555,24,25579,496
2020-10-26,San Benito,69,59416,1442,1424,1,1425,15
2020-10-26,San Bernardino,71,2135413,64659,61871,137,62008,1153
2020-10-26,San Diego,73,3302833,57230,54957,0,54957,870
2020-10-26,San Francisco,75,870044,12450,12072,49,12121,138
2020-10-26,San Joaquin,77,732212,22095,21459,220,21679,495
2020-10-26,San Luis Obispo,79,281455,4338,4133,26,4159,31
2020-10-26,San Mateo,81,765935,11495,11037,7,11044,156
2020-10-26,Santa Barbara,83,443738,10360,9827,81,9908,122
2020-10-26,Santa Clara,85,1922200,25408,24258,32,24290,365
2020-10-26,Santa Cruz,87,273765,2918,2808,35,2843,24
2020-10-26,Shasta,89,179085,2300,1889,19,1908,29
2020-10-26,Sierra,91,2930,6,6,0,6,0
2020-10-26,Siskiyou,93,43540,208,179,10,189,0
2020-10-26,Solano,95,438530,7549,7271,41,7312,62
2020-10-26,Sonoma,97,501317,9745,9315,27,9342,140
2020-10-26,Stanislaus,99,539301,17786,17666,801,18467,400
2020-10-26,Sutter,101,95872,1890,1817,1,1818,12
2020-10-26,Tehama,103,63373,951,892,1,893,5
2020-10-26,Trinity,105,12862,49,26,6,32,0
2020-10-26,Tulare,107,460477,17894,17432,390,17822,296
2020-10-26,Tuolumne,109,53932,287,271,2,273,4
2020-10-26,Ventura,111,848112,14881,14330,327,14657,154
2020-10-26,Yolo,113,214977,3299,3206,9,3215,58
2020-10-26,Yuba,115,75493,1267,1226,5,1231,10
2020-10-25,Alameda,1,1643700,23727,23192,236,23428,398
2020-10-25,Alpine,3,1148,4,3,0,3,0
2020-10-25,Amador,5,37829,347,330,0,330,16
2020-10-25,Butte,7,227075,3188,3087,27,3114,56
2020-10-25,Calaveras,9,45235,338,274,0,274,13
2020-10-25,Colusa,11,21464,555,548,0,548,6
2020-10-25,Contra Costa,13,1133247,19156,18640,96,18736,245
2020-10-25,Del Norte,15,27424,175,171,0,171,2
2020-10-25,El Dorado,17,186661,1415,1328,3,1331,4
2020-10-25,Fresno,19,978130,33362,30858,457,31315,441
2020-10-25,Glenn,21,27897,686,652,1,653,3
2020-10-25,Humboldt,23,135768,567,554,1,555,7
2020-10-25,Imperial,25,180216,12993,12572,12,12584,333
2020-10-25,Inyo,27,18085,244,226,1,227,14
2020-10-25,Kern,29,883053,33979,33185,428,33613,432
2020-10-25,Kings,31,150075,8646,8246,55,8301,82
2020-10-25,Lake,33,64148,719,695,0,695,15
2020-10-25,Lassen,35,31185,773,764,2,766,0
2020-10-25,Los Angeles,37,10098052,303423,297110,3047,300157,6973
2020-10-25,Madera,39,155013,5047,4909,35,4944,53
2020-10-25,Marin,41,260295,7141,7052,18,7070,102
2020-10-25,Mariposa,43,17540,81,77,0,77,2
2020-10-25,Mendocino,45,87422,1086,1024,2,1026,20
2020-10-25,Merced,47,269075,9564,9352,34,9386,150
2020-10-25,Modoc,49,8938,39,28,0,28,0
2020-10-25,Mono,51,14174,208,167,4,171,1
2020-10-25,Monterey,53,433212,11472,11182,57,11239,87
2020-10-25,Napa,55,140530,2059,1962,5,1967,14
2020-10-25,Nevada,57,99092,649,616,16,632,8
2020-10-25,Orange,59,3164182,60789,58185,1786,59971,1443
2020-10-25,Placer,61,380077,4419,4140,14,4154,57
2020-10-25,Plumas,63,18699,84,63,0,63,0
2020-10-25,Riverside,65,2383286,67632,66192,369,66561,1289
2020-10-25,Sacramento,67,1510023,25840,25445,21,25466,496
2020-10-25,San Benito,69,59416,1435,1423,1,1424,15
2020-10-25,San Bernardino,71,2135413,64120,61551,129,61680,1153
2020-10-25,San Diego,73,3302833,56767,54599,0,54599,870
2020-10-25,San Francisco,75,870044,12377,12072,49,12121,137
2020-10-25,San Joaquin,77,732212,21988,21459,211,21670,495
2020-10-25,San Luis Obispo,79,281455,4296,4126,24,4150,31
2020-10-25,San Mateo,81,765935,11450,10987,7,10994,156
2020-10-25,Santa Barbara,83,443738,10340,9814,81,9895,122
2020-10-25,Santa Clara,85,1922200,25221,24087,32,24119,365
2020-10-25,Santa Cruz,87,273765,2891,2789,35,2824,24
2020-10-25,Shasta,89,179085,2237,1889,19,1908,29
2020-10-25,Sierra,91,2930,6,6,0,6,0
2020-10-25,Siskiyou,93,43540,205,176,10,186,0
2020-10-25,Solano,95,438530,7472,7197,41,7238,60
2020-10-25,Sonoma,97,501317,9651,9235,26,9261,140
2020-10-25,Stanislaus,99,539301,17729,17641,791,18432,400
2020-10-25,Sutter,101,95872,1872,1811,1,1812,12
2020-10-25,Tehama,103,63373,934,880,1,881,5
2020-10-25,Trinity,105,12862,46,26,6,32,0
2020-10-25,Tulare,107,460477,17822,17431,380,17811,296
2020-10-25,Tuolumne,109,53932,282,271,2,273,4
2020-10-25,Ventura,111,848112,14788,14300,321,14621,154
2020-10-25,Yolo,113,214977,3278,3190,9,3199,58
2020-10-25,Yuba,115,75493,1259,1219,5,1224,10
2020-10-24,Alameda,1,1643700,23656,23099,233,23332,398
2020-10-24,Alpine,3,1148,4,3,0,3,0
2020-10-24,Amador,5,37829,346,328,0,328,16
2020-10-24,Butte,7,227075,3179,3078,27,3105,56
2020-10-24,Calaveras,9,45235,336,274,0,274,13
2020-10-24,Colusa,11,21464,550,548,0,548,6
2020-10-24,Contra Costa,13,1133247,19089,18567,96,18663,244
2020-10-24,Del Norte,15,27424,174,171,0,171,2
2020-10-24,El Dorado,17,186661,1399,1317,3,1320,4
2020-10-24,Fresno,19,978130,33301,30752,453,31205,441
2020-10-24,Glenn,21,27897,683,650,1,651,3
2020-10-24,Humboldt,23,135768,565,553,1,554,7
2020-10-24,Imperial,25,180216,12966,12469,12,12481,333
2020-10-24,Inyo,27,18085,244,226,1,227,14
2020-10-24,Kern,29,883053,33920,33105,423,33528,432
2020-10-24,Kings,31,150075,8636,8228,54,8282,82
2020-10-24,Lake,33,64148,714,696,0,696,15
2020-10-24,Lassen,35,31185,772,764,2,766,0
2020-10-24,Los Angeles,37,10098052,302606,296323,3023,299346,6969
2020-10-24,Madera,39,155013,5034,4898,34,4932,53
2020-10-24,Marin,41,260295,7131,7042,18,7060,102
2020-10-24,Mariposa,43,17540,81,77,0,77,2
2020-10-24,Mendocino,45,87422,1074,1022,2,1024,20
2020-10-24,Merced,47,269075,9540,9351,34,9385,150
2020-10-24,Modoc,49,8938,38,28,0,28,0
2020-10-24,Mono,51,14174,194,167,4,171,1
2020-10-24,Monterey,53,433212,11405,11153,56,11209,87
2020-10-24,Napa,55,140530,2042,1957,5,1962,14
2020-10-24,Nevada,57,99092,645,608,16,624,8
2020-10-24,Orange,59,3164182,60636,57928,1775,59703,1441
2020-10-24,Placer,61,380077,4389,4093,14,4107,57
2020-10-24,Plumas,63,18699,78,63,0,63,0
2020-10-24,Riverside,65,2383286,67423,65902,355,66257,1288
2020-10-24,Sacramento,67,1510023,25759,25372,21,25393,496
2020-10-24,San Benito,69,59416,1430,1417,1,1418,15
2020-10-24,San Bernardino,71,2135413,63880,61351,121,61472,1153
2020-10-24,San Diego,73,3302833,56490,54330,0,54330,868
2020-10-24,San Francisco,75,870044,12319,12073,48,12121,137
2020-10-24,San Joaquin,77,732212,21937,21458,206,21664,495
2020-10-24,San Luis Obispo,79,281455,4271,4119,23,4142,31
2020-10-24,San Mateo,81,765935,11411,10942,7,10949,155
2020-10-24,Santa Barbara,83,443738,10323,9781,81,9862,122
2020-10-24,Santa Clara,85,1922200,25134,23978,32,24010,365
2020-10-24,Santa Cruz,87,273765,2872,2775,35,2810,24
2020-10-24,Shasta,89,179085,2192,1878,19,1897,29
2020-10-24,Sierra,91,2930,6,6,0,6,0
2020-10-24,Siskiyou,93,43540,204,174,10,184,0
2020-10-24,Solano,95,438530,7419,7189,41,7230,60
2020-10-24,Sonoma,97,501317,9617,9179,26,9205,140
2020-10-24,Stanislaus,99,539301,17686,17574,774,18348,400
2020-10-24,Sutter,101,95872,1863,1804,1,1805,12
2020-10-24,Tehama,103,63373,926,872,1,873,5
2020-10-24,Trinity,105,12862,46,25,6,31,0
2020-10-24,Tulare,107,460477,17800,17406,367,17773,295
2020-10-24,Tuolumne,109,53932,279,269,2,271,4
2020-10-24,Ventura,111,848112,14735,14240,320,14560,154
2020-10-24,Yolo,113,214977,3267,3164,9,3173,57
2020-10-24,Yuba,115,75493,1256,1210,5,1215,10
2020-10-23,Alameda,1,1643700,23584,23047,231,23278,393
2020-10-23,Alpine,3,1148,4,3,0,3,0
2020-10-23,Amador,5,37829,345,324,0,324,16
2020-10-23,Butte,7,227075,3170,3059,27,3086,55
2020-10-23,Calaveras,9,45235,335,273,0,273,13
2020-10-23,Colusa,11,21464,550,547,0,547,6
2020-10-23,Contra Costa,13,1133247,19018,18483,95,18578,244
2020-10-23,Del Norte,15,27424,174,171,0,171,2
2020-10-23,El Dorado,17,186661,1390,1310,3,1313,4
2020-10-23,Fresno,19,978130,33234,30590,449,31039,441
2020-10-23,Glenn,21,27897,680,644,1,645,3
2020-10-23,Humboldt,23,135768,563,553,1,554,7
2020-10-23,Imperial,25,180216,12935,12398,12,12410,333
2020-10-23,Inyo,27,18085,243,226,1,227,14
2020-10-23,Kern,29,883053,33852,33077,418,33495,431
2020-10-23,Kings,31,150075,8627,8218,54,8272,82
2020-10-23,Lake,33,64148,712,689,0,689,15
2020-10-23,Lassen,35,31185,771,764,2,766,0
2020-10-23,Los Angeles,37,10098052,301527,294287,2992,297279,6956
2020-10-23,Madera,39,155013,5029,4888,34,4922,53
2020-10-23,Marin,41,260295,7119,7029,18,7047,102
2020-10-23,Mariposa,43,17540,81,77,0,77,2
2020-10-23,Mendocino,45,87422,1071,1019,2,1021,20
2020-10-23,Merced,47,269075,9526,9327,34,9361,149
2020-10-23,Modoc,49,8938,38,28,0,28,0
2020-10-23,Mono,51,14174,193,159,4,163,1
2020-10-23,Monterey,53,433212,11358,11099,52,11151,86
2020-10-23,Napa,55,140530,2034,1942,5,1947,14
2020-10-23,Nevada,57,99092,642,604,16,620,8
2020-10-23,Orange,59,3164182,60465,57595,1760,59355,1430
2020-10-23,Placer,61,380077,4343,4073,14,4087,57
2020-10-23,Plumas,63,18699,75,63,0,63,0
2020-10-23,Riverside,65,2383286,67184,65512,347,65859,1279
2020-10-23,Sacramento,67,1510023,25651,25224,21,25245,496
2020-10-23,San Benito,69,59416,1428,1412,1,1413,15
2020-10-23,San Bernardino,71,2135413,63596,60854,111,60965,1150
2020-10-23,San Diego,73,3302833,56184,53944,0,53944,867
2020-10-23,San Francisco,75,870044,12288,12015,48,12063,137
2020-10-23,San Joaquin,77,732212,21881,21361,200,21561,495
2020-10-23,San Luis Obispo,79,281455,4245,4102,23,4125,31
2020-10-23,San Mateo,81,765935,11362,10872,7,10879,155
2020-10-23,Santa Barbara,83,443738,10307,9751,81,9832,121
2020-10-23,Santa Clara,85,1922200,25033,23822,32,23854,364
2020-10-23,Santa Cruz,87,273765,2858,2757,35,2792,24
2020-10-23,Shasta,89,179085,2155,1846,18,1864,29
2020-10-23,Sierra,91,2930,6,6,0,6,0
2020-10-23,Siskiyou,93,43540,201,172,10,182,0
2020-10-23,Solano,95,438530,7388,7174,41,7215,59
2020-10-23,Sonoma,97,501317,9561,9112,26,9138,139
2020-10-23,Stanislaus,99,539301,17649,17496,766,18262,395
2020-10-23,Sutter,101,95872,1856,1797,1,1798,12
2020-10-23,Tehama,103,63373,917,862,1,863,5
2020-10-23,Trinity,105,12862,46,26,6,32,0
2020-10-23,Tulare,107,460477,17755,17334,355,17689,295
2020-10-23,Tuolumne,109,53932,277,254,2,256,4
2020-10-23,Ventura,111,848112,14706,14192,320,14512,155
2020-10-23,Yolo,113,214977,3254,3140,9,3149,57
2020-10-23,Yuba,115,75493,1252,1206,5,1211,10
2020-10-22,Alameda,1,1643700,23483,22915,231,23146,393
2020-10-22,Alpine,3,1148,4,3,0,3,0
2020-10-22,Amador,5,37829,341,317,0,317,16
2020-10-22,Butte,7,227075,3160,3046,25,3071,55
2020-10-22,Calaveras,9,45235,332,273,0,273,13
2020-10-22,Colusa,11,21464,550,547,0,547,6
2020-10-22,Contra Costa,13,1133247,18946,18393,95,18488,243
2020-10-22,Del Norte,15,27424,173,168,0,168,2
2020-10-22,El Dorado,17,186661,1380,1308,3,1311,4
2020-10-22,Fresno,19,978130,33126,30471,441,30912,438
2020-10-22,Glenn,21,27897,673,643,1,644,3
2020-10-22,Humboldt,23,135768,562,548,1,549,7
2020-10-22,Imperial,25,180216,12882,12311,12,12323,333
2020-10-22,Inyo,27,18085,240,220,1,221,14
2020-10-22,Kern,29,883053,33772,32991,415,33406,431
2020-10-22,Kings,31,150075,8376,8201,54,8255,82
2020-10-22,Lake,33,64148,708,678,0,678,15
2020-10-22,Lassen,35,31185,768,764,2,766,0
2020-10-22,Los Angeles,37,10098052,300154,291599,2932,294531,6935
2020-10-22,Madera,39,155013,5008,4847,34,4881,52
2020-10-22,Marin,41,260295,7113,7014,18,7032,102
2020-10-22,Mariposa,43,17540,81,77,0,77,2
2020-10-22,Mendocino,45,87422,1066,1016,2,1018,20
2020-10-22,Merced,47,269075,9498,9323,34,9357,149
2020-10-22,Modoc,49,8938,34,26,0,26,0
2020-10-22,Mono,51,14174,188,156,4,160,1
2020-10-22,Monterey,53,433212,11299,11059,49,11108,84
2020-10-22,Napa,55,140530,2020,1928,5,1933,14
2020-10-22,Nevada,57,99092,636,600,16,616,8
2020-10-22,Orange,59,3164182,60251,57418,1743,59161,1422
2020-10-22,Placer,61,380077,4293,4036,14,4050,57
2020-10-22,Plumas,63,18699,72,62,0,62,0
2020-10-22,Riverside,65,2383286,66850,65104,327,65431,1279
2020-10-22,Sacramento,67,1510023,25514,25054,21,25075,492
2020-10-22,San Benito,69,59416,1424,1403,1,1404,15
2020-10-22,San Bernardino,71,2135413,63196,60402,98,60500,1149
2020-10-22,San Diego,73,3302833,55799,53514,0,53514,866
2020-10-22,San Francisco,75,870044,12230,11991,46,12037,137
2020-10-22,San Joaquin,77,732212,21807,21282,194,21476,495
2020-10-22,San Luis Obispo,79,281455,4229,4081,23,4104,31
2020-10-22,San Mateo,81,765935,11306,10796,7,10803,155
2020-10-22,Santa Barbara,83,443738,10273,9710,79,9789,120
2020-10-22,Santa Clara,85,1922200,24878,23621,32,23653,363
2020-10-22,Santa Cruz,87,273765,2840,2738,34,2772,24
2020-10-22,Shasta,89,179085,2109,1799,18,1817,29
2020-10-22,Sierra,91,2930,6,6,0,6,0
2020-10-22,Siskiyou,93,43540,201,169,10,179,0
2020-10-22,Solano,95,438530,7342,7116,41,7157,59
2020-10-22,Sonoma,97,501317,9495,9052,25,9077,139
2020-10-22,Stanislaus,99,539301,17596,17440,752,18192,395
2020-10-22,Sutter,101,95872,1842,1794,1,1795,12
2020-10-22,Tehama,103,63373,906,852,1,853,5
2020-10-22,Trinity,105,12862,45,26,6,32,0
2020-10-22,Tulare,107,460477,17689,17265,342,17607,293
2020-10-22,Tuolumne,109,53932,275,252,2,254,4
2020-10-22,Ventura,111,848112,14659,14124,318,14442,154
2020-10-22,Yolo,113,214977,3242,3116,9,3125,58
2020-10-22,Yuba,115,75493,1245,1199,5,1204,10
2020-10-21,Alameda,1,1643700,23395,22853,229,23082,392
2020-10-21,Alpine,3,1148,4,3,0,3,0
2020-10-21,Amador,5,37829,336,313,0,313,16
2020-10-21,Butte,7,227075,3148,3041,25,3066,55
2020-10-21,Calaveras,9,45235,331,272,0,272,13
2020-10-21,Colusa,11,21464,550,546,0,546,6
2020-10-21,Contra Costa,13,1133247,18872,18299,95,18394,243
2020-10-21,Del Norte,15,27424,173,169,0,169,2
2020-10-21,El Dorado,17,186661,1368,1305,2,1307,4
2020-10-21,Fresno,19,978130,33031,30328,438,30766,433
2020-10-21,Glenn,21,27897,668,640,1,641,3
2020-10-21,Humboldt,23,135768,561,548,1,549,7
2020-10-21,Imperial,25,180216,12825,12210,12,12222,331
2020-10-21,Inyo,27,18085,236,220,1,221,14
2020-10-21,Kern,29,883053,33698,32956,413,33369,430
2020-10-21,Kings,31,150075,8349,8186,54,8240,80
2020-10-21,Lake,33,64148,707,676,0,676,15
2020-10-21,Lassen,35,31185,767,764,2,766,0
2020-10-21,Los Angeles,37,10098052,298818,288096,2889,290985,6923
2020-10-21,Madera,39,155013,4983,4831,34,4865,52
2020-10-21,Marin,41,260295,7104,7002,18,7020,102
2020-10-21,Mariposa,43,17540,81,77,0,77,2
2020-10-21,Mendocino,45,87422,1064,1011,2,1013,21
2020-10-21,Merced,47,269075,9474,9319,32,9351,149
2020-10-21,Modoc,49,8938,33,26,0,26,0
2020-10-21,Mono,51,14174,186,156,4,160,1
2020-10-21,Monterey,53,433212,11261,11005,48,11053,83
2020-10-21,Napa,55,140530,2004,1918,5,1923,13
2020-10-21,Nevada,57,99092,630,597,16,613,8
2020-10-21,Orange,59,3164182,60040,57189,1732,58921,1409
2020-10-21,Placer,61,380077,4257,4007,14,4021,56
2020-10-21,Plumas,63,18699,69,58,0,58,0
2020-10-21,Riverside,65,2383286,66557,64778,301,65079,1278
2020-10-21,Sacramento,67,1510023,25322,24908,21,24929,490
2020-10-21,San Benito,69,59416,1423,1401,1,1402,14
2020-10-21,San Bernardino,71,2135413,62791,59948,91,60039,1141
2020-10-21,San Diego,73,3302833,55447,53279,0,53279,863
2020-10-21,San Francisco,75,870044,12181,11976,45,12021,137
2020-10-21,San Joaquin,77,732212,21731,21201,188,21389,495
2020-10-21,San Luis Obispo,79,281455,4215,4055,21,4076,31
2020-10-21,San Mateo,81,765935,11257,10730,7,10737,155
2020-10-21,Santa Barbara,83,443738,10255,9681,78,9759,121
2020-10-21,Santa Clara,85,1922200,24753,23537,32,23569,361
2020-10-21,Santa Cruz,87,273765,2817,2729,34,2763,24
2020-10-21,Shasta,89,179085,2072,1777,18,1795,27
2020-10-21,Sierra,91,2930,6,6,0,6,0
2020-10-21,Siskiyou,93,43540,197,169,10,179,0
2020-10-21,Solano,95,438530,7297,7088,41,7129,59
2020-10-21,Sonoma,97,501317,9415,8987,25,9012,138
2020-10-21,Stanislaus,99,539301,17547,17419,743,18162,392
2020-10-21,Sutter,101,95872,1827,1786,1,1787,12
2020-10-21,Tehama,103,63373,890,824,1,825,5
2020-10-21,Trinity,105,12862,42,25,6,31,0
2020-10-21,Tulare,107,460477,17653,17204,328,17532,292
2020-10-21,Tuolumne,109,53932,274,251,2,253,4
2020-10-21,Ventura,111,848112,14596,14050,315,14365,153
2020-10-21,Yolo,113,214977,3223,3095,9,3104,58
2020-10-21,Yuba,115,75493,1236,1194,5,1199,10
2020-10-20,Alameda,1,1643700,23292,22750,225,22975,391
2020-10-20,Alpine,3,1148,4,3,0,3,0
2020-10-20,Amador,5,37829,335,313,0,313,16
2020-10-20,Butte,7,227075,3136,3027,25,3052,56
2020-10-20,Calaveras,9,45235,330,273,0,273,13
2020-10-20,Colusa,11,21464,547,546,0,546,6
2020-10-20,Contra Costa,13,1133247,18780,18246,95,18341,241
2020-10-20,Del Norte,15,27424,172,169,0,169,2
2020-10-20,El Dorado,17,186661,1362,1295,2,1297,4
2020-10-20,Fresno,19,978130,32929,30220,432,30652,431
2020-10-20,Glenn,21,27897,663,638,1,639,3
2020-10-20,Humboldt,23,135768,557,545,1,546,7
2020-10-20,Imperial,25,180216,12756,12114,12,12126,330
2020-10-20,Inyo,27,18085,236,218,1,219,14
2020-10-20,Kern,29,883053,33623,32889,400,33289,429
2020-10-20,Kings,31,150075,8331,8178,53,8231,80
2020-10-20,Lake,33,64148,705,675,0,675,15
2020-10-20,Lassen,35,31185,766,757,2,759,0
2020-10-20,Los Angeles,37,10098052,297329,287727,2836,290563,6891
2020-10-20,Madera,39,155013,4966,4823,34,4857,52
2020-10-20,Marin,41,260295,7089,6994,18,7012,101
2020-10-20,Mariposa,43,17540,80,77,0,77,2
2020-10-20,Mendocino,45,87422,1062,1004,2,1006,21
2020-10-20,Merced,47,269075,9452,9323,32,9355,149
2020-10-20,Modoc,49,8938,32,26,0,26,0
2020-10-20,Mono,51,14174,186,156,4,160,1
2020-10-20,Monterey,53,433212,11218,10942,45,10987,81
2020-10-20,Napa,55,140530,1985,1912,5,1917,13
2020-10-20,Nevada,57,99092,621,596,16,612,8
2020-10-20,Orange,59,3164182,59779,56914,1723,58637,1397
2020-10-20,Placer,61,380077,4219,3997,14,4011,56
2020-10-20,Plumas,63,18699,66,53,0,53,0
2020-10-20,Riverside,65,2383286,66176,64452,289,64741,1275
2020-10-20,Sacramento,67,1510023,25197,24767,20,24787,485
2020-10-20,San Benito,69,59416,1420,1398,1,1399,14
2020-10-20,San Bernardino,71,2135413,62413,59571,86,59657,1109
2020-10-20,San Diego,73,3302833,55111,53004,0,53004,857
2020-10-20,San Francisco,75,870044,12134,12013,44,12057,126
2020-10-20,San Joaquin,77,732212,21653,21173,177,21350,490
2020-10-20,San Luis Obispo,79,281455,4197,4043,20,4063,31
2020-10-20,San Mateo,81,765935,11211,10659,7,10666,155
2020-10-20,Santa Barbara,83,443738,10226,9664,76,9740,121
2020-10-20,Santa Clara,85,1922200,24617,23406,32,23438,358
2020-10-20,Santa Cruz,87,273765,2794,2710,34,2744,23
2020-10-20,Shasta,89,179085,2049,1747,18,1765,20
2020-10-20,Sierra,91,2930,6,6,0,6,0
2020-10-20,Siskiyou,93,43540,189,168,10,178,0
2020-10-20,Solano,95,438530,7248,7044,41,7085,57
2020-10-20,Sonoma,97,501317,9352,8904,23,8927,135
2020-10-20,Stanislaus,99,539301,17493,17367,739,18106,393
2020-10-20,Sutter,101,95872,1818,1783,1,1784,12
2020-10-20,Tehama,103,63373,875,813,1,814,5
2020-10-20,Trinity,105,12862,41,25,6,31,0
2020-10-20,Tulare,107,460477,17587,17156,322,17478,289
2020-10-20,Tuolumne,109,53932,272,250,2,252,4
2020-10-20,Ventura,111,848112,14532,13980,313,14293,152
2020-10-20,Yolo,113,214977,3200,3083,9,3092,56
2020-10-20,Yuba,115,75493,1226,1191,5,1196,10
2020-10-19,Alameda,1,1643700,23183,22647,224,22871,392
2020-10-19,Alpine,3,1148,4,3,0,3,0
2020-10-19,Amador,5,37829,329,313,0,313,16
2020-10-19,Butte,7,227075,3125,3026,25,3051,55
2020-10-19,Calaveras,9,45235,329,268,0,268,13
2020-10-19,Colusa,11,21464,547,544,0,544,6
2020-10-19,Contra Costa,13,1133247,18682,18173,95,18268,239
2020-10-19,Del Norte,15,27424,169,167,0,167,2
2020-10-19,El Dorado,17,186661,1341,1287,2,1289,4
2020-10-19,Fresno,19,978130,32821,30152,427,30579,431
2020-10-19,Glenn,21,27897,658,635,0,635,3
2020-10-19,Humboldt,23,135768,557,543,1,544,7
2020-10-19,Imperial,25,180216,12702,12036,11,12047,330
2020-10-19,Inyo,27,18085,235,218,1,219,14
2020-10-19,Kern,29,883053,33548,32840,397,33237,428
2020-10-19,Kings,31,150075,8313,8173,53,8226,80
2020-10-19,Lake,33,64148,702,673,0,673,15
2020-10-19,Lassen,35,31185,765,757,2,759,0
2020-10-19,Los Angeles,37,10098052,295847,287119,2796,289915,6858
2020-10-19,Madera,39,155013,4951,4787,34,4821,52
2020-10-19,Marin,41,260295,7071,6981,18,6999,100
2020-10-19,Mariposa,43,17540,80,77,0,77,2
2020-10-19,Mendocino,45,87422,1057,1001,2,1003,21
2020-10-19,Merced,47,269075,9428,9305,27,9332,148
2020-10-19,Modoc,49,8938,31,26,0,26,0
2020-10-19,Mono,51,14174,181,156,4,160,1
2020-10-19,Monterey,53,433212,11157,10907,45,10952,80
2020-10-19,Napa,55,140530,1971,1892,5,1897,12
2020-10-19,Nevada,57,99092,618,590,16,606,8
2020-10-19,Orange,59,3164182,59494,56652,1709,58361,1396
2020-10-19,Placer,61,380077,4171,3962,14,3976,49
2020-10-19,Plumas,63,18699,64,52,0,52,0
2020-10-19,Riverside,65,2383286,65748,64016,272,64288,1272
2020-10-19,Sacramento,67,1510023,25058,24542,20,24562,483
2020-10-19,San Benito,69,59416,1413,1395,1,1396,14
2020-10-19,San Bernardino,71,2135413,61964,59265,78,59343,1100
2020-10-19,San Diego,73,3302833,54725,52739,0,52739,853
2020-10-19,San Francisco,75,870044,12090,11879,44,11923,126
2020-10-19,San Joaquin,77,732212,21578,20930,169,21099,489
2020-10-19,San Luis Obispo,79,281455,4181,4016,20,4036,31
2020-10-19,San Mateo,81,765935,11164,10568,7,10575,154
2020-10-19,Santa Barbara,83,443738,10191,9632,76,9708,121
2020-10-19,Santa Clara,85,1922200,24466,23301,32,23333,352
2020-10-19,Santa Cruz,87,273765,2777,2705,34,2739,19
2020-10-19,Shasta,89,179085,2005,1709,17,1726,20
2020-10-19,Sierra,91,2930,6,6,0,6,0
2020-10-19,Siskiyou,93,43540,182,167,10,177,0
2020-10-19,Solano,95,438530,7207,7003,41,7044,57
2020-10-19,Sonoma,97,501317,9265,8830,23,8853,135
2020-10-19,Stanislaus,99,539301,17442,17342,729,18071,390
2020-10-19,Sutter,101,95872,1813,1773,1,1774,12
2020-10-19,Tehama,103,63373,872,793,1,794,5
2020-10-19,Trinity,105,12862,39,23,6,29,0
2020-10-19,Tulare,107,460477,17539,17047,314,17361,291
2020-10-19,Tuolumne,109,53932,270,247,2,249,4
2020-10-19,Ventura,111,848112,14466,13930,310,14240,152
2020-10-19,Yolo,113,214977,3187,3069,9,3078,56
2020-10-19,Yuba,115,75493,1219,1183,5,1188,10
2020-10-18,Alameda,1,1643700,23079,22546,223,22769,392
2020-10-18,Alpine,3,1148,4,3,0,3,0
2020-10-18,Amador,5,37829,317,313,0,313,16
2020-10-18,Butte,7,227075,3112,3019,25,3044,55
2020-10-18,Calaveras,9,45235,328,267,0,267,13
2020-10-18,Colusa,11,21464,545,544,0,544,6
2020-10-18,Contra Costa,13,1133247,18583,18120,95,18215,237
2020-10-18,Del Norte,15,27424,169,167,0,167,2
2020-10-18,El Dorado,17,186661,1332,1283,2,1285,4
2020-10-18,Fresno,19,978130,32697,30051,419,30470,430
2020-10-18,Glenn,21,27897,656,634,0,634,3
2020-10-18,Humboldt,23,135768,554,540,1,541,7
2020-10-18,Imperial,25,180216,12640,11987,10,11997,330
2020-10-18,Inyo,27,18085,232,215,1,216,14
2020-10-18,Kern,29,883053,33475,32799,390,33189,428
2020-10-18,Kings,31,150075,8298,8159,53,8212,80
2020-10-18,Lake,33,64148,695,670,0,670,15
2020-10-18,Lassen,35,31185,765,757,2,759,0
2020-10-18,Los Angeles,37,10098052,294144,286187,2748,288935,6857
2020-10-18,Madera,39,155013,4926,4770,33,4803,52
2020-10-18,Marin,41,260295,7050,6969,18,6987,99
2020-10-18,Mariposa,43,17540,80,77,0,77,2
2020-10-18,Mendocino,45,87422,1055,988,2,990,21
2020-10-18,Merced,47,269075,9393,9292,27,9319,148
2020-10-18,Modoc,49,8938,30,26,0,26,0
2020-10-18,Mono,51,14174,176,155,4,159,1
2020-10-18,Monterey,53,433212,11105,10872,45,10917,80
2020-10-18,Napa,55,140530,1958,1882,5,1887,12
2020-10-18,Nevada,57,99092,612,582,16,598,8
2020-10-18,Orange,59,3164182,59195,56394,1693,58087,1396
2020-10-18,Placer,61,380077,4123,3938,14,3952,49
2020-10-18,Plumas,63,18699,62,52,0,52,0
2020-10-18,Riverside,65,2383286,65438,63765,249,64014,1270
2020-10-18,Sacramento,67,1510023,24903,24425,20,24445,482
2020-10-18,San Benito,69,59416,1406,1395,1,1396,14
2020-10-18,San Bernardino,71,2135413,61465,58893,71,58964,1098
2020-10-18,San Diego,73,3302833,54336,52359,0,52359,853
2020-10-18,San Francisco,75,870044,12051,11878,44,11922,126
2020-10-18,San Joaquin,77,732212,21496,20931,156,21087,489
2020-10-18,San Luis Obispo,79,281455,4150,4009,18,4027,31
2020-10-18,San Mateo,81,765935,11106,10503,7,10510,154
2020-10-18,Santa Barbara,83,443738,10152,9608,75,9683,121
2020-10-18,Santa Clara,85,1922200,24292,23169,32,23201,352
2020-10-18,Santa Cruz,87,273765,2763,2692,34,2726,19
2020-10-18,Shasta,89,179085,1980,1708,17,1725,20
2020-10-18,Sierra,91,2930,6,6,0,6,0
2020-10-18,Siskiyou,93,43540,181,167,10,177,0
2020-10-18,Solano,95,438530,7160,6962,41,7003,57
2020-10-18,Sonoma,97,501317,9189,8781,21,8802,134
2020-10-18,Stanislaus,99,539301,17386,17290,720,18010,390
2020-10-18,Sutter,101,95872,1804,1764,1,1765,12
2020-10-18,Tehama,103,63373,840,774,1,775,5
2020-10-18,Trinity,105,12862,39,20,6,26,0
2020-10-18,Tulare,107,460477,17447,17048,304,17352,290
2020-10-18,Tuolumne,109,53932,265,245,2,247,4
2020-10-18,Ventura,111,848112,14387,13901,309,14210,151
2020-10-18,Yolo,113,214977,3148,3059,9,3068,55
2020-10-18,Yuba,115,75493,1208,1176,5,1181,10
2020-10-17,Alameda,1,1643700,23034,22394,221,22615,398
2020-10-17,Alpine,3,1148,4,3,0,3,0
2020-10-17,Amador,5,37829,315,309,0,309,16
2020-10-17,Butte,7,227075,3104,3012,23,3035,55
2020-10-17,Calaveras,9,45235,328,267,0,267,13
2020-10-17,Colusa,11,21464,544,544,0,544,6
2020-10-17,Contra Costa,13,1133247,18530,18005,95,18100,237
2020-10-17,Del Norte,15,27424,169,167,0,167,2
2020-10-17,El Dorado,17,186661,1328,1277,2,1279,4
2020-10-17,Fresno,19,978130,32643,29911,417,30328,430
2020-10-17,Glenn,21,27897,653,633,0,633,3
2020-10-17,Humboldt,23,135768,551,535,1,536,7
2020-10-17,Imperial,25,180216,12612,11962,10,11972,330
2020-10-17,Inyo,27,18085,227,212,1,213,14
2020-10-17,Kern,29,883053,33424,32710,387,33097,428
2020-10-17,Kings,31,150075,8292,8151,52,8203,80
2020-10-17,Lake,33,64148,692,663,0,663,15
2020-10-17,Lassen,35,31185,765,757,2,759,0
2020-10-17,Los Angeles,37,10098052,293393,285858,2720,288578,6844
2020-10-17,Madera,39,155013,4920,4759,33,4792,53
2020-10-17,Marin,41,260295,7047,6958,18,6976,99
2020-10-17,Mariposa,43,17540,79,77,0,77,2
2020-10-17,Mendocino,45,87422,1048,977,2,979,21
2020-10-17,Merced,47,269075,9379,9275,27,9302,148
2020-10-17,Modoc,49,8938,30,26,0,26,0
2020-10-17,Mono,51,14174,175,155,4,159,1
2020-10-17,Monterey,53,433212,11065,10807,44,10851,80
2020-10-17,Napa,55,140530,1951,1866,5,1871,12
2020-10-17,Nevada,57,99092,611,580,16,596,8
2020-10-17,Orange,59,3164182,59055,56197,1684,57881,1396
2020-10-17,Placer,61,380077,4096,3898,14,3912,49
2020-10-17,Plumas,63,18699,62,52,0,52,0
2020-10-17,Riverside,65,2383286,65241,63171,238,63409,1270
2020-10-17,Sacramento,67,1510023,24818,24304,20,24324,482
2020-10-17,San Benito,69,59416,1402,1389,1,1390,14
2020-10-17,San Bernardino,71,2135413,61195,58415,67,58482,1097
2020-10-17,San Diego,73,3302833,54111,51986,0,51986,853
2020-10-17,San Francisco,75,870044,12023,11877,43,11920,126
2020-10-17,San Joaquin,77,732212,21442,20932,150,21082,489
2020-10-17,San Luis Obispo,79,281455,4135,3979,18,3997,31
2020-10-17,San Mateo,81,765935,11078,10423,7,10430,153
2020-10-17,Santa Barbara,83,443738,10133,9588,73,9661,121
2020-10-17,Santa Clara,85,1922200,24203,22997,32,23029,349
2020-10-17,Santa Cruz,87,273765,2749,2680,34,2714,19
2020-10-17,Shasta,89,179085,1954,1679,17,1696,20
2020-10-17,Sierra,91,2930,6,6,0,6,0
2020-10-17,Siskiyou,93,43540,180,167,10,177,0
2020-10-17,Solano,95,438530,7134,6929,41,6970,57
2020-10-17,Sonoma,97,501317,9146,8725,21,8746,134
2020-10-17,Stanislaus,99,539301,17347,17232,710,17942,390
2020-10-17,Sutter,101,95872,1802,1762,1,1763,12
2020-10-17,Tehama,103,63373,824,764,1,765,5
2020-10-17,Trinity,105,12862,39,20,6,26,0
2020-10-17,Tulare,107,460477,17417,16995,295,17290,290
2020-10-17,Tuolumne,109,53932,265,241,2,243,4
2020-10-17,Ventura,111,848112,14342,13845,306,14151,151
2020-10-17,Yolo,113,214977,3133,3045,7,3052,55
2020-10-17,Yuba,115,75493,1203,1164,5,1169,10
2020-10-16,Alameda,1,1643700,22980,22315,221,22536,397
2020-10-16,Alpine,3,1148,4,3,0,3,0
2020-10-16,Amador,5,37829,315,309,0,309,16
2020-10-16,Butte,7,227075,3093,3004,23,3027,54
2020-10-16,Calaveras,9,45235,328,267,0,267,13
2020-10-16,Colusa,11,21464,543,544,0,544,6
2020-10-16,Contra Costa,13,1133247,18477,17956,95,18051,237
2020-10-16,Del Norte,15,27424,169,166,0,166,2
2020-10-16,El Dorado,17,186661,1322,1273,2,1275,4
2020-10-16,Fresno,19,978130,32568,29796,415,30211,427
2020-10-16,Glenn,21,27897,648,632,0,632,3
2020-10-16,Humboldt,23,135768,551,533,1,534,7
2020-10-16,Imperial,25,180216,12572,11885,10,11895,330
2020-10-16,Inyo,27,18085,223,212,1,213,14
2020-10-16,Kern,29,883053,33381,32660,385,33045,428
2020-10-16,Kings,31,150075,8283,8146,51,8197,80
2020-10-16,Lake,33,64148,690,644,0,644,14
2020-10-16,Lassen,35,31185,765,757,2,759,0
2020-10-16,Los Angeles,37,10098052,292334,284988,2697,287685,6835
2020-10-16,Madera,39,155013,4908,4736,32,4768,53
2020-10-16,Marin,41,260295,7037,6933,18,6951,99
2020-10-16,Mariposa,43,17540,79,76,0,76,2
2020-10-16,Mendocino,45,87422,1041,974,2,976,21
2020-10-16,Merced,47,269075,9362,9246,27,9273,148
2020-10-16,Modoc,49,8938,30,26,0,26,0
2020-10-16,Mono,51,14174,173,155,4,159,1
2020-10-16,Monterey,53,433212,11031,10727,44,10771,79
2020-10-16,Napa,55,140530,1942,1855,5,1860,12
2020-10-16,Nevada,57,99092,609,579,16,595,8
2020-10-16,Orange,59,3164182,58879,56091,1677,57768,1388
2020-10-16,Placer,61,380077,4076,3864,14,3878,49
2020-10-16,Plumas,63,18699,61,52,0,52,0
2020-10-16,Riverside,65,2383286,65016,62986,237,63223,1267
2020-10-16,Sacramento,67,1510023,24724,24144,20,24164,479
2020-10-16,San Benito,69,59416,1399,1388,1,1389,14
2020-10-16,San Bernardino,71,2135413,60927,58233,67,58300,1069
2020-10-16,San Diego,73,3302833,53870,51785,0,51785,850
2020-10-16,San Francisco,75,870044,12001,11840,42,11882,126
2020-10-16,San Joaquin,77,732212,21397,20910,149,21059,489
2020-10-16,San Luis Obispo,79,281455,4121,3952,18,3970,32
2020-10-16,San Mateo,81,765935,11052,10405,7,10412,153
2020-10-16,Santa Barbara,83,443738,10115,9549,73,9622,119
2020-10-16,Santa Clara,85,1922200,24118,22920,32,22952,345
2020-10-16,Santa Cruz,87,273765,2736,2666,34,2700,20
2020-10-16,Shasta,89,179085,1932,1660,17,1677,20
2020-10-16,Sierra,91,2930,6,6,0,6,0
2020-10-16,Siskiyou,93,43540,178,167,10,177,0
2020-10-16,Solano,95,438530,7111,6879,41,6920,55
2020-10-16,Sonoma,97,501317,9090,8652,21,8673,133
2020-10-16,Stanislaus,99,539301,17314,17201,701,17902,366
2020-10-16,Sutter,101,95872,1794,1756,1,1757,12
2020-10-16,Tehama,103,63373,823,737,1,738,3
2020-10-16,Trinity,105,12862,39,20,6,26,0
2020-10-16,Tulare,107,460477,17385,16965,287,17252,290
2020-10-16,Tuolumne,109,53932,262,237,2,239,4
2020-10-16,Ventura,111,848112,14299,13805,301,14106,152
2020-10-16,Yolo,113,214977,3124,3030,7,3037,55
2020-10-16,Yuba,115,75493,1203,1155,5,1160,10
2020-10-15,Alameda,1,1643700,22913,22267,220,22487,390
2020-10-15,Alpine,3,1148,4,3,0,3,0
2020-10-15,Amador,5,37829,315,309,0,309,16
2020-10-15,Butte,7,227075,3081,3000,22,3022,54
2020-10-15,Calaveras,9,45235,327,267,0,267,13
2020-10-15,Colusa,11,21464,542,543,0,543,6
2020-10-15,Contra Costa,13,1133247,18410,17893,94,17987,237
2020-10-15,Del Norte,15,27424,169,164,0,164,2
2020-10-15,El Dorado,17,186661,1317,1265,2,1267,4
2020-10-15,Fresno,19,978130,32475,29727,413,30140,425
2020-10-15,Glenn,21,27897,643,632,0,632,3
2020-10-15,Humboldt,23,135768,547,531,1,532,7
2020-10-15,Imperial,25,180216,12531,11820,9,11829,330
2020-10-15,Inyo,27,18085,223,210,1,211,14
2020-10-15,Kern,29,883053,33301,32593,382,32975,427
2020-10-15,Kings,31,150075,8268,8134,51,8185,80
2020-10-15,Lake,33,64148,688,642,0,642,14
2020-10-15,Lassen,35,31185,764,752,2,754,0
2020-10-15,Los Angeles,37,10098052,291057,284019,2658,286677,6807
2020-10-15,Madera,39,155013,4896,4723,31,4754,50
2020-10-15,Marin,41,260295,7029,6912,18,6930,99
2020-10-15,Mariposa,43,17540,79,76,0,76,2
2020-10-15,Mendocino,45,87422,1036,963,2,965,21
2020-10-15,Merced,47,269075,9335,9213,27,9240,147
2020-10-15,Modoc,49,8938,30,26,0,26,0
2020-10-15,Mono,51,14174,173,155,4,159,1
2020-10-15,Monterey,53,433212,10964,10677,43,10720,79
2020-10-15,Napa,55,140530,1929,1842,5,1847,12
2020-10-15,Nevada,57,99092,605,575,16,591,8
2020-10-15,Orange,59,3164182,58664,55952,1665,57617,1379
2020-10-15,Placer,61,380077,4048,3848,14,3862,48
2020-10-15,Plumas,63,18699,58,52,0,52,0
2020-10-15,Riverside,65,2383286,64685,62819,234,63053,1266
2020-10-15,Sacramento,67,1510023,24605,24068,20,24088,474
2020-10-15,San Benito,69,59416,1396,1384,1,1385,14
2020-10-15,San Bernardino,71,2135413,60590,58068,67,58135,1067
2020-10-15,San Diego,73,3302833,53586,51472,0,51472,847
2020-10-15,San Francisco,75,870044,11973,11808,39,11847,126
2020-10-15,San Joaquin,77,732212,21324,20880,143,21023,487
2020-10-15,San Luis Obispo,79,281455,4106,3934,18,3952,32
2020-10-15,San Mateo,81,765935,11012,10340,7,10347,152
2020-10-15,Santa Barbara,83,443738,10091,9526,72,9598,117
2020-10-15,Santa Clara,85,1922200,24001,22808,32,22840,343
2020-10-15,Santa Cruz,87,273765,2722,2656,34,2690,13
2020-10-15,Shasta,89,179085,1921,1635,17,1652,20
2020-10-15,Sierra,91,2930,6,6,0,6,0
2020-10-15,Siskiyou,93,43540,174,166,10,176,0
2020-10-15,Solano,95,438530,7072,6830,41,6871,55
2020-10-15,Sonoma,97,501317,8998,8571,21,8592,133
2020-10-15,Stanislaus,99,539301,17276,17151,687,17838,366
2020-10-15,Sutter,101,95872,1791,1752,1,1753,12
2020-10-15,Tehama,103,63373,796,726,1,727,3
2020-10-15,Trinity,105,12862,39,20,6,26,0
2020-10-15,Tulare,107,460477,17325,16918,271,17189,289
2020-10-15,Tuolumne,109,53932,260,236,2,238,4
2020-10-15,Ventura,111,848112,14243,13750,296,14046,152
2020-10-15,Yolo,113,214977,3104,3014,7,3021,55
2020-10-15,Yuba,115,75493,1196,1151,5,1156,10
2020-10-14,Alameda,1,1643700,22816,22227,219,22446,398
2020-10-14,Alpine,3,1148,4,3,0,3,0
2020-10-14,Amador,5,37829,313,308,0,308,16
2020-10-14,Butte,7,227075,3073,2995,22,3017,54
2020-10-14,Calaveras,9,45235,327,266,0,266,12
2020-10-14,Colusa,11,21464,542,543,0,543,6
2020-10-14,Contra Costa,13,1133247,18353,17820,92,17912,236
2020-10-14,Del Norte,15,27424,168,163,0,163,2
2020-10-14,El Dorado,17,186661,1311,1264,2,1266,4
2020-10-14,Fresno,19,978130,32363,29650,408,30058,424
2020-10-14,Glenn,21,27897,642,629,0,629,3
2020-10-14,Humboldt,23,135768,544,531,1,532,7
2020-10-14,Imperial,25,180216,12494,11765,8,11773,330
2020-10-14,Inyo,27,18085,222,209,1,210,14
2020-10-14,Kern,29,883053,33227,32528,379,32907,425
2020-10-14,Kings,31,150075,8251,8118,50,8168,80
2020-10-14,Lake,33,64148,687,642,0,642,14
2020-10-14,Lassen,35,31185,762,752,2,754,0
2020-10-14,Los Angeles,37,10098052,289746,282918,2611,285529,6786
2020-10-14,Madera,39,155013,4881,4713,30,4743,50
2020-10-14,Marin,41,260295,7023,6907,18,6925,99
2020-10-14,Mariposa,43,17540,78,76,0,76,2
2020-10-14,Mendocino,45,87422,1030,955,2,957,21
2020-10-14,Merced,47,269075,9311,9201,25,9226,147
2020-10-14,Modoc,49,8938,30,27,0,27,0
2020-10-14,Mono,51,14174,173,155,4,159,1
2020-10-14,Monterey,53,433212,10913,10616,43,10659,78
2020-10-14,Napa,55,140530,1912,1837,5,1842,12
2020-10-14,Nevada,57,99092,603,573,16,589,7
2020-10-14,Orange,59,3164182,58453,55756,1654,57410,1348
2020-10-14,Placer,61,380077,4025,3829,14,3843,48
2020-10-14,Plumas,63,18699,54,52,0,52,0
2020-10-14,Riverside,65,2383286,64402,62607,233,62840,1261
2020-10-14,Sacramento,67,1510023,24463,24013,20,24033,472
2020-10-14,San Benito,69,59416,1394,1381,0,1381,14
2020-10-14,San Bernardino,71,2135413,60265,57774,65,57839,1063
2020-10-14,San Diego,73,3302833,53268,51329,0,51329,844
2020-10-14,San Francisco,75,870044,11941,11783,38,11821,123
2020-10-14,San Joaquin,77,732212,21245,20845,129,20974,487
2020-10-14,San Luis Obispo,79,281455,4083,3901,17,3918,32
2020-10-14,San Mateo,81,765935,10961,10309,7,10316,132
2020-10-14,Santa Barbara,83,443738,10056,9509,72,9581,117
2020-10-14,Santa Clara,85,1922200,23853,22735,32,22767,343
2020-10-14,Santa Cruz,87,273765,2712,2618,34,2652,13
2020-10-14,Shasta,89,179085,1883,1553,17,1570,20
2020-10-14,Sierra,91,2930,6,6,0,6,0
2020-10-14,Siskiyou,93,43540,174,166,10,176,0
2020-10-14,Solano,95,438530,7016,6786,41,6827,55
2020-10-14,Sonoma,97,501317,8945,8514,21,8535,133
2020-10-14,Stanislaus,99,539301,17231,17105,684,17789,365
2020-10-14,Sutter,101,95872,1782,1747,1,1748,12
2020-10-14,Tehama,103,63373,785,721,1,722,3
2020-10-14,Trinity,105,12862,38,20,6,26,0
2020-10-14,Tulare,107,460477,17263,16863,258,17121,287
2020-10-14,Tuolumne,109,53932,259,236,2,238,4
2020-10-14,Ventura,111,848112,14190,13697,292,13989,152
2020-10-14,Yolo,113,214977,3086,3007,7,3014,55
2020-10-14,Yuba,115,75493,1188,1147,5,1152,10
2020-10-13,Alameda,1,1643700,22712,22185,217,22402,389
2020-10-13,Alpine,3,1148,4,3,0,3,0
2020-10-13,Amador,5,37829,311,306,0,306,16
2020-10-13,Butte,7,227075,3064,2992,22,3014,54
2020-10-13,Calaveras,9,45235,323,262,0,262,12
2020-10-13,Colusa,11,21464,542,541,0,541,6
2020-10-13,Contra Costa,13,1133247,18295,17783,92,17875,234
2020-10-13,Del Norte,15,27424,168,163,0,163,2
2020-10-13,El Dorado,17,186661,1302,1262,2,1264,4
2020-10-13,Fresno,19,978130,32243,29579,404,29983,424
2020-10-13,Glenn,21,27897,641,629,0,629,3
2020-10-13,Humboldt,23,135768,542,523,1,524,7
2020-10-13,Imperial,25,180216,12459,11727,8,11735,327
2020-10-13,Inyo,27,18085,219,207,1,208,14
2020-10-13,Kern,29,883053,33153,32497,377,32874,419
2020-10-13,Kings,31,150075,8242,8111,50,8161,80
2020-10-13,Lake,33,64148,684,639,0,639,12
2020-10-13,Lassen,35,31185,760,752,2,754,0
2020-10-13,Los Angeles,37,10098052,288473,281716,2568,284284,6767
2020-10-13,Madera,39,155013,4863,4700,30,4730,50
2020-10-13,Marin,41,260295,7001,6900,18,6918,97
2020-10-13,Mariposa,43,17540,78,76,0,76,2
2020-10-13,Mendocino,45,87422,1021,950,2,952,21
2020-10-13,Merced,47,269075,9293,9181,25,9206,146
2020-10-13,Modoc,49,8938,29,28,0,28,0
2020-10-13,Mono,51,14174,173,155,3,158,1
2020-10-13,Monterey,53,433212,10852,10574,42,10616,78
2020-10-13,Napa,55,140530,1903,1825,5,1830,12
2020-10-13,Nevada,57,99092,597,572,16,588,7
2020-10-13,Orange,59,3164182,58242,55515,1640,57155,1326
2020-10-13,Placer,61,380077,3988,3825,14,3839,48
2020-10-13,Plumas,63,18699,52,51,0,51,0
2020-10-13,Riverside,65,2383286,64084,62279,231,62510,1254
2020-10-13,Sacramento,67,1510023,24385,23930,20,23950,466
2020-10-13,San Benito,69,59416,1386,1380,0,1380,14
2020-10-13,San Bernardino,71,2135413,59927,57411,64,57475,1061
2020-10-13,San Diego,73,3302833,52976,51026,0,51026,840
2020-10-13,San Francisco,75,870044,11905,11659,38,11697,122
2020-10-13,San Joaquin,77,732212,21183,20822,125,20947,481
2020-10-13,San Luis Obispo,79,281455,4072,3892,16,3908,32
2020-10-13,San Mateo,81,765935,10918,10286,7,10293,130
2020-10-13,Santa Barbara,83,443738,10025,9489,72,9561,117
2020-10-13,Santa Clara,85,1922200,23727,22678,32,22710,343
2020-10-13,Santa Cruz,87,273765,2694,2603,34,2637,13
2020-10-13,Shasta,89,179085,1859,1606,17,1623,20
2020-10-13,Sierra,91,2930,6,6,0,6,0
2020-10-13,Siskiyou,93,43540,173,163,10,173,0
2020-10-13,Solano,95,438530,6981,6761,41,6802,55
2020-10-13,Sonoma,97,501317,8862,8456,21,8477,133
2020-10-13,Stanislaus,99,539301,17186,17082,679,17761,362
2020-10-13,Sutter,101,95872,1773,1748,1,1749,12
2020-10-13,Tehama,103,63373,777,717,1,718,3
2020-10-13,Trinity,105,12862,34,19,5,24,0
2020-10-13,Tulare,107,460477,17205,16822,250,17072,286
2020-10-13,Tuolumne,109,53932,257,235,2,237,4
2020-10-13,Ventura,111,848112,14137,13645,287,13932,151
2020-10-13,Yolo,113,214977,3078,2983,6,2989,55
2020-10-13,Yuba,115,75493,1183,1143,5,1148,10
2020-10-12,Alameda,1,1643700,22634,22126,216,22342,389
2020-10-12,Alpine,3,1148,4,3,0,3,0
2020-10-12,Amador,5,37829,310,305,0,305,16
2020-10-12,Butte,7,227075,3058,2975,22,2997,54
2020-10-12,Calaveras,9,45235,323,262,0,262,12
2020-10-12,Colusa,11,21464,542,541,0,541,6
2020-10-12,Contra Costa,13,1133247,18220,17728,92,17820,233
2020-10-12,Del Norte,15,27424,168,161,0,161,2
2020-10-12,El Dorado,17,186661,1299,1254,2,1256,4
2020-10-12,Fresno,19,978130,32110,29523,400,29923,421
2020-10-12,Glenn,21,27897,640,626,0,626,3
2020-10-12,Humboldt,23,135768,539,522,1,523,7
2020-10-12,Imperial,25,180216,12420,11689,8,11697,328
2020-10-12,Inyo,27,18085,216,201,1,202,14
2020-10-12,Kern,29,883053,33060,32425,374,32799,419
2020-10-12,Kings,31,150075,8236,8106,49,8155,80
2020-10-12,Lake,33,64148,678,633,0,633,12
2020-10-12,Lassen,35,31185,760,752,2,754,0
2020-10-12,Los Angeles,37,10098052,287260,280961,2537,283498,6747
2020-10-12,Madera,39,155013,4844,4689,30,4719,50
2020-10-12,Marin,41,260295,6984,6886,18,6904,97
2020-10-12,Mariposa,43,17540,78,76,0,76,2
2020-10-12,Mendocino,45,87422,1015,947,2,949,21
2020-10-12,Merced,47,269075,9272,9141,25,9166,146
2020-10-12,Modoc,49,8938,29,27,0,27,0
2020-10-12,Mono,51,14174,173,154,3,157,1
2020-10-12,Monterey,53,433212,10786,10473,42,10515,77
2020-10-12,Napa,55,140530,1895,1819,5,1824,11
2020-10-12,Nevada,57,99092,593,570,16,586,7
2020-10-12,Orange,59,3164182,58013,55373,1630,57003,1326
2020-10-12,Placer,61,380077,3955,3808,13,3821,48
2020-10-12,Plumas,63,18699,52,51,0,51,0
2020-10-12,Riverside,65,2383286,63772,62279,228,62507,1254
2020-10-12,Sacramento,67,1510023,24279,23807,20,23827,466
2020-10-12,San Benito,69,59416,1383,1376,0,1376,13
2020-10-12,San Bernardino,71,2135413,59557,57235,64,57299,1061
2020-10-12,San Diego,73,3302833,52686,50748,0,50748,826
2020-10-12,San Francisco,75,870044,11872,11659,38,11697,122
2020-10-12,San Joaquin,77,732212,21120,20701,119,20820,480
2020-10-12,San Luis Obispo,79,281455,4048,3874,16,3890,32
2020-10-12,San Mateo,81,765935,10870,10262,7,10269,130
2020-10-12,Santa Barbara,83,443738,9989,9462,72,9534,117
2020-10-12,Santa Clara,85,1922200,23613,22578,32,22610,343
2020-10-12,Santa Cruz,87,273765,2677,2590,34,2624,13
2020-10-12,Shasta,89,179085,1834,1515,17,1532,20
2020-10-12,Sierra,91,2930,6,6,0,6,0
2020-10-12,Siskiyou,93,43540,172,162,10,172,0
2020-10-12,Solano,95,438530,6942,6742,41,6783,55
2020-10-12,Sonoma,97,501317,8791,8377,21,8398,133
2020-10-12,Stanislaus,99,539301,17137,17051,670,17721,361
2020-10-12,Sutter,101,95872,1765,1741,1,1742,12
2020-10-12,Tehama,103,63373,761,708,1,709,3
2020-10-12,Trinity,105,12862,33,19,5,24,0
2020-10-12,Tulare,107,460477,17153,16742,243,16985,286
2020-10-12,Tuolumne,109,53932,252,234,2,236,4
2020-10-12,Ventura,111,848112,14075,13617,283,13900,151
2020-10-12,Yolo,113,214977,3063,2964,6,2970,55
2020-10-12,Yuba,115,75493,1172,1141,5,1146,10
2020-10-11,Alameda,1,1643700,22545,22057,212,22269,392
2020-10-11,Alpine,3,1148,4,3,0,3,0
2020-10-11,Amador,5,37829,308,305,0,305,16
2020-10-11,Butte,7,227075,3050,2967,21,2988,54
2020-10-11,Calaveras,9,45235,321,262,0,262,12
2020-10-11,Colusa,11,21464,540,541,0,541,6
2020-10-11,Contra Costa,13,1133247,18138,17678,92,17770,233
2020-10-11,Del Norte,15,27424,166,161,0,161,2
2020-10-11,El Dorado,17,186661,1290,1242,2,1244,4
2020-10-11,Fresno,19,978130,31973,29419,393,29812,421
2020-10-11,Glenn,21,27897,638,625,0,625,3
2020-10-11,Humboldt,23,135768,538,521,1,522,7
2020-10-11,Imperial,25,180216,12360,11614,8,11622,328
2020-10-11,Inyo,27,18085,212,201,1,202,14
2020-10-11,Kern,29,883053,32973,32399,367,32766,418
2020-10-11,Kings,31,150075,8219,8094,48,8142,80
2020-10-11,Lake,33,64148,665,631,0,631,12
2020-10-11,Lassen,35,31185,759,752,2,754,0
2020-10-11,Los Angeles,37,10098052,285824,280190,2495,282685,6745
2020-10-11,Madera,39,155013,4817,4680,29,4709,50
2020-10-11,Marin,41,260295,6975,6870,18,6888,97
2020-10-11,Mariposa,43,17540,78,76,0,76,2
2020-10-11,Mendocino,45,87422,1008,944,2,946,21
2020-10-11,Merced,47,269075,9254,9124,25,9149,146
2020-10-11,Modoc,49,8938,29,27,0,27,0
2020-10-11,Mono,51,14174,173,154,3,157,1
2020-10-11,Monterey,53,433212,10735,10445,40,10485,77
2020-10-11,Napa,55,140530,1879,1811,5,1816,11
2020-10-11,Nevada,57,99092,591,569,16,585,7
2020-10-11,Orange,59,3164182,57783,55202,1624,56826,1326
2020-10-11,Placer,61,380077,3934,3787,13,3800,48
2020-10-11,Plumas,63,18699,52,51,0,51,0
2020-10-11,Riverside,65,2383286,63483,62112,224,62336,1254
2020-10-11,Sacramento,67,1510023,24139,23778,20,23798,466
2020-10-11,San Benito,69,59416,1382,1374,0,1374,13
2020-10-11,San Bernardino,71,2135413,59104,56997,64,57061,1061
2020-10-11,San Diego,73,3302833,52337,50553,0,50553,826
2020-10-11,San Francisco,75,870044,11829,11659,38,11697,122
2020-10-11,San Joaquin,77,732212,21045,20700,109,20809,480
2020-10-11,San Luis Obispo,79,281455,4031,3874,15,3889,32
2020-10-11,San Mateo,81,765935,10839,10240,7,10247,130
2020-10-11,Santa Barbara,83,443738,9959,9440,71,9511,117
2020-10-11,Santa Clara,85,1922200,23471,22487,31,22518,336
2020-10-11,Santa Cruz,87,273765,2663,2578,34,2612,13
2020-10-11,Shasta,89,179085,1804,1515,16,1531,20
2020-10-11,Sierra,91,2930,6,6,0,6,0
2020-10-11,Siskiyou,93,43540,171,162,10,172,0
2020-10-11,Solano,95,438530,6888,6685,41,6726,53
2020-10-11,Sonoma,97,501317,8734,8319,21,8340,133
2020-10-11,Stanislaus,99,539301,17074,17007,653,17660,360
2020-10-11,Sutter,101,95872,1762,1742,1,1743,12
2020-10-11,Tehama,103,63373,737,702,1,703,3
2020-10-11,Trinity,105,12862,33,19,5,24,0
2020-10-11,Tulare,107,460477,17090,16741,235,16976,286
2020-10-11,Tuolumne,109,53932,248,234,2,236,4
2020-10-11,Ventura,111,848112,14015,13604,278,13882,151
2020-10-11,Yolo,113,214977,3033,2952,6,2958,55
2020-10-11,Yuba,115,75493,1160,1137,5,1142,10
2020-10-10,Alameda,1,1643700,22495,21979,211,22190,398
2020-10-10,Alpine,3,1148,4,3,0,3,0
2020-10-10,Amador,5,37829,307,304,0,304,16
2020-10-10,Butte,7,227075,3045,2962,20,2982,54
2020-10-10,Calaveras,9,45235,320,262,0,262,12
2020-10-10,Colusa,11,21464,540,541,0,541,6
2020-10-10,Contra Costa,13,1133247,18102,17566,91,17657,233
2020-10-10,Del Norte,15,27424,166,161,0,161,2
2020-10-10,El Dorado,17,186661,1288,1240,2,1242,4
2020-10-10,Fresno,19,978130,31910,29286,391,29677,421
2020-10-10,Glenn,21,27897,638,623,0,623,3
2020-10-10,Humboldt,23,135768,535,518,1,519,7
2020-10-10,Imperial,25,180216,12345,11591,8,11599,327
2020-10-10,Inyo,27,18085,209,201,1,202,14
2020-10-10,Kern,29,883053,32936,32338,367,32705,418
2020-10-10,Kings,31,150075,8215,8078,48,8126,80
2020-10-10,Lake,33,64148,664,630,0,630,11
2020-10-10,Lassen,35,31185,759,752,2,754,0
2020-10-10,Los Angeles,37,10098052,285105,279213,2461,281674,6743
2020-10-10,Madera,39,155013,4804,4662,29,4691,50
2020-10-10,Marin,41,260295,6966,6852,18,6870,97
2020-10-10,Mariposa,43,17540,78,76,0,76,2
2020-10-10,Mendocino,45,87422,1001,935,2,937,21
2020-10-10,Merced,47,269075,9248,9105,24,9129,146
2020-10-10,Modoc,49,8938,29,27,0,27,0
2020-10-10,Mono,51,14174,173,154,3,157,1
2020-10-10,Monterey,53,433212,10702,10410,40,10450,75
2020-10-10,Napa,55,140530,1872,1804,5,1809,11
2020-10-10,Nevada,57,99092,588,564,16,580,6
2020-10-10,Orange,59,3164182,57662,54965,1619,56584,1324
2020-10-10,Placer,61,380077,3917,3757,13,3770,48
2020-10-10,Plumas,63,18699,52,51,0,51,0
2020-10-10,Riverside,65,2383286,63281,61845,221,62066,1254
2020-10-10,Sacramento,67,1510023,24073,23689,20,23709,466
2020-10-10,San Benito,69,59416,1380,1370,0,1370,13
2020-10-10,San Bernardino,71,2135413,58942,56683,64,56747,1061
2020-10-10,San Diego,73,3302833,52107,50145,0,50145,825
2020-10-10,San Francisco,75,870044,11808,11663,38,11701,122
2020-10-10,San Joaquin,77,732212,21017,20700,105,20805,481
2020-10-10,San Luis Obispo,79,281455,4011,3832,15,3847,32
2020-10-10,San Mateo,81,765935,10802,10218,7,10225,130
2020-10-10,Santa Barbara,83,443738,9948,9417,71,9488,116
2020-10-10,Santa Clara,85,1922200,23379,22354,31,22385,330
2020-10-10,Santa Cruz,87,273765,2649,2572,34,2606,13
2020-10-10,Shasta,89,179085,1787,1473,16,1489,20
2020-10-10,Sierra,91,2930,6,6,0,6,0
2020-10-10,Siskiyou,93,43540,171,161,10,171,0
2020-10-10,Solano,95,438530,6862,6655,41,6696,53
2020-10-10,Sonoma,97,501317,8714,8235,21,8256,133
2020-10-10,Stanislaus,99,539301,17039,16960,645,17605,360
2020-10-10,Sutter,101,95872,1759,1735,1,1736,12
2020-10-10,Tehama,103,63373,730,693,1,694,3
2020-10-10,Trinity,105,12862,33,19,5,24,0
2020-10-10,Tulare,107,460477,17056,16709,230,16939,286
2020-10-10,Tuolumne,109,53932,248,233,2,235,4
2020-10-10,Ventura,111,848112,13991,13520,278,13798,151
2020-10-10,Yolo,113,214977,3024,2939,6,2945,55
2020-10-10,Yuba,115,75493,1158,1134,5,1139,10
2020-10-09,Alameda,1,1643700,22447,21924,211,22135,399
2020-10-09,Alpine,3,1148,4,3,0,3,0
2020-10-09,Amador,5,37829,307,303,0,303,16
2020-10-09,Butte,7,227075,3042,2956,20,2976,51
2020-10-09,Calaveras,9,45235,318,262,0,262,11
2020-10-09,Colusa,11,21464,540,541,0,541,6
2020-10-09,Contra Costa,13,1133247,18052,17487,91,17578,229
2020-10-09,Del Norte,15,27424,165,161,0,161,2
2020-10-09,El Dorado,17,186661,1284,1234,2,1236,4
2020-10-09,Fresno,19,978130,31837,29208,389,29597,417
2020-10-09,Glenn,21,27897,633,617,0,617,3
2020-10-09,Humboldt,23,135768,533,516,1,517,7
2020-10-09,Imperial,25,180216,12318,11516,8,11524,330
2020-10-09,Inyo,27,18085,206,200,1,201,14
2020-10-09,Kern,29,883053,32894,32237,365,32602,417
2020-10-09,Kings,31,150075,8208,7993,46,8039,80
2020-10-09,Lake,33,64148,654,610,0,610,11
2020-10-09,Lassen,35,31185,759,751,2,753,0
2020-10-09,Los Angeles,37,10098052,283973,278039,2436,280475,6715
2020-10-09,Madera,39,155013,4794,4646,29,4675,50
2020-10-09,Marin,41,260295,6952,6838,18,6856,96
2020-10-09,Mariposa,43,17540,78,76,0,76,2
2020-10-09,Mendocino,45,87422,991,933,2,935,20
2020-10-09,Merced,47,269075,9234,9095,24,9119,145
2020-10-09,Modoc,49,8938,29,27,0,27,0
2020-10-09,Mono,51,14174,173,154,3,157,1
2020-10-09,Monterey,53,433212,10668,10369,40,10409,75
2020-10-09,Napa,55,140530,1862,1795,5,1800,11
2020-10-09,Nevada,57,99092,583,561,16,577,6
2020-10-09,Orange,59,3164182,57495,54746,1613,56359,1305
2020-10-09,Placer,61,380077,3904,3737,13,3750,48
2020-10-09,Plumas,63,18699,52,50,0,50,0
2020-10-09,Riverside,65,2383286,63045,61529,220,61749,1252
2020-10-09,Sacramento,67,1510023,24003,23606,20,23626,457
2020-10-09,San Benito,69,59416,1375,1367,0,1367,13
2020-10-09,San Bernardino,71,2135413,58703,56434,64,56498,1057
2020-10-09,San Diego,73,3302833,51831,49825,0,49825,821
2020-10-09,San Francisco,75,870044,11778,11620,38,11658,120
2020-10-09,San Joaquin,77,732212,20988,20648,95,20743,481
2020-10-09,San Luis Obispo,79,281455,3992,3810,15,3825,32
2020-10-09,San Mateo,81,765935,10774,10140,7,10147,130
2020-10-09,Santa Barbara,83,443738,9920,9396,71,9467,116
2020-10-09,Santa Clara,85,1922200,23277,22251,30,22281,328
2020-10-09,Santa Cruz,87,273765,2640,2555,34,2589,13
2020-10-09,Shasta,89,179085,1760,1353,15,1368,20
2020-10-09,Sierra,91,2930,6,6,0,6,0
2020-10-09,Siskiyou,93,43540,169,156,10,166,0
2020-10-09,Solano,95,438530,6823,6614,41,6655,53
2020-10-09,Sonoma,97,501317,8660,8133,21,8154,133
2020-10-09,Stanislaus,99,539301,17016,16904,636,17540,362
2020-10-09,Sutter,101,95872,1755,1732,1,1733,12
2020-10-09,Tehama,103,63373,724,682,1,683,3
2020-10-09,Trinity,105,12862,33,25,5,30,0
2020-10-09,Tulare,107,460477,17016,16644,221,16865,286
2020-10-09,Tuolumne,109,53932,245,230,2,232,4
2020-10-09,Ventura,111,848112,13955,13469,275,13744,151
2020-10-09,Yolo,113,214977,3017,2928,6,2934,55
2020-10-09,Yuba,115,75493,1157,1129,5,1134,10
2020-10-08,Alameda,1,1643700,22367,21826,210,22036,395
2020-10-08,Alpine,3,1148,4,3,0,3,0
2020-10-08,Amador,5,37829,306,302,0,302,16
2020-10-08,Butte,7,227075,3032,2935,20,2955,51
2020-10-08,Calaveras,9,45235,317,262,0,262,11
2020-10-08,Colusa,11,21464,540,539,0,539,6
2020-10-08,Contra Costa,13,1133247,17992,17418,90,17508,228
2020-10-08,Del Norte,15,27424,165,151,0,151,2
2020-10-08,El Dorado,17,186661,1283,1230,2,1232,4
2020-10-08,Fresno,19,978130,31732,29111,389,29500,416
2020-10-08,Glenn,21,27897,630,616,0,616,3
2020-10-08,Humboldt,23,135768,529,515,1,516,7
2020-10-08,Imperial,25,180216,12279,11405,8,11413,330
2020-10-08,Inyo,27,18085,203,199,1,200,14
2020-10-08,Kern,29,883053,32836,32169,360,32529,411
2020-10-08,Kings,31,150075,8202,7968,46,8014,80
2020-10-08,Lake,33,64148,649,604,0,604,11
2020-10-08,Lassen,35,31185,754,751,2,753,0
2020-10-08,Los Angeles,37,10098052,282776,276763,2395,279158,6699
2020-10-08,Madera,39,155013,4775,4637,29,4666,50
2020-10-08,Marin,41,260295,6938,6810,18,6828,96
2020-10-08,Mariposa,43,17540,78,76,0,76,2
2020-10-08,Mendocino,45,87422,986,930,2,932,20
2020-10-08,Merced,47,269075,9214,9069,24,9093,144
2020-10-08,Modoc,49,8938,29,27,0,27,0
2020-10-08,Mono,51,14174,173,153,3,156,1
2020-10-08,Monterey,53,433212,10601,10343,40,10383,75
2020-10-08,Napa,55,140530,1847,1779,5,1784,11
2020-10-08,Nevada,57,99092,580,556,16,572,6
2020-10-08,Orange,59,3164182,57302,54523,1601,56124,1293
2020-10-08,Placer,61,380077,3886,3715,13,3728,48
2020-10-08,Plumas,63,18699,52,50,0,50,0
2020-10-08,Riverside,65,2383286,62777,61105,218,61323,1244
2020-10-08,Sacramento,67,1510023,23895,23482,20,23502,454
2020-10-08,San Benito,69,59416,1370,1367,0,1367,13
2020-10-08,San Bernardino,71,2135413,58340,56152,64,56216,1048
2020-10-08,San Diego,73,3302833,51551,49468,0,49468,819
2020-10-08,San Francisco,75,870044,11741,11608,38,11646,115
2020-10-08,San Joaquin,77,732212,20938,20576,90,20666,478
2020-10-08,San Luis Obispo,79,281455,3976,3785,15,3800,32
2020-10-08,San Mateo,81,765935,10742,10044,7,10051,130
2020-10-08,Santa Barbara,83,443738,9890,9374,71,9445,116
2020-10-08,Santa Clara,85,1922200,23175,22095,30,22125,323
2020-10-08,Santa Cruz,87,273765,2629,2535,34,2569,13
2020-10-08,Shasta,89,179085,1726,1305,15,1320,20
2020-10-08,Sierra,91,2930,6,6,0,6,0
2020-10-08,Siskiyou,93,43540,169,156,10,166,0
2020-10-08,Solano,95,438530,6799,6556,41,6597,53
2020-10-08,Sonoma,97,501317,8594,8063,21,8084,132
2020-10-08,Stanislaus,99,539301,16971,16821,628,17449,360
2020-10-08,Sutter,101,95872,1755,1725,1,1726,12
2020-10-08,Tehama,103,63373,715,676,1,677,3
2020-10-08,Trinity,105,12862,33,25,5,30,0
2020-10-08,Tulare,107,460477,16955,16573,212,16785,283
2020-10-08,Tuolumne,109,53932,244,230,2,232,4
2020-10-08,Ventura,111,848112,13908,13399,272,13671,151
2020-10-08,Yolo,113,214977,3000,2914,6,2920,55
2020-10-08,Yuba,115,75493,1152,1126,5,1131,10
2020-10-07,Alameda,1,1643700,22291,21736,210,21946,395
2020-10-07,Alpine,3,1148,4,3,0,3,0
2020-10-07,Amador,5,37829,306,302,0,302,16
2020-10-07,Butte,7,227075,3020,2927,20,2947,47
2020-10-07,Calaveras,9,45235,315,262,0,262,11
2020-10-07,Colusa,11,21464,539,539,0,539,6
2020-10-07,Contra Costa,13,1133247,17922,17346,89,17435,225
2020-10-07,Del Norte,15,27424,164,149,0,149,2
2020-10-07,El Dorado,17,186661,1275,1219,2,1221,4
2020-10-07,Fresno,19,978130,31610,29069,384,29453,413
2020-10-07,Glenn,21,27897,630,615,0,615,3
2020-10-07,Humboldt,23,135768,526,512,1,513,7
2020-10-07,Imperial,25,180216,12243,11289,8,11297,330
2020-10-07,Inyo,27,18085,203,199,1,200,14
2020-10-07,Kern,29,883053,32764,32068,359,32427,410
2020-10-07,Kings,31,150075,8187,7948,46,7994,80
2020-10-07,Lake,33,64148,648,599,0,599,11
2020-10-07,Lassen,35,31185,754,751,2,753,0
2020-10-07,Los Angeles,37,10098052,281604,275559,2357,277916,6681
2020-10-07,Madera,39,155013,4755,4618,29,4647,50
2020-10-07,Marin,41,260295,6911,6790,18,6808,95
2020-10-07,Mariposa,43,17540,78,75,0,75,2
2020-10-07,Mendocino,45,87422,980,927,2,929,19
2020-10-07,Merced,47,269075,9177,9045,23,9068,144
2020-10-07,Modoc,49,8938,29,27,0,27,0
2020-10-07,Mono,51,14174,172,153,2,155,1
2020-10-07,Monterey,53,433212,10542,10272,40,10312,75
2020-10-07,Napa,55,140530,1834,1774,5,1779,11
2020-10-07,Nevada,57,99092,576,552,16,568,6
2020-10-07,Orange,59,3164182,57083,54332,1591,55923,1277
2020-10-07,Placer,61,380077,3870,3693,13,3706,48
2020-10-07,Plumas,63,18699,52,50,0,50,0
2020-10-07,Riverside,65,2383286,62430,60857,214,61071,1241
2020-10-07,Sacramento,67,1510023,23799,23380,20,23400,452
2020-10-07,San Benito,69,59416,1367,1363,0,1363,13
2020-10-07,San Bernardino,71,2135413,57992,55738,63,55801,1043
2020-10-07,San Diego,73,3302833,51235,49177,0,49177,813
2020-10-07,San Francisco,75,870044,11706,11551,38,11589,115
2020-10-07,San Joaquin,77,732212,20886,20527,82,20609,478
2020-10-07,San Luis Obispo,79,281455,3946,3749,15,3764,32
2020-10-07,San Mateo,81,765935,10700,9980,7,9987,130
2020-10-07,Santa Barbara,83,443738,9862,9350,70,9420,116
2020-10-07,Santa Clara,85,1922200,23048,21993,30,22023,320
2020-10-07,Santa Cruz,87,273765,2617,2518,34,2552,14
2020-10-07,Shasta,89,179085,1683,1268,15,1283,20
2020-10-07,Sierra,91,2930,6,6,0,6,0
2020-10-07,Siskiyou,93,43540,167,154,10,164,0
2020-10-07,Solano,95,438530,6764,6526,41,6567,53
2020-10-07,Sonoma,97,501317,8517,7993,21,8014,130
2020-10-07,Stanislaus,99,539301,16938,16786,622,17408,357
2020-10-07,Sutter,101,95872,1751,1723,1,1724,12
2020-10-07,Tehama,103,63373,706,666,1,667,3
2020-10-07,Trinity,105,12862,31,25,5,30,0
2020-10-07,Tulare,107,460477,16914,16483,203,16686,282
2020-10-07,Tuolumne,109,53932,244,227,2,229,3
2020-10-07,Ventura,111,848112,13858,13333,266,13599,150
2020-10-07,Yolo,113,214977,2974,2904,6,2910,55
2020-10-07,Yuba,115,75493,1146,1120,5,1125,10
2020-10-06,Alameda,1,1643700,22201,21698,208,21906,385
2020-10-06,Alpine,3,1148,4,3,0,3,0
2020-10-06,Amador,5,37829,304,301,0,301,16
2020-10-06,Butte,7,227075,3013,2925,20,2945,47
2020-10-06,Calaveras,9,45235,315,261,0,261,11
2020-10-06,Colusa,11,21464,538,538,0,538,6
2020-10-06,Contra Costa,13,1133247,17843,17295,89,17384,219
2020-10-06,Del Norte,15,27424,164,144,0,144,2
2020-10-06,El Dorado,17,186661,1271,1211,2,1213,4
2020-10-06,Fresno,19,978130,31468,29022,381,29403,412
2020-10-06,Glenn,21,27897,627,604,0,604,3
2020-10-06,Humboldt,23,135768,523,508,1,509,7
2020-10-06,Imperial,25,180216,12205,11196,8,11204,327
2020-10-06,Inyo,27,18085,201,198,1,199,14
2020-10-06,Kern,29,883053,32687,32006,357,32363,407
2020-10-06,Kings,31,150075,8171,7943,46,7989,81
2020-10-06,Lake,33,64148,642,596,0,596,11
2020-10-06,Lassen,35,31185,754,743,2,745,0
2020-10-06,Los Angeles,37,10098052,280372,274115,2304,276419,6657
2020-10-06,Madera,39,155013,4743,4608,29,4637,50
2020-10-06,Marin,41,260295,6897,6766,18,6784,91
2020-10-06,Mariposa,43,17540,78,75,0,75,2
2020-10-06,Mendocino,45,87422,973,920,2,922,19
2020-10-06,Merced,47,269075,9141,9034,22,9056,143
2020-10-06,Modoc,49,8938,29,26,0,26,0
2020-10-06,Mono,51,14174,172,153,2,155,1
2020-10-06,Monterey,53,433212,10486,10235,39,10274,72
2020-10-06,Napa,55,140530,1828,1770,5,1775,11
2020-10-06,Nevada,57,99092,574,551,16,567,6
2020-10-06,Orange,59,3164182,56868,54203,1583,55786,1273
2020-10-06,Placer,61,380077,3848,3680,13,3693,48
2020-10-06,Plumas,63,18699,52,49,0,49,0
2020-10-06,Riverside,65,2383286,62166,60593,211,60804,1238
2020-10-06,Sacramento,67,1510023,23712,23322,20,23342,442
2020-10-06,San Benito,69,59416,1366,1358,0,1358,12
2020-10-06,San Bernardino,71,2135413,57677,55416,62,55478,1040
2020-10-06,San Diego,73,3302833,50898,48823,0,48823,806
2020-10-06,San Francisco,75,870044,11680,11513,37,11550,115
2020-10-06,San Joaquin,77,732212,20846,20481,79,20560,477
2020-10-06,San Luis Obispo,79,281455,3911,3723,15,3738,32
2020-10-06,San Mateo,81,765935,10667,9934,7,9941,129
2020-10-06,Santa Barbara,83,443738,9833,9331,69,9400,116
2020-10-06,Santa Clara,85,1922200,22953,21914,30,21944,320
2020-10-06,Santa Cruz,87,273765,2595,2510,34,2544,12
2020-10-06,Shasta,89,179085,1643,1242,15,1257,18
2020-10-06,Sierra,91,2930,6,6,0,6,0
2020-10-06,Siskiyou,93,43540,167,154,10,164,0
2020-10-06,Solano,95,438530,6718,6506,41,6547,52
2020-10-06,Sonoma,97,501317,8425,7895,21,7916,130
2020-10-06,Stanislaus,99,539301,16893,16759,616,17375,354
2020-10-06,Sutter,101,95872,1749,1722,1,1723,12
2020-10-06,Tehama,103,63373,697,660,1,661,3
2020-10-06,Trinity,105,12862,31,25,5,30,0
2020-10-06,Tulare,107,460477,16872,16456,195,16651,280
2020-10-06,Tuolumne,109,53932,243,227,2,229,2
2020-10-06,Ventura,111,848112,13791,13242,261,13503,150
2020-10-06,Yolo,113,214977,2960,2899,6,2905,56
2020-10-06,Yuba,115,75493,1145,1114,5,1119,10
2020-10-05,Alameda,1,1643700,22113,21637,205,21842,383
2020-10-05,Alpine,3,1148,4,2,0,2,0
2020-10-05,Amador,5,37829,304,299,0,299,16
2020-10-05,Butte,7,227075,3003,2910,20,2930,46
2020-10-05,Calaveras,9,45235,315,259,0,259,11
2020-10-05,Colusa,11,21464,538,537,0,537,6
2020-10-05,Contra Costa,13,1133247,17766,17250,89,17339,216
2020-10-05,Del Norte,15,27424,161,142,0,142,2
2020-10-05,El Dorado,17,186661,1267,1202,2,1204,4
2020-10-05,Fresno,19,978130,31351,29136,381,29517,408
2020-10-05,Glenn,21,27897,625,603,0,603,3
2020-10-05,Humboldt,23,135768,522,506,1,507,6
2020-10-05,Imperial,25,180216,12166,11169,8,11177,327
2020-10-05,Inyo,27,18085,201,197,1,198,14
2020-10-05,Kern,29,883053,32609,31933,353,32286,404
2020-10-05,Kings,31,150075,8074,7932,46,7978,80
2020-10-05,Lake,33,64148,638,592,0,592,10
2020-10-05,Lassen,35,31185,753,743,2,745,0
2020-10-05,Los Angeles,37,10098052,279293,273200,2260,275460,6632
2020-10-05,Madera,39,155013,4735,4598,27,4625,50
2020-10-05,Marin,41,260295,6881,6751,18,6769,91
2020-10-05,Mariposa,43,17540,78,75,0,75,2
2020-10-05,Mendocino,45,87422,965,913,2,915,19
2020-10-05,Merced,47,269075,9122,9021,21,9042,143
2020-10-05,Modoc,49,8938,29,26,0,26,0
2020-10-05,Mono,51,14174,172,152,2,154,1
2020-10-05,Monterey,53,433212,10439,10187,39,10226,72
2020-10-05,Napa,55,140530,1818,1760,5,1765,11
2020-10-05,Nevada,57,99092,571,550,15,565,6
2020-10-05,Orange,59,3164182,56654,54103,1568,55671,1271
2020-10-05,Placer,61,380077,3822,3670,13,3683,46
2020-10-05,Plumas,63,18699,51,49,0,49,0
2020-10-05,Riverside,65,2383286,61847,60454,207,60661,1232
2020-10-05,Sacramento,67,1510023,23610,23207,20,23227,438
2020-10-05,San Benito,69,59416,1363,1356,0,1356,12
2020-10-05,San Bernardino,71,2135413,57371,55100,62,55162,1031
2020-10-05,San Diego,73,3302833,50562,48662,0,48662,803
2020-10-05,San Francisco,75,870044,11641,11476,34,11510,110
2020-10-05,San Joaquin,77,732212,20775,20319,76,20395,476
2020-10-05,San Luis Obispo,79,281455,3885,3710,15,3725,32
2020-10-05,San Mateo,81,765935,10640,9896,7,9903,128
2020-10-05,Santa Barbara,83,443738,9811,9309,69,9378,116
2020-10-05,Santa Clara,85,1922200,22838,21861,30,21891,319
2020-10-05,Santa Cruz,87,273765,2583,2492,34,2526,9
2020-10-05,Shasta,89,179085,1610,1158,15,1173,18
2020-10-05,Sierra,91,2930,6,6,0,6,0
2020-10-05,Siskiyou,93,43540,167,153,10,163,0
2020-10-05,Solano,95,438530,6679,6475,41,6516,52
2020-10-05,Sonoma,97,501317,8333,7817,21,7838,130
2020-10-05,Stanislaus,99,539301,16858,16730,609,17339,351
2020-10-05,Sutter,101,95872,1741,1719,1,1720,12
2020-10-05,Tehama,103,63373,689,642,1,643,3
2020-10-05,Trinity,105,12862,31,22,5,27,0
2020-10-05,Tulare,107,460477,16814,16343,191,16534,278
2020-10-05,Tuolumne,109,53932,240,226,2,228,2
2020-10-05,Ventura,111,848112,13724,13224,239,13463,149
2020-10-05,Yolo,113,214977,2941,2889,6,2895,56
2020-10-05,Yuba,115,75493,1132,1108,5,1113,9
2020-10-04,Alameda,1,1643700,22018,21597,205,21802,383
2020-10-04,Alpine,3,1148,4,2,0,2,0
2020-10-04,Amador,5,37829,302,297,0,297,16
2020-10-04,Butte,7,227075,2989,2903,20,2923,46
2020-10-04,Calaveras,9,45235,315,259,0,259,11
2020-10-04,Colusa,11,21464,537,537,0,537,6
2020-10-04,Contra Costa,13,1133247,17701,17192,89,17281,214
2020-10-04,Del Norte,15,27424,157,142,0,142,2
2020-10-04,El Dorado,17,186661,1263,1196,2,1198,4
2020-10-04,Fresno,19,978130,31228,29065,381,29446,408
2020-10-04,Glenn,21,27897,623,601,0,601,3
2020-10-04,Humboldt,23,135768,521,506,1,507,6
2020-10-04,Imperial,25,180216,12126,11127,8,11135,327
2020-10-04,Inyo,27,18085,198,195,1,196,14
2020-10-04,Kern,29,883053,32535,31906,351,32257,404
2020-10-04,Kings,31,150075,8059,7919,46,7965,80
2020-10-04,Lake,33,64148,624,589,0,589,10
2020-10-04,Lassen,35,31185,753,743,2,745,0
2020-10-04,Los Angeles,37,10098052,277912,272822,2209,275031,6625
2020-10-04,Madera,39,155013,4719,4587,27,4614,50
2020-10-04,Marin,41,260295,6861,6741,18,6759,91
2020-10-04,Mariposa,43,17540,78,75,0,75,2
2020-10-04,Mendocino,45,87422,952,905,2,907,18
2020-10-04,Merced,47,269075,9097,9006,21,9027,140
2020-10-04,Modoc,49,8938,29,26,0,26,0
2020-10-04,Mono,51,14174,171,152,1,153,1
2020-10-04,Monterey,53,433212,10398,10141,38,10179,72
2020-10-04,Napa,55,140530,1806,1759,5,1764,11
2020-10-04,Nevada,57,99092,567,547,14,561,6
2020-10-04,Orange,59,3164182,56418,53966,1559,55525,1270
2020-10-04,Placer,61,380077,3801,3664,13,3677,46
2020-10-04,Plumas,63,18699,51,49,0,49,0
2020-10-04,Riverside,65,2383286,61561,60251,202,60453,1226
2020-10-04,Sacramento,67,1510023,23497,23162,20,23182,438
2020-10-04,San Benito,69,59416,1363,1355,0,1355,12
2020-10-04,San Bernardino,71,2135413,56927,55100,62,55162,1031
2020-10-04,San Diego,73,3302833,50196,48438,0,48438,803
2020-10-04,San Francisco,75,870044,11609,11474,32,11506,110
2020-10-04,San Joaquin,77,732212,20698,20320,70,20390,476
2020-10-04,San Luis Obispo,79,281455,3860,3688,15,3703,31
2020-10-04,San Mateo,81,765935,10579,9858,7,9865,128
2020-10-04,Santa Barbara,83,443738,9785,9276,67,9343,116
2020-10-04,Santa Clara,85,1922200,22702,21780,30,21810,316
2020-10-04,Santa Cruz,87,273765,2567,2483,34,2517,9
2020-10-04,Shasta,89,179085,1512,1158,14,1172,18
2020-10-04,Sierra,91,2930,6,6,0,6,0
2020-10-04,Siskiyou,93,43540,167,153,10,163,0
2020-10-04,Solano,95,438530,6628,6445,41,6486,52
2020-10-04,Sonoma,97,501317,8245,7794,21,7815,129
2020-10-04,Stanislaus,99,539301,16808,16711,600,17311,351
2020-10-04,Sutter,101,95872,1736,1711,1,1712,11
2020-10-04,Tehama,103,63373,674,637,1,638,3
2020-10-04,Trinity,105,12862,31,21,5,26,0
2020-10-04,Tulare,107,460477,16740,16343,179,16522,278
2020-10-04,Tuolumne,109,53932,238,226,2,228,2
2020-10-04,Ventura,111,848112,13642,13197,222,13419,149
2020-10-04,Yolo,113,214977,2930,2875,6,2881,56
2020-10-04,Yuba,115,75493,1128,1103,5,1108,9
2020-10-03,Alameda,1,1643700,21974,21510,204,21714,386
2020-10-03,Alpine,3,1148,4,2,0,2,0
2020-10-03,Amador,5,37829,301,296,0,296,16
2020-10-03,Butte,7,227075,2983,2894,20,2914,46
2020-10-03,Calaveras,9,45235,315,259,0,259,11
2020-10-03,Colusa,11,21464,536,537,0,537,6
2020-10-03,Contra Costa,13,1133247,17651,17087,87,17174,213
2020-10-03,Del Norte,15,27424,153,142,0,142,2
2020-10-03,El Dorado,17,186661,1256,1188,2,1190,4
2020-10-03,Fresno,19,978130,31169,28975,380,29355,408
2020-10-03,Glenn,21,27897,621,601,0,601,3
2020-10-03,Humboldt,23,135768,520,504,1,505,6
2020-10-03,Imperial,25,180216,12103,11090,8,11098,327
2020-10-03,Inyo,27,18085,198,194,1,195,14
2020-10-03,Kern,29,883053,32486,31864,348,32212,403
2020-10-03,Kings,31,150075,8055,7887,46,7933,80
2020-10-03,Lake,33,64148,614,588,0,588,10
2020-10-03,Lassen,35,31185,753,743,2,745,0
2020-10-03,Los Angeles,37,10098052,277208,271869,2179,274048,6620
2020-10-03,Madera,39,155013,4702,4565,27,4592,50
2020-10-03,Marin,41,260295,6855,6728,18,6746,91
2020-10-03,Mariposa,43,17540,78,75,0,75,2
2020-10-03,Mendocino,45,87422,950,898,2,900,18
2020-10-03,Merced,47,269075,9084,8986,21,9007,139
2020-10-03,Modoc,49,8938,29,26,0,26,0
2020-10-03,Mono,51,14174,171,152,1,153,1
2020-10-03,Monterey,53,433212,10364,10092,35,10127,72
2020-10-03,Napa,55,140530,1802,1752,5,1757,11
2020-10-03,Nevada,57,99092,565,544,14,558,6
2020-10-03,Orange,59,3164182,56302,53573,1554,55127,1268
2020-10-03,Placer,61,380077,3790,3648,13,3661,47
2020-10-03,Plumas,63,18699,51,48,0,48,0
2020-10-03,Riverside,65,2383286,61406,59991,201,60192,1226
2020-10-03,Sacramento,67,1510023,23446,23076,20,23096,437
2020-10-03,San Benito,69,59416,1363,1351,0,1351,12
2020-10-03,San Bernardino,71,2135413,56755,55004,62,55066,1031
2020-10-03,San Diego,73,3302833,49965,48202,0,48202,798
2020-10-03,San Francisco,75,870044,11584,11475,30,11505,110
2020-10-03,San Joaquin,77,732212,20672,20322,70,20392,476
2020-10-03,San Luis Obispo,79,281455,3836,3670,15,3685,31
2020-10-03,San Mateo,81,765935,10553,9822,6,9828,128
2020-10-03,Santa Barbara,83,443738,9772,9256,67,9323,116
2020-10-03,Santa Clara,85,1922200,22622,21672,30,21702,309
2020-10-03,Santa Cruz,87,273765,2559,2476,34,2510,9
2020-10-03,Shasta,89,179085,1484,1117,13,1130,18
2020-10-03,Sierra,91,2930,6,6,0,6,0
2020-10-03,Siskiyou,93,43540,167,152,10,162,0
2020-10-03,Solano,95,438530,6602,6419,41,6460,52
2020-10-03,Sonoma,97,501317,8202,7747,21,7768,129
2020-10-03,Stanislaus,99,539301,16775,16645,596,17241,351
2020-10-03,Sutter,101,95872,1732,1705,1,1706,11
2020-10-03,Tehama,103,63373,668,630,1,631,3
2020-10-03,Trinity,105,12862,31,15,5,20,0
2020-10-03,Tulare,107,460477,16698,16322,174,16496,278
2020-10-03,Tuolumne,109,53932,237,224,2,226,2
2020-10-03,Ventura,111,848112,13603,13150,218,13368,148
2020-10-03,Yolo,113,214977,2923,2863,6,2869,56
2020-10-03,Yuba,115,75493,1120,1097,5,1102,8
2020-10-02,Alameda,1,1643700,21920,21404,203,21607,382
2020-10-02,Alpine,3,1148,4,2,0,2,0
2020-10-02,Amador,5,37829,300,296,0,296,16
2020-10-02,Butte,7,227075,2973,2879,20,2899,46
2020-10-02,Calaveras,9,45235,314,259,0,259,11
2020-10-02,Colusa,11,21464,535,537,0,537,6
2020-10-02,Contra Costa,13,1133247,17608,17002,87,17089,213
2020-10-02,Del Norte,15,27424,152,141,0,141,2
2020-10-02,El Dorado,17,186661,1249,1168,2,1170,4
2020-10-02,Fresno,19,978130,31086,28855,380,29235,403
2020-10-02,Glenn,21,27897,616,594,0,594,3
2020-10-02,Humboldt,23,135768,519,503,1,504,6
2020-10-02,Imperial,25,180216,12081,11024,8,11032,327
2020-10-02,Inyo,27,18085,196,191,1,192,14
2020-10-02,Kern,29,883053,32434,31790,346,32136,399
2020-10-02,Kings,31,150075,8046,7716,46,7762,79
2020-10-02,Lake,33,64148,608,579,0,579,10
2020-10-02,Lassen,35,31185,753,742,2,744,0
2020-10-02,Los Angeles,37,10098052,276307,270935,2150,273085,6602
2020-10-02,Madera,39,155013,4693,4537,27,4564,49
2020-10-02,Marin,41,260295,6838,6717,18,6735,91
2020-10-02,Mariposa,43,17540,78,75,0,75,2
2020-10-02,Mendocino,45,87422,946,883,2,885,18
2020-10-02,Merced,47,269075,9074,8961,21,8982,139
2020-10-02,Modoc,49,8938,29,26,0,26,0
2020-10-02,Mono,51,14174,171,150,1,151,1
2020-10-02,Monterey,53,433212,10330,9997,35,10032,71
2020-10-02,Napa,55,140530,1796,1737,5,1742,11
2020-10-02,Nevada,57,99092,562,543,14,557,6
2020-10-02,Orange,59,3164182,56171,53299,1547,54846,1262
2020-10-02,Placer,61,380077,3770,3612,13,3625,46
2020-10-02,Plumas,63,18699,51,48,0,48,0
2020-10-02,Riverside,65,2383286,61185,59673,198,59871,1223
2020-10-02,Sacramento,67,1510023,23383,22818,20,22838,436
2020-10-02,San Benito,69,59416,1359,1347,0,1347,12
2020-10-02,San Bernardino,71,2135413,56568,54613,62,54675,1028
2020-10-02,San Diego,73,3302833,49713,47793,0,47793,794
2020-10-02,San Francisco,75,870044,11561,11398,30,11428,110
2020-10-02,San Joaquin,77,732212,20639,20235,68,20303,474
2020-10-02,San Luis Obispo,79,281455,3813,3654,15,3669,31
2020-10-02,San Mateo,81,765935,10512,9745,6,9751,128
2020-10-02,Santa Barbara,83,443738,9750,9234,67,9301,116
2020-10-02,Santa Clara,85,1922200,22541,21545,30,21575,305
2020-10-02,Santa Cruz,87,273765,2542,2463,34,2497,9
2020-10-02,Shasta,89,179085,1449,1046,13,1059,18
2020-10-02,Sierra,91,2930,6,6,0,6,0
2020-10-02,Siskiyou,93,43540,167,151,10,161,0
2020-10-02,Solano,95,438530,6572,6385,41,6426,52
2020-10-02,Sonoma,97,501317,8145,7662,21,7683,125
2020-10-02,Stanislaus,99,539301,16735,16609,587,17196,349
2020-10-02,Sutter,101,95872,1731,1693,1,1694,11
2020-10-02,Tehama,103,63373,663,619,1,620,3
2020-10-02,Trinity,105,12862,31,15,5,20,0
2020-10-02,Tulare,107,460477,16658,16245,167,16412,278
2020-10-02,Tuolumne,109,53932,235,225,2,227,2
2020-10-02,Ventura,111,848112,13566,13120,212,13332,146
2020-10-02,Yolo,113,214977,2918,2845,6,2851,55
2020-10-02,Yuba,115,75493,1118,1090,5,1095,8
2020-10-01,Alameda,1,1643700,21860,21349,200,21549,383
2020-10-01,Alpine,3,1148,4,2,0,2,0
2020-10-01,Amador,5,37829,300,294,0,294,16
2020-10-01,Butte,7,227075,2965,2865,20,2885,45
2020-10-01,Calaveras,9,45235,314,257,0,257,11
2020-10-01,Colusa,11,21464,535,536,0,536,6
2020-10-01,Contra Costa,13,1133247,17546,16898,87,16985,211
2020-10-01,Del Norte,15,27424,147,140,0,140,2
2020-10-01,El Dorado,17,186661,1245,1162,1,1163,4
2020-10-01,Fresno,19,978130,31006,28796,378,29174,397
2020-10-01,Glenn,21,27897,612,593,0,593,3
2020-10-01,Humboldt,23,135768,519,499,1,500,6
2020-10-01,Imperial,25,180216,12038,10928,8,10936,325
2020-10-01,Inyo,27,18085,196,191,1,192,14
2020-10-01,Kern,29,883053,32371,31678,341,32019,399
2020-10-01,Kings,31,150075,8035,7688,43,7731,79
2020-10-01,Lake,33,64148,602,572,0,572,11
2020-10-01,Lassen,35,31185,750,742,2,744,0
2020-10-01,Los Angeles,37,10098052,275268,271513,2113,273626,6621
2020-10-01,Madera,39,155013,4670,4508,27,4535,48
2020-10-01,Marin,41,260295,6824,6710,18,6728,92
2020-10-01,Mariposa,43,17540,78,76,0,76,2
2020-10-01,Mendocino,45,87422,941,874,2,876,19
2020-10-01,Merced,47,269075,9046,8942,21,8963,138
2020-10-01,Modoc,49,8938,29,26,0,26,0
2020-10-01,Mono,51,14174,169,150,1,151,1
2020-10-01,Monterey,53,433212,10254,9958,35,9993,71
2020-10-01,Napa,55,140530,1788,1729,5,1734,11
2020-10-01,Nevada,57,99092,561,543,14,557,6
2020-10-01,Orange,59,3164182,56006,53088,1534,54622,1257
2020-10-01,Placer,61,380077,3742,3599,13,3612,45
2020-10-01,Plumas,63,18699,51,48,0,48,0
2020-10-01,Riverside,65,2383286,60935,59293,191,59484,1223
2020-10-01,Sacramento,67,1510023,23272,22714,19,22733,433
2020-10-01,San Benito,69,59416,1357,1346,0,1346,12
2020-10-01,San Bernardino,71,2135413,56274,54350,60,54410,1021
2020-10-01,San Diego,73,3302833,49431,47487,0,47487,792
2020-10-01,San Francisco,75,870044,11530,11284,28,11312,110
2020-10-01,San Joaquin,77,732212,20592,20204,65,20269,471
2020-10-01,San Luis Obispo,79,281455,3786,3625,15,3640,31
2020-10-01,San Mateo,81,765935,10467,9681,6,9687,128
2020-10-01,Santa Barbara,83,443738,9708,9215,67,9282,118
2020-10-01,Santa Clara,85,1922200,22440,21398,30,21428,305
2020-10-01,Santa Cruz,87,273765,2527,2418,34,2452,10
2020-10-01,Shasta,89,179085,1398,991,13,1004,18
2020-10-01,Sierra,91,2930,6,6,0,6,0
2020-10-01,Siskiyou,93,43540,164,150,10,160,0
2020-10-01,Solano,95,438530,6534,6352,41,6393,52
2020-10-01,Sonoma,97,501317,8078,7569,21,7590,125
2020-10-01,Stanislaus,99,539301,16702,16555,581,17136,346
2020-10-01,Sutter,101,95872,1726,1684,1,1685,11
2020-10-01,Tehama,103,63373,653,606,1,607,3
2020-10-01,Trinity,105,12862,31,15,5,20,0
2020-10-01,Tulare,107,460477,16585,16182,164,16346,275
2020-10-01,Tuolumne,109,53932,235,223,2,225,2
2020-10-01,Ventura,111,848112,13517,13057,196,13253,146
2020-10-01,Yolo,113,214977,2900,2833,6,2839,55
2020-10-01,Yuba,115,75493,1114,1082,5,1087,8
2020-09-30,Alameda,1,1643700,21783,21271,196,21467,380
2020-09-30,Alpine,3,1148,4,2,0,2,0
2020-09-30,Amador,5,37829,300,294,0,294,16
2020-09-30,Butte,7,227075,2957,2858,20,2878,44
2020-09-30,Calaveras,9,45235,313,258,0,258,11
2020-09-30,Colusa,11,21464,534,534,0,534,6
2020-09-30,Contra Costa,13,1133247,17477,16819,87,16906,211
2020-09-30,Del Norte,15,27424,146,140,0,140,2
2020-09-30,El Dorado,17,186661,1233,1157,1,1158,4
2020-09-30,Fresno,19,978130,30915,28706,375,29081,395
2020-09-30,Glenn,21,27897,607,592,0,592,3
2020-09-30,Humboldt,23,135768,517,497,1,498,6
2020-09-30,Imperial,25,180216,12013,10868,8,10876,287
2020-09-30,Inyo,27,18085,196,189,0,189,14
2020-09-30,Kern,29,883053,32298,31601,340,31941,398
2020-09-30,Kings,31,150075,8006,7685,43,7728,79
2020-09-30,Lake,33,64148,596,567,0,567,10
2020-09-30,Lassen,35,31185,747,742,2,744,0
2020-09-30,Los Angeles,37,10098052,274031,270260,2079,272339,6568
2020-09-30,Madera,39,155013,4661,4477,27,4504,47
2020-09-30,Marin,41,260295,6800,6700,17,6717,91
2020-09-30,Mariposa,43,17540,78,76,0,76,2
2020-09-30,Mendocino,45,87422,935,867,2,869,17
2020-09-30,Merced,47,269075,9026,8926,21,8947,136
2020-09-30,Modoc,49,8938,29,26,0,26,0
2020-09-30,Mono,51,14174,169,150,1,151,1
2020-09-30,Monterey,53,433212,10204,9898,34,9932,70
2020-09-30,Napa,55,140530,1774,1728,5,1733,11
2020-09-30,Nevada,57,99092,559,540,14,554,6
2020-09-30,Orange,59,3164182,55815,52916,1518,54434,1251
2020-09-30,Placer,61,380077,3721,3585,13,3598,43
2020-09-30,Plumas,63,18699,51,48,0,48,0
2020-09-30,Riverside,65,2383286,60583,59074,186,59260,1220
2020-09-30,Sacramento,67,1510023,23170,22613,19,22632,429
2020-09-30,San Benito,69,59416,1354,1342,0,1342,12
2020-09-30,San Bernardino,71,2135413,55998,53988,60,54048,1018
2020-09-30,San Diego,73,3302833,49129,47182,0,47182,783
2020-09-30,San Francisco,75,870044,11500,11247,28,11275,106
2020-09-30,San Joaquin,77,732212,20509,20150,63,20213,461
2020-09-30,San Luis Obispo,79,281455,3761,3597,15,3612,31
2020-09-30,San Mateo,81,765935,10425,9634,6,9640,128
2020-09-30,Santa Barbara,83,443738,9683,9186,67,9253,115
2020-09-30,Santa Clara,85,1922200,22335,21318,30,21348,302
2020-09-30,Santa Cruz,87,273765,2514,2405,34,2439,10
2020-09-30,Shasta,89,179085,1342,976,13,989,17
2020-09-30,Sierra,91,2930,6,6,0,6,0
2020-09-30,Siskiyou,93,43540,162,150,10,160,0
2020-09-30,Solano,95,438530,6492,6315,41,6356,51
2020-09-30,Sonoma,97,501317,7990,7494,21,7515,125
2020-09-30,Stanislaus,99,539301,16655,16531,575,17106,343
2020-09-30,Sutter,101,95872,1710,1680,1,1681,10
2020-09-30,Tehama,103,63373,647,594,1,595,3
2020-09-30,Trinity,105,12862,28,15,5,20,0
2020-09-30,Tulare,107,460477,16519,16117,157,16274,274
2020-09-30,Tuolumne,109,53932,233,224,2,226,2
2020-09-30,Ventura,111,848112,13482,12968,180,13148,145
2020-09-30,Yolo,113,214977,2887,2822,6,2828,55
2020-09-30,Yuba,115,75493,1111,1075,5,1080,8
2020-09-29,Alameda,1,1643700,21707,21241,192,21433,374
2020-09-29,Alpine,3,1148,4,2,0,2,0
2020-09-29,Amador,5,37829,298,294,0,294,16
2020-09-29,Butte,7,227075,2943,2848,20,2868,44
2020-09-29,Calaveras,9,45235,311,261,0,261,11
2020-09-29,Colusa,11,21464,534,534,0,534,6
2020-09-29,Contra Costa,13,1133247,17422,16716,85,16801,209
2020-09-29,Del Norte,15,27424,142,142,0,142,2
2020-09-29,El Dorado,17,186661,1224,1151,1,1152,4
2020-09-29,Fresno,19,978130,30821,28621,374,28995,394
2020-09-29,Glenn,21,27897,603,589,0,589,3
2020-09-29,Humboldt,23,135768,515,497,1,498,6
2020-09-29,Imperial,25,180216,11979,10811,8,10819,283
2020-09-29,Inyo,27,18085,195,188,0,188,14
2020-09-29,Kern,29,883053,32243,31534,339,31873,397
2020-09-29,Kings,31,150075,7950,7681,42,7723,78
2020-09-29,Lake,33,64148,594,566,0,566,11
2020-09-29,Lassen,35,31185,747,741,2,743,0
2020-09-29,Los Angeles,37,10098052,272813,269246,2049,271295,6545
2020-09-29,Madera,39,155013,4637,4453,27,4480,47
2020-09-29,Marin,41,260295,6779,6692,17,6709,91
2020-09-29,Mariposa,43,17540,78,74,0,74,2
2020-09-29,Mendocino,45,87422,925,854,2,856,17
2020-09-29,Merced,47,269075,9013,8892,19,8911,136
2020-09-29,Modoc,49,8938,29,26,0,26,0
2020-09-29,Mono,51,14174,169,149,1,150,1
2020-09-29,Monterey,53,433212,10149,9826,32,9858,70
2020-09-29,Napa,55,140530,1771,1727,5,1732,11
2020-09-29,Nevada,57,99092,554,539,14,553,6
2020-09-29,Orange,59,3164182,55629,52755,1507,54262,1231
2020-09-29,Placer,61,380077,3700,3570,13,3583,42
2020-09-29,Plumas,63,18699,51,48,0,48,0
2020-09-29,Riverside,65,2383286,60254,58863,177,59040,1208
2020-09-29,Sacramento,67,1510023,23049,22547,19,22566,425
2020-09-29,San Benito,69,59416,1349,1341,0,1341,12
2020-09-29,San Bernardino,71,2135413,55691,53753,60,53813,1012
2020-09-29,San Diego,73,3302833,48854,46987,0,46987,781
2020-09-29,San Francisco,75,870044,11464,11142,28,11170,104
2020-09-29,San Joaquin,77,732212,20444,20094,61,20155,454
2020-09-29,San Luis Obispo,79,281455,3741,3581,15,3596,31
2020-09-29,San Mateo,81,765935,10379,9619,6,9625,127
2020-09-29,Santa Barbara,83,443738,9663,9149,66,9215,114
2020-09-29,Santa Clara,85,1922200,22202,21233,29,21262,302
2020-09-29,Santa Cruz,87,273765,2499,2383,33,2416,10
2020-09-29,Shasta,89,179085,1281,943,13,956,17
2020-09-29,Sierra,91,2930,6,6,0,6,0
2020-09-29,Siskiyou,93,43540,156,150,10,160,0
2020-09-29,Solano,95,438530,6458,6303,41,6344,51
2020-09-29,Sonoma,97,501317,7918,7426,21,7447,125
2020-09-29,Stanislaus,99,539301,16625,16505,569,17074,341
2020-09-29,Sutter,101,95872,1704,1677,1,1678,10
2020-09-29,Tehama,103,63373,629,585,1,586,2
2020-09-29,Trinity,105,12862,28,16,5,21,0
2020-09-29,Tulare,107,460477,16456,16055,148,16203,270
2020-09-29,Tuolumne,109,53932,233,224,2,226,2
2020-09-29,Ventura,111,848112,13427,12875,177,13052,145
2020-09-29,Yolo,113,214977,2874,2818,6,2824,55
2020-09-29,Yuba,115,75493,1109,1071,5,1076,8
2020-09-28,Alameda,1,1643700,21622,21133,192,21325,370
2020-09-28,Alpine,3,1148,4,2,0,2,0
2020-09-28,Amador,5,37829,296,294,0,294,16
2020-09-28,Butte,7,227075,2928,2837,20,2857,44
2020-09-28,Calaveras,9,45235,311,257,0,257,11
2020-09-28,Colusa,11,21464,533,531,0,531,6
2020-09-28,Contra Costa,13,1133247,17357,16653,85,16738,195
2020-09-28,Del Norte,15,27424,142,138,0,138,2
2020-09-28,El Dorado,17,186661,1217,1144,1,1145,4
2020-09-28,Fresno,19,978130,30739,28517,367,28884,389
2020-09-28,Glenn,21,27897,601,585,0,585,3
2020-09-28,Humboldt,23,135768,509,495,1,496,6
2020-09-28,Imperial,25,180216,11945,10777,8,10785,283
2020-09-28,Inyo,27,18085,194,188,0,188,14
2020-09-28,Kern,29,883053,32178,31481,334,31815,395
2020-09-28,Kings,31,150075,7809,7661,40,7701,78
2020-09-28,Lake,33,64148,590,559,0,559,10
2020-09-28,Lassen,35,31185,746,737,2,739,0
2020-09-28,Los Angeles,37,10098052,271699,268404,2018,270422,6508
2020-09-28,Madera,39,155013,4616,4438,27,4465,47
2020-09-28,Marin,41,260295,6763,6676,17,6693,91
2020-09-28,Mariposa,43,17540,78,74,0,74,2
2020-09-28,Mendocino,45,87422,910,850,2,852,17
2020-09-28,Merced,47,269075,8985,8869,19,8888,136
2020-09-28,Modoc,49,8938,29,26,0,26,0
2020-09-28,Mono,51,14174,169,148,1,149,1
2020-09-28,Monterey,53,433212,10085,9780,30,9810,69
2020-09-28,Napa,55,140530,1759,1705,5,1710,11
2020-09-28,Nevada,57,99092,546,538,14,552,6
2020-09-28,Orange,59,3164182,55424,52633,1498,54131,1196
2020-09-28,Placer,61,380077,3680,3572,13,3585,42
2020-09-28,Plumas,63,18699,50,48,0,48,0
2020-09-28,Riverside,65,2383286,59955,58570,168,58738,1198
2020-09-28,Sacramento,67,1510023,22901,22392,19,22411,423
2020-09-28,San Benito,69,59416,1346,1336,0,1336,11
2020-09-28,San Bernardino,71,2135413,55349,53501,60,53561,988
2020-09-28,San Diego,73,3302833,48536,46736,0,46736,776
2020-09-28,San Francisco,75,870044,11430,11114,28,11142,100
2020-09-28,San Joaquin,77,732212,20395,19982,60,20042,448
2020-09-28,San Luis Obispo,79,281455,3720,3567,15,3582,31
2020-09-28,San Mateo,81,765935,10329,9582,6,9588,127
2020-09-28,Santa Barbara,83,443738,9646,9121,66,9187,114
2020-09-28,Santa Clara,85,1922200,22086,21180,29,21209,271
2020-09-28,Santa Cruz,87,273765,2489,2359,33,2392,9
2020-09-28,Shasta,89,179085,1227,883,10,893,17
2020-09-28,Sierra,91,2930,6,6,0,6,0
2020-09-28,Siskiyou,93,43540,156,149,10,159,0
2020-09-28,Solano,95,438530,6422,6254,41,6295,51
2020-09-28,Sonoma,97,501317,7842,7369,21,7390,125
2020-09-28,Stanislaus,99,539301,16585,16467,562,17029,336
2020-09-28,Sutter,101,95872,1697,1676,1,1677,10
2020-09-28,Tehama,103,63373,621,579,1,580,2
2020-09-28,Trinity,105,12862,28,16,5,21,0
2020-09-28,Tulare,107,460477,16404,15918,142,16060,270
2020-09-28,Tuolumne,109,53932,233,225,2,227,2
2020-09-28,Ventura,111,848112,13351,12812,170,12982,139
2020-09-28,Yolo,113,214977,2857,2809,6,2815,55
2020-09-28,Yuba,115,75493,1106,1062,5,1067,7
2020-09-27,Alameda,1,1643700,21542,21077,187,21264,370
2020-09-27,Alpine,3,1148,4,2,0,2,0
2020-09-27,Amador,5,37829,296,291,0,291,16
2020-09-27,Butte,7,227075,2917,2833,19,2852,44
2020-09-27,Calaveras,9,45235,310,257,0,257,11
2020-09-27,Colusa,11,21464,532,531,0,531,6
2020-09-27,Contra Costa,13,1133247,17255,16596,84,16680,195
2020-09-27,Del Norte,15,27424,142,138,0,138,2
2020-09-27,El Dorado,17,186661,1202,1130,1,1131,4
2020-09-27,Fresno,19,978130,30634,28441,366,28807,389
2020-09-27,Glenn,21,27897,597,576,0,576,3
2020-09-27,Humboldt,23,135768,507,492,1,493,6
2020-09-27,Imperial,25,180216,11911,10743,8,10751,283
2020-09-27,Inyo,27,18085,192,188,0,188,14
2020-09-27,Kern,29,883053,32059,31462,331,31793,395
2020-09-27,Kings,31,150075,7789,7641,40,7681,78
2020-09-27,Lake,33,64148,586,555,0,555,10
2020-09-27,Lassen,35,31185,746,737,2,739,0
2020-09-27,Los Angeles,37,10098052,270525,267754,1996,269750,6507
2020-09-27,Madera,39,155013,4587,4416,27,4443,47
2020-09-27,Marin,41,260295,6753,6663,17,6680,91
2020-09-27,Mariposa,43,17540,78,74,0,74,2
2020-09-27,Mendocino,45,87422,904,846,2,848,17
2020-09-27,Merced,47,269075,8951,8853,19,8872,136
2020-09-27,Modoc,49,8938,29,26,0,26,0
2020-09-27,Mono,51,14174,169,148,1,149,1
2020-09-27,Monterey,53,433212,10025,9724,29,9753,69
2020-09-27,Napa,55,140530,1754,1690,5,1695,11
2020-09-27,Nevada,57,99092,545,537,14,551,6
2020-09-27,Orange,59,3164182,55152,52458,1488,53946,1195
2020-09-27,Placer,61,380077,3667,3562,13,3575,42
2020-09-27,Plumas,63,18699,50,48,0,48,0
2020-09-27,Riverside,65,2383286,59659,58509,160,58669,1191
2020-09-27,Sacramento,67,1510023,22805,22356,18,22374,422
2020-09-27,San Benito,69,59416,1346,1331,0,1331,11
2020-09-27,San Bernardino,71,2135413,54913,53127,60,53187,988
2020-09-27,San Diego,73,3302833,48192,46612,0,46612,776
2020-09-27,San Francisco,75,870044,11374,11114,28,11142,100
2020-09-27,San Joaquin,77,732212,20335,19981,60,20041,448
2020-09-27,San Luis Obispo,79,281455,3699,3562,15,3577,31
2020-09-27,San Mateo,81,765935,10261,9566,6,9572,127
2020-09-27,Santa Barbara,83,443738,9625,9090,65,9155,114
2020-09-27,Santa Clara,85,1922200,21977,21091,29,21120,271
2020-09-27,Santa Cruz,87,273765,2467,2359,33,2392,9
2020-09-27,Shasta,89,179085,1184,883,9,892,17
2020-09-27,Sierra,91,2930,6,6,0,6,0
2020-09-27,Siskiyou,93,43540,155,149,10,159,0
2020-09-27,Solano,95,438530,6387,6211,41,6252,51
2020-09-27,Sonoma,97,501317,7761,7336,21,7357,124
2020-09-27,Stanislaus,99,539301,16535,16448,555,17003,336
2020-09-27,Sutter,101,95872,1690,1672,1,1673,10
2020-09-27,Tehama,103,63373,604,573,1,574,2
2020-09-27,Trinity,105,12862,28,16,5,21,0
2020-09-27,Tulare,107,460477,16328,15918,132,16050,270
2020-09-27,Tuolumne,109,53932,232,224,2,226,2
2020-09-27,Ventura,111,848112,13266,12775,161,12936,139
2020-09-27,Yolo,113,214977,2843,2796,6,2802,55
2020-09-27,Yuba,115,75493,1096,1059,5,1064,7
2020-09-26,Alameda,1,1643700,21485,21019,186,21205,370
2020-09-26,Alpine,3,1148,4,2,0,2,0
2020-09-26,Amador,5,37829,295,291,0,291,16
2020-09-26,Butte,7,227075,2909,2827,19,2846,44
2020-09-26,Calaveras,9,45235,310,257,0,257,11
2020-09-26,Colusa,11,21464,532,529,0,529,6
2020-09-26,Contra Costa,13,1133247,17213,16508,84,16592,194
2020-09-26,Del Norte,15,27424,142,138,0,138,2
2020-09-26,El Dorado,17,186661,1197,1127,1,1128,4
2020-09-26,Fresno,19,978130,30567,28336,366,28702,389
2020-09-26,Glenn,21,27897,597,576,0,576,3
2020-09-26,Humboldt,23,135768,507,491,1,492,6
2020-09-26,Imperial,25,180216,11894,10721,8,10729,283
2020-09-26,Inyo,27,18085,191,187,0,187,14
2020-09-26,Kern,29,883053,32008,31410,331,31741,394
2020-09-26,Kings,31,150075,7777,7537,40,7577,78
2020-09-26,Lake,33,64148,583,549,0,549,10
2020-09-26,Lassen,35,31185,746,737,2,739,0
2020-09-26,Los Angeles,37,10098052,269890,266931,1979,268910,6497
2020-09-26,Madera,39,155013,4571,4410,27,4437,47
2020-09-26,Marin,41,260295,6740,6641,17,6658,91
2020-09-26,Mariposa,43,17540,77,74,0,74,2
2020-09-26,Mendocino,45,87422,899,836,2,838,17
2020-09-26,Merced,47,269075,8939,8841,18,8859,136
2020-09-26,Modoc,49,8938,29,26,0,26,0
2020-09-26,Mono,51,14174,169,148,1,149,1
2020-09-26,Monterey,53,433212,9998,9651,29,9680,68
2020-09-26,Napa,55,140530,1752,1681,5,1686,11
2020-09-26,Nevada,57,99092,545,534,14,548,6
2020-09-26,Orange,59,3164182,55012,52203,1482,53685,1194
2020-09-26,Placer,61,380077,3654,3551,13,3564,42
2020-09-26,Plumas,63,18699,49,48,0,48,0
2020-09-26,Riverside,65,2383286,59524,58076,158,58234,1190
2020-09-26,Sacramento,67,1510023,22748,22269,18,22287,421
2020-09-26,San Benito,69,59416,1344,1325,0,1325,11
2020-09-26,San Bernardino,71,2135413,54780,53122,60,53182,988
2020-09-26,San Diego,73,3302833,47987,46333,0,46333,775
2020-09-26,San Francisco,75,870044,11346,11113,28,11141,100
2020-09-26,San Joaquin,77,732212,20299,19982,58,20040,449
2020-09-26,San Luis Obispo,79,281455,3682,3546,15,3561,31
2020-09-26,San Mateo,81,765935,10227,9509,6,9515,127
2020-09-26,Santa Barbara,83,443738,9614,9061,65,9126,114
2020-09-26,Santa Clara,85,1922200,21906,20967,28,20995,270
2020-09-26,Santa Cruz,87,273765,2459,2336,33,2369,9
2020-09-26,Shasta,89,179085,1134,856,8,864,17
2020-09-26,Sierra,91,2930,6,6,0,6,0
2020-09-26,Siskiyou,93,43540,154,149,10,159,0
2020-09-26,Solano,95,438530,6368,6209,41,6250,51
2020-09-26,Sonoma,97,501317,7736,7285,20,7305,124
2020-09-26,Stanislaus,99,539301,16510,16421,546,16967,336
2020-09-26,Sutter,101,95872,1685,1662,1,1663,10
2020-09-26,Tehama,103,63373,592,560,1,561,2
2020-09-26,Trinity,105,12862,26,16,5,21,0
2020-09-26,Tulare,107,460477,16304,15881,130,16011,270
2020-09-26,Tuolumne,109,53932,232,223,2,225,2
2020-09-26,Ventura,111,848112,13234,12729,159,12888,137
2020-09-26,Yolo,113,214977,2841,2789,6,2795,55
2020-09-26,Yuba,115,75493,1092,1056,5,1061,7
2020-09-25,Alameda,1,1643700,21431,20911,186,21097,367
2020-09-25,Alpine,3,1148,4,2,0,2,0
2020-09-25,Amador,5,37829,295,289,0,289,16
2020-09-25,Butte,7,227075,2904,2819,19,2838,43
2020-09-25,Calaveras,9,45235,310,257,0,257,11
2020-09-25,Colusa,11,21464,532,528,0,528,6
2020-09-25,Contra Costa,13,1133247,17154,16401,84,16485,194
2020-09-25,Del Norte,15,27424,142,138,0,138,2
2020-09-25,El Dorado,17,186661,1193,1104,1,1105,4
2020-09-25,Fresno,19,978130,30509,28199,365,28564,385
2020-09-25,Glenn,21,27897,595,570,0,570,3
2020-09-25,Humboldt,23,135768,506,489,1,490,5
2020-09-25,Imperial,25,180216,11876,10681,8,10689,283
2020-09-25,Inyo,27,18085,189,187,0,187,14
2020-09-25,Kern,29,883053,31956,31333,329,31662,393
2020-09-25,Kings,31,150075,7772,7450,40,7490,77
2020-09-25,Lake,33,64148,582,539,0,539,9
2020-09-25,Lassen,35,31185,746,737,2,739,0
2020-09-25,Los Angeles,37,10098052,269102,265713,1965,267678,6483
2020-09-25,Madera,39,155013,4552,4369,27,4396,48
2020-09-25,Marin,41,260295,6737,6622,17,6639,90
2020-09-25,Mariposa,43,17540,77,74,0,74,2
2020-09-25,Mendocino,45,87422,884,819,2,821,17
2020-09-25,Merced,47,269075,8923,8830,18,8848,135
2020-09-25,Modoc,49,8938,29,26,0,26,0
2020-09-25,Mono,51,14174,169,149,1,150,1
2020-09-25,Monterey,53,433212,9946,9581,29,9610,68
2020-09-25,Napa,55,140530,1750,1669,5,1674,11
2020-09-25,Nevada,57,99092,543,529,14,543,6
2020-09-25,Orange,59,3164182,54885,52031,1473,53504,1184
2020-09-25,Placer,61,380077,3643,3527,13,3540,41
2020-09-25,Plumas,63,18699,49,48,0,48,0
2020-09-25,Riverside,65,2383286,59348,57783,153,57936,1183
2020-09-25,Sacramento,67,1510023,22670,22132,18,22150,418
2020-09-25,San Benito,69,59416,1343,1318,0,1318,11
2020-09-25,San Bernardino,71,2135413,54626,52814,60,52874,987
2020-09-25,San Diego,73,3302833,47785,46003,0,46003,775
2020-09-25,San Francisco,75,870044,11311,11066,27,11093,100
2020-09-25,San Joaquin,77,732212,20247,19909,58,19967,449
2020-09-25,San Luis Obispo,79,281455,3672,3512,15,3527,31
2020-09-25,San Mateo,81,765935,10191,9447,6,9453,127
2020-09-25,Santa Barbara,83,443738,9590,9026,65,9091,114
2020-09-25,Santa Clara,85,1922200,21843,20812,27,20839,265
2020-09-25,Santa Cruz,87,273765,2447,2309,32,2341,9
2020-09-25,Shasta,89,179085,1100,806,8,814,16
2020-09-25,Sierra,91,2930,6,6,0,6,0
2020-09-25,Siskiyou,93,43540,154,149,10,159,0
2020-09-25,Solano,95,438530,6352,6179,41,6220,50
2020-09-25,Sonoma,97,501317,7696,7202,20,7222,124
2020-09-25,Stanislaus,99,539301,16492,16381,544,16925,326
2020-09-25,Sutter,101,95872,1682,1655,1,1656,10
2020-09-25,Tehama,103,63373,584,546,1,547,2
2020-09-25,Trinity,105,12862,26,15,5,20,0
2020-09-25,Tulare,107,460477,16265,15815,127,15942,267
2020-09-25,Tuolumne,109,53932,232,223,2,225,2
2020-09-25,Ventura,111,848112,13192,12664,156,12820,137
2020-09-25,Yolo,113,214977,2833,2784,6,2790,55
2020-09-25,Yuba,115,75493,1087,1049,5,1054,5
2020-09-24,Alameda,1,1643700,21356,20838,183,21021,364
2020-09-24,Alpine,3,1148,4,2,0,2,0
2020-09-24,Amador,5,37829,295,288,0,288,16
2020-09-24,Butte,7,227075,2893,2803,19,2822,43
2020-09-24,Calaveras,9,45235,310,258,0,258,11
2020-09-24,Colusa,11,21464,532,523,0,523,6
2020-09-24,Contra Costa,13,1133247,17072,16252,84,16336,192
2020-09-24,Del Norte,15,27424,138,137,0,137,2
2020-09-24,El Dorado,17,186661,1184,1093,1,1094,4
2020-09-24,Fresno,19,978130,30405,28106,361,28467,375
2020-09-24,Glenn,21,27897,591,567,0,567,3
2020-09-24,Humboldt,23,135768,503,482,1,483,5
2020-09-24,Imperial,25,180216,11852,10622,8,10630,283
2020-09-24,Inyo,27,18085,189,187,0,187,13
2020-09-24,Kern,29,883053,31893,31273,327,31600,388
2020-09-24,Kings,31,150075,7756,7428,40,7468,76
2020-09-24,Lake,33,64148,573,531,0,531,9
2020-09-24,Lassen,35,31185,745,737,2,739,0
2020-09-24,Los Angeles,37,10098052,268057,264374,1946,266320,6452
2020-09-24,Madera,39,155013,4533,4344,27,4371,48
2020-09-24,Marin,41,260295,6709,6588,17,6605,85
2020-09-24,Mariposa,43,17540,77,74,0,74,2
2020-09-24,Mendocino,45,87422,880,810,2,812,17
2020-09-24,Merced,47,269075,8894,8813,17,8830,135
2020-09-24,Modoc,49,8938,29,24,0,24,0
2020-09-24,Mono,51,14174,169,149,1,150,1
2020-09-24,Monterey,53,433212,9880,9544,26,9570,67
2020-09-24,Napa,55,140530,1738,1661,5,1666,11
2020-09-24,Nevada,57,99092,542,527,14,541,6
2020-09-24,Orange,59,3164182,54677,51749,1455,53204,1164
2020-09-24,Placer,61,380077,3628,3514,13,3527,41
2020-09-24,Plumas,63,18699,49,48,0,48,0
2020-09-24,Riverside,65,2383286,59080,57491,147,57638,1172
2020-09-24,Sacramento,67,1510023,22544,21985,18,22003,417
2020-09-24,San Benito,69,59416,1341,1308,0,1308,11
2020-09-24,San Bernardino,71,2135413,54291,52455,60,52515,988
2020-09-24,San Diego,73,3302833,47516,45598,0,45598,773
2020-09-24,San Francisco,75,870044,11264,10992,27,11019,99
2020-09-24,San Joaquin,77,732212,20210,19851,57,19908,444
2020-09-24,San Luis Obispo,79,281455,3656,3480,15,3495,31
2020-09-24,San Mateo,81,765935,10143,9376,6,9382,127
2020-09-24,Santa Barbara,83,443738,9539,8988,64,9052,114
2020-09-24,Santa Clara,85,1922200,21755,20689,27,20716,262
2020-09-24,Santa Cruz,87,273765,2427,2300,30,2330,9
2020-09-24,Shasta,89,179085,1063,773,5,778,14
2020-09-24,Sierra,91,2930,6,6,0,6,0
2020-09-24,Siskiyou,93,43540,154,149,10,159,0
2020-09-24,Solano,95,438530,6319,6137,41,6178,49
2020-09-24,Sonoma,97,501317,7615,7163,20,7183,122
2020-09-24,Stanislaus,99,539301,16455,16326,539,16865,326
2020-09-24,Sutter,101,95872,1679,1646,1,1647,10
2020-09-24,Tehama,103,63373,581,540,1,541,2
2020-09-24,Trinity,105,12862,26,15,5,20,0
2020-09-24,Tulare,107,460477,16200,15754,126,15880,267
2020-09-24,Tuolumne,109,53932,232,224,2,226,2
2020-09-24,Ventura,111,848112,13110,12617,155,12772,138
2020-09-24,Yolo,113,214977,2826,2776,6,2782,55
2020-09-24,Yuba,115,75493,1082,1042,5,1047,5
2020-09-23,Alameda,1,1643700,21288,20718,181,20899,361
2020-09-23,Alpine,3,1148,4,2,0,2,0
2020-09-23,Amador,5,37829,294,288,0,288,16
2020-09-23,Butte,7,227075,2885,2790,19,2809,43
2020-09-23,Calaveras,9,45235,309,258,0,258,11
2020-09-23,Colusa,11,21464,531,521,0,521,6
2020-09-23,Contra Costa,13,1133247,17008,16167,83,16250,192
2020-09-23,Del Norte,15,27424,136,137,0,137,2
2020-09-23,El Dorado,17,186661,1170,1088,1,1089,4
2020-09-23,Fresno,19,978130,30311,28019,358,28377,371
2020-09-23,Glenn,21,27897,584,561,0,561,3
2020-09-23,Humboldt,23,135768,499,477,1,478,5
2020-09-23,Imperial,25,180216,11826,10587,8,10595,284
2020-09-23,Inyo,27,18085,188,177,0,177,13
2020-09-23,Kern,29,883053,31849,31172,325,31497,387
2020-09-23,Kings,31,150075,7734,7406,40,7446,76
2020-09-23,Lake,33,64148,568,519,0,519,9
2020-09-23,Lassen,35,31185,745,736,2,738,0
2020-09-23,Los Angeles,37,10098052,267012,263318,1916,265234,6421
2020-09-23,Madera,39,155013,4518,4311,27,4338,48
2020-09-23,Marin,41,260295,6690,6567,17,6584,85
2020-09-23,Mariposa,43,17540,77,74,0,74,2
2020-09-23,Mendocino,45,87422,879,801,1,802,17
2020-09-23,Merced,47,269075,8873,8785,16,8801,134
2020-09-23,Modoc,49,8938,29,24,0,24,0
2020-09-23,Mono,51,14174,169,149,1,150,1
2020-09-23,Monterey,53,433212,9811,9452,26,9478,67
2020-09-23,Napa,55,140530,1729,1653,5,1658,11
2020-09-23,Nevada,57,99092,541,523,14,537,6
2020-09-23,Orange,59,3164182,54449,51658,1448,53106,1155
2020-09-23,Placer,61,380077,3616,3506,13,3519,41
2020-09-23,Plumas,63,18699,49,48,0,48,0
2020-09-23,Riverside,65,2383286,58777,57257,144,57401,1165
2020-09-23,Sacramento,67,1510023,22467,21821,18,21839,415
2020-09-23,San Benito,69,59416,1335,1305,0,1305,10
2020-09-23,San Bernardino,71,2135413,53997,52132,59,52191,973
2020-09-23,San Diego,73,3302833,47240,45427,0,45427,767
2020-09-23,San Francisco,75,870044,11215,10926,27,10953,95
2020-09-23,San Joaquin,77,732212,20157,19785,57,19842,439
2020-09-23,San Luis Obispo,79,281455,3638,3447,15,3462,31
2020-09-23,San Mateo,81,765935,10103,9351,6,9357,127
2020-09-23,Santa Barbara,83,443738,9511,8952,64,9016,112
2020-09-23,Santa Clara,85,1922200,21645,20575,24,20599,260
2020-09-23,Santa Cruz,87,273765,2408,2283,30,2313,9
2020-09-23,Shasta,89,179085,1024,756,4,760,14
2020-09-23,Sierra,91,2930,6,6,0,6,0
2020-09-23,Siskiyou,93,43540,154,149,10,159,0
2020-09-23,Solano,95,438530,6294,6123,41,6164,50
2020-09-23,Sonoma,97,501317,7539,7091,20,7111,122
2020-09-23,Stanislaus,99,539301,16425,16271,536,16807,317
2020-09-23,Sutter,101,95872,1675,1646,1,1647,10
2020-09-23,Tehama,103,63373,575,533,1,534,2
2020-09-23,Trinity,105,12862,26,15,5,20,0
2020-09-23,Tulare,107,460477,16136,15664,124,15788,266
2020-09-23,Tuolumne,109,53932,232,223,2,225,2
2020-09-23,Ventura,111,848112,13055,12591,152,12743,137
2020-09-23,Yolo,113,214977,2808,2766,6,2772,55
2020-09-23,Yuba,115,75493,1080,1038,5,1043,5
2020-09-22,Alameda,1,1643700,21209,20607,179,20786,355
2020-09-22,Alpine,3,1148,3,2,0,2,0
2020-09-22,Amador,5,37829,293,287,0,287,16
2020-09-22,Butte,7,227075,2880,2776,19,2795,43
2020-09-22,Calaveras,9,45235,309,258,0,258,11
2020-09-22,Colusa,11,21464,529,518,0,518,6
2020-09-22,Contra Costa,13,1133247,16918,16090,83,16173,190
2020-09-22,Del Norte,15,27424,136,137,0,137,2
2020-09-22,El Dorado,17,186661,1151,1076,1,1077,4
2020-09-22,Fresno,19,978130,30217,27944,355,28299,369
2020-09-22,Glenn,21,27897,581,560,0,560,3
2020-09-22,Humboldt,23,135768,498,476,1,477,5
2020-09-22,Imperial,25,180216,11797,10529,8,10537,284
2020-09-22,Inyo,27,18085,188,177,0,177,13
2020-09-22,Kern,29,883053,31781,31110,318,31428,383
2020-09-22,Kings,31,150075,7677,7395,39,7434,76
2020-09-22,Lake,33,64148,560,516,0,516,9
2020-09-22,Lassen,35,31185,744,736,2,738,0
2020-09-22,Los Angeles,37,10098052,265935,262117,1887,264004,6394
2020-09-22,Madera,39,155013,4502,4303,27,4330,47
2020-09-22,Marin,41,260295,6676,6561,17,6578,84
2020-09-22,Mariposa,43,17540,77,74,0,74,2
2020-09-22,Mendocino,45,87422,859,794,1,795,18
2020-09-22,Merced,47,269075,8843,8769,16,8785,132
2020-09-22,Modoc,49,8938,29,24,0,24,0
2020-09-22,Mono,51,14174,168,149,1,150,1
2020-09-22,Monterey,53,433212,9753,9393,26,9419,67
2020-09-22,Napa,55,140530,1712,1652,5,1657,11
2020-09-22,Nevada,57,99092,541,523,14,537,6
2020-09-22,Orange,59,3164182,54199,51528,1440,52968,1132
2020-09-22,Placer,61,380077,3603,3492,13,3505,40
2020-09-22,Plumas,63,18699,49,48,0,48,0
2020-09-22,Riverside,65,2383286,58293,57066,140,57206,1162
2020-09-22,Sacramento,67,1510023,22348,21745,18,21763,410
2020-09-22,San Benito,69,59416,1330,1305,0,1305,10
2020-09-22,San Bernardino,71,2135413,53724,51899,59,51958,971
2020-09-22,San Diego,73,3302833,46933,45149,0,45149,765
2020-09-22,San Francisco,75,870044,11171,10893,26,10919,95
2020-09-22,San Joaquin,77,732212,20111,19755,55,19810,426
2020-09-22,San Luis Obispo,79,281455,3621,3420,15,3435,31
2020-09-22,San Mateo,81,765935,10065,9291,6,9297,127
2020-09-22,Santa Barbara,83,443738,9481,8927,63,8990,111
2020-09-22,Santa Clara,85,1922200,21528,20514,24,20538,253
2020-09-22,Santa Cruz,87,273765,2385,2264,30,2294,8
2020-09-22,Shasta,89,179085,989,723,4,727,14
2020-09-22,Sierra,91,2930,6,6,0,6,0
2020-09-22,Siskiyou,93,43540,154,149,10,159,0
2020-09-22,Solano,95,438530,6263,6107,41,6148,48
2020-09-22,Sonoma,97,501317,7460,7068,19,7087,117
2020-09-22,Stanislaus,99,539301,16403,16231,528,16759,316
2020-09-22,Sutter,101,95872,1669,1638,1,1639,10
2020-09-22,Tehama,103,63373,567,529,1,530,2
2020-09-22,Trinity,105,12862,26,15,5,20,0
2020-09-22,Tulare,107,460477,16070,15616,120,15736,263
2020-09-22,Tuolumne,109,53932,231,224,2,226,1
2020-09-22,Ventura,111,848112,13004,12507,148,12655,136
2020-09-22,Yolo,113,214977,2801,2763,6,2769,54
2020-09-22,Yuba,115,75493,1071,1035,5,1040,5
2020-09-21,Alameda,1,1643700,21130,20501,178,20679,343
2020-09-21,Alpine,3,1148,3,2,0,2,0
2020-09-21,Amador,5,37829,291,286,0,286,16
2020-09-21,Butte,7,227075,2867,2769,19,2788,41
2020-09-21,Calaveras,9,45235,307,256,0,256,10
2020-09-21,Colusa,11,21464,528,517,0,517,6
2020-09-21,Contra Costa,13,1133247,16830,16008,83,16091,189
2020-09-21,Del Norte,15,27424,136,132,0,132,2
2020-09-21,El Dorado,17,186661,1142,1074,1,1075,4
2020-09-21,Fresno,19,978130,30116,27843,348,28191,362
2020-09-21,Glenn,21,27897,577,556,0,556,3
2020-09-21,Humboldt,23,135768,494,473,1,474,5
2020-09-21,Imperial,25,180216,11766,10521,8,10529,284
2020-09-21,Inyo,27,18085,187,177,0,177,12
2020-09-21,Kern,29,883053,31710,31031,316,31347,379
2020-09-21,Kings,31,150075,7565,7297,37,7334,76
2020-09-21,Lake,33,64148,555,508,0,508,8
2020-09-21,Lassen,35,31185,742,735,2,737,0
2020-09-21,Los Angeles,37,10098052,264850,261418,1841,263259,6360
2020-09-21,Madera,39,155013,4491,4275,26,4301,47
2020-09-21,Marin,41,260295,6665,6538,16,6554,84
2020-09-21,Mariposa,43,17540,76,74,0,74,2
2020-09-21,Mendocino,45,87422,844,778,0,778,18
2020-09-21,Merced,47,269075,8824,8749,14,8763,128
2020-09-21,Modoc,49,8938,29,22,0,22,0
2020-09-21,Mono,51,14174,168,147,1,148,1
2020-09-21,Monterey,53,433212,9689,9331,23,9354,66
2020-09-21,Napa,55,140530,1701,1641,5,1646,11
2020-09-21,Nevada,57,99092,539,515,14,529,6
2020-09-21,Orange,59,3164182,53980,51363,1433,52796,1110
2020-09-21,Placer,61,380077,3593,3473,13,3486,40
2020-09-21,Plumas,63,18699,49,47,0,47,0
2020-09-21,Riverside,65,2383286,58020,57001,132,57133,1153
2020-09-21,Sacramento,67,1510023,22166,21568,18,21586,404
2020-09-21,San Benito,69,59416,1328,1298,0,1298,10
2020-09-21,San Bernardino,71,2135413,53439,51654,59,51713,970
2020-09-21,San Diego,73,3302833,46650,44927,0,44927,760
2020-09-21,San Francisco,75,870044,11123,10743,26,10769,95
2020-09-21,San Joaquin,77,732212,20053,19579,55,19634,423
2020-09-21,San Luis Obispo,79,281455,3594,3406,15,3421,27
2020-09-21,San Mateo,81,765935,10013,9239,6,9245,127
2020-09-21,Santa Barbara,83,443738,9453,8911,63,8974,110
2020-09-21,Santa Clara,85,1922200,21427,20432,24,20456,252
2020-09-21,Santa Cruz,87,273765,2368,2257,28,2285,8
2020-09-21,Shasta,89,179085,939,696,4,700,14
2020-09-21,Sierra,91,2930,6,6,0,6,0
2020-09-21,Siskiyou,93,43540,154,146,10,156,0
2020-09-21,Solano,95,438530,6239,6019,41,6060,46
2020-09-21,Sonoma,97,501317,7384,7017,19,7036,117
2020-09-21,Stanislaus,99,539301,16373,16186,528,16714,310
2020-09-21,Sutter,101,95872,1662,1634,1,1635,10
2020-09-21,Tehama,103,63373,548,513,1,514,2
2020-09-21,Trinity,105,12862,26,15,5,20,0
2020-09-21,Tulare,107,460477,15996,15528,111,15639,260
2020-09-21,Tuolumne,109,53932,231,221,2,223,1
2020-09-21,Ventura,111,848112,12922,12477,142,12619,133
2020-09-21,Yolo,113,214977,2795,2752,6,2758,54
2020-09-21,Yuba,115,75493,1067,1033,5,1038,1
2020-09-20,Alameda,1,1643700,21030,20425,175,20600,343
2020-09-20,Alpine,3,1148,3,2,0,2,0
2020-09-20,Amador,5,37829,290,286,0,286,16
2020-09-20,Butte,7,227075,2855,2764,19,2783,39
2020-09-20,Calaveras,9,45235,303,256,0,256,10
2020-09-20,Colusa,11,21464,526,510,0,510,6
2020-09-20,Contra Costa,13,1133247,16696,15917,82,15999,189
2020-09-20,Del Norte,15,27424,134,132,0,132,2
2020-09-20,El Dorado,17,186661,1127,1073,1,1074,4
2020-09-20,Fresno,19,978130,30002,27769,342,28111,362
2020-09-20,Glenn,21,27897,573,550,0,550,3
2020-09-20,Humboldt,23,135768,494,472,1,473,5
2020-09-20,Imperial,25,180216,11739,10496,7,10503,284
2020-09-20,Inyo,27,18085,187,177,0,177,12
2020-09-20,Kern,29,883053,31627,30992,312,31304,379
2020-09-20,Kings,31,150075,7518,7159,36,7195,76
2020-09-20,Lake,33,64148,543,492,0,492,8
2020-09-20,Lassen,35,31185,742,735,2,737,0
2020-09-20,Los Angeles,37,10098052,263618,260770,1812,262582,6347
2020-09-20,Madera,39,155013,4472,4257,26,4283,47
2020-09-20,Marin,41,260295,6640,6533,16,6549,83
2020-09-20,Mariposa,43,17540,76,74,0,74,2
2020-09-20,Mendocino,45,87422,832,765,0,765,18
2020-09-20,Merced,47,269075,8797,8745,14,8759,128
2020-09-20,Modoc,49,8938,27,22,0,22,0
2020-09-20,Mono,51,14174,167,147,1,148,1
2020-09-20,Monterey,53,433212,9611,9312,23,9335,65
2020-09-20,Napa,55,140530,1692,1626,5,1631,11
2020-09-20,Nevada,57,99092,536,511,14,525,6
2020-09-20,Orange,59,3164182,53742,51233,1421,52654,1110
2020-09-20,Placer,61,380077,3578,3452,13,3465,40
2020-09-20,Plumas,63,18699,49,47,0,47,0
2020-09-20,Riverside,65,2383286,57826,56783,126,56909,1147
2020-09-20,Sacramento,67,1510023,21979,21394,17,21411,401
2020-09-20,San Benito,69,59416,1317,1291,0,1291,9
2020-09-20,San Bernardino,71,2135413,53119,51559,57,51616,970
2020-09-20,San Diego,73,3302833,46277,44579,0,44579,760
2020-09-20,San Francisco,75,870044,11069,10743,26,10769,95
2020-09-20,San Joaquin,77,732212,19989,19578,47,19625,423
2020-09-20,San Luis Obispo,79,281455,3566,3393,15,3408,27
2020-09-20,San Mateo,81,765935,9946,9198,6,9204,127
2020-09-20,Santa Barbara,83,443738,9419,8880,62,8942,110
2020-09-20,Santa Clara,85,1922200,21307,20330,23,20353,252
2020-09-20,Santa Cruz,87,273765,2348,2199,28,2227,8
2020-09-20,Shasta,89,179085,898,696,3,699,14
2020-09-20,Sierra,91,2930,6,6,0,6,0
2020-09-20,Siskiyou,93,43540,154,146,10,156,0
2020-09-20,Solano,95,438530,6195,6020,41,6061,46
2020-09-20,Sonoma,97,501317,7280,6954,19,6973,117
2020-09-20,Stanislaus,99,539301,16342,16159,521,16680,310
2020-09-20,Sutter,101,95872,1656,1624,1,1625,10
2020-09-20,Tehama,103,63373,535,509,1,510,2
2020-09-20,Trinity,105,12862,26,15,5,20,0
2020-09-20,Tulare,107,460477,15913,15528,105,15633,260
2020-09-20,Tuolumne,109,53932,231,221,2,223,1
2020-09-20,Ventura,111,848112,12858,12406,138,12544,133
2020-09-20,Yolo,113,214977,2787,2745,6,2751,54
2020-09-20,Yuba,115,75493,1060,1029,5,1034,1
2020-09-19,Alameda,1,1643700,20979,20349,172,20521,343
2020-09-19,Alpine,3,1148,3,2,0,2,0
2020-09-19,Amador,5,37829,290,285,0,285,16
2020-09-19,Butte,7,227075,2849,2748,19,2767,38
2020-09-19,Calaveras,9,45235,303,256,0,256,10
2020-09-19,Colusa,11,21464,526,507,0,507,6
2020-09-19,Contra Costa,13,1133247,16633,15783,82,15865,186
2020-09-19,Del Norte,15,27424,133,132,0,132,2
2020-09-19,El Dorado,17,186661,1121,1068,0,1068,4
2020-09-19,Fresno,19,978130,29929,27668,342,28010,362
2020-09-19,Glenn,21,27897,570,547,0,547,3
2020-09-19,Humboldt,23,135768,493,471,1,472,5
2020-09-19,Imperial,25,180216,11724,10496,7,10503,284
2020-09-19,Inyo,27,18085,187,177,0,177,12
2020-09-19,Kern,29,883053,31573,30886,309,31195,379
2020-09-19,Kings,31,150075,7512,7130,36,7166,76
2020-09-19,Lake,33,64148,543,465,0,465,8
2020-09-19,Lassen,35,31185,742,731,2,733,0
2020-09-19,Los Angeles,37,10098052,262995,259801,1796,261597,6325
2020-09-19,Madera,39,155013,4449,4237,26,4263,47
2020-09-19,Marin,41,260295,6633,6513,15,6528,81
2020-09-19,Mariposa,43,17540,76,74,0,74,2
2020-09-19,Mendocino,45,87422,829,750,0,750,18
2020-09-19,Merced,47,269075,8786,8717,13,8730,128
2020-09-19,Modoc,49,8938,27,22,0,22,0
2020-09-19,Mono,51,14174,167,147,1,148,1
2020-09-19,Monterey,53,433212,9569,9237,23,9260,65
2020-09-19,Napa,55,140530,1684,1614,5,1619,11
2020-09-19,Nevada,57,99092,534,505,14,519,6
2020-09-19,Orange,59,3164182,53613,50999,1414,52413,1105
2020-09-19,Placer,61,380077,3570,3412,13,3425,40
2020-09-19,Plumas,63,18699,49,47,0,47,0
2020-09-19,Riverside,65,2383286,57705,56562,125,56687,1147
2020-09-19,Sacramento,67,1510023,21925,21297,17,21314,396
2020-09-19,San Benito,69,59416,1313,1276,0,1276,9
2020-09-19,San Bernardino,71,2135413,52963,51353,55,51408,971
2020-09-19,San Diego,73,3302833,46050,44295,0,44295,773
2020-09-19,San Francisco,75,870044,11036,10741,26,10767,95
2020-09-19,San Joaquin,77,732212,19952,19580,47,19627,424
2020-09-19,San Luis Obispo,79,281455,3545,3369,15,3384,27
2020-09-19,San Mateo,81,765935,9915,9158,6,9164,127
2020-09-19,Santa Barbara,83,443738,9398,8862,62,8924,106
2020-09-19,Santa Clara,85,1922200,21218,20170,23,20193,251
2020-09-19,Santa Cruz,87,273765,2334,2198,28,2226,8
2020-09-19,Shasta,89,179085,871,687,3,690,14
2020-09-19,Sierra,91,2930,6,6,0,6,0
2020-09-19,Siskiyou,93,43540,154,146,10,156,0
2020-09-19,Solano,95,438530,6179,5998,41,6039,46
2020-09-19,Sonoma,97,501317,7246,6905,19,6924,117
2020-09-19,Stanislaus,99,539301,16302,16109,514,16623,313
2020-09-19,Sutter,101,95872,1655,1602,1,1603,10
2020-09-19,Tehama,103,63373,530,498,1,499,2
2020-09-19,Trinity,105,12862,26,15,5,20,0
2020-09-19,Tulare,107,460477,15864,15485,102,15587,260
2020-09-19,Tuolumne,109,53932,231,217,2,219,1
2020-09-19,Ventura,111,848112,12826,12328,138,12466,133
2020-09-19,Yolo,113,214977,2779,2739,6,2745,54
2020-09-19,Yuba,115,75493,1053,1023,5,1028,1
2020-09-18,Alameda,1,1643700,20914,20222,166,20388,341
2020-09-18,Alpine,3,1148,3,2,0,2,0
2020-09-18,Amador,5,37829,290,285,0,285,16
2020-09-18,Butte,7,227075,2847,2738,19,2757,37
2020-09-18,Calaveras,9,45235,303,255,0,255,9
2020-09-18,Colusa,11,21464,526,504,0,504,6
2020-09-18,Contra Costa,13,1133247,16548,15667,82,15749,185
2020-09-18,Del Norte,15,27424,133,131,0,131,2
2020-09-18,El Dorado,17,186661,1108,1063,0,1063,4
2020-09-18,Fresno,19,978130,29865,27560,342,27902,359
2020-09-18,Glenn,21,27897,567,541,0,541,3
2020-09-18,Humboldt,23,135768,490,470,1,471,5
2020-09-18,Imperial,25,180216,11709,10460,7,10467,283
2020-09-18,Inyo,27,18085,187,177,0,177,12
2020-09-18,Kern,29,883053,31515,30742,306,31048,373
2020-09-18,Kings,31,150075,7502,7062,36,7098,74
2020-09-18,Lake,33,64148,537,458,0,458,8
2020-09-18,Lassen,35,31185,741,731,2,733,0
2020-09-18,Los Angeles,37,10098052,262221,258488,1776,260264,6324
2020-09-18,Madera,39,155013,4437,4211,26,4237,45
2020-09-18,Marin,41,260295,6618,6475,15,6490,81
2020-09-18,Mariposa,43,17540,76,74,0,74,2
2020-09-18,Mendocino,45,87422,821,739,0,739,18
2020-09-18,Merced,47,269075,8774,8691,12,8703,127
2020-09-18,Modoc,49,8938,27,22,0,22,0
2020-09-18,Mono,51,14174,165,147,1,148,1
2020-09-18,Monterey,53,433212,9529,9183,23,9206,64
2020-09-18,Napa,55,140530,1678,1604,5,1609,11
2020-09-18,Nevada,57,99092,531,504,14,518,6
2020-09-18,Orange,59,3164182,53466,50733,1402,52135,1107
2020-09-18,Placer,61,380077,3559,3389,13,3402,40
2020-09-18,Plumas,63,18699,49,45,0,45,0
2020-09-18,Riverside,65,2383286,57585,56248,121,56369,1143
2020-09-18,Sacramento,67,1510023,21840,21105,17,21122,391
2020-09-18,San Benito,69,59416,1305,1257,0,1257,8
2020-09-18,San Bernardino,71,2135413,52820,51106,54,51160,970
2020-09-18,San Diego,73,3302833,45800,44009,0,44009,757
2020-09-18,San Francisco,75,870044,10998,10644,25,10669,95
2020-09-18,San Joaquin,77,732212,19909,19531,45,19576,423
2020-09-18,San Luis Obispo,79,281455,3521,3328,15,3343,27
2020-09-18,San Mateo,81,765935,9875,9062,6,9068,127
2020-09-18,Santa Barbara,83,443738,9376,8824,62,8886,107
2020-09-18,Santa Clara,85,1922200,21121,20058,23,20081,252
2020-09-18,Santa Cruz,87,273765,2313,2180,27,2207,8
2020-09-18,Shasta,89,179085,836,668,3,671,14
2020-09-18,Sierra,91,2930,6,6,0,6,0
2020-09-18,Siskiyou,93,43540,153,146,10,156,0
2020-09-18,Solano,95,438530,6163,5961,41,6002,46
2020-09-18,Sonoma,97,501317,7199,6856,19,6875,114
2020-09-18,Stanislaus,99,539301,16274,16042,508,16550,277
2020-09-18,Sutter,101,95872,1647,1586,1,1587,10
2020-09-18,Tehama,103,63373,530,490,1,491,2
2020-09-18,Trinity,105,12862,26,15,4,19,0
2020-09-18,Tulare,107,460477,15831,15435,98,15533,259
2020-09-18,Tuolumne,109,53932,230,216,2,218,1
2020-09-18,Ventura,111,848112,12765,12236,134,12370,133
2020-09-18,Yolo,113,214977,2773,2732,6,2738,54
2020-09-18,Yuba,115,75493,1049,1020,5,1025,1
2020-09-17,Alameda,1,1643700,20816,20146,166,20312,339
2020-09-17,Alpine,3,1148,3,2,0,2,0
2020-09-17,Amador,5,37829,288,284,0,284,16
2020-09-17,Butte,7,227075,2829,2720,19,2739,38
2020-09-17,Calaveras,9,45235,303,254,0,254,9
2020-09-17,Colusa,11,21464,524,499,0,499,6
2020-09-17,Contra Costa,13,1133247,16458,15576,82,15658,184
2020-09-17,Del Norte,15,27424,133,131,0,131,2
2020-09-17,El Dorado,17,186661,1099,1057,0,1057,4
2020-09-17,Fresno,19,978130,29756,27487,337,27824,355
2020-09-17,Glenn,21,27897,566,541,0,541,3
2020-09-17,Humboldt,23,135768,484,466,1,467,5
2020-09-17,Imperial,25,180216,11692,10436,7,10443,281
2020-09-17,Inyo,27,18085,187,176,0,176,12
2020-09-17,Kern,29,883053,31454,30627,299,30926,372
2020-09-17,Kings,31,150075,7431,7015,36,7051,72
2020-09-17,Lake,33,64148,527,433,0,433,8
2020-09-17,Lassen,35,31185,739,731,2,733,0
2020-09-17,Los Angeles,37,10098052,261280,257246,1761,259007,6318
2020-09-17,Madera,39,155013,4403,4152,26,4178,45
2020-09-17,Marin,41,260295,6597,6457,15,6472,81
2020-09-17,Mariposa,43,17540,75,74,0,74,2
2020-09-17,Mendocino,45,87422,810,737,0,737,18
2020-09-17,Merced,47,269075,8755,8671,12,8683,119
2020-09-17,Modoc,49,8938,27,22,0,22,0
2020-09-17,Mono,51,14174,165,147,1,148,1
2020-09-17,Monterey,53,433212,9467,9113,22,9135,62
2020-09-17,Napa,55,140530,1667,1592,5,1597,11
2020-09-17,Nevada,57,99092,529,494,14,508,6
2020-09-17,Orange,59,3164182,53287,50537,1388,51925,1098
2020-09-17,Placer,61,380077,3539,3368,13,3381,40
2020-09-17,Plumas,63,18699,49,45,0,45,0
2020-09-17,Riverside,65,2383286,57361,56007,118,56125,1134
2020-09-17,Sacramento,67,1510023,21608,20895,17,20912,385
2020-09-17,San Benito,69,59416,1302,1252,0,1252,8
2020-09-17,San Bernardino,71,2135413,52619,50770,54,50824,904
2020-09-17,San Diego,73,3302833,45522,43621,0,43621,754
2020-09-17,San Francisco,75,870044,10904,10564,25,10589,95
2020-09-17,San Joaquin,77,732212,19850,19439,45,19484,416
2020-09-17,San Luis Obispo,79,281455,3494,3299,15,3314,27
2020-09-17,San Mateo,81,765935,9833,8984,6,8990,127
2020-09-17,Santa Barbara,83,443738,9352,8779,62,8841,107
2020-09-17,Santa Clara,85,1922200,21006,19825,23,19848,254
2020-09-17,Santa Cruz,87,273765,2297,2155,27,2182,7
2020-09-17,Shasta,89,179085,797,660,3,663,12
2020-09-17,Sierra,91,2930,6,6,0,6,0
2020-09-17,Siskiyou,93,43540,153,146,10,156,0
2020-09-17,Solano,95,438530,6140,5915,41,5956,44
2020-09-17,Sonoma,97,501317,7135,6754,19,6773,114
2020-09-17,Stanislaus,99,539301,16241,15984,504,16488,277
2020-09-17,Sutter,101,95872,1642,1572,1,1573,10
2020-09-17,Tehama,103,63373,516,487,1,488,2
2020-09-17,Trinity,105,12862,26,15,4,19,0
2020-09-17,Tulare,107,460477,15778,15344,96,15440,258
2020-09-17,Tuolumne,109,53932,229,214,2,216,1
2020-09-17,Ventura,111,848112,12680,12167,130,12297,130
2020-09-17,Yolo,113,214977,2764,2724,6,2730,53
2020-09-17,Yuba,115,75493,1045,1015,5,1020,1
2020-09-16,Alameda,1,1643700,20720,20009,164,20173,333
2020-09-16,Alpine,3,1148,3,2,0,2,0
2020-09-16,Amador,5,37829,288,284,0,284,16
2020-09-16,Butte,7,227075,2819,2704,19,2723,38
2020-09-16,Calaveras,9,45235,303,254,0,254,9
2020-09-16,Colusa,11,21464,522,497,0,497,6
2020-09-16,Contra Costa,13,1133247,16372,15473,82,15555,183
2020-09-16,Del Norte,15,27424,133,131,0,131,2
2020-09-16,El Dorado,17,186661,1091,1049,0,1049,4
2020-09-16,Fresno,19,978130,29651,27381,335,27716,343
2020-09-16,Glenn,21,27897,564,539,0,539,3
2020-09-16,Humboldt,23,135768,483,455,1,456,4
2020-09-16,Imperial,25,180216,11669,10401,7,10408,277
2020-09-16,Inyo,27,18085,186,176,0,176,12
2020-09-16,Kern,29,883053,31395,30570,298,30868,371
2020-09-16,Kings,31,150075,7406,7002,34,7036,71
2020-09-16,Lake,33,64148,516,417,0,417,6
2020-09-16,Lassen,35,31185,738,730,2,732,0
2020-09-16,Los Angeles,37,10098052,260283,256101,1742,257843,6299
2020-09-16,Madera,39,155013,4380,4138,26,4164,45
2020-09-16,Marin,41,260295,6570,6430,15,6445,77
2020-09-16,Mariposa,43,17540,75,74,0,74,2
2020-09-16,Mendocino,45,87422,801,727,0,727,18
2020-09-16,Merced,47,269075,8734,8646,12,8658,118
2020-09-16,Modoc,49,8938,27,22,0,22,0
2020-09-16,Mono,51,14174,165,147,1,148,1
2020-09-16,Monterey,53,433212,9413,8997,22,9019,62
2020-09-16,Napa,55,140530,1653,1587,5,1592,11
2020-09-16,Nevada,57,99092,524,495,13,508,6
2020-09-16,Orange,59,3164182,53087,50414,1379,51793,1096
2020-09-16,Placer,61,380077,3521,3351,13,3364,39
2020-09-16,Plumas,63,18699,49,45,0,45,0
2020-09-16,Riverside,65,2383286,57168,55811,110,55921,1127
2020-09-16,Sacramento,67,1510023,21513,20610,17,20627,377
2020-09-16,San Benito,69,59416,1294,1244,0,1244,8
2020-09-16,San Bernardino,71,2135413,52394,50509,54,50563,907
2020-09-16,San Diego,73,3302833,45232,43447,0,43447,748
2020-09-16,San Francisco,75,870044,10857,10502,25,10527,90
2020-09-16,San Joaquin,77,732212,19796,19377,44,19421,409
2020-09-16,San Luis Obispo,79,281455,3465,3285,15,3300,28
2020-09-16,San Mateo,81,765935,9768,8944,6,8950,127
2020-09-16,Santa Barbara,83,443738,9320,8764,62,8826,107
2020-09-16,Santa Clara,85,1922200,20887,19684,23,19707,253
2020-09-16,Santa Cruz,87,273765,2256,2089,26,2115,7
2020-09-16,Shasta,89,179085,771,635,3,638,11
2020-09-16,Sierra,91,2930,6,6,0,6,0
2020-09-16,Siskiyou,93,43540,152,145,10,155,0
2020-09-16,Solano,95,438530,6111,5899,41,5940,44
2020-09-16,Sonoma,97,501317,7074,6731,19,6750,104
2020-09-16,Stanislaus,99,539301,16194,15897,496,16393,263
2020-09-16,Sutter,101,95872,1629,1567,1,1568,10
2020-09-16,Tehama,103,63373,508,485,1,486,2
2020-09-16,Trinity,105,12862,26,15,4,19,0
2020-09-16,Tulare,107,460477,15736,15314,88,15402,258
2020-09-16,Tuolumne,109,53932,228,210,2,212,1
2020-09-16,Ventura,111,848112,12612,12073,129,12202,130
2020-09-16,Yolo,113,214977,2757,2709,6,2715,53
2020-09-16,Yuba,115,75493,1043,1000,5,1005,1
2020-09-15,Alameda,1,1643700,20614,19931,161,20092,327
2020-09-15,Alpine,3,1148,3,2,0,2,0
2020-09-15,Amador,5,37829,287,282,0,282,16
2020-09-15,Butte,7,227075,2806,2695,17,2712,38
2020-09-15,Calaveras,9,45235,303,248,0,248,5
2020-09-15,Colusa,11,21464,516,497,0,497,6
2020-09-15,Contra Costa,13,1133247,16269,15423,81,15504,180
2020-09-15,Del Norte,15,27424,133,129,0,129,2
2020-09-15,El Dorado,17,186661,1086,1046,0,1046,4
2020-09-15,Fresno,19,978130,29545,27312,330,27642,343
2020-09-15,Glenn,21,27897,563,531,0,531,3
2020-09-15,Humboldt,23,135768,481,456,1,457,4
2020-09-15,Imperial,25,180216,11644,10376,7,10383,277
2020-09-15,Inyo,27,18085,186,176,0,176,12
2020-09-15,Kern,29,883053,31283,30429,295,30724,368
2020-09-15,Kings,31,150075,7248,6977,34,7011,70
2020-09-15,Lake,33,64148,502,416,0,416,4
2020-09-15,Lassen,35,31185,734,719,2,721,0
2020-09-15,Los Angeles,37,10098052,259169,255048,1717,256765,6269
2020-09-15,Madera,39,155013,4361,4122,26,4148,45
2020-09-15,Marin,41,260295,6539,6423,15,6438,77
2020-09-15,Mariposa,43,17540,75,74,0,74,2
2020-09-15,Mendocino,45,87422,783,724,0,724,18
2020-09-15,Merced,47,269075,8704,8633,12,8645,114
2020-09-15,Modoc,49,8938,26,21,0,21,0
2020-09-15,Mono,51,14174,165,147,1,148,1
2020-09-15,Monterey,53,433212,9364,8943,22,8965,62
2020-09-15,Napa,55,140530,1639,1580,5,1585,11
2020-09-15,Nevada,57,99092,519,494,13,507,6
2020-09-15,Orange,59,3164182,52905,50294,1364,51658,1088
2020-09-15,Placer,61,380077,3497,3331,13,3344,38
2020-09-15,Plumas,63,18699,49,44,0,44,0
2020-09-15,Riverside,65,2383286,56877,55569,100,55669,1118
2020-09-15,Sacramento,67,1510023,21370,20487,17,20504,372
2020-09-15,San Benito,69,59416,1287,1237,0,1237,7
2020-09-15,San Bernardino,71,2135413,52179,50333,53,50386,904
2020-09-15,San Diego,73,3302833,44914,43183,0,43183,742
2020-09-15,San Francisco,75,870044,10799,10414,25,10439,90
2020-09-15,San Joaquin,77,732212,19744,19313,44,19357,401
2020-09-15,San Luis Obispo,79,281455,3444,3262,15,3277,28
2020-09-15,San Mateo,81,765935,9698,8895,6,8901,127
2020-09-15,Santa Barbara,83,443738,9295,8724,61,8785,104
2020-09-15,Santa Clara,85,1922200,20751,19610,23,19633,252
2020-09-15,Santa Cruz,87,273765,2230,2079,25,2104,7
2020-09-15,Shasta,89,179085,759,627,3,630,11
2020-09-15,Sierra,91,2930,6,6,0,6,0
2020-09-15,Siskiyou,93,43540,152,143,10,153,0
2020-09-15,Solano,95,438530,6077,5878,41,5919,45
2020-09-15,Sonoma,97,501317,7035,6701,19,6720,104
2020-09-15,Stanislaus,99,539301,16146,15880,494,16374,260
2020-09-15,Sutter,101,95872,1617,1556,1,1557,10
2020-09-15,Tehama,103,63373,496,484,1,485,2
2020-09-15,Trinity,105,12862,26,15,4,19,0
2020-09-15,Tulare,107,460477,15659,15203,86,15289,254
2020-09-15,Tuolumne,109,53932,228,209,2,211,1
2020-09-15,Ventura,111,848112,12560,11932,128,12060,128
2020-09-15,Yolo,113,214977,2753,2708,6,2714,53
2020-09-15,Yuba,115,75493,1037,991,4,995,1
2020-09-14,Alameda,1,1643700,20487,19851,160,20011,306
2020-09-14,Alpine,3,1148,3,2,0,2,0
2020-09-14,Amador,5,37829,285,281,0,281,16
2020-09-14,Butte,7,227075,2789,2642,17,2659,37
2020-09-14,Calaveras,9,45235,303,244,0,244,3
2020-09-14,Colusa,11,21464,515,486,0,486,6
2020-09-14,Contra Costa,13,1133247,16144,15354,80,15434,174
2020-09-14,Del Norte,15,27424,130,116,0,116,2
2020-09-14,El Dorado,17,186661,1082,1039,0,1039,3
2020-09-14,Fresno,19,978130,29460,27232,327,27559,344
2020-09-14,Glenn,21,27897,555,521,0,521,3
2020-09-14,Humboldt,23,135768,478,437,1,438,4
2020-09-14,Imperial,25,180216,11624,10340,7,10347,273
2020-09-14,Inyo,27,18085,186,176,0,176,12
2020-09-14,Kern,29,883053,31197,30344,292,30636,368
2020-09-14,Kings,31,150075,7166,6950,34,6984,70
2020-09-14,Lake,33,64148,482,407,0,407,4
2020-09-14,Lassen,35,31185,734,719,2,721,0
2020-09-14,Los Angeles,37,10098052,258137,254622,1688,256310,6226
2020-09-14,Madera,39,155013,4347,4104,26,4130,45
2020-09-14,Marin,41,260295,6518,6409,15,6424,70
2020-09-14,Mariposa,43,17540,75,74,0,74,2
2020-09-14,Mendocino,45,87422,766,710,0,710,17
2020-09-14,Merced,47,269075,8685,8593,12,8605,112
2020-09-14,Modoc,49,8938,26,21,0,21,0
2020-09-14,Mono,51,14174,165,147,1,148,1
2020-09-14,Monterey,53,433212,9293,8845,21,8866,61
2020-09-14,Napa,55,140530,1622,1576,5,1581,11
2020-09-14,Nevada,57,99092,514,489,13,502,6
2020-09-14,Orange,59,3164182,52746,50149,1348,51497,1079
2020-09-14,Placer,61,380077,3476,3302,13,3315,38
2020-09-14,Plumas,63,18699,48,42,0,42,0
2020-09-14,Riverside,65,2383286,56658,55488,94,55582,1113
2020-09-14,Sacramento,67,1510023,21177,20377,16,20393,367
2020-09-14,San Benito,69,59416,1272,1233,0,1233,7
2020-09-14,San Bernardino,71,2135413,51957,50163,52,50215,895
2020-09-14,San Diego,73,3302833,44603,42889,0,42889,734
2020-09-14,San Francisco,75,870044,10733,10255,23,10278,90
2020-09-14,San Joaquin,77,732212,19670,19111,43,19154,397
2020-09-14,San Luis Obispo,79,281455,3419,3248,15,3263,25
2020-09-14,San Mateo,81,765935,9636,8847,6,8853,127
2020-09-14,Santa Barbara,83,443738,9269,8692,61,8753,104
2020-09-14,Santa Clara,85,1922200,20563,19545,23,19568,247
2020-09-14,Santa Cruz,87,273765,2210,2016,22,2038,7
2020-09-14,Shasta,89,179085,737,584,3,587,10
2020-09-14,Sierra,91,2930,6,6,0,6,0
2020-09-14,Siskiyou,93,43540,151,143,10,153,0
2020-09-14,Solano,95,438530,6042,5834,41,5875,44
2020-09-14,Sonoma,97,501317,6972,6630,19,6649,102
2020-09-14,Stanislaus,99,539301,16101,15812,491,16303,253
2020-09-14,Sutter,101,95872,1606,1549,1,1550,10
2020-09-14,Tehama,103,63373,493,475,1,476,1
2020-09-14,Trinity,105,12862,25,14,4,18,0
2020-09-14,Tulare,107,460477,15590,15096,80,15176,254
2020-09-14,Tuolumne,109,53932,227,208,2,210,1
2020-09-14,Ventura,111,848112,12459,11903,125,12028,125
2020-09-14,Yolo,113,214977,2742,2687,6,2693,53
2020-09-14,Yuba,115,75493,1029,977,4,981,1
2020-09-13,Alameda,1,1643700,20381,19815,157,19972,306
2020-09-13,Alpine,3,1148,3,2,0,2,0
2020-09-13,Amador,5,37829,282,279,0,279,16
2020-09-13,Butte,7,227075,2767,2640,17,2657,37
2020-09-13,Calaveras,9,45235,302,246,0,246,3
2020-09-13,Colusa,11,21464,511,486,0,486,6
2020-09-13,Contra Costa,13,1133247,16039,15284,79,15363,172
2020-09-13,Del Norte,15,27424,127,116,0,116,1
2020-09-13,El Dorado,17,186661,1077,1035,0,1035,2
2020-09-13,Fresno,19,978130,29353,27196,319,27515,345
2020-09-13,Glenn,21,27897,551,517,0,517,3
2020-09-13,Humboldt,23,135768,478,434,1,435,4
2020-09-13,Imperial,25,180216,11587,10304,7,10311,273
2020-09-13,Inyo,27,18085,186,176,0,176,12
2020-09-13,Kern,29,883053,31104,30277,285,30562,368
2020-09-13,Kings,31,150075,7147,6937,34,6971,70
2020-09-13,Lake,33,64148,463,397,0,397,4
2020-09-13,Lassen,35,31185,731,719,2,721,0
2020-09-13,Los Angeles,37,10098052,256989,253950,1672,255622,6203
2020-09-13,Madera,39,155013,4290,4090,26,4116,45
2020-09-13,Marin,41,260295,6497,6395,15,6410,70
2020-09-13,Mariposa,43,17540,75,74,0,74,2
2020-09-13,Mendocino,45,87422,759,707,0,707,17
2020-09-13,Merced,47,269075,8652,8575,12,8587,112
2020-09-13,Modoc,49,8938,26,21,0,21,0
2020-09-13,Mono,51,14174,165,147,1,148,1
2020-09-13,Monterey,53,433212,9211,8826,20,8846,61
2020-09-13,Napa,55,140530,1615,1563,5,1568,11
2020-09-13,Nevada,57,99092,506,486,13,499,6
2020-09-13,Orange,59,3164182,52533,50061,1341,51402,1075
2020-09-13,Placer,61,380077,3446,3291,13,3304,38
2020-09-13,Plumas,63,18699,48,42,0,42,0
2020-09-13,Riverside,65,2383286,56451,55235,83,55318,1108
2020-09-13,Sacramento,67,1510023,20830,20279,16,20295,367
2020-09-13,San Benito,69,59416,1264,1217,0,1217,7
2020-09-13,San Bernardino,71,2135413,51671,49968,52,50020,895
2020-09-13,San Diego,73,3302833,44279,42681,0,42681,734
2020-09-13,San Francisco,75,870044,10655,10254,23,10277,90
2020-09-13,San Joaquin,77,732212,19598,19110,42,19152,396
2020-09-13,San Luis Obispo,79,281455,3383,3240,15,3255,24
2020-09-13,San Mateo,81,765935,9575,8811,6,8817,127
2020-09-13,Santa Barbara,83,443738,9232,8690,61,8751,104
2020-09-13,Santa Clara,85,1922200,20428,19456,22,19478,245
2020-09-13,Santa Cruz,87,273765,2177,2016,20,2036,7
2020-09-13,Shasta,89,179085,725,583,3,586,10
2020-09-13,Sierra,91,2930,6,6,0,6,0
2020-09-13,Siskiyou,93,43540,151,143,9,152,0
2020-09-13,Solano,95,438530,5996,5810,41,5851,43
2020-09-13,Sonoma,97,501317,6908,6592,19,6611,95
2020-09-13,Stanislaus,99,539301,16038,15759,479,16238,253
2020-09-13,Sutter,101,95872,1594,1539,1,1540,10
2020-09-13,Tehama,103,63373,489,476,1,477,1
2020-09-13,Trinity,105,12862,25,14,4,18,0
2020-09-13,Tulare,107,460477,15518,15098,79,15177,254
2020-09-13,Tuolumne,109,53932,224,208,2,210,1
2020-09-13,Ventura,111,848112,12354,11855,124,11979,123
2020-09-13,Yolo,113,214977,2730,2675,6,2681,53
2020-09-13,Yuba,115,75493,1024,967,4,971,1
2020-09-12,Alameda,1,1643700,20322,19758,157,19915,307
2020-09-12,Alpine,3,1148,3,2,0,2,0
2020-09-12,Amador,5,37829,281,278,0,278,16
2020-09-12,Butte,7,227075,2760,2629,16,2645,37
2020-09-12,Calaveras,9,45235,300,246,0,246,3
2020-09-12,Colusa,11,21464,507,486,0,486,6
2020-09-12,Contra Costa,13,1133247,15966,15135,78,15213,174
2020-09-12,Del Norte,15,27424,126,116,0,116,1
2020-09-12,El Dorado,17,186661,1070,1034,0,1034,2
2020-09-12,Fresno,19,978130,29284,27076,318,27394,345
2020-09-12,Glenn,21,27897,550,517,0,517,3
2020-09-12,Humboldt,23,135768,477,430,1,431,4
2020-09-12,Imperial,25,180216,11575,10305,7,10312,273
2020-09-12,Inyo,27,18085,186,177,0,177,12
2020-09-12,Kern,29,883053,31038,30202,285,30487,368
2020-09-12,Kings,31,150075,7137,6895,34,6929,70
2020-09-12,Lake,33,64148,457,393,0,393,4
2020-09-12,Lassen,35,31185,731,719,2,721,0
2020-09-12,Los Angeles,37,10098052,256430,253156,1651,254807,6193
2020-09-12,Madera,39,155013,4279,4058,26,4084,43
2020-09-12,Marin,41,260295,6488,6393,15,6408,69
2020-09-12,Mariposa,43,17540,75,72,0,72,2
2020-09-12,Mendocino,45,87422,756,700,0,700,17
2020-09-12,Merced,47,269075,8643,8533,12,8545,112
2020-09-12,Modoc,49,8938,25,21,0,21,0
2020-09-12,Mono,51,14174,165,147,1,148,1
2020-09-12,Monterey,53,433212,9175,8743,20,8763,61
2020-09-12,Napa,55,140530,1612,1556,5,1561,11
2020-09-12,Nevada,57,99092,505,482,13,495,6
2020-09-12,Orange,59,3164182,52420,49895,1337,51232,1078
2020-09-12,Placer,61,380077,3429,3280,13,3293,38
2020-09-12,Plumas,63,18699,48,42,0,42,0
2020-09-12,Riverside,65,2383286,56324,55058,78,55136,1108
2020-09-12,Sacramento,67,1510023,20762,20184,16,20200,367
2020-09-12,San Benito,69,59416,1261,1208,0,1208,7
2020-09-12,San Bernardino,71,2135413,51580,49945,51,49996,896
2020-09-12,San Diego,73,3302833,44085,42416,0,42416,747
2020-09-12,San Francisco,75,870044,10610,10257,23,10280,90
2020-09-12,San Joaquin,77,732212,19570,19108,42,19150,396
2020-09-12,San Luis Obispo,79,281455,3357,3220,15,3235,24
2020-09-12,San Mateo,81,765935,9530,8759,6,8765,127
2020-09-12,Santa Barbara,83,443738,9217,8642,61,8703,104
2020-09-12,Santa Clara,85,1922200,20344,19330,22,19352,237
2020-09-12,Santa Cruz,87,273765,2165,2016,20,2036,7
2020-09-12,Shasta,89,179085,713,569,3,572,10
2020-09-12,Sierra,91,2930,6,6,0,6,0
2020-09-12,Siskiyou,93,43540,151,141,9,150,0
2020-09-12,Solano,95,438530,5972,5772,41,5813,43
2020-09-12,Sonoma,97,501317,6884,6531,19,6550,95
2020-09-12,Stanislaus,99,539301,16006,15675,476,16151,253
2020-09-12,Sutter,101,95872,1588,1529,1,1530,10
2020-09-12,Tehama,103,63373,486,471,1,472,1
2020-09-12,Trinity,105,12862,25,15,4,19,0
2020-09-12,Tulare,107,460477,15473,15018,78,15096,254
2020-09-12,Tuolumne,109,53932,224,208,2,210,1
2020-09-12,Ventura,111,848112,12303,11759,122,11881,123
2020-09-12,Yolo,113,214977,2723,2646,6,2652,53
2020-09-12,Yuba,115,75493,1020,963,4,967,1
2020-09-11,Alameda,1,1643700,20266,19625,156,19781,298
2020-09-11,Alpine,3,1148,3,2,0,2,0
2020-09-11,Amador,5,37829,281,277,0,277,16
2020-09-11,Butte,7,227075,2749,2605,16,2621,37
2020-09-11,Calaveras,9,45235,299,242,0,242,1
2020-09-11,Colusa,11,21464,506,484,0,484,6
2020-09-11,Contra Costa,13,1133247,15913,15001,75,15076,173
2020-09-11,Del Norte,15,27424,126,115,0,115,1
2020-09-11,El Dorado,17,186661,1067,1024,0,1024,2
2020-09-11,Fresno,19,978130,29204,26917,317,27234,344
2020-09-11,Glenn,21,27897,545,515,0,515,3
2020-09-11,Humboldt,23,135768,475,426,1,427,4
2020-09-11,Imperial,25,180216,11557,10286,7,10293,273
2020-09-11,Inyo,27,18085,186,176,0,176,12
2020-09-11,Kern,29,883053,30971,30059,284,30343,365
2020-09-11,Kings,31,150075,7120,6770,34,6804,70
2020-09-11,Lake,33,64148,450,382,0,382,4
2020-09-11,Lassen,35,31185,731,719,2,721,0
2020-09-11,Los Angeles,37,10098052,255749,252057,1640,253697,6172
2020-09-11,Madera,39,155013,4260,4018,26,4044,43
2020-09-11,Marin,41,260295,6485,6364,15,6379,69
2020-09-11,Mariposa,43,17540,75,72,0,72,2
2020-09-11,Mendocino,45,87422,745,700,0,700,17
2020-09-11,Merced,47,269075,8622,8489,12,8501,109
2020-09-11,Modoc,49,8938,25,21,0,21,0
2020-09-11,Mono,51,14174,165,145,1,146,1
2020-09-11,Monterey,53,433212,9127,8595,20,8615,61
2020-09-11,Napa,55,140530,1601,1543,5,1548,11
2020-09-11,Nevada,57,99092,498,483,13,496,6
2020-09-11,Orange,59,3164182,52293,49755,1324,51079,1068
2020-09-11,Placer,61,380077,3414,3254,13,3267,37
2020-09-11,Plumas,63,18699,48,42,0,42,0
2020-09-11,Riverside,65,2383286,56191,54717,75,54792,1099
2020-09-11,Sacramento,67,1510023,20675,20012,16,20028,358
2020-09-11,San Benito,69,59416,1251,1202,0,1202,7
2020-09-11,San Bernardino,71,2135413,51480,49682,51,49733,871
2020-09-11,San Diego,73,3302833,43865,41971,0,41971,730
2020-09-11,San Francisco,75,870044,10561,10133,22,10155,89
2020-09-11,San Joaquin,77,732212,19523,19019,42,19061,391
2020-09-11,San Luis Obispo,79,281455,3339,3190,15,3205,24
2020-09-11,San Mateo,81,765935,9488,8611,6,8617,127
2020-09-11,Santa Barbara,83,443738,9183,8592,60,8652,103
2020-09-11,Santa Clara,85,1922200,20254,19065,22,19087,234
2020-09-11,Santa Cruz,87,273765,2148,1997,20,2017,7
2020-09-11,Shasta,89,179085,703,568,3,571,10
2020-09-11,Sierra,91,2930,6,6,0,6,0
2020-09-11,Siskiyou,93,43540,150,139,9,148,0
2020-09-11,Solano,95,438530,5955,5742,41,5783,42
2020-09-11,Sonoma,97,501317,6839,6469,19,6488,91
2020-09-11,Stanislaus,99,539301,15968,15613,473,16086,253
2020-09-11,Sutter,101,95872,1578,1505,1,1506,11
2020-09-11,Tehama,103,63373,483,466,1,467,1
2020-09-11,Trinity,105,12862,25,16,4,20,0
2020-09-11,Tulare,107,460477,15442,14932,76,15008,251
2020-09-11,Tuolumne,109,53932,224,208,2,210,1
2020-09-11,Ventura,111,848112,12249,11700,120,11820,123
2020-09-11,Yolo,113,214977,2712,2632,6,2638,53
2020-09-11,Yuba,115,75493,1012,946,4,950,1
2020-09-10,Alameda,1,1643700,20192,19509,156,19665,292
2020-09-10,Alpine,3,1148,3,2,0,2,0
2020-09-10,Amador,5,37829,280,277,0,277,16
2020-09-10,Butte,7,227075,2732,2590,16,2606,37
2020-09-10,Calaveras,9,45235,299,244,0,244,1
2020-09-10,Colusa,11,21464,504,482,0,482,6
2020-09-10,Contra Costa,13,1133247,15843,14909,75,14984,172
2020-09-10,Del Norte,15,27424,125,112,0,112,1
2020-09-10,El Dorado,17,186661,1064,1020,0,1020,2
2020-09-10,Fresno,19,978130,29083,26783,317,27100,338
2020-09-10,Glenn,21,27897,535,511,0,511,3
2020-09-10,Humboldt,23,135768,464,422,1,423,4
2020-09-10,Imperial,25,180216,11541,10251,7,10258,270
2020-09-10,Inyo,27,18085,185,176,0,176,11
2020-09-10,Kern,29,883053,30890,29988,280,30268,363
2020-09-10,Kings,31,150075,7090,6739,34,6773,70
2020-09-10,Lake,33,64148,443,377,0,377,4
2020-09-10,Lassen,35,31185,730,716,2,718,0
2020-09-10,Los Angeles,37,10098052,254770,251003,1618,252621,6132
2020-09-10,Madera,39,155013,4242,3979,26,4005,43
2020-09-10,Marin,41,260295,6474,6344,15,6359,68
2020-09-10,Mariposa,43,17540,75,72,0,72,2
2020-09-10,Mendocino,45,87422,735,697,0,697,16
2020-09-10,Merced,47,269075,8576,8461,12,8473,109
2020-09-10,Modoc,49,8938,25,21,0,21,0
2020-09-10,Mono,51,14174,165,145,1,146,1
2020-09-10,Monterey,53,433212,9057,8570,20,8590,59
2020-09-10,Napa,55,140530,1595,1536,5,1541,11
2020-09-10,Nevada,57,99092,494,478,13,491,6
2020-09-10,Orange,59,3164182,52130,49617,1317,50934,1057
2020-09-10,Placer,61,380077,3395,3233,13,3246,37
2020-09-10,Plumas,63,18699,48,42,0,42,0
2020-09-10,Riverside,65,2383286,55873,54417,72,54489,1091
2020-09-10,Sacramento,67,1510023,20555,19618,14,19632,354
2020-09-10,San Benito,69,59416,1245,1201,0,1201,5
2020-09-10,San Bernardino,71,2135413,51291,49467,50,49517,867
2020-09-10,San Diego,73,3302833,43599,41610,0,41610,725
2020-09-10,San Francisco,75,870044,10484,10082,22,10104,89
2020-09-10,San Joaquin,77,732212,19470,18854,42,18896,389
2020-09-10,San Luis Obispo,79,281455,3326,3161,15,3176,24
2020-09-10,San Mateo,81,765935,9442,8529,6,8535,125
2020-09-10,Santa Barbara,83,443738,9139,8552,60,8612,100
2020-09-10,Santa Clara,85,1922200,20140,18870,22,18892,231
2020-09-10,Santa Cruz,87,273765,2133,1986,18,2004,7
2020-09-10,Shasta,89,179085,692,566,3,569,10
2020-09-10,Sierra,91,2930,6,6,0,6,0
2020-09-10,Siskiyou,93,43540,150,137,9,146,0
2020-09-10,Solano,95,438530,5915,5696,41,5737,42
2020-09-10,Sonoma,97,501317,6790,6424,19,6443,91
2020-09-10,Stanislaus,99,539301,15914,15509,468,15977,243
2020-09-10,Sutter,101,95872,1566,1494,1,1495,11
2020-09-10,Tehama,103,63373,476,466,1,467,1
2020-09-10,Trinity,105,12862,25,15,4,19,0
2020-09-10,Tulare,107,460477,15387,14860,73,14933,250
2020-09-10,Tuolumne,109,53932,223,205,2,207,1
2020-09-10,Ventura,111,848112,12157,11600,113,11713,122
2020-09-10,Yolo,113,214977,2707,2612,6,2618,53
2020-09-10,Yuba,115,75493,1006,941,4,945,1
2020-09-09,Alameda,1,1643700,20113,19399,155,19554,289
2020-09-09,Alpine,3,1148,3,2,0,2,0
2020-09-09,Amador,5,37829,279,276,0,276,16
2020-09-09,Butte,7,227075,2715,2561,16,2577,37
2020-09-09,Calaveras,9,45235,299,242,0,242,1
2020-09-09,Colusa,11,21464,499,479,0,479,6
2020-09-09,Contra Costa,13,1133247,15757,14816,75,14891,171
2020-09-09,Del Norte,15,27424,121,109,0,109,1
2020-09-09,El Dorado,17,186661,1063,1020,0,1020,2
2020-09-09,Fresno,19,978130,28980,26724,312,27036,329
2020-09-09,Glenn,21,27897,532,508,0,508,3
2020-09-09,Humboldt,23,135768,462,420,1,421,4
2020-09-09,Imperial,25,180216,11520,10233,7,10240,268
2020-09-09,Inyo,27,18085,184,173,0,173,2
2020-09-09,Kern,29,883053,30793,29925,277,30202,355
2020-09-09,Kings,31,150075,7072,6721,34,6755,72
2020-09-09,Lake,33,64148,435,371,0,371,4
2020-09-09,Lassen,35,31185,729,714,2,716,0
2020-09-09,Los Angeles,37,10098052,253888,249876,1599,251475,6091
2020-09-09,Madera,39,155013,4217,3926,26,3952,43
2020-09-09,Marin,41,260295,6455,6321,15,6336,68
2020-09-09,Mariposa,43,17540,74,72,0,72,2
2020-09-09,Mendocino,45,87422,727,695,0,695,16
2020-09-09,Merced,47,269075,8550,8441,12,8453,107
2020-09-09,Modoc,49,8938,24,20,0,20,0
2020-09-09,Mono,51,14174,165,145,1,146,1
2020-09-09,Monterey,53,433212,8985,8527,20,8547,59
2020-09-09,Napa,55,140530,1585,1531,5,1536,11
2020-09-09,Nevada,57,99092,490,476,13,489,6
2020-09-09,Orange,59,3164182,51951,49394,1309,50703,1054
2020-09-09,Placer,61,380077,3376,3222,13,3235,36
2020-09-09,Plumas,63,18699,46,42,0,42,0
2020-09-09,Riverside,65,2383286,55643,54320,69,54389,1081
2020-09-09,Sacramento,67,1510023,20449,19474,14,19488,347
2020-09-09,San Benito,69,59416,1241,1199,0,1199,5
2020-09-09,San Bernardino,71,2135413,51093,49264,50,49314,866
2020-09-09,San Diego,73,3302833,43310,41326,0,41326,721
2020-09-09,San Francisco,75,870044,10434,9996,21,10017,86
2020-09-09,San Joaquin,77,732212,19406,18799,41,18840,388
2020-09-09,San Luis Obispo,79,281455,3308,3131,15,3146,24
2020-09-09,San Mateo,81,765935,9381,8478,6,8484,125
2020-09-09,Santa Barbara,83,443738,9096,8528,60,8588,97
2020-09-09,Santa Clara,85,1922200,20009,18759,22,18781,228
2020-09-09,Santa Cruz,87,273765,2110,1967,18,1985,7
2020-09-09,Shasta,89,179085,680,562,3,565,10
2020-09-09,Sierra,91,2930,6,6,0,6,0
2020-09-09,Siskiyou,93,43540,148,137,9,146,0
2020-09-09,Solano,95,438530,5883,5680,41,5721,36
2020-09-09,Sonoma,97,501317,6723,6397,19,6416,92
2020-09-09,Stanislaus,99,539301,15876,15469,455,15924,243
2020-09-09,Sutter,101,95872,1558,1487,1,1488,11
2020-09-09,Tehama,103,63373,473,462,1,463,1
2020-09-09,Trinity,105,12862,25,14,4,18,0
2020-09-09,Tulare,107,460477,15337,14787,68,14855,249
2020-09-09,Tuolumne,109,53932,222,204,2,206,1
2020-09-09,Ventura,111,848112,12069,11497,110,11607,121
2020-09-09,Yolo,113,214977,2696,2604,6,2610,53
2020-09-09,Yuba,115,75493,1001,936,4,940,1
2020-09-08,Alameda,1,1643700,20006,19293,155,19448,288
2020-09-08,Alpine,3,1148,3,2,0,2,0
2020-09-08,Amador,5,37829,279,276,0,276,16
2020-09-08,Butte,7,227075,2697,2453,16,2469,36
2020-09-08,Calaveras,9,45235,297,233,0,233,1
2020-09-08,Colusa,11,21464,497,475,0,475,6
2020-09-08,Contra Costa,13,1133247,15629,14740,72,14812,171
2020-09-08,Del Norte,15,27424,121,109,0,109,2
2020-09-08,El Dorado,17,186661,1060,1011,0,1011,2
2020-09-08,Fresno,19,978130,28861,26640,308,26948,329
2020-09-08,Glenn,21,27897,528,492,0,492,3
2020-09-08,Humboldt,23,135768,460,420,1,421,4
2020-09-08,Imperial,25,180216,11504,10198,7,10205,267
2020-09-08,Inyo,27,18085,184,169,0,169,2
2020-09-08,Kern,29,883053,30708,29850,275,30125,351
2020-09-08,Kings,31,150075,7034,6658,34,6692,72
2020-09-08,Lake,33,64148,425,370,0,370,4
2020-09-08,Lassen,35,31185,729,710,2,712,0
2020-09-08,Los Angeles,37,10098052,252953,249217,1571,250788,6034
2020-09-08,Madera,39,155013,4193,3904,26,3930,43
2020-09-08,Marin,41,260295,6424,6313,15,6328,68
2020-09-08,Mariposa,43,17540,74,72,0,72,2
2020-09-08,Mendocino,45,87422,720,690,0,690,16
2020-09-08,Merced,47,269075,8527,8381,12,8393,104
2020-09-08,Modoc,49,8938,24,20,0,20,0
2020-09-08,Mono,51,14174,165,145,1,146,1
2020-09-08,Monterey,53,433212,8900,8491,20,8511,59
2020-09-08,Napa,55,140530,1581,1518,5,1523,11
2020-09-08,Nevada,57,99092,490,470,13,483,6
2020-09-08,Orange,59,3164182,51810,49214,1305,50519,1044
2020-09-08,Placer,61,380077,3362,3205,13,3218,36
2020-09-08,Plumas,63,18699,46,42,0,42,0
2020-09-08,Riverside,65,2383286,55431,54168,66,54234,1069
2020-09-08,Sacramento,67,1510023,20214,19411,14,19425,347
2020-09-08,San Benito,69,59416,1234,1188,0,1188,5
2020-09-08,San Bernardino,71,2135413,50904,49034,49,49083,856
2020-09-08,San Diego,73,3302833,42994,41079,0,41079,709
2020-09-08,San Francisco,75,870044,10361,9821,21,9842,86
2020-09-08,San Joaquin,77,732212,19328,18550,41,18591,388
2020-09-08,San Luis Obispo,79,281455,3294,3120,15,3135,23
2020-09-08,San Mateo,81,765935,9305,8460,6,8466,125
2020-09-08,Santa Barbara,83,443738,9062,8488,59,8547,96
2020-09-08,Santa Clara,85,1922200,19833,18645,22,18667,228
2020-09-08,Santa Cruz,87,273765,2082,1903,18,1921,7
2020-09-08,Shasta,89,179085,672,556,3,559,10
2020-09-08,Sierra,91,2930,6,6,0,6,0
2020-09-08,Siskiyou,93,43540,146,136,9,145,0
2020-09-08,Solano,95,438530,5846,5654,41,5695,36
2020-09-08,Sonoma,97,501317,6654,6356,19,6375,92
2020-09-08,Stanislaus,99,539301,15812,15415,443,15858,238
2020-09-08,Sutter,101,95872,1544,1473,1,1474,11
2020-09-08,Tehama,103,63373,469,458,1,459,1
2020-09-08,Trinity,105,12862,24,13,4,17,0
2020-09-08,Tulare,107,460477,15257,14635,67,14702,249
2020-09-08,Tuolumne,109,53932,221,197,2,199,1
2020-09-08,Ventura,111,848112,12001,11475,108,11583,118
2020-09-08,Yolo,113,214977,2686,2580,6,2586,53
2020-09-08,Yuba,115,75493,989,923,4,927,1
2020-09-07,Alameda,1,1643700,19884,19188,150,19338,281
2020-09-07,Alpine,3,1148,3,2,0,2,0
2020-09-07,Amador,5,37829,279,276,0,276,16
2020-09-07,Butte,7,227075,2664,2450,15,2465,30
2020-09-07,Calaveras,9,45235,287,234,0,234,1
2020-09-07,Colusa,11,21464,496,475,0,475,6
2020-09-07,Contra Costa,13,1133247,15516,14637,69,14706,172
2020-09-07,Del Norte,15,27424,121,109,0,109,2
2020-09-07,El Dorado,17,186661,1049,1011,0,1011,2
2020-09-07,Fresno,19,978130,28768,26565,304,26869,329
2020-09-07,Glenn,21,27897,523,488,0,488,3
2020-09-07,Humboldt,23,135768,451,416,1,417,4
2020-09-07,Imperial,25,180216,11473,10199,7,10206,267
2020-09-07,Inyo,27,18085,184,169,0,169,2
2020-09-07,Kern,29,883053,30587,29790,270,30060,348
2020-09-07,Kings,31,150075,6910,6630,34,6664,72
2020-09-07,Lake,33,64148,402,367,0,367,2
2020-09-07,Lassen,35,31185,729,709,2,711,0
2020-09-07,Los Angeles,37,10098052,251908,248804,1548,250352,6030
2020-09-07,Madera,39,155013,4162,3889,26,3915,43
2020-09-07,Marin,41,260295,6394,6296,15,6311,67
2020-09-07,Mariposa,43,17540,74,72,0,72,2
2020-09-07,Mendocino,45,87422,712,687,0,687,16
2020-09-07,Merced,47,269075,8480,8381,12,8393,104
2020-09-07,Modoc,49,8938,23,20,0,20,0
2020-09-07,Mono,51,14174,165,145,1,146,1
2020-09-07,Monterey,53,433212,8821,8463,20,8483,57
2020-09-07,Napa,55,140530,1569,1514,5,1519,11
2020-09-07,Nevada,57,99092,488,469,13,482,6
2020-09-07,Orange,59,3164182,51640,49132,1301,50433,1042
2020-09-07,Placer,61,380077,3331,3188,12,3200,36
2020-09-07,Plumas,63,18699,45,42,0,42,0
2020-09-07,Riverside,65,2383286,55156,54178,60,54238,1069
2020-09-07,Sacramento,67,1510023,19972,19292,14,19306,345
2020-09-07,San Benito,69,59416,1228,1180,0,1180,4
2020-09-07,San Bernardino,71,2135413,50680,49043,49,49092,821
2020-09-07,San Diego,73,3302833,42594,40868,0,40868,708
2020-09-07,San Francisco,75,870044,10310,9813,20,9833,85
2020-09-07,San Joaquin,77,732212,19247,18552,39,18591,386
2020-09-07,San Luis Obispo,79,281455,3257,3116,15,3131,23
2020-09-07,San Mateo,81,765935,9223,8409,6,8415,125
2020-09-07,Santa Barbara,83,443738,9020,8479,59,8538,95
2020-09-07,Santa Clara,85,1922200,19675,18596,21,18617,226
2020-09-07,Santa Cruz,87,273765,2054,1902,18,1920,7
2020-09-07,Shasta,89,179085,662,556,3,559,10
2020-09-07,Sierra,91,2930,6,6,0,6,0
2020-09-07,Siskiyou,93,43540,145,133,9,142,0
2020-09-07,Solano,95,438530,5781,5640,41,5681,36
2020-09-07,Sonoma,97,501317,6587,6268,19,6287,85
2020-09-07,Stanislaus,99,539301,15747,15343,430,15773,236
2020-09-07,Sutter,101,95872,1527,1468,1,1469,11
2020-09-07,Tehama,103,63373,466,453,1,454,1
2020-09-07,Trinity,105,12862,24,13,4,17,0
2020-09-07,Tulare,107,460477,15151,14637,65,14702,249
2020-09-07,Tuolumne,109,53932,220,196,2,198,1
2020-09-07,Ventura,111,848112,11908,11463,106,11569,118
2020-09-07,Yolo,113,214977,2669,2565,5,2570,53
2020-09-07,Yuba,115,75493,973,923,3,926,1
2020-09-06,Alameda,1,1643700,19826,19029,148,19177,281
2020-09-06,Alpine,3,1148,3,2,0,2,0
2020-09-06,Amador,5,37829,277,275,0,275,16
2020-09-06,Butte,7,227075,2655,2446,15,2461,30
2020-09-06,Calaveras,9,45235,287,235,0,235,1
2020-09-06,Colusa,11,21464,492,475,0,475,6
2020-09-06,Contra Costa,13,1133247,15436,14565,68,14633,171
2020-09-06,Del Norte,15,27424,121,109,0,109,2
2020-09-06,El Dorado,17,186661,1047,1008,0,1008,2
2020-09-06,Fresno,19,978130,28704,26471,304,26775,329
2020-09-06,Glenn,21,27897,517,474,0,474,3
2020-09-06,Humboldt,23,135768,448,404,1,405,4
2020-09-06,Imperial,25,180216,11456,10152,7,10159,267
2020-09-06,Inyo,27,18085,184,169,0,169,2
2020-09-06,Kern,29,883053,30532,29699,266,29965,348
2020-09-06,Kings,31,150075,6890,6561,33,6594,72
2020-09-06,Lake,33,64148,399,362,0,362,2
2020-09-06,Lassen,35,31185,729,709,2,711,0
2020-09-06,Los Angeles,37,10098052,251280,248316,1532,249848,6004
2020-09-06,Madera,39,155013,4118,3867,26,3893,42
2020-09-06,Marin,41,260295,6382,6276,15,6291,67
2020-09-06,Mariposa,43,17540,74,72,0,72,2
2020-09-06,Mendocino,45,87422,711,672,0,672,16
2020-09-06,Merced,47,269075,8461,8327,12,8339,104
2020-09-06,Modoc,49,8938,23,20,0,20,0
2020-09-06,Mono,51,14174,164,145,1,146,1
2020-09-06,Monterey,53,433212,8782,8403,19,8422,56
2020-09-06,Napa,55,140530,1565,1501,3,1504,11
2020-09-06,Nevada,57,99092,488,467,13,480,6
2020-09-06,Orange,59,3164182,51528,48931,1296,50227,1042
2020-09-06,Placer,61,380077,3314,3169,12,3181,36
2020-09-06,Plumas,63,18699,44,42,0,42,0
2020-09-06,Riverside,65,2383286,55039,53970,58,54028,1069
2020-09-06,Sacramento,67,1510023,19877,19128,14,19142,340
2020-09-06,San Benito,69,59416,1226,1178,0,1178,4
2020-09-06,San Bernardino,71,2135413,50571,48923,49,48972,823
2020-09-06,San Diego,73,3302833,42346,40652,0,40652,707
2020-09-06,San Francisco,75,870044,10235,9813,20,9833,85
2020-09-06,San Joaquin,77,732212,19198,18558,39,18597,386
2020-09-06,San Luis Obispo,79,281455,3246,3101,15,3116,23
2020-09-06,San Mateo,81,765935,9170,8387,6,8393,125
2020-09-06,Santa Barbara,83,443738,8991,8434,59,8493,95
2020-09-06,Santa Clara,85,1922200,19574,18495,21,18516,207
2020-09-06,Santa Cruz,87,273765,2047,1902,18,1920,7
2020-09-06,Shasta,89,179085,656,550,3,553,10
2020-09-06,Sierra,91,2930,6,6,0,6,0
2020-09-06,Siskiyou,93,43540,145,132,9,141,0
2020-09-06,Solano,95,438530,5755,5619,41,5660,37
2020-09-06,Sonoma,97,501317,6558,6212,19,6231,85
2020-09-06,Stanislaus,99,539301,15704,15288,425,15713,236
2020-09-06,Sutter,101,95872,1514,1451,1,1452,11
2020-09-06,Tehama,103,63373,465,455,1,456,1
2020-09-06,Trinity,105,12862,23,13,4,17,0
2020-09-06,Tulare,107,460477,15108,14636,64,14700,249
2020-09-06,Tuolumne,109,53932,217,194,2,196,1
2020-09-06,Ventura,111,848112,11866,11315,105,11420,118
2020-09-06,Yolo,113,214977,2656,2556,5,2561,53
2020-09-06,Yuba,115,75493,965,913,3,916,1
2020-09-05,Alameda,1,1643700,19779,18973,146,19119,279
2020-09-05,Alpine,3,1148,3,2,0,2,0
2020-09-05,Amador,5,37829,277,274,0,274,16
2020-09-05,Butte,7,227075,2639,2406,14,2420,30
2020-09-05,Calaveras,9,45235,287,237,0,237,1
2020-09-05,Colusa,11,21464,488,472,0,472,6
2020-09-05,Contra Costa,13,1133247,15360,14456,66,14522,173
2020-09-05,Del Norte,15,27424,121,109,0,109,2
2020-09-05,El Dorado,17,186661,1047,1007,0,1007,2
2020-09-05,Fresno,19,978130,28636,26325,304,26629,331
2020-09-05,Glenn,21,27897,516,474,0,474,3
2020-09-05,Humboldt,23,135768,446,402,1,403,4
2020-09-05,Imperial,25,180216,11439,10151,7,10158,268
2020-09-05,Inyo,27,18085,184,169,0,169,2
2020-09-05,Kern,29,883053,30472,29645,262,29907,347
2020-09-05,Kings,31,150075,6881,6518,33,6551,66
2020-09-05,Lake,33,64148,396,359,0,359,2
2020-09-05,Lassen,35,31185,729,709,2,711,0
2020-09-05,Los Angeles,37,10098052,250746,247572,1519,249091,6001
2020-09-05,Madera,39,155013,4077,3851,26,3877,42
2020-09-05,Marin,41,260295,6375,6259,15,6274,66
2020-09-05,Mariposa,43,17540,74,72,0,72,2
2020-09-05,Mendocino,45,87422,710,658,0,658,16
2020-09-05,Merced,47,269075,8429,8297,10,8307,104
2020-09-05,Modoc,49,8938,23,19,0,19,0
2020-09-05,Mono,51,14174,164,145,1,146,1
2020-09-05,Monterey,53,433212,8752,8301,19,8320,56
2020-09-05,Napa,55,140530,1559,1484,3,1487,11
2020-09-05,Nevada,57,99092,485,461,13,474,6
2020-09-05,Orange,59,3164182,51426,48726,1291,50017,1039
2020-09-05,Placer,61,380077,3304,3141,12,3153,35
2020-09-05,Plumas,63,18699,44,42,0,42,0
2020-09-05,Riverside,65,2383286,54933,53780,58,53838,1066
2020-09-05,Sacramento,67,1510023,19788,18955,14,18969,339
2020-09-05,San Benito,69,59416,1224,1153,0,1153,4
2020-09-05,San Bernardino,71,2135413,50496,48800,48,48848,825
2020-09-05,San Diego,73,3302833,42154,40344,0,40344,717
2020-09-05,San Francisco,75,870044,10202,9812,19,9831,85
2020-09-05,San Joaquin,77,732212,19170,18557,39,18596,386
2020-09-05,San Luis Obispo,79,281455,3236,3083,15,3098,23
2020-09-05,San Mateo,81,765935,9125,8352,6,8358,124
2020-09-05,Santa Barbara,83,443738,8974,8404,59,8463,96
2020-09-05,Santa Clara,85,1922200,19489,18311,21,18332,207
2020-09-05,Santa Cruz,87,273765,2039,1904,18,1922,7
2020-09-05,Shasta,89,179085,655,544,3,547,10
2020-09-05,Sierra,91,2930,6,6,0,6,0
2020-09-05,Siskiyou,93,43540,144,131,9,140,0
2020-09-05,Solano,95,438530,5743,5579,41,5620,37
2020-09-05,Sonoma,97,501317,6525,6149,19,6168,85
2020-09-05,Stanislaus,99,539301,15656,15198,421,15619,236
2020-09-05,Sutter,101,95872,1507,1445,1,1446,11
2020-09-05,Tehama,103,63373,464,447,1,448,1
2020-09-05,Trinity,105,12862,23,13,4,17,0
2020-09-05,Tulare,107,460477,15052,14576,62,14638,249
2020-09-05,Tuolumne,109,53932,217,194,2,196,1
2020-09-05,Ventura,111,848112,11825,11254,105,11359,118
2020-09-05,Yolo,113,214977,2646,2534,5,2539,53
2020-09-05,Yuba,115,75493,959,902,3,905,1
2020-09-04,Alameda,1,1643700,19711,18843,144,18987,276
2020-09-04,Alpine,3,1148,3,2,0,2,0
2020-09-04,Amador,5,37829,276,274,0,274,16
2020-09-04,Butte,7,227075,2616,2325,14,2339,28
2020-09-04,Calaveras,9,45235,285,237,0,237,1
2020-09-04,Colusa,11,21464,486,467,0,467,6
2020-09-04,Contra Costa,13,1133247,15280,14355,65,14420,164
2020-09-04,Del Norte,15,27424,121,109,0,109,2
2020-09-04,El Dorado,17,186661,1043,992,0,992,2
2020-09-04,Fresno,19,978130,28531,26147,303,26450,321
2020-09-04,Glenn,21,27897,508,463,0,463,3
2020-09-04,Humboldt,23,135768,441,390,1,391,4
2020-09-04,Imperial,25,180216,11430,10136,7,10143,267
2020-09-04,Inyo,27,18085,184,169,0,169,2
2020-09-04,Kern,29,883053,30404,29526,259,29785,345
2020-09-04,Kings,31,150075,6868,6259,33,6292,66
2020-09-04,Lake,33,64148,396,347,0,347,2
2020-09-04,Lassen,35,31185,729,708,2,710,0
2020-09-04,Los Angeles,37,10098052,250175,246396,1498,247894,5977
2020-09-04,Madera,39,155013,4064,3838,26,3864,42
2020-09-04,Marin,41,260295,6363,6251,15,6266,66
2020-09-04,Mariposa,43,17540,74,72,0,72,2
2020-09-04,Mendocino,45,87422,708,646,0,646,16
2020-09-04,Merced,47,269075,8409,8214,10,8224,104
2020-09-04,Modoc,49,8938,23,15,0,15,0
2020-09-04,Mono,51,14174,164,145,1,146,1
2020-09-04,Monterey,53,433212,8707,8208,19,8227,56
2020-09-04,Napa,55,140530,1550,1475,3,1478,11
2020-09-04,Nevada,57,99092,482,455,13,468,6
2020-09-04,Orange,59,3164182,51302,48488,1284,49772,1031
2020-09-04,Placer,61,380077,3292,3101,12,3113,35
2020-09-04,Plumas,63,18699,44,42,0,42,0
2020-09-04,Riverside,65,2383286,54820,53606,53,53659,1066
2020-09-04,Sacramento,67,1510023,19699,18765,14,18779,337
2020-09-04,San Benito,69,59416,1215,1137,0,1137,4
2020-09-04,San Bernardino,71,2135413,50404,48497,48,48545,800
2020-09-04,San Diego,73,3302833,41924,39901,0,39901,701
2020-09-04,San Francisco,75,870044,10162,9694,18,9712,85
2020-09-04,San Joaquin,77,732212,19116,18438,39,18477,376
2020-09-04,San Luis Obispo,79,281455,3221,3049,14,3063,21
2020-09-04,San Mateo,81,765935,9081,8275,6,8281,122
2020-09-04,Santa Barbara,83,443738,8943,8340,59,8399,96
2020-09-04,Santa Clara,85,1922200,19381,18074,21,18095,209
2020-09-04,Santa Cruz,87,273765,2022,1896,17,1913,7
2020-09-04,Shasta,89,179085,652,536,3,539,10
2020-09-04,Sierra,91,2930,6,6,0,6,0
2020-09-04,Siskiyou,93,43540,144,129,9,138,0
2020-09-04,Solano,95,438530,5730,5552,41,5593,37
2020-09-04,Sonoma,97,501317,6460,6050,19,6069,85
2020-09-04,Stanislaus,99,539301,15621,15074,412,15486,233
2020-09-04,Sutter,101,95872,1491,1425,1,1426,11
2020-09-04,Tehama,103,63373,460,442,1,443,1
2020-09-04,Trinity,105,12862,23,13,4,17,0
2020-09-04,Tulare,107,460477,15024,14501,58,14559,247
2020-09-04,Tuolumne,109,53932,217,193,2,195,1
2020-09-04,Ventura,111,848112,11783,11171,105,11276,114
2020-09-04,Yolo,113,214977,2631,2495,5,2500,53
2020-09-04,Yuba,115,75493,954,884,3,887,1
2020-09-03,Alameda,1,1643700,19608,18687,144,18831,275
2020-09-03,Alpine,3,1148,3,2,0,2,0
2020-09-03,Amador,5,37829,276,274,0,274,16
2020-09-03,Butte,7,227075,2571,2274,14,2288,27
2020-09-03,Calaveras,9,45235,284,238,0,238,1
2020-09-03,Colusa,11,21464,484,464,0,464,6
2020-09-03,Contra Costa,13,1133247,15173,14206,62,14268,159
2020-09-03,Del Norte,15,27424,118,109,0,109,2
2020-09-03,El Dorado,17,186661,1039,983,0,983,2
2020-09-03,Fresno,19,978130,28413,25978,297,26275,313
2020-09-03,Glenn,21,27897,504,460,0,460,3
2020-09-03,Humboldt,23,135768,436,390,1,391,4
2020-09-03,Imperial,25,180216,11410,10083,7,10090,255
2020-09-03,Inyo,27,18085,182,171,0,171,3
2020-09-03,Kern,29,883053,30312,29426,244,29670,340
2020-09-03,Kings,31,150075,6788,6200,33,6233,64
2020-09-03,Lake,33,64148,387,347,0,347,2
2020-09-03,Lassen,35,31185,729,707,2,709,0
2020-09-03,Los Angeles,37,10098052,249299,245026,1476,246502,5931
2020-09-03,Madera,39,155013,4045,3780,26,3806,43
2020-09-03,Marin,41,260295,6344,6175,15,6190,66
2020-09-03,Mariposa,43,17540,74,71,0,71,2
2020-09-03,Mendocino,45,87422,699,638,0,638,16
2020-09-03,Merced,47,269075,8367,8136,10,8146,105
2020-09-03,Modoc,49,8938,23,14,0,14,0
2020-09-03,Mono,51,14174,163,144,1,145,1
2020-09-03,Monterey,53,433212,8653,8128,19,8147,56
2020-09-03,Napa,55,140530,1543,1466,3,1469,10
2020-09-03,Nevada,57,99092,479,453,13,466,6
2020-09-03,Orange,59,3164182,51116,48226,1268,49494,1009
2020-09-03,Placer,61,380077,3274,3069,12,3081,34
2020-09-03,Plumas,63,18699,44,39,0,39,0
2020-09-03,Riverside,65,2383286,54640,53341,49,53390,1052
2020-09-03,Sacramento,67,1510023,19571,18553,13,18566,328
2020-09-03,San Benito,69,59416,1204,1121,0,1121,4
2020-09-03,San Bernardino,71,2135413,50239,48165,48,48213,800
2020-09-03,San Diego,73,3302833,41609,39448,0,39448,700
2020-09-03,San Francisco,75,870044,10096,9636,16,9652,84
2020-09-03,San Joaquin,77,732212,19039,18331,39,18370,371
2020-09-03,San Luis Obispo,79,281455,3204,3023,14,3037,21
2020-09-03,San Mateo,81,765935,9007,8211,6,8217,122
2020-09-03,Santa Barbara,83,443738,8896,8277,59,8336,96
2020-09-03,Santa Clara,85,1922200,19201,17879,21,17900,208
2020-09-03,Santa Cruz,87,273765,2007,1870,17,1887,7
2020-09-03,Shasta,89,179085,647,535,3,538,10
2020-09-03,Sierra,91,2930,6,6,0,6,0
2020-09-03,Siskiyou,93,43540,144,128,9,137,0
2020-09-03,Solano,95,438530,5710,5499,40,5539,36
2020-09-03,Sonoma,97,501317,6398,5997,19,6016,62
2020-09-03,Stanislaus,99,539301,15569,14985,408,15393,217
2020-09-03,Sutter,101,95872,1481,1412,1,1413,11
2020-09-03,Tehama,103,63373,456,436,1,437,1
2020-09-03,Trinity,105,12862,22,13,4,17,0
2020-09-03,Tulare,107,460477,14958,14408,57,14465,244
2020-09-03,Tuolumne,109,53932,217,193,2,195,1
2020-09-03,Ventura,111,848112,11666,11109,102,11211,112
2020-09-03,Yolo,113,214977,2615,2475,5,2480,53
2020-09-03,Yuba,115,75493,947,867,3,870,1
2020-09-02,Alameda,1,1643700,19490,18522,141,18663,260
2020-09-02,Alpine,3,1148,3,2,0,2,0
2020-09-02,Amador,5,37829,276,245,0,245,14
2020-09-02,Butte,7,227075,2525,2241,14,2255,27
2020-09-02,Calaveras,9,45235,283,235,0,235,1
2020-09-02,Colusa,11,21464,480,460,0,460,6
2020-09-02,Contra Costa,13,1133247,15085,14097,59,14156,159
2020-09-02,Del Norte,15,27424,117,109,0,109,2
2020-09-02,El Dorado,17,186661,1035,975,0,975,2
2020-09-02,Fresno,19,978130,28266,25785,294,26079,292
2020-09-02,Glenn,21,27897,499,457,0,457,3
2020-09-02,Humboldt,23,135768,433,381,1,382,4
2020-09-02,Imperial,25,180216,11394,9832,7,9839,255
2020-09-02,Inyo,27,18085,182,171,0,171,3
2020-09-02,Kern,29,883053,30220,29288,238,29526,335
2020-09-02,Kings,31,150075,6703,6142,33,6175,64
2020-09-02,Lake,33,64148,383,342,0,342,2
2020-09-02,Lassen,35,31185,727,706,2,708,0
2020-09-02,Los Angeles,37,10098052,248357,243999,1449,245448,5887
2020-09-02,Madera,39,155013,4025,3735,26,3761,41
2020-09-02,Marin,41,260295,6329,6131,15,6146,66
2020-09-02,Mariposa,43,17540,74,71,0,71,2
2020-09-02,Mendocino,45,87422,689,636,0,636,15
2020-09-02,Merced,47,269075,8336,8097,9,8106,103
2020-09-02,Modoc,49,8938,22,11,0,11,0
2020-09-02,Mono,51,14174,163,145,1,146,1
2020-09-02,Monterey,53,433212,8589,8070,19,8089,56
2020-09-02,Napa,55,140530,1531,1454,3,1457,10
2020-09-02,Nevada,57,99092,473,452,12,464,6
2020-09-02,Orange,59,3164182,50934,47871,1259,49130,994
2020-09-02,Placer,61,380077,3249,3047,11,3058,33
2020-09-02,Plumas,63,18699,44,39,0,39,0
2020-09-02,Riverside,65,2383286,54438,52923,46,52969,1032
2020-09-02,Sacramento,67,1510023,19337,18355,13,18368,316
2020-09-02,San Benito,69,59416,1191,1107,0,1107,4
2020-09-02,San Bernardino,71,2135413,50076,47766,47,47813,794
2020-09-02,San Diego,73,3302833,41289,39123,0,39123,695
2020-09-02,San Francisco,75,870044,10027,9587,16,9603,84
2020-09-02,San Joaquin,77,732212,18958,18194,38,18232,352
2020-09-02,San Luis Obispo,79,281455,3178,3002,13,3015,21
2020-09-02,San Mateo,81,765935,8950,8148,6,8154,122
2020-09-02,Santa Barbara,83,443738,8841,8206,58,8264,94
2020-09-02,Santa Clara,85,1922200,19048,17673,21,17694,206
2020-09-02,Santa Cruz,87,273765,1984,1850,17,1867,7
2020-09-02,Shasta,89,179085,646,531,3,534,10
2020-09-02,Sierra,91,2930,6,6,0,6,0
2020-09-02,Siskiyou,93,43540,143,127,9,136,0
2020-09-02,Solano,95,438530,5682,5463,40,5503,36
2020-09-02,Sonoma,97,501317,6336,5846,19,5865,62
2020-09-02,Stanislaus,99,539301,15499,14854,401,15255,220
2020-09-02,Sutter,101,95872,1466,1401,1,1402,10
2020-09-02,Tehama,103,63373,453,429,1,430,1
2020-09-02,Trinity,105,12862,22,13,4,17,0
2020-09-02,Tulare,107,460477,14892,14298,56,14354,244
2020-09-02,Tuolumne,109,53932,217,190,2,192,1
2020-09-02,Ventura,111,848112,11579,11031,101,11132,111
2020-09-02,Yolo,113,214977,2594,2449,5,2454,54
2020-09-02,Yuba,115,75493,940,856,3,859,1
2020-09-01,Alameda,1,1643700,19351,18382,138,18520,248
2020-09-01,Alpine,3,1148,3,2,0,2,0
2020-09-01,Amador,5,37829,275,244,0,244,13
2020-09-01,Butte,7,227075,2469,2146,13,2159,26
2020-09-01,Calaveras,9,45235,275,228,0,228,1
2020-09-01,Colusa,11,21464,476,454,0,454,6
2020-09-01,Contra Costa,13,1133247,14991,13998,57,14055,158
2020-09-01,Del Norte,15,27424,116,108,0,108,2
2020-09-01,El Dorado,17,186661,1027,972,0,972,2
2020-09-01,Fresno,19,978130,28121,25542,291,25833,290
2020-09-01,Glenn,21,27897,492,449,0,449,3
2020-09-01,Humboldt,23,135768,427,378,1,379,4
2020-09-01,Imperial,25,180216,11368,9782,7,9789,250
2020-09-01,Inyo,27,18085,182,171,0,171,3
2020-09-01,Kern,29,883053,30130,29162,233,29395,332
2020-09-01,Kings,31,150075,6672,6088,33,6121,62
2020-09-01,Lake,33,64148,380,341,0,341,2
2020-09-01,Lassen,35,31185,724,706,2,708,0
2020-09-01,Los Angeles,37,10098052,247254,242633,1422,244055,5832
2020-09-01,Madera,39,155013,3996,3703,25,3728,41
2020-09-01,Marin,41,260295,6314,6102,15,6117,67
2020-09-01,Mariposa,43,17540,73,72,0,72,2
2020-09-01,Mendocino,45,87422,674,626,0,626,15
2020-09-01,Merced,47,269075,8283,8046,8,8054,103
2020-09-01,Modoc,49,8938,20,10,0,10,0
2020-09-01,Mono,51,14174,163,145,1,146,1
2020-09-01,Monterey,53,433212,8481,7926,19,7945,56
2020-09-01,Napa,55,140530,1516,1446,3,1449,10
2020-09-01,Nevada,57,99092,467,450,12,462,6
2020-09-01,Orange,59,3164182,50769,47671,1240,48911,976
2020-09-01,Placer,61,380077,3227,3013,11,3024,33
2020-09-01,Plumas,63,18699,44,39,0,39,0
2020-09-01,Riverside,65,2383286,54219,52785,45,52830,1027
2020-09-01,Sacramento,67,1510023,19153,18217,12,18229,305
2020-09-01,San Benito,69,59416,1179,1089,0,1089,4
2020-09-01,San Bernardino,71,2135413,49869,47371,47,47418,786
2020-09-01,San Diego,73,3302833,40931,38873,0,38873,688
2020-09-01,San Francisco,75,870044,9958,9492,16,9508,83
2020-09-01,San Joaquin,77,732212,18876,17915,37,17952,341
2020-09-01,San Luis Obispo,79,281455,3152,2970,13,2983,21
2020-09-01,San Mateo,81,765935,8871,8132,6,8138,122
2020-09-01,Santa Barbara,83,443738,8791,8142,57,8199,93
2020-09-01,Santa Clara,85,1922200,18870,17319,21,17340,204
2020-09-01,Santa Cruz,87,273765,1960,1752,17,1769,7
2020-09-01,Shasta,89,179085,638,527,3,530,9
2020-09-01,Sierra,91,2930,6,6,0,6,0
2020-09-01,Siskiyou,93,43540,140,128,8,136,0
2020-09-01,Solano,95,438530,5656,5438,40,5478,34
2020-09-01,Sonoma,97,501317,6246,5733,19,5752,60
2020-09-01,Stanislaus,99,539301,15425,14784,391,15175,212
2020-09-01,Sutter,101,95872,1455,1389,1,1390,10
2020-09-01,Tehama,103,63373,449,422,1,423,1
2020-09-01,Trinity,105,12862,22,13,4,17,0
2020-09-01,Tulare,107,460477,14810,14156,56,14212,241
2020-09-01,Tuolumne,109,53932,211,183,2,185,1
2020-09-01,Ventura,111,848112,11505,10899,95,10994,108
2020-09-01,Yolo,113,214977,2577,2440,5,2445,51
2020-09-01,Yuba,115,75493,931,841,3,844,1
2020-08-31,Alameda,1,1643700,19207,18148,138,18286,248
2020-08-31,Alpine,3,1148,3,2,0,2,0
2020-08-31,Amador,5,37829,275,243,0,243,13
2020-08-31,Butte,7,227075,2406,2069,13,2082,26
2020-08-31,Calaveras,9,45235,270,212,0,212,1
2020-08-31,Colusa,11,21464,475,443,0,443,6
2020-08-31,Contra Costa,13,1133247,14864,13902,54,13956,153
2020-08-31,Del Norte,15,27424,116,108,0,108,2
2020-08-31,El Dorado,17,186661,1020,965,0,965,2
2020-08-31,Fresno,19,978130,27903,25185,285,25470,290
2020-08-31,Glenn,21,27897,480,437,0,437,3
2020-08-31,Humboldt,23,135768,425,374,1,375,4
2020-08-31,Imperial,25,180216,11337,9759,7,9766,250
2020-08-31,Inyo,27,18085,181,160,0,160,3
2020-08-31,Kern,29,883053,30032,29067,232,29299,318
2020-08-31,Kings,31,150075,6404,6037,33,6070,62
2020-08-31,Lake,33,64148,364,341,0,341,2
2020-08-31,Lassen,35,31185,721,706,2,708,0
2020-08-31,Los Angeles,37,10098052,246139,241793,1394,243187,5787
2020-08-31,Madera,39,155013,3973,3662,24,3686,35
2020-08-31,Marin,41,260295,6277,6074,15,6089,67
2020-08-31,Mariposa,43,17540,73,69,0,69,2
2020-08-31,Mendocino,45,87422,662,618,0,618,15
2020-08-31,Merced,47,269075,8221,7991,8,7999,79
2020-08-31,Modoc,49,8938,18,10,0,10,0
2020-08-31,Mono,51,14174,163,145,1,146,1
2020-08-31,Monterey,53,433212,8374,7839,19,7858,56
2020-08-31,Napa,55,140530,1508,1434,3,1437,10
2020-08-31,Nevada,57,99092,465,447,12,459,6
2020-08-31,Orange,59,3164182,50571,47392,1211,48603,965
2020-08-31,Placer,61,380077,3176,2989,11,3000,33
2020-08-31,Plumas,63,18699,43,39,0,39,0
2020-08-31,Riverside,65,2383286,53999,52508,43,52551,1020
2020-08-31,Sacramento,67,1510023,18918,17999,12,18011,303
2020-08-31,San Benito,69,59416,1163,1080,0,1080,4
2020-08-31,San Bernardino,71,2135413,49660,47370,46,47416,755
2020-08-31,San Diego,73,3302833,40564,38606,0,38606,682
2020-08-31,San Francisco,75,870044,9879,9293,13,9306,83
2020-08-31,San Joaquin,77,732212,18789,17807,36,17843,338
2020-08-31,San Luis Obispo,79,281455,3129,2951,12,2963,21
2020-08-31,San Mateo,81,765935,8801,8065,6,8071,122
2020-08-31,Santa Barbara,83,443738,8744,8124,57,8181,94
2020-08-31,Santa Clara,85,1922200,18681,17211,21,17232,202
2020-08-31,Santa Cruz,87,273765,1935,1742,17,1759,7
2020-08-31,Shasta,89,179085,633,528,3,531,9
2020-08-31,Sierra,91,2930,6,6,0,6,0
2020-08-31,Siskiyou,93,43540,139,127,8,135,0
2020-08-31,Solano,95,438530,5624,5302,39,5341,34
2020-08-31,Sonoma,97,501317,6171,5650,19,5669,60
2020-08-31,Stanislaus,99,539301,15352,14685,381,15066,213
2020-08-31,Sutter,101,95872,1440,1365,1,1366,10
2020-08-31,Tehama,103,63373,446,421,1,422,1
2020-08-31,Trinity,105,12862,22,13,4,17,0
2020-08-31,Tulare,107,460477,14723,13985,55,14040,237
2020-08-31,Tuolumne,109,53932,211,178,2,180,1
2020-08-31,Ventura,111,848112,11422,10866,94,10960,108
2020-08-31,Yolo,113,214977,2559,2423,5,2428,51
2020-08-31,Yuba,115,75493,917,830,3,833,1
2020-08-30,Alameda,1,1643700,19083,18099,135,18234,248
2020-08-30,Alpine,3,1148,3,2,0,2,0
2020-08-30,Amador,5,37829,274,240,0,240,13
2020-08-30,Butte,7,227075,2326,1988,13,2001,26
2020-08-30,Calaveras,9,45235,261,211,0,211,1
2020-08-30,Colusa,11,21464,474,440,0,440,6
2020-08-30,Contra Costa,13,1133247,14725,13780,54,13834,150
2020-08-30,Del Norte,15,27424,115,108,0,108,2
2020-08-30,El Dorado,17,186661,1010,962,0,962,2
2020-08-30,Fresno,19,978130,27779,24963,284,25247,291
2020-08-30,Glenn,21,27897,473,437,0,437,3
2020-08-30,Humboldt,23,135768,414,362,1,363,4
2020-08-30,Imperial,25,180216,11318,9703,7,9710,250
2020-08-30,Inyo,27,18085,181,160,0,160,3
2020-08-30,Kern,29,883053,29939,28987,232,29219,317
2020-08-30,Kings,31,150075,6358,6000,33,6033,62
2020-08-30,Lake,33,64148,359,334,0,334,2
2020-08-30,Lassen,35,31185,719,706,2,708,0
2020-08-30,Los Angeles,37,10098052,244987,240775,1360,242135,5772
2020-08-30,Madera,39,155013,3944,3626,24,3650,33
2020-08-30,Marin,41,260295,6247,6060,15,6075,66
2020-08-30,Mariposa,43,17540,73,69,0,69,2
2020-08-30,Mendocino,45,87422,656,611,0,611,13
2020-08-30,Merced,47,269075,8146,7960,8,7968,79
2020-08-30,Modoc,49,8938,13,10,0,10,0
2020-08-30,Mono,51,14174,163,145,1,146,1
2020-08-30,Monterey,53,433212,8291,7816,19,7835,54
2020-08-30,Napa,55,140530,1496,1423,3,1426,10
2020-08-30,Nevada,57,99092,462,445,12,457,6
2020-08-30,Orange,59,3164182,50377,47283,1195,48478,965
2020-08-30,Placer,61,380077,3143,2961,11,2972,32
2020-08-30,Plumas,63,18699,42,39,0,39,0
2020-08-30,Riverside,65,2383286,53820,52227,41,52268,1017
2020-08-30,Sacramento,67,1510023,18738,17751,12,17763,300
2020-08-30,San Benito,69,59416,1153,1071,0,1071,4
2020-08-30,San Bernardino,71,2135413,49404,47201,46,47247,755
2020-08-30,San Diego,73,3302833,40166,38302,0,38302,682
2020-08-30,San Francisco,75,870044,9781,9294,10,9304,83
2020-08-30,San Joaquin,77,732212,18672,17637,35,17672,338
2020-08-30,San Luis Obispo,79,281455,3104,2934,12,2946,21
2020-08-30,San Mateo,81,765935,8724,8013,5,8018,122
2020-08-30,Santa Barbara,83,443738,8684,8088,57,8145,93
2020-08-30,Santa Clara,85,1922200,18505,17045,21,17066,202
2020-08-30,Santa Cruz,87,273765,1909,1743,17,1760,7
2020-08-30,Shasta,89,179085,630,525,3,528,9
2020-08-30,Sierra,91,2930,6,6,0,6,0
2020-08-30,Siskiyou,93,43540,137,125,8,133,0
2020-08-30,Solano,95,438530,5580,5303,39,5342,34
2020-08-30,Sonoma,97,501317,6113,5590,19,5609,60
2020-08-30,Stanislaus,99,539301,15281,14580,372,14952,209
2020-08-30,Sutter,101,95872,1418,1351,1,1352,10
2020-08-30,Tehama,103,63373,437,419,1,420,1
2020-08-30,Trinity,105,12862,22,13,4,17,0
2020-08-30,Tulare,107,460477,14628,13985,54,14039,236
2020-08-30,Tuolumne,109,53932,207,178,2,180,1
2020-08-30,Ventura,111,848112,11310,10775,89,10864,108
2020-08-30,Yolo,113,214977,2531,2391,4,2395,51
2020-08-30,Yuba,115,75493,903,832,3,835,1
2020-08-29,Alameda,1,1643700,19017,17888,135,18023,250
2020-08-29,Alpine,3,1148,3,2,0,2,0
2020-08-29,Amador,5,37829,274,239,0,239,13
2020-08-29,Butte,7,227075,2295,1948,13,1961,26
2020-08-29,Calaveras,9,45235,257,211,0,211,1
2020-08-29,Colusa,11,21464,471,440,0,440,6
2020-08-29,Contra Costa,13,1133247,14652,13663,53,13716,159
2020-08-29,Del Norte,15,27424,115,108,0,108,1
2020-08-29,El Dorado,17,186661,1007,958,0,958,2
2020-08-29,Fresno,19,978130,27724,24821,284,25105,291
2020-08-29,Glenn,21,27897,467,437,0,437,3
2020-08-29,Humboldt,23,135768,411,363,1,364,4
2020-08-29,Imperial,25,180216,11303,9698,7,9705,250
2020-08-29,Inyo,27,18085,181,160,0,160,3
2020-08-29,Kern,29,883053,29898,28947,231,29178,317
2020-08-29,Kings,31,150075,6343,5906,33,5939,62
2020-08-29,Lake,33,64148,358,329,0,329,2
2020-08-29,Lassen,35,31185,719,706,2,708,0
2020-08-29,Los Angeles,37,10098052,244332,239815,1347,241162,5762
2020-08-29,Madera,39,155013,3935,3605,23,3628,33
2020-08-29,Marin,41,260295,6235,6007,15,6022,64
2020-08-29,Mariposa,43,17540,73,69,0,69,2
2020-08-29,Mendocino,45,87422,651,596,0,596,13
2020-08-29,Merced,47,269075,8116,7867,8,7875,79
2020-08-29,Modoc,49,8938,13,9,0,9,0
2020-08-29,Mono,51,14174,163,145,1,146,1
2020-08-29,Monterey,53,433212,8246,7680,19,7699,53
2020-08-29,Napa,55,140530,1493,1413,3,1416,10
2020-08-29,Nevada,57,99092,462,442,12,454,5
2020-08-29,Orange,59,3164182,50272,47007,1184,48191,960
2020-08-29,Placer,61,380077,3127,2935,11,2946,32
2020-08-29,Plumas,63,18699,41,39,0,39,0
2020-08-29,Riverside,65,2383286,53709,51918,39,51957,1016
2020-08-29,Sacramento,67,1510023,18667,17588,12,17600,291
2020-08-29,San Benito,69,59416,1144,1045,0,1045,4
2020-08-29,San Bernardino,71,2135413,49290,46849,46,46895,755
2020-08-29,San Diego,73,3302833,39900,38049,0,38049,694
2020-08-29,San Francisco,75,870044,9753,9291,9,9300,83
2020-08-29,San Joaquin,77,732212,18628,17493,35,17528,335
2020-08-29,San Luis Obispo,79,281455,3080,2917,12,2929,21
2020-08-29,San Mateo,81,765935,8682,7928,5,7933,122
2020-08-29,Santa Barbara,83,443738,8658,8052,56,8108,93
2020-08-29,Santa Clara,85,1922200,18408,16898,20,16918,202
2020-08-29,Santa Cruz,87,273765,1897,1746,17,1763,7
2020-08-29,Shasta,89,179085,622,522,3,525,9
2020-08-29,Sierra,91,2930,6,6,0,6,0
2020-08-29,Siskiyou,93,43540,137,121,8,129,0
2020-08-29,Solano,95,438530,5559,5303,39,5342,34
2020-08-29,Sonoma,97,501317,6079,5537,19,5556,60
2020-08-29,Stanislaus,99,539301,15232,14479,362,14841,208
2020-08-29,Sutter,101,95872,1413,1333,1,1334,9
2020-08-29,Tehama,103,63373,436,417,1,418,1
2020-08-29,Trinity,105,12862,22,11,4,15,0
2020-08-29,Tulare,107,460477,14590,13890,53,13943,236
2020-08-29,Tuolumne,109,53932,207,178,2,180,1
2020-08-29,Ventura,111,848112,11270,10705,89,10794,108
2020-08-29,Yolo,113,214977,2513,2357,4,2361,51
2020-08-29,Yuba,115,75493,894,822,3,825,1
2020-08-28,Alameda,1,1643700,18933,17729,134,17863,237
2020-08-28,Alpine,3,1148,3,2,0,2,0
2020-08-28,Amador,5,37829,274,234,0,234,13
2020-08-28,Butte,7,227075,2265,1886,13,1899,25
2020-08-28,Calaveras,9,45235,255,207,0,207,1
2020-08-28,Colusa,11,21464,470,441,0,441,6
2020-08-28,Contra Costa,13,1133247,14581,13522,52,13574,158
2020-08-28,Del Norte,15,27424,115,107,0,107,1
2020-08-28,El Dorado,17,186661,1001,949,0,949,2
2020-08-28,Fresno,19,978130,27590,24612,284,24896,282
2020-08-28,Glenn,21,27897,460,429,0,429,3
2020-08-28,Humboldt,23,135768,407,362,1,363,4
2020-08-28,Imperial,25,180216,11289,9656,7,9663,241
2020-08-28,Inyo,27,18085,180,160,0,160,2
2020-08-28,Kern,29,883053,29851,28744,231,28975,306
2020-08-28,Kings,31,150075,6336,5829,32,5861,62
2020-08-28,Lake,33,64148,353,320,0,320,2
2020-08-28,Lassen,35,31185,719,704,2,706,0
2020-08-28,Los Angeles,37,10098052,243523,238544,1322,239866,5740
2020-08-28,Madera,39,155013,3916,3552,23,3575,33
2020-08-28,Marin,41,260295,6213,5991,15,6006,63
2020-08-28,Mariposa,43,17540,73,67,0,67,2
2020-08-28,Mendocino,45,87422,646,588,0,588,11
2020-08-28,Merced,47,269075,8086,7803,8,7811,77
2020-08-28,Modoc,49,8938,13,6,0,6,0
2020-08-28,Mono,51,14174,163,145,1,146,1
2020-08-28,Monterey,53,433212,8189,7591,19,7610,53
2020-08-28,Napa,55,140530,1485,1403,3,1406,10
2020-08-28,Nevada,57,99092,461,438,12,450,5
2020-08-28,Orange,59,3164182,50172,46696,1169,47865,942
2020-08-28,Placer,61,380077,3116,2891,11,2902,32
2020-08-28,Plumas,63,18699,41,39,0,39,0
2020-08-28,Riverside,65,2383286,53578,51510,36,51546,1008
2020-08-28,Sacramento,67,1510023,18569,17119,12,17131,283
2020-08-28,San Benito,69,59416,1128,1016,0,1016,3
2020-08-28,San Bernardino,71,2135413,49174,46553,46,46599,754
2020-08-28,San Diego,73,3302833,39670,37786,0,37786,676
2020-08-28,San Francisco,75,870044,9699,9135,9,9144,83
2020-08-28,San Joaquin,77,732212,18575,17114,34,17148,314
2020-08-28,San Luis Obispo,79,281455,3063,2849,12,2861,20
2020-08-28,San Mateo,81,765935,8635,7783,5,7788,121
2020-08-28,Santa Barbara,83,443738,8624,8001,56,8057,92
2020-08-28,Santa Clara,85,1922200,18277,16696,20,16716,201
2020-08-28,Santa Cruz,87,273765,1885,1747,17,1764,7
2020-08-28,Shasta,89,179085,618,516,3,519,9
2020-08-28,Sierra,91,2930,6,6,0,6,0
2020-08-28,Siskiyou,93,43540,135,119,8,127,0
2020-08-28,Solano,95,438530,5540,5219,39,5258,34
2020-08-28,Sonoma,97,501317,6044,5425,18,5443,58
2020-08-28,Stanislaus,99,539301,15190,14176,358,14534,190
2020-08-28,Sutter,101,95872,1403,1308,1,1309,9
2020-08-28,Tehama,103,63373,431,410,1,411,1
2020-08-28,Trinity,105,12862,22,11,4,15,0
2020-08-28,Tulare,107,460477,14544,13776,53,13829,236
2020-08-28,Tuolumne,109,53932,207,176,2,178,1
2020-08-28,Ventura,111,848112,11234,10606,87,10693,103
2020-08-28,Yolo,113,214977,2504,2323,4,2327,51
2020-08-28,Yuba,115,75493,885,810,3,813,1
2020-08-27,Alameda,1,1643700,18789,17584,131,17715,234
2020-08-27,Alpine,3,1148,3,2,0,2,0
2020-08-27,Amador,5,37829,273,233,0,233,13
2020-08-27,Butte,7,227075,2199,1803,12,1815,25
2020-08-27,Calaveras,9,45235,249,204,0,204,1
2020-08-27,Colusa,11,21464,468,438,0,438,6
2020-08-27,Contra Costa,13,1133247,14481,13379,51,13430,158
2020-08-27,Del Norte,15,27424,115,107,0,107,1
2020-08-27,El Dorado,17,186661,997,942,0,942,2
2020-08-27,Fresno,19,978130,27410,24367,280,24647,272
2020-08-27,Glenn,21,27897,452,429,0,429,3
2020-08-27,Humboldt,23,135768,399,358,1,359,4
2020-08-27,Imperial,25,180216,11262,9608,7,9615,235
2020-08-27,Inyo,27,18085,180,157,0,157,2
2020-08-27,Kern,29,883053,29779,28635,222,28857,294
2020-08-27,Kings,31,150075,6314,5759,32,5791,62
2020-08-27,Lake,33,64148,351,314,0,314,2
2020-08-27,Lassen,35,31185,719,703,2,705,0
2020-08-27,Los Angeles,37,10098052,242512,237103,1304,238407,5704
2020-08-27,Madera,39,155013,3890,3465,23,3488,33
2020-08-27,Marin,41,260295,6189,5929,15,5944,62
2020-08-27,Mariposa,43,17540,73,67,0,67,2
2020-08-27,Mendocino,45,87422,637,581,0,581,10
2020-08-27,Merced,47,269075,8042,7765,8,7773,75
2020-08-27,Modoc,49,8938,11,5,0,5,0
2020-08-27,Mono,51,14174,163,145,1,146,1
2020-08-27,Monterey,53,433212,8095,7501,19,7520,52
2020-08-27,Napa,55,140530,1479,1397,3,1400,10
2020-08-27,Nevada,57,99092,458,435,12,447,5
2020-08-27,Orange,59,3164182,50015,46449,1158,47607,935
2020-08-27,Placer,61,380077,3085,2869,11,2880,32
2020-08-27,Plumas,63,18699,40,39,0,39,0
2020-08-27,Riverside,65,2383286,53371,51306,33,51339,999
2020-08-27,Sacramento,67,1510023,18370,16875,12,16887,281
2020-08-27,San Benito,69,59416,1112,987,0,987,3
2020-08-27,San Bernardino,71,2135413,48948,46345,46,46391,751
2020-08-27,San Diego,73,3302833,39399,37501,0,37501,673
2020-08-27,San Francisco,75,870044,9633,9014,9,9023,83
2020-08-27,San Joaquin,77,732212,18495,16989,34,17023,314
2020-08-27,San Luis Obispo,79,281455,3038,2808,12,2820,20
2020-08-27,San Mateo,81,765935,8527,7728,5,7733,121
2020-08-27,Santa Barbara,83,443738,8586,7934,56,7990,92
2020-08-27,Santa Clara,85,1922200,18094,16495,20,16515,199
2020-08-27,Santa Cruz,87,273765,1868,1734,17,1751,7
2020-08-27,Shasta,89,179085,612,512,3,515,9
2020-08-27,Sierra,91,2930,6,6,0,6,0
2020-08-27,Siskiyou,93,43540,135,118,8,126,0
2020-08-27,Solano,95,438530,5502,5167,39,5206,34
2020-08-27,Sonoma,97,501317,5932,5357,18,5375,58
2020-08-27,Stanislaus,99,539301,15110,14080,354,14434,186
2020-08-27,Sutter,101,95872,1383,1296,1,1297,9
2020-08-27,Tehama,103,63373,426,398,1,399,1
2020-08-27,Trinity,105,12862,22,11,4,15,0
2020-08-27,Tulare,107,460477,14452,13666,52,13718,231
2020-08-27,Tuolumne,109,53932,202,174,2,176,1
2020-08-27,Ventura,111,848112,11171,10483,83,10566,102
2020-08-27,Yolo,113,214977,2480,2293,4,2297,51
2020-08-27,Yuba,115,75493,874,807,3,810,1
2020-08-26,Alameda,1,1643700,18628,17373,131,17504,233
2020-08-26,Alpine,3,1148,3,2,0,2,0
2020-08-26,Amador,5,37829,273,229,0,229,13
2020-08-26,Butte,7,227075,2132,1765,10,1775,25
2020-08-26,Calaveras,9,45235,241,201,0,201,1
2020-08-26,Colusa,11,21464,462,433,0,433,5
2020-08-26,Contra Costa,13,1133247,14343,13248,51,13299,157
2020-08-26,Del Norte,15,27424,114,86,0,86,1
2020-08-26,El Dorado,17,186661,995,938,0,938,2
2020-08-26,Fresno,19,978130,27262,24071,278,24349,255
2020-08-26,Glenn,21,27897,450,429,0,429,3
2020-08-26,Humboldt,23,135768,387,357,1,358,4
2020-08-26,Imperial,25,180216,11240,9453,7,9460,227
2020-08-26,Inyo,27,18085,177,157,0,157,2
2020-08-26,Kern,29,883053,29642,28507,218,28725,286
2020-08-26,Kings,31,150075,6294,5720,32,5752,62
2020-08-26,Lake,33,64148,347,308,0,308,2
2020-08-26,Lassen,35,31185,719,702,2,704,0
2020-08-26,Los Angeles,37,10098052,241476,235499,1271,236770,5665
2020-08-26,Madera,39,155013,3861,3458,23,3481,32
2020-08-26,Marin,41,260295,6172,5887,15,5902,56
2020-08-26,Mariposa,43,17540,73,68,0,68,2
2020-08-26,Mendocino,45,87422,626,581,0,581,10
2020-08-26,Merced,47,269075,8009,7720,8,7728,74
2020-08-26,Modoc,49,8938,8,5,0,5,0
2020-08-26,Mono,51,14174,163,141,1,142,1
2020-08-26,Monterey,53,433212,8002,7439,19,7458,51
2020-08-26,Napa,55,140530,1466,1382,3,1385,10
2020-08-26,Nevada,57,99092,455,432,12,444,2
2020-08-26,Orange,59,3164182,49831,46157,1143,47300,905
2020-08-26,Placer,61,380077,3063,2846,9,2855,32
2020-08-26,Plumas,63,18699,39,39,0,39,0
2020-08-26,Riverside,65,2383286,53129,51138,33,51171,987
2020-08-26,Sacramento,67,1510023,18207,16708,12,16720,271
2020-08-26,San Benito,69,59416,1097,978,0,978,3
2020-08-26,San Bernardino,71,2135413,48739,45840,46,45886,743
2020-08-26,San Diego,73,3302833,39061,37224,0,37224,668
2020-08-26,San Francisco,75,870044,9558,8938,9,8947,81
2020-08-26,San Joaquin,77,732212,18406,16845,33,16878,309
2020-08-26,San Luis Obispo,79,281455,3010,2761,12,2773,20
2020-08-26,San Mateo,81,765935,8460,7655,5,7660,121
2020-08-26,Santa Barbara,83,443738,8553,7904,56,7960,90
2020-08-26,Santa Clara,85,1922200,17917,16283,20,16303,198
2020-08-26,Santa Cruz,87,273765,1857,1726,17,1743,7
2020-08-26,Shasta,89,179085,607,511,3,514,9
2020-08-26,Sierra,91,2930,6,6,0,6,0
2020-08-26,Siskiyou,93,43540,132,109,8,117,0
2020-08-26,Solano,95,438530,5478,5131,38,5169,34
2020-08-26,Sonoma,97,501317,5858,5283,18,5301,58
2020-08-26,Stanislaus,99,539301,15033,13964,348,14312,186
2020-08-26,Sutter,101,95872,1365,1275,1,1276,9
2020-08-26,Tehama,103,63373,423,396,1,397,1
2020-08-26,Trinity,105,12862,22,10,4,14,0
2020-08-26,Tulare,107,460477,14385,13568,52,13620,232
2020-08-26,Tuolumne,109,53932,201,172,2,174,1
2020-08-26,Ventura,111,848112,11100,10412,76,10488,100
2020-08-26,Yolo,113,214977,2458,2279,4,2283,49
2020-08-26,Yuba,115,75493,859,779,3,782,1
2020-08-25,Alameda,1,1643700,18470,17278,131,17409,232
2020-08-25,Alpine,3,1148,3,2,0,2,0
2020-08-25,Amador,5,37829,273,227,0,227,13
2020-08-25,Butte,7,227075,2065,1718,10,1728,24
2020-08-25,Calaveras,9,45235,239,196,0,196,1
2020-08-25,Colusa,11,21464,455,430,0,430,5
2020-08-25,Contra Costa,13,1133247,14205,13181,50,13231,156
2020-08-25,Del Norte,15,27424,113,83,0,83,1
2020-08-25,El Dorado,17,186661,992,928,0,928,2
2020-08-25,Fresno,19,978130,27074,23932,277,24209,250
2020-08-25,Glenn,21,27897,447,429,0,429,3
2020-08-25,Humboldt,23,135768,382,342,1,343,4
2020-08-25,Imperial,25,180216,11212,9381,7,9388,217
2020-08-25,Inyo,27,18085,175,144,0,144,1
2020-08-25,Kern,29,883053,29505,28416,218,28634,285
2020-08-25,Kings,31,150075,6137,5702,32,5734,59
2020-08-25,Lake,33,64148,342,304,0,304,2
2020-08-25,Lassen,35,31185,718,692,2,694,0
2020-08-25,Los Angeles,37,10098052,240154,233961,1224,235185,5612
2020-08-25,Madera,39,155013,3846,3446,22,3468,32
2020-08-25,Marin,41,260295,6134,5860,15,5875,56
2020-08-25,Mariposa,43,17540,73,67,0,67,2
2020-08-25,Mendocino,45,87422,618,571,0,571,10
2020-08-25,Merced,47,269075,7942,7693,7,7700,69
2020-08-25,Modoc,49,8938,8,5,0,5,0
2020-08-25,Mono,51,14174,163,129,1,130,1
2020-08-25,Monterey,53,433212,7922,7333,19,7352,51
2020-08-25,Napa,55,140530,1459,1374,3,1377,10
2020-08-25,Nevada,57,99092,452,430,12,442,2
2020-08-25,Orange,59,3164182,49638,45737,1126,46863,902
2020-08-25,Placer,61,380077,3044,2829,6,2835,31
2020-08-25,Plumas,63,18699,39,39,0,39,0
2020-08-25,Riverside,65,2383286,52899,50889,33,50922,981
2020-08-25,Sacramento,67,1510023,18055,16601,12,16613,265
2020-08-25,San Benito,69,59416,1081,973,0,973,3
2020-08-25,San Bernardino,71,2135413,48504,45544,46,45590,727
2020-08-25,San Diego,73,3302833,38782,36996,0,36996,665
2020-08-25,San Francisco,75,870044,9481,8848,9,8857,81
2020-08-25,San Joaquin,77,732212,18279,16795,33,16828,306
2020-08-25,San Luis Obispo,79,281455,2952,2731,10,2741,20
2020-08-25,San Mateo,81,765935,8400,7636,5,7641,120
2020-08-25,Santa Barbara,83,443738,8501,7854,56,7910,90
2020-08-25,Santa Clara,85,1922200,17745,16199,20,16219,194
2020-08-25,Santa Cruz,87,273765,1838,1708,17,1725,7
2020-08-25,Shasta,89,179085,603,511,3,514,9
2020-08-25,Sierra,91,2930,6,6,0,6,0
2020-08-25,Siskiyou,93,43540,131,109,8,117,0
2020-08-25,Solano,95,438530,5417,5114,38,5152,34
2020-08-25,Sonoma,97,501317,5773,5148,18,5166,56
2020-08-25,Stanislaus,99,539301,14925,13886,337,14223,182
2020-08-25,Sutter,101,95872,1348,1259,1,1260,9
2020-08-25,Tehama,103,63373,420,394,1,395,1
2020-08-25,Trinity,105,12862,20,10,4,14,0
2020-08-25,Tulare,107,460477,14282,13514,51,13565,224
2020-08-25,Tuolumne,109,53932,199,172,2,174,1
2020-08-25,Ventura,111,848112,11015,10313,71,10384,99
2020-08-25,Yolo,113,214977,2445,2254,4,2258,50
2020-08-25,Yuba,115,75493,849,775,3,778,1
2020-08-24,Alameda,1,1643700,18276,16913,130,17043,231
2020-08-24,Alpine,3,1148,3,2,0,2,0
2020-08-24,Amador,5,37829,271,227,0,227,13
2020-08-24,Butte,7,227075,1981,1649,10,1659,23
2020-08-24,Calaveras,9,45235,229,187,0,187,1
2020-08-24,Colusa,11,21464,451,425,0,425,5
2020-08-24,Contra Costa,13,1133247,14089,12906,48,12954,153
2020-08-24,Del Norte,15,27424,113,80,0,80,1
2020-08-24,El Dorado,17,186661,984,908,0,908,2
2020-08-24,Fresno,19,978130,26889,23618,270,23888,235
2020-08-24,Glenn,21,27897,445,421,0,421,2
2020-08-24,Humboldt,23,135768,378,340,1,341,4
2020-08-24,Imperial,25,180216,11178,9323,7,9330,210
2020-08-24,Inyo,27,18085,171,144,0,144,2
2020-08-24,Kern,29,883053,29408,28157,212,28369,277
2020-08-24,Kings,31,150075,6049,5652,32,5684,60
2020-08-24,Lake,33,64148,328,302,0,302,2
2020-08-24,Lassen,35,31185,718,693,2,695,0
2020-08-24,Los Angeles,37,10098052,238789,233036,1202,234238,5562
2020-08-24,Madera,39,155013,3819,3418,22,3440,32
2020-08-24,Marin,41,260295,6071,5834,15,5849,56
2020-08-24,Mariposa,43,17540,71,66,0,66,2
2020-08-24,Mendocino,45,87422,603,550,0,550,10
2020-08-24,Merced,47,269075,7864,7605,7,7612,69
2020-08-24,Modoc,49,8938,8,5,0,5,0
2020-08-24,Mono,51,14174,163,129,1,130,1
2020-08-24,Monterey,53,433212,7813,7212,18,7230,50
2020-08-24,Napa,55,140530,1446,1358,3,1361,10
2020-08-24,Nevada,57,99092,447,423,12,435,2
2020-08-24,Orange,59,3164182,49447,45536,1115,46651,887
2020-08-24,Placer,61,380077,2998,2793,6,2799,31
2020-08-24,Plumas,63,18699,39,37,0,37,0
2020-08-24,Riverside,65,2383286,52622,50496,33,50529,975
2020-08-24,Sacramento,67,1510023,17857,16318,12,16330,249
2020-08-24,San Benito,69,59416,1060,961,0,961,3
2020-08-24,San Bernardino,71,2135413,48243,45199,45,45244,720
2020-08-24,San Diego,73,3302833,38495,36729,0,36729,660
2020-08-24,San Francisco,75,870044,9398,8621,9,8630,81
2020-08-24,San Joaquin,77,732212,18138,16565,32,16597,305
2020-08-24,San Luis Obispo,79,281455,2924,2705,10,2715,20
2020-08-24,San Mateo,81,765935,8334,7502,5,7507,120
2020-08-24,Santa Barbara,83,443738,8460,7784,56,7840,90
2020-08-24,Santa Clara,85,1922200,17541,16049,20,16069,192
2020-08-24,Santa Cruz,87,273765,1818,1627,16,1643,6
2020-08-24,Shasta,89,179085,601,505,3,508,9
2020-08-24,Sierra,91,2930,6,6,0,6,0
2020-08-24,Siskiyou,93,43540,127,107,8,115,0
2020-08-24,Solano,95,438530,5368,4979,36,5015,32
2020-08-24,Sonoma,97,501317,5671,5071,18,5089,56
2020-08-24,Stanislaus,99,539301,14827,13521,322,13843,171
2020-08-24,Sutter,101,95872,1329,1219,1,1220,9
2020-08-24,Tehama,103,63373,415,388,1,389,1
2020-08-24,Trinity,105,12862,20,10,4,14,0
2020-08-24,Tulare,107,460477,14175,13360,49,13409,223
2020-08-24,Tuolumne,109,53932,198,170,2,172,1
2020-08-24,Ventura,111,848112,10935,10261,68,10329,99
2020-08-24,Yolo,113,214977,2410,2239,4,2243,47
2020-08-24,Yuba,115,75493,832,750,3,753,1
2020-08-23,Alameda,1,1643700,18053,16786,130,16916,231
2020-08-23,Alpine,3,1148,3,2,0,2,0
2020-08-23,Amador,5,37829,268,227,0,227,13
2020-08-23,Butte,7,227075,1867,1637,10,1647,23
2020-08-23,Calaveras,9,45235,219,187,0,187,1
2020-08-23,Colusa,11,21464,444,424,0,424,5
2020-08-23,Contra Costa,13,1133247,13929,12642,48,12690,153
2020-08-23,Del Norte,15,27424,113,80,0,80,1
2020-08-23,El Dorado,17,186661,971,901,0,901,2
2020-08-23,Fresno,19,978130,26687,23414,265,23679,235
2020-08-23,Glenn,21,27897,438,421,0,421,2
2020-08-23,Humboldt,23,135768,376,341,1,342,4
2020-08-23,Imperial,25,180216,11150,9243,7,9250,210
2020-08-23,Inyo,27,18085,168,144,0,144,2
2020-08-23,Kern,29,883053,29260,28028,206,28234,277
2020-08-23,Kings,31,150075,6007,5628,32,5660,60
2020-08-23,Lake,33,64148,324,299,0,299,2
2020-08-23,Lassen,35,31185,717,693,2,695,0
2020-08-23,Los Angeles,37,10098052,237191,231833,1125,232958,5549
2020-08-23,Madera,39,155013,3787,3401,21,3422,32
2020-08-23,Marin,41,260295,6031,5807,14,5821,50
2020-08-23,Mariposa,43,17540,71,66,0,66,2
2020-08-23,Mendocino,45,87422,599,550,0,550,10
2020-08-23,Merced,47,269075,7795,7574,6,7580,69
2020-08-23,Modoc,49,8938,7,5,0,5,0
2020-08-23,Mono,51,14174,163,129,1,130,1
2020-08-23,Monterey,53,433212,7723,7173,18,7191,50
2020-08-23,Napa,55,140530,1434,1348,3,1351,10
2020-08-23,Nevada,57,99092,442,421,12,433,2
2020-08-23,Orange,59,3164182,49211,45267,1102,46369,887
2020-08-23,Placer,61,380077,2959,2772,6,2778,31
2020-08-23,Plumas,63,18699,39,37,0,37,0
2020-08-23,Riverside,65,2383286,52353,50293,31,50324,955
2020-08-23,Sacramento,67,1510023,17633,16084,11,16095,243
2020-08-23,San Benito,69,59416,1047,938,0,938,3
2020-08-23,San Bernardino,71,2135413,47974,45010,45,45055,719
2020-08-23,San Diego,73,3302833,38174,36542,0,36542,660
2020-08-23,San Francisco,75,870044,9303,8564,8,8572,80
2020-08-23,San Joaquin,77,732212,18006,16069,31,16100,305
2020-08-23,San Luis Obispo,79,281455,2882,2679,10,2689,20
2020-08-23,San Mateo,81,765935,8239,7450,5,7455,120
2020-08-23,Santa Barbara,83,443738,8392,7725,56,7781,90
2020-08-23,Santa Clara,85,1922200,17347,15912,18,15930,191
2020-08-23,Santa Cruz,87,273765,1792,1627,16,1643,6
2020-08-23,Shasta,89,179085,596,501,3,504,9
2020-08-23,Sierra,91,2930,6,6,0,6,0
2020-08-23,Siskiyou,93,43540,122,107,8,115,0
2020-08-23,Solano,95,438530,5310,4977,34,5011,32
2020-08-23,Sonoma,97,501317,5583,5018,18,5036,56
2020-08-23,Stanislaus,99,539301,14693,13483,298,13781,171
2020-08-23,Sutter,101,95872,1307,1203,1,1204,9
2020-08-23,Tehama,103,63373,405,381,1,382,1
2020-08-23,Trinity,105,12862,20,10,4,14,0
2020-08-23,Tulare,107,460477,14044,13303,45,13348,223
2020-08-23,Tuolumne,109,53932,194,164,2,166,1
2020-08-23,Ventura,111,848112,10835,10126,63,10189,99
2020-08-23,Yolo,113,214977,2382,2210,4,2214,47
2020-08-23,Yuba,115,75493,811,750,3,753,1
2020-08-22,Alameda,1,1643700,17959,16648,129,16777,231
2020-08-22,Alpine,3,1148,3,2,0,2,0
2020-08-22,Amador,5,37829,267,224,0,224,13
2020-08-22,Butte,7,227075,1817,1618,10,1628,22
2020-08-22,Calaveras,9,45235,216,187,0,187,1
2020-08-22,Colusa,11,21464,440,419,0,419,5
2020-08-22,Contra Costa,13,1133247,13842,12522,48,12570,153
2020-08-22,Del Norte,15,27424,112,80,0,80,1
2020-08-22,El Dorado,17,186661,969,900,0,900,2
2020-08-22,Fresno,19,978130,26589,23197,264,23461,235
2020-08-22,Glenn,21,27897,437,421,0,421,2
2020-08-22,Humboldt,23,135768,366,334,1,335,4
2020-08-22,Imperial,25,180216,11142,9244,7,9251,210
2020-08-22,Inyo,27,18085,168,144,0,144,1
2020-08-22,Kern,29,883053,29206,27807,206,28013,277
2020-08-22,Kings,31,150075,5998,5447,32,5479,60
2020-08-22,Lake,33,64148,322,291,0,291,2
2020-08-22,Lassen,35,31185,717,693,2,695,0
2020-08-22,Los Angeles,37,10098052,236535,230858,1106,231964,5540
2020-08-22,Madera,39,155013,3768,3330,21,3351,32
2020-08-22,Marin,41,260295,6019,5789,14,5803,49
2020-08-22,Mariposa,43,17540,71,66,0,66,2
2020-08-22,Mendocino,45,87422,596,529,0,529,10
2020-08-22,Merced,47,269075,7767,7493,6,7499,69
2020-08-22,Modoc,49,8938,7,5,0,5,0
2020-08-22,Mono,51,14174,163,129,1,130,1
2020-08-22,Monterey,53,433212,7675,7081,18,7099,50
2020-08-22,Napa,55,140530,1429,1328,3,1331,11
2020-08-22,Nevada,57,99092,442,411,12,423,2
2020-08-22,Orange,59,3164182,49069,45131,1096,46227,885
2020-08-22,Placer,61,380077,2945,2734,6,2740,30
2020-08-22,Plumas,63,18699,39,37,0,37,0
2020-08-22,Riverside,65,2383286,52205,49944,30,49974,953
2020-08-22,Sacramento,67,1510023,17522,15516,11,15527,239
2020-08-22,San Benito,69,59416,1031,912,0,912,3
2020-08-22,San Bernardino,71,2135413,47845,44803,44,44847,719
2020-08-22,San Diego,73,3302833,37992,36205,0,36205,673
2020-08-22,San Francisco,75,870044,9243,8568,8,8576,80
2020-08-22,San Joaquin,77,732212,17950,16068,31,16099,305
2020-08-22,San Luis Obispo,79,281455,2857,2660,10,2670,20
2020-08-22,San Mateo,81,765935,8192,7361,5,7366,120
2020-08-22,Santa Barbara,83,443738,8366,7685,56,7741,90
2020-08-22,Santa Clara,85,1922200,17240,15590,18,15608,190
2020-08-22,Santa Cruz,87,273765,1776,1628,15,1643,6
2020-08-22,Shasta,89,179085,594,493,3,496,9
2020-08-22,Sierra,91,2930,6,6,0,6,0
2020-08-22,Siskiyou,93,43540,122,106,8,114,0
2020-08-22,Solano,95,438530,5280,4944,33,4977,32
2020-08-22,Sonoma,97,501317,5537,4891,18,4909,57
2020-08-22,Stanislaus,99,539301,14645,13380,279,13659,170
2020-08-22,Sutter,101,95872,1300,1189,1,1190,8
2020-08-22,Tehama,103,63373,404,368,1,369,1
2020-08-22,Trinity,105,12862,20,8,4,12,0
2020-08-22,Tulare,107,460477,13977,13196,45,13241,222
2020-08-22,Tuolumne,109,53932,192,162,2,164,1
2020-08-22,Ventura,111,848112,10780,9959,61,10020,99
2020-08-22,Yolo,113,214977,2366,2188,4,2192,47
2020-08-22,Yuba,115,75493,799,738,3,741,1
2020-08-21,Alameda,1,1643700,17868,16413,129,16542,232
2020-08-21,Alpine,3,1148,3,2,0,2,0
2020-08-21,Amador,5,37829,266,223,0,223,11
2020-08-21,Butte,7,227075,1778,1582,10,1592,19
2020-08-21,Calaveras,9,45235,216,182,0,182,1
2020-08-21,Colusa,11,21464,438,418,0,418,5
2020-08-21,Contra Costa,13,1133247,13752,12333,47,12380,149
2020-08-21,Del Norte,15,27424,112,78,0,78,1
2020-08-21,El Dorado,17,186661,965,885,0,885,2
2020-08-21,Fresno,19,978130,26419,22840,263,23103,232
2020-08-21,Glenn,21,27897,433,418,0,418,2
2020-08-21,Humboldt,23,135768,363,331,1,332,4
2020-08-21,Imperial,25,180216,11126,9166,7,9173,204
2020-08-21,Inyo,27,18085,168,144,0,144,1
2020-08-21,Kern,29,883053,29147,27567,204,27771,269
2020-08-21,Kings,31,150075,5976,5391,32,5423,60
2020-08-21,Lake,33,64148,320,281,0,281,2
2020-08-21,Lassen,35,31185,717,693,2,695,0
2020-08-21,Los Angeles,37,10098052,235659,229235,1084,230319,5494
2020-08-21,Madera,39,155013,3738,3271,21,3292,31
2020-08-21,Marin,41,260295,5999,5762,14,5776,49
2020-08-21,Mariposa,43,17540,71,66,0,66,2
2020-08-21,Mendocino,45,87422,586,505,0,505,10
2020-08-21,Merced,47,269075,7738,7357,6,7363,69
2020-08-21,Modoc,49,8938,7,5,0,5,0
2020-08-21,Mono,51,14174,163,128,1,129,1
2020-08-21,Monterey,53,433212,7603,6974,18,6992,49
2020-08-21,Napa,55,140530,1420,1317,3,1320,10
2020-08-21,Nevada,57,99092,441,406,12,418,2
2020-08-21,Orange,59,3164182,48928,44625,1088,45713,875
2020-08-21,Placer,61,380077,2929,2698,5,2703,30
2020-08-21,Plumas,63,18699,39,36,0,36,0
2020-08-21,Riverside,65,2383286,52012,49409,30,49439,932
2020-08-21,Sacramento,67,1510023,17399,15247,11,15258,237
2020-08-21,San Benito,69,59416,1021,891,0,891,3
2020-08-21,San Bernardino,71,2135413,47725,44249,44,44293,668
2020-08-21,San Diego,73,3302833,37788,35914,0,35914,652
2020-08-21,San Francisco,75,870044,9193,8375,8,8383,80
2020-08-21,San Joaquin,77,732212,17867,15888,29,15917,301
2020-08-21,San Luis Obispo,79,281455,2834,2640,10,2650,19
2020-08-21,San Mateo,81,765935,8134,7253,5,7258,120
2020-08-21,Santa Barbara,83,443738,8325,7645,56,7701,86
2020-08-21,Santa Clara,85,1922200,17088,15399,18,15417,190
2020-08-21,Santa Cruz,87,273765,1764,1617,15,1632,6
2020-08-21,Shasta,89,179085,594,486,3,489,9
2020-08-21,Sierra,91,2930,6,6,0,6,0
2020-08-21,Siskiyou,93,43540,122,103,6,109,0
2020-08-21,Solano,95,438530,5257,4891,32,4923,32
2020-08-21,Sonoma,97,501317,5467,4816,18,4834,57
2020-08-21,Stanislaus,99,539301,14576,13282,264,13546,161
2020-08-21,Sutter,101,95872,1287,1173,1,1174,8
2020-08-21,Tehama,103,63373,402,357,1,358,1
2020-08-21,Trinity,105,12862,20,8,4,12,0
2020-08-21,Tulare,107,460477,13905,13002,44,13046,217
2020-08-21,Tuolumne,109,53932,184,161,2,163,1
2020-08-21,Ventura,111,848112,10716,9865,59,9924,98
2020-08-21,Yolo,113,214977,2351,2164,4,2168,46
2020-08-21,Yuba,115,75493,795,717,3,720,1
2020-08-20,Alameda,1,1643700,17709,16174,129,16303,229
2020-08-20,Alpine,3,1148,3,2,0,2,0
2020-08-20,Amador,5,37829,264,222,0,222,11
2020-08-20,Butte,7,227075,1727,1549,10,1559,18
2020-08-20,Calaveras,9,45235,213,179,0,179,1
2020-08-20,Colusa,11,21464,436,415,0,415,5
2020-08-20,Contra Costa,13,1133247,13624,12108,46,12154,144
2020-08-20,Del Norte,15,27424,112,78,0,78,1
2020-08-20,El Dorado,17,186661,961,881,0,881,2
2020-08-20,Fresno,19,978130,26237,22535,258,22793,228
2020-08-20,Glenn,21,27897,428,414,0,414,2
2020-08-20,Humboldt,23,135768,358,318,1,319,4
2020-08-20,Imperial,25,180216,11107,9086,7,9093,196
2020-08-20,Inyo,27,18085,167,144,0,144,1
2020-08-20,Kern,29,883053,28980,27337,193,27530,267
2020-08-20,Kings,31,150075,5936,5347,31,5378,59
2020-08-20,Lake,33,64148,315,280,0,280,2
2020-08-20,Lassen,35,31185,716,693,2,695,0
2020-08-20,Los Angeles,37,10098052,234423,227492,1065,228557,5445
2020-08-20,Madera,39,155013,3712,3197,21,3218,31
2020-08-20,Marin,41,260295,5981,5745,14,5759,47
2020-08-20,Mariposa,43,17540,71,67,0,67,2
2020-08-20,Mendocino,45,87422,575,497,0,497,10
2020-08-20,Merced,47,269075,7663,7173,6,7179,68
2020-08-20,Modoc,49,8938,7,5,0,5,0
2020-08-20,Mono,51,14174,163,128,1,129,1
2020-08-20,Monterey,53,433212,7532,6892,18,6910,47
2020-08-20,Napa,55,140530,1412,1306,3,1309,10
2020-08-20,Nevada,57,99092,440,401,12,413,2
2020-08-20,Orange,59,3164182,48701,44299,1077,45376,849
2020-08-20,Placer,61,380077,2913,2681,5,2686,30
2020-08-20,Plumas,63,18699,39,36,0,36,0
2020-08-20,Riverside,65,2383286,51795,48953,29,48982,927
2020-08-20,Sacramento,67,1510023,17156,14992,11,15003,231
2020-08-20,San Benito,69,59416,1008,866,0,866,3
2020-08-20,San Bernardino,71,2135413,47468,43627,44,43671,665
2020-08-20,San Diego,73,3302833,37568,35610,0,35610,644
2020-08-20,San Francisco,75,870044,9107,8262,8,8270,72
2020-08-20,San Joaquin,77,732212,17774,15778,29,15807,297
2020-08-20,San Luis Obispo,79,281455,2814,2590,10,2600,19
2020-08-20,San Mateo,81,765935,8068,7188,5,7193,120
2020-08-20,Santa Barbara,83,443738,8287,7571,56,7627,81
2020-08-20,Santa Clara,85,1922200,16917,15162,18,15180,190
2020-08-20,Santa Cruz,87,273765,1751,1581,15,1596,6
2020-08-20,Shasta,89,179085,593,478,3,481,9
2020-08-20,Sierra,91,2930,6,6,0,6,0
2020-08-20,Siskiyou,93,43540,121,102,1,103,0
2020-08-20,Solano,95,438530,5213,4843,32,4875,31
2020-08-20,Sonoma,97,501317,5395,4737,18,4755,54
2020-08-20,Stanislaus,99,539301,14480,13120,255,13375,161
2020-08-20,Sutter,101,95872,1263,1158,1,1159,8
2020-08-20,Tehama,103,63373,396,350,1,351,1
2020-08-20,Trinity,105,12862,20,8,4,12,0
2020-08-20,Tulare,107,460477,13797,12907,43,12950,217
2020-08-20,Tuolumne,109,53932,180,159,2,161,1
2020-08-20,Ventura,111,848112,10603,9744,58,9802,93
2020-08-20,Yolo,113,214977,2329,2150,4,2154,47
2020-08-20,Yuba,115,75493,778,709,3,712,1
2020-08-19,Alameda,1,1643700,17551,15874,128,16002,226
2020-08-19,Alpine,3,1148,3,2,0,2,0
2020-08-19,Amador,5,37829,263,219,0,219,9
2020-08-19,Butte,7,227075,1684,1517,10,1527,16
2020-08-19,Calaveras,9,45235,210,177,0,177,1
2020-08-19,Colusa,11,21464,435,415,0,415,5
2020-08-19,Contra Costa,13,1133247,13512,11895,44,11939,142
2020-08-19,Del Norte,15,27424,112,78,0,78,1
2020-08-19,El Dorado,17,186661,955,870,0,870,2
2020-08-19,Fresno,19,978130,26047,22167,251,22418,221
2020-08-19,Glenn,21,27897,426,414,0,414,2
2020-08-19,Humboldt,23,135768,355,316,1,317,4
2020-08-19,Imperial,25,180216,11079,9041,7,9048,192
2020-08-19,Inyo,27,18085,165,140,0,140,1
2020-08-19,Kern,29,883053,28864,27142,189,27331,263
2020-08-19,Kings,31,150075,5764,5301,31,5332,59
2020-08-19,Lake,33,64148,312,277,0,277,2
2020-08-19,Lassen,35,31185,708,693,2,695,0
2020-08-19,Los Angeles,37,10098052,233141,226006,1025,227031,5399
2020-08-19,Madera,39,155013,3678,3158,19,3177,30
2020-08-19,Marin,41,260295,5957,5723,13,5736,46
2020-08-19,Mariposa,43,17540,71,64,0,64,2
2020-08-19,Mendocino,45,87422,559,495,0,495,8
2020-08-19,Merced,47,269075,7536,7082,3,7085,66
2020-08-19,Modoc,49,8938,7,5,0,5,0
2020-08-19,Mono,51,14174,163,128,1,129,1
2020-08-19,Monterey,53,433212,7430,6693,18,6711,45
2020-08-19,Napa,55,140530,1407,1293,3,1296,10
2020-08-19,Nevada,57,99092,433,398,12,410,2
2020-08-19,Orange,59,3164182,48497,43938,1072,45010,829
2020-08-19,Placer,61,380077,2890,2659,5,2664,28
2020-08-19,Plumas,63,18699,39,36,0,36,0
2020-08-19,Riverside,65,2383286,51547,48741,28,48769,922
2020-08-19,Sacramento,67,1510023,16973,14764,11,14775,229
2020-08-19,San Benito,69,59416,991,853,0,853,3
2020-08-19,San Bernardino,71,2135413,47170,43224,43,43267,661
2020-08-19,San Diego,73,3302833,37319,35378,0,35378,638
2020-08-19,San Francisco,75,870044,9042,8236,8,8244,72
2020-08-19,San Joaquin,77,732212,17647,15677,28,15705,296
2020-08-19,San Luis Obispo,79,281455,2775,2553,10,2563,19
2020-08-19,San Mateo,81,765935,8001,7146,5,7151,119
2020-08-19,Santa Barbara,83,443738,8238,7499,56,7555,80
2020-08-19,Santa Clara,85,1922200,16772,14994,18,15012,189
2020-08-19,Santa Cruz,87,273765,1725,1554,15,1569,6
2020-08-19,Shasta,89,179085,589,475,3,478,9
2020-08-19,Sierra,91,2930,6,6,0,6,0
2020-08-19,Siskiyou,93,43540,120,103,1,104,0
2020-08-19,Solano,95,438530,5172,4807,32,4839,31
2020-08-19,Sonoma,97,501317,5316,4614,18,4632,54
2020-08-19,Stanislaus,99,539301,14378,13084,233,13317,160
2020-08-19,Sutter,101,95872,1229,1146,1,1147,8
2020-08-19,Tehama,103,63373,390,342,1,343,1
2020-08-19,Trinity,105,12862,19,8,4,12,0
2020-08-19,Tulare,107,460477,13699,12756,43,12799,217
2020-08-19,Tuolumne,109,53932,177,159,2,161,1
2020-08-19,Ventura,111,848112,10511,9587,56,9643,91
2020-08-19,Yolo,113,214977,2306,2126,4,2130,47
2020-08-19,Yuba,115,75493,766,701,3,704,1
2020-08-18,Alameda,1,1643700,17375,15627,125,15752,223
2020-08-18,Alpine,3,1148,3,2,0,2,0
2020-08-18,Amador,5,37829,262,215,0,215,9
2020-08-18,Butte,7,227075,1651,1491,10,1501,16
2020-08-18,Calaveras,9,45235,206,174,0,174,1
2020-08-18,Colusa,11,21464,434,415,0,415,5
2020-08-18,Contra Costa,13,1133247,13392,11689,42,11731,141
2020-08-18,Del Norte,15,27424,111,78,0,78,0
2020-08-18,El Dorado,17,186661,950,866,0,866,2
2020-08-18,Fresno,19,978130,25828,21798,245,22043,212
2020-08-18,Glenn,21,27897,426,407,0,407,2
2020-08-18,Humboldt,23,135768,353,315,1,316,4
2020-08-18,Imperial,25,180216,11045,8968,7,8975,189
2020-08-18,Inyo,27,18085,164,140,0,140,1
2020-08-18,Kern,29,883053,28712,26978,184,27162,263
2020-08-18,Kings,31,150075,5737,5269,30,5299,58
2020-08-18,Lake,33,64148,309,274,0,274,2
2020-08-18,Lassen,35,31185,708,693,2,695,0
2020-08-18,Los Angeles,37,10098052,231863,224218,986,225204,5339
2020-08-18,Madera,39,155013,3650,3125,19,3144,28
2020-08-18,Marin,41,260295,5927,5708,13,5721,47
2020-08-18,Mariposa,43,17540,71,61,0,61,2
2020-08-18,Mendocino,45,87422,550,468,0,468,8
2020-08-18,Merced,47,269075,7488,6940,3,6943,66
2020-08-18,Modoc,49,8938,7,5,0,5,0
2020-08-18,Mono,51,14174,162,129,1,130,1
2020-08-18,Monterey,53,433212,7339,6691,17,6708,44
2020-08-18,Napa,55,140530,1404,1274,3,1277,10
2020-08-18,Nevada,57,99092,426,389,12,401,2
2020-08-18,Orange,59,3164182,48271,43659,1056,44715,809
2020-08-18,Placer,61,380077,2864,2644,4,2648,28
2020-08-18,Plumas,63,18699,39,34,0,34,0
2020-08-18,Riverside,65,2383286,51218,48447,28,48475,917
2020-08-18,Sacramento,67,1510023,16745,14610,10,14620,222
2020-08-18,San Benito,69,59416,971,836,0,836,3
2020-08-18,San Bernardino,71,2135413,46889,42827,42,42869,648
2020-08-18,San Diego,73,3302833,37027,35164,0,35164,633
2020-08-18,San Francisco,75,870044,8957,8016,8,8024,72
2020-08-18,San Joaquin,77,732212,17530,15509,27,15536,290
2020-08-18,San Luis Obispo,79,281455,2751,2535,9,2544,18
2020-08-18,San Mateo,81,765935,7939,7074,5,7079,119
2020-08-18,Santa Barbara,83,443738,8196,7472,56,7528,81
2020-08-18,Santa Clara,85,1922200,16599,14786,18,14804,184
2020-08-18,Santa Cruz,87,273765,1712,1509,15,1524,6
2020-08-18,Shasta,89,179085,585,468,3,471,9
2020-08-18,Sierra,91,2930,6,6,0,6,0
2020-08-18,Siskiyou,93,43540,119,103,1,104,0
2020-08-18,Solano,95,438530,5145,4700,32,4732,31
2020-08-18,Sonoma,97,501317,5247,4506,18,4524,48
2020-08-18,Stanislaus,99,539301,14280,12935,217,13152,149
2020-08-18,Sutter,101,95872,1210,1126,1,1127,8
2020-08-18,Tehama,103,63373,380,333,1,334,1
2020-08-18,Trinity,105,12862,18,8,4,12,0
2020-08-18,Tulare,107,460477,13567,12637,40,12677,212
2020-08-18,Tuolumne,109,53932,174,159,2,161,1
2020-08-18,Ventura,111,848112,10421,9536,51,9587,89
2020-08-18,Yolo,113,214977,2283,2102,4,2106,47
2020-08-18,Yuba,115,75493,758,679,3,682,1
2020-08-17,Alameda,1,1643700,17185,15454,123,15577,221
2020-08-17,Alpine,3,1148,3,2,0,2,0
2020-08-17,Amador,5,37829,262,215,0,215,9
2020-08-17,Butte,7,227075,1606,1463,10,1473,15
2020-08-17,Calaveras,9,45235,202,167,0,167,1
2020-08-17,Colusa,11,21464,431,408,0,408,5
2020-08-17,Contra Costa,13,1133247,13254,11442,42,11484,141
2020-08-17,Del Norte,15,27424,107,77,0,77,0
2020-08-17,El Dorado,17,186661,947,846,0,846,2
2020-08-17,Fresno,19,978130,25622,21316,238,21554,211
2020-08-17,Glenn,21,27897,425,402,0,402,2
2020-08-17,Humboldt,23,135768,349,302,1,303,4
2020-08-17,Imperial,25,180216,11004,8897,7,8904,188
2020-08-17,Inyo,27,18085,156,124,0,124,1
2020-08-17,Kern,29,883053,28564,26773,173,26946,249
2020-08-17,Kings,31,150075,5700,5249,30,5279,58
2020-08-17,Lake,33,64148,304,270,0,270,2
2020-08-17,Lassen,35,31185,708,666,2,668,0
2020-08-17,Los Angeles,37,10098052,230349,223418,934,224352,5282
2020-08-17,Madera,39,155013,3607,3050,18,3068,26
2020-08-17,Marin,41,260295,5904,5683,12,5695,46
2020-08-17,Mariposa,43,17540,71,61,0,61,2
2020-08-17,Mendocino,45,87422,532,454,0,454,8
2020-08-17,Merced,47,269075,7392,6814,3,6817,66
2020-08-17,Modoc,49,8938,7,5,0,5,0
2020-08-17,Mono,51,14174,162,126,1,127,1
2020-08-17,Monterey,53,433212,7240,6553,17,6570,44
2020-08-17,Napa,55,140530,1383,1255,3,1258,10
2020-08-17,Nevada,57,99092,421,383,12,395,2
2020-08-17,Orange,59,3164182,48061,43621,1045,44666,804
2020-08-17,Placer,61,380077,2839,2609,4,2613,28
2020-08-17,Plumas,63,18699,39,33,0,33,0
2020-08-17,Riverside,65,2383286,50889,48062,26,48088,916
2020-08-17,Sacramento,67,1510023,16522,14333,10,14343,219
2020-08-17,San Benito,69,59416,956,822,0,822,2
2020-08-17,San Bernardino,71,2135413,46547,42005,42,42047,604
2020-08-17,San Diego,73,3302833,36761,34962,0,34962,626
2020-08-17,San Francisco,75,870044,8885,7600,8,7608,72
2020-08-17,San Joaquin,77,732212,17366,15323,26,15349,280
2020-08-17,San Luis Obispo,79,281455,2718,2527,9,2536,18
2020-08-17,San Mateo,81,765935,7882,6987,4,6991,118
2020-08-17,Santa Barbara,83,443738,8154,7438,56,7494,80
2020-08-17,Santa Clara,85,1922200,16379,14546,18,14564,183
2020-08-17,Santa Cruz,87,273765,1696,1453,14,1467,6
2020-08-17,Shasta,89,179085,579,467,3,470,9
2020-08-17,Sierra,91,2930,6,6,0,6,0
2020-08-17,Siskiyou,93,43540,118,103,0,103,0
2020-08-17,Solano,95,438530,5088,4479,32,4511,31
2020-08-17,Sonoma,97,501317,5158,4402,16,4418,48
2020-08-17,Stanislaus,99,539301,14155,12745,210,12955,148
2020-08-17,Sutter,101,95872,1194,1071,1,1072,8
2020-08-17,Tehama,103,63373,371,324,1,325,1
2020-08-17,Trinity,105,12862,18,8,4,12,0
2020-08-17,Tulare,107,460477,13454,12487,39,12526,210
2020-08-17,Tuolumne,109,53932,171,157,2,159,1
2020-08-17,Ventura,111,848112,10299,9490,46,9536,89
2020-08-17,Yolo,113,214977,2256,2083,4,2087,47
2020-08-17,Yuba,115,75493,743,647,3,650,1
2020-08-16,Alameda,1,1643700,16897,15338,123,15461,221
2020-08-16,Alpine,3,1148,3,2,0,2,0
2020-08-16,Amador,5,37829,259,215,0,215,9
2020-08-16,Butte,7,227075,1568,1432,10,1442,15
2020-08-16,Calaveras,9,45235,195,167,0,167,1
2020-08-16,Colusa,11,21464,429,407,0,407,5
2020-08-16,Contra Costa,13,1133247,13068,11255,42,11297,140
2020-08-16,Del Norte,15,27424,103,77,0,77,0
2020-08-16,El Dorado,17,186661,935,843,0,843,2
2020-08-16,Fresno,19,978130,25403,21010,233,21243,211
2020-08-16,Glenn,21,27897,423,400,0,400,2
2020-08-16,Humboldt,23,135768,347,301,1,302,4
2020-08-16,Imperial,25,180216,10960,8883,7,8890,188
2020-08-16,Inyo,27,18085,149,125,0,125,1
2020-08-16,Kern,29,883053,28365,26520,165,26685,249
2020-08-16,Kings,31,150075,5669,5146,30,5176,58
2020-08-16,Lake,33,64148,300,269,0,269,2
2020-08-16,Lassen,35,31185,708,666,2,668,0
2020-08-16,Los Angeles,37,10098052,228782,222236,903,223139,5263
2020-08-16,Madera,39,155013,3562,3013,18,3031,26
2020-08-16,Marin,41,260295,5878,5664,12,5676,46
2020-08-16,Mariposa,43,17540,71,61,0,61,2
2020-08-16,Mendocino,45,87422,524,451,0,451,8
2020-08-16,Merced,47,269075,7310,6744,3,6747,66
2020-08-16,Modoc,49,8938,7,5,0,5,0
2020-08-16,Mono,51,14174,162,126,1,127,1
2020-08-16,Monterey,53,433212,7142,6516,16,6532,44
2020-08-16,Napa,55,140530,1365,1241,2,1243,10
2020-08-16,Nevada,57,99092,410,379,12,391,2
2020-08-16,Orange,59,3164182,47811,43303,1034,44337,803
2020-08-16,Placer,61,380077,2810,2583,3,2586,28
2020-08-16,Plumas,63,18699,39,33,0,33,0
2020-08-16,Riverside,65,2383286,50559,47669,26,47695,910
2020-08-16,Sacramento,67,1510023,16281,14210,10,14220,219
2020-08-16,San Benito,69,59416,927,815,0,815,2
2020-08-16,San Bernardino,71,2135413,46124,41724,41,41765,603
2020-08-16,San Diego,73,3302833,36498,34680,0,34680,626
2020-08-16,San Francisco,75,870044,8797,7602,8,7610,72
2020-08-16,San Joaquin,77,732212,17163,15288,26,15314,280
2020-08-16,San Luis Obispo,79,281455,2689,2494,9,2503,17
2020-08-16,San Mateo,81,765935,7806,6942,4,6946,118
2020-08-16,Santa Barbara,83,443738,8105,7368,56,7424,79
2020-08-16,Santa Clara,85,1922200,16181,14329,18,14347,183
2020-08-16,Santa Cruz,87,273765,1669,1449,13,1462,6
2020-08-16,Shasta,89,179085,572,465,3,468,9
2020-08-16,Sierra,91,2930,6,6,0,6,0
2020-08-16,Siskiyou,93,43540,117,102,0,102,0
2020-08-16,Solano,95,438530,5029,4479,32,4511,31
2020-08-16,Sonoma,97,501317,5054,4329,16,4345,46
2020-08-16,Stanislaus,99,539301,14000,12668,197,12865,148
2020-08-16,Sutter,101,95872,1176,1071,1,1072,8
2020-08-16,Tehama,103,63373,362,318,1,319,1
2020-08-16,Trinity,105,12862,17,8,4,12,0
2020-08-16,Tulare,107,460477,13322,12334,35,12369,211
2020-08-16,Tuolumne,109,53932,171,156,2,158,1
2020-08-16,Ventura,111,848112,10190,9408,41,9449,89
2020-08-16,Yolo,113,214977,2237,2057,4,2061,47
2020-08-16,Yuba,115,75493,734,647,2,649,1
2020-08-15,Alameda,1,1643700,16820,15165,123,15288,221
2020-08-15,Alpine,3,1148,3,2,0,2,0
2020-08-15,Amador,5,37829,259,210,0,210,9
2020-08-15,Butte,7,227075,1546,1409,10,1419,15
2020-08-15,Calaveras,9,45235,193,167,0,167,1
2020-08-15,Colusa,11,21464,428,401,0,401,5
2020-08-15,Contra Costa,13,1133247,12972,11106,42,11148,138
2020-08-15,Del Norte,15,27424,103,77,0,77,0
2020-08-15,El Dorado,17,186661,930,838,0,838,2
2020-08-15,Fresno,19,978130,25287,20603,231,20834,211
2020-08-15,Glenn,21,27897,423,398,0,398,2
2020-08-15,Humboldt,23,135768,346,301,1,302,4
2020-08-15,Imperial,25,180216,10940,8794,7,8801,188
2020-08-15,Inyo,27,18085,149,123,0,123,1
2020-08-15,Kern,29,883053,28277,26338,165,26503,249
2020-08-15,Kings,31,150075,5652,5039,30,5069,56
2020-08-15,Lake,33,64148,298,268,0,268,2
2020-08-15,Lassen,35,31185,708,666,2,668,0
2020-08-15,Los Angeles,37,10098052,228029,221043,894,221937,5252
2020-08-15,Madera,39,155013,3512,2950,18,2968,26
2020-08-15,Marin,41,260295,5871,5628,12,5640,46
2020-08-15,Mariposa,43,17540,71,61,0,61,2
2020-08-15,Mendocino,45,87422,520,444,0,444,8
2020-08-15,Merced,47,269075,7276,6656,3,6659,66
2020-08-15,Modoc,49,8938,7,5,0,5,0
2020-08-15,Mono,51,14174,162,126,1,127,1
2020-08-15,Monterey,53,433212,7097,6162,16,6178,44
2020-08-15,Napa,55,140530,1355,1232,2,1234,10
2020-08-15,Nevada,57,99092,410,376,12,388,2
2020-08-15,Orange,59,3164182,47699,42811,1023,43834,801
2020-08-15,Placer,61,380077,2788,2551,3,2554,27
2020-08-15,Plumas,63,18699,39,33,0,33,0
2020-08-15,Riverside,65,2383286,50408,46720,26,46746,910
2020-08-15,Sacramento,67,1510023,16171,14018,10,14028,219
2020-08-15,San Benito,69,59416,914,805,0,805,2
2020-08-15,San Bernardino,71,2135413,45973,41231,39,41270,602
2020-08-15,San Diego,73,3302833,36332,34346,0,34346,639
2020-08-15,San Francisco,75,870044,8733,7601,8,7609,69
2020-08-15,San Joaquin,77,732212,17091,15113,26,15139,280
2020-08-15,San Luis Obispo,79,281455,2672,2461,9,2470,17
2020-08-15,San Mateo,81,765935,7769,6860,4,6864,118
2020-08-15,Santa Barbara,83,443738,8077,7338,56,7394,79
2020-08-15,Santa Clara,85,1922200,16085,14105,18,14123,183
2020-08-15,Santa Cruz,87,273765,1648,1449,13,1462,6
2020-08-15,Shasta,89,179085,569,458,3,461,9
2020-08-15,Sierra,91,2930,6,6,0,6,0
2020-08-15,Siskiyou,93,43540,116,100,0,100,0
2020-08-15,Solano,95,438530,5007,4477,32,4509,31
2020-08-15,Sonoma,97,501317,4999,4134,16,4150,45
2020-08-15,Stanislaus,99,539301,13938,12541,195,12736,149
2020-08-15,Sutter,101,95872,1165,1046,1,1047,8
2020-08-15,Tehama,103,63373,361,312,1,313,1
2020-08-15,Trinity,105,12862,15,6,4,10,0
2020-08-15,Tulare,107,460477,13284,12262,35,12297,211
2020-08-15,Tuolumne,109,53932,171,155,2,157,1
2020-08-15,Ventura,111,848112,10132,9379,39,9418,89
2020-08-15,Yolo,113,214977,2225,2031,4,2035,46
2020-08-15,Yuba,115,75493,730,623,2,625,1
2020-08-14,Alameda,1,1643700,16681,14909,123,15032,221
2020-08-14,Alpine,3,1148,3,2,0,2,0
2020-08-14,Amador,5,37829,259,209,0,209,9
2020-08-14,Butte,7,227075,1537,1384,10,1394,15
2020-08-14,Calaveras,9,45235,189,165,0,165,1
2020-08-14,Colusa,11,21464,426,399,0,399,5
2020-08-14,Contra Costa,13,1133247,12860,10893,42,10935,137
2020-08-14,Del Norte,15,27424,103,76,0,76,0
2020-08-14,El Dorado,17,186661,922,827,0,827,2
2020-08-14,Fresno,19,978130,25153,19900,231,20131,208
2020-08-14,Glenn,21,27897,421,395,0,395,2
2020-08-14,Humboldt,23,135768,340,294,1,295,4
2020-08-14,Imperial,25,180216,10916,8756,7,8763,185
2020-08-14,Inyo,27,18085,148,115,0,115,1
2020-08-14,Kern,29,883053,28173,25893,164,26057,249
2020-08-14,Kings,31,150075,5638,4953,30,4983,56
2020-08-14,Lake,33,64148,289,267,0,267,2
2020-08-14,Lassen,35,31185,708,665,2,667,0
2020-08-14,Los Angeles,37,10098052,226865,219083,876,219959,5222
2020-08-14,Madera,39,155013,3482,2876,18,2894,26
2020-08-14,Marin,41,260295,5860,5601,12,5613,46
2020-08-14,Mariposa,43,17540,70,61,0,61,2
2020-08-14,Mendocino,45,87422,511,432,0,432,8
2020-08-14,Merced,47,269075,7247,6466,3,6469,67
2020-08-14,Modoc,49,8938,7,5,0,5,0
2020-08-14,Mono,51,14174,162,126,1,127,1
2020-08-14,Monterey,53,433212,7046,6121,16,6137,41
2020-08-14,Napa,55,140530,1345,1230,2,1232,10
2020-08-14,Nevada,57,99092,406,377,12,389,2
2020-08-14,Orange,59,3164182,47550,42399,1009,43408,798
2020-08-14,Placer,61,380077,2769,2546,3,2549,26
2020-08-14,Plumas,63,18699,38,33,0,33,0
2020-08-14,Riverside,65,2383286,50179,46456,26,46482,891
2020-08-14,Sacramento,67,1510023,16021,13645,10,13655,212
2020-08-14,San Benito,69,59416,897,783,0,783,2
2020-08-14,San Bernardino,71,2135413,45787,40442,39,40481,594
2020-08-14,San Diego,73,3302833,36138,34067,0,34067,622
2020-08-14,San Francisco,75,870044,8674,7467,8,7475,69
2020-08-14,San Joaquin,77,732212,16992,14925,26,14951,276
2020-08-14,San Luis Obispo,79,281455,2657,2422,9,2431,17
2020-08-14,San Mateo,81,765935,7710,6655,4,6659,118
2020-08-14,Santa Barbara,83,443738,8027,7302,56,7358,77
2020-08-14,Santa Clara,85,1922200,15919,13785,18,13803,183
2020-08-14,Santa Cruz,87,273765,1626,1418,12,1430,6
2020-08-14,Shasta,89,179085,564,446,3,449,9
2020-08-14,Sierra,91,2930,6,5,0,5,0
2020-08-14,Siskiyou,93,43540,116,98,0,98,0
2020-08-14,Solano,95,438530,4986,4421,32,4453,31
2020-08-14,Sonoma,97,501317,4940,4087,13,4100,45
2020-08-14,Stanislaus,99,539301,13861,12379,191,12570,140
2020-08-14,Sutter,101,95872,1157,1039,1,1040,8
2020-08-14,Tehama,103,63373,357,305,1,306,1
2020-08-14,Trinity,105,12862,15,6,4,10,0
2020-08-14,Tulare,107,460477,13207,12009,35,12044,211
2020-08-14,Tuolumne,109,53932,170,155,2,157,1
2020-08-14,Ventura,111,848112,10057,9313,39,9352,89
2020-08-14,Yolo,113,214977,2211,1991,4,1995,45
2020-08-14,Yuba,115,75493,714,606,2,608,1
2020-08-13,Alameda,1,1643700,16407,14385,123,14508,218
2020-08-13,Alpine,3,1148,3,2,0,2,0
2020-08-13,Amador,5,37829,259,198,0,198,8
2020-08-13,Butte,7,227075,1512,1345,10,1355,15
2020-08-13,Calaveras,9,45235,187,162,0,162,1
2020-08-13,Colusa,11,21464,426,395,0,395,5
2020-08-13,Contra Costa,13,1133247,12706,10545,41,10586,136
2020-08-13,Del Norte,15,27424,102,74,0,74,0
2020-08-13,El Dorado,17,186661,917,803,0,803,2
2020-08-13,Fresno,19,978130,24929,19157,224,19381,201
2020-08-13,Glenn,21,27897,417,392,0,392,1
2020-08-13,Humboldt,23,135768,332,281,1,282,4
2020-08-13,Imperial,25,180216,10885,8640,7,8647,170
2020-08-13,Inyo,27,18085,144,97,0,97,1
2020-08-13,Kern,29,883053,28007,25472,161,25633,242
2020-08-13,Kings,31,150075,5604,4824,30,4854,52
2020-08-13,Lake,33,64148,284,263,0,263,2
2020-08-13,Lassen,35,31185,708,652,2,654,0
2020-08-13,Los Angeles,37,10098052,225455,216497,856,217353,5179
2020-08-13,Madera,39,155013,3439,2675,17,2692,25
2020-08-13,Marin,41,260295,5844,5503,12,5515,44
2020-08-13,Mariposa,43,17540,69,61,0,61,2
2020-08-13,Mendocino,45,87422,506,401,0,401,8
2020-08-13,Merced,47,269075,7129,5945,3,5948,63
2020-08-13,Modoc,49,8938,7,5,0,5,0
2020-08-13,Mono,51,14174,162,124,1,125,1
2020-08-13,Monterey,53,433212,6963,5925,16,5941,38
2020-08-13,Napa,55,140530,1336,1179,2,1181,10
2020-08-13,Nevada,57,99092,402,362,12,374,1
2020-08-13,Orange,59,3164182,47311,42019,997,43016,773
2020-08-13,Placer,61,380077,2748,2460,3,2463,26
2020-08-13,Plumas,63,18699,38,32,0,32,0
2020-08-13,Riverside,65,2383286,49885,45327,26,45353,885
2020-08-13,Sacramento,67,1510023,15821,13237,10,13247,197
2020-08-13,San Benito,69,59416,868,757,0,757,2
2020-08-13,San Bernardino,71,2135413,45393,39395,38,39433,591
2020-08-13,San Diego,73,3302833,35902,33661,0,33661,627
2020-08-13,San Francisco,75,870044,8580,7277,8,7285,69
2020-08-13,San Joaquin,77,732212,16838,14537,25,14562,261
2020-08-13,San Luis Obispo,79,281455,2636,2283,9,2292,16
2020-08-13,San Mateo,81,765935,7648,6503,4,6507,117
2020-08-13,Santa Barbara,83,443738,7983,7129,55,7184,74
2020-08-13,Santa Clara,85,1922200,15696,13257,18,13275,182
2020-08-13,Santa Cruz,87,273765,1601,1383,12,1395,6
2020-08-13,Shasta,89,179085,560,428,3,431,9
2020-08-13,Sierra,91,2930,6,5,0,5,0
2020-08-13,Siskiyou,93,43540,116,95,0,95,0
2020-08-13,Solano,95,438530,4949,4305,32,4337,31
2020-08-13,Sonoma,97,501317,4866,3902,13,3915,45
2020-08-13,Stanislaus,99,539301,13731,11953,175,12128,136
2020-08-13,Sutter,101,95872,1136,992,1,993,8
2020-08-13,Tehama,103,63373,348,302,1,303,1
2020-08-13,Trinity,105,12862,15,6,4,10,0
2020-08-13,Tulare,107,460477,13064,11692,31,11723,210
2020-08-13,Tuolumne,109,53932,169,152,2,154,1
2020-08-13,Ventura,111,848112,9968,9114,39,9153,90
2020-08-13,Yolo,113,214977,2184,1938,4,1942,44
2020-08-13,Yuba,115,75493,698,568,2,570,1
2020-08-12,Alameda,1,1643700,16195,14214,123,14337,215
2020-08-12,Alpine,3,1148,3,2,0,2,0
2020-08-12,Amador,5,37829,256,197,0,197,8
2020-08-12,Butte,7,227075,1484,1317,10,1327,15
2020-08-12,Calaveras,9,45235,184,157,0,157,1
2020-08-12,Colusa,11,21464,421,394,0,394,5
2020-08-12,Contra Costa,13,1133247,12562,10304,39,10343,134
2020-08-12,Del Norte,15,27424,101,74,0,74,0
2020-08-12,El Dorado,17,186661,899,794,0,794,2
2020-08-12,Fresno,19,978130,24699,18690,218,18908,194
2020-08-12,Glenn,21,27897,414,388,0,388,1
2020-08-12,Humboldt,23,135768,325,281,1,282,4
2020-08-12,Imperial,25,180216,10863,8566,7,8573,167
2020-08-12,Inyo,27,18085,127,97,0,97,1
2020-08-12,Kern,29,883053,27817,25191,159,25350,232
2020-08-12,Kings,31,150075,5565,4736,30,4766,50
2020-08-12,Lake,33,64148,282,253,0,253,2
2020-08-12,Lassen,35,31185,707,651,2,653,0
2020-08-12,Los Angeles,37,10098052,223998,214542,840,215382,5119
2020-08-12,Madera,39,155013,3405,2681,15,2696,23
2020-08-12,Marin,41,260295,5822,5423,12,5435,44
2020-08-12,Mariposa,43,17540,69,61,0,61,2
2020-08-12,Mendocino,45,87422,487,386,0,386,9
2020-08-12,Merced,47,269075,7067,5777,3,5780,66
2020-08-12,Modoc,49,8938,7,5,0,5,0
2020-08-12,Mono,51,14174,161,124,1,125,1
2020-08-12,Monterey,53,433212,6859,5919,16,5935,38
2020-08-12,Napa,55,140530,1326,1161,2,1163,10
2020-08-12,Nevada,57,99092,397,357,12,369,1
2020-08-12,Orange,59,3164182,47060,41576,972,42548,754
2020-08-12,Placer,61,380077,2715,2417,3,2420,25
2020-08-12,Plumas,63,18699,38,31,0,31,0
2020-08-12,Riverside,65,2383286,49536,44747,26,44773,867
2020-08-12,Sacramento,67,1510023,15606,12528,10,12538,189
2020-08-12,San Benito,69,59416,855,751,0,751,2
2020-08-12,San Bernardino,71,2135413,45051,38811,37,38848,589
2020-08-12,San Diego,73,3302833,35693,33395,0,33395,608
2020-08-12,San Francisco,75,870044,8496,7194,8,7202,66
2020-08-12,San Joaquin,77,732212,16695,14154,25,14179,253
2020-08-12,San Luis Obispo,79,281455,2611,2263,9,2272,15
2020-08-12,San Mateo,81,765935,7570,6427,4,6431,117
2020-08-12,Santa Barbara,83,443738,7923,7049,53,7102,74
2020-08-12,Santa Clara,85,1922200,15520,13002,18,13020,182
2020-08-12,Santa Cruz,87,273765,1572,1382,11,1393,6
2020-08-12,Shasta,89,179085,556,417,3,420,9
2020-08-12,Sierra,91,2930,5,4,0,4,0
2020-08-12,Siskiyou,93,43540,115,90,0,90,0
2020-08-12,Solano,95,438530,4904,4258,32,4290,31
2020-08-12,Sonoma,97,501317,4792,3847,13,3860,47
2020-08-12,Stanislaus,99,539301,13593,11682,166,11848,136
2020-08-12,Sutter,101,95872,1112,987,1,988,7
2020-08-12,Tehama,103,63373,338,289,1,290,1
2020-08-12,Trinity,105,12862,14,6,4,10,0
2020-08-12,Tulare,107,460477,12936,11460,31,11491,211
2020-08-12,Tuolumne,109,53932,168,150,2,152,1
2020-08-12,Ventura,111,848112,9883,9005,38,9043,87
2020-08-12,Yolo,113,214977,2161,1921,4,1925,44
2020-08-12,Yuba,115,75493,676,549,1,550,1
2020-08-11,Alameda,1,1643700,15937,13960,120,14080,204
2020-08-11,Alpine,3,1148,3,2,0,2,0
2020-08-11,Amador,5,37829,250,187,0,187,3
2020-08-11,Butte,7,227075,1457,1296,10,1306,15
2020-08-11,Calaveras,9,45235,182,161,0,161,1
2020-08-11,Colusa,11,21464,416,390,0,390,5
2020-08-11,Contra Costa,13,1133247,12373,10012,37,10049,131
2020-08-11,Del Norte,15,27424,100,73,0,73,0
2020-08-11,El Dorado,17,186661,892,786,0,786,2
2020-08-11,Fresno,19,978130,24379,18344,215,18559,187
2020-08-11,Glenn,21,27897,412,380,0,380,1
2020-08-11,Humboldt,23,135768,320,283,1,284,4
2020-08-11,Imperial,25,180216,10807,8518,7,8525,165
2020-08-11,Inyo,27,18085,122,97,0,97,1
2020-08-11,Kern,29,883053,27483,25042,156,25198,230
2020-08-11,Kings,31,150075,5380,4696,30,4726,50
2020-08-11,Lake,33,64148,279,243,0,243,2
2020-08-11,Lassen,35,31185,701,605,2,607,0
2020-08-11,Los Angeles,37,10098052,222495,212421,815,213236,5065
2020-08-11,Madera,39,155013,3351,2673,15,2688,22
2020-08-11,Marin,41,260295,5794,5287,11,5298,44
2020-08-11,Mariposa,43,17540,68,60,0,60,2
2020-08-11,Mendocino,45,87422,477,385,0,385,9
2020-08-11,Merced,47,269075,6972,5322,2,5324,65
2020-08-11,Modoc,49,8938,7,5,0,5,0
2020-08-11,Mono,51,14174,161,124,1,125,1
2020-08-11,Monterey,53,433212,6751,5624,16,5640,36
2020-08-11,Napa,55,140530,1315,1143,1,1144,11
2020-08-11,Nevada,57,99092,394,358,12,370,1
2020-08-11,Orange,59,3164182,46840,41205,949,42154,742
2020-08-11,Placer,61,380077,2683,2393,3,2396,24
2020-08-11,Plumas,63,18699,38,31,0,31,0
2020-08-11,Riverside,65,2383286,49177,44237,26,44263,836
2020-08-11,Sacramento,67,1510023,15319,12298,10,12308,182
2020-08-11,San Benito,69,59416,843,750,0,750,2
2020-08-11,San Bernardino,71,2135413,44710,38467,36,38503,584
2020-08-11,San Diego,73,3302833,35426,33159,0,33159,602
2020-08-11,San Francisco,75,870044,8400,6988,8,6996,66
2020-08-11,San Joaquin,77,732212,16518,13997,20,14017,251
2020-08-11,San Luis Obispo,79,281455,2554,2234,9,2243,15
2020-08-11,San Mateo,81,765935,7494,6339,4,6343,117
2020-08-11,Santa Barbara,83,443738,7873,6942,53,6995,70
2020-08-11,Santa Clara,85,1922200,15299,12920,18,12938,183
2020-08-11,Santa Cruz,87,273765,1549,1352,11,1363,4
2020-08-11,Shasta,89,179085,552,416,3,419,9
2020-08-11,Sierra,91,2930,5,4,0,4,0
2020-08-11,Siskiyou,93,43540,115,90,0,90,0
2020-08-11,Solano,95,438530,4856,4206,31,4237,31
2020-08-11,Sonoma,97,501317,4698,3752,13,3765,45
2020-08-11,Stanislaus,99,539301,13489,11592,154,11746,128
2020-08-11,Sutter,101,95872,1090,964,1,965,7
2020-08-11,Tehama,103,63373,334,289,1,290,1
2020-08-11,Trinity,105,12862,14,5,4,9,0
2020-08-11,Tulare,107,460477,12810,11392,30,11422,201
2020-08-11,Tuolumne,109,53932,164,146,2,148,1
2020-08-11,Ventura,111,848112,9815,8953,37,8990,88
2020-08-11,Yolo,113,214977,2139,1912,4,1916,44
2020-08-11,Yuba,115,75493,665,540,1,541,1
2020-08-10,Alameda,1,1643700,15697,13420,119,13539,203
2020-08-10,Alpine,3,1148,3,2,0,2,0
2020-08-10,Amador,5,37829,249,172,0,172,2
2020-08-10,Butte,7,227075,1433,1174,9,1183,15
2020-08-10,Calaveras,9,45235,172,121,0,121,1
2020-08-10,Colusa,11,21464,414,387,0,387,4
2020-08-10,Contra Costa,13,1133247,12220,9454,35,9489,130
2020-08-10,Del Norte,15,27424,98,69,0,69,0
2020-08-10,El Dorado,17,186661,880,771,0,771,2
2020-08-10,Fresno,19,978130,24098,17978,214,18192,183
2020-08-10,Glenn,21,27897,409,381,0,381,1
2020-08-10,Humboldt,23,135768,314,277,1,278,4
2020-08-10,Imperial,25,180216,10763,8465,7,8472,165
2020-08-10,Inyo,27,18085,122,97,0,97,1
2020-08-10,Kern,29,883053,27258,24499,155,24654,215
2020-08-10,Kings,31,150075,5274,4588,30,4618,50
2020-08-10,Lake,33,64148,272,239,0,239,2
2020-08-10,Lassen,35,31185,701,588,2,590,0
2020-08-10,Los Angeles,37,10098052,220913,211035,796,211831,5003
2020-08-10,Madera,39,155013,3318,2365,14,2379,22
2020-08-10,Marin,41,260295,5749,5242,10,5252,44
2020-08-10,Mariposa,43,17540,68,57,0,57,2
2020-08-10,Mendocino,45,87422,453,364,0,364,1
2020-08-10,Merced,47,269075,6891,4913,2,4915,51
2020-08-10,Modoc,49,8938,7,5,0,5,0
2020-08-10,Mono,51,14174,161,123,1,124,1
2020-08-10,Monterey,53,433212,6641,5358,16,5374,34
2020-08-10,Napa,55,140530,1297,1084,1,1085,8
2020-08-10,Nevada,57,99092,386,356,12,368,1
2020-08-10,Orange,59,3164182,46572,40445,931,41376,721
2020-08-10,Placer,61,380077,2644,2298,3,2301,21
2020-08-10,Plumas,63,18699,38,27,0,27,0
2020-08-10,Riverside,65,2383286,48790,43296,25,43321,830
2020-08-10,Sacramento,67,1510023,15006,12059,10,12069,168
2020-08-10,San Benito,69,59416,830,743,0,743,2
2020-08-10,San Bernardino,71,2135413,44334,37367,34,37401,579
2020-08-10,San Diego,73,3302833,35160,32977,0,32977,594
2020-08-10,San Francisco,75,870044,8309,6816,7,6823,66
2020-08-10,San Joaquin,77,732212,16336,13308,20,13328,240
2020-08-10,San Luis Obispo,79,281455,2455,2208,9,2217,15
2020-08-10,San Mateo,81,765935,7417,6222,4,6226,117
2020-08-10,Santa Barbara,83,443738,7818,6869,53,6922,66
2020-08-10,Santa Clara,85,1922200,15039,12615,18,12633,182
2020-08-10,Santa Cruz,87,273765,1529,1239,10,1249,4
2020-08-10,Shasta,89,179085,548,384,3,387,9
2020-08-10,Sierra,91,2930,5,3,0,3,0
2020-08-10,Siskiyou,93,43540,112,88,0,88,0
2020-08-10,Solano,95,438530,4796,4101,31,4132,31
2020-08-10,Sonoma,97,501317,4529,3640,9,3649,42
2020-08-10,Stanislaus,99,539301,13308,10855,137,10992,106
2020-08-10,Sutter,101,95872,1065,865,1,866,7
2020-08-10,Tehama,103,63373,327,282,1,283,1
2020-08-10,Trinity,105,12862,12,5,4,9,0
2020-08-10,Tulare,107,460477,12637,10750,28,10778,194
2020-08-10,Tuolumne,109,53932,164,143,1,144,1
2020-08-10,Ventura,111,848112,9731,8851,36,8887,85
2020-08-10,Yolo,113,214977,2116,1840,4,1844,45
2020-08-10,Yuba,115,75493,648,527,1,528,1
2020-08-09,Alameda,1,1643700,15419,13241,117,13358,203
2020-08-09,Alpine,3,1148,3,2,0,2,0
2020-08-09,Amador,5,37829,244,153,0,153,2
2020-08-09,Butte,7,227075,1389,1155,9,1164,15
2020-08-09,Calaveras,9,45235,167,122,0,122,1
2020-08-09,Colusa,11,21464,410,371,0,371,4
2020-08-09,Contra Costa,13,1133247,11993,9214,33,9247,130
2020-08-09,Del Norte,15,27424,98,69,0,69,0
2020-08-09,El Dorado,17,186661,872,748,0,748,2
2020-08-09,Fresno,19,978130,23790,17846,210,18056,183
2020-08-09,Glenn,21,27897,407,354,0,354,1
2020-08-09,Humboldt,23,135768,308,279,1,280,4
2020-08-09,Imperial,25,180216,10719,8310,6,8316,165
2020-08-09,Inyo,27,18085,117,86,0,86,1
2020-08-09,Kern,29,883053,27002,23680,155,23835,215
2020-08-09,Kings,31,150075,5231,4446,29,4475,50
2020-08-09,Lake,33,64148,265,225,0,225,2
2020-08-09,Lassen,35,31185,695,589,2,591,0
2020-08-09,Los Angeles,37,10098052,218851,208810,773,209583,4984
2020-08-09,Madera,39,155013,3259,2322,10,2332,22
2020-08-09,Marin,41,260295,5706,5204,10,5214,44
2020-08-09,Mariposa,43,17540,66,56,0,56,2
2020-08-09,Mendocino,45,87422,443,283,0,283,1
2020-08-09,Merced,47,269075,6793,4735,1,4736,51
2020-08-09,Modoc,49,8938,7,4,0,4,0
2020-08-09,Mono,51,14174,160,113,1,114,1
2020-08-09,Monterey,53,433212,6517,5199,16,5215,34
2020-08-09,Napa,55,140530,1278,1062,1,1063,8
2020-08-09,Nevada,57,99092,378,332,12,344,1
2020-08-09,Orange,59,3164182,46274,39244,916,40160,722
2020-08-09,Placer,61,380077,2616,2211,3,2214,20
2020-08-09,Plumas,63,18699,38,27,0,27,0
2020-08-09,Riverside,65,2383286,48447,41894,24,41918,828
2020-08-09,Sacramento,67,1510023,14729,11301,10,11311,167
2020-08-09,San Benito,69,59416,811,687,0,687,2
2020-08-09,San Bernardino,71,2135413,43859,36092,34,36126,579
2020-08-09,San Diego,73,3302833,34869,32749,0,32749,594
2020-08-09,San Francisco,75,870044,8194,6820,7,6827,66
2020-08-09,San Joaquin,77,732212,16131,12933,19,12952,240
2020-08-09,San Luis Obispo,79,281455,2419,2124,9,2133,15
2020-08-09,San Mateo,81,765935,7322,6094,4,6098,117
2020-08-09,Santa Barbara,83,443738,7731,6669,53,6722,66
2020-08-09,Santa Clara,85,1922200,14769,11878,18,11896,181
2020-08-09,Santa Cruz,87,273765,1505,1246,10,1256,4
2020-08-09,Shasta,89,179085,544,361,3,364,9
2020-08-09,Sierra,91,2930,5,3,0,3,0
2020-08-09,Siskiyou,93,43540,111,74,0,74,0
2020-08-09,Solano,95,438530,4743,3954,30,3984,31
2020-08-09,Sonoma,97,501317,4393,3531,7,3538,41
2020-08-09,Stanislaus,99,539301,13099,10264,124,10388,106
2020-08-09,Sutter,101,95872,1031,857,1,858,7
2020-08-09,Tehama,103,63373,319,265,1,266,1
2020-08-09,Trinity,105,12862,12,5,4,9,0
2020-08-09,Tulare,107,460477,12445,10630,25,10655,194
2020-08-09,Tuolumne,109,53932,161,143,1,144,1
2020-08-09,Ventura,111,848112,9584,8633,35,8668,85
2020-08-09,Yolo,113,214977,2085,1765,4,1769,44
2020-08-09,Yuba,115,75493,628,442,1,443,1
2020-08-08,Alameda,1,1643700,15309,13087,117,13204,204
2020-08-08,Alpine,3,1148,3,2,0,2,0
2020-08-08,Amador,5,37829,244,139,0,139,2
2020-08-08,Butte,7,227075,1371,1140,9,1149,15
2020-08-08,Calaveras,9,45235,166,122,0,122,1
2020-08-08,Colusa,11,21464,409,368,0,368,4
2020-08-08,Contra Costa,13,1133247,11884,9104,33,9137,129
2020-08-08,Del Norte,15,27424,97,69,0,69,0
2020-08-08,El Dorado,17,186661,865,734,0,734,2
2020-08-08,Fresno,19,978130,23654,17538,208,17746,183
2020-08-08,Glenn,21,27897,407,344,0,344,1
2020-08-08,Humboldt,23,135768,305,277,1,278,4
2020-08-08,Imperial,25,180216,10704,8213,6,8219,165
2020-08-08,Inyo,27,18085,113,86,0,86,1
2020-08-08,Kern,29,883053,26888,22803,155,22958,215
2020-08-08,Kings,31,150075,5217,4367,29,4396,49
2020-08-08,Lake,33,64148,263,221,0,221,2
2020-08-08,Lassen,35,31185,695,589,2,591,0
2020-08-08,Los Angeles,37,10098052,217962,206971,762,207733,4974
2020-08-08,Madera,39,155013,3228,2275,10,2285,22
2020-08-08,Marin,41,260295,5686,5118,10,5128,44
2020-08-08,Mariposa,43,17540,65,55,0,55,2
2020-08-08,Mendocino,45,87422,441,264,0,264,1
2020-08-08,Merced,47,269075,6753,4570,1,4571,51
2020-08-08,Modoc,49,8938,7,4,0,4,0
2020-08-08,Mono,51,14174,160,113,1,114,1
2020-08-08,Monterey,53,433212,6459,5101,16,5117,33
2020-08-08,Napa,55,140530,1270,1062,1,1063,8
2020-08-08,Nevada,57,99092,376,325,12,337,1
2020-08-08,Orange,59,3164182,46149,38688,907,39595,718
2020-08-08,Placer,61,380077,2599,2153,3,2156,20
2020-08-08,Plumas,63,18699,38,27,0,27,0
2020-08-08,Riverside,65,2383286,48244,41412,24,41436,823
2020-08-08,Sacramento,67,1510023,14599,11144,10,11154,166
2020-08-08,San Benito,69,59416,803,684,0,684,2
2020-08-08,San Bernardino,71,2135413,43663,35691,33,35724,531
2020-08-08,San Diego,73,3302833,34680,32332,0,32332,593
2020-08-08,San Francisco,75,870044,8128,6820,7,6827,66
2020-08-08,San Joaquin,77,732212,16050,12559,18,12577,240
2020-08-08,San Luis Obispo,79,281455,2396,2081,9,2090,15
2020-08-08,San Mateo,81,765935,7264,6021,4,6025,117
2020-08-08,Santa Barbara,83,443738,7693,6598,53,6651,66
2020-08-08,Santa Clara,85,1922200,14618,11615,18,11633,181
2020-08-08,Santa Cruz,87,273765,1491,1247,10,1257,4
2020-08-08,Shasta,89,179085,542,343,3,346,9
2020-08-08,Sierra,91,2930,5,3,0,3,0
2020-08-08,Siskiyou,93,43540,111,73,0,73,0
2020-08-08,Solano,95,438530,4722,3889,29,3918,31
2020-08-08,Sonoma,97,501317,4361,3399,7,3406,41
2020-08-08,Stanislaus,99,539301,13024,9963,118,10081,105
2020-08-08,Sutter,101,95872,1021,830,1,831,7
2020-08-08,Tehama,103,63373,318,251,1,252,1
2020-08-08,Trinity,105,12862,12,5,4,9,0
2020-08-08,Tulare,107,460477,12369,10505,25,10530,192
2020-08-08,Tuolumne,109,53932,161,143,1,144,1
2020-08-08,Ventura,111,848112,9530,8462,34,8496,85
2020-08-08,Yolo,113,214977,2072,1725,4,1729,44
2020-08-08,Yuba,115,75493,619,430,1,431,1
2020-08-07,Alameda,1,1643700,15200,12805,117,12922,204
2020-08-07,Alpine,3,1148,3,2,0,2,0
2020-08-07,Amador,5,37829,242,125,0,125,2
2020-08-07,Butte,7,227075,1353,1092,9,1101,13
2020-08-07,Calaveras,9,45235,166,119,0,119,1
2020-08-07,Colusa,11,21464,408,358,0,358,4
2020-08-07,Contra Costa,13,1133247,11735,8810,33,8843,126
2020-08-07,Del Norte,15,27424,97,69,0,69,0
2020-08-07,El Dorado,17,186661,860,724,0,724,2
2020-08-07,Fresno,19,978130,23494,17290,208,17498,171
2020-08-07,Glenn,21,27897,406,339,0,339,1
2020-08-07,Humboldt,23,135768,301,274,1,275,4
2020-08-07,Imperial,25,180216,10679,8085,6,8091,164
2020-08-07,Inyo,27,18085,112,81,0,81,1
2020-08-07,Kern,29,883053,26762,22143,152,22295,206
2020-08-07,Kings,31,150075,5200,4315,29,4344,48
2020-08-07,Lake,33,64148,261,215,0,215,1
2020-08-07,Lassen,35,31185,694,588,2,590,0
2020-08-07,Los Angeles,37,10098052,216505,204406,750,205156,4924
2020-08-07,Madera,39,155013,3196,2245,10,2255,20
2020-08-07,Marin,41,260295,5657,5094,10,5104,43
2020-08-07,Mariposa,43,17540,65,53,0,53,2
2020-08-07,Mendocino,45,87422,427,262,0,262,1
2020-08-07,Merced,47,269075,6710,4358,1,4359,30
2020-08-07,Modoc,49,8938,7,4,0,4,0
2020-08-07,Mono,51,14174,160,112,1,113,1
2020-08-07,Monterey,53,433212,6384,5041,16,5057,33
2020-08-07,Napa,55,140530,1265,1055,1,1056,8
2020-08-07,Nevada,57,99092,373,324,12,336,1
2020-08-07,Orange,59,3164182,45937,38459,890,39349,701
2020-08-07,Placer,61,380077,2582,2078,3,2081,20
2020-08-07,Plumas,63,18699,38,25,0,25,0
2020-08-07,Riverside,65,2383286,47980,40902,23,40925,810
2020-08-07,Sacramento,67,1510023,14454,10798,10,10808,160
2020-08-07,San Benito,69,59416,797,647,0,647,2
2020-08-07,San Bernardino,71,2135413,43417,35200,32,35232,524
2020-08-07,San Diego,73,3302833,34495,31781,0,31781,586
2020-08-07,San Francisco,75,870044,8050,6765,7,6772,66
2020-08-07,San Joaquin,77,732212,15966,12392,18,12410,223
2020-08-07,San Luis Obispo,79,281455,2365,2050,9,2059,14
2020-08-07,San Mateo,81,765935,7205,5948,4,5952,117
2020-08-07,Santa Barbara,83,443738,7642,6509,53,6562,66
2020-08-07,Santa Clara,85,1922200,14419,11409,18,11427,180
2020-08-07,Santa Cruz,87,273765,1473,1234,10,1244,5
2020-08-07,Shasta,89,179085,537,342,3,345,9
2020-08-07,Sierra,91,2930,5,3,0,3,0
2020-08-07,Siskiyou,93,43540,108,73,0,73,0
2020-08-07,Solano,95,438530,4690,3844,28,3872,31
2020-08-07,Sonoma,97,501317,4297,3329,7,3336,34
2020-08-07,Stanislaus,99,539301,12903,9665,107,9772,98
2020-08-07,Sutter,101,95872,1017,807,1,808,6
2020-08-07,Tehama,103,63373,314,246,1,247,1
2020-08-07,Trinity,105,12862,11,5,4,9,0
2020-08-07,Tulare,107,460477,12292,10292,25,10317,195
2020-08-07,Tuolumne,109,53932,160,136,1,137,1
2020-08-07,Ventura,111,848112,9470,8356,32,8388,84
2020-08-07,Yolo,113,214977,2047,1689,4,1693,37
2020-08-07,Yuba,115,75493,614,413,1,414,1
2020-08-06,Alameda,1,1643700,14980,12474,116,12590,200
2020-08-06,Alpine,3,1148,3,2,0,2,0
2020-08-06,Amador,5,37829,228,125,0,125,0
2020-08-06,Butte,7,227075,1334,1060,9,1069,13
2020-08-06,Calaveras,9,45235,164,117,0,117,1
2020-08-06,Colusa,11,21464,405,358,0,358,3
2020-08-06,Contra Costa,13,1133247,11541,8583,32,8615,124
2020-08-06,Del Norte,15,27424,97,69,0,69,0
2020-08-06,El Dorado,17,186661,849,703,0,703,1
2020-08-06,Fresno,19,978130,23198,17031,200,17231,161
2020-08-06,Glenn,21,27897,401,332,0,332,1
2020-08-06,Humboldt,23,135768,296,266,1,267,4
2020-08-06,Imperial,25,180216,10635,8064,6,8070,163
2020-08-06,Inyo,27,18085,104,83,0,83,1
2020-08-06,Kern,29,883053,26526,21843,151,21994,197
2020-08-06,Kings,31,150075,5140,4264,27,4291,47
2020-08-06,Lake,33,64148,258,209,0,209,1
2020-08-06,Lassen,35,31185,692,588,2,590,0
2020-08-06,Los Angeles,37,10098052,214427,201372,733,202105,4874
2020-08-06,Madera,39,155013,3148,2240,9,2249,19
2020-08-06,Marin,41,260295,5625,5058,10,5068,43
2020-08-06,Mariposa,43,17540,64,52,0,52,2
2020-08-06,Mendocino,45,87422,413,260,0,260,1
2020-08-06,Merced,47,269075,6609,4235,1,4236,30
2020-08-06,Modoc,49,8938,7,4,0,4,0
2020-08-06,Mono,51,14174,159,111,1,112,1
2020-08-06,Monterey,53,433212,6275,5001,15,5016,33
2020-08-06,Napa,55,140530,1251,1032,1,1033,8
2020-08-06,Nevada,57,99092,368,321,12,333,1
2020-08-06,Orange,59,3164182,45645,38399,885,39284,694
2020-08-06,Placer,61,380077,2555,2045,3,2048,20
2020-08-06,Plumas,63,18699,37,25,0,25,0
2020-08-06,Riverside,65,2383286,47585,40269,23,40292,781
2020-08-06,Sacramento,67,1510023,14223,10548,10,10558,153
2020-08-06,San Benito,69,59416,789,626,0,626,2
2020-08-06,San Bernardino,71,2135413,43013,34819,32,34851,516
2020-08-06,San Diego,73,3302833,34228,31129,0,31129,583
2020-08-06,San Francisco,75,870044,7957,6737,6,6743,60
2020-08-06,San Joaquin,77,732212,15807,12269,18,12287,203
2020-08-06,San Luis Obispo,79,281455,2341,2000,9,2009,13
2020-08-06,San Mateo,81,765935,7106,5885,4,5889,117
2020-08-06,Santa Barbara,83,443738,7582,6620,53,6673,65
2020-08-06,Santa Clara,85,1922200,14190,11280,18,11298,178
2020-08-06,Santa Cruz,87,273765,1452,1215,10,1225,4
2020-08-06,Shasta,89,179085,528,343,3,346,9
2020-08-06,Sierra,91,2930,5,3,0,3,0
2020-08-06,Siskiyou,93,43540,108,73,0,73,0
2020-08-06,Solano,95,438530,4647,3784,28,3812,29
2020-08-06,Sonoma,97,501317,4233,3259,7,3266,33
2020-08-06,Stanislaus,99,539301,12754,9566,90,9656,98
2020-08-06,Sutter,101,95872,986,797,1,798,6
2020-08-06,Tehama,103,63373,311,242,1,243,1
2020-08-06,Trinity,105,12862,9,5,4,9,0
2020-08-06,Tulare,107,460477,12133,10169,25,10194,195
2020-08-06,Tuolumne,109,53932,159,136,1,137,1
2020-08-06,Ventura,111,848112,9359,8245,29,8274,80
2020-08-06,Yolo,113,214977,2023,1662,4,1666,36
2020-08-06,Yuba,115,75493,605,407,0,407,1
2020-08-05,Alameda,1,1643700,14768,12140,115,12255,193
2020-08-05,Alpine,3,1148,3,2,0,2,0
2020-08-05,Amador,5,37829,218,123,0,123,0
2020-08-05,Butte,7,227075,1301,1038,9,1047,13
2020-08-05,Calaveras,9,45235,161,116,0,116,1
2020-08-05,Colusa,11,21464,401,354,0,354,3
2020-08-05,Contra Costa,13,1133247,11377,8362,32,8394,122
2020-08-05,Del Norte,15,27424,96,69,0,69,0
2020-08-05,El Dorado,17,186661,841,692,0,692,1
2020-08-05,Fresno,19,978130,22956,16625,193,16818,159
2020-08-05,Glenn,21,27897,398,330,0,330,1
2020-08-05,Humboldt,23,135768,294,249,1,250,4
2020-08-05,Imperial,25,180216,10600,8036,6,8042,163
2020-08-05,Inyo,27,18085,102,62,0,62,1
2020-08-05,Kern,29,883053,26339,21540,146,21686,194
2020-08-05,Kings,31,150075,5095,4192,25,4217,47
2020-08-05,Lake,33,64148,251,209,0,209,1
2020-08-05,Lassen,35,31185,645,557,2,559,0
2020-08-05,Los Angeles,37,10098052,212509,198355,712,199067,4832
2020-08-05,Madera,39,155013,3106,2172,9,2181,19
2020-08-05,Marin,41,260295,5593,5036,10,5046,43
2020-08-05,Mariposa,43,17540,64,52,0,52,2
2020-08-05,Mendocino,45,87422,401,248,0,248,1
2020-08-05,Merced,47,269075,6474,4119,1,4120,30
2020-08-05,Modoc,49,8938,7,3,0,3,0
2020-08-05,Mono,51,14174,159,104,1,105,1
2020-08-05,Monterey,53,433212,6160,4936,15,4951,32
2020-08-05,Napa,55,140530,1239,1020,1,1021,8
2020-08-05,Nevada,57,99092,359,327,12,339,2
2020-08-05,Orange,59,3164182,45336,37907,878,38785,663
2020-08-05,Placer,61,380077,2514,1989,3,1992,18
2020-08-05,Plumas,63,18699,36,25,0,25,0
2020-08-05,Riverside,65,2383286,47194,39454,21,39475,761
2020-08-05,Sacramento,67,1510023,14005,10261,9,10270,151
2020-08-05,San Benito,69,59416,780,613,0,613,2
2020-08-05,San Bernardino,71,2135413,42550,34442,30,34472,504
2020-08-05,San Diego,73,3302833,34004,30866,0,30866,578
2020-08-05,San Francisco,75,870044,7864,6701,6,6707,60
2020-08-05,San Joaquin,77,732212,15644,12148,18,12166,199
2020-08-05,San Luis Obispo,79,281455,2318,1928,9,1937,13
2020-08-05,San Mateo,81,765935,7010,5695,4,5699,116
2020-08-05,Santa Barbara,83,443738,7521,6597,53,6650,63
2020-08-05,Santa Clara,85,1922200,13955,11074,18,11092,176
2020-08-05,Santa Cruz,87,273765,1432,1192,9,1201,4
2020-08-05,Shasta,89,179085,522,338,3,341,9
2020-08-05,Sierra,91,2930,5,3,0,3,0
2020-08-05,Siskiyou,93,43540,104,72,0,72,0
2020-08-05,Solano,95,438530,4596,3750,27,3777,29
2020-08-05,Sonoma,97,501317,4151,3173,7,3180,33
2020-08-05,Stanislaus,99,539301,12595,9408,85,9493,97
2020-08-05,Sutter,101,95872,975,780,1,781,6
2020-08-05,Tehama,103,63373,308,231,1,232,1
2020-08-05,Trinity,105,12862,9,5,4,9,0
2020-08-05,Tulare,107,460477,11993,9924,25,9949,192
2020-08-05,Tuolumne,109,53932,159,137,1,138,0
2020-08-05,Ventura,111,848112,9252,8162,26,8188,75
2020-08-05,Yolo,113,214977,1995,1634,4,1638,36
2020-08-05,Yuba,115,75493,588,400,0,400,1
2020-08-04,Alameda,1,1643700,14551,11983,114,12097,192
2020-08-04,Alpine,3,1148,3,2,0,2,0
2020-08-04,Amador,5,37829,203,123,0,123,0
2020-08-04,Butte,7,227075,1277,1011,9,1020,10
2020-08-04,Calaveras,9,45235,157,116,0,116,1
2020-08-04,Colusa,11,21464,396,354,0,354,3
2020-08-04,Contra Costa,13,1133247,11211,8210,32,8242,122
2020-08-04,Del Norte,15,27424,94,69,0,69,0
2020-08-04,El Dorado,17,186661,831,668,0,668,1
2020-08-04,Fresno,19,978130,22673,16272,185,16457,154
2020-08-04,Glenn,21,27897,397,325,0,325,1
2020-08-04,Humboldt,23,135768,284,241,1,242,4
2020-08-04,Imperial,25,180216,10563,7974,6,7980,163
2020-08-04,Inyo,27,18085,88,59,0,59,1
2020-08-04,Kern,29,883053,26055,21403,146,21549,190
2020-08-04,Kings,31,150075,5034,4163,25,4188,47
2020-08-04,Lake,33,64148,251,206,0,206,1
2020-08-04,Lassen,35,31185,642,556,2,558,0
2020-08-04,Los Angeles,37,10098052,210545,196014,681,196695,4764
2020-08-04,Madera,39,155013,3063,2161,4,2165,19
2020-08-04,Marin,41,260295,5562,5020,9,5029,43
2020-08-04,Mariposa,43,17540,64,51,0,51,2
2020-08-04,Mendocino,45,87422,376,248,0,248,1
2020-08-04,Merced,47,269075,6360,4085,1,4086,30
2020-08-04,Modoc,49,8938,7,3,0,3,0
2020-08-04,Mono,51,14174,158,104,0,104,1
2020-08-04,Monterey,53,433212,6046,4892,15,4907,32
2020-08-04,Napa,55,140530,1226,994,0,994,8
2020-08-04,Nevada,57,99092,358,322,12,334,2
2020-08-04,Orange,59,3164182,44963,37844,873,38717,659
2020-08-04,Placer,61,380077,2475,1964,3,1967,17
2020-08-04,Plumas,63,18699,36,25,0,25,0
2020-08-04,Riverside,65,2383286,46809,38991,20,39011,743
2020-08-04,Sacramento,67,1510023,13786,10205,9,10214,146
2020-08-04,San Benito,69,59416,764,608,0,608,2
2020-08-04,San Bernardino,71,2135413,42005,34215,29,34244,495
2020-08-04,San Diego,73,3302833,33711,30518,0,30518,568
2020-08-04,San Francisco,75,870044,7777,6568,6,6574,60
2020-08-04,San Joaquin,77,732212,15515,12087,15,12102,189
2020-08-04,San Luis Obispo,79,281455,2288,1886,9,1895,13
2020-08-04,San Mateo,81,765935,6904,5690,4,5694,116
2020-08-04,Santa Barbara,83,443738,7461,6591,53,6644,61
2020-08-04,Santa Clara,85,1922200,13655,10986,18,11004,175
2020-08-04,Santa Cruz,87,273765,1413,1202,9,1211,4
2020-08-04,Shasta,89,179085,516,335,3,338,9
2020-08-04,Sierra,91,2930,5,1,0,1,0
2020-08-04,Siskiyou,93,43540,102,71,0,71,0
2020-08-04,Solano,95,438530,4525,3690,27,3717,29
2020-08-04,Sonoma,97,501317,4084,3108,7,3115,33
2020-08-04,Stanislaus,99,539301,12426,9359,77,9436,97
2020-08-04,Sutter,101,95872,961,761,1,762,6
2020-08-04,Tehama,103,63373,301,226,1,227,1
2020-08-04,Trinity,105,12862,9,5,4,9,0
2020-08-04,Tulare,107,460477,11813,9866,25,9891,192
2020-08-04,Tuolumne,109,53932,158,127,1,128,0
2020-08-04,Ventura,111,848112,9146,8134,24,8158,75
2020-08-04,Yolo,113,214977,1968,1626,4,1630,37
2020-08-04,Yuba,115,75493,573,398,0,398,1
2020-08-03,Alameda,1,1643700,14368,11817,110,11927,189
2020-08-03,Alpine,3,1148,3,2,0,2,0
2020-08-03,Amador,5,37829,199,119,0,119,0
2020-08-03,Butte,7,227075,1231,989,8,997,9
2020-08-03,Calaveras,9,45235,154,117,0,117,1
2020-08-03,Colusa,11,21464,392,336,0,336,2
2020-08-03,Contra Costa,13,1133247,11015,8069,28,8097,120
2020-08-03,Del Norte,15,27424,90,68,0,68,0
2020-08-03,El Dorado,17,186661,820,645,0,645,1
2020-08-03,Fresno,19,978130,22378,15945,179,16124,151
2020-08-03,Glenn,21,27897,390,316,0,316,1
2020-08-03,Humboldt,23,135768,277,234,1,235,4
2020-08-03,Imperial,25,180216,10509,7953,6,7959,161
2020-08-03,Inyo,27,18085,85,57,0,57,1
2020-08-03,Kern,29,883053,25688,21285,139,21424,176
2020-08-03,Kings,31,150075,4922,4107,25,4132,47
2020-08-03,Lake,33,64148,244,201,0,201,1
2020-08-03,Lassen,35,31185,642,555,2,557,0
2020-08-03,Los Angeles,37,10098052,208502,194103,650,194753,4706
2020-08-03,Madera,39,155013,3014,2143,3,2146,18
2020-08-03,Marin,41,260295,5515,5001,9,5010,43
2020-08-03,Mariposa,43,17540,63,52,0,52,2
2020-08-03,Mendocino,45,87422,353,248,0,248,1
2020-08-03,Merced,47,269075,6238,4028,1,4029,29
2020-08-03,Modoc,49,8938,7,2,0,2,0
2020-08-03,Mono,51,14174,158,104,0,104,1
2020-08-03,Monterey,53,433212,5895,4806,12,4818,28
2020-08-03,Napa,55,140530,1211,973,0,973,8
2020-08-03,Nevada,57,99092,353,315,12,327,2
2020-08-03,Orange,59,3164182,44569,37705,864,38569,651
2020-08-03,Placer,61,380077,2420,1947,2,1949,16
2020-08-03,Plumas,63,18699,36,25,0,25,0
2020-08-03,Riverside,65,2383286,46341,38642,20,38662,740
2020-08-03,Sacramento,67,1510023,13589,10143,9,10152,142
2020-08-03,San Benito,69,59416,752,603,0,603,2
2020-08-03,San Bernardino,71,2135413,41477,33979,28,34007,444
2020-08-03,San Diego,73,3302833,33399,30228,0,30228,565
2020-08-03,San Francisco,75,870044,7683,6319,6,6325,60
2020-08-03,San Joaquin,77,732212,15316,12007,14,12021,189
2020-08-03,San Luis Obispo,79,281455,2246,1863,6,1869,14
2020-08-03,San Mateo,81,765935,6823,5661,4,5665,115
2020-08-03,Santa Barbara,83,443738,7417,6580,53,6633,59
2020-08-03,Santa Clara,85,1922200,13379,10747,18,10765,172
2020-08-03,Santa Cruz,87,273765,1393,1154,9,1163,4
2020-08-03,Shasta,89,179085,509,322,3,325,9
2020-08-03,Sierra,91,2930,5,1,0,1,0
2020-08-03,Siskiyou,93,43540,98,67,0,67,0
2020-08-03,Solano,95,438530,4456,3610,26,3636,29
2020-08-03,Sonoma,97,501317,3985,3079,6,3085,33
2020-08-03,Stanislaus,99,539301,12221,9308,69,9377,96
2020-08-03,Sutter,101,95872,937,713,1,714,6
2020-08-03,Tehama,103,63373,293,225,1,226,1
2020-08-03,Trinity,105,12862,9,5,4,9,0
2020-08-03,Tulare,107,460477,11629,9703,25,9728,188
2020-08-03,Tuolumne,109,53932,158,123,1,124,0
2020-08-03,Ventura,111,848112,9060,8084,22,8106,74
2020-08-03,Yolo,113,214977,1933,1598,3,1601,37
2020-08-03,Yuba,115,75493,549,393,0,393,1
2020-08-02,Alameda,1,1643700,14124,11696,96,11792,188
2020-08-02,Alpine,3,1148,3,2,0,2,0
2020-08-02,Amador,5,37829,194,117,0,117,0
2020-08-02,Butte,7,227075,1196,987,8,995,9
2020-08-02,Calaveras,9,45235,151,116,0,116,1
2020-08-02,Colusa,11,21464,387,335,0,335,2
2020-08-02,Contra Costa,13,1133247,10777,7995,28,8023,118
2020-08-02,Del Norte,15,27424,89,68,0,68,0
2020-08-02,El Dorado,17,186661,810,643,0,643,1
2020-08-02,Fresno,19,978130,22103,15759,172,15931,151
2020-08-02,Glenn,21,27897,389,315,0,315,1
2020-08-02,Humboldt,23,135768,272,232,1,233,4
2020-08-02,Imperial,25,180216,10446,7919,6,7925,157
2020-08-02,Inyo,27,18085,84,45,0,45,1
2020-08-02,Kern,29,883053,25390,21162,137,21299,176
2020-08-02,Kings,31,150075,4860,3964,24,3988,47
2020-08-02,Lake,33,64148,239,201,0,201,1
2020-08-02,Lassen,35,31185,642,555,2,557,0
2020-08-02,Los Angeles,37,10098052,206402,192480,632,193112,4698
2020-08-02,Madera,39,155013,2948,2123,1,2124,18
2020-08-02,Marin,41,260295,5480,4985,9,4994,43
2020-08-02,Mariposa,43,17540,61,52,0,52,2
2020-08-02,Mendocino,45,87422,343,247,0,247,1
2020-08-02,Merced,47,269075,6097,4011,1,4012,29
2020-08-02,Modoc,49,8938,7,2,0,2,0
2020-08-02,Mono,51,14174,151,104,0,104,1
2020-08-02,Monterey,53,433212,5770,4698,12,4710,28
2020-08-02,Napa,55,140530,1196,956,0,956,8
2020-08-02,Nevada,57,99092,350,314,12,326,2
2020-08-02,Orange,59,3164182,44188,37266,853,38119,651
2020-08-02,Placer,61,380077,2380,1920,2,1922,15
2020-08-02,Plumas,63,18699,36,25,0,25,0
2020-08-02,Riverside,65,2383286,45908,38507,20,38527,735
2020-08-02,Sacramento,67,1510023,13304,10099,9,10108,142
2020-08-02,San Benito,69,59416,738,599,0,599,2
2020-08-02,San Bernardino,71,2135413,40878,33643,28,33671,443
2020-08-02,San Diego,73,3302833,33060,29885,0,29885,565
2020-08-02,San Francisco,75,870044,7565,6297,6,6303,60
2020-08-02,San Joaquin,77,732212,15030,11937,12,11949,189
2020-08-02,San Luis Obispo,79,281455,2184,1821,6,1827,14
2020-08-02,San Mateo,81,765935,6708,5618,4,5622,115
2020-08-02,Santa Barbara,83,443738,7326,6532,53,6585,59
2020-08-02,Santa Clara,85,1922200,13161,10577,18,10595,172
2020-08-02,Santa Cruz,87,273765,1373,1162,9,1171,4
2020-08-02,Shasta,89,179085,505,318,3,321,9
2020-08-02,Sierra,91,2930,4,1,0,1,0
2020-08-02,Siskiyou,93,43540,98,65,0,65,0
2020-08-02,Solano,95,438530,4397,3609,26,3635,29
2020-08-02,Sonoma,97,501317,3901,3005,6,3011,33
2020-08-02,Stanislaus,99,539301,12006,9277,63,9340,96
2020-08-02,Sutter,101,95872,902,714,1,715,6
2020-08-02,Tehama,103,63373,287,222,1,223,1
2020-08-02,Trinity,105,12862,9,5,4,9,0
2020-08-02,Tulare,107,460477,11420,9593,25,9618,188
2020-08-02,Tuolumne,109,53932,155,123,1,124,0
2020-08-02,Ventura,111,848112,8918,8014,22,8036,73
2020-08-02,Yolo,113,214977,1909,1588,3,1591,37
2020-08-02,Yuba,115,75493,529,393,0,393,1
2020-08-01,Alameda,1,1643700,14013,11590,96,11686,188
2020-08-01,Alpine,3,1148,3,2,0,2,0
2020-08-01,Amador,5,37829,190,109,0,109,0
2020-08-01,Butte,7,227075,1182,976,8,984,9
2020-08-01,Calaveras,9,45235,147,116,0,116,1
2020-08-01,Colusa,11,21464,386,327,0,327,2
2020-08-01,Contra Costa,13,1133247,10644,7867,27,7894,116
2020-08-01,Del Norte,15,27424,89,68,0,68,0
2020-08-01,El Dorado,17,186661,807,637,0,637,1
2020-08-01,Fresno,19,978130,21966,15448,172,15620,149
2020-08-01,Glenn,21,27897,388,311,0,311,1
2020-08-01,Humboldt,23,135768,271,232,1,233,4
2020-08-01,Imperial,25,180216,10410,7919,6,7925,156
2020-08-01,Inyo,27,18085,82,45,0,45,1
2020-08-01,Kern,29,883053,25230,20796,133,20929,176
2020-08-01,Kings,31,150075,4834,3948,24,3972,47
2020-08-01,Lake,33,64148,237,194,0,194,1
2020-08-01,Lassen,35,31185,641,555,2,557,0
2020-08-01,Los Angeles,37,10098052,205513,191023,604,191627,4674
2020-08-01,Madera,39,155013,2910,2103,1,2104,18
2020-08-01,Marin,41,260295,5466,4945,8,4953,43
2020-08-01,Mariposa,43,17540,61,50,0,50,2
2020-08-01,Mendocino,45,87422,336,243,0,243,1
2020-08-01,Merced,47,269075,6049,3972,1,3973,29
2020-08-01,Modoc,49,8938,7,2,0,2,0
2020-08-01,Mono,51,14174,150,104,0,104,1
2020-08-01,Monterey,53,433212,5703,4611,11,4622,28
2020-08-01,Napa,55,140530,1187,923,0,923,8
2020-08-01,Nevada,57,99092,346,305,12,317,2
2020-08-01,Orange,59,3164182,43961,36703,847,37550,648
2020-08-01,Placer,61,380077,2347,1891,2,1893,14
2020-08-01,Plumas,63,18699,35,25,0,25,0
2020-08-01,Riverside,65,2383286,45697,38216,19,38235,704
2020-08-01,Sacramento,67,1510023,13147,10044,9,10053,141
2020-08-01,San Benito,69,59416,727,579,0,579,2
2020-08-01,San Bernardino,71,2135413,40643,32947,28,32975,440
2020-08-01,San Diego,73,3302833,32843,29579,0,29579,565
2020-08-01,San Francisco,75,870044,7503,6296,6,6302,60
2020-08-01,San Joaquin,77,732212,14958,11807,11,11818,189
2020-08-01,San Luis Obispo,79,281455,2158,1798,6,1804,13
2020-08-01,San Mateo,81,765935,6653,5520,4,5524,115
2020-08-01,Santa Barbara,83,443738,7286,6465,53,6518,59
2020-08-01,Santa Clara,85,1922200,13010,10281,18,10299,171
2020-08-01,Santa Cruz,87,273765,1357,1164,9,1173,4
2020-08-01,Shasta,89,179085,500,312,3,315,9
2020-08-01,Sierra,91,2930,3,1,0,1,0
2020-08-01,Siskiyou,93,43540,98,64,0,64,0
2020-08-01,Solano,95,438530,4363,3591,25,3616,29
2020-08-01,Sonoma,97,501317,3855,2890,6,2896,29
2020-08-01,Stanislaus,99,539301,11889,9221,55,9276,96
2020-08-01,Sutter,101,95872,898,714,1,715,6
2020-08-01,Tehama,103,63373,284,220,1,221,1
2020-08-01,Trinity,105,12862,9,5,4,9,0
2020-08-01,Tulare,107,460477,11352,9520,25,9545,188
2020-08-01,Tuolumne,109,53932,155,123,1,124,0
2020-08-01,Ventura,111,848112,8872,7819,22,7841,73
2020-08-01,Yolo,113,214977,1899,1557,3,1560,37
2020-08-01,Yuba,115,75493,524,387,0,387,1
2020-07-31,Alameda,1,1643700,13881,11441,96,11537,187
2020-07-31,Alpine,3,1148,3,2,0,2,0
2020-07-31,Amador,5,37829,189,98,0,98,0
2020-07-31,Butte,7,227075,1159,925,8,933,7
2020-07-31,Calaveras,9,45235,147,112,0,112,1
2020-07-31,Colusa,11,21464,376,319,0,319,2
2020-07-31,Contra Costa,13,1133247,10496,7697,26,7723,113
2020-07-31,Del Norte,15,27424,88,68,0,68,0
2020-07-31,El Dorado,17,186661,796,616,0,616,1
2020-07-31,Fresno,19,978130,21747,15083,172,15255,133
2020-07-31,Glenn,21,27897,381,304,0,304,1
2020-07-31,Humboldt,23,135768,264,229,1,230,4
2020-07-31,Imperial,25,180216,10378,7886,6,7892,155
2020-07-31,Inyo,27,18085,72,45,0,45,1
2020-07-31,Kern,29,883053,24989,20061,128,20189,173
2020-07-31,Kings,31,150075,4806,3807,24,3831,45
2020-07-31,Lake,33,64148,236,191,0,191,1
2020-07-31,Lassen,35,31185,636,544,2,546,0
2020-07-31,Los Angeles,37,10098052,203905,188688,592,189280,4628
2020-07-31,Madera,39,155013,2863,2036,1,2037,19
2020-07-31,Marin,41,260295,5422,4885,5,4890,43
2020-07-31,Mariposa,43,17540,61,49,0,49,2
2020-07-31,Mendocino,45,87422,321,232,0,232,1
2020-07-31,Merced,47,269075,5966,3789,1,3790,30
2020-07-31,Modoc,49,8938,6,0,0,0,0
2020-07-31,Mono,51,14174,149,104,0,104,1
2020-07-31,Monterey,53,433212,5611,4493,11,4504,24
2020-07-31,Napa,55,140530,1175,897,0,897,7
2020-07-31,Nevada,57,99092,344,302,12,314,2
2020-07-31,Orange,59,3164182,43661,36196,831,37027,620
2020-07-31,Placer,61,380077,2323,1853,2,1855,14
2020-07-31,Plumas,63,18699,34,25,0,25,0
2020-07-31,Riverside,65,2383286,45307,37612,19,37631,694
2020-07-31,Sacramento,67,1510023,12966,9872,9,9881,132
2020-07-31,San Benito,69,59416,719,567,0,567,2
2020-07-31,San Bernardino,71,2135413,40314,32332,27,32359,434
2020-07-31,San Diego,73,3302833,32609,29050,0,29050,561
2020-07-31,San Francisco,75,870044,7404,6126,6,6132,60
2020-07-31,San Joaquin,77,732212,14822,11561,11,11572,177
2020-07-31,San Luis Obispo,79,281455,2088,1746,6,1752,12
2020-07-31,San Mateo,81,765935,6581,5416,4,5420,115
2020-07-31,Santa Barbara,83,443738,7219,6375,53,6428,58
2020-07-31,Santa Clara,85,1922200,12789,9863,18,9881,171
2020-07-31,Santa Cruz,87,273765,1334,1118,9,1127,4
2020-07-31,Shasta,89,179085,490,305,3,308,9
2020-07-31,Sierra,91,2930,3,1,0,1,0
2020-07-31,Siskiyou,93,43540,96,61,0,61,0
2020-07-31,Solano,95,438530,4316,3510,24,3534,29
2020-07-31,Sonoma,97,501317,3797,2745,6,2751,27
2020-07-31,Stanislaus,99,539301,11782,9061,50,9111,94
2020-07-31,Sutter,101,95872,893,714,1,715,6
2020-07-31,Tehama,103,63373,281,213,1,214,1
2020-07-31,Trinity,105,12862,9,5,4,9,0
2020-07-31,Tulare,107,460477,11231,9365,25,9390,184
2020-07-31,Tuolumne,109,53932,155,120,1,121,0
2020-07-31,Ventura,111,848112,8797,7521,22,7543,71
2020-07-31,Yolo,113,214977,1873,1522,3,1525,38
2020-07-31,Yuba,115,75493,515,369,0,369,1
2020-07-30,Alameda,1,1643700,13684,11303,52,11355,185
2020-07-30,Alpine,3,1148,3,2,0,2,0
2020-07-30,Amador,5,37829,171,97,0,97,0
2020-07-30,Butte,7,227075,1143,915,8,923,7
2020-07-30,Calaveras,9,45235,143,111,0,111,1
2020-07-30,Colusa,11,21464,373,315,0,315,2
2020-07-30,Contra Costa,13,1133247,10311,7615,25,7640,112
2020-07-30,Del Norte,15,27424,88,68,0,68,0
2020-07-30,El Dorado,17,186661,789,608,0,608,1
2020-07-30,Fresno,19,978130,21412,14793,166,14959,133
2020-07-30,Glenn,21,27897,374,297,0,297,1
2020-07-30,Humboldt,23,135768,262,228,1,229,4
2020-07-30,Imperial,25,180216,10319,7849,6,7855,151
2020-07-30,Inyo,27,18085,68,44,0,44,1
2020-07-30,Kern,29,883053,24696,19552,124,19676,171
2020-07-30,Kings,31,150075,4702,3785,24,3809,43
2020-07-30,Lake,33,64148,230,181,0,181,1
2020-07-30,Lassen,35,31185,633,544,2,546,0
2020-07-30,Los Angeles,37,10098052,201869,186177,559,186736,4564
2020-07-30,Madera,39,155013,2793,2007,1,2008,18
2020-07-30,Marin,41,260295,5380,4835,4,4839,39
2020-07-30,Mariposa,43,17540,61,49,0,49,1
2020-07-30,Mendocino,45,87422,314,232,0,232,1
2020-07-30,Merced,47,269075,5802,3695,1,3696,30
2020-07-30,Modoc,49,8938,6,0,0,0,0
2020-07-30,Mono,51,14174,148,104,0,104,1
2020-07-30,Monterey,53,433212,5499,4352,11,4363,24
2020-07-30,Napa,55,140530,1158,874,0,874,7
2020-07-30,Nevada,57,99092,339,292,12,304,2
2020-07-30,Orange,59,3164182,43247,36105,806,36911,607
2020-07-30,Placer,61,380077,2269,1821,2,1823,14
2020-07-30,Plumas,63,18699,33,25,0,25,0
2020-07-30,Riverside,65,2383286,44766,37308,19,37327,685
2020-07-30,Sacramento,67,1510023,12745,9704,9,9713,126
2020-07-30,San Benito,69,59416,706,558,0,558,2
2020-07-30,San Bernardino,71,2135413,39790,32010,27,32037,427
2020-07-30,San Diego,73,3302833,32262,28670,0,28670,558
2020-07-30,San Francisco,75,870044,7304,6107,6,6113,59
2020-07-30,San Joaquin,77,732212,14627,11435,11,11446,161
2020-07-30,San Luis Obispo,79,281455,2054,1703,6,1709,12
2020-07-30,San Mateo,81,765935,6486,5369,4,5373,115
2020-07-30,Santa Barbara,83,443738,7139,6273,53,6326,52
2020-07-30,Santa Clara,85,1922200,12551,9708,17,9725,170
2020-07-30,Santa Cruz,87,273765,1307,1087,9,1096,4
2020-07-30,Shasta,89,179085,486,306,3,309,8
2020-07-30,Sierra,91,2930,3,1,0,1,0
2020-07-30,Siskiyou,93,43540,95,60,0,60,0
2020-07-30,Solano,95,438530,4265,3463,24,3487,29
2020-07-30,Sonoma,97,501317,3725,2684,6,2690,25
2020-07-30,Stanislaus,99,539301,11569,8890,42,8932,94
2020-07-30,Sutter,101,95872,874,698,1,699,6
2020-07-30,Tehama,103,63373,278,208,1,209,1
2020-07-30,Trinity,105,12862,9,4,4,8,0
2020-07-30,Tulare,107,460477,11103,9167,25,9192,177
2020-07-30,Tuolumne,109,53932,154,119,1,120,0
2020-07-30,Ventura,111,848112,8685,7304,20,7324,69
2020-07-30,Yolo,113,214977,1852,1511,3,1514,37
2020-07-30,Yuba,115,75493,502,362,0,362,1
2020-07-29,Alameda,1,1643700,13464,11177,47,11224,180
2020-07-29,Alpine,3,1148,3,2,0,2,0
2020-07-29,Amador,5,37829,163,80,0,80,0
2020-07-29,Butte,7,227075,1117,889,6,895,7
2020-07-29,Calaveras,9,45235,137,107,0,107,1
2020-07-29,Colusa,11,21464,369,302,0,302,2
2020-07-29,Contra Costa,13,1133247,10108,7520,25,7545,108
2020-07-29,Del Norte,15,27424,88,68,0,68,0
2020-07-29,El Dorado,17,186661,779,588,0,588,1
2020-07-29,Fresno,19,978130,21121,14312,166,14478,125
2020-07-29,Glenn,21,27897,367,294,0,294,1
2020-07-29,Humboldt,23,135768,259,221,1,222,4
2020-07-29,Imperial,25,180216,10271,7825,6,7831,147
2020-07-29,Inyo,27,18085,63,44,0,44,1
2020-07-29,Kern,29,883053,24358,19073,121,19194,162
2020-07-29,Kings,31,150075,4654,3755,24,3779,43
2020-07-29,Lake,33,64148,228,179,0,179,1
2020-07-29,Lassen,35,31185,618,513,2,515,0
2020-07-29,Los Angeles,37,10098052,199838,183600,542,184142,4523
2020-07-29,Madera,39,155013,2739,1941,1,1942,18
2020-07-29,Marin,41,260295,5342,4747,4,4751,34
2020-07-29,Mariposa,43,17540,60,47,0,47,1
2020-07-29,Mendocino,45,87422,306,228,0,228,0
2020-07-29,Merced,47,269075,5662,3605,1,3606,25
2020-07-29,Modoc,49,8938,5,0,0,0,0
2020-07-29,Mono,51,14174,145,102,0,102,1
2020-07-29,Monterey,53,433212,5400,4252,11,4263,24
2020-07-29,Napa,55,140530,1130,866,0,866,7
2020-07-29,Nevada,57,99092,335,288,12,300,1
2020-07-29,Orange,59,3164182,42814,35339,794,36133,589
2020-07-29,Placer,61,380077,2237,1798,2,1800,14
2020-07-29,Plumas,63,18699,33,25,0,25,0
2020-07-29,Riverside,65,2383286,44175,36968,19,36987,678
2020-07-29,Sacramento,67,1510023,12502,9538,9,9547,122
2020-07-29,San Benito,69,59416,691,537,0,537,2
2020-07-29,San Bernardino,71,2135413,39302,31168,26,31194,417
2020-07-29,San Diego,73,3302833,31937,28289,0,28289,552
2020-07-29,San Francisco,75,870044,7210,6041,6,6047,56
2020-07-29,San Joaquin,77,732212,14379,11249,8,11257,154
2020-07-29,San Luis Obispo,79,281455,2034,1673,6,1679,11
2020-07-29,San Mateo,81,765935,6398,5305,4,5309,114
2020-07-29,Santa Barbara,83,443738,7069,6215,53,6268,31
2020-07-29,Santa Clara,85,1922200,12343,9567,17,9584,165
2020-07-29,Santa Cruz,87,273765,1283,1051,9,1060,4
2020-07-29,Shasta,89,179085,474,297,3,300,8
2020-07-29,Sierra,91,2930,2,1,0,1,0
2020-07-29,Siskiyou,93,43540,93,58,0,58,0
2020-07-29,Solano,95,438530,4211,3380,24,3404,29
2020-07-29,Sonoma,97,501317,3648,2598,6,2604,26
2020-07-29,Stanislaus,99,539301,11349,8745,36,8781,94
2020-07-29,Sutter,101,95872,846,678,1,679,6
2020-07-29,Tehama,103,63373,274,206,1,207,1
2020-07-29,Trinity,105,12862,9,4,4,8,0
2020-07-29,Tulare,107,460477,10932,9028,25,9053,156
2020-07-29,Tuolumne,109,53932,154,118,1,119,0
2020-07-29,Ventura,111,848112,8580,7161,20,7181,68
2020-07-29,Yolo,113,214977,1826,1488,3,1491,36
2020-07-29,Yuba,115,75493,486,350,0,350,1
2020-07-28,Alameda,1,1643700,13240,10875,46,10921,180
2020-07-28,Alpine,3,1148,3,2,0,2,0
2020-07-28,Amador,5,37829,153,77,0,77,0
2020-07-28,Butte,7,227075,1082,857,6,863,7
2020-07-28,Calaveras,9,45235,136,105,0,105,1
2020-07-28,Colusa,11,21464,363,290,0,290,2
2020-07-28,Contra Costa,13,1133247,9886,7426,25,7451,107
2020-07-28,Del Norte,15,27424,87,68,0,68,0
2020-07-28,El Dorado,17,186661,764,558,0,558,1
2020-07-28,Fresno,19,978130,20787,13933,160,14093,125
2020-07-28,Glenn,21,27897,365,289,0,289,1
2020-07-28,Humboldt,23,135768,258,218,1,219,4
2020-07-28,Imperial,25,180216,10235,7804,6,7810,145
2020-07-28,Inyo,27,18085,61,43,0,43,1
2020-07-28,Kern,29,883053,23995,18834,115,18949,155
2020-07-28,Kings,31,150075,4608,3721,24,3745,41
2020-07-28,Lake,33,64148,224,179,0,179,1
2020-07-28,Lassen,35,31185,612,508,2,510,0
2020-07-28,Los Angeles,37,10098052,197604,179107,520,179627,4435
2020-07-28,Madera,39,155013,2673,1889,1,1890,18
2020-07-28,Marin,41,260295,5273,4698,4,4702,23
2020-07-28,Mariposa,43,17540,58,45,0,45,1
2020-07-28,Mendocino,45,87422,295,222,0,222,0
2020-07-28,Merced,47,269075,5517,3446,1,3447,23
2020-07-28,Modoc,49,8938,4,0,0,0,0
2020-07-28,Mono,51,14174,144,102,0,102,1
2020-07-28,Monterey,53,433212,5279,4047,11,4058,22
2020-07-28,Napa,55,140530,1108,824,0,824,6
2020-07-28,Nevada,57,99092,330,278,12,290,1
2020-07-28,Orange,59,3164182,42356,34832,780,35612,582
2020-07-28,Placer,61,380077,2204,1759,2,1761,14
2020-07-28,Plumas,63,18699,33,22,0,22,0
2020-07-28,Riverside,65,2383286,43576,36458,19,36477,668
2020-07-28,Sacramento,67,1510023,12251,9429,9,9438,117
2020-07-28,San Benito,69,59416,681,503,0,503,2
2020-07-28,San Bernardino,71,2135413,38781,30493,26,30519,412
2020-07-28,San Diego,73,3302833,31587,28007,0,28007,547
2020-07-28,San Francisco,75,870044,7097,5888,6,5894,56
2020-07-28,San Joaquin,77,732212,14096,10958,6,10964,141
2020-07-28,San Luis Obispo,79,281455,2003,1636,6,1642,9
2020-07-28,San Mateo,81,765935,6324,5171,4,5175,114
2020-07-28,Santa Barbara,83,443738,7006,6110,51,6161,31
2020-07-28,Santa Clara,85,1922200,12108,9307,17,9324,165
2020-07-28,Santa Cruz,87,273765,1256,1018,9,1027,4
2020-07-28,Shasta,89,179085,462,275,3,278,8
2020-07-28,Sierra,91,2930,2,1,0,1,0
2020-07-28,Siskiyou,93,43540,89,57,0,57,0
2020-07-28,Solano,95,438530,4164,3292,23,3315,29
2020-07-28,Sonoma,97,501317,3575,2553,6,2559,20
2020-07-28,Stanislaus,99,539301,11129,8492,27,8519,92
2020-07-28,Sutter,101,95872,809,653,0,653,2
2020-07-28,Tehama,103,63373,269,199,1,200,1
2020-07-28,Trinity,105,12862,9,3,4,7,0
2020-07-28,Tulare,107,460477,10745,8787,25,8812,96
2020-07-28,Tuolumne,109,53932,153,116,1,117,0
2020-07-28,Ventura,111,848112,8454,7045,19,7064,68
2020-07-28,Yolo,113,214977,1798,1459,3,1462,36
2020-07-28,Yuba,115,75493,469,333,0,333,1
2020-07-27,Alameda,1,1643700,13013,10645,43,10688,176
2020-07-27,Alpine,3,1148,3,2,0,2,0
2020-07-27,Amador,5,37829,148,72,0,72,0
2020-07-27,Butte,7,227075,1055,843,6,849,7
2020-07-27,Calaveras,9,45235,132,103,0,103,1
2020-07-27,Colusa,11,21464,356,271,0,271,2
2020-07-27,Contra Costa,13,1133247,9664,7256,25,7281,104
2020-07-27,Del Norte,15,27424,86,67,0,67,0
2020-07-27,El Dorado,17,186661,752,548,0,548,1
2020-07-27,Fresno,19,978130,20441,13485,154,13639,117
2020-07-27,Glenn,21,27897,363,277,0,277,1
2020-07-27,Humboldt,23,135768,253,218,1,219,4
2020-07-27,Imperial,25,180216,10185,7789,6,7795,144
2020-07-27,Inyo,27,18085,61,43,0,43,1
2020-07-27,Kern,29,883053,23493,17994,109,18103,148
2020-07-27,Kings,31,150075,4359,3685,24,3709,39
2020-07-27,Lake,33,64148,220,176,0,176,1
2020-07-27,Lassen,35,31185,612,503,2,505,0
2020-07-27,Los Angeles,37,10098052,195153,176351,499,176850,4379
2020-07-27,Madera,39,155013,2608,1793,1,1794,17
2020-07-27,Marin,41,260295,5185,4669,4,4673,22
2020-07-27,Mariposa,43,17540,58,43,0,43,1
2020-07-27,Mendocino,45,87422,282,209,0,209,0
2020-07-27,Merced,47,269075,5377,3292,1,3293,23
2020-07-27,Modoc,49,8938,3,0,0,0,0
2020-07-27,Mono,51,14174,140,99,0,99,1
2020-07-27,Monterey,53,433212,5089,3960,11,3971,21
2020-07-27,Napa,55,140530,1093,769,0,769,6
2020-07-27,Nevada,57,99092,326,268,12,280,1
2020-07-27,Orange,59,3164182,41916,34649,764,35413,566
2020-07-27,Placer,61,380077,2154,1679,2,1681,12
2020-07-27,Plumas,63,18699,33,22,0,22,0
2020-07-27,Riverside,65,2383286,42898,35822,19,35841,667
2020-07-27,Sacramento,67,1510023,11956,9091,9,9100,114
2020-07-27,San Benito,69,59416,666,498,0,498,2
2020-07-27,San Bernardino,71,2135413,38190,29928,26,29954,401
2020-07-27,San Diego,73,3302833,31213,27509,0,27509,533
2020-07-27,San Francisco,75,870044,7010,5825,6,5831,55
2020-07-27,San Joaquin,77,732212,13805,10728,6,10734,129
2020-07-27,San Luis Obispo,79,281455,1958,1612,6,1618,9
2020-07-27,San Mateo,81,765935,6215,5108,4,5112,113
2020-07-27,Santa Barbara,83,443738,6925,6026,49,6075,30
2020-07-27,Santa Clara,85,1922200,11841,9157,16,9173,166
2020-07-27,Santa Cruz,87,273765,1234,984,9,993,4
2020-07-27,Shasta,89,179085,455,275,3,278,8
2020-07-27,Sierra,91,2930,2,1,0,1,0
2020-07-27,Siskiyou,93,43540,87,54,0,54,0
2020-07-27,Solano,95,438530,4097,3198,22,3220,29
2020-07-27,Sonoma,97,501317,3484,2504,6,2510,20
2020-07-27,Stanislaus,99,539301,10902,8288,19,8307,84
2020-07-27,Sutter,101,95872,783,620,0,620,2
2020-07-27,Tehama,103,63373,261,192,1,193,1
2020-07-27,Trinity,105,12862,9,3,4,7,0
2020-07-27,Tulare,107,460477,10527,8462,25,8487,172
2020-07-27,Tuolumne,109,53932,150,115,1,116,0
2020-07-27,Ventura,111,848112,8326,6998,19,7017,68
2020-07-27,Yolo,113,214977,1753,1439,3,1442,33
2020-07-27,Yuba,115,75493,449,328,0,328,1
2020-07-26,Alameda,1,1643700,12775,10489,43,10532,176
2020-07-26,Alpine,3,1148,3,2,0,2,0
2020-07-26,Amador,5,37829,142,67,0,67,0
2020-07-26,Butte,7,227075,1019,822,6,828,5
2020-07-26,Calaveras,9,45235,129,103,0,103,1
2020-07-26,Colusa,11,21464,347,270,0,270,2
2020-07-26,Contra Costa,13,1133247,9427,7095,25,7120,104
2020-07-26,Del Norte,15,27424,84,67,0,67,0
2020-07-26,El Dorado,17,186661,734,539,0,539,1
2020-07-26,Fresno,19,978130,20051,13209,146,13355,117
2020-07-26,Glenn,21,27897,355,265,0,265,1
2020-07-26,Humboldt,23,135768,247,214,1,215,4
2020-07-26,Imperial,25,180216,10112,7781,6,7787,144
2020-07-26,Inyo,27,18085,56,43,0,43,1
2020-07-26,Kern,29,883053,22969,17394,106,17500,148
2020-07-26,Kings,31,150075,4300,3591,24,3615,39
2020-07-26,Lake,33,64148,212,174,0,174,1
2020-07-26,Lassen,35,31185,571,503,2,505,0
2020-07-26,Los Angeles,37,10098052,192579,174322,479,174801,4364
2020-07-26,Madera,39,155013,2521,1744,1,1745,17
2020-07-26,Marin,41,260295,5139,4595,4,4599,22
2020-07-26,Mariposa,43,17540,56,43,0,43,1
2020-07-26,Mendocino,45,87422,273,206,0,206,0
2020-07-26,Merced,47,269075,5197,3251,1,3252,23
2020-07-26,Modoc,49,8938,3,0,0,0,0
2020-07-26,Mono,51,14174,136,82,0,82,1
2020-07-26,Monterey,53,433212,4923,3901,11,3912,21
2020-07-26,Napa,55,140530,1074,769,0,769,6
2020-07-26,Nevada,57,99092,323,261,12,273,1
2020-07-26,Orange,59,3164182,41391,34352,733,35085,564
2020-07-26,Placer,61,380077,2086,1628,2,1630,12
2020-07-26,Plumas,63,18699,33,22,0,22,0
2020-07-26,Riverside,65,2383286,42339,35636,19,35655,665
2020-07-26,Sacramento,67,1510023,11653,8972,9,8981,114
2020-07-26,San Benito,69,59416,654,495,0,495,2
2020-07-26,San Bernardino,71,2135413,37553,29545,24,29569,400
2020-07-26,San Diego,73,3302833,30818,26986,0,26986,533
2020-07-26,San Francisco,75,870044,6902,5823,6,5829,55
2020-07-26,San Joaquin,77,732212,13513,10637,6,10643,129
2020-07-26,San Luis Obispo,79,281455,1915,1565,6,1571,8
2020-07-26,San Mateo,81,765935,6109,5078,4,5082,113
2020-07-26,Santa Barbara,83,443738,6823,5939,49,5988,30
2020-07-26,Santa Clara,85,1922200,11611,8986,16,9002,166
2020-07-26,Santa Cruz,87,273765,1207,970,9,979,4
2020-07-26,Shasta,89,179085,448,265,3,268,8
2020-07-26,Sierra,91,2930,2,1,0,1,0
2020-07-26,Siskiyou,93,43540,85,54,0,54,0
2020-07-26,Solano,95,438530,4017,3197,20,3217,29
2020-07-26,Sonoma,97,501317,3395,2503,5,2508,20
2020-07-26,Stanislaus,99,539301,10643,8228,17,8245,84
2020-07-26,Sutter,101,95872,769,612,0,612,2
2020-07-26,Tehama,103,63373,254,175,1,176,1
2020-07-26,Trinity,105,12862,9,3,4,7,0
2020-07-26,Tulare,107,460477,10320,8392,25,8417,172
2020-07-26,Tuolumne,109,53932,145,113,1,114,0
2020-07-26,Ventura,111,848112,8120,6844,19,6863,67
2020-07-26,Yolo,113,214977,1722,1408,3,1411,33
2020-07-26,Yuba,115,75493,430,313,0,313,1
2020-07-25,Alameda,1,1643700,12678,10361,41,10402,176
2020-07-25,Alpine,3,1148,3,2,0,2,0
2020-07-25,Amador,5,37829,139,67,0,67,0
2020-07-25,Butte,7,227075,1010,810,6,816,5
2020-07-25,Calaveras,9,45235,125,103,0,103,1
2020-07-25,Colusa,11,21464,340,265,0,265,2
2020-07-25,Contra Costa,13,1133247,9282,6920,25,6945,104
2020-07-25,Del Norte,15,27424,84,67,0,67,0
2020-07-25,El Dorado,17,186661,723,528,0,528,1
2020-07-25,Fresno,19,978130,19865,12866,146,13012,117
2020-07-25,Glenn,21,27897,353,260,0,260,1
2020-07-25,Humboldt,23,135768,244,212,1,213,4
2020-07-25,Imperial,25,180216,10086,7727,6,7733,144
2020-07-25,Inyo,27,18085,55,43,0,43,1
2020-07-25,Kern,29,883053,22751,16910,105,17015,148
2020-07-25,Kings,31,150075,4283,3516,24,3540,39
2020-07-25,Lake,33,64148,210,173,0,173,1
2020-07-25,Lassen,35,31185,571,503,2,505,0
2020-07-25,Los Angeles,37,10098052,191448,172611,471,173082,4357
2020-07-25,Madera,39,155013,2489,1724,1,1725,17
2020-07-25,Marin,41,260295,5123,4562,4,4566,22
2020-07-25,Mariposa,43,17540,55,43,0,43,1
2020-07-25,Mendocino,45,87422,267,190,0,190,0
2020-07-25,Merced,47,269075,5118,3176,1,3177,23
2020-07-25,Modoc,49,8938,3,0,0,0,0
2020-07-25,Mono,51,14174,136,82,0,82,1
2020-07-25,Monterey,53,433212,4846,3805,11,3816,21
2020-07-25,Napa,55,140530,1061,746,0,746,6
2020-07-25,Nevada,57,99092,321,257,12,269,1
2020-07-25,Orange,59,3164182,41171,33978,711,34689,561
2020-07-25,Placer,61,380077,2069,1596,2,1598,12
2020-07-25,Plumas,63,18699,33,22,0,22,0
2020-07-25,Riverside,65,2383286,42070,34921,19,34940,655
2020-07-25,Sacramento,67,1510023,11505,8674,9,8683,113
2020-07-25,San Benito,69,59416,638,492,0,492,2
2020-07-25,San Bernardino,71,2135413,37274,29265,24,29289,394
2020-07-25,San Diego,73,3302833,30557,26703,0,26703,533
2020-07-25,San Francisco,75,870044,6844,5644,6,5650,55
2020-07-25,San Joaquin,77,732212,13387,10347,6,10353,129
2020-07-25,San Luis Obispo,79,281455,1894,1530,5,1535,8
2020-07-25,San Mateo,81,765935,6046,5023,4,5027,113
2020-07-25,Santa Barbara,83,443738,6788,5880,49,5929,30
2020-07-25,Santa Clara,85,1922200,11477,8767,16,8783,166
2020-07-25,Santa Cruz,87,273765,1190,939,9,948,4
2020-07-25,Shasta,89,179085,443,263,1,264,8
2020-07-25,Sierra,91,2930,2,1,0,1,0
2020-07-25,Siskiyou,93,43540,83,54,0,54,0
2020-07-25,Solano,95,438530,3977,3107,18,3125,29
2020-07-25,Sonoma,97,501317,3356,2412,5,2417,20
2020-07-25,Stanislaus,99,539301,10540,7994,14,8008,84
2020-07-25,Sutter,101,95872,750,603,0,603,2
2020-07-25,Tehama,103,63373,253,169,1,170,1
2020-07-25,Trinity,105,12862,9,3,4,7,0
2020-07-25,Tulare,107,460477,10220,8310,25,8335,172
2020-07-25,Tuolumne,109,53932,144,99,1,100,0
2020-07-25,Ventura,111,848112,8047,6662,19,6681,62
2020-07-25,Yolo,113,214977,1707,1357,3,1360,35
2020-07-25,Yuba,115,75493,424,312,0,312,1
2020-07-24,Alameda,1,1643700,12536,10216,38,10254,176
2020-07-24,Alpine,3,1148,3,2,0,2,0
2020-07-24,Amador,5,37829,137,66,0,66,0
2020-07-24,Butte,7,227075,998,751,6,757,5
2020-07-24,Calaveras,9,45235,121,102,0,102,0
2020-07-24,Colusa,11,21464,337,255,0,255,2
2020-07-24,Contra Costa,13,1133247,9136,6814,25,6839,100
2020-07-24,Del Norte,15,27424,84,66,0,66,0
2020-07-24,El Dorado,17,186661,701,516,0,516,1
2020-07-24,Fresno,19,978130,19639,12564,146,12710,115
2020-07-24,Glenn,21,27897,350,251,0,251,1
2020-07-24,Humboldt,23,135768,241,210,1,211,4
2020-07-24,Imperial,25,180216,10064,7686,6,7692,141
2020-07-24,Inyo,27,18085,55,41,0,41,1
2020-07-24,Kern,29,883053,22510,16124,105,16229,143
2020-07-24,Kings,31,150075,4255,3471,24,3495,39
2020-07-24,Lake,33,64148,208,167,0,167,1
2020-07-24,Lassen,35,31185,571,503,2,505,0
2020-07-24,Los Angeles,37,10098052,189429,169078,458,169536,4302
2020-07-24,Madera,39,155013,2456,1679,1,1680,16
2020-07-24,Marin,41,260295,5096,4517,4,4521,22
2020-07-24,Mariposa,43,17540,55,41,0,41,1
2020-07-24,Mendocino,45,87422,260,188,0,188,0
2020-07-24,Merced,47,269075,5033,3100,1,3101,23
2020-07-24,Modoc,49,8938,3,0,0,0,0
2020-07-24,Mono,51,14174,135,82,0,82,1
2020-07-24,Monterey,53,433212,4774,3748,11,3759,21
2020-07-24,Napa,55,140530,1048,741,0,741,6
2020-07-24,Nevada,57,99092,318,255,12,267,1
2020-07-24,Orange,59,3164182,40884,33530,694,34224,557
2020-07-24,Placer,61,380077,2039,1551,2,1553,12
2020-07-24,Plumas,63,18699,33,22,0,22,0
2020-07-24,Riverside,65,2383286,41646,34513,18,34531,631
2020-07-24,Sacramento,67,1510023,11320,8570,9,8579,110
2020-07-24,San Benito,69,59416,631,485,0,485,2
2020-07-24,San Bernardino,71,2135413,36902,28990,24,29014,386
2020-07-24,San Diego,73,3302833,30257,26100,0,26100,524
2020-07-24,San Francisco,75,870044,6750,5611,6,5617,55
2020-07-24,San Joaquin,77,732212,13239,10190,6,10196,118
2020-07-24,San Luis Obispo,79,281455,1870,1476,5,1481,8
2020-07-24,San Mateo,81,765935,5983,4954,4,4958,112
2020-07-24,Santa Barbara,83,443738,6734,5776,47,5823,30
2020-07-24,Santa Clara,85,1922200,11313,8658,16,8674,165
2020-07-24,Santa Cruz,87,273765,1170,930,9,939,4
2020-07-24,Shasta,89,179085,435,262,1,263,8
2020-07-24,Sierra,91,2930,2,1,0,1,0
2020-07-24,Siskiyou,93,43540,83,53,0,53,0
2020-07-24,Solano,95,438530,3941,3062,15,3077,29
2020-07-24,Sonoma,97,501317,3303,2345,5,2350,20
2020-07-24,Stanislaus,99,539301,10370,7861,11,7872,82
2020-07-24,Sutter,101,95872,739,593,0,593,2
2020-07-24,Tehama,103,63373,245,170,1,171,1
2020-07-24,Trinity,105,12862,8,3,4,7,0
2020-07-24,Tulare,107,460477,10126,8167,23,8190,167
2020-07-24,Tuolumne,109,53932,138,99,1,100,0
2020-07-24,Ventura,111,848112,7962,6553,19,6572,60
2020-07-24,Yolo,113,214977,1693,1329,3,1332,35
2020-07-24,Yuba,115,75493,409,307,0,307,1
2020-07-23,Alameda,1,1643700,12297,9924,38,9962,171
2020-07-23,Alpine,3,1148,3,2,0,2,0
2020-07-23,Amador,5,37829,120,61,0,61,0
2020-07-23,Butte,7,227075,983,726,6,732,5
2020-07-23,Calaveras,9,45235,114,102,0,102,0
2020-07-23,Colusa,11,21464,329,242,0,242,2
2020-07-23,Contra Costa,13,1133247,8935,6619,23,6642,98
2020-07-23,Del Norte,15,27424,84,66,0,66,0
2020-07-23,El Dorado,17,186661,690,491,0,491,1
2020-07-23,Fresno,19,978130,19283,12164,143,12307,112
2020-07-23,Glenn,21,27897,345,246,0,246,1
2020-07-23,Humboldt,23,135768,240,208,1,209,4
2020-07-23,Imperial,25,180216,10014,7604,6,7610,138
2020-07-23,Inyo,27,18085,53,38,0,38,1
2020-07-23,Kern,29,883053,22103,14491,101,14592,128
2020-07-23,Kings,31,150075,4147,3371,24,3395,39
2020-07-23,Lake,33,64148,199,160,0,160,1
2020-07-23,Lassen,35,31185,568,503,2,505,0
2020-07-23,Los Angeles,37,10098052,186882,167198,432,167630,4265
2020-07-23,Madera,39,155013,2389,1659,1,1660,13
2020-07-23,Marin,41,260295,5044,4423,4,4427,22
2020-07-23,Mariposa,43,17540,55,40,0,40,1
2020-07-23,Mendocino,45,87422,250,178,0,178,0
2020-07-23,Merced,47,269075,4877,2972,1,2973,22
2020-07-23,Modoc,49,8938,3,0,0,0,0
2020-07-23,Mono,51,14174,131,82,0,82,1
2020-07-23,Monterey,53,433212,4657,3655,11,3666,21
2020-07-23,Napa,55,140530,1024,713,0,713,5
2020-07-23,Nevada,57,99092,315,247,12,259,1
2020-07-23,Orange,59,3164182,40388,32863,663,33526,544
2020-07-23,Placer,61,380077,1996,1519,2,1521,12
2020-07-23,Plumas,63,18699,32,21,0,21,0
2020-07-23,Riverside,65,2383286,41041,33833,18,33851,630
2020-07-23,Sacramento,67,1510023,11090,8222,9,8231,108
2020-07-23,San Benito,69,59416,616,478,0,478,2
2020-07-23,San Bernardino,71,2135413,36382,28121,23,28144,369
2020-07-23,San Diego,73,3302833,29883,25109,0,25109,505
2020-07-23,San Francisco,75,870044,6648,5543,6,5549,55
2020-07-23,San Joaquin,77,732212,13020,9861,6,9867,111
2020-07-23,San Luis Obispo,79,281455,1844,1438,5,1443,7
2020-07-23,San Mateo,81,765935,5878,4895,4,4899,113
2020-07-23,Santa Barbara,83,443738,6660,5628,47,5675,30
2020-07-23,Santa Clara,85,1922200,11095,8458,16,8474,165
2020-07-23,Santa Cruz,87,273765,1134,887,9,896,3
2020-07-23,Shasta,89,179085,424,254,1,255,9
2020-07-23,Sierra,91,2930,2,1,0,1,0
2020-07-23,Siskiyou,93,43540,81,53,0,53,0
2020-07-23,Solano,95,438530,3877,2962,13,2975,29
2020-07-23,Sonoma,97,501317,3227,2289,5,2294,18
2020-07-23,Stanislaus,99,539301,10129,7603,11,7614,71
2020-07-23,Sutter,101,95872,706,570,0,570,2
2020-07-23,Tehama,103,63373,239,158,1,159,1
2020-07-23,Trinity,105,12862,7,3,4,7,0
2020-07-23,Tulare,107,460477,9937,7898,23,7921,168
2020-07-23,Tuolumne,109,53932,138,93,1,94,0
2020-07-23,Ventura,111,848112,7838,6303,19,6322,56
2020-07-23,Yolo,113,214977,1675,1279,3,1282,35
2020-07-23,Yuba,115,75493,389,297,0,297,1
2020-07-22,Alameda,1,1643700,12078,9678,37,9715,169
2020-07-22,Alpine,3,1148,3,2,0,2,0
2020-07-22,Amador,5,37829,118,58,0,58,0
2020-07-22,Butte,7,227075,948,694,5,699,5
2020-07-22,Calaveras,9,45235,114,98,0,98,0
2020-07-22,Colusa,11,21464,322,236,0,236,0
2020-07-22,Contra Costa,13,1133247,8709,6401,23,6424,98
2020-07-22,Del Norte,15,27424,84,66,0,66,0
2020-07-22,El Dorado,17,186661,677,466,0,466,1
2020-07-22,Fresno,19,978130,18923,11756,137,11893,110
2020-07-22,Glenn,21,27897,339,236,0,236,1
2020-07-22,Humboldt,23,135768,238,201,1,202,4
2020-07-22,Imperial,25,180216,9955,7533,6,7539,134
2020-07-22,Inyo,27,18085,49,38,0,38,1
2020-07-22,Kern,29,883053,21671,13513,94,13607,127
2020-07-22,Kings,31,150075,4093,3271,24,3295,38
2020-07-22,Lake,33,64148,196,160,0,160,1
2020-07-22,Lassen,35,31185,565,500,2,502,0
2020-07-22,Los Angeles,37,10098052,184220,165242,408,165650,4218
2020-07-22,Madera,39,155013,2314,1578,1,1579,10
2020-07-22,Marin,41,260295,4988,4373,4,4377,23
2020-07-22,Mariposa,43,17540,55,38,0,38,1
2020-07-22,Mendocino,45,87422,243,166,0,166,0
2020-07-22,Merced,47,269075,4750,2828,1,2829,15
2020-07-22,Modoc,49,8938,3,0,0,0,0
2020-07-22,Mono,51,14174,128,82,0,82,1
2020-07-22,Monterey,53,433212,4556,3533,11,3544,20
2020-07-22,Napa,55,140530,1002,687,0,687,5
2020-07-22,Nevada,57,99092,309,239,11,250,1
2020-07-22,Orange,59,3164182,39889,32047,654,32701,522
2020-07-22,Placer,61,380077,1939,1469,2,1471,12
2020-07-22,Plumas,63,18699,31,20,0,20,0
2020-07-22,Riverside,65,2383286,40407,33093,18,33111,612
2020-07-22,Sacramento,67,1510023,10825,8028,8,8036,106
2020-07-22,San Benito,69,59416,602,465,0,465,2
2020-07-22,San Bernardino,71,2135413,35862,26820,23,26843,348
2020-07-22,San Diego,73,3302833,29495,25109,0,25109,505
2020-07-22,San Francisco,75,870044,6544,5473,5,5478,53
2020-07-22,San Joaquin,77,732212,12744,9628,6,9634,102
2020-07-22,San Luis Obispo,79,281455,1800,1373,5,1378,7
2020-07-22,San Mateo,81,765935,5789,4796,4,4800,112
2020-07-22,Santa Barbara,83,443738,6575,5508,45,5553,29
2020-07-22,Santa Clara,85,1922200,10850,8266,16,8282,166
2020-07-22,Santa Cruz,87,273765,1111,866,9,875,3
2020-07-22,Shasta,89,179085,414,246,1,247,9
2020-07-22,Sierra,91,2930,1,1,0,1,0
2020-07-22,Siskiyou,93,43540,80,52,0,52,0
2020-07-22,Solano,95,438530,3816,2839,12,2851,29
2020-07-22,Sonoma,97,501317,3150,2255,5,2260,17
2020-07-22,Stanislaus,99,539301,9958,7401,11,7412,71
2020-07-22,Sutter,101,95872,682,551,0,551,2
2020-07-22,Tehama,103,63373,231,155,1,156,1
2020-07-22,Trinity,105,12862,7,3,4,7,0
2020-07-22,Tulare,107,460477,9704,7640,23,7663,167
2020-07-22,Tuolumne,109,53932,134,91,1,92,0
2020-07-22,Ventura,111,848112,7711,6223,17,6240,56
2020-07-22,Yolo,113,214977,1632,1233,3,1236,34
2020-07-22,Yuba,115,75493,374,288,0,288,1
2020-07-21,Alameda,1,1643700,11864,9390,37,9427,166
2020-07-21,Alpine,3,1148,3,2,0,2,0
2020-07-21,Amador,5,37829,113,55,0,55,0
2020-07-21,Butte,7,227075,904,659,4,663,5
2020-07-21,Calaveras,9,45235,109,96,0,96,0
2020-07-21,Colusa,11,21464,298,227,0,227,0
2020-07-21,Contra Costa,13,1133247,8467,6210,23,6233,98
2020-07-21,Del Norte,15,27424,84,66,0,66,0
2020-07-21,El Dorado,17,186661,669,440,0,440,1
2020-07-21,Fresno,19,978130,18524,11412,131,11543,107
2020-07-21,Glenn,21,27897,332,229,0,229,1
2020-07-21,Humboldt,23,135768,236,198,1,199,4
2020-07-21,Imperial,25,180216,9906,7458,6,7464,128
2020-07-21,Inyo,27,18085,48,38,0,38,1
2020-07-21,Kern,29,883053,21249,11998,88,12086,119
2020-07-21,Kings,31,150075,4030,3187,24,3211,38
2020-07-21,Lake,33,64148,196,157,0,157,1
2020-07-21,Lassen,35,31185,563,474,2,476,0
2020-07-21,Los Angeles,37,10098052,181214,162205,386,162591,4159
2020-07-21,Madera,39,155013,2249,1508,1,1509,10
2020-07-21,Marin,41,260295,4917,4318,4,4322,21
2020-07-21,Mariposa,43,17540,54,37,0,37,1
2020-07-21,Mendocino,45,87422,232,160,0,160,0
2020-07-21,Merced,47,269075,4571,2725,1,2726,15
2020-07-21,Modoc,49,8938,3,0,0,0,0
2020-07-21,Mono,51,14174,124,79,0,79,1
2020-07-21,Monterey,53,433212,4424,3404,10,3414,20
2020-07-21,Napa,55,140530,975,660,0,660,5
2020-07-21,Nevada,57,99092,307,228,9,237,1
2020-07-21,Orange,59,3164182,39393,31356,620,31976,515
2020-07-21,Placer,61,380077,1899,1413,2,1415,11
2020-07-21,Plumas,63,18699,31,19,0,19,0
2020-07-21,Riverside,65,2383286,39706,32231,18,32249,583
2020-07-21,Sacramento,67,1510023,10553,7789,7,7796,102
2020-07-21,San Benito,69,59416,591,444,0,444,2
2020-07-21,San Bernardino,71,2135413,35217,25323,22,25345,343
2020-07-21,San Diego,73,3302833,29046,24522,0,24522,487
2020-07-21,San Francisco,75,870044,6435,5377,5,5382,53
2020-07-21,San Joaquin,77,732212,12418,9150,6,9156,99
2020-07-21,San Luis Obispo,79,281455,1752,1338,5,1343,7
2020-07-21,San Mateo,81,765935,5697,4733,4,4737,111
2020-07-21,Santa Barbara,83,443738,6493,5422,44,5466,29
2020-07-21,Santa Clara,85,1922200,10587,7989,16,8005,164
2020-07-21,Santa Cruz,87,273765,1078,835,9,844,3
2020-07-21,Shasta,89,179085,406,241,1,242,9
2020-07-21,Sierra,91,2930,1,1,0,1,0
2020-07-21,Siskiyou,93,43540,80,48,0,48,0
2020-07-21,Solano,95,438530,3743,2727,12,2739,27
2020-07-21,Sonoma,97,501317,3093,2200,5,2205,17
2020-07-21,Stanislaus,99,539301,9694,6984,11,6995,69
2020-07-21,Sutter,101,95872,666,533,0,533,2
2020-07-21,Tehama,103,63373,221,150,1,151,1
2020-07-21,Trinity,105,12862,7,2,4,6,0
2020-07-21,Tulare,107,460477,9501,7447,23,7470,167
2020-07-21,Tuolumne,109,53932,132,75,1,76,0
2020-07-21,Ventura,111,848112,7579,6131,17,6148,55
2020-07-21,Yolo,113,214977,1579,1204,3,1207,34
2020-07-21,Yuba,115,75493,368,269,0,269,1
2020-07-20,Alameda,1,1643700,11611,9244,36,9280,162
2020-07-20,Alpine,3,1148,3,2,0,2,0
2020-07-20,Amador,5,37829,110,53,0,53,0
2020-07-20,Butte,7,227075,866,586,4,590,4
2020-07-20,Calaveras,9,45235,106,90,0,90,0
2020-07-20,Colusa,11,21464,287,217,0,217,0
2020-07-20,Contra Costa,13,1133247,8259,5823,23,5846,97
2020-07-20,Del Norte,15,27424,84,61,0,61,0
2020-07-20,El Dorado,17,186661,646,407,0,407,0
2020-07-20,Fresno,19,978130,18083,10891,130,11021,106
2020-07-20,Glenn,21,27897,324,225,0,225,1
2020-07-20,Humboldt,23,135768,229,194,1,195,4
2020-07-20,Imperial,25,180216,9866,7337,6,7343,124
2020-07-20,Inyo,27,18085,46,38,0,38,1
2020-07-20,Kern,29,883053,20739,10908,84,10992,118
2020-07-20,Kings,31,150075,3982,3093,24,3117,37
2020-07-20,Lake,33,64148,193,147,0,147,1
2020-07-20,Lassen,35,31185,561,474,2,476,0
2020-07-20,Los Angeles,37,10098052,178244,159202,358,159560,4108
2020-07-20,Madera,39,155013,2174,1433,1,1434,10
2020-07-20,Marin,41,260295,4836,4255,4,4259,21
2020-07-20,Mariposa,43,17540,53,36,0,36,1
2020-07-20,Mendocino,45,87422,219,153,0,153,0
2020-07-20,Merced,47,269075,4401,2584,1,2585,15
2020-07-20,Modoc,49,8938,3,0,0,0,0
2020-07-20,Mono,51,14174,118,78,0,78,1
2020-07-20,Monterey,53,433212,4318,3205,10,3215,19
2020-07-20,Napa,55,140530,938,632,0,632,5
2020-07-20,Nevada,57,99092,299,218,9,227,1
2020-07-20,Orange,59,3164182,38786,30337,589,30926,507
2020-07-20,Placer,61,380077,1851,1364,2,1366,11
2020-07-20,Plumas,63,18699,30,17,0,17,0
2020-07-20,Riverside,65,2383286,38878,31163,18,31181,581
2020-07-20,Sacramento,67,1510023,10225,7369,7,7376,99
2020-07-20,San Benito,69,59416,573,433,0,433,2
2020-07-20,San Bernardino,71,2135413,34407,24226,21,24247,338
2020-07-20,San Diego,73,3302833,28604,24137,0,24137,478
2020-07-20,San Francisco,75,870044,6314,5090,5,5095,53
2020-07-20,San Joaquin,77,732212,12061,8583,6,8589,97
2020-07-20,San Luis Obispo,79,281455,1712,1282,5,1287,6
2020-07-20,San Mateo,81,765935,5596,4609,4,4613,111
2020-07-20,Santa Barbara,83,443738,6372,5266,42,5308,29
2020-07-20,Santa Clara,85,1922200,10359,7711,15,7726,164
2020-07-20,Santa Cruz,87,273765,1046,758,9,767,3
2020-07-20,Shasta,89,179085,391,233,1,234,9
2020-07-20,Sierra,91,2930,1,1,0,1,0
2020-07-20,Siskiyou,93,43540,76,42,0,42,0
2020-07-20,Solano,95,438530,3660,2537,12,2549,26
2020-07-20,Sonoma,97,501317,2986,2148,5,2153,17
2020-07-20,Stanislaus,99,539301,9416,6835,11,6846,58
2020-07-20,Sutter,101,95872,633,507,0,507,2
2020-07-20,Tehama,103,63373,211,146,1,147,1
2020-07-20,Trinity,105,12862,7,2,4,6,0
2020-07-20,Tulare,107,460477,9267,6974,23,6997,166
2020-07-20,Tuolumne,109,53932,131,75,1,76,0
2020-07-20,Ventura,111,848112,7446,5912,17,5929,52
2020-07-20,Yolo,113,214977,1539,1155,3,1158,30
2020-07-20,Yuba,115,75493,348,258,0,258,1
2020-07-19,Alameda,1,1643700,11374,9227,30,9257,162
2020-07-19,Alpine,3,1148,3,2,0,2,0
2020-07-19,Amador,5,37829,103,51,0,51,0
2020-07-19,Butte,7,227075,841,555,4,559,4
2020-07-19,Calaveras,9,45235,104,89,0,89,0
2020-07-19,Colusa,11,21464,279,187,0,187,0
2020-07-19,Contra Costa,13,1133247,7968,5691,21,5712,95
2020-07-19,Del Norte,15,27424,83,61,0,61,0
2020-07-19,El Dorado,17,186661,628,385,0,385,0
2020-07-19,Fresno,19,978130,17562,10639,118,10757,106
2020-07-19,Glenn,21,27897,310,215,0,215,0
2020-07-19,Humboldt,23,135768,221,195,1,196,4
2020-07-19,Imperial,25,180216,9775,7280,6,7286,124
2020-07-19,Inyo,27,18085,42,38,0,38,1
2020-07-19,Kern,29,883053,20122,10094,77,10171,115
2020-07-19,Kings,31,150075,3898,3035,24,3059,37
2020-07-19,Lake,33,64148,188,144,0,144,1
2020-07-19,Lassen,35,31185,542,474,2,476,0
2020-07-19,Los Angeles,37,10098052,174802,156039,335,156374,4100
2020-07-19,Madera,39,155013,2097,1301,1,1302,10
2020-07-19,Marin,41,260295,4781,4172,4,4176,21
2020-07-19,Mariposa,43,17540,49,35,0,35,1
2020-07-19,Mendocino,45,87422,214,137,0,137,0
2020-07-19,Merced,47,269075,4194,2460,1,2461,15
2020-07-19,Modoc,49,8938,3,0,0,0,0
2020-07-19,Mono,51,14174,107,63,0,63,1
2020-07-19,Monterey,53,433212,4198,3079,10,3089,18
2020-07-19,Napa,55,140530,909,612,0,612,5
2020-07-19,Nevada,57,99092,293,210,9,219,1
2020-07-19,Orange,59,3164182,38223,29941,576,30517,505
2020-07-19,Placer,61,380077,1802,1246,2,1248,11
2020-07-19,Plumas,63,18699,30,17,0,17,0
2020-07-19,Riverside,65,2383286,38175,30340,18,30358,581
2020-07-19,Sacramento,67,1510023,9839,6985,7,6992,97
2020-07-19,San Benito,69,59416,557,412,0,412,2
2020-07-19,San Bernardino,71,2135413,33637,23928,21,23949,337
2020-07-19,San Diego,73,3302833,28104,23684,0,23684,478
2020-07-19,San Francisco,75,870044,6167,5094,5,5099,52
2020-07-19,San Joaquin,77,732212,11656,8308,6,8314,93
2020-07-19,San Luis Obispo,79,281455,1668,1262,4,1266,6
2020-07-19,San Mateo,81,765935,5489,4522,4,4526,110
2020-07-19,Santa Barbara,83,443738,6268,5145,39,5184,29
2020-07-19,Santa Clara,85,1922200,10115,7403,15,7418,164
2020-07-19,Santa Cruz,87,273765,1002,753,9,762,3
2020-07-19,Shasta,89,179085,378,218,1,219,9
2020-07-19,Sierra,91,2930,1,1,0,1,0
2020-07-19,Siskiyou,93,43540,74,42,0,42,0
2020-07-19,Solano,95,438530,3556,2551,12,2563,26
2020-07-19,Sonoma,97,501317,2885,2074,5,2079,17
2020-07-19,Stanislaus,99,539301,9120,6508,11,6519,58
2020-07-19,Sutter,101,95872,602,480,0,480,2
2020-07-19,Tehama,103,63373,207,138,1,139,1
2020-07-19,Trinity,105,12862,7,2,4,6,0
2020-07-19,Tulare,107,460477,9018,6856,23,6879,166
2020-07-19,Tuolumne,109,53932,126,75,1,76,0
2020-07-19,Ventura,111,848112,7256,5706,17,5723,52
2020-07-19,Yolo,113,214977,1499,1127,3,1130,30
2020-07-19,Yuba,115,75493,328,240,0,240,1
2020-07-18,Alameda,1,1643700,11238,9089,28,9117,162
2020-07-18,Alpine,3,1148,3,2,0,2,0
2020-07-18,Amador,5,37829,99,49,0,49,0
2020-07-18,Butte,7,227075,832,551,4,555,4
2020-07-18,Calaveras,9,45235,100,89,0,89,0
2020-07-18,Colusa,11,21464,274,182,0,182,0
2020-07-18,Contra Costa,13,1133247,7833,5617,21,5638,95
2020-07-18,Del Norte,15,27424,83,61,0,61,0
2020-07-18,El Dorado,17,186661,625,385,0,385,0
2020-07-18,Fresno,19,978130,17313,10381,116,10497,106
2020-07-18,Glenn,21,27897,304,212,0,212,0
2020-07-18,Humboldt,23,135768,218,189,1,190,4
2020-07-18,Imperial,25,180216,9744,7268,6,7274,124
2020-07-18,Inyo,27,18085,42,38,0,38,1
2020-07-18,Kern,29,883053,19819,9250,74,9324,114
2020-07-18,Kings,31,150075,3860,2996,23,3019,37
2020-07-18,Lake,33,64148,185,142,0,142,1
2020-07-18,Lassen,35,31185,541,474,2,476,0
2020-07-18,Los Angeles,37,10098052,173356,153265,320,153585,4088
2020-07-18,Madera,39,155013,2051,1260,1,1261,9
2020-07-18,Marin,41,260295,4752,4089,4,4093,21
2020-07-18,Mariposa,43,17540,49,35,0,35,1
2020-07-18,Mendocino,45,87422,207,137,0,137,0
2020-07-18,Merced,47,269075,4075,2424,1,2425,15
2020-07-18,Modoc,49,8938,3,0,0,0,0
2020-07-18,Mono,51,14174,105,54,0,54,1
2020-07-18,Monterey,53,433212,4131,3020,10,3030,17
2020-07-18,Napa,55,140530,899,609,0,609,5
2020-07-18,Nevada,57,99092,289,204,8,212,1
2020-07-18,Orange,59,3164182,37904,29603,554,30157,493
2020-07-18,Placer,61,380077,1778,1233,2,1235,11
2020-07-18,Plumas,63,18699,30,17,0,17,0
2020-07-18,Riverside,65,2383286,37823,30245,17,30262,581
2020-07-18,Sacramento,67,1510023,9596,6739,7,6746,95
2020-07-18,San Benito,69,59416,542,407,0,407,2
2020-07-18,San Bernardino,71,2135413,33178,23680,21,23701,336
2020-07-18,San Diego,73,3302833,27801,23116,0,23116,478
2020-07-18,San Francisco,75,870044,6065,5051,5,5056,52
2020-07-18,San Joaquin,77,732212,11444,8118,6,8124,93
2020-07-18,San Luis Obispo,79,281455,1635,1234,4,1238,6
2020-07-18,San Mateo,81,765935,5429,4488,4,4492,110
2020-07-18,Santa Barbara,83,443738,6208,5110,37,5147,29
2020-07-18,Santa Clara,85,1922200,9965,7255,14,7269,164
2020-07-18,Santa Cruz,87,273765,985,751,9,760,3
2020-07-18,Shasta,89,179085,369,216,1,217,9
2020-07-18,Sierra,91,2930,1,1,0,1,0
2020-07-18,Siskiyou,93,43540,70,42,0,42,0
2020-07-18,Solano,95,438530,3515,2503,12,2515,26
2020-07-18,Sonoma,97,501317,2834,2019,5,2024,15
2020-07-18,Stanislaus,99,539301,8988,6344,11,6355,58
2020-07-18,Sutter,101,95872,596,473,0,473,2
2020-07-18,Tehama,103,63373,202,136,1,137,1
2020-07-18,Trinity,105,12862,7,2,4,6,0
2020-07-18,Tulare,107,460477,8927,6810,22,6832,167
2020-07-18,Tuolumne,109,53932,123,75,1,76,0
2020-07-18,Ventura,111,848112,7174,5630,17,5647,52
2020-07-18,Yolo,113,214977,1471,1077,3,1080,30
2020-07-18,Yuba,115,75493,317,237,0,237,1
2020-07-17,Alameda,1,1643700,11098,8893,27,8920,160
2020-07-17,Alpine,3,1148,3,1,0,1,0
2020-07-17,Amador,5,37829,97,48,0,48,0
2020-07-17,Butte,7,227075,818,497,4,501,4
2020-07-17,Calaveras,9,45235,98,86,0,86,0
2020-07-17,Colusa,11,21464,272,146,0,146,0
2020-07-17,Contra Costa,13,1133247,7685,5483,21,5504,93
2020-07-17,Del Norte,15,27424,82,60,0,60,0
2020-07-17,El Dorado,17,186661,609,368,0,368,0
2020-07-17,Fresno,19,978130,17015,9954,116,10070,104
2020-07-17,Glenn,21,27897,297,203,0,203,0
2020-07-17,Humboldt,23,135768,217,185,1,186,4
2020-07-17,Imperial,25,180216,9722,7193,6,7199,120
2020-07-17,Inyo,27,18085,42,38,0,38,1
2020-07-17,Kern,29,883053,19499,8291,72,8363,113
2020-07-17,Kings,31,150075,3822,2978,23,3001,37
2020-07-17,Lake,33,64148,183,139,0,139,1
2020-07-17,Lassen,35,31185,522,391,2,393,0
2020-07-17,Los Angeles,37,10098052,170986,150481,307,150788,4052
2020-07-17,Madera,39,155013,2007,1214,1,1215,9
2020-07-17,Marin,41,260295,4715,3839,4,3843,21
2020-07-17,Mariposa,43,17540,47,35,0,35,1
2020-07-17,Mendocino,45,87422,199,126,0,126,0
2020-07-17,Merced,47,269075,3999,2328,1,2329,12
2020-07-17,Modoc,49,8938,2,0,0,0,0
2020-07-17,Mono,51,14174,100,54,0,54,1
2020-07-17,Monterey,53,433212,4002,2922,10,2932,18
2020-07-17,Napa,55,140530,885,598,0,598,5
2020-07-17,Nevada,57,99092,282,200,8,208,1
2020-07-17,Orange,59,3164182,37442,28962,520,29482,485
2020-07-17,Placer,61,380077,1750,1207,2,1209,11
2020-07-17,Plumas,63,18699,27,16,0,16,0
2020-07-17,Riverside,65,2383286,37224,29639,17,29656,580
2020-07-17,Sacramento,67,1510023,9352,6563,7,6570,95
2020-07-17,San Benito,69,59416,527,399,0,399,2
2020-07-17,San Bernardino,71,2135413,32660,23057,21,23078,322
2020-07-17,San Diego,73,3302833,27413,22491,0,22491,472
2020-07-17,San Francisco,75,870044,5970,4967,5,4972,52
2020-07-17,San Joaquin,77,732212,11199,7925,6,7931,86
2020-07-17,San Luis Obispo,79,281455,1599,1190,4,1194,6
2020-07-17,San Mateo,81,765935,5333,4407,4,4411,110
2020-07-17,Santa Barbara,83,443738,6135,5001,36,5037,29
2020-07-17,Santa Clara,85,1922200,9748,7080,14,7094,164
2020-07-17,Santa Cruz,87,273765,963,716,9,725,3
2020-07-17,Shasta,89,179085,357,213,1,214,8
2020-07-17,Sierra,91,2930,1,1,0,1,0
2020-07-17,Siskiyou,93,43540,69,40,0,40,0
2020-07-17,Solano,95,438530,3466,2452,12,2464,26
2020-07-17,Sonoma,97,501317,2786,1982,5,1987,15
2020-07-17,Stanislaus,99,539301,8817,6220,11,6231,56
2020-07-17,Sutter,101,95872,583,458,0,458,2
2020-07-17,Tehama,103,63373,198,128,1,129,1
2020-07-17,Trinity,105,12862,7,2,4,6,0
2020-07-17,Tulare,107,460477,8791,6671,22,6693,166
2020-07-17,Tuolumne,109,53932,122,73,1,74,0
2020-07-17,Ventura,111,848112,7091,5451,17,5468,51
2020-07-17,Yolo,113,214977,1447,1055,3,1058,30
2020-07-17,Yuba,115,75493,307,231,0,231,1
2020-07-16,Alameda,1,1643700,10865,8719,21,8740,153
2020-07-16,Alpine,3,1148,3,1,0,1,0
2020-07-16,Amador,5,37829,94,46,0,46,0
2020-07-16,Butte,7,227075,781,465,4,469,4
2020-07-16,Calaveras,9,45235,96,82,0,82,0
2020-07-16,Colusa,11,21464,263,140,0,140,0
2020-07-16,Contra Costa,13,1133247,7473,5338,15,5353,91
2020-07-16,Del Norte,15,27424,82,60,0,60,0
2020-07-16,El Dorado,17,186661,592,357,0,357,0
2020-07-16,Fresno,19,978130,16504,9481,107,9588,101
2020-07-16,Glenn,21,27897,288,190,0,190,0
2020-07-16,Humboldt,23,135768,215,184,1,185,4
2020-07-16,Imperial,25,180216,9627,7148,6,7154,113
2020-07-16,Inyo,27,18085,42,38,0,38,1
2020-07-16,Kern,29,883053,18977,7435,70,7505,112
2020-07-16,Kings,31,150075,3656,2937,23,2960,37
2020-07-16,Lake,33,64148,178,128,0,128,1
2020-07-16,Lassen,35,31185,521,355,2,357,0
2020-07-16,Los Angeles,37,10098052,167736,147759,283,148042,3994
2020-07-16,Madera,39,155013,1943,1192,1,1193,8
2020-07-16,Marin,41,260295,4643,3546,4,3550,21
2020-07-16,Mariposa,43,17540,45,34,0,34,1
2020-07-16,Mendocino,45,87422,194,121,0,121,0
2020-07-16,Merced,47,269075,3837,2228,1,2229,12
2020-07-16,Modoc,49,8938,1,0,0,0,0
2020-07-16,Mono,51,14174,97,53,0,53,1
2020-07-16,Monterey,53,433212,3897,2857,9,2866,18
2020-07-16,Napa,55,140530,856,581,0,581,5
2020-07-16,Nevada,57,99092,279,191,8,199,1
2020-07-16,Orange,59,3164182,36741,28525,482,29007,471
2020-07-16,Placer,61,380077,1698,1168,2,1170,11
2020-07-16,Plumas,63,18699,25,16,0,16,0
2020-07-16,Riverside,65,2383286,36479,28904,16,28920,577
2020-07-16,Sacramento,67,1510023,9038,6440,7,6447,91
2020-07-16,San Benito,69,59416,510,389,0,389,2
2020-07-16,San Bernardino,71,2135413,31803,22355,19,22374,321
2020-07-16,San Diego,73,3302833,26926,21857,0,21857,465
2020-07-16,San Francisco,75,870044,5829,4838,5,4843,52
2020-07-16,San Joaquin,77,732212,10836,7713,6,7719,82
2020-07-16,San Luis Obispo,79,281455,1555,1146,4,1150,6
2020-07-16,San Mateo,81,765935,5229,4336,4,4340,110
2020-07-16,Santa Barbara,83,443738,6039,4872,35,4907,28
2020-07-16,Santa Clara,85,1922200,9468,6990,12,7002,164
2020-07-16,Santa Cruz,87,273765,922,698,9,707,3
2020-07-16,Shasta,89,179085,342,208,1,209,7
2020-07-16,Sierra,91,2930,1,1,0,1,0
2020-07-16,Siskiyou,93,43540,66,39,0,39,0
2020-07-16,Solano,95,438530,3372,2372,12,2384,25
2020-07-16,Sonoma,97,501317,2695,1954,5,1959,14
2020-07-16,Stanislaus,99,539301,8536,6077,10,6087,56
2020-07-16,Sutter,101,95872,567,444,0,444,2
2020-07-16,Tehama,103,63373,188,126,1,127,1
2020-07-16,Trinity,105,12862,7,2,3,5,0
2020-07-16,Tulare,107,460477,8575,6467,21,6488,163
2020-07-16,Tuolumne,109,53932,117,71,1,72,0
2020-07-16,Ventura,111,848112,6929,5231,17,5248,50
2020-07-16,Yolo,113,214977,1405,1034,3,1037,29
2020-07-16,Yuba,115,75493,289,221,0,221,1
2020-07-15,Alameda,1,1643700,10663,8615,15,8630,153
2020-07-15,Alpine,3,1148,3,1,0,1,0
2020-07-15,Amador,5,37829,73,44,0,44,0
2020-07-15,Butte,7,227075,740,420,4,424,4
2020-07-15,Calaveras,9,45235,96,75,0,75,0
2020-07-15,Colusa,11,21464,258,135,0,135,0
2020-07-15,Contra Costa,13,1133247,7242,5246,15,5261,90
2020-07-15,Del Norte,15,27424,81,60,0,60,0
2020-07-15,El Dorado,17,186661,568,339,0,339,0
2020-07-15,Fresno,19,978130,16031,9124,100,9224,101
2020-07-15,Glenn,21,27897,279,184,0,184,0
2020-07-15,Humboldt,23,135768,213,181,1,182,4
2020-07-15,Imperial,25,180216,9560,7110,6,7116,110
2020-07-15,Inyo,27,18085,42,36,0,36,1
2020-07-15,Kern,29,883053,18358,7155,67,7222,108
2020-07-15,Kings,31,150075,3595,2906,23,2929,37
2020-07-15,Lake,33,64148,176,122,0,122,1
2020-07-15,Lassen,35,31185,517,319,2,321,0
2020-07-15,Los Angeles,37,10098052,164270,143343,268,143611,3946
2020-07-15,Madera,39,155013,1874,1147,1,1148,4
2020-07-15,Marin,41,260295,4588,3458,4,3462,21
2020-07-15,Mariposa,43,17540,45,34,0,34,1
2020-07-15,Mendocino,45,87422,191,119,0,119,0
2020-07-15,Merced,47,269075,3687,2156,1,2157,12
2020-07-15,Modoc,49,8938,1,0,0,0,0
2020-07-15,Mono,51,14174,95,52,0,52,1
2020-07-15,Monterey,53,433212,3786,2780,9,2789,18
2020-07-15,Napa,55,140530,830,573,0,573,5
2020-07-15,Nevada,57,99092,275,185,6,191,1
2020-07-15,Orange,59,3164182,35939,27718,447,28165,454
2020-07-15,Placer,61,380077,1643,1145,2,1147,11
2020-07-15,Plumas,63,18699,25,16,0,16,0
2020-07-15,Riverside,65,2383286,35700,28492,14,28506,568
2020-07-15,Sacramento,67,1510023,8661,6217,7,6224,91
2020-07-15,San Benito,69,59416,501,388,0,388,2
2020-07-15,San Bernardino,71,2135413,31017,21508,19,21527,317
2020-07-15,San Diego,73,3302833,26459,21448,0,21448,448
2020-07-15,San Francisco,75,870044,5715,4757,5,4762,50
2020-07-15,San Joaquin,77,732212,10403,7381,5,7386,75
2020-07-15,San Luis Obispo,79,281455,1512,1097,4,1101,6
2020-07-15,San Mateo,81,765935,5116,4258,4,4262,109
2020-07-15,Santa Barbara,83,443738,5923,4733,35,4768,28
2020-07-15,Santa Clara,85,1922200,9165,6900,12,6912,164
2020-07-15,Santa Cruz,87,273765,886,660,8,668,3
2020-07-15,Shasta,89,179085,333,193,1,194,7
2020-07-15,Sierra,91,2930,1,1,0,1,0
2020-07-15,Siskiyou,93,43540,65,38,0,38,0
2020-07-15,Solano,95,438530,3278,2343,12,2355,25
2020-07-15,Sonoma,97,501317,2598,1920,5,1925,14
2020-07-15,Stanislaus,99,539301,8241,5777,10,5787,56
2020-07-15,Sutter,101,95872,541,433,0,433,2
2020-07-15,Tehama,103,63373,180,126,1,127,1
2020-07-15,Trinity,105,12862,6,2,3,5,0
2020-07-15,Tulare,107,460477,8362,6320,20,6340,156
2020-07-15,Tuolumne,109,53932,110,68,1,69,0
2020-07-15,Ventura,111,848112,6752,5087,17,5104,50
2020-07-15,Yolo,113,214977,1373,1002,3,1005,27
2020-07-15,Yuba,115,75493,277,221,0,221,1
2020-07-14,Alameda,1,1643700,10323,8388,9,8397,151
2020-07-14,Alpine,3,1148,3,1,0,1,0
2020-07-14,Amador,5,37829,69,44,0,44,0
2020-07-14,Butte,7,227075,695,382,4,386,4
2020-07-14,Calaveras,9,45235,94,74,0,74,0
2020-07-14,Colusa,11,21464,248,128,0,128,0
2020-07-14,Contra Costa,13,1133247,7006,5110,13,5123,90
2020-07-14,Del Norte,15,27424,80,60,0,60,0
2020-07-14,El Dorado,17,186661,553,324,0,324,0
2020-07-14,Fresno,19,978130,15611,8941,96,9037,98
2020-07-14,Glenn,21,27897,269,177,0,177,0
2020-07-14,Humboldt,23,135768,210,175,1,176,4
2020-07-14,Imperial,25,180216,9433,7095,6,7101,109
2020-07-14,Inyo,27,18085,42,35,0,35,1
2020-07-14,Kern,29,883053,17599,6979,54,7033,107
2020-07-14,Kings,31,150075,3528,2867,22,2889,37
2020-07-14,Lake,33,64148,170,120,0,120,1
2020-07-14,Lassen,35,31185,500,263,2,265,0
2020-07-14,Los Angeles,37,10098052,161135,140632,237,140869,3900
2020-07-14,Madera,39,155013,1800,1118,1,1119,4
2020-07-14,Marin,41,260295,4474,3451,4,3455,21
2020-07-14,Mariposa,43,17540,41,32,0,32,1
2020-07-14,Mendocino,45,87422,183,110,0,110,0
2020-07-14,Merced,47,269075,3508,2084,1,2085,12
2020-07-14,Modoc,49,8938,1,0,0,0,0
2020-07-14,Mono,51,14174,85,48,0,48,1
2020-07-14,Monterey,53,433212,3672,2724,9,2733,18
2020-07-14,Napa,55,140530,774,557,0,557,4
2020-07-14,Nevada,57,99092,258,180,5,185,1
2020-07-14,Orange,59,3164182,35060,26915,400,27315,432
2020-07-14,Placer,61,380077,1588,1122,2,1124,11
2020-07-14,Plumas,63,18699,24,14,0,14,0
2020-07-14,Riverside,65,2383286,34945,27850,13,27863,547
2020-07-14,Sacramento,67,1510023,8309,5978,7,5985,87
2020-07-14,San Benito,69,59416,482,360,0,360,2
2020-07-14,San Bernardino,71,2135413,30168,20489,19,20508,316
2020-07-14,San Diego,73,3302833,25840,20887,0,20887,436
2020-07-14,San Francisco,75,870044,5565,4659,4,4663,50
2020-07-14,San Joaquin,77,732212,9976,7143,5,7148,75
2020-07-14,San Luis Obispo,79,281455,1474,1060,4,1064,5
2020-07-14,San Mateo,81,765935,5023,4173,4,4177,108
2020-07-14,Santa Barbara,83,443738,5799,4641,33,4674,28
2020-07-14,Santa Clara,85,1922200,8838,6686,9,6695,164
2020-07-14,Santa Cruz,87,273765,847,639,8,647,3
2020-07-14,Shasta,89,179085,324,190,1,191,7
2020-07-14,Sierra,91,2930,1,1,0,1,0
2020-07-14,Siskiyou,93,43540,64,38,0,38,0
2020-07-14,Solano,95,438530,3178,2266,10,2276,25
2020-07-14,Sonoma,97,501317,2506,1866,5,1871,14
2020-07-14,Stanislaus,99,539301,7872,5631,9,5640,53
2020-07-14,Sutter,101,95872,522,405,0,405,2
2020-07-14,Tehama,103,63373,168,123,1,124,1
2020-07-14,Trinity,105,12862,6,2,3,5,0
2020-07-14,Tulare,107,460477,8116,6199,20,6219,156
2020-07-14,Tuolumne,109,53932,105,68,1,69,0
2020-07-14,Ventura,111,848112,6591,4950,17,4967,50
2020-07-14,Yolo,113,214977,1325,966,3,969,27
2020-07-14,Yuba,115,75493,260,210,0,210,1
2020-07-13,Alameda,1,1643700,10015,8115,9,8124,148
2020-07-13,Alpine,3,1148,3,1,0,1,0
2020-07-13,Amador,5,37829,65,42,0,42,0
2020-07-13,Butte,7,227075,660,354,4,358,4
2020-07-13,Calaveras,9,45235,86,63,0,63,0
2020-07-13,Colusa,11,21464,242,116,0,116,0
2020-07-13,Contra Costa,13,1133247,6733,4882,11,4893,88
2020-07-13,Del Norte,15,27424,74,59,0,59,0
2020-07-13,El Dorado,17,186661,522,298,0,298,0
2020-07-13,Fresno,19,978130,15185,8666,92,8758,95
2020-07-13,Glenn,21,27897,262,168,0,168,0
2020-07-13,Humboldt,23,135768,205,174,1,175,4
2020-07-13,Imperial,25,180216,9348,7052,6,7058,109
2020-07-13,Inyo,27,18085,41,35,0,35,1
2020-07-13,Kern,29,883053,16914,6808,50,6858,107
2020-07-13,Kings,31,150075,3477,2824,22,2846,37
2020-07-13,Lake,33,64148,165,118,0,118,1
2020-07-13,Lassen,35,31185,495,237,2,239,0
2020-07-13,Los Angeles,37,10098052,157897,136368,223,136591,3829
2020-07-13,Madera,39,155013,1731,1059,1,1060,4
2020-07-13,Marin,41,260295,4371,3402,4,3406,21
2020-07-13,Mariposa,43,17540,40,31,0,31,1
2020-07-13,Mendocino,45,87422,179,87,0,87,0
2020-07-13,Merced,47,269075,3359,2007,1,2008,12
2020-07-13,Modoc,49,8938,1,0,0,0,0
2020-07-13,Mono,51,14174,81,47,0,47,1
2020-07-13,Monterey,53,433212,3549,2613,6,2619,18
2020-07-13,Napa,55,140530,738,534,0,534,4
2020-07-13,Nevada,57,99092,243,172,5,177,1
2020-07-13,Orange,59,3164182,34197,25978,369,26347,423
2020-07-13,Placer,61,380077,1541,1096,2,1098,11
2020-07-13,Plumas,63,18699,22,14,0,14,0
2020-07-13,Riverside,65,2383286,34019,27136,11,27147,545
2020-07-13,Sacramento,67,1510023,8014,5747,7,5754,85
2020-07-13,San Benito,69,59416,469,343,0,343,2
2020-07-13,San Bernardino,71,2135413,29292,19610,16,19626,313
2020-07-13,San Diego,73,3302833,25273,20348,0,20348,422
2020-07-13,San Francisco,75,870044,5438,4534,3,4537,50
2020-07-13,San Joaquin,77,732212,9559,6927,5,6932,71
2020-07-13,San Luis Obispo,79,281455,1443,989,4,993,5
2020-07-13,San Mateo,81,765935,4892,4057,4,4061,108
2020-07-13,Santa Barbara,83,443738,5685,4441,32,4473,28
2020-07-13,Santa Clara,85,1922200,8514,6488,8,6496,164
2020-07-13,Santa Cruz,87,273765,808,574,8,582,3
2020-07-13,Shasta,89,179085,313,185,1,186,6
2020-07-13,Sierra,91,2930,1,1,0,1,0
2020-07-13,Siskiyou,93,43540,60,37,0,37,0
2020-07-13,Solano,95,438530,3066,2046,10,2056,23
2020-07-13,Sonoma,97,501317,2396,1818,5,1823,14
2020-07-13,Stanislaus,99,539301,7572,5324,7,5331,53
2020-07-13,Sutter,101,95872,484,379,0,379,2
2020-07-13,Tehama,103,63373,155,112,1,113,1
2020-07-13,Trinity,105,12862,6,2,3,5,0
2020-07-13,Tulare,107,460477,7855,5930,18,5948,147
2020-07-13,Tuolumne,109,53932,97,56,1,57,0
2020-07-13,Ventura,111,848112,6401,4800,14,4814,50
2020-07-13,Yolo,113,214977,1280,941,3,944,27
2020-07-13,Yuba,115,75493,245,194,0,194,1
2020-07-12,Alameda,1,1643700,9744,8056,9,8065,148
2020-07-12,Alpine,3,1148,3,1,0,1,0
2020-07-12,Amador,5,37829,55,40,0,40,0
2020-07-12,Butte,7,227075,610,341,4,345,4
2020-07-12,Calaveras,9,45235,86,62,0,62,0
2020-07-12,Colusa,11,21464,208,116,0,116,0
2020-07-12,Contra Costa,13,1133247,6461,4708,9,4717,88
2020-07-12,Del Norte,15,27424,63,59,0,59,0
2020-07-12,El Dorado,17,186661,500,290,0,290,0
2020-07-12,Fresno,19,978130,14760,8407,89,8496,95
2020-07-12,Glenn,21,27897,249,166,0,166,0
2020-07-12,Humboldt,23,135768,201,174,1,175,4
2020-07-12,Imperial,25,180216,9228,6999,6,7005,109
2020-07-12,Inyo,27,18085,39,35,0,35,1
2020-07-12,Kern,29,883053,16171,6662,47,6709,105
2020-07-12,Kings,31,150075,3415,2779,22,2801,34
2020-07-12,Lake,33,64148,156,114,0,114,1
2020-07-12,Lassen,35,31185,488,237,2,239,0
2020-07-12,Los Angeles,37,10098052,154475,133830,194,134024,3816
2020-07-12,Madera,39,155013,1676,1025,1,1026,4
2020-07-12,Marin,41,260295,4294,3358,4,3362,21
2020-07-12,Mariposa,43,17540,39,31,0,31,1
2020-07-12,Mendocino,45,87422,160,88,0,88,0
2020-07-12,Merced,47,269075,3229,1908,1,1909,12
2020-07-12,Modoc,49,8938,1,0,0,0,0
2020-07-12,Mono,51,14174,71,45,0,45,1
2020-07-12,Monterey,53,433212,3434,2521,6,2527,18
2020-07-12,Napa,55,140530,706,519,0,519,4
2020-07-12,Nevada,57,99092,233,166,5,171,1
2020-07-12,Orange,59,3164182,33323,25399,360,25759,422
2020-07-12,Placer,61,380077,1484,1058,2,1060,11
2020-07-12,Plumas,63,18699,21,14,0,14,0
2020-07-12,Riverside,65,2383286,33261,26404,11,26415,542
2020-07-12,Sacramento,67,1510023,7705,5515,6,5521,85
2020-07-12,San Benito,69,59416,454,324,0,324,2
2020-07-12,San Bernardino,71,2135413,28383,19042,11,19053,312
2020-07-12,San Diego,73,3302833,24646,19929,0,19929,422
2020-07-12,San Francisco,75,870044,5289,4535,3,4538,50
2020-07-12,San Joaquin,77,732212,9197,6703,5,6708,71
2020-07-12,San Luis Obispo,79,281455,1396,972,4,976,5
2020-07-12,San Mateo,81,765935,4774,3988,4,3992,108
2020-07-12,Santa Barbara,83,443738,5555,4353,31,4384,28
2020-07-12,Santa Clara,85,1922200,8275,6252,8,6260,164
2020-07-12,Santa Cruz,87,273765,766,573,6,579,3
2020-07-12,Shasta,89,179085,307,173,1,174,6
2020-07-12,Sierra,91,2930,1,1,0,1,0
2020-07-12,Siskiyou,93,43540,58,36,0,36,0
2020-07-12,Solano,95,438530,2941,2037,10,2047,23
2020-07-12,Sonoma,97,501317,2301,1743,5,1748,13
2020-07-12,Stanislaus,99,539301,7269,5177,7,5184,53
2020-07-12,Sutter,101,95872,466,362,0,362,2
2020-07-12,Tehama,103,63373,148,111,1,112,1
2020-07-12,Trinity,105,12862,6,2,3,5,0
2020-07-12,Tulare,107,460477,7600,5864,17,5881,146
2020-07-12,Tuolumne,109,53932,89,52,1,53,0
2020-07-12,Ventura,111,848112,6185,4724,13,4737,50
2020-07-12,Yolo,113,214977,1238,889,3,892,27
2020-07-12,Yuba,115,75493,234,188,0,188,1
2020-07-11,Alameda,1,1643700,9642,7845,9,7854,148
2020-07-11,Alpine,3,1148,3,1,0,1,0
2020-07-11,Amador,5,37829,51,37,0,37,0
2020-07-11,Butte,7,227075,594,325,4,329,4
2020-07-11,Calaveras,9,45235,83,62,0,62,0
2020-07-11,Colusa,11,21464,203,110,0,110,0
2020-07-11,Contra Costa,13,1133247,6345,4650,9,4659,87
2020-07-11,Del Norte,15,27424,63,59,0,59,0
2020-07-11,El Dorado,17,186661,489,283,0,283,0
2020-07-11,Fresno,19,978130,14501,8086,88,8174,95
2020-07-11,Glenn,21,27897,241,161,0,161,0
2020-07-11,Humboldt,23,135768,200,174,1,175,4
2020-07-11,Imperial,25,180216,9189,6884,6,6890,109
2020-07-11,Inyo,27,18085,39,35,0,35,1
2020-07-11,Kern,29,883053,15815,6509,46,6555,103
2020-07-11,Kings,31,150075,3388,2753,22,2775,33
2020-07-11,Lake,33,64148,155,110,0,110,1
2020-07-11,Lassen,35,31185,487,237,2,239,0
2020-07-11,Los Angeles,37,10098052,152758,130479,184,130663,3802
2020-07-11,Madera,39,155013,1635,988,1,989,4
2020-07-11,Marin,41,260295,4266,3191,4,3195,21
2020-07-11,Mariposa,43,17540,39,31,0,31,1
2020-07-11,Mendocino,45,87422,156,88,0,88,0
2020-07-11,Merced,47,269075,3148,1851,1,1852,12
2020-07-11,Modoc,49,8938,1,0,0,0,0
2020-07-11,Mono,51,14174,68,45,0,45,1
2020-07-11,Monterey,53,433212,3345,2376,5,2381,18
2020-07-11,Napa,55,140530,694,509,0,509,4
2020-07-11,Nevada,57,99092,224,163,4,167,1
2020-07-11,Orange,59,3164182,32946,24430,346,24776,422
2020-07-11,Placer,61,380077,1447,1029,2,1031,11
2020-07-11,Plumas,63,18699,21,12,0,12,0
2020-07-11,Riverside,65,2383286,32869,25994,11,26005,538
2020-07-11,Sacramento,67,1510023,7531,5367,6,5373,84
2020-07-11,San Benito,69,59416,439,314,0,314,2
2020-07-11,San Bernardino,71,2135413,27946,18907,11,18918,310
2020-07-11,San Diego,73,3302833,24261,19371,0,19371,422
2020-07-11,San Francisco,75,870044,5193,4430,2,4432,50
2020-07-11,San Joaquin,77,732212,9019,6518,5,6523,72
2020-07-11,San Luis Obispo,79,281455,1348,930,4,934,4
2020-07-11,San Mateo,81,765935,4706,3956,4,3960,108
2020-07-11,Santa Barbara,83,443738,5486,4283,30,4313,28
2020-07-11,Santa Clara,85,1922200,8115,5959,8,5967,164
2020-07-11,Santa Cruz,87,273765,735,571,6,577,3
2020-07-11,Shasta,89,179085,300,168,1,169,6
2020-07-11,Sierra,91,2930,1,1,0,1,0
2020-07-11,Siskiyou,93,43540,58,36,0,36,0
2020-07-11,Solano,95,438530,2900,2034,10,2044,23
2020-07-11,Sonoma,97,501317,2264,1690,5,1695,13
2020-07-11,Stanislaus,99,539301,7129,4911,7,4918,51
2020-07-11,Sutter,101,95872,450,352,0,352,2
2020-07-11,Tehama,103,63373,146,111,1,112,1
2020-07-11,Trinity,105,12862,6,2,3,5,0
2020-07-11,Tulare,107,460477,7494,5780,17,5797,149
2020-07-11,Tuolumne,109,53932,87,50,1,51,0
2020-07-11,Ventura,111,848112,6089,4545,12,4557,49
2020-07-11,Yolo,113,214977,1209,833,3,836,27
2020-07-11,Yuba,115,75493,224,175,0,175,1
2020-07-10,Alameda,1,1643700,9485,7551,9,7560,147
2020-07-10,Alpine,3,1148,3,1,0,1,0
2020-07-10,Amador,5,37829,47,37,0,37,0
2020-07-10,Butte,7,227075,583,318,4,322,4
2020-07-10,Calaveras,9,45235,83,61,0,61,0
2020-07-10,Colusa,11,21464,197,103,0,103,0
2020-07-10,Contra Costa,13,1133247,6202,4482,9,4491,86
2020-07-10,Del Norte,15,27424,63,57,0,57,0
2020-07-10,El Dorado,17,186661,471,266,0,266,0
2020-07-10,Fresno,19,978130,14169,7760,85,7845,93
2020-07-10,Glenn,21,27897,236,157,0,157,0
2020-07-10,Humboldt,23,135768,199,168,1,169,4
2020-07-10,Imperial,25,180216,9144,6878,6,6884,98
2020-07-10,Inyo,27,18085,39,35,0,35,1
2020-07-10,Kern,29,883053,15382,6344,45,6389,102
2020-07-10,Kings,31,150075,3353,2707,22,2729,33
2020-07-10,Lake,33,64148,148,104,0,104,1
2020-07-10,Lassen,35,31185,486,235,2,237,0
2020-07-10,Los Angeles,37,10098052,150340,127503,178,127681,3750
2020-07-10,Madera,39,155013,1589,914,1,915,4
2020-07-10,Marin,41,260295,4204,3101,4,3105,21
2020-07-10,Mariposa,43,17540,38,31,0,31,1
2020-07-10,Mendocino,45,87422,148,88,0,88,0
2020-07-10,Merced,47,269075,3069,1802,1,1803,12
2020-07-10,Modoc,49,8938,1,0,0,0,0
2020-07-10,Mono,51,14174,67,45,0,45,1
2020-07-10,Monterey,53,433212,3266,2285,5,2290,18
2020-07-10,Napa,55,140530,683,496,0,496,4
2020-07-10,Nevada,57,99092,219,161,4,165,1
2020-07-10,Orange,59,3164182,32360,23692,342,24034,416
2020-07-10,Placer,61,380077,1405,1002,2,1004,11
2020-07-10,Plumas,63,18699,19,12,0,12,0
2020-07-10,Riverside,65,2383286,32351,25481,11,25492,533
2020-07-10,Sacramento,67,1510023,7274,5181,6,5187,81
2020-07-10,San Benito,69,59416,430,302,0,302,2
2020-07-10,San Bernardino,71,2135413,27420,18242,11,18253,308
2020-07-10,San Diego,73,3302833,23880,18862,0,18862,420
2020-07-10,San Francisco,75,870044,5102,4305,2,4307,50
2020-07-10,San Joaquin,77,732212,8786,6225,5,6230,67
2020-07-10,San Luis Obispo,79,281455,1310,891,4,895,4
2020-07-10,San Mateo,81,765935,4641,3844,4,3848,107
2020-07-10,Santa Barbara,83,443738,5389,4177,29,4206,28
2020-07-10,Santa Clara,85,1922200,7891,5819,8,5827,164
2020-07-10,Santa Cruz,87,273765,708,540,6,546,3
2020-07-10,Shasta,89,179085,296,158,1,159,6
2020-07-10,Sierra,91,2930,1,1,0,1,0
2020-07-10,Siskiyou,93,43540,58,31,0,31,0
2020-07-10,Solano,95,438530,2853,1950,10,1960,23
2020-07-10,Sonoma,97,501317,2217,1606,4,1610,13
2020-07-10,Stanislaus,99,539301,6960,4781,7,4788,46
2020-07-10,Sutter,101,95872,443,338,0,338,2
2020-07-10,Tehama,103,63373,145,107,1,108,1
2020-07-10,Trinity,105,12862,6,2,3,5,0
2020-07-10,Tulare,107,460477,7357,5677,17,5694,150
2020-07-10,Tuolumne,109,53932,86,49,1,50,0
2020-07-10,Ventura,111,848112,5977,4416,12,4428,48
2020-07-10,Yolo,113,214977,1185,794,3,797,27
2020-07-10,Yuba,115,75493,210,164,0,164,1
2020-07-09,Alameda,1,1643700,9249,7433,9,7442,146
2020-07-09,Alpine,3,1148,3,1,0,1,0
2020-07-09,Amador,5,37829,44,36,0,36,0
2020-07-09,Butte,7,227075,552,295,4,299,4
2020-07-09,Calaveras,9,45235,82,59,0,59,0
2020-07-09,Colusa,11,21464,189,97,0,97,0
2020-07-09,Contra Costa,13,1133247,5959,4388,9,4397,86
2020-07-09,Del Norte,15,27424,63,57,0,57,0
2020-07-09,El Dorado,17,186661,447,255,0,255,0
2020-07-09,Fresno,19,978130,13713,7385,83,7468,90
2020-07-09,Glenn,21,27897,226,150,0,150,0
2020-07-09,Humboldt,23,135768,196,166,1,167,4
2020-07-09,Imperial,25,180216,9048,6778,6,6784,87
2020-07-09,Inyo,27,18085,37,35,0,35,1
2020-07-09,Kern,29,883053,14737,6100,43,6143,95
2020-07-09,Kings,31,150075,3290,2686,21,2707,33
2020-07-09,Lake,33,64148,145,99,0,99,1
2020-07-09,Lassen,35,31185,430,221,2,223,0
2020-07-09,Los Angeles,37,10098052,147072,125062,151,125213,3698
2020-07-09,Madera,39,155013,1512,850,1,851,4
2020-07-09,Marin,41,260295,4053,2975,4,2979,20
2020-07-09,Mariposa,43,17540,38,32,0,32,1
2020-07-09,Mendocino,45,87422,144,88,0,88,0
2020-07-09,Merced,47,269075,2936,1728,1,1729,11
2020-07-09,Modoc,49,8938,1,0,0,0,0
2020-07-09,Mono,51,14174,63,45,0,45,1
2020-07-09,Monterey,53,433212,3141,2223,5,2228,17
2020-07-09,Napa,55,140530,666,468,0,468,4
2020-07-09,Nevada,57,99092,213,156,4,160,1
2020-07-09,Orange,59,3164182,31391,22960,324,23284,407
2020-07-09,Placer,61,380077,1360,982,2,984,11
2020-07-09,Plumas,63,18699,19,12,0,12,0
2020-07-09,Riverside,65,2383286,31457,24980,11,24991,529
2020-07-09,Sacramento,67,1510023,6949,4950,6,4956,81
2020-07-09,San Benito,69,59416,414,295,0,295,2
2020-07-09,San Bernardino,71,2135413,26549,17339,10,17349,307
2020-07-09,San Diego,73,3302833,23288,18404,0,18404,415
2020-07-09,San Francisco,75,870044,4969,4143,2,4145,50
2020-07-09,San Joaquin,77,732212,8427,6004,5,6009,66
2020-07-09,San Luis Obispo,79,281455,1271,869,4,873,3
2020-07-09,San Mateo,81,765935,4514,3792,4,3796,106
2020-07-09,Santa Barbara,83,443738,5256,4068,29,4097,28
2020-07-09,Santa Clara,85,1922200,7634,5638,8,5646,164
2020-07-09,Santa Cruz,87,273765,681,526,6,532,3
2020-07-09,Shasta,89,179085,290,155,1,156,5
2020-07-09,Sierra,91,2930,1,1,0,1,0
2020-07-09,Siskiyou,93,43540,54,31,0,31,0
2020-07-09,Solano,95,438530,2755,1892,10,1902,23
2020-07-09,Sonoma,97,501317,2131,1584,4,1588,13
2020-07-09,Stanislaus,99,539301,6646,4633,6,4639,46
2020-07-09,Sutter,101,95872,426,321,0,321,2
2020-07-09,Tehama,103,63373,140,102,1,103,1
2020-07-09,Trinity,105,12862,6,2,3,5,0
2020-07-09,Tulare,107,460477,7140,5501,15,5516,146
2020-07-09,Tuolumne,109,53932,85,47,1,48,0
2020-07-09,Ventura,111,848112,5809,4278,12,4290,47
2020-07-09,Yolo,113,214977,1138,764,3,767,27
2020-07-09,Yuba,115,75493,193,152,0,152,1
2020-07-08,Alameda,1,1643700,8956,7335,9,7344,142
2020-07-08,Alpine,3,1148,3,1,0,1,0
2020-07-08,Amador,5,37829,41,35,0,35,0
2020-07-08,Butte,7,227075,515,281,4,285,3
2020-07-08,Calaveras,9,45235,76,58,0,58,0
2020-07-08,Colusa,11,21464,176,90,0,90,0
2020-07-08,Contra Costa,13,1133247,5713,4268,7,4275,84
2020-07-08,Del Norte,15,27424,61,57,0,57,0
2020-07-08,El Dorado,17,186661,426,248,0,248,0
2020-07-08,Fresno,19,978130,13298,7102,77,7179,86
2020-07-08,Glenn,21,27897,215,146,0,146,0
2020-07-08,Humboldt,23,135768,193,162,1,163,4
2020-07-08,Imperial,25,180216,8960,6727,6,6733,76
2020-07-08,Inyo,27,18085,37,35,0,35,1
2020-07-08,Kern,29,883053,14159,5873,42,5915,91
2020-07-08,Kings,31,150075,3230,2629,19,2648,33
2020-07-08,Lake,33,64148,138,97,0,97,1
2020-07-08,Lassen,35,31185,334,221,2,223,0
2020-07-08,Los Angeles,37,10098052,143860,123462,122,123584,3650
2020-07-08,Madera,39,155013,1442,828,1,829,4
2020-07-08,Marin,41,260295,3954,2756,4,2760,17
2020-07-08,Mariposa,43,17540,38,31,0,31,1
2020-07-08,Mendocino,45,87422,131,84,0,84,0
2020-07-08,Merced,47,269075,2817,1578,1,1579,11
2020-07-08,Modoc,49,8938,1,0,0,0,0
2020-07-08,Mono,51,14174,60,45,0,45,1
2020-07-08,Monterey,53,433212,3023,2182,4,2186,17
2020-07-08,Napa,55,140530,643,468,0,468,4
2020-07-08,Nevada,57,99092,204,156,4,160,1
2020-07-08,Orange,59,3164182,30440,22088,319,22407,378
2020-07-08,Placer,61,380077,1314,948,2,950,11
2020-07-08,Plumas,63,18699,19,12,0,12,0
2020-07-08,Riverside,65,2383286,30493,24042,10,24052,508
2020-07-08,Sacramento,67,1510023,6660,4799,6,4805,80
2020-07-08,San Benito,69,59416,398,282,0,282,2
2020-07-08,San Bernardino,71,2135413,25699,16510,9,16519,296
2020-07-08,San Diego,73,3302833,22721,17844,0,17844,406
2020-07-08,San Francisco,75,870044,4880,4093,2,4095,50
2020-07-08,San Joaquin,77,732212,8084,5759,5,5764,61
2020-07-08,San Luis Obispo,79,281455,1220,825,4,829,2
2020-07-08,San Mateo,81,765935,4393,3733,4,3737,106
2020-07-08,Santa Barbara,83,443738,5137,3985,29,4014,28
2020-07-08,Santa Clara,85,1922200,7401,5510,8,5518,164
2020-07-08,Santa Cruz,87,273765,648,509,5,514,3
2020-07-08,Shasta,89,179085,281,148,1,149,6
2020-07-08,Sierra,91,2930,1,1,0,1,0
2020-07-08,Siskiyou,93,43540,54,31,0,31,0
2020-07-08,Solano,95,438530,2639,1821,10,1831,23
2020-07-08,Sonoma,97,501317,2057,1495,4,1499,9
2020-07-08,Stanislaus,99,539301,6347,4344,6,4350,46
2020-07-08,Sutter,101,95872,401,298,0,298,2
2020-07-08,Tehama,103,63373,134,100,1,101,1
2020-07-08,Trinity,105,12862,5,2,3,5,0
2020-07-08,Tulare,107,460477,6948,5307,10,5317,138
2020-07-08,Tuolumne,109,53932,81,42,1,43,0
2020-07-08,Ventura,111,848112,5644,4139,12,4151,47
2020-07-08,Yolo,113,214977,1095,727,3,730,26
2020-07-08,Yuba,115,75493,180,145,0,145,1
2020-07-07,Alameda,1,1643700,8637,7097,9,7106,141
2020-07-07,Alpine,3,1148,3,1,0,1,0
2020-07-07,Amador,5,37829,41,33,0,33,0
2020-07-07,Butte,7,227075,471,269,4,273,3
2020-07-07,Calaveras,9,45235,74,58,0,58,0
2020-07-07,Colusa,11,21464,143,84,0,84,0
2020-07-07,Contra Costa,13,1133247,5475,4131,6,4137,84
2020-07-07,Del Norte,15,27424,61,57,0,57,0
2020-07-07,El Dorado,17,186661,406,244,0,244,0
2020-07-07,Fresno,19,978130,12845,6738,77,6815,84
2020-07-07,Glenn,21,27897,206,145,0,145,0
2020-07-07,Humboldt,23,135768,190,150,1,151,4
2020-07-07,Imperial,25,180216,8861,6678,6,6684,51
2020-07-07,Inyo,27,18085,36,32,0,32,1
2020-07-07,Kern,29,883053,13460,5645,38,5683,88
2020-07-07,Kings,31,150075,3169,2623,15,2638,33
2020-07-07,Lake,33,64148,128,94,0,94,1
2020-07-07,Lassen,35,31185,263,219,2,221,0
2020-07-07,Los Angeles,37,10098052,140292,121026,114,121140,3588
2020-07-07,Madera,39,155013,1398,794,1,795,4
2020-07-07,Marin,41,260295,3865,2627,4,2631,17
2020-07-07,Mariposa,43,17540,38,31,0,31,1
2020-07-07,Mendocino,45,87422,123,82,0,82,0
2020-07-07,Merced,47,269075,2643,1531,1,1532,10
2020-07-07,Modoc,49,8938,1,0,0,0,0
2020-07-07,Mono,51,14174,59,42,0,42,1
2020-07-07,Monterey,53,433212,2880,2166,4,2170,17
2020-07-07,Napa,55,140530,624,459,0,459,4
2020-07-07,Nevada,57,99092,198,150,4,154,1
2020-07-07,Orange,59,3164182,29429,21741,305,22046,373
2020-07-07,Placer,61,380077,1272,930,2,932,11
2020-07-07,Plumas,63,18699,17,12,0,12,0
2020-07-07,Riverside,65,2383286,29478,23279,10,23289,499
2020-07-07,Sacramento,67,1510023,6318,4592,6,4598,76
2020-07-07,San Benito,69,59416,380,274,0,274,2
2020-07-07,San Bernardino,71,2135413,24831,16004,8,16012,277
2020-07-07,San Diego,73,3302833,22007,17580,0,17580,399
2020-07-07,San Francisco,75,870044,4788,4045,1,4046,50
2020-07-07,San Joaquin,77,732212,7743,5547,5,5552,59
2020-07-07,San Luis Obispo,79,281455,1159,795,4,799,2
2020-07-07,San Mateo,81,765935,4278,3691,4,3695,106
2020-07-07,Santa Barbara,83,443738,5009,3866,28,3894,27
2020-07-07,Santa Clara,85,1922200,7131,5438,8,5446,164
2020-07-07,Santa Cruz,87,273765,614,502,4,506,2
2020-07-07,Shasta,89,179085,268,144,1,145,6
2020-07-07,Sierra,91,2930,1,1,0,1,0
2020-07-07,Siskiyou,93,43540,53,30,0,30,0
2020-07-07,Solano,95,438530,2528,1776,9,1785,22
2020-07-07,Sonoma,97,501317,1986,1473,4,1477,8
2020-07-07,Stanislaus,99,539301,6010,4101,6,4107,46
2020-07-07,Sutter,101,95872,375,273,0,273,2
2020-07-07,Tehama,103,63373,125,95,1,96,1
2020-07-07,Trinity,105,12862,5,2,3,5,0
2020-07-07,Tulare,107,460477,6770,5189,8,5197,137
2020-07-07,Tuolumne,109,53932,75,40,1,41,0
2020-07-07,Ventura,111,848112,5475,3992,10,4002,46
2020-07-07,Yolo,113,214977,1027,706,3,709,26
2020-07-07,Yuba,115,75493,160,138,0,138,1
2020-07-06,Alameda,1,1643700,8399,6970,9,6979,141
2020-07-06,Alpine,3,1148,2,1,0,1,0
2020-07-06,Amador,5,37829,39,33,0,33,0
2020-07-06,Butte,7,227075,416,257,4,261,2
2020-07-06,Calaveras,9,45235,71,45,0,45,0
2020-07-06,Colusa,11,21464,134,80,0,80,0
2020-07-06,Contra Costa,13,1133247,5245,3901,5,3906,83
2020-07-06,Del Norte,15,27424,60,57,0,57,0
2020-07-06,El Dorado,17,186661,391,232,0,232,0
2020-07-06,Fresno,19,978130,12379,6364,70,6434,82
2020-07-06,Glenn,21,27897,198,129,0,129,0
2020-07-06,Humboldt,23,135768,188,148,1,149,3
2020-07-06,Imperial,25,180216,8741,6443,6,6449,47
2020-07-06,Inyo,27,18085,36,32,0,32,1
2020-07-06,Kern,29,883053,12654,5491,36,5527,82
2020-07-06,Kings,31,150075,3120,2583,9,2592,33
2020-07-06,Lake,33,64148,121,93,0,93,1
2020-07-06,Lassen,35,31185,261,219,2,221,0
2020-07-06,Los Angeles,37,10098052,136679,116707,100,116807,3541
2020-07-06,Madera,39,155013,1328,734,1,735,4
2020-07-06,Marin,41,260295,3626,2136,4,2140,17
2020-07-06,Mariposa,43,17540,36,31,0,31,1
2020-07-06,Mendocino,45,87422,106,72,0,72,0
2020-07-06,Merced,47,269075,2492,1396,1,1397,10
2020-07-06,Modoc,49,8938,1,0,0,0,0
2020-07-06,Mono,51,14174,58,40,0,40,1
2020-07-06,Monterey,53,433212,2792,2078,4,2082,15
2020-07-06,Napa,55,140530,606,454,0,454,4
2020-07-06,Nevada,57,99092,192,146,4,150,1
2020-07-06,Orange,59,3164182,28370,20167,267,20434,372
2020-07-06,Placer,61,380077,1213,904,2,906,11
2020-07-06,Plumas,63,18699,17,11,0,11,0
2020-07-06,Riverside,65,2383286,28428,22485,10,22495,477
2020-07-06,Sacramento,67,1510023,5966,4420,6,4426,71
2020-07-06,San Benito,69,59416,365,264,0,264,2
2020-07-06,San Bernardino,71,2135413,23976,15346,8,15354,272
2020-07-06,San Diego,73,3302833,21294,17002,0,17002,387
2020-07-06,San Francisco,75,870044,4667,3861,1,3862,50
2020-07-06,San Joaquin,77,732212,7373,5104,5,5109,57
2020-07-06,San Luis Obispo,79,281455,1102,751,4,755,2
2020-07-06,San Mateo,81,765935,4186,3650,4,3654,106
2020-07-06,Santa Barbara,83,443738,4872,3763,27,3790,27
2020-07-06,Santa Clara,85,1922200,6861,5369,8,5377,165
2020-07-06,Santa Cruz,87,273765,592,466,3,469,2
2020-07-06,Shasta,89,179085,258,143,1,144,6
2020-07-06,Sierra,91,2930,1,1,0,1,0
2020-07-06,Siskiyou,93,43540,49,30,0,30,0
2020-07-06,Solano,95,438530,2395,1668,9,1677,22
2020-07-06,Sonoma,97,501317,1922,1369,4,1373,8
2020-07-06,Stanislaus,99,539301,5610,3983,6,3989,46
2020-07-06,Sutter,101,95872,348,250,0,250,2
2020-07-06,Tehama,103,63373,122,95,1,96,1
2020-07-06,Trinity,105,12862,4,2,3,5,0
2020-07-06,Tulare,107,460477,6566,5039,6,5045,136
2020-07-06,Tuolumne,109,53932,72,30,1,31,0
2020-07-06,Ventura,111,848112,5282,3912,10,3922,44
2020-07-06,Yolo,113,214977,971,685,3,688,26
2020-07-06,Yuba,115,75493,146,124,0,124,1
2020-07-05,Alameda,1,1643700,8147,6861,9,6870,141
2020-07-05,Alpine,3,1148,2,1,0,1,0
2020-07-05,Amador,5,37829,37,31,0,31,0
2020-07-05,Butte,7,227075,381,248,4,252,2
2020-07-05,Calaveras,9,45235,69,45,0,45,0
2020-07-05,Colusa,11,21464,124,79,0,79,0
2020-07-05,Contra Costa,13,1133247,5005,3665,4,3669,80
2020-07-05,Del Norte,15,27424,60,57,0,57,0
2020-07-05,El Dorado,17,186661,373,227,0,227,0
2020-07-05,Fresno,19,978130,11814,6186,67,6253,82
2020-07-05,Glenn,21,27897,195,129,0,129,0
2020-07-05,Humboldt,23,135768,184,147,1,148,3
2020-07-05,Imperial,25,180216,8607,6441,6,6447,47
2020-07-05,Inyo,27,18085,35,32,0,32,1
2020-07-05,Kern,29,883053,11943,5351,36,5387,82
2020-07-05,Kings,31,150075,3037,2546,8,2554,31
2020-07-05,Lake,33,64148,121,92,0,92,1
2020-07-05,Lassen,35,31185,255,219,2,221,0
2020-07-05,Los Angeles,37,10098052,133459,115133,94,115227,3495
2020-07-05,Madera,39,155013,1249,564,1,565,4
2020-07-05,Marin,41,260295,3443,2080,4,2084,17
2020-07-05,Mariposa,43,17540,36,31,0,31,1
2020-07-05,Mendocino,45,87422,103,72,0,72,0
2020-07-05,Merced,47,269075,2348,1340,1,1341,10
2020-07-05,Modoc,49,8938,1,0,0,0,0
2020-07-05,Mono,51,14174,54,39,0,39,1
2020-07-05,Monterey,53,433212,2689,1994,4,1998,15
2020-07-05,Napa,55,140530,576,450,0,450,4
2020-07-05,Nevada,57,99092,186,141,4,145,1
2020-07-05,Orange,59,3164182,27428,19430,252,19682,372
2020-07-05,Placer,61,380077,1160,855,2,857,11
2020-07-05,Plumas,63,18699,16,11,0,11,0
2020-07-05,Riverside,65,2383286,27569,21511,10,21521,474
2020-07-05,Sacramento,67,1510023,5649,4265,2,4267,71
2020-07-05,San Benito,69,59416,346,258,0,258,2
2020-07-05,San Bernardino,71,2135413,23098,15026,8,15034,270
2020-07-05,San Diego,73,3302833,20606,16728,0,16728,387
2020-07-05,San Francisco,75,870044,4549,3861,1,3862,50
2020-07-05,San Joaquin,77,732212,7054,5015,5,5020,57
2020-07-05,San Luis Obispo,79,281455,1022,730,4,734,2
2020-07-05,San Mateo,81,765935,4075,3575,4,3579,106
2020-07-05,Santa Barbara,83,443738,4725,3671,24,3695,27
2020-07-05,Santa Clara,85,1922200,6572,5237,8,5245,162
2020-07-05,Santa Cruz,87,273765,574,467,1,468,2
2020-07-05,Shasta,89,179085,252,138,1,139,6
2020-07-05,Sierra,91,2930,1,1,0,1,0
2020-07-05,Siskiyou,93,43540,45,30,0,30,0
2020-07-05,Solano,95,438530,2275,1547,9,1556,22
2020-07-05,Sonoma,97,501317,1841,1369,4,1373,8
2020-07-05,Stanislaus,99,539301,5280,3777,6,3783,45
2020-07-05,Sutter,101,95872,320,241,0,241,2
2020-07-05,Tehama,103,63373,120,95,1,96,1
2020-07-05,Trinity,105,12862,4,2,3,5,0
2020-07-05,Tulare,107,460477,6307,4981,4,4985,135
2020-07-05,Tuolumne,109,53932,67,30,1,31,0
2020-07-05,Ventura,111,848112,5079,3866,10,3876,44
2020-07-05,Yolo,113,214977,931,644,3,647,26
2020-07-05,Yuba,115,75493,136,115,0,115,1
2020-07-04,Alameda,1,1643700,8035,6737,9,6746,141
2020-07-04,Alpine,3,1148,2,1,0,1,0
2020-07-04,Amador,5,37829,36,31,0,31,0
2020-07-04,Butte,7,227075,363,224,4,228,2
2020-07-04,Calaveras,9,45235,69,45,0,45,0
2020-07-04,Colusa,11,21464,123,76,0,76,0
2020-07-04,Contra Costa,13,1133247,4858,3583,4,3587,80
2020-07-04,Del Norte,15,27424,60,50,0,50,0
2020-07-04,El Dorado,17,186661,353,211,0,211,0
2020-07-04,Fresno,19,978130,11498,5999,65,6064,82
2020-07-04,Glenn,21,27897,188,128,0,128,0
2020-07-04,Humboldt,23,135768,177,144,1,145,3
2020-07-04,Imperial,25,180216,8559,6441,6,6447,47
2020-07-04,Inyo,27,18085,35,32,0,32,1
2020-07-04,Kern,29,883053,11639,5231,36,5267,81
2020-07-04,Kings,31,150075,2994,2509,8,2517,31
2020-07-04,Lake,33,64148,113,86,0,86,1
2020-07-04,Lassen,35,31185,255,219,2,221,0
2020-07-04,Los Angeles,37,10098052,131643,107256,83,107339,3462
2020-07-04,Madera,39,155013,1203,568,1,569,4
2020-07-04,Marin,41,260295,3414,1962,4,1966,17
2020-07-04,Mariposa,43,17540,36,28,0,28,1
2020-07-04,Mendocino,45,87422,103,72,0,72,0
2020-07-04,Merced,47,269075,2245,1252,1,1253,10
2020-07-04,Modoc,49,8938,1,0,0,0,0
2020-07-04,Mono,51,14174,54,37,0,37,1
2020-07-04,Monterey,53,433212,2609,1878,4,1882,15
2020-07-04,Napa,55,140530,567,426,0,426,4
2020-07-04,Nevada,57,99092,183,125,4,129,1
2020-07-04,Orange,59,3164182,26996,19247,237,19484,372
2020-07-04,Placer,61,380077,1124,796,2,798,11
2020-07-04,Plumas,63,18699,16,11,0,11,0
2020-07-04,Riverside,65,2383286,27201,21508,10,21518,474
2020-07-04,Sacramento,67,1510023,5482,4039,2,4041,71
2020-07-04,San Benito,69,59416,333,255,0,255,2
2020-07-04,San Bernardino,71,2135413,22671,14636,8,14644,270
2020-07-04,San Diego,73,3302833,20146,16166,0,16166,387
2020-07-04,San Francisco,75,870044,4458,3861,1,3862,50
2020-07-04,San Joaquin,77,732212,6841,4807,5,4812,57
2020-07-04,San Luis Obispo,79,281455,982,699,4,703,2
2020-07-04,San Mateo,81,765935,4012,3532,4,3536,106
2020-07-04,Santa Barbara,83,443738,4650,3520,22,3542,27
2020-07-04,Santa Clara,85,1922200,6381,5045,8,5053,161
2020-07-04,Santa Cruz,87,273765,564,466,1,467,2
2020-07-04,Shasta,89,179085,249,135,1,136,6
2020-07-04,Sierra,91,2930,1,1,0,1,0
2020-07-04,Siskiyou,93,43540,38,30,0,30,0
2020-07-04,Solano,95,438530,2239,1548,9,1557,22
2020-07-04,Sonoma,97,501317,1815,1370,4,1374,8
2020-07-04,Stanislaus,99,539301,5123,3572,6,3578,44
2020-07-04,Sutter,101,95872,301,225,0,225,2
2020-07-04,Tehama,103,63373,117,92,1,93,1
2020-07-04,Trinity,105,12862,4,2,3,5,0
2020-07-04,Tulare,107,460477,6195,4802,3,4805,135
2020-07-04,Tuolumne,109,53932,63,30,1,31,0
2020-07-04,Ventura,111,848112,4955,3687,10,3697,44
2020-07-04,Yolo,113,214977,906,615,3,618,26
2020-07-04,Yuba,115,75493,129,102,0,102,1
2020-07-03,Alameda,1,1643700,7914,6486,9,6495,141
2020-07-03,Alpine,3,1148,2,1,0,1,0
2020-07-03,Amador,5,37829,36,25,0,25,0
2020-07-03,Butte,7,227075,351,212,4,216,2
2020-07-03,Calaveras,9,45235,69,44,0,44,0
2020-07-03,Colusa,11,21464,117,70,0,70,0
2020-07-03,Contra Costa,13,1133247,4724,3447,4,3451,78
2020-07-03,Del Norte,15,27424,60,50,0,50,0
2020-07-03,El Dorado,17,186661,341,201,0,201,0
2020-07-03,Fresno,19,978130,11193,5783,63,5846,81
2020-07-03,Glenn,21,27897,183,122,0,122,0
2020-07-03,Humboldt,23,135768,173,143,1,144,3
2020-07-03,Imperial,25,180216,8511,6345,6,6351,47
2020-07-03,Inyo,27,18085,35,32,0,32,1
2020-07-03,Kern,29,883053,11378,5213,36,5249,81
2020-07-03,Kings,31,150075,2958,2492,8,2500,31
2020-07-03,Lake,33,64148,106,83,0,83,0
2020-07-03,Lassen,35,31185,255,219,2,221,0
2020-07-03,Los Angeles,37,10098052,130127,107236,79,107315,3461
2020-07-03,Madera,39,155013,1158,565,1,566,4
2020-07-03,Marin,41,260295,3385,1776,4,1780,17
2020-07-03,Mariposa,43,17540,36,28,0,28,1
2020-07-03,Mendocino,45,87422,102,72,0,72,0
2020-07-03,Merced,47,269075,2179,1188,1,1189,10
2020-07-03,Modoc,49,8938,1,0,0,0,0
2020-07-03,Mono,51,14174,54,37,0,37,1
2020-07-03,Monterey,53,433212,2538,1804,4,1808,15
2020-07-03,Napa,55,140530,549,388,0,388,4
2020-07-03,Nevada,57,99092,182,125,4,129,1
2020-07-03,Orange,59,3164182,26605,18819,228,19047,366
2020-07-03,Placer,61,380077,1096,745,2,747,11
2020-07-03,Plumas,63,18699,16,11,0,11,0
2020-07-03,Riverside,65,2383286,26895,21171,10,21181,472
2020-07-03,Sacramento,67,1510023,5346,3711,2,3713,71
2020-07-03,San Benito,69,59416,326,243,0,243,2
2020-07-03,San Bernardino,71,2135413,22282,14040,8,14048,269
2020-07-03,San Diego,73,3302833,19690,15698,0,15698,387
2020-07-03,San Francisco,75,870044,4411,3781,1,3782,50
2020-07-03,San Joaquin,77,732212,6703,4416,4,4420,56
2020-07-03,San Luis Obispo,79,281455,947,676,4,680,2
2020-07-03,San Mateo,81,765935,3955,3439,4,3443,106
2020-07-03,Santa Barbara,83,443738,4563,3406,21,3427,27
2020-07-03,Santa Clara,85,1922200,6270,4820,8,4828,161
2020-07-03,Santa Cruz,87,273765,551,436,1,437,2
2020-07-03,Shasta,89,179085,241,113,1,114,6
2020-07-03,Sierra,91,2930,1,1,0,1,0
2020-07-03,Siskiyou,93,43540,35,30,0,30,0
2020-07-03,Solano,95,438530,2195,1496,8,1504,22
2020-07-03,Sonoma,97,501317,1767,1282,4,1286,8
2020-07-03,Stanislaus,99,539301,4998,3021,6,3027,43
2020-07-03,Sutter,101,95872,291,205,0,205,2
2020-07-03,Tehama,103,63373,115,89,1,90,1
2020-07-03,Trinity,105,12862,4,2,3,5,0
2020-07-03,Tulare,107,460477,6081,4656,3,4659,134
2020-07-03,Tuolumne,109,53932,61,27,1,28,0
2020-07-03,Ventura,111,848112,4859,3536,10,3546,44
2020-07-03,Yolo,113,214977,872,586,3,589,25
2020-07-03,Yuba,115,75493,124,96,0,96,1
2020-07-02,Alameda,1,1643700,7788,6386,9,6395,139
2020-07-02,Alpine,3,1148,2,1,0,1,0
2020-07-02,Amador,5,37829,35,23,0,23,0
2020-07-02,Butte,7,227075,334,199,4,203,2
2020-07-02,Calaveras,9,45235,65,42,0,42,0
2020-07-02,Colusa,11,21464,109,60,0,60,0
2020-07-02,Contra Costa,13,1133247,4542,3347,4,3351,77
2020-07-02,Del Norte,15,27424,59,50,0,50,0
2020-07-02,El Dorado,17,186661,330,193,0,193,0
2020-07-02,Fresno,19,978130,10736,5402,62,5464,78
2020-07-02,Glenn,21,27897,177,114,0,114,0
2020-07-02,Humboldt,23,135768,169,138,1,139,3
2020-07-02,Imperial,25,180216,8408,6236,6,6242,47
2020-07-02,Inyo,27,18085,35,29,0,29,1
2020-07-02,Kern,29,883053,10843,5036,34,5070,78
2020-07-02,Kings,31,150075,2908,2419,8,2427,31
2020-07-02,Lake,33,64148,103,81,0,81,0
2020-07-02,Lassen,35,31185,253,218,2,220,0
2020-07-02,Los Angeles,37,10098052,128107,107144,56,107200,3458
2020-07-02,Madera,39,155013,1090,548,1,549,4
2020-07-02,Marin,41,260295,3300,1706,4,1710,17
2020-07-02,Mariposa,43,17540,35,28,0,28,1
2020-07-02,Mendocino,45,87422,98,71,0,71,0
2020-07-02,Merced,47,269075,2082,1122,1,1123,10
2020-07-02,Modoc,49,8938,1,0,0,0,0
2020-07-02,Mono,51,14174,54,37,0,37,1
2020-07-02,Monterey,53,433212,2479,1796,4,1800,15
2020-07-02,Napa,55,140530,532,352,0,352,4
2020-07-02,Nevada,57,99092,176,118,4,122,1
2020-07-02,Orange,59,3164182,25843,17056,215,17271,360
2020-07-02,Placer,61,380077,1069,740,2,742,11
2020-07-02,Plumas,63,18699,15,8,0,8,0
2020-07-02,Riverside,65,2383286,26324,20253,10,20263,458
2020-07-02,Sacramento,67,1510023,5112,3587,2,3589,70
2020-07-02,San Benito,69,59416,318,236,0,236,2
2020-07-02,San Bernardino,71,2135413,21746,13185,8,13193,260
2020-07-02,San Diego,73,3302833,19228,15208,0,15208,377
2020-07-02,San Francisco,75,870044,4316,3676,1,3677,50
2020-07-02,San Joaquin,77,732212,6355,4243,4,4247,56
2020-07-02,San Luis Obispo,79,281455,902,659,4,663,2
2020-07-02,San Mateo,81,765935,3874,3390,4,3394,107
2020-07-02,Santa Barbara,83,443738,4463,3385,19,3404,27
2020-07-02,Santa Clara,85,1922200,6144,4722,8,4730,160
2020-07-02,Santa Cruz,87,273765,528,414,1,415,2
2020-07-02,Shasta,89,179085,238,110,1,111,5
2020-07-02,Sierra,91,2930,1,1,0,1,0
2020-07-02,Siskiyou,93,43540,35,30,0,30,0
2020-07-02,Solano,95,438530,2112,1429,8,1437,21
2020-07-02,Sonoma,97,501317,1710,1244,4,1248,6
2020-07-02,Stanislaus,99,539301,4829,2850,6,2856,41
2020-07-02,Sutter,101,95872,279,195,0,195,2
2020-07-02,Tehama,103,63373,113,86,1,87,1
2020-07-02,Trinity,105,12862,4,2,3,5,0
2020-07-02,Tulare,107,460477,5915,4559,2,4561,132
2020-07-02,Tuolumne,109,53932,58,23,1,24,0
2020-07-02,Ventura,111,848112,4703,3394,10,3404,42
2020-07-02,Yolo,113,214977,840,554,3,557,24
2020-07-02,Yuba,115,75493,114,93,0,93,1
2020-07-01,Alameda,1,1643700,7567,6125,9,6134,137
2020-07-01,Alpine,3,1148,2,1,0,1,0
2020-07-01,Amador,5,37829,34,22,0,22,0
2020-07-01,Butte,7,227075,309,185,4,189,2
2020-07-01,Calaveras,9,45235,63,37,0,37,0
2020-07-01,Colusa,11,21464,103,53,0,53,0
2020-07-01,Contra Costa,13,1133247,4330,3259,4,3263,76
2020-07-01,Del Norte,15,27424,59,50,0,50,0
2020-07-01,El Dorado,17,186661,303,183,0,183,0
2020-07-01,Fresno,19,978130,10303,5111,59,5170,76
2020-07-01,Glenn,21,27897,170,110,0,110,0
2020-07-01,Humboldt,23,135768,164,134,0,134,3
2020-07-01,Imperial,25,180216,8310,6150,6,6156,46
2020-07-01,Inyo,27,18085,34,30,0,30,1
2020-07-01,Kern,29,883053,10212,4853,31,4884,78
2020-07-01,Kings,31,150075,2840,2360,8,2368,30
2020-07-01,Lake,33,64148,102,75,0,75,0
2020-07-01,Lassen,35,31185,252,217,2,219,0
2020-07-01,Los Angeles,37,10098052,124902,105325,45,105370,3408
2020-07-01,Madera,39,155013,1049,519,1,520,4
2020-07-01,Marin,41,260295,3143,1636,4,1640,17
2020-07-01,Mariposa,43,17540,35,29,0,29,1
2020-07-01,Mendocino,45,87422,94,70,0,70,0
2020-07-01,Merced,47,269075,1982,1052,1,1053,10
2020-07-01,Modoc,49,8938,1,0,0,0,0
2020-07-01,Mono,51,14174,51,37,0,37,1
2020-07-01,Monterey,53,433212,2372,1703,4,1707,15
2020-07-01,Napa,55,140530,509,347,0,347,4
2020-07-01,Nevada,57,99092,166,115,4,119,1
2020-07-01,Orange,59,3164182,24960,15662,193,15855,343
2020-07-01,Placer,61,380077,1021,713,2,715,11
2020-07-01,Plumas,63,18699,13,8,0,8,0
2020-07-01,Riverside,65,2383286,25483,19537,10,19547,457
2020-07-01,Sacramento,67,1510023,4861,3425,2,3427,64
2020-07-01,San Benito,69,59416,309,219,0,219,2
2020-07-01,San Bernardino,71,2135413,20847,12712,8,12720,253
2020-07-01,San Diego,73,3302833,18670,14624,0,14624,372
2020-07-01,San Francisco,75,870044,4223,3626,1,3627,50
2020-07-01,San Joaquin,77,732212,5996,3990,4,3994,54
2020-07-01,San Luis Obispo,79,281455,876,613,4,617,1
2020-07-01,San Mateo,81,765935,3812,3326,4,3330,84
2020-07-01,Santa Barbara,83,443738,4343,3268,18,3286,27
2020-07-01,Santa Clara,85,1922200,5957,4547,7,4554,159
2020-07-01,Santa Cruz,87,273765,507,398,0,398,2
2020-07-01,Shasta,89,179085,233,104,1,105,5
2020-07-01,Sierra,91,2930,1,1,0,1,0
2020-07-01,Siskiyou,93,43540,35,28,0,28,0
2020-07-01,Solano,95,438530,2023,1350,8,1358,21
2020-07-01,Sonoma,97,501317,1614,1178,4,1182,6
2020-07-01,Stanislaus,99,539301,4550,2619,6,2625,41
2020-07-01,Sutter,101,95872,266,188,0,188,2
2020-07-01,Tehama,103,63373,106,80,1,81,1
2020-07-01,Trinity,105,12862,4,2,2,4,0
2020-07-01,Tulare,107,460477,5737,4359,2,4361,128
2020-07-01,Tuolumne,109,53932,55,17,1,18,0
2020-07-01,Ventura,111,848112,4560,3224,8,3232,41
2020-07-01,Yolo,113,214977,790,526,3,529,24
2020-07-01,Yuba,115,75493,109,57,0,57,1
2020-06-30,Alameda,1,1643700,7318,5959,7,5966,137
2020-06-30,Alpine,3,1148,2,1,0,1,0
2020-06-30,Amador,5,37829,34,21,0,21,0
2020-06-30,Butte,7,227075,292,163,4,167,2
2020-06-30,Calaveras,9,45235,58,31,0,31,0
2020-06-30,Colusa,11,21464,94,33,0,33,0
2020-06-30,Contra Costa,13,1133247,4124,3140,4,3144,75
2020-06-30,Del Norte,15,27424,59,48,0,48,0
2020-06-30,El Dorado,17,186661,290,175,0,175,0
2020-06-30,Fresno,19,978130,9856,4826,55,4881,75
2020-06-30,Glenn,21,27897,165,96,0,96,0
2020-06-30,Humboldt,23,135768,160,132,0,132,3
2020-06-30,Imperial,25,180216,8213,5968,6,5974,45
2020-06-30,Inyo,27,18085,34,30,0,30,1
2020-06-30,Kern,29,883053,9563,4721,27,4748,75
2020-06-30,Kings,31,150075,2791,2315,5,2320,30
2020-06-30,Lake,33,64148,94,56,0,56,0
2020-06-30,Lassen,35,31185,245,215,2,217,0
2020-06-30,Los Angeles,37,10098052,121311,103640,42,103682,3378
2020-06-30,Madera,39,155013,992,475,1,476,4
2020-06-30,Marin,41,260295,3072,1614,4,1618,17
2020-06-30,Mariposa,43,17540,34,27,0,27,1
2020-06-30,Mendocino,45,87422,89,65,0,65,0
2020-06-30,Merced,47,269075,1845,970,1,971,10
2020-06-30,Modoc,49,8938,1,0,0,0,0
2020-06-30,Mono,51,14174,49,36,0,36,1
2020-06-30,Monterey,53,433212,2274,1657,4,1661,15
2020-06-30,Napa,55,140530,484,342,0,342,4
2020-06-30,Nevada,57,99092,158,113,4,117,1
2020-06-30,Orange,59,3164182,24032,14354,183,14537,335
2020-06-30,Placer,61,380077,996,667,2,669,11
2020-06-30,Plumas,63,18699,12,8,0,8,0
2020-06-30,Riverside,65,2383286,24766,18656,10,18666,449
2020-06-30,Sacramento,67,1510023,4571,3246,2,3248,64
2020-06-30,San Benito,69,59416,298,200,0,200,2
2020-06-30,San Bernardino,71,2135413,19863,12375,8,12383,249
2020-06-30,San Diego,73,3302833,17967,14150,0,14150,365
2020-06-30,San Francisco,75,870044,4118,3555,1,3556,50
2020-06-30,San Joaquin,77,732212,5622,3744,4,3748,52
2020-06-30,San Luis Obispo,79,281455,840,583,4,587,1
2020-06-30,San Mateo,81,765935,3735,3268,4,3272,84
2020-06-30,Santa Barbara,83,443738,4226,3102,18,3120,25
2020-06-30,Santa Clara,85,1922200,5757,4346,7,4353,157
2020-06-30,Santa Cruz,87,273765,483,379,0,379,2
2020-06-30,Shasta,89,179085,217,100,1,101,5
2020-06-30,Sierra,91,2930,1,1,0,1,0
2020-06-30,Siskiyou,93,43540,34,26,0,26,0
2020-06-30,Solano,95,438530,1931,1256,8,1264,21
2020-06-30,Sonoma,97,501317,1549,1122,4,1126,6
2020-06-30,Stanislaus,99,539301,4254,2578,6,2584,41
2020-06-30,Sutter,101,95872,243,168,0,168,2
2020-06-30,Tehama,103,63373,104,75,1,76,1
2020-06-30,Trinity,105,12862,4,2,2,4,0
2020-06-30,Tulare,107,460477,5530,4207,2,4209,117
2020-06-30,Tuolumne,109,53932,51,16,1,17,0
2020-06-30,Ventura,111,848112,4426,3030,8,3038,40
2020-06-30,Yolo,113,214977,752,515,3,518,24
2020-06-30,Yuba,115,75493,105,55,0,55,1
2020-06-29,Alameda,1,1643700,7108,5766,7,5773,135
2020-06-29,Alpine,3,1148,2,1,0,1,0
2020-06-29,Amador,5,37829,31,20,0,20,0
2020-06-29,Butte,7,227075,271,157,4,161,2
2020-06-29,Calaveras,9,45235,56,30,0,30,0
2020-06-29,Colusa,11,21464,89,17,0,17,0
2020-06-29,Contra Costa,13,1133247,3961,2976,3,2979,75
2020-06-29,Del Norte,15,27424,59,47,0,47,0
2020-06-29,El Dorado,17,186661,276,163,0,163,0
2020-06-29,Fresno,19,978130,9508,4531,54,4585,74
2020-06-29,Glenn,21,27897,156,77,0,77,0
2020-06-29,Humboldt,23,135768,159,128,0,128,3
2020-06-29,Imperial,25,180216,8082,5512,6,5518,45
2020-06-29,Inyo,27,18085,33,29,0,29,1
2020-06-29,Kern,29,883053,8900,4613,25,4638,73
2020-06-29,Kings,31,150075,2727,2280,5,2285,20
2020-06-29,Lake,33,64148,87,53,0,53,0
2020-06-29,Lassen,35,31185,237,77,2,79,0
2020-06-29,Los Angeles,37,10098052,118260,100846,36,100882,3337
2020-06-29,Madera,39,155013,935,422,1,423,4
2020-06-29,Marin,41,260295,2996,1517,4,1521,17
2020-06-29,Mariposa,43,17540,32,25,0,25,1
2020-06-29,Mendocino,45,87422,86,63,0,63,0
2020-06-29,Merced,47,269075,1739,848,1,849,10
2020-06-29,Modoc,49,8938,1,0,0,0,0
2020-06-29,Mono,51,14174,47,35,0,35,1
2020-06-29,Monterey,53,433212,2202,1614,4,1618,14
2020-06-29,Napa,55,140530,463,317,0,317,4
2020-06-29,Nevada,57,99092,155,107,3,110,1
2020-06-29,Orange,59,3164182,23041,13682,167,13849,324
2020-06-29,Placer,61,380077,959,628,2,630,11
2020-06-29,Plumas,63,18699,12,6,0,6,0
2020-06-29,Riverside,65,2383286,23733,17683,10,17693,432
2020-06-29,Sacramento,67,1510023,4289,2985,2,2987,62
2020-06-29,San Benito,69,59416,283,193,0,193,2
2020-06-29,San Bernardino,71,2135413,18901,11643,8,11651,245
2020-06-29,San Diego,73,3302833,17391,13834,0,13834,361
2020-06-29,San Francisco,75,870044,4041,3389,1,3390,50
2020-06-29,San Joaquin,77,732212,5264,3202,4,3206,52
2020-06-29,San Luis Obispo,79,281455,806,544,4,548,1
2020-06-29,San Mateo,81,765935,3681,3170,4,3174,84
2020-06-29,Santa Barbara,83,443738,4116,2933,17,2950,25
2020-06-29,Santa Clara,85,1922200,5585,4231,7,4238,157
2020-06-29,Santa Cruz,87,273765,465,348,0,348,2
2020-06-29,Shasta,89,179085,209,94,1,95,5
2020-06-29,Sierra,91,2930,1,1,0,1,0
2020-06-29,Siskiyou,93,43540,34,25,0,25,0
2020-06-29,Solano,95,438530,1829,1077,8,1085,21
2020-06-29,Sonoma,97,501317,1477,1103,4,1107,5
2020-06-29,Stanislaus,99,539301,4048,2400,5,2405,36
2020-06-29,Sutter,101,95872,221,152,0,152,2
2020-06-29,Tehama,103,63373,100,63,1,64,1
2020-06-29,Trinity,105,12862,4,2,2,4,0
2020-06-29,Tulare,107,460477,5376,3906,2,3908,117
2020-06-29,Tuolumne,109,53932,47,16,1,17,0
2020-06-29,Ventura,111,848112,4279,2794,8,2802,40
2020-06-29,Yolo,113,214977,719,483,3,486,24
2020-06-29,Yuba,115,75493,92,55,0,55,1
2020-06-28,Alameda,1,1643700,6849,5698,7,5705,135
2020-06-28,Alpine,3,1148,2,1,0,1,0
2020-06-28,Amador,5,37829,29,20,0,20,0
2020-06-28,Butte,7,227075,252,150,4,154,2
2020-06-28,Calaveras,9,45235,51,30,0,30,0
2020-06-28,Colusa,11,21464,74,17,0,17,0
2020-06-28,Contra Costa,13,1133247,3771,2803,3,2806,73
2020-06-28,Del Norte,15,27424,58,47,0,47,0
2020-06-28,El Dorado,17,186661,264,162,0,162,0
2020-06-28,Fresno,19,978130,9147,4365,54,4419,74
2020-06-28,Glenn,21,27897,148,77,0,77,0
2020-06-28,Humboldt,23,135768,156,127,0,127,3
2020-06-28,Imperial,25,180216,7893,5513,6,5519,45
2020-06-28,Inyo,27,18085,33,29,0,29,1
2020-06-28,Kern,29,883053,8347,4541,23,4564,72
2020-06-28,Kings,31,150075,2668,2234,5,2239,18
2020-06-28,Lake,33,64148,83,53,0,53,0
2020-06-28,Lassen,35,31185,237,77,2,79,0
2020-06-28,Los Angeles,37,10098052,115056,98003,32,98035,3316
2020-06-28,Madera,39,155013,888,424,1,425,4
2020-06-28,Marin,41,260295,2650,1473,4,1477,17
2020-06-28,Mariposa,43,17540,32,24,0,24,1
2020-06-28,Mendocino,45,87422,84,63,0,63,0
2020-06-28,Merced,47,269075,1626,814,1,815,10
2020-06-28,Modoc,49,8938,1,0,0,0,0
2020-06-28,Mono,51,14174,47,35,0,35,1
2020-06-28,Monterey,53,433212,2120,1560,4,1564,13
2020-06-28,Napa,55,140530,429,307,0,307,4
2020-06-28,Nevada,57,99092,144,102,3,105,1
2020-06-28,Orange,59,3164182,22066,13213,149,13362,324
2020-06-28,Placer,61,380077,919,618,2,620,11
2020-06-28,Plumas,63,18699,11,6,0,6,0
2020-06-28,Riverside,65,2383286,22906,16848,9,16857,432
2020-06-28,Sacramento,67,1510023,4061,2803,2,2805,63
2020-06-28,San Benito,69,59416,272,190,0,190,2
2020-06-28,San Bernardino,71,2135413,18147,11344,7,11351,245
2020-06-28,San Diego,73,3302833,16846,13333,0,13333,361
2020-06-28,San Francisco,75,870044,3962,3388,1,3389,50
2020-06-28,San Joaquin,77,732212,4929,3201,4,3205,52
2020-06-28,San Luis Obispo,79,281455,767,531,4,535,1
2020-06-28,San Mateo,81,765935,3603,3124,4,3128,84
2020-06-28,Santa Barbara,83,443738,3971,2872,17,2889,25
2020-06-28,Santa Clara,85,1922200,5425,4131,7,4138,156
2020-06-28,Santa Cruz,87,273765,442,349,0,349,2
2020-06-28,Shasta,89,179085,196,89,0,89,5
2020-06-28,Sierra,91,2930,1,1,0,1,0
2020-06-28,Siskiyou,93,43540,34,25,0,25,0
2020-06-28,Solano,95,438530,1754,1077,8,1085,21
2020-06-28,Sonoma,97,501317,1423,1084,4,1088,5
2020-06-28,Stanislaus,99,539301,3842,2376,5,2381,36
2020-06-28,Sutter,101,95872,195,145,0,145,2
2020-06-28,Tehama,103,63373,93,63,1,64,1
2020-06-28,Trinity,105,12862,4,2,2,4,0
2020-06-28,Tulare,107,460477,5211,3812,2,3814,117
2020-06-28,Tuolumne,109,53932,42,14,1,15,0
2020-06-28,Ventura,111,848112,4121,2650,8,2658,40
2020-06-28,Yolo,113,214977,684,468,3,471,24
2020-06-28,Yuba,115,75493,88,39,0,39,1
2020-06-27,Alameda,1,1643700,6754,5581,7,5588,135
2020-06-27,Alpine,3,1148,2,1,0,1,0
2020-06-27,Amador,5,37829,27,20,0,20,0
2020-06-27,Butte,7,227075,244,137,4,141,2
2020-06-27,Calaveras,9,45235,49,30,0,30,0
2020-06-27,Colusa,11,21464,68,17,0,17,0
2020-06-27,Contra Costa,13,1133247,3676,2717,2,2719,72
2020-06-27,Del Norte,15,27424,58,47,0,47,0
2020-06-27,El Dorado,17,186661,258,159,0,159,0
2020-06-27,Fresno,19,978130,8901,4238,54,4292,74
2020-06-27,Glenn,21,27897,144,77,0,77,0
2020-06-27,Humboldt,23,135768,154,127,0,127,3
2020-06-27,Imperial,25,180216,7831,5513,6,5519,45
2020-06-27,Inyo,27,18085,33,29,0,29,1
2020-06-27,Kern,29,883053,8085,4411,22,4433,70
2020-06-27,Kings,31,150075,2642,2187,5,2192,18
2020-06-27,Lake,33,64148,80,42,0,42,0
2020-06-27,Lassen,35,31185,237,33,2,35,0
2020-06-27,Los Angeles,37,10098052,113315,95341,29,95370,3291
2020-06-27,Madera,39,155013,845,427,0,427,4
2020-06-27,Marin,41,260295,2605,1423,4,1427,17
2020-06-27,Mariposa,43,17540,31,22,0,22,1
2020-06-27,Mendocino,45,87422,84,63,0,63,0
2020-06-27,Merced,47,269075,1568,807,0,807,10
2020-06-27,Modoc,49,8938,1,0,0,0,0
2020-06-27,Mono,51,14174,46,35,0,35,1
2020-06-27,Monterey,53,433212,2056,1455,4,1459,12
2020-06-27,Napa,55,140530,419,282,0,282,3
2020-06-27,Nevada,57,99092,140,102,2,104,1
2020-06-27,Orange,59,3164182,21558,12951,144,13095,320
2020-06-27,Placer,61,380077,898,584,2,586,10
2020-06-27,Plumas,63,18699,11,6,0,6,0
2020-06-27,Riverside,65,2383286,22517,16209,9,16218,432
2020-06-27,Sacramento,67,1510023,3943,2685,2,2687,63
2020-06-27,San Benito,69,59416,265,182,0,182,2
2020-06-27,San Bernardino,71,2135413,17769,11238,7,11245,243
2020-06-27,San Diego,73,3302833,16481,12836,0,12836,360
2020-06-27,San Francisco,75,870044,3907,3332,1,3333,49
2020-06-27,San Joaquin,77,732212,4764,2995,4,2999,52
2020-06-27,San Luis Obispo,79,281455,743,505,4,509,1
2020-06-27,San Mateo,81,765935,3546,3083,4,3087,83
2020-06-27,Santa Barbara,83,443738,3899,2799,17,2816,25
2020-06-27,Santa Clara,85,1922200,5320,4006,7,4013,157
2020-06-27,Santa Cruz,87,273765,435,347,0,347,2
2020-06-27,Shasta,89,179085,191,87,0,87,5
2020-06-27,Sierra,91,2930,1,1,0,1,0
2020-06-27,Siskiyou,93,43540,34,25,0,25,0
2020-06-27,Solano,95,438530,1721,1076,8,1084,21
2020-06-27,Sonoma,97,501317,1392,1004,4,1008,5
2020-06-27,Stanislaus,99,539301,3743,2164,5,2169,36
2020-06-27,Sutter,101,95872,188,141,0,141,2
2020-06-27,Tehama,103,63373,90,63,1,64,1
2020-06-27,Trinity,105,12862,4,2,2,4,0
2020-06-27,Tulare,107,460477,5115,3810,2,3812,117
2020-06-27,Tuolumne,109,53932,41,13,1,14,0
2020-06-27,Ventura,111,848112,4022,2471,8,2479,40
2020-06-27,Yolo,113,214977,659,432,3,435,24
2020-06-27,Yuba,115,75493,80,39,0,39,1
2020-06-26,Alameda,1,1643700,6668,5502,6,5508,132
2020-06-26,Alpine,3,1148,2,1,0,1,0
2020-06-26,Amador,5,37829,26,20,0,20,0
2020-06-26,Butte,7,227075,230,135,4,139,2
2020-06-26,Calaveras,9,45235,47,30,0,30,0
2020-06-26,Colusa,11,21464,63,17,0,17,0
2020-06-26,Contra Costa,13,1133247,3563,2676,2,2678,72
2020-06-26,Del Norte,15,27424,57,47,0,47,0
2020-06-26,El Dorado,17,186661,250,159,0,159,0
2020-06-26,Fresno,19,978130,8675,4166,54,4220,74
2020-06-26,Glenn,21,27897,137,71,0,71,0
2020-06-26,Humboldt,23,135768,152,126,0,126,3
2020-06-26,Imperial,25,180216,7767,5400,6,5406,44
2020-06-26,Inyo,27,18085,32,29,0,29,1
2020-06-26,Kern,29,883053,7753,4366,22,4388,70
2020-06-26,Kings,31,150075,2610,2176,4,2180,18
2020-06-26,Lake,33,64148,79,42,0,42,0
2020-06-26,Lassen,35,31185,236,30,2,32,0
2020-06-26,Los Angeles,37,10098052,111150,93328,29,93357,3275
2020-06-26,Madera,39,155013,813,409,0,409,4
2020-06-26,Marin,41,260295,2569,1406,4,1410,17
2020-06-26,Mariposa,43,17540,30,21,0,21,1
2020-06-26,Mendocino,45,87422,81,63,0,63,0
2020-06-26,Merced,47,269075,1522,797,0,797,10
2020-06-26,Modoc,49,8938,1,0,0,0,0
2020-06-26,Mono,51,14174,45,35,0,35,1
2020-06-26,Monterey,53,433212,2004,1449,4,1453,12
2020-06-26,Napa,55,140530,409,277,0,277,3
2020-06-26,Nevada,57,99092,136,101,1,102,1
2020-06-26,Orange,59,3164182,20882,12659,141,12800,320
2020-06-26,Placer,61,380077,870,584,2,586,10
2020-06-26,Plumas,63,18699,11,6,0,6,0
2020-06-26,Riverside,65,2383286,22055,15858,9,15867,430
2020-06-26,Sacramento,67,1510023,3779,2687,2,2689,63
2020-06-26,San Benito,69,59416,261,176,0,176,2
2020-06-26,San Bernardino,71,2135413,17392,11111,7,11118,243
2020-06-26,San Diego,73,3302833,16116,12402,0,12402,358
2020-06-26,San Francisco,75,870044,3851,3330,1,3331,49
2020-06-26,San Joaquin,77,732212,4550,2943,4,2947,52
2020-06-26,San Luis Obispo,79,281455,728,498,4,502,1
2020-06-26,San Mateo,81,765935,3494,3055,4,3059,83
2020-06-26,Santa Barbara,83,443738,3809,2784,15,2799,25
2020-06-26,Santa Clara,85,1922200,5219,3968,7,3975,156
2020-06-26,Santa Cruz,87,273765,428,344,0,344,2
2020-06-26,Shasta,89,179085,184,86,0,86,5
2020-06-26,Sierra,91,2930,1,1,0,1,0
2020-06-26,Siskiyou,93,43540,33,24,0,24,0
2020-06-26,Solano,95,438530,1679,1068,8,1076,21
2020-06-26,Sonoma,97,501317,1360,977,4,981,5
2020-06-26,Stanislaus,99,539301,3630,2157,5,2162,36
2020-06-26,Sutter,101,95872,181,138,0,138,2
2020-06-26,Tehama,103,63373,87,63,1,64,1
2020-06-26,Trinity,105,12862,4,2,2,4,0
2020-06-26,Tulare,107,460477,5026,3720,2,3722,117
2020-06-26,Tuolumne,109,53932,39,10,1,11,0
2020-06-26,Ventura,111,848112,3936,2444,8,2452,40
2020-06-26,Yolo,113,214977,635,418,3,421,24
2020-06-26,Yuba,115,75493,74,38,0,38,1
2020-06-25,Alameda,1,1643700,6477,5398,6,5404,130
2020-06-25,Alpine,3,1148,2,1,0,1,0
2020-06-25,Amador,5,37829,25,18,0,18,0
2020-06-25,Butte,7,227075,226,127,4,131,1
2020-06-25,Calaveras,9,45235,42,26,0,26,0
2020-06-25,Colusa,11,21464,53,14,0,14,0
2020-06-25,Contra Costa,13,1133247,3379,2591,2,2593,71
2020-06-25,Del Norte,15,27424,55,47,0,47,0
2020-06-25,El Dorado,17,186661,242,150,0,150,0
2020-06-25,Fresno,19,978130,8362,3938,53,3991,71
2020-06-25,Glenn,21,27897,132,59,0,59,0
2020-06-25,Humboldt,23,135768,151,121,0,121,3
2020-06-25,Imperial,25,180216,7638,5192,6,5198,44
2020-06-25,Inyo,27,18085,29,27,0,27,1
2020-06-25,Kern,29,883053,7328,4236,19,4255,69
2020-06-25,Kings,31,150075,2558,2110,4,2114,17
2020-06-25,Lake,33,64148,78,42,0,42,0
2020-06-25,Lassen,35,31185,230,13,2,15,0
2020-06-25,Los Angeles,37,10098052,108385,91524,29,91553,3239
2020-06-25,Madera,39,155013,769,380,0,380,4
2020-06-25,Marin,41,260295,2467,1321,4,1325,17
2020-06-25,Mariposa,43,17540,29,20,0,20,1
2020-06-25,Mendocino,45,87422,78,61,0,61,0
2020-06-25,Merced,47,269075,1435,747,0,747,10
2020-06-25,Modoc,49,8938,1,0,0,0,0
2020-06-25,Mono,51,14174,44,35,0,35,1
2020-06-25,Monterey,53,433212,1916,1426,3,1429,12
2020-06-25,Napa,55,140530,391,260,0,260,3
2020-06-25,Nevada,57,99092,128,92,1,93,1
2020-06-25,Orange,59,3164182,19960,12221,139,12360,311
2020-06-25,Placer,61,380077,819,574,2,576,10
2020-06-25,Plumas,63,18699,10,6,0,6,0
2020-06-25,Riverside,65,2383286,21301,15224,9,15233,427
2020-06-25,Sacramento,67,1510023,3558,2519,2,2521,62
2020-06-25,San Benito,69,59416,253,174,0,174,2
2020-06-25,San Bernardino,71,2135413,16640,10590,7,10597,242
2020-06-25,San Diego,73,3302833,15577,11963,0,11963,352
2020-06-25,San Francisco,75,870044,3786,3252,1,3253,48
2020-06-25,San Joaquin,77,732212,4278,2803,4,2807,50
2020-06-25,San Luis Obispo,79,281455,696,473,4,477,1
2020-06-25,San Mateo,81,765935,3426,2996,4,3000,82
2020-06-25,Santa Barbara,83,443738,3703,2622,14,2636,25
2020-06-25,Santa Clara,85,1922200,5071,3871,7,3878,156
2020-06-25,Santa Cruz,87,273765,416,335,0,335,2
2020-06-25,Shasta,89,179085,174,84,0,84,5
2020-06-25,Sierra,91,2930,1,1,0,1,0
2020-06-25,Siskiyou,93,43540,32,24,0,24,0
2020-06-25,Solano,95,438530,1626,1034,8,1042,21
2020-06-25,Sonoma,97,501317,1313,953,3,956,5
2020-06-25,Stanislaus,99,539301,3418,2130,5,2135,36
2020-06-25,Sutter,101,95872,169,126,0,126,2
2020-06-25,Tehama,103,63373,83,59,1,60,1
2020-06-25,Trinity,105,12862,4,2,2,4,0
2020-06-25,Tulare,107,460477,4896,3656,2,3658,117
2020-06-25,Tuolumne,109,53932,38,10,1,11,0
2020-06-25,Ventura,111,848112,3754,2346,7,2353,40
2020-06-25,Yolo,113,214977,605,397,3,400,24
2020-06-25,Yuba,115,75493,63,38,0,38,1
2020-06-24,Alameda,1,1643700,6316,5242,6,5248,123
2020-06-24,Alpine,3,1148,2,1,0,1,0
2020-06-24,Amador,5,37829,23,16,0,16,0
2020-06-24,Butte,7,227075,210,119,4,123,1
2020-06-24,Calaveras,9,45235,40,26,0,26,0
2020-06-24,Colusa,11,21464,44,11,0,11,0
2020-06-24,Contra Costa,13,1133247,3225,2520,2,2522,66
2020-06-24,Del Norte,15,27424,49,47,0,47,0
2020-06-24,El Dorado,17,186661,226,149,0,149,0
2020-06-24,Fresno,19,978130,8031,3765,53,3818,71
2020-06-24,Glenn,21,27897,124,54,0,54,0
2020-06-24,Humboldt,23,135768,151,117,0,117,3
2020-06-24,Imperial,25,180216,7520,5138,6,5144,38
2020-06-24,Inyo,27,18085,29,28,0,28,1
2020-06-24,Kern,29,883053,6935,4155,17,4172,67
2020-06-24,Kings,31,150075,2496,2063,4,2067,16
2020-06-24,Lake,33,64148,65,40,0,40,0
2020-06-24,Lassen,35,31185,229,9,2,11,0
2020-06-24,Los Angeles,37,10098052,105627,89566,29,89595,3186
2020-06-24,Madera,39,155013,748,373,0,373,4
2020-06-24,Marin,41,260295,2239,1261,4,1265,17
2020-06-24,Mariposa,43,17540,28,19,0,19,1
2020-06-24,Mendocino,45,87422,78,60,0,60,0
2020-06-24,Merced,47,269075,1349,696,0,696,8
2020-06-24,Modoc,49,8938,1,0,0,0,0
2020-06-24,Mono,51,14174,42,35,0,35,1
2020-06-24,Monterey,53,433212,1839,1407,3,1410,12
2020-06-24,Napa,55,140530,373,258,0,258,3
2020-06-24,Nevada,57,99092,122,92,1,93,1
2020-06-24,Orange,59,3164182,18967,11804,120,11924,303
2020-06-24,Placer,61,380077,780,548,2,550,10
2020-06-24,Plumas,63,18699,10,6,0,6,0
2020-06-24,Riverside,65,2383286,20455,14946,9,14955,410
2020-06-24,Sacramento,67,1510023,3354,2446,2,2448,62
2020-06-24,San Benito,69,59416,249,171,0,171,2
2020-06-24,San Bernardino,71,2135413,15828,10211,6,10217,239
2020-06-24,San Diego,73,3302833,15077,11628,0,11628,347
2020-06-24,San Francisco,75,870044,3723,3216,1,3217,48
2020-06-24,San Joaquin,77,732212,4056,2680,4,2684,49
2020-06-24,San Luis Obispo,79,281455,665,461,3,464,1
2020-06-24,San Mateo,81,765935,3369,2964,4,2968,82
2020-06-24,Santa Barbara,83,443738,3583,2569,12,2581,22
2020-06-24,Santa Clara,85,1922200,4941,3812,7,3819,155
2020-06-24,Santa Cruz,87,273765,404,329,0,329,2
2020-06-24,Shasta,89,179085,166,83,0,83,5
2020-06-24,Sierra,91,2930,1,1,0,1,0
2020-06-24,Siskiyou,93,43540,31,24,0,24,0
2020-06-24,Solano,95,438530,1536,979,7,986,21
2020-06-24,Sonoma,97,501317,1264,933,3,936,4
2020-06-24,Stanislaus,99,539301,3240,2039,5,2044,36
2020-06-24,Sutter,101,95872,156,118,0,118,2
2020-06-24,Tehama,103,63373,81,55,1,56,1
2020-06-24,Trinity,105,12862,4,2,2,4,0
2020-06-24,Tulare,107,460477,4743,3541,2,3543,116
2020-06-24,Tuolumne,109,53932,33,9,1,10,0
2020-06-24,Ventura,111,848112,3413,2314,7,2321,42
2020-06-24,Yolo,113,214977,570,376,3,379,24
2020-06-24,Yuba,115,75493,57,37,0,37,1
2020-06-23,Alameda,1,1643700,6135,5159,6,5165,121
2020-06-23,Alpine,3,1148,2,1,0,1,0
2020-06-23,Amador,5,37829,22,13,0,13,0
2020-06-23,Butte,7,227075,192,111,4,115,1
2020-06-23,Calaveras,9,45235,40,26,0,26,0
2020-06-23,Colusa,11,21464,40,7,0,7,0
2020-06-23,Contra Costa,13,1133247,3098,2453,2,2455,60
2020-06-23,Del Norte,15,27424,48,46,0,46,0
2020-06-23,El Dorado,17,186661,217,142,0,142,0
2020-06-23,Fresno,19,978130,7383,3569,51,3620,67
2020-06-23,Glenn,21,27897,120,47,0,47,0
2020-06-23,Humboldt,23,135768,151,110,0,110,3
2020-06-23,Imperial,25,180216,7357,5025,6,5031,38
2020-06-23,Inyo,27,18085,29,26,0,26,1
2020-06-23,Kern,29,883053,6569,4087,14,4101,64
2020-06-23,Kings,31,150075,2431,1727,4,1731,16
2020-06-23,Lake,33,64148,59,40,0,40,0
2020-06-23,Lassen,35,31185,225,9,2,11,0
2020-06-23,Los Angeles,37,10098052,102692,88433,27,88460,3152
2020-06-23,Madera,39,155013,709,369,0,369,4
2020-06-23,Marin,41,260295,1971,1139,4,1143,17
2020-06-23,Mariposa,43,17540,26,18,0,18,1
2020-06-23,Mendocino,45,87422,77,61,0,61,0
2020-06-23,Merced,47,269075,1252,656,0,656,8
2020-06-23,Modoc,49,8938,1,0,0,0,0
2020-06-23,Mono,51,14174,42,35,0,35,1
2020-06-23,Monterey,53,433212,1769,1346,3,1349,12
2020-06-23,Napa,55,140530,358,230,0,230,3
2020-06-23,Nevada,57,99092,116,81,1,82,1
2020-06-23,Orange,59,3164182,17997,11071,117,11188,278
2020-06-23,Placer,61,380077,753,525,2,527,10
2020-06-23,Plumas,63,18699,9,6,0,6,0
2020-06-23,Riverside,65,2383286,19436,14469,9,14478,406
2020-06-23,Sacramento,67,1510023,3177,2374,2,2376,62
2020-06-23,San Benito,69,59416,235,167,0,167,2
2020-06-23,San Bernardino,71,2135413,15044,9771,6,9777,229
2020-06-23,San Diego,73,3302833,14557,11296,0,11296,341
2020-06-23,San Francisco,75,870044,3650,3177,1,3178,48
2020-06-23,San Joaquin,77,732212,3797,2502,4,2506,48
2020-06-23,San Luis Obispo,79,281455,635,445,3,448,1
2020-06-23,San Mateo,81,765935,3303,2907,4,2911,81
2020-06-23,Santa Barbara,83,443738,3487,2498,12,2510,22
2020-06-23,Santa Clara,85,1922200,4795,3700,7,3707,155
2020-06-23,Santa Cruz,87,273765,394,313,0,313,2
2020-06-23,Shasta,89,179085,157,81,0,81,5
2020-06-23,Sierra,91,2930,1,1,0,1,0
2020-06-23,Siskiyou,93,43540,29,24,0,24,0
2020-06-23,Solano,95,438530,1479,941,6,947,21
2020-06-23,Sonoma,97,501317,1211,912,3,915,4
2020-06-23,Stanislaus,99,539301,3065,1850,5,1855,35
2020-06-23,Sutter,101,95872,146,112,0,112,2
2020-06-23,Tehama,103,63373,79,50,1,51,1
2020-06-23,Trinity,105,12862,4,2,2,4,0
2020-06-23,Tulare,107,460477,4621,3456,2,3458,111
2020-06-23,Tuolumne,109,53932,28,9,1,10,0
2020-06-23,Ventura,111,848112,3253,2209,6,2215,40
2020-06-23,Yolo,113,214977,544,350,0,350,24
2020-06-23,Yuba,115,75493,54,35,0,35,1
2020-06-22,Alameda,1,1643700,5984,4944,6,4950,121
2020-06-22,Alpine,3,1148,2,1,0,1,0
2020-06-22,Amador,5,37829,19,12,0,12,0
2020-06-22,Butte,7,227075,173,104,4,108,1
2020-06-22,Calaveras,9,45235,38,20,0,20,0
2020-06-22,Colusa,11,21464,37,7,0,7,0
2020-06-22,Contra Costa,13,1133247,2956,2363,2,2365,60
2020-06-22,Del Norte,15,27424,48,46,0,46,0
2020-06-22,El Dorado,17,186661,208,137,0,137,0
2020-06-22,Fresno,19,978130,6851,3425,51,3476,67
2020-06-22,Glenn,21,27897,111,40,0,40,0
2020-06-22,Humboldt,23,135768,148,110,0,110,3
2020-06-22,Imperial,25,180216,7201,4700,6,4706,38
2020-06-22,Inyo,27,18085,29,26,0,26,1
2020-06-22,Kern,29,883053,6217,3982,12,3994,60
2020-06-22,Kings,31,150075,2383,1513,4,1517,13
2020-06-22,Lake,33,64148,53,37,0,37,0
2020-06-22,Lassen,35,31185,115,7,2,9,0
2020-06-22,Los Angeles,37,10098052,99796,85925,26,85951,3117
2020-06-22,Madera,39,155013,684,333,0,333,4
2020-06-22,Marin,41,260295,1715,1029,4,1033,17
2020-06-22,Mariposa,43,17540,25,18,0,18,1
2020-06-22,Mendocino,45,87422,72,48,0,48,0
2020-06-22,Merced,47,269075,1163,619,0,619,8
2020-06-22,Modoc,49,8938,1,0,0,0,0
2020-06-22,Mono,51,14174,42,34,0,34,1
2020-06-22,Monterey,53,433212,1708,1293,3,1296,12
2020-06-22,Napa,55,140530,334,222,0,222,3
2020-06-22,Nevada,57,99092,111,79,1,80,1
2020-06-22,Orange,59,3164182,17068,10711,115,10826,275
2020-06-22,Placer,61,380077,727,512,2,514,9
2020-06-22,Plumas,63,18699,7,6,0,6,0
2020-06-22,Riverside,65,2383286,18463,13948,9,13957,403
2020-06-22,Sacramento,67,1510023,2963,2243,2,2245,62
2020-06-22,San Benito,69,59416,226,164,0,164,2
2020-06-22,San Bernardino,71,2135413,14268,9133,6,9139,229
2020-06-22,San Diego,73,3302833,14066,11098,0,11098,338
2020-06-22,San Francisco,75,870044,3557,3000,1,3001,47
2020-06-22,San Joaquin,77,732212,3550,2332,4,2336,48
2020-06-22,San Luis Obispo,79,281455,603,422,3,425,1
2020-06-22,San Mateo,81,765935,3231,2813,4,2817,81
2020-06-22,Santa Barbara,83,443738,3395,2447,12,2459,21
2020-06-22,Santa Clara,85,1922200,4635,3580,7,3587,155
2020-06-22,Santa Cruz,87,273765,381,290,0,290,3
2020-06-22,Shasta,89,179085,154,77,0,77,5
2020-06-22,Sierra,91,2930,1,1,0,1,0
2020-06-22,Siskiyou,93,43540,29,23,0,23,0
2020-06-22,Solano,95,438530,1401,784,5,789,21
2020-06-22,Sonoma,97,501317,1166,860,1,861,4
2020-06-22,Stanislaus,99,539301,2880,1784,5,1789,35
2020-06-22,Sutter,101,95872,137,100,0,100,2
2020-06-22,Tehama,103,63373,75,38,1,39,1
2020-06-22,Trinity,105,12862,4,2,2,4,0
2020-06-22,Tulare,107,460477,4484,3185,2,3187,111
2020-06-22,Tuolumne,109,53932,19,8,1,9,0
2020-06-22,Ventura,111,848112,3104,2065,6,2071,39
2020-06-22,Yolo,113,214977,518,333,0,333,24
2020-06-22,Yuba,115,75493,49,36,0,36,1
2020-06-21,Alameda,1,1643700,5790,4835,6,4841,121
2020-06-21,Alpine,3,1148,2,1,0,1,0
2020-06-21,Amador,5,37829,14,12,0,12,0
2020-06-21,Butte,7,227075,159,97,4,101,1
2020-06-21,Calaveras,9,45235,38,20,0,20,0
2020-06-21,Colusa,11,21464,29,7,0,7,0
2020-06-21,Contra Costa,13,1133247,2830,2282,2,2284,60
2020-06-21,Del Norte,15,27424,47,46,0,46,0
2020-06-21,El Dorado,17,186661,199,132,0,132,0
2020-06-21,Fresno,19,978130,6281,3296,50,3346,67
2020-06-21,Glenn,21,27897,102,40,0,40,0
2020-06-21,Humboldt,23,135768,143,108,0,108,3
2020-06-21,Imperial,25,180216,7017,4701,6,4707,38
2020-06-21,Inyo,27,18085,27,26,0,26,1
2020-06-21,Kern,29,883053,5926,3918,11,3929,60
2020-06-21,Kings,31,150075,2320,1334,4,1338,11
2020-06-21,Lake,33,64148,48,36,0,36,0
2020-06-21,Lassen,35,31185,22,7,2,9,0
2020-06-21,Los Angeles,37,10098052,96919,83383,26,83409,3101
2020-06-21,Madera,39,155013,650,319,0,319,4
2020-06-21,Marin,41,260295,1558,907,4,911,17
2020-06-21,Mariposa,43,17540,22,18,0,18,1
2020-06-21,Mendocino,45,87422,69,48,0,48,0
2020-06-21,Merced,47,269075,1068,577,0,577,8
2020-06-21,Modoc,49,8938,1,0,0,0,0
2020-06-21,Mono,51,14174,42,34,0,34,1
2020-06-21,Monterey,53,433212,1635,1227,3,1230,12
2020-06-21,Napa,55,140530,319,218,0,218,3
2020-06-21,Nevada,57,99092,108,79,1,80,1
2020-06-21,Orange,59,3164182,16231,10563,111,10674,275
2020-06-21,Placer,61,380077,689,498,2,500,9
2020-06-21,Plumas,63,18699,7,6,0,6,0
2020-06-21,Riverside,65,2383286,17758,13528,8,13536,402
2020-06-21,Sacramento,67,1510023,2763,2156,2,2158,62
2020-06-21,San Benito,69,59416,212,151,0,151,2
2020-06-21,San Bernardino,71,2135413,13492,8925,5,8930,229
2020-06-21,San Diego,73,3302833,13521,10796,0,10796,338
2020-06-21,San Francisco,75,870044,3451,3000,1,3001,47
2020-06-21,San Joaquin,77,732212,3314,2188,4,2192,48
2020-06-21,San Luis Obispo,79,281455,578,418,3,421,1
2020-06-21,San Mateo,81,765935,3173,2781,4,2785,81
2020-06-21,Santa Barbara,83,443738,3288,2430,11,2441,21
2020-06-21,Santa Clara,85,1922200,4497,3514,7,3521,154
2020-06-21,Santa Cruz,87,273765,371,290,0,290,3
2020-06-21,Shasta,89,179085,144,75,0,75,5
2020-06-21,Sierra,91,2930,1,1,0,1,0
2020-06-21,Siskiyou,93,43540,29,23,0,23,0
2020-06-21,Solano,95,438530,1301,783,4,787,21
2020-06-21,Sonoma,97,501317,1116,836,1,837,4
2020-06-21,Stanislaus,99,539301,2693,1688,5,1693,35
2020-06-21,Sutter,101,95872,129,96,0,96,2
2020-06-21,Tehama,103,63373,64,35,1,36,1
2020-06-21,Trinity,105,12862,4,2,2,4,0
2020-06-21,Tulare,107,460477,4316,3173,2,3175,111
2020-06-21,Tuolumne,109,53932,17,8,1,9,0
2020-06-21,Ventura,111,848112,2926,2021,6,2027,39
2020-06-21,Yolo,113,214977,486,323,0,323,24
2020-06-21,Yuba,115,75493,45,35,0,35,1
2020-06-20,Alameda,1,1643700,5728,4758,6,4764,119
2020-06-20,Alpine,3,1148,2,1,0,1,0
2020-06-20,Amador,5,37829,14,12,0,12,0
2020-06-20,Butte,7,227075,152,94,4,98,1
2020-06-20,Calaveras,9,45235,38,20,0,20,0
2020-06-20,Colusa,11,21464,26,7,0,7,0
2020-06-20,Contra Costa,13,1133247,2772,2231,2,2233,54
2020-06-20,Del Norte,15,27424,47,46,0,46,0
2020-06-20,El Dorado,17,186661,194,130,0,130,0
2020-06-20,Fresno,19,978130,6156,3222,48,3270,67
2020-06-20,Glenn,21,27897,97,40,0,40,0
2020-06-20,Humboldt,23,135768,143,108,0,108,3
2020-06-20,Imperial,25,180216,6936,4616,6,4622,37
2020-06-20,Inyo,27,18085,27,26,0,26,1
2020-06-20,Kern,29,883053,5762,3836,11,3847,59
2020-06-20,Kings,31,150075,2296,1331,4,1335,9
2020-06-20,Lake,33,64148,48,37,0,37,0
2020-06-20,Lassen,35,31185,21,7,2,9,0
2020-06-20,Los Angeles,37,10098052,95346,81604,25,81629,3093
2020-06-20,Madera,39,155013,617,321,0,321,4
2020-06-20,Marin,41,260295,1538,879,4,883,17
2020-06-20,Mariposa,43,17540,22,18,0,18,1
2020-06-20,Mendocino,45,87422,68,48,0,48,0
2020-06-20,Merced,47,269075,1028,566,0,566,8
2020-06-20,Modoc,49,8938,1,0,0,0,0
2020-06-20,Mono,51,14174,42,34,0,34,1
2020-06-20,Monterey,53,433212,1599,1181,3,1184,12
2020-06-20,Napa,55,140530,310,212,0,212,3
2020-06-20,Nevada,57,99092,105,73,1,74,1
2020-06-20,Orange,59,3164182,15884,10284,107,10391,273
2020-06-20,Placer,61,380077,665,483,2,485,9
2020-06-20,Plumas,63,18699,6,6,0,6,0
2020-06-20,Riverside,65,2383286,17459,13021,8,13029,402
2020-06-20,Sacramento,67,1510023,2694,2069,2,2071,63
2020-06-20,San Benito,69,59416,208,139,0,139,2
2020-06-20,San Bernardino,71,2135413,13131,8718,5,8723,229
2020-06-20,San Diego,73,3302833,13198,10486,0,10486,338
2020-06-20,San Francisco,75,870044,3408,2999,1,3000,47
2020-06-20,San Joaquin,77,732212,3231,2046,4,2050,48
2020-06-20,San Luis Obispo,79,281455,565,405,3,408,1
2020-06-20,San Mateo,81,765935,3125,2755,4,2759,81
2020-06-20,Santa Barbara,83,443738,3232,2358,10,2368,21
2020-06-20,Santa Clara,85,1922200,4425,3435,7,3442,154
2020-06-20,Santa Cruz,87,273765,369,287,0,287,3
2020-06-20,Shasta,89,179085,138,66,0,66,5
2020-06-20,Sierra,91,2930,1,1,0,1,0
2020-06-20,Siskiyou,93,43540,28,22,0,22,0
2020-06-20,Solano,95,438530,1277,784,4,788,21
2020-06-20,Sonoma,97,501317,1080,806,1,807,4
2020-06-20,Stanislaus,99,539301,2586,1598,5,1603,35
2020-06-20,Sutter,101,95872,127,89,0,89,2
2020-06-20,Tehama,103,63373,62,35,1,36,1
2020-06-20,Trinity,105,12862,4,2,2,4,0
2020-06-20,Tulare,107,460477,4243,3172,2,3174,111
2020-06-20,Tuolumne,109,53932,14,8,1,9,0
2020-06-20,Ventura,111,848112,2861,1946,6,1952,37
2020-06-20,Yolo,113,214977,470,309,0,309,24
2020-06-20,Yuba,115,75493,43,34,0,34,1
2020-06-19,Alameda,1,1643700,5656,4646,6,4652,119
2020-06-19,Alpine,3,1148,2,1,0,1,0
2020-06-19,Amador,5,37829,14,12,0,12,0
2020-06-19,Butte,7,227075,147,91,4,95,1
2020-06-19,Calaveras,9,45235,37,20,0,20,0
2020-06-19,Colusa,11,21464,24,7,0,7,0
2020-06-19,Contra Costa,13,1133247,2693,2106,2,2108,54
2020-06-19,Del Norte,15,27424,47,46,0,46,0
2020-06-19,El Dorado,17,186661,185,124,0,124,0
2020-06-19,Fresno,19,978130,5994,3109,46,3155,61
2020-06-19,Glenn,21,27897,91,40,0,40,0
2020-06-19,Humboldt,23,135768,141,106,0,106,3
2020-06-19,Imperial,25,180216,6845,4504,6,4510,36
2020-06-19,Inyo,27,18085,27,26,0,26,1
2020-06-19,Kern,29,883053,5539,3742,10,3752,57
2020-06-19,Kings,31,150075,2275,1285,4,1289,9
2020-06-19,Lake,33,64148,45,36,0,36,0
2020-06-19,Lassen,35,31185,20,7,2,9,0
2020-06-19,Los Angeles,37,10098052,93367,79572,25,79597,3047
2020-06-19,Madera,39,155013,597,300,0,300,4
2020-06-19,Marin,41,260295,1509,829,4,833,17
2020-06-19,Mariposa,43,17540,21,18,0,18,1
2020-06-19,Mendocino,45,87422,67,48,0,48,0
2020-06-19,Merced,47,269075,983,529,0,529,8
2020-06-19,Modoc,49,8938,1,0,0,0,0
2020-06-19,Mono,51,14174,42,34,0,34,1
2020-06-19,Monterey,53,433212,1570,1159,3,1162,12
2020-06-19,Napa,55,140530,300,209,0,209,3
2020-06-19,Nevada,57,99092,102,71,1,72,1
2020-06-19,Orange,59,3164182,15359,9972,99,10071,260
2020-06-19,Placer,61,380077,647,464,2,466,9
2020-06-19,Plumas,63,18699,6,5,0,5,0
2020-06-19,Riverside,65,2383286,17053,12710,8,12718,398
2020-06-19,Sacramento,67,1510023,2610,1976,2,1978,64
2020-06-19,San Benito,69,59416,207,136,0,136,2
2020-06-19,San Bernardino,71,2135413,12725,8454,4,8458,226
2020-06-19,San Diego,73,3302833,12835,10352,0,10352,332
2020-06-19,San Francisco,75,870044,3353,2968,1,2969,47
2020-06-19,San Joaquin,77,732212,3108,1969,4,1973,48
2020-06-19,San Luis Obispo,79,281455,550,392,3,395,1
2020-06-19,San Mateo,81,765935,3086,2713,4,2717,81
2020-06-19,Santa Barbara,83,443738,3159,2284,8,2292,21
2020-06-19,Santa Clara,85,1922200,4351,3376,7,3383,154
2020-06-19,Santa Cruz,87,273765,359,283,0,283,3
2020-06-19,Shasta,89,179085,134,58,0,58,5
2020-06-19,Sierra,91,2930,1,1,0,1,0
2020-06-19,Siskiyou,93,43540,28,21,0,21,0
2020-06-19,Solano,95,438530,1239,755,4,759,21
2020-06-19,Sonoma,97,501317,1053,803,1,804,4
2020-06-19,Stanislaus,99,539301,2477,1549,5,1554,35
2020-06-19,Sutter,101,95872,126,89,0,89,2
2020-06-19,Tehama,103,63373,61,35,1,36,1
2020-06-19,Trinity,105,12862,4,2,2,4,0
2020-06-19,Tulare,107,460477,4171,3053,2,3055,107
2020-06-19,Tuolumne,109,53932,13,8,1,9,0
2020-06-19,Ventura,111,848112,2777,1865,6,1871,37
2020-06-19,Yolo,113,214977,451,303,0,303,24
2020-06-19,Yuba,115,75493,42,33,0,33,1
2020-06-18,Alameda,1,1643700,5527,4589,6,4595,118
2020-06-18,Alpine,3,1148,2,1,0,1,0
2020-06-18,Amador,5,37829,13,12,0,12,0
2020-06-18,Butte,7,227075,142,88,4,92,1
2020-06-18,Calaveras,9,45235,37,20,0,20,0
2020-06-18,Colusa,11,21464,20,7,0,7,0
2020-06-18,Contra Costa,13,1133247,2588,2072,2,2074,53
2020-06-18,Del Norte,15,27424,47,46,0,46,0
2020-06-18,El Dorado,17,186661,181,121,0,121,0
2020-06-18,Fresno,19,978130,5727,2947,45,2992,57
2020-06-18,Glenn,21,27897,82,35,0,35,0
2020-06-18,Humboldt,23,135768,140,106,0,106,3
2020-06-18,Imperial,25,180216,6696,4366,6,4372,36
2020-06-18,Inyo,27,18085,26,25,0,25,1
2020-06-18,Kern,29,883053,5321,3634,10,3644,57
2020-06-18,Kings,31,150075,2216,1141,4,1145,8
2020-06-18,Lake,33,64148,44,36,0,36,0
2020-06-18,Lassen,35,31185,19,5,2,7,0
2020-06-18,Los Angeles,37,10098052,91103,78244,25,78269,3009
2020-06-18,Madera,39,155013,562,288,0,288,4
2020-06-18,Marin,41,260295,1446,819,4,823,17
2020-06-18,Mariposa,43,17540,19,18,0,18,1
2020-06-18,Mendocino,45,87422,63,45,0,45,0
2020-06-18,Merced,47,269075,931,486,0,486,7
2020-06-18,Modoc,49,8938,1,0,0,0,0
2020-06-18,Mono,51,14174,42,34,0,34,1
2020-06-18,Monterey,53,433212,1503,1127,3,1130,12
2020-06-18,Napa,55,140530,285,205,0,205,3
2020-06-18,Nevada,57,99092,98,68,1,69,1
2020-06-18,Orange,59,3164182,14704,9597,80,9677,255
2020-06-18,Placer,61,380077,625,457,2,459,9
2020-06-18,Plumas,63,18699,6,5,0,5,0
2020-06-18,Riverside,65,2383286,16440,12410,8,12418,392
2020-06-18,Sacramento,67,1510023,2495,1938,2,1940,63
2020-06-18,San Benito,69,59416,201,134,0,134,2
2020-06-18,San Bernardino,71,2135413,12089,8141,4,8145,226
2020-06-18,San Diego,73,3302833,12413,10094,0,10094,331
2020-06-18,San Francisco,75,870044,3304,2951,1,2952,47
2020-06-18,San Joaquin,77,732212,2955,1908,4,1912,47
2020-06-18,San Luis Obispo,79,281455,531,378,3,381,1
2020-06-18,San Mateo,81,765935,3047,2674,4,2678,78
2020-06-18,Santa Barbara,83,443738,3085,2201,8,2209,19
2020-06-18,Santa Clara,85,1922200,4251,3338,7,3345,152
2020-06-18,Santa Cruz,87,273765,342,275,0,275,3
2020-06-18,Shasta,89,179085,123,51,0,51,4
2020-06-18,Sierra,91,2930,1,1,0,1,0
2020-06-18,Siskiyou,93,43540,28,18,0,18,0
2020-06-18,Solano,95,438530,1201,735,4,739,21
2020-06-18,Sonoma,97,501317,1011,789,1,790,4
2020-06-18,Stanislaus,99,539301,2344,1495,5,1500,35
2020-06-18,Sutter,101,95872,122,85,0,85,2
2020-06-18,Tehama,103,63373,56,31,1,32,1
2020-06-18,Trinity,105,12862,4,2,2,4,0
2020-06-18,Tulare,107,460477,4051,3005,2,3007,107
2020-06-18,Tuolumne,109,53932,12,8,1,9,0
2020-06-18,Ventura,111,848112,2651,1781,6,1787,37
2020-06-18,Yolo,113,214977,418,294,0,294,24
2020-06-18,Yuba,115,75493,41,32,0,32,1
2020-06-17,Alameda,1,1643700,5404,4485,6,4491,117
2020-06-17,Alpine,3,1148,2,1,0,1,0
2020-06-17,Amador,5,37829,12,10,0,10,0
2020-06-17,Butte,7,227075,133,81,4,85,1
2020-06-17,Calaveras,9,45235,37,20,0,20,0
2020-06-17,Colusa,11,21464,19,7,0,7,0
2020-06-17,Contra Costa,13,1133247,2491,2020,2,2022,45
2020-06-17,Del Norte,15,27424,47,45,0,45,0
2020-06-17,El Dorado,17,186661,174,116,0,116,0
2020-06-17,Fresno,19,978130,5503,2801,43,2844,56
2020-06-17,Glenn,21,27897,75,31,0,31,0
2020-06-17,Humboldt,23,135768,138,105,0,105,3
2020-06-17,Imperial,25,180216,6524,4108,6,4114,36
2020-06-17,Inyo,27,18085,25,25,0,25,1
2020-06-17,Kern,29,883053,5120,3547,10,3557,56
2020-06-17,Kings,31,150075,2186,1097,4,1101,7
2020-06-17,Lake,33,64148,43,32,0,32,0
2020-06-17,Lassen,35,31185,15,5,2,7,0
2020-06-17,Los Angeles,37,10098052,88795,77166,25,77191,2973
2020-06-17,Madera,39,155013,540,258,0,258,4
2020-06-17,Marin,41,260295,1254,771,3,774,17
2020-06-17,Mariposa,43,17540,18,18,0,18,1
2020-06-17,Mendocino,45,87422,61,42,0,42,0
2020-06-17,Merced,47,269075,860,460,0,460,7
2020-06-17,Modoc,49,8938,1,0,0,0,0
2020-06-17,Mono,51,14174,42,34,0,34,1
2020-06-17,Monterey,53,433212,1451,1077,3,1080,12
2020-06-17,Napa,55,140530,270,202,0,202,3
2020-06-17,Nevada,57,99092,94,57,1,58,1
2020-06-17,Orange,59,3164182,14101,9278,75,9353,230
2020-06-17,Placer,61,380077,604,427,2,429,9
2020-06-17,Plumas,63,18699,6,5,0,5,0
2020-06-17,Riverside,65,2383286,15807,11859,8,11867,370
2020-06-17,Sacramento,67,1510023,2387,1889,2,1891,63
2020-06-17,San Benito,69,59416,196,116,0,116,2
2020-06-17,San Bernardino,71,2135413,11537,7670,4,7674,225
2020-06-17,San Diego,73,3302833,12034,9856,0,9856,327
2020-06-17,San Francisco,75,870044,3265,2906,1,2907,46
2020-06-17,San Joaquin,77,732212,2783,1825,4,1829,46
2020-06-17,San Luis Obispo,79,281455,514,362,3,365,1
2020-06-17,San Mateo,81,765935,3000,2649,4,2653,78
2020-06-17,Santa Barbara,83,443738,3012,2147,6,2153,19
2020-06-17,Santa Clara,85,1922200,4160,3264,6,3270,148
2020-06-17,Santa Cruz,87,273765,336,265,0,265,2
2020-06-17,Shasta,89,179085,121,51,0,51,4
2020-06-17,Sierra,91,2930,1,1,0,1,0
2020-06-17,Siskiyou,93,43540,27,16,0,16,0
2020-06-17,Solano,95,438530,1151,722,4,726,21
2020-06-17,Sonoma,97,501317,985,748,1,749,4
2020-06-17,Stanislaus,99,539301,2221,1387,5,1392,35
2020-06-17,Sutter,101,95872,116,79,0,79,2
2020-06-17,Tehama,103,63373,41,24,1,25,1
2020-06-17,Trinity,105,12862,4,2,2,4,0
2020-06-17,Tulare,107,460477,3942,2882,2,2884,106
2020-06-17,Tuolumne,109,53932,12,7,1,8,0
2020-06-17,Ventura,111,848112,2551,1729,6,1735,37
2020-06-17,Yolo,113,214977,398,277,0,277,24
2020-06-17,Yuba,115,75493,40,30,0,30,1
2020-06-16,Alameda,1,1643700,5288,4428,6,4434,113
2020-06-16,Alpine,3,1148,2,1,0,1,0
2020-06-16,Amador,5,37829,12,10,0,10,0
2020-06-16,Butte,7,227075,129,79,4,83,1
2020-06-16,Calaveras,9,45235,34,19,0,19,0
2020-06-16,Colusa,11,21464,16,7,0,7,0
2020-06-16,Contra Costa,13,1133247,2400,1971,1,1972,45
2020-06-16,Del Norte,15,27424,47,45,0,45,0
2020-06-16,El Dorado,17,186661,168,115,0,115,0
2020-06-16,Fresno,19,978130,5266,2731,42,2773,50
2020-06-16,Glenn,21,27897,71,30,0,30,0
2020-06-16,Humboldt,23,135768,135,105,0,105,3
2020-06-16,Imperial,25,180216,6364,3939,6,3945,36
2020-06-16,Inyo,27,18085,25,24,0,24,1
2020-06-16,Kern,29,883053,4896,3496,10,3506,55
2020-06-16,Kings,31,150075,2140,1044,4,1048,6
2020-06-16,Lake,33,64148,43,31,0,31,0
2020-06-16,Lassen,35,31185,12,5,2,7,0
2020-06-16,Los Angeles,37,10098052,86473,75051,25,75076,2942
2020-06-16,Madera,39,155013,514,239,0,239,3
2020-06-16,Marin,41,260295,1201,725,3,728,17
2020-06-16,Mariposa,43,17540,18,17,0,17,1
2020-06-16,Mendocino,45,87422,60,35,0,35,0
2020-06-16,Merced,47,269075,812,436,0,436,7
2020-06-16,Modoc,49,8938,1,0,0,0,0
2020-06-16,Mono,51,14174,42,34,0,34,1
2020-06-16,Monterey,53,433212,1403,1019,3,1022,12
2020-06-16,Napa,55,140530,255,196,0,196,3
2020-06-16,Nevada,57,99092,91,53,1,54,1
2020-06-16,Orange,59,3164182,13518,9163,73,9236,223
2020-06-16,Placer,61,380077,570,392,2,394,9
2020-06-16,Plumas,63,18699,6,5,0,5,0
2020-06-16,Riverside,65,2383286,15132,11638,8,11646,364
2020-06-16,Sacramento,67,1510023,2277,1825,2,1827,60
2020-06-16,San Benito,69,59416,188,110,0,110,2
2020-06-16,San Bernardino,71,2135413,10995,7463,4,7467,225
2020-06-16,San Diego,73,3302833,11672,9732,0,9732,323
2020-06-16,San Francisco,75,870044,3214,2893,1,2894,46
2020-06-16,San Joaquin,77,732212,2631,1718,4,1722,47
2020-06-16,San Luis Obispo,79,281455,491,343,3,346,1
2020-06-16,San Mateo,81,765935,2946,2618,4,2622,77
2020-06-16,Santa Barbara,83,443738,2945,2090,6,2096,16
2020-06-16,Santa Clara,85,1922200,4054,3228,5,3233,148
2020-06-16,Santa Cruz,87,273765,320,257,0,257,2
2020-06-16,Shasta,89,179085,112,51,0,51,4
2020-06-16,Sierra,91,2930,1,1,0,1,0
2020-06-16,Siskiyou,93,43540,26,15,0,15,0
2020-06-16,Solano,95,438530,1061,694,4,698,19
2020-06-16,Sonoma,97,501317,953,739,1,740,4
2020-06-16,Stanislaus,99,539301,2068,1278,5,1283,36
2020-06-16,Sutter,101,95872,109,73,0,73,2
2020-06-16,Tehama,103,63373,37,24,1,25,1
2020-06-16,Trinity,105,12862,4,2,2,4,0
2020-06-16,Tulare,107,460477,3825,2802,2,2804,96
2020-06-16,Tuolumne,109,53932,12,7,1,8,0
2020-06-16,Ventura,111,848112,2450,1676,6,1682,37
2020-06-16,Yolo,113,214977,374,262,0,262,24
2020-06-16,Yuba,115,75493,39,29,0,29,1
2020-06-15,Alameda,1,1643700,5163,4323,6,4329,112
2020-06-15,Alpine,3,1148,2,1,0,1,0
2020-06-15,Amador,5,37829,12,10,0,10,0
2020-06-15,Butte,7,227075,121,78,4,82,1
2020-06-15,Calaveras,9,45235,34,18,0,18,0
2020-06-15,Colusa,11,21464,14,7,0,7,0
2020-06-15,Contra Costa,13,1133247,2323,1918,1,1919,43
2020-06-15,Del Norte,15,27424,47,45,0,45,0
2020-06-15,El Dorado,17,186661,158,114,0,114,0
2020-06-15,Fresno,19,978130,5055,2616,41,2657,48
2020-06-15,Glenn,21,27897,66,21,0,21,0
2020-06-15,Humboldt,23,135768,133,105,0,105,3
2020-06-15,Imperial,25,180216,6189,3726,6,3732,36
2020-06-15,Inyo,27,18085,25,23,0,23,1
2020-06-15,Kern,29,883053,4674,3417,10,3427,55
2020-06-15,Kings,31,150075,2063,1022,4,1026,6
2020-06-15,Lake,33,64148,43,31,0,31,0
2020-06-15,Lassen,35,31185,12,5,2,7,0
2020-06-15,Los Angeles,37,10098052,84285,73705,25,73730,2908
2020-06-15,Madera,39,155013,492,203,0,203,3
2020-06-15,Marin,41,260295,1035,708,3,711,17
2020-06-15,Mariposa,43,17540,18,17,0,17,1
2020-06-15,Mendocino,45,87422,51,33,0,33,0
2020-06-15,Merced,47,269075,767,414,0,414,7
2020-06-15,Modoc,49,8938,1,0,0,0,0
2020-06-15,Mono,51,14174,42,34,0,34,1
2020-06-15,Monterey,53,433212,1337,998,3,1001,12
2020-06-15,Napa,55,140530,247,187,0,187,3
2020-06-15,Nevada,57,99092,85,52,1,53,1
2020-06-15,Orange,59,3164182,12954,8944,66,9010,212
2020-06-15,Placer,61,380077,549,386,2,388,9
2020-06-15,Plumas,63,18699,6,4,0,4,0
2020-06-15,Riverside,65,2383286,14510,11376,8,11384,364
2020-06-15,Sacramento,67,1510023,2162,1791,2,1793,60
2020-06-15,San Benito,69,59416,182,108,0,108,2
2020-06-15,San Bernardino,71,2135413,10490,7189,4,7193,224
2020-06-15,San Diego,73,3302833,11332,9612,0,9612,320
2020-06-15,San Francisco,75,870044,3170,2833,1,2834,45
2020-06-15,San Joaquin,77,732212,2495,1667,4,1671,43
2020-06-15,San Luis Obispo,79,281455,478,332,3,335,1
2020-06-15,San Mateo,81,765935,2899,2591,4,2595,75
2020-06-15,Santa Barbara,83,443738,2877,2054,6,2060,16
2020-06-15,Santa Clara,85,1922200,3954,3204,5,3209,148
2020-06-15,Santa Cruz,87,273765,309,254,0,254,2
2020-06-15,Shasta,89,179085,106,50,0,50,4
2020-06-15,Sierra,91,2930,1,1,0,1,0
2020-06-15,Siskiyou,93,43540,25,14,0,14,0
2020-06-15,Solano,95,438530,1001,638,4,642,19
2020-06-15,Sonoma,97,501317,924,726,1,727,4
2020-06-15,Stanislaus,99,539301,1951,1253,5,1258,35
2020-06-15,Sutter,101,95872,99,71,0,71,2
2020-06-15,Tehama,103,63373,37,17,1,18,1
2020-06-15,Trinity,105,12862,3,2,2,4,0
2020-06-15,Tulare,107,460477,3711,2662,2,2664,96
2020-06-15,Tuolumne,109,53932,11,7,1,8,0
2020-06-15,Ventura,111,848112,2369,1656,6,1662,37
2020-06-15,Yolo,113,214977,354,255,0,255,24
2020-06-15,Yuba,115,75493,39,28,0,28,1
2020-06-14,Alameda,1,1643700,5018,4271,6,4277,112
2020-06-14,Alpine,3,1148,2,1,0,1,0
2020-06-14,Amador,5,37829,12,10,0,10,0
2020-06-14,Butte,7,227075,115,78,4,82,1
2020-06-14,Calaveras,9,45235,33,18,0,18,0
2020-06-14,Colusa,11,21464,13,7,0,7,0
2020-06-14,Contra Costa,13,1133247,2254,1893,1,1894,43
2020-06-14,Del Norte,15,27424,47,45,0,45,0
2020-06-14,El Dorado,17,186661,154,110,0,110,0
2020-06-14,Fresno,19,978130,4871,2585,40,2625,48
2020-06-14,Glenn,21,27897,51,21,0,21,0
2020-06-14,Humboldt,23,135768,129,105,0,105,3
2020-06-14,Imperial,25,180216,5956,3730,6,3736,36
2020-06-14,Inyo,27,18085,24,23,0,23,1
2020-06-14,Kern,29,883053,4463,3328,10,3338,55
2020-06-14,Kings,31,150075,2012,1022,4,1026,6
2020-06-14,Lake,33,64148,40,31,0,31,0
2020-06-14,Lassen,35,31185,12,5,2,7,0
2020-06-14,Los Angeles,37,10098052,81959,72932,25,72957,2887
2020-06-14,Madera,39,155013,474,203,0,203,3
2020-06-14,Marin,41,260295,870,689,2,691,17
2020-06-14,Mariposa,43,17540,18,16,0,16,1
2020-06-14,Mendocino,45,87422,48,33,0,33,0
2020-06-14,Merced,47,269075,716,403,0,403,7
2020-06-14,Modoc,49,8938,1,0,0,0,0
2020-06-14,Mono,51,14174,42,34,0,34,1
2020-06-14,Monterey,53,433212,1276,949,3,952,12
2020-06-14,Napa,55,140530,225,181,0,181,3
2020-06-14,Nevada,57,99092,81,52,1,53,1
2020-06-14,Orange,59,3164182,12530,8744,63,8807,211
2020-06-14,Placer,61,380077,523,369,2,371,9
2020-06-14,Plumas,63,18699,5,4,0,4,0
2020-06-14,Riverside,65,2383286,14067,11218,8,11226,364
2020-06-14,Sacramento,67,1510023,2077,1750,2,1752,60
2020-06-14,San Benito,69,59416,171,104,0,104,2
2020-06-14,San Bernardino,71,2135413,9950,7015,4,7019,224
2020-06-14,San Diego,73,3302833,10957,9442,0,9442,319
2020-06-14,San Francisco,75,870044,3130,2834,1,2835,45
2020-06-14,San Joaquin,77,732212,2344,1603,4,1607,43
2020-06-14,San Luis Obispo,79,281455,463,330,3,333,1
2020-06-14,San Mateo,81,765935,2842,2571,4,2575,75
2020-06-14,Santa Barbara,83,443738,2800,2049,6,2055,17
2020-06-14,Santa Clara,85,1922200,3862,3178,5,3183,148
2020-06-14,Santa Cruz,87,273765,295,254,0,254,2
2020-06-14,Shasta,89,179085,100,48,0,48,4
2020-06-14,Sierra,91,2930,1,1,0,1,0
2020-06-14,Siskiyou,93,43540,24,13,0,13,0
2020-06-14,Solano,95,438530,952,638,4,642,19
2020-06-14,Sonoma,97,501317,896,724,1,725,4
2020-06-14,Stanislaus,99,539301,1803,1159,5,1164,35
2020-06-14,Sutter,101,95872,94,63,0,63,2
2020-06-14,Tehama,103,63373,34,17,1,18,1
2020-06-14,Trinity,105,12862,3,2,2,4,0
2020-06-14,Tulare,107,460477,3579,2646,2,2648,96
2020-06-14,Tuolumne,109,53932,11,7,1,8,0
2020-06-14,Ventura,111,848112,2271,1610,5,1615,37
2020-06-14,Yolo,113,214977,338,254,0,254,24
2020-06-14,Yuba,115,75493,38,28,0,28,1
2020-06-13,Alameda,1,1643700,4955,4196,6,4202,112
2020-06-13,Alpine,3,1148,2,1,0,1,0
2020-06-13,Amador,5,37829,11,10,0,10,0
2020-06-13,Butte,7,227075,106,72,4,76,1
2020-06-13,Calaveras,9,45235,31,18,0,18,0
2020-06-13,Colusa,11,21464,12,7,0,7,0
2020-06-13,Contra Costa,13,1133247,2218,1868,1,1869,43
2020-06-13,Del Norte,15,27424,47,45,0,45,0
2020-06-13,El Dorado,17,186661,150,110,0,110,0
2020-06-13,Fresno,19,978130,4773,2499,40,2539,48
2020-06-13,Glenn,21,27897,49,21,0,21,0
2020-06-13,Humboldt,23,135768,128,104,0,104,3
2020-06-13,Imperial,25,180216,5883,3646,6,3652,36
2020-06-13,Inyo,27,18085,24,23,0,23,1
2020-06-13,Kern,29,883053,4354,3239,10,3249,55
2020-06-13,Kings,31,150075,1992,1023,4,1027,6
2020-06-13,Lake,33,64148,39,29,0,29,0
2020-06-13,Lassen,35,31185,12,5,2,7,0
2020-06-13,Los Angeles,37,10098052,80919,71938,24,71962,2874
2020-06-13,Madera,39,155013,470,203,0,203,3
2020-06-13,Marin,41,260295,839,677,2,679,17
2020-06-13,Mariposa,43,17540,18,16,0,16,1
2020-06-13,Mendocino,45,87422,48,33,0,33,0
2020-06-13,Merced,47,269075,698,376,0,376,7
2020-06-13,Modoc,49,8938,1,0,0,0,0
2020-06-13,Mono,51,14174,42,35,0,35,1
2020-06-13,Monterey,53,433212,1238,900,3,903,11
2020-06-13,Napa,55,140530,222,171,0,171,3
2020-06-13,Nevada,57,99092,79,52,1,53,1
2020-06-13,Orange,59,3164182,12287,8581,59,8640,211
2020-06-13,Placer,61,380077,506,346,2,348,9
2020-06-13,Plumas,63,18699,5,4,0,4,0
2020-06-13,Riverside,65,2383286,13787,10931,8,10939,364
2020-06-13,Sacramento,67,1510023,2023,1713,2,1715,60
2020-06-13,San Benito,69,59416,164,99,0,99,2
2020-06-13,San Bernardino,71,2135413,9725,6885,4,6889,224
2020-06-13,San Diego,73,3302833,10785,9316,0,9316,319
2020-06-13,San Francisco,75,870044,3110,2834,1,2835,44
2020-06-13,San Joaquin,77,732212,2263,1461,4,1465,43
2020-06-13,San Luis Obispo,79,281455,452,326,3,329,1
2020-06-13,San Mateo,81,765935,2819,2551,4,2555,75
2020-06-13,Santa Barbara,83,443738,2742,1999,6,2005,15
2020-06-13,Santa Clara,85,1922200,3821,3141,5,3146,148
2020-06-13,Santa Cruz,87,273765,289,254,0,254,2
2020-06-13,Shasta,89,179085,98,48,0,48,4
2020-06-13,Sierra,91,2930,1,1,0,1,0
2020-06-13,Siskiyou,93,43540,24,13,0,13,0
2020-06-13,Solano,95,438530,924,637,4,641,19
2020-06-13,Sonoma,97,501317,881,711,1,712,4
2020-06-13,Stanislaus,99,539301,1746,1122,5,1127,33
2020-06-13,Sutter,101,95872,93,62,0,62,2
2020-06-13,Tehama,103,63373,33,17,1,18,1
2020-06-13,Trinity,105,12862,3,2,2,4,0
2020-06-13,Tulare,107,460477,3547,2626,2,2628,96
2020-06-13,Tuolumne,109,53932,10,7,1,8,0
2020-06-13,Ventura,111,848112,2225,1567,5,1572,37
2020-06-13,Yolo,113,214977,317,251,0,251,24
2020-06-13,Yuba,115,75493,38,28,0,28,1
2020-06-12,Alameda,1,1643700,4882,4167,6,4173,109
2020-06-12,Alpine,3,1148,2,1,0,1,0
2020-06-12,Amador,5,37829,11,10,0,10,0
2020-06-12,Butte,7,227075,102,71,4,75,1
2020-06-12,Calaveras,9,45235,28,18,0,18,0
2020-06-12,Colusa,11,21464,12,7,0,7,0
2020-06-12,Contra Costa,13,1133247,2181,1827,1,1828,43
2020-06-12,Del Norte,15,27424,47,45,0,45,0
2020-06-12,El Dorado,17,186661,150,110,0,110,0
2020-06-12,Fresno,19,978130,4637,2428,40,2468,47
2020-06-12,Glenn,21,27897,46,21,0,21,0
2020-06-12,Humboldt,23,135768,126,105,0,105,3
2020-06-12,Imperial,25,180216,5799,3543,6,3549,36
2020-06-12,Inyo,27,18085,24,23,0,23,1
2020-06-12,Kern,29,883053,4238,3152,10,3162,54
2020-06-12,Kings,31,150075,1979,987,4,991,6
2020-06-12,Lake,33,64148,38,29,0,29,0
2020-06-12,Lassen,35,31185,12,5,2,7,0
2020-06-12,Los Angeles,37,10098052,79511,70385,24,70409,2814
2020-06-12,Madera,39,155013,445,187,0,187,3
2020-06-12,Marin,41,260295,836,649,2,651,17
2020-06-12,Mariposa,43,17540,18,16,0,16,1
2020-06-12,Mendocino,45,87422,48,33,0,33,0
2020-06-12,Merced,47,269075,663,372,0,372,7
2020-06-12,Modoc,49,8938,1,0,0,0,0
2020-06-12,Mono,51,14174,39,35,0,35,1
2020-06-12,Monterey,53,433212,1197,864,2,866,11
2020-06-12,Napa,55,140530,219,162,0,162,3
2020-06-12,Nevada,57,99092,73,52,1,53,1
2020-06-12,Orange,59,3164182,11982,8440,58,8498,203
2020-06-12,Placer,61,380077,490,333,2,335,9
2020-06-12,Plumas,63,18699,5,4,0,4,0
2020-06-12,Riverside,65,2383286,13450,10616,8,10624,364
2020-06-12,Sacramento,67,1510023,1968,1702,2,1704,60
2020-06-12,San Benito,69,59416,157,96,0,96,2
2020-06-12,San Bernardino,71,2135413,9456,6707,4,6711,223
2020-06-12,San Diego,73,3302833,10615,9132,0,9132,313
2020-06-12,San Francisco,75,870044,3076,2823,1,2824,44
2020-06-12,San Joaquin,77,732212,2183,1406,4,1410,43
2020-06-12,San Luis Obispo,79,281455,436,321,3,324,1
2020-06-12,San Mateo,81,765935,2784,2533,4,2537,75
2020-06-12,Santa Barbara,83,443738,2688,1969,6,1975,14
2020-06-12,Santa Clara,85,1922200,3779,3099,5,3104,149
2020-06-12,Santa Cruz,87,273765,281,251,0,251,2
2020-06-12,Shasta,89,179085,91,48,0,48,5
2020-06-12,Sierra,91,2930,1,1,0,1,0
2020-06-12,Siskiyou,93,43540,24,13,0,13,0
2020-06-12,Solano,95,438530,910,620,4,624,19
2020-06-12,Sonoma,97,501317,862,696,1,697,4
2020-06-12,Stanislaus,99,539301,1687,1092,5,1097,33
2020-06-12,Sutter,101,95872,92,56,0,56,2
2020-06-12,Tehama,103,63373,32,13,1,14,1
2020-06-12,Trinity,105,12862,3,2,2,4,0
2020-06-12,Tulare,107,460477,3493,2552,2,2554,95
2020-06-12,Tuolumne,109,53932,10,7,1,8,0
2020-06-12,Ventura,111,848112,2173,1534,5,1539,35
2020-06-12,Yolo,113,214977,305,243,0,243,24
2020-06-12,Yuba,115,75493,36,27,0,27,1
2020-06-11,Alameda,1,1643700,4751,4073,5,4078,108
2020-06-11,Alpine,3,1148,2,1,0,1,0
2020-06-11,Amador,5,37829,10,10,0,10,0
2020-06-11,Butte,7,227075,96,72,4,76,1
2020-06-11,Calaveras,9,45235,27,16,0,16,0
2020-06-11,Colusa,11,21464,12,7,0,7,0
2020-06-11,Contra Costa,13,1133247,2127,1797,1,1798,43
2020-06-11,Del Norte,15,27424,47,45,0,45,0
2020-06-11,El Dorado,17,186661,142,109,0,109,0
2020-06-11,Fresno,19,978130,4482,2338,40,2378,45
2020-06-11,Glenn,21,27897,42,21,0,21,0
2020-06-11,Humboldt,23,135768,122,113,0,113,3
2020-06-11,Imperial,25,180216,5642,3463,6,3469,36
2020-06-11,Inyo,27,18085,22,23,0,23,1
2020-06-11,Kern,29,883053,4086,3047,8,3055,54
2020-06-11,Kings,31,150075,1945,963,4,967,6
2020-06-11,Lake,33,64148,38,28,0,28,0
2020-06-11,Lassen,35,31185,12,5,2,7,0
2020-06-11,Los Angeles,37,10098052,77843,68807,23,68830,2800
2020-06-11,Madera,39,155013,427,178,0,178,3
2020-06-11,Marin,41,260295,788,637,2,639,17
2020-06-11,Mariposa,43,17540,18,16,0,16,1
2020-06-11,Mendocino,45,87422,39,35,0,35,0
2020-06-11,Merced,47,269075,623,370,0,370,7
2020-06-11,Modoc,49,8938,1,0,0,0,0
2020-06-11,Mono,51,14174,39,35,0,35,1
2020-06-11,Monterey,53,433212,1150,813,2,815,11
2020-06-11,Napa,55,140530,210,162,0,162,3
2020-06-11,Nevada,57,99092,67,50,1,51,1
2020-06-11,Orange,59,3164182,11674,8304,57,8361,188
2020-06-11,Placer,61,380077,470,321,2,323,9
2020-06-11,Plumas,63,18699,5,4,0,4,0
2020-06-11,Riverside,65,2383286,13098,10014,8,10022,361
2020-06-11,Sacramento,67,1510023,1920,1669,2,1671,60
2020-06-11,San Benito,69,59416,151,94,0,94,2
2020-06-11,San Bernardino,71,2135413,9159,6509,4,6513,221
2020-06-11,San Diego,73,3302833,10385,9000,0,9000,308
2020-06-11,San Francisco,75,870044,3047,2766,1,2767,44
2020-06-11,San Joaquin,77,732212,2071,1351,4,1355,43
2020-06-11,San Luis Obispo,79,281455,422,307,3,310,1
2020-06-11,San Mateo,81,765935,2746,2499,4,2503,74
2020-06-11,Santa Barbara,83,443738,2623,1895,6,1901,14
2020-06-11,Santa Clara,85,1922200,3713,3049,5,3054,149
2020-06-11,Santa Cruz,87,273765,277,247,0,247,2
2020-06-11,Shasta,89,179085,84,47,0,47,5
2020-06-11,Sierra,91,2930,1,1,0,1,0
2020-06-11,Siskiyou,93,43540,24,14,0,14,0
2020-06-11,Solano,95,438530,884,616,4,620,19
2020-06-11,Sonoma,97,501317,839,682,1,683,4
2020-06-11,Stanislaus,99,539301,1596,1062,5,1067,30
2020-06-11,Sutter,101,95872,89,56,0,56,2
2020-06-11,Tehama,103,63373,27,10,1,11,1
2020-06-11,Trinity,105,12862,3,2,2,4,0
2020-06-11,Tulare,107,460477,3396,2473,2,2475,95
2020-06-11,Tuolumne,109,53932,10,7,1,8,0
2020-06-11,Ventura,111,848112,2096,1491,5,1496,34
2020-06-11,Yolo,113,214977,297,230,0,230,24
2020-06-11,Yuba,115,75493,36,27,0,27,1
2020-06-10,Alameda,1,1643700,4651,4027,4,4031,107
2020-06-10,Alpine,3,1148,2,1,0,1,0
2020-06-10,Amador,5,37829,10,10,0,10,0
2020-06-10,Butte,7,227075,93,71,4,75,1
2020-06-10,Calaveras,9,45235,27,16,0,16,0
2020-06-10,Colusa,11,21464,11,7,0,7,0
2020-06-10,Contra Costa,13,1133247,2083,1778,1,1779,43
2020-06-10,Del Norte,15,27424,47,45,0,45,0
2020-06-10,El Dorado,17,186661,139,109,0,109,0
2020-06-10,Fresno,19,978130,4306,2324,40,2364,45
2020-06-10,Glenn,21,27897,39,21,0,21,0
2020-06-10,Humboldt,23,135768,118,112,0,112,3
2020-06-10,Imperial,25,180216,5494,3454,6,3460,36
2020-06-10,Inyo,27,18085,22,23,0,23,1
2020-06-10,Kern,29,883053,3961,3000,8,3008,54
2020-06-10,Kings,31,150075,1898,952,3,955,6
2020-06-10,Lake,33,64148,38,28,0,28,0
2020-06-10,Lassen,35,31185,12,5,2,7,0
2020-06-10,Los Angeles,37,10098052,76323,67018,23,67041,2752
2020-06-10,Madera,39,155013,413,176,0,176,3
2020-06-10,Marin,41,260295,756,633,2,635,17
2020-06-10,Mariposa,43,17540,17,16,0,16,1
2020-06-10,Mendocino,45,87422,38,35,0,35,0
2020-06-10,Merced,47,269075,590,370,0,370,7
2020-06-10,Modoc,49,8938,1,0,0,0,0
2020-06-10,Mono,51,14174,39,35,0,35,1
2020-06-10,Monterey,53,433212,1096,791,2,793,11
2020-06-10,Napa,55,140530,207,159,0,159,3
2020-06-10,Nevada,57,99092,65,50,1,51,1
2020-06-10,Orange,59,3164182,11398,8222,54,8276,184
2020-06-10,Placer,61,380077,444,309,2,311,9
2020-06-10,Plumas,63,18699,5,4,0,4,0
2020-06-10,Riverside,65,2383286,12775,9857,8,9865,361
2020-06-10,Sacramento,67,1510023,1881,1643,2,1645,59
2020-06-10,San Benito,69,59416,142,94,0,94,2
2020-06-10,San Bernardino,71,2135413,8867,6438,4,6442,219
2020-06-10,San Diego,73,3302833,10221,8839,0,8839,305
2020-06-10,San Francisco,75,870044,3022,2774,1,2775,44
2020-06-10,San Joaquin,77,732212,1942,1282,4,1286,41
2020-06-10,San Luis Obispo,79,281455,403,306,3,309,1
2020-06-10,San Mateo,81,765935,2705,2492,4,2496,74
2020-06-10,Santa Barbara,83,443738,2567,1878,6,1884,13
2020-06-10,Santa Clara,85,1922200,3662,3032,5,3037,149
2020-06-10,Santa Cruz,87,273765,273,242,0,242,2
2020-06-10,Shasta,89,179085,79,45,0,45,5
2020-06-10,Sierra,91,2930,1,1,0,1,0
2020-06-10,Siskiyou,93,43540,24,14,0,14,0
2020-06-10,Solano,95,438530,848,608,4,612,19
2020-06-10,Sonoma,97,501317,821,673,1,674,4
2020-06-10,Stanislaus,99,539301,1506,1030,5,1035,29
2020-06-10,Sutter,101,95872,88,56,0,56,2
2020-06-10,Tehama,103,63373,25,10,1,11,1
2020-06-10,Trinity,105,12862,3,2,2,4,0
2020-06-10,Tulare,107,460477,3304,2455,2,2457,95
2020-06-10,Tuolumne,109,53932,10,7,1,8,0
2020-06-10,Ventura,111,848112,2050,1446,4,1450,34
2020-06-10,Yolo,113,214977,289,226,0,226,24
2020-06-10,Yuba,115,75493,35,27,0,27,1
2020-06-09,Alameda,1,1643700,4541,3963,4,3967,103
2020-06-09,Alpine,3,1148,2,1,0,1,0
2020-06-09,Amador,5,37829,10,10,0,10,0
2020-06-09,Butte,7,227075,92,70,4,74,1
2020-06-09,Calaveras,9,45235,27,16,0,16,0
2020-06-09,Colusa,11,21464,10,7,0,7,0
2020-06-09,Contra Costa,13,1133247,2043,1744,1,1745,42
2020-06-09,Del Norte,15,27424,47,45,0,45,0
2020-06-09,El Dorado,17,186661,133,108,0,108,0
2020-06-09,Fresno,19,978130,4154,2278,40,2318,43
2020-06-09,Glenn,21,27897,38,19,0,19,0
2020-06-09,Humboldt,23,135768,116,113,0,113,2
2020-06-09,Imperial,25,180216,5342,3067,6,3073,36
2020-06-09,Inyo,27,18085,22,22,0,22,1
2020-06-09,Kern,29,883053,3834,2920,8,2928,51
2020-06-09,Kings,31,150075,1866,934,3,937,6
2020-06-09,Lake,33,64148,38,28,0,28,0
2020-06-09,Lassen,35,31185,12,5,2,7,0
2020-06-09,Los Angeles,37,10098052,74666,65827,23,65850,2692
2020-06-09,Madera,39,155013,398,172,0,172,3
2020-06-09,Marin,41,260295,720,616,2,618,17
2020-06-09,Mariposa,43,17540,17,16,0,16,1
2020-06-09,Mendocino,45,87422,34,35,0,35,0
2020-06-09,Merced,47,269075,561,349,0,349,7
2020-06-09,Modoc,49,8938,1,0,0,0,0
2020-06-09,Mono,51,14174,39,35,0,35,1
2020-06-09,Monterey,53,433212,1055,772,2,774,11
2020-06-09,Napa,55,140530,197,156,0,156,3
2020-06-09,Nevada,57,99092,57,50,1,51,1
2020-06-09,Orange,59,3164182,11157,7991,52,8043,174
2020-06-09,Placer,61,380077,430,301,2,303,9
2020-06-09,Plumas,63,18699,5,4,0,4,0
2020-06-09,Riverside,65,2383286,12397,9511,8,9519,354
2020-06-09,Sacramento,67,1510023,1827,1625,2,1627,59
2020-06-09,San Benito,69,59416,136,95,0,95,2
2020-06-09,San Bernardino,71,2135413,8543,6268,3,6271,217
2020-06-09,San Diego,73,3302833,10036,8731,0,8731,301
2020-06-09,San Francisco,75,870044,2997,2749,1,2750,44
2020-06-09,San Joaquin,77,732212,1836,1240,4,1244,41
2020-06-09,San Luis Obispo,79,281455,390,301,2,303,1
2020-06-09,San Mateo,81,765935,2674,2463,4,2467,74
2020-06-09,Santa Barbara,83,443738,2505,1854,6,1860,13
2020-06-09,Santa Clara,85,1922200,3595,3006,5,3011,147
2020-06-09,Santa Cruz,87,273765,267,237,0,237,2
2020-06-09,Shasta,89,179085,75,44,0,44,4
2020-06-09,Sierra,91,2930,1,1,0,1,0
2020-06-09,Siskiyou,93,43540,19,10,0,10,0
2020-06-09,Solano,95,438530,813,596,4,600,18
2020-06-09,Sonoma,97,501317,798,661,1,662,4
2020-06-09,Stanislaus,99,539301,1405,993,5,998,25
2020-06-09,Sutter,101,95872,85,56,0,56,2
2020-06-09,Tehama,103,63373,25,9,1,10,1
2020-06-09,Trinity,105,12862,3,2,2,4,0
2020-06-09,Tulare,107,460477,3238,2393,2,2395,91
2020-06-09,Tuolumne,109,53932,10,8,1,9,0
2020-06-09,Ventura,111,848112,1984,1407,4,1411,34
2020-06-09,Yolo,113,214977,278,226,0,226,24
2020-06-09,Yuba,115,75493,34,27,0,27,1
2020-06-08,Alameda,1,1643700,4461,3937,4,3941,103
2020-06-08,Alpine,3,1148,2,1,0,1,0
2020-06-08,Amador,5,37829,10,10,0,10,0
2020-06-08,Butte,7,227075,90,68,4,72,1
2020-06-08,Calaveras,9,45235,27,16,0,16,0
2020-06-08,Colusa,11,21464,9,7,0,7,0
2020-06-08,Contra Costa,13,1133247,2000,1714,1,1715,41
2020-06-08,Del Norte,15,27424,47,45,0,45,0
2020-06-08,El Dorado,17,186661,129,107,0,107,0
2020-06-08,Fresno,19,978130,4029,2194,39,2233,42
2020-06-08,Glenn,21,27897,36,17,0,17,0
2020-06-08,Humboldt,23,135768,116,112,0,112,2
2020-06-08,Imperial,25,180216,5190,3051,6,3057,21
2020-06-08,Inyo,27,18085,22,22,0,22,1
2020-06-08,Kern,29,883053,3704,2853,8,2861,49
2020-06-08,Kings,31,150075,1790,892,3,895,6
2020-06-08,Lake,33,64148,38,28,0,28,0
2020-06-08,Lassen,35,31185,12,4,2,6,0
2020-06-08,Los Angeles,37,10098052,73204,64634,23,64657,2640
2020-06-08,Madera,39,155013,368,154,0,154,3
2020-06-08,Marin,41,260295,679,596,2,598,17
2020-06-08,Mariposa,43,17540,16,16,0,16,1
2020-06-08,Mendocino,45,87422,32,32,0,32,0
2020-06-08,Merced,47,269075,527,331,0,331,7
2020-06-08,Modoc,49,8938,1,0,0,0,0
2020-06-08,Mono,51,14174,39,35,0,35,1
2020-06-08,Monterey,53,433212,1004,751,1,752,10
2020-06-08,Napa,55,140530,181,151,0,151,3
2020-06-08,Nevada,57,99092,56,50,1,51,1
2020-06-08,Orange,59,3164182,10905,7786,51,7837,160
2020-06-08,Placer,61,380077,412,290,2,292,9
2020-06-08,Plumas,63,18699,5,4,0,4,0
2020-06-08,Riverside,65,2383286,12028,9246,8,9254,347
2020-06-08,Sacramento,67,1510023,1777,1591,2,1593,59
2020-06-08,San Benito,69,59416,129,93,0,93,2
2020-06-08,San Bernardino,71,2135413,8222,6122,3,6125,214
2020-06-08,San Diego,73,3302833,9879,8621,0,8621,296
2020-06-08,San Francisco,75,870044,2970,2715,1,2716,43
2020-06-08,San Joaquin,77,732212,1729,1198,4,1202,40
2020-06-08,San Luis Obispo,79,281455,384,300,2,302,1
2020-06-08,San Mateo,81,765935,2643,2431,3,2434,74
2020-06-08,Santa Barbara,83,443738,2443,1824,6,1830,13
2020-06-08,Santa Clara,85,1922200,3550,2971,5,2976,146
2020-06-08,Santa Cruz,87,273765,266,234,0,234,2
2020-06-08,Shasta,89,179085,71,43,0,43,4
2020-06-08,Sierra,91,2930,1,1,0,1,0
2020-06-08,Siskiyou,93,43540,19,8,0,8,0
2020-06-08,Solano,95,438530,786,560,4,564,19
2020-06-08,Sonoma,97,501317,782,654,1,655,4
2020-06-08,Stanislaus,99,539301,1323,956,5,961,28
2020-06-08,Sutter,101,95872,78,55,0,55,2
2020-06-08,Tehama,103,63373,19,8,1,9,1
2020-06-08,Trinity,105,12862,3,2,2,4,0
2020-06-08,Tulare,107,460477,3155,2301,2,2303,91
2020-06-08,Tuolumne,109,53932,9,8,1,9,0
2020-06-08,Ventura,111,848112,1926,1382,4,1386,30
2020-06-08,Yolo,113,214977,267,228,0,228,24
2020-06-08,Yuba,115,75493,32,27,0,27,1
2020-06-07,Alameda,1,1643700,4348,3866,4,3870,102
2020-06-07,Alpine,3,1148,2,1,0,1,0
2020-06-07,Amador,5,37829,10,10,0,10,0
2020-06-07,Butte,7,227075,88,64,3,67,1
2020-06-07,Calaveras,9,45235,25,16,0,16,0
2020-06-07,Colusa,11,21464,9,7,0,7,0
2020-06-07,Contra Costa,13,1133247,1949,1653,0,1653,38
2020-06-07,Del Norte,15,27424,45,45,0,45,0
2020-06-07,El Dorado,17,186661,129,104,0,104,0
2020-06-07,Fresno,19,978130,3899,2144,39,2183,41
2020-06-07,Glenn,21,27897,29,16,0,16,0
2020-06-07,Humboldt,23,135768,116,112,0,112,2
2020-06-07,Imperial,25,180216,5038,3048,6,3054,19
2020-06-07,Inyo,27,18085,22,21,0,21,1
2020-06-07,Kern,29,883053,3574,2771,8,2779,46
2020-06-07,Kings,31,150075,1742,882,3,885,6
2020-06-07,Lake,33,64148,35,28,0,28,0
2020-06-07,Lassen,35,31185,11,4,2,6,0
2020-06-07,Los Angeles,37,10098052,71501,63750,23,63773,2629
2020-06-07,Madera,39,155013,351,149,0,149,3
2020-06-07,Marin,41,260295,665,584,2,586,17
2020-06-07,Mariposa,43,17540,16,16,0,16,1
2020-06-07,Mendocino,45,87422,32,32,0,32,0
2020-06-07,Merced,47,269075,494,318,0,318,7
2020-06-07,Modoc,49,8938,1,0,0,0,0
2020-06-07,Mono,51,14174,39,35,0,35,1
2020-06-07,Monterey,53,433212,957,732,1,733,10
2020-06-07,Napa,55,140530,173,142,0,142,3
2020-06-07,Nevada,57,99092,55,50,1,51,1
2020-06-07,Orange,59,3164182,10648,7643,49,7692,158
2020-06-07,Placer,61,380077,388,273,2,275,9
2020-06-07,Plumas,63,18699,5,4,0,4,0
2020-06-07,Riverside,65,2383286,11732,9105,8,9113,344
2020-06-07,Sacramento,67,1510023,1731,1568,2,1570,59
2020-06-07,San Benito,69,59416,126,92,0,92,2
2020-06-07,San Bernardino,71,2135413,7939,6033,3,6036,214
2020-06-07,San Diego,73,3302833,9700,8478,0,8478,296
2020-06-07,San Francisco,75,870044,2926,2674,0,2674,43
2020-06-07,San Joaquin,77,732212,1628,1126,4,1130,37
2020-06-07,San Luis Obispo,79,281455,374,296,2,298,1
2020-06-07,San Mateo,81,765935,2616,2399,3,2402,73
2020-06-07,Santa Barbara,83,443738,2382,1818,6,1824,13
2020-06-07,Santa Clara,85,1922200,3499,2947,5,2952,146
2020-06-07,Santa Cruz,87,273765,258,230,0,230,2
2020-06-07,Shasta,89,179085,70,41,0,41,4
2020-06-07,Sierra,91,2930,1,1,0,1,0
2020-06-07,Siskiyou,93,43540,19,8,0,8,0
2020-06-07,Solano,95,438530,763,560,4,564,19
2020-06-07,Sonoma,97,501317,751,639,1,640,4
2020-06-07,Stanislaus,99,539301,1244,905,5,910,28
2020-06-07,Sutter,101,95872,70,55,0,55,2
2020-06-07,Tehama,103,63373,16,8,1,9,1
2020-06-07,Trinity,105,12862,2,2,2,4,0
2020-06-07,Tulare,107,460477,3033,2219,2,2221,90
2020-06-07,Tuolumne,109,53932,9,4,1,5,0
2020-06-07,Ventura,111,848112,1861,1337,4,1341,30
2020-06-07,Yolo,113,214977,257,224,0,224,24
2020-06-07,Yuba,115,75493,32,27,0,27,1
2020-06-06,Alameda,1,1643700,4303,3801,4,3805,102
2020-06-06,Alpine,3,1148,2,1,0,1,0
2020-06-06,Amador,5,37829,10,10,0,10,0
2020-06-06,Butte,7,227075,87,63,3,66,1
2020-06-06,Calaveras,9,45235,23,16,0,16,0
2020-06-06,Colusa,11,21464,9,7,0,7,0
2020-06-06,Contra Costa,13,1133247,1928,1619,0,1619,37
2020-06-06,Del Norte,15,27424,45,45,0,45,0
2020-06-06,El Dorado,17,186661,126,104,0,104,0
2020-06-06,Fresno,19,978130,3846,2117,39,2156,41
2020-06-06,Glenn,21,27897,27,16,0,16,0
2020-06-06,Humboldt,23,135768,116,112,0,112,2
2020-06-06,Imperial,25,180216,4962,3047,6,3053,19
2020-06-06,Inyo,27,18085,22,21,0,21,1
2020-06-06,Kern,29,883053,3504,2695,8,2703,46
2020-06-06,Kings,31,150075,1723,882,3,885,6
2020-06-06,Lake,33,64148,35,28,0,28,0
2020-06-06,Lassen,35,31185,11,4,2,6,0
2020-06-06,Los Angeles,37,10098052,70755,62269,23,62292,2607
2020-06-06,Madera,39,155013,342,149,0,149,3
2020-06-06,Marin,41,260295,660,556,2,558,17
2020-06-06,Mariposa,43,17540,16,16,0,16,1
2020-06-06,Mendocino,45,87422,32,32,0,32,0
2020-06-06,Merced,47,269075,492,315,0,315,7
2020-06-06,Modoc,49,8938,1,0,0,0,0
2020-06-06,Mono,51,14174,39,35,0,35,1
2020-06-06,Monterey,53,433212,933,679,1,680,10
2020-06-06,Napa,55,140530,167,136,0,136,3
2020-06-06,Nevada,57,99092,54,50,1,51,1
2020-06-06,Orange,59,3164182,10489,7576,48,7624,157
2020-06-06,Placer,61,380077,378,270,2,272,9
2020-06-06,Plumas,63,18699,5,4,0,4,0
2020-06-06,Riverside,65,2383286,11553,8935,8,8943,345
2020-06-06,Sacramento,67,1510023,1708,1533,2,1535,59
2020-06-06,San Benito,69,59416,116,92,0,92,2
2020-06-06,San Bernardino,71,2135413,7791,5946,3,5949,214
2020-06-06,San Diego,73,3302833,9579,8347,0,8347,296
2020-06-06,San Francisco,75,870044,2911,2674,0,2674,43
2020-06-06,San Joaquin,77,732212,1588,1076,4,1080,37
2020-06-06,San Luis Obispo,79,281455,368,295,2,297,1
2020-06-06,San Mateo,81,765935,2601,2342,3,2345,72
2020-06-06,Santa Barbara,83,443738,2342,1815,6,1821,13
2020-06-06,Santa Clara,85,1922200,3458,2934,5,2939,144
2020-06-06,Santa Cruz,87,273765,256,226,0,226,2
2020-06-06,Shasta,89,179085,70,40,0,40,4
2020-06-06,Sierra,91,2930,1,1,0,1,0
2020-06-06,Siskiyou,93,43540,17,8,0,8,0
2020-06-06,Solano,95,438530,748,560,4,564,19
2020-06-06,Sonoma,97,501317,739,622,1,623,4
2020-06-06,Stanislaus,99,539301,1210,858,5,863,27
2020-06-06,Sutter,101,95872,70,51,0,51,2
2020-06-06,Tehama,103,63373,15,8,1,9,1
2020-06-06,Trinity,105,12862,2,2,1,3,0
2020-06-06,Tulare,107,460477,3000,2213,2,2215,90
2020-06-06,Tuolumne,109,53932,9,4,1,5,0
2020-06-06,Ventura,111,848112,1837,1303,4,1307,30
2020-06-06,Yolo,113,214977,255,223,0,223,24
2020-06-06,Yuba,115,75493,32,27,0,27,1
2020-06-05,Alameda,1,1643700,4252,3734,4,3738,102
2020-06-05,Alpine,3,1148,2,1,0,1,0
2020-06-05,Amador,5,37829,10,10,0,10,0
2020-06-05,Butte,7,227075,84,61,3,64,1
2020-06-05,Calaveras,9,45235,22,16,0,16,0
2020-06-05,Colusa,11,21464,9,7,0,7,0
2020-06-05,Contra Costa,13,1133247,1913,1575,0,1575,37
2020-06-05,Del Norte,15,27424,45,45,0,45,0
2020-06-05,El Dorado,17,186661,125,101,0,101,0
2020-06-05,Fresno,19,978130,3782,2051,38,2089,38
2020-06-05,Glenn,21,27897,25,16,0,16,0
2020-06-05,Humboldt,23,135768,115,111,0,111,2
2020-06-05,Imperial,25,180216,4856,2778,6,2784,19
2020-06-05,Inyo,27,18085,22,21,0,21,1
2020-06-05,Kern,29,883053,3415,2624,8,2632,46
2020-06-05,Kings,31,150075,1708,865,3,868,6
2020-06-05,Lake,33,64148,35,28,0,28,0
2020-06-05,Lassen,35,31185,10,4,2,6,0
2020-06-05,Los Angeles,37,10098052,69607,60955,23,60978,2553
2020-06-05,Madera,39,155013,320,144,0,144,3
2020-06-05,Marin,41,260295,651,546,2,548,17
2020-06-05,Mariposa,43,17540,16,16,0,16,1
2020-06-05,Mendocino,45,87422,32,32,0,32,0
2020-06-05,Merced,47,269075,490,309,0,309,7
2020-06-05,Modoc,49,8938,1,0,0,0,0
2020-06-05,Mono,51,14174,39,35,0,35,1
2020-06-05,Monterey,53,433212,901,649,1,650,10
2020-06-05,Napa,55,140530,164,123,0,123,3
2020-06-05,Nevada,57,99092,54,50,1,51,1
2020-06-05,Orange,59,3164182,10294,7391,46,7437,153
2020-06-05,Placer,61,380077,368,265,2,267,9
2020-06-05,Plumas,63,18699,5,4,0,4,0
2020-06-05,Riverside,65,2383286,11293,8700,8,8708,345
2020-06-05,Sacramento,67,1510023,1686,1514,2,1516,59
2020-06-05,San Benito,69,59416,114,92,0,92,2
2020-06-05,San Bernardino,71,2135413,7609,5869,2,5871,212
2020-06-05,San Diego,73,3302833,9464,8182,0,8182,294
2020-06-05,San Francisco,75,870044,2892,2675,0,2675,43
2020-06-05,San Joaquin,77,732212,1509,1046,4,1050,36
2020-06-05,San Luis Obispo,79,281455,361,293,2,295,1
2020-06-05,San Mateo,81,765935,2576,2331,3,2334,72
2020-06-05,Santa Barbara,83,443738,2307,1795,6,1801,13
2020-06-05,Santa Clara,85,1922200,3433,2902,5,2907,144
2020-06-05,Santa Cruz,87,273765,253,222,0,222,2
2020-06-05,Shasta,89,179085,69,40,0,40,4
2020-06-05,Sierra,91,2930,1,1,0,1,0
2020-06-05,Siskiyou,93,43540,15,8,0,8,0
2020-06-05,Solano,95,438530,741,558,4,562,19
2020-06-05,Sonoma,97,501317,718,618,1,619,4
2020-06-05,Stanislaus,99,539301,1177,842,5,847,27
2020-06-05,Sutter,101,95872,70,49,0,49,2
2020-06-05,Tehama,103,63373,15,7,1,8,1
2020-06-05,Trinity,105,12862,2,1,1,2,0
2020-06-05,Tulare,107,460477,2951,2180,2,2182,90
2020-06-05,Tuolumne,109,53932,9,4,1,5,0
2020-06-05,Ventura,111,848112,1804,1274,4,1278,30
2020-06-05,Yolo,113,214977,254,216,0,216,24
2020-06-05,Yuba,115,75493,32,27,0,27,1
2020-06-04,Alameda,1,1643700,4153,3643,4,3647,99
2020-06-04,Alpine,3,1148,2,1,0,1,0
2020-06-04,Amador,5,37829,10,10,0,10,0
2020-06-04,Butte,7,227075,80,57,3,60,1
2020-06-04,Calaveras,9,45235,22,15,0,15,0
2020-06-04,Colusa,11,21464,9,7,0,7,0
2020-06-04,Contra Costa,13,1133247,1855,1551,0,1551,37
2020-06-04,Del Norte,15,27424,45,45,0,45,0
2020-06-04,El Dorado,17,186661,123,101,0,101,0
2020-06-04,Fresno,19,978130,3676,2007,38,2045,35
2020-06-04,Glenn,21,27897,22,16,0,16,0
2020-06-04,Humboldt,23,135768,115,109,0,109,2
2020-06-04,Imperial,25,180216,4673,2631,6,2637,19
2020-06-04,Inyo,27,18085,22,20,0,20,1
2020-06-04,Kern,29,883053,3301,2530,8,2538,46
2020-06-04,Kings,31,150075,1638,842,3,845,6
2020-06-04,Lake,33,64148,34,27,0,27,0
2020-06-04,Lassen,35,31185,8,4,2,6,0
2020-06-04,Los Angeles,37,10098052,68139,59596,22,59618,2515
2020-06-04,Madera,39,155013,312,127,0,127,3
2020-06-04,Marin,41,260295,629,533,2,535,14
2020-06-04,Mariposa,43,17540,16,16,0,16,1
2020-06-04,Mendocino,45,87422,32,29,0,29,0
2020-06-04,Merced,47,269075,470,304,0,304,7
2020-06-04,Modoc,49,8938,1,0,0,0,0
2020-06-04,Mono,51,14174,39,35,0,35,1
2020-06-04,Monterey,53,433212,866,621,1,622,10
2020-06-04,Napa,55,140530,160,117,0,117,3
2020-06-04,Nevada,57,99092,53,49,1,50,1
2020-06-04,Orange,59,3164182,10043,7192,45,7237,148
2020-06-04,Placer,61,380077,352,256,2,258,9
2020-06-04,Plumas,63,18699,4,4,0,4,0
2020-06-04,Riverside,65,2383286,11015,8473,8,8481,341
2020-06-04,Sacramento,67,1510023,1659,1492,2,1494,58
2020-06-04,San Benito,69,59416,112,88,0,88,2
2020-06-04,San Bernardino,71,2135413,7341,5726,2,5728,207
2020-06-04,San Diego,73,3302833,9301,7942,0,7942,288
2020-06-04,San Francisco,75,870044,2859,2636,0,2636,43
2020-06-04,San Joaquin,77,732212,1447,1016,4,1020,36
2020-06-04,San Luis Obispo,79,281455,353,288,2,290,1
2020-06-04,San Mateo,81,765935,2550,2284,3,2287,72
2020-06-04,Santa Barbara,83,443738,2268,1750,6,1756,13
2020-06-04,Santa Clara,85,1922200,3401,2871,5,2876,144
2020-06-04,Santa Cruz,87,273765,247,218,0,218,2
2020-06-04,Shasta,89,179085,63,40,0,40,4
2020-06-04,Sierra,91,2930,1,1,0,1,0
2020-06-04,Siskiyou,93,43540,14,8,0,8,0
2020-06-04,Solano,95,438530,724,551,4,555,19
2020-06-04,Sonoma,97,501317,699,591,1,592,4
2020-06-04,Stanislaus,99,539301,1101,806,5,811,28
2020-06-04,Sutter,101,95872,65,46,0,46,2
2020-06-04,Tehama,103,63373,14,6,1,7,1
2020-06-04,Trinity,105,12862,2,1,1,2,0
2020-06-04,Tulare,107,460477,2835,2086,2,2088,90
2020-06-04,Tuolumne,109,53932,8,4,1,5,0
2020-06-04,Ventura,111,848112,1761,1236,4,1240,30
2020-06-04,Yolo,113,214977,249,216,0,216,24
2020-06-04,Yuba,115,75493,31,27,0,27,1
2020-06-03,Alameda,1,1643700,4094,3589,3,3592,99
2020-06-03,Alpine,3,1148,2,1,0,1,0
2020-06-03,Amador,5,37829,10,10,0,10,0
2020-06-03,Butte,7,227075,78,53,3,56,1
2020-06-03,Calaveras,9,45235,21,15,0,15,0
2020-06-03,Colusa,11,21464,9,7,0,7,0
2020-06-03,Contra Costa,13,1133247,1807,1511,0,1511,37
2020-06-03,Del Norte,15,27424,45,39,0,39,0
2020-06-03,El Dorado,17,186661,120,90,0,90,0
2020-06-03,Fresno,19,978130,3580,1943,38,1981,35
2020-06-03,Glenn,21,27897,22,16,0,16,0
2020-06-03,Humboldt,23,135768,115,103,0,103,2
2020-06-03,Imperial,25,180216,4501,2540,6,2546,19
2020-06-03,Inyo,27,18085,22,20,0,20,1
2020-06-03,Kern,29,883053,3206,2452,8,2460,44
2020-06-03,Kings,31,150075,1573,744,3,747,6
2020-06-03,Lake,33,64148,32,26,0,26,0
2020-06-03,Lassen,35,31185,8,4,2,6,0
2020-06-03,Los Angeles,37,10098052,66533,58166,22,58188,2472
2020-06-03,Madera,39,155013,304,117,0,117,3
2020-06-03,Marin,41,260295,611,527,2,529,14
2020-06-03,Mariposa,43,17540,16,16,0,16,1
2020-06-03,Mendocino,45,87422,31,29,0,29,0
2020-06-03,Merced,47,269075,456,299,0,299,7
2020-06-03,Modoc,49,8938,1,0,0,0,0
2020-06-03,Mono,51,14174,39,35,0,35,1
2020-06-03,Monterey,53,433212,838,592,1,593,10
2020-06-03,Napa,55,140530,159,116,0,116,3
2020-06-03,Nevada,57,99092,52,43,1,44,1
2020-06-03,Orange,59,3164182,9815,6939,44,6983,145
2020-06-03,Placer,61,380077,334,243,2,245,9
2020-06-03,Plumas,63,18699,4,4,0,4,0
2020-06-03,Riverside,65,2383286,10740,8208,8,8216,335
2020-06-03,Sacramento,67,1510023,1629,1457,2,1459,58
2020-06-03,San Benito,69,59416,106,88,0,88,2
2020-06-03,San Bernardino,71,2135413,7118,5565,2,5567,203
2020-06-03,San Diego,73,3302833,9153,7800,0,7800,283
2020-06-03,San Francisco,75,870044,2828,2608,0,2608,43
2020-06-03,San Joaquin,77,732212,1382,1004,4,1008,35
2020-06-03,San Luis Obispo,79,281455,348,279,2,281,1
2020-06-03,San Mateo,81,765935,2522,2243,3,2246,71
2020-06-03,Santa Barbara,83,443738,2225,1722,6,1728,12
2020-06-03,Santa Clara,85,1922200,3362,2836,5,2841,144
2020-06-03,Santa Cruz,87,273765,241,217,0,217,2
2020-06-03,Shasta,89,179085,60,40,0,40,4
2020-06-03,Sierra,91,2930,1,1,0,1,0
2020-06-03,Siskiyou,93,43540,13,8,0,8,0
2020-06-03,Solano,95,438530,699,543,2,545,18
2020-06-03,Sonoma,97,501317,688,578,1,579,4
2020-06-03,Stanislaus,99,539301,1061,780,5,785,27
2020-06-03,Sutter,101,95872,57,45,0,45,2
2020-06-03,Tehama,103,63373,14,6,1,7,1
2020-06-03,Trinity,105,12862,2,1,1,2,0
2020-06-03,Tulare,107,460477,2766,2041,2,2043,88
2020-06-03,Tuolumne,109,53932,6,4,1,5,0
2020-06-03,Ventura,111,848112,1697,1202,4,1206,30
2020-06-03,Yolo,113,214977,245,213,0,213,24
2020-06-03,Yuba,115,75493,31,27,0,27,1
2020-06-02,Alameda,1,1643700,4018,3517,3,3520,99
2020-06-02,Alpine,3,1148,2,1,0,1,0
2020-06-02,Amador,5,37829,10,10,0,10,0
2020-06-02,Butte,7,227075,74,51,3,54,1
2020-06-02,Calaveras,9,45235,21,15,0,15,0
2020-06-02,Colusa,11,21464,9,7,0,7,0
2020-06-02,Contra Costa,13,1133247,1775,1505,0,1505,37
2020-06-02,Del Norte,15,27424,45,39,0,39,0
2020-06-02,El Dorado,17,186661,119,88,0,88,0
2020-06-02,Fresno,19,978130,3469,1917,38,1955,34
2020-06-02,Glenn,21,27897,21,16,0,16,0
2020-06-02,Humboldt,23,135768,115,101,0,101,2
2020-06-02,Imperial,25,180216,4308,2459,6,2465,19
2020-06-02,Inyo,27,18085,20,20,0,20,1
2020-06-02,Kern,29,883053,3108,2406,6,2412,41
2020-06-02,Kings,31,150075,1545,720,3,723,5
2020-06-02,Lake,33,64148,32,25,0,25,0
2020-06-02,Lassen,35,31185,7,4,2,6,0
2020-06-02,Los Angeles,37,10098052,65132,57144,22,57166,2430
2020-06-02,Madera,39,155013,283,110,0,110,2
2020-06-02,Marin,41,260295,584,509,2,511,14
2020-06-02,Mariposa,43,17540,16,16,0,16,1
2020-06-02,Mendocino,45,87422,31,29,0,29,0
2020-06-02,Merced,47,269075,440,297,0,297,6
2020-06-02,Modoc,49,8938,1,0,0,0,0
2020-06-02,Mono,51,14174,39,35,0,35,1
2020-06-02,Monterey,53,433212,808,582,1,583,10
2020-06-02,Napa,55,140530,150,116,0,116,3
2020-06-02,Nevada,57,99092,51,41,1,42,1
2020-06-02,Orange,59,3164182,9613,6790,43,6833,142
2020-06-02,Placer,61,380077,320,226,2,228,9
2020-06-02,Plumas,63,18699,4,4,0,4,0
2020-06-02,Riverside,65,2383286,10445,8091,7,8098,330
2020-06-02,Sacramento,67,1510023,1600,1428,2,1430,58
2020-06-02,San Benito,69,59416,105,86,0,86,2
2020-06-02,San Bernardino,71,2135413,6912,5438,2,5440,202
2020-06-02,San Diego,73,3302833,9007,7676,0,7676,276
2020-06-02,San Francisco,75,870044,2793,2554,0,2554,43
2020-06-02,San Joaquin,77,732212,1316,985,4,989,35
2020-06-02,San Luis Obispo,79,281455,343,275,2,277,1
2020-06-02,San Mateo,81,765935,2487,2203,3,2206,71
2020-06-02,Santa Barbara,83,443738,2180,1703,6,1709,12
2020-06-02,Santa Clara,85,1922200,3312,2819,5,2824,144
2020-06-02,Santa Cruz,87,273765,236,215,0,215,2
2020-06-02,Shasta,89,179085,59,38,0,38,4
2020-06-02,Sierra,91,2930,1,1,0,1,0
2020-06-02,Siskiyou,93,43540,12,8,0,8,0
2020-06-02,Solano,95,438530,684,537,1,538,18
2020-06-02,Sonoma,97,501317,677,571,1,572,4
2020-06-02,Stanislaus,99,539301,1002,772,5,777,27
2020-06-02,Sutter,101,95872,54,43,0,43,2
2020-06-02,Tehama,103,63373,14,6,1,7,1
2020-06-02,Trinity,105,12862,2,1,1,2,0
2020-06-02,Tulare,107,460477,2687,2012,2,2014,86
2020-06-02,Tuolumne,109,53932,6,4,1,5,0
2020-06-02,Ventura,111,848112,1647,1178,4,1182,30
2020-06-02,Yolo,113,214977,243,213,0,213,24
2020-06-02,Yuba,115,75493,31,27,0,27,1
2020-06-01,Alameda,1,1643700,3953,3460,3,3463,98
2020-06-01,Alpine,3,1148,2,1,0,1,0
2020-06-01,Amador,5,37829,10,10,0,10,0
2020-06-01,Butte,7,227075,73,50,2,52,1
2020-06-01,Calaveras,9,45235,21,15,0,15,0
2020-06-01,Colusa,11,21464,9,7,0,7,0
2020-06-01,Contra Costa,13,1133247,1739,1486,0,1486,37
2020-06-01,Del Norte,15,27424,45,38,0,38,0
2020-06-01,El Dorado,17,186661,117,88,0,88,0
2020-06-01,Fresno,19,978130,3375,1854,37,1891,33
2020-06-01,Glenn,21,27897,21,16,0,16,0
2020-06-01,Humboldt,23,135768,115,98,0,98,2
2020-06-01,Imperial,25,180216,4085,2366,6,2372,14
2020-06-01,Inyo,27,18085,20,20,0,20,1
2020-06-01,Kern,29,883053,3025,2366,6,2372,38
2020-06-01,Kings,31,150075,1277,703,3,706,4
2020-06-01,Lake,33,64148,32,22,0,22,0
2020-06-01,Lassen,35,31185,7,4,2,6,0
2020-06-01,Los Angeles,37,10098052,63667,55899,22,55921,2367
2020-06-01,Madera,39,155013,271,103,0,103,2
2020-06-01,Marin,41,260295,543,495,2,497,14
2020-06-01,Mariposa,43,17540,16,16,0,16,1
2020-06-01,Mendocino,45,87422,31,28,0,28,0
2020-06-01,Merced,47,269075,421,289,0,289,6
2020-06-01,Modoc,49,8938,1,0,0,0,0
2020-06-01,Mono,51,14174,39,35,0,35,1
2020-06-01,Monterey,53,433212,783,554,1,555,10
2020-06-01,Napa,55,140530,147,114,0,114,3
2020-06-01,Nevada,57,99092,51,41,1,42,1
2020-06-01,Orange,59,3164182,9417,6640,42,6682,135
2020-06-01,Placer,61,380077,308,218,2,220,9
2020-06-01,Plumas,63,18699,4,4,0,4,0
2020-06-01,Riverside,65,2383286,9994,7921,7,7928,322
2020-06-01,Sacramento,67,1510023,1561,1415,2,1417,58
2020-06-01,San Benito,69,59416,102,86,0,86,2
2020-06-01,San Bernardino,71,2135413,6706,5310,2,5312,202
2020-06-01,San Diego,73,3302833,8827,7556,0,7556,269
2020-06-01,San Francisco,75,870044,2756,2546,0,2546,43
2020-06-01,San Joaquin,77,732212,1251,957,4,961,35
2020-06-01,San Luis Obispo,79,281455,339,275,2,277,1
2020-06-01,San Mateo,81,765935,2457,2190,3,2193,71
2020-06-01,Santa Barbara,83,443738,2140,1671,5,1676,10
2020-06-01,Santa Clara,85,1922200,3274,2797,4,2801,142
2020-06-01,Santa Cruz,87,273765,232,215,0,215,2
2020-06-01,Shasta,89,179085,59,38,0,38,4
2020-06-01,Sierra,91,2930,1,1,0,1,0
2020-06-01,Siskiyou,93,43540,12,7,0,7,0
2020-06-01,Solano,95,438530,660,529,1,530,17
2020-06-01,Sonoma,97,501317,661,565,1,566,4
2020-06-01,Stanislaus,99,539301,965,758,5,763,27
2020-06-01,Sutter,101,95872,49,43,0,43,2
2020-06-01,Tehama,103,63373,11,5,1,6,1
2020-06-01,Trinity,105,12862,1,1,1,2,0
2020-06-01,Tulare,107,460477,2574,1976,2,1978,84
2020-06-01,Tuolumne,109,53932,5,4,1,5,0
2020-06-01,Ventura,111,848112,1597,1163,4,1167,29
2020-06-01,Yolo,113,214977,240,212,0,212,24
2020-06-01,Yuba,115,75493,30,26,0,26,1
2020-05-31,Alameda,1,1643700,3847,3362,3,3365,98
2020-05-31,Alpine,3,1148,2,1,0,1,0
2020-05-31,Amador,5,37829,10,10,0,10,0
2020-05-31,Butte,7,227075,71,51,2,53,0
2020-05-31,Calaveras,9,45235,18,15,0,15,0
2020-05-31,Colusa,11,21464,9,5,0,5,0
2020-05-31,Contra Costa,13,1133247,1705,1458,0,1458,37
2020-05-31,Del Norte,15,27424,45,37,0,37,0
2020-05-31,El Dorado,17,186661,113,88,0,88,0
2020-05-31,Fresno,19,978130,3217,1780,35,1815,31
2020-05-31,Glenn,21,27897,20,16,0,16,0
2020-05-31,Humboldt,23,135768,113,98,0,98,2
2020-05-31,Imperial,25,180216,3819,2197,6,2203,14
2020-05-31,Inyo,27,18085,20,20,0,20,1
2020-05-31,Kern,29,883053,2891,2300,6,2306,38
2020-05-31,Kings,31,150075,1240,703,3,706,3
2020-05-31,Lake,33,64148,32,19,0,19,0
2020-05-31,Lassen,35,31185,7,4,2,6,0
2020-05-31,Los Angeles,37,10098052,62377,54925,22,54947,2344
2020-05-31,Madera,39,155013,253,101,0,101,2
2020-05-31,Marin,41,260295,533,486,2,488,14
2020-05-31,Mariposa,43,17540,16,16,0,16,1
2020-05-31,Mendocino,45,87422,31,24,0,24,0
2020-05-31,Merced,47,269075,394,288,0,288,6
2020-05-31,Modoc,49,8938,0,0,0,0,0
2020-05-31,Mono,51,14174,39,34,0,34,1
2020-05-31,Monterey,53,433212,710,545,1,546,10
2020-05-31,Napa,55,140530,145,114,0,114,3
2020-05-31,Nevada,57,99092,50,41,1,42,1
2020-05-31,Orange,59,3164182,9206,6532,41,6573,135
2020-05-31,Placer,61,380077,285,215,2,217,9
2020-05-31,Plumas,63,18699,4,4,0,4,0
2020-05-31,Riverside,65,2383286,9738,7704,7,7711,321
2020-05-31,Sacramento,67,1510023,1530,1398,2,1400,57
2020-05-31,San Benito,69,59416,96,85,0,85,2
2020-05-31,San Bernardino,71,2135413,6438,5185,2,5187,198
2020-05-31,San Diego,73,3302833,8633,7483,0,7483,269
2020-05-31,San Francisco,75,870044,2720,2501,0,2501,43
2020-05-31,San Joaquin,77,732212,1186,888,4,892,34
2020-05-31,San Luis Obispo,79,281455,329,271,2,273,1
2020-05-31,San Mateo,81,765935,2411,2169,3,2172,71
2020-05-31,Santa Barbara,83,443738,2084,1662,5,1667,9
2020-05-31,Santa Clara,85,1922200,3230,2785,4,2789,142
2020-05-31,Santa Cruz,87,273765,229,210,0,210,2
2020-05-31,Shasta,89,179085,57,38,0,38,4
2020-05-31,Sierra,91,2930,1,1,0,1,0
2020-05-31,Siskiyou,93,43540,11,7,0,7,0
2020-05-31,Solano,95,438530,634,512,1,513,6
2020-05-31,Sonoma,97,501317,641,555,1,556,4
2020-05-31,Stanislaus,99,539301,911,738,5,743,27
2020-05-31,Sutter,101,95872,47,42,0,42,2
2020-05-31,Tehama,103,63373,10,4,1,5,1
2020-05-31,Trinity,105,12862,1,1,1,2,0
2020-05-31,Tulare,107,460477,2502,1884,2,1886,82
2020-05-31,Tuolumne,109,53932,5,4,1,5,0
2020-05-31,Ventura,111,848112,1542,1151,4,1155,30
2020-05-31,Yolo,113,214977,234,211,0,211,24
2020-05-31,Yuba,115,75493,30,26,0,26,1
2020-05-30,Alameda,1,1643700,3821,3304,3,3307,96
2020-05-30,Alpine,3,1148,2,1,0,1,0
2020-05-30,Amador,5,37829,10,10,0,10,0
2020-05-30,Butte,7,227075,70,44,2,46,0
2020-05-30,Calaveras,9,45235,17,15,0,15,0
2020-05-30,Colusa,11,21464,8,5,0,5,0
2020-05-30,Contra Costa,13,1133247,1690,1429,0,1429,37
2020-05-30,Del Norte,15,27424,45,37,0,37,0
2020-05-30,El Dorado,17,186661,112,86,0,86,0
2020-05-30,Fresno,19,978130,3156,1744,34,1778,31
2020-05-30,Glenn,21,27897,19,16,0,16,0
2020-05-30,Humboldt,23,135768,112,98,0,98,2
2020-05-30,Imperial,25,180216,3729,2091,6,2097,14
2020-05-30,Inyo,27,18085,20,20,0,20,1
2020-05-30,Kern,29,883053,2822,2217,6,2223,38
2020-05-30,Kings,31,150075,1226,703,3,706,3
2020-05-30,Lake,33,64148,31,18,0,18,0
2020-05-30,Lassen,35,31185,7,4,2,6,0
2020-05-30,Los Angeles,37,10098052,61842,53627,22,53649,2319
2020-05-30,Madera,39,155013,248,101,0,101,2
2020-05-30,Marin,41,260295,533,462,2,464,14
2020-05-30,Mariposa,43,17540,16,16,0,16,1
2020-05-30,Mendocino,45,87422,31,24,0,24,0
2020-05-30,Merced,47,269075,393,285,0,285,6
2020-05-30,Modoc,49,8938,0,0,0,0,0
2020-05-30,Mono,51,14174,39,34,0,34,1
2020-05-30,Monterey,53,433212,694,520,1,521,10
2020-05-30,Napa,55,140530,143,113,0,113,3
2020-05-30,Nevada,57,99092,50,41,1,42,1
2020-05-30,Orange,59,3164182,9051,6354,41,6395,134
2020-05-30,Placer,61,380077,277,199,1,200,9
2020-05-30,Plumas,63,18699,4,4,0,4,0
2020-05-30,Riverside,65,2383286,9594,7492,7,7499,316
2020-05-30,Sacramento,67,1510023,1519,1384,2,1386,57
2020-05-30,San Benito,69,59416,95,85,0,85,2
2020-05-30,San Bernardino,71,2135413,6329,5122,2,5124,198
2020-05-30,San Diego,73,3302833,8540,7387,0,7387,269
2020-05-30,San Francisco,75,870044,2695,2496,0,2496,41
2020-05-30,San Joaquin,77,732212,1148,888,4,892,34
2020-05-30,San Luis Obispo,79,281455,324,270,2,272,1
2020-05-30,San Mateo,81,765935,2387,2129,3,2132,71
2020-05-30,Santa Barbara,83,443738,2057,1660,5,1665,9
2020-05-30,Santa Clara,85,1922200,3214,2741,4,2745,141
2020-05-30,Santa Cruz,87,273765,229,206,0,206,2
2020-05-30,Shasta,89,179085,57,36,0,36,4
2020-05-30,Sierra,91,2930,1,1,0,1,0
2020-05-30,Siskiyou,93,43540,10,7,0,7,0
2020-05-30,Solano,95,438530,627,512,1,513,6
2020-05-30,Sonoma,97,501317,631,551,1,552,4
2020-05-30,Stanislaus,99,539301,894,712,5,717,27
2020-05-30,Sutter,101,95872,46,40,0,40,2
2020-05-30,Tehama,103,63373,10,4,1,5,1
2020-05-30,Trinity,105,12862,1,1,1,2,0
2020-05-30,Tulare,107,460477,2465,1879,2,1881,81
2020-05-30,Tuolumne,109,53932,5,4,1,5,0
2020-05-30,Ventura,111,848112,1525,1116,4,1120,30
2020-05-30,Yolo,113,214977,230,210,0,210,24
2020-05-30,Yuba,115,75493,30,25,0,25,1
2020-05-29,Alameda,1,1643700,3786,3209,3,3212,96
2020-05-29,Alpine,3,1148,2,1,0,1,0
2020-05-29,Amador,5,37829,10,10,0,10,0
2020-05-29,Butte,7,227075,65,41,2,43,0
2020-05-29,Calaveras,9,45235,17,15,0,15,0
2020-05-29,Colusa,11,21464,8,5,0,5,0
2020-05-29,Contra Costa,13,1133247,1674,1411,0,1411,37
2020-05-29,Del Norte,15,27424,45,37,0,37,0
2020-05-29,El Dorado,17,186661,111,85,0,85,0
2020-05-29,Fresno,19,978130,3108,1687,34,1721,31
2020-05-29,Glenn,21,27897,19,14,0,14,0
2020-05-29,Humboldt,23,135768,111,98,0,98,2
2020-05-29,Imperial,25,180216,3611,1607,6,1613,14
2020-05-29,Inyo,27,18085,20,20,0,20,1
2020-05-29,Kern,29,883053,2764,2128,6,2134,36
2020-05-29,Kings,31,150075,1215,693,3,696,3
2020-05-29,Lake,33,64148,30,17,0,17,0
2020-05-29,Lassen,35,31185,7,0,2,2,0
2020-05-29,Los Angeles,37,10098052,60886,51578,22,51600,2273
2020-05-29,Madera,39,155013,233,98,0,98,2
2020-05-29,Marin,41,260295,525,448,2,450,14
2020-05-29,Mariposa,43,17540,16,16,0,16,1
2020-05-29,Mendocino,45,87422,29,25,0,25,0
2020-05-29,Merced,47,269075,388,285,0,285,7
2020-05-29,Modoc,49,8938,0,0,0,0,0
2020-05-29,Mono,51,14174,38,34,0,34,1
2020-05-29,Monterey,53,433212,664,479,1,480,10
2020-05-29,Napa,55,140530,140,113,0,113,3
2020-05-29,Nevada,57,99092,50,41,1,42,1
2020-05-29,Orange,59,3164182,8856,6176,39,6215,133
2020-05-29,Placer,61,380077,260,199,1,200,9
2020-05-29,Plumas,63,18699,4,4,0,4,0
2020-05-29,Riverside,65,2383286,9408,7376,7,7383,313
2020-05-29,Sacramento,67,1510023,1496,1360,2,1362,57
2020-05-29,San Benito,69,59416,95,84,0,84,2
2020-05-29,San Bernardino,71,2135413,6222,4983,2,4985,196
2020-05-29,San Diego,73,3302833,8417,7242,0,7242,266
2020-05-29,San Francisco,75,870044,2671,2453,0,2453,41
2020-05-29,San Joaquin,77,732212,1111,855,4,859,34
2020-05-29,San Luis Obispo,79,281455,320,270,2,272,1
2020-05-29,San Mateo,81,765935,2371,2103,3,2106,71
2020-05-29,Santa Barbara,83,443738,2027,1656,5,1661,9
2020-05-29,Santa Clara,85,1922200,3186,2707,4,2711,141
2020-05-29,Santa Cruz,87,273765,226,203,0,203,2
2020-05-29,Shasta,89,179085,57,36,0,36,4
2020-05-29,Sierra,91,2930,1,1,0,1,0
2020-05-29,Siskiyou,93,43540,10,7,0,7,0
2020-05-29,Solano,95,438530,619,498,1,499,6
2020-05-29,Sonoma,97,501317,620,537,1,538,4
2020-05-29,Stanislaus,99,539301,864,698,5,703,27
2020-05-29,Sutter,101,95872,44,40,0,40,2
2020-05-29,Tehama,103,63373,9,4,1,5,1
2020-05-29,Trinity,105,12862,1,1,1,2,0
2020-05-29,Tulare,107,460477,2427,1852,2,1854,80
2020-05-29,Tuolumne,109,53932,5,4,1,5,0
2020-05-29,Ventura,111,848112,1502,1093,4,1097,29
2020-05-29,Yolo,113,214977,226,211,0,211,24
2020-05-29,Yuba,115,75493,29,25,0,25,1
2020-05-28,Alameda,1,1643700,3687,3083,3,3086,94
2020-05-28,Alpine,3,1148,2,1,0,1,0
2020-05-28,Amador,5,37829,10,10,0,10,0
2020-05-28,Butte,7,227075,64,40,2,42,0
2020-05-28,Calaveras,9,45235,16,15,0,15,0
2020-05-28,Colusa,11,21464,8,5,0,5,0
2020-05-28,Contra Costa,13,1133247,1635,1392,0,1392,37
2020-05-28,Del Norte,15,27424,45,37,0,37,0
2020-05-28,El Dorado,17,186661,108,82,0,82,0
2020-05-28,Fresno,19,978130,3028,1653,33,1686,31
2020-05-28,Glenn,21,27897,18,14,0,14,0
2020-05-28,Humboldt,23,135768,110,97,0,97,2
2020-05-28,Imperial,25,180216,3416,1430,6,1436,14
2020-05-28,Inyo,27,18085,20,20,0,20,1
2020-05-28,Kern,29,883053,2688,2069,6,2075,36
2020-05-28,Kings,31,150075,878,626,3,629,3
2020-05-28,Lake,33,64148,29,17,0,17,0
2020-05-28,Lassen,35,31185,7,0,2,2,0
2020-05-28,Los Angeles,37,10098052,59307,49861,22,49883,2222
2020-05-28,Madera,39,155013,215,93,0,93,2
2020-05-28,Marin,41,260295,500,443,2,445,14
2020-05-28,Mariposa,43,17540,16,16,0,16,1
2020-05-28,Mendocino,45,87422,27,24,0,24,0
2020-05-28,Merced,47,269075,379,283,0,283,7
2020-05-28,Modoc,49,8938,0,0,0,0,0
2020-05-28,Mono,51,14174,38,34,0,34,1
2020-05-28,Monterey,53,433212,632,471,1,472,10
2020-05-28,Napa,55,140530,137,113,0,113,3
2020-05-28,Nevada,57,99092,45,41,1,42,1
2020-05-28,Orange,59,3164182,8660,6045,39,6084,130
2020-05-28,Placer,61,380077,253,196,1,197,9
2020-05-28,Plumas,63,18699,4,4,0,4,0
2020-05-28,Riverside,65,2383286,9006,7240,7,7247,304
2020-05-28,Sacramento,67,1510023,1476,1339,2,1341,57
2020-05-28,San Benito,69,59416,94,82,0,82,2
2020-05-28,San Bernardino,71,2135413,6057,4831,2,4833,191
2020-05-28,San Diego,73,3302833,8260,7102,0,7102,260
2020-05-28,San Francisco,75,870044,2637,2417,0,2417,40
2020-05-28,San Joaquin,77,732212,1076,840,4,844,34
2020-05-28,San Luis Obispo,79,281455,317,267,2,269,1
2020-05-28,San Mateo,81,765935,2344,2070,3,2073,71
2020-05-28,Santa Barbara,83,443738,1982,1642,4,1646,9
2020-05-28,Santa Clara,85,1922200,3147,2698,4,2702,140
2020-05-28,Santa Cruz,87,273765,225,201,0,201,2
2020-05-28,Shasta,89,179085,55,36,0,36,4
2020-05-28,Sierra,91,2930,1,1,0,1,0
2020-05-28,Siskiyou,93,43540,8,6,0,6,0
2020-05-28,Solano,95,438530,602,489,1,490,6
2020-05-28,Sonoma,97,501317,598,529,1,530,4
2020-05-28,Stanislaus,99,539301,823,684,5,689,27
2020-05-28,Sutter,101,95872,44,40,0,40,2
2020-05-28,Tehama,103,63373,9,4,1,5,1
2020-05-28,Trinity,105,12862,1,1,1,2,0
2020-05-28,Tulare,107,460477,2391,1832,2,1834,79
2020-05-28,Tuolumne,109,53932,5,4,1,5,0
2020-05-28,Ventura,111,848112,1472,1083,4,1087,29
2020-05-28,Yolo,113,214977,223,206,0,206,22
2020-05-28,Yuba,115,75493,28,24,0,24,1
2020-05-27,Alameda,1,1643700,3605,3037,3,3040,94
2020-05-27,Alpine,3,1148,2,1,0,1,0
2020-05-27,Amador,5,37829,10,10,0,10,0
2020-05-27,Butte,7,227075,61,40,1,41,0
2020-05-27,Calaveras,9,45235,15,15,0,15,0
2020-05-27,Colusa,11,21464,8,5,0,5,0
2020-05-27,Contra Costa,13,1133247,1595,1373,0,1373,37
2020-05-27,Del Norte,15,27424,45,34,0,34,0
2020-05-27,El Dorado,17,186661,107,82,0,82,0
2020-05-27,Fresno,19,978130,2941,1620,33,1653,27
2020-05-27,Glenn,21,27897,18,14,0,14,0
2020-05-27,Humboldt,23,135768,110,86,0,86,2
2020-05-27,Imperial,25,180216,3236,1369,6,1375,14
2020-05-27,Inyo,27,18085,20,20,0,20,1
2020-05-27,Kern,29,883053,2623,1999,6,2005,37
2020-05-27,Kings,31,150075,851,586,3,589,3
2020-05-27,Lake,33,64148,29,13,0,13,0
2020-05-27,Lassen,35,31185,7,0,2,2,0
2020-05-27,Los Angeles,37,10098052,57930,48711,22,48733,2177
2020-05-27,Madera,39,155013,206,91,0,91,2
2020-05-27,Marin,41,260295,471,439,2,441,14
2020-05-27,Mariposa,43,17540,16,16,0,16,1
2020-05-27,Mendocino,45,87422,26,21,0,21,0
2020-05-27,Merced,47,269075,375,278,0,278,7
2020-05-27,Modoc,49,8938,0,0,0,0,0
2020-05-27,Mono,51,14174,38,34,0,34,1
2020-05-27,Monterey,53,433212,592,443,1,444,8
2020-05-27,Napa,55,140530,132,112,0,112,3
2020-05-27,Nevada,57,99092,44,41,1,42,1
2020-05-27,Orange,59,3164182,8504,5849,39,5888,121
2020-05-27,Placer,61,380077,234,196,1,197,9
2020-05-27,Plumas,63,18699,4,4,0,4,0
2020-05-27,Riverside,65,2383286,8627,7156,7,7163,299
2020-05-27,Sacramento,67,1510023,1448,1318,2,1320,50
2020-05-27,San Benito,69,59416,91,74,0,74,2
2020-05-27,San Bernardino,71,2135413,5873,4708,2,4710,183
2020-05-27,San Diego,73,3302833,8110,6985,0,6985,255
2020-05-27,San Francisco,75,870044,2608,2394,0,2394,40
2020-05-27,San Joaquin,77,732212,1035,825,4,829,34
2020-05-27,San Luis Obispo,79,281455,312,266,2,268,1
2020-05-27,San Mateo,81,765935,2304,2045,3,2048,71
2020-05-27,Santa Barbara,83,443738,1963,1629,4,1633,9
2020-05-27,Santa Clara,85,1922200,3115,2680,4,2684,140
2020-05-27,Santa Cruz,87,273765,221,202,0,202,2
2020-05-27,Shasta,89,179085,52,36,0,36,4
2020-05-27,Sierra,91,2930,1,1,0,1,0
2020-05-27,Siskiyou,93,43540,8,6,0,6,0
2020-05-27,Solano,95,438530,582,477,1,478,5
2020-05-27,Sonoma,97,501317,584,521,1,522,4
2020-05-27,Stanislaus,99,539301,798,675,5,680,27
2020-05-27,Sutter,101,95872,43,40,0,40,2
2020-05-27,Tehama,103,63373,9,3,1,4,1
2020-05-27,Trinity,105,12862,1,1,1,2,0
2020-05-27,Tulare,107,460477,2339,1817,2,1819,77
2020-05-27,Tuolumne,109,53932,5,4,1,5,0
2020-05-27,Ventura,111,848112,1450,1065,4,1069,28
2020-05-27,Yolo,113,214977,222,204,0,204,22
2020-05-27,Yuba,115,75493,28,24,0,24,1
2020-05-26,Alameda,1,1643700,3512,2956,3,2959,92
2020-05-26,Alpine,3,1148,2,1,0,1,0
2020-05-26,Amador,5,37829,10,10,0,10,0
2020-05-26,Butte,7,227075,59,37,1,38,0
2020-05-26,Calaveras,9,45235,15,13,0,13,0
2020-05-26,Colusa,11,21464,8,4,0,4,0
2020-05-26,Contra Costa,13,1133247,1560,1352,0,1352,37
2020-05-26,Del Norte,15,27424,44,30,0,30,0
2020-05-26,El Dorado,17,186661,103,79,0,79,0
2020-05-26,Fresno,19,978130,2857,1496,33,1529,22
2020-05-26,Glenn,21,27897,16,12,0,12,0
2020-05-26,Humboldt,23,135768,108,81,0,81,2
2020-05-26,Imperial,25,180216,3020,1369,6,1375,14
2020-05-26,Inyo,27,18085,20,20,0,20,1
2020-05-26,Kern,29,883053,2545,1890,6,1896,31
2020-05-26,Kings,31,150075,783,449,2,451,2
2020-05-26,Lake,33,64148,27,12,0,12,0
2020-05-26,Lassen,35,31185,6,0,2,2,0
2020-05-26,Los Angeles,37,10098052,56463,47760,22,47782,2121
2020-05-26,Madera,39,155013,191,83,0,83,2
2020-05-26,Marin,41,260295,459,424,2,426,14
2020-05-26,Mariposa,43,17540,16,16,0,16,1
2020-05-26,Mendocino,45,87422,24,20,0,20,0
2020-05-26,Merced,47,269075,361,266,0,266,7
2020-05-26,Modoc,49,8938,0,1,0,1,0
2020-05-26,Mono,51,14174,37,34,0,34,1
2020-05-26,Monterey,53,433212,564,424,0,424,8
2020-05-26,Napa,55,140530,127,109,0,109,3
2020-05-26,Nevada,57,99092,43,41,1,42,1
2020-05-26,Orange,59,3164182,8236,5651,38,5689,115
2020-05-26,Placer,61,380077,229,188,1,189,9
2020-05-26,Plumas,63,18699,4,4,0,4,0
2020-05-26,Riverside,65,2383286,8180,6917,7,6924,284
2020-05-26,Sacramento,67,1510023,1422,1298,2,1300,50
2020-05-26,San Benito,69,59416,86,69,0,69,2
2020-05-26,San Bernardino,71,2135413,5705,4430,2,4432,175
2020-05-26,San Diego,73,3302833,7967,6884,0,6884,249
2020-05-26,San Francisco,75,870044,2575,2363,0,2363,40
2020-05-26,San Joaquin,77,732212,988,760,4,764,33
2020-05-26,San Luis Obispo,79,281455,310,260,2,262,1
2020-05-26,San Mateo,81,765935,2266,1967,2,1969,71
2020-05-26,Santa Barbara,83,443738,1939,1590,4,1594,9
2020-05-26,Santa Clara,85,1922200,3082,2659,4,2663,139
2020-05-26,Santa Cruz,87,273765,219,197,0,197,2
2020-05-26,Shasta,89,179085,52,36,0,36,4
2020-05-26,Sierra,91,2930,1,1,0,1,0
2020-05-26,Siskiyou,93,43540,7,6,0,6,0
2020-05-26,Solano,95,438530,564,470,1,471,5
2020-05-26,Sonoma,97,501317,576,509,0,509,4
2020-05-26,Stanislaus,99,539301,777,663,5,668,27
2020-05-26,Sutter,101,95872,42,39,0,39,2
2020-05-26,Tehama,103,63373,8,2,1,3,1
2020-05-26,Trinity,105,12862,1,1,1,2,0
2020-05-26,Tulare,107,460477,2283,1768,2,1770,76
2020-05-26,Tuolumne,109,53932,5,2,1,3,0
2020-05-26,Ventura,111,848112,1416,1033,2,1035,27
2020-05-26,Yolo,113,214977,216,198,0,198,22
2020-05-26,Yuba,115,75493,27,24,0,24,1
2020-05-25,Alameda,1,1643700,3419,2900,2,2902,92
2020-05-25,Alpine,3,1148,2,1,0,1,0
2020-05-25,Amador,5,37829,10,10,0,10,0
2020-05-25,Butte,7,227075,56,37,1,38,0
2020-05-25,Calaveras,9,45235,15,13,0,13,0
2020-05-25,Colusa,11,21464,7,4,0,4,0
2020-05-25,Contra Costa,13,1133247,1528,1348,0,1348,37
2020-05-25,Del Norte,15,27424,44,20,0,20,0
2020-05-25,El Dorado,17,186661,95,78,0,78,0
2020-05-25,Fresno,19,978130,2755,1496,30,1526,22
2020-05-25,Glenn,21,27897,16,12,0,12,0
2020-05-25,Humboldt,23,135768,107,81,0,81,2
2020-05-25,Imperial,25,180216,2809,1369,6,1375,14
2020-05-25,Inyo,27,18085,19,20,0,20,1
2020-05-25,Kern,29,883053,2474,1890,6,1896,31
2020-05-25,Kings,31,150075,754,447,2,449,2
2020-05-25,Lake,33,64148,25,13,0,13,0
2020-05-25,Lassen,35,31185,6,0,2,2,0
2020-05-25,Los Angeles,37,10098052,54648,45952,22,45974,2094
2020-05-25,Madera,39,155013,179,83,0,83,2
2020-05-25,Marin,41,260295,441,415,2,417,14
2020-05-25,Mariposa,43,17540,16,15,0,15,1
2020-05-25,Mendocino,45,87422,21,19,0,19,0
2020-05-25,Merced,47,269075,354,262,0,262,6
2020-05-25,Modoc,49,8938,0,1,0,1,0
2020-05-25,Mono,51,14174,37,34,0,34,1
2020-05-25,Monterey,53,433212,534,418,0,418,8
2020-05-25,Napa,55,140530,127,107,0,107,3
2020-05-25,Nevada,57,99092,43,41,1,42,1
2020-05-25,Orange,59,3164182,8014,5601,37,5638,115
2020-05-25,Placer,61,380077,227,186,1,187,9
2020-05-25,Plumas,63,18699,4,4,0,4,0
2020-05-25,Riverside,65,2383286,7949,6900,7,6907,284
2020-05-25,Sacramento,67,1510023,1402,1290,1,1291,50
2020-05-25,San Benito,69,59416,85,70,0,70,2
2020-05-25,San Bernardino,71,2135413,5515,4393,2,4395,175
2020-05-25,San Diego,73,3302833,7791,6799,0,6799,249
2020-05-25,San Francisco,75,870044,2538,2358,0,2358,40
2020-05-25,San Joaquin,77,732212,962,760,4,764,33
2020-05-25,San Luis Obispo,79,281455,308,260,2,262,1
2020-05-25,San Mateo,81,765935,2230,1938,2,1940,71
2020-05-25,Santa Barbara,83,443738,1923,1590,4,1594,9
2020-05-25,Santa Clara,85,1922200,3050,2647,4,2651,139
2020-05-25,Santa Cruz,87,273765,217,191,0,191,2
2020-05-25,Shasta,89,179085,51,36,0,36,4
2020-05-25,Sierra,91,2930,1,1,0,1,0
2020-05-25,Siskiyou,93,43540,7,6,0,6,0
2020-05-25,Solano,95,438530,550,437,1,438,5
2020-05-25,Sonoma,97,501317,564,496,0,496,4
2020-05-25,Stanislaus,99,539301,747,651,5,656,27
2020-05-25,Sutter,101,95872,42,38,0,38,2
2020-05-25,Tehama,103,63373,7,2,1,3,1
2020-05-25,Trinity,105,12862,1,1,1,2,0
2020-05-25,Tulare,107,460477,2220,1747,2,1749,76
2020-05-25,Tuolumne,109,53932,5,2,1,3,0
2020-05-25,Ventura,111,848112,1377,1020,2,1022,27
2020-05-25,Yolo,113,214977,214,197,0,197,22
2020-05-25,Yuba,115,75493,26,24,0,24,1
2020-05-24,Alameda,1,1643700,3346,2830,2,2832,92
2020-05-24,Alpine,3,1148,2,1,0,1,0
2020-05-24,Amador,5,37829,10,9,0,9,0
2020-05-24,Butte,7,227075,54,35,1,36,0
2020-05-24,Calaveras,9,45235,15,13,0,13,0
2020-05-24,Colusa,11,21464,7,4,0,4,0
2020-05-24,Contra Costa,13,1133247,1500,1325,0,1325,37
2020-05-24,Del Norte,15,27424,43,16,0,16,0
2020-05-24,El Dorado,17,186661,94,76,0,76,0
2020-05-24,Fresno,19,978130,2689,1455,28,1483,22
2020-05-24,Glenn,21,27897,15,12,0,12,0
2020-05-24,Humboldt,23,135768,107,81,0,81,2
2020-05-24,Imperial,25,180216,2683,1369,6,1375,14
2020-05-24,Inyo,27,18085,19,20,0,20,1
2020-05-24,Kern,29,883053,2401,1861,5,1866,31
2020-05-24,Kings,31,150075,743,446,2,448,2
2020-05-24,Lake,33,64148,24,12,0,12,0
2020-05-24,Lassen,35,31185,5,0,2,2,0
2020-05-24,Los Angeles,37,10098052,53634,44954,22,44976,2085
2020-05-24,Madera,39,155013,174,83,0,83,2
2020-05-24,Marin,41,260295,439,401,2,403,14
2020-05-24,Mariposa,43,17540,16,15,0,15,1
2020-05-24,Mendocino,45,87422,20,19,0,19,0
2020-05-24,Merced,47,269075,353,258,0,258,6
2020-05-24,Modoc,49,8938,0,0,0,0,0
2020-05-24,Mono,51,14174,37,34,0,34,1
2020-05-24,Monterey,53,433212,506,405,0,405,8
2020-05-24,Napa,55,140530,125,104,0,104,3
2020-05-24,Nevada,57,99092,43,41,1,42,1
2020-05-24,Orange,59,3164182,7858,5439,36,5475,113
2020-05-24,Placer,61,380077,219,184,1,185,9
2020-05-24,Plumas,63,18699,4,4,0,4,0
2020-05-24,Riverside,65,2383286,7808,6571,7,6578,284
2020-05-24,Sacramento,67,1510023,1385,1283,1,1284,50
2020-05-24,San Benito,69,59416,84,67,0,67,2
2020-05-24,San Bernardino,71,2135413,5407,4262,2,4264,175
2020-05-24,San Diego,73,3302833,7648,6703,0,6703,249
2020-05-24,San Francisco,75,870044,2514,2318,0,2318,40
2020-05-24,San Joaquin,77,732212,943,760,4,764,33
2020-05-24,San Luis Obispo,79,281455,306,257,2,259,1
2020-05-24,San Mateo,81,765935,2195,1925,2,1927,71
2020-05-24,Santa Barbara,83,443738,1908,1573,4,1577,9
2020-05-24,Santa Clara,85,1922200,3031,2623,4,2627,139
2020-05-24,Santa Cruz,87,273765,214,185,0,185,2
2020-05-24,Shasta,89,179085,50,36,0,36,4
2020-05-24,Sierra,91,2930,1,1,0,1,0
2020-05-24,Siskiyou,93,43540,6,6,0,6,0
2020-05-24,Solano,95,438530,542,436,0,436,5
2020-05-24,Sonoma,97,501317,553,485,0,485,4
2020-05-24,Stanislaus,99,539301,727,634,5,639,27
2020-05-24,Sutter,101,95872,42,38,0,38,2
2020-05-24,Tehama,103,63373,5,2,1,3,1
2020-05-24,Trinity,105,12862,1,1,1,2,0
2020-05-24,Tulare,107,460477,2174,1684,2,1686,74
2020-05-24,Tuolumne,109,53932,5,2,0,2,0
2020-05-24,Ventura,111,848112,1365,982,2,984,27
2020-05-24,Yolo,113,214977,212,192,0,192,22
2020-05-24,Yuba,115,75493,26,24,0,24,1
2020-05-23,Alameda,1,1643700,3305,2783,2,2785,91
2020-05-23,Alpine,3,1148,2,1,0,1,0
2020-05-23,Amador,5,37829,10,9,0,9,0
2020-05-23,Butte,7,227075,53,34,1,35,0
2020-05-23,Calaveras,9,45235,15,13,0,13,0
2020-05-23,Colusa,11,21464,7,4,0,4,0
2020-05-23,Contra Costa,13,1133247,1489,1302,0,1302,36
2020-05-23,Del Norte,15,27424,43,10,0,10,0
2020-05-23,El Dorado,17,186661,94,74,0,74,0
2020-05-23,Fresno,19,978130,2669,1447,28,1475,21
2020-05-23,Glenn,21,27897,15,12,0,12,0
2020-05-23,Humboldt,23,135768,105,80,0,80,2
2020-05-23,Imperial,25,180216,2595,1283,6,1289,14
2020-05-23,Inyo,27,18085,19,20,0,20,1
2020-05-23,Kern,29,883053,2358,1806,5,1811,31
2020-05-23,Kings,31,150075,739,444,2,446,2
2020-05-23,Lake,33,64148,23,10,0,10,0
2020-05-23,Lassen,35,31185,5,0,2,2,0
2020-05-23,Los Angeles,37,10098052,53093,44029,22,44051,2069
2020-05-23,Madera,39,155013,170,83,0,83,2
2020-05-23,Marin,41,260295,439,393,1,394,14
2020-05-23,Mariposa,43,17540,16,15,0,15,1
2020-05-23,Mendocino,45,87422,20,13,0,13,0
2020-05-23,Merced,47,269075,350,247,0,247,6
2020-05-23,Modoc,49,8938,0,0,0,0,0
2020-05-23,Mono,51,14174,36,34,0,34,1
2020-05-23,Monterey,53,433212,492,397,0,397,8
2020-05-23,Napa,55,140530,121,101,0,101,3
2020-05-23,Nevada,57,99092,43,41,1,42,1
2020-05-23,Orange,59,3164182,7701,5313,35,5348,113
2020-05-23,Placer,61,380077,213,184,1,185,9
2020-05-23,Plumas,63,18699,4,4,0,4,0
2020-05-23,Riverside,65,2383286,7717,6460,7,6467,284
2020-05-23,Sacramento,67,1510023,1369,1275,1,1276,50
2020-05-23,San Benito,69,59416,79,67,0,67,2
2020-05-23,San Bernardino,71,2135413,5314,4172,2,4174,175
2020-05-23,San Diego,73,3302833,7557,6561,0,6561,249
2020-05-23,San Francisco,75,870044,2495,2312,0,2312,40
2020-05-23,San Joaquin,77,732212,928,759,4,763,33
2020-05-23,San Luis Obispo,79,281455,303,256,2,258,1
2020-05-23,San Mateo,81,765935,2167,1862,2,1864,71
2020-05-23,Santa Barbara,83,443738,1897,1566,4,1570,9
2020-05-23,Santa Clara,85,1922200,3018,2593,4,2597,139
2020-05-23,Santa Cruz,87,273765,212,177,0,177,2
2020-05-23,Shasta,89,179085,50,35,0,35,4
2020-05-23,Sierra,91,2930,1,1,0,1,0
2020-05-23,Siskiyou,93,43540,6,6,0,6,0
2020-05-23,Solano,95,438530,537,435,0,435,5
2020-05-23,Sonoma,97,501317,539,462,0,462,4
2020-05-23,Stanislaus,99,539301,719,625,5,630,27
2020-05-23,Sutter,101,95872,41,38,0,38,2
2020-05-23,Tehama,103,63373,5,2,1,3,1
2020-05-23,Trinity,105,12862,1,1,1,2,0
2020-05-23,Tulare,107,460477,2153,1682,2,1684,73
2020-05-23,Tuolumne,109,53932,5,2,0,2,0
2020-05-23,Ventura,111,848112,1345,961,2,963,27
2020-05-23,Yolo,113,214977,211,188,0,188,22
2020-05-23,Yuba,115,75493,26,24,0,24,1
2020-05-22,Alameda,1,1643700,3251,2722,2,2724,91
2020-05-22,Alpine,3,1148,2,1,0,1,0
2020-05-22,Amador,5,37829,10,9,0,9,0
2020-05-22,Butte,7,227075,51,34,1,35,0
2020-05-22,Calaveras,9,45235,15,13,0,13,0
2020-05-22,Colusa,11,21464,7,4,0,4,0
2020-05-22,Contra Costa,13,1133247,1477,1272,0,1272,36
2020-05-22,Del Norte,15,27424,41,9,0,9,0
2020-05-22,El Dorado,17,186661,91,74,0,74,0
2020-05-22,Fresno,19,978130,2611,1399,27,1426,20
2020-05-22,Glenn,21,27897,15,12,0,12,0
2020-05-22,Humboldt,23,135768,105,80,0,80,2
2020-05-22,Imperial,25,180216,2495,1214,6,1220,14
2020-05-22,Inyo,27,18085,19,20,0,20,1
2020-05-22,Kern,29,883053,2310,1749,5,1754,28
2020-05-22,Kings,31,150075,736,428,2,430,2
2020-05-22,Lake,33,64148,22,10,0,10,0
2020-05-22,Lassen,35,31185,3,0,2,2,0
2020-05-22,Los Angeles,37,10098052,52300,43025,22,43047,2027
2020-05-22,Madera,39,155013,166,82,0,82,2
2020-05-22,Marin,41,260295,435,372,1,373,14
2020-05-22,Mariposa,43,17540,16,15,0,15,1
2020-05-22,Mendocino,45,87422,19,13,0,13,0
2020-05-22,Merced,47,269075,350,233,0,233,6
2020-05-22,Modoc,49,8938,0,0,0,0,0
2020-05-22,Mono,51,14174,36,34,0,34,1
2020-05-22,Monterey,53,433212,481,372,0,372,8
2020-05-22,Napa,55,140530,119,97,0,97,3
2020-05-22,Nevada,57,99092,42,41,1,42,1
2020-05-22,Orange,59,3164182,7507,5144,33,5177,113
2020-05-22,Placer,61,380077,213,181,1,182,9
2020-05-22,Plumas,63,18699,4,4,0,4,0
2020-05-22,Riverside,65,2383286,7602,6351,7,6358,283
2020-05-22,Sacramento,67,1510023,1353,1262,1,1263,50
2020-05-22,San Benito,69,59416,78,64,0,64,2
2020-05-22,San Bernardino,71,2135413,5239,4107,2,4109,173
2020-05-22,San Diego,73,3302833,7471,6436,0,6436,242
2020-05-22,San Francisco,75,870044,2477,2251,0,2251,40
2020-05-22,San Joaquin,77,732212,915,747,4,751,33
2020-05-22,San Luis Obispo,79,281455,303,254,2,256,1
2020-05-22,San Mateo,81,765935,2148,1847,2,1849,71
2020-05-22,Santa Barbara,83,443738,1881,1554,4,1558,9
2020-05-22,Santa Clara,85,1922200,3000,2537,4,2541,139
2020-05-22,Santa Cruz,87,273765,209,171,0,171,2
2020-05-22,Shasta,89,179085,50,34,0,34,4
2020-05-22,Sierra,91,2930,1,0,0,0,0
2020-05-22,Siskiyou,93,43540,6,6,0,6,0
2020-05-22,Solano,95,438530,534,431,0,431,4
2020-05-22,Sonoma,97,501317,535,444,0,444,4
2020-05-22,Stanislaus,99,539301,709,616,5,621,27
2020-05-22,Sutter,101,95872,41,38,0,38,2
2020-05-22,Tehama,103,63373,5,2,0,2,1
2020-05-22,Trinity,105,12862,1,1,1,2,0
2020-05-22,Tulare,107,460477,2123,1662,2,1664,73
2020-05-22,Tuolumne,109,53932,5,2,0,2,0
2020-05-22,Ventura,111,848112,1327,937,2,939,27
2020-05-22,Yolo,113,214977,209,187,0,187,22
2020-05-22,Yuba,115,75493,26,24,0,24,1
2020-05-21,Alameda,1,1643700,3186,2606,2,2608,89
2020-05-21,Alpine,3,1148,2,1,0,1,0
2020-05-21,Amador,5,37829,10,9,0,9,0
2020-05-21,Butte,7,227075,50,31,1,32,0
2020-05-21,Calaveras,9,45235,14,13,0,13,0
2020-05-21,Colusa,11,21464,7,4,0,4,0
2020-05-21,Contra Costa,13,1133247,1441,1243,0,1243,36
2020-05-21,Del Norte,15,27424,38,9,0,9,0
2020-05-21,El Dorado,17,186661,90,67,0,67,0
2020-05-21,Fresno,19,978130,2521,1362,27,1389,20
2020-05-21,Glenn,21,27897,14,12,0,12,0
2020-05-21,Humboldt,23,135768,104,79,0,79,0
2020-05-21,Imperial,25,180216,2333,1096,6,1102,14
2020-05-21,Inyo,27,18085,19,20,0,20,1
2020-05-21,Kern,29,883053,2234,1684,4,1688,27
2020-05-21,Kings,31,150075,715,417,2,419,2
2020-05-21,Lake,33,64148,17,10,0,10,0
2020-05-21,Lassen,35,31185,3,0,2,2,0
2020-05-21,Los Angeles,37,10098052,51261,42063,22,42085,1996
2020-05-21,Madera,39,155013,163,82,0,82,2
2020-05-21,Marin,41,260295,424,359,1,360,14
2020-05-21,Mariposa,43,17540,16,15,0,15,1
2020-05-21,Mendocino,45,87422,19,12,0,12,0
2020-05-21,Merced,47,269075,339,226,0,226,6
2020-05-21,Modoc,49,8938,0,0,0,0,0
2020-05-21,Mono,51,14174,36,33,0,33,1
2020-05-21,Monterey,53,433212,470,363,0,363,8
2020-05-21,Napa,55,140530,117,96,0,96,3
2020-05-21,Nevada,57,99092,42,41,1,42,1
2020-05-21,Orange,59,3164182,7306,4975,33,5008,106
2020-05-21,Placer,61,380077,206,176,1,177,8
2020-05-21,Plumas,63,18699,4,4,0,4,0
2020-05-21,Riverside,65,2383286,7415,6245,7,6252,279
2020-05-21,Sacramento,67,1510023,1340,1258,1,1259,56
2020-05-21,San Benito,69,59416,75,61,0,61,2
2020-05-21,San Bernardino,71,2135413,5093,3950,2,3952,167
2020-05-21,San Diego,73,3302833,7335,6317,0,6317,241
2020-05-21,San Francisco,75,870044,2453,2248,0,2248,37
2020-05-21,San Joaquin,77,732212,879,730,4,734,33
2020-05-21,San Luis Obispo,79,281455,303,251,2,253,1
2020-05-21,San Mateo,81,765935,2111,1791,2,1793,74
2020-05-21,Santa Barbara,83,443738,1861,1541,4,1545,10
2020-05-21,Santa Clara,85,1922200,2981,2520,4,2524,138
2020-05-21,Santa Cruz,87,273765,201,164,0,164,3
2020-05-21,Shasta,89,179085,48,34,0,34,4
2020-05-21,Sierra,91,2930,1,0,0,0,0
2020-05-21,Siskiyou,93,43540,6,6,0,6,0
2020-05-21,Solano,95,438530,525,424,0,424,4
2020-05-21,Sonoma,97,501317,517,427,0,427,4
2020-05-21,Stanislaus,99,539301,698,602,5,607,27
2020-05-21,Sutter,101,95872,40,38,0,38,2
2020-05-21,Tehama,103,63373,4,2,0,2,1
2020-05-21,Trinity,105,12862,1,1,1,2,0
2020-05-21,Tulare,107,460477,2073,1606,2,1608,73
2020-05-21,Tuolumne,109,53932,3,2,0,2,0
2020-05-21,Ventura,111,848112,1280,907,2,909,30
2020-05-21,Yolo,113,214977,206,185,0,185,22
2020-05-21,Yuba,115,75493,26,24,0,24,1
2020-05-20,Alameda,1,1643700,3113,2554,2,2556,89
2020-05-20,Alpine,3,1148,2,1,0,1,0
2020-05-20,Amador,5,37829,10,9,0,9,0
2020-05-20,Butte,7,227075,47,30,1,31,0
2020-05-20,Calaveras,9,45235,14,13,0,13,0
2020-05-20,Colusa,11,21464,7,3,0,3,0
2020-05-20,Contra Costa,13,1133247,1411,1223,0,1223,33
2020-05-20,Del Norte,15,27424,31,9,0,9,0
2020-05-20,El Dorado,17,186661,89,67,0,67,0
2020-05-20,Fresno,19,978130,2449,1329,26,1355,17
2020-05-20,Glenn,21,27897,13,12,0,12,0
2020-05-20,Humboldt,23,135768,101,73,0,73,0
2020-05-20,Imperial,25,180216,2222,1047,6,1053,14
2020-05-20,Inyo,27,18085,19,20,0,20,1
2020-05-20,Kern,29,883053,2171,1639,3,1642,27
2020-05-20,Kings,31,150075,572,403,2,405,2
2020-05-20,Lake,33,64148,17,9,0,9,0
2020-05-20,Lassen,35,31185,2,0,2,2,0
2020-05-20,Los Angeles,37,10098052,50264,40932,22,40954,1955
2020-05-20,Madera,39,155013,161,82,0,82,2
2020-05-20,Marin,41,260295,397,348,1,349,14
2020-05-20,Mariposa,43,17540,16,15,0,15,1
2020-05-20,Mendocino,45,87422,19,12,0,12,0
2020-05-20,Merced,47,269075,332,225,0,225,6
2020-05-20,Modoc,49,8938,0,0,0,0,0
2020-05-20,Mono,51,14174,36,33,0,33,1
2020-05-20,Monterey,53,433212,456,356,0,356,8
2020-05-20,Napa,55,140530,110,93,0,93,3
2020-05-20,Nevada,57,99092,42,41,1,42,1
2020-05-20,Orange,59,3164182,7100,4866,32,4898,96
2020-05-20,Placer,61,380077,204,176,1,177,8
2020-05-20,Plumas,63,18699,4,4,0,4,0
2020-05-20,Riverside,65,2383286,7272,6090,7,6097,265
2020-05-20,Sacramento,67,1510023,1330,1244,1,1245,56
2020-05-20,San Benito,69,59416,74,61,0,61,2
2020-05-20,San Bernardino,71,2135413,4967,3771,2,3773,161
2020-05-20,San Diego,73,3302833,7218,6142,0,6142,230
2020-05-20,San Francisco,75,870044,2430,2199,0,2199,37
2020-05-20,San Joaquin,77,732212,843,713,4,717,33
2020-05-20,San Luis Obispo,79,281455,297,249,2,251,1
2020-05-20,San Mateo,81,765935,2058,1739,2,1741,74
2020-05-20,Santa Barbara,83,443738,1839,1524,4,1528,10
2020-05-20,Santa Clara,85,1922200,2961,2508,4,2512,138
2020-05-20,Santa Cruz,87,273765,198,163,0,163,3
2020-05-20,Shasta,89,179085,48,34,0,34,4
2020-05-20,Sierra,91,2930,1,0,0,0,0
2020-05-20,Siskiyou,93,43540,6,6,0,6,0
2020-05-20,Solano,95,438530,520,418,0,418,4
2020-05-20,Sonoma,97,501317,508,411,0,411,4
2020-05-20,Stanislaus,99,539301,682,584,4,588,25
2020-05-20,Sutter,101,95872,40,38,0,38,2
2020-05-20,Tehama,103,63373,4,2,0,2,1
2020-05-20,Trinity,105,12862,1,1,1,2,0
2020-05-20,Tulare,107,460477,2035,1585,2,1587,71
2020-05-20,Tuolumne,109,53932,3,2,0,2,0
2020-05-20,Ventura,111,848112,1248,879,2,881,29
2020-05-20,Yolo,113,214977,203,184,0,184,22
2020-05-20,Yuba,115,75493,26,23,0,23,1
2020-05-19,Alameda,1,1643700,3038,2493,0,2493,88
2020-05-19,Alpine,3,1148,2,1,0,1,0
2020-05-19,Amador,5,37829,10,9,0,9,0
2020-05-19,Butte,7,227075,45,25,1,26,0
2020-05-19,Calaveras,9,45235,14,13,0,13,0
2020-05-19,Colusa,11,21464,5,3,0,3,0
2020-05-19,Contra Costa,13,1133247,1388,1205,0,1205,33
2020-05-19,Del Norte,15,27424,28,8,0,8,0
2020-05-19,El Dorado,17,186661,86,67,0,67,0
2020-05-19,Fresno,19,978130,2344,1288,26,1314,15
2020-05-19,Glenn,21,27897,13,12,0,12,0
2020-05-19,Humboldt,23,135768,101,72,0,72,0
2020-05-19,Imperial,25,180216,2061,1012,6,1018,14
2020-05-19,Inyo,27,18085,19,20,0,20,1
2020-05-19,Kern,29,883053,2075,1601,3,1604,26
2020-05-19,Kings,31,150075,563,393,2,395,2
2020-05-19,Lake,33,64148,14,11,0,11,0
2020-05-19,Lassen,35,31185,2,0,2,2,0
2020-05-19,Los Angeles,37,10098052,49057,39670,22,39692,1906
2020-05-19,Madera,39,155013,158,80,0,80,2
2020-05-19,Marin,41,260295,373,340,1,341,14
2020-05-19,Mariposa,43,17540,16,15,0,15,1
2020-05-19,Mendocino,45,87422,19,12,0,12,0
2020-05-19,Merced,47,269075,324,222,0,222,5
2020-05-19,Modoc,49,8938,0,0,0,0,0
2020-05-19,Mono,51,14174,36,33,0,33,1
2020-05-19,Monterey,53,433212,444,350,0,350,8
2020-05-19,Napa,55,140530,109,93,0,93,3
2020-05-19,Nevada,57,99092,42,41,1,42,1
2020-05-19,Orange,59,3164182,6905,4746,32,4778,90
2020-05-19,Placer,61,380077,202,177,1,178,8
2020-05-19,Plumas,63,18699,4,5,0,5,0
2020-05-19,Riverside,65,2383286,7113,5963,7,5970,265
2020-05-19,Sacramento,67,1510023,1316,1239,1,1240,57
2020-05-19,San Benito,69,59416,72,59,0,59,2
2020-05-19,San Bernardino,71,2135413,4819,3656,2,3658,158
2020-05-19,San Diego,73,3302833,7074,6028,0,6028,222
2020-05-19,San Francisco,75,870044,2396,2186,0,2186,37
2020-05-19,San Joaquin,77,732212,821,705,4,709,33
2020-05-19,San Luis Obispo,79,281455,297,245,1,246,1
2020-05-19,San Mateo,81,765935,2017,1704,2,1706,71
2020-05-19,Santa Barbara,83,443738,1822,1521,4,1525,10
2020-05-19,Santa Clara,85,1922200,2916,2480,4,2484,138
2020-05-19,Santa Cruz,87,273765,187,161,0,161,3
2020-05-19,Shasta,89,179085,48,34,0,34,4
2020-05-19,Sierra,91,2930,0,0,0,0,0
2020-05-19,Siskiyou,93,43540,6,6,0,6,0
2020-05-19,Solano,95,438530,506,415,0,415,4
2020-05-19,Sonoma,97,501317,497,389,0,389,4
2020-05-19,Stanislaus,99,539301,668,582,4,586,25
2020-05-19,Sutter,101,95872,40,38,0,38,2
2020-05-19,Tehama,103,63373,4,2,0,2,1
2020-05-19,Trinity,105,12862,1,1,0,1,0
2020-05-19,Tulare,107,460477,1989,1551,2,1553,68
2020-05-19,Tuolumne,109,53932,3,2,0,2,0
2020-05-19,Ventura,111,848112,1211,861,2,863,28
2020-05-19,Yolo,113,214977,201,183,0,183,22
2020-05-19,Yuba,115,75493,26,23,0,23,1
2020-05-18,Alameda,1,1643700,2965,2442,0,2442,84
2020-05-18,Alpine,3,1148,1,1,0,1,0
2020-05-18,Amador,5,37829,10,8,0,8,0
2020-05-18,Butte,7,227075,43,24,1,25,0
2020-05-18,Calaveras,9,45235,14,13,0,13,0
2020-05-18,Colusa,11,21464,5,3,0,3,0
2020-05-18,Contra Costa,13,1133247,1357,1173,0,1173,33
2020-05-18,Del Norte,15,27424,23,8,0,8,0
2020-05-18,El Dorado,17,186661,84,67,0,67,0
2020-05-18,Fresno,19,978130,2272,1244,26,1270,14
2020-05-18,Glenn,21,27897,13,11,0,11,0
2020-05-18,Humboldt,23,135768,101,70,0,70,0
2020-05-18,Imperial,25,180216,1906,767,6,773,14
2020-05-18,Inyo,27,18085,19,20,0,20,1
2020-05-18,Kern,29,883053,2026,1566,3,1569,26
2020-05-18,Kings,31,150075,532,381,2,383,2
2020-05-18,Lake,33,64148,13,9,0,9,0
2020-05-18,Lassen,35,31185,2,0,2,2,0
2020-05-18,Los Angeles,37,10098052,48036,38477,22,38499,1825
2020-05-18,Madera,39,155013,153,74,0,74,2
2020-05-18,Marin,41,260295,360,329,1,330,14
2020-05-18,Mariposa,43,17540,16,15,0,15,1
2020-05-18,Mendocino,45,87422,14,12,0,12,0
2020-05-18,Merced,47,269075,315,217,0,217,5
2020-05-18,Modoc,49,8938,0,0,0,0,0
2020-05-18,Mono,51,14174,36,33,0,33,1
2020-05-18,Monterey,53,433212,433,345,0,345,8
2020-05-18,Napa,55,140530,105,92,0,92,3
2020-05-18,Nevada,57,99092,42,41,1,42,1
2020-05-18,Orange,59,3164182,6717,4558,29,4587,88
2020-05-18,Placer,61,380077,200,176,1,177,8
2020-05-18,Plumas,63,18699,4,5,0,5,0
2020-05-18,Riverside,65,2383286,6913,5873,7,5880,253
2020-05-18,Sacramento,67,1510023,1310,1233,0,1233,57
2020-05-18,San Benito,69,59416,70,59,0,59,2
2020-05-18,San Bernardino,71,2135413,4672,3558,2,3560,156
2020-05-18,San Diego,73,3302833,6941,5948,0,5948,211
2020-05-18,San Francisco,75,870044,2373,2183,0,2183,36
2020-05-18,San Joaquin,77,732212,809,697,4,701,33
2020-05-18,San Luis Obispo,79,281455,293,243,1,244,1
2020-05-18,San Mateo,81,765935,1979,1701,2,1703,68
2020-05-18,Santa Barbara,83,443738,1805,1501,4,1505,10
2020-05-18,Santa Clara,85,1922200,2885,2468,4,2472,137
2020-05-18,Santa Cruz,87,273765,185,160,0,160,3
2020-05-18,Shasta,89,179085,47,34,0,34,4
2020-05-18,Sierra,91,2930,0,0,0,0,0
2020-05-18,Siskiyou,93,43540,6,6,0,6,0
2020-05-18,Solano,95,438530,496,398,0,398,4
2020-05-18,Sonoma,97,501317,479,387,0,387,4
2020-05-18,Stanislaus,99,539301,656,572,4,576,25
2020-05-18,Sutter,101,95872,40,38,0,38,2
2020-05-18,Tehama,103,63373,4,2,0,2,1
2020-05-18,Trinity,105,12862,1,1,0,1,0
2020-05-18,Tulare,107,460477,1944,1491,2,1493,63
2020-05-18,Tuolumne,109,53932,3,2,0,2,0
2020-05-18,Ventura,111,848112,1189,850,1,851,27
2020-05-18,Yolo,113,214977,196,183,0,183,22
2020-05-18,Yuba,115,75493,26,23,0,23,1
2020-05-17,Alameda,1,1643700,2870,2389,0,2389,83
2020-05-17,Alpine,3,1148,1,1,0,1,0
2020-05-17,Amador,5,37829,10,8,0,8,0
2020-05-17,Butte,7,227075,43,23,1,24,0
2020-05-17,Calaveras,9,45235,14,13,0,13,0
2020-05-17,Colusa,11,21464,3,3,0,3,0
2020-05-17,Contra Costa,13,1133247,1319,1155,0,1155,33
2020-05-17,Del Norte,15,27424,23,7,0,7,0
2020-05-17,El Dorado,17,186661,84,65,0,65,0
2020-05-17,Fresno,19,978130,2175,1213,23,1236,14
2020-05-17,Glenn,21,27897,13,9,0,9,0
2020-05-17,Humboldt,23,135768,94,70,0,70,0
2020-05-17,Imperial,25,180216,1757,715,5,720,14
2020-05-17,Inyo,27,18085,19,20,0,20,1
2020-05-17,Kern,29,883053,1948,1546,3,1549,26
2020-05-17,Kings,31,150075,485,356,2,358,2
2020-05-17,Lake,33,64148,13,7,0,7,0
2020-05-17,Lassen,35,31185,2,0,2,2,0
2020-05-17,Los Angeles,37,10098052,46802,37996,22,38018,1807
2020-05-17,Madera,39,155013,151,69,0,69,2
2020-05-17,Marin,41,260295,349,315,1,316,14
2020-05-17,Mariposa,43,17540,15,15,0,15,1
2020-05-17,Mendocino,45,87422,13,10,0,10,0
2020-05-17,Merced,47,269075,304,214,0,214,5
2020-05-17,Modoc,49,8938,0,0,0,0,0
2020-05-17,Mono,51,14174,36,32,0,32,1
2020-05-17,Monterey,53,433212,413,342,0,342,8
2020-05-17,Napa,55,140530,102,89,0,89,3
2020-05-17,Nevada,57,99092,42,41,1,42,1
2020-05-17,Orange,59,3164182,6538,4466,29,4495,88
2020-05-17,Placer,61,380077,194,175,1,176,8
2020-05-17,Plumas,63,18699,4,4,0,4,0
2020-05-17,Riverside,65,2383286,6740,5776,7,5783,245
2020-05-17,Sacramento,67,1510023,1299,1224,0,1224,56
2020-05-17,San Benito,69,59416,69,59,0,59,2
2020-05-17,San Bernardino,71,2135413,4522,3467,2,3469,155
2020-05-17,San Diego,73,3302833,6809,5838,0,5838,209
2020-05-17,San Francisco,75,870044,2346,2132,0,2132,36
2020-05-17,San Joaquin,77,732212,779,688,4,692,32
2020-05-17,San Luis Obispo,79,281455,291,242,1,243,1
2020-05-17,San Mateo,81,765935,1942,1680,2,1682,68
2020-05-17,Santa Barbara,83,443738,1779,1457,4,1461,10
2020-05-17,Santa Clara,85,1922200,2847,2453,4,2457,135
2020-05-17,Santa Cruz,87,273765,174,155,0,155,3
2020-05-17,Shasta,89,179085,46,34,0,34,4
2020-05-17,Sierra,91,2930,0,0,0,0,0
2020-05-17,Siskiyou,93,43540,6,6,0,6,0
2020-05-17,Solano,95,438530,484,392,0,392,4
2020-05-17,Sonoma,97,501317,458,376,0,376,4
2020-05-17,Stanislaus,99,539301,645,566,4,570,25
2020-05-17,Sutter,101,95872,39,38,0,38,2
2020-05-17,Tehama,103,63373,3,2,0,2,1
2020-05-17,Trinity,105,12862,1,1,0,1,0
2020-05-17,Tulare,107,460477,1885,1430,2,1432,63
2020-05-17,Tuolumne,109,53932,3,2,0,2,0
2020-05-17,Ventura,111,848112,1147,838,1,839,27
2020-05-17,Yolo,113,214977,194,182,0,182,22
2020-05-17,Yuba,115,75493,26,21,0,21,1
2020-05-16,Alameda,1,1643700,2820,2327,0,2327,83
2020-05-16,Alpine,3,1148,1,1,0,1,0
2020-05-16,Amador,5,37829,10,8,0,8,0
2020-05-16,Butte,7,227075,38,22,1,23,0
2020-05-16,Calaveras,9,45235,14,13,0,13,0
2020-05-16,Colusa,11,21464,3,3,0,3,0
2020-05-16,Contra Costa,13,1133247,1301,1136,0,1136,33
2020-05-16,Del Norte,15,27424,19,4,0,4,0
2020-05-16,El Dorado,17,186661,84,65,0,65,0
2020-05-16,Fresno,19,978130,2120,1177,23,1200,14
2020-05-16,Glenn,21,27897,13,9,0,9,0
2020-05-16,Humboldt,23,135768,92,69,0,69,0
2020-05-16,Imperial,25,180216,1692,712,5,717,14
2020-05-16,Inyo,27,18085,19,20,0,20,1
2020-05-16,Kern,29,883053,1912,1509,3,1512,26
2020-05-16,Kings,31,150075,476,356,2,358,2
2020-05-16,Lake,33,64148,13,7,0,7,0
2020-05-16,Lassen,35,31185,1,0,2,2,0
2020-05-16,Los Angeles,37,10098052,46225,37352,22,37374,1778
2020-05-16,Madera,39,155013,149,70,0,70,2
2020-05-16,Marin,41,260295,345,297,1,298,14
2020-05-16,Mariposa,43,17540,15,15,0,15,1
2020-05-16,Mendocino,45,87422,13,10,0,10,0
2020-05-16,Merced,47,269075,302,201,0,201,5
2020-05-16,Modoc,49,8938,0,0,0,0,0
2020-05-16,Mono,51,14174,36,32,0,32,1
2020-05-16,Monterey,53,433212,398,329,0,329,8
2020-05-16,Napa,55,140530,102,86,0,86,3
2020-05-16,Nevada,57,99092,42,41,1,42,1
2020-05-16,Orange,59,3164182,6462,4396,29,4425,87
2020-05-16,Placer,61,380077,192,174,1,175,8
2020-05-16,Plumas,63,18699,4,4,0,4,0
2020-05-16,Riverside,65,2383286,6654,5633,7,5640,243
2020-05-16,Sacramento,67,1510023,1292,1209,0,1209,55
2020-05-16,San Benito,69,59416,64,58,0,58,2
2020-05-16,San Bernardino,71,2135413,4451,3362,2,3364,155
2020-05-16,San Diego,73,3302833,6723,5664,0,5664,209
2020-05-16,San Francisco,75,870044,2323,2094,0,2094,36
2020-05-16,San Joaquin,77,732212,771,668,4,672,32
2020-05-16,San Luis Obispo,79,281455,290,240,1,241,1
2020-05-16,San Mateo,81,765935,1927,1652,2,1654,68
2020-05-16,Santa Barbara,83,443738,1767,1422,3,1425,10
2020-05-16,Santa Clara,85,1922200,2832,2420,3,2423,135
2020-05-16,Santa Cruz,87,273765,171,154,0,154,3
2020-05-16,Shasta,89,179085,46,33,0,33,4
2020-05-16,Sierra,91,2930,0,0,0,0,0
2020-05-16,Siskiyou,93,43540,6,6,0,6,0
2020-05-16,Solano,95,438530,479,392,0,392,4
2020-05-16,Sonoma,97,501317,445,356,0,356,4
2020-05-16,Stanislaus,99,539301,636,546,4,550,24
2020-05-16,Sutter,101,95872,39,35,0,35,2
2020-05-16,Tehama,103,63373,3,2,0,2,1
2020-05-16,Trinity,105,12862,1,1,0,1,0
2020-05-16,Tulare,107,460477,1867,1426,2,1428,63
2020-05-16,Tuolumne,109,53932,3,2,0,2,0
2020-05-16,Ventura,111,848112,1122,813,1,814,25
2020-05-16,Yolo,113,214977,193,181,0,181,22
2020-05-16,Yuba,115,75493,26,21,0,21,1
2020-05-15,Alameda,1,1643700,2786,2289,0,2289,83
2020-05-15,Alpine,3,1148,1,1,0,1,0
2020-05-15,Amador,5,37829,10,8,0,8,0
2020-05-15,Butte,7,227075,36,22,1,23,0
2020-05-15,Calaveras,9,45235,14,13,0,13,0
2020-05-15,Colusa,11,21464,3,3,0,3,0
2020-05-15,Contra Costa,13,1133247,1283,1106,0,1106,33
2020-05-15,Del Norte,15,27424,14,4,0,4,0
2020-05-15,El Dorado,17,186661,84,64,0,64,0
2020-05-15,Fresno,19,978130,2054,1126,23,1149,14
2020-05-15,Glenn,21,27897,13,9,0,9,0
2020-05-15,Humboldt,23,135768,91,60,0,60,0
2020-05-15,Imperial,25,180216,1609,680,5,685,14
2020-05-15,Inyo,27,18085,19,20,0,20,1
2020-05-15,Kern,29,883053,1856,1472,3,1475,25
2020-05-15,Kings,31,150075,473,347,2,349,2
2020-05-15,Lake,33,64148,13,7,0,7,0
2020-05-15,Lassen,35,31185,1,0,2,2,0
2020-05-15,Los Angeles,37,10098052,45438,36317,22,36339,1734
2020-05-15,Madera,39,155013,148,71,0,71,2
2020-05-15,Marin,41,260295,337,295,1,296,14
2020-05-15,Mariposa,43,17540,15,15,0,15,1
2020-05-15,Mendocino,45,87422,13,10,0,10,0
2020-05-15,Merced,47,269075,299,191,0,191,5
2020-05-15,Modoc,49,8938,0,0,0,0,0
2020-05-15,Mono,51,14174,36,31,0,31,1
2020-05-15,Monterey,53,433212,392,321,0,321,8
2020-05-15,Napa,55,140530,102,83,0,83,3
2020-05-15,Nevada,57,99092,42,41,1,42,1
2020-05-15,Orange,59,3164182,6291,4281,29,4310,87
2020-05-15,Placer,61,380077,190,174,1,175,8
2020-05-15,Plumas,63,18699,4,4,0,4,0
2020-05-15,Riverside,65,2383286,6540,5496,7,5503,233
2020-05-15,Sacramento,67,1510023,1282,1203,0,1203,55
2020-05-15,San Benito,69,59416,61,57,0,57,2
2020-05-15,San Bernardino,71,2135413,4373,3225,2,3227,153
2020-05-15,San Diego,73,3302833,6616,5525,0,5525,208
2020-05-15,San Francisco,75,870044,2307,2062,0,2062,36
2020-05-15,San Joaquin,77,732212,765,656,4,660,32
2020-05-15,San Luis Obispo,79,281455,289,237,1,238,1
2020-05-15,San Mateo,81,765935,1905,1612,2,1614,68
2020-05-15,Santa Barbara,83,443738,1754,1409,3,1412,10
2020-05-15,Santa Clara,85,1922200,2807,2395,3,2398,135
2020-05-15,Santa Cruz,87,273765,170,146,0,146,3
2020-05-15,Shasta,89,179085,45,33,0,33,4
2020-05-15,Sierra,91,2930,0,0,0,0,0
2020-05-15,Siskiyou,93,43540,5,5,0,5,0
2020-05-15,Solano,95,438530,475,388,0,388,4
2020-05-15,Sonoma,97,501317,437,349,0,349,4
2020-05-15,Stanislaus,99,539301,629,540,4,544,23
2020-05-15,Sutter,101,95872,38,35,0,35,2
2020-05-15,Tehama,103,63373,3,1,0,1,1
2020-05-15,Trinity,105,12862,1,1,0,1,0
2020-05-15,Tulare,107,460477,1840,1356,2,1358,61
2020-05-15,Tuolumne,109,53932,3,2,0,2,0
2020-05-15,Ventura,111,848112,1105,789,0,789,25
2020-05-15,Yolo,113,214977,192,182,0,182,22
2020-05-15,Yuba,115,75493,26,21,0,21,1
2020-05-14,Alameda,1,1643700,2695,2255,0,2255,80
2020-05-14,Alpine,3,1148,1,1,0,1,0
2020-05-14,Amador,5,37829,10,8,0,8,0
2020-05-14,Butte,7,227075,34,22,1,23,0
2020-05-14,Calaveras,9,45235,14,13,0,13,0
2020-05-14,Colusa,11,21464,3,3,0,3,0
2020-05-14,Contra Costa,13,1133247,1257,1090,0,1090,32
2020-05-14,Del Norte,15,27424,14,4,0,4,0
2020-05-14,El Dorado,17,186661,75,59,0,59,0
2020-05-14,Fresno,19,978130,2002,1038,20,1058,12
2020-05-14,Glenn,21,27897,12,8,0,8,0
2020-05-14,Humboldt,23,135768,89,59,0,59,0
2020-05-14,Imperial,25,180216,1492,652,5,657,13
2020-05-14,Inyo,27,18085,19,20,0,20,1
2020-05-14,Kern,29,883053,1814,1430,3,1433,21
2020-05-14,Kings,31,150075,457,342,2,344,1
2020-05-14,Lake,33,64148,13,7,0,7,0
2020-05-14,Lassen,35,31185,1,0,2,2,0
2020-05-14,Los Angeles,37,10098052,44262,35427,22,35449,1693
2020-05-14,Madera,39,155013,139,69,0,69,2
2020-05-14,Marin,41,260295,319,283,1,284,14
2020-05-14,Mariposa,43,17540,15,15,0,15,0
2020-05-14,Mendocino,45,87422,12,10,0,10,0
2020-05-14,Merced,47,269075,289,182,0,182,3
2020-05-14,Modoc,49,8938,0,0,0,0,0
2020-05-14,Mono,51,14174,36,31,0,31,1
2020-05-14,Monterey,53,433212,382,317,0,317,7
2020-05-14,Napa,55,140530,100,83,0,83,3
2020-05-14,Nevada,57,99092,41,41,1,42,1
2020-05-14,Orange,59,3164182,6115,4163,27,4190,83
2020-05-14,Placer,61,380077,190,172,1,173,8
2020-05-14,Plumas,63,18699,4,4,0,4,0
2020-05-14,Riverside,65,2383286,6357,5339,7,5346,224
2020-05-14,Sacramento,67,1510023,1270,1181,0,1181,55
2020-05-14,San Benito,69,59416,59,56,0,56,2
2020-05-14,San Bernardino,71,2135413,4195,3149,2,3151,149
2020-05-14,San Diego,73,3302833,6482,5393,0,5393,200
2020-05-14,San Francisco,75,870044,2274,2029,0,2029,36
2020-05-14,San Joaquin,77,732212,750,643,4,647,31
2020-05-14,San Luis Obispo,79,281455,286,236,1,237,1
2020-05-14,San Mateo,81,765935,1873,1588,2,1590,67
2020-05-14,Santa Barbara,83,443738,1736,1395,3,1398,11
2020-05-14,Santa Clara,85,1922200,2786,2380,3,2383,134
2020-05-14,Santa Cruz,87,273765,168,145,0,145,3
2020-05-14,Shasta,89,179085,45,33,0,33,4
2020-05-14,Sierra,91,2930,0,0,0,0,0
2020-05-14,Siskiyou,93,43540,5,5,0,5,0
2020-05-14,Solano,95,438530,466,372,0,372,4
2020-05-14,Sonoma,97,501317,420,333,0,333,4
2020-05-14,Stanislaus,99,539301,610,533,4,537,23
2020-05-14,Sutter,101,95872,38,34,0,34,2
2020-05-14,Tehama,103,63373,3,1,0,1,1
2020-05-14,Trinity,105,12862,1,1,0,1,0
2020-05-14,Tulare,107,460477,1807,1317,2,1319,55
2020-05-14,Tuolumne,109,53932,3,2,0,2,0
2020-05-14,Ventura,111,848112,1077,760,0,760,25
2020-05-14,Yolo,113,214977,192,180,0,180,22
2020-05-14,Yuba,115,75493,26,21,0,21,1
2020-05-13,Alameda,1,1643700,2637,2181,0,2181,78
2020-05-13,Alpine,3,1148,1,1,0,1,0
2020-05-13,Amador,5,37829,10,8,0,8,0
2020-05-13,Butte,7,227075,34,21,1,22,0
2020-05-13,Calaveras,9,45235,14,13,0,13,0
2020-05-13,Colusa,11,21464,3,3,0,3,0
2020-05-13,Contra Costa,13,1133247,1235,1082,0,1082,32
2020-05-13,Del Norte,15,27424,13,4,0,4,0
2020-05-13,El Dorado,17,186661,74,58,0,58,0
2020-05-13,Fresno,19,978130,1913,993,20,1013,10
2020-05-13,Glenn,21,27897,11,6,0,6,0
2020-05-13,Humboldt,23,135768,83,58,0,58,0
2020-05-13,Imperial,25,180216,1422,610,5,615,11
2020-05-13,Inyo,27,18085,19,20,0,20,1
2020-05-13,Kern,29,883053,1770,1390,3,1393,19
2020-05-13,Kings,31,150075,444,314,2,316,1
2020-05-13,Lake,33,64148,13,7,0,7,0
2020-05-13,Lassen,35,31185,1,0,2,2,0
2020-05-13,Los Angeles,37,10098052,42952,34574,22,34596,1643
2020-05-13,Madera,39,155013,130,69,0,69,2
2020-05-13,Marin,41,260295,306,278,1,279,14
2020-05-13,Mariposa,43,17540,15,15,0,15,0
2020-05-13,Mendocino,45,87422,12,10,0,10,0
2020-05-13,Merced,47,269075,286,176,0,176,3
2020-05-13,Modoc,49,8938,0,0,0,0,0
2020-05-13,Mono,51,14174,35,31,0,31,1
2020-05-13,Monterey,53,433212,372,309,0,309,6
2020-05-13,Napa,55,140530,100,81,0,81,3
2020-05-13,Nevada,57,99092,41,41,1,42,1
2020-05-13,Orange,59,3164182,5869,4025,25,4050,79
2020-05-13,Placer,61,380077,189,170,1,171,8
2020-05-13,Plumas,63,18699,4,4,0,4,0
2020-05-13,Riverside,65,2383286,6234,5204,7,5211,216
2020-05-13,Sacramento,67,1510023,1255,1173,0,1173,53
2020-05-13,San Benito,69,59416,59,55,0,55,2
2020-05-13,San Bernardino,71,2135413,3940,3064,1,3065,140
2020-05-13,San Diego,73,3302833,6346,5280,0,5280,194
2020-05-13,San Francisco,75,870044,2246,2004,0,2004,35
2020-05-13,San Joaquin,77,732212,729,639,3,642,31
2020-05-13,San Luis Obispo,79,281455,284,231,1,232,1
2020-05-13,San Mateo,81,765935,1841,1550,2,1552,66
2020-05-13,Santa Barbara,83,443738,1720,1382,3,1385,10
2020-05-13,Santa Clara,85,1922200,2769,2370,3,2373,132
2020-05-13,Santa Cruz,87,273765,164,142,0,142,2
2020-05-13,Shasta,89,179085,45,32,0,32,4
2020-05-13,Sierra,91,2930,0,0,0,0,0
2020-05-13,Siskiyou,93,43540,5,5,0,5,0
2020-05-13,Solano,95,438530,453,368,0,368,4
2020-05-13,Sonoma,97,501317,410,330,0,330,4
2020-05-13,Stanislaus,99,539301,601,521,4,525,15
2020-05-13,Sutter,101,95872,38,33,0,33,2
2020-05-13,Tehama,103,63373,3,1,0,1,1
2020-05-13,Trinity,105,12862,1,2,0,2,0
2020-05-13,Tulare,107,460477,1774,1283,2,1285,54
2020-05-13,Tuolumne,109,53932,3,2,0,2,0
2020-05-13,Ventura,111,848112,1050,742,0,742,25
2020-05-13,Yolo,113,214977,190,178,0,178,22
2020-05-13,Yuba,115,75493,24,19,0,19,1
2020-05-12,Alameda,1,1643700,2575,2146,0,2146,74
2020-05-12,Alpine,3,1148,1,1,0,1,0
2020-05-12,Amador,5,37829,10,8,0,8,0
2020-05-12,Butte,7,227075,32,20,1,21,0
2020-05-12,Calaveras,9,45235,13,13,0,13,0
2020-05-12,Colusa,11,21464,3,3,0,3,0
2020-05-12,Contra Costa,13,1133247,1204,1067,0,1067,32
2020-05-12,Del Norte,15,27424,10,3,0,3,0
2020-05-12,El Dorado,17,186661,71,56,0,56,0
2020-05-12,Fresno,19,978130,1834,978,20,998,9
2020-05-12,Glenn,21,27897,10,6,0,6,0
2020-05-12,Humboldt,23,135768,80,58,0,58,0
2020-05-12,Imperial,25,180216,1291,602,3,605,9
2020-05-12,Inyo,27,18085,19,20,0,20,1
2020-05-12,Kern,29,883053,1729,1363,3,1366,18
2020-05-12,Kings,31,150075,423,302,2,304,1
2020-05-12,Lake,33,64148,13,7,0,7,0
2020-05-12,Lassen,35,31185,1,0,2,2,0
2020-05-12,Los Angeles,37,10098052,41956,33281,21,33302,1601
2020-05-12,Madera,39,155013,126,69,0,69,2
2020-05-12,Marin,41,260295,301,274,1,275,14
2020-05-12,Mariposa,43,17540,15,15,0,15,0
2020-05-12,Mendocino,45,87422,12,10,0,10,0
2020-05-12,Merced,47,269075,275,175,0,175,3
2020-05-12,Modoc,49,8938,0,0,0,0,0
2020-05-12,Mono,51,14174,35,31,0,31,1
2020-05-12,Monterey,53,433212,365,298,0,298,6
2020-05-12,Napa,55,140530,98,80,0,80,3
2020-05-12,Nevada,57,99092,41,41,1,42,1
2020-05-12,Orange,59,3164182,5687,3843,23,3866,78
2020-05-12,Placer,61,380077,188,170,1,171,8
2020-05-12,Plumas,63,18699,4,4,0,4,0
2020-05-12,Riverside,65,2383286,6113,5134,7,5141,210
2020-05-12,Sacramento,67,1510023,1235,1166,0,1166,52
2020-05-12,San Benito,69,59416,59,55,0,55,2
2020-05-12,San Bernardino,71,2135413,3789,2997,1,2998,131
2020-05-12,San Diego,73,3302833,6202,3,0,3,0
2020-05-12,San Francisco,75,870044,2211,1981,0,1981,35
2020-05-12,San Joaquin,77,732212,714,625,3,628,30
2020-05-12,San Luis Obispo,79,281455,281,226,1,227,1
2020-05-12,San Mateo,81,765935,1815,1533,2,1535,66
2020-05-12,Santa Barbara,83,443738,1681,1377,3,1380,10
2020-05-12,Santa Clara,85,1922200,2739,2362,3,2365,131
2020-05-12,Santa Cruz,87,273765,162,141,0,141,2
2020-05-12,Shasta,89,179085,44,33,0,33,4
2020-05-12,Sierra,91,2930,0,0,0,0,0
2020-05-12,Siskiyou,93,43540,5,5,0,5,0
2020-05-12,Solano,95,438530,445,361,0,361,4
2020-05-12,Sonoma,97,501317,387,308,0,308,4
2020-05-12,Stanislaus,99,539301,594,515,4,519,15
2020-05-12,Sutter,101,95872,38,33,0,33,2
2020-05-12,Tehama,103,63373,3,1,0,1,1
2020-05-12,Trinity,105,12862,1,1,0,1,0
2020-05-12,Tulare,107,460477,1744,1261,1,1262,52
2020-05-12,Tuolumne,109,53932,3,2,0,2,0
2020-05-12,Ventura,111,848112,1013,718,0,718,20
2020-05-12,Yolo,113,214977,189,176,0,176,22
2020-05-12,Yuba,115,75493,24,19,0,19,1
2020-05-11,Alameda,1,1643700,2525,2103,0,2103,71
2020-05-11,Alpine,3,1148,1,1,0,1,0
2020-05-11,Amador,5,37829,10,8,0,8,0
2020-05-11,Butte,7,227075,31,19,1,20,0
2020-05-11,Calaveras,9,45235,13,13,0,13,0
2020-05-11,Colusa,11,21464,3,3,0,3,0
2020-05-11,Contra Costa,13,1133247,1190,1052,0,1052,32
2020-05-11,Del Norte,15,27424,8,3,0,3,0
2020-05-11,El Dorado,17,186661,71,55,0,55,0
2020-05-11,Fresno,19,978130,1750,937,18,955,8
2020-05-11,Glenn,21,27897,10,6,0,6,0
2020-05-11,Humboldt,23,135768,77,56,0,56,0
2020-05-11,Imperial,25,180216,1185,562,1,563,9
2020-05-11,Inyo,27,18085,19,20,0,20,1
2020-05-11,Kern,29,883053,1677,1331,3,1334,17
2020-05-11,Kings,31,150075,400,289,1,290,1
2020-05-11,Lake,33,64148,12,7,0,7,0
2020-05-11,Lassen,35,31185,1,0,2,2,0
2020-05-11,Los Angeles,37,10098052,40778,32279,21,32300,1553
2020-05-11,Madera,39,155013,119,68,0,68,2
2020-05-11,Marin,41,260295,292,271,1,272,14
2020-05-11,Mariposa,43,17540,15,15,0,15,0
2020-05-11,Mendocino,45,87422,12,10,0,10,0
2020-05-11,Merced,47,269075,260,158,0,158,3
2020-05-11,Modoc,49,8938,0,0,0,0,0
2020-05-11,Mono,51,14174,35,30,0,30,1
2020-05-11,Monterey,53,433212,362,286,0,286,6
2020-05-11,Napa,55,140530,92,79,0,79,2
2020-05-11,Nevada,57,99092,41,41,1,42,1
2020-05-11,Orange,59,3164182,5480,3699,19,3718,77
2020-05-11,Placer,61,380077,188,170,1,171,8
2020-05-11,Plumas,63,18699,4,4,0,4,0
2020-05-11,Riverside,65,2383286,5956,5082,7,5089,203
2020-05-11,Sacramento,67,1510023,1220,1160,0,1160,52
2020-05-11,San Benito,69,59416,57,52,0,52,2
2020-05-11,San Bernardino,71,2135413,3679,2945,1,2946,124
2020-05-11,San Diego,73,3302833,6049,5067,0,5067,175
2020-05-11,San Francisco,75,870044,2163,1974,0,1974,35
2020-05-11,San Joaquin,77,732212,704,620,3,623,30
2020-05-11,San Luis Obispo,79,281455,279,224,1,225,1
2020-05-11,San Mateo,81,765935,1789,1499,2,1501,66
2020-05-11,Santa Barbara,83,443738,1661,1372,3,1375,10
2020-05-11,Santa Clara,85,1922200,2723,2340,3,2343,129
2020-05-11,Santa Cruz,87,273765,159,140,0,140,2
2020-05-11,Shasta,89,179085,44,31,0,31,4
2020-05-11,Sierra,91,2930,0,0,0,0,0
2020-05-11,Siskiyou,93,43540,5,5,0,5,0
2020-05-11,Solano,95,438530,440,354,0,354,4
2020-05-11,Sonoma,97,501317,377,303,0,303,3
2020-05-11,Stanislaus,99,539301,584,507,4,511,14
2020-05-11,Sutter,101,95872,37,32,0,32,2
2020-05-11,Tehama,103,63373,3,1,0,1,1
2020-05-11,Trinity,105,12862,1,1,0,1,0
2020-05-11,Tulare,107,460477,1695,1203,1,1204,49
2020-05-11,Tuolumne,109,53932,3,2,0,2,0
2020-05-11,Ventura,111,848112,969,698,0,698,19
2020-05-11,Yolo,113,214977,189,174,0,174,20
2020-05-11,Yuba,115,75493,24,18,0,18,1
2020-05-10,Alameda,1,1643700,2448,2047,0,2047,71
2020-05-10,Alpine,3,1148,1,1,0,1,0
2020-05-10,Amador,5,37829,10,8,0,8,0
2020-05-10,Butte,7,227075,27,18,1,19,0
2020-05-10,Calaveras,9,45235,13,13,0,13,0
2020-05-10,Colusa,11,21464,3,3,0,3,0
2020-05-10,Contra Costa,13,1133247,1176,1046,0,1046,31
2020-05-10,Del Norte,15,27424,7,3,0,3,0
2020-05-10,El Dorado,17,186661,71,55,0,55,0
2020-05-10,Fresno,19,978130,1672,894,18,912,8
2020-05-10,Glenn,21,27897,10,6,0,6,0
2020-05-10,Humboldt,23,135768,73,56,0,56,0
2020-05-10,Imperial,25,180216,1089,509,1,510,7
2020-05-10,Inyo,27,18085,19,20,0,20,1
2020-05-10,Kern,29,883053,1628,1300,2,1302,16
2020-05-10,Kings,31,150075,387,266,1,267,1
2020-05-10,Lake,33,64148,12,7,0,7,0
2020-05-10,Lassen,35,31185,1,0,2,2,0
2020-05-10,Los Angeles,37,10098052,39518,31711,21,31732,1514
2020-05-10,Madera,39,155013,117,65,0,65,2
2020-05-10,Marin,41,260295,284,267,1,268,14
2020-05-10,Mariposa,43,17540,15,15,0,15,0
2020-05-10,Mendocino,45,87422,11,10,0,10,0
2020-05-10,Merced,47,269075,245,154,0,154,3
2020-05-10,Modoc,49,8938,0,0,0,0,0
2020-05-10,Mono,51,14174,35,27,0,27,1
2020-05-10,Monterey,53,433212,348,282,0,282,6
2020-05-10,Napa,55,140530,86,79,0,79,2
2020-05-10,Nevada,57,99092,41,41,1,42,1
2020-05-10,Orange,59,3164182,5335,3627,19,3646,76
2020-05-10,Placer,61,380077,187,168,1,169,8
2020-05-10,Plumas,63,18699,4,4,0,4,0
2020-05-10,Riverside,65,2383286,5834,4951,7,4958,193
2020-05-10,Sacramento,67,1510023,1204,1152,0,1152,52
2020-05-10,San Benito,69,59416,57,52,0,52,2
2020-05-10,San Bernardino,71,2135413,3581,2910,1,2911,121
2020-05-10,San Diego,73,3302833,5897,4928,0,4928,175
2020-05-10,San Francisco,75,870044,2143,1953,0,1953,35
2020-05-10,San Joaquin,77,732212,689,611,3,614,29
2020-05-10,San Luis Obispo,79,281455,276,218,1,219,1
2020-05-10,San Mateo,81,765935,1767,1463,2,1465,65
2020-05-10,Santa Barbara,83,443738,1640,1323,3,1326,10
2020-05-10,Santa Clara,85,1922200,2699,2331,3,2334,129
2020-05-10,Santa Cruz,87,273765,158,139,0,139,2
2020-05-10,Shasta,89,179085,44,31,0,31,4
2020-05-10,Sierra,91,2930,0,0,0,0,0
2020-05-10,Siskiyou,93,43540,5,5,0,5,0
2020-05-10,Solano,95,438530,430,322,0,322,4
2020-05-10,Sonoma,97,501317,367,290,0,290,3
2020-05-10,Stanislaus,99,539301,577,498,4,502,14
2020-05-10,Sutter,101,95872,34,31,0,31,2
2020-05-10,Tehama,103,63373,3,1,0,1,1
2020-05-10,Trinity,105,12862,1,1,0,1,0
2020-05-10,Tulare,107,460477,1627,1143,1,1144,47
2020-05-10,Tuolumne,109,53932,3,2,0,2,0
2020-05-10,Ventura,111,848112,921,690,0,690,19
2020-05-10,Yolo,113,214977,189,173,0,173,20
2020-05-10,Yuba,115,75493,23,17,0,17,1
2020-05-09,Alameda,1,1643700,2405,2011,0,2011,71
2020-05-09,Alpine,3,1148,1,1,0,1,0
2020-05-09,Amador,5,37829,9,8,0,8,0
2020-05-09,Butte,7,227075,26,18,1,19,0
2020-05-09,Calaveras,9,45235,13,13,0,13,0
2020-05-09,Colusa,11,21464,3,3,0,3,0
2020-05-09,Contra Costa,13,1133247,1162,1039,0,1039,31
2020-05-09,Del Norte,15,27424,7,3,0,3,0
2020-05-09,El Dorado,17,186661,68,54,0,54,0
2020-05-09,Fresno,19,978130,1636,861,18,879,8
2020-05-09,Glenn,21,27897,9,6,0,6,0
2020-05-09,Humboldt,23,135768,71,55,0,55,0
2020-05-09,Imperial,25,180216,1033,474,1,475,7
2020-05-09,Inyo,27,18085,19,20,0,20,1
2020-05-09,Kern,29,883053,1592,1262,1,1263,15
2020-05-09,Kings,31,150075,382,264,1,265,1
2020-05-09,Lake,33,64148,12,7,0,7,0
2020-05-09,Lassen,35,31185,1,0,2,2,0
2020-05-09,Los Angeles,37,10098052,38894,31268,21,31289,1499
2020-05-09,Madera,39,155013,116,61,0,61,2
2020-05-09,Marin,41,260295,283,261,1,262,14
2020-05-09,Mariposa,43,17540,15,15,0,15,0
2020-05-09,Mendocino,45,87422,11,10,0,10,0
2020-05-09,Merced,47,269075,241,153,0,153,3
2020-05-09,Modoc,49,8938,0,0,0,0,0
2020-05-09,Mono,51,14174,35,27,0,27,1
2020-05-09,Monterey,53,433212,341,273,0,273,6
2020-05-09,Napa,55,140530,85,78,0,78,2
2020-05-09,Nevada,57,99092,41,41,1,42,1
2020-05-09,Orange,59,3164182,5254,3506,18,3524,75
2020-05-09,Placer,61,380077,186,168,1,169,8
2020-05-09,Plumas,63,18699,4,4,0,4,0
2020-05-09,Riverside,65,2383286,5740,4871,7,4878,183
2020-05-09,Sacramento,67,1510023,1200,1150,0,1150,52
2020-05-09,San Benito,69,59416,56,52,0,52,2
2020-05-09,San Bernardino,71,2135413,3525,2825,1,2826,121
2020-05-09,San Diego,73,3302833,5785,4778,0,4778,175
2020-05-09,San Francisco,75,870044,2128,1944,0,1944,34
2020-05-09,San Joaquin,77,732212,680,605,3,608,28
2020-05-09,San Luis Obispo,79,281455,272,213,1,214,1
2020-05-09,San Mateo,81,765935,1748,1453,2,1455,65
2020-05-09,Santa Barbara,83,443738,1627,1245,3,1248,10
2020-05-09,Santa Clara,85,1922200,2688,2317,3,2320,128
2020-05-09,Santa Cruz,87,273765,157,138,0,138,2
2020-05-09,Shasta,89,179085,44,31,0,31,4
2020-05-09,Sierra,91,2930,0,0,0,0,0
2020-05-09,Siskiyou,93,43540,5,5,0,5,0
2020-05-09,Solano,95,438530,424,321,0,321,4
2020-05-09,Sonoma,97,501317,363,288,0,288,3
2020-05-09,Stanislaus,99,539301,569,491,4,495,12
2020-05-09,Sutter,101,95872,34,31,0,31,2
2020-05-09,Tehama,103,63373,2,1,0,1,1
2020-05-09,Trinity,105,12862,1,1,0,1,0
2020-05-09,Tulare,107,460477,1599,1083,1,1084,47
2020-05-09,Tuolumne,109,53932,3,2,0,2,0
2020-05-09,Ventura,111,848112,900,679,0,679,19
2020-05-09,Yolo,113,214977,189,172,0,172,18
2020-05-09,Yuba,115,75493,23,17,0,17,1
2020-05-08,Alameda,1,1643700,2362,1955,0,1955,70
2020-05-08,Alpine,3,1148,1,1,0,1,0
2020-05-08,Amador,5,37829,9,8,0,8,0
2020-05-08,Butte,7,227075,26,18,1,19,0
2020-05-08,Calaveras,9,45235,13,13,0,13,0
2020-05-08,Colusa,11,21464,3,3,0,3,0
2020-05-08,Contra Costa,13,1133247,1150,1024,0,1024,29
2020-05-08,Del Norte,15,27424,7,3,0,3,0
2020-05-08,El Dorado,17,186661,67,54,0,54,0
2020-05-08,Fresno,19,978130,1604,838,18,856,8
2020-05-08,Glenn,21,27897,8,6,0,6,0
2020-05-08,Humboldt,23,135768,68,54,0,54,0
2020-05-08,Imperial,25,180216,987,467,1,468,7
2020-05-08,Inyo,27,18085,19,20,0,20,1
2020-05-08,Kern,29,883053,1561,1214,1,1215,13
2020-05-08,Kings,31,150075,373,236,1,237,1
2020-05-08,Lake,33,64148,12,7,0,7,0
2020-05-08,Lassen,35,31185,1,0,2,2,0
2020-05-08,Los Angeles,37,10098052,38165,30357,21,30378,1447
2020-05-08,Madera,39,155013,113,57,0,57,2
2020-05-08,Marin,41,260295,283,257,1,258,14
2020-05-08,Mariposa,43,17540,15,15,0,15,0
2020-05-08,Mendocino,45,87422,11,10,0,10,0
2020-05-08,Merced,47,269075,240,151,0,151,3
2020-05-08,Modoc,49,8938,0,0,0,0,0
2020-05-08,Mono,51,14174,32,27,0,27,1
2020-05-08,Monterey,53,433212,333,265,0,265,6
2020-05-08,Napa,55,140530,84,78,0,78,2
2020-05-08,Nevada,57,99092,41,41,1,42,1
2020-05-08,Orange,59,3164182,5112,3395,18,3413,72
2020-05-08,Placer,61,380077,184,166,1,167,8
2020-05-08,Plumas,63,18699,4,4,0,4,0
2020-05-08,Riverside,65,2383286,5641,4672,7,4679,181
2020-05-08,Sacramento,67,1510023,1195,1145,0,1145,51
2020-05-08,San Benito,69,59416,56,51,0,51,2
2020-05-08,San Bernardino,71,2135413,3477,2631,1,2632,119
2020-05-08,San Diego,73,3302833,5678,4664,0,4664,169
2020-05-08,San Francisco,75,870044,2110,1890,0,1890,33
2020-05-08,San Joaquin,77,732212,673,595,3,598,28
2020-05-08,San Luis Obispo,79,281455,269,210,1,211,1
2020-05-08,San Mateo,81,765935,1663,1423,2,1425,62
2020-05-08,Santa Barbara,83,443738,1614,1054,2,1056,8
2020-05-08,Santa Clara,85,1922200,2666,2285,3,2288,128
2020-05-08,Santa Cruz,87,273765,153,137,0,137,2
2020-05-08,Shasta,89,179085,44,31,0,31,4
2020-05-08,Sierra,91,2930,0,0,0,0,0
2020-05-08,Siskiyou,93,43540,5,5,0,5,0
2020-05-08,Solano,95,438530,419,314,0,314,4
2020-05-08,Sonoma,97,501317,358,285,0,285,3
2020-05-08,Stanislaus,99,539301,555,487,4,491,12
2020-05-08,Sutter,101,95872,34,30,0,30,2
2020-05-08,Tehama,103,63373,2,1,0,1,1
2020-05-08,Trinity,105,12862,1,0,0,0,0
2020-05-08,Tulare,107,460477,1554,1050,1,1051,43
2020-05-08,Tuolumne,109,53932,3,2,0,2,0
2020-05-08,Ventura,111,848112,883,665,0,665,19
2020-05-08,Yolo,113,214977,188,172,0,172,18
2020-05-08,Yuba,115,75493,22,16,0,16,1
2020-05-07,Alameda,1,1643700,2302,1914,0,1914,68
2020-05-07,Alpine,3,1148,1,1,0,1,0
2020-05-07,Amador,5,37829,9,8,0,8,0
2020-05-07,Butte,7,227075,26,19,1,20,0
2020-05-07,Calaveras,9,45235,13,13,0,13,0
2020-05-07,Colusa,11,21464,3,3,0,3,0
2020-05-07,Contra Costa,13,1133247,1136,1005,0,1005,29
2020-05-07,Del Norte,15,27424,6,3,0,3,0
2020-05-07,El Dorado,17,186661,66,54,0,54,0
2020-05-07,Fresno,19,978130,1525,812,17,829,8
2020-05-07,Glenn,21,27897,8,5,0,5,0
2020-05-07,Humboldt,23,135768,67,54,0,54,0
2020-05-07,Imperial,25,180216,924,442,1,443,6
2020-05-07,Inyo,27,18085,19,20,0,20,1
2020-05-07,Kern,29,883053,1519,1176,1,1177,13
2020-05-07,Kings,31,150075,351,219,1,220,1
2020-05-07,Lake,33,64148,11,7,0,7,0
2020-05-07,Lassen,35,31185,1,0,2,2,0
2020-05-07,Los Angeles,37,10098052,37043,29544,21,29565,1399
2020-05-07,Madera,39,155013,109,54,0,54,2
2020-05-07,Marin,41,260295,276,252,1,253,14
2020-05-07,Mariposa,43,17540,15,15,0,15,0
2020-05-07,Mendocino,45,87422,11,10,0,10,0
2020-05-07,Merced,47,269075,232,146,0,146,3
2020-05-07,Modoc,49,8938,0,0,0,0,0
2020-05-07,Mono,51,14174,32,26,0,26,1
2020-05-07,Monterey,53,433212,325,249,0,249,6
2020-05-07,Napa,55,140530,84,78,0,78,2
2020-05-07,Nevada,57,99092,41,41,1,42,1
2020-05-07,Orange,59,3164182,4929,3283,17,3300,69
2020-05-07,Placer,61,380077,184,165,1,166,8
2020-05-07,Plumas,63,18699,4,4,0,4,0
2020-05-07,Riverside,65,2383286,5525,4608,7,4615,170
2020-05-07,Sacramento,67,1510023,1189,1139,0,1139,50
2020-05-07,San Benito,69,59416,56,50,0,50,2
2020-05-07,San Bernardino,71,2135413,3385,2522,1,2523,115
2020-05-07,San Diego,73,3302833,5521,4431,0,4431,165
2020-05-07,San Francisco,75,870044,2078,1852,0,1852,33
2020-05-07,San Joaquin,77,732212,660,583,3,586,28
2020-05-07,San Luis Obispo,79,281455,258,209,1,210,1
2020-05-07,San Mateo,81,765935,1641,1398,2,1400,58
2020-05-07,Santa Barbara,83,443738,1584,720,2,722,8
2020-05-07,Santa Clara,85,1922200,2629,2281,3,2284,127
2020-05-07,Santa Cruz,87,273765,150,136,0,136,2
2020-05-07,Shasta,89,179085,43,31,0,31,4
2020-05-07,Sierra,91,2930,0,0,0,0,0
2020-05-07,Siskiyou,93,43540,5,5,0,5,0
2020-05-07,Solano,95,438530,413,307,0,307,4
2020-05-07,Sonoma,97,501317,346,282,0,282,3
2020-05-07,Stanislaus,99,539301,546,466,4,470,10
2020-05-07,Sutter,101,95872,34,29,0,29,2
2020-05-07,Tehama,103,63373,2,1,0,1,1
2020-05-07,Trinity,105,12862,1,0,0,0,0
2020-05-07,Tulare,107,460477,1490,1001,1,1002,41
2020-05-07,Tuolumne,109,53932,3,2,0,2,0
2020-05-07,Ventura,111,848112,861,647,0,647,19
2020-05-07,Yolo,113,214977,187,172,0,172,18
2020-05-07,Yuba,115,75493,22,16,0,16,1
2020-05-06,Alameda,1,1643700,2265,1864,0,1864,67
2020-05-06,Alpine,3,1148,1,1,0,1,0
2020-05-06,Amador,5,37829,9,8,0,8,0
2020-05-06,Butte,7,227075,25,19,1,20,0
2020-05-06,Calaveras,9,45235,13,13,0,13,0
2020-05-06,Colusa,11,21464,3,3,0,3,0
2020-05-06,Contra Costa,13,1133247,1115,990,0,990,29
2020-05-06,Del Norte,15,27424,6,3,0,3,0
2020-05-06,El Dorado,17,186661,64,53,0,53,0
2020-05-06,Fresno,19,978130,1464,773,15,788,8
2020-05-06,Glenn,21,27897,8,3,0,3,0
2020-05-06,Humboldt,23,135768,66,54,0,54,0
2020-05-06,Imperial,25,180216,856,399,1,400,6
2020-05-06,Inyo,27,18085,19,20,0,20,1
2020-05-06,Kern,29,883053,1464,1112,1,1113,12
2020-05-06,Kings,31,150075,333,208,1,209,1
2020-05-06,Lake,33,64148,11,7,0,7,0
2020-05-06,Lassen,35,31185,1,0,2,2,0
2020-05-06,Los Angeles,37,10098052,36040,28687,21,28708,1347
2020-05-06,Madera,39,155013,107,55,0,55,2
2020-05-06,Marin,41,260295,269,244,1,245,14
2020-05-06,Mariposa,43,17540,15,14,0,14,0
2020-05-06,Mendocino,45,87422,11,10,0,10,0
2020-05-06,Merced,47,269075,225,140,0,140,3
2020-05-06,Modoc,49,8938,0,0,0,0,0
2020-05-06,Mono,51,14174,32,26,0,26,1
2020-05-06,Monterey,53,433212,317,246,0,246,6
2020-05-06,Napa,55,140530,83,78,0,78,2
2020-05-06,Nevada,57,99092,41,41,1,42,1
2020-05-06,Orange,59,3164182,4744,3156,16,3172,66
2020-05-06,Placer,61,380077,181,164,1,165,8
2020-05-06,Plumas,63,18699,4,4,0,4,0
2020-05-06,Riverside,65,2383286,5380,4535,7,4542,163
2020-05-06,Sacramento,67,1510023,1182,1135,0,1135,49
2020-05-06,San Benito,69,59416,55,50,0,50,2
2020-05-06,San Bernardino,71,2135413,3263,2426,0,2426,110
2020-05-06,San Diego,73,3302833,5388,4321,0,4321,158
2020-05-06,San Francisco,75,870044,2052,1804,0,1804,32
2020-05-06,San Joaquin,77,732212,647,581,3,584,28
2020-05-06,San Luis Obispo,79,281455,255,207,1,208,1
2020-05-06,San Mateo,81,765935,1610,1348,2,1350,57
2020-05-06,Santa Barbara,83,443738,1537,565,2,567,8
2020-05-06,Santa Clara,85,1922200,2614,2270,3,2273,127
2020-05-06,Santa Cruz,87,273765,146,135,0,135,2
2020-05-06,Shasta,89,179085,43,31,0,31,4
2020-05-06,Sierra,91,2930,0,0,0,0,0
2020-05-06,Siskiyou,93,43540,5,5,0,5,0
2020-05-06,Solano,95,438530,403,300,0,300,4
2020-05-06,Sonoma,97,501317,330,269,0,269,3
2020-05-06,Stanislaus,99,539301,530,434,4,438,9
2020-05-06,Sutter,101,95872,34,29,0,29,2
2020-05-06,Tehama,103,63373,2,1,0,1,1
2020-05-06,Trinity,105,12862,1,0,0,0,0
2020-05-06,Tulare,107,460477,1442,963,1,964,40
2020-05-06,Tuolumne,109,53932,3,2,0,2,0
2020-05-06,Ventura,111,848112,836,619,0,619,19
2020-05-06,Yolo,113,214977,186,172,0,172,18
2020-05-06,Yuba,115,75493,22,15,0,15,1
2020-05-05,Alameda,1,1643700,2222,1819,0,1819,67
2020-05-05,Alpine,3,1148,1,1,0,1,0
2020-05-05,Amador,5,37829,9,8,0,8,0
2020-05-05,Butte,7,227075,24,19,1,20,0
2020-05-05,Calaveras,9,45235,13,13,0,13,0
2020-05-05,Colusa,11,21464,3,3,0,3,0
2020-05-05,Contra Costa,13,1133247,1097,976,0,976,29
2020-05-05,Del Norte,15,27424,6,3,0,3,0
2020-05-05,El Dorado,17,186661,62,54,0,54,0
2020-05-05,Fresno,19,978130,1395,726,13,739,8
2020-05-05,Glenn,21,27897,8,3,0,3,0
2020-05-05,Humboldt,23,135768,63,54,0,54,0
2020-05-05,Imperial,25,180216,801,389,1,390,6
2020-05-05,Inyo,27,18085,19,20,0,20,1
2020-05-05,Kern,29,883053,1413,1084,1,1085,11
2020-05-05,Kings,31,150075,317,187,1,188,1
2020-05-05,Lake,33,64148,10,7,0,7,0
2020-05-05,Lassen,35,31185,1,0,2,2,0
2020-05-05,Los Angeles,37,10098052,34972,27867,21,27888,1289
2020-05-05,Madera,39,155013,104,53,0,53,2
2020-05-05,Marin,41,260295,263,244,1,245,14
2020-05-05,Mariposa,43,17540,15,14,0,14,0
2020-05-05,Mendocino,45,87422,11,10,0,10,0
2020-05-05,Merced,47,269075,220,141,0,141,3
2020-05-05,Modoc,49,8938,0,0,0,0,0
2020-05-05,Mono,51,14174,32,25,0,25,1
2020-05-05,Monterey,53,433212,303,240,0,240,6
2020-05-05,Napa,55,140530,83,74,0,74,2
2020-05-05,Nevada,57,99092,41,41,1,42,1
2020-05-05,Orange,59,3164182,4621,3041,16,3057,63
2020-05-05,Placer,61,380077,181,162,1,163,8
2020-05-05,Plumas,63,18699,4,4,0,4,0
2020-05-05,Riverside,65,2383286,5270,4309,7,4316,161
2020-05-05,Sacramento,67,1510023,1175,1125,0,1125,48
2020-05-05,San Benito,69,59416,54,50,0,50,2
2020-05-05,San Bernardino,71,2135413,3170,2345,0,2345,104
2020-05-05,San Diego,73,3302833,5245,4162,0,4162,150
2020-05-05,San Francisco,75,870044,2017,1779,0,1779,31
2020-05-05,San Joaquin,77,732212,638,577,3,580,26
2020-05-05,San Luis Obispo,79,281455,254,203,1,204,1
2020-05-05,San Mateo,81,765935,1578,1335,2,1337,56
2020-05-05,Santa Barbara,83,443738,1311,541,2,543,7
2020-05-05,Santa Clara,85,1922200,2572,2249,3,2252,124
2020-05-05,Santa Cruz,87,273765,143,134,0,134,2
2020-05-05,Shasta,89,179085,42,31,0,31,4
2020-05-05,Sierra,91,2930,0,0,0,0,0
2020-05-05,Siskiyou,93,43540,5,5,0,5,0
2020-05-05,Solano,95,438530,387,299,0,299,4
2020-05-05,Sonoma,97,501317,327,263,0,263,3
2020-05-05,Stanislaus,99,539301,518,430,4,434,9
2020-05-05,Sutter,101,95872,34,29,0,29,2
2020-05-05,Tehama,103,63373,2,1,0,1,1
2020-05-05,Trinity,105,12862,1,0,0,0,0
2020-05-05,Tulare,107,460477,1353,869,1,870,40
2020-05-05,Tuolumne,109,53932,3,2,0,2,0
2020-05-05,Ventura,111,848112,813,607,0,607,19
2020-05-05,Yolo,113,214977,184,171,0,171,18
2020-05-05,Yuba,115,75493,22,15,0,15,1
2020-05-04,Alameda,1,1643700,2163,1762,0,1762,65
2020-05-04,Alpine,3,1148,1,1,0,1,0
2020-05-04,Amador,5,37829,8,8,0,8,0
2020-05-04,Butte,7,227075,24,16,1,17,0
2020-05-04,Calaveras,9,45235,13,13,0,13,0
2020-05-04,Colusa,11,21464,3,3,0,3,0
2020-05-04,Contra Costa,13,1133247,1079,949,0,949,28
2020-05-04,Del Norte,15,27424,5,3,0,3,0
2020-05-04,El Dorado,17,186661,61,51,0,51,0
2020-05-04,Fresno,19,978130,1329,680,12,692,8
2020-05-04,Glenn,21,27897,8,4,0,4,0
2020-05-04,Humboldt,23,135768,61,54,0,54,0
2020-05-04,Imperial,25,180216,748,351,1,352,6
2020-05-04,Inyo,27,18085,19,20,0,20,1
2020-05-04,Kern,29,883053,1373,1047,1,1048,8
2020-05-04,Kings,31,150075,300,153,1,154,1
2020-05-04,Lake,33,64148,9,7,0,7,0
2020-05-04,Lassen,35,31185,1,0,2,2,0
2020-05-04,Los Angeles,37,10098052,33672,26243,20,26263,1235
2020-05-04,Madera,39,155013,103,52,0,52,2
2020-05-04,Marin,41,260295,258,244,1,245,13
2020-05-04,Mariposa,43,17540,15,13,0,13,0
2020-05-04,Mendocino,45,87422,11,10,0,10,0
2020-05-04,Merced,47,269075,220,138,0,138,3
2020-05-04,Modoc,49,8938,0,0,0,0,0
2020-05-04,Mono,51,14174,32,25,0,25,1
2020-05-04,Monterey,53,433212,292,237,0,237,6
2020-05-04,Napa,55,140530,83,72,0,72,2
2020-05-04,Nevada,57,99092,41,41,1,42,1
2020-05-04,Orange,59,3164182,4485,2931,15,2946,57
2020-05-04,Placer,61,380077,179,162,1,163,8
2020-05-04,Plumas,63,18699,4,4,0,4,0
2020-05-04,Riverside,65,2383286,5177,4221,7,4228,147
2020-05-04,Sacramento,67,1510023,1165,1119,0,1119,44
2020-05-04,San Benito,69,59416,52,49,0,49,2
2020-05-04,San Bernardino,71,2135413,3028,2184,0,2184,99
2020-05-04,San Diego,73,3302833,5104,4022,0,4022,144
2020-05-04,San Francisco,75,870044,1979,1760,0,1760,31
2020-05-04,San Joaquin,77,732212,624,574,3,577,26
2020-05-04,San Luis Obispo,79,281455,251,202,1,203,1
2020-05-04,San Mateo,81,765935,1553,1313,2,1315,53
2020-05-04,Santa Barbara,83,443738,1055,524,2,526,7
2020-05-04,Santa Clara,85,1922200,2558,2238,3,2241,119
2020-05-04,Santa Cruz,87,273765,142,133,0,133,2
2020-05-04,Shasta,89,179085,40,31,0,31,4
2020-05-04,Sierra,91,2930,0,0,0,0,0
2020-05-04,Siskiyou,93,43540,5,5,0,5,0
2020-05-04,Solano,95,438530,373,293,0,293,4
2020-05-04,Sonoma,97,501317,313,256,0,256,4
2020-05-04,Stanislaus,99,539301,512,422,4,426,8
2020-05-04,Sutter,101,95872,31,28,0,28,2
2020-05-04,Tehama,103,63373,2,1,0,1,1
2020-05-04,Trinity,105,12862,0,0,0,0,0
2020-05-04,Tulare,107,460477,1275,760,1,761,40
2020-05-04,Tuolumne,109,53932,3,3,0,3,0
2020-05-04,Ventura,111,848112,793,590,0,590,19
2020-05-04,Yolo,113,214977,183,171,0,171,18
2020-05-04,Yuba,115,75493,19,16,0,16,1
2020-05-03,Alameda,1,1643700,2107,1731,0,1731,64
2020-05-03,Alpine,3,1148,1,1,0,1,0
2020-05-03,Amador,5,37829,8,8,0,8,0
2020-05-03,Butte,7,227075,24,17,1,18,0
2020-05-03,Calaveras,9,45235,13,13,0,13,0
2020-05-03,Colusa,11,21464,3,3,0,3,0
2020-05-03,Contra Costa,13,1133247,1063,945,0,945,28
2020-05-03,Del Norte,15,27424,5,3,0,3,0
2020-05-03,El Dorado,17,186661,59,49,0,49,0
2020-05-03,Fresno,19,978130,1238,646,11,657,8
2020-05-03,Glenn,21,27897,7,5,0,5,0
2020-05-03,Humboldt,23,135768,60,54,0,54,0
2020-05-03,Imperial,25,180216,691,351,1,352,6
2020-05-03,Inyo,27,18085,19,20,0,20,1
2020-05-03,Kern,29,883053,1320,1025,1,1026,8
2020-05-03,Kings,31,150075,280,137,1,138,1
2020-05-03,Lake,33,64148,9,7,0,7,0
2020-05-03,Lassen,35,31185,1,0,2,2,0
2020-05-03,Los Angeles,37,10098052,32689,25708,20,25728,1210
2020-05-03,Madera,39,155013,96,46,0,46,2
2020-05-03,Marin,41,260295,253,243,1,244,13
2020-05-03,Mariposa,43,17540,15,13,0,13,0
2020-05-03,Mendocino,45,87422,11,10,0,10,0
2020-05-03,Merced,47,269075,212,134,0,134,3
2020-05-03,Modoc,49,8938,0,0,0,0,0
2020-05-03,Mono,51,14174,32,25,0,25,1
2020-05-03,Monterey,53,433212,283,235,0,235,6
2020-05-03,Napa,55,140530,83,72,0,72,2
2020-05-03,Nevada,57,99092,41,41,1,42,1
2020-05-03,Orange,59,3164182,4314,2859,14,2873,55
2020-05-03,Placer,61,380077,179,161,1,162,8
2020-05-03,Plumas,63,18699,4,4,0,4,0
2020-05-03,Riverside,65,2383286,5072,4034,7,4041,139
2020-05-03,Sacramento,67,1510023,1156,1109,0,1109,43
2020-05-03,San Benito,69,59416,52,49,0,49,2
2020-05-03,San Bernardino,71,2135413,2967,2123,0,2123,99
2020-05-03,San Diego,73,3302833,4967,3929,0,3929,142
2020-05-03,San Francisco,75,870044,1951,1692,0,1692,30
2020-05-03,San Joaquin,77,732212,617,570,3,573,26
2020-05-03,San Luis Obispo,79,281455,248,200,1,201,1
2020-05-03,San Mateo,81,765935,1525,1277,2,1279,53
2020-05-03,Santa Barbara,83,443738,687,512,2,514,7
2020-05-03,Santa Clara,85,1922200,2531,2235,3,2238,116
2020-05-03,Santa Cruz,87,273765,142,133,0,133,2
2020-05-03,Shasta,89,179085,38,31,0,31,4
2020-05-03,Sierra,91,2930,0,0,0,0,0
2020-05-03,Siskiyou,93,43540,5,5,0,5,0
2020-05-03,Solano,95,438530,363,266,0,266,4
2020-05-03,Sonoma,97,501317,304,254,0,254,4
2020-05-03,Stanislaus,99,539301,484,411,4,415,8
2020-05-03,Sutter,101,95872,30,28,0,28,2
2020-05-03,Tehama,103,63373,2,1,0,1,1
2020-05-03,Trinity,105,12862,0,0,0,0,0
2020-05-03,Tulare,107,460477,1197,736,1,737,40
2020-05-03,Tuolumne,109,53932,3,3,0,3,0
2020-05-03,Ventura,111,848112,762,583,0,583,19
2020-05-03,Yolo,113,214977,182,171,0,171,18
2020-05-03,Yuba,115,75493,19,16,0,16,1
2020-05-02,Alameda,1,1643700,2070,1678,0,1678,63
2020-05-02,Alpine,3,1148,1,1,0,1,0
2020-05-02,Amador,5,37829,8,8,0,8,0
2020-05-02,Butte,7,227075,24,17,1,18,0
2020-05-02,Calaveras,9,45235,13,13,0,13,0
2020-05-02,Colusa,11,21464,3,3,0,3,0
2020-05-02,Contra Costa,13,1133247,1046,929,0,929,28
2020-05-02,Del Norte,15,27424,5,3,0,3,0
2020-05-02,El Dorado,17,186661,59,47,0,47,0
2020-05-02,Fresno,19,978130,1217,629,10,639,8
2020-05-02,Glenn,21,27897,7,5,0,5,0
2020-05-02,Humboldt,23,135768,60,54,0,54,0
2020-05-02,Imperial,25,180216,664,345,1,346,6
2020-05-02,Inyo,27,18085,19,20,0,20,1
2020-05-02,Kern,29,883053,1294,1007,1,1008,8
2020-05-02,Kings,31,150075,277,120,1,121,1
2020-05-02,Lake,33,64148,9,7,0,7,0
2020-05-02,Lassen,35,31185,1,0,2,2,0
2020-05-02,Los Angeles,37,10098052,32161,24955,20,24975,1192
2020-05-02,Madera,39,155013,96,46,0,46,2
2020-05-02,Marin,41,260295,252,243,1,244,13
2020-05-02,Mariposa,43,17540,15,13,0,13,0
2020-05-02,Mendocino,45,87422,11,10,0,10,0
2020-05-02,Merced,47,269075,209,131,0,131,3
2020-05-02,Modoc,49,8938,0,0,0,0,0
2020-05-02,Mono,51,14174,32,25,0,25,1
2020-05-02,Monterey,53,433212,277,225,0,225,5
2020-05-02,Napa,55,140530,83,71,0,71,2
2020-05-02,Nevada,57,99092,41,41,1,42,1
2020-05-02,Orange,59,3164182,4200,2774,14,2788,52
2020-05-02,Placer,61,380077,177,150,1,151,8
2020-05-02,Plumas,63,18699,4,4,0,4,0
2020-05-02,Riverside,65,2383286,5006,3997,7,4004,137
2020-05-02,Sacramento,67,1510023,1153,1097,0,1097,43
2020-05-02,San Benito,69,59416,52,49,0,49,2
2020-05-02,San Bernardino,71,2135413,2928,2124,0,2124,99
2020-05-02,San Diego,73,3302833,4865,3844,0,3844,138
2020-05-02,San Francisco,75,870044,1928,1632,0,1632,29
2020-05-02,San Joaquin,77,732212,609,559,3,562,25
2020-05-02,San Luis Obispo,79,281455,242,193,1,194,1
2020-05-02,San Mateo,81,765935,1509,1272,2,1274,52
2020-05-02,Santa Barbara,83,443738,675,506,2,508,7
2020-05-02,Santa Clara,85,1922200,2521,2203,3,2206,115
2020-05-02,Santa Cruz,87,273765,141,131,0,131,2
2020-05-02,Shasta,89,179085,38,31,0,31,4
2020-05-02,Sierra,91,2930,0,0,0,0,0
2020-05-02,Siskiyou,93,43540,5,5,0,5,0
2020-05-02,Solano,95,438530,356,267,0,267,4
2020-05-02,Sonoma,97,501317,301,250,0,250,3
2020-05-02,Stanislaus,99,539301,476,388,4,392,8
2020-05-02,Sutter,101,95872,30,28,0,28,2
2020-05-02,Tehama,103,63373,2,1,0,1,1
2020-05-02,Trinity,105,12862,0,0,0,0,0
2020-05-02,Tulare,107,460477,1157,711,1,712,35
2020-05-02,Tuolumne,109,53932,3,3,0,3,0
2020-05-02,Ventura,111,848112,748,564,0,564,19
2020-05-02,Yolo,113,214977,182,169,0,169,17
2020-05-02,Yuba,115,75493,19,16,0,16,1
2020-05-01,Alameda,1,1643700,2034,1630,0,1630,63
2020-05-01,Alpine,3,1148,1,1,0,1,0
2020-05-01,Amador,5,37829,8,8,0,8,0
2020-05-01,Butte,7,227075,24,17,1,18,0
2020-05-01,Calaveras,9,45235,13,13,0,13,0
2020-05-01,Colusa,11,21464,3,3,0,3,0
2020-05-01,Contra Costa,13,1133247,1032,915,0,915,28
2020-05-01,Del Norte,15,27424,5,3,0,3,0
2020-05-01,El Dorado,17,186661,59,47,0,47,0
2020-05-01,Fresno,19,978130,1187,617,10,627,7
2020-05-01,Glenn,21,27897,7,4,0,4,0
2020-05-01,Humboldt,23,135768,60,54,0,54,0
2020-05-01,Imperial,25,180216,627,337,1,338,6
2020-05-01,Inyo,27,18085,19,20,0,20,1
2020-05-01,Kern,29,883053,1267,972,1,973,8
2020-05-01,Kings,31,150075,260,112,1,113,1
2020-05-01,Lake,33,64148,9,6,0,6,0
2020-05-01,Lassen,35,31185,1,0,2,2,0
2020-05-01,Los Angeles,37,10098052,31406,24306,20,24326,1155
2020-05-01,Madera,39,155013,92,46,0,46,2
2020-05-01,Marin,41,260295,252,242,1,243,13
2020-05-01,Mariposa,43,17540,15,10,0,10,0
2020-05-01,Mendocino,45,87422,11,11,0,11,0
2020-05-01,Merced,47,269075,206,131,0,131,3
2020-05-01,Modoc,49,8938,0,0,0,0,0
2020-05-01,Mono,51,14174,32,25,0,25,1
2020-05-01,Monterey,53,433212,273,222,0,222,5
2020-05-01,Napa,55,140530,83,69,0,69,2
2020-05-01,Nevada,57,99092,41,41,1,42,1
2020-05-01,Orange,59,3164182,4122,2660,13,2673,51
2020-05-01,Placer,61,380077,176,149,1,150,8
2020-05-01,Plumas,63,18699,4,4,0,4,0
2020-05-01,Riverside,65,2383286,4943,3893,7,3900,132
2020-05-01,Sacramento,67,1510023,1148,1081,0,1081,43
2020-05-01,San Benito,69,59416,52,49,0,49,2
2020-05-01,San Bernardino,71,2135413,2873,2084,0,2084,98
2020-05-01,San Diego,73,3302833,4775,3713,0,3713,134
2020-05-01,San Francisco,75,870044,1884,1552,0,1552,29
2020-05-01,San Joaquin,77,732212,605,554,3,557,25
2020-05-01,San Luis Obispo,79,281455,239,186,1,187,1
2020-05-01,San Mateo,81,765935,1487,1222,2,1224,52
2020-05-01,Santa Barbara,83,443738,667,499,2,501,7
2020-05-01,Santa Clara,85,1922200,2511,2176,3,2179,112
2020-05-01,Santa Cruz,87,273765,141,127,0,127,2
2020-05-01,Shasta,89,179085,38,31,0,31,4
2020-05-01,Sierra,91,2930,0,0,0,0,0
2020-05-01,Siskiyou,93,43540,5,5,0,5,0
2020-05-01,Solano,95,438530,348,266,0,266,4
2020-05-01,Sonoma,97,501317,298,242,0,242,3
2020-05-01,Stanislaus,99,539301,471,384,4,388,8
2020-05-01,Sutter,101,95872,30,28,0,28,2
2020-05-01,Tehama,103,63373,2,1,0,1,1
2020-05-01,Trinity,105,12862,0,0,0,0,0
2020-05-01,Tulare,107,460477,1113,685,1,686,32
2020-05-01,Tuolumne,109,53932,3,3,0,3,0
2020-05-01,Ventura,111,848112,735,556,0,556,18
2020-05-01,Yolo,113,214977,182,165,0,165,18
2020-05-01,Yuba,115,75493,19,16,0,16,1
2020-04-30,Alameda,1,1643700,1974,1599,0,1599,60
2020-04-30,Alpine,3,1148,1,1,0,1,0
2020-04-30,Amador,5,37829,8,8,0,8,0
2020-04-30,Butte,7,227075,24,16,1,17,0
2020-04-30,Calaveras,9,45235,13,13,0,13,0
2020-04-30,Colusa,11,21464,3,3,0,3,0
2020-04-30,Contra Costa,13,1133247,1010,900,0,900,25
2020-04-30,Del Norte,15,27424,4,3,0,3,0
2020-04-30,El Dorado,17,186661,59,44,0,44,0
2020-04-30,Fresno,19,978130,1125,562,7,569,7
2020-04-30,Glenn,21,27897,7,4,0,4,0
2020-04-30,Humboldt,23,135768,60,54,0,54,0
2020-04-30,Imperial,25,180216,580,322,1,323,6
2020-04-30,Inyo,27,18085,19,20,0,20,1
2020-04-30,Kern,29,883053,1236,941,1,942,8
2020-04-30,Kings,31,150075,248,87,1,88,1
2020-04-30,Lake,33,64148,9,6,0,6,0
2020-04-30,Lassen,35,31185,1,0,2,2,0
2020-04-30,Los Angeles,37,10098052,30399,23284,20,23304,1099
2020-04-30,Madera,39,155013,81,46,0,46,2
2020-04-30,Marin,41,260295,252,240,1,241,13
2020-04-30,Mariposa,43,17540,15,3,0,3,0
2020-04-30,Mendocino,45,87422,11,11,0,11,0
2020-04-30,Merced,47,269075,199,122,0,122,3
2020-04-30,Modoc,49,8938,0,0,0,0,0
2020-04-30,Mono,51,14174,31,25,0,25,1
2020-04-30,Monterey,53,433212,263,213,0,213,5
2020-04-30,Napa,55,140530,81,69,0,69,2
2020-04-30,Nevada,57,99092,41,41,1,42,1
2020-04-30,Orange,59,3164182,3908,2591,12,2603,46
2020-04-30,Placer,61,380077,175,148,1,149,8
2020-04-30,Plumas,63,18699,4,4,0,4,0
2020-04-30,Riverside,65,2383286,4843,3820,6,3826,124
2020-04-30,Sacramento,67,1510023,1142,1071,0,1071,43
2020-04-30,San Benito,69,59416,52,48,0,48,2
2020-04-30,San Bernardino,71,2135413,2672,2020,0,2020,96
2020-04-30,San Diego,73,3302833,4604,3566,0,3566,124
2020-04-30,San Francisco,75,870044,1850,1518,0,1518,26
2020-04-30,San Joaquin,77,732212,598,548,3,551,25
2020-04-30,San Luis Obispo,79,281455,236,182,1,183,1
2020-04-30,San Mateo,81,765935,1457,1194,2,1196,52
2020-04-30,Santa Barbara,83,443738,650,490,2,492,7
2020-04-30,Santa Clara,85,1922200,2477,2172,3,2175,111
2020-04-30,Santa Cruz,87,273765,140,126,0,126,2
2020-04-30,Shasta,89,179085,37,31,0,31,4
2020-04-30,Sierra,91,2930,0,0,0,0,0
2020-04-30,Siskiyou,93,43540,5,5,0,5,0
2020-04-30,Solano,95,438530,338,262,0,262,4
2020-04-30,Sonoma,97,501317,289,233,0,233,3
2020-04-30,Stanislaus,99,539301,464,378,4,382,7
2020-04-30,Sutter,101,95872,30,28,0,28,2
2020-04-30,Tehama,103,63373,1,1,0,1,1
2020-04-30,Trinity,105,12862,0,0,0,0,0
2020-04-30,Tulare,107,460477,1049,637,1,638,31
2020-04-30,Tuolumne,109,53932,3,3,0,3,0
2020-04-30,Ventura,111,848112,707,547,0,547,18
2020-04-30,Yolo,113,214977,181,164,0,164,16
2020-04-30,Yuba,115,75493,19,15,0,15,1
2020-04-29,Alameda,1,1643700,1916,1564,0,1564,60
2020-04-29,Alpine,3,1148,1,1,0,1,0
2020-04-29,Amador,5,37829,8,8,0,8,0
2020-04-29,Butte,7,227075,24,16,1,17,0
2020-04-29,Calaveras,9,45235,13,13,0,13,0
2020-04-29,Colusa,11,21464,3,3,0,3,0
2020-04-29,Contra Costa,13,1133247,991,885,0,885,25
2020-04-29,Del Norte,15,27424,4,3,0,3,0
2020-04-29,El Dorado,17,186661,57,44,0,44,0
2020-04-29,Fresno,19,978130,1073,544,7,551,7
2020-04-29,Glenn,21,27897,7,4,0,4,0
2020-04-29,Humboldt,23,135768,60,53,0,53,0
2020-04-29,Imperial,25,180216,551,300,1,301,6
2020-04-29,Inyo,27,18085,19,20,0,20,1
2020-04-29,Kern,29,883053,1193,910,1,911,6
2020-04-29,Kings,31,150075,229,80,1,81,1
2020-04-29,Lake,33,64148,9,6,0,6,0
2020-04-29,Lassen,35,31185,1,0,2,2,0
2020-04-29,Los Angeles,37,10098052,29423,22560,20,22580,1043
2020-04-29,Madera,39,155013,80,45,0,45,2
2020-04-29,Marin,41,260295,249,234,1,235,13
2020-04-29,Mariposa,43,17540,15,1,0,1,0
2020-04-29,Mendocino,45,87422,11,11,0,11,0
2020-04-29,Merced,47,269075,192,116,0,116,3
2020-04-29,Modoc,49,8938,0,0,0,0,0
2020-04-29,Mono,51,14174,31,25,0,25,1
2020-04-29,Monterey,53,433212,255,204,0,204,5
2020-04-29,Napa,55,140530,79,68,0,68,2
2020-04-29,Nevada,57,99092,41,41,1,42,1
2020-04-29,Orange,59,3164182,3778,2421,11,2432,43
2020-04-29,Placer,61,380077,173,145,1,146,8
2020-04-29,Plumas,63,18699,4,4,0,4,0
2020-04-29,Riverside,65,2383286,4767,3700,6,3706,116
2020-04-29,Sacramento,67,1510023,1120,1055,0,1055,41
2020-04-29,San Benito,69,59416,52,48,0,48,2
2020-04-29,San Bernardino,71,2135413,2585,1975,0,1975,91
2020-04-29,San Diego,73,3302833,4463,3434,0,3434,120
2020-04-29,San Francisco,75,870044,1822,1489,0,1489,23
2020-04-29,San Joaquin,77,732212,590,540,3,543,25
2020-04-29,San Luis Obispo,79,281455,234,181,1,182,1
2020-04-29,San Mateo,81,765935,1431,1170,2,1172,50
2020-04-29,Santa Barbara,83,443738,636,477,2,479,7
2020-04-29,Santa Clara,85,1922200,2459,2147,3,2150,108
2020-04-29,Santa Cruz,87,273765,139,124,0,124,2
2020-04-29,Shasta,89,179085,37,31,0,31,4
2020-04-29,Sierra,91,2930,0,0,0,0,0
2020-04-29,Siskiyou,93,43540,5,5,0,5,0
2020-04-29,Solano,95,438530,315,252,0,252,3
2020-04-29,Sonoma,97,501317,281,230,0,230,2
2020-04-29,Stanislaus,99,539301,451,374,4,378,5
2020-04-29,Sutter,101,95872,30,28,0,28,2
2020-04-29,Tehama,103,63373,1,1,0,1,1
2020-04-29,Trinity,105,12862,0,0,0,0,0
2020-04-29,Tulare,107,460477,979,615,1,616,30
2020-04-29,Tuolumne,109,53932,3,4,0,4,0
2020-04-29,Ventura,111,848112,684,530,0,530,18
2020-04-29,Yolo,113,214977,178,161,0,161,11
2020-04-29,Yuba,115,75493,19,15,0,15,1
2020-04-28,Alameda,1,1643700,1859,1525,0,1525,55
2020-04-28,Alpine,3,1148,1,1,0,1,0
2020-04-28,Amador,5,37829,8,8,0,8,0
2020-04-28,Butte,7,227075,24,16,1,17,0
2020-04-28,Calaveras,9,45235,13,13,0,13,0
2020-04-28,Colusa,11,21464,3,3,0,3,0
2020-04-28,Contra Costa,13,1133247,984,866,0,866,25
2020-04-28,Del Norte,15,27424,4,3,0,3,0
2020-04-28,El Dorado,17,186661,56,43,0,43,0
2020-04-28,Fresno,19,978130,1023,525,6,531,7
2020-04-28,Glenn,21,27897,5,4,0,4,0
2020-04-28,Humboldt,23,135768,59,53,0,53,0
2020-04-28,Imperial,25,180216,517,295,1,296,6
2020-04-28,Inyo,27,18085,19,20,0,20,1
2020-04-28,Kern,29,883053,1151,882,1,883,5
2020-04-28,Kings,31,150075,216,57,1,58,1
2020-04-28,Lake,33,64148,9,6,0,6,0
2020-04-28,Lassen,35,31185,1,0,2,2,0
2020-04-28,Los Angeles,37,10098052,28359,21029,20,21049,984
2020-04-28,Madera,39,155013,80,44,0,44,2
2020-04-28,Marin,41,260295,248,228,1,229,12
2020-04-28,Mariposa,43,17540,15,0,0,0,0
2020-04-28,Mendocino,45,87422,11,10,0,10,0
2020-04-28,Merced,47,269075,185,108,0,108,3
2020-04-28,Modoc,49,8938,0,0,0,0,0
2020-04-28,Mono,51,14174,31,25,0,25,1
2020-04-28,Monterey,53,433212,249,191,0,191,5
2020-04-28,Napa,55,140530,78,67,0,67,2
2020-04-28,Nevada,57,99092,41,41,1,42,1
2020-04-28,Orange,59,3164182,3615,2324,10,2334,42
2020-04-28,Placer,61,380077,163,143,1,144,8
2020-04-28,Plumas,63,18699,4,4,0,4,0
2020-04-28,Riverside,65,2383286,4672,3504,6,3510,113
2020-04-28,Sacramento,67,1510023,1106,1044,0,1044,41
2020-04-28,San Benito,69,59416,51,46,0,46,2
2020-04-28,San Bernardino,71,2135413,2508,1891,0,1891,89
2020-04-28,San Diego,73,3302833,4333,3316,0,3316,118
2020-04-28,San Francisco,75,870044,1787,1471,0,1471,23
2020-04-28,San Joaquin,77,732212,584,532,3,535,25
2020-04-28,San Luis Obispo,79,281455,228,172,1,173,1
2020-04-28,San Mateo,81,765935,1418,1129,2,1131,48
2020-04-28,Santa Barbara,83,443738,630,469,2,471,7
2020-04-28,Santa Clara,85,1922200,2429,2130,3,2133,106
2020-04-28,Santa Cruz,87,273765,139,123,0,123,2
2020-04-28,Shasta,89,179085,37,29,0,29,4
2020-04-28,Sierra,91,2930,0,0,0,0,0
2020-04-28,Siskiyou,93,43540,5,5,0,5,0
2020-04-28,Solano,95,438530,296,246,0,246,3
2020-04-28,Sonoma,97,501317,278,226,0,226,1
2020-04-28,Stanislaus,99,539301,435,330,4,334,5
2020-04-28,Sutter,101,95872,30,25,0,25,2
2020-04-28,Tehama,103,63373,1,1,0,1,1
2020-04-28,Trinity,105,12862,0,0,0,0,0
2020-04-28,Tulare,107,460477,885,579,1,580,30
2020-04-28,Tuolumne,109,53932,3,4,0,4,0
2020-04-28,Ventura,111,848112,666,517,0,517,17
2020-04-28,Yolo,113,214977,178,160,0,160,10
2020-04-28,Yuba,115,75493,19,15,0,15,1
2020-04-27,Alameda,1,1643700,1799,1494,0,1494,53
2020-04-27,Alpine,3,1148,1,1,0,1,0
2020-04-27,Amador,5,37829,8,8,0,8,0
2020-04-27,Butte,7,227075,23,16,1,17,0
2020-04-27,Calaveras,9,45235,13,13,0,13,0
2020-04-27,Colusa,11,21464,3,3,0,3,0
2020-04-27,Contra Costa,13,1133247,972,843,0,843,25
2020-04-27,Del Norte,15,27424,4,3,0,3,0
2020-04-27,El Dorado,17,186661,55,43,0,43,0
2020-04-27,Fresno,19,978130,920,504,5,509,7
2020-04-27,Glenn,21,27897,5,4,0,4,0
2020-04-27,Humboldt,23,135768,59,52,0,52,0
2020-04-27,Imperial,25,180216,487,290,1,291,6
2020-04-27,Inyo,27,18085,19,20,0,20,1
2020-04-27,Kern,29,883053,1113,865,1,866,4
2020-04-27,Kings,31,150075,193,48,1,49,1
2020-04-27,Lake,33,64148,8,6,0,6,0
2020-04-27,Lassen,35,31185,1,0,2,2,0
2020-04-27,Los Angeles,37,10098052,27342,20456,20,20476,931
2020-04-27,Madera,39,155013,78,42,0,42,2
2020-04-27,Marin,41,260295,243,227,1,228,12
2020-04-27,Mariposa,43,17540,14,0,0,0,0
2020-04-27,Mendocino,45,87422,11,10,0,10,0
2020-04-27,Merced,47,269075,182,108,0,108,3
2020-04-27,Modoc,49,8938,0,0,0,0,0
2020-04-27,Mono,51,14174,31,23,0,23,1
2020-04-27,Monterey,53,433212,242,185,0,185,4
2020-04-27,Napa,55,140530,75,64,0,64,2
2020-04-27,Nevada,57,99092,41,39,1,40,1
2020-04-27,Orange,59,3164182,3447,2198,10,2208,42
2020-04-27,Placer,61,380077,163,142,1,143,8
2020-04-27,Plumas,63,18699,4,4,0,4,0
2020-04-27,Riverside,65,2383286,4549,3381,6,3387,100
2020-04-27,Sacramento,67,1510023,1091,1035,0,1035,41
2020-04-27,San Benito,69,59416,49,45,0,45,2
2020-04-27,San Bernardino,71,2135413,2394,1742,0,1742,82
2020-04-27,San Diego,73,3302833,4207,3143,0,3143,113
2020-04-27,San Francisco,75,870044,1733,1453,0,1453,23
2020-04-27,San Joaquin,77,732212,578,522,3,525,25
2020-04-27,San Luis Obispo,79,281455,221,166,1,167,1
2020-04-27,San Mateo,81,765935,1396,1092,2,1094,46
2020-04-27,Santa Barbara,83,443738,617,466,2,468,7
2020-04-27,Santa Clara,85,1922200,2409,2104,2,2106,105
2020-04-27,Santa Cruz,87,273765,139,123,0,123,2
2020-04-27,Shasta,89,179085,37,29,0,29,4
2020-04-27,Sierra,91,2930,0,0,0,0,0
2020-04-27,Siskiyou,93,43540,5,5,0,5,0
2020-04-27,Solano,95,438530,296,222,0,222,3
2020-04-27,Sonoma,97,501317,269,220,0,220,1
2020-04-27,Stanislaus,99,539301,419,316,4,320,5
2020-04-27,Sutter,101,95872,29,26,0,26,2
2020-04-27,Tehama,103,63373,1,1,0,1,1
2020-04-27,Trinity,105,12862,0,0,0,0,0
2020-04-27,Tulare,107,460477,814,535,1,536,28
2020-04-27,Tuolumne,109,53932,3,3,0,3,0
2020-04-27,Ventura,111,848112,649,513,0,513,17
2020-04-27,Yolo,113,214977,175,160,0,160,9
2020-04-27,Yuba,115,75493,19,15,0,15,1
2020-04-26,Alameda,1,1643700,1738,1449,0,1449,52
2020-04-26,Alpine,3,1148,1,1,0,1,0
2020-04-26,Amador,5,37829,8,8,0,8,0
2020-04-26,Butte,7,227075,23,16,1,17,0
2020-04-26,Calaveras,9,45235,13,13,0,13,0
2020-04-26,Colusa,11,21464,3,3,0,3,0
2020-04-26,Contra Costa,13,1133247,956,830,0,830,25
2020-04-26,Del Norte,15,27424,3,3,0,3,0
2020-04-26,El Dorado,17,186661,53,41,0,41,0
2020-04-26,Fresno,19,978130,829,476,5,481,7
2020-04-26,Glenn,21,27897,5,4,0,4,0
2020-04-26,Humboldt,23,135768,59,53,0,53,0
2020-04-26,Imperial,25,180216,453,272,1,273,6
2020-04-26,Inyo,27,18085,19,20,0,20,1
2020-04-26,Kern,29,883053,1063,831,1,832,4
2020-04-26,Kings,31,150075,168,33,1,34,1
2020-04-26,Lake,33,64148,8,6,0,6,0
2020-04-26,Lassen,35,31185,1,0,2,2,0
2020-04-26,Los Angeles,37,10098052,26193,19570,20,19590,901
2020-04-26,Madera,39,155013,76,39,0,39,2
2020-04-26,Marin,41,260295,237,225,1,226,12
2020-04-26,Mariposa,43,17540,14,0,0,0,0
2020-04-26,Mendocino,45,87422,11,5,0,5,0
2020-04-26,Merced,47,269075,166,104,0,104,3
2020-04-26,Modoc,49,8938,0,0,0,0,0
2020-04-26,Mono,51,14174,31,23,0,23,1
2020-04-26,Monterey,53,433212,235,182,0,182,4
2020-04-26,Napa,55,140530,74,62,0,62,2
2020-04-26,Nevada,57,99092,41,37,1,38,1
2020-04-26,Orange,59,3164182,3282,2124,10,2134,40
2020-04-26,Placer,61,380077,163,141,1,142,8
2020-04-26,Plumas,63,18699,4,4,0,4,0
2020-04-26,Riverside,65,2383286,4408,3301,6,3307,95
2020-04-26,Sacramento,67,1510023,1082,1027,0,1027,41
2020-04-26,San Benito,69,59416,49,45,0,45,2
2020-04-26,San Bernardino,71,2135413,2297,1681,0,1681,82
2020-04-26,San Diego,73,3302833,4065,3045,0,3045,111
2020-04-26,San Francisco,75,870044,1694,1403,0,1403,23
2020-04-26,San Joaquin,77,732212,570,514,3,517,25
2020-04-26,San Luis Obispo,79,281455,218,165,1,166,1
2020-04-26,San Mateo,81,765935,1370,1070,2,1072,46
2020-04-26,Santa Barbara,83,443738,605,464,2,466,7
2020-04-26,Santa Clara,85,1922200,2390,2097,1,2098,102
2020-04-26,Santa Cruz,87,273765,139,116,0,116,2
2020-04-26,Shasta,89,179085,34,29,0,29,4
2020-04-26,Sierra,91,2930,0,0,0,0,0
2020-04-26,Siskiyou,93,43540,5,5,0,5,0
2020-04-26,Solano,95,438530,287,205,0,205,3
2020-04-26,Sonoma,97,501317,258,216,0,216,1
2020-04-26,Stanislaus,99,539301,404,294,4,298,4
2020-04-26,Sutter,101,95872,29,26,0,26,2
2020-04-26,Tehama,103,63373,1,1,0,1,1
2020-04-26,Trinity,105,12862,0,0,0,0,0
2020-04-26,Tulare,107,460477,757,497,1,498,28
2020-04-26,Tuolumne,109,53932,3,3,0,3,0
2020-04-26,Ventura,111,848112,634,509,0,509,17
2020-04-26,Yolo,113,214977,174,158,0,158,8
2020-04-26,Yuba,115,75493,18,15,0,15,1
2020-04-25,Alameda,1,1643700,1713,1396,0,1396,52
2020-04-25,Alpine,3,1148,1,1,0,1,0
2020-04-25,Amador,5,37829,8,8,0,8,0
2020-04-25,Butte,7,227075,22,16,1,17,0
2020-04-25,Calaveras,9,45235,13,12,0,12,0
2020-04-25,Colusa,11,21464,3,3,0,3,0
2020-04-25,Contra Costa,13,1133247,942,821,0,821,24
2020-04-25,Del Norte,15,27424,2,2,0,2,0
2020-04-25,El Dorado,17,186661,52,41,0,41,0
2020-04-25,Fresno,19,978130,799,459,4,463,7
2020-04-25,Glenn,21,27897,5,4,0,4,0
2020-04-25,Humboldt,23,135768,59,53,0,53,0
2020-04-25,Imperial,25,180216,436,232,1,233,6
2020-04-25,Inyo,27,18085,19,20,0,20,1
2020-04-25,Kern,29,883053,1032,802,1,803,4
2020-04-25,Kings,31,150075,156,33,1,34,1
2020-04-25,Lake,33,64148,6,6,0,6,0
2020-04-25,Lassen,35,31185,1,0,2,2,0
2020-04-25,Los Angeles,37,10098052,25559,19144,20,19164,881
2020-04-25,Madera,39,155013,73,39,0,39,2
2020-04-25,Marin,41,260295,237,215,1,216,12
2020-04-25,Mariposa,43,17540,14,0,0,0,0
2020-04-25,Mendocino,45,87422,10,5,0,5,0
2020-04-25,Merced,47,269075,166,103,0,103,3
2020-04-25,Modoc,49,8938,0,0,0,0,0
2020-04-25,Mono,51,14174,31,23,0,23,1
2020-04-25,Monterey,53,433212,233,173,0,173,4
2020-04-25,Napa,55,140530,74,60,0,60,2
2020-04-25,Nevada,57,99092,41,37,1,38,1
2020-04-25,Orange,59,3164182,3176,2047,10,2057,40
2020-04-25,Placer,61,380077,163,137,1,138,8
2020-04-25,Plumas,63,18699,4,4,0,4,0
2020-04-25,Riverside,65,2383286,4320,3037,6,3043,93
2020-04-25,Sacramento,67,1510023,1080,1015,0,1015,41
2020-04-25,San Benito,69,59416,49,45,0,45,2
2020-04-25,San Bernardino,71,2135413,2252,1675,0,1675,82
2020-04-25,San Diego,73,3302833,3965,2945,0,2945,111
2020-04-25,San Francisco,75,870044,1669,1341,0,1341,22
2020-04-25,San Joaquin,77,732212,563,497,3,500,24
2020-04-25,San Luis Obispo,79,281455,217,159,1,160,1
2020-04-25,San Mateo,81,765935,1352,1054,2,1056,46
2020-04-25,Santa Barbara,83,443738,597,457,2,459,7
2020-04-25,Santa Clara,85,1922200,2373,2045,1,2046,99
2020-04-25,Santa Cruz,87,273765,139,112,0,112,2
2020-04-25,Shasta,89,179085,34,29,0,29,4
2020-04-25,Sierra,91,2930,0,0,0,0,0
2020-04-25,Siskiyou,93,43540,5,5,0,5,0
2020-04-25,Solano,95,438530,283,203,0,203,3
2020-04-25,Sonoma,97,501317,254,199,0,199,1
2020-04-25,Stanislaus,99,539301,396,276,4,280,4
2020-04-25,Sutter,101,95872,29,24,0,24,2
2020-04-25,Tehama,103,63373,1,1,0,1,1
2020-04-25,Trinity,105,12862,0,0,0,0,0
2020-04-25,Tulare,107,460477,724,478,1,479,28
2020-04-25,Tuolumne,109,53932,3,2,0,2,0
2020-04-25,Ventura,111,848112,620,494,0,494,16
2020-04-25,Yolo,113,214977,174,157,0,157,8
2020-04-25,Yuba,115,75493,17,15,0,15,1
2020-04-24,Alameda,1,1643700,1682,1385,0,1385,50
2020-04-24,Alpine,3,1148,1,1,0,1,0
2020-04-24,Amador,5,37829,8,8,0,8,0
2020-04-24,Butte,7,227075,22,15,1,16,0
2020-04-24,Calaveras,9,45235,13,12,0,12,0
2020-04-24,Colusa,11,21464,3,3,0,3,0
2020-04-24,Contra Costa,13,1133247,933,806,0,806,23
2020-04-24,Del Norte,15,27424,2,2,0,2,0
2020-04-24,El Dorado,17,186661,51,41,0,41,0
2020-04-24,Fresno,19,978130,780,449,4,453,7
2020-04-24,Glenn,21,27897,5,4,0,4,0
2020-04-24,Humboldt,23,135768,59,53,0,53,0
2020-04-24,Imperial,25,180216,420,232,1,233,6
2020-04-24,Inyo,27,18085,19,20,0,20,0
2020-04-24,Kern,29,883053,1008,770,1,771,4
2020-04-24,Kings,31,150075,127,30,1,31,1
2020-04-24,Lake,33,64148,6,6,0,6,0
2020-04-24,Lassen,35,31185,1,0,2,2,0
2020-04-24,Los Angeles,37,10098052,24627,18553,20,18573,836
2020-04-24,Madera,39,155013,73,39,0,39,2
2020-04-24,Marin,41,260295,237,211,1,212,11
2020-04-24,Mariposa,43,17540,8,0,0,0,0
2020-04-24,Mendocino,45,87422,10,5,0,5,0
2020-04-24,Merced,47,269075,163,102,0,102,3
2020-04-24,Modoc,49,8938,0,0,0,0,0
2020-04-24,Mono,51,14174,30,23,0,23,1
2020-04-24,Monterey,53,433212,226,167,0,167,4
2020-04-24,Napa,55,140530,73,59,0,59,2
2020-04-24,Nevada,57,99092,41,36,1,37,1
2020-04-24,Orange,59,3164182,3068,1945,10,1955,39
2020-04-24,Placer,61,380077,161,137,1,138,8
2020-04-24,Plumas,63,18699,4,4,0,4,0
2020-04-24,Riverside,65,2383286,4239,3044,6,3050,87
2020-04-24,Sacramento,67,1510023,1074,1009,0,1009,41
2020-04-24,San Benito,69,59416,49,45,0,45,2
2020-04-24,San Bernardino,71,2135413,2217,1667,0,1667,80
2020-04-24,San Diego,73,3302833,3854,2828,0,2828,102
2020-04-24,San Francisco,75,870044,1611,1345,0,1345,22
2020-04-24,San Joaquin,77,732212,556,484,3,487,24
2020-04-24,San Luis Obispo,79,281455,214,151,1,152,1
2020-04-24,San Mateo,81,765935,1329,1004,2,1006,43
2020-04-24,Santa Barbara,83,443738,590,450,2,452,6
2020-04-24,Santa Clara,85,1922200,2345,2026,1,2027,98
2020-04-24,Santa Cruz,87,273765,135,111,0,111,2
2020-04-24,Shasta,89,179085,34,28,0,28,4
2020-04-24,Sierra,91,2930,0,0,0,0,0
2020-04-24,Siskiyou,93,43540,5,5,0,5,0
2020-04-24,Solano,95,438530,281,203,0,203,3
2020-04-24,Sonoma,97,501317,250,199,0,199,1
2020-04-24,Stanislaus,99,539301,393,273,4,277,4
2020-04-24,Sutter,101,95872,28,24,0,24,2
2020-04-24,Tehama,103,63373,1,1,0,1,1
2020-04-24,Trinity,105,12862,0,0,0,0,0
2020-04-24,Tulare,107,460477,696,459,1,460,27
2020-04-24,Tuolumne,109,53932,3,2,0,2,0
2020-04-24,Ventura,111,848112,611,489,0,489,16
2020-04-24,Yolo,113,214977,173,155,0,155,8
2020-04-24,Yuba,115,75493,16,15,0,15,1
2020-04-23,Alameda,1,1643700,1644,1336,0,1336,46
2020-04-23,Alpine,3,1148,1,1,0,1,0
2020-04-23,Amador,5,37829,8,8,0,8,0
2020-04-23,Butte,7,227075,21,15,1,16,0
2020-04-23,Calaveras,9,45235,13,12,0,12,0
2020-04-23,Colusa,11,21464,3,3,0,3,0
2020-04-23,Contra Costa,13,1133247,912,786,0,786,23
2020-04-23,Del Norte,15,27424,2,2,0,2,0
2020-04-23,El Dorado,17,186661,50,39,0,39,0
2020-04-23,Fresno,19,978130,743,426,4,430,7
2020-04-23,Glenn,21,27897,5,3,0,3,0
2020-04-23,Humboldt,23,135768,59,53,0,53,0
2020-04-23,Imperial,25,180216,400,181,1,182,4
2020-04-23,Inyo,27,18085,19,19,0,19,0
2020-04-23,Kern,29,883053,960,732,1,733,4
2020-04-23,Kings,31,150075,112,28,1,29,1
2020-04-23,Lake,33,64148,6,6,0,6,0
2020-04-23,Lassen,35,31185,1,0,2,2,0
2020-04-23,Los Angeles,37,10098052,23567,17548,19,17567,784
2020-04-23,Madera,39,155013,72,37,0,37,2
2020-04-23,Marin,41,260295,224,209,1,210,11
2020-04-23,Mariposa,43,17540,7,0,0,0,0
2020-04-23,Mendocino,45,87422,8,5,0,5,0
2020-04-23,Merced,47,269075,159,98,0,98,3
2020-04-23,Modoc,49,8938,0,0,0,0,0
2020-04-23,Mono,51,14174,30,23,0,23,1
2020-04-23,Monterey,53,433212,222,161,0,161,4
2020-04-23,Napa,55,140530,66,59,0,59,2
2020-04-23,Nevada,57,99092,41,36,1,37,1
2020-04-23,Orange,59,3164182,2890,1841,9,1850,37
2020-04-23,Placer,61,380077,158,136,1,137,8
2020-04-23,Plumas,63,18699,4,4,0,4,0
2020-04-23,Riverside,65,2383286,4126,2935,6,2941,78
2020-04-23,Sacramento,67,1510023,1062,978,0,978,41
2020-04-23,San Benito,69,59416,46,43,0,43,2
2020-04-23,San Bernardino,71,2135413,2152,1604,0,1604,79
2020-04-23,San Diego,73,3302833,3693,2645,0,2645,100
2020-04-23,San Francisco,75,870044,1585,1312,0,1312,21
2020-04-23,San Joaquin,77,732212,546,479,3,482,20
2020-04-23,San Luis Obispo,79,281455,210,146,1,147,1
2020-04-23,San Mateo,81,765935,1289,970,2,972,42
2020-04-23,Santa Barbara,83,443738,580,445,2,447,6
2020-04-23,Santa Clara,85,1922200,2315,1996,1,1997,95
2020-04-23,Santa Cruz,87,273765,134,110,0,110,2
2020-04-23,Shasta,89,179085,34,27,0,27,3
2020-04-23,Sierra,91,2930,0,0,0,0,0
2020-04-23,Siskiyou,93,43540,5,5,0,5,0
2020-04-23,Solano,95,438530,267,196,0,196,3
2020-04-23,Sonoma,97,501317,238,187,0,187,1
2020-04-23,Stanislaus,99,539301,389,254,4,258,4
2020-04-23,Sutter,101,95872,28,24,0,24,2
2020-04-23,Tehama,103,63373,1,1,0,1,1
2020-04-23,Trinity,105,12862,0,0,0,0,0
2020-04-23,Tulare,107,460477,667,440,1,441,25
2020-04-23,Tuolumne,109,53932,3,2,0,2,0
2020-04-23,Ventura,111,848112,597,479,0,479,16
2020-04-23,Yolo,113,214977,170,151,0,151,8
2020-04-23,Yuba,115,75493,16,15,0,15,1
2020-04-22,Alameda,1,1643700,1595,1275,0,1275,46
2020-04-22,Alpine,3,1148,1,1,0,1,0
2020-04-22,Amador,5,37829,8,7,0,7,0
2020-04-22,Butte,7,227075,21,15,1,16,0
2020-04-22,Calaveras,9,45235,13,12,0,12,0
2020-04-22,Colusa,11,21464,3,3,0,3,0
2020-04-22,Contra Costa,13,1133247,897,772,0,772,22
2020-04-22,Del Norte,15,27424,2,2,0,2,0
2020-04-22,El Dorado,17,186661,50,39,0,39,0
2020-04-22,Fresno,19,978130,707,388,4,392,7
2020-04-22,Glenn,21,27897,5,3,0,3,0
2020-04-22,Humboldt,23,135768,59,53,0,53,0
2020-04-22,Imperial,25,180216,389,170,1,171,3
2020-04-22,Inyo,27,18085,19,18,0,18,0
2020-04-22,Kern,29,883053,938,713,1,714,4
2020-04-22,Kings,31,150075,91,28,1,29,1
2020-04-22,Lake,33,64148,6,6,0,6,0
2020-04-22,Lassen,35,31185,1,0,2,2,0
2020-04-22,Los Angeles,37,10098052,22538,16400,19,16419,715
2020-04-22,Madera,39,155013,70,37,0,37,2
2020-04-22,Marin,41,260295,222,202,1,203,11
2020-04-22,Mariposa,43,17540,6,0,0,0,0
2020-04-22,Mendocino,45,87422,5,5,0,5,0
2020-04-22,Merced,47,269075,147,92,0,92,3
2020-04-22,Modoc,49,8938,0,0,0,0,0
2020-04-22,Mono,51,14174,29,23,0,23,1
2020-04-22,Monterey,53,433212,215,154,0,154,4
2020-04-22,Napa,55,140530,65,58,0,58,2
2020-04-22,Nevada,57,99092,41,36,1,37,1
2020-04-22,Orange,59,3164182,2797,1785,9,1794,36
2020-04-22,Placer,61,380077,156,133,1,134,8
2020-04-22,Plumas,63,18699,4,4,0,4,0
2020-04-22,Riverside,65,2383286,4023,2822,6,2828,76
2020-04-22,Sacramento,67,1510023,1057,959,0,959,36
2020-04-22,San Benito,69,59416,45,43,0,43,2
2020-04-22,San Bernardino,71,2135413,2089,1564,0,1564,74
2020-04-22,San Diego,73,3302833,3565,2493,0,2493,96
2020-04-22,San Francisco,75,870044,1548,1255,0,1255,21
2020-04-22,San Joaquin,77,732212,535,462,3,465,20
2020-04-22,San Luis Obispo,79,281455,201,142,1,143,1
2020-04-22,San Mateo,81,765935,1266,945,2,947,40
2020-04-22,Santa Barbara,83,443738,572,437,2,439,6
2020-04-22,Santa Clara,85,1922200,2302,1969,1,1970,95
2020-04-22,Santa Cruz,87,273765,130,106,0,106,2
2020-04-22,Shasta,89,179085,33,26,0,26,3
2020-04-22,Sierra,91,2930,0,0,0,0,0
2020-04-22,Siskiyou,93,43540,5,5,0,5,0
2020-04-22,Solano,95,438530,248,195,0,195,3
2020-04-22,Sonoma,97,501317,235,185,0,185,1
2020-04-22,Stanislaus,99,539301,333,247,4,251,4
2020-04-22,Sutter,101,95872,28,22,0,22,2
2020-04-22,Tehama,103,63373,1,1,0,1,1
2020-04-22,Trinity,105,12862,0,0,0,0,0
2020-04-22,Tulare,107,460477,634,425,1,426,23
2020-04-22,Tuolumne,109,53932,3,2,0,2,0
2020-04-22,Ventura,111,848112,587,465,0,465,15
2020-04-22,Yolo,113,214977,170,147,0,147,8
2020-04-22,Yuba,115,75493,16,15,0,15,1
2020-04-21,Alameda,1,1643700,1565,1234,0,1234,46
2020-04-21,Alpine,3,1148,1,1,0,1,0
2020-04-21,Amador,5,37829,8,7,0,7,0
2020-04-21,Butte,7,227075,20,15,1,16,0
2020-04-21,Calaveras,9,45235,12,12,0,12,0
2020-04-21,Colusa,11,21464,3,3,0,3,0
2020-04-21,Contra Costa,13,1133247,883,766,0,766,22
2020-04-21,Del Norte,15,27424,2,2,0,2,0
2020-04-21,El Dorado,17,186661,50,36,0,36,0
2020-04-21,Fresno,19,978130,673,372,4,376,7
2020-04-21,Glenn,21,27897,5,3,0,3,0
2020-04-21,Humboldt,23,135768,58,53,0,53,0
2020-04-21,Imperial,25,180216,369,165,1,166,2
2020-04-21,Inyo,27,18085,19,18,0,18,0
2020-04-21,Kern,29,883053,896,676,1,677,4
2020-04-21,Kings,31,150075,78,28,1,29,1
2020-04-21,Lake,33,64148,6,6,0,6,0
2020-04-21,Lassen,35,31185,1,0,2,2,0
2020-04-21,Los Angeles,37,10098052,21678,15096,19,15115,650
2020-04-21,Madera,39,155013,70,37,0,37,2
2020-04-21,Marin,41,260295,216,202,1,203,10
2020-04-21,Mariposa,43,17540,5,0,0,0,0
2020-04-21,Mendocino,45,87422,5,5,0,5,0
2020-04-21,Merced,47,269075,143,89,0,89,3
2020-04-21,Modoc,49,8938,0,0,0,0,0
2020-04-21,Mono,51,14174,29,23,0,23,1
2020-04-21,Monterey,53,433212,212,151,0,151,4
2020-04-21,Napa,55,140530,64,58,0,58,2
2020-04-21,Nevada,57,99092,41,36,1,37,1
2020-04-21,Orange,59,3164182,2675,1717,8,1725,36
2020-04-21,Placer,61,380077,154,133,0,133,8
2020-04-21,Plumas,63,18699,4,4,0,4,0
2020-04-21,Riverside,65,2383286,3892,2631,6,2637,68
2020-04-21,Sacramento,67,1510023,1047,941,0,941,33
2020-04-21,San Benito,69,59416,44,43,0,43,2
2020-04-21,San Bernardino,71,2135413,2028,1499,0,1499,71
2020-04-21,San Diego,73,3302833,3409,2436,0,2436,87
2020-04-21,San Francisco,75,870044,1518,1232,0,1232,20
2020-04-21,San Joaquin,77,732212,525,447,3,450,20
2020-04-21,San Luis Obispo,79,281455,197,134,1,135,1
2020-04-21,San Mateo,81,765935,1220,933,2,935,34
2020-04-21,Santa Barbara,83,443738,561,414,1,415,5
2020-04-21,Santa Clara,85,1922200,2261,1943,1,1944,91
2020-04-21,Santa Cruz,87,273765,128,104,0,104,2
2020-04-21,Shasta,89,179085,32,26,0,26,3
2020-04-21,Sierra,91,2930,0,0,0,0,0
2020-04-21,Siskiyou,93,43540,5,5,0,5,0
2020-04-21,Solano,95,438530,240,193,0,193,3
2020-04-21,Sonoma,97,501317,225,182,0,182,1
2020-04-21,Stanislaus,99,539301,314,235,4,239,4
2020-04-21,Sutter,101,95872,28,22,0,22,2
2020-04-21,Tehama,103,63373,1,1,0,1,1
2020-04-21,Trinity,105,12862,0,0,0,0,0
2020-04-21,Tulare,107,460477,599,410,1,411,23
2020-04-21,Tuolumne,109,53932,3,2,0,2,0
2020-04-21,Ventura,111,848112,575,455,0,455,14
2020-04-21,Yolo,113,214977,168,143,0,143,8
2020-04-21,Yuba,115,75493,16,15,0,15,1
2020-04-20,Alameda,1,1643700,1532,1181,0,1181,42
2020-04-20,Alpine,3,1148,1,1,0,1,0
2020-04-20,Amador,5,37829,8,7,0,7,0
2020-04-20,Butte,7,227075,20,15,1,16,0
2020-04-20,Calaveras,9,45235,12,12,0,12,0
2020-04-20,Colusa,11,21464,3,3,0,3,0
2020-04-20,Contra Costa,13,1133247,873,753,0,753,22
2020-04-20,Del Norte,15,27424,2,2,0,2,0
2020-04-20,El Dorado,17,186661,50,36,0,36,0
2020-04-20,Fresno,19,978130,655,356,4,360,7
2020-04-20,Glenn,21,27897,4,3,0,3,0
2020-04-20,Humboldt,23,135768,58,53,0,53,0
2020-04-20,Imperial,25,180216,349,149,1,150,2
2020-04-20,Inyo,27,18085,19,17,0,17,0
2020-04-20,Kern,29,883053,864,651,1,652,3
2020-04-20,Kings,31,150075,67,19,1,20,1
2020-04-20,Lake,33,64148,6,6,0,6,0
2020-04-20,Lassen,35,31185,1,0,2,2,0
2020-04-20,Los Angeles,37,10098052,20764,13787,19,13806,608
2020-04-20,Madera,39,155013,69,35,0,35,2
2020-04-20,Marin,41,260295,212,200,1,201,10
2020-04-20,Mariposa,43,17540,5,0,0,0,0
2020-04-20,Mendocino,45,87422,5,5,0,5,0
2020-04-20,Merced,47,269075,136,88,0,88,3
2020-04-20,Modoc,49,8938,0,0,0,0,0
2020-04-20,Mono,51,14174,29,23,0,23,1
2020-04-20,Monterey,53,433212,203,147,0,147,4
2020-04-20,Napa,55,140530,64,55,0,55,2
2020-04-20,Nevada,57,99092,41,34,1,35,1
2020-04-20,Orange,59,3164182,2594,1679,8,1687,33
2020-04-20,Placer,61,380077,153,132,0,132,8
2020-04-20,Plumas,63,18699,4,4,0,4,0
2020-04-20,Riverside,65,2383286,3767,2477,6,2483,61
2020-04-20,Sacramento,67,1510023,1036,924,0,924,32
2020-04-20,San Benito,69,59416,44,43,0,43,2
2020-04-20,San Bernardino,71,2135413,1941,1344,0,1344,63
2020-04-20,San Diego,73,3302833,3268,2327,0,2327,72
2020-04-20,San Francisco,75,870044,1485,1223,0,1223,19
2020-04-20,San Joaquin,77,732212,521,422,3,425,17
2020-04-20,San Luis Obispo,79,281455,183,132,1,133,1
2020-04-20,San Mateo,81,765935,1197,890,2,892,31
2020-04-20,Santa Barbara,83,443738,550,388,1,389,4
2020-04-20,Santa Clara,85,1922200,2237,1920,1,1921,84
2020-04-20,Santa Cruz,87,273765,126,102,0,102,2
2020-04-20,Shasta,89,179085,32,26,0,26,3
2020-04-20,Sierra,91,2930,0,0,0,0,0
2020-04-20,Siskiyou,93,43540,5,5,0,5,0
2020-04-20,Solano,95,438530,237,185,0,185,2
2020-04-20,Sonoma,97,501317,217,178,0,178,1
2020-04-20,Stanislaus,99,539301,300,228,4,232,3
2020-04-20,Sutter,101,95872,27,22,0,22,2
2020-04-20,Tehama,103,63373,1,1,0,1,1
2020-04-20,Trinity,105,12862,0,0,0,0,0
2020-04-20,Tulare,107,460477,588,401,1,402,20
2020-04-20,Tuolumne,109,53932,3,2,0,2,0
2020-04-20,Ventura,111,848112,563,426,0,426,13
2020-04-20,Yolo,113,214977,167,125,0,125,5
2020-04-20,Yuba,115,75493,16,15,0,15,1
2020-04-19,Alameda,1,1643700,1482,1134,0,1134,41
2020-04-19,Alpine,3,1148,1,1,0,1,0
2020-04-19,Amador,5,37829,7,7,0,7,0
2020-04-19,Butte,7,227075,20,15,1,16,0
2020-04-19,Calaveras,9,45235,12,12,0,12,0
2020-04-19,Colusa,11,21464,3,3,0,3,0
2020-04-19,Contra Costa,13,1133247,859,731,0,731,20
2020-04-19,Del Norte,15,27424,2,2,0,2,0
2020-04-19,El Dorado,17,186661,50,36,0,36,0
2020-04-19,Fresno,19,978130,619,326,4,330,7
2020-04-19,Glenn,21,27897,4,3,0,3,0
2020-04-19,Humboldt,23,135768,58,53,0,53,0
2020-04-19,Imperial,25,180216,323,144,0,144,2
2020-04-19,Inyo,27,18085,19,17,0,17,0
2020-04-19,Kern,29,883053,839,629,1,630,3
2020-04-19,Kings,31,150075,57,17,1,18,1
2020-04-19,Lake,33,64148,6,6,0,6,0
2020-04-19,Lassen,35,31185,1,0,2,2,0
2020-04-19,Los Angeles,37,10098052,19768,12299,19,12318,589
2020-04-19,Madera,39,155013,67,34,0,34,2
2020-04-19,Marin,41,260295,211,194,1,195,10
2020-04-19,Mariposa,43,17540,2,0,0,0,0
2020-04-19,Mendocino,45,87422,5,4,0,4,0
2020-04-19,Merced,47,269075,131,85,0,85,3
2020-04-19,Modoc,49,8938,0,0,0,0,0
2020-04-19,Mono,51,14174,29,23,0,23,1
2020-04-19,Monterey,53,433212,195,140,0,140,4
2020-04-19,Napa,55,140530,62,49,0,49,2
2020-04-19,Nevada,57,99092,40,34,1,35,1
2020-04-19,Orange,59,3164182,2498,1591,7,1598,32
2020-04-19,Placer,61,380077,152,131,0,131,8
2020-04-19,Plumas,63,18699,4,4,0,4,0
2020-04-19,Riverside,65,2383286,3624,2316,6,2322,56
2020-04-19,Sacramento,67,1510023,1010,912,0,912,32
2020-04-19,San Benito,69,59416,42,40,0,40,2
2020-04-19,San Bernardino,71,2135413,1878,1262,0,1262,58
2020-04-19,San Diego,73,3302833,3101,2270,0,2270,71
2020-04-19,San Francisco,75,870044,1452,1153,0,1153,19
2020-04-19,San Joaquin,77,732212,503,404,3,407,17
2020-04-19,San Luis Obispo,79,281455,178,132,1,133,1
2020-04-19,San Mateo,81,765935,1161,845,2,847,31
2020-04-19,Santa Barbara,83,443738,541,377,1,378,3
2020-04-19,Santa Clara,85,1922200,2201,1878,1,1879,81
2020-04-19,Santa Cruz,87,273765,123,98,0,98,2
2020-04-19,Shasta,89,179085,30,26,0,26,3
2020-04-19,Sierra,91,2930,0,0,0,0,0
2020-04-19,Siskiyou,93,43540,5,5,0,5,0
2020-04-19,Solano,95,438530,229,174,0,174,2
2020-04-19,Sonoma,97,501317,211,172,0,172,1
2020-04-19,Stanislaus,99,539301,292,221,4,225,3
2020-04-19,Sutter,101,95872,26,21,0,21,2
2020-04-19,Tehama,103,63373,1,1,0,1,1
2020-04-19,Trinity,105,12862,0,0,0,0,0
2020-04-19,Tulare,107,460477,543,391,1,392,17
2020-04-19,Tuolumne,109,53932,3,2,0,2,0
2020-04-19,Ventura,111,848112,555,418,0,418,13
2020-04-19,Yolo,113,214977,167,120,0,120,5
2020-04-19,Yuba,115,75493,16,15,0,15,1
2020-04-18,Alameda,1,1643700,1457,1085,0,1085,40
2020-04-18,Alpine,3,1148,1,1,0,1,0
2020-04-18,Amador,5,37829,7,7,0,7,0
2020-04-18,Butte,7,227075,19,15,1,16,0
2020-04-18,Calaveras,9,45235,12,12,0,12,0
2020-04-18,Colusa,11,21464,3,3,0,3,0
2020-04-18,Contra Costa,13,1133247,847,721,0,721,17
2020-04-18,Del Norte,15,27424,2,2,0,2,0
2020-04-18,El Dorado,17,186661,50,36,0,36,0
2020-04-18,Fresno,19,978130,599,319,4,323,7
2020-04-18,Glenn,21,27897,4,3,0,3,0
2020-04-18,Humboldt,23,135768,58,52,0,52,0
2020-04-18,Imperial,25,180216,314,137,0,137,2
2020-04-18,Inyo,27,18085,19,17,0,17,0
2020-04-18,Kern,29,883053,817,626,1,627,3
2020-04-18,Kings,31,150075,56,17,1,18,1
2020-04-18,Lake,33,64148,6,6,0,6,0
2020-04-18,Lassen,35,31185,1,0,2,2,0
2020-04-18,Los Angeles,37,10098052,19244,11984,18,12002,566
2020-04-18,Madera,39,155013,66,34,0,34,2
2020-04-18,Marin,41,260295,209,193,1,194,10
2020-04-18,Mariposa,43,17540,2,0,0,0,0
2020-04-18,Mendocino,45,87422,5,4,0,4,0
2020-04-18,Merced,47,269075,129,82,0,82,3
2020-04-18,Modoc,49,8938,0,0,0,0,0
2020-04-18,Mono,51,14174,29,22,0,22,1
2020-04-18,Monterey,53,433212,191,135,0,135,3
2020-04-18,Napa,55,140530,62,49,0,49,2
2020-04-18,Nevada,57,99092,39,34,1,35,1
2020-04-18,Orange,59,3164182,2434,1569,6,1575,32
2020-04-18,Placer,61,380077,150,130,0,130,8
2020-04-18,Plumas,63,18699,4,4,0,4,0
2020-04-18,Riverside,65,2383286,3552,2257,6,2263,56
2020-04-18,Sacramento,67,1510023,998,901,0,901,32
2020-04-18,San Benito,69,59416,42,40,0,40,2
2020-04-18,San Bernardino,71,2135413,1833,1255,0,1255,58
2020-04-18,San Diego,73,3302833,2999,2215,0,2215,71
2020-04-18,San Francisco,75,870044,1413,1144,0,1144,19
2020-04-18,San Joaquin,77,732212,494,392,3,395,17
2020-04-18,San Luis Obispo,79,281455,174,129,1,130,1
2020-04-18,San Mateo,81,765935,1139,821,2,823,31
2020-04-18,Santa Barbara,83,443738,535,372,1,373,3
2020-04-18,Santa Clara,85,1922200,2171,1862,1,1863,79
2020-04-18,Santa Cruz,87,273765,121,96,0,96,2
2020-04-18,Shasta,89,179085,30,26,0,26,3
2020-04-18,Sierra,91,2930,0,0,0,0,0
2020-04-18,Siskiyou,93,43540,5,5,0,5,0
2020-04-18,Solano,95,438530,226,175,0,175,2
2020-04-18,Sonoma,97,501317,207,168,0,168,1
2020-04-18,Stanislaus,99,539301,284,216,4,220,3
2020-04-18,Sutter,101,95872,26,21,0,21,2
2020-04-18,Tehama,103,63373,1,1,0,1,1
2020-04-18,Trinity,105,12862,0,0,0,0,0
2020-04-18,Tulare,107,460477,534,385,1,386,17
2020-04-18,Tuolumne,109,53932,3,2,0,2,0
2020-04-18,Ventura,111,848112,547,416,0,416,13
2020-04-18,Yolo,113,214977,165,118,0,118,5
2020-04-18,Yuba,115,75493,16,14,0,14,1
2020-04-17,Alameda,1,1643700,1402,1043,0,1043,40
2020-04-17,Alpine,3,1148,1,1,0,1,0
2020-04-17,Amador,5,37829,7,7,0,7,0
2020-04-17,Butte,7,227075,19,15,1,16,0
2020-04-17,Calaveras,9,45235,12,11,0,11,0
2020-04-17,Colusa,11,21464,3,3,0,3,0
2020-04-17,Contra Costa,13,1133247,838,687,0,687,15
2020-04-17,Del Norte,15,27424,2,2,0,2,0
2020-04-17,El Dorado,17,186661,50,35,0,35,0
2020-04-17,Fresno,19,978130,577,315,4,319,7
2020-04-17,Glenn,21,27897,4,3,0,3,0
2020-04-17,Humboldt,23,135768,57,52,0,52,0
2020-04-17,Imperial,25,180216,305,135,0,135,2
2020-04-17,Inyo,27,18085,19,17,0,17,0
2020-04-17,Kern,29,883053,797,612,1,613,3
2020-04-17,Kings,31,150075,54,15,1,16,1
2020-04-17,Lake,33,64148,6,6,0,6,0
2020-04-17,Lassen,35,31185,1,0,2,2,0
2020-04-17,Los Angeles,37,10098052,18601,11354,18,11372,489
2020-04-17,Madera,39,155013,66,34,0,34,2
2020-04-17,Marin,41,260295,206,189,1,190,10
2020-04-17,Mariposa,43,17540,1,0,0,0,0
2020-04-17,Mendocino,45,87422,5,4,0,4,0
2020-04-17,Merced,47,269075,128,80,0,80,3
2020-04-17,Modoc,49,8938,0,0,0,0,0
2020-04-17,Mono,51,14174,29,22,0,22,1
2020-04-17,Monterey,53,433212,186,119,0,119,3
2020-04-17,Napa,55,140530,60,46,0,46,2
2020-04-17,Nevada,57,99092,38,34,1,35,1
2020-04-17,Orange,59,3164182,2384,1496,6,1502,31
2020-04-17,Placer,61,380077,150,130,0,130,8
2020-04-17,Plumas,63,18699,4,4,0,4,0
2020-04-17,Riverside,65,2383286,3426,2080,6,2086,50
2020-04-17,Sacramento,67,1510023,991,882,0,882,32
2020-04-17,San Benito,69,59416,42,38,0,38,2
2020-04-17,San Bernardino,71,2135413,1795,1229,0,1229,57
2020-04-17,San Diego,73,3302833,2909,2160,0,2160,70
2020-04-17,San Francisco,75,870044,1387,1090,0,1090,19
2020-04-17,San Joaquin,77,732212,483,356,3,359,17
2020-04-17,San Luis Obispo,79,281455,167,116,1,117,1
2020-04-17,San Mateo,81,765935,1123,768,2,770,31
2020-04-17,Santa Barbara,83,443738,530,349,1,350,3
2020-04-17,Santa Clara,85,1922200,2143,1834,1,1835,74
2020-04-17,Santa Cruz,87,273765,120,94,0,94,2
2020-04-17,Shasta,89,179085,30,26,0,26,3
2020-04-17,Sierra,91,2930,0,0,0,0,0
2020-04-17,Siskiyou,93,43540,5,5,0,5,0
2020-04-17,Solano,95,438530,225,173,0,173,2
2020-04-17,Sonoma,97,501317,204,167,0,167,1
2020-04-17,Stanislaus,99,539301,282,201,4,205,3
2020-04-17,Sutter,101,95872,26,20,0,20,2
2020-04-17,Tehama,103,63373,1,1,0,1,1
2020-04-17,Trinity,105,12862,0,0,0,0,0
2020-04-17,Tulare,107,460477,527,370,1,371,17
2020-04-17,Tuolumne,109,53932,3,2,0,2,0
2020-04-17,Ventura,111,848112,542,398,0,398,13
2020-04-17,Yolo,113,214977,164,117,0,117,5
2020-04-17,Yuba,115,75493,16,14,0,14,1
2020-04-16,Alameda,1,1643700,1369,981,0,981,39
2020-04-16,Alpine,3,1148,1,1,0,1,0
2020-04-16,Amador,5,37829,7,7,0,7,0
2020-04-16,Butte,7,227075,19,15,1,16,0
2020-04-16,Calaveras,9,45235,12,10,0,10,0
2020-04-16,Colusa,11,21464,3,3,0,3,0
2020-04-16,Contra Costa,13,1133247,824,675,0,675,14
2020-04-16,Del Norte,15,27424,2,2,0,2,0
2020-04-16,El Dorado,17,186661,49,34,0,34,0
2020-04-16,Fresno,19,978130,548,289,4,293,7
2020-04-16,Glenn,21,27897,4,3,0,3,0
2020-04-16,Humboldt,23,135768,57,47,0,47,0
2020-04-16,Imperial,25,180216,291,132,0,132,2
2020-04-16,Inyo,27,18085,17,17,0,17,0
2020-04-16,Kern,29,883053,772,587,1,588,3
2020-04-16,Kings,31,150075,50,12,1,13,1
2020-04-16,Lake,33,64148,6,6,0,6,0
2020-04-16,Lassen,35,31185,1,0,2,2,0
2020-04-16,Los Angeles,37,10098052,17716,10786,18,10804,447
2020-04-16,Madera,39,155013,64,34,0,34,2
2020-04-16,Marin,41,260295,202,170,1,171,10
2020-04-16,Mariposa,43,17540,1,1,0,1,0
2020-04-16,Mendocino,45,87422,5,4,0,4,0
2020-04-16,Merced,47,269075,122,76,0,76,3
2020-04-16,Modoc,49,8938,0,0,0,0,0
2020-04-16,Mono,51,14174,29,22,0,22,1
2020-04-16,Monterey,53,433212,183,116,0,116,3
2020-04-16,Napa,55,140530,57,44,0,44,2
2020-04-16,Nevada,57,99092,38,34,1,35,1
2020-04-16,Orange,59,3164182,2321,1439,5,1444,28
2020-04-16,Placer,61,380077,148,129,0,129,7
2020-04-16,Plumas,63,18699,4,4,0,4,0
2020-04-16,Riverside,65,2383286,3308,1913,6,1919,45
2020-04-16,Sacramento,67,1510023,983,865,0,865,32
2020-04-16,San Benito,69,59416,42,36,0,36,2
2020-04-16,San Bernardino,71,2135413,1712,1143,0,1143,54
2020-04-16,San Diego,73,3302833,2801,2089,0,2089,63
2020-04-16,San Francisco,75,870044,1342,1039,0,1039,16
2020-04-16,San Joaquin,77,732212,468,345,3,348,17
2020-04-16,San Luis Obispo,79,281455,163,113,1,114,1
2020-04-16,San Mateo,81,765935,1094,745,2,747,29
2020-04-16,Santa Barbara,83,443738,517,331,1,332,3
2020-04-16,Santa Clara,85,1922200,2117,1789,1,1790,70
2020-04-16,Santa Cruz,87,273765,118,90,0,90,2
2020-04-16,Shasta,89,179085,30,25,0,25,3
2020-04-16,Sierra,91,2930,0,0,0,0,0
2020-04-16,Siskiyou,93,43540,5,5,0,5,0
2020-04-16,Solano,95,438530,222,162,0,162,2
2020-04-16,Sonoma,97,501317,199,145,0,145,1
2020-04-16,Stanislaus,99,539301,279,185,4,189,3
2020-04-16,Sutter,101,95872,25,21,0,21,2
2020-04-16,Tehama,103,63373,1,1,0,1,1
2020-04-16,Trinity,105,12862,0,0,0,0,0
2020-04-16,Tulare,107,460477,511,305,1,306,16
2020-04-16,Tuolumne,109,53932,3,1,0,1,0
2020-04-16,Ventura,111,848112,530,384,0,384,13
2020-04-16,Yolo,113,214977,162,98,0,98,4
2020-04-16,Yuba,115,75493,15,14,0,14,1
2020-04-15,Alameda,1,1643700,1318,915,0,915,38
2020-04-15,Alpine,3,1148,1,1,0,1,0
2020-04-15,Amador,5,37829,7,7,0,7,0
2020-04-15,Butte,7,227075,19,14,1,15,0
2020-04-15,Calaveras,9,45235,11,9,0,9,0
2020-04-15,Colusa,11,21464,3,3,0,3,0
2020-04-15,Contra Costa,13,1133247,802,645,0,645,14
2020-04-15,Del Norte,15,27424,2,2,0,2,0
2020-04-15,El Dorado,17,186661,47,33,0,33,0
2020-04-15,Fresno,19,978130,523,264,4,268,7
2020-04-15,Glenn,21,27897,4,3,0,3,0
2020-04-15,Humboldt,23,135768,57,47,0,47,0
2020-04-15,Imperial,25,180216,265,115,0,115,2
2020-04-15,Inyo,27,18085,17,12,0,12,0
2020-04-15,Kern,29,883053,750,500,1,501,3
2020-04-15,Kings,31,150075,46,12,1,13,1
2020-04-15,Lake,33,64148,6,4,0,4,0
2020-04-15,Lassen,35,31185,1,0,2,2,0
2020-04-15,Los Angeles,37,10098052,16895,10416,18,10434,394
2020-04-15,Madera,39,155013,64,30,0,30,2
2020-04-15,Marin,41,260295,199,162,1,163,10
2020-04-15,Mariposa,43,17540,0,0,0,0,0
2020-04-15,Mendocino,45,87422,4,4,0,4,0
2020-04-15,Merced,47,269075,120,74,0,74,3
2020-04-15,Modoc,49,8938,0,0,0,0,0
2020-04-15,Mono,51,14174,29,22,0,22,1
2020-04-15,Monterey,53,433212,175,106,0,106,3
2020-04-15,Napa,55,140530,55,34,0,34,2
2020-04-15,Nevada,57,99092,37,34,1,35,1
2020-04-15,Orange,59,3164182,2219,1377,5,1382,24
2020-04-15,Placer,61,380077,147,123,0,123,6
2020-04-15,Plumas,63,18699,4,4,0,4,0
2020-04-15,Riverside,65,2383286,3113,1723,6,1729,42
2020-04-15,Sacramento,67,1510023,974,839,0,839,32
2020-04-15,San Benito,69,59416,42,34,0,34,2
2020-04-15,San Bernardino,71,2135413,1642,1063,0,1063,45
2020-04-15,San Diego,73,3302833,2713,2014,0,2014,60
2020-04-15,San Francisco,75,870044,1306,1006,0,1006,16
2020-04-15,San Joaquin,77,732212,460,329,3,332,17
2020-04-15,San Luis Obispo,79,281455,157,112,1,113,1
2020-04-15,San Mateo,81,765935,1045,707,2,709,28
2020-04-15,Santa Barbara,83,443738,498,317,1,318,2
2020-04-15,Santa Clara,85,1922200,2083,1692,1,1693,69
2020-04-15,Santa Cruz,87,273765,114,92,0,92,2
2020-04-15,Shasta,89,179085,30,25,0,25,3
2020-04-15,Sierra,91,2930,0,0,0,0,0
2020-04-15,Siskiyou,93,43540,5,5,0,5,0
2020-04-15,Solano,95,438530,217,153,0,153,2
2020-04-15,Sonoma,97,501317,197,140,0,140,1
2020-04-15,Stanislaus,99,539301,272,174,4,178,3
2020-04-15,Sutter,101,95872,25,19,0,19,2
2020-04-15,Tehama,103,63373,1,1,0,1,1
2020-04-15,Trinity,105,12862,0,0,0,0,0
2020-04-15,Tulare,107,460477,494,289,1,290,14
2020-04-15,Tuolumne,109,53932,3,1,0,1,0
2020-04-15,Ventura,111,848112,515,365,0,365,13
2020-04-15,Yolo,113,214977,158,93,0,93,3
2020-04-15,Yuba,115,75493,15,15,0,15,1
2020-04-14,Alameda,1,1643700,1273,843,0,843,30
2020-04-14,Alpine,3,1148,1,1,0,1,0
2020-04-14,Amador,5,37829,7,6,0,6,0
2020-04-14,Butte,7,227075,19,13,1,14,0
2020-04-14,Calaveras,9,45235,11,5,0,5,0
2020-04-14,Colusa,11,21464,3,3,0,3,0
2020-04-14,Contra Costa,13,1133247,790,617,0,617,12
2020-04-14,Del Norte,15,27424,2,2,0,2,0
2020-04-14,El Dorado,17,186661,47,30,0,30,0
2020-04-14,Fresno,19,978130,501,244,4,248,6
2020-04-14,Glenn,21,27897,4,3,0,3,0
2020-04-14,Humboldt,23,135768,57,44,0,44,0
2020-04-14,Imperial,25,180216,245,86,0,86,2
2020-04-14,Inyo,27,18085,17,12,0,12,0
2020-04-14,Kern,29,883053,727,453,1,454,3
2020-04-14,Kings,31,150075,45,12,1,13,1
2020-04-14,Lake,33,64148,6,3,0,3,0
2020-04-14,Lassen,35,31185,1,0,2,2,0
2020-04-14,Los Angeles,37,10098052,16001,9948,17,9965,357
2020-04-14,Madera,39,155013,63,29,0,29,2
2020-04-14,Marin,41,260295,195,147,1,148,9
2020-04-14,Mariposa,43,17540,0,0,0,0,0
2020-04-14,Mendocino,45,87422,4,4,0,4,0
2020-04-14,Merced,47,269075,113,61,0,61,3
2020-04-14,Modoc,49,8938,0,0,0,0,0
2020-04-14,Mono,51,14174,29,22,0,22,1
2020-04-14,Monterey,53,433212,170,98,0,98,3
2020-04-14,Napa,55,140530,55,33,0,33,2
2020-04-14,Nevada,57,99092,37,34,1,35,1
2020-04-14,Orange,59,3164182,2119,1362,5,1367,24
2020-04-14,Placer,61,380077,146,117,0,117,5
2020-04-14,Plumas,63,18699,4,3,0,3,0
2020-04-14,Riverside,65,2383286,2978,1467,6,1473,40
2020-04-14,Sacramento,67,1510023,965,737,0,737,29
2020-04-14,San Benito,69,59416,39,34,0,34,2
2020-04-14,San Bernardino,71,2135413,1587,933,0,933,37
2020-04-14,San Diego,73,3302833,2618,1932,0,1932,53
2020-04-14,San Francisco,75,870044,1252,968,0,968,14
2020-04-14,San Joaquin,77,732212,450,280,3,283,17
2020-04-14,San Luis Obispo,79,281455,155,109,1,110,1
2020-04-14,San Mateo,81,765935,1011,681,2,683,28
2020-04-14,Santa Barbara,83,443738,473,292,1,293,2
2020-04-14,Santa Clara,85,1922200,2050,1561,1,1562,63
2020-04-14,Santa Cruz,87,273765,106,84,0,84,2
2020-04-14,Shasta,89,179085,30,24,0,24,3
2020-04-14,Sierra,91,2930,0,0,0,0,0
2020-04-14,Siskiyou,93,43540,5,5,0,5,0
2020-04-14,Solano,95,438530,214,140,0,140,2
2020-04-14,Sonoma,97,501317,193,133,0,133,1
2020-04-14,Stanislaus,99,539301,259,136,4,140,3
2020-04-14,Sutter,101,95872,24,19,0,19,2
2020-04-14,Tehama,103,63373,1,1,0,1,1
2020-04-14,Trinity,105,12862,0,0,0,0,0
2020-04-14,Tulare,107,460477,471,228,1,229,12
2020-04-14,Tuolumne,109,53932,3,0,0,0,0
2020-04-14,Ventura,111,848112,502,328,0,328,11
2020-04-14,Yolo,113,214977,154,81,0,81,3
2020-04-14,Yuba,115,75493,14,14,0,14,1
2020-04-13,Alameda,1,1643700,1234,821,0,821,23
2020-04-13,Alpine,3,1148,1,1,0,1,0
2020-04-13,Amador,5,37829,7,6,0,6,0
2020-04-13,Butte,7,227075,19,13,1,14,0
2020-04-13,Calaveras,9,45235,10,5,0,5,0
2020-04-13,Colusa,11,21464,3,3,0,3,0
2020-04-13,Contra Costa,13,1133247,774,569,0,569,12
2020-04-13,Del Norte,15,27424,2,2,0,2,0
2020-04-13,El Dorado,17,186661,45,29,0,29,0
2020-04-13,Fresno,19,978130,479,205,3,208,4
2020-04-13,Glenn,21,27897,4,3,0,3,0
2020-04-13,Humboldt,23,135768,57,44,0,44,0
2020-04-13,Imperial,25,180216,227,82,0,82,2
2020-04-13,Inyo,27,18085,17,12,0,12,0
2020-04-13,Kern,29,883053,702,346,1,347,3
2020-04-13,Kings,31,150075,41,9,1,10,0
2020-04-13,Lake,33,64148,6,3,0,3,0
2020-04-13,Lassen,35,31185,1,0,2,2,0
2020-04-13,Los Angeles,37,10098052,15287,9367,17,9384,317
2020-04-13,Madera,39,155013,61,29,0,29,2
2020-04-13,Marin,41,260295,191,144,1,145,6
2020-04-13,Mariposa,43,17540,0,0,0,0,0
2020-04-13,Mendocino,45,87422,4,4,0,4,0
2020-04-13,Merced,47,269075,112,60,0,60,3
2020-04-13,Modoc,49,8938,0,0,0,0,0
2020-04-13,Mono,51,14174,29,21,0,21,1
2020-04-13,Monterey,53,433212,164,86,0,86,3
2020-04-13,Napa,55,140530,54,30,0,30,2
2020-04-13,Nevada,57,99092,37,24,1,25,1
2020-04-13,Orange,59,3164182,2047,1313,5,1318,21
2020-04-13,Placer,61,380077,145,116,0,116,5
2020-04-13,Plumas,63,18699,4,3,0,3,0
2020-04-13,Riverside,65,2383286,2838,1460,5,1465,35
2020-04-13,Sacramento,67,1510023,953,723,0,723,25
2020-04-13,San Benito,69,59416,38,33,0,33,2
2020-04-13,San Bernardino,71,2135413,1512,920,0,920,30
2020-04-13,San Diego,73,3302833,2535,1849,0,1849,47
2020-04-13,San Francisco,75,870044,1214,948,0,948,12
2020-04-13,San Joaquin,77,732212,436,255,3,258,16
2020-04-13,San Luis Obispo,79,281455,150,106,1,107,1
2020-04-13,San Mateo,81,765935,971,679,2,681,25
2020-04-13,Santa Barbara,83,443738,454,271,0,271,2
2020-04-13,Santa Clara,85,1922200,2010,1540,1,1541,58
2020-04-13,Santa Cruz,87,273765,100,82,0,82,1
2020-04-13,Shasta,89,179085,29,24,0,24,3
2020-04-13,Sierra,91,2930,0,0,0,0,0
2020-04-13,Siskiyou,93,43540,5,5,0,5,0
2020-04-13,Solano,95,438530,211,136,0,136,2
2020-04-13,Sonoma,97,501317,186,133,0,133,1
2020-04-13,Stanislaus,99,539301,253,130,4,134,1
2020-04-13,Sutter,101,95872,24,18,0,18,2
2020-04-13,Tehama,103,63373,1,1,0,1,0
2020-04-13,Trinity,105,12862,0,0,0,0,0
2020-04-13,Tulare,107,460477,434,185,1,186,11
2020-04-13,Tuolumne,109,53932,3,0,0,0,0
2020-04-13,Ventura,111,848112,481,309,0,309,9
2020-04-13,Yolo,113,214977,148,81,0,81,3
2020-04-13,Yuba,115,75493,14,13,0,13,1
2020-04-12,Alameda,1,1643700,1191,774,0,774,23
2020-04-12,Alpine,3,1148,1,1,0,1,0
2020-04-12,Amador,5,37829,7,6,0,6,0
2020-04-12,Butte,7,227075,19,13,1,14,0
2020-04-12,Calaveras,9,45235,10,5,0,5,0
2020-04-12,Colusa,11,21464,3,3,0,3,0
2020-04-12,Contra Costa,13,1133247,762,553,0,553,12
2020-04-12,Del Norte,15,27424,2,2,0,2,0
2020-04-12,El Dorado,17,186661,45,28,0,28,0
2020-04-12,Fresno,19,978130,450,205,3,208,4
2020-04-12,Glenn,21,27897,4,3,0,3,0
2020-04-12,Humboldt,23,135768,57,43,0,43,0
2020-04-12,Imperial,25,180216,204,78,0,78,2
2020-04-12,Inyo,27,18085,15,12,0,12,0
2020-04-12,Kern,29,883053,670,319,0,319,3
2020-04-12,Kings,31,150075,39,9,1,10,0
2020-04-12,Lake,33,64148,6,3,0,3,0
2020-04-12,Lassen,35,31185,1,0,2,2,0
2020-04-12,Los Angeles,37,10098052,14577,9133,17,9150,294
2020-04-12,Madera,39,155013,60,29,0,29,2
2020-04-12,Marin,41,260295,180,138,1,139,6
2020-04-12,Mariposa,43,17540,0,0,0,0,0
2020-04-12,Mendocino,45,87422,4,4,0,4,0
2020-04-12,Merced,47,269075,106,58,0,58,3
2020-04-12,Modoc,49,8938,0,0,0,0,0
2020-04-12,Mono,51,14174,29,20,0,20,1
2020-04-12,Monterey,53,433212,150,85,0,85,3
2020-04-12,Napa,55,140530,52,29,0,29,2
2020-04-12,Nevada,57,99092,37,24,1,25,1
2020-04-12,Orange,59,3164182,1987,1283,5,1288,21
2020-04-12,Placer,61,380077,144,114,0,114,4
2020-04-12,Plumas,63,18699,4,3,0,3,0
2020-04-12,Riverside,65,2383286,2656,1330,5,1335,34
2020-04-12,Sacramento,67,1510023,916,689,0,689,25
2020-04-12,San Benito,69,59416,36,33,0,33,2
2020-04-12,San Bernardino,71,2135413,1436,827,0,827,30
2020-04-12,San Diego,73,3302833,2445,1806,0,1806,45
2020-04-12,San Francisco,75,870044,1186,886,0,886,11
2020-04-12,San Joaquin,77,732212,418,246,3,249,15
2020-04-12,San Luis Obispo,79,281455,148,102,1,103,1
2020-04-12,San Mateo,81,765935,945,664,2,666,25
2020-04-12,Santa Barbara,83,443738,429,261,0,261,2
2020-04-12,Santa Clara,85,1922200,1986,1461,1,1462,53
2020-04-12,Santa Cruz,87,273765,99,80,0,80,1
2020-04-12,Shasta,89,179085,29,24,0,24,3
2020-04-12,Sierra,91,2930,0,0,0,0,0
2020-04-12,Siskiyou,93,43540,5,5,0,5,0
2020-04-12,Solano,95,438530,205,136,0,136,2
2020-04-12,Sonoma,97,501317,183,131,0,131,1
2020-04-12,Stanislaus,99,539301,245,117,4,121,1
2020-04-12,Sutter,101,95872,23,18,0,18,2
2020-04-12,Tehama,103,63373,1,1,0,1,0
2020-04-12,Trinity,105,12862,0,0,0,0,0
2020-04-12,Tulare,107,460477,423,166,1,167,11
2020-04-12,Tuolumne,109,53932,3,0,0,0,0
2020-04-12,Ventura,111,848112,471,306,0,306,9
2020-04-12,Yolo,113,214977,135,67,0,67,3
2020-04-12,Yuba,115,75493,14,13,0,13,1
2020-04-11,Alameda,1,1643700,1150,751,0,751,23
2020-04-11,Alpine,3,1148,1,1,0,1,0
2020-04-11,Amador,5,37829,7,6,0,6,0
2020-04-11,Butte,7,227075,19,13,1,14,0
2020-04-11,Calaveras,9,45235,10,5,0,5,0
2020-04-11,Colusa,11,21464,3,3,0,3,0
2020-04-11,Contra Costa,13,1133247,753,550,0,550,12
2020-04-11,Del Norte,15,27424,2,2,0,2,0
2020-04-11,El Dorado,17,186661,45,29,0,29,0
2020-04-11,Fresno,19,978130,440,201,3,204,4
2020-04-11,Glenn,21,27897,4,3,0,3,0
2020-04-11,Humboldt,23,135768,57,38,0,38,0
2020-04-11,Imperial,25,180216,193,78,0,78,2
2020-04-11,Inyo,27,18085,15,12,0,12,0
2020-04-11,Kern,29,883053,643,304,0,304,3
2020-04-11,Kings,31,150075,36,9,1,10,0
2020-04-11,Lake,33,64148,6,3,0,3,0
2020-04-11,Lassen,35,31185,1,0,2,2,0
2020-04-11,Los Angeles,37,10098052,14107,8823,17,8840,262
2020-04-11,Madera,39,155013,59,29,0,29,2
2020-04-11,Marin,41,260295,177,136,1,137,6
2020-04-11,Mariposa,43,17540,0,0,0,0,0
2020-04-11,Mendocino,45,87422,4,4,0,4,0
2020-04-11,Merced,47,269075,103,59,0,59,3
2020-04-11,Modoc,49,8938,0,0,0,0,0
2020-04-11,Mono,51,14174,29,20,0,20,1
2020-04-11,Monterey,53,433212,144,78,0,78,3
2020-04-11,Napa,55,140530,52,29,0,29,2
2020-04-11,Nevada,57,99092,37,24,1,25,1
2020-04-11,Orange,59,3164182,1926,1267,5,1272,21
2020-04-11,Placer,61,380077,144,113,0,113,4
2020-04-11,Plumas,63,18699,4,3,0,3,0
2020-04-11,Riverside,65,2383286,2577,1260,5,1265,33
2020-04-11,Sacramento,67,1510023,905,685,0,685,25
2020-04-11,San Benito,69,59416,36,33,0,33,2
2020-04-11,San Bernardino,71,2135413,1400,826,0,826,28
2020-04-11,San Diego,73,3302833,2379,1763,0,1763,45
2020-04-11,San Francisco,75,870044,1164,860,0,860,11
2020-04-11,San Joaquin,77,732212,413,244,3,247,15
2020-04-11,San Luis Obispo,79,281455,148,100,0,100,1
2020-04-11,San Mateo,81,765935,933,662,2,664,25
2020-04-11,Santa Barbara,83,443738,421,258,0,258,2
2020-04-11,Santa Clara,85,1922200,1945,1441,1,1442,51
2020-04-11,Santa Cruz,87,273765,99,79,0,79,1
2020-04-11,Shasta,89,179085,29,24,0,24,3
2020-04-11,Sierra,91,2930,0,0,0,0,0
2020-04-11,Siskiyou,93,43540,5,5,0,5,0
2020-04-11,Solano,95,438530,201,138,0,138,2
2020-04-11,Sonoma,97,501317,181,131,0,131,1
2020-04-11,Stanislaus,99,539301,238,119,3,122,1
2020-04-11,Sutter,101,95872,23,18,0,18,2
2020-04-11,Tehama,103,63373,1,1,0,1,0
2020-04-11,Trinity,105,12862,0,0,0,0,0
2020-04-11,Tulare,107,460477,401,168,1,169,10
2020-04-11,Tuolumne,109,53932,3,0,0,0,0
2020-04-11,Ventura,111,848112,461,304,0,304,9
2020-04-11,Yolo,113,214977,132,67,0,67,3
2020-04-11,Yuba,115,75493,14,13,0,13,1
2020-04-10,Alameda,1,1643700,1109,706,0,706,21
2020-04-10,Alpine,3,1148,1,1,0,1,0
2020-04-10,Amador,5,37829,7,5,0,5,0
2020-04-10,Butte,7,227075,19,13,1,14,0
2020-04-10,Calaveras,9,45235,10,5,0,5,0
2020-04-10,Colusa,11,21464,3,3,0,3,0
2020-04-10,Contra Costa,13,1133247,740,537,0,537,10
2020-04-10,Del Norte,15,27424,2,2,0,2,0
2020-04-10,El Dorado,17,186661,45,26,0,26,0
2020-04-10,Fresno,19,978130,433,186,3,189,3
2020-04-10,Glenn,21,27897,4,3,0,3,0
2020-04-10,Humboldt,23,135768,57,36,0,36,0
2020-04-10,Imperial,25,180216,186,70,0,70,2
2020-04-10,Inyo,27,18085,13,11,0,11,0
2020-04-10,Kern,29,883053,619,272,0,272,3
2020-04-10,Kings,31,150075,33,7,1,8,0
2020-04-10,Lake,33,64148,6,3,0,3,0
2020-04-10,Lassen,35,31185,1,0,2,2,0
2020-04-10,Los Angeles,37,10098052,13594,8384,16,8400,239
2020-04-10,Madera,39,155013,58,29,0,29,2
2020-04-10,Marin,41,260295,172,128,1,129,6
2020-04-10,Mariposa,43,17540,0,0,0,0,0
2020-04-10,Mendocino,45,87422,4,4,0,4,0
2020-04-10,Merced,47,269075,100,56,0,56,3
2020-04-10,Modoc,49,8938,0,0,0,0,0
2020-04-10,Mono,51,14174,29,20,0,20,1
2020-04-10,Monterey,53,433212,133,78,0,78,3
2020-04-10,Napa,55,140530,49,28,0,28,2
2020-04-10,Nevada,57,99092,37,23,1,24,1
2020-04-10,Orange,59,3164182,1879,1167,5,1172,21
2020-04-10,Placer,61,380077,143,112,0,112,4
2020-04-10,Plumas,63,18699,4,3,0,3,0
2020-04-10,Riverside,65,2383286,2512,1162,5,1167,30
2020-04-10,Sacramento,67,1510023,896,642,0,642,24
2020-04-10,San Benito,69,59416,36,32,0,32,2
2020-04-10,San Bernardino,71,2135413,1352,779,0,779,27
2020-04-10,San Diego,73,3302833,2319,1695,0,1695,44
2020-04-10,San Francisco,75,870044,1133,797,0,797,10
2020-04-10,San Joaquin,77,732212,401,234,3,237,14
2020-04-10,San Luis Obispo,79,281455,148,97,0,97,1
2020-04-10,San Mateo,81,765935,917,642,2,644,24
2020-04-10,Santa Barbara,83,443738,409,254,0,254,2
2020-04-10,Santa Clara,85,1922200,1896,1351,1,1352,50
2020-04-10,Santa Cruz,87,273765,98,75,0,75,1
2020-04-10,Shasta,89,179085,29,24,0,24,3
2020-04-10,Sierra,91,2930,0,0,0,0,0
2020-04-10,Siskiyou,93,43540,5,5,0,5,0
2020-04-10,Solano,95,438530,198,129,0,129,2
2020-04-10,Sonoma,97,501317,180,129,0,129,1
2020-04-10,Stanislaus,99,539301,231,101,3,104,0
2020-04-10,Sutter,101,95872,23,18,0,18,2
2020-04-10,Tehama,103,63373,1,1,0,1,0
2020-04-10,Trinity,105,12862,0,0,0,0,0
2020-04-10,Tulare,107,460477,358,163,1,164,10
2020-04-10,Tuolumne,109,53932,3,0,0,0,0
2020-04-10,Ventura,111,848112,453,290,0,290,9
2020-04-10,Yolo,113,214977,130,62,0,62,3
2020-04-10,Yuba,115,75493,14,13,0,13,1
2020-04-09,Alameda,1,1643700,1059,641,0,641,17
2020-04-09,Alpine,3,1148,1,1,0,1,0
2020-04-09,Amador,5,37829,7,2,0,2,0
2020-04-09,Butte,7,227075,19,12,1,13,0
2020-04-09,Calaveras,9,45235,10,5,0,5,0
2020-04-09,Colusa,11,21464,3,3,0,3,0
2020-04-09,Contra Costa,13,1133247,697,505,0,505,7
2020-04-09,Del Norte,15,27424,2,2,0,2,0
2020-04-09,El Dorado,17,186661,44,25,0,25,0
2020-04-09,Fresno,19,978130,411,165,3,168,3
2020-04-09,Glenn,21,27897,4,2,0,2,0
2020-04-09,Humboldt,23,135768,57,36,0,36,0
2020-04-09,Imperial,25,180216,165,67,0,67,2
2020-04-09,Inyo,27,18085,12,11,0,11,0
2020-04-09,Kern,29,883053,583,241,0,241,2
2020-04-09,Kings,31,150075,31,5,1,6,0
2020-04-09,Lake,33,64148,5,1,0,1,0
2020-04-09,Lassen,35,31185,1,0,2,2,0
2020-04-09,Los Angeles,37,10098052,12967,7919,16,7935,220
2020-04-09,Madera,39,155013,58,28,0,28,2
2020-04-09,Marin,41,260295,170,126,1,127,7
2020-04-09,Mariposa,43,17540,0,0,0,0,0
2020-04-09,Mendocino,45,87422,4,4,0,4,0
2020-04-09,Merced,47,269075,97,41,0,41,3
2020-04-09,Modoc,49,8938,0,0,0,0,0
2020-04-09,Mono,51,14174,29,19,0,19,1
2020-04-09,Monterey,53,433212,115,70,0,70,3
2020-04-09,Napa,55,140530,45,27,0,27,2
2020-04-09,Nevada,57,99092,36,23,1,24,1
2020-04-09,Orange,59,3164182,1803,1105,4,1109,19
2020-04-09,Placer,61,380077,142,107,0,107,4
2020-04-09,Plumas,63,18699,4,3,0,3,0
2020-04-09,Riverside,65,2383286,2370,1083,5,1088,29
2020-04-09,Sacramento,67,1510023,873,601,0,601,21
2020-04-09,San Benito,69,59416,36,32,0,32,2
2020-04-09,San Bernardino,71,2135413,1283,717,0,717,27
2020-04-09,San Diego,73,3302833,2223,1630,0,1630,40
2020-04-09,San Francisco,75,870044,1113,748,0,748,8
2020-04-09,San Joaquin,77,732212,380,223,3,226,14
2020-04-09,San Luis Obispo,79,281455,141,93,0,93,1
2020-04-09,San Mateo,81,765935,901,630,2,632,23
2020-04-09,Santa Barbara,83,443738,399,232,0,232,2
2020-04-09,Santa Clara,85,1922200,1828,1301,1,1302,49
2020-04-09,Santa Cruz,87,273765,98,73,0,73,1
2020-04-09,Shasta,89,179085,29,22,0,22,3
2020-04-09,Sierra,91,2930,0,0,0,0,0
2020-04-09,Siskiyou,93,43540,5,4,0,4,0
2020-04-09,Solano,95,438530,189,118,0,118,2
2020-04-09,Sonoma,97,501317,176,113,0,113,1
2020-04-09,Stanislaus,99,539301,219,93,3,96,0
2020-04-09,Sutter,101,95872,23,17,0,17,2
2020-04-09,Tehama,103,63373,1,1,0,1,0
2020-04-09,Trinity,105,12862,0,0,0,0,0
2020-04-09,Tulare,107,460477,333,147,1,148,9
2020-04-09,Tuolumne,109,53932,3,0,0,0,0
2020-04-09,Ventura,111,848112,434,273,0,273,9
2020-04-09,Yolo,113,214977,121,59,0,59,3
2020-04-09,Yuba,115,75493,14,13,0,13,0
2020-04-08,Alameda,1,1643700,1018,594,0,594,15
2020-04-08,Alpine,3,1148,1,1,0,1,0
2020-04-08,Amador,5,37829,7,2,0,2,0
2020-04-08,Butte,7,227075,18,11,1,12,0
2020-04-08,Calaveras,9,45235,10,5,0,5,0
2020-04-08,Colusa,11,21464,3,3,0,3,0
2020-04-08,Contra Costa,13,1133247,684,481,0,481,7
2020-04-08,Del Norte,15,27424,2,2,0,2,0
2020-04-08,El Dorado,17,186661,44,25,0,25,0
2020-04-08,Fresno,19,978130,391,151,3,154,3
2020-04-08,Glenn,21,27897,4,2,0,2,0
2020-04-08,Humboldt,23,135768,57,40,0,40,0
2020-04-08,Imperial,25,180216,154,59,0,59,2
2020-04-08,Inyo,27,18085,12,11,0,11,0
2020-04-08,Kern,29,883053,542,198,0,198,2
2020-04-08,Kings,31,150075,31,5,1,6,0
2020-04-08,Lake,33,64148,5,1,0,1,0
2020-04-08,Lassen,35,31185,1,0,2,2,0
2020-04-08,Los Angeles,37,10098052,12367,7505,16,7521,196
2020-04-08,Madera,39,155013,57,28,0,28,2
2020-04-08,Marin,41,260295,164,125,1,126,7
2020-04-08,Mariposa,43,17540,0,0,0,0,0
2020-04-08,Mendocino,45,87422,4,4,0,4,0
2020-04-08,Merced,47,269075,82,35,0,35,1
2020-04-08,Modoc,49,8938,0,0,0,0,0
2020-04-08,Mono,51,14174,29,19,0,19,1
2020-04-08,Monterey,53,433212,106,68,0,68,3
2020-04-08,Napa,55,140530,43,21,0,21,2
2020-04-08,Nevada,57,99092,36,21,1,22,1
2020-04-08,Orange,59,3164182,1742,1034,4,1038,19
2020-04-08,Placer,61,380077,142,102,0,102,4
2020-04-08,Plumas,63,18699,4,3,0,3,0
2020-04-08,Riverside,65,2383286,2216,974,5,979,28
2020-04-08,Sacramento,67,1510023,839,565,0,565,21
2020-04-08,San Benito,69,59416,36,31,0,31,2
2020-04-08,San Bernardino,71,2135413,1226,635,0,635,22
2020-04-08,San Diego,73,3302833,2149,1532,0,1532,36
2020-04-08,San Francisco,75,870044,1045,687,0,687,7
2020-04-08,San Joaquin,77,732212,363,211,3,214,12
2020-04-08,San Luis Obispo,79,281455,139,90,0,90,1
2020-04-08,San Mateo,81,765935,886,608,2,610,22
2020-04-08,Santa Barbara,83,443738,381,221,0,221,2
2020-04-08,Santa Clara,85,1922200,1784,1257,1,1258,47
2020-04-08,Santa Cruz,87,273765,97,69,0,69,1
2020-04-08,Shasta,89,179085,29,18,0,18,3
2020-04-08,Sierra,91,2930,0,0,0,0,0
2020-04-08,Siskiyou,93,43540,5,4,0,4,0
2020-04-08,Solano,95,438530,176,111,0,111,2
2020-04-08,Sonoma,97,501317,171,107,0,107,1
2020-04-08,Stanislaus,99,539301,203,86,3,89,0
2020-04-08,Sutter,101,95872,22,17,0,17,2
2020-04-08,Tehama,103,63373,1,1,0,1,0
2020-04-08,Trinity,105,12862,0,0,0,0,0
2020-04-08,Tulare,107,460477,304,145,1,146,6
2020-04-08,Tuolumne,109,53932,3,0,0,0,0
2020-04-08,Ventura,111,848112,425,263,0,263,7
2020-04-08,Yolo,113,214977,104,56,0,56,3
2020-04-08,Yuba,115,75493,14,10,0,10,0
2020-04-07,Alameda,1,1643700,983,560,0,560,14
2020-04-07,Alpine,3,1148,1,1,0,1,0
2020-04-07,Amador,5,37829,7,2,0,2,0
2020-04-07,Butte,7,227075,17,11,1,12,0
2020-04-07,Calaveras,9,45235,9,5,0,5,0
2020-04-07,Colusa,11,21464,3,2,0,2,0
2020-04-07,Contra Costa,13,1133247,664,471,0,471,7
2020-04-07,Del Norte,15,27424,2,2,0,2,0
2020-04-07,El Dorado,17,186661,43,22,0,22,0
2020-04-07,Fresno,19,978130,376,138,3,141,3
2020-04-07,Glenn,21,27897,4,2,0,2,0
2020-04-07,Humboldt,23,135768,56,40,0,40,0
2020-04-07,Imperial,25,180216,136,53,0,53,2
2020-04-07,Inyo,27,18085,12,11,0,11,0
2020-04-07,Kern,29,883053,499,134,0,134,2
2020-04-07,Kings,31,150075,29,5,1,6,0
2020-04-07,Lake,33,64148,4,1,0,1,0
2020-04-07,Lassen,35,31185,1,0,2,2,0
2020-04-07,Los Angeles,37,10098052,11718,6885,16,6901,170
2020-04-07,Madera,39,155013,56,28,0,28,2
2020-04-07,Marin,41,260295,162,122,1,123,7
2020-04-07,Mariposa,43,17540,0,0,0,0,0
2020-04-07,Mendocino,45,87422,4,4,0,4,0
2020-04-07,Merced,47,269075,67,27,0,27,1
2020-04-07,Modoc,49,8938,0,0,0,0,0
2020-04-07,Mono,51,14174,28,18,0,18,1
2020-04-07,Monterey,53,433212,98,63,0,63,2
2020-04-07,Napa,55,140530,41,18,0,18,2
2020-04-07,Nevada,57,99092,36,20,1,21,1
2020-04-07,Orange,59,3164182,1695,971,4,975,19
2020-04-07,Placer,61,380077,137,94,0,94,3
2020-04-07,Plumas,63,18699,4,3,0,3,0
2020-04-07,Riverside,65,2383286,2060,905,5,910,25
2020-04-07,Sacramento,67,1510023,809,513,0,513,18
2020-04-07,San Benito,69,59416,36,26,0,26,2
2020-04-07,San Bernardino,71,2135413,1159,554,0,554,19
2020-04-07,San Diego,73,3302833,2072,1456,0,1456,31
2020-04-07,San Francisco,75,870044,985,636,0,636,6
2020-04-07,San Joaquin,77,732212,345,198,3,201,12
2020-04-07,San Luis Obispo,79,281455,134,87,0,87,1
2020-04-07,San Mateo,81,765935,865,573,2,575,22
2020-04-07,Santa Barbara,83,443738,366,209,0,209,2
2020-04-07,Santa Clara,85,1922200,1716,1193,1,1194,46
2020-04-07,Santa Cruz,87,273765,97,67,0,67,1
2020-04-07,Shasta,89,179085,28,16,0,16,3
2020-04-07,Sierra,91,2930,0,0,0,0,0
2020-04-07,Siskiyou,93,43540,5,4,0,4,0
2020-04-07,Solano,95,438530,171,99,0,99,1
2020-04-07,Sonoma,97,501317,168,102,0,102,1
2020-04-07,Stanislaus,99,539301,186,83,3,86,0
2020-04-07,Sutter,101,95872,22,16,0,16,2
2020-04-07,Tehama,103,63373,1,1,0,1,0
2020-04-07,Trinity,105,12862,0,0,0,0,0
2020-04-07,Tulare,107,460477,277,144,1,145,5
2020-04-07,Tuolumne,109,53932,3,1,0,1,0
2020-04-07,Ventura,111,848112,408,247,0,247,6
2020-04-07,Yolo,113,214977,97,51,0,51,2
2020-04-07,Yuba,115,75493,14,10,0,10,0
2020-04-06,Alameda,1,1643700,953,527,0,527,13
2020-04-06,Alpine,3,1148,1,1,0,1,0
2020-04-06,Amador,5,37829,6,2,0,2,0
2020-04-06,Butte,7,227075,16,11,1,12,0
2020-04-06,Calaveras,9,45235,9,4,0,4,0
2020-04-06,Colusa,11,21464,3,1,0,1,0
2020-04-06,Contra Costa,13,1133247,639,447,0,447,7
2020-04-06,Del Norte,15,27424,2,2,0,2,0
2020-04-06,El Dorado,17,186661,41,23,0,23,0
2020-04-06,Fresno,19,978130,356,122,3,125,1
2020-04-06,Glenn,21,27897,4,2,0,2,0
2020-04-06,Humboldt,23,135768,55,37,0,37,0
2020-04-06,Imperial,25,180216,129,47,0,47,1
2020-04-06,Inyo,27,18085,11,11,0,11,0
2020-04-06,Kern,29,883053,462,117,0,117,2
2020-04-06,Kings,31,150075,29,3,1,4,0
2020-04-06,Lake,33,64148,4,1,0,1,0
2020-04-06,Lassen,35,31185,1,0,2,2,0
2020-04-06,Los Angeles,37,10098052,10986,6346,16,6362,145
2020-04-06,Madera,39,155013,54,29,0,29,2
2020-04-06,Marin,41,260295,159,119,1,120,7
2020-04-06,Mariposa,43,17540,0,0,0,0,0
2020-04-06,Mendocino,45,87422,4,4,0,4,0
2020-04-06,Merced,47,269075,60,25,0,25,1
2020-04-06,Modoc,49,8938,0,0,0,0,0
2020-04-06,Mono,51,14174,28,18,0,18,1
2020-04-06,Monterey,53,433212,93,62,0,62,2
2020-04-06,Napa,55,140530,41,18,0,18,2
2020-04-06,Nevada,57,99092,36,19,1,20,1
2020-04-06,Orange,59,3164182,1651,910,3,913,17
2020-04-06,Placer,61,380077,137,90,0,90,3
2020-04-06,Plumas,63,18699,4,2,0,2,0
2020-04-06,Riverside,65,2383286,1934,854,5,859,17
2020-04-06,Sacramento,67,1510023,779,448,0,448,15
2020-04-06,San Benito,69,59416,34,25,0,25,1
2020-04-06,San Bernardino,71,2135413,1100,550,0,550,13
2020-04-06,San Diego,73,3302833,1990,1406,0,1406,19
2020-04-06,San Francisco,75,870044,946,586,0,586,6
2020-04-06,San Joaquin,77,732212,330,191,3,194,10
2020-04-06,San Luis Obispo,79,281455,132,85,0,85,1
2020-04-06,San Mateo,81,765935,847,569,2,571,20
2020-04-06,Santa Barbara,83,443738,354,189,0,189,2
2020-04-06,Santa Clara,85,1922200,1665,1128,1,1129,43
2020-04-06,Santa Cruz,87,273765,95,65,0,65,1
2020-04-06,Shasta,89,179085,28,16,0,16,3
2020-04-06,Sierra,91,2930,0,0,0,0,0
2020-04-06,Siskiyou,93,43540,4,4,0,4,0
2020-04-06,Solano,95,438530,164,95,0,95,1
2020-04-06,Sonoma,97,501317,167,102,0,102,1
2020-04-06,Stanislaus,99,539301,170,72,3,75,0
2020-04-06,Sutter,101,95872,22,14,0,14,2
2020-04-06,Tehama,103,63373,1,1,0,1,0
2020-04-06,Trinity,105,12862,0,0,0,0,0
2020-04-06,Tulare,107,460477,265,126,1,127,5
2020-04-06,Tuolumne,109,53932,3,1,0,1,0
2020-04-06,Ventura,111,848112,390,234,0,234,6
2020-04-06,Yolo,113,214977,93,43,0,43,1
2020-04-06,Yuba,115,75493,14,8,0,8,0
2020-04-05,Alameda,1,1643700,911,475,0,475,12
2020-04-05,Alpine,3,1148,1,1,0,1,0
2020-04-05,Amador,5,37829,6,2,0,2,0
2020-04-05,Butte,7,227075,16,10,1,11,0
2020-04-05,Calaveras,9,45235,9,3,0,3,0
2020-04-05,Colusa,11,21464,3,1,0,1,0
2020-04-05,Contra Costa,13,1133247,622,415,0,415,6
2020-04-05,Del Norte,15,27424,2,1,0,1,0
2020-04-05,El Dorado,17,186661,40,19,0,19,0
2020-04-05,Fresno,19,978130,323,102,3,105,1
2020-04-05,Glenn,21,27897,4,2,0,2,0
2020-04-05,Humboldt,23,135768,55,29,0,29,0
2020-04-05,Imperial,25,180216,121,42,0,42,1
2020-04-05,Inyo,27,18085,11,10,0,10,0
2020-04-05,Kern,29,883053,408,109,0,109,2
2020-04-05,Kings,31,150075,28,4,1,5,0
2020-04-05,Lake,33,64148,4,0,0,0,0
2020-04-05,Lassen,35,31185,1,0,2,2,0
2020-04-05,Los Angeles,37,10098052,10416,5892,16,5908,130
2020-04-05,Madera,39,155013,53,27,0,27,2
2020-04-05,Marin,41,260295,159,113,1,114,6
2020-04-05,Mariposa,43,17540,0,0,0,0,0
2020-04-05,Mendocino,45,87422,4,4,0,4,0
2020-04-05,Merced,47,269075,53,16,0,16,0
2020-04-05,Modoc,49,8938,0,0,0,0,0
2020-04-05,Mono,51,14174,28,18,0,18,1
2020-04-05,Monterey,53,433212,86,61,0,61,2
2020-04-05,Napa,55,140530,39,15,0,15,2
2020-04-05,Nevada,57,99092,36,19,1,20,1
2020-04-05,Orange,59,3164182,1594,820,3,823,15
2020-04-05,Placer,61,380077,134,86,0,86,3
2020-04-05,Plumas,63,18699,3,2,0,2,0
2020-04-05,Riverside,65,2383286,1805,669,5,674,17
2020-04-05,Sacramento,67,1510023,749,393,0,393,11
2020-04-05,San Benito,69,59416,34,22,0,22,1
2020-04-05,San Bernardino,71,2135413,1026,375,0,375,13
2020-04-05,San Diego,73,3302833,1908,1328,0,1328,19
2020-04-05,San Francisco,75,870044,898,559,0,559,6
2020-04-05,San Joaquin,77,732212,315,179,3,182,10
2020-04-05,San Luis Obispo,79,281455,130,83,0,83,1
2020-04-05,San Mateo,81,765935,827,528,2,530,19
2020-04-05,Santa Barbara,83,443738,334,171,0,171,1
2020-04-05,Santa Clara,85,1922200,1621,1052,1,1053,42
2020-04-05,Santa Cruz,87,273765,95,59,0,59,1
2020-04-05,Shasta,89,179085,27,11,0,11,2
2020-04-05,Sierra,91,2930,0,0,0,0,0
2020-04-05,Siskiyou,93,43540,4,3,0,3,0
2020-04-05,Solano,95,438530,160,78,0,78,1
2020-04-05,Sonoma,97,501317,165,88,0,88,1
2020-04-05,Stanislaus,99,539301,156,51,3,54,0
2020-04-05,Sutter,101,95872,22,14,0,14,1
2020-04-05,Tehama,103,63373,1,1,0,1,0
2020-04-05,Trinity,105,12862,0,0,0,0,0
2020-04-05,Tulare,107,460477,233,81,1,82,4
2020-04-05,Tuolumne,109,53932,3,1,0,1,0
2020-04-05,Ventura,111,848112,376,196,0,196,6
2020-04-05,Yolo,113,214977,75,37,0,37,2
2020-04-05,Yuba,115,75493,14,7,0,7,0
2020-04-04,Alameda,1,1643700,888,468,0,468,12
2020-04-04,Alpine,3,1148,1,1,0,1,0
2020-04-04,Amador,5,37829,5,2,0,2,0
2020-04-04,Butte,7,227075,16,10,1,11,0
2020-04-04,Calaveras,9,45235,9,3,0,3,0
2020-04-04,Colusa,11,21464,3,1,0,1,0
2020-04-04,Contra Costa,13,1133247,614,382,0,382,5
2020-04-04,Del Norte,15,27424,2,1,0,1,0
2020-04-04,El Dorado,17,186661,40,19,0,19,0
2020-04-04,Fresno,19,978130,313,102,3,105,1
2020-04-04,Glenn,21,27897,4,2,0,2,0
2020-04-04,Humboldt,23,135768,55,29,0,29,0
2020-04-04,Imperial,25,180216,120,42,0,42,1
2020-04-04,Inyo,27,18085,11,10,0,10,0
2020-04-04,Kern,29,883053,379,103,0,103,2
2020-04-04,Kings,31,150075,28,3,1,4,0
2020-04-04,Lake,33,64148,4,0,0,0,0
2020-04-04,Lassen,35,31185,1,0,2,2,0
2020-04-04,Los Angeles,37,10098052,9800,5275,16,5291,117
2020-04-04,Madera,39,155013,51,27,0,27,2
2020-04-04,Marin,41,260295,157,111,0,111,6
2020-04-04,Mariposa,43,17540,0,0,0,0,0
2020-04-04,Mendocino,45,87422,4,4,0,4,0
2020-04-04,Merced,47,269075,49,11,0,11,0
2020-04-04,Modoc,49,8938,0,0,0,0,0
2020-04-04,Mono,51,14174,28,18,0,18,1
2020-04-04,Monterey,53,433212,83,61,0,61,2
2020-04-04,Napa,55,140530,39,15,0,15,2
2020-04-04,Nevada,57,99092,36,19,1,20,1
2020-04-04,Orange,59,3164182,1552,781,2,783,15
2020-04-04,Placer,61,380077,133,87,0,87,2
2020-04-04,Plumas,63,18699,3,2,0,2,0
2020-04-04,Riverside,65,2383286,1704,652,5,657,15
2020-04-04,Sacramento,67,1510023,731,393,0,393,11
2020-04-04,San Benito,69,59416,34,22,0,22,1
2020-04-04,San Bernardino,71,2135413,978,373,0,373,13
2020-04-04,San Diego,73,3302833,1860,1211,0,1211,18
2020-04-04,San Francisco,75,870044,860,537,0,537,6
2020-04-04,San Joaquin,77,732212,292,171,3,174,10
2020-04-04,San Luis Obispo,79,281455,130,82,0,82,0
2020-04-04,San Mateo,81,765935,815,520,2,522,17
2020-04-04,Santa Barbara,83,443738,325,167,0,167,1
2020-04-04,Santa Clara,85,1922200,1571,1045,1,1046,39
2020-04-04,Santa Cruz,87,273765,95,56,0,56,1
2020-04-04,Shasta,89,179085,26,11,0,11,2
2020-04-04,Sierra,91,2930,0,0,0,0,0
2020-04-04,Siskiyou,93,43540,4,3,0,3,0
2020-04-04,Solano,95,438530,155,79,0,79,1
2020-04-04,Sonoma,97,501317,162,88,0,88,1
2020-04-04,Stanislaus,99,539301,145,51,3,54,0
2020-04-04,Sutter,101,95872,22,14,0,14,1
2020-04-04,Tehama,103,63373,1,1,0,1,0
2020-04-04,Trinity,105,12862,0,0,0,0,0
2020-04-04,Tulare,107,460477,219,79,1,80,4
2020-04-04,Tuolumne,109,53932,3,1,0,1,0
2020-04-04,Ventura,111,848112,363,194,0,194,6
2020-04-04,Yolo,113,214977,73,40,0,40,2
2020-04-04,Yuba,115,75493,13,7,0,7,0
2020-04-03,Alameda,1,1643700,852,395,0,395,11
2020-04-03,Alpine,3,1148,1,1,0,1,0
2020-04-03,Amador,5,37829,5,2,0,2,0
2020-04-03,Butte,7,227075,16,8,1,9,0
2020-04-03,Calaveras,9,45235,9,3,0,3,0
2020-04-03,Colusa,11,21464,3,1,0,1,0
2020-04-03,Contra Costa,13,1133247,591,327,0,327,5
2020-04-03,Del Norte,15,27424,2,1,0,1,0
2020-04-03,El Dorado,17,186661,38,16,0,16,0
2020-04-03,Fresno,19,978130,301,98,3,101,1
2020-04-03,Glenn,21,27897,4,2,0,2,0
2020-04-03,Humboldt,23,135768,55,34,0,34,0
2020-04-03,Imperial,25,180216,111,35,0,35,0
2020-04-03,Inyo,27,18085,11,10,0,10,0
2020-04-03,Kern,29,883053,353,87,0,87,1
2020-04-03,Kings,31,150075,26,3,1,4,0
2020-04-03,Lake,33,64148,3,0,0,0,0
2020-04-03,Lassen,35,31185,1,0,2,2,0
2020-04-03,Los Angeles,37,10098052,9185,4566,16,4582,91
2020-04-03,Madera,39,155013,50,28,0,28,2
2020-04-03,Marin,41,260295,155,106,0,106,6
2020-04-03,Mariposa,43,17540,0,0,0,0,0
2020-04-03,Mendocino,45,87422,4,4,0,4,0
2020-04-03,Merced,47,269075,46,9,0,9,0
2020-04-03,Modoc,49,8938,0,0,0,0,0
2020-04-03,Mono,51,14174,28,18,0,18,1
2020-04-03,Monterey,53,433212,80,58,0,58,2
2020-04-03,Napa,55,140530,38,13,0,13,1
2020-04-03,Nevada,57,99092,36,19,1,20,1
2020-04-03,Orange,59,3164182,1513,713,2,715,13
2020-04-03,Placer,61,380077,129,76,0,76,2
2020-04-03,Plumas,63,18699,3,2,0,2,0
2020-04-03,Riverside,65,2383286,1625,540,5,545,14
2020-04-03,Sacramento,67,1510023,709,363,0,363,11
2020-04-03,San Benito,69,59416,34,22,0,22,1
2020-04-03,San Bernardino,71,2135413,933,356,0,356,11
2020-04-03,San Diego,73,3302833,1800,1114,0,1114,17
2020-04-03,San Francisco,75,870044,835,506,0,506,6
2020-04-03,San Joaquin,77,732212,280,162,3,165,10
2020-04-03,San Luis Obispo,79,281455,130,82,0,82,0
2020-04-03,San Mateo,81,765935,798,474,2,476,13
2020-04-03,Santa Barbara,83,443738,314,154,0,154,1
2020-04-03,Santa Clara,85,1922200,1537,983,1,984,39
2020-04-03,Santa Cruz,87,273765,95,52,0,52,1
2020-04-03,Shasta,89,179085,26,10,0,10,1
2020-04-03,Sierra,91,2930,0,0,0,0,0
2020-04-03,Siskiyou,93,43540,4,3,0,3,0
2020-04-03,Solano,95,438530,147,72,0,72,1
2020-04-03,Sonoma,97,501317,162,84,0,84,1
2020-04-03,Stanislaus,99,539301,139,48,3,51,0
2020-04-03,Sutter,101,95872,22,12,0,12,1
2020-04-03,Tehama,103,63373,1,1,0,1,0
2020-04-03,Trinity,105,12862,0,0,0,0,0
2020-04-03,Tulare,107,460477,206,73,1,74,3
2020-04-03,Tuolumne,109,53932,3,1,0,1,0
2020-04-03,Ventura,111,848112,353,186,0,186,6
2020-04-03,Yolo,113,214977,72,33,0,33,1
2020-04-03,Yuba,115,75493,13,6,0,6,0
2020-04-02,Alameda,1,1643700,801,345,0,345,10
2020-04-02,Alpine,3,1148,1,1,0,1,0
2020-04-02,Amador,5,37829,5,2,0,2,0
2020-04-02,Butte,7,227075,16,7,0,7,0
2020-04-02,Calaveras,9,45235,7,3,0,3,0
2020-04-02,Colusa,11,21464,3,1,0,1,0
2020-04-02,Contra Costa,13,1133247,561,297,0,297,3
2020-04-02,Del Norte,15,27424,2,0,0,0,0
2020-04-02,El Dorado,17,186661,36,16,0,16,0
2020-04-02,Fresno,19,978130,284,92,3,95,0
2020-04-02,Glenn,21,27897,3,2,0,2,0
2020-04-02,Humboldt,23,135768,51,23,0,23,0
2020-04-02,Imperial,25,180216,107,24,0,24,0
2020-04-02,Inyo,27,18085,10,8,0,8,0
2020-04-02,Kern,29,883053,327,74,0,74,0
2020-04-02,Kings,31,150075,26,3,1,4,0
2020-04-02,Lake,33,64148,3,0,0,0,0
2020-04-02,Lassen,35,31185,1,0,2,2,0
2020-04-02,Los Angeles,37,10098052,8353,4040,16,4056,79
2020-04-02,Madera,39,155013,48,25,0,25,1
2020-04-02,Marin,41,260295,149,102,0,102,1
2020-04-02,Mariposa,43,17540,0,0,0,0,0
2020-04-02,Mendocino,45,87422,4,4,0,4,0
2020-04-02,Merced,47,269075,41,9,0,9,0
2020-04-02,Modoc,49,8938,0,0,0,0,0
2020-04-02,Mono,51,14174,28,16,0,16,1
2020-04-02,Monterey,53,433212,79,50,0,50,2
2020-04-02,Napa,55,140530,38,13,0,13,0
2020-04-02,Nevada,57,99092,35,17,1,18,0
2020-04-02,Orange,59,3164182,1461,640,2,642,12
2020-04-02,Placer,61,380077,128,72,0,72,2
2020-04-02,Plumas,63,18699,3,1,0,1,0
2020-04-02,Riverside,65,2383286,1509,438,5,443,13
2020-04-02,Sacramento,67,1510023,691,322,0,322,9
2020-04-02,San Benito,69,59416,32,18,0,18,1
2020-04-02,San Bernardino,71,2135413,878,335,0,335,8
2020-04-02,San Diego,73,3302833,1733,968,0,968,16
2020-04-02,San Francisco,75,870044,808,473,0,473,6
2020-04-02,San Joaquin,77,732212,262,148,3,151,9
2020-04-02,San Luis Obispo,79,281455,125,79,0,79,0
2020-04-02,San Mateo,81,765935,777,423,2,425,13
2020-04-02,Santa Barbara,83,443738,301,125,0,125,1
2020-04-02,Santa Clara,85,1922200,1487,908,1,909,38
2020-04-02,Santa Cruz,87,273765,93,49,0,49,1
2020-04-02,Shasta,89,179085,25,7,0,7,1
2020-04-02,Sierra,91,2930,0,0,0,0,0
2020-04-02,Siskiyou,93,43540,4,3,0,3,0
2020-04-02,Solano,95,438530,137,65,0,65,0
2020-04-02,Sonoma,97,501317,158,76,0,76,1
2020-04-02,Stanislaus,99,539301,128,40,3,43,0
2020-04-02,Sutter,101,95872,21,10,0,10,1
2020-04-02,Tehama,103,63373,1,1,0,1,0
2020-04-02,Trinity,105,12862,0,0,0,0,0
2020-04-02,Tulare,107,460477,179,64,1,65,1
2020-04-02,Tuolumne,109,53932,3,1,0,1,0
2020-04-02,Ventura,111,848112,335,178,0,178,5
2020-04-02,Yolo,113,214977,70,29,0,29,1
2020-04-02,Yuba,115,75493,10,5,0,5,0
2020-04-01,Alameda,1,1643700,775,287,0,287,8
2020-04-01,Alpine,3,1148,1,1,0,1,0
2020-04-01,Amador,5,37829,5,1,0,1,0
2020-04-01,Butte,7,227075,16,6,0,6,0
2020-04-01,Calaveras,9,45235,6,3,0,3,0
2020-04-01,Colusa,11,21464,3,1,0,1,0
2020-04-01,Contra Costa,13,1133247,517,267,0,267,3
2020-04-01,Del Norte,15,27424,2,0,0,0,0
2020-04-01,El Dorado,17,186661,35,14,0,14,0
2020-04-01,Fresno,19,978130,264,75,2,77,0
2020-04-01,Glenn,21,27897,3,2,0,2,0
2020-04-01,Humboldt,23,135768,51,19,0,19,0
2020-04-01,Imperial,25,180216,100,25,0,25,0
2020-04-01,Inyo,27,18085,10,8,0,8,0
2020-04-01,Kern,29,883053,301,53,0,53,0
2020-04-01,Kings,31,150075,24,3,1,4,0
2020-04-01,Lake,33,64148,3,0,0,0,0
2020-04-01,Lassen,35,31185,1,0,2,2,0
2020-04-01,Los Angeles,37,10098052,7700,3502,16,3518,66
2020-04-01,Madera,39,155013,46,17,0,17,1
2020-04-01,Marin,41,260295,145,87,0,87,1
2020-04-01,Mariposa,43,17540,0,0,0,0,0
2020-04-01,Mendocino,45,87422,4,4,0,4,0
2020-04-01,Merced,47,269075,38,7,0,7,0
2020-04-01,Modoc,49,8938,0,0,0,0,0
2020-04-01,Mono,51,14174,28,12,0,12,1
2020-04-01,Monterey,53,433212,78,47,0,47,2
2020-04-01,Napa,55,140530,36,11,0,11,0
2020-04-01,Nevada,57,99092,35,15,1,16,0
2020-04-01,Orange,59,3164182,1407,579,2,581,11
2020-04-01,Placer,61,380077,127,52,0,52,2
2020-04-01,Plumas,63,18699,3,1,0,1,0
2020-04-01,Riverside,65,2383286,1341,306,5,311,11
2020-04-01,Sacramento,67,1510023,659,299,0,299,8
2020-04-01,San Benito,69,59416,29,14,0,14,1
2020-04-01,San Bernardino,71,2135413,828,245,0,245,5
2020-04-01,San Diego,73,3302833,1663,851,0,851,11
2020-04-01,San Francisco,75,870044,780,432,0,432,6
2020-04-01,San Joaquin,77,732212,251,132,3,135,8
2020-04-01,San Luis Obispo,79,281455,119,69,0,69,0
2020-04-01,San Mateo,81,765935,759,354,2,356,13
2020-04-01,Santa Barbara,83,443738,283,103,0,103,0
2020-04-01,Santa Clara,85,1922200,1447,805,1,806,33
2020-04-01,Santa Cruz,87,273765,88,44,0,44,1
2020-04-01,Shasta,89,179085,24,5,0,5,1
2020-04-01,Sierra,91,2930,0,0,0,0,0
2020-04-01,Siskiyou,93,43540,4,3,0,3,0
2020-04-01,Solano,95,438530,132,57,0,57,0
2020-04-01,Sonoma,97,501317,154,60,0,60,1
2020-04-01,Stanislaus,99,539301,117,29,3,32,0
2020-04-01,Sutter,101,95872,21,9,0,9,1
2020-04-01,Tehama,103,63373,1,0,0,0,0
2020-04-01,Trinity,105,12862,0,0,0,0,0
2020-04-01,Tulare,107,460477,144,43,1,44,1
2020-04-01,Tuolumne,109,53932,3,1,0,1,0
2020-04-01,Ventura,111,848112,322,154,0,154,5
2020-04-01,Yolo,113,214977,65,22,0,22,1
2020-04-01,Yuba,115,75493,9,5,0,5,0
2020-03-31,Alameda,1,1643700,707,269,0,269,7
2020-03-31,Alpine,3,1148,1,1,0,1,0
2020-03-31,Amador,5,37829,5,1,0,1,0
2020-03-31,Butte,7,227075,16,6,0,6,0
2020-03-31,Calaveras,9,45235,6,3,0,3,0
2020-03-31,Colusa,11,21464,3,1,0,1,0
2020-03-31,Contra Costa,13,1133247,492,246,0,246,3
2020-03-31,Del Norte,15,27424,1,0,0,0,0
2020-03-31,El Dorado,17,186661,31,14,0,14,0
2020-03-31,Fresno,19,978130,241,59,2,61,0
2020-03-31,Glenn,21,27897,3,2,0,2,0
2020-03-31,Humboldt,23,135768,51,18,0,18,0
2020-03-31,Imperial,25,180216,95,17,0,17,0
2020-03-31,Inyo,27,18085,10,8,0,8,0
2020-03-31,Kern,29,883053,278,47,0,47,0
2020-03-31,Kings,31,150075,22,2,1,3,0
2020-03-31,Lake,33,64148,1,0,0,0,0
2020-03-31,Lassen,35,31185,1,0,2,2,0
2020-03-31,Los Angeles,37,10098052,7036,3001,16,3017,53
2020-03-31,Madera,39,155013,45,17,0,17,1
2020-03-31,Marin,41,260295,136,85,0,85,1
2020-03-31,Mariposa,43,17540,0,0,0,0,0
2020-03-31,Mendocino,45,87422,4,4,0,4,0
2020-03-31,Merced,47,269075,33,6,0,6,0
2020-03-31,Modoc,49,8938,0,0,0,0,0
2020-03-31,Mono,51,14174,26,12,0,12,0
2020-03-31,Monterey,53,433212,76,43,0,43,2
2020-03-31,Napa,55,140530,35,9,0,9,0
2020-03-31,Nevada,57,99092,35,15,1,16,0
2020-03-31,Orange,59,3164182,1339,506,2,508,7
2020-03-31,Placer,61,380077,120,49,0,49,2
2020-03-31,Plumas,63,18699,1,0,0,0,0
2020-03-31,Riverside,65,2383286,1194,284,5,289,8
2020-03-31,Sacramento,67,1510023,607,271,0,271,8
2020-03-31,San Benito,69,59416,29,14,0,14,1
2020-03-31,San Bernardino,71,2135413,744,193,0,193,5
2020-03-31,San Diego,73,3302833,1581,736,0,736,9
2020-03-31,San Francisco,75,870044,745,404,0,404,5
2020-03-31,San Joaquin,77,732212,235,122,3,125,7
2020-03-31,San Luis Obispo,79,281455,116,67,0,67,0
2020-03-31,San Mateo,81,765935,740,297,2,299,12
2020-03-31,Santa Barbara,83,443738,266,89,0,89,0
2020-03-31,Santa Clara,85,1922200,1398,777,1,778,30
2020-03-31,Santa Cruz,87,273765,82,40,0,40,1
2020-03-31,Shasta,89,179085,21,5,0,5,1
2020-03-31,Sierra,91,2930,0,0,0,0,0
2020-03-31,Siskiyou,93,43540,4,3,0,3,0
2020-03-31,Solano,95,438530,118,56,0,56,0
2020-03-31,Sonoma,97,501317,149,58,0,58,1
2020-03-31,Stanislaus,99,539301,102,28,3,31,0
2020-03-31,Sutter,101,95872,21,8,0,8,0
2020-03-31,Tehama,103,63373,1,0,0,0,0
2020-03-31,Trinity,105,12862,0,0,0,0,0
2020-03-31,Tulare,107,460477,123,42,1,43,1
2020-03-31,Tuolumne,109,53932,3,1,0,1,0
2020-03-31,Ventura,111,848112,311,143,0,143,4
2020-03-31,Yolo,113,214977,58,21,0,21,1
2020-03-31,Yuba,115,75493,9,5,0,5,0
2020-03-30,Alameda,1,1643700,667,250,0,250,7
2020-03-30,Alpine,3,1148,1,1,0,1,0
2020-03-30,Amador,5,37829,5,1,0,1,0
2020-03-30,Butte,7,227075,14,5,0,5,0
2020-03-30,Calaveras,9,45235,6,3,0,3,0
2020-03-30,Colusa,11,21464,3,1,0,1,0
2020-03-30,Contra Costa,13,1133247,466,212,0,212,3
2020-03-30,Del Norte,15,27424,0,0,0,0,0
2020-03-30,El Dorado,17,186661,31,11,0,11,0
2020-03-30,Fresno,19,978130,217,46,2,48,0
2020-03-30,Glenn,21,27897,3,2,0,2,0
2020-03-30,Humboldt,23,135768,49,11,0,11,0
2020-03-30,Imperial,25,180216,91,9,0,9,0
2020-03-30,Inyo,27,18085,10,5,0,5,0
2020-03-30,Kern,29,883053,245,30,0,30,0
2020-03-30,Kings,31,150075,22,1,1,2,0
2020-03-30,Lake,33,64148,1,0,0,0,0
2020-03-30,Lassen,35,31185,1,0,1,1,0
2020-03-30,Los Angeles,37,10098052,6384,2467,16,2483,44
2020-03-30,Madera,39,155013,44,14,0,14,1
2020-03-30,Marin,41,260295,129,78,0,78,0
2020-03-30,Mariposa,43,17540,0,0,0,0,0
2020-03-30,Mendocino,45,87422,4,2,0,2,0
2020-03-30,Merced,47,269075,29,6,0,6,0
2020-03-30,Modoc,49,8938,0,0,0,0,0
2020-03-30,Mono,51,14174,26,11,0,11,0
2020-03-30,Monterey,53,433212,71,41,0,41,1
2020-03-30,Napa,55,140530,34,9,0,9,0
2020-03-30,Nevada,57,99092,34,14,1,15,0
2020-03-30,Orange,59,3164182,1275,418,2,420,5
2020-03-30,Placer,61,380077,117,44,0,44,2
2020-03-30,Plumas,63,18699,1,0,0,0,0
2020-03-30,Riverside,65,2383286,1113,204,5,209,7
2020-03-30,Sacramento,67,1510023,583,238,0,238,8
2020-03-30,San Benito,69,59416,29,11,0,11,1
2020-03-30,San Bernardino,71,2135413,700,145,0,145,4
2020-03-30,San Diego,73,3302833,1511,605,0,605,7
2020-03-30,San Francisco,75,870044,705,368,0,368,5
2020-03-30,San Joaquin,77,732212,228,112,3,115,5
2020-03-30,San Luis Obispo,79,281455,114,62,0,62,0
2020-03-30,San Mateo,81,765935,716,257,2,259,11
2020-03-30,Santa Barbara,83,443738,256,79,0,79,0
2020-03-30,Santa Clara,85,1922200,1367,745,1,746,31
2020-03-30,Santa Cruz,87,273765,79,36,0,36,1
2020-03-30,Shasta,89,179085,20,4,0,4,1
2020-03-30,Sierra,91,2930,0,0,0,0,0
2020-03-30,Siskiyou,93,43540,4,2,0,2,0
2020-03-30,Solano,95,438530,112,50,0,50,0
2020-03-30,Sonoma,97,501317,146,57,0,57,1
2020-03-30,Stanislaus,99,539301,95,28,3,31,0
2020-03-30,Sutter,101,95872,20,6,0,6,0
2020-03-30,Tehama,103,63373,1,0,0,0,0
2020-03-30,Trinity,105,12862,0,0,0,0,0
2020-03-30,Tulare,107,460477,113,40,1,41,1
2020-03-30,Tuolumne,109,53932,3,1,0,1,0
2020-03-30,Ventura,111,848112,300,118,0,118,2
2020-03-30,Yolo,113,214977,56,17,0,17,1
2020-03-30,Yuba,115,75493,8,5,0,5,0
2020-03-29,Alameda,1,1643700,633,207,0,207,6
2020-03-29,Alpine,3,1148,1,0,0,0,0
2020-03-29,Amador,5,37829,5,1,0,1,0
2020-03-29,Butte,7,227075,14,4,0,4,0
2020-03-29,Calaveras,9,45235,6,2,0,2,0
2020-03-29,Colusa,11,21464,3,1,0,1,0
2020-03-29,Contra Costa,13,1133247,436,187,0,187,3
2020-03-29,Del Norte,15,27424,0,0,0,0,0
2020-03-29,El Dorado,17,186661,30,9,0,9,0
2020-03-29,Fresno,19,978130,194,31,2,33,0
2020-03-29,Glenn,21,27897,2,1,0,1,0
2020-03-29,Humboldt,23,135768,46,9,0,9,0
2020-03-29,Imperial,25,180216,85,9,0,9,0
2020-03-29,Inyo,27,18085,9,0,0,0,0
2020-03-29,Kern,29,883053,227,20,0,20,0
2020-03-29,Kings,31,150075,19,1,1,2,0
2020-03-29,Lake,33,64148,0,0,0,0,0
2020-03-29,Lassen,35,31185,1,0,1,1,0
2020-03-29,Los Angeles,37,10098052,5740,2119,16,2135,37
2020-03-29,Madera,39,155013,39,11,0,11,1
2020-03-29,Marin,41,260295,124,60,0,60,0
2020-03-29,Mariposa,43,17540,0,0,0,0,0
2020-03-29,Mendocino,45,87422,4,2,0,2,0
2020-03-29,Merced,47,269075,28,4,0,4,0
2020-03-29,Modoc,49,8938,0,0,0,0,0
2020-03-29,Mono,51,14174,26,8,0,8,0
2020-03-29,Monterey,53,433212,66,36,0,36,1
2020-03-29,Napa,55,140530,32,5,0,5,0
2020-03-29,Nevada,57,99092,32,13,1,14,0
2020-03-29,Orange,59,3164182,1202,343,2,345,2
2020-03-29,Placer,61,380077,116,35,0,35,2
2020-03-29,Plumas,63,18699,1,0,0,0,0
2020-03-29,Riverside,65,2383286,989,122,5,127,7
2020-03-29,Sacramento,67,1510023,543,217,0,217,7
2020-03-29,San Benito,69,59416,28,10,0,10,1
2020-03-29,San Bernardino,71,2135413,648,94,0,94,2
2020-03-29,San Diego,73,3302833,1439,521,0,521,7
2020-03-29,San Francisco,75,870044,661,333,0,333,5
2020-03-29,San Joaquin,77,732212,219,86,3,89,4
2020-03-29,San Luis Obispo,79,281455,109,55,0,55,0
2020-03-29,San Mateo,81,765935,691,234,2,236,12
2020-03-29,Santa Barbara,83,443738,245,52,0,52,0
2020-03-29,Santa Clara,85,1922200,1312,591,1,592,30
2020-03-29,Santa Cruz,87,273765,79,33,0,33,1
2020-03-29,Shasta,89,179085,19,4,0,4,1
2020-03-29,Sierra,91,2930,0,0,0,0,0
2020-03-29,Siskiyou,93,43540,4,2,0,2,0
2020-03-29,Solano,95,438530,103,48,0,48,0
2020-03-29,Sonoma,97,501317,144,35,0,35,1
2020-03-29,Stanislaus,99,539301,90,19,3,22,0
2020-03-29,Sutter,101,95872,17,6,0,6,0
2020-03-29,Tehama,103,63373,1,0,0,0,0
2020-03-29,Trinity,105,12862,0,0,0,0,0
2020-03-29,Tulare,107,460477,94,24,1,25,1
2020-03-29,Tuolumne,109,53932,2,1,0,1,0
2020-03-29,Ventura,111,848112,273,92,0,92,2
2020-03-29,Yolo,113,214977,51,13,0,13,1
2020-03-29,Yuba,115,75493,8,3,0,3,0
2020-03-28,Alameda,1,1643700,606,410,0,410,12
2020-03-28,Alpine,3,1148,1,0,0,0,0
2020-03-28,Amador,5,37829,5,2,0,2,0
2020-03-28,Butte,7,227075,14,8,0,8,0
2020-03-28,Calaveras,9,45235,6,4,0,4,0
2020-03-28,Colusa,11,21464,3,2,0,2,0
2020-03-28,Contra Costa,13,1133247,413,350,0,350,4
2020-03-28,Del Norte,15,27424,0,0,0,0,0
2020-03-28,El Dorado,17,186661,29,18,0,18,0
2020-03-28,Fresno,19,978130,184,62,2,64,0
2020-03-28,Glenn,21,27897,2,2,0,2,0
2020-03-28,Humboldt,23,135768,46,18,0,18,0
2020-03-28,Imperial,25,180216,80,18,0,18,0
2020-03-28,Inyo,27,18085,9,0,0,0,0
2020-03-28,Kern,29,883053,210,40,0,40,0
2020-03-28,Kings,31,150075,18,2,1,3,0
2020-03-28,Lake,33,64148,0,0,0,0,0
2020-03-28,Lassen,35,31185,1,0,1,1,0
2020-03-28,Los Angeles,37,10098052,5355,3600,15,3615,64
2020-03-28,Madera,39,155013,39,22,0,22,2
2020-03-28,Marin,41,260295,119,116,0,116,0
2020-03-28,Mariposa,43,17540,0,0,0,0,0
2020-03-28,Mendocino,45,87422,4,4,0,4,0
2020-03-28,Merced,47,269075,27,8,0,8,0
2020-03-28,Modoc,49,8938,0,0,0,0,0
2020-03-28,Mono,51,14174,24,12,0,12,0
2020-03-28,Monterey,53,433212,65,64,0,64,2
2020-03-28,Napa,55,140530,27,10,0,10,0
2020-03-28,Nevada,57,99092,32,22,1,23,0
2020-03-28,Orange,59,3164182,1166,656,2,658,4
2020-03-28,Placer,61,380077,111,70,0,70,2
2020-03-28,Plumas,63,18699,1,0,0,0,0
2020-03-28,Riverside,65,2383286,921,242,5,247,14
2020-03-28,Sacramento,67,1510023,525,406,0,406,14
2020-03-28,San Benito,69,59416,28,20,0,20,2
2020-03-28,San Bernardino,71,2135413,600,162,0,162,4
2020-03-28,San Diego,73,3302833,1380,980,0,980,14
2020-03-28,San Francisco,75,870044,637,600,0,600,6
2020-03-28,San Joaquin,77,732212,212,166,3,169,8
2020-03-28,San Luis Obispo,79,281455,107,104,0,104,0
2020-03-28,San Mateo,81,765935,671,462,2,464,17
2020-03-28,Santa Barbara,83,443738,234,98,0,98,0
2020-03-28,Santa Clara,85,1922200,1293,1174,1,1175,54
2020-03-28,Santa Cruz,87,273765,78,62,0,62,0
2020-03-28,Shasta,89,179085,19,8,0,8,2
2020-03-28,Sierra,91,2930,0,0,0,0,0
2020-03-28,Siskiyou,93,43540,4,4,0,4,0
2020-03-28,Solano,95,438530,99,96,0,96,0
2020-03-28,Sonoma,97,501317,142,70,0,70,2
2020-03-28,Stanislaus,99,539301,85,34,3,37,0
2020-03-28,Sutter,101,95872,17,6,0,6,0
2020-03-28,Tehama,103,63373,1,0,0,0,0
2020-03-28,Trinity,105,12862,0,0,0,0,0
2020-03-28,Tulare,107,460477,88,46,1,47,0
2020-03-28,Tuolumne,109,53932,2,2,0,2,0
2020-03-28,Ventura,111,848112,269,178,0,178,4
2020-03-28,Yolo,113,214977,50,26,0,26,2
2020-03-28,Yuba,115,75493,8,6,0,6,0
2020-03-27,Alameda,1,1643700,587,185,0,185,4
2020-03-27,Alpine,3,1148,1,0,0,0,0
2020-03-27,Amador,5,37829,4,1,0,1,0
2020-03-27,Butte,7,227075,12,4,0,4,0
2020-03-27,Calaveras,9,45235,6,2,0,2,0
2020-03-27,Colusa,11,21464,3,0,0,0,0
2020-03-27,Contra Costa,13,1133247,392,161,0,161,2
2020-03-27,Del Norte,15,27424,0,0,0,0,0
2020-03-27,El Dorado,17,186661,27,9,0,9,0
2020-03-27,Fresno,19,978130,172,29,1,30,0
2020-03-27,Glenn,21,27897,2,0,0,0,0
2020-03-27,Humboldt,23,135768,42,9,0,9,0
2020-03-27,Imperial,25,180216,75,9,0,9,0
2020-03-27,Inyo,27,18085,9,0,0,0,0
2020-03-27,Kern,29,883053,197,20,0,20,0
2020-03-27,Kings,31,150075,17,0,1,1,0
2020-03-27,Lake,33,64148,0,0,0,0,0
2020-03-27,Lassen,35,31185,1,0,1,1,0
2020-03-27,Los Angeles,37,10098052,4942,1474,15,1489,26
2020-03-27,Madera,39,155013,37,10,0,10,1
2020-03-27,Marin,41,260295,114,58,0,58,0
2020-03-27,Mariposa,43,17540,0,0,0,0,0
2020-03-27,Mendocino,45,87422,4,2,0,2,0
2020-03-27,Merced,47,269075,26,3,0,3,0
2020-03-27,Modoc,49,8938,0,0,0,0,0
2020-03-27,Mono,51,14174,24,6,0,6,0
2020-03-27,Monterey,53,433212,62,26,0,26,1
2020-03-27,Napa,55,140530,27,5,0,5,0
2020-03-27,Nevada,57,99092,32,6,1,7,0
2020-03-27,Orange,59,3164182,1114,299,2,301,2
2020-03-27,Placer,61,380077,108,33,0,33,1
2020-03-27,Plumas,63,18699,0,0,0,0,0
2020-03-27,Riverside,65,2383286,865,121,5,126,7
2020-03-27,Sacramento,67,1510023,502,163,0,163,6
2020-03-27,San Benito,69,59416,27,9,0,9,1
2020-03-27,San Bernardino,71,2135413,510,77,0,77,2
2020-03-27,San Diego,73,3302833,1323,419,0,419,5
2020-03-27,San Francisco,75,870044,612,285,0,285,2
2020-03-27,San Joaquin,77,732212,201,73,3,76,3
2020-03-27,San Luis Obispo,79,281455,105,46,0,46,0
2020-03-27,San Mateo,81,765935,645,213,2,215,7
2020-03-27,Santa Barbara,83,443738,218,37,0,37,0
2020-03-27,Santa Clara,85,1922200,1256,557,1,558,25
2020-03-27,Santa Cruz,87,273765,78,31,0,31,0
2020-03-27,Shasta,89,179085,16,3,0,3,1
2020-03-27,Sierra,91,2930,0,0,0,0,0
2020-03-27,Siskiyou,93,43540,4,2,0,2,0
2020-03-27,Solano,95,438530,93,48,0,48,0
2020-03-27,Sonoma,97,501317,134,35,0,35,1
2020-03-27,Stanislaus,99,539301,83,16,3,19,0
2020-03-27,Sutter,101,95872,16,2,0,2,0
2020-03-27,Tehama,103,63373,1,0,0,0,0
2020-03-27,Trinity,105,12862,0,0,0,0,0
2020-03-27,Tulare,107,460477,80,15,1,16,0
2020-03-27,Tuolumne,109,53932,2,1,0,1,0
2020-03-27,Ventura,111,848112,260,80,0,80,2
2020-03-27,Yolo,113,214977,49,13,0,13,1
2020-03-27,Yuba,115,75493,7,3,0,3,0
2020-03-26,Alameda,1,1643700,547,172,0,172,4
2020-03-26,Alpine,3,1148,1,0,0,0,0
2020-03-26,Amador,5,37829,4,1,0,1,0
2020-03-26,Butte,7,227075,12,4,0,4,0
2020-03-26,Calaveras,9,45235,6,2,0,2,0
2020-03-26,Colusa,11,21464,3,0,0,0,0
2020-03-26,Contra Costa,13,1133247,382,147,0,147,2
2020-03-26,Del Norte,15,27424,0,0,0,0,0
2020-03-26,El Dorado,17,186661,26,7,0,7,0
2020-03-26,Fresno,19,978130,163,25,1,26,0
2020-03-26,Glenn,21,27897,2,0,0,0,0
2020-03-26,Humboldt,23,135768,38,8,0,8,0
2020-03-26,Imperial,25,180216,71,8,0,8,0
2020-03-26,Inyo,27,18085,8,0,0,0,0
2020-03-26,Kern,29,883053,181,20,0,20,0
2020-03-26,Kings,31,150075,17,0,1,1,0
2020-03-26,Lake,33,64148,0,0,0,0,0
2020-03-26,Lassen,35,31185,1,0,1,1,0
2020-03-26,Los Angeles,37,10098052,4541,1075,15,1090,19
2020-03-26,Madera,39,155013,35,8,0,8,0
2020-03-26,Marin,41,260295,105,56,0,56,0
2020-03-26,Mariposa,43,17540,0,0,0,0,0
2020-03-26,Mendocino,45,87422,3,1,0,1,0
2020-03-26,Merced,47,269075,23,1,0,1,0
2020-03-26,Modoc,49,8938,0,0,0,0,0
2020-03-26,Mono,51,14174,23,5,0,5,0
2020-03-26,Monterey,53,433212,59,25,0,25,1
2020-03-26,Napa,55,140530,26,5,0,5,0
2020-03-26,Nevada,57,99092,32,7,1,8,0
2020-03-26,Orange,59,3164182,1052,279,2,281,1
2020-03-26,Placer,61,380077,104,34,0,34,1
2020-03-26,Plumas,63,18699,0,0,0,0,0
2020-03-26,Riverside,65,2383286,795,118,5,123,7
2020-03-26,Sacramento,67,1510023,469,147,0,147,5
2020-03-26,San Benito,69,59416,27,8,0,8,1
2020-03-26,San Bernardino,71,2135413,444,57,0,57,1
2020-03-26,San Diego,73,3302833,1256,299,0,299,2
2020-03-26,San Francisco,75,870044,585,261,0,261,1
2020-03-26,San Joaquin,77,732212,190,69,3,72,3
2020-03-26,San Luis Obispo,79,281455,100,38,0,38,0
2020-03-26,San Mateo,81,765935,612,122,2,124,5
2020-03-26,Santa Barbara,83,443738,202,33,0,33,0
2020-03-26,Santa Clara,85,1922200,1213,487,1,488,20
2020-03-26,Santa Cruz,87,273765,74,30,0,30,0
2020-03-26,Shasta,89,179085,16,3,0,3,1
2020-03-26,Sierra,91,2930,0,0,0,0,0
2020-03-26,Siskiyou,93,43540,4,2,0,2,0
2020-03-26,Solano,95,438530,85,41,0,41,0
2020-03-26,Sonoma,97,501317,129,33,0,33,1
2020-03-26,Stanislaus,99,539301,81,15,3,18,0
2020-03-26,Sutter,101,95872,12,2,0,2,0
2020-03-26,Tehama,103,63373,1,0,0,0,0
2020-03-26,Trinity,105,12862,0,0,0,0,0
2020-03-26,Tulare,107,460477,73,15,1,16,0
2020-03-26,Tuolumne,109,53932,2,0,0,0,0
2020-03-26,Ventura,111,848112,244,70,0,70,1
2020-03-26,Yolo,113,214977,45,13,0,13,1
2020-03-26,Yuba,115,75493,7,3,0,3,0
2020-03-25,Alameda,1,1643700,526,134,0,134,3
2020-03-25,Alpine,3,1148,1,0,0,0,0
2020-03-25,Amador,5,37829,4,1,0,1,0
2020-03-25,Butte,7,227075,12,4,0,4,0
2020-03-25,Calaveras,9,45235,6,2,0,2,0
2020-03-25,Colusa,11,21464,2,0,0,0,0
2020-03-25,Contra Costa,13,1133247,368,131,0,131,1
2020-03-25,Del Norte,15,27424,0,0,0,0,0
2020-03-25,El Dorado,17,186661,26,5,0,5,0
2020-03-25,Fresno,19,978130,148,21,1,22,0
2020-03-25,Glenn,21,27897,2,0,0,0,0
2020-03-25,Humboldt,23,135768,35,3,0,3,0
2020-03-25,Imperial,25,180216,63,8,0,8,0
2020-03-25,Inyo,27,18085,5,0,0,0,0
2020-03-25,Kern,29,883053,161,13,0,13,0
2020-03-25,Kings,31,150075,16,0,1,1,0
2020-03-25,Lake,33,64148,0,0,0,0,0
2020-03-25,Lassen,35,31185,1,0,1,1,0
2020-03-25,Los Angeles,37,10098052,4144,725,15,740,10
2020-03-25,Madera,39,155013,33,6,0,6,0
2020-03-25,Marin,41,260295,99,47,0,47,0
2020-03-25,Mariposa,43,17540,0,0,0,0,0
2020-03-25,Mendocino,45,87422,2,1,0,1,0
2020-03-25,Merced,47,269075,19,0,0,0,0
2020-03-25,Modoc,49,8938,0,0,0,0,0
2020-03-25,Mono,51,14174,22,4,0,4,0
2020-03-25,Monterey,53,433212,56,23,0,23,1
2020-03-25,Napa,55,140530,26,5,0,5,0
2020-03-25,Nevada,57,99092,31,5,1,6,0
2020-03-25,Orange,59,3164182,994,214,2,216,1
2020-03-25,Placer,61,380077,98,30,0,30,1
2020-03-25,Plumas,63,18699,0,1,0,1,0
2020-03-25,Riverside,65,2383286,724,87,5,92,5
2020-03-25,Sacramento,67,1510023,443,114,0,114,5
2020-03-25,San Benito,69,59416,26,4,0,4,1
2020-03-25,San Bernardino,71,2135413,405,46,0,46,1
2020-03-25,San Diego,73,3302833,1194,238,0,238,2
2020-03-25,San Francisco,75,870044,544,212,0,212,1
2020-03-25,San Joaquin,77,732212,177,64,3,67,2
2020-03-25,San Luis Obispo,79,281455,96,35,0,35,0
2020-03-25,San Mateo,81,765935,577,111,2,113,5
2020-03-25,Santa Barbara,83,443738,191,25,0,25,0
2020-03-25,Santa Clara,85,1922200,1169,452,1,453,20
2020-03-25,Santa Cruz,87,273765,71,26,0,26,0
2020-03-25,Shasta,89,179085,15,3,0,3,1
2020-03-25,Sierra,91,2930,0,0,0,0,0
2020-03-25,Siskiyou,93,43540,4,2,0,2,0
2020-03-25,Solano,95,438530,80,39,0,39,0
2020-03-25,Sonoma,97,501317,124,31,0,31,1
2020-03-25,Stanislaus,99,539301,74,14,3,17,0
2020-03-25,Sutter,101,95872,9,1,0,1,0
2020-03-25,Tehama,103,63373,1,0,0,0,0
2020-03-25,Trinity,105,12862,0,0,0,0,0
2020-03-25,Tulare,107,460477,63,11,1,12,0
2020-03-25,Tuolumne,109,53932,2,0,0,0,0
2020-03-25,Ventura,111,848112,228,53,0,53,1
2020-03-25,Yolo,113,214977,43,9,0,9,1
2020-03-25,Yuba,115,75493,7,2,0,2,0
2020-03-24,Alameda,1,1643700,494,96,0,96,2
2020-03-24,Alpine,3,1148,1,0,0,0,0
2020-03-24,Amador,5,37829,2,1,0,1,0
2020-03-24,Butte,7,227075,11,3,0,3,0
2020-03-24,Calaveras,9,45235,5,2,0,2,0
2020-03-24,Colusa,11,21464,2,0,0,0,0
2020-03-24,Contra Costa,13,1133247,355,108,0,108,1
2020-03-24,Del Norte,15,27424,0,0,0,0,0
2020-03-24,El Dorado,17,186661,26,3,0,3,0
2020-03-24,Fresno,19,978130,129,18,1,19,0
2020-03-24,Glenn,21,27897,2,0,0,0,0
2020-03-24,Humboldt,23,135768,33,2,0,2,0
2020-03-24,Imperial,25,180216,60,3,0,3,0
2020-03-24,Inyo,27,18085,5,0,0,0,0
2020-03-24,Kern,29,883053,143,5,0,5,0
2020-03-24,Kings,31,150075,15,0,1,1,0
2020-03-24,Lake,33,64148,0,0,0,0,0
2020-03-24,Lassen,35,31185,1,0,1,1,0
2020-03-24,Los Angeles,37,10098052,3694,633,15,648,7
2020-03-24,Madera,39,155013,32,6,0,6,0
2020-03-24,Marin,41,260295,88,44,0,44,0
2020-03-24,Mariposa,43,17540,0,0,0,0,0
2020-03-24,Mendocino,45,87422,2,1,0,1,0
2020-03-24,Merced,47,269075,17,0,0,0,0
2020-03-24,Modoc,49,8938,0,0,0,0,0
2020-03-24,Mono,51,14174,21,1,0,1,0
2020-03-24,Monterey,53,433212,52,23,0,23,1
2020-03-24,Napa,55,140530,23,2,0,2,0
2020-03-24,Nevada,57,99092,30,4,1,5,0
2020-03-24,Orange,59,3164182,932,166,2,168,0
2020-03-24,Placer,61,380077,92,22,0,22,1
2020-03-24,Plumas,63,18699,0,1,0,1,0
2020-03-24,Riverside,65,2383286,657,56,5,61,5
2020-03-24,Sacramento,67,1510023,424,93,0,93,4
2020-03-24,San Benito,69,59416,25,4,0,4,1
2020-03-24,San Bernardino,71,2135413,361,27,0,27,0
2020-03-24,San Diego,73,3302833,1127,231,0,231,2
2020-03-24,San Francisco,75,870044,512,181,0,181,1
2020-03-24,San Joaquin,77,732212,166,52,3,55,2
2020-03-24,San Luis Obispo,79,281455,94,32,0,32,0
2020-03-24,San Mateo,81,765935,536,100,2,102,2
2020-03-24,Santa Barbara,83,443738,185,20,0,20,0
2020-03-24,Santa Clara,85,1922200,1100,389,1,390,17
2020-03-24,Santa Cruz,87,273765,66,22,0,22,0
2020-03-24,Shasta,89,179085,14,3,0,3,0
2020-03-24,Sierra,91,2930,0,0,0,0,0
2020-03-24,Siskiyou,93,43540,4,2,0,2,0
2020-03-24,Solano,95,438530,78,34,0,34,0
2020-03-24,Sonoma,97,501317,117,27,0,27,1
2020-03-24,Stanislaus,99,539301,65,13,3,16,0
2020-03-24,Sutter,101,95872,9,0,0,0,0
2020-03-24,Tehama,103,63373,1,0,0,0,0
2020-03-24,Trinity,105,12862,0,0,0,0,0
2020-03-24,Tulare,107,460477,55,10,1,11,0
2020-03-24,Tuolumne,109,53932,2,0,0,0,0
2020-03-24,Ventura,111,848112,212,44,0,44,1
2020-03-24,Yolo,113,214977,39,8,0,8,0
2020-03-24,Yuba,115,75493,7,2,0,2,0
2020-03-23,Alameda,1,1643700,463,88,0,88,1
2020-03-23,Alpine,3,1148,1,0,0,0,0
2020-03-23,Amador,5,37829,2,1,0,1,0
2020-03-23,Butte,7,227075,11,2,0,2,0
2020-03-23,Calaveras,9,45235,5,2,0,2,0
2020-03-23,Colusa,11,21464,1,0,0,0,0
2020-03-23,Contra Costa,13,1133247,335,91,0,91,2
2020-03-23,Del Norte,15,27424,0,0,0,0,0
2020-03-23,El Dorado,17,186661,25,3,0,3,0
2020-03-23,Fresno,19,978130,119,10,1,11,0
2020-03-23,Glenn,21,27897,2,0,0,0,0
2020-03-23,Humboldt,23,135768,31,2,0,2,0
2020-03-23,Imperial,25,180216,55,2,0,2,0
2020-03-23,Inyo,27,18085,3,0,0,0,0
2020-03-23,Kern,29,883053,129,5,0,5,0
2020-03-23,Kings,31,150075,15,0,1,1,0
2020-03-23,Lake,33,64148,0,0,0,0,0
2020-03-23,Lassen,35,31185,1,0,1,1,0
2020-03-23,Los Angeles,37,10098052,3390,389,15,404,4
2020-03-23,Madera,39,155013,32,4,0,4,0
2020-03-23,Marin,41,260295,83,30,0,30,0
2020-03-23,Mariposa,43,17540,0,0,0,0,0
2020-03-23,Mendocino,45,87422,2,1,0,1,0
2020-03-23,Merced,47,269075,11,0,0,0,0
2020-03-23,Modoc,49,8938,0,0,0,0,0
2020-03-23,Mono,51,14174,19,1,0,1,0
2020-03-23,Monterey,53,433212,47,14,0,14,1
2020-03-23,Napa,55,140530,21,1,0,1,0
2020-03-23,Nevada,57,99092,27,2,1,3,0
2020-03-23,Orange,59,3164182,878,138,2,140,0
2020-03-23,Placer,61,380077,89,19,0,19,1
2020-03-23,Plumas,63,18699,0,0,0,0,0
2020-03-23,Riverside,65,2383286,616,39,5,44,5
2020-03-23,Sacramento,67,1510023,391,87,0,87,4
2020-03-23,San Benito,69,59416,24,4,0,4,1
2020-03-23,San Bernardino,71,2135413,331,17,0,17,0
2020-03-23,San Diego,73,3302833,1068,178,0,178,1
2020-03-23,San Francisco,75,870044,483,152,0,152,0
2020-03-23,San Joaquin,77,732212,154,37,3,40,2
2020-03-23,San Luis Obispo,79,281455,88,23,0,23,0
2020-03-23,San Mateo,81,765935,498,88,2,90,1
2020-03-23,Santa Barbara,83,443738,164,18,0,18,0
2020-03-23,Santa Clara,85,1922200,1053,336,1,337,13
2020-03-23,Santa Cruz,87,273765,64,21,0,21,0
2020-03-23,Shasta,89,179085,12,2,0,2,0
2020-03-23,Sierra,91,2930,0,0,0,0,0
2020-03-23,Siskiyou,93,43540,4,2,0,2,0
2020-03-23,Solano,95,438530,74,33,0,33,0
2020-03-23,Sonoma,97,501317,105,19,0,19,1
2020-03-23,Stanislaus,99,539301,57,10,3,13,0
2020-03-23,Sutter,101,95872,9,0,0,0,0
2020-03-23,Tehama,103,63373,1,0,0,0,0
2020-03-23,Trinity,105,12862,0,0,0,0,0
2020-03-23,Tulare,107,460477,49,9,1,10,0
2020-03-23,Tuolumne,109,53932,2,0,0,0,0
2020-03-23,Ventura,111,848112,195,30,0,30,0
2020-03-23,Yolo,113,214977,38,8,0,8,0
2020-03-23,Yuba,115,75493,7,2,0,2,0
2020-03-22,Alameda,1,1643700,424,72,0,72,1
2020-03-22,Alpine,3,1148,1,0,0,0,0
2020-03-22,Amador,5,37829,2,1,0,1,0
2020-03-22,Butte,7,227075,8,1,0,1,0
2020-03-22,Calaveras,9,45235,4,2,0,2,0
2020-03-22,Colusa,11,21464,1,0,0,0,0
2020-03-22,Contra Costa,13,1133247,309,79,0,79,1
2020-03-22,Del Norte,15,27424,0,0,0,0,0
2020-03-22,El Dorado,17,186661,23,1,0,1,0
2020-03-22,Fresno,19,978130,101,8,1,9,0
2020-03-22,Glenn,21,27897,2,0,0,0,0
2020-03-22,Humboldt,23,135768,28,1,0,1,0
2020-03-22,Imperial,25,180216,53,2,0,2,0
2020-03-22,Inyo,27,18085,1,0,0,0,0
2020-03-22,Kern,29,883053,113,3,0,3,0
2020-03-22,Kings,31,150075,13,0,1,1,0
2020-03-22,Lake,33,64148,0,0,0,0,0
2020-03-22,Lassen,35,31185,1,0,1,1,0
2020-03-22,Los Angeles,37,10098052,3067,384,15,399,3
2020-03-22,Madera,39,155013,30,4,0,4,0
2020-03-22,Marin,41,260295,73,30,0,30,0
2020-03-22,Mariposa,43,17540,0,0,0,0,0
2020-03-22,Mendocino,45,87422,2,1,0,1,0
2020-03-22,Merced,47,269075,7,0,0,0,0
2020-03-22,Modoc,49,8938,0,0,0,0,0
2020-03-22,Mono,51,14174,14,1,0,1,0
2020-03-22,Monterey,53,433212,45,14,0,14,1
2020-03-22,Napa,55,140530,17,1,0,1,0
2020-03-22,Nevada,57,99092,23,2,1,3,0
2020-03-22,Orange,59,3164182,812,102,2,104,0
2020-03-22,Placer,61,380077,87,18,0,18,1
2020-03-22,Plumas,63,18699,0,0,0,0,0
2020-03-22,Riverside,65,2383286,538,26,3,29,5
2020-03-22,Sacramento,67,1510023,360,82,0,82,4
2020-03-22,San Benito,69,59416,19,4,0,4,1
2020-03-22,San Bernardino,71,2135413,288,16,0,16,0
2020-03-22,San Diego,73,3302833,980,161,0,161,0
2020-03-22,San Francisco,75,870044,446,134,0,134,0
2020-03-22,San Joaquin,77,732212,140,30,3,33,2
2020-03-22,San Luis Obispo,79,281455,83,19,0,19,0
2020-03-22,San Mateo,81,765935,465,82,2,84,1
2020-03-22,Santa Barbara,83,443738,147,16,0,16,0
2020-03-22,Santa Clara,85,1922200,991,284,1,285,13
2020-03-22,Santa Cruz,87,273765,63,19,0,19,0
2020-03-22,Shasta,89,179085,12,1,0,1,0
2020-03-22,Sierra,91,2930,0,0,0,0,0
2020-03-22,Siskiyou,93,43540,4,2,0,2,0
2020-03-22,Solano,95,438530,65,30,0,30,0
2020-03-22,Sonoma,97,501317,100,18,0,18,1
2020-03-22,Stanislaus,99,539301,51,8,3,11,0
2020-03-22,Sutter,101,95872,8,0,0,0,0
2020-03-22,Tehama,103,63373,0,0,0,0,0
2020-03-22,Trinity,105,12862,0,0,0,0,0
2020-03-22,Tulare,107,460477,46,5,1,6,0
2020-03-22,Tuolumne,109,53932,2,0,0,0,0
2020-03-22,Ventura,111,848112,174,26,0,26,0
2020-03-22,Yolo,113,214977,32,6,0,6,0
2020-03-22,Yuba,115,75493,7,2,0,2,0
2020-03-21,Alameda,1,1643700,401,62,0,62,0
2020-03-21,Alpine,3,1148,1,0,0,0,0
2020-03-21,Amador,5,37829,2,1,0,1,0
2020-03-21,Butte,7,227075,8,1,0,1,0
2020-03-21,Calaveras,9,45235,4,2,0,2,0
2020-03-21,Colusa,11,21464,1,0,0,0,0
2020-03-21,Contra Costa,13,1133247,298,62,0,62,1
2020-03-21,Del Norte,15,27424,0,0,0,0,0
2020-03-21,El Dorado,17,186661,20,1,0,1,0
2020-03-21,Fresno,19,978130,97,8,1,9,0
2020-03-21,Glenn,21,27897,2,0,0,0,0
2020-03-21,Humboldt,23,135768,25,1,0,1,0
2020-03-21,Imperial,25,180216,49,2,0,2,0
2020-03-21,Inyo,27,18085,1,0,0,0,0
2020-03-21,Kern,29,883053,107,3,0,3,0
2020-03-21,Kings,31,150075,13,0,1,1,0
2020-03-21,Lake,33,64148,0,0,0,0,0
2020-03-21,Lassen,35,31185,1,0,1,1,0
2020-03-21,Los Angeles,37,10098052,2795,322,15,337,2
2020-03-21,Madera,39,155013,30,4,0,4,0
2020-03-21,Marin,41,260295,68,30,0,30,0
2020-03-21,Mariposa,43,17540,0,0,0,0,0
2020-03-21,Mendocino,45,87422,2,1,0,1,0
2020-03-21,Merced,47,269075,6,0,0,0,0
2020-03-21,Modoc,49,8938,0,0,0,0,0
2020-03-21,Mono,51,14174,14,1,0,1,0
2020-03-21,Monterey,53,433212,43,8,0,8,1
2020-03-21,Napa,55,140530,17,0,0,0,0
2020-03-21,Nevada,57,99092,23,2,1,3,0
2020-03-21,Orange,59,3164182,763,85,2,87,0
2020-03-21,Placer,61,380077,77,11,0,11,1
2020-03-21,Plumas,63,18699,0,0,0,0,0
2020-03-21,Riverside,65,2383286,495,20,3,23,3
2020-03-21,Sacramento,67,1510023,332,66,0,66,3
2020-03-21,San Benito,69,59416,17,4,0,4,1
2020-03-21,San Bernardino,71,2135413,267,13,0,13,0
2020-03-21,San Diego,73,3302833,903,121,0,121,0
2020-03-21,San Francisco,75,870044,410,106,0,106,0
2020-03-21,San Joaquin,77,732212,131,26,3,29,2
2020-03-21,San Luis Obispo,79,281455,79,16,0,16,0
2020-03-21,San Mateo,81,765935,427,78,2,80,1
2020-03-21,Santa Barbara,83,443738,132,8,0,8,0
2020-03-21,Santa Clara,85,1922200,931,269,1,270,10
2020-03-21,Santa Cruz,87,273765,61,17,0,17,0
2020-03-21,Shasta,89,179085,11,1,0,1,0
2020-03-21,Sierra,91,2930,0,0,0,0,0
2020-03-21,Siskiyou,93,43540,4,0,0,0,0
2020-03-21,Solano,95,438530,63,30,0,30,0
2020-03-21,Sonoma,97,501317,99,15,0,15,1
2020-03-21,Stanislaus,99,539301,45,7,3,10,0
2020-03-21,Sutter,101,95872,7,0,0,0,0
2020-03-21,Tehama,103,63373,0,0,0,0,0
2020-03-21,Trinity,105,12862,0,0,0,0,0
2020-03-21,Tulare,107,460477,42,5,1,6,0
2020-03-21,Tuolumne,109,53932,2,0,0,0,0
2020-03-21,Ventura,111,848112,166,22,0,22,0
2020-03-21,Yolo,113,214977,32,6,0,6,0
2020-03-21,Yuba,115,75493,7,1,0,1,0
2020-03-20,Alameda,1,1643700,380,42,0,42,0
2020-03-20,Alpine,3,1148,1,0,0,0,0
2020-03-20,Amador,5,37829,1,0,0,0,0
2020-03-20,Butte,7,227075,8,0,0,0,0
2020-03-20,Calaveras,9,45235,4,2,0,2,0
2020-03-20,Colusa,11,21464,1,0,0,0,0
2020-03-20,Contra Costa,13,1133247,269,52,0,52,1
2020-03-20,Del Norte,15,27424,0,0,0,0,0
2020-03-20,El Dorado,17,186661,19,1,0,1,0
2020-03-20,Fresno,19,978130,94,7,1,8,0
2020-03-20,Glenn,21,27897,1,0,0,0,0
2020-03-20,Humboldt,23,135768,25,1,0,1,0
2020-03-20,Imperial,25,180216,48,2,0,2,0
2020-03-20,Inyo,27,18085,0,0,0,0,0
2020-03-20,Kern,29,883053,92,3,0,3,0
2020-03-20,Kings,31,150075,13,0,1,1,0
2020-03-20,Lake,33,64148,0,0,0,0,0
2020-03-20,Lassen,35,31185,1,0,1,1,0
2020-03-20,Los Angeles,37,10098052,2570,267,14,281,1
2020-03-20,Madera,39,155013,29,4,0,4,0
2020-03-20,Marin,41,260295,65,30,0,30,0
2020-03-20,Mariposa,43,17540,0,0,0,0,0
2020-03-20,Mendocino,45,87422,2,1,0,1,0
2020-03-20,Merced,47,269075,6,0,0,0,0
2020-03-20,Modoc,49,8938,0,0,0,0,0
2020-03-20,Mono,51,14174,14,0,0,0,0
2020-03-20,Monterey,53,433212,42,4,0,4,0
2020-03-20,Napa,55,140530,16,0,0,0,0
2020-03-20,Nevada,57,99092,20,2,1,3,0
2020-03-20,Orange,59,3164182,716,71,2,73,2
2020-03-20,Placer,61,380077,70,9,0,9,1
2020-03-20,Plumas,63,18699,0,0,0,0,0
2020-03-20,Riverside,65,2383286,442,19,3,22,3
2020-03-20,Sacramento,67,1510023,311,56,0,56,4
2020-03-20,San Benito,69,59416,17,4,0,4,1
2020-03-20,San Bernardino,71,2135413,240,9,0,9,0
2020-03-20,San Diego,73,3302833,851,98,0,98,0
2020-03-20,San Francisco,75,870044,378,87,0,87,0
2020-03-20,San Joaquin,77,732212,116,18,3,21,2
2020-03-20,San Luis Obispo,79,281455,76,11,0,11,0
2020-03-20,San Mateo,81,765935,397,71,2,73,1
2020-03-20,Santa Barbara,83,443738,116,7,0,7,0
2020-03-20,Santa Clara,85,1922200,895,246,1,247,8
2020-03-20,Santa Cruz,87,273765,59,13,0,13,0
2020-03-20,Shasta,89,179085,10,1,0,1,0
2020-03-20,Sierra,91,2930,0,0,0,0,0
2020-03-20,Siskiyou,93,43540,4,0,0,0,0
2020-03-20,Solano,95,438530,59,29,0,29,0
2020-03-20,Sonoma,97,501317,91,7,0,7,0
2020-03-20,Stanislaus,99,539301,39,7,3,10,0
2020-03-20,Sutter,101,95872,7,0,0,0,0
2020-03-20,Tehama,103,63373,0,0,0,0,0
2020-03-20,Trinity,105,12862,0,0,0,0,0
2020-03-20,Tulare,107,460477,38,4,1,5,0
2020-03-20,Tuolumne,109,53932,2,0,0,0,0
2020-03-20,Ventura,111,848112,156,18,0,18,0
2020-03-20,Yolo,113,214977,30,5,0,5,0
2020-03-20,Yuba,115,75493,6,0,0,0,0
2020-03-19,Alameda,1,1643700,344,36,0,36,0
2020-03-19,Alpine,3,1148,1,0,0,0,0
2020-03-19,Amador,5,37829,1,0,0,0,0
2020-03-19,Butte,7,227075,6,0,0,0,0
2020-03-19,Calaveras,9,45235,4,2,0,2,0
2020-03-19,Colusa,11,21464,0,0,0,0,0
2020-03-19,Contra Costa,13,1133247,253,46,0,46,0
2020-03-19,Del Norte,15,27424,0,0,0,0,0
2020-03-19,El Dorado,17,186661,18,0,0,0,0
2020-03-19,Fresno,19,978130,86,6,1,7,0
2020-03-19,Glenn,21,27897,1,0,0,0,0
2020-03-19,Humboldt,23,135768,23,1,0,1,0
2020-03-19,Imperial,25,180216,41,2,0,2,0
2020-03-19,Inyo,27,18085,0,0,0,0,0
2020-03-19,Kern,29,883053,80,3,0,3,0
2020-03-19,Kings,31,150075,10,0,1,1,0
2020-03-19,Lake,33,64148,0,0,0,0,0
2020-03-19,Lassen,35,31185,0,0,1,1,0
2020-03-19,Los Angeles,37,10098052,2283,233,14,247,0
2020-03-19,Madera,39,155013,28,3,0,3,0
2020-03-19,Marin,41,260295,62,19,0,19,0
2020-03-19,Mariposa,43,17540,0,0,0,0,0
2020-03-19,Mendocino,45,87422,1,1,0,1,0
2020-03-19,Merced,47,269075,5,0,0,0,0
2020-03-19,Modoc,49,8938,0,0,0,0,0
2020-03-19,Mono,51,14174,12,0,0,0,0
2020-03-19,Monterey,53,433212,34,3,0,3,0
2020-03-19,Napa,55,140530,14,0,0,0,0
2020-03-19,Nevada,57,99092,18,2,1,3,0
2020-03-19,Orange,59,3164182,633,59,2,61,0
2020-03-19,Placer,61,380077,62,8,0,8,1
2020-03-19,Plumas,63,18699,0,0,0,0,0
2020-03-19,Riverside,65,2383286,355,14,2,16,3
2020-03-19,Sacramento,67,1510023,278,52,0,52,3
2020-03-19,San Benito,69,59416,14,3,0,3,0
2020-03-19,San Bernardino,71,2135413,210,7,0,7,0
2020-03-19,San Diego,73,3302833,768,68,0,68,0
2020-03-19,San Francisco,75,870044,342,80,0,80,0
2020-03-19,San Joaquin,77,732212,102,15,3,18,2
2020-03-19,San Luis Obispo,79,281455,74,6,0,6,0
2020-03-19,San Mateo,81,765935,362,58,2,60,1
2020-03-19,Santa Barbara,83,443738,101,5,0,5,0
2020-03-19,Santa Clara,85,1922200,829,183,1,184,8
2020-03-19,Santa Cruz,87,273765,56,13,0,13,0
2020-03-19,Shasta,89,179085,9,1,0,1,0
2020-03-19,Sierra,91,2930,0,0,0,0,0
2020-03-19,Siskiyou,93,43540,3,0,0,0,0
2020-03-19,Solano,95,438530,55,26,0,26,0
2020-03-19,Sonoma,97,501317,88,8,0,8,0
2020-03-19,Stanislaus,99,539301,38,7,3,10,0
2020-03-19,Sutter,101,95872,7,0,0,0,0
2020-03-19,Tehama,103,63373,0,0,0,0,0
2020-03-19,Trinity,105,12862,0,0,0,0,0
2020-03-19,Tulare,107,460477,33,3,1,4,0
2020-03-19,Tuolumne,109,53932,2,0,0,0,0
2020-03-19,Ventura,111,848112,134,15,0,15,0
2020-03-19,Yolo,113,214977,26,5,0,5,0
2020-03-19,Yuba,115,75493,5,0,0,0,0
2020-03-18,Alameda,1,1643700,316,29,0,29,0
2020-03-18,Alpine,3,1148,1,0,0,0,0
2020-03-18,Amador,5,37829,1,0,0,0,0
2020-03-18,Butte,7,227075,5,0,0,0,0
2020-03-18,Calaveras,9,45235,4,2,0,2,0
2020-03-18,Colusa,11,21464,0,0,0,0,0
2020-03-18,Contra Costa,13,1133247,232,44,0,44,0
2020-03-18,Del Norte,15,27424,0,0,0,0,0
2020-03-18,El Dorado,17,186661,17,0,0,0,0
2020-03-18,Fresno,19,978130,77,3,1,4,0
2020-03-18,Glenn,21,27897,1,0,0,0,0
2020-03-18,Humboldt,23,135768,19,1,0,1,0
2020-03-18,Imperial,25,180216,34,2,0,2,0
2020-03-18,Inyo,27,18085,0,0,0,0,0
2020-03-18,Kern,29,883053,65,1,0,1,0
2020-03-18,Kings,31,150075,8,0,1,1,0
2020-03-18,Lake,33,64148,0,0,0,0,0
2020-03-18,Lassen,35,31185,0,0,1,1,0
2020-03-18,Los Angeles,37,10098052,2044,47,14,61,0
2020-03-18,Madera,39,155013,27,2,0,2,0
2020-03-18,Marin,41,260295,58,10,0,10,0
2020-03-18,Mariposa,43,17540,0,0,0,0,0
2020-03-18,Mendocino,45,87422,1,0,0,0,0
2020-03-18,Merced,47,269075,5,0,0,0,0
2020-03-18,Modoc,49,8938,0,0,0,0,0
2020-03-18,Mono,51,14174,11,0,0,0,0
2020-03-18,Monterey,53,433212,28,1,0,1,0
2020-03-18,Napa,55,140530,11,0,0,0,0
2020-03-18,Nevada,57,99092,16,2,1,3,0
2020-03-18,Orange,59,3164182,577,38,2,40,0
2020-03-18,Placer,61,380077,55,8,0,8,1
2020-03-18,Plumas,63,18699,0,0,0,0,0
2020-03-18,Riverside,65,2383286,303,11,2,13,2
2020-03-18,Sacramento,67,1510023,255,46,0,46,3
2020-03-18,San Benito,69,59416,13,3,0,3,0
2020-03-18,San Bernardino,71,2135413,188,3,0,3,0
2020-03-18,San Diego,73,3302833,683,40,0,40,0
2020-03-18,San Francisco,75,870044,323,65,0,65,0
2020-03-18,San Joaquin,77,732212,90,14,3,17,2
2020-03-18,San Luis Obispo,79,281455,68,5,0,5,0
2020-03-18,San Mateo,81,765935,339,57,2,59,1
2020-03-18,Santa Barbara,83,443738,88,2,0,2,0
2020-03-18,Santa Clara,85,1922200,781,151,1,152,6
2020-03-18,Santa Cruz,87,273765,54,11,0,11,0
2020-03-18,Shasta,89,179085,8,1,0,1,0
2020-03-18,Sierra,91,2930,0,0,0,0,0
2020-03-18,Siskiyou,93,43540,3,0,0,0,0
2020-03-18,Solano,95,438530,51,26,0,26,0
2020-03-18,Sonoma,97,501317,79,6,0,6,0
2020-03-18,Stanislaus,99,539301,34,5,2,7,0
2020-03-18,Sutter,101,95872,5,0,0,0,0
2020-03-18,Tehama,103,63373,0,0,0,0,0
2020-03-18,Trinity,105,12862,0,0,0,0,0
2020-03-18,Tulare,107,460477,25,3,1,4,0
2020-03-18,Tuolumne,109,53932,2,0,0,0,0
2020-03-18,Ventura,111,848112,115,11,0,11,0
2020-03-18,Yolo,113,214977,23,4,0,4,0
2020-03-18,Yuba,115,75493,4,0,0,0,0
2020-03-17,Alameda,1,1643700,285,19,0,19,0
2020-03-17,Alpine,3,1148,0,0,0,0,0
2020-03-17,Amador,5,37829,1,0,0,0,0
2020-03-17,Butte,7,227075,5,0,0,0,0
2020-03-17,Calaveras,9,45235,4,2,0,2,0
2020-03-17,Colusa,11,21464,0,0,0,0,0
2020-03-17,Contra Costa,13,1133247,210,37,0,37,0
2020-03-17,Del Norte,15,27424,0,0,0,0,0
2020-03-17,El Dorado,17,186661,16,0,0,0,0
2020-03-17,Fresno,19,978130,68,2,1,3,0
2020-03-17,Glenn,21,27897,1,0,0,0,0
2020-03-17,Humboldt,23,135768,17,1,0,1,0
2020-03-17,Imperial,25,180216,28,2,0,2,0
2020-03-17,Inyo,27,18085,0,0,0,0,0
2020-03-17,Kern,29,883053,51,0,0,0,0
2020-03-17,Kings,31,150075,7,0,1,1,0
2020-03-17,Lake,33,64148,0,0,0,0,0
2020-03-17,Lassen,35,31185,0,0,1,1,0
2020-03-17,Los Angeles,37,10098052,1843,41,14,55,0
2020-03-17,Madera,39,155013,20,2,0,2,0
2020-03-17,Marin,41,260295,51,4,0,4,0
2020-03-17,Mariposa,43,17540,0,0,0,0,0
2020-03-17,Mendocino,45,87422,1,0,0,0,0
2020-03-17,Merced,47,269075,5,0,0,0,0
2020-03-17,Modoc,49,8938,0,0,0,0,0
2020-03-17,Mono,51,14174,9,0,0,0,0
2020-03-17,Monterey,53,433212,26,0,0,0,0
2020-03-17,Napa,55,140530,8,0,0,0,0
2020-03-17,Nevada,57,99092,15,1,1,2,0
2020-03-17,Orange,59,3164182,501,24,2,26,0
2020-03-17,Placer,61,380077,47,7,0,7,1
2020-03-17,Plumas,63,18699,0,0,0,0,0
2020-03-17,Riverside,65,2383286,246,11,2,13,0
2020-03-17,Sacramento,67,1510023,235,36,0,36,1
2020-03-17,San Benito,69,59416,12,2,0,2,0
2020-03-17,San Bernardino,71,2135413,160,2,0,2,0
2020-03-17,San Diego,73,3302833,616,17,0,17,0
2020-03-17,San Francisco,75,870044,297,46,0,46,0
2020-03-17,San Joaquin,77,732212,84,11,3,14,0
2020-03-17,San Luis Obispo,79,281455,61,1,0,1,0
2020-03-17,San Mateo,81,765935,307,46,2,48,1
2020-03-17,Santa Barbara,83,443738,75,0,0,0,0
2020-03-17,Santa Clara,85,1922200,724,121,1,122,4
2020-03-17,Santa Cruz,87,273765,51,10,0,10,0
2020-03-17,Shasta,89,179085,4,1,0,1,0
2020-03-17,Sierra,91,2930,0,0,0,0,0
2020-03-17,Siskiyou,93,43540,3,0,0,0,0
2020-03-17,Solano,95,438530,48,27,0,27,0
2020-03-17,Sonoma,97,501317,71,4,0,4,0
2020-03-17,Stanislaus,99,539301,31,4,2,6,0
2020-03-17,Sutter,101,95872,5,0,0,0,0
2020-03-17,Tehama,103,63373,0,0,0,0,0
2020-03-17,Trinity,105,12862,0,0,0,0,0
2020-03-17,Tulare,107,460477,22,2,1,3,0
2020-03-17,Tuolumne,109,53932,2,0,0,0,0
2020-03-17,Ventura,111,848112,98,7,0,7,0
2020-03-17,Yolo,113,214977,19,2,0,2,0
2020-03-17,Yuba,115,75493,4,0,0,0,0
2020-03-16,Alameda,1,1643700,256,17,0,17,0
2020-03-16,Alpine,3,1148,0,0,0,0,0
2020-03-16,Amador,5,37829,1,0,0,0,0
2020-03-16,Butte,7,227075,4,0,0,0,0
2020-03-16,Calaveras,9,45235,4,2,0,2,0
2020-03-16,Colusa,11,21464,0,0,0,0,0
2020-03-16,Contra Costa,13,1133247,186,36,0,36,0
2020-03-16,Del Norte,15,27424,0,0,0,0,0
2020-03-16,El Dorado,17,186661,15,0,0,0,0
2020-03-16,Fresno,19,978130,53,2,1,3,0
2020-03-16,Glenn,21,27897,0,0,0,0,0
2020-03-16,Humboldt,23,135768,13,1,0,1,0
2020-03-16,Imperial,25,180216,23,2,0,2,0
2020-03-16,Inyo,27,18085,0,0,0,0,0
2020-03-16,Kern,29,883053,43,0,0,0,0
2020-03-16,Kings,31,150075,6,0,1,1,0
2020-03-16,Lake,33,64148,0,0,0,0,0
2020-03-16,Lassen,35,31185,0,0,0,0,0
2020-03-16,Los Angeles,37,10098052,1609,43,14,57,0
2020-03-16,Madera,39,155013,19,2,0,2,0
2020-03-16,Marin,41,260295,48,4,0,4,0
2020-03-16,Mariposa,43,17540,0,0,0,0,0
2020-03-16,Mendocino,45,87422,1,0,0,0,0
2020-03-16,Merced,47,269075,5,0,0,0,0
2020-03-16,Modoc,49,8938,0,0,0,0,0
2020-03-16,Mono,51,14174,7,0,0,0,0
2020-03-16,Monterey,53,433212,25,0,0,0,0
2020-03-16,Napa,55,140530,7,0,0,0,0
2020-03-16,Nevada,57,99092,11,1,1,2,0
2020-03-16,Orange,59,3164182,419,18,2,20,0
2020-03-16,Placer,61,380077,39,7,0,7,1
2020-03-16,Plumas,63,18699,0,0,0,0,0
2020-03-16,Riverside,65,2383286,212,10,2,12,0
2020-03-16,Sacramento,67,1510023,208,34,0,34,1
2020-03-16,San Benito,69,59416,8,2,0,2,0
2020-03-16,San Bernardino,71,2135413,140,1,0,1,0
2020-03-16,San Diego,73,3302833,525,17,0,17,0
2020-03-16,San Francisco,75,870044,261,40,0,40,0
2020-03-16,San Joaquin,77,732212,74,9,3,12,0
2020-03-16,San Luis Obispo,79,281455,54,1,0,1,0
2020-03-16,San Mateo,81,765935,269,42,2,44,1
2020-03-16,Santa Barbara,83,443738,63,0,0,0,0
2020-03-16,Santa Clara,85,1922200,649,115,1,116,2
2020-03-16,Santa Cruz,87,273765,44,9,0,9,0
2020-03-16,Shasta,89,179085,4,1,0,1,0
2020-03-16,Sierra,91,2930,0,0,0,0,0
2020-03-16,Siskiyou,93,43540,2,0,0,0,0
2020-03-16,Solano,95,438530,43,27,0,27,0
2020-03-16,Sonoma,97,501317,63,4,0,4,0
2020-03-16,Stanislaus,99,539301,27,2,2,4,0
2020-03-16,Sutter,101,95872,3,0,0,0,0
2020-03-16,Tehama,103,63373,0,0,0,0,0
2020-03-16,Trinity,105,12862,0,0,0,0,0
2020-03-16,Tulare,107,460477,19,2,1,3,0
2020-03-16,Tuolumne,109,53932,2,0,0,0,0
2020-03-16,Ventura,111,848112,88,7,0,7,0
2020-03-16,Yolo,113,214977,18,2,0,2,0
2020-03-16,Yuba,115,75493,3,0,0,0,0
2020-03-15,Alameda,1,1643700,210,17,0,17,0
2020-03-15,Alpine,3,1148,0,0,0,0,0
2020-03-15,Amador,5,37829,1,0,0,0,0
2020-03-15,Butte,7,227075,3,0,0,0,0
2020-03-15,Calaveras,9,45235,2,2,0,2,0
2020-03-15,Colusa,11,21464,0,0,0,0,0
2020-03-15,Contra Costa,13,1133247,161,34,0,34,0
2020-03-15,Del Norte,15,27424,0,0,0,0,0
2020-03-15,El Dorado,17,186661,14,0,0,0,0
2020-03-15,Fresno,19,978130,33,1,1,2,0
2020-03-15,Glenn,21,27897,0,0,0,0,0
2020-03-15,Humboldt,23,135768,11,1,0,1,0
2020-03-15,Imperial,25,180216,18,2,0,2,0
2020-03-15,Inyo,27,18085,0,0,0,0,0
2020-03-15,Kern,29,883053,37,0,0,0,0
2020-03-15,Kings,31,150075,6,0,1,1,0
2020-03-15,Lake,33,64148,0,0,0,0,0
2020-03-15,Lassen,35,31185,0,0,0,0,0
2020-03-15,Los Angeles,37,10098052,1371,41,14,55,0
2020-03-15,Madera,39,155013,18,2,0,2,0
2020-03-15,Marin,41,260295,41,3,0,3,0
2020-03-15,Mariposa,43,17540,0,0,0,0,0
2020-03-15,Mendocino,45,87422,1,0,0,0,0
2020-03-15,Merced,47,269075,3,0,0,0,0
2020-03-15,Modoc,49,8938,0,0,0,0,0
2020-03-15,Mono,51,14174,6,0,0,0,0
2020-03-15,Monterey,53,433212,19,0,0,0,0
2020-03-15,Napa,55,140530,7,0,0,0,0
2020-03-15,Nevada,57,99092,11,0,1,1,0
2020-03-15,Orange,59,3164182,349,16,1,17,0
2020-03-15,Placer,61,380077,33,7,0,7,1
2020-03-15,Plumas,63,18699,0,0,0,0,0
2020-03-15,Riverside,65,2383286,167,10,2,12,0
2020-03-15,Sacramento,67,1510023,172,30,0,30,1
2020-03-15,San Benito,69,59416,8,2,0,2,0
2020-03-15,San Bernardino,71,2135413,118,0,0,0,0
2020-03-15,San Diego,73,3302833,438,16,0,16,0
2020-03-15,San Francisco,75,870044,205,31,0,31,0
2020-03-15,San Joaquin,77,732212,63,6,3,9,0
2020-03-15,San Luis Obispo,79,281455,45,1,0,1,0
2020-03-15,San Mateo,81,765935,235,29,1,30,1
2020-03-15,Santa Barbara,83,443738,53,0,0,0,0
2020-03-15,Santa Clara,85,1922200,578,79,1,80,2
2020-03-15,Santa Cruz,87,273765,38,8,0,8,0
2020-03-15,Shasta,89,179085,4,1,0,1,0
2020-03-15,Sierra,91,2930,0,0,0,0,0
2020-03-15,Siskiyou,93,43540,2,0,0,0,0
2020-03-15,Solano,95,438530,42,26,0,26,0
2020-03-15,Sonoma,97,501317,54,4,0,4,0
2020-03-15,Stanislaus,99,539301,26,2,2,4,0
2020-03-15,Sutter,101,95872,2,0,0,0,0
2020-03-15,Tehama,103,63373,0,0,0,0,0
2020-03-15,Trinity,105,12862,0,0,0,0,0
2020-03-15,Tulare,107,460477,14,2,1,3,0
2020-03-15,Tuolumne,109,53932,1,0,0,0,0
2020-03-15,Ventura,111,848112,77,5,0,5,0
2020-03-15,Yolo,113,214977,15,2,0,2,0
2020-03-15,Yuba,115,75493,2,0,0,0,0
2020-03-14,Alameda,1,1643700,193,11,0,11,0
2020-03-14,Alpine,3,1148,0,0,0,0,0
2020-03-14,Amador,5,37829,1,0,0,0,0
2020-03-14,Butte,7,227075,2,0,0,0,0
2020-03-14,Calaveras,9,45235,2,2,0,2,0
2020-03-14,Colusa,11,21464,0,0,0,0,0
2020-03-14,Contra Costa,13,1133247,139,30,0,30,0
2020-03-14,Del Norte,15,27424,0,0,0,0,0
2020-03-14,El Dorado,17,186661,12,0,0,0,0
2020-03-14,Fresno,19,978130,25,1,1,2,0
2020-03-14,Glenn,21,27897,0,0,0,0,0
2020-03-14,Humboldt,23,135768,7,1,0,1,0
2020-03-14,Imperial,25,180216,14,2,0,2,0
2020-03-14,Inyo,27,18085,0,0,0,0,0
2020-03-14,Kern,29,883053,32,0,0,0,0
2020-03-14,Kings,31,150075,6,0,1,1,0
2020-03-14,Lake,33,64148,0,0,0,0,0
2020-03-14,Lassen,35,31185,0,0,0,0,0
2020-03-14,Los Angeles,37,10098052,1193,35,14,49,0
2020-03-14,Madera,39,155013,18,2,0,2,0
2020-03-14,Marin,41,260295,37,3,0,3,0
2020-03-14,Mariposa,43,17540,0,0,0,0,0
2020-03-14,Mendocino,45,87422,1,0,0,0,0
2020-03-14,Merced,47,269075,3,0,0,0,0
2020-03-14,Modoc,49,8938,0,0,0,0,0
2020-03-14,Mono,51,14174,5,0,0,0,0
2020-03-14,Monterey,53,433212,13,0,0,0,0
2020-03-14,Napa,55,140530,5,0,0,0,0
2020-03-14,Nevada,57,99092,8,0,1,1,0
2020-03-14,Orange,59,3164182,310,14,0,14,0
2020-03-14,Placer,61,380077,29,6,0,6,1
2020-03-14,Plumas,63,18699,0,0,0,0,0
2020-03-14,Riverside,65,2383286,147,10,2,12,0
2020-03-14,Sacramento,67,1510023,150,31,0,31,1
2020-03-14,San Benito,69,59416,8,2,0,2,0
2020-03-14,San Bernardino,71,2135413,100,0,0,0,0
2020-03-14,San Diego,73,3302833,363,10,0,10,0
2020-03-14,San Francisco,75,870044,184,29,0,29,0
2020-03-14,San Joaquin,77,732212,54,6,3,9,0
2020-03-14,San Luis Obispo,79,281455,40,0,0,0,0
2020-03-14,San Mateo,81,765935,212,27,1,28,0
2020-03-14,Santa Barbara,83,443738,41,0,0,0,0
2020-03-14,Santa Clara,85,1922200,522,62,1,63,2
2020-03-14,Santa Cruz,87,273765,33,8,0,8,0
2020-03-14,Shasta,89,179085,4,1,0,1,0
2020-03-14,Sierra,91,2930,0,0,0,0,0
2020-03-14,Siskiyou,93,43540,1,0,0,0,0
2020-03-14,Solano,95,438530,40,26,0,26,0
2020-03-14,Sonoma,97,501317,41,2,0,2,0
2020-03-14,Stanislaus,99,539301,22,2,2,4,0
2020-03-14,Sutter,101,95872,2,0,0,0,0
2020-03-14,Tehama,103,63373,0,0,0,0,0
2020-03-14,Trinity,105,12862,0,0,0,0,0
2020-03-14,Tulare,107,460477,12,2,1,3,0
2020-03-14,Tuolumne,109,53932,1,0,0,0,0
2020-03-14,Ventura,111,848112,68,5,0,5,0
2020-03-14,Yolo,113,214977,15,2,0,2,0
2020-03-14,Yuba,115,75493,1,0,0,0,0
2020-03-13,Alameda,1,1643700,175,12,0,12,0
2020-03-13,Alpine,3,1148,0,0,0,0,0
2020-03-13,Amador,5,37829,1,0,0,0,0
2020-03-13,Butte,7,227075,0,0,0,0,0
2020-03-13,Calaveras,9,45235,2,2,0,2,0
2020-03-13,Colusa,11,21464,0,0,0,0,0
2020-03-13,Contra Costa,13,1133247,125,22,0,22,0
2020-03-13,Del Norte,15,27424,0,0,0,0,0
2020-03-13,El Dorado,17,186661,11,0,0,0,0
2020-03-13,Fresno,19,978130,20,1,1,2,0
2020-03-13,Glenn,21,27897,0,0,0,0,0
2020-03-13,Humboldt,23,135768,7,1,0,1,0
2020-03-13,Imperial,25,180216,13,2,0,2,0
2020-03-13,Inyo,27,18085,0,0,0,0,0
2020-03-13,Kern,29,883053,27,0,0,0,0
2020-03-13,Kings,31,150075,5,0,1,1,0
2020-03-13,Lake,33,64148,0,0,0,0,0
2020-03-13,Lassen,35,31185,0,0,0,0,0
2020-03-13,Los Angeles,37,10098052,1040,30,13,43,0
2020-03-13,Madera,39,155013,17,1,0,1,0
2020-03-13,Marin,41,260295,34,3,0,3,0
2020-03-13,Mariposa,43,17540,0,0,0,0,0
2020-03-13,Mendocino,45,87422,1,0,0,0,0
2020-03-13,Merced,47,269075,2,0,0,0,0
2020-03-13,Modoc,49,8938,0,0,0,0,0
2020-03-13,Mono,51,14174,3,0,0,0,0
2020-03-13,Monterey,53,433212,8,0,0,0,0
2020-03-13,Napa,55,140530,3,0,0,0,0
2020-03-13,Nevada,57,99092,7,0,1,1,0
2020-03-13,Orange,59,3164182,272,10,0,10,0
2020-03-13,Placer,61,380077,26,6,0,6,1
2020-03-13,Plumas,63,18699,0,0,0,0,0
2020-03-13,Riverside,65,2383286,121,5,2,7,0
2020-03-13,Sacramento,67,1510023,129,18,0,18,1
2020-03-13,San Benito,69,59416,6,2,0,2,0
2020-03-13,San Bernardino,71,2135413,93,0,0,0,0
2020-03-13,San Diego,73,3302833,313,8,0,8,0
2020-03-13,San Francisco,75,870044,170,28,0,28,0
2020-03-13,San Joaquin,77,732212,50,6,3,9,0
2020-03-13,San Luis Obispo,79,281455,32,0,0,0,0
2020-03-13,San Mateo,81,765935,191,24,1,25,0
2020-03-13,Santa Barbara,83,443738,37,0,0,0,0
2020-03-13,Santa Clara,85,1922200,460,59,1,60,1
2020-03-13,Santa Cruz,87,273765,32,7,0,7,0
2020-03-13,Shasta,89,179085,3,1,0,1,0
2020-03-13,Sierra,91,2930,0,0,0,0,0
2020-03-13,Siskiyou,93,43540,0,0,0,0,0
2020-03-13,Solano,95,438530,39,26,0,26,0
2020-03-13,Sonoma,97,501317,40,2,0,2,0
2020-03-13,Stanislaus,99,539301,17,2,2,4,0
2020-03-13,Sutter,101,95872,2,0,0,0,0
2020-03-13,Tehama,103,63373,0,0,0,0,0
2020-03-13,Trinity,105,12862,0,0,0,0,0
2020-03-13,Tulare,107,460477,9,2,1,3,0
2020-03-13,Tuolumne,109,53932,1,0,0,0,0
2020-03-13,Ventura,111,848112,54,5,0,5,0
2020-03-13,Yolo,113,214977,15,1,0,1,0
2020-03-13,Yuba,115,75493,1,0,0,0,0
2020-03-12,Alameda,1,1643700,150,9,0,9,0
2020-03-12,Alpine,3,1148,0,0,0,0,0
2020-03-12,Amador,5,37829,1,0,0,0,0
2020-03-12,Butte,7,227075,0,0,0,0,0
2020-03-12,Calaveras,9,45235,2,2,0,2,0
2020-03-12,Colusa,11,21464,0,0,0,0,0
2020-03-12,Contra Costa,13,1133247,108,18,0,18,0
2020-03-12,Del Norte,15,27424,0,0,0,0,0
2020-03-12,El Dorado,17,186661,9,0,0,0,0
2020-03-12,Fresno,19,978130,11,1,1,2,0
2020-03-12,Glenn,21,27897,0,0,0,0,0
2020-03-12,Humboldt,23,135768,6,1,0,1,0
2020-03-12,Imperial,25,180216,12,2,0,2,0
2020-03-12,Inyo,27,18085,0,0,0,0,0
2020-03-12,Kern,29,883053,18,0,0,0,0
2020-03-12,Kings,31,150075,4,0,1,1,0
2020-03-12,Lake,33,64148,0,0,0,0,0
2020-03-12,Lassen,35,31185,0,0,0,0,0
2020-03-12,Los Angeles,37,10098052,880,30,13,43,0
2020-03-12,Madera,39,155013,14,1,0,1,0
2020-03-12,Marin,41,260295,24,1,0,1,0
2020-03-12,Mariposa,43,17540,0,0,0,0,0
2020-03-12,Mendocino,45,87422,1,0,0,0,0
2020-03-12,Merced,47,269075,2,0,0,0,0
2020-03-12,Modoc,49,8938,0,0,0,0,0
2020-03-12,Mono,51,14174,3,0,0,0,0
2020-03-12,Monterey,53,433212,6,0,0,0,0
2020-03-12,Napa,55,140530,3,0,0,0,0
2020-03-12,Nevada,57,99092,4,0,1,1,0
2020-03-12,Orange,59,3164182,236,7,0,7,0
2020-03-12,Placer,61,380077,22,6,0,6,1
2020-03-12,Plumas,63,18699,0,0,0,0,0
2020-03-12,Riverside,65,2383286,98,5,1,6,0
2020-03-12,Sacramento,67,1510023,105,17,0,17,1
2020-03-12,San Benito,69,59416,5,2,0,2,0
2020-03-12,San Bernardino,71,2135413,77,0,0,0,0
2020-03-12,San Diego,73,3302833,258,9,0,9,0
2020-03-12,San Francisco,75,870044,147,20,0,20,0
2020-03-12,San Joaquin,77,732212,44,3,3,6,1
2020-03-12,San Luis Obispo,79,281455,25,0,0,0,0
2020-03-12,San Mateo,81,765935,157,21,1,22,0
2020-03-12,Santa Barbara,83,443738,25,0,0,0,0
2020-03-12,Santa Clara,85,1922200,402,51,1,52,1
2020-03-12,Santa Cruz,87,273765,29,5,0,5,0
2020-03-12,Shasta,89,179085,2,1,0,1,0
2020-03-12,Sierra,91,2930,0,0,0,0,0
2020-03-12,Siskiyou,93,43540,0,0,0,0,0
2020-03-12,Solano,95,438530,34,26,0,26,0
2020-03-12,Sonoma,97,501317,34,2,0,2,0
2020-03-12,Stanislaus,99,539301,15,2,2,4,0
2020-03-12,Sutter,101,95872,0,0,0,0,0
2020-03-12,Tehama,103,63373,0,0,0,0,0
2020-03-12,Trinity,105,12862,0,0,0,0,0
2020-03-12,Tulare,107,460477,9,1,0,1,0
2020-03-12,Tuolumne,109,53932,1,0,0,0,0
2020-03-12,Ventura,111,848112,45,3,0,3,0
2020-03-12,Yolo,113,214977,14,1,0,1,0
2020-03-12,Yuba,115,75493,1,0,0,0,0
2020-03-11,Alameda,1,1643700,118,5,0,5,0
2020-03-11,Alpine,3,1148,0,0,0,0,0
2020-03-11,Amador,5,37829,1,0,0,0,0
2020-03-11,Butte,7,227075,0,0,0,0,0
2020-03-11,Calaveras,9,45235,2,2,0,2,0
2020-03-11,Colusa,11,21464,0,0,0,0,0
2020-03-11,Contra Costa,13,1133247,93,16,0,16,0
2020-03-11,Del Norte,15,27424,0,0,0,0,0
2020-03-11,El Dorado,17,186661,8,0,0,0,0
2020-03-11,Fresno,19,978130,8,1,1,2,0
2020-03-11,Glenn,21,27897,0,0,0,0,0
2020-03-11,Humboldt,23,135768,6,1,0,1,0
2020-03-11,Imperial,25,180216,10,0,0,0,0
2020-03-11,Inyo,27,18085,0,0,0,0,0
2020-03-11,Kern,29,883053,16,0,0,0,0
2020-03-11,Kings,31,150075,3,0,1,1,0
2020-03-11,Lake,33,64148,0,0,0,0,0
2020-03-11,Lassen,35,31185,0,0,0,0,0
2020-03-11,Los Angeles,37,10098052,712,21,13,34,0
2020-03-11,Madera,39,155013,12,1,0,1,0
2020-03-11,Marin,41,260295,17,1,0,1,0
2020-03-11,Mariposa,43,17540,0,0,0,0,0
2020-03-11,Mendocino,45,87422,0,0,0,0,0
2020-03-11,Merced,47,269075,2,0,0,0,0
2020-03-11,Modoc,49,8938,0,0,0,0,0
2020-03-11,Mono,51,14174,3,0,0,0,0
2020-03-11,Monterey,53,433212,5,0,0,0,0
2020-03-11,Napa,55,140530,2,0,0,0,0
2020-03-11,Nevada,57,99092,4,0,1,1,0
2020-03-11,Orange,59,3164182,205,6,0,6,0
2020-03-11,Placer,61,380077,18,6,0,6,1
2020-03-11,Plumas,63,18699,0,0,0,0,0
2020-03-11,Riverside,65,2383286,75,4,1,5,0
2020-03-11,Sacramento,67,1510023,87,9,0,9,1
2020-03-11,San Benito,69,59416,5,2,0,2,0
2020-03-11,San Bernardino,71,2135413,70,0,0,0,0
2020-03-11,San Diego,73,3302833,208,4,0,4,0
2020-03-11,San Francisco,75,870044,122,17,0,17,0
2020-03-11,San Joaquin,77,732212,33,1,3,4,0
2020-03-11,San Luis Obispo,79,281455,22,0,0,0,0
2020-03-11,San Mateo,81,765935,139,16,0,16,0
2020-03-11,Santa Barbara,83,443738,15,0,0,0,0
2020-03-11,Santa Clara,85,1922200,362,48,1,49,1
2020-03-11,Santa Cruz,87,273765,26,2,0,2,0
2020-03-11,Shasta,89,179085,2,1,0,1,0
2020-03-11,Sierra,91,2930,0,0,0,0,0
2020-03-11,Siskiyou,93,43540,0,0,0,0,0
2020-03-11,Solano,95,438530,29,26,0,26,0
2020-03-11,Sonoma,97,501317,30,2,0,2,0
2020-03-11,Stanislaus,99,539301,15,2,2,4,0
2020-03-11,Sutter,101,95872,0,0,0,0,0
2020-03-11,Tehama,103,63373,0,0,0,0,0
2020-03-11,Trinity,105,12862,0,0,0,0,0
2020-03-11,Tulare,107,460477,8,0,0,0,0
2020-03-11,Tuolumne,109,53932,1,0,0,0,0
2020-03-11,Ventura,111,848112,37,3,0,3,0
2020-03-11,Yolo,113,214977,10,1,0,1,0
2020-03-11,Yuba,115,75493,1,0,0,0,0
2020-03-10,Alameda,1,1643700,98,4,0,4,0
2020-03-10,Alpine,3,1148,0,0,0,0,0
2020-03-10,Amador,5,37829,1,0,0,0,0
2020-03-10,Butte,7,227075,0,0,0,0,0
2020-03-10,Calaveras,9,45235,2,2,0,2,0
2020-03-10,Colusa,11,21464,0,0,0,0,0
2020-03-10,Contra Costa,13,1133247,84,11,0,11,0
2020-03-10,Del Norte,15,27424,0,0,0,0,0
2020-03-10,El Dorado,17,186661,7,0,0,0,0
2020-03-10,Fresno,19,978130,6,1,1,2,0
2020-03-10,Glenn,21,27897,0,0,0,0,0
2020-03-10,Humboldt,23,135768,6,1,0,1,0
2020-03-10,Imperial,25,180216,9,0,0,0,0
2020-03-10,Inyo,27,18085,0,0,0,0,0
2020-03-10,Kern,29,883053,11,0,0,0,0
2020-03-10,Kings,31,150075,3,0,1,1,0
2020-03-10,Lake,33,64148,0,0,0,0,0
2020-03-10,Lassen,35,31185,0,0,0,0,0
2020-03-10,Los Angeles,37,10098052,576,20,13,33,0
2020-03-10,Madera,39,155013,7,1,0,1,0
2020-03-10,Marin,41,260295,16,1,0,1,0
2020-03-10,Mariposa,43,17540,0,0,0,0,0
2020-03-10,Mendocino,45,87422,0,0,0,0,0
2020-03-10,Merced,47,269075,2,0,0,0,0
2020-03-10,Modoc,49,8938,0,0,0,0,0
2020-03-10,Mono,51,14174,3,0,0,0,0
2020-03-10,Monterey,53,433212,3,0,0,0,0
2020-03-10,Napa,55,140530,2,0,0,0,0
2020-03-10,Nevada,57,99092,3,0,1,1,0
2020-03-10,Orange,59,3164182,185,5,0,5,1
2020-03-10,Placer,61,380077,14,7,0,7,1
2020-03-10,Plumas,63,18699,0,0,0,0,0
2020-03-10,Riverside,65,2383286,56,4,1,5,0
2020-03-10,Sacramento,67,1510023,78,8,0,8,0
2020-03-10,San Benito,69,59416,5,2,0,2,0
2020-03-10,San Bernardino,71,2135413,62,0,0,0,0
2020-03-10,San Diego,73,3302833,165,3,0,3,0
2020-03-10,San Francisco,75,870044,91,16,0,16,0
2020-03-10,San Joaquin,77,732212,30,1,3,4,0
2020-03-10,San Luis Obispo,79,281455,15,0,0,0,0
2020-03-10,San Mateo,81,765935,123,11,0,11,0
2020-03-10,Santa Barbara,83,443738,11,0,0,0,0
2020-03-10,Santa Clara,85,1922200,315,45,1,46,1
2020-03-10,Santa Cruz,87,273765,22,2,0,2,0
2020-03-10,Shasta,89,179085,2,1,0,1,0
2020-03-10,Sierra,91,2930,0,0,0,0,0
2020-03-10,Siskiyou,93,43540,0,0,0,0,0
2020-03-10,Solano,95,438530,27,26,0,26,0
2020-03-10,Sonoma,97,501317,27,2,0,2,0
2020-03-10,Stanislaus,99,539301,11,0,2,2,0
2020-03-10,Sutter,101,95872,0,0,0,0,0
2020-03-10,Tehama,103,63373,0,0,0,0,0
2020-03-10,Trinity,105,12862,0,0,0,0,0
2020-03-10,Tulare,107,460477,7,0,0,0,0
2020-03-10,Tuolumne,109,53932,1,0,0,0,0
2020-03-10,Ventura,111,848112,29,1,0,1,0
2020-03-10,Yolo,113,214977,7,2,0,2,0
2020-03-10,Yuba,115,75493,1,0,0,0,0
2020-03-09,Alameda,1,1643700,71,4,0,4,0
2020-03-09,Alpine,3,1148,0,0,0,0,0
2020-03-09,Amador,5,37829,0,0,0,0,0
2020-03-09,Butte,7,227075,0,0,0,0,0
2020-03-09,Calaveras,9,45235,2,0,0,0,0
2020-03-09,Colusa,11,21464,0,0,0,0,0
2020-03-09,Contra Costa,13,1133247,72,9,0,9,0
2020-03-09,Del Norte,15,27424,0,0,0,0,0
2020-03-09,El Dorado,17,186661,5,0,0,0,0
2020-03-09,Fresno,19,978130,6,1,1,2,0
2020-03-09,Glenn,21,27897,0,0,0,0,0
2020-03-09,Humboldt,23,135768,5,1,0,1,0
2020-03-09,Imperial,25,180216,9,0,0,0,0
2020-03-09,Inyo,27,18085,0,0,0,0,0
2020-03-09,Kern,29,883053,8,0,0,0,0
2020-03-09,Kings,31,150075,2,0,1,1,0
2020-03-09,Lake,33,64148,0,0,0,0,0
2020-03-09,Lassen,35,31185,0,0,0,0,0
2020-03-09,Los Angeles,37,10098052,475,17,12,29,0
2020-03-09,Madera,39,155013,7,1,0,1,0
2020-03-09,Marin,41,260295,15,1,0,1,0
2020-03-09,Mariposa,43,17540,0,0,0,0,0
2020-03-09,Mendocino,45,87422,0,0,0,0,0
2020-03-09,Merced,47,269075,2,0,0,0,0
2020-03-09,Modoc,49,8938,0,0,0,0,0
2020-03-09,Mono,51,14174,3,0,0,0,0
2020-03-09,Monterey,53,433212,1,0,0,0,0
2020-03-09,Napa,55,140530,2,0,0,0,0
2020-03-09,Nevada,57,99092,2,0,1,1,0
2020-03-09,Orange,59,3164182,157,4,0,4,0
2020-03-09,Placer,61,380077,12,7,0,7,1
2020-03-09,Plumas,63,18699,0,0,0,0,0
2020-03-09,Riverside,65,2383286,47,4,1,5,0
2020-03-09,Sacramento,67,1510023,74,8,0,8,0
2020-03-09,San Benito,69,59416,3,2,0,2,0
2020-03-09,San Bernardino,71,2135413,51,0,0,0,0
2020-03-09,San Diego,73,3302833,126,2,0,2,0
2020-03-09,San Francisco,75,870044,71,14,0,14,0
2020-03-09,San Joaquin,77,732212,21,0,3,3,0
2020-03-09,San Luis Obispo,79,281455,15,0,0,0,0
2020-03-09,San Mateo,81,765935,109,6,0,6,0
2020-03-09,Santa Barbara,83,443738,9,0,0,0,0
2020-03-09,Santa Clara,85,1922200,271,42,1,43,1
2020-03-09,Santa Cruz,87,273765,19,2,0,2,0
2020-03-09,Shasta,89,179085,2,1,0,1,0
2020-03-09,Sierra,91,2930,0,0,0,0,0
2020-03-09,Siskiyou,93,43540,0,0,0,0,0
2020-03-09,Solano,95,438530,25,26,0,26,0
2020-03-09,Sonoma,97,501317,22,2,0,2,0
2020-03-09,Stanislaus,99,539301,11,0,2,2,0
2020-03-09,Sutter,101,95872,0,0,0,0,0
2020-03-09,Tehama,103,63373,0,0,0,0,0
2020-03-09,Trinity,105,12862,0,0,0,0,0
2020-03-09,Tulare,107,460477,7,0,0,0,0
2020-03-09,Tuolumne,109,53932,1,0,0,0,0
2020-03-09,Ventura,111,848112,25,1,0,1,0
2020-03-09,Yolo,113,214977,6,2,0,2,0
2020-03-09,Yuba,115,75493,0,0,0,0,0
2020-03-08,Alameda,1,1643700,46,4,0,4,0
2020-03-08,Alpine,3,1148,0,0,0,0,0
2020-03-08,Amador,5,37829,0,0,0,0,0
2020-03-08,Butte,7,227075,0,0,0,0,0
2020-03-08,Calaveras,9,45235,2,0,0,0,0
2020-03-08,Colusa,11,21464,0,0,0,0,0
2020-03-08,Contra Costa,13,1133247,58,9,0,9,0
2020-03-08,Del Norte,15,27424,0,0,0,0,0
2020-03-08,El Dorado,17,186661,5,0,0,0,0
2020-03-08,Fresno,19,978130,4,1,1,2,0
2020-03-08,Glenn,21,27897,0,0,0,0,0
2020-03-08,Humboldt,23,135768,5,1,0,1,0
2020-03-08,Imperial,25,180216,9,0,0,0,0
2020-03-08,Inyo,27,18085,0,0,0,0,0
2020-03-08,Kern,29,883053,8,0,0,0,0
2020-03-08,Kings,31,150075,1,0,1,1,0
2020-03-08,Lake,33,64148,0,0,0,0,0
2020-03-08,Lassen,35,31185,0,0,0,0,0
2020-03-08,Los Angeles,37,10098052,383,14,12,26,0
2020-03-08,Madera,39,155013,7,1,0,1,0
2020-03-08,Marin,41,260295,13,1,0,1,0
2020-03-08,Mariposa,43,17540,0,0,0,0,0
2020-03-08,Mendocino,45,87422,0,0,0,0,0
2020-03-08,Merced,47,269075,2,0,0,0,0
2020-03-08,Modoc,49,8938,0,0,0,0,0
2020-03-08,Mono,51,14174,3,0,0,0,0
2020-03-08,Monterey,53,433212,1,0,0,0,0
2020-03-08,Napa,55,140530,2,0,0,0,0
2020-03-08,Nevada,57,99092,1,0,1,1,0
2020-03-08,Orange,59,3164182,132,4,0,4,0
2020-03-08,Placer,61,380077,11,7,0,7,1
2020-03-08,Plumas,63,18699,0,0,0,0,0
2020-03-08,Riverside,65,2383286,40,1,1,2,0
2020-03-08,Sacramento,67,1510023,64,5,0,5,0
2020-03-08,San Benito,69,59416,3,2,0,2,0
2020-03-08,San Bernardino,71,2135413,40,0,0,0,0
2020-03-08,San Diego,73,3302833,92,2,0,2,0
2020-03-08,San Francisco,75,870044,52,9,0,9,0
2020-03-08,San Joaquin,77,732212,18,0,3,3,0
2020-03-08,San Luis Obispo,79,281455,9,0,0,0,0
2020-03-08,San Mateo,81,765935,96,4,0,4,0
2020-03-08,Santa Barbara,83,443738,6,0,0,0,0
2020-03-08,Santa Clara,85,1922200,230,36,1,37,0
2020-03-08,Santa Cruz,87,273765,17,1,0,1,0
2020-03-08,Shasta,89,179085,2,0,0,0,0
2020-03-08,Sierra,91,2930,0,0,0,0,0
2020-03-08,Siskiyou,93,43540,0,0,0,0,0
2020-03-08,Solano,95,438530,24,26,0,26,0
2020-03-08,Sonoma,97,501317,17,2,0,2,0
2020-03-08,Stanislaus,99,539301,10,0,2,2,0
2020-03-08,Sutter,101,95872,0,0,0,0,0
2020-03-08,Tehama,103,63373,0,0,0,0,0
2020-03-08,Trinity,105,12862,0,0,0,0,0
2020-03-08,Tulare,107,460477,7,0,0,0,0
2020-03-08,Tuolumne,109,53932,1,0,0,0,0
2020-03-08,Ventura,111,848112,21,1,0,1,0
2020-03-08,Yolo,113,214977,3,2,0,2,0
2020-03-08,Yuba,115,75493,0,0,0,0,0
2020-03-07,Alameda,1,1643700,41,3,0,3,0
2020-03-07,Alpine,3,1148,0,0,0,0,0
2020-03-07,Amador,5,37829,0,0,0,0,0
2020-03-07,Butte,7,227075,0,0,0,0,0
2020-03-07,Calaveras,9,45235,2,0,0,0,0
2020-03-07,Colusa,11,21464,0,0,0,0,0
2020-03-07,Contra Costa,13,1133247,55,4,0,4,0
2020-03-07,Del Norte,15,27424,0,0,0,0,0
2020-03-07,El Dorado,17,186661,4,0,0,0,0
2020-03-07,Fresno,19,978130,3,1,1,2,0
2020-03-07,Glenn,21,27897,0,0,0,0,0
2020-03-07,Humboldt,23,135768,5,1,0,1,0
2020-03-07,Imperial,25,180216,8,0,0,0,0
2020-03-07,Inyo,27,18085,0,0,0,0,0
2020-03-07,Kern,29,883053,7,0,0,0,0
2020-03-07,Kings,31,150075,1,0,1,1,0
2020-03-07,Lake,33,64148,0,0,0,0,0
2020-03-07,Lassen,35,31185,0,0,0,0,0
2020-03-07,Los Angeles,37,10098052,333,14,12,26,0
2020-03-07,Madera,39,155013,6,1,0,1,0
2020-03-07,Marin,41,260295,11,0,0,0,0
2020-03-07,Mariposa,43,17540,0,0,0,0,0
2020-03-07,Mendocino,45,87422,0,0,0,0,0
2020-03-07,Merced,47,269075,2,0,0,0,0
2020-03-07,Modoc,49,8938,0,0,0,0,0
2020-03-07,Mono,51,14174,3,0,0,0,0
2020-03-07,Monterey,53,433212,1,0,0,0,0
2020-03-07,Napa,55,140530,1,0,0,0,0
2020-03-07,Nevada,57,99092,1,0,1,1,0
2020-03-07,Orange,59,3164182,124,4,0,4,0
2020-03-07,Placer,61,380077,10,6,0,6,1
2020-03-07,Plumas,63,18699,0,0,0,0,0
2020-03-07,Riverside,65,2383286,30,0,1,1,0
2020-03-07,Sacramento,67,1510023,51,4,0,4,0
2020-03-07,San Benito,69,59416,3,2,0,2,0
2020-03-07,San Bernardino,71,2135413,38,0,0,0,0
2020-03-07,San Diego,73,3302833,74,2,0,2,0
2020-03-07,San Francisco,75,870044,46,9,0,9,0
2020-03-07,San Joaquin,77,732212,16,0,3,3,0
2020-03-07,San Luis Obispo,79,281455,6,0,0,0,0
2020-03-07,San Mateo,81,765935,86,1,0,1,0
2020-03-07,Santa Barbara,83,443738,5,0,0,0,0
2020-03-07,Santa Clara,85,1922200,201,31,1,32,0
2020-03-07,Santa Cruz,87,273765,17,1,0,1,0
2020-03-07,Shasta,89,179085,2,0,0,0,0
2020-03-07,Sierra,91,2930,0,0,0,0,0
2020-03-07,Siskiyou,93,43540,0,0,0,0,0
2020-03-07,Solano,95,438530,23,25,0,25,0
2020-03-07,Sonoma,97,501317,13,2,0,2,0
2020-03-07,Stanislaus,99,539301,9,0,2,2,0
2020-03-07,Sutter,101,95872,0,0,0,0,0
2020-03-07,Tehama,103,63373,0,0,0,0,0
2020-03-07,Trinity,105,12862,0,0,0,0,0
2020-03-07,Tulare,107,460477,4,0,0,0,0
2020-03-07,Tuolumne,109,53932,1,0,0,0,0
2020-03-07,Ventura,111,848112,18,1,0,1,0
2020-03-07,Yolo,113,214977,3,2,0,2,0
2020-03-07,Yuba,115,75493,0,0,0,0,0
2020-03-06,Alameda,1,1643700,39,3,0,3,0
2020-03-06,Alpine,3,1148,0,0,0,0,0
2020-03-06,Amador,5,37829,0,0,0,0,0
2020-03-06,Butte,7,227075,0,0,0,0,0
2020-03-06,Calaveras,9,45235,2,0,0,0,0
2020-03-06,Colusa,11,21464,0,0,0,0,0
2020-03-06,Contra Costa,13,1133247,46,4,0,4,0
2020-03-06,Del Norte,15,27424,0,0,0,0,0
2020-03-06,El Dorado,17,186661,3,0,0,0,0
2020-03-06,Fresno,19,978130,2,0,1,1,0
2020-03-06,Glenn,21,27897,0,0,0,0,0
2020-03-06,Humboldt,23,135768,4,1,0,1,0
2020-03-06,Imperial,25,180216,7,0,0,0,0
2020-03-06,Inyo,27,18085,0,0,0,0,0
2020-03-06,Kern,29,883053,6,0,0,0,0
2020-03-06,Kings,31,150075,1,0,1,1,0
2020-03-06,Lake,33,64148,0,0,0,0,0
2020-03-06,Lassen,35,31185,0,0,0,0,0
2020-03-06,Los Angeles,37,10098052,290,13,12,25,0
2020-03-06,Madera,39,155013,5,0,0,0,0
2020-03-06,Marin,41,260295,10,0,0,0,0
2020-03-06,Mariposa,43,17540,0,0,0,0,0
2020-03-06,Mendocino,45,87422,0,0,0,0,0
2020-03-06,Merced,47,269075,2,0,0,0,0
2020-03-06,Modoc,49,8938,0,0,0,0,0
2020-03-06,Mono,51,14174,1,0,0,0,0
2020-03-06,Monterey,53,433212,1,0,0,0,0
2020-03-06,Napa,55,140530,1,0,0,0,0
2020-03-06,Nevada,57,99092,1,0,1,1,0
2020-03-06,Orange,59,3164182,98,4,0,4,0
2020-03-06,Placer,61,380077,10,5,0,5,1
2020-03-06,Plumas,63,18699,0,0,0,0,0
2020-03-06,Riverside,65,2383286,30,0,1,1,0
2020-03-06,Sacramento,67,1510023,42,2,0,2,0
2020-03-06,San Benito,69,59416,3,2,0,2,0
2020-03-06,San Bernardino,71,2135413,36,0,0,0,0
2020-03-06,San Diego,73,3302833,61,2,0,2,0
2020-03-06,San Francisco,75,870044,40,2,0,2,0
2020-03-06,San Joaquin,77,732212,13,0,3,3,0
2020-03-06,San Luis Obispo,79,281455,4,0,0,0,0
2020-03-06,San Mateo,81,765935,78,1,0,1,0
2020-03-06,Santa Barbara,83,443738,3,0,0,0,0
2020-03-06,Santa Clara,85,1922200,183,20,1,21,0
2020-03-06,Santa Cruz,87,273765,15,0,0,0,0
2020-03-06,Shasta,89,179085,2,0,0,0,0
2020-03-06,Sierra,91,2930,0,0,0,0,0
2020-03-06,Siskiyou,93,43540,0,0,0,0,0
2020-03-06,Solano,95,438530,22,25,0,25,0
2020-03-06,Sonoma,97,501317,13,2,0,2,0
2020-03-06,Stanislaus,99,539301,6,0,2,2,0
2020-03-06,Sutter,101,95872,0,0,0,0,0
2020-03-06,Tehama,103,63373,0,0,0,0,0
2020-03-06,Trinity,105,12862,0,0,0,0,0
2020-03-06,Tulare,107,460477,4,0,0,0,0
2020-03-06,Tuolumne,109,53932,1,0,0,0,0
2020-03-06,Ventura,111,848112,15,1,0,1,0
2020-03-06,Yolo,113,214977,3,1,0,1,0
2020-03-06,Yuba,115,75493,0,0,0,0,0
2020-03-05,Alameda,1,1643700,34,2,0,2,0
2020-03-05,Alpine,3,1148,0,0,0,0,0
2020-03-05,Amador,5,37829,0,0,0,0,0
2020-03-05,Butte,7,227075,0,0,0,0,0
2020-03-05,Calaveras,9,45235,2,0,0,0,0
2020-03-05,Colusa,11,21464,0,0,0,0,0
2020-03-05,Contra Costa,13,1133247,39,1,0,1,0
2020-03-05,Del Norte,15,27424,0,0,0,0,0
2020-03-05,El Dorado,17,186661,1,0,0,0,0
2020-03-05,Fresno,19,978130,2,0,1,1,0
2020-03-05,Glenn,21,27897,0,0,0,0,0
2020-03-05,Humboldt,23,135768,4,1,0,1,0
2020-03-05,Imperial,25,180216,5,0,0,0,0
2020-03-05,Inyo,27,18085,0,0,0,0,0
2020-03-05,Kern,29,883053,6,0,0,0,0
2020-03-05,Kings,31,150075,1,0,1,1,0
2020-03-05,Lake,33,64148,0,0,0,0,0
2020-03-05,Lassen,35,31185,0,0,0,0,0
2020-03-05,Los Angeles,37,10098052,243,11,12,23,0
2020-03-05,Madera,39,155013,5,0,0,0,0
2020-03-05,Marin,41,260295,10,0,0,0,0
2020-03-05,Mariposa,43,17540,0,0,0,0,0
2020-03-05,Mendocino,45,87422,0,0,0,0,0
2020-03-05,Merced,47,269075,2,0,0,0,0
2020-03-05,Modoc,49,8938,0,0,0,0,0
2020-03-05,Mono,51,14174,1,0,0,0,0
2020-03-05,Monterey,53,433212,1,0,0,0,0
2020-03-05,Napa,55,140530,1,0,0,0,0
2020-03-05,Nevada,57,99092,0,0,1,1,0
2020-03-05,Orange,59,3164182,83,3,0,3,0
2020-03-05,Placer,61,380077,10,2,0,2,1
2020-03-05,Plumas,63,18699,0,0,0,0,0
2020-03-05,Riverside,65,2383286,27,0,1,1,0
2020-03-05,Sacramento,67,1510023,36,2,0,2,0
2020-03-05,San Benito,69,59416,1,2,0,2,0
2020-03-05,San Bernardino,71,2135413,31,0,0,0,0
2020-03-05,San Diego,73,3302833,54,2,0,2,0
2020-03-05,San Francisco,75,870044,30,2,0,2,0
2020-03-05,San Joaquin,77,732212,10,0,3,3,0
2020-03-05,San Luis Obispo,79,281455,4,0,0,0,0
2020-03-05,San Mateo,81,765935,65,1,0,1,0
2020-03-05,Santa Barbara,83,443738,2,0,0,0,0
2020-03-05,Santa Clara,85,1922200,162,14,1,15,0
2020-03-05,Santa Cruz,87,273765,13,0,0,0,0
2020-03-05,Shasta,89,179085,2,0,0,0,0
2020-03-05,Sierra,91,2930,0,0,0,0,0
2020-03-05,Siskiyou,93,43540,0,0,0,0,0
2020-03-05,Solano,95,438530,22,24,0,24,0
2020-03-05,Sonoma,97,501317,12,2,0,2,0
2020-03-05,Stanislaus,99,539301,5,0,2,2,0
2020-03-05,Sutter,101,95872,0,0,0,0,0
2020-03-05,Tehama,103,63373,0,0,0,0,0
2020-03-05,Trinity,105,12862,0,0,0,0,0
2020-03-05,Tulare,107,460477,4,0,0,0,0
2020-03-05,Tuolumne,109,53932,1,0,0,0,0
2020-03-05,Ventura,111,848112,13,0,0,0,0
2020-03-05,Yolo,113,214977,3,0,0,0,0
2020-03-05,Yuba,115,75493,0,0,0,0,0
2020-03-04,Alameda,1,1643700,30,2,0,2,0
2020-03-04,Alpine,3,1148,0,0,0,0,0
2020-03-04,Amador,5,37829,0,0,0,0,0
2020-03-04,Butte,7,227075,0,0,0,0,0
2020-03-04,Calaveras,9,45235,0,0,0,0,0
2020-03-04,Colusa,11,21464,0,0,0,0,0
2020-03-04,Contra Costa,13,1133247,34,1,0,1,0
2020-03-04,Del Norte,15,27424,0,0,0,0,0
2020-03-04,El Dorado,17,186661,1,0,0,0,0
2020-03-04,Fresno,19,978130,2,0,1,1,0
2020-03-04,Glenn,21,27897,0,0,0,0,0
2020-03-04,Humboldt,23,135768,1,1,0,1,0
2020-03-04,Imperial,25,180216,5,0,0,0,0
2020-03-04,Inyo,27,18085,0,0,0,0,0
2020-03-04,Kern,29,883053,6,0,0,0,0
2020-03-04,Kings,31,150075,1,0,1,1,0
2020-03-04,Lake,33,64148,0,0,0,0,0
2020-03-04,Lassen,35,31185,0,0,0,0,0
2020-03-04,Los Angeles,37,10098052,208,7,12,19,0
2020-03-04,Madera,39,155013,5,0,0,0,0
2020-03-04,Marin,41,260295,10,0,0,0,0
2020-03-04,Mariposa,43,17540,0,0,0,0,0
2020-03-04,Mendocino,45,87422,0,0,0,0,0
2020-03-04,Merced,47,269075,2,0,0,0,0
2020-03-04,Modoc,49,8938,0,0,0,0,0
2020-03-04,Mono,51,14174,1,0,0,0,0
2020-03-04,Monterey,53,433212,1,0,0,0,0
2020-03-04,Napa,55,140530,1,0,0,0,0
2020-03-04,Nevada,57,99092,0,0,1,1,0
2020-03-04,Orange,59,3164182,80,3,0,3,0
2020-03-04,Placer,61,380077,9,2,0,2,1
2020-03-04,Plumas,63,18699,0,0,0,0,0
2020-03-04,Riverside,65,2383286,23,0,1,1,0
2020-03-04,Sacramento,67,1510023,32,1,0,1,0
2020-03-04,San Benito,69,59416,1,2,0,2,0
2020-03-04,San Bernardino,71,2135413,28,0,0,0,0
2020-03-04,San Diego,73,3302833,41,2,0,2,0
2020-03-04,San Francisco,75,870044,25,0,0,0,0
2020-03-04,San Joaquin,77,732212,9,0,3,3,0
2020-03-04,San Luis Obispo,79,281455,4,0,0,0,0
2020-03-04,San Mateo,81,765935,60,1,0,1,0
2020-03-04,Santa Barbara,83,443738,2,0,0,0,0
2020-03-04,Santa Clara,85,1922200,145,12,1,13,0
2020-03-04,Santa Cruz,87,273765,13,0,0,0,0
2020-03-04,Shasta,89,179085,2,0,0,0,0
2020-03-04,Sierra,91,2930,0,0,0,0,0
2020-03-04,Siskiyou,93,43540,0,0,0,0,0
2020-03-04,Solano,95,438530,21,24,0,24,0
2020-03-04,Sonoma,97,501317,11,2,0,2,0
2020-03-04,Stanislaus,99,539301,5,0,2,2,0
2020-03-04,Sutter,101,95872,0,0,0,0,0
2020-03-04,Tehama,103,63373,0,0,0,0,0
2020-03-04,Trinity,105,12862,0,0,0,0,0
2020-03-04,Tulare,107,460477,4,0,0,0,0
2020-03-04,Tuolumne,109,53932,0,0,0,0,0
2020-03-04,Ventura,111,848112,12,0,0,0,0
2020-03-04,Yolo,113,214977,3,0,0,0,0
2020-03-04,Yuba,115,75493,0,0,0,0,0
2020-03-03,Alameda,1,1643700,24,2,0,2,0
2020-03-03,Alpine,3,1148,0,0,0,0,0
2020-03-03,Amador,5,37829,0,0,0,0,0
2020-03-03,Butte,7,227075,0,0,0,0,0
2020-03-03,Calaveras,9,45235,0,0,0,0,0
2020-03-03,Colusa,11,21464,0,0,0,0,0
2020-03-03,Contra Costa,13,1133247,30,0,0,0,0
2020-03-03,Del Norte,15,27424,0,0,0,0,0
2020-03-03,El Dorado,17,186661,1,0,0,0,0
2020-03-03,Fresno,19,978130,1,0,1,1,0
2020-03-03,Glenn,21,27897,0,0,0,0,0
2020-03-03,Humboldt,23,135768,1,1,0,1,0
2020-03-03,Imperial,25,180216,5,0,0,0,0
2020-03-03,Inyo,27,18085,0,0,0,0,0
2020-03-03,Kern,29,883053,4,0,0,0,0
2020-03-03,Kings,31,150075,1,0,1,1,0
2020-03-03,Lake,33,64148,0,0,0,0,0
2020-03-03,Lassen,35,31185,0,0,0,0,0
2020-03-03,Los Angeles,37,10098052,189,5,12,17,0
2020-03-03,Madera,39,155013,4,0,0,0,0
2020-03-03,Marin,41,260295,6,0,0,0,0
2020-03-03,Mariposa,43,17540,0,0,0,0,0
2020-03-03,Mendocino,45,87422,0,0,0,0,0
2020-03-03,Merced,47,269075,2,0,0,0,0
2020-03-03,Modoc,49,8938,0,0,0,0,0
2020-03-03,Mono,51,14174,1,0,0,0,0
2020-03-03,Monterey,53,433212,0,0,0,0,0
2020-03-03,Napa,55,140530,1,0,0,0,0
2020-03-03,Nevada,57,99092,0,0,1,1,0
2020-03-03,Orange,59,3164182,72,1,0,1,0
2020-03-03,Placer,61,380077,8,2,0,2,0
2020-03-03,Plumas,63,18699,0,0,0,0,0
2020-03-03,Riverside,65,2383286,20,0,1,1,0
2020-03-03,Sacramento,67,1510023,31,1,0,1,0
2020-03-03,San Benito,69,59416,1,2,0,2,0
2020-03-03,San Bernardino,71,2135413,25,0,0,0,0
2020-03-03,San Diego,73,3302833,34,2,0,2,0
2020-03-03,San Francisco,75,870044,23,0,0,0,0
2020-03-03,San Joaquin,77,732212,8,0,3,3,0
2020-03-03,San Luis Obispo,79,281455,2,0,0,0,0
2020-03-03,San Mateo,81,765935,53,1,0,1,0
2020-03-03,Santa Barbara,83,443738,1,0,0,0,0
2020-03-03,Santa Clara,85,1922200,130,11,1,12,0
2020-03-03,Santa Cruz,87,273765,10,0,0,0,0
2020-03-03,Shasta,89,179085,2,0,0,0,0
2020-03-03,Sierra,91,2930,0,0,0,0,0
2020-03-03,Siskiyou,93,43540,0,0,0,0,0
2020-03-03,Solano,95,438530,20,24,0,24,0
2020-03-03,Sonoma,97,501317,11,1,0,1,0
2020-03-03,Stanislaus,99,539301,5,0,2,2,0
2020-03-03,Sutter,101,95872,0,0,0,0,0
2020-03-03,Tehama,103,63373,0,0,0,0,0
2020-03-03,Trinity,105,12862,0,0,0,0,0
2020-03-03,Tulare,107,460477,4,0,0,0,0
2020-03-03,Tuolumne,109,53932,0,0,0,0,0
2020-03-03,Ventura,111,848112,11,0,0,0,0
2020-03-03,Yolo,113,214977,2,0,0,0,0
2020-03-03,Yuba,115,75493,0,0,0,0,0
2020-03-02,Alameda,1,1643700,21,1,0,1,0
2020-03-02,Alpine,3,1148,0,0,0,0,0
2020-03-02,Amador,5,37829,0,0,0,0,0
2020-03-02,Butte,7,227075,0,0,0,0,0
2020-03-02,Calaveras,9,45235,0,0,0,0,0
2020-03-02,Colusa,11,21464,0,0,0,0,0
2020-03-02,Contra Costa,13,1133247,27,0,0,0,0
2020-03-02,Del Norte,15,27424,0,0,0,0,0
2020-03-02,El Dorado,17,186661,1,0,0,0,0
2020-03-02,Fresno,19,978130,1,0,1,1,0
2020-03-02,Glenn,21,27897,0,0,0,0,0
2020-03-02,Humboldt,23,135768,1,1,0,1,0
2020-03-02,Imperial,25,180216,5,0,0,0,0
2020-03-02,Inyo,27,18085,0,0,0,0,0
2020-03-02,Kern,29,883053,4,0,0,0,0
2020-03-02,Kings,31,150075,1,0,1,1,0
2020-03-02,Lake,33,64148,0,0,0,0,0
2020-03-02,Lassen,35,31185,0,0,0,0,0
2020-03-02,Los Angeles,37,10098052,174,1,12,13,0
2020-03-02,Madera,39,155013,4,0,0,0,0
2020-03-02,Marin,41,260295,6,0,0,0,0
2020-03-02,Mariposa,43,17540,0,0,0,0,0
2020-03-02,Mendocino,45,87422,0,0,0,0,0
2020-03-02,Merced,47,269075,1,0,0,0,0
2020-03-02,Modoc,49,8938,0,0,0,0,0
2020-03-02,Mono,51,14174,1,0,0,0,0
2020-03-02,Monterey,53,433212,0,0,0,0,0
2020-03-02,Napa,55,140530,1,0,0,0,0
2020-03-02,Nevada,57,99092,0,0,1,1,0
2020-03-02,Orange,59,3164182,67,1,0,1,0
2020-03-02,Placer,61,380077,8,1,0,1,0
2020-03-02,Plumas,63,18699,0,0,0,0,0
2020-03-02,Riverside,65,2383286,19,0,1,1,0
2020-03-02,Sacramento,67,1510023,25,1,0,1,0
2020-03-02,San Benito,69,59416,1,2,0,2,0
2020-03-02,San Bernardino,71,2135413,25,0,0,0,0
2020-03-02,San Diego,73,3302833,28,2,0,2,0
2020-03-02,San Francisco,75,870044,17,0,0,0,0
2020-03-02,San Joaquin,77,732212,7,0,3,3,0
2020-03-02,San Luis Obispo,79,281455,2,0,0,0,0
2020-03-02,San Mateo,81,765935,44,1,0,1,0
2020-03-02,Santa Barbara,83,443738,1,0,0,0,0
2020-03-02,Santa Clara,85,1922200,108,7,1,8,0
2020-03-02,Santa Cruz,87,273765,9,0,0,0,0
2020-03-02,Shasta,89,179085,2,0,0,0,0
2020-03-02,Sierra,91,2930,0,0,0,0,0
2020-03-02,Siskiyou,93,43540,0,0,0,0,0
2020-03-02,Solano,95,438530,19,24,0,24,0
2020-03-02,Sonoma,97,501317,10,1,0,1,0
2020-03-02,Stanislaus,99,539301,2,0,2,2,0
2020-03-02,Sutter,101,95872,0,0,0,0,0
2020-03-02,Tehama,103,63373,0,0,0,0,0
2020-03-02,Trinity,105,12862,0,0,0,0,0
2020-03-02,Tulare,107,460477,4,0,0,0,0
2020-03-02,Tuolumne,109,53932,0,0,0,0,0
2020-03-02,Ventura,111,848112,10,0,0,0,0
2020-03-02,Yolo,113,214977,2,0,0,0,0
2020-03-02,Yuba,115,75493,0,0,0,0,0
2020-03-01,Alameda,1,1643700,20,1,0,1,0
2020-03-01,Alpine,3,1148,0,0,0,0,0
2020-03-01,Amador,5,37829,0,0,0,0,0
2020-03-01,Butte,7,227075,0,0,0,0,0
2020-03-01,Calaveras,9,45235,0,0,0,0,0
2020-03-01,Colusa,11,21464,0,0,0,0,0
2020-03-01,Contra Costa,13,1133247,24,0,0,0,0
2020-03-01,Del Norte,15,27424,0,0,0,0,0
2020-03-01,El Dorado,17,186661,1,0,0,0,0
2020-03-01,Fresno,19,978130,0,0,1,1,0
2020-03-01,Glenn,21,27897,0,0,0,0,0
2020-03-01,Humboldt,23,135768,1,1,0,1,0
2020-03-01,Imperial,25,180216,5,0,0,0,0
2020-03-01,Inyo,27,18085,0,0,0,0,0
2020-03-01,Kern,29,883053,2,0,0,0,0
2020-03-01,Kings,31,150075,1,0,1,1,0
2020-03-01,Lake,33,64148,0,0,0,0,0
2020-03-01,Lassen,35,31185,0,0,0,0,0
2020-03-01,Los Angeles,37,10098052,155,1,12,13,0
2020-03-01,Madera,39,155013,2,0,0,0,0
2020-03-01,Marin,41,260295,5,0,0,0,0
2020-03-01,Mariposa,43,17540,0,0,0,0,0
2020-03-01,Mendocino,45,87422,0,0,0,0,0
2020-03-01,Merced,47,269075,1,0,0,0,0
2020-03-01,Modoc,49,8938,0,0,0,0,0
2020-03-01,Mono,51,14174,1,0,0,0,0
2020-03-01,Monterey,53,433212,0,0,0,0,0
2020-03-01,Napa,55,140530,1,0,0,0,0
2020-03-01,Nevada,57,99092,0,0,1,1,0
2020-03-01,Orange,59,3164182,64,1,0,1,0
2020-03-01,Placer,61,380077,8,0,0,0,0
2020-03-01,Plumas,63,18699,0,0,0,0,0
2020-03-01,Riverside,65,2383286,18,0,1,1,0
2020-03-01,Sacramento,67,1510023,21,1,0,1,0
2020-03-01,San Benito,69,59416,0,2,0,2,0
2020-03-01,San Bernardino,71,2135413,23,0,0,0,0
2020-03-01,San Diego,73,3302833,21,2,0,2,0
2020-03-01,San Francisco,75,870044,13,0,0,0,0
2020-03-01,San Joaquin,77,732212,7,0,3,3,0
2020-03-01,San Luis Obispo,79,281455,2,0,0,0,0
2020-03-01,San Mateo,81,765935,36,0,0,0,0
2020-03-01,Santa Barbara,83,443738,1,0,0,0,0
2020-03-01,Santa Clara,85,1922200,95,6,1,7,0
2020-03-01,Santa Cruz,87,273765,8,0,0,0,0
2020-03-01,Shasta,89,179085,2,0,0,0,0
2020-03-01,Sierra,91,2930,0,0,0,0,0
2020-03-01,Siskiyou,93,43540,0,0,0,0,0
2020-03-01,Solano,95,438530,19,24,0,24,0
2020-03-01,Sonoma,97,501317,9,0,0,0,0
2020-03-01,Stanislaus,99,539301,2,0,2,2,0
2020-03-01,Sutter,101,95872,0,0,0,0,0
2020-03-01,Tehama,103,63373,0,0,0,0,0
2020-03-01,Trinity,105,12862,0,0,0,0,0
2020-03-01,Tulare,107,460477,4,0,0,0,0
2020-03-01,Tuolumne,109,53932,0,0,0,0,0
2020-03-01,Ventura,111,848112,8,0,0,0,0
2020-03-01,Yolo,113,214977,2,0,0,0,0
2020-03-01,Yuba,115,75493,0,0,0,0,0
2020-02-29,Alameda,1,1643700,16,0,0,0,0
2020-02-29,Alpine,3,1148,0,0,0,0,0
2020-02-29,Amador,5,37829,0,0,0,0,0
2020-02-29,Butte,7,227075,0,0,0,0,0
2020-02-29,Calaveras,9,45235,0,0,0,0,0
2020-02-29,Colusa,11,21464,0,0,0,0,0
2020-02-29,Contra Costa,13,1133247,20,0,0,0,0
2020-02-29,Del Norte,15,27424,0,0,0,0,0
2020-02-29,El Dorado,17,186661,1,0,0,0,0
2020-02-29,Fresno,19,978130,0,0,0,0,0
2020-02-29,Glenn,21,27897,0,0,0,0,0
2020-02-29,Humboldt,23,135768,1,1,0,1,0
2020-02-29,Imperial,25,180216,3,0,0,0,0
2020-02-29,Inyo,27,18085,0,0,0,0,0
2020-02-29,Kern,29,883053,2,0,0,0,0
2020-02-29,Kings,31,150075,1,0,1,1,0
2020-02-29,Lake,33,64148,0,0,0,0,0
2020-02-29,Lassen,35,31185,0,0,0,0,0
2020-02-29,Los Angeles,37,10098052,127,1,12,13,0
2020-02-29,Madera,39,155013,2,0,0,0,0
2020-02-29,Marin,41,260295,4,0,0,0,0
2020-02-29,Mariposa,43,17540,0,0,0,0,0
2020-02-29,Mendocino,45,87422,0,0,0,0,0
2020-02-29,Merced,47,269075,1,0,0,0,0
2020-02-29,Modoc,49,8938,0,0,0,0,0
2020-02-29,Mono,51,14174,1,0,0,0,0
2020-02-29,Monterey,53,433212,0,0,0,0,0
2020-02-29,Napa,55,140530,1,0,0,0,0
2020-02-29,Nevada,57,99092,0,0,1,1,0
2020-02-29,Orange,59,3164182,59,1,0,1,0
2020-02-29,Placer,61,380077,7,0,0,0,0
2020-02-29,Plumas,63,18699,0,0,0,0,0
2020-02-29,Riverside,65,2383286,15,0,1,1,0
2020-02-29,Sacramento,67,1510023,16,1,0,1,0
2020-02-29,San Benito,69,59416,0,2,0,2,0
2020-02-29,San Bernardino,71,2135413,21,0,0,0,0
2020-02-29,San Diego,73,3302833,16,2,0,2,0
2020-02-29,San Francisco,75,870044,12,0,0,0,0
2020-02-29,San Joaquin,77,732212,6,0,3,3,0
2020-02-29,San Luis Obispo,79,281455,2,0,0,0,0
2020-02-29,San Mateo,81,765935,29,0,0,0,0
2020-02-29,Santa Barbara,83,443738,0,0,0,0,0
2020-02-29,Santa Clara,85,1922200,73,3,1,4,0
2020-02-29,Santa Cruz,87,273765,8,0,0,0,0
2020-02-29,Shasta,89,179085,2,0,0,0,0
2020-02-29,Sierra,91,2930,0,0,0,0,0
2020-02-29,Siskiyou,93,43540,0,0,0,0,0
2020-02-29,Solano,95,438530,18,23,0,23,0
2020-02-29,Sonoma,97,501317,6,0,0,0,0
2020-02-29,Stanislaus,99,539301,2,0,2,2,0
2020-02-29,Sutter,101,95872,0,0,0,0,0
2020-02-29,Tehama,103,63373,0,0,0,0,0
2020-02-29,Trinity,105,12862,0,0,0,0,0
2020-02-29,Tulare,107,460477,2,0,0,0,0
2020-02-29,Tuolumne,109,53932,0,0,0,0,0
2020-02-29,Ventura,111,848112,6,0,0,0,0
2020-02-29,Yolo,113,214977,2,0,0,0,0
2020-02-29,Yuba,115,75493,0,0,0,0,0
2020-02-28,Alameda,1,1643700,14,0,0,0,0
2020-02-28,Alpine,3,1148,0,0,0,0,0
2020-02-28,Amador,5,37829,0,0,0,0,0
2020-02-28,Butte,7,227075,0,0,0,0,0
2020-02-28,Calaveras,9,45235,0,0,0,0,0
2020-02-28,Colusa,11,21464,0,0,0,0,0
2020-02-28,Contra Costa,13,1133247,20,0,0,0,0
2020-02-28,Del Norte,15,27424,0,0,0,0,0
2020-02-28,El Dorado,17,186661,0,0,0,0,0
2020-02-28,Fresno,19,978130,0,0,0,0,0
2020-02-28,Glenn,21,27897,0,0,0,0,0
2020-02-28,Humboldt,23,135768,1,1,0,1,0
2020-02-28,Imperial,25,180216,3,0,0,0,0
2020-02-28,Inyo,27,18085,0,0,0,0,0
2020-02-28,Kern,29,883053,2,0,0,0,0
2020-02-28,Kings,31,150075,1,0,1,1,0
2020-02-28,Lake,33,64148,0,0,0,0,0
2020-02-28,Lassen,35,31185,0,0,0,0,0
2020-02-28,Los Angeles,37,10098052,118,1,12,13,0
2020-02-28,Madera,39,155013,2,0,0,0,0
2020-02-28,Marin,41,260295,2,0,0,0,0
2020-02-28,Mariposa,43,17540,0,0,0,0,0
2020-02-28,Mendocino,45,87422,0,0,0,0,0
2020-02-28,Merced,47,269075,1,0,0,0,0
2020-02-28,Modoc,49,8938,0,0,0,0,0
2020-02-28,Mono,51,14174,0,0,0,0,0
2020-02-28,Monterey,53,433212,0,0,0,0,0
2020-02-28,Napa,55,140530,1,0,0,0,0
2020-02-28,Nevada,57,99092,0,0,1,1,0
2020-02-28,Orange,59,3164182,57,1,0,1,0
2020-02-28,Placer,61,380077,7,0,0,0,0
2020-02-28,Plumas,63,18699,0,0,0,0,0
2020-02-28,Riverside,65,2383286,13,0,1,1,0
2020-02-28,Sacramento,67,1510023,10,1,0,1,0
2020-02-28,San Benito,69,59416,0,2,0,2,0
2020-02-28,San Bernardino,71,2135413,21,0,0,0,0
2020-02-28,San Diego,73,3302833,13,2,0,2,0
2020-02-28,San Francisco,75,870044,10,0,0,0,0
2020-02-28,San Joaquin,77,732212,6,0,3,3,0
2020-02-28,San Luis Obispo,79,281455,2,0,0,0,0
2020-02-28,San Mateo,81,765935,24,0,0,0,0
2020-02-28,Santa Barbara,83,443738,0,0,0,0,0
2020-02-28,Santa Clara,85,1922200,69,3,1,4,0
2020-02-28,Santa Cruz,87,273765,8,0,0,0,0
2020-02-28,Shasta,89,179085,2,0,0,0,0
2020-02-28,Sierra,91,2930,0,0,0,0,0
2020-02-28,Siskiyou,93,43540,0,0,0,0,0
2020-02-28,Solano,95,438530,17,23,0,23,0
2020-02-28,Sonoma,97,501317,6,0,0,0,0
2020-02-28,Stanislaus,99,539301,2,0,2,2,0
2020-02-28,Sutter,101,95872,0,0,0,0,0
2020-02-28,Tehama,103,63373,0,0,0,0,0
2020-02-28,Trinity,105,12862,0,0,0,0,0
2020-02-28,Tulare,107,460477,2,0,0,0,0
2020-02-28,Tuolumne,109,53932,0,0,0,0,0
2020-02-28,Ventura,111,848112,6,0,0,0,0
2020-02-28,Yolo,113,214977,2,0,0,0,0
2020-02-28,Yuba,115,75493,0,0,0,0,0
2020-02-27,Alameda,1,1643700,13,0,0,0,0
2020-02-27,Alpine,3,1148,0,0,0,0,0
2020-02-27,Amador,5,37829,0,0,0,0,0
2020-02-27,Butte,7,227075,0,0,0,0,0
2020-02-27,Calaveras,9,45235,0,0,0,0,0
2020-02-27,Colusa,11,21464,0,0,0,0,0
2020-02-27,Contra Costa,13,1133247,14,0,0,0,0
2020-02-27,Del Norte,15,27424,0,0,0,0,0
2020-02-27,El Dorado,17,186661,0,0,0,0,0
2020-02-27,Fresno,19,978130,0,0,0,0,0
2020-02-27,Glenn,21,27897,0,0,0,0,0
2020-02-27,Humboldt,23,135768,1,1,0,1,0
2020-02-27,Imperial,25,180216,3,0,0,0,0
2020-02-27,Inyo,27,18085,0,0,0,0,0
2020-02-27,Kern,29,883053,2,0,0,0,0
2020-02-27,Kings,31,150075,1,0,1,1,0
2020-02-27,Lake,33,64148,0,0,0,0,0
2020-02-27,Lassen,35,31185,0,0,0,0,0
2020-02-27,Los Angeles,37,10098052,105,1,12,13,0
2020-02-27,Madera,39,155013,2,0,0,0,0
2020-02-27,Marin,41,260295,1,0,0,0,0
2020-02-27,Mariposa,43,17540,0,0,0,0,0
2020-02-27,Mendocino,45,87422,0,0,0,0,0
2020-02-27,Merced,47,269075,1,0,0,0,0
2020-02-27,Modoc,49,8938,0,0,0,0,0
2020-02-27,Mono,51,14174,0,0,0,0,0
2020-02-27,Monterey,53,433212,0,0,0,0,0
2020-02-27,Napa,55,140530,1,0,0,0,0
2020-02-27,Nevada,57,99092,0,0,1,1,0
2020-02-27,Orange,59,3164182,51,1,0,1,0
2020-02-27,Placer,61,380077,6,0,0,0,0
2020-02-27,Plumas,63,18699,0,0,0,0,0
2020-02-27,Riverside,65,2383286,12,0,1,1,0
2020-02-27,Sacramento,67,1510023,10,1,0,1,0
2020-02-27,San Benito,69,59416,0,2,0,2,0
2020-02-27,San Bernardino,71,2135413,21,0,0,0,0
2020-02-27,San Diego,73,3302833,12,2,0,2,0
2020-02-27,San Francisco,75,870044,9,0,0,0,0
2020-02-27,San Joaquin,77,732212,5,0,3,3,0
2020-02-27,San Luis Obispo,79,281455,2,0,0,0,0
2020-02-27,San Mateo,81,765935,20,0,0,0,0
2020-02-27,Santa Barbara,83,443738,0,0,0,0,0
2020-02-27,Santa Clara,85,1922200,58,2,1,3,0
2020-02-27,Santa Cruz,87,273765,6,0,0,0,0
2020-02-27,Shasta,89,179085,0,0,0,0,0
2020-02-27,Sierra,91,2930,0,0,0,0,0
2020-02-27,Siskiyou,93,43540,0,0,0,0,0
2020-02-27,Solano,95,438530,17,23,0,23,0
2020-02-27,Sonoma,97,501317,5,0,0,0,0
2020-02-27,Stanislaus,99,539301,2,0,2,2,0
2020-02-27,Sutter,101,95872,0,0,0,0,0
2020-02-27,Tehama,103,63373,0,0,0,0,0
2020-02-27,Trinity,105,12862,0,0,0,0,0
2020-02-27,Tulare,107,460477,2,0,0,0,0
2020-02-27,Tuolumne,109,53932,0,0,0,0,0
2020-02-27,Ventura,111,848112,4,0,0,0,0
2020-02-27,Yolo,113,214977,2,0,0,0,0
2020-02-27,Yuba,115,75493,0,0,0,0,0
2020-02-26,Alameda,1,1643700,13,0,0,0,0
2020-02-26,Alpine,3,1148,0,0,0,0,0
2020-02-26,Amador,5,37829,0,0,0,0,0
2020-02-26,Butte,7,227075,0,0,0,0,0
2020-02-26,Calaveras,9,45235,0,0,0,0,0
2020-02-26,Colusa,11,21464,0,0,0,0,0
2020-02-26,Contra Costa,13,1133247,13,0,0,0,0
2020-02-26,Del Norte,15,27424,0,0,0,0,0
2020-02-26,El Dorado,17,186661,0,0,0,0,0
2020-02-26,Fresno,19,978130,0,0,0,0,0
2020-02-26,Glenn,21,27897,0,0,0,0,0
2020-02-26,Humboldt,23,135768,1,1,0,1,0
2020-02-26,Imperial,25,180216,3,0,0,0,0
2020-02-26,Inyo,27,18085,0,0,0,0,0
2020-02-26,Kern,29,883053,2,0,0,0,0
2020-02-26,Kings,31,150075,1,0,1,1,0
2020-02-26,Lake,33,64148,0,0,0,0,0
2020-02-26,Lassen,35,31185,0,0,0,0,0
2020-02-26,Los Angeles,37,10098052,99,1,12,13,0
2020-02-26,Madera,39,155013,2,0,0,0,0
2020-02-26,Marin,41,260295,1,0,0,0,0
2020-02-26,Mariposa,43,17540,0,0,0,0,0
2020-02-26,Mendocino,45,87422,0,0,0,0,0
2020-02-26,Merced,47,269075,1,0,0,0,0
2020-02-26,Modoc,49,8938,0,0,0,0,0
2020-02-26,Mono,51,14174,0,0,0,0,0
2020-02-26,Monterey,53,433212,0,0,0,0,0
2020-02-26,Napa,55,140530,0,0,0,0,0
2020-02-26,Nevada,57,99092,0,0,1,1,0
2020-02-26,Orange,59,3164182,50,1,0,1,0
2020-02-26,Placer,61,380077,5,0,0,0,0
2020-02-26,Plumas,63,18699,0,0,0,0,0
2020-02-26,Riverside,65,2383286,10,0,1,1,0
2020-02-26,Sacramento,67,1510023,10,1,0,1,0
2020-02-26,San Benito,69,59416,0,2,0,2,0
2020-02-26,San Bernardino,71,2135413,19,0,0,0,0
2020-02-26,San Diego,73,3302833,11,2,0,2,0
2020-02-26,San Francisco,75,870044,9,0,0,0,0
2020-02-26,San Joaquin,77,732212,5,0,3,3,0
2020-02-26,San Luis Obispo,79,281455,2,0,0,0,0
2020-02-26,San Mateo,81,765935,18,0,0,0,0
2020-02-26,Santa Barbara,83,443738,0,0,0,0,0
2020-02-26,Santa Clara,85,1922200,50,2,1,3,0
2020-02-26,Santa Cruz,87,273765,6,0,0,0,0
2020-02-26,Shasta,89,179085,0,0,0,0,0
2020-02-26,Sierra,91,2930,0,0,0,0,0
2020-02-26,Siskiyou,93,43540,0,0,0,0,0
2020-02-26,Solano,95,438530,17,23,0,23,0
2020-02-26,Sonoma,97,501317,5,0,0,0,0
2020-02-26,Stanislaus,99,539301,2,0,2,2,0
2020-02-26,Sutter,101,95872,0,0,0,0,0
2020-02-26,Tehama,103,63373,0,0,0,0,0
2020-02-26,Trinity,105,12862,0,0,0,0,0
2020-02-26,Tulare,107,460477,2,0,0,0,0
2020-02-26,Tuolumne,109,53932,0,0,0,0,0
2020-02-26,Ventura,111,848112,4,0,0,0,0
2020-02-26,Yolo,113,214977,2,0,0,0,0
2020-02-26,Yuba,115,75493,0,0,0,0,0
2020-02-25,Alameda,1,1643700,13,0,0,0,0
2020-02-25,Alpine,3,1148,0,0,0,0,0
2020-02-25,Amador,5,37829,0,0,0,0,0
2020-02-25,Butte,7,227075,0,0,0,0,0
2020-02-25,Calaveras,9,45235,0,0,0,0,0
2020-02-25,Colusa,11,21464,0,0,0,0,0
2020-02-25,Contra Costa,13,1133247,11,0,0,0,0
2020-02-25,Del Norte,15,27424,0,0,0,0,0
2020-02-25,El Dorado,17,186661,0,0,0,0,0
2020-02-25,Fresno,19,978130,0,0,0,0,0
2020-02-25,Glenn,21,27897,0,0,0,0,0
2020-02-25,Humboldt,23,135768,1,1,0,1,0
2020-02-25,Imperial,25,180216,3,0,0,0,0
2020-02-25,Inyo,27,18085,0,0,0,0,0
2020-02-25,Kern,29,883053,2,0,0,0,0
2020-02-25,Kings,31,150075,1,0,1,1,0
2020-02-25,Lake,33,64148,0,0,0,0,0
2020-02-25,Lassen,35,31185,0,0,0,0,0
2020-02-25,Los Angeles,37,10098052,84,1,12,13,0
2020-02-25,Madera,39,155013,2,0,0,0,0
2020-02-25,Marin,41,260295,1,0,0,0,0
2020-02-25,Mariposa,43,17540,0,0,0,0,0
2020-02-25,Mendocino,45,87422,0,0,0,0,0
2020-02-25,Merced,47,269075,0,0,0,0,0
2020-02-25,Modoc,49,8938,0,0,0,0,0
2020-02-25,Mono,51,14174,0,0,0,0,0
2020-02-25,Monterey,53,433212,0,0,0,0,0
2020-02-25,Napa,55,140530,0,0,0,0,0
2020-02-25,Nevada,57,99092,0,0,1,1,0
2020-02-25,Orange,59,3164182,49,1,0,1,0
2020-02-25,Placer,61,380077,5,0,0,0,0
2020-02-25,Plumas,63,18699,0,0,0,0,0
2020-02-25,Riverside,65,2383286,10,0,1,1,0
2020-02-25,Sacramento,67,1510023,8,1,0,1,0
2020-02-25,San Benito,69,59416,0,2,0,2,0
2020-02-25,San Bernardino,71,2135413,17,0,0,0,0
2020-02-25,San Diego,73,3302833,7,2,0,2,0
2020-02-25,San Francisco,75,870044,7,0,0,0,0
2020-02-25,San Joaquin,77,732212,5,0,2,2,0
2020-02-25,San Luis Obispo,79,281455,2,0,0,0,0
2020-02-25,San Mateo,81,765935,17,0,0,0,0
2020-02-25,Santa Barbara,83,443738,0,0,0,0,0
2020-02-25,Santa Clara,85,1922200,40,2,1,3,0
2020-02-25,Santa Cruz,87,273765,5,0,0,0,0
2020-02-25,Shasta,89,179085,0,0,0,0,0
2020-02-25,Sierra,91,2930,0,0,0,0,0
2020-02-25,Siskiyou,93,43540,0,0,0,0,0
2020-02-25,Solano,95,438530,16,21,0,21,0
2020-02-25,Sonoma,97,501317,5,0,0,0,0
2020-02-25,Stanislaus,99,539301,2,0,2,2,0
2020-02-25,Sutter,101,95872,0,0,0,0,0
2020-02-25,Tehama,103,63373,0,0,0,0,0
2020-02-25,Trinity,105,12862,0,0,0,0,0
2020-02-25,Tulare,107,460477,2,0,0,0,0
2020-02-25,Tuolumne,109,53932,0,0,0,0,0
2020-02-25,Ventura,111,848112,4,0,0,0,0
2020-02-25,Yolo,113,214977,2,0,0,0,0
2020-02-25,Yuba,115,75493,0,0,0,0,0
2020-02-24,Alameda,1,1643700,13,0,0,0,0
2020-02-24,Alpine,3,1148,0,0,0,0,0
2020-02-24,Amador,5,37829,0,0,0,0,0
2020-02-24,Butte,7,227075,0,0,0,0,0
2020-02-24,Calaveras,9,45235,0,0,0,0,0
2020-02-24,Colusa,11,21464,0,0,0,0,0
2020-02-24,Contra Costa,13,1133247,9,0,0,0,0
2020-02-24,Del Norte,15,27424,0,0,0,0,0
2020-02-24,El Dorado,17,186661,0,0,0,0,0
2020-02-24,Fresno,19,978130,0,0,0,0,0
2020-02-24,Glenn,21,27897,0,0,0,0,0
2020-02-24,Humboldt,23,135768,1,1,0,1,0
2020-02-24,Imperial,25,180216,3,0,0,0,0
2020-02-24,Inyo,27,18085,0,0,0,0,0
2020-02-24,Kern,29,883053,2,0,0,0,0
2020-02-24,Kings,31,150075,1,0,1,1,0
2020-02-24,Lake,33,64148,0,0,0,0,0
2020-02-24,Lassen,35,31185,0,0,0,0,0
2020-02-24,Los Angeles,37,10098052,78,1,12,13,0
2020-02-24,Madera,39,155013,1,0,0,0,0
2020-02-24,Marin,41,260295,1,0,0,0,0
2020-02-24,Mariposa,43,17540,0,0,0,0,0
2020-02-24,Mendocino,45,87422,0,0,0,0,0
2020-02-24,Merced,47,269075,0,0,0,0,0
2020-02-24,Modoc,49,8938,0,0,0,0,0
2020-02-24,Mono,51,14174,0,0,0,0,0
2020-02-24,Monterey,53,433212,0,0,0,0,0
2020-02-24,Napa,55,140530,0,0,0,0,0
2020-02-24,Nevada,57,99092,0,0,1,1,0
2020-02-24,Orange,59,3164182,47,1,0,1,0
2020-02-24,Placer,61,380077,3,0,0,0,0
2020-02-24,Plumas,63,18699,0,0,0,0,0
2020-02-24,Riverside,65,2383286,9,0,1,1,0
2020-02-24,Sacramento,67,1510023,7,1,0,1,0
2020-02-24,San Benito,69,59416,0,2,0,2,0
2020-02-24,San Bernardino,71,2135413,17,0,0,0,0
2020-02-24,San Diego,73,3302833,7,2,0,2,0
2020-02-24,San Francisco,75,870044,6,0,0,0,0
2020-02-24,San Joaquin,77,732212,5,0,1,1,0
2020-02-24,San Luis Obispo,79,281455,2,0,0,0,0
2020-02-24,San Mateo,81,765935,13,0,0,0,0
2020-02-24,Santa Barbara,83,443738,0,0,0,0,0
2020-02-24,Santa Clara,85,1922200,38,2,1,3,0
2020-02-24,Santa Cruz,87,273765,5,0,0,0,0
2020-02-24,Shasta,89,179085,0,0,0,0,0
2020-02-24,Sierra,91,2930,0,0,0,0,0
2020-02-24,Siskiyou,93,43540,0,0,0,0,0
2020-02-24,Solano,95,438530,13,15,0,15,0
2020-02-24,Sonoma,97,501317,5,0,0,0,0
2020-02-24,Stanislaus,99,539301,2,0,2,2,0
2020-02-24,Sutter,101,95872,0,0,0,0,0
2020-02-24,Tehama,103,63373,0,0,0,0,0
2020-02-24,Trinity,105,12862,0,0,0,0,0
2020-02-24,Tulare,107,460477,2,0,0,0,0
2020-02-24,Tuolumne,109,53932,0,0,0,0,0
2020-02-24,Ventura,111,848112,4,0,0,0,0
2020-02-24,Yolo,113,214977,2,0,0,0,0
2020-02-24,Yuba,115,75493,0,0,0,0,0
2020-02-23,Alameda,1,1643700,11,0,0,0,0
2020-02-23,Alpine,3,1148,0,0,0,0,0
2020-02-23,Amador,5,37829,0,0,0,0,0
2020-02-23,Butte,7,227075,0,0,0,0,0
2020-02-23,Calaveras,9,45235,0,0,0,0,0
2020-02-23,Colusa,11,21464,0,0,0,0,0
2020-02-23,Contra Costa,13,1133247,6,0,0,0,0
2020-02-23,Del Norte,15,27424,0,0,0,0,0
2020-02-23,El Dorado,17,186661,0,0,0,0,0
2020-02-23,Fresno,19,978130,0,0,0,0,0
2020-02-23,Glenn,21,27897,0,0,0,0,0
2020-02-23,Humboldt,23,135768,1,1,0,1,0
2020-02-23,Imperial,25,180216,3,0,0,0,0
2020-02-23,Inyo,27,18085,0,0,0,0,0
2020-02-23,Kern,29,883053,2,0,0,0,0
2020-02-23,Kings,31,150075,1,0,1,1,0
2020-02-23,Lake,33,64148,0,0,0,0,0
2020-02-23,Lassen,35,31185,0,0,0,0,0
2020-02-23,Los Angeles,37,10098052,69,1,12,13,0
2020-02-23,Madera,39,155013,1,0,0,0,0
2020-02-23,Marin,41,260295,1,0,0,0,0
2020-02-23,Mariposa,43,17540,0,0,0,0,0
2020-02-23,Mendocino,45,87422,0,0,0,0,0
2020-02-23,Merced,47,269075,0,0,0,0,0
2020-02-23,Modoc,49,8938,0,0,0,0,0
2020-02-23,Mono,51,14174,0,0,0,0,0
2020-02-23,Monterey,53,433212,0,0,0,0,0
2020-02-23,Napa,55,140530,0,0,0,0,0
2020-02-23,Nevada,57,99092,0,0,1,1,0
2020-02-23,Orange,59,3164182,47,1,0,1,0
2020-02-23,Placer,61,380077,3,0,0,0,0
2020-02-23,Plumas,63,18699,0,0,0,0,0
2020-02-23,Riverside,65,2383286,9,0,0,0,0
2020-02-23,Sacramento,67,1510023,6,1,0,1,0
2020-02-23,San Benito,69,59416,0,2,0,2,0
2020-02-23,San Bernardino,71,2135413,16,0,0,0,0
2020-02-23,San Diego,73,3302833,6,2,0,2,0
2020-02-23,San Francisco,75,870044,5,0,0,0,0
2020-02-23,San Joaquin,77,732212,4,0,1,1,0
2020-02-23,San Luis Obispo,79,281455,2,0,0,0,0
2020-02-23,San Mateo,81,765935,10,0,0,0,0
2020-02-23,Santa Barbara,83,443738,0,0,0,0,0
2020-02-23,Santa Clara,85,1922200,26,2,1,3,0
2020-02-23,Santa Cruz,87,273765,2,0,0,0,0
2020-02-23,Shasta,89,179085,0,0,0,0,0
2020-02-23,Sierra,91,2930,0,0,0,0,0
2020-02-23,Siskiyou,93,43540,0,0,0,0,0
2020-02-23,Solano,95,438530,11,15,0,15,0
2020-02-23,Sonoma,97,501317,5,0,0,0,0
2020-02-23,Stanislaus,99,539301,2,0,2,2,0
2020-02-23,Sutter,101,95872,0,0,0,0,0
2020-02-23,Tehama,103,63373,0,0,0,0,0
2020-02-23,Trinity,105,12862,0,0,0,0,0
2020-02-23,Tulare,107,460477,2,0,0,0,0
2020-02-23,Tuolumne,109,53932,0,0,0,0,0
2020-02-23,Ventura,111,848112,4,0,0,0,0
2020-02-23,Yolo,113,214977,2,0,0,0,0
2020-02-23,Yuba,115,75493,0,0,0,0,0
2020-02-22,Alameda,1,1643700,10,0,0,0,0
2020-02-22,Alpine,3,1148,0,0,0,0,0
2020-02-22,Amador,5,37829,0,0,0,0,0
2020-02-22,Butte,7,227075,0,0,0,0,0
2020-02-22,Calaveras,9,45235,0,0,0,0,0
2020-02-22,Colusa,11,21464,0,0,0,0,0
2020-02-22,Contra Costa,13,1133247,5,0,0,0,0
2020-02-22,Del Norte,15,27424,0,0,0,0,0
2020-02-22,El Dorado,17,186661,0,0,0,0,0
2020-02-22,Fresno,19,978130,0,0,0,0,0
2020-02-22,Glenn,21,27897,0,0,0,0,0
2020-02-22,Humboldt,23,135768,1,1,0,1,0
2020-02-22,Imperial,25,180216,2,0,0,0,0
2020-02-22,Inyo,27,18085,0,0,0,0,0
2020-02-22,Kern,29,883053,2,0,0,0,0
2020-02-22,Kings,31,150075,1,0,1,1,0
2020-02-22,Lake,33,64148,0,0,0,0,0
2020-02-22,Lassen,35,31185,0,0,0,0,0
2020-02-22,Los Angeles,37,10098052,67,1,12,13,0
2020-02-22,Madera,39,155013,0,0,0,0,0
2020-02-22,Marin,41,260295,1,0,0,0,0
2020-02-22,Mariposa,43,17540,0,0,0,0,0
2020-02-22,Mendocino,45,87422,0,0,0,0,0
2020-02-22,Merced,47,269075,0,0,0,0,0
2020-02-22,Modoc,49,8938,0,0,0,0,0
2020-02-22,Mono,51,14174,0,0,0,0,0
2020-02-22,Monterey,53,433212,0,0,0,0,0
2020-02-22,Napa,55,140530,0,0,0,0,0
2020-02-22,Nevada,57,99092,0,0,1,1,0
2020-02-22,Orange,59,3164182,46,1,0,1,0
2020-02-22,Placer,61,380077,3,0,0,0,0
2020-02-22,Plumas,63,18699,0,0,0,0,0
2020-02-22,Riverside,65,2383286,9,0,0,0,0
2020-02-22,Sacramento,67,1510023,6,1,0,1,0
2020-02-22,San Benito,69,59416,0,2,0,2,0
2020-02-22,San Bernardino,71,2135413,14,0,0,0,0
2020-02-22,San Diego,73,3302833,5,2,0,2,0
2020-02-22,San Francisco,75,870044,3,0,0,0,0
2020-02-22,San Joaquin,77,732212,4,0,1,1,0
2020-02-22,San Luis Obispo,79,281455,2,0,0,0,0
2020-02-22,San Mateo,81,765935,8,0,0,0,0
2020-02-22,Santa Barbara,83,443738,0,0,0,0,0
2020-02-22,Santa Clara,85,1922200,23,2,1,3,0
2020-02-22,Santa Cruz,87,273765,2,0,0,0,0
2020-02-22,Shasta,89,179085,0,0,0,0,0
2020-02-22,Sierra,91,2930,0,0,0,0,0
2020-02-22,Siskiyou,93,43540,0,0,0,0,0
2020-02-22,Solano,95,438530,11,11,0,11,0
2020-02-22,Sonoma,97,501317,4,0,0,0,0
2020-02-22,Stanislaus,99,539301,2,0,2,2,0
2020-02-22,Sutter,101,95872,0,0,0,0,0
2020-02-22,Tehama,103,63373,0,0,0,0,0
2020-02-22,Trinity,105,12862,0,0,0,0,0
2020-02-22,Tulare,107,460477,2,0,0,0,0
2020-02-22,Tuolumne,109,53932,0,0,0,0,0
2020-02-22,Ventura,111,848112,4,0,0,0,0
2020-02-22,Yolo,113,214977,1,0,0,0,0
2020-02-22,Yuba,115,75493,0,0,0,0,0
2020-02-21,Alameda,1,1643700,9,0,0,0,0
2020-02-21,Alpine,3,1148,0,0,0,0,0
2020-02-21,Amador,5,37829,0,0,0,0,0
2020-02-21,Butte,7,227075,0,0,0,0,0
2020-02-21,Calaveras,9,45235,0,0,0,0,0
2020-02-21,Colusa,11,21464,0,0,0,0,0
2020-02-21,Contra Costa,13,1133247,4,0,0,0,0
2020-02-21,Del Norte,15,27424,0,0,0,0,0
2020-02-21,El Dorado,17,186661,0,0,0,0,0
2020-02-21,Fresno,19,978130,0,0,0,0,0
2020-02-21,Glenn,21,27897,0,0,0,0,0
2020-02-21,Humboldt,23,135768,1,1,0,1,0
2020-02-21,Imperial,25,180216,2,0,0,0,0
2020-02-21,Inyo,27,18085,0,0,0,0,0
2020-02-21,Kern,29,883053,2,0,0,0,0
2020-02-21,Kings,31,150075,1,0,1,1,0
2020-02-21,Lake,33,64148,0,0,0,0,0
2020-02-21,Lassen,35,31185,0,0,0,0,0
2020-02-21,Los Angeles,37,10098052,65,1,12,13,0
2020-02-21,Madera,39,155013,0,0,0,0,0
2020-02-21,Marin,41,260295,1,0,0,0,0
2020-02-21,Mariposa,43,17540,0,0,0,0,0
2020-02-21,Mendocino,45,87422,0,0,0,0,0
2020-02-21,Merced,47,269075,0,0,0,0,0
2020-02-21,Modoc,49,8938,0,0,0,0,0
2020-02-21,Mono,51,14174,0,0,0,0,0
2020-02-21,Monterey,53,433212,0,0,0,0,0
2020-02-21,Napa,55,140530,0,0,0,0,0
2020-02-21,Nevada,57,99092,0,0,1,1,0
2020-02-21,Orange,59,3164182,44,1,0,1,0
2020-02-21,Placer,61,380077,2,0,0,0,0
2020-02-21,Plumas,63,18699,0,0,0,0,0
2020-02-21,Riverside,65,2383286,9,0,0,0,0
2020-02-21,Sacramento,67,1510023,5,1,0,1,0
2020-02-21,San Benito,69,59416,0,2,0,2,0
2020-02-21,San Bernardino,71,2135413,13,0,0,0,0
2020-02-21,San Diego,73,3302833,5,2,0,2,0
2020-02-21,San Francisco,75,870044,3,0,0,0,0
2020-02-21,San Joaquin,77,732212,2,0,1,1,0
2020-02-21,San Luis Obispo,79,281455,2,0,0,0,0
2020-02-21,San Mateo,81,765935,8,0,0,0,0
2020-02-21,Santa Barbara,83,443738,0,0,0,0,0
2020-02-21,Santa Clara,85,1922200,21,2,1,3,0
2020-02-21,Santa Cruz,87,273765,2,0,0,0,0
2020-02-21,Shasta,89,179085,0,0,0,0,0
2020-02-21,Sierra,91,2930,0,0,0,0,0
2020-02-21,Siskiyou,93,43540,0,0,0,0,0
2020-02-21,Solano,95,438530,10,11,0,11,0
2020-02-21,Sonoma,97,501317,3,0,0,0,0
2020-02-21,Stanislaus,99,539301,2,0,2,2,0
2020-02-21,Sutter,101,95872,0,0,0,0,0
2020-02-21,Tehama,103,63373,0,0,0,0,0
2020-02-21,Trinity,105,12862,0,0,0,0,0
2020-02-21,Tulare,107,460477,2,0,0,0,0
2020-02-21,Tuolumne,109,53932,0,0,0,0,0
2020-02-21,Ventura,111,848112,4,0,0,0,0
2020-02-21,Yolo,113,214977,1,0,0,0,0
2020-02-21,Yuba,115,75493,0,0,0,0,0
2020-02-20,Alameda,1,1643700,7,0,0,0,0
2020-02-20,Alpine,3,1148,0,0,0,0,0
2020-02-20,Amador,5,37829,0,0,0,0,0
2020-02-20,Butte,7,227075,0,0,0,0,0
2020-02-20,Calaveras,9,45235,0,0,0,0,0
2020-02-20,Colusa,11,21464,0,0,0,0,0
2020-02-20,Contra Costa,13,1133247,3,0,0,0,0
2020-02-20,Del Norte,15,27424,0,0,0,0,0
2020-02-20,El Dorado,17,186661,0,0,0,0,0
2020-02-20,Fresno,19,978130,0,0,0,0,0
2020-02-20,Glenn,21,27897,0,0,0,0,0
2020-02-20,Humboldt,23,135768,1,1,0,1,0
2020-02-20,Imperial,25,180216,2,0,0,0,0
2020-02-20,Inyo,27,18085,0,0,0,0,0
2020-02-20,Kern,29,883053,2,0,0,0,0
2020-02-20,Kings,31,150075,1,0,1,1,0
2020-02-20,Lake,33,64148,0,0,0,0,0
2020-02-20,Lassen,35,31185,0,0,0,0,0
2020-02-20,Los Angeles,37,10098052,63,1,10,11,0
2020-02-20,Madera,39,155013,0,0,0,0,0
2020-02-20,Marin,41,260295,0,0,0,0,0
2020-02-20,Mariposa,43,17540,0,0,0,0,0
2020-02-20,Mendocino,45,87422,0,0,0,0,0
2020-02-20,Merced,47,269075,0,0,0,0,0
2020-02-20,Modoc,49,8938,0,0,0,0,0
2020-02-20,Mono,51,14174,0,0,0,0,0
2020-02-20,Monterey,53,433212,0,0,0,0,0
2020-02-20,Napa,55,140530,0,0,0,0,0
2020-02-20,Nevada,57,99092,0,0,1,1,0
2020-02-20,Orange,59,3164182,44,1,0,1,0
2020-02-20,Placer,61,380077,2,0,0,0,0
2020-02-20,Plumas,63,18699,0,0,0,0,0
2020-02-20,Riverside,65,2383286,7,0,0,0,0
2020-02-20,Sacramento,67,1510023,2,1,0,1,0
2020-02-20,San Benito,69,59416,0,2,0,2,0
2020-02-20,San Bernardino,71,2135413,12,0,0,0,0
2020-02-20,San Diego,73,3302833,5,2,0,2,0
2020-02-20,San Francisco,75,870044,3,0,0,0,0
2020-02-20,San Joaquin,77,732212,2,0,1,1,0
2020-02-20,San Luis Obispo,79,281455,2,0,0,0,0
2020-02-20,San Mateo,81,765935,7,0,0,0,0
2020-02-20,Santa Barbara,83,443738,0,0,0,0,0
2020-02-20,Santa Clara,85,1922200,17,2,1,3,0
2020-02-20,Santa Cruz,87,273765,2,0,0,0,0
2020-02-20,Shasta,89,179085,0,0,0,0,0
2020-02-20,Sierra,91,2930,0,0,0,0,0
2020-02-20,Siskiyou,93,43540,0,0,0,0,0
2020-02-20,Solano,95,438530,8,7,0,7,0
2020-02-20,Sonoma,97,501317,2,0,0,0,0
2020-02-20,Stanislaus,99,539301,2,0,2,2,0
2020-02-20,Sutter,101,95872,0,0,0,0,0
2020-02-20,Tehama,103,63373,0,0,0,0,0
2020-02-20,Trinity,105,12862,0,0,0,0,0
2020-02-20,Tulare,107,460477,2,0,0,0,0
2020-02-20,Tuolumne,109,53932,0,0,0,0,0
2020-02-20,Ventura,111,848112,4,0,0,0,0
2020-02-20,Yolo,113,214977,1,0,0,0,0
2020-02-20,Yuba,115,75493,0,0,0,0,0
2020-02-19,Alameda,1,1643700,6,0,0,0,0
2020-02-19,Alpine,3,1148,0,0,0,0,0
2020-02-19,Amador,5,37829,0,0,0,0,0
2020-02-19,Butte,7,227075,0,0,0,0,0
2020-02-19,Calaveras,9,45235,0,0,0,0,0
2020-02-19,Colusa,11,21464,0,0,0,0,0
2020-02-19,Contra Costa,13,1133247,3,0,0,0,0
2020-02-19,Del Norte,15,27424,0,0,0,0,0
2020-02-19,El Dorado,17,186661,0,0,0,0,0
2020-02-19,Fresno,19,978130,0,0,0,0,0
2020-02-19,Glenn,21,27897,0,0,0,0,0
2020-02-19,Humboldt,23,135768,1,0,0,0,0
2020-02-19,Imperial,25,180216,2,0,0,0,0
2020-02-19,Inyo,27,18085,0,0,0,0,0
2020-02-19,Kern,29,883053,2,0,0,0,0
2020-02-19,Kings,31,150075,1,0,1,1,0
2020-02-19,Lake,33,64148,0,0,0,0,0
2020-02-19,Lassen,35,31185,0,0,0,0,0
2020-02-19,Los Angeles,37,10098052,57,1,10,11,0
2020-02-19,Madera,39,155013,0,0,0,0,0
2020-02-19,Marin,41,260295,0,0,0,0,0
2020-02-19,Mariposa,43,17540,0,0,0,0,0
2020-02-19,Mendocino,45,87422,0,0,0,0,0
2020-02-19,Merced,47,269075,0,0,0,0,0
2020-02-19,Modoc,49,8938,0,0,0,0,0
2020-02-19,Mono,51,14174,0,0,0,0,0
2020-02-19,Monterey,53,433212,0,0,0,0,0
2020-02-19,Napa,55,140530,0,0,0,0,0
2020-02-19,Nevada,57,99092,0,0,1,1,0
2020-02-19,Orange,59,3164182,43,1,0,1,0
2020-02-19,Placer,61,380077,2,0,0,0,0
2020-02-19,Plumas,63,18699,0,0,0,0,0
2020-02-19,Riverside,65,2383286,5,0,0,0,0
2020-02-19,Sacramento,67,1510023,2,0,0,0,0
2020-02-19,San Benito,69,59416,0,2,0,2,0
2020-02-19,San Bernardino,71,2135413,11,0,0,0,0
2020-02-19,San Diego,73,3302833,4,2,0,2,0
2020-02-19,San Francisco,75,870044,2,0,0,0,0
2020-02-19,San Joaquin,77,732212,2,0,1,1,0
2020-02-19,San Luis Obispo,79,281455,2,0,0,0,0
2020-02-19,San Mateo,81,765935,6,0,0,0,0
2020-02-19,Santa Barbara,83,443738,0,0,0,0,0
2020-02-19,Santa Clara,85,1922200,15,2,1,3,0
2020-02-19,Santa Cruz,87,273765,0,0,0,0,0
2020-02-19,Shasta,89,179085,0,0,0,0,0
2020-02-19,Sierra,91,2930,0,0,0,0,0
2020-02-19,Siskiyou,93,43540,0,0,0,0,0
2020-02-19,Solano,95,438530,5,7,0,7,0
2020-02-19,Sonoma,97,501317,2,0,0,0,0
2020-02-19,Stanislaus,99,539301,1,0,2,2,0
2020-02-19,Sutter,101,95872,0,0,0,0,0
2020-02-19,Tehama,103,63373,0,0,0,0,0
2020-02-19,Trinity,105,12862,0,0,0,0,0
2020-02-19,Tulare,107,460477,2,0,0,0,0
2020-02-19,Tuolumne,109,53932,0,0,0,0,0
2020-02-19,Ventura,111,848112,2,0,0,0,0
2020-02-19,Yolo,113,214977,1,0,0,0,0
2020-02-19,Yuba,115,75493,0,0,0,0,0
2020-02-18,Alameda,1,1643700,6,0,0,0,0
2020-02-18,Alpine,3,1148,0,0,0,0,0
2020-02-18,Amador,5,37829,0,0,0,0,0
2020-02-18,Butte,7,227075,0,0,0,0,0
2020-02-18,Calaveras,9,45235,0,0,0,0,0
2020-02-18,Colusa,11,21464,0,0,0,0,0
2020-02-18,Contra Costa,13,1133247,3,0,0,0,0
2020-02-18,Del Norte,15,27424,0,0,0,0,0
2020-02-18,El Dorado,17,186661,0,0,0,0,0
2020-02-18,Fresno,19,978130,0,0,0,0,0
2020-02-18,Glenn,21,27897,0,0,0,0,0
2020-02-18,Humboldt,23,135768,1,0,0,0,0
2020-02-18,Imperial,25,180216,1,0,0,0,0
2020-02-18,Inyo,27,18085,0,0,0,0,0
2020-02-18,Kern,29,883053,2,0,0,0,0
2020-02-18,Kings,31,150075,1,0,1,1,0
2020-02-18,Lake,33,64148,0,0,0,0,0
2020-02-18,Lassen,35,31185,0,0,0,0,0
2020-02-18,Los Angeles,37,10098052,54,1,9,10,0
2020-02-18,Madera,39,155013,0,0,0,0,0
2020-02-18,Marin,41,260295,0,0,0,0,0
2020-02-18,Mariposa,43,17540,0,0,0,0,0
2020-02-18,Mendocino,45,87422,0,0,0,0,0
2020-02-18,Merced,47,269075,0,0,0,0,0
2020-02-18,Modoc,49,8938,0,0,0,0,0
2020-02-18,Mono,51,14174,0,0,0,0,0
2020-02-18,Monterey,53,433212,0,0,0,0,0
2020-02-18,Napa,55,140530,0,0,0,0,0
2020-02-18,Nevada,57,99092,0,0,1,1,0
2020-02-18,Orange,59,3164182,42,1,0,1,0
2020-02-18,Placer,61,380077,0,0,0,0,0
2020-02-18,Plumas,63,18699,0,0,0,0,0
2020-02-18,Riverside,65,2383286,5,0,0,0,0
2020-02-18,Sacramento,67,1510023,2,0,0,0,0
2020-02-18,San Benito,69,59416,0,2,0,2,0
2020-02-18,San Bernardino,71,2135413,11,0,0,0,0
2020-02-18,San Diego,73,3302833,4,2,0,2,0
2020-02-18,San Francisco,75,870044,2,0,0,0,0
2020-02-18,San Joaquin,77,732212,1,0,1,1,0
2020-02-18,San Luis Obispo,79,281455,2,0,0,0,0
2020-02-18,San Mateo,81,765935,5,0,0,0,0
2020-02-18,Santa Barbara,83,443738,0,0,0,0,0
2020-02-18,Santa Clara,85,1922200,14,2,1,3,0
2020-02-18,Santa Cruz,87,273765,0,0,0,0,0
2020-02-18,Shasta,89,179085,0,0,0,0,0
2020-02-18,Sierra,91,2930,0,0,0,0,0
2020-02-18,Siskiyou,93,43540,0,0,0,0,0
2020-02-18,Solano,95,438530,5,7,0,7,0
2020-02-18,Sonoma,97,501317,1,0,0,0,0
2020-02-18,Stanislaus,99,539301,1,0,2,2,0
2020-02-18,Sutter,101,95872,0,0,0,0,0
2020-02-18,Tehama,103,63373,0,0,0,0,0
2020-02-18,Trinity,105,12862,0,0,0,0,0
2020-02-18,Tulare,107,460477,2,0,0,0,0
2020-02-18,Tuolumne,109,53932,0,0,0,0,0
2020-02-18,Ventura,111,848112,2,0,0,0,0
2020-02-18,Yolo,113,214977,1,0,0,0,0
2020-02-18,Yuba,115,75493,0,0,0,0,0
2020-02-17,Alameda,1,1643700,6,0,0,0,0
2020-02-17,Alpine,3,1148,0,0,0,0,0
2020-02-17,Amador,5,37829,0,0,0,0,0
2020-02-17,Butte,7,227075,0,0,0,0,0
2020-02-17,Calaveras,9,45235,0,0,0,0,0
2020-02-17,Colusa,11,21464,0,0,0,0,0
2020-02-17,Contra Costa,13,1133247,3,0,0,0,0
2020-02-17,Del Norte,15,27424,0,0,0,0,0
2020-02-17,El Dorado,17,186661,0,0,0,0,0
2020-02-17,Fresno,19,978130,0,0,0,0,0
2020-02-17,Glenn,21,27897,0,0,0,0,0
2020-02-17,Humboldt,23,135768,1,0,0,0,0
2020-02-17,Imperial,25,180216,1,0,0,0,0
2020-02-17,Inyo,27,18085,0,0,0,0,0
2020-02-17,Kern,29,883053,2,0,0,0,0
2020-02-17,Kings,31,150075,1,0,0,0,0
2020-02-17,Lake,33,64148,0,0,0,0,0
2020-02-17,Lassen,35,31185,0,0,0,0,0
2020-02-17,Los Angeles,37,10098052,51,1,8,9,0
2020-02-17,Madera,39,155013,0,0,0,0,0
2020-02-17,Marin,41,260295,0,0,0,0,0
2020-02-17,Mariposa,43,17540,0,0,0,0,0
2020-02-17,Mendocino,45,87422,0,0,0,0,0
2020-02-17,Merced,47,269075,0,0,0,0,0
2020-02-17,Modoc,49,8938,0,0,0,0,0
2020-02-17,Mono,51,14174,0,0,0,0,0
2020-02-17,Monterey,53,433212,0,0,0,0,0
2020-02-17,Napa,55,140530,0,0,0,0,0
2020-02-17,Nevada,57,99092,0,0,1,1,0
2020-02-17,Orange,59,3164182,42,1,0,1,0
2020-02-17,Placer,61,380077,0,0,0,0,0
2020-02-17,Plumas,63,18699,0,0,0,0,0
2020-02-17,Riverside,65,2383286,5,0,0,0,0
2020-02-17,Sacramento,67,1510023,2,0,0,0,0
2020-02-17,San Benito,69,59416,0,2,0,2,0
2020-02-17,San Bernardino,71,2135413,9,0,0,0,0
2020-02-17,San Diego,73,3302833,4,2,0,2,0
2020-02-17,San Francisco,75,870044,2,0,0,0,0
2020-02-17,San Joaquin,77,732212,1,0,1,1,0
2020-02-17,San Luis Obispo,79,281455,1,0,0,0,0
2020-02-17,San Mateo,81,765935,5,0,0,0,0
2020-02-17,Santa Barbara,83,443738,0,0,0,0,0
2020-02-17,Santa Clara,85,1922200,12,2,1,3,0
2020-02-17,Santa Cruz,87,273765,0,0,0,0,0
2020-02-17,Shasta,89,179085,0,0,0,0,0
2020-02-17,Sierra,91,2930,0,0,0,0,0
2020-02-17,Siskiyou,93,43540,0,0,0,0,0
2020-02-17,Solano,95,438530,3,5,0,5,0
2020-02-17,Sonoma,97,501317,1,0,0,0,0
2020-02-17,Stanislaus,99,539301,1,0,2,2,0
2020-02-17,Sutter,101,95872,0,0,0,0,0
2020-02-17,Tehama,103,63373,0,0,0,0,0
2020-02-17,Trinity,105,12862,0,0,0,0,0
2020-02-17,Tulare,107,460477,2,0,0,0,0
2020-02-17,Tuolumne,109,53932,0,0,0,0,0
2020-02-17,Ventura,111,848112,2,0,0,0,0
2020-02-17,Yolo,113,214977,1,0,0,0,0
2020-02-17,Yuba,115,75493,0,0,0,0,0
2020-02-16,Alameda,1,1643700,5,0,0,0,0
2020-02-16,Alpine,3,1148,0,0,0,0,0
2020-02-16,Amador,5,37829,0,0,0,0,0
2020-02-16,Butte,7,227075,0,0,0,0,0
2020-02-16,Calaveras,9,45235,0,0,0,0,0
2020-02-16,Colusa,11,21464,0,0,0,0,0
2020-02-16,Contra Costa,13,1133247,3,0,0,0,0
2020-02-16,Del Norte,15,27424,0,0,0,0,0
2020-02-16,El Dorado,17,186661,0,0,0,0,0
2020-02-16,Fresno,19,978130,0,0,0,0,0
2020-02-16,Glenn,21,27897,0,0,0,0,0
2020-02-16,Humboldt,23,135768,1,0,0,0,0
2020-02-16,Imperial,25,180216,1,0,0,0,0
2020-02-16,Inyo,27,18085,0,0,0,0,0
2020-02-16,Kern,29,883053,2,0,0,0,0
2020-02-16,Kings,31,150075,1,0,0,0,0
2020-02-16,Lake,33,64148,0,0,0,0,0
2020-02-16,Lassen,35,31185,0,0,0,0,0
2020-02-16,Los Angeles,37,10098052,44,1,8,9,0
2020-02-16,Madera,39,155013,0,0,0,0,0
2020-02-16,Marin,41,260295,0,0,0,0,0
2020-02-16,Mariposa,43,17540,0,0,0,0,0
2020-02-16,Mendocino,45,87422,0,0,0,0,0
2020-02-16,Merced,47,269075,0,0,0,0,0
2020-02-16,Modoc,49,8938,0,0,0,0,0
2020-02-16,Mono,51,14174,0,0,0,0,0
2020-02-16,Monterey,53,433212,0,0,0,0,0
2020-02-16,Napa,55,140530,0,0,0,0,0
2020-02-16,Nevada,57,99092,0,0,0,0,0
2020-02-16,Orange,59,3164182,41,1,0,1,0
2020-02-16,Placer,61,380077,0,0,0,0,0
2020-02-16,Plumas,63,18699,0,0,0,0,0
2020-02-16,Riverside,65,2383286,5,0,0,0,0
2020-02-16,Sacramento,67,1510023,2,0,0,0,0
2020-02-16,San Benito,69,59416,0,2,0,2,0
2020-02-16,San Bernardino,71,2135413,8,0,0,0,0
2020-02-16,San Diego,73,3302833,4,2,0,2,0
2020-02-16,San Francisco,75,870044,2,0,0,0,0
2020-02-16,San Joaquin,77,732212,1,0,1,1,0
2020-02-16,San Luis Obispo,79,281455,1,0,0,0,0
2020-02-16,San Mateo,81,765935,4,0,0,0,0
2020-02-16,Santa Barbara,83,443738,0,0,0,0,0
2020-02-16,Santa Clara,85,1922200,10,2,1,3,0
2020-02-16,Santa Cruz,87,273765,0,0,0,0,0
2020-02-16,Shasta,89,179085,0,0,0,0,0
2020-02-16,Sierra,91,2930,0,0,0,0,0
2020-02-16,Siskiyou,93,43540,0,0,0,0,0
2020-02-16,Solano,95,438530,1,0,0,0,0
2020-02-16,Sonoma,97,501317,1,0,0,0,0
2020-02-16,Stanislaus,99,539301,1,0,2,2,0
2020-02-16,Sutter,101,95872,0,0,0,0,0
2020-02-16,Tehama,103,63373,0,0,0,0,0
2020-02-16,Trinity,105,12862,0,0,0,0,0
2020-02-16,Tulare,107,460477,2,0,0,0,0
2020-02-16,Tuolumne,109,53932,0,0,0,0,0
2020-02-16,Ventura,111,848112,2,0,0,0,0
2020-02-16,Yolo,113,214977,1,0,0,0,0
2020-02-16,Yuba,115,75493,0,0,0,0,0
2020-02-15,Alameda,1,1643700,5,0,0,0,0
2020-02-15,Alpine,3,1148,0,0,0,0,0
2020-02-15,Amador,5,37829,0,0,0,0,0
2020-02-15,Butte,7,227075,0,0,0,0,0
2020-02-15,Calaveras,9,45235,0,0,0,0,0
2020-02-15,Colusa,11,21464,0,0,0,0,0
2020-02-15,Contra Costa,13,1133247,3,0,0,0,0
2020-02-15,Del Norte,15,27424,0,0,0,0,0
2020-02-15,El Dorado,17,186661,0,0,0,0,0
2020-02-15,Fresno,19,978130,0,0,0,0,0
2020-02-15,Glenn,21,27897,0,0,0,0,0
2020-02-15,Humboldt,23,135768,1,0,0,0,0
2020-02-15,Imperial,25,180216,1,0,0,0,0
2020-02-15,Inyo,27,18085,0,0,0,0,0
2020-02-15,Kern,29,883053,2,0,0,0,0
2020-02-15,Kings,31,150075,1,0,0,0,0
2020-02-15,Lake,33,64148,0,0,0,0,0
2020-02-15,Lassen,35,31185,0,0,0,0,0
2020-02-15,Los Angeles,37,10098052,41,1,8,9,0
2020-02-15,Madera,39,155013,0,0,0,0,0
2020-02-15,Marin,41,260295,0,0,0,0,0
2020-02-15,Mariposa,43,17540,0,0,0,0,0
2020-02-15,Mendocino,45,87422,0,0,0,0,0
2020-02-15,Merced,47,269075,0,0,0,0,0
2020-02-15,Modoc,49,8938,0,0,0,0,0
2020-02-15,Mono,51,14174,0,0,0,0,0
2020-02-15,Monterey,53,433212,0,0,0,0,0
2020-02-15,Napa,55,140530,0,0,0,0,0
2020-02-15,Nevada,57,99092,0,0,0,0,0
2020-02-15,Orange,59,3164182,40,1,0,1,0
2020-02-15,Placer,61,380077,0,0,0,0,0
2020-02-15,Plumas,63,18699,0,0,0,0,0
2020-02-15,Riverside,65,2383286,4,0,0,0,0
2020-02-15,Sacramento,67,1510023,2,0,0,0,0
2020-02-15,San Benito,69,59416,0,2,0,2,0
2020-02-15,San Bernardino,71,2135413,7,0,0,0,0
2020-02-15,San Diego,73,3302833,4,2,0,2,0
2020-02-15,San Francisco,75,870044,2,0,0,0,0
2020-02-15,San Joaquin,77,732212,1,0,1,1,0
2020-02-15,San Luis Obispo,79,281455,1,0,0,0,0
2020-02-15,San Mateo,81,765935,4,0,0,0,0
2020-02-15,Santa Barbara,83,443738,0,0,0,0,0
2020-02-15,Santa Clara,85,1922200,10,2,1,3,0
2020-02-15,Santa Cruz,87,273765,0,0,0,0,0
2020-02-15,Shasta,89,179085,0,0,0,0,0
2020-02-15,Sierra,91,2930,0,0,0,0,0
2020-02-15,Siskiyou,93,43540,0,0,0,0,0
2020-02-15,Solano,95,438530,1,0,0,0,0
2020-02-15,Sonoma,97,501317,0,0,0,0,0
2020-02-15,Stanislaus,99,539301,1,0,2,2,0
2020-02-15,Sutter,101,95872,0,0,0,0,0
2020-02-15,Tehama,103,63373,0,0,0,0,0
2020-02-15,Trinity,105,12862,0,0,0,0,0
2020-02-15,Tulare,107,460477,2,0,0,0,0
2020-02-15,Tuolumne,109,53932,0,0,0,0,0
2020-02-15,Ventura,111,848112,2,0,0,0,0
2020-02-15,Yolo,113,214977,1,0,0,0,0
2020-02-15,Yuba,115,75493,0,0,0,0,0
2020-02-14,Alameda,1,1643700,4,0,0,0,0
2020-02-14,Alpine,3,1148,0,0,0,0,0
2020-02-14,Amador,5,37829,0,0,0,0,0
2020-02-14,Butte,7,227075,0,0,0,0,0
2020-02-14,Calaveras,9,45235,0,0,0,0,0
2020-02-14,Colusa,11,21464,0,0,0,0,0
2020-02-14,Contra Costa,13,1133247,3,0,0,0,0
2020-02-14,Del Norte,15,27424,0,0,0,0,0
2020-02-14,El Dorado,17,186661,0,0,0,0,0
2020-02-14,Fresno,19,978130,0,0,0,0,0
2020-02-14,Glenn,21,27897,0,0,0,0,0
2020-02-14,Humboldt,23,135768,1,0,0,0,0
2020-02-14,Imperial,25,180216,1,0,0,0,0
2020-02-14,Inyo,27,18085,0,0,0,0,0
2020-02-14,Kern,29,883053,2,0,0,0,0
2020-02-14,Kings,31,150075,1,0,0,0,0
2020-02-14,Lake,33,64148,0,0,0,0,0
2020-02-14,Lassen,35,31185,0,0,0,0,0
2020-02-14,Los Angeles,37,10098052,36,1,8,9,0
2020-02-14,Madera,39,155013,0,0,0,0,0
2020-02-14,Marin,41,260295,0,0,0,0,0
2020-02-14,Mariposa,43,17540,0,0,0,0,0
2020-02-14,Mendocino,45,87422,0,0,0,0,0
2020-02-14,Merced,47,269075,0,0,0,0,0
2020-02-14,Modoc,49,8938,0,0,0,0,0
2020-02-14,Mono,51,14174,0,0,0,0,0
2020-02-14,Monterey,53,433212,0,0,0,0,0
2020-02-14,Napa,55,140530,0,0,0,0,0
2020-02-14,Nevada,57,99092,0,0,0,0,0
2020-02-14,Orange,59,3164182,40,1,0,1,0
2020-02-14,Placer,61,380077,0,0,0,0,0
2020-02-14,Plumas,63,18699,0,0,0,0,0
2020-02-14,Riverside,65,2383286,4,0,0,0,0
2020-02-14,Sacramento,67,1510023,1,0,0,0,0
2020-02-14,San Benito,69,59416,0,2,0,2,0
2020-02-14,San Bernardino,71,2135413,7,0,0,0,0
2020-02-14,San Diego,73,3302833,3,2,0,2,0
2020-02-14,San Francisco,75,870044,2,0,0,0,0
2020-02-14,San Joaquin,77,732212,1,0,1,1,0
2020-02-14,San Luis Obispo,79,281455,0,0,0,0,0
2020-02-14,San Mateo,81,765935,3,0,0,0,0
2020-02-14,Santa Barbara,83,443738,0,0,0,0,0
2020-02-14,Santa Clara,85,1922200,8,2,1,3,0
2020-02-14,Santa Cruz,87,273765,0,0,0,0,0
2020-02-14,Shasta,89,179085,0,0,0,0,0
2020-02-14,Sierra,91,2930,0,0,0,0,0
2020-02-14,Siskiyou,93,43540,0,0,0,0,0
2020-02-14,Solano,95,438530,1,0,0,0,0
2020-02-14,Sonoma,97,501317,0,0,0,0,0
2020-02-14,Stanislaus,99,539301,1,0,2,2,0
2020-02-14,Sutter,101,95872,0,0,0,0,0
2020-02-14,Tehama,103,63373,0,0,0,0,0
2020-02-14,Trinity,105,12862,0,0,0,0,0
2020-02-14,Tulare,107,460477,2,0,0,0,0
2020-02-14,Tuolumne,109,53932,0,0,0,0,0
2020-02-14,Ventura,111,848112,2,0,0,0,0
2020-02-14,Yolo,113,214977,1,0,0,0,0
2020-02-14,Yuba,115,75493,0,0,0,0,0
2020-02-13,Alameda,1,1643700,4,0,0,0,0
2020-02-13,Alpine,3,1148,0,0,0,0,0
2020-02-13,Amador,5,37829,0,0,0,0,0
2020-02-13,Butte,7,227075,0,0,0,0,0
2020-02-13,Calaveras,9,45235,0,0,0,0,0
2020-02-13,Colusa,11,21464,0,0,0,0,0
2020-02-13,Contra Costa,13,1133247,3,0,0,0,0
2020-02-13,Del Norte,15,27424,0,0,0,0,0
2020-02-13,El Dorado,17,186661,0,0,0,0,0
2020-02-13,Fresno,19,978130,0,0,0,0,0
2020-02-13,Glenn,21,27897,0,0,0,0,0
2020-02-13,Humboldt,23,135768,1,0,0,0,0
2020-02-13,Imperial,25,180216,1,0,0,0,0
2020-02-13,Inyo,27,18085,0,0,0,0,0
2020-02-13,Kern,29,883053,2,0,0,0,0
2020-02-13,Kings,31,150075,1,0,0,0,0
2020-02-13,Lake,33,64148,0,0,0,0,0
2020-02-13,Lassen,35,31185,0,0,0,0,0
2020-02-13,Los Angeles,37,10098052,31,1,7,8,0
2020-02-13,Madera,39,155013,0,0,0,0,0
2020-02-13,Marin,41,260295,0,0,0,0,0
2020-02-13,Mariposa,43,17540,0,0,0,0,0
2020-02-13,Mendocino,45,87422,0,0,0,0,0
2020-02-13,Merced,47,269075,0,0,0,0,0
2020-02-13,Modoc,49,8938,0,0,0,0,0
2020-02-13,Mono,51,14174,0,0,0,0,0
2020-02-13,Monterey,53,433212,0,0,0,0,0
2020-02-13,Napa,55,140530,0,0,0,0,0
2020-02-13,Nevada,57,99092,0,0,0,0,0
2020-02-13,Orange,59,3164182,39,1,0,1,0
2020-02-13,Placer,61,380077,0,0,0,0,0
2020-02-13,Plumas,63,18699,0,0,0,0,0
2020-02-13,Riverside,65,2383286,4,0,0,0,0
2020-02-13,Sacramento,67,1510023,1,0,0,0,0
2020-02-13,San Benito,69,59416,0,2,0,2,0
2020-02-13,San Bernardino,71,2135413,7,0,0,0,0
2020-02-13,San Diego,73,3302833,2,2,0,2,0
2020-02-13,San Francisco,75,870044,2,0,0,0,0
2020-02-13,San Joaquin,77,732212,1,0,1,1,0
2020-02-13,San Luis Obispo,79,281455,0,0,0,0,0
2020-02-13,San Mateo,81,765935,2,0,0,0,0
2020-02-13,Santa Barbara,83,443738,0,0,0,0,0
2020-02-13,Santa Clara,85,1922200,7,2,0,2,0
2020-02-13,Santa Cruz,87,273765,0,0,0,0,0
2020-02-13,Shasta,89,179085,0,0,0,0,0
2020-02-13,Sierra,91,2930,0,0,0,0,0
2020-02-13,Siskiyou,93,43540,0,0,0,0,0
2020-02-13,Solano,95,438530,0,0,0,0,0
2020-02-13,Sonoma,97,501317,0,0,0,0,0
2020-02-13,Stanislaus,99,539301,1,0,1,1,0
2020-02-13,Sutter,101,95872,0,0,0,0,0
2020-02-13,Tehama,103,63373,0,0,0,0,0
2020-02-13,Trinity,105,12862,0,0,0,0,0
2020-02-13,Tulare,107,460477,2,0,0,0,0
2020-02-13,Tuolumne,109,53932,0,0,0,0,0
2020-02-13,Ventura,111,848112,2,0,0,0,0
2020-02-13,Yolo,113,214977,1,0,0,0,0
2020-02-13,Yuba,115,75493,0,0,0,0,0
2020-02-12,Alameda,1,1643700,4,0,0,0,0
2020-02-12,Alpine,3,1148,0,0,0,0,0
2020-02-12,Amador,5,37829,0,0,0,0,0
2020-02-12,Butte,7,227075,0,0,0,0,0
2020-02-12,Calaveras,9,45235,0,0,0,0,0
2020-02-12,Colusa,11,21464,0,0,0,0,0
2020-02-12,Contra Costa,13,1133247,3,0,0,0,0
2020-02-12,Del Norte,15,27424,0,0,0,0,0
2020-02-12,El Dorado,17,186661,0,0,0,0,0
2020-02-12,Fresno,19,978130,0,0,0,0,0
2020-02-12,Glenn,21,27897,0,0,0,0,0
2020-02-12,Humboldt,23,135768,1,0,0,0,0
2020-02-12,Imperial,25,180216,1,0,0,0,0
2020-02-12,Inyo,27,18085,0,0,0,0,0
2020-02-12,Kern,29,883053,2,0,0,0,0
2020-02-12,Kings,31,150075,1,0,0,0,0
2020-02-12,Lake,33,64148,0,0,0,0,0
2020-02-12,Lassen,35,31185,0,0,0,0,0
2020-02-12,Los Angeles,37,10098052,29,1,7,8,0
2020-02-12,Madera,39,155013,0,0,0,0,0
2020-02-12,Marin,41,260295,0,0,0,0,0
2020-02-12,Mariposa,43,17540,0,0,0,0,0
2020-02-12,Mendocino,45,87422,0,0,0,0,0
2020-02-12,Merced,47,269075,0,0,0,0,0
2020-02-12,Modoc,49,8938,0,0,0,0,0
2020-02-12,Mono,51,14174,0,0,0,0,0
2020-02-12,Monterey,53,433212,0,0,0,0,0
2020-02-12,Napa,55,140530,0,0,0,0,0
2020-02-12,Nevada,57,99092,0,0,0,0,0
2020-02-12,Orange,59,3164182,39,1,0,1,0
2020-02-12,Placer,61,380077,0,0,0,0,0
2020-02-12,Plumas,63,18699,0,0,0,0,0
2020-02-12,Riverside,65,2383286,4,0,0,0,0
2020-02-12,Sacramento,67,1510023,1,0,0,0,0
2020-02-12,San Benito,69,59416,0,2,0,2,0
2020-02-12,San Bernardino,71,2135413,7,0,0,0,0
2020-02-12,San Diego,73,3302833,2,2,0,2,0
2020-02-12,San Francisco,75,870044,2,0,0,0,0
2020-02-12,San Joaquin,77,732212,1,0,1,1,0
2020-02-12,San Luis Obispo,79,281455,0,0,0,0,0
2020-02-12,San Mateo,81,765935,2,0,0,0,0
2020-02-12,Santa Barbara,83,443738,0,0,0,0,0
2020-02-12,Santa Clara,85,1922200,6,2,0,2,0
2020-02-12,Santa Cruz,87,273765,0,0,0,0,0
2020-02-12,Shasta,89,179085,0,0,0,0,0
2020-02-12,Sierra,91,2930,0,0,0,0,0
2020-02-12,Siskiyou,93,43540,0,0,0,0,0
2020-02-12,Solano,95,438530,0,0,0,0,0
2020-02-12,Sonoma,97,501317,0,0,0,0,0
2020-02-12,Stanislaus,99,539301,1,0,1,1,0
2020-02-12,Sutter,101,95872,0,0,0,0,0
2020-02-12,Tehama,103,63373,0,0,0,0,0
2020-02-12,Trinity,105,12862,0,0,0,0,0
2020-02-12,Tulare,107,460477,2,0,0,0,0
2020-02-12,Tuolumne,109,53932,0,0,0,0,0
2020-02-12,Ventura,111,848112,2,0,0,0,0
2020-02-12,Yolo,113,214977,1,0,0,0,0
2020-02-12,Yuba,115,75493,0,0,0,0,0
2020-02-11,Alameda,1,1643700,4,0,0,0,0
2020-02-11,Alpine,3,1148,0,0,0,0,0
2020-02-11,Amador,5,37829,0,0,0,0,0
2020-02-11,Butte,7,227075,0,0,0,0,0
2020-02-11,Calaveras,9,45235,0,0,0,0,0
2020-02-11,Colusa,11,21464,0,0,0,0,0
2020-02-11,Contra Costa,13,1133247,3,0,0,0,0
2020-02-11,Del Norte,15,27424,0,0,0,0,0
2020-02-11,El Dorado,17,186661,0,0,0,0,0
2020-02-11,Fresno,19,978130,0,0,0,0,0
2020-02-11,Glenn,21,27897,0,0,0,0,0
2020-02-11,Humboldt,23,135768,1,0,0,0,0
2020-02-11,Imperial,25,180216,1,0,0,0,0
2020-02-11,Inyo,27,18085,0,0,0,0,0
2020-02-11,Kern,29,883053,2,0,0,0,0
2020-02-11,Kings,31,150075,1,0,0,0,0
2020-02-11,Lake,33,64148,0,0,0,0,0
2020-02-11,Lassen,35,31185,0,0,0,0,0
2020-02-11,Los Angeles,37,10098052,28,1,6,7,0
2020-02-11,Madera,39,155013,0,0,0,0,0
2020-02-11,Marin,41,260295,0,0,0,0,0
2020-02-11,Mariposa,43,17540,0,0,0,0,0
2020-02-11,Mendocino,45,87422,0,0,0,0,0
2020-02-11,Merced,47,269075,0,0,0,0,0
2020-02-11,Modoc,49,8938,0,0,0,0,0
2020-02-11,Mono,51,14174,0,0,0,0,0
2020-02-11,Monterey,53,433212,0,0,0,0,0
2020-02-11,Napa,55,140530,0,0,0,0,0
2020-02-11,Nevada,57,99092,0,0,0,0,0
2020-02-11,Orange,59,3164182,38,1,0,1,0
2020-02-11,Placer,61,380077,0,0,0,0,0
2020-02-11,Plumas,63,18699,0,0,0,0,0
2020-02-11,Riverside,65,2383286,4,0,0,0,0
2020-02-11,Sacramento,67,1510023,1,0,0,0,0
2020-02-11,San Benito,69,59416,0,2,0,2,0
2020-02-11,San Bernardino,71,2135413,7,0,0,0,0
2020-02-11,San Diego,73,3302833,2,1,0,1,0
2020-02-11,San Francisco,75,870044,2,0,0,0,0
2020-02-11,San Joaquin,77,732212,0,0,1,1,0
2020-02-11,San Luis Obispo,79,281455,0,0,0,0,0
2020-02-11,San Mateo,81,765935,2,0,0,0,0
2020-02-11,Santa Barbara,83,443738,0,0,0,0,0
2020-02-11,Santa Clara,85,1922200,5,2,0,2,0
2020-02-11,Santa Cruz,87,273765,0,0,0,0,0
2020-02-11,Shasta,89,179085,0,0,0,0,0
2020-02-11,Sierra,91,2930,0,0,0,0,0
2020-02-11,Siskiyou,93,43540,0,0,0,0,0
2020-02-11,Solano,95,438530,0,0,0,0,0
2020-02-11,Sonoma,97,501317,0,0,0,0,0
2020-02-11,Stanislaus,99,539301,1,0,1,1,0
2020-02-11,Sutter,101,95872,0,0,0,0,0
2020-02-11,Tehama,103,63373,0,0,0,0,0
2020-02-11,Trinity,105,12862,0,0,0,0,0
2020-02-11,Tulare,107,460477,2,0,0,0,0
2020-02-11,Tuolumne,109,53932,0,0,0,0,0
2020-02-11,Ventura,111,848112,2,0,0,0,0
2020-02-11,Yolo,113,214977,1,0,0,0,0
2020-02-11,Yuba,115,75493,0,0,0,0,0
2020-02-10,Alameda,1,1643700,4,0,0,0,0
2020-02-10,Alpine,3,1148,0,0,0,0,0
2020-02-10,Amador,5,37829,0,0,0,0,0
2020-02-10,Butte,7,227075,0,0,0,0,0
2020-02-10,Calaveras,9,45235,0,0,0,0,0
2020-02-10,Colusa,11,21464,0,0,0,0,0
2020-02-10,Contra Costa,13,1133247,3,0,0,0,0
2020-02-10,Del Norte,15,27424,0,0,0,0,0
2020-02-10,El Dorado,17,186661,0,0,0,0,0
2020-02-10,Fresno,19,978130,0,0,0,0,0
2020-02-10,Glenn,21,27897,0,0,0,0,0
2020-02-10,Humboldt,23,135768,0,0,0,0,0
2020-02-10,Imperial,25,180216,1,0,0,0,0
2020-02-10,Inyo,27,18085,0,0,0,0,0
2020-02-10,Kern,29,883053,2,0,0,0,0
2020-02-10,Kings,31,150075,1,0,0,0,0
2020-02-10,Lake,33,64148,0,0,0,0,0
2020-02-10,Lassen,35,31185,0,0,0,0,0
2020-02-10,Los Angeles,37,10098052,26,1,6,7,0
2020-02-10,Madera,39,155013,0,0,0,0,0
2020-02-10,Marin,41,260295,0,0,0,0,0
2020-02-10,Mariposa,43,17540,0,0,0,0,0
2020-02-10,Mendocino,45,87422,0,0,0,0,0
2020-02-10,Merced,47,269075,0,0,0,0,0
2020-02-10,Modoc,49,8938,0,0,0,0,0
2020-02-10,Mono,51,14174,0,0,0,0,0
2020-02-10,Monterey,53,433212,0,0,0,0,0
2020-02-10,Napa,55,140530,0,0,0,0,0
2020-02-10,Nevada,57,99092,0,0,0,0,0
2020-02-10,Orange,59,3164182,38,1,0,1,0
2020-02-10,Placer,61,380077,0,0,0,0,0
2020-02-10,Plumas,63,18699,0,0,0,0,0
2020-02-10,Riverside,65,2383286,4,0,0,0,0
2020-02-10,Sacramento,67,1510023,1,0,0,0,0
2020-02-10,San Benito,69,59416,0,2,0,2,0
2020-02-10,San Bernardino,71,2135413,6,0,0,0,0
2020-02-10,San Diego,73,3302833,2,0,0,0,0
2020-02-10,San Francisco,75,870044,2,0,0,0,0
2020-02-10,San Joaquin,77,732212,0,0,1,1,0
2020-02-10,San Luis Obispo,79,281455,0,0,0,0,0
2020-02-10,San Mateo,81,765935,2,0,0,0,0
2020-02-10,Santa Barbara,83,443738,0,0,0,0,0
2020-02-10,Santa Clara,85,1922200,5,2,0,2,0
2020-02-10,Santa Cruz,87,273765,0,0,0,0,0
2020-02-10,Shasta,89,179085,0,0,0,0,0
2020-02-10,Sierra,91,2930,0,0,0,0,0
2020-02-10,Siskiyou,93,43540,0,0,0,0,0
2020-02-10,Solano,95,438530,0,0,0,0,0
2020-02-10,Sonoma,97,501317,0,0,0,0,0
2020-02-10,Stanislaus,99,539301,1,0,0,0,0
2020-02-10,Sutter,101,95872,0,0,0,0,0
2020-02-10,Tehama,103,63373,0,0,0,0,0
2020-02-10,Trinity,105,12862,0,0,0,0,0
2020-02-10,Tulare,107,460477,2,0,0,0,0
2020-02-10,Tuolumne,109,53932,0,0,0,0,0
2020-02-10,Ventura,111,848112,2,0,0,0,0
2020-02-10,Yolo,113,214977,1,0,0,0,0
2020-02-10,Yuba,115,75493,0,0,0,0,0
2020-02-09,Alameda,1,1643700,4,0,0,0,0
2020-02-09,Alpine,3,1148,0,0,0,0,0
2020-02-09,Amador,5,37829,0,0,0,0,0
2020-02-09,Butte,7,227075,0,0,0,0,0
2020-02-09,Calaveras,9,45235,0,0,0,0,0
2020-02-09,Colusa,11,21464,0,0,0,0,0
2020-02-09,Contra Costa,13,1133247,3,0,0,0,0
2020-02-09,Del Norte,15,27424,0,0,0,0,0
2020-02-09,El Dorado,17,186661,0,0,0,0,0
2020-02-09,Fresno,19,978130,0,0,0,0,0
2020-02-09,Glenn,21,27897,0,0,0,0,0
2020-02-09,Humboldt,23,135768,0,0,0,0,0
2020-02-09,Imperial,25,180216,1,0,0,0,0
2020-02-09,Inyo,27,18085,0,0,0,0,0
2020-02-09,Kern,29,883053,2,0,0,0,0
2020-02-09,Kings,31,150075,1,0,0,0,0
2020-02-09,Lake,33,64148,0,0,0,0,0
2020-02-09,Lassen,35,31185,0,0,0,0,0
2020-02-09,Los Angeles,37,10098052,24,1,6,7,0
2020-02-09,Madera,39,155013,0,0,0,0,0
2020-02-09,Marin,41,260295,0,0,0,0,0
2020-02-09,Mariposa,43,17540,0,0,0,0,0
2020-02-09,Mendocino,45,87422,0,0,0,0,0
2020-02-09,Merced,47,269075,0,0,0,0,0
2020-02-09,Modoc,49,8938,0,0,0,0,0
2020-02-09,Mono,51,14174,0,0,0,0,0
2020-02-09,Monterey,53,433212,0,0,0,0,0
2020-02-09,Napa,55,140530,0,0,0,0,0
2020-02-09,Nevada,57,99092,0,0,0,0,0
2020-02-09,Orange,59,3164182,37,1,0,1,0
2020-02-09,Placer,61,380077,0,0,0,0,0
2020-02-09,Plumas,63,18699,0,0,0,0,0
2020-02-09,Riverside,65,2383286,4,0,0,0,0
2020-02-09,Sacramento,67,1510023,0,0,0,0,0
2020-02-09,San Benito,69,59416,0,2,0,2,0
2020-02-09,San Bernardino,71,2135413,6,0,0,0,0
2020-02-09,San Diego,73,3302833,2,0,0,0,0
2020-02-09,San Francisco,75,870044,1,0,0,0,0
2020-02-09,San Joaquin,77,732212,0,0,1,1,0
2020-02-09,San Luis Obispo,79,281455,0,0,0,0,0
2020-02-09,San Mateo,81,765935,2,0,0,0,0
2020-02-09,Santa Barbara,83,443738,0,0,0,0,0
2020-02-09,Santa Clara,85,1922200,4,2,0,2,0
2020-02-09,Santa Cruz,87,273765,0,0,0,0,0
2020-02-09,Shasta,89,179085,0,0,0,0,0
2020-02-09,Sierra,91,2930,0,0,0,0,0
2020-02-09,Siskiyou,93,43540,0,0,0,0,0
2020-02-09,Solano,95,438530,0,0,0,0,0
2020-02-09,Sonoma,97,501317,0,0,0,0,0
2020-02-09,Stanislaus,99,539301,0,0,0,0,0
2020-02-09,Sutter,101,95872,0,0,0,0,0
2020-02-09,Tehama,103,63373,0,0,0,0,0
2020-02-09,Trinity,105,12862,0,0,0,0,0
2020-02-09,Tulare,107,460477,2,0,0,0,0
2020-02-09,Tuolumne,109,53932,0,0,0,0,0
2020-02-09,Ventura,111,848112,1,0,0,0,0
2020-02-09,Yolo,113,214977,1,0,0,0,0
2020-02-09,Yuba,115,75493,0,0,0,0,0
2020-02-08,Alameda,1,1643700,3,0,0,0,0
2020-02-08,Alpine,3,1148,0,0,0,0,0
2020-02-08,Amador,5,37829,0,0,0,0,0
2020-02-08,Butte,7,227075,0,0,0,0,0
2020-02-08,Calaveras,9,45235,0,0,0,0,0
2020-02-08,Colusa,11,21464,0,0,0,0,0
2020-02-08,Contra Costa,13,1133247,2,0,0,0,0
2020-02-08,Del Norte,15,27424,0,0,0,0,0
2020-02-08,El Dorado,17,186661,0,0,0,0,0
2020-02-08,Fresno,19,978130,0,0,0,0,0
2020-02-08,Glenn,21,27897,0,0,0,0,0
2020-02-08,Humboldt,23,135768,0,0,0,0,0
2020-02-08,Imperial,25,180216,1,0,0,0,0
2020-02-08,Inyo,27,18085,0,0,0,0,0
2020-02-08,Kern,29,883053,2,0,0,0,0
2020-02-08,Kings,31,150075,1,0,0,0,0
2020-02-08,Lake,33,64148,0,0,0,0,0
2020-02-08,Lassen,35,31185,0,0,0,0,0
2020-02-08,Los Angeles,37,10098052,21,1,3,4,0
2020-02-08,Madera,39,155013,0,0,0,0,0
2020-02-08,Marin,41,260295,0,0,0,0,0
2020-02-08,Mariposa,43,17540,0,0,0,0,0
2020-02-08,Mendocino,45,87422,0,0,0,0,0
2020-02-08,Merced,47,269075,0,0,0,0,0
2020-02-08,Modoc,49,8938,0,0,0,0,0
2020-02-08,Mono,51,14174,0,0,0,0,0
2020-02-08,Monterey,53,433212,0,0,0,0,0
2020-02-08,Napa,55,140530,0,0,0,0,0
2020-02-08,Nevada,57,99092,0,0,0,0,0
2020-02-08,Orange,59,3164182,37,1,0,1,0
2020-02-08,Placer,61,380077,0,0,0,0,0
2020-02-08,Plumas,63,18699,0,0,0,0,0
2020-02-08,Riverside,65,2383286,4,0,0,0,0
2020-02-08,Sacramento,67,1510023,0,0,0,0,0
2020-02-08,San Benito,69,59416,0,2,0,2,0
2020-02-08,San Bernardino,71,2135413,6,0,0,0,0
2020-02-08,San Diego,73,3302833,1,0,0,0,0
2020-02-08,San Francisco,75,870044,1,0,0,0,0
2020-02-08,San Joaquin,77,732212,0,0,1,1,0
2020-02-08,San Luis Obispo,79,281455,0,0,0,0,0
2020-02-08,San Mateo,81,765935,2,0,0,0,0
2020-02-08,Santa Barbara,83,443738,0,0,0,0,0
2020-02-08,Santa Clara,85,1922200,4,2,0,2,0
2020-02-08,Santa Cruz,87,273765,0,0,0,0,0
2020-02-08,Shasta,89,179085,0,0,0,0,0
2020-02-08,Sierra,91,2930,0,0,0,0,0
2020-02-08,Siskiyou,93,43540,0,0,0,0,0
2020-02-08,Solano,95,438530,0,0,0,0,0
2020-02-08,Sonoma,97,501317,0,0,0,0,0
2020-02-08,Stanislaus,99,539301,0,0,0,0,0
2020-02-08,Sutter,101,95872,0,0,0,0,0
2020-02-08,Tehama,103,63373,0,0,0,0,0
2020-02-08,Trinity,105,12862,0,0,0,0,0
2020-02-08,Tulare,107,460477,2,0,0,0,0
2020-02-08,Tuolumne,109,53932,0,0,0,0,0
2020-02-08,Ventura,111,848112,1,0,0,0,0
2020-02-08,Yolo,113,214977,1,0,0,0,0
2020-02-08,Yuba,115,75493,0,0,0,0,0
2020-02-07,Alameda,1,1643700,3,0,0,0,0
2020-02-07,Alpine,3,1148,0,0,0,0,0
2020-02-07,Amador,5,37829,0,0,0,0,0
2020-02-07,Butte,7,227075,0,0,0,0,0
2020-02-07,Calaveras,9,45235,0,0,0,0,0
2020-02-07,Colusa,11,21464,0,0,0,0,0
2020-02-07,Contra Costa,13,1133247,2,0,0,0,0
2020-02-07,Del Norte,15,27424,0,0,0,0,0
2020-02-07,El Dorado,17,186661,0,0,0,0,0
2020-02-07,Fresno,19,978130,0,0,0,0,0
2020-02-07,Glenn,21,27897,0,0,0,0,0
2020-02-07,Humboldt,23,135768,0,0,0,0,0
2020-02-07,Imperial,25,180216,1,0,0,0,0
2020-02-07,Inyo,27,18085,0,0,0,0,0
2020-02-07,Kern,29,883053,2,0,0,0,0
2020-02-07,Kings,31,150075,1,0,0,0,0
2020-02-07,Lake,33,64148,0,0,0,0,0
2020-02-07,Lassen,35,31185,0,0,0,0,0
2020-02-07,Los Angeles,37,10098052,20,1,2,3,0
2020-02-07,Madera,39,155013,0,0,0,0,0
2020-02-07,Marin,41,260295,0,0,0,0,0
2020-02-07,Mariposa,43,17540,0,0,0,0,0
2020-02-07,Mendocino,45,87422,0,0,0,0,0
2020-02-07,Merced,47,269075,0,0,0,0,0
2020-02-07,Modoc,49,8938,0,0,0,0,0
2020-02-07,Mono,51,14174,0,0,0,0,0
2020-02-07,Monterey,53,433212,0,0,0,0,0
2020-02-07,Napa,55,140530,0,0,0,0,0
2020-02-07,Nevada,57,99092,0,0,0,0,0
2020-02-07,Orange,59,3164182,35,1,0,1,0
2020-02-07,Placer,61,380077,0,0,0,0,0
2020-02-07,Plumas,63,18699,0,0,0,0,0
2020-02-07,Riverside,65,2383286,4,0,0,0,0
2020-02-07,Sacramento,67,1510023,0,0,0,0,0
2020-02-07,San Benito,69,59416,0,2,0,2,0
2020-02-07,San Bernardino,71,2135413,3,0,0,0,0
2020-02-07,San Diego,73,3302833,1,0,0,0,0
2020-02-07,San Francisco,75,870044,1,0,0,0,0
2020-02-07,San Joaquin,77,732212,0,0,1,1,0
2020-02-07,San Luis Obispo,79,281455,0,0,0,0,0
2020-02-07,San Mateo,81,765935,1,0,0,0,0
2020-02-07,Santa Barbara,83,443738,0,0,0,0,0
2020-02-07,Santa Clara,85,1922200,4,2,0,2,0
2020-02-07,Santa Cruz,87,273765,0,0,0,0,0
2020-02-07,Shasta,89,179085,0,0,0,0,0
2020-02-07,Sierra,91,2930,0,0,0,0,0
2020-02-07,Siskiyou,93,43540,0,0,0,0,0
2020-02-07,Solano,95,438530,0,0,0,0,0
2020-02-07,Sonoma,97,501317,0,0,0,0,0
2020-02-07,Stanislaus,99,539301,0,0,0,0,0
2020-02-07,Sutter,101,95872,0,0,0,0,0
2020-02-07,Tehama,103,63373,0,0,0,0,0
2020-02-07,Trinity,105,12862,0,0,0,0,0
2020-02-07,Tulare,107,460477,2,0,0,0,0
2020-02-07,Tuolumne,109,53932,0,0,0,0,0
2020-02-07,Ventura,111,848112,1,0,0,0,0
2020-02-07,Yolo,113,214977,1,0,0,0,0
2020-02-07,Yuba,115,75493,0,0,0,0,0
2020-02-06,Alameda,1,1643700,3,0,0,0,0
2020-02-06,Alpine,3,1148,0,0,0,0,0
2020-02-06,Amador,5,37829,0,0,0,0,0
2020-02-06,Butte,7,227075,0,0,0,0,0
2020-02-06,Calaveras,9,45235,0,0,0,0,0
2020-02-06,Colusa,11,21464,0,0,0,0,0
2020-02-06,Contra Costa,13,1133247,2,0,0,0,0
2020-02-06,Del Norte,15,27424,0,0,0,0,0
2020-02-06,El Dorado,17,186661,0,0,0,0,0
2020-02-06,Fresno,19,978130,0,0,0,0,0
2020-02-06,Glenn,21,27897,0,0,0,0,0
2020-02-06,Humboldt,23,135768,0,0,0,0,0
2020-02-06,Imperial,25,180216,1,0,0,0,0
2020-02-06,Inyo,27,18085,0,0,0,0,0
2020-02-06,Kern,29,883053,2,0,0,0,0
2020-02-06,Kings,31,150075,0,0,0,0,0
2020-02-06,Lake,33,64148,0,0,0,0,0
2020-02-06,Lassen,35,31185,0,0,0,0,0
2020-02-06,Los Angeles,37,10098052,18,1,2,3,0
2020-02-06,Madera,39,155013,0,0,0,0,0
2020-02-06,Marin,41,260295,0,0,0,0,0
2020-02-06,Mariposa,43,17540,0,0,0,0,0
2020-02-06,Mendocino,45,87422,0,0,0,0,0
2020-02-06,Merced,47,269075,0,0,0,0,0
2020-02-06,Modoc,49,8938,0,0,0,0,0
2020-02-06,Mono,51,14174,0,0,0,0,0
2020-02-06,Monterey,53,433212,0,0,0,0,0
2020-02-06,Napa,55,140530,0,0,0,0,0
2020-02-06,Nevada,57,99092,0,0,0,0,0
2020-02-06,Orange,59,3164182,5,1,0,1,0
2020-02-06,Placer,61,380077,0,0,0,0,0
2020-02-06,Plumas,63,18699,0,0,0,0,0
2020-02-06,Riverside,65,2383286,4,0,0,0,0
2020-02-06,Sacramento,67,1510023,0,0,0,0,0
2020-02-06,San Benito,69,59416,0,2,0,2,0
2020-02-06,San Bernardino,71,2135413,3,0,0,0,0
2020-02-06,San Diego,73,3302833,1,0,0,0,0
2020-02-06,San Francisco,75,870044,1,0,0,0,0
2020-02-06,San Joaquin,77,732212,0,0,1,1,0
2020-02-06,San Luis Obispo,79,281455,0,0,0,0,0
2020-02-06,San Mateo,81,765935,1,0,0,0,0
2020-02-06,Santa Barbara,83,443738,0,0,0,0,0
2020-02-06,Santa Clara,85,1922200,4,2,0,2,0
2020-02-06,Santa Cruz,87,273765,0,0,0,0,0
2020-02-06,Shasta,89,179085,0,0,0,0,0
2020-02-06,Sierra,91,2930,0,0,0,0,0
2020-02-06,Siskiyou,93,43540,0,0,0,0,0
2020-02-06,Solano,95,438530,0,0,0,0,0
2020-02-06,Sonoma,97,501317,0,0,0,0,0
2020-02-06,Stanislaus,99,539301,0,0,0,0,0
2020-02-06,Sutter,101,95872,0,0,0,0,0
2020-02-06,Tehama,103,63373,0,0,0,0,0
2020-02-06,Trinity,105,12862,0,0,0,0,0
2020-02-06,Tulare,107,460477,2,0,0,0,0
2020-02-06,Tuolumne,109,53932,0,0,0,0,0
2020-02-06,Ventura,111,848112,1,0,0,0,0
2020-02-06,Yolo,113,214977,1,0,0,0,0
2020-02-06,Yuba,115,75493,0,0,0,0,0
2020-02-05,Alameda,1,1643700,3,0,0,0,0
2020-02-05,Alpine,3,1148,0,0,0,0,0
2020-02-05,Amador,5,37829,0,0,0,0,0
2020-02-05,Butte,7,227075,0,0,0,0,0
2020-02-05,Calaveras,9,45235,0,0,0,0,0
2020-02-05,Colusa,11,21464,0,0,0,0,0
2020-02-05,Contra Costa,13,1133247,2,0,0,0,0
2020-02-05,Del Norte,15,27424,0,0,0,0,0
2020-02-05,El Dorado,17,186661,0,0,0,0,0
2020-02-05,Fresno,19,978130,0,0,0,0,0
2020-02-05,Glenn,21,27897,0,0,0,0,0
2020-02-05,Humboldt,23,135768,0,0,0,0,0
2020-02-05,Imperial,25,180216,1,0,0,0,0
2020-02-05,Inyo,27,18085,0,0,0,0,0
2020-02-05,Kern,29,883053,1,0,0,0,0
2020-02-05,Kings,31,150075,0,0,0,0,0
2020-02-05,Lake,33,64148,0,0,0,0,0
2020-02-05,Lassen,35,31185,0,0,0,0,0
2020-02-05,Los Angeles,37,10098052,18,1,1,2,0
2020-02-05,Madera,39,155013,0,0,0,0,0
2020-02-05,Marin,41,260295,0,0,0,0,0
2020-02-05,Mariposa,43,17540,0,0,0,0,0
2020-02-05,Mendocino,45,87422,0,0,0,0,0
2020-02-05,Merced,47,269075,0,0,0,0,0
2020-02-05,Modoc,49,8938,0,0,0,0,0
2020-02-05,Mono,51,14174,0,0,0,0,0
2020-02-05,Monterey,53,433212,0,0,0,0,0
2020-02-05,Napa,55,140530,0,0,0,0,0
2020-02-05,Nevada,57,99092,0,0,0,0,0
2020-02-05,Orange,59,3164182,4,1,0,1,0
2020-02-05,Placer,61,380077,0,0,0,0,0
2020-02-05,Plumas,63,18699,0,0,0,0,0
2020-02-05,Riverside,65,2383286,4,0,0,0,0
2020-02-05,Sacramento,67,1510023,0,0,0,0,0
2020-02-05,San Benito,69,59416,0,2,0,2,0
2020-02-05,San Bernardino,71,2135413,3,0,0,0,0
2020-02-05,San Diego,73,3302833,0,0,0,0,0
2020-02-05,San Francisco,75,870044,1,0,0,0,0
2020-02-05,San Joaquin,77,732212,0,0,1,1,0
2020-02-05,San Luis Obispo,79,281455,0,0,0,0,0
2020-02-05,San Mateo,81,765935,1,0,0,0,0
2020-02-05,Santa Barbara,83,443738,0,0,0,0,0
2020-02-05,Santa Clara,85,1922200,2,2,0,2,0
2020-02-05,Santa Cruz,87,273765,0,0,0,0,0
2020-02-05,Shasta,89,179085,0,0,0,0,0
2020-02-05,Sierra,91,2930,0,0,0,0,0
2020-02-05,Siskiyou,93,43540,0,0,0,0,0
2020-02-05,Solano,95,438530,0,0,0,0,0
2020-02-05,Sonoma,97,501317,0,0,0,0,0
2020-02-05,Stanislaus,99,539301,0,0,0,0,0
2020-02-05,Sutter,101,95872,0,0,0,0,0
2020-02-05,Tehama,103,63373,0,0,0,0,0
2020-02-05,Trinity,105,12862,0,0,0,0,0
2020-02-05,Tulare,107,460477,2,0,0,0,0
2020-02-05,Tuolumne,109,53932,0,0,0,0,0
2020-02-05,Ventura,111,848112,0,0,0,0,0
2020-02-05,Yolo,113,214977,1,0,0,0,0
2020-02-05,Yuba,115,75493,0,0,0,0,0
2020-02-04,Alameda,1,1643700,3,0,0,0,0
2020-02-04,Alpine,3,1148,0,0,0,0,0
2020-02-04,Amador,5,37829,0,0,0,0,0
2020-02-04,Butte,7,227075,0,0,0,0,0
2020-02-04,Calaveras,9,45235,0,0,0,0,0
2020-02-04,Colusa,11,21464,0,0,0,0,0
2020-02-04,Contra Costa,13,1133247,2,0,0,0,0
2020-02-04,Del Norte,15,27424,0,0,0,0,0
2020-02-04,El Dorado,17,186661,0,0,0,0,0
2020-02-04,Fresno,19,978130,0,0,0,0,0
2020-02-04,Glenn,21,27897,0,0,0,0,0
2020-02-04,Humboldt,23,135768,0,0,0,0,0
2020-02-04,Imperial,25,180216,1,0,0,0,0
2020-02-04,Inyo,27,18085,0,0,0,0,0
2020-02-04,Kern,29,883053,0,0,0,0,0
2020-02-04,Kings,31,150075,0,0,0,0,0
2020-02-04,Lake,33,64148,0,0,0,0,0
2020-02-04,Lassen,35,31185,0,0,0,0,0
2020-02-04,Los Angeles,37,10098052,17,1,1,2,0
2020-02-04,Madera,39,155013,0,0,0,0,0
2020-02-04,Marin,41,260295,0,0,0,0,0
2020-02-04,Mariposa,43,17540,0,0,0,0,0
2020-02-04,Mendocino,45,87422,0,0,0,0,0
2020-02-04,Merced,47,269075,0,0,0,0,0
2020-02-04,Modoc,49,8938,0,0,0,0,0
2020-02-04,Mono,51,14174,0,0,0,0,0
2020-02-04,Monterey,53,433212,0,0,0,0,0
2020-02-04,Napa,55,140530,0,0,0,0,0
2020-02-04,Nevada,57,99092,0,0,0,0,0
2020-02-04,Orange,59,3164182,4,1,0,1,0
2020-02-04,Placer,61,380077,0,0,0,0,0
2020-02-04,Plumas,63,18699,0,0,0,0,0
2020-02-04,Riverside,65,2383286,4,0,0,0,0
2020-02-04,Sacramento,67,1510023,0,0,0,0,0
2020-02-04,San Benito,69,59416,0,2,0,2,0
2020-02-04,San Bernardino,71,2135413,2,0,0,0,0
2020-02-04,San Diego,73,3302833,0,0,0,0,0
2020-02-04,San Francisco,75,870044,1,0,0,0,0
2020-02-04,San Joaquin,77,732212,0,0,1,1,0
2020-02-04,San Luis Obispo,79,281455,0,0,0,0,0
2020-02-04,San Mateo,81,765935,0,0,0,0,0
2020-02-04,Santa Barbara,83,443738,0,0,0,0,0
2020-02-04,Santa Clara,85,1922200,2,2,0,2,0
2020-02-04,Santa Cruz,87,273765,0,0,0,0,0
2020-02-04,Shasta,89,179085,0,0,0,0,0
2020-02-04,Sierra,91,2930,0,0,0,0,0
2020-02-04,Siskiyou,93,43540,0,0,0,0,0
2020-02-04,Solano,95,438530,0,0,0,0,0
2020-02-04,Sonoma,97,501317,0,0,0,0,0
2020-02-04,Stanislaus,99,539301,0,0,0,0,0
2020-02-04,Sutter,101,95872,0,0,0,0,0
2020-02-04,Tehama,103,63373,0,0,0,0,0
2020-02-04,Trinity,105,12862,0,0,0,0,0
2020-02-04,Tulare,107,460477,2,0,0,0,0
2020-02-04,Tuolumne,109,53932,0,0,0,0,0
2020-02-04,Ventura,111,848112,0,0,0,0,0
2020-02-04,Yolo,113,214977,1,0,0,0,0
2020-02-04,Yuba,115,75493,0,0,0,0,0
2020-02-03,Alameda,1,1643700,3,0,0,0,0
2020-02-03,Alpine,3,1148,0,0,0,0,0
2020-02-03,Amador,5,37829,0,0,0,0,0
2020-02-03,Butte,7,227075,0,0,0,0,0
2020-02-03,Calaveras,9,45235,0,0,0,0,0
2020-02-03,Colusa,11,21464,0,0,0,0,0
2020-02-03,Contra Costa,13,1133247,2,0,0,0,0
2020-02-03,Del Norte,15,27424,0,0,0,0,0
2020-02-03,El Dorado,17,186661,0,0,0,0,0
2020-02-03,Fresno,19,978130,0,0,0,0,0
2020-02-03,Glenn,21,27897,0,0,0,0,0
2020-02-03,Humboldt,23,135768,0,0,0,0,0
2020-02-03,Imperial,25,180216,1,0,0,0,0
2020-02-03,Inyo,27,18085,0,0,0,0,0
2020-02-03,Kern,29,883053,0,0,0,0,0
2020-02-03,Kings,31,150075,0,0,0,0,0
2020-02-03,Lake,33,64148,0,0,0,0,0
2020-02-03,Lassen,35,31185,0,0,0,0,0
2020-02-03,Los Angeles,37,10098052,17,1,0,1,0
2020-02-03,Madera,39,155013,0,0,0,0,0
2020-02-03,Marin,41,260295,0,0,0,0,0
2020-02-03,Mariposa,43,17540,0,0,0,0,0
2020-02-03,Mendocino,45,87422,0,0,0,0,0
2020-02-03,Merced,47,269075,0,0,0,0,0
2020-02-03,Modoc,49,8938,0,0,0,0,0
2020-02-03,Mono,51,14174,0,0,0,0,0
2020-02-03,Monterey,53,433212,0,0,0,0,0
2020-02-03,Napa,55,140530,0,0,0,0,0
2020-02-03,Nevada,57,99092,0,0,0,0,0
2020-02-03,Orange,59,3164182,3,1,0,1,0
2020-02-03,Placer,61,380077,0,0,0,0,0
2020-02-03,Plumas,63,18699,0,0,0,0,0
2020-02-03,Riverside,65,2383286,4,0,0,0,0
2020-02-03,Sacramento,67,1510023,0,0,0,0,0
2020-02-03,San Benito,69,59416,0,2,0,2,0
2020-02-03,San Bernardino,71,2135413,2,0,0,0,0
2020-02-03,San Diego,73,3302833,0,0,0,0,0
2020-02-03,San Francisco,75,870044,1,0,0,0,0
2020-02-03,San Joaquin,77,732212,0,0,1,1,0
2020-02-03,San Luis Obispo,79,281455,0,0,0,0,0
2020-02-03,San Mateo,81,765935,0,0,0,0,0
2020-02-03,Santa Barbara,83,443738,0,0,0,0,0
2020-02-03,Santa Clara,85,1922200,2,2,0,2,0
2020-02-03,Santa Cruz,87,273765,0,0,0,0,0
2020-02-03,Shasta,89,179085,0,0,0,0,0
2020-02-03,Sierra,91,2930,0,0,0,0,0
2020-02-03,Siskiyou,93,43540,0,0,0,0,0
2020-02-03,Solano,95,438530,0,0,0,0,0
2020-02-03,Sonoma,97,501317,0,0,0,0,0
2020-02-03,Stanislaus,99,539301,0,0,0,0,0
2020-02-03,Sutter,101,95872,0,0,0,0,0
2020-02-03,Tehama,103,63373,0,0,0,0,0
2020-02-03,Trinity,105,12862,0,0,0,0,0
2020-02-03,Tulare,107,460477,2,0,0,0,0
2020-02-03,Tuolumne,109,53932,0,0,0,0,0
2020-02-03,Ventura,111,848112,0,0,0,0,0
2020-02-03,Yolo,113,214977,1,0,0,0,0
2020-02-03,Yuba,115,75493,0,0,0,0,0
2020-02-02,Alameda,1,1643700,3,0,0,0,0
2020-02-02,Alpine,3,1148,0,0,0,0,0
2020-02-02,Amador,5,37829,0,0,0,0,0
2020-02-02,Butte,7,227075,0,0,0,0,0
2020-02-02,Calaveras,9,45235,0,0,0,0,0
2020-02-02,Colusa,11,21464,0,0,0,0,0
2020-02-02,Contra Costa,13,1133247,1,0,0,0,0
2020-02-02,Del Norte,15,27424,0,0,0,0,0
2020-02-02,El Dorado,17,186661,0,0,0,0,0
2020-02-02,Fresno,19,978130,0,0,0,0,0
2020-02-02,Glenn,21,27897,0,0,0,0,0
2020-02-02,Humboldt,23,135768,0,0,0,0,0
2020-02-02,Imperial,25,180216,1,0,0,0,0
2020-02-02,Inyo,27,18085,0,0,0,0,0
2020-02-02,Kern,29,883053,0,0,0,0,0
2020-02-02,Kings,31,150075,0,0,0,0,0
2020-02-02,Lake,33,64148,0,0,0,0,0
2020-02-02,Lassen,35,31185,0,0,0,0,0
2020-02-02,Los Angeles,37,10098052,15,1,0,1,0
2020-02-02,Madera,39,155013,0,0,0,0,0
2020-02-02,Marin,41,260295,0,0,0,0,0
2020-02-02,Mariposa,43,17540,0,0,0,0,0
2020-02-02,Mendocino,45,87422,0,0,0,0,0
2020-02-02,Merced,47,269075,0,0,0,0,0
2020-02-02,Modoc,49,8938,0,0,0,0,0
2020-02-02,Mono,51,14174,0,0,0,0,0
2020-02-02,Monterey,53,433212,0,0,0,0,0
2020-02-02,Napa,55,140530,0,0,0,0,0
2020-02-02,Nevada,57,99092,0,0,0,0,0
2020-02-02,Orange,59,3164182,3,1,0,1,0
2020-02-02,Placer,61,380077,0,0,0,0,0
2020-02-02,Plumas,63,18699,0,0,0,0,0
2020-02-02,Riverside,65,2383286,3,0,0,0,0
2020-02-02,Sacramento,67,1510023,0,0,0,0,0
2020-02-02,San Benito,69,59416,0,2,0,2,0
2020-02-02,San Bernardino,71,2135413,2,0,0,0,0
2020-02-02,San Diego,73,3302833,0,0,0,0,0
2020-02-02,San Francisco,75,870044,1,0,0,0,0
2020-02-02,San Joaquin,77,732212,0,0,1,1,0
2020-02-02,San Luis Obispo,79,281455,0,0,0,0,0
2020-02-02,San Mateo,81,765935,0,0,0,0,0
2020-02-02,Santa Barbara,83,443738,0,0,0,0,0
2020-02-02,Santa Clara,85,1922200,2,2,0,2,0
2020-02-02,Santa Cruz,87,273765,0,0,0,0,0
2020-02-02,Shasta,89,179085,0,0,0,0,0
2020-02-02,Sierra,91,2930,0,0,0,0,0
2020-02-02,Siskiyou,93,43540,0,0,0,0,0
2020-02-02,Solano,95,438530,0,0,0,0,0
2020-02-02,Sonoma,97,501317,0,0,0,0,0
2020-02-02,Stanislaus,99,539301,0,0,0,0,0
2020-02-02,Sutter,101,95872,0,0,0,0,0
2020-02-02,Tehama,103,63373,0,0,0,0,0
2020-02-02,Trinity,105,12862,0,0,0,0,0
2020-02-02,Tulare,107,460477,2,0,0,0,0
2020-02-02,Tuolumne,109,53932,0,0,0,0,0
2020-02-02,Ventura,111,848112,0,0,0,0,0
2020-02-02,Yolo,113,214977,1,0,0,0,0
2020-02-02,Yuba,115,75493,0,0,0,0,0
2020-02-01,Alameda,1,1643700,3,0,0,0,0
2020-02-01,Alpine,3,1148,0,0,0,0,0
2020-02-01,Amador,5,37829,0,0,0,0,0
2020-02-01,Butte,7,227075,0,0,0,0,0
2020-02-01,Calaveras,9,45235,0,0,0,0,0
2020-02-01,Colusa,11,21464,0,0,0,0,0
2020-02-01,Contra Costa,13,1133247,0,0,0,0,0
2020-02-01,Del Norte,15,27424,0,0,0,0,0
2020-02-01,El Dorado,17,186661,0,0,0,0,0
2020-02-01,Fresno,19,978130,0,0,0,0,0
2020-02-01,Glenn,21,27897,0,0,0,0,0
2020-02-01,Humboldt,23,135768,0,0,0,0,0
2020-02-01,Imperial,25,180216,0,0,0,0,0
2020-02-01,Inyo,27,18085,0,0,0,0,0
2020-02-01,Kern,29,883053,0,0,0,0,0
2020-02-01,Kings,31,150075,0,0,0,0,0
2020-02-01,Lake,33,64148,0,0,0,0,0
2020-02-01,Lassen,35,31185,0,0,0,0,0
2020-02-01,Los Angeles,37,10098052,14,1,0,1,0
2020-02-01,Madera,39,155013,0,0,0,0,0
2020-02-01,Marin,41,260295,0,0,0,0,0
2020-02-01,Mariposa,43,17540,0,0,0,0,0
2020-02-01,Mendocino,45,87422,0,0,0,0,0
2020-02-01,Merced,47,269075,0,0,0,0,0
2020-02-01,Modoc,49,8938,0,0,0,0,0
2020-02-01,Mono,51,14174,0,0,0,0,0
2020-02-01,Monterey,53,433212,0,0,0,0,0
2020-02-01,Napa,55,140530,0,0,0,0,0
2020-02-01,Nevada,57,99092,0,0,0,0,0
2020-02-01,Orange,59,3164182,3,1,0,1,0
2020-02-01,Placer,61,380077,0,0,0,0,0
2020-02-01,Plumas,63,18699,0,0,0,0,0
2020-02-01,Riverside,65,2383286,2,0,0,0,0
2020-02-01,Sacramento,67,1510023,0,0,0,0,0
2020-02-01,San Benito,69,59416,0,0,0,0,0
2020-02-01,San Bernardino,71,2135413,1,0,0,0,0
2020-02-01,San Diego,73,3302833,0,0,0,0,0
2020-02-01,San Francisco,75,870044,1,0,0,0,0
2020-02-01,San Joaquin,77,732212,0,0,1,1,0
2020-02-01,San Luis Obispo,79,281455,0,0,0,0,0
2020-02-01,San Mateo,81,765935,0,0,0,0,0
2020-02-01,Santa Barbara,83,443738,0,0,0,0,0
2020-02-01,Santa Clara,85,1922200,2,1,0,1,0
2020-02-01,Santa Cruz,87,273765,0,0,0,0,0
2020-02-01,Shasta,89,179085,0,0,0,0,0
2020-02-01,Sierra,91,2930,0,0,0,0,0
2020-02-01,Siskiyou,93,43540,0,0,0,0,0
2020-02-01,Solano,95,438530,0,0,0,0,0
2020-02-01,Sonoma,97,501317,0,0,0,0,0
2020-02-01,Stanislaus,99,539301,0,0,0,0,0
2020-02-01,Sutter,101,95872,0,0,0,0,0
2020-02-01,Tehama,103,63373,0,0,0,0,0
2020-02-01,Trinity,105,12862,0,0,0,0,0
2020-02-01,Tulare,107,460477,1,0,0,0,0
2020-02-01,Tuolumne,109,53932,0,0,0,0,0
2020-02-01,Ventura,111,848112,0,0,0,0,0
2020-02-01,Yolo,113,214977,0,0,0,0,0
2020-02-01,Yuba,115,75493,0,0,0,0,0
